-- chunkname: @content/characters/player/human/first_person/animations/force_sword/attack_stab_hit_neutral.lua

local spline_matrices = {
	[0.0166666666667] = {
		0.987289,
		0.13831,
		0.078304,
		0,
		0.061603,
		0.121161,
		-0.990719,
		0,
		-0.146514,
		0.98295,
		0.111101,
		0,
		0.150837,
		0.443012,
		-0.116375,
		1
	},
	[0.0333333333333] = {
		0.987969,
		0.137573,
		0.07065,
		0,
		0.054393,
		0.11854,
		-0.991458,
		0,
		-0.144773,
		0.983373,
		0.109631,
		0,
		0.099103,
		0.634763,
		-0.067986,
		1
	},
	[0.05] = {
		0.988602,
		0.138197,
		0.059733,
		0,
		0.043742,
		0.115992,
		-0.992287,
		0,
		-0.144059,
		0.983589,
		0.108625,
		0,
		0.099409,
		0.640466,
		-0.068884,
		1
	},
	[0.0666666666667] = {
		0.989182,
		0.139088,
		0.046611,
		0,
		0.030886,
		0.113145,
		-0.993098,
		0,
		-0.143402,
		0.983795,
		0.107626,
		0,
		0.099794,
		0.645188,
		-0.069849,
		1
	},
	[0.0833333333333] = {
		0.989613,
		0.140174,
		0.031882,
		0,
		0.016421,
		0.110102,
		-0.993785,
		0,
		-0.142813,
		0.983986,
		0.106656,
		0,
		0.100243,
		0.649023,
		-0.070883,
		1
	},
	[0] = {
		0.98654,
		0.140911,
		0.082961,
		0,
		0.065531,
		0.12412,
		-0.990101,
		0,
		-0.149813,
		0.982211,
		0.113216,
		0,
		0.256408,
		0.05972,
		-0.215097,
		1
	},
	[0.116666666667] = {
		0.989772,
		0.142658,
		1.8e-05,
		0,
		-0.014946,
		0.10382,
		-0.994484,
		0,
		-0.141873,
		0.984312,
		0.10489,
		0,
		0.101267,
		0.654405,
		-0.073167,
		1
	},
	[0.133333333333] = {
		0.98946,
		0.143931,
		-0.015908,
		0,
		-0.030648,
		0.10078,
		-0.994437,
		0,
		-0.141528,
		0.984443,
		0.104128,
		0,
		0.101813,
		0.656142,
		-0.074422,
		1
	},
	[0.15] = {
		0.988923,
		0.14515,
		-0.031023,
		0,
		-0.045562,
		0.097938,
		-0.994149,
		0,
		-0.141263,
		0.98455,
		0.103467,
		0,
		0.10236,
		0.657368,
		-0.075754,
		1
	},
	[0.166666666667] = {
		0.988234,
		0.146261,
		-0.044727,
		0,
		-0.059092,
		0.095393,
		-0.993684,
		0,
		-0.141071,
		0.984636,
		0.102914,
		0,
		0.102895,
		0.658178,
		-0.077167,
		1
	},
	[0.183333333333] = {
		0.987494,
		0.147213,
		-0.05642,
		0,
		-0.070643,
		0.093243,
		-0.993134,
		0,
		-0.140941,
		0.9847,
		0.102477,
		0,
		0.103404,
		0.658666,
		-0.078663,
		1
	},
	[0.1] = {
		0.989823,
		0.141385,
		0.01615,
		0,
		0.000944,
		0.10696,
		-0.994263,
		0,
		-0.142301,
		0.984159,
		0.105738,
		0,
		0.100739,
		0.652064,
		-0.071989,
		1
	},
	[0.216666666667] = {
		0.986341,
		0.14844,
		-0.071395,
		0,
		-0.085444,
		0.090519,
		-0.992223,
		0,
		-0.140823,
		0.98477,
		0.101966,
		0,
		0.104289,
		0.659056,
		-0.081921,
		1
	},
	[0.233333333333] = {
		0.986161,
		0.148613,
		-0.07349,
		0,
		-0.087515,
		0.090142,
		-0.992076,
		0,
		-0.140811,
		0.984778,
		0.1019,
		0,
		0.104639,
		0.659149,
		-0.08369,
		1
	},
	[0.25] = {
		0.986401,
		0.148399,
		-0.070639,
		0,
		-0.084857,
		0.091771,
		-0.992158,
		0,
		-0.140753,
		0.98466,
		0.103115,
		0,
		0.104947,
		0.659239,
		-0.086085,
		1
	},
	[0.266666666667] = {
		0.987027,
		0.147805,
		-0.062698,
		0,
		-0.077456,
		0.096305,
		-0.992334,
		0,
		-0.140633,
		0.984317,
		0.106504,
		0,
		0.105242,
		0.659302,
		-0.089495,
		1
	},
	[0.283333333333] = {
		0.987857,
		0.146898,
		-0.050583,
		0,
		-0.066166,
		0.103215,
		-0.992456,
		0,
		-0.140569,
		0.983752,
		0.111682,
		0,
		0.105523,
		0.65934,
		-0.09371,
		1
	},
	[0.2] = {
		0.986822,
		0.147956,
		-0.065507,
		0,
		-0.079623,
		0.091586,
		-0.992609,
		0,
		-0.140862,
		0.984744,
		0.10216,
		0,
		0.103873,
		0.658927,
		-0.080247,
		1
	},
	[0.316666666667] = {
		0.98936,
		0.144429,
		-0.017503,
		0,
		-0.035364,
		0.122044,
		-0.991894,
		0,
		-0.141122,
		0.98196,
		0.125853,
		0,
		0.106031,
		0.659357,
		-0.103716,
		1
	},
	[0.333333333333] = {
		0.989721,
		0.143004,
		0.00161,
		0,
		-0.017591,
		0.132901,
		-0.990973,
		0,
		-0.141927,
		0.980758,
		0.13405,
		0,
		0.106254,
		0.659343,
		-0.109087,
		1
	},
	[0.35] = {
		0.989705,
		0.141546,
		0.021195,
		0,
		0.000596,
		0.144013,
		-0.989576,
		0,
		-0.143123,
		0.9794,
		0.142446,
		0,
		0.106455,
		0.659319,
		-0.114422,
		1
	},
	[0.366666666667] = {
		0.989313,
		0.140122,
		0.040317,
		0,
		0.018322,
		0.154852,
		-0.987768,
		0,
		-0.144651,
		0.97795,
		0.15063,
		0,
		0.10663,
		0.659289,
		-0.119514,
		1
	},
	[0.383333333333] = {
		0.988618,
		0.138803,
		0.05804,
		0,
		0.034718,
		0.164892,
		-0.9857,
		0,
		-0.146388,
		0.976496,
		0.158196,
		0,
		0.106778,
		0.659257,
		-0.12415,
		1
	},
	[0.3] = {
		0.988695,
		0.14575,
		-0.03521,
		0,
		-0.051847,
		0.111972,
		-0.992358,
		0,
		-0.140693,
		0.982965,
		0.118263,
		0,
		0.105786,
		0.659357,
		-0.09852,
		1
	},
	[0.416666666667] = {
		0.986903,
		0.136752,
		0.085567,
		0,
		0.060111,
		0.180477,
		-0.981741,
		0,
		-0.149698,
		0.974026,
		0.169893,
		0,
		0.106984,
		0.659198,
		-0.131219,
		1
	},
	[0.433333333333] = {
		0.986263,
		0.136159,
		0.093522,
		0,
		0.067431,
		0.184981,
		-0.980426,
		0,
		-0.150794,
		0.973264,
		0.173259,
		0,
		0.107038,
		0.659179,
		-0.133231,
		1
	},
	[0.45] = {
		0.986017,
		0.135946,
		0.096379,
		0,
		0.070057,
		0.186598,
		-0.979935,
		0,
		-0.151202,
		0.972985,
		0.174465,
		0,
		0.107056,
		0.659171,
		-0.133948,
		1
	},
	[0.4] = {
		0.987754,
		0.137656,
		0.073432,
		0,
		0.048928,
		0.173607,
		-0.983599,
		0,
		-0.148147,
		0.975147,
		0.164746,
		0,
		0.106897,
		0.659225,
		-0.128122,
		1
	}
}

return spline_matrices
