-- chunkname: @content/characters/player/human/first_person/animations/force_sword/attack_left.lua

local spline_matrices = {
	[0.0166666666667] = {
		-0.321505,
		0.508993,
		-0.798474,
		0,
		0.64437,
		0.735489,
		0.209388,
		0,
		0.693846,
		-0.447193,
		-0.564444,
		0,
		0.489203,
		0.162444,
		-0.147705,
		1
	},
	[0.0333333333333] = {
		-0.249178,
		0.59303,
		-0.765654,
		0,
		0.800791,
		0.570786,
		0.181484,
		0,
		0.54465,
		-0.567907,
		-0.617121,
		0,
		0.502172,
		0.1459,
		-0.140178,
		1
	},
	[0.05] = {
		-0.202663,
		0.614545,
		-0.762406,
		0,
		0.845226,
		0.502927,
		0.180711,
		0,
		0.49449,
		-0.607782,
		-0.621354,
		0,
		0.514531,
		0.143046,
		-0.126851,
		1
	},
	[0.0666666666667] = {
		-0.176218,
		0.605289,
		-0.776255,
		0,
		0.8383,
		0.505623,
		0.203959,
		0,
		0.515946,
		-0.614793,
		-0.596514,
		0,
		0.527598,
		0.148645,
		-0.109963,
		1
	},
	[0.0833333333333] = {
		-0.159813,
		0.574632,
		-0.802657,
		0,
		0.790919,
		0.561079,
		0.244208,
		0,
		0.590684,
		-0.595809,
		-0.544155,
		0,
		0.540333,
		0.161019,
		-0.090676,
		1
	},
	[0] = {
		-0.367701,
		0.271237,
		-0.889509,
		0,
		0.164807,
		0.960385,
		0.224722,
		0,
		0.915224,
		-0.063967,
		-0.397836,
		0,
		0.460901,
		0.204124,
		-0.146358,
		1
	},
	[0.116666666667] = {
		-0.115191,
		0.461987,
		-0.879374,
		0,
		0.552226,
		0.765645,
		0.329901,
		0,
		0.825698,
		-0.447612,
		-0.343317,
		0,
		0.556935,
		0.20385,
		-0.049268,
		1
	},
	[0.133333333333] = {
		-0.071067,
		0.395142,
		-0.915867,
		0,
		0.37017,
		0.863068,
		0.343639,
		0,
		0.926242,
		-0.314605,
		-0.207605,
		0,
		0.55696,
		0.231068,
		-0.031157,
		1
	},
	[0.15] = {
		-0.019588,
		0.341993,
		-0.939498,
		0,
		0.201441,
		0.921759,
		0.331335,
		0,
		0.979305,
		-0.182763,
		-0.086947,
		0,
		0.552425,
		0.257256,
		-0.018403,
		1
	},
	[0.166666666667] = {
		0.015147,
		0.317337,
		-0.948192,
		0,
		0.11644,
		0.941289,
		0.316887,
		0,
		0.993082,
		-0.115208,
		-0.022693,
		0,
		0.548059,
		0.278924,
		-0.012587,
		1
	},
	[0.183333333333] = {
		0.026841,
		0.307861,
		-0.951053,
		0,
		0.098437,
		0.945957,
		0.30899,
		0,
		0.994781,
		-0.101913,
		-0.004915,
		0,
		0.52352,
		0.304806,
		-0.011258,
		1
	},
	[0.1] = {
		-0.142977,
		0.525469,
		-0.838714,
		0,
		0.697414,
		0.654778,
		0.29134,
		0,
		0.702261,
		-0.543276,
		-0.460087,
		0,
		0.550882,
		0.179686,
		-0.069944,
		1
	},
	[0.216666666667] = {
		0.023088,
		0.275056,
		-0.961151,
		0,
		0.052794,
		0.95973,
		0.275918,
		0,
		0.998338,
		-0.057113,
		0.007637,
		0,
		0.389495,
		0.385547,
		-0.011926,
		1
	},
	[0.233333333333] = {
		0.014056,
		0.25168,
		-0.967708,
		0,
		0.006069,
		0.967765,
		0.251783,
		0,
		0.999883,
		-0.009412,
		0.012075,
		0,
		0.311807,
		0.429811,
		-0.012965,
		1
	},
	[0.25] = {
		0.005413,
		0.223292,
		-0.974737,
		0,
		-0.069618,
		0.97247,
		0.222386,
		0,
		0.997559,
		0.066655,
		0.020809,
		0,
		0.24797,
		0.469537,
		-0.013935,
		1
	},
	[0.266666666667] = {
		-0.004034,
		0.181303,
		-0.983419,
		0,
		-0.165808,
		0.969693,
		0.179452,
		0,
		0.98615,
		0.163782,
		0.026149,
		0,
		0.207316,
		0.50498,
		-0.015735,
		1
	},
	[0.283333333333] = {
		-0.011135,
		0.130361,
		-0.991404,
		0,
		-0.295143,
		0.946865,
		0.12782,
		0,
		0.955388,
		0.294029,
		0.027932,
		0,
		0.176516,
		0.535251,
		-0.018274,
		1
	},
	[0.2] = {
		0.028484,
		0.293739,
		-0.955461,
		0,
		0.08037,
		0.952081,
		0.295096,
		0,
		0.996358,
		-0.085196,
		0.003511,
		0,
		0.465352,
		0.342115,
		-0.011205,
		1
	},
	[0.316666666667] = {
		0.024132,
		0.061004,
		-0.997846,
		0,
		-0.827224,
		0.56169,
		0.014333,
		0,
		0.561354,
		0.825096,
		0.064019,
		0,
		0.066697,
		0.553436,
		-0.019628,
		1
	},
	[0.333333333333] = {
		0.067276,
		0.064366,
		-0.995656,
		0,
		-0.997676,
		0.015144,
		-0.066434,
		0,
		0.010802,
		0.997811,
		0.065235,
		0,
		-0.007393,
		0.529052,
		-0.019257,
		1
	},
	[0.35] = {
		0.0976,
		0.091463,
		-0.991014,
		0,
		-0.910093,
		-0.394765,
		-0.126064,
		0,
		-0.402748,
		0.914218,
		0.044711,
		0,
		-0.05577,
		0.493544,
		-0.020856,
		1
	},
	[0.366666666667] = {
		0.113971,
		0.120806,
		-0.986112,
		0,
		-0.803846,
		-0.572073,
		-0.162988,
		0,
		-0.583818,
		0.811258,
		0.03191,
		0,
		-0.086814,
		0.46953,
		-0.025211,
		1
	},
	[0.383333333333] = {
		0.124135,
		0.151645,
		-0.980609,
		0,
		-0.722349,
		-0.663734,
		-0.194085,
		0,
		-0.680295,
		0.732435,
		0.027148,
		0,
		-0.11437,
		0.453243,
		-0.032405,
		1
	},
	[0.3] = {
		-0.004783,
		0.087137,
		-0.996185,
		0,
		-0.50204,
		0.861342,
		0.077752,
		0,
		0.864831,
		0.500496,
		0.039626,
		0,
		0.135439,
		0.552229,
		-0.020158,
		1
	},
	[0.416666666667] = {
		0.143694,
		0.230864,
		-0.962317,
		0,
		-0.601702,
		-0.75164,
		-0.270169,
		0,
		-0.785688,
		0.61785,
		0.030905,
		0,
		-0.174969,
		0.41886,
		-0.054588,
		1
	},
	[0.433333333333] = {
		0.154701,
		0.284215,
		-0.946197,
		0,
		-0.531164,
		-0.783606,
		-0.322221,
		0,
		-0.833026,
		0.552434,
		0.02974,
		0,
		-0.20806,
		0.390295,
		-0.068754,
		1
	},
	[0.45] = {
		0.16799,
		0.357531,
		-0.918668,
		0,
		-0.445374,
		-0.803852,
		-0.394289,
		0,
		-0.879444,
		0.475388,
		0.024196,
		0,
		-0.248739,
		0.347945,
		-0.08417,
		1
	},
	[0.466666666667] = {
		0.180717,
		0.44861,
		-0.875266,
		0,
		-0.357607,
		-0.79904,
		-0.483376,
		0,
		-0.91622,
		0.400356,
		0.016026,
		0,
		-0.296725,
		0.295472,
		-0.101393,
		1
	},
	[0.483333333333] = {
		0.187152,
		0.538294,
		-0.821714,
		0,
		-0.275515,
		-0.774155,
		-0.56989,
		0,
		-0.942903,
		0.333051,
		0.003424,
		0,
		-0.34245,
		0.240488,
		-0.121358,
		1
	},
	[0.4] = {
		0.133482,
		0.18717,
		-0.973216,
		0,
		-0.6604,
		-0.71541,
		-0.228166,
		0,
		-0.738955,
		0.673168,
		0.028113,
		0,
		-0.143172,
		0.438353,
		-0.042301,
		1
	},
	[0.516666666667] = {
		0.181353,
		0.648158,
		-0.739596,
		0,
		-0.166428,
		-0.72099,
		-0.672662,
		0,
		-0.969233,
		0.245079,
		-0.022882,
		0,
		-0.390068,
		0.150712,
		-0.171784,
		1
	},
	[0.533333333333] = {
		0.17584,
		0.658252,
		-0.731973,
		0,
		-0.148545,
		-0.717302,
		-0.680744,
		0,
		-0.973147,
		0.228433,
		-0.02835,
		0,
		-0.383988,
		0.121173,
		-0.204644,
		1
	},
	[0.55] = {
		0.171697,
		0.652837,
		-0.737783,
		0,
		-0.146986,
		-0.723545,
		-0.674446,
		0,
		-0.974123,
		0.224244,
		-0.028273,
		0,
		-0.367215,
		0.095255,
		-0.243062,
		1
	},
	[0.566666666667] = {
		0.168722,
		0.634613,
		-0.754188,
		0,
		-0.158914,
		-0.737633,
		-0.656234,
		0,
		-0.972769,
		0.230572,
		-0.023606,
		0,
		-0.342116,
		0.072081,
		-0.284531,
		1
	},
	[0.583333333333] = {
		0.166162,
		0.605838,
		-0.778043,
		0,
		-0.181563,
		-0.756725,
		-0.628014,
		0,
		-0.969239,
		0.245616,
		-0.015741,
		0,
		-0.311018,
		0.050854,
		-0.326553,
		1
	},
	[0.5] = {
		0.186434,
		0.609306,
		-0.770707,
		0,
		-0.208638,
		-0.742014,
		-0.637091,
		0,
		-0.960059,
		0.279574,
		-0.011212,
		0,
		-0.376609,
		0.190054,
		-0.144653,
		1
	},
	[0.616666666667] = {
		0.159128,
		0.525833,
		-0.83557,
		0,
		-0.247994,
		-0.797927,
		-0.549373,
		0,
		-0.955603,
		0.294637,
		0.003431,
		0,
		-0.240068,
		0.011112,
		-0.402326,
		1
	},
	[0.633333333333] = {
		0.153646,
		0.480037,
		-0.863688,
		0,
		-0.286059,
		-0.81503,
		-0.503881,
		0,
		-0.945814,
		0.324485,
		0.012093,
		0,
		-0.204904,
		-0.009139,
		-0.431111,
		1
	},
	[0.65] = {
		0.146971,
		0.434639,
		-0.888532,
		0,
		-0.323598,
		-0.827728,
		-0.458422,
		0,
		-0.93471,
		0.354902,
		0.018996,
		0,
		-0.173137,
		-0.030916,
		-0.450496,
		1
	},
	[0.666666666667] = {
		0.139896,
		0.393147,
		-0.908771,
		0,
		-0.358032,
		-0.835612,
		-0.416613,
		0,
		-0.923169,
		0.383652,
		0.023861,
		0,
		-0.147213,
		-0.055241,
		-0.457951,
		1
	},
	[0.683333333333] = {
		0.131191,
		0.349966,
		-0.92753,
		0,
		-0.393225,
		-0.840497,
		-0.372746,
		0,
		-0.910035,
		0.413629,
		0.02735,
		0,
		-0.125386,
		-0.08347,
		-0.457909,
		1
	},
	[0.6] = {
		0.163191,
		0.568742,
		-0.806165,
		0,
		-0.212198,
		-0.777761,
		-0.591658,
		0,
		-0.963504,
		0.26762,
		-0.006238,
		0,
		-0.276227,
		0.030807,
		-0.366644,
		1
	},
	[0.716666666667] = {
		0.103167,
		0.243273,
		-0.964456,
		0,
		-0.475484,
		-0.839603,
		-0.262643,
		0,
		-0.873654,
		0.485679,
		0.029053,
		0,
		-0.084129,
		-0.148438,
		-0.454903,
		1
	},
	[0.733333333333] = {
		0.084928,
		0.186164,
		-0.978841,
		0,
		-0.518215,
		-0.830816,
		-0.202974,
		0,
		-0.851023,
		0.524488,
		0.025913,
		0,
		-0.064947,
		-0.181855,
		-0.452686,
		1
	},
	[0.75] = {
		0.065445,
		0.131115,
		-0.989205,
		0,
		-0.559536,
		-0.815992,
		-0.145175,
		0,
		-0.826218,
		0.562997,
		0.019961,
		0,
		-0.046972,
		-0.213775,
		-0.450436,
		1
	},
	[0.766666666667] = {
		0.0465,
		0.081478,
		-0.99559,
		0,
		-0.59812,
		-0.795983,
		-0.093078,
		0,
		-0.800056,
		0.599811,
		0.01172,
		0,
		-0.030461,
		-0.242662,
		-0.448419,
		1
	},
	[0.783333333333] = {
		0.030231,
		0.040328,
		-0.998729,
		0,
		-0.633131,
		-0.772405,
		-0.050354,
		0,
		-0.773454,
		0.633848,
		0.002182,
		0,
		-0.015739,
		-0.266997,
		-0.446842,
		1
	},
	[0.7] = {
		0.11885,
		0.298988,
		-0.946827,
		0,
		-0.433123,
		-0.842466,
		-0.3204,
		0,
		-0.893465,
		0.448172,
		0.029371,
		0,
		-0.104323,
		-0.115099,
		-0.456765,
		1
	},
	[0.816666666667] = {
		0.012385,
		-0.010543,
		-0.999868,
		0,
		-0.693861,
		-0.720108,
		-0.001002,
		0,
		-0.720003,
		0.693781,
		-0.016234,
		0,
		0.007627,
		-0.300025,
		-0.443628,
		1
	},
	[0.833333333333] = {
		0.008261,
		-0.026775,
		-0.999607,
		0,
		-0.72255,
		-0.691205,
		0.012543,
		0,
		-0.691269,
		0.722163,
		-0.025056,
		0,
		0.018467,
		-0.314772,
		-0.438433,
		1
	},
	[0.85] = {
		0.00655,
		-0.038856,
		-0.999223,
		0,
		-0.750507,
		-0.660537,
		0.020766,
		0,
		-0.660831,
		0.749788,
		-0.033488,
		0,
		0.029129,
		-0.329392,
		-0.430632,
		1
	},
	[0.866666666667] = {
		0.007148,
		-0.047339,
		-0.998853,
		0,
		-0.777616,
		-0.628273,
		0.024211,
		0,
		-0.628699,
		0.776551,
		-0.041303,
		0,
		0.039564,
		-0.343766,
		-0.420585,
		1
	},
	[0.883333333333] = {
		0.009925,
		-0.052769,
		-0.998557,
		0,
		-0.803733,
		-0.594529,
		0.023429,
		0,
		-0.594908,
		0.802341,
		-0.048313,
		0,
		0.049723,
		-0.357774,
		-0.408657,
		1
	},
	[0.8] = {
		0.019005,
		0.010397,
		-0.999765,
		0,
		-0.664511,
		-0.747,
		-0.020401,
		0,
		-0.747037,
		0.664743,
		-0.007288,
		0,
		-0.003339,
		-0.285265,
		-0.445862,
		1
	},
	[0.916666666667] = {
		0.021356,
		-0.056807,
		-0.998157,
		0,
		-0.852311,
		-0.522909,
		0.011524,
		0,
		-0.522599,
		0.850494,
		-0.059584,
		0,
		0.069031,
		-0.384309,
		-0.380554,
		1
	},
	[0.933333333333] = {
		0.029603,
		-0.056435,
		-0.997967,
		0,
		-0.874419,
		-0.485169,
		0.001498,
		0,
		-0.484267,
		0.872598,
		-0.063711,
		0,
		0.078092,
		-0.396601,
		-0.365123,
		1
	},
	[0.95] = {
		0.039211,
		-0.055065,
		-0.997713,
		0,
		-0.89485,
		-0.446243,
		-0.01054,
		0,
		-0.444642,
		0.893216,
		-0.066773,
		0,
		0.086699,
		-0.408077,
		-0.349296,
		1
	},
	[0.966666666667] = {
		0.049891,
		-0.053115,
		-0.997341,
		0,
		-0.913455,
		-0.406227,
		-0.024061,
		0,
		-0.403869,
		0.912227,
		-0.068786,
		0,
		0.094812,
		-0.418619,
		-0.33347,
		1
	},
	[0.983333333333] = {
		0.061321,
		-0.050975,
		-0.996816,
		0,
		-0.930119,
		-0.365231,
		-0.038541,
		0,
		-0.362103,
		0.92952,
		-0.069809,
		0,
		0.102389,
		-0.428113,
		-0.318046,
		1
	},
	[0.9] = {
		0.014724,
		-0.055739,
		-0.998337,
		0,
		-0.82869,
		-0.559385,
		0.01901,
		0,
		-0.559514,
		0.827032,
		-0.054427,
		0,
		0.05956,
		-0.371323,
		-0.395195,
		1
	},
	[1.01666666667] = {
		0.084996,
		-0.047529,
		-0.995247,
		0,
		-0.957317,
		-0.280845,
		-0.068345,
		0,
		-0.276262,
		0.958575,
		-0.069372,
		0,
		0.115776,
		-0.443432,
		-0.289985,
		1
	},
	[1.03333333333] = {
		0.096487,
		-0.046843,
		-0.994231,
		0,
		-0.967794,
		-0.237767,
		-0.082719,
		0,
		-0.23252,
		0.970192,
		-0.068276,
		0,
		0.12151,
		-0.448898,
		-0.278108,
		1
	},
	[1.05] = {
		0.10718,
		-0.047199,
		-0.993119,
		0,
		-0.976217,
		-0.194323,
		-0.096121,
		0,
		-0.188449,
		0.979801,
		-0.066904,
		0,
		0.126539,
		-0.452584,
		-0.268165,
		1
	},
	[1.06666666667] = {
		0.116618,
		-0.048811,
		-0.991977,
		0,
		-0.982652,
		-0.150689,
		-0.108107,
		0,
		-0.144203,
		0.987376,
		-0.065537,
		0,
		0.130815,
		-0.454281,
		-0.260552,
		1
	},
	[1.08333333333] = {
		0.124325,
		-0.051855,
		-0.990886,
		0,
		-0.987197,
		-0.107032,
		-0.118261,
		0,
		-0.099924,
		0.992902,
		-0.064498,
		0,
		0.134302,
		-0.454007,
		-0.255745,
		1
	},
	{
		0.073144,
		-0.049004,
		-0.996117,
		0,
		-0.944755,
		-0.323388,
		-0.053464,
		0,
		-0.319512,
		0.944997,
		-0.06995,
		0,
		0.109389,
		-0.436435,
		-0.303422,
		1
	},
	[1.1] = {
		0.129805,
		-0.056468,
		-0.98993,
		0,
		-0.989971,
		-0.063512,
		-0.126188,
		0,
		-0.055747,
		0.996382,
		-0.064146,
		0,
		0.136984,
		-0.452072,
		-0.254306,
		1
	}
}

return spline_matrices
