-- chunkname: @content/characters/player/human/first_person/animations/force_sword/attack_stab_01.lua

local spline_matrices = {
	[0.0166666666667] = {
		0.444594,
		-0.828073,
		-0.341513,
		0,
		-0.8486,
		-0.26734,
		-0.456516,
		0,
		0.286728,
		0.492773,
		-0.821561,
		0,
		0.316018,
		-0.079372,
		-0.689592,
		1,
	},
	[0.0333333333333] = {
		0.449535,
		-0.778068,
		-0.438781,
		0,
		-0.863432,
		-0.252603,
		-0.436666,
		0,
		0.228918,
		0.575154,
		-0.785363,
		0,
		0.326189,
		-0.182308,
		-0.659081,
		1,
	},
	[0.05] = {
		0.441235,
		-0.71281,
		-0.545173,
		0,
		-0.883158,
		-0.237146,
		-0.404715,
		0,
		0.159199,
		0.660048,
		-0.734161,
		0,
		0.338633,
		-0.302608,
		-0.627575,
		1,
	},
	[0.0666666666667] = {
		0.423385,
		-0.630151,
		-0.650887,
		0,
		-0.90219,
		-0.227886,
		-0.366225,
		0,
		0.082449,
		0.742278,
		-0.665,
		0,
		0.351766,
		-0.427635,
		-0.5937,
		1,
	},
	[0.0833333333333] = {
		0.401719,
		-0.532228,
		-0.745222,
		0,
		-0.915749,
		-0.228929,
		-0.330146,
		0,
		0.00511,
		0.815061,
		-0.579352,
		0,
		0.363923,
		-0.544636,
		-0.556832,
		1,
	},
	[0] = {
		0.423333,
		-0.86776,
		-0.260348,
		0,
		-0.843979,
		-0.273256,
		-0.461552,
		0,
		0.329375,
		0.415119,
		-0.84805,
		0,
		0.309743,
		-0.00657,
		-0.720991,
		1,
	},
	[0.116666666667] = {
		0.381277,
		-0.315018,
		-0.869133,
		0,
		-0.91579,
		-0.257168,
		-0.308534,
		0,
		-0.126319,
		0.91358,
		-0.386542,
		0,
		0.377126,
		-0.701101,
		-0.474841,
		1,
	},
	[0.133333333333] = {
		0.402102,
		-0.208556,
		-0.891526,
		0,
		-0.899346,
		-0.272596,
		-0.34186,
		0,
		-0.171729,
		0.939253,
		-0.297175,
		0,
		0.373324,
		-0.71235,
		-0.431281,
		1,
	},
	[0.15] = {
		0.455838,
		-0.115775,
		-0.882501,
		0,
		-0.867954,
		-0.277437,
		-0.411927,
		0,
		-0.197148,
		0.953742,
		-0.226954,
		0,
		0.359075,
		-0.659031,
		-0.386339,
		1,
	},
	[0.166666666667] = {
		0.548229,
		-0.046514,
		-0.835034,
		0,
		-0.812892,
		-0.264345,
		-0.518968,
		0,
		-0.196598,
		0.963306,
		-0.182732,
		0,
		0.332072,
		-0.525794,
		-0.339581,
		1,
	},
	[0.183333333333] = {
		0.760665,
		-0.032211,
		-0.648345,
		0,
		-0.639451,
		-0.209138,
		-0.73984,
		0,
		-0.111763,
		0.977355,
		-0.179681,
		0,
		0.261778,
		-0.111133,
		-0.279374,
		1,
	},
	[0.1] = {
		0.384449,
		-0.425327,
		-0.819326,
		0,
		-0.920788,
		-0.240077,
		-0.30743,
		0,
		-0.065943,
		0.872617,
		-0.483934,
		0,
		0.373148,
		-0.640415,
		-0.516924,
		1,
	},
	[0.216666666667] = {
		0.758357,
		0.07357,
		-0.647674,
		0,
		-0.651211,
		0.041891,
		-0.75774,
		0,
		-0.028615,
		0.99641,
		0.079678,
		0,
		0.036492,
		0.647631,
		-0.085033,
		1,
	},
	[0.233333333333] = {
		0.771168,
		0.062246,
		-0.633582,
		0,
		-0.635957,
		0.029521,
		-0.771159,
		0,
		-0.029297,
		0.997624,
		0.062351,
		0,
		0.033915,
		0.662536,
		-0.079959,
		1,
	},
	[0.25] = {
		0.758031,
		0.058805,
		-0.649562,
		0,
		-0.651598,
		0.024868,
		-0.758156,
		0,
		-0.028431,
		0.99796,
		0.057168,
		0,
		0.031056,
		0.673074,
		-0.075452,
		1,
	},
	[0.266666666667] = {
		0.734166,
		0.057893,
		-0.676498,
		0,
		-0.678407,
		0.021971,
		-0.734358,
		0,
		-0.027651,
		0.998081,
		0.055406,
		0,
		0.02967,
		0.67675,
		-0.07276,
		1,
	},
	[0.283333333333] = {
		0.719022,
		0.056916,
		-0.692652,
		0,
		-0.694481,
		0.020801,
		-0.719211,
		0,
		-0.026527,
		0.998162,
		0.054484,
		0,
		0.028639,
		0.679854,
		-0.070126,
		1,
	},
	[0.2] = {
		0.688167,
		0.08782,
		-0.720218,
		0,
		-0.724095,
		0.020239,
		-0.689403,
		0,
		-0.045967,
		0.995931,
		0.077518,
		0,
		0.112501,
		0.463049,
		-0.143271,
		1,
	},
	[0.316666666667] = {
		0.731818,
		0.059293,
		-0.678916,
		0,
		-0.680747,
		0.016772,
		-0.732327,
		0,
		-0.032036,
		0.9981,
		0.052637,
		0,
		0.025601,
		0.683068,
		-0.067833,
		1,
	},
	[0.333333333333] = {
		0.741275,
		0.06068,
		-0.668453,
		0,
		-0.670426,
		0.019066,
		-0.741732,
		0,
		-0.032264,
		0.997975,
		0.054815,
		0,
		0.02514,
		0.683005,
		-0.069696,
		1,
	},
	[0.35] = {
		0.748039,
		0.060157,
		-0.660922,
		0,
		-0.662874,
		0.019446,
		-0.748478,
		0,
		-0.032174,
		0.998,
		0.054423,
		0,
		0.025423,
		0.683099,
		-0.071659,
		1,
	},
	[0.366666666667] = {
		0.764291,
		0.058427,
		-0.642219,
		0,
		-0.643976,
		0.01669,
		-0.764864,
		0,
		-0.03397,
		0.998152,
		0.050381,
		0,
		0.025387,
		0.682664,
		-0.07378,
		1,
	},
	[0.383333333333] = {
		0.780792,
		0.059155,
		-0.621984,
		0,
		-0.623839,
		0.018877,
		-0.781325,
		0,
		-0.034477,
		0.99807,
		0.051642,
		0,
		0.025527,
		0.680685,
		-0.077014,
		1,
	},
	[0.3] = {
		0.722929,
		0.057355,
		-0.688538,
		0,
		-0.690384,
		0.020644,
		-0.723148,
		0,
		-0.027262,
		0.99814,
		0.054521,
		0,
		0.027205,
		0.682676,
		-0.067829,
		1,
	},
	[0.416666666667] = {
		0.814644,
		0.067213,
		-0.576054,
		0,
		-0.578876,
		0.033492,
		-0.814727,
		0,
		-0.035467,
		0.997176,
		0.066192,
		0,
		0.027688,
		0.66989,
		-0.089882,
		1,
	},
	[0.433333333333] = {
		0.832066,
		0.073233,
		-0.549821,
		0,
		-0.55344,
		0.043472,
		-0.831754,
		0,
		-0.03701,
		0.996367,
		0.076702,
		0,
		0.029865,
		0.660676,
		-0.10228,
		1,
	},
	[0.45] = {
		0.849864,
		0.079215,
		-0.521015,
		0,
		-0.525523,
		0.053372,
		-0.849104,
		0,
		-0.039455,
		0.995428,
		0.086988,
		0,
		0.032951,
		0.64817,
		-0.119778,
		1,
	},
	[0.466666666667] = {
		0.866134,
		0.084743,
		-0.492575,
		0,
		-0.498013,
		0.062816,
		-0.864891,
		0,
		-0.042352,
		0.994421,
		0.096611,
		0,
		0.037581,
		0.621356,
		-0.141089,
		1,
	},
	[0.483333333333] = {
		0.878056,
		0.087486,
		-0.470493,
		0,
		-0.47654,
		0.069655,
		-0.876389,
		0,
		-0.043899,
		0.993728,
		0.102852,
		0,
		0.044973,
		0.572708,
		-0.16495,
		1,
	},
	[0.4] = {
		0.797565,
		0.062239,
		-0.600013,
		0,
		-0.602231,
		0.024871,
		-0.797934,
		0,
		-0.03474,
		0.997751,
		0.057319,
		0,
		0.026282,
		0.67643,
		-0.082065,
		1,
	},
	[0.516666666667] = {
		0.869199,
		0.055205,
		-0.491371,
		0,
		-0.493407,
		0.031931,
		-0.869212,
		0,
		-0.032295,
		0.997964,
		0.054993,
		0,
		0.071775,
		0.428033,
		-0.216936,
		1,
	},
	[0.533333333333] = {
		0.86789,
		0.03752,
		-0.495338,
		0,
		-0.496204,
		0.018462,
		-0.868009,
		0,
		-0.023423,
		0.999125,
		0.03464,
		0,
		0.09153,
		0.340448,
		-0.241894,
		1,
	},
	[0.55] = {
		0.871393,
		0.020139,
		-0.490172,
		0,
		-0.490481,
		0.015094,
		-0.871321,
		0,
		-0.010149,
		0.999683,
		0.023031,
		0,
		0.136407,
		0.185031,
		-0.253151,
		1,
	},
	[0.566666666667] = {
		0.875548,
		-0.001709,
		-0.483127,
		0,
		-0.483089,
		0.009915,
		-0.875515,
		0,
		0.006286,
		0.999949,
		0.007856,
		0,
		0.158825,
		-0.00405,
		-0.284054,
		1,
	},
	[0.583333333333] = {
		0.878992,
		-0.030097,
		-0.475886,
		0,
		-0.476123,
		-0.000809,
		-0.879378,
		0,
		0.026081,
		0.999547,
		-0.015041,
		0,
		0.236204,
		-0.246007,
		-0.295573,
		1,
	},
	[0.5] = {
		0.873714,
		0.072568,
		-0.480996,
		0,
		-0.484927,
		0.052027,
		-0.873006,
		0,
		-0.038328,
		0.996006,
		0.080647,
		0,
		0.055791,
		0.506785,
		-0.190871,
		1,
	},
	[0.616666666667] = {
		0.880684,
		-0.106981,
		-0.461466,
		0,
		-0.467853,
		-0.043796,
		-0.882721,
		0,
		0.074224,
		0.993296,
		-0.088622,
		0,
		0.321884,
		-0.522317,
		-0.333243,
		1,
	},
	[0.633333333333] = {
		0.879116,
		-0.154287,
		-0.450944,
		0,
		-0.465488,
		-0.074761,
		-0.881891,
		0,
		0.102351,
		0.985194,
		-0.137542,
		0,
		0.333215,
		-0.620094,
		-0.341805,
		1,
	},
	[0.65] = {
		0.875311,
		-0.219539,
		-0.430852,
		0,
		-0.461933,
		-0.11614,
		-0.879278,
		0,
		0.142996,
		0.968666,
		-0.20307,
		0,
		0.345365,
		-0.709041,
		-0.349601,
		1,
	},
	[0.666666666667] = {
		0.850997,
		-0.268673,
		-0.451242,
		0,
		-0.504696,
		-0.180813,
		-0.844149,
		0,
		0.14521,
		0.946109,
		-0.28947,
		0,
		0.330581,
		-0.613344,
		-0.385341,
		1,
	},
	[0.683333333333] = {
		0.800721,
		-0.375998,
		-0.466338,
		0,
		-0.574075,
		-0.259257,
		-0.776675,
		0,
		0.171127,
		0.889613,
		-0.423443,
		0,
		0.318487,
		-0.463053,
		-0.4484,
		1,
	},
	[0.6] = {
		0.880838,
		-0.066503,
		-0.468723,
		0,
		-0.470802,
		-0.019132,
		-0.882031,
		0,
		0.04969,
		0.997603,
		-0.048162,
		0,
		0.312286,
		-0.415235,
		-0.308077,
		1,
	},
	[0.716666666667] = {
		0.614369,
		-0.654073,
		-0.441293,
		0,
		-0.751296,
		-0.314076,
		-0.58044,
		0,
		0.24105,
		0.688146,
		-0.684361,
		0,
		0.317297,
		-0.143581,
		-0.642072,
		1,
	},
	[0.733333333333] = {
		0.500005,
		-0.784473,
		-0.366875,
		0,
		-0.814879,
		-0.28275,
		-0.505989,
		0,
		0.293201,
		0.551956,
		-0.780627,
		0,
		0.318506,
		-0.02148,
		-0.7131,
		1,
	},
	[0.75] = {
		0.400429,
		-0.884606,
		-0.239016,
		0,
		-0.84417,
		-0.254668,
		-0.471722,
		0,
		0.356418,
		0.390661,
		-0.848734,
		0,
		0.324093,
		0.014486,
		-0.744485,
		1,
	},
	[0.766666666667] = {
		0.402662,
		-0.883003,
		-0.241183,
		0,
		-0.84421,
		-0.256403,
		-0.470708,
		0,
		0.353797,
		0.393145,
		-0.848684,
		0,
		0.322981,
		0.016023,
		-0.74216,
		1,
	},
	[0.783333333333] = {
		0.40489,
		-0.88139,
		-0.243341,
		0,
		-0.844243,
		-0.258149,
		-0.469694,
		0,
		0.351166,
		0.395614,
		-0.84863,
		0,
		0.321868,
		0.017554,
		-0.739833,
		1,
	},
	[0.7] = {
		0.720357,
		-0.510072,
		-0.470013,
		0,
		-0.66382,
		-0.310556,
		-0.680367,
		0,
		0.201071,
		0.80211,
		-0.562307,
		0,
		0.321295,
		-0.314897,
		-0.552871,
		1,
	},
	[0.816666666667] = {
		0.409327,
		-0.878136,
		-0.247647,
		0,
		-0.844288,
		-0.261661,
		-0.467667,
		0,
		0.345876,
		0.400514,
		-0.848504,
		0,
		0.319636,
		0.020602,
		-0.735177,
		1,
	},
	[0.833333333333] = {
		0.411531,
		-0.876495,
		-0.249799,
		0,
		-0.844301,
		-0.263419,
		-0.466655,
		0,
		0.343219,
		0.402948,
		-0.84843,
		0,
		0.318517,
		0.022124,
		-0.732847,
		1,
	},
	[0.85] = {
		0.413721,
		-0.874845,
		-0.251954,
		0,
		-0.844308,
		-0.265175,
		-0.465645,
		0,
		0.340556,
		0.405374,
		-0.848348,
		0,
		0.317396,
		0.023645,
		-0.730516,
		1,
	},
	[0.866666666667] = {
		0.415897,
		-0.873187,
		-0.254115,
		0,
		-0.844311,
		-0.266925,
		-0.464639,
		0,
		0.337887,
		0.407795,
		-0.848254,
		0,
		0.316273,
		0.025168,
		-0.728182,
		1,
	},
	[0.883333333333] = {
		0.418057,
		-0.87152,
		-0.256285,
		0,
		-0.84431,
		-0.268664,
		-0.463638,
		0,
		0.335215,
		0.410211,
		-0.84815,
		0,
		0.315148,
		0.026694,
		-0.725846,
		1,
	},
	[0.8] = {
		0.407113,
		-0.879768,
		-0.245495,
		0,
		-0.844269,
		-0.259903,
		-0.46868,
		0,
		0.348525,
		0.398069,
		-0.84857,
		0,
		0.320753,
		0.01908,
		-0.737506,
		1,
	},
	[0.916666666667] = {
		0.422317,
		-0.868161,
		-0.260662,
		0,
		-0.844299,
		-0.2721,
		-0.46165,
		0,
		0.329861,
		0.415039,
		-0.8479,
		0,
		0.312894,
		0.029762,
		-0.721167,
		1,
	},
	[0.933333333333] = {
		0.422555,
		-0.868077,
		-0.260556,
		0,
		-0.844224,
		-0.272388,
		-0.461617,
		0,
		0.329747,
		0.415027,
		-0.84795,
		0,
		0.312886,
		0.02976,
		-0.721171,
		1,
	},
	[0.95] = {
		0.422778,
		-0.867994,
		-0.260469,
		0,
		-0.844154,
		-0.272652,
		-0.46159,
		0,
		0.32964,
		0.415026,
		-0.847992,
		0,
		0.312878,
		0.029769,
		-0.721174,
		1,
	},
	[0.966666666667] = {
		0.422984,
		-0.867914,
		-0.260404,
		0,
		-0.844089,
		-0.272886,
		-0.46157,
		0,
		0.329542,
		0.415041,
		-0.848023,
		0,
		0.312871,
		0.029788,
		-0.721176,
		1,
	},
	[0.983333333333] = {
		0.42317,
		-0.867836,
		-0.260362,
		0,
		-0.844031,
		-0.273089,
		-0.461557,
		0,
		0.329453,
		0.415071,
		-0.848043,
		0,
		0.312865,
		0.029821,
		-0.721177,
		1,
	},
	[0.9] = {
		0.420197,
		-0.869845,
		-0.258466,
		0,
		-0.844306,
		-0.27039,
		-0.462641,
		0,
		0.332539,
		0.412625,
		-0.848032,
		0,
		0.314022,
		0.028225,
		-0.723508,
		1,
	},
	{
		0.423333,
		-0.86776,
		-0.260348,
		0,
		-0.843979,
		-0.273256,
		-0.461552,
		0,
		0.329375,
		0.415119,
		-0.84805,
		0,
		0.312859,
		0.029868,
		-0.721178,
		1,
	},
}

return spline_matrices
