local spline_matrices = {
	[0] = {
		-0.865058,
		-0.475155,
		0.160942,
		0,
		-0.482429,
		0.875907,
		-0.007066,
		0,
		-0.137612,
		-0.083756,
		-0.986939,
		0,
		-0.142032,
		-0.289362,
		-0.209708,
		1
	},
	[0.0166666666667] = {
		-0.780594,
		-0.565239,
		0.266792,
		0,
		-0.466046,
		0.810779,
		0.354173,
		0,
		-0.416502,
		0.152128,
		-0.896317,
		0,
		-0.150187,
		-0.271776,
		-0.212121,
		1
	},
	[0.0333333333333] = {
		-0.550188,
		-0.834789,
		0.020507,
		0,
		-0.119043,
		0.102718,
		0.987562,
		0,
		-0.826512,
		0.540903,
		-0.15589,
		0,
		-0.146973,
		-0.260041,
		-0.187053,
		1
	},
	[0.05] = {
		-0.84748,
		-0.266323,
		-0.459184,
		0,
		0.17024,
		-0.955704,
		0.240101,
		0,
		-0.502788,
		0.125309,
		0.855278,
		0,
		-0.133533,
		-0.297997,
		-0.220409,
		1
	},
	[0.0666666666667] = {
		-0.686257,
		0.452868,
		0.569176,
		0,
		-0.711214,
		-0.581753,
		-0.394638,
		0,
		0.152401,
		-0.675629,
		0.721318,
		0,
		-0.219705,
		-0.257853,
		-0.262219,
		1
	},
	[0.0833333333333] = {
		0.457742,
		0.142125,
		0.877652,
		0,
		-0.861695,
		-0.172216,
		0.477308,
		0,
		0.218983,
		-0.974752,
		0.043638,
		0,
		-0.277577,
		-0.208187,
		-0.165385,
		1
	},
	[0.116666666667] = {
		0.937262,
		-0.045272,
		0.345673,
		0,
		-0.340243,
		-0.3349,
		0.878679,
		0,
		0.075987,
		-0.941165,
		-0.329293,
		0,
		-0.2415,
		-0.19092,
		-0.042407,
		1
	},
	[0.133333333333] = {
		0.910216,
		-0.006641,
		0.414081,
		0,
		-0.379971,
		-0.41106,
		0.828644,
		0,
		0.164709,
		-0.911584,
		-0.376677,
		0,
		-0.209101,
		-0.158624,
		-0.014238,
		1
	},
	[0.15] = {
		0.882986,
		0.031354,
		0.468351,
		0,
		-0.404714,
		-0.454591,
		0.793444,
		0,
		0.237786,
		-0.890148,
		-0.388708,
		0,
		-0.168532,
		-0.123577,
		0.011833,
		1
	},
	[0.166666666667] = {
		0.924717,
		0.033888,
		0.379144,
		0,
		-0.313484,
		-0.497212,
		0.809016,
		0,
		0.215931,
		-0.866967,
		-0.449157,
		0,
		-0.13079,
		-0.100092,
		0.044129,
		1
	},
	[0.183333333333] = {
		0.975269,
		-0.005081,
		0.220963,
		0,
		-0.18862,
		-0.540251,
		0.820092,
		0,
		0.115209,
		-0.841488,
		-0.527849,
		0,
		-0.112152,
		-0.083728,
		0.086274,
		1
	},
	[0.1] = {
		0.898338,
		-0.064611,
		0.434527,
		0,
		-0.436517,
		-0.242532,
		0.86639,
		0,
		0.049408,
		-0.967989,
		-0.24608,
		0,
		-0.263998,
		-0.203144,
		-0.081695,
		1
	},
	[0.216666666667] = {
		0.981663,
		-0.052737,
		0.183183,
		0,
		-0.183246,
		-0.52582,
		0.830623,
		0,
		0.052516,
		-0.84896,
		-0.525842,
		0,
		-0.142132,
		-0.031159,
		0.17018,
		1
	},
	[0.233333333333] = {
		0.955502,
		-0.078908,
		0.284236,
		0,
		-0.283574,
		-0.511131,
		0.811376,
		0,
		0.081258,
		-0.855873,
		-0.510763,
		0,
		-0.179062,
		0.009776,
		0.188489,
		1
	},
	[0.25] = {
		0.908175,
		-0.121942,
		0.400435,
		0,
		-0.401382,
		-0.525159,
		0.7504,
		0,
		0.118787,
		-0.842222,
		-0.525881,
		0,
		-0.197229,
		0.05693,
		0.192533,
		1
	},
	[0.266666666667] = {
		0.877319,
		-0.151522,
		0.45536,
		0,
		-0.461244,
		-0.528266,
		0.712874,
		0,
		0.132535,
		-0.83545,
		-0.533346,
		0,
		-0.181884,
		0.10329,
		0.196435,
		1
	},
	[0.283333333333] = {
		0.897759,
		-0.130053,
		0.42085,
		0,
		-0.431397,
		-0.452687,
		0.780366,
		0,
		0.089024,
		-0.882134,
		-0.462509,
		0,
		-0.148363,
		0.158578,
		0.206422,
		1
	},
	[0.2] = {
		0.986842,
		-0.036846,
		0.157435,
		0,
		-0.151407,
		-0.552263,
		0.819806,
		0,
		0.056739,
		-0.832855,
		-0.550575,
		0,
		-0.116266,
		-0.062352,
		0.131264,
		1
	},
	[0.316666666667] = {
		0.918242,
		0.136595,
		0.371716,
		0,
		-0.346347,
		0.732134,
		0.586536,
		0,
		-0.192028,
		-0.667325,
		0.719585,
		0,
		-0.10558,
		0.430861,
		0.205606,
		1
	},
	[0.333333333333] = {
		0.957809,
		0.187257,
		0.21803,
		0,
		-0.135064,
		0.962893,
		-0.233654,
		0,
		-0.253693,
		0.194348,
		0.947559,
		0,
		-0.049286,
		0.592308,
		0.082787,
		1
	},
	[0.35] = {
		0.991617,
		0.088939,
		0.093733,
		0,
		0.019439,
		0.614474,
		-0.788697,
		0,
		-0.127742,
		0.783908,
		0.607594,
		0,
		0.039313,
		0.665805,
		-0.093648,
		1
	},
	[0.366666666667] = {
		0.995974,
		-0.006848,
		0.089377,
		0,
		0.088263,
		0.248977,
		-0.964479,
		0,
		-0.015648,
		0.968485,
		0.248579,
		0,
		0.128346,
		0.654376,
		-0.30257,
		1
	},
	[0.383333333333] = {
		0.994353,
		-0.046154,
		0.095558,
		0,
		0.09204,
		-0.073118,
		-0.993067,
		0,
		0.052821,
		0.996255,
		-0.068457,
		0,
		0.178604,
		0.551976,
		-0.511474,
		1
	},
	[0.3] = {
		0.913807,
		-0.024918,
		0.405383,
		0,
		-0.405571,
		-0.002763,
		0.914059,
		0,
		-0.021657,
		-0.999686,
		-0.01263,
		0,
		-0.126541,
		0.262409,
		0.227215,
		1
	},
	[0.416666666667] = {
		0.993291,
		-0.107551,
		-0.042504,
		0,
		-0.07587,
		-0.328659,
		-0.941396,
		0,
		0.087279,
		0.938305,
		-0.334614,
		0,
		0.155975,
		0.384049,
		-0.663913,
		1
	},
	[0.433333333333] = {
		0.980046,
		-0.146634,
		-0.134199,
		0,
		-0.179755,
		-0.365623,
		-0.91324,
		0,
		0.084846,
		0.91914,
		-0.384685,
		0,
		0.135356,
		0.322446,
		-0.689711,
		1
	},
	[0.45] = {
		0.950586,
		-0.194057,
		-0.242338,
		0,
		-0.300725,
		-0.3816,
		-0.87404,
		0,
		0.077138,
		0.903727,
		-0.421101,
		0,
		0.113128,
		0.268992,
		-0.697855,
		1
	},
	[0.466666666667] = {
		0.900165,
		-0.252103,
		-0.355172,
		0,
		-0.430305,
		-0.388597,
		-0.814758,
		0,
		0.067384,
		0.886249,
		-0.458283,
		0,
		0.091111,
		0.223844,
		-0.692375,
		1
	},
	[0.483333333333] = {
		0.83075,
		-0.318667,
		-0.456406,
		0,
		-0.554023,
		-0.393844,
		-0.733448,
		0,
		0.053972,
		0.862171,
		-0.503735,
		0,
		0.071023,
		0.186529,
		-0.677453,
		1
	},
	[0.4] = {
		0.996975,
		-0.071399,
		0.030715,
		0,
		0.010541,
		-0.267321,
		-0.96355,
		0,
		0.077007,
		0.960959,
		-0.265759,
		0,
		0.172689,
		0.443474,
		-0.624243,
		1
	},
	[0.516666666667] = {
		0.951421,
		-0.006833,
		-0.307817,
		0,
		-0.059798,
		-0.984818,
		-0.162967,
		0,
		-0.30203,
		0.173458,
		-0.937385,
		0,
		0.052526,
		-0.095827,
		-0.660229,
		1
	},
	[0.533333333333] = {
		0.747153,
		0.214994,
		-0.62892,
		0,
		0.617979,
		-0.573041,
		0.538263,
		0,
		-0.244673,
		-0.790823,
		-0.561011,
		0,
		0.101021,
		-0.271505,
		-0.541239,
		1
	},
	[0.55] = {
		0.485255,
		-0.291673,
		-0.82429,
		0,
		0.792349,
		0.545334,
		0.273486,
		0,
		0.369745,
		-0.785836,
		0.495732,
		0,
		0.155485,
		-0.311646,
		-0.414661,
		1
	},
	[0.566666666667] = {
		0.654797,
		-0.673294,
		-0.343388,
		0,
		0.315697,
		0.65645,
		-0.685134,
		0,
		0.686714,
		0.340217,
		0.642399,
		0,
		0.142147,
		-0.317221,
		-0.391298,
		1
	},
	[0.583333333333] = {
		0.90981,
		-0.414656,
		0.017514,
		0,
		0.019722,
		0.001045,
		-0.999805,
		0,
		0.414557,
		0.909978,
		0.009128,
		0,
		0.106701,
		-0.373586,
		-0.391408,
		1
	},
	[0.5] = {
		0.866353,
		-0.303068,
		-0.396965,
		0,
		-0.496093,
		-0.613959,
		-0.613959,
		0,
		-0.057649,
		0.728837,
		-0.682256,
		0,
		0.052265,
		0.092831,
		-0.680361,
		1
	},
	[0.616666666667] = {
		0.972523,
		-0.231726,
		-0.022408,
		0,
		-0.110608,
		-0.375214,
		-0.920315,
		0,
		0.204853,
		0.897506,
		-0.390535,
		0,
		0.096205,
		-0.373259,
		-0.420159,
		1
	},
	[0.633333333333] = {
		0.97143,
		-0.231768,
		-0.051069,
		0,
		-0.141259,
		-0.39174,
		-0.909168,
		0,
		0.19071,
		0.890406,
		-0.413287,
		0,
		0.09518,
		-0.365661,
		-0.426079,
		1
	},
	[0.65] = {
		0.971405,
		-0.232071,
		-0.050161,
		0,
		-0.141524,
		-0.396322,
		-0.907138,
		0,
		0.190641,
		0.888297,
		-0.417832,
		0,
		0.095047,
		-0.367814,
		-0.424251,
		1
	},
	[0.666666666667] = {
		0.971362,
		-0.232483,
		-0.049062,
		0,
		-0.141834,
		-0.40168,
		-0.90473,
		0,
		0.190627,
		0.885779,
		-0.423151,
		0,
		0.09488,
		-0.370336,
		-0.422089,
		1
	},
	[0.683333333333] = {
		0.971297,
		-0.233013,
		-0.047825,
		0,
		-0.142193,
		-0.407579,
		-0.902031,
		0,
		0.190693,
		0.882941,
		-0.429013,
		0,
		0.094673,
		-0.37312,
		-0.419677,
		1
	},
	[0.6] = {
		0.973088,
		-0.226732,
		0.041148,
		0,
		-0.037215,
		-0.33085,
		-0.942949,
		0,
		0.227411,
		0.916041,
		-0.330384,
		0,
		0.097419,
		-0.394258,
		-0.399066,
		1
	},
	[0.716666666667] = {
		0.971075,
		-0.234468,
		-0.045139,
		0,
		-0.14308,
		-0.42006,
		-0.896146,
		0,
		0.191157,
		0.876684,
		-0.441458,
		0,
		0.094109,
		-0.379042,
		-0.414464,
		1
	},
	[0.733333333333] = {
		0.970908,
		-0.235415,
		-0.04379,
		0,
		-0.143619,
		-0.42618,
		-0.893165,
		0,
		0.191602,
		0.87347,
		-0.447592,
		0,
		0.093738,
		-0.381974,
		-0.411848,
		1
	},
	[0.75] = {
		0.970695,
		-0.236526,
		-0.042505,
		0,
		-0.144229,
		-0.431918,
		-0.890306,
		0,
		0.192222,
		0.870346,
		-0.453374,
		0,
		0.093299,
		-0.384752,
		-0.409355,
		1
	},
	[0.766666666667] = {
		0.970431,
		-0.237814,
		-0.041336,
		0,
		-0.144915,
		-0.437048,
		-0.887687,
		0,
		0.193039,
		0.867429,
		-0.458588,
		0,
		0.092785,
		-0.387278,
		-0.407083,
		1
	},
	[0.783333333333] = {
		0.970109,
		-0.239295,
		-0.040335,
		0,
		-0.145681,
		-0.44135,
		-0.88543,
		0,
		0.194077,
		0.86484,
		-0.463018,
		0,
		0.092188,
		-0.389458,
		-0.405135,
		1
	},
	[0.7] = {
		0.971203,
		-0.233672,
		-0.046501,
		0,
		-0.142606,
		-0.413783,
		-0.899137,
		0,
		0.190861,
		0.879876,
		-0.43519,
		0,
		0.094418,
		-0.376057,
		-0.417105,
		1
	},
	[0.816666666667] = {
		0.969242,
		-0.242992,
		-0.03906,
		0,
		-0.147522,
		-0.446574,
		-0.882501,
		0,
		0.196997,
		0.861119,
		-0.468685,
		0,
		0.09068,
		-0.392407,
		-0.402622,
		1
	},
	[0.833333333333] = {
		0.968741,
		-0.245005,
		-0.038906,
		0,
		-0.148499,
		-0.447091,
		-0.882076,
		0,
		0.198718,
		0.86028,
		-0.469499,
		0,
		0.089849,
		-0.392964,
		-0.402264,
		1
	},
	[0.85] = {
		0.968245,
		-0.246938,
		-0.039032,
		0,
		-0.149417,
		-0.446411,
		-0.882265,
		0,
		0.200441,
		0.860081,
		-0.469132,
		0,
		0.089049,
		-0.392971,
		-0.402435,
		1
	},
	[0.866666666667] = {
		0.967791,
		-0.248671,
		-0.039291,
		0,
		-0.150229,
		-0.445192,
		-0.882743,
		0,
		0.20202,
		0.860214,
		-0.46821,
		0,
		0.088332,
		-0.392702,
		-0.402855,
		1
	},
	[0.883333333333] = {
		0.967417,
		-0.250071,
		-0.039609,
		0,
		-0.150893,
		-0.443829,
		-0.883316,
		0,
		0.203312,
		0.860512,
		-0.467102,
		0,
		0.087744,
		-0.392316,
		-0.40336,
		1
	},
	[0.8] = {
		0.96971,
		-0.241036,
		-0.039557,
		0,
		-0.146558,
		-0.444596,
		-0.88366,
		0,
		0.195407,
		0.862691,
		-0.466455,
		0,
		0.091481,
		-0.391201,
		-0.403613,
		1
	},
	[0.916666666667] = {
		0.96707,
		-0.251348,
		-0.039993,
		0,
		-0.151505,
		-0.442262,
		-0.883997,
		0,
		0.204503,
		0.860946,
		-0.465779,
		0,
		0.087202,
		-0.391816,
		-0.403963,
		1
	},
	[0.9] = {
		0.967163,
		-0.251007,
		-0.039879,
		0,
		-0.15134,
		-0.44272,
		-0.883796,
		0,
		0.204184,
		0.86081,
		-0.46617,
		0,
		0.087348,
		-0.391968,
		-0.403784,
		1
	}
}

return spline_matrices
