-- chunkname: @content/characters/player/human/first_person/animations/force_sword/attack_right_up.lua

local spline_matrices = {
	[0.0166666666667] = {
		0.936549,
		-0.331156,
		0.114939,
		0,
		-0.154515,
		-0.684326,
		-0.712617,
		0,
		0.314643,
		0.649641,
		-0.692074,
		0,
		0.237701,
		0.08461,
		-0.667042,
		1,
	},
	[0.0333333333333] = {
		0.965067,
		-0.261909,
		0.007037,
		0,
		-0.184638,
		-0.698908,
		-0.690968,
		0,
		0.185889,
		0.665531,
		-0.722851,
		0,
		0.15074,
		0.138356,
		-0.610466,
		1,
	},
	[0.05] = {
		0.975531,
		-0.188392,
		-0.113346,
		0,
		-0.215412,
		-0.715806,
		-0.664244,
		0,
		0.044004,
		0.672406,
		-0.738873,
		0,
		0.06291,
		0.191502,
		-0.550814,
		1,
	},
	[0.0666666666667] = {
		0.96525,
		-0.118428,
		-0.232954,
		0,
		-0.243793,
		-0.72911,
		-0.639502,
		0,
		-0.094114,
		0.674072,
		-0.732646,
		0,
		-0.018403,
		0.243731,
		-0.490162,
		1,
	},
	[0.0833333333333] = {
		0.940065,
		-0.058903,
		-0.33587,
		0,
		-0.269202,
		-0.732771,
		-0.624962,
		0,
		-0.209304,
		0.677921,
		-0.704709,
		0,
		-0.086649,
		0.294874,
		-0.431499,
		1,
	},
	[0] = {
		0.898318,
		-0.389416,
		0.203418,
		0,
		-0.129664,
		-0.677371,
		-0.724124,
		0,
		0.419775,
		0.624118,
		-0.658988,
		0,
		0.316179,
		0.030921,
		-0.719554,
		1,
	},
	[0.116666666667] = {
		0.89788,
		0.010164,
		-0.440124,
		0,
		-0.31398,
		-0.685989,
		-0.656381,
		0,
		-0.308592,
		0.727541,
		-0.612744,
		0,
		-0.161754,
		0.392444,
		-0.332472,
		1,
	},
	[0.133333333333] = {
		0.923246,
		-0.01172,
		-0.384032,
		0,
		-0.319356,
		-0.579121,
		-0.750087,
		0,
		-0.21361,
		0.815157,
		-0.538414,
		0,
		-0.132116,
		0.441268,
		-0.309235,
		1,
	},
	[0.15] = {
		0.947665,
		-0.063621,
		-0.312863,
		0,
		-0.305106,
		-0.469069,
		-0.828785,
		0,
		-0.094026,
		0.880867,
		-0.463931,
		0,
		-0.078962,
		0.474689,
		-0.280366,
		1,
	},
	[0.166666666667] = {
		0.929284,
		-0.095262,
		-0.35687,
		0,
		-0.350232,
		-0.53419,
		-0.769402,
		0,
		-0.117342,
		0.83998,
		-0.529778,
		0,
		-0.063409,
		0.479406,
		-0.213737,
		1,
	},
	[0.183333333333] = {
		0.904486,
		-0.103889,
		-0.413657,
		0,
		-0.396235,
		-0.563541,
		-0.724858,
		0,
		-0.157808,
		0.819529,
		-0.550879,
		0,
		-0.050715,
		0.479842,
		-0.142042,
		1,
	},
	[0.1] = {
		0.912754,
		-0.014655,
		-0.408247,
		0,
		-0.292651,
		-0.720714,
		-0.628433,
		0,
		-0.28502,
		0.693078,
		-0.662123,
		0,
		-0.136222,
		0.344655,
		-0.37804,
		1,
	},
	[0.216666666667] = {
		0.921792,
		0.033545,
		-0.386232,
		0,
		-0.385691,
		-0.021567,
		-0.922376,
		0,
		-0.039271,
		0.999204,
		-0.006942,
		0,
		0.014673,
		0.515496,
		-0.043779,
		1,
	},
	[0.233333333333] = {
		0.893063,
		-0.006375,
		-0.449887,
		0,
		-0.352906,
		0.610328,
		-0.709195,
		0,
		0.2791,
		0.792123,
		0.542811,
		0,
		0.083893,
		0.518818,
		0.116116,
		1,
	},
	[0.25] = {
		0.904722,
		0.072489,
		-0.419789,
		0,
		-0.085361,
		0.996279,
		-0.011932,
		0,
		0.417362,
		0.046628,
		0.907543,
		0,
		0.125229,
		0.502571,
		0.218896,
		1,
	},
	[0.266666666667] = {
		0.905477,
		0.065076,
		-0.419377,
		0,
		0.088744,
		0.937295,
		0.33705,
		0,
		0.415014,
		-0.342408,
		0.842924,
		0,
		0.16191,
		0.437697,
		0.290734,
		1,
	},
	[0.283333333333] = {
		0.907222,
		0.052087,
		-0.417415,
		0,
		0.224633,
		0.778982,
		0.585429,
		0,
		0.355652,
		-0.624879,
		0.695009,
		0,
		0.196417,
		0.344007,
		0.359732,
		1,
	},
	[0.2] = {
		0.911994,
		-0.025761,
		-0.409393,
		0,
		-0.386672,
		-0.387154,
		-0.837017,
		0,
		-0.136936,
		0.921655,
		-0.363043,
		0,
		-0.023641,
		0.496202,
		-0.103455,
		1,
	},
	[0.316666666667] = {
		0.914411,
		0.013835,
		-0.404551,
		0,
		0.380195,
		0.313688,
		0.870087,
		0,
		0.13894,
		-0.949425,
		0.281579,
		0,
		0.236288,
		0.163547,
		0.447404,
		1,
	},
	[0.333333333333] = {
		0.920077,
		-0.013134,
		-0.391518,
		0,
		0.391708,
		0.018548,
		0.919903,
		0,
		-0.00482,
		-0.999742,
		0.02221,
		0,
		0.237483,
		0.106339,
		0.439415,
		1,
	},
	[0.35] = {
		0.926074,
		-0.049705,
		-0.374053,
		0,
		0.347737,
		-0.272471,
		0.897128,
		0,
		-0.146511,
		-0.960879,
		-0.235044,
		0,
		0.237642,
		0.059265,
		0.396059,
		1,
	},
	[0.366666666667] = {
		0.931216,
		-0.089888,
		-0.35321,
		0,
		0.255482,
		-0.530171,
		0.808485,
		0,
		-0.259935,
		-0.843113,
		-0.470739,
		0,
		0.237408,
		0.016373,
		0.331844,
		1,
	},
	[0.383333333333] = {
		0.778508,
		-0.002036,
		-0.627632,
		0,
		0.536424,
		-0.517001,
		0.667052,
		0,
		-0.325844,
		-0.855983,
		-0.401397,
		0,
		0.317879,
		-0.014007,
		0.186547,
		1,
	},
	[0.3] = {
		0.910147,
		0.034578,
		-0.412841,
		0,
		0.321577,
		0.569298,
		0.75663,
		0,
		0.261192,
		-0.821404,
		0.507025,
		0,
		0.223254,
		0.245825,
		0.416856,
		1,
	},
	[0.416666666667] = {
		-0.184926,
		0.014804,
		-0.982641,
		0,
		0.982128,
		-0.032845,
		-0.185324,
		0,
		-0.035018,
		-0.999351,
		-0.008466,
		0,
		0.567341,
		-0.039457,
		-0.215338,
		1,
	},
	[0.433333333333] = {
		-0.476334,
		-0.136655,
		-0.86858,
		0,
		0.860451,
		0.130806,
		-0.492457,
		0,
		0.180912,
		-0.981945,
		0.055278,
		0,
		0.622479,
		-0.036616,
		-0.347298,
		1,
	},
	[0.45] = {
		-0.589306,
		-0.287423,
		-0.755054,
		0,
		0.731277,
		0.207522,
		-0.649745,
		0,
		0.343442,
		-0.935052,
		0.087892,
		0,
		0.628476,
		-0.033191,
		-0.409586,
		1,
	},
	[0.466666666667] = {
		-0.628017,
		-0.45191,
		-0.633539,
		0,
		0.589713,
		0.254839,
		-0.766352,
		0,
		0.507773,
		-0.854889,
		0.106453,
		0,
		0.624129,
		-0.027436,
		-0.462924,
		1,
	},
	[0.483333333333] = {
		-0.599318,
		-0.621389,
		-0.504672,
		0,
		0.439182,
		0.271858,
		-0.856278,
		0,
		0.669281,
		-0.734825,
		0.109974,
		0,
		0.611169,
		-0.018705,
		-0.508903,
		1,
	},
	[0.4] = {
		0.343188,
		0.086481,
		-0.935277,
		0,
		0.901083,
		-0.311343,
		0.301853,
		0,
		-0.265087,
		-0.946354,
		-0.184776,
		0,
		0.447222,
		-0.035214,
		-0.011258,
		1,
	},
	[0.516666666667] = {
		-0.337834,
		-0.914734,
		-0.221655,
		0,
		0.123563,
		0.190359,
		-0.973907,
		0,
		0.93306,
		-0.356407,
		0.048717,
		0,
		0.561846,
		0.00795,
		-0.585158,
		1,
	},
	[0.533333333333] = {
		-0.112651,
		-0.990599,
		-0.077616,
		0,
		-0.02082,
		0.08045,
		-0.996541,
		0,
		0.993417,
		-0.110645,
		-0.029687,
		0,
		0.525694,
		0.023448,
		-0.617849,
		1,
	},
	[0.55] = {
		0.147278,
		-0.987844,
		0.049724,
		0,
		-0.131978,
		-0.069449,
		-0.988817,
		0,
		0.98025,
		0.139069,
		-0.140602,
		0,
		0.483093,
		0.036732,
		-0.647264,
		1,
	},
	[0.566666666667] = {
		0.401985,
		-0.904261,
		0.143942,
		0,
		-0.194509,
		-0.237946,
		-0.951603,
		0,
		0.894748,
		0.354532,
		-0.271537,
		0,
		0.437259,
		0.044852,
		-0.672507,
		1,
	},
	[0.583333333333] = {
		0.613496,
		-0.764643,
		0.197341,
		0,
		-0.207644,
		-0.397296,
		-0.89389,
		0,
		0.76191,
		0.507421,
		-0.402513,
		0,
		0.393145,
		0.046693,
		-0.692419,
		1,
	},
	[0.5] = {
		-0.502837,
		-0.782672,
		-0.366852,
		0,
		0.28163,
		0.252905,
		-0.925594,
		0,
		0.817214,
		-0.568739,
		0.093254,
		0,
		0.590369,
		-0.006719,
		-0.549159,
		1,
	},
	[0.616666666667] = {
		0.853938,
		-0.475048,
		0.212411,
		0,
		-0.152916,
		-0.619246,
		-0.770163,
		0,
		0.497399,
		0.62519,
		-0.601441,
		0,
		0.329347,
		0.037821,
		-0.715162,
		1,
	},
	[0.633333333333] = {
		0.899839,
		-0.385908,
		0.203386,
		0,
		-0.127007,
		-0.677815,
		-0.72418,
		0,
		0.417325,
		0.625814,
		-0.658937,
		0,
		0.316055,
		0.03222,
		-0.719551,
		1,
	},
	[0.65] = {
		0.922665,
		-0.332511,
		0.195257,
		0,
		-0.11114,
		-0.7142,
		-0.691061,
		0,
		0.369238,
		0.615917,
		-0.695923,
		0,
		0.31092,
		0.027814,
		-0.721679,
		1,
	},
	[0.666666666667] = {
		0.937225,
		-0.293927,
		0.187657,
		0,
		-0.098229,
		-0.738851,
		-0.666671,
		0,
		0.334604,
		0.606388,
		-0.721342,
		0,
		0.307352,
		0.024432,
		-0.722998,
		1,
	},
	[0.683333333333] = {
		0.946269,
		-0.267555,
		0.181632,
		0,
		-0.088745,
		-0.754953,
		-0.649746,
		0,
		0.310967,
		0.598715,
		-0.738133,
		0,
		0.304976,
		0.022003,
		-0.723799,
		1,
	},
	[0.6] = {
		0.763141,
		-0.609261,
		0.215446,
		0,
		-0.186418,
		-0.526764,
		-0.829318,
		0,
		0.61876,
		0.592723,
		-0.515573,
		0,
		0.355874,
		0.043488,
		-0.706485,
		1,
	},
	[0.716666666667] = {
		0.953918,
		-0.24342,
		0.175464,
		0,
		-0.079706,
		-0.769291,
		-0.633908,
		0,
		0.289288,
		0.59071,
		-0.753242,
		0,
		0.302829,
		0.019589,
		-0.724467,
		1,
	},
	[0.733333333333] = {
		0.954178,
		-0.242607,
		0.175176,
		0,
		-0.079507,
		-0.769901,
		-0.633192,
		0,
		0.288485,
		0.59025,
		-0.753911,
		0,
		0.302738,
		0.019391,
		-0.724496,
		1,
	},
	[0.75] = {
		0.952639,
		-0.247695,
		0.176425,
		0,
		-0.081627,
		-0.767134,
		-0.636273,
		0,
		0.292943,
		0.591738,
		-0.75102,
		0,
		0.30316,
		0.01973,
		-0.724373,
		1,
	},
	[0.766666666667] = {
		0.949533,
		-0.257662,
		0.17888,
		0,
		-0.085603,
		-0.761504,
		-0.642482,
		0,
		0.301761,
		0.594745,
		-0.74513,
		0,
		0.304011,
		0.020508,
		-0.724116,
		1,
	},
	[0.783333333333] = {
		0.945028,
		-0.271533,
		0.182184,
		0,
		-0.090956,
		-0.753459,
		-0.651174,
		0,
		0.314083,
		0.598807,
		-0.736737,
		0,
		0.305217,
		0.021629,
		-0.723735,
		1,
	},
	[0.7] = {
		0.951489,
		-0.251281,
		0.17756,
		0,
		-0.082659,
		-0.764628,
		-0.639149,
		0,
		0.296373,
		0.593466,
		-0.748305,
		0,
		0.30353,
		0.020425,
		-0.724255,
		1,
	},
	[0.816666666667] = {
		0.932573,
		-0.306997,
		0.189898,
		0,
		-0.103855,
		-0.731993,
		-0.67335,
		0,
		0.34572,
		0.608226,
		-0.71452,
		0,
		0.308384,
		0.024505,
		-0.722657,
		1,
	},
	[0.833333333333] = {
		0.925175,
		-0.326421,
		0.193651,
		0,
		-0.110463,
		-0.719716,
		-0.685425,
		0,
		0.363111,
		0.612747,
		-0.70192,
		0,
		0.310167,
		0.026058,
		-0.722001,
		1,
	},
	[0.85] = {
		0.917559,
		-0.345374,
		0.196982,
		0,
		-0.1166,
		-0.707384,
		-0.697145,
		0,
		0.380118,
		0.616704,
		-0.689338,
		0,
		0.311939,
		0.027551,
		-0.721317,
		1,
	},
	[0.866666666667] = {
		0.910318,
		-0.362543,
		0.19971,
		0,
		-0.121893,
		-0.695912,
		-0.707706,
		0,
		0.395554,
		0.619894,
		-0.677693,
		0,
		0.313571,
		0.028882,
		-0.720659,
		1,
	},
	[0.883333333333] = {
		0.904167,
		-0.376547,
		0.201729,
		0,
		-0.126022,
		-0.68634,
		-0.716279,
		0,
		0.408167,
		0.622213,
		-0.66802,
		0,
		0.314922,
		0.029951,
		-0.720095,
		1,
	},
	[0.8] = {
		0.939299,
		-0.288326,
		0.185972,
		0,
		-0.0972,
		-0.743449,
		-0.661691,
		0,
		0.329044,
		0.60345,
		-0.726346,
		0,
		0.306702,
		0.022995,
		-0.723244,
		1,
	},
	[0.916666666667] = {
		0.898318,
		-0.389416,
		0.203418,
		0,
		-0.129664,
		-0.677371,
		-0.724124,
		0,
		0.419775,
		0.624118,
		-0.658988,
		0,
		0.316179,
		0.030921,
		-0.719554,
		1,
	},
	[0.9] = {
		0.899902,
		-0.385972,
		0.202982,
		0,
		-0.128704,
		-0.679788,
		-0.722027,
		0,
		0.416667,
		0.623629,
		-0.661419,
		0,
		0.31584,
		0.030662,
		-0.719701,
		1,
	},
}

return spline_matrices
