local spline_matrices = {
	[0] = {
		0.69287,
		-0.063134,
		-0.718293,
		0,
		-0.719076,
		0.013392,
		-0.694802,
		0,
		0.053485,
		0.997915,
		-0.03612,
		0,
		0.209225,
		-0.428458,
		-0.305594,
		1
	},
	{
		0.54287,
		-0.222664,
		-0.809761,
		0,
		-0.817151,
		0.082453,
		-0.570496,
		0,
		0.193796,
		0.971402,
		-0.137189,
		0,
		0.229345,
		-0.252989,
		-0.392731,
		1
	},
	[0.0166666666667] = {
		0.652172,
		-0.188907,
		-0.734157,
		0,
		-0.711454,
		0.18185,
		-0.678796,
		0,
		0.261736,
		0.96501,
		-0.015801,
		0,
		0.133483,
		-0.377402,
		-0.371511,
		1
	},
	[0.0333333333333] = {
		0.518865,
		-0.340889,
		-0.783948,
		0,
		-0.555155,
		0.562991,
		-0.612245,
		0,
		0.650063,
		0.752885,
		0.10287,
		0,
		0.100879,
		-0.150058,
		-0.515999,
		1
	},
	[0.05] = {
		0.317922,
		-0.361876,
		-0.87634,
		0,
		-0.155183,
		0.891969,
		-0.424628,
		0,
		0.935331,
		0.270992,
		0.22742,
		0,
		0.308949,
		0.114419,
		-0.499814,
		1
	},
	[0.0666666666667] = {
		0.026255,
		-0.102252,
		-0.994412,
		0,
		0.334228,
		0.938406,
		-0.087669,
		0,
		0.942126,
		-0.330059,
		0.058813,
		0,
		0.507826,
		0.139506,
		-0.314819,
		1
	},
	[0.0833333333333] = {
		-0.159061,
		0.26661,
		-0.950589,
		0,
		0.611732,
		0.782355,
		0.117065,
		0,
		0.774909,
		-0.562885,
		-0.287536,
		0,
		0.545269,
		0.065803,
		-0.20956,
		1
	},
	[0.116666666667] = {
		-0.211625,
		0.431099,
		-0.877136,
		0,
		0.633366,
		0.744003,
		0.212855,
		0,
		0.744354,
		-0.510503,
		-0.430493,
		0,
		0.548281,
		0.091293,
		-0.175405,
		1
	},
	[0.133333333333] = {
		-0.247928,
		0.418187,
		-0.873871,
		0,
		0.577903,
		0.787807,
		0.213043,
		0,
		0.777534,
		-0.452194,
		-0.436991,
		0,
		0.55079,
		0.135741,
		-0.178516,
		1
	},
	[0.15] = {
		-0.291601,
		0.37247,
		-0.881042,
		0,
		0.500967,
		0.844116,
		0.191052,
		0,
		0.814863,
		-0.385662,
		-0.43274,
		0,
		0.547594,
		0.186886,
		-0.184519,
		1
	},
	[0.166666666667] = {
		-0.323888,
		0.308319,
		-0.894447,
		0,
		0.410021,
		0.897756,
		0.160986,
		0,
		0.85263,
		-0.314601,
		-0.41719,
		0,
		0.538096,
		0.239052,
		-0.189402,
		1
	},
	[0.183333333333] = {
		-0.334721,
		0.244116,
		-0.910148,
		0,
		0.320723,
		0.937709,
		0.133558,
		0,
		0.886058,
		-0.247201,
		-0.392165,
		0,
		0.525365,
		0.285528,
		-0.189976,
		1
	},
	[0.1] = {
		-0.205929,
		0.401524,
		-0.892397,
		0,
		0.66519,
		0.726288,
		0.173286,
		0,
		0.717715,
		-0.557929,
		-0.416653,
		0,
		0.543026,
		0.057428,
		-0.179953,
		1
	},
	[0.216666666667] = {
		-0.296924,
		0.185263,
		-0.936757,
		0,
		0.227362,
		0.966502,
		0.119078,
		0,
		0.927439,
		-0.177626,
		-0.3291,
		0,
		0.515957,
		0.337403,
		-0.168806,
		1
	},
	[0.233333333333] = {
		-0.266504,
		0.185389,
		-0.945836,
		0,
		0.224644,
		0.966248,
		0.126094,
		0,
		0.937289,
		-0.178872,
		-0.299155,
		0,
		0.518509,
		0.350136,
		-0.153119,
		1
	},
	[0.25] = {
		-0.240493,
		0.172226,
		-0.955249,
		0,
		0.204251,
		0.971077,
		0.123658,
		0,
		0.948918,
		-0.165372,
		-0.268715,
		0,
		0.507121,
		0.37519,
		-0.143928,
		1
	},
	[0.266666666667] = {
		-0.21643,
		0.152063,
		-0.964383,
		0,
		0.148926,
		0.981378,
		0.121321,
		0,
		0.964873,
		-0.117364,
		-0.235046,
		0,
		0.477845,
		0.412299,
		-0.136026,
		1
	},
	[0.283333333333] = {
		-0.19793,
		0.136215,
		-0.970705,
		0,
		0.044498,
		0.990525,
		0.129923,
		0,
		0.979206,
		-0.017479,
		-0.202116,
		0,
		0.432768,
		0.459922,
		-0.126085,
		1
	},
	[0.2] = {
		-0.323895,
		0.198131,
		-0.925114,
		0,
		0.25322,
		0.960306,
		0.117012,
		0,
		0.911576,
		-0.196358,
		-0.361209,
		0,
		0.515571,
		0.32014,
		-0.183799,
		1
	},
	[0.316666666667] = {
		-0.128931,
		0.088194,
		-0.987724,
		0,
		-0.357511,
		0.924921,
		0.129254,
		0,
		0.924966,
		0.369787,
		-0.08772,
		0,
		0.307844,
		0.58221,
		-0.097314,
		1
	},
	[0.333333333333] = {
		-0.065024,
		0.085476,
		-0.994216,
		0,
		-0.608954,
		0.785902,
		0.107394,
		0,
		0.790536,
		0.612415,
		0.000949,
		0,
		0.206322,
		0.636528,
		-0.080301,
		1
	},
	[0.35] = {
		-0.012962,
		0.113973,
		-0.993399,
		0,
		-0.829661,
		0.553301,
		0.074306,
		0,
		0.558118,
		0.825147,
		0.087387,
		0,
		0.069575,
		0.66343,
		-0.066302,
		1
	},
	[0.366666666667] = {
		0.019713,
		0.171862,
		-0.984924,
		0,
		-0.967789,
		-0.244022,
		-0.06195,
		0,
		-0.25099,
		0.95442,
		0.161516,
		0,
		-0.276276,
		0.54797,
		-0.072499,
		1
	},
	[0.383333333333] = {
		0.053117,
		0.23278,
		-0.971078,
		0,
		-0.914067,
		-0.380211,
		-0.14114,
		0,
		-0.402069,
		0.895128,
		0.192581,
		0,
		-0.35124,
		0.478035,
		-0.079933,
		1
	},
	[0.3] = {
		-0.17609,
		0.114186,
		-0.977729,
		0,
		-0.125889,
		0.982481,
		0.137414,
		0,
		0.976291,
		0.147283,
		-0.158631,
		0,
		0.378976,
		0.51806,
		-0.113435,
		1
	},
	[0.416666666667] = {
		-0.007477,
		0.269922,
		-0.962853,
		0,
		-0.807286,
		-0.569854,
		-0.153482,
		0,
		-0.590114,
		0.77615,
		0.222165,
		0,
		-0.431257,
		0.35254,
		-0.068396,
		1
	},
	[0.433333333333] = {
		-0.030751,
		0.304622,
		-0.951977,
		0,
		-0.765623,
		-0.619455,
		-0.173487,
		0,
		-0.642555,
		0.72352,
		0.252275,
		0,
		-0.449026,
		0.306288,
		-0.065094,
		1
	},
	[0.45] = {
		-0.02686,
		0.355292,
		-0.934369,
		0,
		-0.7333,
		-0.642248,
		-0.223134,
		0,
		-0.679374,
		0.67918,
		0.277787,
		0,
		-0.459423,
		0.272311,
		-0.078739,
		1
	},
	[0.466666666667] = {
		0.00079,
		0.388972,
		-0.921249,
		0,
		-0.707511,
		-0.650831,
		-0.275402,
		0,
		-0.706702,
		0.652012,
		0.274688,
		0,
		-0.463184,
		0.250283,
		-0.110251,
		1
	},
	[0.483333333333] = {
		0.048206,
		0.405313,
		-0.912906,
		0,
		-0.68349,
		-0.653093,
		-0.326053,
		0,
		-0.728367,
		0.63968,
		0.245544,
		0,
		-0.460211,
		0.236156,
		-0.156369,
		1
	},
	[0.4] = {
		0.030093,
		0.258046,
		-0.965664,
		0,
		-0.858339,
		-0.48839,
		-0.157257,
		0,
		-0.5122,
		0.833599,
		0.206794,
		0,
		-0.400806,
		0.410888,
		-0.076712,
		1
	},
	[0.516666666667] = {
		0.181233,
		0.381259,
		-0.90653,
		0,
		-0.631185,
		-0.661794,
		-0.404517,
		0,
		-0.754161,
		0.6455,
		0.120706,
		0,
		-0.428682,
		0.213796,
		-0.276543,
		1
	},
	[0.533333333333] = {
		0.255016,
		0.338612,
		-0.905709,
		0,
		-0.605806,
		-0.674101,
		-0.422596,
		0,
		-0.753635,
		0.656452,
		0.033227,
		0,
		-0.398692,
		0.197871,
		-0.340365,
		1
	},
	[0.55] = {
		0.325631,
		0.275073,
		-0.904599,
		0,
		-0.587623,
		-0.690651,
		-0.421544,
		0,
		-0.740718,
		0.668831,
		-0.063258,
		0,
		-0.360841,
		0.175769,
		-0.398964,
		1
	},
	[0.566666666667] = {
		0.387186,
		0.191766,
		-0.901839,
		0,
		-0.583065,
		-0.706783,
		-0.400616,
		0,
		-0.714229,
		0.680943,
		-0.161844,
		0,
		-0.318553,
		0.147567,
		-0.447227,
		1
	},
	[0.583333333333] = {
		0.464255,
		0.100892,
		-0.879936,
		0,
		-0.623058,
		-0.668904,
		-0.405421,
		0,
		-0.629496,
		0.73647,
		-0.247681,
		0,
		-0.260777,
		0.117078,
		-0.501313,
		1
	},
	[0.5] = {
		0.110284,
		0.403175,
		-0.908453,
		0,
		-0.658113,
		-0.655323,
		-0.370728,
		0,
		-0.744798,
		0.63875,
		0.193063,
		0,
		-0.449143,
		0.225424,
		-0.213355,
		1
	},
	[0.616666666667] = {
		0.626906,
		-0.040855,
		-0.778023,
		0,
		-0.727786,
		-0.387118,
		-0.566098,
		0,
		-0.278059,
		0.921125,
		-0.27242,
		0,
		-0.070766,
		0.011858,
		-0.595348,
		1
	},
	[0.633333333333] = {
		0.654098,
		-0.083565,
		-0.75178,
		0,
		-0.747767,
		-0.221256,
		-0.626012,
		0,
		-0.114023,
		0.971629,
		-0.20721,
		0,
		0.031541,
		-0.067526,
		-0.587602,
		1
	},
	[0.65] = {
		0.638008,
		-0.123673,
		-0.760033,
		0,
		-0.769831,
		-0.079997,
		-0.633215,
		0,
		0.017512,
		0.989093,
		-0.146246,
		0,
		0.114953,
		-0.147183,
		-0.540357,
		1
	},
	[0.666666666667] = {
		0.594214,
		-0.173191,
		-0.785439,
		0,
		-0.794341,
		0.02688,
		-0.606877,
		0,
		0.126218,
		0.984521,
		-0.1216,
		0,
		0.172445,
		-0.210376,
		-0.474536,
		1
	},
	[0.683333333333] = {
		0.548928,
		-0.221468,
		-0.805996,
		0,
		-0.810082,
		0.096711,
		-0.578285,
		0,
		0.206021,
		0.97036,
		-0.12632,
		0,
		0.205235,
		-0.248464,
		-0.41793,
		1
	},
	[0.6] = {
		0.556872,
		0.020156,
		-0.830353,
		0,
		-0.68752,
		-0.549759,
		-0.474427,
		0,
		-0.466057,
		0.83508,
		-0.292288,
		0,
		-0.174735,
		0.07505,
		-0.560582,
		1
	},
	[0.716666666667] = {
		0.530007,
		-0.241534,
		-0.812868,
		0,
		-0.814797,
		0.120529,
		-0.567079,
		0,
		0.234943,
		0.962878,
		-0.13292,
		0,
		0.216899,
		-0.260544,
		-0.394856,
		1
	},
	[0.733333333333] = {
		0.5307,
		-0.240496,
		-0.812724,
		0,
		-0.814896,
		0.118859,
		-0.56729,
		0,
		0.23303,
		0.963345,
		-0.132901,
		0,
		0.217525,
		-0.260122,
		-0.394791,
		1
	},
	[0.75] = {
		0.531523,
		-0.239198,
		-0.812568,
		0,
		-0.815041,
		0.11677,
		-0.567515,
		0,
		0.230632,
		0.963924,
		-0.13289,
		0,
		0.218287,
		-0.259592,
		-0.394718,
		1
	},
	[0.766666666667] = {
		0.532487,
		-0.23761,
		-0.812403,
		0,
		-0.815238,
		0.114217,
		-0.567751,
		0,
		0.227693,
		0.964622,
		-0.13289,
		0,
		0.219198,
		-0.258943,
		-0.39464,
		1
	},
	[0.783333333333] = {
		0.533599,
		-0.235702,
		-0.81223,
		0,
		-0.815491,
		0.11115,
		-0.567996,
		0,
		0.224157,
		0.965448,
		-0.132903,
		0,
		0.22027,
		-0.258162,
		-0.394555,
		1
	},
	[0.7] = {
		0.529436,
		-0.242342,
		-0.813,
		0,
		-0.81474,
		0.121828,
		-0.566884,
		0,
		0.236425,
		0.962512,
		-0.132946,
		0,
		0.216396,
		-0.260873,
		-0.394915,
		1
	},
	[0.816666666667] = {
		0.535826,
		-0.231861,
		-0.811869,
		0,
		-0.815974,
		0.104896,
		-0.568492,
		0,
		0.216973,
		0.967077,
		-0.132987,
		0,
		0.222433,
		-0.256585,
		-0.394371,
		1
	},
	[0.833333333333] = {
		0.536829,
		-0.230174,
		-0.811686,
		0,
		-0.816162,
		0.102074,
		-0.568735,
		0,
		0.21376,
		0.967781,
		-0.133063,
		0,
		0.223404,
		-0.255892,
		-0.394272,
		1
	},
	[0.85] = {
		0.537759,
		-0.22864,
		-0.811504,
		0,
		-0.816322,
		0.099448,
		-0.568971,
		0,
		0.210792,
		0.968418,
		-0.133165,
		0,
		0.224303,
		-0.255262,
		-0.39417,
		1
	},
	[0.866666666667] = {
		0.538617,
		-0.227256,
		-0.811324,
		0,
		-0.816458,
		0.097009,
		-0.569198,
		0,
		0.208059,
		0.968991,
		-0.133294,
		0,
		0.225132,
		-0.254694,
		-0.394065,
		1
	},
	[0.883333333333] = {
		0.539402,
		-0.226019,
		-0.811148,
		0,
		-0.816573,
		0.094751,
		-0.569412,
		0,
		0.205555,
		0.969504,
		-0.133452,
		0,
		0.225891,
		-0.254188,
		-0.393957,
		1
	},
	[0.8] = {
		0.534749,
		-0.233703,
		-0.812051,
		0,
		-0.815752,
		0.107919,
		-0.568245,
		0,
		0.220436,
		0.9663,
		-0.132934,
		0,
		0.221389,
		-0.257341,
		-0.394465,
		1
	},
	[0.916666666667] = {
		0.540757,
		-0.224172,
		-0.810758,
		0,
		-0.816762,
		0.090615,
		-0.569815,
		0,
		0.201204,
		0.970328,
		-0.134095,
		0,
		0.227205,
		-0.253454,
		-0.393674,
		1
	},
	[0.933333333333] = {
		0.541325,
		-0.223569,
		-0.810546,
		0,
		-0.816842,
		0.088714,
		-0.57,
		0,
		0.199341,
		0.970642,
		-0.134597,
		0,
		0.227762,
		-0.253229,
		-0.393497,
		1
	},
	[0.95] = {
		0.541821,
		-0.223143,
		-0.810331,
		0,
		-0.816917,
		0.086938,
		-0.570165,
		0,
		0.197677,
		0.970901,
		-0.135185,
		0,
		0.228253,
		-0.253083,
		-0.393306,
		1
	},
	[0.966666666667] = {
		0.542244,
		-0.222868,
		-0.810124,
		0,
		-0.816992,
		0.085295,
		-0.570306,
		0,
		0.196203,
		0.97111,
		-0.13583,
		0,
		0.22868,
		-0.253002,
		-0.39311,
		1
	},
	[0.983333333333] = {
		0.542594,
		-0.222717,
		-0.809931,
		0,
		-0.817069,
		0.083797,
		-0.570418,
		0,
		0.194912,
		0.971275,
		-0.136507,
		0,
		0.229044,
		-0.252975,
		-0.392915,
		1
	},
	[0.9] = {
		0.540116,
		-0.22498,
		-0.810962,
		0,
		-0.816673,
		0.092631,
		-0.569618,
		0,
		0.203273,
		0.96995,
		-0.133704,
		0,
		0.226581,
		-0.25377,
		-0.39383,
		1
	},
	[1.01666666667] = {
		0.543088,
		-0.222682,
		-0.80961,
		0,
		-0.817229,
		0.081273,
		-0.570553,
		0,
		0.192851,
		0.971498,
		-0.137844,
		0,
		0.229592,
		-0.25303,
		-0.39256,
		1
	},
	[1.03333333333] = {
		0.543268,
		-0.222744,
		-0.809472,
		0,
		-0.817293,
		0.080266,
		-0.570604,
		0,
		0.192072,
		0.971567,
		-0.138441,
		0,
		0.229795,
		-0.253087,
		-0.392404,
		1
	},
	[1.05] = {
		0.543411,
		-0.222823,
		-0.809354,
		0,
		-0.817344,
		0.079442,
		-0.570647,
		0,
		0.19145,
		0.971617,
		-0.138953,
		0,
		0.229958,
		-0.253147,
		-0.392271,
		1
	},
	[1.06666666667] = {
		0.543519,
		-0.222893,
		-0.809263,
		0,
		-0.817382,
		0.078812,
		-0.570679,
		0,
		0.19098,
		0.971652,
		-0.139353,
		0,
		0.23008,
		-0.253197,
		-0.392166,
		1
	},
	[1.08333333333] = {
		0.543594,
		-0.222927,
		-0.809203,
		0,
		-0.817409,
		0.078385,
		-0.5707,
		0,
		0.190654,
		0.971679,
		-0.139613,
		0,
		0.230165,
		-0.253225,
		-0.392099,
		1
	},
	[1.1] = {
		0.543638,
		-0.222897,
		-0.809182,
		0,
		-0.817424,
		0.07817,
		-0.570708,
		0,
		0.190463,
		0.971703,
		-0.139705,
		0,
		0.230215,
		-0.253217,
		-0.392075,
		1
	}
}

return spline_matrices
