local spline_matrices = {
	[0] = {
		0.33688,
		-0.908705,
		0.246508,
		0,
		0.939006,
		0.30503,
		-0.15882,
		0,
		0.069128,
		0.284976,
		0.956039,
		0,
		0.459736,
		0.023816,
		0.237714,
		1
	},
	[0.0333333333333] = {
		0.061081,
		-0.995322,
		0.074849,
		0,
		0.983577,
		0.072781,
		0.165164,
		0,
		-0.169839,
		0.063531,
		0.983422,
		0,
		0.451304,
		-0.036522,
		0.236095,
		1
	},
	[0.0666666666667] = {
		-0.08033,
		-0.803189,
		-0.590284,
		0,
		0.715621,
		-0.458703,
		0.526762,
		0,
		-0.693854,
		-0.380105,
		0.611626,
		0,
		0.437637,
		-0.136511,
		0.233776,
		1
	},
	[0.133333333333] = {
		0.607524,
		0.14275,
		-0.781369,
		0,
		0.770719,
		-0.343867,
		0.536421,
		0,
		-0.192113,
		-0.928105,
		-0.318927,
		0,
		0.460208,
		0.028612,
		0.236267,
		1
	},
	[0.166666666667] = {
		0.607275,
		0.141774,
		-0.78174,
		0,
		0.753718,
		0.208357,
		0.623294,
		0,
		0.251248,
		-0.967723,
		0.019673,
		0,
		0.490462,
		0.310211,
		0.236782,
		1
	},
	[0.1] = {
		0.39462,
		-0.192472,
		-0.89846,
		0,
		0.613977,
		-0.672237,
		0.413679,
		0,
		-0.683599,
		-0.714879,
		-0.147105,
		0,
		0.43522,
		-0.155428,
		0.233625,
		1
	},
	[0.233333333333] = {
		0.581298,
		0.089233,
		-0.808783,
		0,
		0.251129,
		0.925771,
		0.282635,
		0,
		0.773969,
		-0.367404,
		0.515739,
		0,
		0.289669,
		0.544636,
		0.13935,
		1
	},
	[0.266666666667] = {
		0.572133,
		0.0721,
		-0.816986,
		0,
		-0.143047,
		0.989633,
		-0.012839,
		0,
		0.80759,
		0.124213,
		0.576515,
		0,
		0.165943,
		0.582572,
		0.078472,
		1
	},
	[0.2] = {
		0.598326,
		0.123057,
		-0.791747,
		0,
		0.552666,
		0.652073,
		0.519,
		0,
		0.580143,
		-0.748103,
		0.322143,
		0,
		0.425723,
		0.45224,
		0.204687,
		1
	},
	[0.333333333333] = {
		0.573471,
		0.077226,
		-0.815578,
		0,
		-0.8055,
		0.234627,
		-0.544168,
		0,
		0.149332,
		0.969013,
		0.196758,
		0,
		0.02931,
		0.589481,
		-0.001297,
		1
	},
	[0.366666666667] = {
		0.571096,
		0.085134,
		-0.816457,
		0,
		-0.791986,
		-0.204436,
		-0.575295,
		0,
		-0.21589,
		0.975171,
		-0.049328,
		0,
		-0.049348,
		0.579381,
		-0.048361,
		1
	},
	[0.3] = {
		0.572773,
		0.074385,
		-0.816332,
		0,
		-0.574443,
		0.746854,
		-0.335,
		0,
		0.584761,
		0.660815,
		0.470508,
		0,
		0.09164,
		0.58829,
		0.037198,
		1
	},
	[0.433333333333] = {
		0.556563,
		0.110453,
		-0.82343,
		0,
		-0.635693,
		-0.581517,
		-0.507674,
		0,
		-0.534913,
		0.806002,
		-0.253436,
		0,
		-0.319923,
		0.4455,
		-0.179971,
		1
	},
	[0.466666666667] = {
		0.557488,
		0.10568,
		-0.823431,
		0,
		-0.595346,
		-0.640383,
		-0.485255,
		0,
		-0.578593,
		0.760751,
		-0.29409,
		0,
		-0.373502,
		0.331905,
		-0.218913,
		1
	},
	[0.4] = {
		0.554935,
		0.113447,
		-0.824122,
		0,
		-0.714255,
		-0.4429,
		-0.541923,
		0,
		-0.426483,
		0.889365,
		-0.16475,
		0,
		-0.194267,
		0.515899,
		-0.128169,
		1
	},
	[0.533333333333] = {
		-0.016603,
		0.203301,
		-0.978976,
		0,
		-0.081189,
		-0.976151,
		-0.201337,
		0,
		-0.99656,
		0.076139,
		0.032713,
		0,
		-0.356285,
		0.041485,
		-0.355535,
		1
	},
	[0.566666666667] = {
		0.124856,
		0.064685,
		-0.990064,
		0,
		0.627539,
		-0.77807,
		0.028304,
		0,
		-0.768508,
		-0.624838,
		-0.137739,
		0,
		-0.324643,
		-0.08564,
		-0.422858,
		1
	},
	[0.5] = {
		0.300522,
		0.200445,
		-0.932474,
		0,
		-0.516463,
		-0.78773,
		-0.335779,
		0,
		-0.801843,
		0.582497,
		-0.133208,
		0,
		-0.371148,
		0.187139,
		-0.280537,
		1
	},
	[0.633333333333] = {
		0.707174,
		0.110842,
		-0.698298,
		0,
		0.656109,
		-0.470933,
		0.589697,
		0,
		-0.263488,
		-0.875178,
		-0.405756,
		0,
		-0.157813,
		-0.285217,
		-0.434777,
		1
	},
	[0.666666666667] = {
		0.985561,
		-0.165099,
		-0.03757,
		0,
		0.001717,
		-0.212134,
		0.977239,
		0,
		-0.169311,
		-0.963193,
		-0.208787,
		0,
		0.005826,
		-0.397127,
		-0.379636,
		1
	},
	[0.6] = {
		0.29811,
		0.220967,
		-0.928603,
		0,
		0.772905,
		-0.626753,
		0.098987,
		0,
		-0.560132,
		-0.747231,
		-0.357628,
		0,
		-0.271174,
		-0.182548,
		-0.456996,
		1
	},
	[0.733333333333] = {
		0.8147,
		-0.502205,
		0.289922,
		0,
		-0.463877,
		-0.264403,
		0.845523,
		0,
		-0.347969,
		-0.823336,
		-0.44837,
		0,
		0.130645,
		-0.518169,
		-0.317262,
		1
	},
	[0.766666666667] = {
		0.829182,
		-0.543379,
		0.131133,
		0,
		-0.415051,
		-0.441362,
		0.79557,
		0,
		-0.374419,
		-0.7141,
		-0.5915,
		0,
		0.101244,
		-0.521772,
		-0.333718,
		1
	},
	[0.7] = {
		0.79559,
		-0.428486,
		0.428295,
		0,
		-0.507731,
		-0.085888,
		0.857224,
		0,
		-0.330523,
		-0.899457,
		-0.285887,
		0,
		0.132615,
		-0.488498,
		-0.325445,
		1
	},
	[0.833333333333] = {
		0.835335,
		-0.511581,
		-0.201246,
		0,
		-0.310253,
		-0.740912,
		0.595644,
		0,
		-0.453826,
		-0.435126,
		-0.777629,
		0,
		0.006456,
		-0.484312,
		-0.398982,
		1
	},
	[0.866666666667] = {
		0.817304,
		-0.449554,
		-0.360437,
		0,
		-0.269628,
		-0.851207,
		0.450274,
		0,
		-0.509229,
		-0.270827,
		-0.816908,
		0,
		-0.043234,
		-0.454811,
		-0.436744,
		1
	},
	[0.8] = {
		0.838982,
		-0.543118,
		-0.03364,
		0,
		-0.360713,
		-0.601368,
		0.712912,
		0,
		-0.407425,
		-0.585986,
		-0.700447,
		0,
		0.058197,
		-0.509146,
		-0.361539,
		1
	},
	[0.933333333333] = {
		0.743808,
		-0.254312,
		-0.618122,
		0,
		-0.241706,
		-0.964544,
		0.105986,
		0,
		-0.623159,
		0.07057,
		-0.778905,
		0,
		-0.097434,
		-0.412358,
		-0.480998,
		1
	},
	[0.9] = {
		0.78559,
		-0.361779,
		-0.501961,
		0,
		-0.245168,
		-0.926854,
		0.284314,
		0,
		-0.568104,
		-0.10029,
		-0.816823,
		0,
		-0.081259,
		-0.427644,
		-0.467011,
		1
	}
}

return spline_matrices
