local spline_matrices = {
	[0] = {
		-0.406787,
		0.020207,
		0.9133,
		0,
		-0.892166,
		0.206127,
		-0.401935,
		0,
		-0.196378,
		-0.978317,
		-0.065822,
		0,
		-0.312068,
		-0.06155,
		-0.317573,
		1
	},
	{
		0.552016,
		-0.558902,
		-0.618794,
		0,
		-0.824977,
		-0.473952,
		-0.307868,
		0,
		-0.12121,
		0.680439,
		-0.722711,
		0,
		-0.032993,
		0.096109,
		-0.616609,
		1
	},
	[0.0166666666667] = {
		-0.368344,
		0.068769,
		0.927142,
		0,
		-0.918715,
		0.125849,
		-0.374331,
		0,
		-0.142423,
		-0.989663,
		0.016823,
		0,
		-0.339023,
		-0.076056,
		-0.269155,
		1
	},
	[0.0333333333333] = {
		-0.307141,
		0.089818,
		0.947416,
		0,
		-0.950491,
		0.020465,
		-0.310078,
		0,
		-0.047239,
		-0.995748,
		0.079085,
		0,
		-0.361289,
		-0.092806,
		-0.216727,
		1
	},
	[0.05] = {
		0.450466,
		-0.755648,
		0.475475,
		0,
		-0.840995,
		-0.180382,
		0.510088,
		0,
		-0.29968,
		-0.62965,
		-0.716752,
		0,
		-0.41695,
		-0.06861,
		-0.219015,
		1
	},
	[0.0666666666667] = {
		-0.125572,
		0.108748,
		0.986106,
		0,
		-0.973998,
		-0.202447,
		-0.101705,
		0,
		0.188574,
		-0.973236,
		0.131342,
		0,
		-0.393177,
		-0.124424,
		-0.141737,
		1
	},
	[0.0833333333333] = {
		-0.284013,
		0.350235,
		0.892565,
		0,
		-0.934742,
		-0.308449,
		-0.176401,
		0,
		0.213529,
		-0.884418,
		0.414983,
		0,
		-0.408339,
		-0.133093,
		-0.088685,
		1
	},
	[0.116666666667] = {
		-0.012168,
		0.290075,
		0.956927,
		0,
		-0.958015,
		-0.277544,
		0.07195,
		0,
		0.28646,
		-0.915875,
		0.281273,
		0,
		-0.380161,
		-0.1417,
		-0.039422,
		1
	},
	[0.133333333333] = {
		0.205607,
		0.17434,
		0.962981,
		0,
		-0.924021,
		-0.289536,
		0.249707,
		0,
		0.322351,
		-0.941156,
		0.101563,
		0,
		-0.35063,
		-0.149434,
		-0.027344,
		1
	},
	[0.15] = {
		0.490458,
		-0.004328,
		0.871454,
		0,
		-0.788427,
		-0.428216,
		0.441603,
		0,
		0.371259,
		-0.903666,
		-0.213434,
		0,
		-0.308015,
		-0.027531,
		-0.033489,
		1
	},
	[0.166666666667] = {
		0.716415,
		-0.163235,
		0.678309,
		0,
		-0.645726,
		-0.523279,
		0.556074,
		0,
		0.264174,
		-0.836381,
		-0.48029,
		0,
		-0.276451,
		0.170606,
		-0.044271,
		1
	},
	[0.183333333333] = {
		0.70227,
		-0.26713,
		0.659893,
		0,
		-0.710104,
		-0.328835,
		0.622591,
		0,
		0.050683,
		-0.90582,
		-0.420621,
		0,
		-0.244549,
		0.309796,
		-0.032483,
		1
	},
	[0.1] = {
		-0.21191,
		0.374953,
		0.902499,
		0,
		-0.94638,
		-0.309147,
		-0.093775,
		0,
		0.243844,
		-0.873978,
		0.420359,
		0,
		-0.39995,
		-0.136405,
		-0.057648,
		1
	},
	[0.216666666667] = {
		0.5597,
		-0.332736,
		0.758962,
		0,
		-0.617831,
		0.442827,
		0.649761,
		0,
		-0.552287,
		-0.832581,
		0.042276,
		0,
		-0.148068,
		0.542661,
		-0.005438,
		1
	},
	[0.233333333333] = {
		0.522693,
		-0.294131,
		0.800174,
		0,
		-0.295972,
		0.81761,
		0.493876,
		0,
		-0.799495,
		-0.494975,
		0.340304,
		0,
		-0.112106,
		0.631922,
		-0.001107,
		1
	},
	[0.25] = {
		0.500857,
		-0.241292,
		0.831216,
		0,
		0.084196,
		0.969383,
		0.230667,
		0,
		-0.861425,
		-0.045546,
		0.505838,
		0,
		-0.060262,
		0.701083,
		-0.016334,
		1
	},
	[0.266666666667] = {
		0.484454,
		-0.173995,
		0.857339,
		0,
		0.436868,
		0.89719,
		-0.064777,
		0,
		-0.757925,
		0.405926,
		0.51066,
		0,
		0.012273,
		0.719521,
		-0.056714,
		1
	},
	[0.283333333333] = {
		0.473304,
		-0.111472,
		0.873818,
		0,
		0.726753,
		0.609985,
		-0.31583,
		0,
		-0.49781,
		0.784533,
		0.369721,
		0,
		0.098242,
		0.703501,
		-0.113941,
		1
	},
	[0.2] = {
		0.614489,
		-0.324585,
		0.719061,
		0,
		-0.754207,
		0.025719,
		0.656133,
		0,
		-0.231464,
		-0.945507,
		-0.229,
		0,
		-0.20186,
		0.441623,
		-0.018508,
		1
	},
	[0.316666666667] = {
		0.400818,
		0.062807,
		0.914002,
		0,
		0.881959,
		-0.296488,
		-0.366392,
		0,
		0.247979,
		0.952969,
		-0.174231,
		0,
		0.310904,
		0.591298,
		-0.254006,
		1
	},
	[0.333333333333] = {
		0.495358,
		0.06113,
		0.866535,
		0,
		0.822336,
		-0.354493,
		-0.445083,
		0,
		0.279973,
		0.933058,
		-0.22587,
		0,
		0.448709,
		0.517773,
		-0.361474,
		1
	},
	[0.35] = {
		0.587627,
		0.034346,
		0.808402,
		0,
		0.770363,
		-0.329304,
		-0.545985,
		0,
		0.247458,
		0.943599,
		-0.219967,
		0,
		0.564467,
		0.446488,
		-0.427912,
		1
	},
	[0.366666666667] = {
		0.611349,
		0.075192,
		0.787781,
		0,
		0.737045,
		-0.416543,
		-0.532218,
		0,
		0.288126,
		0.906001,
		-0.310073,
		0,
		0.613003,
		0.362299,
		-0.410687,
		1
	},
	[0.383333333333] = {
		0.617316,
		0.074586,
		0.783172,
		0,
		0.685459,
		-0.539547,
		-0.488912,
		0,
		0.386092,
		0.838646,
		-0.384196,
		0,
		0.6382,
		0.278325,
		-0.390742,
		1
	},
	[0.3] = {
		0.425344,
		-0.081672,
		0.901339,
		0,
		0.898375,
		0.158671,
		-0.409567,
		0,
		-0.109566,
		0.983948,
		0.140862,
		0,
		0.197714,
		0.658905,
		-0.169887,
		1
	},
	[0.416666666667] = {
		0.596976,
		-0.131679,
		0.791379,
		0,
		0.385533,
		-0.817982,
		-0.426932,
		0,
		0.703551,
		0.55997,
		-0.437549,
		0,
		0.678733,
		0.135895,
		-0.445039,
		1
	},
	[0.433333333333] = {
		0.599186,
		-0.143682,
		0.787611,
		0,
		0.308118,
		-0.866608,
		-0.392498,
		0,
		0.738945,
		0.477856,
		-0.474989,
		0,
		0.687361,
		0.095017,
		-0.469345,
		1
	},
	[0.45] = {
		0.624527,
		-0.142396,
		0.767912,
		0,
		0.214394,
		-0.914208,
		-0.343887,
		0,
		0.751,
		0.379403,
		-0.540419,
		0,
		0.698513,
		0.052002,
		-0.505045,
		1
	},
	[0.466666666667] = {
		0.711962,
		-0.136063,
		0.68891,
		0,
		-0.004236,
		-0.981863,
		-0.189545,
		0,
		0.702205,
		0.132031,
		-0.699625,
		0,
		0.73147,
		-0.039379,
		-0.608318,
		1
	},
	[0.483333333333] = {
		0.799865,
		-0.157777,
		0.57907,
		0,
		-0.190961,
		-0.981591,
		-0.003677,
		0,
		0.56899,
		-0.107638,
		-0.815269,
		0,
		0.737268,
		-0.11852,
		-0.693068,
		1
	},
	[0.4] = {
		0.594764,
		-0.103185,
		0.797251,
		0,
		0.532573,
		-0.692302,
		-0.486912,
		0,
		0.60218,
		0.714192,
		-0.356803,
		0,
		0.661657,
		0.218299,
		-0.400782,
		1
	},
	[0.516666666667] = {
		0.85211,
		-0.222113,
		0.473893,
		0,
		-0.322525,
		-0.935963,
		0.141249,
		0,
		0.412173,
		-0.273202,
		-0.86918,
		0,
		0.654888,
		-0.192645,
		-0.709639,
		1
	},
	[0.533333333333] = {
		0.861003,
		-0.24597,
		0.445166,
		0,
		-0.348023,
		-0.923205,
		0.163014,
		0,
		0.370882,
		-0.295283,
		-0.880485,
		0,
		0.623761,
		-0.20965,
		-0.71267,
		1
	},
	[0.55] = {
		0.87294,
		-0.296184,
		0.387621,
		0,
		-0.393609,
		-0.897037,
		0.200992,
		0,
		0.28818,
		-0.328025,
		-0.89964,
		0,
		0.567025,
		-0.232746,
		-0.720428,
		1
	},
	[0.566666666667] = {
		0.876738,
		-0.349286,
		0.330649,
		0,
		-0.427522,
		-0.880908,
		0.203044,
		0,
		0.220351,
		-0.319376,
		-0.921653,
		0,
		0.512933,
		-0.238246,
		-0.725875,
		1
	},
	[0.583333333333] = {
		0.873849,
		-0.408048,
		0.264359,
		0,
		-0.45957,
		-0.870695,
		0.175176,
		0,
		0.158696,
		-0.274569,
		-0.948382,
		0,
		0.459454,
		-0.227362,
		-0.726101,
		1
	},
	[0.5] = {
		0.83901,
		-0.198975,
		0.50643,
		0,
		-0.287108,
		-0.952514,
		0.101417,
		0,
		0.462202,
		-0.23049,
		-0.856296,
		0,
		0.685683,
		-0.170476,
		-0.706243,
		1
	},
	[0.616666666667] = {
		0.846111,
		-0.523797,
		0.098658,
		0,
		-0.531235,
		-0.843809,
		0.076005,
		0,
		0.043437,
		-0.116719,
		-0.992215,
		0,
		0.347245,
		-0.180558,
		-0.719081,
		1
	},
	[0.633333333333] = {
		0.834164,
		-0.549108,
		0.051485,
		0,
		-0.551239,
		-0.833064,
		0.046252,
		0,
		0.017493,
		-0.066963,
		-0.997602,
		0,
		0.318859,
		-0.165231,
		-0.715706,
		1
	},
	[0.65] = {
		0.82031,
		-0.571917,
		0.00157,
		0,
		-0.571888,
		-0.820233,
		0.012717,
		0,
		-0.005985,
		-0.01133,
		-0.999918,
		0,
		0.290772,
		-0.148151,
		-0.711691,
		1
	},
	[0.666666666667] = {
		0.788426,
		-0.606755,
		-0.101154,
		0,
		-0.61333,
		-0.787986,
		-0.053885,
		0,
		-0.047013,
		0.104525,
		-0.99341,
		0,
		0.235957,
		-0.111259,
		-0.701854,
		1
	},
	[0.683333333333] = {
		0.751877,
		-0.626771,
		-0.204545,
		0,
		-0.654622,
		-0.746606,
		-0.118528,
		0,
		-0.078425,
		0.223019,
		-0.971654,
		0,
		0.183813,
		-0.072447,
		-0.689818,
		1
	},
	[0.6] = {
		0.863826,
		-0.467827,
		0.186927,
		0,
		-0.493953,
		-0.859464,
		0.131651,
		0,
		0.099067,
		-0.206057,
		-0.973512,
		0,
		0.403834,
		-0.20766,
		-0.723854,
		1
	},
	[0.716666666667] = {
		0.67486,
		-0.624897,
		-0.392515,
		0,
		-0.729262,
		-0.646109,
		-0.225209,
		0,
		-0.112876,
		0.438231,
		-0.891747,
		0,
		0.091623,
		0.0024,
		-0.661872,
		1
	},
	[0.733333333333] = {
		0.639396,
		-0.609582,
		-0.468596,
		0,
		-0.759596,
		-0.595219,
		-0.262161,
		0,
		-0.119109,
		0.523568,
		-0.843617,
		0,
		0.053273,
		0.03439,
		-0.647996,
		1
	},
	[0.75] = {
		0.608565,
		-0.591159,
		-0.52932,
		0,
		-0.784149,
		-0.550161,
		-0.287111,
		0,
		-0.121483,
		0.589792,
		-0.798365,
		0,
		0.021035,
		0.060369,
		-0.635794,
		1
	},
	[0.766666666667] = {
		0.594372,
		-0.582111,
		-0.55486,
		0,
		-0.794905,
		-0.529812,
		-0.295678,
		0,
		-0.121854,
		0.616803,
		-0.777628,
		0,
		0.006759,
		0.07114,
		-0.630412,
		1
	},
	[0.783333333333] = {
		0.583193,
		-0.575323,
		-0.573489,
		0,
		-0.803046,
		-0.514767,
		-0.300221,
		0,
		-0.122489,
		0.635625,
		-0.762219,
		0,
		-0.004384,
		0.078601,
		-0.62651,
		1
	},
	[0.7] = {
		0.713141,
		-0.63202,
		-0.303283,
		0,
		-0.693848,
		-0.698098,
		-0.176732,
		0,
		-0.100023,
		0.336467,
		-0.936368,
		0,
		0.135397,
		-0.03386,
		-0.676189,
		1
	},
	[0.816666666667] = {
		0.548886,
		-0.551371,
		-0.628263,
		0,
		-0.826659,
		-0.469488,
		-0.310187,
		0,
		-0.123934,
		0.689617,
		-0.713491,
		0,
		-0.038713,
		0.100719,
		-0.614508,
		1
	},
	[0.833333333333] = {
		0.537952,
		-0.542993,
		-0.6448,
		0,
		-0.833852,
		-0.454995,
		-0.312522,
		0,
		-0.123683,
		0.70579,
		-0.697541,
		0,
		-0.04954,
		0.107645,
		-0.610615,
		1
	},
	[0.85] = {
		0.533314,
		-0.539625,
		-0.651445,
		0,
		-0.83688,
		-0.448843,
		-0.313323,
		0,
		-0.12332,
		0.712282,
		-0.690976,
		0,
		-0.053967,
		0.110434,
		-0.60901,
		1
	},
	[0.866666666667] = {
		0.530374,
		-0.537637,
		-0.655477,
		0,
		-0.838798,
		-0.444945,
		-0.313753,
		0,
		-0.122966,
		0.716219,
		-0.686957,
		0,
		-0.056695,
		0.112123,
		-0.608021,
		1
	},
	[0.883333333333] = {
		0.526187,
		-0.534513,
		-0.66138,
		0,
		-0.841491,
		-0.439382,
		-0.314382,
		0,
		-0.122557,
		0.721969,
		-0.680985,
		0,
		-0.060698,
		0.114633,
		-0.606563,
		1
	},
	[0.8] = {
		0.56383,
		-0.562289,
		-0.604919,
		0,
		-0.816573,
		-0.48925,
		-0.306337,
		0,
		-0.123707,
		0.666683,
		-0.735004,
		0,
		-0.023817,
		0.091145,
		-0.619782,
		1
	},
	[0.916666666667] = {
		0.525674,
		-0.53503,
		-0.661369,
		0,
		-0.841887,
		-0.43873,
		-0.314233,
		0,
		-0.122038,
		0.721982,
		-0.681064,
		0,
		-0.06075,
		0.114527,
		-0.606559,
		1
	},
	[0.933333333333] = {
		0.528561,
		-0.537997,
		-0.656644,
		0,
		-0.840095,
		-0.4426,
		-0.313601,
		0,
		-0.121914,
		0.717401,
		-0.68591,
		0,
		-0.057598,
		0.112419,
		-0.60772,
		1
	},
	[0.95] = {
		0.533028,
		-0.542259,
		-0.64949,
		0,
		-0.837282,
		-0.448577,
		-0.312629,
		0,
		-0.12182,
		0.710446,
		-0.693128,
		0,
		-0.052853,
		0.109274,
		-0.609457,
		1
	},
	[0.966666666667] = {
		0.538685,
		-0.547418,
		-0.640431,
		0,
		-0.833671,
		-0.456143,
		-0.31133,
		0,
		-0.121701,
		0.701617,
		-0.702084,
		0,
		-0.046908,
		0.105339,
		-0.611616,
		1
	},
	[0.983333333333] = {
		0.545145,
		-0.553088,
		-0.630008,
		0,
		-0.829489,
		-0.464777,
		-0.309726,
		0,
		-0.121508,
		0.691431,
		-0.712151,
		0,
		-0.040156,
		0.100866,
		-0.61405,
		1
	},
	[0.9] = {
		0.524752,
		-0.533748,
		-0.663135,
		0,
		-0.842432,
		-0.437485,
		-0.314508,
		0,
		-0.122243,
		0.723685,
		-0.679217,
		0,
		-0.061915,
		0.115348,
		-0.606124,
		1
	},
	[1.01666666667] = {
		0.555856,
		-0.562203,
		-0.612333,
		0,
		-0.822436,
		-0.479091,
		-0.306711,
		0,
		-0.12093,
		0.674091,
		-0.728682,
		0,
		-0.028924,
		0.093368,
		-0.618056,
		1
	},
	[1.03333333333] = {
		0.558786,
		-0.564734,
		-0.607316,
		0,
		-0.820486,
		-0.483019,
		-0.30577,
		0,
		-0.120666,
		0.669155,
		-0.733261,
		0,
		-0.025799,
		0.091244,
		-0.619163,
		1
	},
	[1.05] = {
		0.561699,
		-0.567192,
		-0.602318,
		0,
		-0.818534,
		-0.486922,
		-0.304809,
		0,
		-0.120396,
		0.664229,
		-0.73777,
		0,
		-0.022698,
		0.089137,
		-0.620257,
		1
	},
	[1.06666666667] = {
		0.565209,
		-0.570028,
		-0.596328,
		0,
		-0.816161,
		-0.491615,
		-0.303638,
		0,
		-0.120081,
		0.658318,
		-0.7431,
		0,
		-0.019002,
		0.086639,
		-0.621554,
		1
	},
	[1.08333333333] = {
		0.570962,
		-0.574395,
		-0.586578,
		0,
		-0.812221,
		-0.499282,
		-0.301686,
		0,
		-0.119581,
		0.648682,
		-0.751606,
		0,
		-0.013016,
		0.082632,
		-0.623635,
		1
	},
	[1.11666666667] = {
		0.578566,
		-0.580022,
		-0.573442,
		0,
		-0.806944,
		-0.509417,
		-0.298891,
		0,
		-0.118758,
		0.635664,
		-0.762776,
		0,
		-0.005061,
		0.077273,
		-0.626375,
		1
	},
	[1.13333333333] = {
		0.579634,
		-0.580863,
		-0.571509,
		0,
		-0.806201,
		-0.510851,
		-0.29845,
		0,
		-0.118597,
		0.633743,
		-0.764398,
		0,
		-0.00391,
		0.076473,
		-0.626771,
		1
	},
	[1.15] = {
		0.579602,
		-0.580923,
		-0.571481,
		0,
		-0.806229,
		-0.51082,
		-0.298425,
		0,
		-0.118562,
		0.633713,
		-0.764429,
		0,
		-0.003906,
		0.076443,
		-0.626774,
		1
	},
	[1.16666666667] = {
		0.579582,
		-0.580959,
		-0.571464,
		0,
		-0.806246,
		-0.510802,
		-0.29841,
		0,
		-0.118541,
		0.633694,
		-0.764448,
		0,
		-0.003903,
		0.076424,
		-0.626777,
		1
	},
	[1.18333333333] = {
		0.579576,
		-0.580972,
		-0.571458,
		0,
		-0.806252,
		-0.510796,
		-0.298405,
		0,
		-0.118534,
		0.633687,
		-0.764454,
		0,
		-0.003902,
		0.076418,
		-0.626777,
		1
	},
	[1.1] = {
		0.575545,
		-0.577795,
		-0.578706,
		0,
		-0.809049,
		-0.505389,
		-0.300036,
		0,
		-0.119112,
		0.640886,
		-0.758339,
		0,
		-0.008233,
		0.079417,
		-0.625286,
		1
	}
}

return spline_matrices
