local spline_matrices = {
	[0] = {
		0.962781,
		0.121705,
		-0.241331,
		0,
		-0.25,
		0.061631,
		-0.966283,
		0,
		-0.102728,
		0.990651,
		0.089763,
		0,
		0.343206,
		-0.636951,
		-0.342493,
		1
	},
	{
		0.939982,
		0.074284,
		0.333041,
		0,
		0.315809,
		0.180239,
		-0.931547,
		0,
		-0.129226,
		0.980814,
		0.145962,
		0,
		0.307896,
		-0.38932,
		-0.286393,
		1
	},
	[0.0333333333333] = {
		0.962781,
		0.121705,
		-0.241331,
		0,
		-0.25,
		0.061631,
		-0.966283,
		0,
		-0.102728,
		0.990651,
		0.089763,
		0,
		0.343206,
		-0.636951,
		-0.342493,
		1
	},
	[0.0666666666667] = {
		0.962781,
		0.121705,
		-0.241331,
		0,
		-0.25,
		0.061631,
		-0.966283,
		0,
		-0.102728,
		0.990651,
		0.089763,
		0,
		0.343206,
		-0.636951,
		-0.342493,
		1
	},
	[0.133333333333] = {
		0.962781,
		0.121705,
		-0.241331,
		0,
		-0.25,
		0.061631,
		-0.966283,
		0,
		-0.102728,
		0.990651,
		0.089763,
		0,
		0.343206,
		-0.636951,
		-0.342493,
		1
	},
	[0.166666666667] = {
		0.962781,
		0.121705,
		-0.241331,
		0,
		-0.25,
		0.061631,
		-0.966283,
		0,
		-0.102728,
		0.990651,
		0.089763,
		0,
		0.343206,
		-0.636951,
		-0.342493,
		1
	},
	[0.1] = {
		0.962781,
		0.121705,
		-0.241331,
		0,
		-0.25,
		0.061631,
		-0.966283,
		0,
		-0.102728,
		0.990651,
		0.089763,
		0,
		0.343206,
		-0.636951,
		-0.342493,
		1
	},
	[0.233333333333] = {
		0.962268,
		0.127251,
		-0.240513,
		0,
		-0.249858,
		0.063196,
		-0.966218,
		0,
		-0.107753,
		0.989855,
		0.092606,
		0,
		0.346565,
		-0.634213,
		-0.344187,
		1
	},
	[0.266666666667] = {
		0.962113,
		0.129252,
		-0.240068,
		0,
		-0.249686,
		0.063981,
		-0.966211,
		0,
		-0.109524,
		0.989546,
		0.093829,
		0,
		0.347783,
		-0.633164,
		-0.344889,
		1
	},
	[0.2] = {
		0.962388,
		0.125881,
		-0.240757,
		0,
		-0.249927,
		0.062757,
		-0.966229,
		0,
		-0.106521,
		0.990058,
		0.091858,
		0,
		0.345732,
		-0.634904,
		-0.34375,
		1
	},
	[0.333333333333] = {
		0.961947,
		0.064288,
		0.265565,
		0,
		0.25323,
		0.1553,
		-0.954859,
		0,
		-0.102629,
		0.985773,
		0.13311,
		0,
		0.11314,
		0.476707,
		-0.133553,
		1
	},
	[0.366666666667] = {
		0.952642,
		0.051014,
		0.299784,
		0,
		0.28948,
		0.149804,
		-0.945389,
		0,
		-0.093137,
		0.987399,
		0.127942,
		0,
		0.075028,
		0.677834,
		-0.097816,
		1
	},
	[0.3] = {
		0.991727,
		0.093493,
		0.087961,
		0,
		0.075804,
		0.126457,
		-0.989071,
		0,
		-0.103595,
		0.987556,
		0.118324,
		0,
		0.291415,
		-0.248319,
		-0.291804,
		1
	},
	[0.433333333333] = {
		0.951149,
		0.046178,
		0.30526,
		0,
		0.296306,
		0.141157,
		-0.944604,
		0,
		-0.086709,
		0.98891,
		0.120579,
		0,
		0.083491,
		0.695608,
		-0.102398,
		1
	},
	[0.466666666667] = {
		0.933948,
		0.041248,
		0.35502,
		0,
		0.345701,
		0.147899,
		-0.926616,
		0,
		-0.090728,
		0.988142,
		0.12387,
		0,
		0.087666,
		0.695461,
		-0.103828,
		1
	},
	[0.4] = {
		0.952839,
		0.04654,
		0.299885,
		0,
		0.290882,
		0.14164,
		-0.946216,
		0,
		-0.086513,
		0.988824,
		0.121423,
		0,
		0.081321,
		0.692059,
		-0.101187,
		1
	},
	[0.533333333333] = {
		0.876706,
		0.025261,
		0.480363,
		0,
		0.470527,
		0.162469,
		-0.867299,
		0,
		-0.099953,
		0.98639,
		0.130551,
		0,
		0.093689,
		0.695008,
		-0.104524,
		1
	},
	[0.566666666667] = {
		0.857398,
		0.018904,
		0.514307,
		0,
		0.504422,
		0.167409,
		-0.847073,
		0,
		-0.102113,
		0.985706,
		0.134,
		0,
		0.092299,
		0.696426,
		-0.101686,
		1
	},
	[0.5] = {
		0.901292,
		0.032327,
		0.432005,
		0,
		0.422325,
		0.156604,
		-0.892814,
		0,
		-0.096515,
		0.987132,
		0.127494,
		0,
		0.092936,
		0.694192,
		-0.10528,
		1
	},
	[0.633333333333] = {
		0.824847,
		0.011973,
		0.56523,
		0,
		0.554798,
		0.175175,
		-0.813334,
		0,
		-0.108752,
		0.984465,
		0.13785,
		0,
		0.089,
		0.699319,
		-0.093481,
		1
	},
	[0.666666666667] = {
		0.809164,
		0.01355,
		0.587427,
		0,
		0.576038,
		0.178909,
		-0.797603,
		0,
		-0.115904,
		0.983772,
		0.136961,
		0,
		0.087367,
		0.69968,
		-0.090181,
		1
	},
	[0.6] = {
		0.840463,
		0.014132,
		0.541685,
		0,
		0.531672,
		0.171517,
		-0.829402,
		0,
		-0.10463,
		0.98508,
		0.13664,
		0,
		0.090666,
		0.698055,
		-0.097651,
		1
	},
	[0.733333333333] = {
		0.779411,
		0.030209,
		0.625784,
		0,
		0.610767,
		0.185889,
		-0.769681,
		0,
		-0.139578,
		0.982106,
		0.126433,
		0,
		0.09286,
		0.697995,
		-0.084056,
		1
	},
	[0.766666666667] = {
		0.766565,
		0.040911,
		0.640862,
		0,
		0.623915,
		0.188789,
		-0.758346,
		0,
		-0.152012,
		0.981165,
		0.119195,
		0,
		0.097395,
		0.694904,
		-0.080241,
		1
	},
	[0.7] = {
		0.793455,
		0.019852,
		0.608306,
		0,
		0.595308,
		0.182656,
		-0.782461,
		0,
		-0.126644,
		0.982976,
		0.133111,
		0,
		0.088796,
		0.699256,
		-0.087562,
		1
	},
	[0.833333333333] = {
		0.745751,
		0.047209,
		0.664551,
		0,
		0.645044,
		0.198354,
		-0.737952,
		0,
		-0.166654,
		0.978993,
		0.117471,
		0,
		0.105365,
		0.671566,
		-0.077826,
		1
	},
	[0.866666666667] = {
		0.748439,
		0.051424,
		0.661207,
		0,
		0.639637,
		0.207443,
		-0.740157,
		0,
		-0.175225,
		0.976894,
		0.122366,
		0,
		0.125695,
		0.613472,
		-0.0902,
		1
	},
	[0.8] = {
		0.754788,
		0.048299,
		0.654189,
		0,
		0.635786,
		0.191619,
		-0.747702,
		0,
		-0.161468,
		0.98028,
		0.113924,
		0,
		0.100713,
		0.68874,
		-0.076287,
		1
	},
	[0.933333333333] = {
		0.871781,
		0.065099,
		0.485552,
		0,
		0.463805,
		0.209465,
		-0.860819,
		0,
		-0.157745,
		0.975647,
		0.152414,
		0,
		0.216692,
		0.125937,
		-0.191234,
		1
	},
	[0.966666666667] = {
		0.922006,
		0.072686,
		0.380291,
		0,
		0.360639,
		0.196138,
		-0.911849,
		0,
		-0.140868,
		0.977879,
		0.154627,
		0,
		0.269415,
		-0.174493,
		-0.247966,
		1
	},
	[0.9] = {
		0.801976,
		0.05554,
		0.594768,
		0,
		0.572321,
		0.213783,
		-0.791673,
		0,
		-0.171121,
		0.975301,
		0.139662,
		0,
		0.175554,
		0.40323,
		-0.138179,
		1
	},
	[1.03333333333] = {
		0.938933,
		0.051577,
		0.340212,
		0,
		0.328256,
		0.162294,
		-0.930542,
		0,
		-0.103209,
		0.985394,
		0.135453,
		0,
		0.327953,
		-0.516695,
		-0.304318,
		1
	},
	[1.06666666667] = {
		0.934251,
		0.000114,
		0.356616,
		0,
		0.353046,
		0.14085,
		-0.924943,
		0,
		-0.050335,
		0.990031,
		0.131549,
		0,
		0.341693,
		-0.629185,
		-0.313964,
		1
	},
	[1.13333333333] = {
		0.914361,
		-0.109556,
		0.389796,
		0,
		0.400628,
		0.105319,
		-0.910168,
		0,
		0.058661,
		0.988385,
		0.140191,
		0,
		0.355091,
		-0.81634,
		-0.318857,
		1
	},
	[1.16666666667] = {
		0.908787,
		-0.131639,
		0.395952,
		0,
		0.409302,
		0.096793,
		-0.90725,
		0,
		0.081104,
		0.986561,
		0.141844,
		0,
		0.354472,
		-0.89714,
		-0.317111,
		1
	},
	[1.1] = {
		0.924931,
		-0.060487,
		0.375292,
		0,
		0.379988,
		0.119675,
		-0.917217,
		0,
		0.010567,
		0.990969,
		0.133676,
		0,
		0.349848,
		-0.72878,
		-0.317579,
		1
	},
	[1.23333333333] = {
		0.908787,
		-0.131639,
		0.395952,
		0,
		0.409302,
		0.096793,
		-0.90725,
		0,
		0.081104,
		0.986561,
		0.141844,
		0,
		0.354472,
		-0.89714,
		-0.317111,
		1
	},
	[1.2] = {
		0.908787,
		-0.131639,
		0.395952,
		0,
		0.409302,
		0.096793,
		-0.90725,
		0,
		0.081104,
		0.986561,
		0.141844,
		0,
		0.354472,
		-0.89714,
		-0.317111,
		1
	}
}

return spline_matrices
