local spline_matrices = {
	[0] = {
		0.760998,
		0.591419,
		0.266657,
		0,
		0.3061,
		0.035074,
		-0.951353,
		0,
		-0.572001,
		0.805601,
		-0.154343,
		0,
		0.096187,
		-0.055795,
		-0.562959,
		1
	},
	{
		0.906057,
		0.417322,
		0.070029,
		0,
		0.263695,
		-0.427404,
		-0.864749,
		0,
		-0.330948,
		0.801978,
		-0.497298,
		0,
		0.135208,
		-0.167221,
		-0.496142,
		1
	},
	[0.0166666666667] = {
		0.699106,
		0.620591,
		0.35513,
		0,
		0.327798,
		0.163226,
		-0.93054,
		0,
		-0.635452,
		0.766957,
		-0.089316,
		0,
		0.081373,
		-0.056924,
		-0.557604,
		1
	},
	[0.0333333333333] = {
		0.513492,
		0.687578,
		0.513384,
		0,
		0.289737,
		0.424219,
		-0.857957,
		0,
		-0.807699,
		0.589301,
		0.018617,
		0,
		0.043843,
		-0.059566,
		-0.540778,
		1
	},
	[0.05] = {
		0.259628,
		0.762591,
		0.592494,
		0,
		0.08424,
		0.59331,
		-0.800554,
		0,
		-0.962028,
		0.257758,
		0.089799,
		0,
		-0.006025,
		-0.062516,
		-0.511345,
		1
	},
	[0.0666666666667] = {
		0.059812,
		0.820863,
		0.567984,
		0,
		-0.212611,
		0.566423,
		-0.796217,
		0,
		-0.975305,
		-0.073136,
		0.208404,
		0,
		-0.057835,
		-0.064683,
		-0.468181,
		1
	},
	[0.0833333333333] = {
		-0.010037,
		0.844994,
		0.534681,
		0,
		-0.50606,
		0.456884,
		-0.731546,
		0,
		-0.86244,
		-0.277923,
		0.423032,
		0,
		-0.101168,
		-0.065265,
		-0.410196,
		1
	},
	[0.116666666667] = {
		0.158678,
		0.654926,
		0.738845,
		0,
		-0.95726,
		0.285328,
		-0.047335,
		0,
		-0.241814,
		-0.699756,
		0.67221,
		0,
		-0.181169,
		-0.033258,
		-0.186123,
		1
	},
	[0.133333333333] = {
		0.348793,
		0.439829,
		0.827583,
		0,
		-0.935511,
		0.110409,
		0.335602,
		0,
		0.056235,
		-0.891269,
		0.449975,
		0,
		-0.217917,
		0.001182,
		-0.053703,
		1
	},
	[0.15] = {
		0.513536,
		0.222176,
		0.828805,
		0,
		-0.841993,
		-0.055607,
		0.536614,
		0,
		0.16531,
		-0.97342,
		0.158514,
		0,
		-0.243986,
		0.042607,
		0.048821,
		1
	},
	[0.166666666667] = {
		0.577036,
		0.0983,
		0.810782,
		0,
		-0.801699,
		-0.121336,
		0.585283,
		0,
		0.15591,
		-0.987732,
		0.008792,
		0,
		-0.253061,
		0.086026,
		0.08898,
		1
	},
	[0.183333333333] = {
		0.574768,
		0.060897,
		0.816048,
		0,
		-0.812543,
		-0.075783,
		0.577954,
		0,
		0.097039,
		-0.995263,
		0.005924,
		0,
		-0.246441,
		0.133186,
		0.085313,
		1
	},
	[0.1] = {
		0.032028,
		0.79744,
		0.602548,
		0,
		-0.790819,
		0.388881,
		-0.472628,
		0,
		-0.611211,
		-0.46137,
		0.643085,
		0,
		-0.140094,
		-0.056558,
		-0.315851,
		1
	},
	[0.216666666667] = {
		0.557486,
		0.026671,
		0.829758,
		0,
		-0.811265,
		0.229675,
		0.537678,
		0,
		-0.176235,
		-0.972902,
		0.149678,
		0,
		-0.208839,
		0.244799,
		0.068499,
		1
	},
	[0.233333333333] = {
		0.546059,
		0.021626,
		0.837468,
		0,
		-0.754967,
		0.445989,
		0.480749,
		0,
		-0.363105,
		-0.894777,
		0.259863,
		0,
		-0.182015,
		0.302674,
		0.056683,
		1
	},
	[0.25] = {
		0.534729,
		0.019073,
		0.844808,
		0,
		-0.640055,
		0.66188,
		0.390186,
		0,
		-0.55172,
		-0.749367,
		0.366134,
		0,
		-0.152558,
		0.357592,
		0.043631,
		1
	},
	[0.266666666667] = {
		0.52491,
		0.01485,
		0.851028,
		0,
		-0.466632,
		0.841219,
		0.273137,
		0,
		-0.711845,
		-0.54049,
		0.448494,
		0,
		-0.122441,
		0.406306,
		0.030175,
		1
	},
	[0.283333333333] = {
		0.516608,
		0.007724,
		0.856187,
		0,
		-0.202733,
		0.972628,
		0.11355,
		0,
		-0.831875,
		-0.232238,
		0.504033,
		0,
		-0.092087,
		0.453063,
		0.017584,
		1
	},
	[0.2] = {
		0.567584,
		0.038378,
		0.822421,
		0,
		-0.823139,
		0.047152,
		0.565879,
		0,
		-0.017062,
		-0.99815,
		0.058353,
		0,
		-0.231004,
		0.187213,
		0.078282,
		1
	},
	[0.316666666667] = {
		0.500781,
		-0.008138,
		0.865536,
		0,
		0.5091,
		0.811475,
		-0.286925,
		0,
		-0.700025,
		0.584331,
		0.410515,
		0,
		-0.022864,
		0.541865,
		-0.006821,
		1
	},
	[0.333333333333] = {
		0.492617,
		-0.015097,
		0.870115,
		0,
		0.752908,
		0.508802,
		-0.417432,
		0,
		-0.436414,
		0.860751,
		0.262011,
		0,
		0.019984,
		0.571701,
		-0.022505,
		1
	},
	[0.35] = {
		0.483859,
		-0.020152,
		0.874914,
		0,
		0.858822,
		0.203127,
		-0.470281,
		0,
		-0.168242,
		0.978945,
		0.115592,
		0,
		0.07139,
		0.583522,
		-0.044044,
		1
	},
	[0.366666666667] = {
		0.472364,
		-0.019379,
		0.88119,
		0,
		0.881341,
		-0.001473,
		-0.472478,
		0,
		0.010454,
		0.999811,
		0.016384,
		0,
		0.14069,
		0.584294,
		-0.077149,
		1
	},
	[0.383333333333] = {
		0.458806,
		-0.013076,
		0.88844,
		0,
		0.881841,
		-0.115816,
		-0.457103,
		0,
		0.108872,
		0.993185,
		-0.041606,
		0,
		0.226335,
		0.583666,
		-0.120428,
		1
	},
	[0.3] = {
		0.50867,
		-0.000227,
		0.860962,
		0,
		0.15607,
		0.983457,
		-0.091949,
		0,
		-0.846698,
		0.181142,
		0.500291,
		0,
		-0.059513,
		0.500272,
		0.00579,
		1
	},
	[0.416666666667] = {
		0.442227,
		-0.004749,
		0.896891,
		0,
		0.861177,
		-0.277174,
		-0.426085,
		0,
		0.250618,
		0.960808,
		-0.118484,
		0,
		0.391482,
		0.566786,
		-0.207066,
		1
	},
	[0.433333333333] = {
		0.442192,
		-0.009231,
		0.896873,
		0,
		0.8209,
		-0.398715,
		-0.408839,
		0,
		0.361371,
		0.917028,
		-0.168731,
		0,
		0.464077,
		0.528528,
		-0.245418,
		1
	},
	[0.45] = {
		0.444128,
		-0.016417,
		0.895813,
		0,
		0.757912,
		-0.526339,
		-0.385405,
		0,
		0.477829,
		0.850116,
		-0.221319,
		0,
		0.540918,
		0.45963,
		-0.286132,
		1
	},
	[0.466666666667] = {
		0.449955,
		-0.024032,
		0.892728,
		0,
		0.6828,
		-0.63505,
		-0.361242,
		0,
		0.575608,
		0.772097,
		-0.269335,
		0,
		0.610608,
		0.378151,
		-0.324895,
		1
	},
	[0.483333333333] = {
		0.461549,
		-0.029793,
		0.886615,
		0,
		0.616653,
		-0.707711,
		-0.344795,
		0,
		0.637739,
		0.705873,
		-0.308271,
		0,
		0.661516,
		0.302071,
		-0.357227,
		1
	},
	[0.4] = {
		0.447301,
		-0.006486,
		0.89436,
		0,
		0.877439,
		-0.190542,
		-0.440221,
		0,
		0.173269,
		0.981658,
		-0.079538,
		0,
		0.314522,
		0.578879,
		-0.166252,
		1
	},
	[0.516666666667] = {
		0.511695,
		-0.024037,
		0.858831,
		0,
		0.578007,
		-0.729947,
		-0.364809,
		0,
		0.63567,
		0.683081,
		-0.359617,
		0,
		0.676115,
		0.213717,
		-0.392817,
		1
	},
	[0.533333333333] = {
		0.555421,
		-0.005462,
		0.831551,
		0,
		0.57443,
		-0.720531,
		-0.388414,
		0,
		0.60128,
		0.693401,
		-0.39706,
		0,
		0.657666,
		0.176996,
		-0.406354,
		1
	},
	[0.55] = {
		0.60796,
		0.022422,
		0.793651,
		0,
		0.571914,
		-0.705729,
		-0.418164,
		0,
		0.550726,
		0.708127,
		-0.441879,
		0,
		0.628425,
		0.139793,
		-0.419197,
		1
	},
	[0.566666666667] = {
		0.665074,
		0.057702,
		0.744545,
		0,
		0.568426,
		-0.685727,
		-0.45461,
		0,
		0.484322,
		0.725568,
		-0.488859,
		0,
		0.590277,
		0.102705,
		-0.431299,
		1
	},
	[0.583333333333] = {
		0.722429,
		0.098443,
		0.684402,
		0,
		0.56168,
		-0.660813,
		-0.497838,
		0,
		0.403252,
		0.744067,
		-0.532684,
		0,
		0.545117,
		0.066342,
		-0.442622,
		1
	},
	[0.5] = {
		0.480687,
		-0.031427,
		0.876329,
		0,
		0.584288,
		-0.733711,
		-0.346808,
		0,
		0.653871,
		0.678735,
		-0.334322,
		0,
		0.681892,
		0.249388,
		-0.37864,
		1
	},
	[0.616666666667] = {
		0.822012,
		0.189509,
		0.537013,
		0,
		0.530012,
		-0.599504,
		-0.599735,
		0,
		0.208286,
		0.777613,
		-0.593241,
		0,
		0.441535,
		-0.002485,
		-0.462666,
		1
	},
	[0.633333333333] = {
		0.858419,
		0.236185,
		0.455339,
		0,
		0.502495,
		-0.565506,
		-0.65399,
		0,
		0.103034,
		0.790202,
		-0.604123,
		0,
		0.387029,
		-0.034053,
		-0.471205,
		1
	},
	[0.65] = {
		0.884089,
		0.28112,
		0.373306,
		0,
		0.467318,
		-0.531226,
		-0.706691,
		0,
		-0.000355,
		0.799231,
		-0.601024,
		0,
		0.333318,
		-0.063064,
		-0.478658,
		1
	},
	[0.666666666667] = {
		0.899388,
		0.322618,
		0.294991,
		0,
		0.426355,
		-0.498302,
		-0.754928,
		0,
		-0.096559,
		0.804744,
		-0.585716,
		0,
		0.282369,
		-0.089033,
		-0.484968,
		1
	},
	[0.683333333333] = {
		0.905932,
		0.359152,
		0.224271,
		0,
		0.382817,
		-0.468393,
		-0.796278,
		0,
		-0.180938,
		0.807229,
		-0.561821,
		0,
		0.236153,
		-0.111489,
		-0.490094,
		1
	},
	[0.6] = {
		0.775897,
		0.142949,
		0.614451,
		0,
		0.549454,
		-0.6317,
		-0.54686,
		0,
		0.309976,
		0.761919,
		-0.568678,
		0,
		0.494882,
		0.031149,
		-0.45311,
		1
	},
	[0.716666666667] = {
		0.903414,
		0.412028,
		0.118644,
		0,
		0.305337,
		-0.423957,
		-0.852661,
		0,
		-0.30102,
		0.806532,
		-0.508816,
		0,
		0.165847,
		-0.144062,
		-0.496717,
		1
	},
	[0.733333333333] = {
		0.900347,
		0.425982,
		0.088965,
		0,
		0.280745,
		-0.412375,
		-0.866677,
		0,
		-0.332501,
		0.805287,
		-0.490873,
		0,
		0.145735,
		-0.153321,
		-0.49821,
		1
	},
	[0.75] = {
		0.89945,
		0.430053,
		0.077745,
		0,
		0.271189,
		-0.409735,
		-0.870961,
		0,
		-0.342705,
		0.80447,
		-0.485162,
		0,
		0.138309,
		-0.15735,
		-0.498511,
		1
	},
	[0.766666666667] = {
		0.900151,
		0.4288,
		0.076546,
		0,
		0.270267,
		-0.412017,
		-0.870171,
		0,
		-0.341591,
		0.803973,
		-0.486768,
		0,
		0.137903,
		-0.158629,
		-0.498218,
		1
	},
	[0.783333333333] = {
		0.90081,
		0.42762,
		0.075383,
		0,
		0.269407,
		-0.414268,
		-0.869369,
		0,
		-0.340531,
		0.803445,
		-0.48838,
		0,
		0.137526,
		-0.159893,
		-0.497918,
		1
	},
	[0.7] = {
		0.906267,
		0.389365,
		0.164543,
		0,
		0.34091,
		-0.443106,
		-0.829119,
		0,
		-0.24992,
		0.807498,
		-0.534311,
		0,
		0.19665,
		-0.129978,
		-0.494014,
		1
	},
	[0.816666666667] = {
		0.902351,
		0.42473,
		0.073256,
		0,
		0.267562,
		-0.418772,
		-0.867779,
		0,
		-0.337894,
		0.802642,
		-0.491521,
		0,
		0.136743,
		-0.162414,
		-0.497317,
		1
	},
	[0.833333333333] = {
		0.903225,
		0.423026,
		0.072343,
		0,
		0.266599,
		-0.420957,
		-0.867018,
		0,
		-0.336318,
		0.802399,
		-0.492997,
		0,
		0.136349,
		-0.163633,
		-0.497025,
		1
	},
	[0.85] = {
		0.904078,
		0.421332,
		0.071565,
		0,
		0.265708,
		-0.423002,
		-0.866296,
		0,
		-0.334726,
		0.802215,
		-0.494378,
		0,
		0.135995,
		-0.164773,
		-0.496746,
		1
	},
	[0.866666666667] = {
		0.90485,
		0.419781,
		0.07093,
		0,
		0.264926,
		-0.424787,
		-0.865662,
		0,
		-0.333259,
		0.802085,
		-0.495579,
		0,
		0.135689,
		-0.165766,
		-0.496499,
		1
	},
	[0.883333333333] = {
		0.905478,
		0.418505,
		0.070446,
		0,
		0.264286,
		-0.426178,
		-0.865173,
		0,
		-0.332057,
		0.802014,
		-0.4965,
		0,
		0.135439,
		-0.16654,
		-0.496308,
		1
	},
	[0.8] = {
		0.901524,
		0.426306,
		0.074278,
		0,
		0.268523,
		-0.416517,
		-0.868567,
		0,
		-0.339337,
		0.80298,
		-0.489973,
		0,
		0.137145,
		-0.161155,
		-0.497616,
		1
	},
	[0.916666666667] = {
		0.906057,
		0.417322,
		0.070029,
		0,
		0.263695,
		-0.427404,
		-0.864749,
		0,
		-0.330948,
		0.801978,
		-0.497298,
		0,
		0.135208,
		-0.167221,
		-0.496142,
		1
	},
	[0.933333333333] = {
		0.906057,
		0.417322,
		0.070029,
		0,
		0.263695,
		-0.427404,
		-0.864749,
		0,
		-0.330948,
		0.801978,
		-0.497298,
		0,
		0.135208,
		-0.167221,
		-0.496142,
		1
	},
	[0.95] = {
		0.906057,
		0.417322,
		0.070029,
		0,
		0.263695,
		-0.427404,
		-0.864749,
		0,
		-0.330948,
		0.801978,
		-0.497298,
		0,
		0.135208,
		-0.167221,
		-0.496142,
		1
	},
	[0.966666666667] = {
		0.906057,
		0.417322,
		0.070029,
		0,
		0.263695,
		-0.427404,
		-0.864749,
		0,
		-0.330948,
		0.801978,
		-0.497298,
		0,
		0.135208,
		-0.167221,
		-0.496142,
		1
	},
	[0.983333333333] = {
		0.906057,
		0.417322,
		0.070029,
		0,
		0.263695,
		-0.427404,
		-0.864749,
		0,
		-0.330948,
		0.801978,
		-0.497298,
		0,
		0.135208,
		-0.167221,
		-0.496142,
		1
	},
	[0.9] = {
		0.905901,
		0.41764,
		0.070137,
		0,
		0.263854,
		-0.427082,
		-0.86486,
		0,
		-0.331246,
		0.801984,
		-0.49709,
		0,
		0.13527,
		-0.167042,
		-0.496186,
		1
	},
	[1.01666666667] = {
		0.906057,
		0.417322,
		0.070029,
		0,
		0.263695,
		-0.427404,
		-0.864749,
		0,
		-0.330948,
		0.801978,
		-0.497298,
		0,
		0.135208,
		-0.167221,
		-0.496142,
		1
	},
	[1.03333333333] = {
		0.906057,
		0.417322,
		0.070029,
		0,
		0.263695,
		-0.427404,
		-0.864749,
		0,
		-0.330948,
		0.801978,
		-0.497298,
		0,
		0.135208,
		-0.167221,
		-0.496142,
		1
	},
	[1.05] = {
		0.906057,
		0.417322,
		0.070029,
		0,
		0.263695,
		-0.427404,
		-0.864749,
		0,
		-0.330948,
		0.801978,
		-0.497298,
		0,
		0.135208,
		-0.167221,
		-0.496142,
		1
	},
	[1.06666666667] = {
		0.906057,
		0.417322,
		0.070029,
		0,
		0.263695,
		-0.427404,
		-0.864749,
		0,
		-0.330948,
		0.801978,
		-0.497298,
		0,
		0.135208,
		-0.167221,
		-0.496142,
		1
	},
	[1.08333333333] = {
		0.906057,
		0.417322,
		0.070029,
		0,
		0.263695,
		-0.427404,
		-0.864749,
		0,
		-0.330948,
		0.801978,
		-0.497298,
		0,
		0.135208,
		-0.167221,
		-0.496142,
		1
	},
	[1.11666666667] = {
		0.906057,
		0.417322,
		0.070029,
		0,
		0.263695,
		-0.427404,
		-0.864749,
		0,
		-0.330948,
		0.801978,
		-0.497298,
		0,
		0.135208,
		-0.167221,
		-0.496142,
		1
	},
	[1.13333333333] = {
		0.906057,
		0.417322,
		0.070029,
		0,
		0.263695,
		-0.427404,
		-0.864749,
		0,
		-0.330948,
		0.801978,
		-0.497298,
		0,
		0.135208,
		-0.167221,
		-0.496142,
		1
	},
	[1.15] = {
		0.906057,
		0.417322,
		0.070029,
		0,
		0.263695,
		-0.427404,
		-0.864749,
		0,
		-0.330948,
		0.801978,
		-0.497298,
		0,
		0.135208,
		-0.167221,
		-0.496142,
		1
	},
	[1.16666666667] = {
		0.906057,
		0.417322,
		0.070029,
		0,
		0.263695,
		-0.427404,
		-0.864749,
		0,
		-0.330948,
		0.801978,
		-0.497298,
		0,
		0.135208,
		-0.167221,
		-0.496142,
		1
	},
	[1.1] = {
		0.906057,
		0.417322,
		0.070029,
		0,
		0.263695,
		-0.427404,
		-0.864749,
		0,
		-0.330948,
		0.801978,
		-0.497298,
		0,
		0.135208,
		-0.167221,
		-0.496142,
		1
	}
}

return spline_matrices
