local spline_matrices = {
	[0] = {
		0.302541,
		0.936988,
		-0.174709,
		0,
		0.038636,
		-0.195205,
		-0.980001,
		0,
		-0.952353,
		0.28974,
		-0.095259,
		0,
		-0.281581,
		0.378558,
		-0.394865,
		1
	},
	{
		0.89977,
		-0.386072,
		0.203378,
		0,
		-0.127128,
		-0.677777,
		-0.724194,
		0,
		0.417436,
		0.625753,
		-0.658924,
		0,
		0.316061,
		0.032179,
		-0.719551,
		1
	},
	[0.0166666666667] = {
		0.163197,
		0.975994,
		0.144232,
		0,
		0.022601,
		0.142455,
		-0.989543,
		0,
		-0.986335,
		0.16475,
		0.00119,
		0,
		-0.244481,
		0.380042,
		-0.394887,
		1
	},
	[0.0333333333333] = {
		0.057674,
		0.901056,
		0.42985,
		0,
		-0.025527,
		0.431757,
		-0.901629,
		0,
		-0.998009,
		0.041028,
		0.047903,
		0,
		-0.207254,
		0.382814,
		-0.393917,
		1
	},
	[0.05] = {
		0.014881,
		0.767839,
		0.64047,
		0,
		-0.056817,
		0.640155,
		-0.766142,
		0,
		-0.998274,
		-0.024989,
		0.053153,
		0,
		-0.208663,
		0.389856,
		-0.383788,
		1
	},
	[0.0666666666667] = {
		-0.002549,
		0.584424,
		0.811444,
		0,
		-0.067875,
		0.809474,
		-0.583219,
		0,
		-0.997691,
		-0.056563,
		0.037604,
		0,
		-0.213343,
		0.400309,
		-0.358402,
		1
	},
	[0.0833333333333] = {
		-0.007582,
		0.366951,
		0.930209,
		0,
		-0.06417,
		0.92814,
		-0.366658,
		0,
		-0.99791,
		-0.062472,
		0.01651,
		0,
		-0.220794,
		0.411934,
		-0.321194,
		1
	},
	[0.116666666667] = {
		-0.005938,
		-0.085731,
		0.996301,
		0,
		-0.051026,
		0.995046,
		0.085319,
		0,
		-0.99868,
		-0.050331,
		-0.010283,
		0,
		-0.241675,
		0.42954,
		-0.229941,
		1
	},
	[0.133333333333] = {
		0.001572,
		-0.278843,
		0.960336,
		0,
		-0.065241,
		0.958262,
		0.278347,
		0,
		-0.997868,
		-0.063091,
		-0.016685,
		0,
		-0.254746,
		0.431663,
		-0.187712,
		1
	},
	[0.15] = {
		0.021453,
		-0.430294,
		0.902434,
		0,
		-0.108517,
		0.896307,
		0.429952,
		0,
		-0.993863,
		-0.107153,
		-0.027466,
		0,
		-0.269543,
		0.427626,
		-0.156575,
		1
	},
	[0.166666666667] = {
		0.061199,
		-0.532608,
		0.844147,
		0,
		-0.190522,
		0.823948,
		0.533677,
		0,
		-0.979774,
		-0.193489,
		-0.051048,
		0,
		-0.285463,
		0.416561,
		-0.143046,
		1
	},
	[0.183333333333] = {
		0.199544,
		-0.569276,
		0.797563,
		0,
		-0.411377,
		0.690062,
		0.595469,
		0,
		-0.889354,
		-0.446921,
		-0.096489,
		0,
		-0.308135,
		0.380522,
		-0.143283,
		1
	},
	[0.1] = {
		-0.00796,
		0.136063,
		0.990668,
		0,
		-0.054769,
		0.989153,
		-0.136295,
		0,
		-0.998467,
		-0.055343,
		-0.000422,
		0,
		-0.230375,
		0.422381,
		-0.276562,
		1
	},
	[0.216666666667] = {
		0.473377,
		-0.363197,
		0.802498,
		0,
		-0.797696,
		0.20967,
		0.565438,
		0,
		-0.373625,
		-0.907814,
		-0.190468,
		0,
		-0.323796,
		0.289935,
		-0.156085,
		1
	},
	[0.233333333333] = {
		0.3773,
		-0.36208,
		0.852375,
		0,
		-0.812241,
		0.312756,
		0.492391,
		0,
		-0.44487,
		-0.878113,
		-0.176093,
		0,
		-0.338191,
		0.295501,
		-0.158715,
		1
	},
	[0.25] = {
		-0.161679,
		-0.314664,
		0.935332,
		0,
		-0.171119,
		0.942384,
		0.287457,
		0,
		-0.971894,
		-0.113578,
		-0.206208,
		0,
		-0.114896,
		0.574546,
		-0.095504,
		1
	},
	[0.266666666667] = {
		-0.214762,
		-0.220096,
		0.951544,
		0,
		0.669741,
		0.675934,
		0.307505,
		0,
		-0.710862,
		0.703328,
		0.002242,
		0,
		-0.003793,
		0.670968,
		-0.053735,
		1
	},
	[0.283333333333] = {
		0.034252,
		-0.060873,
		0.997558,
		0,
		0.99399,
		0.105912,
		-0.027667,
		0,
		-0.10397,
		0.99251,
		0.064135,
		0,
		0.129916,
		0.676293,
		-0.059163,
		1
	},
	[0.2] = {
		0.394702,
		-0.485547,
		0.780035,
		0,
		-0.673137,
		0.425027,
		0.605177,
		0,
		-0.625377,
		-0.763935,
		-0.159081,
		0,
		-0.3218,
		0.325253,
		-0.149635,
		1
	},
	[0.316666666667] = {
		-0.088712,
		-0.096513,
		0.99137,
		0,
		0.920452,
		-0.388306,
		0.044563,
		0,
		0.380654,
		0.916463,
		0.123283,
		0,
		0.564536,
		0.511015,
		-0.089956,
		1
	},
	[0.333333333333] = {
		0.095897,
		-0.313852,
		0.944617,
		0,
		0.59342,
		-0.743881,
		-0.3074,
		0,
		0.79916,
		0.590033,
		0.11491,
		0,
		0.745676,
		0.337203,
		-0.143068,
		1
	},
	[0.35] = {
		0.162856,
		-0.430374,
		0.887838,
		0,
		0.36739,
		-0.80869,
		-0.459397,
		0,
		0.915698,
		0.400998,
		0.026415,
		0,
		0.788135,
		0.243441,
		-0.188116,
		1
	},
	[0.366666666667] = {
		0.201397,
		-0.522254,
		0.828667,
		0,
		0.175129,
		-0.813171,
		-0.555051,
		0,
		0.963727,
		0.25691,
		-0.072309,
		0,
		0.806546,
		0.171713,
		-0.228258,
		1
	},
	[0.383333333333] = {
		0.227305,
		-0.590165,
		0.774621,
		0,
		0.026954,
		-0.791325,
		-0.610801,
		0,
		0.973451,
		0.159717,
		-0.163964,
		0,
		0.811711,
		0.119502,
		-0.263599,
		1
	},
	[0.3] = {
		-0.062738,
		-0.062376,
		0.996079,
		0,
		0.988603,
		-0.140737,
		0.053454,
		0,
		0.136851,
		0.98808,
		0.070494,
		0,
		0.383689,
		0.624013,
		-0.064334,
		1
	},
	[0.416666666667] = {
		0.276272,
		-0.672073,
		0.687017,
		0,
		-0.15629,
		-0.73674,
		-0.657865,
		0,
		0.948287,
		0.074376,
		-0.308579,
		0,
		0.803415,
		0.057229,
		-0.325651,
		1
	},
	[0.433333333333] = {
		0.307042,
		-0.693663,
		0.65158,
		0,
		-0.205843,
		-0.71685,
		-0.66615,
		0,
		0.929169,
		0.070413,
		-0.362888,
		0,
		0.794152,
		0.040515,
		-0.355364,
		1
	},
	[0.45] = {
		0.344001,
		-0.705261,
		0.619895,
		0,
		-0.234865,
		-0.70383,
		-0.670419,
		0,
		0.909121,
		0.085033,
		-0.40776,
		0,
		0.782085,
		0.030657,
		-0.385831,
		1
	},
	[0.466666666667] = {
		0.38756,
		-0.707694,
		0.590734,
		0,
		-0.247078,
		-0.697116,
		-0.67304,
		0,
		0.888116,
		0.114886,
		-0.44503,
		0,
		0.766816,
		0.026508,
		-0.417942,
		1
	},
	[0.483333333333] = {
		0.437247,
		-0.701276,
		0.563051,
		0,
		-0.245513,
		-0.695367,
		-0.675417,
		0,
		0.865181,
		0.157088,
		-0.476219,
		0,
		0.747545,
		0.026945,
		-0.452295,
		1
	},
	[0.4] = {
		0.250507,
		-0.638637,
		0.727591,
		0,
		-0.081021,
		-0.762748,
		-0.6416,
		0,
		0.964718,
		0.101776,
		-0.242817,
		0,
		0.809673,
		0.082594,
		-0.295533,
		1
	},
	[0.516666666667] = {
		0.550452,
		-0.661999,
		0.508685,
		0,
		-0.211067,
		-0.699855,
		-0.682388,
		0,
		0.807746,
		0.268255,
		-0.524962,
		0,
		0.676418,
		0.036147,
		-0.51588,
		1
	},
	[0.533333333333] = {
		0.610506,
		-0.629584,
		0.480527,
		0,
		-0.183246,
		-0.702538,
		-0.687649,
		0,
		0.770521,
		0.331759,
		-0.544273,
		0,
		0.625472,
		0.042815,
		-0.541235,
		1
	},
	[0.55] = {
		0.669949,
		-0.589856,
		0.45082,
		0,
		-0.152307,
		-0.703525,
		-0.694158,
		0,
		0.726616,
		0.396387,
		-0.561165,
		0,
		0.573376,
		0.049993,
		-0.566451,
		1
	},
	[0.566666666667] = {
		0.726432,
		-0.544813,
		0.418897,
		0,
		-0.121823,
		-0.701967,
		-0.701713,
		0,
		0.676355,
		0.458716,
		-0.576302,
		0,
		0.521153,
		0.05648,
		-0.591305,
		1
	},
	[0.583333333333] = {
		0.777799,
		-0.49752,
		0.384061,
		0,
		-0.095806,
		-0.697773,
		-0.709883,
		0,
		0.621168,
		0.515351,
		-0.590393,
		0,
		0.470654,
		0.061161,
		-0.61642,
		1
	},
	[0.5] = {
		0.492048,
		-0.686029,
		0.53596,
		0,
		-0.232702,
		-0.696887,
		-0.67838,
		0,
		0.838891,
		0.209077,
		-0.502542,
		0,
		0.722771,
		0.030945,
		-0.48882,
		1
	},
	[0.616666666667] = {
		0.858819,
		-0.413313,
		0.302658,
		0,
		-0.074162,
		-0.684894,
		-0.724859,
		0,
		0.506882,
		0.600077,
		-0.618852,
		0,
		0.380467,
		0.060567,
		-0.667229,
		1
	},
	[0.633333333333] = {
		0.886379,
		-0.38664,
		0.25464,
		0,
		-0.086735,
		-0.678973,
		-0.729022,
		0,
		0.454763,
		0.624103,
		-0.635363,
		0,
		0.344061,
		0.053223,
		-0.693073,
		1
	},
	[0.65] = {
		0.903932,
		-0.377435,
		0.201121,
		0,
		-0.119717,
		-0.674774,
		-0.72825,
		0,
		0.410579,
		0.634211,
		-0.655135,
		0,
		0.315687,
		0.039939,
		-0.719304,
		1
	},
	[0.666666666667] = {
		0.903725,
		-0.377855,
		0.201264,
		0,
		-0.120091,
		-0.674988,
		-0.72799,
		0,
		0.410926,
		0.633733,
		-0.65538,
		0,
		0.315707,
		0.039488,
		-0.719323,
		1
	},
	[0.683333333333] = {
		0.9035,
		-0.378314,
		0.201412,
		0,
		-0.120496,
		-0.675206,
		-0.727721,
		0,
		0.411301,
		0.633226,
		-0.655634,
		0,
		0.315729,
		0.039014,
		-0.719342,
		1
	},
	[0.6] = {
		0.82233,
		-0.452057,
		0.345569,
		0,
		-0.078508,
		-0.691646,
		-0.717957,
		0,
		0.563569,
		0.563268,
		-0.604251,
		0,
		0.423225,
		0.062882,
		-0.641709,
		1
	},
	[0.716666666667] = {
		0.903011,
		-0.379318,
		0.201717,
		0,
		-0.121375,
		-0.675647,
		-0.727165,
		0,
		0.412116,
		0.632154,
		-0.656157,
		0,
		0.315775,
		0.038013,
		-0.71938,
		1
	},
	[0.733333333333] = {
		0.902753,
		-0.379849,
		0.201872,
		0,
		-0.121838,
		-0.675867,
		-0.726883,
		0,
		0.412545,
		0.6316,
		-0.656421,
		0,
		0.315799,
		0.037499,
		-0.719398,
		1
	},
	[0.75] = {
		0.90249,
		-0.380391,
		0.202027,
		0,
		-0.122308,
		-0.676082,
		-0.726604,
		0,
		0.41298,
		0.631043,
		-0.656682,
		0,
		0.315823,
		0.036983,
		-0.719416,
		1
	},
	[0.766666666667] = {
		0.902226,
		-0.380936,
		0.20218,
		0,
		-0.12278,
		-0.676293,
		-0.726329,
		0,
		0.413417,
		0.630489,
		-0.65694,
		0,
		0.315847,
		0.036471,
		-0.719433,
		1
	},
	[0.783333333333] = {
		0.901963,
		-0.381477,
		0.202329,
		0,
		-0.123248,
		-0.676496,
		-0.72606,
		0,
		0.41385,
		0.629943,
		-0.657191,
		0,
		0.315871,
		0.035968,
		-0.719449,
		1
	},
	[0.7] = {
		0.903261,
		-0.378804,
		0.201563,
		0,
		-0.120926,
		-0.675427,
		-0.727445,
		0,
		0.4117,
		0.632698,
		-0.655894,
		0,
		0.315751,
		0.03852,
		-0.719361,
		1
	},
	[0.816666666667] = {
		0.901457,
		-0.382523,
		0.20261,
		0,
		-0.124148,
		-0.676872,
		-0.725556,
		0,
		0.414683,
		0.628904,
		-0.657661,
		0,
		0.315916,
		0.035013,
		-0.719479,
		1
	},
	[0.833333333333] = {
		0.90122,
		-0.383012,
		0.20274,
		0,
		-0.124568,
		-0.677042,
		-0.725325,
		0,
		0.415072,
		0.628423,
		-0.657875,
		0,
		0.315937,
		0.034573,
		-0.719492,
		1
	},
	[0.85] = {
		0.900999,
		-0.383471,
		0.202859,
		0,
		-0.124961,
		-0.677197,
		-0.725113,
		0,
		0.415435,
		0.627976,
		-0.658073,
		0,
		0.315956,
		0.034164,
		-0.719503,
		1
	},
	[0.866666666667] = {
		0.900795,
		-0.383891,
		0.202967,
		0,
		-0.125321,
		-0.677336,
		-0.724921,
		0,
		0.415768,
		0.627569,
		-0.658251,
		0,
		0.315974,
		0.033793,
		-0.719514,
		1
	},
	[0.883333333333] = {
		0.900614,
		-0.384267,
		0.203062,
		0,
		-0.125642,
		-0.677457,
		-0.724753,
		0,
		0.416064,
		0.627209,
		-0.658407,
		0,
		0.315989,
		0.033464,
		-0.719523,
		1
	},
	[0.8] = {
		0.901706,
		-0.382009,
		0.202473,
		0,
		-0.123706,
		-0.676689,
		-0.725802,
		0,
		0.414274,
		0.629413,
		-0.657432,
		0,
		0.315894,
		0.035481,
		-0.719465,
		1
	},
	[0.916666666667] = {
		0.900329,
		-0.384856,
		0.203206,
		0,
		-0.126143,
		-0.677636,
		-0.724498,
		0,
		0.416527,
		0.626654,
		-0.658643,
		0,
		0.316014,
		0.03296,
		-0.719536,
		1
	},
	[0.933333333333] = {
		0.900217,
		-0.385092,
		0.203256,
		0,
		-0.126341,
		-0.677695,
		-0.724409,
		0,
		0.41671,
		0.626445,
		-0.658725,
		0,
		0.316023,
		0.032773,
		-0.71954,
		1
	},
	[0.95] = {
		0.900105,
		-0.385332,
		0.203298,
		0,
		-0.126538,
		-0.677736,
		-0.724335,
		0,
		0.416892,
		0.626253,
		-0.658793,
		0,
		0.316033,
		0.032603,
		-0.719544,
		1
	},
	[0.966666666667] = {
		0.899993,
		-0.385576,
		0.203332,
		0,
		-0.126735,
		-0.677763,
		-0.724276,
		0,
		0.417074,
		0.626074,
		-0.658848,
		0,
		0.316042,
		0.032448,
		-0.719547,
		1
	},
	[0.983333333333] = {
		0.899881,
		-0.385823,
		0.203358,
		0,
		-0.126932,
		-0.677776,
		-0.724229,
		0,
		0.417255,
		0.625908,
		-0.658891,
		0,
		0.316051,
		0.032307,
		-0.719549,
		1
	},
	[0.9] = {
		0.900457,
		-0.384591,
		0.203142,
		0,
		-0.125918,
		-0.677557,
		-0.724611,
		0,
		0.416319,
		0.626902,
		-0.658538,
		0,
		0.316003,
		0.033185,
		-0.71953,
		1
	},
	[1.01666666667] = {
		0.899658,
		-0.386325,
		0.203393,
		0,
		-0.127323,
		-0.677767,
		-0.724169,
		0,
		0.417617,
		0.625608,
		-0.658947,
		0,
		0.31607,
		0.03206,
		-0.719552,
		1
	},
	[1.03333333333] = {
		0.899547,
		-0.386579,
		0.203402,
		0,
		-0.127519,
		-0.677748,
		-0.724152,
		0,
		0.417798,
		0.625471,
		-0.658962,
		0,
		0.316079,
		0.031952,
		-0.719553,
		1
	},
	[1.05] = {
		0.899435,
		-0.386835,
		0.203408,
		0,
		-0.127714,
		-0.677722,
		-0.724142,
		0,
		0.417978,
		0.625341,
		-0.658971,
		0,
		0.316088,
		0.03185,
		-0.719553,
		1
	},
	[1.06666666667] = {
		0.899324,
		-0.387093,
		0.20341,
		0,
		-0.127909,
		-0.677689,
		-0.724138,
		0,
		0.418158,
		0.625217,
		-0.658975,
		0,
		0.316097,
		0.031755,
		-0.719553,
		1
	},
	[1.08333333333] = {
		0.899212,
		-0.387352,
		0.20341,
		0,
		-0.128104,
		-0.677652,
		-0.724138,
		0,
		0.418337,
		0.625097,
		-0.658975,
		0,
		0.316107,
		0.031664,
		-0.719553,
		1
	},
	[1.11666666667] = {
		0.89899,
		-0.387871,
		0.203406,
		0,
		-0.128494,
		-0.67757,
		-0.724146,
		0,
		0.418697,
		0.624864,
		-0.658968,
		0,
		0.316125,
		0.031491,
		-0.719553,
		1
	},
	[1.13333333333] = {
		0.898878,
		-0.388131,
		0.203403,
		0,
		-0.128689,
		-0.677529,
		-0.724151,
		0,
		0.418876,
		0.624748,
		-0.658964,
		0,
		0.316134,
		0.031405,
		-0.719553,
		1
	},
	[1.15] = {
		0.898766,
		-0.38839,
		0.203401,
		0,
		-0.128883,
		-0.677488,
		-0.724154,
		0,
		0.419056,
		0.62463,
		-0.658961,
		0,
		0.316143,
		0.031317,
		-0.719553,
		1
	},
	[1.16666666667] = {
		0.898655,
		-0.388649,
		0.203401,
		0,
		-0.129078,
		-0.677451,
		-0.724154,
		0,
		0.419236,
		0.62451,
		-0.658961,
		0,
		0.316152,
		0.031226,
		-0.719553,
		1
	},
	[1.18333333333] = {
		0.898543,
		-0.388906,
		0.203403,
		0,
		-0.129273,
		-0.677418,
		-0.72415,
		0,
		0.419415,
		0.624385,
		-0.658964,
		0,
		0.316161,
		0.031131,
		-0.719553,
		1
	},
	[1.1] = {
		0.899101,
		-0.387611,
		0.203408,
		0,
		-0.128299,
		-0.677612,
		-0.724142,
		0,
		0.418517,
		0.624979,
		-0.658972,
		0,
		0.316116,
		0.031577,
		-0.719553,
		1
	},
	[1.21666666667] = {
		0.898318,
		-0.389416,
		0.203418,
		0,
		-0.129664,
		-0.677372,
		-0.724124,
		0,
		0.419775,
		0.624118,
		-0.658989,
		0,
		0.316179,
		0.030921,
		-0.719554,
		1
	},
	[1.2] = {
		0.898431,
		-0.389162,
		0.203409,
		0,
		-0.129468,
		-0.677391,
		-0.72414,
		0,
		0.419595,
		0.624255,
		-0.658973,
		0,
		0.31617,
		0.03103,
		-0.719553,
		1
	}
}

return spline_matrices
