-- chunkname: @content/characters/player/human/first_person/animations/force_sword/attack_left_up.lua

local spline_matrices = {
	[0.0166666666667] = {
		0.786027,
		0.566519,
		0.247424,
		0,
		0.293521,
		0.010233,
		-0.955898,
		0,
		-0.544066,
		0.823985,
		-0.158242,
		0,
		0.065366,
		-0.038929,
		-0.55162,
		1,
	},
	[0.0333333333333] = {
		0.842951,
		0.502216,
		0.192906,
		0,
		0.254384,
		-0.056126,
		-0.965473,
		0,
		-0.47405,
		0.862919,
		-0.175067,
		0,
		-0.008108,
		0.003552,
		-0.523318,
		1,
	},
	[0.05] = {
		0.903184,
		0.414875,
		0.110167,
		0,
		0.186974,
		-0.149211,
		-0.970967,
		0,
		-0.386392,
		0.89756,
		-0.212336,
		0,
		-0.095743,
		0.059468,
		-0.486606,
		1,
	},
	[0.0666666666667] = {
		0.945725,
		0.324494,
		0.017521,
		0,
		0.102261,
		-0.245993,
		-0.963862,
		0,
		-0.308458,
		0.91334,
		-0.265825,
		0,
		-0.169064,
		0.116617,
		-0.450073,
		1,
	},
	[0.0833333333333] = {
		0.965423,
		0.254373,
		-0.057032,
		0,
		0.0281,
		-0.319043,
		-0.947324,
		0,
		-0.259169,
		0.912966,
		-0.315159,
		0,
		-0.199636,
		0.162775,
		-0.422433,
		1,
	},
	[0] = {
		0.760998,
		0.591419,
		0.266657,
		0,
		0.3061,
		0.035074,
		-0.951353,
		0,
		-0.572001,
		0.805601,
		-0.154343,
		0,
		0.096187,
		-0.055795,
		-0.562959,
		1,
	},
	[0.116666666667] = {
		0.973762,
		0.145068,
		-0.175335,
		0,
		-0.098276,
		-0.426854,
		-0.898965,
		0,
		-0.205253,
		0.892609,
		-0.401397,
		0,
		-0.198577,
		0.236077,
		-0.388521,
		1,
	},
	[0.133333333333] = {
		0.967718,
		0.08978,
		-0.235504,
		0,
		-0.165427,
		-0.478695,
		-0.862256,
		0,
		-0.190148,
		0.873379,
		-0.44839,
		0,
		-0.196839,
		0.272114,
		-0.374931,
		1,
	},
	[0.15] = {
		0.955619,
		0.037184,
		-0.292249,
		0,
		-0.229985,
		-0.525805,
		-0.818924,
		0,
		-0.184117,
		0.849792,
		-0.493917,
		0,
		-0.193585,
		0.307096,
		-0.362214,
		1,
	},
	[0.166666666667] = {
		0.939351,
		-0.010457,
		-0.342799,
		0,
		-0.288107,
		-0.566296,
		-0.772206,
		0,
		-0.186051,
		0.824135,
		-0.534964,
		0,
		-0.18829,
		0.340528,
		-0.34937,
		1,
	},
	[0.183333333333] = {
		0.921562,
		-0.050991,
		-0.384868,
		0,
		-0.336606,
		-0.598893,
		-0.726652,
		0,
		-0.193442,
		0.799204,
		-0.569081,
		0,
		-0.180438,
		0.37191,
		-0.335418,
		1,
	},
	[0.1] = {
		0.972899,
		0.200712,
		-0.114816,
		0,
		-0.032552,
		-0.37271,
		-0.927377,
		0,
		-0.228929,
		0.905981,
		-0.356075,
		0,
		-0.19933,
		0.199471,
		-0.404007,
		1,
	},
	[0.216666666667] = {
		0.893678,
		-0.102645,
		-0.43681,
		0,
		-0.396149,
		-0.637661,
		-0.660647,
		0,
		-0.210725,
		0.763448,
		-0.610527,
		0,
		-0.155025,
		0.426535,
		-0.300343,
		1,
	},
	[0.233333333333] = {
		0.88933,
		-0.109846,
		-0.443876,
		0,
		-0.404182,
		-0.6428,
		-0.650727,
		0,
		-0.213843,
		0.758118,
		-0.616059,
		0,
		-0.136452,
		0.448819,
		-0.277318,
		1,
	},
	[0.25] = {
		0.89141,
		-0.104331,
		-0.441025,
		0,
		-0.397319,
		-0.648023,
		-0.649772,
		0,
		-0.218003,
		0.754441,
		-0.619107,
		0,
		-0.117532,
		0.464107,
		-0.251685,
		1,
	},
	[0.266666666667] = {
		0.896425,
		-0.089466,
		-0.434071,
		0,
		-0.380238,
		-0.658412,
		-0.649548,
		0,
		-0.227685,
		0.747322,
		-0.624235,
		0,
		-0.10151,
		0.472007,
		-0.22494,
		1,
	},
	[0.283333333333] = {
		0.902463,
		-0.067803,
		-0.425398,
		0,
		-0.358376,
		-0.666115,
		-0.654108,
		0,
		-0.239013,
		0.742761,
		-0.625443,
		0,
		-0.086938,
		0.476189,
		-0.196046,
		1,
	},
	[0.2] = {
		0.905314,
		-0.082375,
		-0.416679,
		0,
		-0.373157,
		-0.622839,
		-0.687623,
		0,
		-0.202881,
		0.778001,
		-0.594604,
		0,
		-0.169519,
		0.400742,
		-0.319393,
		1,
	},
	[0.316666666667] = {
		0.911971,
		-0.015877,
		-0.409947,
		0,
		-0.323379,
		-0.642726,
		-0.6945,
		0,
		-0.252457,
		0.765932,
		-0.591281,
		0,
		-0.055774,
		0.484053,
		-0.127286,
		1,
	},
	[0.333333333333] = {
		0.914185,
		0.008729,
		-0.405204,
		0,
		-0.319175,
		-0.600657,
		-0.733033,
		0,
		-0.249788,
		0.799459,
		-0.546326,
		0,
		-0.037892,
		0.489922,
		-0.088209,
		1,
	},
	[0.35] = {
		0.914294,
		0.029765,
		-0.403957,
		0,
		-0.326425,
		-0.536329,
		-0.77833,
		0,
		-0.23982,
		0.843484,
		-0.480646,
		0,
		-0.019961,
		0.497306,
		-0.050245,
		1,
	},
	[0.366666666667] = {
		0.912167,
		0.049253,
		-0.406848,
		0,
		-0.362804,
		-0.364638,
		-0.857562,
		0,
		-0.19059,
		0.929846,
		-0.314741,
		0,
		-0.00172,
		0.505342,
		-0.011781,
		1,
	},
	[0.383333333333] = {
		0.908395,
		0.069249,
		-0.412339,
		0,
		-0.411343,
		-0.028739,
		-0.911027,
		0,
		-0.074938,
		0.997185,
		0.002379,
		0,
		0.016935,
		0.512457,
		0.028826,
		1,
	},
	[0.3] = {
		0.907951,
		-0.042197,
		-0.416947,
		0,
		-0.337477,
		-0.663493,
		-0.667747,
		0,
		-0.248464,
		0.746992,
		-0.616659,
		0,
		-0.072229,
		0.479544,
		-0.163868,
		1,
	},
	[0.416666666667] = {
		0.900161,
		0.10088,
		-0.423715,
		0,
		-0.358205,
		0.724892,
		-0.588405,
		0,
		0.247789,
		0.681436,
		0.688655,
		0,
		0.054546,
		0.524003,
		0.110957,
		1,
	},
	[0.433333333333] = {
		0.898269,
		0.107696,
		-0.426045,
		0,
		-0.258277,
		0.913767,
		-0.313565,
		0,
		0.355536,
		0.391704,
		0.848624,
		0,
		0.073025,
		0.528432,
		0.149712,
		1,
	},
	[0.45] = {
		0.89907,
		0.105551,
		-0.42489,
		0,
		-0.144421,
		0.987681,
		-0.060237,
		0,
		0.413298,
		0.11552,
		0.903238,
		0,
		0.092438,
		0.519405,
		0.188464,
		1,
	},
	[0.466666666667] = {
		0.901753,
		0.096141,
		-0.421424,
		0,
		-0.01558,
		0.981547,
		0.190587,
		0,
		0.43197,
		-0.165297,
		0.886611,
		0,
		0.113566,
		0.489441,
		0.22901,
		1,
	},
	[0.483333333333] = {
		0.905274,
		0.082877,
		-0.416665,
		0,
		0.107473,
		0.904205,
		0.413355,
		0,
		0.411008,
		-0.41898,
		0.809647,
		0,
		0.13537,
		0.446128,
		0.26961,
		1,
	},
	[0.4] = {
		0.903986,
		0.087268,
		-0.418562,
		0,
		-0.418463,
		0.381476,
		-0.824236,
		0,
		0.087742,
		0.92025,
		0.381367,
		0,
		0.035769,
		0.518675,
		0.0702,
		1,
	},
	[0.516666666667] = {
		0.91119,
		0.05843,
		-0.407821,
		0,
		0.279602,
		0.639318,
		0.716307,
		0,
		0.302581,
		-0.766719,
		0.566203,
		0,
		0.176218,
		0.349729,
		0.343844,
		1,
	},
	[0.533333333333] = {
		0.912166,
		0.054089,
		-0.406236,
		0,
		0.323007,
		0.515192,
		0.793879,
		0,
		0.25223,
		-0.855366,
		0.45247,
		0,
		0.19268,
		0.311771,
		0.373893,
		1,
	},
	[0.55] = {
		0.912307,
		0.053015,
		-0.406061,
		0,
		0.343186,
		0.442029,
		0.828754,
		0,
		0.223427,
		-0.895433,
		0.385072,
		0,
		0.205526,
		0.283393,
		0.398327,
		1,
	},
	[0.566666666667] = {
		0.912677,
		0.050068,
		-0.405602,
		0,
		0.34978,
		0.417587,
		0.838615,
		0,
		0.211362,
		-0.907257,
		0.363609,
		0,
		0.215362,
		0.257877,
		0.417977,
		1,
	},
	[0.583333333333] = {
		0.913189,
		0.045656,
		-0.404971,
		0,
		0.352857,
		0.408612,
		0.841741,
		0,
		0.203906,
		-0.911565,
		0.35703,
		0,
		0.222653,
		0.23252,
		0.432795,
		1,
	},
	[0.5] = {
		0.908679,
		0.069167,
		-0.411725,
		0,
		0.208308,
		0.779543,
		0.590694,
		0,
		0.361814,
		-0.622517,
		0.693947,
		0,
		0.156676,
		0.397037,
		0.308486,
		1,
	},
	[0.616666666667] = {
		0.91429,
		0.034082,
		-0.403624,
		0,
		0.377118,
		0.292059,
		0.87891,
		0,
		0.147838,
		-0.955793,
		0.254174,
		0,
		0.231518,
		0.172101,
		0.447767,
		1,
	},
	[0.633333333333] = {
		0.915723,
		0.024746,
		-0.401048,
		0,
		0.39348,
		0.146962,
		0.907511,
		0,
		0.081396,
		-0.988832,
		0.12484,
		0,
		0.234066,
		0.134153,
		0.442897,
		1,
	},
	[0.65] = {
		0.918657,
		0.009957,
		-0.394931,
		0,
		0.395056,
		-0.023394,
		0.918359,
		0,
		-9.5e-05,
		-0.999677,
		-0.025425,
		0,
		0.235676,
		0.09308,
		0.424232,
		1,
	},
	[0.666666666667] = {
		0.922548,
		-0.009271,
		-0.385771,
		0,
		0.375372,
		-0.21017,
		0.902732,
		0,
		-0.089446,
		-0.977621,
		-0.190412,
		0,
		0.236287,
		0.050209,
		0.393346,
		1,
	},
	[0.683333333333] = {
		0.9269,
		-0.031843,
		-0.373954,
		0,
		0.33082,
		-0.401229,
		0.854151,
		0,
		-0.17724,
		-0.915424,
		-0.361365,
		0,
		0.235981,
		0.006698,
		0.351942,
		1,
	},
	[0.6] = {
		0.913752,
		0.040189,
		-0.404279,
		0,
		0.360342,
		0.379432,
		0.852165,
		0,
		0.187644,
		-0.924346,
		0.332225,
		0,
		0.227888,
		0.204756,
		0.442747,
		1,
	},
	[0.716666666667] = {
		0.935569,
		-0.082172,
		-0.343451,
		0,
		0.173498,
		-0.740134,
		0.649692,
		0,
		-0.307586,
		-0.66742,
		-0.67819,
		0,
		0.2337,
		-0.078692,
		0.245005,
		1,
	},
	[0.733333333333] = {
		0.93933,
		-0.108674,
		-0.325344,
		0,
		0.072724,
		-0.863828,
		0.498511,
		0,
		-0.335216,
		-0.491926,
		-0.803516,
		0,
		0.232367,
		-0.120169,
		0.18325,
		1,
	},
	[0.75] = {
		0.942191,
		-0.136511,
		-0.306008,
		0,
		-0.032355,
		-0.946046,
		0.322413,
		0,
		-0.333511,
		-0.293874,
		-0.895773,
		0,
		0.230963,
		-0.161188,
		0.118187,
		1,
	},
	[0.766666666667] = {
		0.943939,
		-0.164945,
		-0.285958,
		0,
		-0.131775,
		-0.982488,
		0.131727,
		0,
		-0.302678,
		-0.08666,
		-0.949145,
		0,
		0.229523,
		-0.201147,
		0.05147,
		1,
	},
	[0.783333333333] = {
		0.944479,
		-0.193242,
		-0.265739,
		0,
		-0.216684,
		-0.974294,
		-0.061636,
		0,
		-0.246997,
		0.115796,
		-0.962073,
		0,
		0.228083,
		-0.239448,
		-0.015248,
		1,
	},
	[0.7] = {
		0.931323,
		-0.056572,
		-0.359773,
		0,
		0.261873,
		-0.582502,
		0.769489,
		0,
		-0.2531,
		-0.810858,
		-0.527683,
		0,
		0.234993,
		-0.036504,
		0.301849,
		1,
	},
	[0.816666666667] = {
		0.942154,
		-0.24657,
		-0.227045,
		0,
		-0.322265,
		-0.852601,
		-0.411361,
		0,
		-0.092149,
		0.460734,
		-0.882742,
		0,
		0.225346,
		-0.308671,
		-0.142065,
		1,
	},
	[0.833333333333] = {
		0.939686,
		-0.270222,
		-0.209689,
		0,
		-0.34187,
		-0.7612,
		-0.551089,
		0,
		-0.010699,
		0.589537,
		-0.80767,
		0,
		0.22412,
		-0.338395,
		-0.198858,
		1,
	},
	[0.85] = {
		0.936773,
		-0.290984,
		-0.194381,
		0,
		-0.344187,
		-0.665873,
		-0.661927,
		0,
		0.063177,
		0.686979,
		-0.723925,
		0,
		0.223037,
		-0.364059,
		-0.249034,
		1,
	},
	[0.866666666667] = {
		0.933814,
		-0.30822,
		-0.181634,
		0,
		-0.335468,
		-0.577982,
		-0.743907,
		0,
		0.124306,
		0.755603,
		-0.643126,
		0,
		0.222132,
		-0.385065,
		-0.290939,
		1,
	},
	[0.883333333333] = {
		0.931235,
		-0.321307,
		-0.171938,
		0,
		-0.322526,
		-0.507047,
		-0.7993,
		0,
		0.16964,
		0.799791,
		-0.57581,
		0,
		0.221442,
		-0.400812,
		-0.322919,
		1,
	},
	[0.8] = {
		0.943835,
		-0.220684,
		-0.245913,
		0,
		-0.280984,
		-0.927661,
		-0.245952,
		0,
		-0.173847,
		0.301236,
		-0.937568,
		0,
		0.226678,
		-0.275489,
		-0.080311,
		1,
	},
	[0.916666666667] = {
		0.92879,
		-0.332539,
		-0.163607,
		0,
		-0.307253,
		-0.444072,
		-0.841663,
		0,
		0.207233,
		0.831996,
		-0.514623,
		0,
		0.220847,
		-0.414129,
		-0.350488,
		1,
	},
	[0.933333333333] = {
		0.92879,
		-0.332539,
		-0.163607,
		0,
		-0.307253,
		-0.444072,
		-0.841663,
		0,
		0.207233,
		0.831996,
		-0.514623,
		0,
		0.220847,
		-0.414129,
		-0.350488,
		1,
	},
	[0.95] = {
		0.92879,
		-0.332539,
		-0.163607,
		0,
		-0.307253,
		-0.444072,
		-0.841663,
		0,
		0.207233,
		0.831996,
		-0.514623,
		0,
		0.220847,
		-0.414129,
		-0.350488,
		1,
	},
	[0.966666666667] = {
		0.92879,
		-0.332539,
		-0.163607,
		0,
		-0.307253,
		-0.444072,
		-0.841663,
		0,
		0.207233,
		0.831996,
		-0.514623,
		0,
		0.220847,
		-0.414129,
		-0.350488,
		1,
	},
	[0.983333333333] = {
		0.92879,
		-0.332539,
		-0.163607,
		0,
		-0.307253,
		-0.444072,
		-0.841663,
		0,
		0.207233,
		0.831996,
		-0.514623,
		0,
		0.220847,
		-0.414129,
		-0.350488,
		1,
	},
	[0.9] = {
		0.929445,
		-0.329623,
		-0.165771,
		0,
		-0.31157,
		-0.460542,
		-0.831159,
		0,
		0.197625,
		0.824166,
		-0.530749,
		0,
		0.221002,
		-0.4107,
		-0.34332,
		1,
	},
	[1.01666666667] = {
		0.92879,
		-0.332539,
		-0.163607,
		0,
		-0.307253,
		-0.444072,
		-0.841663,
		0,
		0.207233,
		0.831996,
		-0.514623,
		0,
		0.220847,
		-0.414129,
		-0.350488,
		1,
	},
	[1.03333333333] = {
		0.92879,
		-0.332539,
		-0.163607,
		0,
		-0.307253,
		-0.444072,
		-0.841663,
		0,
		0.207233,
		0.831996,
		-0.514623,
		0,
		0.220847,
		-0.414129,
		-0.350488,
		1,
	},
	[1.05] = {
		0.92879,
		-0.332539,
		-0.163607,
		0,
		-0.307253,
		-0.444072,
		-0.841663,
		0,
		0.207233,
		0.831996,
		-0.514623,
		0,
		0.220847,
		-0.414129,
		-0.350488,
		1,
	},
	[1.06666666667] = {
		0.92879,
		-0.332539,
		-0.163607,
		0,
		-0.307253,
		-0.444072,
		-0.841663,
		0,
		0.207233,
		0.831996,
		-0.514623,
		0,
		0.220847,
		-0.414129,
		-0.350488,
		1,
	},
	[1.08333333333] = {
		0.92879,
		-0.332539,
		-0.163607,
		0,
		-0.307253,
		-0.444072,
		-0.841663,
		0,
		0.207233,
		0.831996,
		-0.514623,
		0,
		0.220847,
		-0.414129,
		-0.350488,
		1,
	},
	{
		0.92879,
		-0.332539,
		-0.163607,
		0,
		-0.307253,
		-0.444072,
		-0.841663,
		0,
		0.207233,
		0.831996,
		-0.514623,
		0,
		0.220847,
		-0.414129,
		-0.350488,
		1,
	},
	[1.11666666667] = {
		0.92879,
		-0.332539,
		-0.163607,
		0,
		-0.307253,
		-0.444072,
		-0.841663,
		0,
		0.207233,
		0.831996,
		-0.514623,
		0,
		0.220847,
		-0.414129,
		-0.350488,
		1,
	},
	[1.13333333333] = {
		0.92879,
		-0.332539,
		-0.163607,
		0,
		-0.307253,
		-0.444072,
		-0.841663,
		0,
		0.207233,
		0.831996,
		-0.514623,
		0,
		0.220847,
		-0.414129,
		-0.350488,
		1,
	},
	[1.15] = {
		0.92879,
		-0.332539,
		-0.163607,
		0,
		-0.307253,
		-0.444072,
		-0.841663,
		0,
		0.207233,
		0.831996,
		-0.514623,
		0,
		0.220847,
		-0.414129,
		-0.350488,
		1,
	},
	[1.16666666667] = {
		0.92879,
		-0.332539,
		-0.163607,
		0,
		-0.307253,
		-0.444072,
		-0.841663,
		0,
		0.207233,
		0.831996,
		-0.514623,
		0,
		0.220847,
		-0.414129,
		-0.350488,
		1,
	},
	[1.18333333333] = {
		0.92879,
		-0.332539,
		-0.163607,
		0,
		-0.307253,
		-0.444072,
		-0.841663,
		0,
		0.207233,
		0.831996,
		-0.514623,
		0,
		0.220847,
		-0.414129,
		-0.350488,
		1,
	},
	[1.1] = {
		0.92879,
		-0.332539,
		-0.163607,
		0,
		-0.307253,
		-0.444072,
		-0.841663,
		0,
		0.207233,
		0.831996,
		-0.514623,
		0,
		0.220847,
		-0.414129,
		-0.350488,
		1,
	},
	[1.21666666667] = {
		0.92879,
		-0.332539,
		-0.163607,
		0,
		-0.307253,
		-0.444072,
		-0.841663,
		0,
		0.207233,
		0.831996,
		-0.514623,
		0,
		0.220847,
		-0.414129,
		-0.350488,
		1,
	},
	[1.23333333333] = {
		0.92879,
		-0.332539,
		-0.163607,
		0,
		-0.307253,
		-0.444072,
		-0.841663,
		0,
		0.207233,
		0.831996,
		-0.514623,
		0,
		0.220847,
		-0.414129,
		-0.350488,
		1,
	},
	[1.25] = {
		0.92879,
		-0.332539,
		-0.163607,
		0,
		-0.307253,
		-0.444072,
		-0.841663,
		0,
		0.207233,
		0.831996,
		-0.514623,
		0,
		0.220847,
		-0.414129,
		-0.350488,
		1,
	},
	[1.26666666667] = {
		0.92879,
		-0.332539,
		-0.163607,
		0,
		-0.307253,
		-0.444072,
		-0.841663,
		0,
		0.207233,
		0.831996,
		-0.514623,
		0,
		0.220847,
		-0.414129,
		-0.350488,
		1,
	},
	[1.28333333333] = {
		0.92879,
		-0.332539,
		-0.163607,
		0,
		-0.307253,
		-0.444072,
		-0.841663,
		0,
		0.207233,
		0.831996,
		-0.514623,
		0,
		0.220847,
		-0.414129,
		-0.350488,
		1,
	},
	[1.2] = {
		0.92879,
		-0.332539,
		-0.163607,
		0,
		-0.307253,
		-0.444072,
		-0.841663,
		0,
		0.207233,
		0.831996,
		-0.514623,
		0,
		0.220847,
		-0.414129,
		-0.350488,
		1,
	},
	[1.31666666667] = {
		0.92879,
		-0.332539,
		-0.163607,
		0,
		-0.307253,
		-0.444072,
		-0.841663,
		0,
		0.207233,
		0.831996,
		-0.514623,
		0,
		0.220847,
		-0.414129,
		-0.350488,
		1,
	},
	[1.33333333333] = {
		0.92879,
		-0.332539,
		-0.163607,
		0,
		-0.307253,
		-0.444072,
		-0.841663,
		0,
		0.207233,
		0.831996,
		-0.514623,
		0,
		0.220847,
		-0.414129,
		-0.350488,
		1,
	},
	[1.3] = {
		0.92879,
		-0.332539,
		-0.163607,
		0,
		-0.307253,
		-0.444072,
		-0.841663,
		0,
		0.207233,
		0.831996,
		-0.514623,
		0,
		0.220847,
		-0.414129,
		-0.350488,
		1,
	},
}

return spline_matrices
