local spline_matrices = {
	[0] = {
		0.492279,
		0.089795,
		-0.865794,
		0,
		0.870386,
		-0.061663,
		0.488494,
		0,
		-0.009523,
		-0.99405,
		-0.108512,
		0,
		0.433812,
		-0.114027,
		-0.011057,
		1
	},
	{
		0.966354,
		-0.252572,
		0.048656,
		0,
		-0.177982,
		-0.793166,
		-0.582418,
		0,
		0.185695,
		0.554162,
		-0.811432,
		0,
		0.260414,
		-0.013799,
		-0.757741,
		1
	},
	[0.0166666666667] = {
		0.442567,
		0.101739,
		-0.890946,
		0,
		0.867464,
		0.203207,
		0.454107,
		0,
		0.227247,
		-0.973836,
		0.001678,
		0,
		0.444861,
		-0.051913,
		-0.012865,
		1
	},
	[0.0333333333333] = {
		0.381552,
		0.098098,
		-0.919127,
		0,
		0.778804,
		0.501468,
		0.376822,
		0,
		0.497878,
		-0.859597,
		0.114937,
		0,
		0.447785,
		0.076285,
		-0.025167,
		1
	},
	[0.05] = {
		0.322629,
		0.099496,
		-0.941281,
		0,
		0.599417,
		0.748156,
		0.284536,
		0,
		0.732536,
		-0.65602,
		0.181738,
		0,
		0.423865,
		0.26636,
		-0.036013,
		1
	},
	[0.0666666666667] = {
		0.261528,
		0.11979,
		-0.957733,
		0,
		0.355898,
		0.910381,
		0.211053,
		0,
		0.897184,
		-0.396052,
		0.195457,
		0,
		0.365683,
		0.462252,
		-0.047907,
		1
	},
	[0.0833333333333] = {
		0.126634,
		0.220149,
		-0.967212,
		0,
		0.007479,
		0.974822,
		0.222861,
		0,
		0.991921,
		-0.035456,
		0.121799,
		0,
		0.278531,
		0.5752,
		-0.062662,
		1
	},
	[0.116666666667] = {
		-0.07572,
		0.197138,
		-0.977447,
		0,
		-0.650238,
		0.733398,
		0.198288,
		0,
		0.755948,
		0.650588,
		0.072654,
		0,
		0.107115,
		0.654275,
		-0.072245,
		1
	},
	[0.133333333333] = {
		-0.071053,
		0.12279,
		-0.989886,
		0,
		-0.879926,
		0.45966,
		0.120179,
		0,
		0.469767,
		0.879566,
		0.075385,
		0,
		0.011521,
		0.652645,
		-0.071332,
		1
	},
	[0.15] = {
		-0.064668,
		0.093616,
		-0.993506,
		0,
		-0.971489,
		0.221658,
		0.084121,
		0,
		0.228093,
		0.97062,
		0.076613,
		0,
		-0.125358,
		0.597752,
		-0.082556,
		1
	},
	[0.166666666667] = {
		-0.048903,
		0.080679,
		-0.99554,
		0,
		-0.998159,
		-0.03976,
		0.045809,
		0,
		-0.035887,
		0.995947,
		0.082475,
		0,
		-0.256135,
		0.509063,
		-0.096796,
		1
	},
	[0.183333333333] = {
		-0.006386,
		0.075366,
		-0.997136,
		0,
		-0.928698,
		-0.370181,
		-0.022031,
		0,
		-0.370781,
		0.925897,
		0.072356,
		0,
		-0.345052,
		0.388521,
		-0.109179,
		1
	},
	[0.1] = {
		-0.029497,
		0.268469,
		-0.962837,
		0,
		-0.328697,
		0.90708,
		0.262992,
		0,
		0.943975,
		0.324239,
		0.061489,
		0,
		0.18947,
		0.613891,
		-0.072459,
		1
	},
	[0.216666666667] = {
		-0.056039,
		0.054054,
		-0.996964,
		0,
		-0.717736,
		-0.696311,
		0.002591,
		0,
		-0.694057,
		0.715702,
		0.077817,
		0,
		-0.432007,
		0.103143,
		-0.156024,
		1
	},
	[0.233333333333] = {
		-0.125433,
		0.011591,
		-0.992034,
		0,
		-0.623059,
		-0.779065,
		0.069677,
		0,
		-0.772052,
		0.626836,
		0.104942,
		0,
		-0.42441,
		-0.020406,
		-0.186285,
		1
	},
	[0.25] = {
		-0.037974,
		0.04401,
		-0.998309,
		0,
		-0.197991,
		-0.979555,
		-0.035652,
		0,
		-0.979468,
		0.196303,
		0.045912,
		0,
		-0.402082,
		-0.134389,
		-0.229183,
		1
	},
	[0.266666666667] = {
		0.071474,
		0.124532,
		-0.989638,
		0,
		0.291981,
		-0.951326,
		-0.098624,
		0,
		-0.95375,
		-0.281906,
		-0.104356,
		0,
		-0.371024,
		-0.223083,
		-0.272256,
		1
	},
	[0.283333333333] = {
		0.124595,
		0.227729,
		-0.96572,
		0,
		0.428439,
		-0.890237,
		-0.154653,
		0,
		-0.894939,
		-0.394484,
		-0.208487,
		0,
		-0.330602,
		-0.275768,
		-0.324704,
		1
	},
	[0.2] = {
		0.025233,
		0.088797,
		-0.99573,
		0,
		-0.784584,
		-0.615498,
		-0.074771,
		0,
		-0.619509,
		0.78312,
		0.054138,
		0,
		-0.405905,
		0.246526,
		-0.127806,
		1
	},
	[0.316666666667] = {
		0.231347,
		0.423249,
		-0.875979,
		0,
		0.402014,
		-0.861526,
		-0.310094,
		0,
		-0.885925,
		-0.280416,
		-0.369463,
		0,
		-0.180388,
		-0.331133,
		-0.447337,
		1
	},
	[0.333333333333] = {
		0.308664,
		0.484213,
		-0.818697,
		0,
		0.324886,
		-0.86263,
		-0.387709,
		0,
		-0.893966,
		-0.146311,
		-0.423577,
		0,
		-0.106518,
		-0.341312,
		-0.502896,
		1
	},
	[0.35] = {
		0.391195,
		0.510513,
		-0.76573,
		0,
		0.266863,
		-0.859214,
		-0.436504,
		0,
		-0.880767,
		-0.033587,
		-0.472357,
		0,
		-0.04849,
		-0.344991,
		-0.545274,
		1
	},
	[0.366666666667] = {
		0.463023,
		0.516324,
		-0.72043,
		0,
		0.274204,
		-0.856379,
		-0.437525,
		0,
		-0.842865,
		0.005039,
		-0.538101,
		0,
		-0.015455,
		-0.346044,
		-0.56784,
		1
	},
	[0.383333333333] = {
		0.52326,
		0.516623,
		-0.677716,
		0,
		0.318822,
		-0.856206,
		-0.406526,
		0,
		-0.790285,
		-0.003352,
		-0.61273,
		0,
		0.001151,
		-0.346395,
		-0.577784,
		1
	},
	[0.3] = {
		0.171357,
		0.332432,
		-0.92743,
		0,
		0.450096,
		-0.863789,
		-0.226458,
		0,
		-0.876385,
		-0.378627,
		-0.297642,
		0,
		-0.261878,
		-0.31173,
		-0.386197,
		1
	},
	[0.416666666667] = {
		0.623594,
		0.500689,
		-0.600368,
		0,
		0.344179,
		-0.865385,
		-0.364211,
		0,
		-0.701906,
		0.020486,
		-0.711975,
		0,
		0.028168,
		-0.343132,
		-0.595828,
		1
	},
	[0.433333333333] = {
		0.663906,
		0.486811,
		-0.567666,
		0,
		0.33192,
		-0.872055,
		-0.359651,
		0,
		-0.670118,
		0.050355,
		-0.740545,
		0,
		0.038869,
		-0.339477,
		-0.604543,
		1
	},
	[0.45] = {
		0.700591,
		0.469771,
		-0.53711,
		0,
		0.317848,
		-0.879366,
		-0.354526,
		0,
		-0.638862,
		0.077659,
		-0.765392,
		0,
		0.049144,
		-0.335257,
		-0.612816,
		1
	},
	[0.466666666667] = {
		0.733831,
		0.450307,
		-0.508641,
		0,
		0.302234,
		-0.886968,
		-0.349202,
		0,
		-0.608397,
		0.102527,
		-0.786983,
		0,
		0.059008,
		-0.33048,
		-0.620697,
		1
	},
	[0.483333333333] = {
		0.763847,
		0.42903,
		-0.482152,
		0,
		0.285341,
		-0.894577,
		-0.343965,
		0,
		-0.578894,
		0.125159,
		-0.80574,
		0,
		0.068475,
		-0.325153,
		-0.62823,
		1
	},
	[0.4] = {
		0.577253,
		0.510949,
		-0.636954,
		0,
		0.343163,
		-0.859611,
		-0.37856,
		0,
		-0.740957,
		-5.5e-05,
		-0.671552,
		0,
		0.015881,
		-0.345551,
		-0.58693,
		1
	},
	[0.516666666667] = {
		0.815194,
		0.382935,
		-0.434533,
		0,
		0.248646,
		-0.908975,
		-0.334574,
		0,
		-0.5231,
		0.164697,
		-0.836206,
		0,
		0.086293,
		-0.312889,
		-0.642391,
		1
	},
	[0.533333333333] = {
		0.837019,
		0.358836,
		-0.41308,
		0,
		0.22925,
		-0.915461,
		-0.33072,
		0,
		-0.496833,
		0.18212,
		-0.848522,
		0,
		0.094679,
		-0.305973,
		-0.649075,
		1
	},
	[0.55] = {
		0.856594,
		0.334389,
		-0.392976,
		0,
		0.209381,
		-0.921333,
		-0.327575,
		0,
		-0.471599,
		0.198318,
		-0.859223,
		0,
		0.102739,
		-0.298553,
		-0.655524,
		1
	},
	[0.566666666667] = {
		0.874136,
		0.309786,
		-0.374057,
		0,
		0.189183,
		-0.92652,
		-0.325223,
		0,
		-0.447321,
		0.213524,
		-0.868511,
		0,
		0.110493,
		-0.290644,
		-0.661756,
		1
	},
	[0.583333333333] = {
		0.889843,
		0.285172,
		-0.356168,
		0,
		0.168778,
		-0.930974,
		-0.323729,
		0,
		-0.423902,
		0.227955,
		-0.876552,
		0,
		0.117958,
		-0.282265,
		-0.667786,
		1
	},
	[0.5] = {
		0.790885,
		0.406439,
		-0.457502,
		0,
		0.267406,
		-0.90197,
		-0.339033,
		0,
		-0.55045,
		0.145797,
		-0.822039,
		0,
		0.077565,
		-0.319286,
		-0.635451,
		1
	},
	[0.616666666667] = {
		0.916459,
		0.236313,
		-0.322891,
		0,
		0.127767,
		-0.937554,
		-0.323525,
		0,
		-0.379181,
		0.255242,
		-0.889423,
		0,
		0.132096,
		-0.264177,
		-0.679279,
		1
	},
	[0.633333333333] = {
		0.927673,
		0.212202,
		-0.307234,
		0,
		0.107339,
		-0.93964,
		-0.324893,
		0,
		-0.357632,
		0.268417,
		-0.894456,
		0,
		0.138806,
		-0.254513,
		-0.684759,
		1
	},
	[0.65] = {
		0.937667,
		0.188358,
		-0.292064,
		0,
		0.087068,
		-0.940907,
		-0.32728,
		0,
		-0.336451,
		0.281451,
		-0.898658,
		0,
		0.145302,
		-0.244469,
		-0.690068,
		1
	},
	[0.666666666667] = {
		0.946552,
		0.164805,
		-0.277269,
		0,
		0.067027,
		-0.941351,
		-0.330705,
		0,
		-0.315509,
		0.294445,
		-0.902084,
		0,
		0.151602,
		-0.234073,
		-0.69521,
		1
	},
	[0.683333333333] = {
		0.954426,
		0.141554,
		-0.262743,
		0,
		0.047286,
		-0.940966,
		-0.335181,
		0,
		-0.294679,
		0.307481,
		-0.904776,
		0,
		0.157726,
		-0.223356,
		-0.700187,
		1
	},
	[0.6] = {
		0.903897,
		0.260655,
		-0.339159,
		0,
		0.148275,
		-0.93466,
		-0.323149,
		0,
		-0.401229,
		0.241804,
		-0.883485,
		0,
		0.125153,
		-0.273435,
		-0.673623,
		1
	},
	[0.716666666667] = {
		0.967461,
		0.095974,
		-0.234114,
		0,
		0.008983,
		-0.937715,
		-0.347289,
		0,
		-0.252863,
		0.333885,
		-0.908065,
		0,
		0.16952,
		-0.201084,
		-0.70964,
		1
	},
	[0.733333333333] = {
		0.972754,
		0.073636,
		-0.219836,
		0,
		-0.00944,
		-0.934854,
		-0.354906,
		0,
		-0.231648,
		0.347312,
		-0.908688,
		0,
		0.175228,
		-0.189602,
		-0.714113,
		1
	},
	[0.75] = {
		0.977301,
		0.051589,
		-0.205478,
		0,
		-0.027281,
		-0.931178,
		-0.363542,
		0,
		-0.210091,
		0.360895,
		-0.908634,
		0,
		0.180835,
		-0.17794,
		-0.718413,
		1
	},
	[0.766666666667] = {
		0.981143,
		0.029821,
		-0.19097,
		0,
		-0.044468,
		-0.926698,
		-0.373167,
		0,
		-0.1881,
		0.374622,
		-0.907897,
		0,
		0.186358,
		-0.16614,
		-0.722534,
		1
	},
	[0.783333333333] = {
		0.98431,
		0.00832,
		-0.176249,
		0,
		-0.060924,
		-0.921426,
		-0.383747,
		0,
		-0.165594,
		0.388464,
		-0.906462,
		0,
		0.191812,
		-0.154245,
		-0.72647,
		1
	},
	[0.7] = {
		0.961371,
		0.118611,
		-0.248388,
		0,
		0.027915,
		-0.939754,
		-0.34071,
		0,
		-0.273836,
		0.320615,
		-0.906764,
		0,
		0.163692,
		-0.212348,
		-0.704997,
		1
	},
	[0.816666666667] = {
		0.98871,
		-0.033929,
		-0.145951,
		0,
		-0.091347,
		-0.908585,
		-0.407589,
		0,
		-0.11878,
		0.41632,
		-0.901426,
		0,
		0.202575,
		-0.13036,
		-0.733764,
		1
	},
	[0.833333333333] = {
		0.989966,
		-0.054703,
		-0.130285,
		0,
		-0.105163,
		-0.901063,
		-0.420745,
		0,
		-0.094379,
		0.430224,
		-0.897775,
		0,
		0.207907,
		-0.118468,
		-0.737107,
		1
	},
	[0.85] = {
		0.9906,
		-0.075262,
		-0.114226,
		0,
		-0.117953,
		-0.892845,
		-0.434643,
		0,
		-0.069274,
		0.444031,
		-0.89333,
		0,
		0.21322,
		-0.106677,
		-0.740236,
		1
	},
	[0.866666666667] = {
		0.990607,
		-0.095616,
		-0.097752,
		0,
		-0.129651,
		-0.883964,
		-0.44922,
		0,
		-0.043456,
		0.457674,
		-0.888058,
		0,
		0.21852,
		-0.09504,
		-0.743147,
		1
	},
	[0.883333333333] = {
		0.989979,
		-0.115778,
		-0.080846,
		0,
		-0.140193,
		-0.874455,
		-0.464407,
		0,
		-0.016928,
		0.471088,
		-0.881924,
		0,
		0.223812,
		-0.08361,
		-0.74583,
		1
	},
	[0.8] = {
		0.986827,
		-0.012925,
		-0.161259,
		0,
		-0.076576,
		-0.915381,
		-0.395238,
		0,
		-0.142505,
		0.40238,
		-0.904313,
		0,
		0.197213,
		-0.142303,
		-0.730216,
		1
	},
	[0.916666666667] = {
		0.986765,
		-0.155573,
		-0.045731,
		0,
		-0.157597,
		-0.8537,
		-0.496347,
		0,
		0.038178,
		0.496985,
		-0.866919,
		0,
		0.234371,
		-0.061585,
		-0.750487,
		1
	},
	[0.933333333333] = {
		0.984142,
		-0.17523,
		-0.027542,
		0,
		-0.16437,
		-0.842525,
		-0.512967,
		0,
		0.066682,
		0.509359,
		-0.857967,
		0,
		0.239634,
		-0.051095,
		-0.752449,
		1
	},
	[0.95] = {
		0.980813,
		-0.194743,
		-0.008964,
		0,
		-0.169813,
		-0.830861,
		-0.529937,
		0,
		0.095754,
		0.521292,
		-0.84799,
		0,
		0.24488,
		-0.041023,
		-0.75416,
		1
	},
	[0.966666666667] = {
		0.976755,
		-0.214127,
		0.009963,
		0,
		-0.173904,
		-0.818735,
		-0.547202,
		0,
		0.125328,
		0.53275,
		-0.836941,
		0,
		0.250099,
		-0.031418,
		-0.755615,
		1
	},
	[0.983333333333] = {
		0.971943,
		-0.233398,
		0.029191,
		0,
		-0.176629,
		-0.806166,
		-0.564711,
		0,
		0.155335,
		0.543711,
		-0.824772,
		0,
		0.255281,
		-0.022328,
		-0.75681,
		1
	},
	[0.9] = {
		0.988704,
		-0.13576,
		-0.063504,
		0,
		-0.149524,
		-0.864355,
		-0.480139,
		0,
		0.010294,
		0.484211,
		-0.874891,
		0,
		0.229096,
		-0.072441,
		-0.748279,
		1
	},
	[1.01666666667] = {
		0.959965,
		-0.271671,
		0.068283,
		0,
		-0.177967,
		-0.779736,
		-0.600283,
		0,
		0.216322,
		0.564099,
		-0.796867,
		0,
		0.265483,
		-0.005876,
		-0.758408,
		1
	},
	[1.03333333333] = {
		0.952755,
		-0.290717,
		0.087985,
		0,
		-0.176595,
		-0.765867,
		-0.618274,
		0,
		0.247127,
		0.573526,
		-0.781023,
		0,
		0.270474,
		0.001399,
		-0.758806,
		1
	},
	[1.05] = {
		0.944708,
		-0.309735,
		0.107662,
		0,
		-0.17388,
		-0.75154,
		-0.63636,
		0,
		0.278015,
		0.582454,
		-0.763842,
		0,
		0.27537,
		0.007987,
		-0.758937,
		1
	},
	[1.06666666667] = {
		0.93581,
		-0.328754,
		0.127202,
		0,
		-0.169847,
		-0.736723,
		-0.654516,
		0,
		0.308888,
		0.590898,
		-0.745271,
		0,
		0.280152,
		0.013849,
		-0.7588,
		1
	},
	[1.08333333333] = {
		0.926053,
		-0.347806,
		0.14648,
		0,
		-0.164525,
		-0.721375,
		-0.672719,
		0,
		0.339643,
		0.598873,
		-0.725254,
		0,
		0.284803,
		0.018949,
		-0.758396,
		1
	},
	[1.11666666667] = {
		0.903965,
		-0.386141,
		0.183692,
		0,
		-0.150152,
		-0.688869,
		-0.709164,
		0,
		0.400377,
		0.613478,
		-0.680693,
		0,
		0.293632,
		0.026719,
		-0.756798,
		1
	},
	[1.13333333333] = {
		0.891654,
		-0.405493,
		0.201317,
		0,
		-0.141192,
		-0.671583,
		-0.727352,
		0,
		0.430137,
		0.620122,
		-0.656072,
		0,
		0.297768,
		0.029322,
		-0.755615,
		1
	},
	[1.1] = {
		0.915436,
		-0.366924,
		0.16536,
		0,
		-0.157946,
		-0.705444,
		-0.690943,
		0,
		0.370176,
		0.606396,
		-0.703743,
		0,
		0.289303,
		0.02325,
		-0.757727,
		1
	}
}

return spline_matrices
