-- chunkname: @content/characters/player/human/first_person/animations/force_sword/heavy_attack_left_diagonal_down.lua

local spline_matrices = {
	[0.0166666666667] = {
		0.907105,
		-0.346516,
		0.238931,
		0,
		0.413875,
		0.630998,
		-0.656162,
		0,
		0.076606,
		0.694095,
		0.715796,
		0,
		0.453297,
		-0.462635,
		0.082697,
		1
	},
	[0.0333333333333] = {
		0.8756,
		-0.468532,
		0.117487,
		0,
		0.480275,
		0.818475,
		-0.315332,
		0,
		0.051583,
		0.332531,
		0.941681,
		0,
		0.478252,
		-0.352956,
		0.118247,
		1
	},
	[0.05] = {
		0.858456,
		-0.502074,
		-0.104763,
		0,
		0.512867,
		0.842168,
		0.166493,
		0,
		0.004636,
		-0.196657,
		0.980461,
		0,
		0.500893,
		-0.216505,
		0.15146,
		1
	},
	[0.0666666666667] = {
		0.864812,
		-0.377049,
		-0.331563,
		0,
		0.501627,
		0.620289,
		0.603003,
		0,
		-0.021697,
		-0.687805,
		0.725571,
		0,
		0.519777,
		-0.071723,
		0.164895,
		1
	},
	[0.0833333333333] = {
		0.876267,
		-0.165207,
		-0.452617,
		0,
		0.481808,
		0.308364,
		0.820227,
		0,
		0.004063,
		-0.936813,
		0.349807,
		0,
		0.535621,
		0.074415,
		0.160291,
		1
	},
	[0] = {
		0.937111,
		-0.222463,
		0.268948,
		0,
		0.340697,
		0.415642,
		-0.843308,
		0,
		0.075819,
		0.881903,
		0.465295,
		0,
		0.431492,
		-0.511265,
		0.057663,
		1
	},
	[0.116666666667] = {
		0.856626,
		0.087929,
		-0.508391,
		0,
		0.506909,
		0.040109,
		0.861066,
		0,
		0.096104,
		-0.995319,
		-0.010213,
		0,
		0.531358,
		0.270508,
		0.162108,
		1
	},
	[0.133333333333] = {
		0.839163,
		0.102316,
		-0.53417,
		0,
		0.531966,
		0.050044,
		0.845286,
		0,
		0.113218,
		-0.993492,
		-0.012433,
		0,
		0.485948,
		0.303694,
		0.181135,
		1
	},
	[0.15] = {
		0.821671,
		0.122416,
		-0.556661,
		0,
		0.543751,
		0.12441,
		0.829974,
		0,
		0.170856,
		-0.98465,
		0.03566,
		0,
		0.426028,
		0.345742,
		0.195692,
		1
	},
	[0.166666666667] = {
		0.813808,
		0.14608,
		-0.562474,
		0,
		0.488973,
		0.350917,
		0.798601,
		0,
		0.314041,
		-0.924942,
		0.21415,
		0,
		0.363248,
		0.402201,
		0.191419,
		1
	},
	[0.183333333333] = {
		0.777023,
		0.199839,
		-0.596909,
		0,
		0.222595,
		0.799767,
		0.557516,
		0,
		0.588801,
		-0.566072,
		0.576954,
		0,
		0.288745,
		0.500026,
		0.142584,
		1
	},
	[0.1] = {
		0.872963,
		0.011795,
		-0.487643,
		0,
		0.483895,
		0.105081,
		0.868795,
		0,
		0.061489,
		-0.994394,
		0.086024,
		0,
		0.546058,
		0.200444,
		0.154131,
		1
	},
	[0.216666666667] = {
		0.733373,
		0.125326,
		-0.668174,
		0,
		-0.485893,
		0.784042,
		-0.386247,
		0,
		0.47547,
		0.607924,
		0.63589,
		0,
		0.083029,
		0.665524,
		-0.050846,
		1
	},
	[0.233333333333] = {
		0.75716,
		0.079409,
		-0.648385,
		0,
		-0.622561,
		0.388285,
		-0.67945,
		0,
		0.197803,
		0.918112,
		0.343431,
		0,
		-0.010287,
		0.690041,
		-0.140606,
		1
	},
	[0.25] = {
		0.704489,
		0.095608,
		-0.703245,
		0,
		-0.709453,
		0.067965,
		-0.701468,
		0,
		-0.01927,
		0.993096,
		0.11571,
		0,
		-0.063574,
		0.652158,
		-0.198693,
		1
	},
	[0.266666666667] = {
		0.664071,
		0.117283,
		-0.738413,
		0,
		-0.706467,
		-0.224902,
		-0.671062,
		0,
		-0.244775,
		0.967297,
		-0.066494,
		0,
		-0.109587,
		0.564437,
		-0.254264,
		1
	},
	[0.283333333333] = {
		0.748269,
		0.20603,
		-0.630591,
		0,
		-0.448893,
		-0.542638,
		-0.709957,
		0,
		-0.488455,
		0.814307,
		-0.313554,
		0,
		-0.182312,
		0.407403,
		-0.320955,
		1
	},
	[0.2] = {
		0.727158,
		0.201335,
		-0.656281,
		0,
		-0.200632,
		0.976612,
		0.077306,
		0,
		0.656497,
		0.075457,
		0.750545,
		0,
		0.19023,
		0.595978,
		0.051601,
		1
	},
	[0.316666666667] = {
		0.669128,
		0.486871,
		-0.561449,
		0,
		0.001096,
		-0.756147,
		-0.654401,
		0,
		-0.743146,
		0.437263,
		-0.506493,
		0,
		-0.206689,
		0.114692,
		-0.401861,
		1
	},
	[0.333333333333] = {
		0.571616,
		0.589725,
		-0.570509,
		0,
		0.066585,
		-0.726346,
		-0.684097,
		0,
		-0.817815,
		0.353053,
		-0.454458,
		0,
		-0.150606,
		0.031431,
		-0.438326,
		1
	},
	[0.35] = {
		0.599395,
		0.693927,
		-0.398986,
		0,
		0.199856,
		-0.612403,
		-0.764866,
		0,
		-0.775102,
		0.378717,
		-0.505757,
		0,
		-0.061792,
		0.028643,
		-0.530994,
		1
	},
	[0.366666666667] = {
		0.64294,
		0.755747,
		-0.124399,
		0,
		0.361012,
		-0.442268,
		-0.821017,
		0,
		-0.675499,
		0.482955,
		-0.557185,
		0,
		0.04737,
		0.070861,
		-0.641402,
		1
	},
	[0.383333333333] = {
		0.633141,
		0.769114,
		0.087156,
		0,
		0.481044,
		-0.302765,
		-0.822757,
		0,
		-0.606407,
		0.562847,
		-0.561671,
		0,
		0.128287,
		0.103931,
		-0.715495,
		1
	},
	[0.3] = {
		0.77341,
		0.363439,
		-0.519374,
		0,
		-0.119161,
		-0.721364,
		-0.682228,
		0,
		-0.622606,
		0.589531,
		-0.514602,
		0,
		-0.227174,
		0.241939,
		-0.376593,
		1
	},
	[0.416666666667] = {
		0.568737,
		0.812764,
		0.126306,
		0,
		0.496319,
		-0.21666,
		-0.84067,
		0,
		-0.655901,
		0.540808,
		-0.526613,
		0,
		0.136392,
		0.088839,
		-0.702527,
		1
	},
	[0.433333333333] = {
		0.545116,
		0.826009,
		0.143383,
		0,
		0.499477,
		-0.182623,
		-0.84686,
		0,
		-0.673329,
		0.533253,
		-0.512123,
		0,
		0.13994,
		0.08152,
		-0.693678,
		1
	},
	[0.45] = {
		0.527012,
		0.83491,
		0.158694,
		0,
		0.500701,
		-0.154151,
		-0.851784,
		0,
		-0.6867,
		0.528358,
		-0.49928,
		0,
		0.143204,
		0.074373,
		-0.683447,
		1
	},
	[0.466666666667] = {
		0.51412,
		0.840241,
		0.172267,
		0,
		0.500546,
		-0.13082,
		-0.855769,
		0,
		-0.696516,
		0.526195,
		-0.487836,
		0,
		0.146217,
		0.067421,
		-0.671986,
		1
	},
	[0.483333333333] = {
		0.506081,
		0.842592,
		0.184174,
		0,
		0.499415,
		-0.112185,
		-0.859069,
		0,
		-0.703183,
		0.526738,
		-0.477578,
		0,
		0.149004,
		0.060695,
		-0.659443,
		1
	},
	[0.4] = {
		0.598067,
		0.794202,
		0.107512,
		0,
		0.490492,
		-0.256623,
		-0.832804,
		0,
		-0.633825,
		0.550806,
		-0.543028,
		0,
		0.132522,
		0.096313,
		-0.709849,
		1
	},
	[0.516666666667] = {
		0.50299,
		0.840013,
		0.20342,
		0,
		0.495272,
		-0.08725,
		-0.864346,
		0,
		-0.708313,
		0.535505,
		-0.459921,
		0,
		0.153981,
		0.048036,
		-0.631709,
		1
	},
	[0.533333333333] = {
		0.522707,
		0.827433,
		0.205261,
		0,
		0.498049,
		-0.100978,
		-0.861249,
		0,
		-0.691899,
		0.552411,
		-0.464884,
		0,
		0.156966,
		0.043687,
		-0.626785,
		1
	},
	[0.55] = {
		0.545253,
		0.812647,
		0.20568,
		0,
		0.50087,
		-0.119083,
		-0.857291,
		0,
		-0.672182,
		0.570459,
		-0.471961,
		0,
		0.16024,
		0.039471,
		-0.623167,
		1
	},
	[0.566666666667] = {
		0.570329,
		0.795453,
		0.204889,
		0,
		0.503287,
		-0.141268,
		-0.852494,
		0,
		-0.649175,
		0.58932,
		-0.48091,
		0,
		0.16379,
		0.035437,
		-0.620778,
		1
	},
	[0.583333333333] = {
		0.597608,
		0.775639,
		0.203099,
		0,
		0.504824,
		-0.1672,
		-0.846875,
		0,
		-0.622911,
		0.608628,
		-0.491482,
		0,
		0.167604,
		0.03163,
		-0.619543,
		1
	},
	[0.5] = {
		0.502504,
		0.842408,
		0.19452,
		0,
		0.497593,
		-0.097803,
		-0.861879,
		0,
		-0.707029,
		0.52989,
		-0.468323,
		0,
		0.151586,
		0.054224,
		-0.645969,
		1
	},
	[0.616666666667] = {
		0.65729,
		0.727341,
		0.197347,
		0,
		0.503327,
		-0.228764,
		-0.833264,
		0,
		-0.560921,
		0.647026,
		-0.516455,
		0,
		0.175995,
		0.02487,
		-0.620231,
		1
	},
	[0.633333333333] = {
		0.688863,
		0.698511,
		0.193777,
		0,
		0.499361,
		-0.263499,
		-0.825353,
		0,
		-0.525458,
		0.66532,
		-0.530324,
		0,
		0.180565,
		0.021992,
		-0.622002,
		1
	},
	[0.65] = {
		0.720987,
		0.666397,
		0.189983,
		0,
		0.492688,
		-0.30019,
		-0.816789,
		0,
		-0.487275,
		0.682497,
		-0.544758,
		0,
		0.185385,
		0.019492,
		-0.624619,
		1
	},
	[0.666666666667] = {
		0.753175,
		0.63094,
		0.186125,
		0,
		0.48296,
		-0.338267,
		-0.807666,
		0,
		-0.446629,
		0.698205,
		-0.559493,
		0,
		0.190456,
		0.017392,
		-0.628002,
		1
	},
	[0.683333333333] = {
		0.784928,
		0.592148,
		0.182344,
		0,
		0.469907,
		-0.377127,
		-0.798099,
		0,
		-0.403826,
		0.712135,
		-0.574272,
		0,
		0.195782,
		0.01571,
		-0.632069,
		1
	},
	[0.6] = {
		0.626727,
		0.752998,
		0.200519,
		0,
		0.504998,
		-0.196507,
		-0.840454,
		0,
		-0.593456,
		0.627997,
		-0.503418,
		0,
		0.171674,
		0.028094,
		-0.619386,
		1
	},
	[0.716666666667] = {
		0.845139,
		0.504927,
		0.175469,
		0,
		0.433213,
		-0.454669,
		-0.778204,
		0,
		-0.313156,
		0.733706,
		-0.603,
		0,
		0.20721,
		0.013621,
		-0.641915,
		1
	},
	[0.733333333333] = {
		0.872642,
		0.456862,
		0.172547,
		0,
		0.409523,
		-0.492086,
		-0.768207,
		0,
		-0.266056,
		0.741032,
		-0.61651,
		0,
		0.213309,
		0.013208,
		-0.647517,
		1
	},
	[0.75] = {
		0.897831,
		0.406181,
		0.170049,
		0,
		0.382417,
		-0.527787,
		-0.758418,
		0,
		-0.218305,
		0.745961,
		-0.629194,
		0,
		0.219658,
		0.013196,
		-0.653449,
		1
	},
	[0.766666666667] = {
		0.920329,
		0.353224,
		0.168012,
		0,
		0.352135,
		-0.561216,
		-0.749025,
		0,
		-0.170282,
		0.748512,
		-0.640886,
		0,
		0.226243,
		0.013565,
		-0.659618,
		1
	},
	[0.783333333333] = {
		0.939823,
		0.298373,
		0.166454,
		0,
		0.319008,
		-0.591876,
		-0.740214,
		0,
		-0.122339,
		0.74877,
		-0.651442,
		0,
		0.233043,
		0.014287,
		-0.665929,
		1
	},
	[0.7] = {
		0.815746,
		0.550094,
		0.17876,
		0,
		0.453351,
		-0.41614,
		-0.788226,
		0,
		-0.35921,
		0.724033,
		-0.58885,
		0,
		0.201367,
		0.014453,
		-0.636736,
		1
	},
	[0.816666666667] = {
		0.968883,
		0.184672,
		0.16481,
		0,
		0.245945,
		-0.64328,
		-0.725054,
		0,
		-0.027878,
		0.743026,
		-0.668682,
		0,
		0.24716,
		0.01666,
		-0.678583,
		1
	},
	[0.833333333333] = {
		0.97817,
		0.12669,
		0.164723,
		0,
		0.20701,
		-0.663433,
		-0.719029,
		0,
		0.018189,
		0.737432,
		-0.675176,
		0,
		0.254394,
		0.018239,
		-0.684731,
		1
	},
	[0.8] = {
		0.956066,
		0.242044,
		0.165387,
		0,
		0.283453,
		-0.619344,
		-0.732167,
		0,
		-0.074786,
		0.746879,
		-0.660741,
		0,
		0.240028,
		0.01533,
		-0.672283,
		1
	}
}

return spline_matrices
