local spline_matrices = {
	[0] = {
		0.679719,
		0.132356,
		0.721431,
		0,
		-0.569221,
		-0.525113,
		0.632649,
		0,
		0.462568,
		-0.840677,
		-0.281589,
		0,
		-0.259249,
		-0.026113,
		0.054666,
		1
	},
	[0.0166666666667] = {
		0.674414,
		0.13024,
		0.726775,
		0,
		-0.538438,
		-0.586774,
		0.604798,
		0,
		0.505222,
		-0.799208,
		-0.325602,
		0,
		-0.244925,
		-0.026057,
		0.068318,
		1
	},
	[0.0333333333333] = {
		0.663947,
		0.124593,
		0.737327,
		0,
		-0.502659,
		-0.655656,
		0.563426,
		0,
		0.553631,
		-0.744709,
		-0.372693,
		0,
		-0.226041,
		-0.030015,
		0.083342,
		1
	},
	[0.05] = {
		0.65548,
		0.119014,
		0.745775,
		0,
		-0.463129,
		-0.716677,
		0.521427,
		0,
		0.596537,
		-0.687175,
		-0.414649,
		0,
		-0.208618,
		-0.031798,
		0.097991,
		1
	},
	[0.0666666666667] = {
		0.655819,
		0.119163,
		0.745454,
		0,
		-0.42458,
		-0.758266,
		0.494737,
		0,
		0.624207,
		-0.640963,
		-0.446691,
		0,
		-0.19885,
		-0.025719,
		0.110321,
		1
	},
	[0.0833333333333] = {
		0.670319,
		0.131069,
		0.730406,
		0,
		-0.393414,
		-0.771802,
		0.499546,
		0,
		0.629204,
		-0.622207,
		-0.465789,
		0,
		-0.202109,
		-0.007473,
		0.118805,
		1
	},
	[0.116666666667] = {
		0.801972,
		0.073452,
		0.592829,
		0,
		-0.425978,
		-0.625425,
		0.653748,
		0,
		0.418789,
		-0.776819,
		-0.470285,
		0,
		-0.234138,
		0.147082,
		0.139452,
		1
	},
	[0.133333333333] = {
		0.847525,
		0.008346,
		0.53069,
		0,
		-0.472839,
		-0.442316,
		0.76209,
		0,
		0.241093,
		-0.896821,
		-0.370927,
		0,
		-0.239278,
		0.248789,
		0.145169,
		1
	},
	[0.15] = {
		0.837229,
		-0.084648,
		0.540262,
		0,
		-0.542808,
		-0.008707,
		0.839811,
		0,
		-0.066384,
		-0.996373,
		-0.053237,
		0,
		-0.213254,
		0.366731,
		0.13635,
		1
	},
	[0.166666666667] = {
		0.674108,
		-0.069477,
		0.735358,
		0,
		-0.273437,
		0.901363,
		0.335824,
		0,
		-0.686156,
		-0.427456,
		0.588618,
		0,
		-0.088455,
		0.566433,
		0.053272,
		1
	},
	[0.183333333333] = {
		0.473489,
		0.023147,
		0.880496,
		0,
		0.754597,
		0.504947,
		-0.419061,
		0,
		-0.454304,
		0.86284,
		0.221621,
		0,
		0.076821,
		0.67649,
		-0.049924,
		1
	},
	[0.1] = {
		0.731253,
		0.113602,
		0.67258,
		0,
		-0.412448,
		-0.711713,
		0.56864,
		0,
		0.543283,
		-0.693224,
		-0.473587,
		0,
		-0.215195,
		0.058579,
		0.128044,
		1
	},
	[0.216666666667] = {
		0.539242,
		-0.008343,
		0.842109,
		0,
		0.819985,
		-0.22271,
		-0.527281,
		0,
		0.191945,
		0.974849,
		-0.113254,
		0,
		0.276004,
		0.655944,
		-0.143264,
		1
	},
	[0.233333333333] = {
		0.57738,
		-0.01923,
		0.816249,
		0,
		0.720909,
		-0.457325,
		-0.520714,
		0,
		0.383305,
		0.889091,
		-0.250187,
		0,
		0.370372,
		0.526919,
		-0.207631,
		1
	},
	[0.25] = {
		0.599953,
		-0.026837,
		0.799585,
		0,
		0.598583,
		-0.648048,
		-0.470886,
		0,
		0.530806,
		0.761127,
		-0.372734,
		0,
		0.474392,
		0.277489,
		-0.278366,
		1
	},
	[0.266666666667] = {
		0.635731,
		-0.039399,
		0.770905,
		0,
		0.468609,
		-0.773909,
		-0.425994,
		0,
		0.613394,
		0.63207,
		-0.473535,
		0,
		0.554303,
		0.082071,
		-0.347664,
		1
	},
	[0.283333333333] = {
		0.694375,
		-0.063592,
		0.716798,
		0,
		0.348036,
		-0.842164,
		-0.411863,
		0,
		0.629852,
		0.535458,
		-0.562646,
		0,
		0.587409,
		0.008732,
		-0.404361,
		1
	},
	[0.2] = {
		0.457577,
		0.001792,
		0.889168,
		0,
		0.889008,
		0.018175,
		-0.457531,
		0,
		-0.016981,
		0.999833,
		0.006723,
		0,
		0.191519,
		0.671784,
		-0.094176,
		1
	},
	[0.316666666667] = {
		0.815401,
		-0.1309,
		0.563903,
		0,
		0.106721,
		-0.923413,
		-0.368672,
		0,
		0.568975,
		0.360795,
		-0.738982,
		0,
		0.569135,
		-0.057234,
		-0.464047,
		1
	},
	[0.333333333333] = {
		0.864315,
		-0.160838,
		0.47654,
		0,
		0.010725,
		-0.94138,
		-0.337178,
		0,
		0.502836,
		0.296539,
		-0.811924,
		0,
		0.537281,
		-0.069868,
		-0.478507,
		1
	},
	[0.35] = {
		0.902326,
		-0.179638,
		0.391838,
		0,
		-0.054546,
		-0.949301,
		-0.3096,
		0,
		0.427588,
		0.257987,
		-0.866378,
		0,
		0.502405,
		-0.077071,
		-0.490637,
		1
	},
	[0.366666666667] = {
		0.914707,
		-0.202309,
		0.349831,
		0,
		-0.089293,
		-0.945453,
		-0.313282,
		0,
		0.394128,
		0.255324,
		-0.882877,
		0,
		0.479036,
		-0.076187,
		-0.505949,
		1
	},
	[0.383333333333] = {
		0.921799,
		-0.225781,
		0.315134,
		0,
		-0.119634,
		-0.938896,
		-0.322741,
		0,
		0.368747,
		0.259801,
		-0.892485,
		0,
		0.456738,
		-0.07328,
		-0.523408,
		1
	},
	[0.3] = {
		0.757101,
		-0.096251,
		0.646168,
		0,
		0.223595,
		-0.891176,
		-0.394728,
		0,
		0.613842,
		0.44333,
		-0.653189,
		0,
		0.588943,
		-0.033006,
		-0.441373,
		1
	},
	[0.416666666667] = {
		0.925423,
		-0.27157,
		0.264276,
		0,
		-0.167269,
		-0.918551,
		-0.35817,
		0,
		0.340019,
		0.287254,
		-0.895473,
		0,
		0.415898,
		-0.062418,
		-0.563044,
		1
	},
	[0.433333333333] = {
		0.923982,
		-0.292559,
		0.246304,
		0,
		-0.184373,
		-0.905023,
		-0.383327,
		0,
		0.335057,
		0.308776,
		-0.890165,
		0,
		0.397641,
		-0.054942,
		-0.584235,
		1
	},
	[0.45] = {
		0.92139,
		-0.311637,
		0.232211,
		0,
		-0.196814,
		-0.889377,
		-0.412642,
		0,
		0.335118,
		0.334502,
		-0.880798,
		0,
		0.381007,
		-0.046419,
		-0.605629,
		1
	},
	[0.466666666667] = {
		0.918208,
		-0.328493,
		0.22133,
		0,
		-0.204509,
		-0.871697,
		-0.445331,
		0,
		0.339221,
		0.363642,
		-0.867579,
		0,
		0.36611,
		-0.037102,
		-0.626665,
		1
	},
	[0.483333333333] = {
		0.914856,
		-0.342949,
		0.213131,
		0,
		-0.207481,
		-0.852095,
		-0.480506,
		0,
		0.346397,
		0.395373,
		-0.850699,
		0,
		0.35304,
		-0.027253,
		-0.64678,
		1
	},
	[0.4] = {
		0.924996,
		-0.249116,
		0.286922,
		0,
		-0.145645,
		-0.929877,
		-0.337812,
		0,
		0.350956,
		0.270686,
		-0.896414,
		0,
		0.435644,
		-0.06861,
		-0.542597,
		1
	},
	[0.516666666667] = {
		0.908695,
		-0.364654,
		0.203226,
		0,
		-0.200118,
		-0.807736,
		-0.55454,
		0,
		0.366368,
		0.463239,
		-0.80696,
		0,
		0.332615,
		-0.007118,
		-0.682064,
		1
	},
	[0.533333333333] = {
		0.906127,
		-0.372233,
		0.20094,
		0,
		-0.190621,
		-0.783382,
		-0.591588,
		0,
		0.377621,
		0.49775,
		-0.780799,
		0,
		0.325324,
		0.002552,
		-0.696216,
		1
	},
	[0.55] = {
		0.903903,
		-0.378048,
		0.200096,
		0,
		-0.178048,
		-0.757894,
		-0.627611,
		0,
		0.388919,
		0.531673,
		-0.752374,
		0,
		0.320007,
		0.01153,
		-0.707428,
		1
	},
	[0.566666666667] = {
		0.901946,
		-0.382519,
		0.200431,
		0,
		-0.163135,
		-0.731532,
		-0.662003,
		0,
		0.399851,
		0.564394,
		-0.722204,
		0,
		0.316682,
		0.019492,
		-0.715292,
		1
	},
	[0.583333333333] = {
		0.900145,
		-0.386112,
		0.201637,
		0,
		-0.146687,
		-0.704561,
		-0.694318,
		0,
		0.410149,
		0.595409,
		-0.690844,
		0,
		0.315385,
		0.026121,
		-0.719441,
		1
	},
	[0.5] = {
		0.911627,
		-0.354969,
		0.207202,
		0,
		-0.205904,
		-0.830713,
		-0.517222,
		0,
		0.355723,
		0.42885,
		-0.830391,
		0,
		0.341862,
		-0.017158,
		-0.665422,
		1
	},
	[0.616666666667] = {
		0.898318,
		-0.389416,
		0.203418,
		0,
		-0.129664,
		-0.677371,
		-0.724124,
		0,
		0.419775,
		0.624118,
		-0.658988,
		0,
		0.316179,
		0.030921,
		-0.719554,
		1
	},
	[0.6] = {
		0.898389,
		-0.389291,
		0.203348,
		0,
		-0.129542,
		-0.677263,
		-0.724247,
		0,
		0.419663,
		0.624313,
		-0.658875,
		0,
		0.316173,
		0.031109,
		-0.719548,
		1
	}
}

return spline_matrices
