local spline_matrices = {
	[0] = {
		-0.978141,
		-0.204552,
		0.0374,
		0,
		0.046141,
		-0.03813,
		0.998207,
		0,
		-0.202759,
		0.978113,
		0.046735,
		0,
		0.374744,
		-0.071801,
		0.228258,
		1
	},
	{
		0.733524,
		0.617391,
		0.284204,
		0,
		0.423601,
		-0.088276,
		-0.901538,
		0,
		-0.531513,
		0.781688,
		-0.326279,
		0,
		0.173614,
		0.003655,
		-0.408673,
		1
	},
	[0.0166666666667] = {
		-0.896076,
		-0.44128,
		0.048172,
		0,
		0.063591,
		-0.020209,
		0.997771,
		0,
		-0.439323,
		0.897142,
		0.04617,
		0,
		0.351002,
		-0.033801,
		0.244202,
		1
	},
	[0.0333333333333] = {
		-0.747782,
		-0.661347,
		0.058681,
		0,
		0.075701,
		0.002879,
		0.997126,
		0,
		-0.659615,
		0.750075,
		0.047912,
		0,
		0.305812,
		0.048045,
		0.28279,
		1
	},
	[0.05] = {
		-0.544184,
		-0.836089,
		0.069426,
		0,
		0.082179,
		0.029232,
		0.996189,
		0,
		-0.834931,
		0.547815,
		0.052801,
		0,
		0.253194,
		0.147755,
		0.3288,
		1
	},
	[0.0666666666667] = {
		-0.308407,
		-0.947842,
		0.080501,
		0,
		0.083789,
		0.057229,
		0.994839,
		0,
		-0.947557,
		0.313561,
		0.061769,
		0,
		0.207411,
		0.240189,
		0.367103,
		1
	},
	[0.0833333333333] = {
		-0.070393,
		-0.993523,
		0.089202,
		0,
		0.081462,
		0.083399,
		0.993181,
		0,
		-0.994188,
		0.07718,
		0.075063,
		0,
		0.183545,
		0.299121,
		0.383685,
		1
	},
	[0.116666666667] = {
		0.489507,
		-0.869613,
		0.064473,
		0,
		0.027805,
		0.089465,
		0.995602,
		0,
		-0.871556,
		-0.485561,
		0.067973,
		0,
		0.186125,
		0.3327,
		0.382145,
		1
	},
	[0.133333333333] = {
		0.752035,
		-0.658441,
		0.029967,
		0,
		0.007579,
		0.0541,
		0.998507,
		0,
		-0.659079,
		-0.750685,
		0.045676,
		0,
		0.198894,
		0.328276,
		0.378274,
		1
	},
	[0.15] = {
		0.923788,
		-0.382896,
		0.00239,
		0,
		0.010217,
		0.030887,
		0.999471,
		0,
		-0.382768,
		-0.923275,
		0.032445,
		0,
		0.212052,
		0.321664,
		0.370243,
		1
	},
	[0.166666666667] = {
		0.994147,
		-0.106455,
		-0.018395,
		0,
		0.023615,
		0.047987,
		0.998569,
		0,
		-0.10542,
		-0.993159,
		0.05022,
		0,
		0.220839,
		0.321593,
		0.357859,
		1
	},
	[0.183333333333] = {
		0.991809,
		0.121039,
		-0.0408,
		0,
		0.025908,
		0.122149,
		0.992174,
		0,
		0.125075,
		-0.985104,
		0.118012,
		0,
		0.219023,
		0.334438,
		0.34084,
		1
	},
	[0.1] = {
		0.195712,
		-0.976968,
		0.085033,
		0,
		0.063143,
		0.099084,
		0.993074,
		0,
		-0.978626,
		-0.188987,
		0.081081,
		0,
		0.179639,
		0.324904,
		0.383469,
		1
	},
	[0.216666666667] = {
		0.932649,
		0.338053,
		-0.126037,
		0,
		-0.077267,
		0.528394,
		0.845476,
		0,
		0.352413,
		-0.778794,
		0.518927,
		0,
		0.162894,
		0.430473,
		0.272944,
		1
	},
	[0.233333333333] = {
		0.929707,
		0.316267,
		-0.188732,
		0,
		-0.184235,
		0.843083,
		0.505241,
		0,
		0.318908,
		-0.434955,
		0.842088,
		0,
		0.11224,
		0.526771,
		0.187481,
		1
	},
	[0.25] = {
		0.942263,
		0.243876,
		-0.229487,
		0,
		-0.25951,
		0.964906,
		-0.040127,
		0,
		0.211648,
		0.097365,
		0.972484,
		0,
		0.05957,
		0.620804,
		0.063656,
		1
	},
	[0.266666666667] = {
		0.957836,
		0.156225,
		-0.241129,
		0,
		-0.265798,
		0.800473,
		-0.53721,
		0,
		0.109092,
		0.578651,
		0.808246,
		0,
		0.012395,
		0.680946,
		-0.076042,
		1
	},
	[0.283333333333] = {
		0.973197,
		0.084571,
		-0.213857,
		0,
		-0.226303,
		0.517615,
		-0.825143,
		0,
		0.040912,
		0.851424,
		0.52288,
		0,
		-0.01771,
		0.695107,
		-0.203351,
		1
	},
	[0.2] = {
		0.959017,
		0.273698,
		-0.073323,
		0,
		-0.001996,
		0.265292,
		0.964166,
		0,
		0.283342,
		-0.924505,
		0.254966,
		0,
		0.200942,
		0.365371,
		0.318139,
		1
	},
	[0.316666666667] = {
		0.995804,
		0.069445,
		-0.059591,
		0,
		-0.041494,
		-0.237732,
		-0.970444,
		0,
		-0.081559,
		0.968845,
		-0.233853,
		0,
		-0.023462,
		0.548243,
		-0.466538,
		1
	},
	[0.333333333333] = {
		0.989805,
		0.142358,
		0.00446,
		0,
		0.087495,
		-0.583038,
		-0.80772,
		0,
		-0.112385,
		0.799875,
		-0.58955,
		0,
		-0.006554,
		0.427365,
		-0.580622,
		1
	},
	[0.35] = {
		0.969385,
		0.245185,
		0.013278,
		0,
		0.19739,
		-0.745975,
		-0.636049,
		0,
		-0.146045,
		0.619198,
		-0.771534,
		0,
		0.011073,
		0.32476,
		-0.660448,
		1
	},
	[0.366666666667] = {
		0.922722,
		0.385388,
		-0.007731,
		0,
		0.299193,
		-0.728705,
		-0.616014,
		0,
		-0.243038,
		0.566096,
		-0.787697,
		0,
		0.045357,
		0.233462,
		-0.704343,
		1
	},
	[0.383333333333] = {
		0.839586,
		0.543137,
		-0.009903,
		0,
		0.385338,
		-0.60831,
		-0.693883,
		0,
		-0.382897,
		0.578758,
		-0.72002,
		0,
		0.093734,
		0.148334,
		-0.722949,
		1
	},
	[0.3] = {
		0.987745,
		0.050302,
		-0.14775,
		0,
		-0.154416,
		0.177153,
		-0.971994,
		0,
		-0.022719,
		0.982897,
		0.182749,
		0,
		-0.027087,
		0.64912,
		-0.331619,
		1
	},
	[0.416666666667] = {
		0.722766,
		0.690556,
		0.027242,
		0,
		0.453829,
		-0.444531,
		-0.77229,
		0,
		-0.5212,
		0.570548,
		-0.634686,
		0,
		0.125371,
		0.100165,
		-0.727356,
		1
	},
	[0.433333333333] = {
		0.68247,
		0.729575,
		0.0442,
		0,
		0.472692,
		-0.394431,
		-0.788027,
		0,
		-0.557491,
		0.558698,
		-0.614052,
		0,
		0.12953,
		0.093672,
		-0.726018,
		1
	},
	[0.45] = {
		0.645158,
		0.761614,
		0.06095,
		0,
		0.48662,
		-0.348088,
		-0.801271,
		0,
		-0.589043,
		0.546606,
		-0.595189,
		0,
		0.133134,
		0.087475,
		-0.723292,
		1
	},
	[0.466666666667] = {
		0.611323,
		0.787613,
		0.077129,
		0,
		0.496496,
		-0.305811,
		-0.812386,
		0,
		-0.616259,
		0.534925,
		-0.577997,
		0,
		0.136262,
		0.081505,
		-0.719265,
		1
	},
	[0.483333333333] = {
		0.581268,
		0.808441,
		0.09247,
		0,
		0.503103,
		-0.267743,
		-0.821706,
		0,
		-0.639543,
		0.524153,
		-0.56236,
		0,
		0.138989,
		0.0757,
		-0.714023,
		1
	},
	[0.4] = {
		0.765302,
		0.643585,
		0.010551,
		0,
		0.429065,
		-0.497856,
		-0.753686,
		0,
		-0.479808,
		0.581324,
		-0.65715,
		0,
		0.120577,
		0.107037,
		-0.727219,
		1
	},
	[0.516666666667] = {
		0.533006,
		0.837597,
		0.119735,
		0,
		0.509105,
		-0.204453,
		-0.836069,
		0,
		-0.675808,
		0.506587,
		-0.535399,
		0,
		0.143517,
		0.064213,
		-0.700252,
		1
	},
	[0.533333333333] = {
		0.514819,
		0.847144,
		0.13156,
		0,
		0.509542,
		-0.178951,
		-0.841631,
		0,
		-0.689441,
		0.500323,
		-0.523783,
		0,
		0.145439,
		0.05855,
		-0.691881,
		1
	},
	[0.55] = {
		0.500502,
		0.853967,
		0.142257,
		0,
		0.508818,
		-0.157217,
		-0.846397,
		0,
		-0.70043,
		0.496007,
		-0.513201,
		0,
		0.147204,
		0.053013,
		-0.68262,
		1
	},
	[0.566666666667] = {
		0.489938,
		0.858417,
		0.151924,
		0,
		0.507246,
		-0.138982,
		-0.850521,
		0,
		-0.708987,
		0.493766,
		-0.503521,
		0,
		0.148857,
		0.047658,
		-0.672548,
		1
	},
	[0.583333333333] = {
		0.482983,
		0.860761,
		0.160678,
		0,
		0.50508,
		-0.123967,
		-0.854123,
		0,
		-0.715278,
		0.493682,
		-0.494627,
		0,
		0.15044,
		0.042535,
		-0.661742,
		1
	},
	[0.5] = {
		0.555146,
		0.824879,
		0.106714,
		0,
		0.507116,
		-0.233977,
		-0.829511,
		0,
		-0.659277,
		0.514616,
		-0.548201,
		0,
		0.141386,
		0.069949,
		-0.707658,
		1
	},
	[0.616666666667] = {
		0.481665,
		0.858046,
		0.178204,
		0,
		0.50042,
		-0.102361,
		-0.859711,
		0,
		-0.71943,
		0.503269,
		-0.478687,
		0,
		0.154393,
		0.033927,
		-0.638002,
		1
	},
	[0.633333333333] = {
		0.483213,
		0.855976,
		0.183874,
		0,
		0.497131,
		-0.095381,
		-0.862417,
		0,
		-0.720671,
		0.508141,
		-0.471621,
		0,
		0.155493,
		0.029361,
		-0.625611,
		1
	},
	[0.65] = {
		0.488131,
		0.851927,
		0.189599,
		0,
		0.493914,
		-0.090539,
		-0.864784,
		0,
		-0.719567,
		0.515774,
		-0.464974,
		0,
		0.15682,
		0.025326,
		-0.612759,
		1
	},
	[0.666666666667] = {
		0.496285,
		0.84583,
		0.195635,
		0,
		0.490875,
		-0.087527,
		-0.866822,
		0,
		-0.716061,
		0.526224,
		-0.458635,
		0,
		0.158402,
		0.021875,
		-0.599525,
		1
	},
	[0.683333333333] = {
		0.506906,
		0.838092,
		0.201613,
		0,
		0.487882,
		-0.086123,
		-0.868651,
		0,
		-0.710646,
		0.538688,
		-0.452546,
		0,
		0.16006,
		0.018849,
		-0.586045,
		1
	},
	[0.6] = {
		0.479474,
		0.861198,
		0.16865,
		0,
		0.502518,
		-0.111892,
		-0.857295,
		0,
		-0.71943,
		0.4958,
		-0.486417,
		0,
		0.151989,
		0.037692,
		-0.650282,
		1
	},
	[0.716666666667] = {
		0.532734,
		0.81931,
		0.211957,
		0,
		0.481449,
		-0.087435,
		-0.872102,
		0,
		-0.69599,
		0.566645,
		-0.441036,
		0,
		0.163033,
		0.013523,
		-0.558871,
		1
	},
	[0.733333333333] = {
		0.547405,
		0.808392,
		0.216447,
		0,
		0.477988,
		-0.089718,
		-0.873772,
		0,
		-0.686932,
		0.581767,
		-0.435514,
		0,
		0.164357,
		0.011219,
		-0.54535,
		1
	},
	[0.75] = {
		0.562892,
		0.796557,
		0.220566,
		0,
		0.474353,
		-0.092799,
		-0.87543,
		0,
		-0.676861,
		0.597399,
		-0.430085,
		0,
		0.165577,
		0.009151,
		-0.531988,
		1
	},
	[0.766666666667] = {
		0.57893,
		0.783897,
		0.224378,
		0,
		0.470546,
		-0.096459,
		-0.877087,
		0,
		-0.665903,
		0.613353,
		-0.424703,
		0,
		0.166699,
		0.007317,
		-0.518871,
		1
	},
	[0.783333333333] = {
		0.595259,
		0.770523,
		0.227949,
		0,
		0.466576,
		-0.10048,
		-0.878755,
		0,
		-0.654197,
		0.629443,
		-0.419319,
		0,
		0.167725,
		0.005713,
		-0.506084,
		1
	},
	[0.7] = {
		0.519145,
		0.829232,
		0.207033,
		0,
		0.484744,
		-0.086164,
		-0.870402,
		0,
		-0.703926,
		0.552222,
		-0.446697,
		0,
		0.161603,
		0.016066,
		-0.572465,
		1
	},
	[0.816666666667] = {
		0.627786,
		0.742183,
		0.234626,
		0,
		0.45824,
		-0.108734,
		-0.882152,
		0,
		-0.629207,
		0.661317,
		-0.40836,
		0,
		0.169506,
		0.003183,
		-0.481843,
		1
	},
	[0.833333333333] = {
		0.643502,
		0.727547,
		0.237866,
		0,
		0.453952,
		-0.112531,
		-0.883891,
		0,
		-0.616305,
		0.676766,
		-0.402686,
		0,
		0.170267,
		0.002248,
		-0.47056,
		1
	},
	[0.85] = {
		0.658554,
		0.712855,
		0.241133,
		0,
		0.449657,
		-0.115819,
		-0.88566,
		0,
		-0.603419,
		0.691682,
		-0.396813,
		0,
		0.170946,
		0.001526,
		-0.45995,
		1
	},
	[0.866666666667] = {
		0.672731,
		0.698323,
		0.244496,
		0,
		0.445424,
		-0.118384,
		-0.887459,
		0,
		-0.590788,
		0.705925,
		-0.39069,
		0,
		0.171546,
		0.001013,
		-0.450097,
		1
	},
	[0.883333333333] = {
		0.685839,
		0.684184,
		0.248028,
		0,
		0.441329,
		-0.120017,
		-0.889283,
		0,
		-0.578666,
		0.719367,
		-0.384263,
		0,
		0.172068,
		0.000701,
		-0.441085,
		1
	},
	[0.8] = {
		0.611626,
		0.756567,
		0.231342,
		0,
		0.462463,
		-0.104645,
		-0.880442,
		0,
		-0.641905,
		0.645488,
		-0.413888,
		0,
		0.16866,
		0.004337,
		-0.493713,
		1
	},
	[0.916666666667] = {
		0.708129,
		0.65808,
		0.255899,
		0,
		0.4339,
		-0.119657,
		-0.89298,
		0,
		-0.557032,
		0.743379,
		-0.370274,
		0,
		0.172886,
		0.000661,
		-0.425927,
		1
	},
	[0.933333333333] = {
		0.716982,
		0.64663,
		0.260398,
		0,
		0.430742,
		-0.11726,
		-0.894825,
		0,
		-0.548086,
		0.753737,
		-0.362604,
		0,
		0.173183,
		0.000919,
		-0.419949,
		1
	},
	[0.95] = {
		0.724101,
		0.636592,
		0.265384,
		0,
		0.428068,
		-0.113119,
		-0.896639,
		0,
		-0.540773,
		0.76286,
		-0.354415,
		0,
		0.173406,
		0.001354,
		-0.415151,
		1
	},
	[0.966666666667] = {
		0.729335,
		0.628218,
		0.270949,
		0,
		0.425952,
		-0.107038,
		-0.898392,
		0,
		-0.535384,
		0.770639,
		-0.345658,
		0,
		0.173553,
		0.001959,
		-0.411616,
		1
	},
	[0.983333333333] = {
		0.73253,
		0.621745,
		0.277188,
		0,
		0.424451,
		-0.098822,
		-0.900042,
		0,
		-0.532204,
		0.77696,
		-0.33629,
		0,
		0.173623,
		0.002729,
		-0.409429,
		1
	},
	[0.9] = {
		0.697694,
		0.670685,
		0.251803,
		0,
		0.437458,
		-0.120509,
		-0.891127,
		0,
		-0.567321,
		0.731888,
		-0.377475,
		0,
		0.172514,
		0.000586,
		-0.433,
		1
	}
}

return spline_matrices
