local spline_matrices = {
	[0] = {
		-0.99563,
		-0.054852,
		-0.075576,
		0,
		0.028178,
		0.595123,
		-0.803141,
		0,
		0.089031,
		-0.801761,
		-0.590976,
		0,
		-0.033788,
		-0.026439,
		0.268657,
		1
	},
	{
		-0.860372,
		0.298133,
		0.413372,
		0,
		0.489626,
		0.258297,
		0.832796,
		0,
		0.141511,
		0.918912,
		-0.368205,
		0,
		-0.009247,
		-0.00877,
		-0.777422,
		1
	},
	[0.0166666666667] = {
		-0.995031,
		-0.038725,
		-0.091726,
		0,
		0.050852,
		0.594387,
		-0.802569,
		0,
		0.0856,
		-0.803246,
		-0.589465,
		0,
		-0.037348,
		-0.021584,
		0.296352,
		1
	},
	[0.0333333333333] = {
		-0.993968,
		-0.039875,
		-0.102163,
		0,
		0.058821,
		0.592396,
		-0.803497,
		0,
		0.09256,
		-0.80466,
		-0.586477,
		0,
		-0.032012,
		-0.022795,
		0.337054,
		1
	},
	[0.05] = {
		-0.992815,
		-0.051765,
		-0.107879,
		0,
		0.058022,
		0.580216,
		-0.812393,
		0,
		0.104646,
		-0.812816,
		-0.573044,
		0,
		-0.02123,
		-0.02492,
		0.381793,
		1
	},
	[0.0666666666667] = {
		-0.991893,
		-0.068268,
		-0.107177,
		0,
		0.052927,
		0.544841,
		-0.836868,
		0,
		0.115525,
		-0.835756,
		-0.536811,
		0,
		-0.007777,
		-0.021533,
		0.421932,
		1
	},
	[0.0833333333333] = {
		-0.99154,
		-0.085404,
		-0.097749,
		0,
		0.047149,
		0.464652,
		-0.884237,
		0,
		0.120936,
		-0.881365,
		-0.456694,
		0,
		0.005976,
		-0.004637,
		0.448981,
		1
	},
	[0.116666666667] = {
		-0.99254,
		-0.113072,
		-0.045603,
		0,
		0.046346,
		-0.003951,
		-0.998918,
		0,
		0.11277,
		-0.993579,
		0.009162,
		0,
		0.023676,
		0.107926,
		0.426553,
		1
	},
	[0.133333333333] = {
		-0.993906,
		-0.108138,
		0.021396,
		0,
		0.061286,
		-0.703399,
		-0.708148,
		0,
		0.091628,
		-0.702521,
		0.705739,
		0,
		0.022614,
		0.284371,
		0.301885,
		1
	},
	[0.15] = {
		-0.99429,
		-0.076015,
		0.074897,
		0,
		0.07841,
		-0.996483,
		0.029565,
		0,
		0.072386,
		0.035269,
		0.996753,
		0,
		0.012913,
		0.451534,
		0.11522,
		1
	},
	[0.166666666667] = {
		-0.993348,
		-0.0469,
		0.105163,
		0,
		0.082158,
		-0.928579,
		0.361928,
		0,
		0.080678,
		0.36816,
		0.926255,
		0,
		0.000732,
		0.501933,
		0.029337,
		1
	},
	[0.183333333333] = {
		-0.990916,
		0.015625,
		0.133573,
		0,
		0.088644,
		-0.671042,
		0.736101,
		0,
		0.101134,
		0.741255,
		0.663561,
		0,
		-0.013023,
		0.572167,
		-0.126444,
		1
	},
	[0.1] = {
		-0.9918,
		-0.101349,
		-0.077852,
		0,
		0.043844,
		0.302372,
		-0.952181,
		0,
		0.120043,
		-0.947787,
		-0.295449,
		0,
		0.017279,
		0.035351,
		0.454664,
		1
	},
	[0.216666666667] = {
		-0.989978,
		0.105968,
		0.093352,
		0,
		0.103524,
		0.094934,
		0.990086,
		0,
		0.096055,
		0.989827,
		-0.104953,
		0,
		-0.009977,
		0.577736,
		-0.470949,
		1
	},
	[0.233333333333] = {
		-0.984329,
		0.165199,
		0.061696,
		0,
		0.110387,
		0.304384,
		0.946132,
		0,
		0.13752,
		0.938115,
		-0.317849,
		0,
		-0.005432,
		0.449839,
		-0.616451,
		1
	},
	[0.25] = {
		-0.983426,
		0.180786,
		0.013783,
		0,
		0.092269,
		0.433579,
		0.896379,
		0,
		0.156077,
		0.882794,
		-0.443074,
		0,
		0.002525,
		0.333242,
		-0.709575,
		1
	},
	[0.266666666667] = {
		-0.987642,
		0.156709,
		0.0023,
		0,
		0.084905,
		0.52266,
		0.848303,
		0,
		0.131734,
		0.838015,
		-0.529506,
		0,
		0.005632,
		0.237771,
		-0.770473,
		1
	},
	[0.283333333333] = {
		-0.99191,
		0.126736,
		0.007228,
		0,
		0.080763,
		0.586125,
		0.806185,
		0,
		0.097936,
		0.800247,
		-0.591619,
		0,
		0.010865,
		0.161361,
		-0.815028,
		1
	},
	[0.2] = {
		-0.989788,
		0.075676,
		0.120804,
		0,
		0.102665,
		-0.209493,
		0.972406,
		0,
		0.098895,
		0.974877,
		0.199584,
		0,
		-0.029701,
		0.610149,
		-0.331026,
		1
	},
	[0.316666666667] = {
		-0.991835,
		0.098179,
		0.081387,
		0,
		0.126313,
		0.668502,
		0.732905,
		0,
		0.017549,
		0.737201,
		-0.675445,
		0,
		0.003406,
		0.05786,
		-0.822542,
		1
	},
	[0.333333333333] = {
		-0.992552,
		0.10271,
		0.065514,
		0,
		0.118956,
		0.701069,
		0.703102,
		0,
		0.026286,
		0.705658,
		-0.708065,
		0,
		0.014008,
		0.018671,
		-0.821977,
		1
	},
	[0.35] = {
		-0.99295,
		0.105734,
		0.053573,
		0,
		0.113996,
		0.728023,
		0.676009,
		0,
		0.032474,
		0.67735,
		-0.734944,
		0,
		0.027858,
		-0.018486,
		-0.820493,
		1
	},
	[0.366666666667] = {
		-0.993276,
		0.107575,
		0.042786,
		0,
		0.109306,
		0.749627,
		0.652772,
		0,
		0.038149,
		0.653059,
		-0.756345,
		0,
		0.041989,
		-0.050027,
		-0.817995,
		1
	},
	[0.383333333333] = {
		-0.993343,
		0.109813,
		0.034795,
		0,
		0.106936,
		0.76676,
		0.632964,
		0,
		0.042828,
		0.632471,
		-0.773399,
		0,
		0.054269,
		-0.07612,
		-0.81483,
		1
	},
	[0.3] = {
		-0.99198,
		0.094897,
		0.083487,
		0,
		0.124729,
		0.628098,
		0.768073,
		0,
		0.02045,
		0.772326,
		-0.634897,
		0,
		-0.002902,
		0.104617,
		-0.821827,
		1
	},
	[0.416666666667] = {
		-0.986439,
		0.122738,
		0.108969,
		0,
		0.16304,
		0.809144,
		0.564538,
		0,
		-0.018881,
		0.574649,
		-0.818182,
		0,
		0.044506,
		-0.12532,
		-0.800959,
		1
	},
	[0.433333333333] = {
		-0.985221,
		0.129933,
		0.111609,
		0,
		0.170075,
		0.819428,
		0.547369,
		0,
		-0.020334,
		0.558261,
		-0.829416,
		0,
		0.049856,
		-0.141434,
		-0.797071,
		1
	},
	[0.45] = {
		-0.984143,
		0.13569,
		0.11424,
		0,
		0.175998,
		0.827157,
		0.5337,
		0,
		-0.022077,
		0.545343,
		-0.837922,
		0,
		0.054758,
		-0.154731,
		-0.793537,
		1
	},
	[0.466666666667] = {
		-0.982985,
		0.141573,
		0.117038,
		0,
		0.182193,
		0.832563,
		0.523111,
		0,
		-0.023383,
		0.535533,
		-0.84419,
		0,
		0.058852,
		-0.165602,
		-0.790371,
		1
	},
	[0.483333333333] = {
		-0.981738,
		0.147573,
		0.120054,
		0,
		0.188682,
		0.83588,
		0.515464,
		0,
		-0.024282,
		0.528703,
		-0.84846,
		0,
		0.062201,
		-0.174347,
		-0.787577,
		1
	},
	[0.4] = {
		-0.992561,
		0.113137,
		0.044969,
		0,
		0.116946,
		0.783308,
		0.610534,
		0,
		0.03385,
		0.611251,
		-0.790712,
		0,
		0.059311,
		-0.099247,
		-0.810288,
		1
	},
	[0.516666666667] = {
		-0.978924,
		0.159964,
		0.126961,
		0,
		0.202695,
		0.836964,
		0.508336,
		0,
		-0.024947,
		0.523357,
		-0.851749,
		0,
		0.066866,
		-0.186426,
		-0.783064,
		1
	},
	[0.533333333333] = {
		-0.977338,
		0.16633,
		0.130935,
		0,
		0.210231,
		0.835002,
		0.508502,
		0,
		-0.024752,
		0.524505,
		-0.851047,
		0,
		0.068302,
		-0.190186,
		-0.78129,
		1
	},
	[0.55] = {
		-0.975623,
		0.172777,
		0.135309,
		0,
		0.218113,
		0.831501,
		0.510914,
		0,
		-0.024235,
		0.527972,
		-0.848916,
		0,
		0.06916,
		-0.192603,
		-0.779802,
		1
	},
	[0.566666666667] = {
		-0.973719,
		0.179408,
		0.140298,
		0,
		0.226533,
		0.82657,
		0.515232,
		0,
		-0.02353,
		0.533474,
		-0.845489,
		0,
		0.069427,
		-0.193881,
		-0.778536,
		1
	},
	[0.583333333333] = {
		-0.971739,
		0.185963,
		0.145401,
		0,
		0.235011,
		0.820095,
		0.521742,
		0,
		-0.022218,
		0.541168,
		-0.840621,
		0,
		0.069335,
		-0.194062,
		-0.777527,
		1
	},
	[0.5] = {
		-0.980394,
		0.153667,
		0.123348,
		0,
		0.19548,
		0.837298,
		0.510608,
		0,
		-0.024815,
		0.524709,
		-0.85092,
		0,
		0.064821,
		-0.181147,
		-0.785161,
		1
	},
	[0.616666666667] = {
		-0.967171,
		0.199413,
		0.157529,
		0,
		0.253422,
		0.803011,
		0.539399,
		0,
		-0.018934,
		0.561612,
		-0.827184,
		0,
		0.067269,
		-0.191791,
		-0.775933,
		1
	},
	[0.633333333333] = {
		-0.964564,
		0.20638,
		0.16439,
		0,
		0.263322,
		0.792351,
		0.55031,
		0,
		-0.016682,
		0.574096,
		-0.818618,
		0,
		0.066012,
		-0.18931,
		-0.775402,
		1
	},
	[0.65] = {
		-0.961748,
		0.213296,
		0.171889,
		0,
		0.273571,
		0.780264,
		0.562447,
		0,
		-0.014151,
		0.587956,
		-0.808769,
		0,
		0.063975,
		-0.186166,
		-0.774935,
		1
	},
	[0.666666666667] = {
		-0.9587,
		0.220186,
		0.180036,
		0,
		0.284196,
		0.766737,
		0.575628,
		0,
		-0.011295,
		0.603019,
		-0.797647,
		0,
		0.061511,
		-0.182309,
		-0.774564,
		1
	},
	[0.683333333333] = {
		-0.95539,
		0.227094,
		0.188837,
		0,
		0.295239,
		0.751728,
		0.589694,
		0,
		-0.008038,
		0.619139,
		-0.78524,
		0,
		0.058591,
		-0.177771,
		-0.774275,
		1
	},
	[0.6] = {
		-0.969542,
		0.192699,
		0.15118,
		0,
		0.244049,
		0.812255,
		0.529794,
		0,
		-0.020706,
		0.550553,
		-0.834543,
		0,
		0.068674,
		-0.193319,
		-0.776673,
		1
	},
	[0.716666666667] = {
		-0.947957,
		0.240642,
		0.208493,
		0,
		0.318399,
		0.717174,
		0.619906,
		0,
		-0.000351,
		0.654028,
		-0.75647,
		0,
		0.05147,
		-0.166705,
		-0.773914,
		1
	},
	[0.733333333333] = {
		-0.943832,
		0.247158,
		0.219306,
		0,
		0.330401,
		0.69759,
		0.63577,
		0,
		0.00415,
		0.672519,
		-0.740069,
		0,
		0.047336,
		-0.160178,
		-0.773841,
		1
	},
	[0.75] = {
		-0.939407,
		0.253516,
		0.230748,
		0,
		0.342681,
		0.676434,
		0.651925,
		0,
		0.009187,
		0.691496,
		-0.722322,
		0,
		0.042848,
		-0.152979,
		-0.773838,
		1
	},
	[0.766666666667] = {
		-0.934679,
		0.259579,
		0.242885,
		0,
		0.355189,
		0.653721,
		0.668199,
		0,
		0.014671,
		0.710822,
		-0.703219,
		0,
		0.038043,
		-0.145114,
		-0.773894,
		1
	},
	[0.783333333333] = {
		-0.929788,
		0.26524,
		0.255227,
		0,
		0.367501,
		0.629554,
		0.684547,
		0,
		0.02089,
		0.73028,
		-0.682828,
		0,
		0.033097,
		-0.136609,
		-0.774039,
		1
	},
	[0.7] = {
		-0.951824,
		0.233876,
		0.198327,
		0,
		0.306614,
		0.735224,
		0.604511,
		0,
		-0.004434,
		0.636198,
		-0.771513,
		0,
		0.055244,
		-0.172577,
		-0.774058,
		1
	},
	[0.816666666667] = {
		-0.919323,
		0.275269,
		0.281197,
		0,
		0.391945,
		0.577025,
		0.716534,
		0,
		0.034983,
		0.76894,
		-0.638363,
		0,
		0.022776,
		-0.117753,
		-0.774489,
		1
	},
	[0.833333333333] = {
		-0.913846,
		0.279622,
		0.294443,
		0,
		0.403774,
		0.548916,
		0.731886,
		0,
		0.043027,
		0.78772,
		-0.614529,
		0,
		0.017596,
		-0.107483,
		-0.774788,
		1
	},
	[0.85] = {
		-0.908308,
		0.283367,
		0.307699,
		0,
		0.415106,
		0.519867,
		0.746609,
		0,
		0.051602,
		0.805879,
		-0.589827,
		0,
		0.012515,
		-0.096776,
		-0.775115,
		1
	},
	[0.866666666667] = {
		-0.90272,
		0.286625,
		0.320846,
		0,
		0.425916,
		0.490055,
		0.760554,
		0,
		0.060761,
		0.823221,
		-0.564461,
		0,
		0.007601,
		-0.085691,
		-0.775458,
		1
	},
	[0.883333333333] = {
		-0.89718,
		0.28927,
		0.333751,
		0,
		0.436032,
		0.459818,
		0.773592,
		0,
		0.070312,
		0.839577,
		-0.538671,
		0,
		0.002927,
		-0.074385,
		-0.77579,
		1
	},
	[0.8] = {
		-0.924637,
		0.270517,
		0.26808,
		0,
		0.379844,
		0.603934,
		0.700701,
		0,
		0.027649,
		0.749722,
		-0.661175,
		0,
		0.027967,
		-0.127469,
		-0.774238,
		1
	},
	[0.916666666667] = {
		-0.88946,
		0.278066,
		0.362685,
		0,
		0.45072,
		0.402486,
		0.796779,
		0,
		0.075581,
		0.872172,
		-0.483325,
		0,
		-0.005238,
		-0.055768,
		-0.772303,
		1
	},
	[0.933333333333] = {
		-0.890764,
		0.290813,
		0.349239,
		0,
		0.445425,
		0.406131,
		0.797906,
		0,
		0.090205,
		0.866306,
		-0.491302,
		0,
		-0.002732,
		-0.05875,
		-0.773083,
		1
	},
	[0.95] = {
		-0.876655,
		0.295711,
		0.379514,
		0,
		0.468529,
		0.345444,
		0.813111,
		0,
		0.109345,
		0.890631,
		-0.441385,
		0,
		-0.006892,
		-0.036476,
		-0.776803,
		1
	},
	[0.966666666667] = {
		-0.870698,
		0.296817,
		0.392153,
		0,
		0.476821,
		0.314059,
		0.82098,
		0,
		0.120522,
		0.901813,
		-0.41498,
		0,
		-0.008152,
		-0.026226,
		-0.77711,
		1
	},
	[0.983333333333] = {
		-0.865323,
		0.297523,
		0.403357,
		0,
		0.483712,
		0.284907,
		0.827557,
		0,
		0.131298,
		0.911213,
		-0.390452,
		0,
		-0.008893,
		-0.016952,
		-0.777321,
		1
	},
	[0.9] = {
		-0.891667,
		0.291523,
		0.346328,
		0,
		0.445507,
		0.429351,
		0.785609,
		0,
		0.080327,
		0.854794,
		-0.512714,
		0,
		-0.001456,
		-0.062926,
		-0.7761,
		1
	},
	[1.01666666667] = {
		-0.855702,
		0.298822,
		0.422469,
		0,
		0.494935,
		0.234317,
		0.836741,
		0,
		0.151044,
		0.925095,
		-0.348403,
		0,
		-0.009327,
		-0.001727,
		-0.777394,
		1
	},
	[1.03333333333] = {
		-0.851204,
		0.299712,
		0.430842,
		0,
		0.499917,
		0.213062,
		0.839457,
		0,
		0.159799,
		0.929934,
		-0.33119,
		0,
		-0.009216,
		0.004116,
		-0.777221,
		1
	},
	[1.05] = {
		-0.846807,
		0.300901,
		0.438608,
		0,
		0.504778,
		0.194661,
		0.841015,
		0,
		0.167682,
		0.933577,
		-0.316728,
		0,
		-0.008974,
		0.008683,
		-0.776891,
		1
	},
	[1.06666666667] = {
		-0.842449,
		0.302496,
		0.445842,
		0,
		0.509696,
		0.179278,
		0.841469,
		0,
		0.174612,
		0.936139,
		-0.305214,
		0,
		-0.008651,
		0.011877,
		-0.776389,
		1
	},
	[1.08333333333] = {
		-0.838088,
		0.304596,
		0.452582,
		0,
		0.514809,
		0.16709,
		0.840865,
		0,
		0.180503,
		0.937711,
		-0.296845,
		0,
		-0.008285,
		0.013603,
		-0.7757,
		1
	}
}

return spline_matrices
