local spline_matrices = {
	[0] = {
		0.678728,
		0.132371,
		0.722361,
		0,
		-0.570075,
		-0.525125,
		0.631868,
		0,
		0.462972,
		-0.840667,
		-0.280956,
		0,
		-0.259323,
		-0.026119,
		0.054311,
		1
	},
	[0.0166666666667] = {
		0.678736,
		0.132353,
		0.722357,
		0,
		-0.56577,
		-0.53288,
		0.62924,
		0,
		0.468212,
		-0.835776,
		-0.286804,
		0,
		-0.264414,
		-0.025965,
		0.054553,
		1
	},
	[0.0333333333333] = {
		0.678758,
		0.1323,
		0.722346,
		0,
		-0.553845,
		-0.553692,
		0.621836,
		0,
		0.482226,
		-0.822145,
		-0.302549,
		0,
		-0.269659,
		-0.025586,
		0.055322,
		1
	},
	[0.05] = {
		0.678794,
		0.13222,
		0.722328,
		0,
		-0.53565,
		-0.583711,
		0.610213,
		0,
		0.502313,
		-0.801124,
		-0.325396,
		0,
		-0.274903,
		-0.024811,
		0.056658,
		1
	},
	[0.0666666666667] = {
		0.67884,
		0.132115,
		0.722303,
		0,
		-0.512592,
		-0.61907,
		0.59498,
		0,
		0.525763,
		-0.774143,
		-0.352528,
		0,
		-0.279985,
		-0.023469,
		0.058601,
		1
	},
	[0.0833333333333] = {
		0.678894,
		0.131993,
		0.722274,
		0,
		-0.486356,
		-0.656107,
		0.577046,
		0,
		0.550055,
		-0.743036,
		-0.381232,
		0,
		-0.284747,
		-0.02139,
		0.061188,
		1
	},
	[0.116666666667] = {
		0.679024,
		0.131714,
		0.722204,
		0,
		-0.432955,
		-0.722621,
		0.538859,
		0,
		0.592855,
		-0.67858,
		-0.43365,
		0,
		-0.292672,
		-0.01434,
		0.068457,
		1
	},
	[0.133333333333] = {
		0.679094,
		0.131568,
		0.722164,
		0,
		-0.410932,
		-0.747061,
		0.522527,
		0,
		0.608248,
		-0.651605,
		-0.45326,
		0,
		-0.295515,
		-0.009033,
		0.073215,
		1
	},
	[0.15] = {
		0.679167,
		0.131424,
		0.722122,
		0,
		-0.395789,
		-0.76297,
		0.511104,
		0,
		0.618129,
		-0.632933,
		-0.466167,
		0,
		-0.297397,
		-0.002313,
		0.078773,
		1
	},
	[0.166666666667] = {
		0.679239,
		0.131289,
		0.722079,
		0,
		-0.390368,
		-0.768521,
		0.50694,
		0,
		0.621488,
		-0.62621,
		-0.470758,
		0,
		-0.298159,
		0.005987,
		0.085172,
		1
	},
	[0.183333333333] = {
		0.696459,
		0.140574,
		0.703693,
		0,
		-0.37931,
		-0.760317,
		0.527297,
		0,
		0.609154,
		-0.634158,
		-0.476208,
		0,
		-0.298276,
		0.013895,
		0.097145,
		1
	},
	[0.1] = {
		0.678957,
		0.131857,
		0.722241,
		0,
		-0.459001,
		-0.691547,
		0.557746,
		0,
		0.573006,
		-0.710194,
		-0.409008,
		0,
		-0.28903,
		-0.018403,
		0.064461,
		1
	},
	[0.216666666667] = {
		0.776885,
		0.189322,
		0.600506,
		0,
		-0.352975,
		-0.658817,
		0.664356,
		0,
		0.521401,
		-0.728091,
		-0.444999,
		0,
		-0.297874,
		0.042984,
		0.135454,
		1
	},
	[0.233333333333] = {
		0.80796,
		0.211439,
		0.549994,
		0,
		-0.378399,
		-0.529312,
		0.75937,
		0,
		0.451679,
		-0.821658,
		-0.347655,
		0,
		-0.297048,
		0.077944,
		0.150784,
		1
	},
	[0.25] = {
		0.819914,
		0.220692,
		0.528239,
		0,
		-0.454447,
		-0.310255,
		0.834997,
		0,
		0.348166,
		-0.924682,
		-0.15409,
		0,
		-0.295605,
		0.135695,
		0.15623,
		1
	},
	[0.266666666667] = {
		0.764967,
		0.177995,
		0.618986,
		0,
		-0.643124,
		0.159056,
		0.749061,
		0,
		0.034876,
		-0.971092,
		0.236145,
		0,
		-0.259531,
		0.260291,
		0.132922,
		1
	},
	[0.283333333333] = {
		0.626684,
		0.094677,
		0.773501,
		0,
		-0.557412,
		0.748105,
		0.360042,
		0,
		-0.544572,
		-0.656792,
		0.521599,
		0,
		-0.181522,
		0.434104,
		0.084447,
		1
	},
	[0.2] = {
		0.735146,
		0.162831,
		0.658063,
		0,
		-0.360117,
		-0.728631,
		0.582592,
		0,
		0.574349,
		-0.665269,
		-0.477012,
		0,
		-0.298231,
		0.02393,
		0.11574,
		1
	},
	[0.316666666667] = {
		0.486506,
		0.028459,
		0.873214,
		0,
		0.317829,
		0.925224,
		-0.207231,
		0,
		-0.813816,
		0.378351,
		0.441082,
		0,
		-0.024874,
		0.638489,
		0.002357,
		1
	},
	[0.333333333333] = {
		0.475891,
		0.018046,
		0.879319,
		0,
		0.632163,
		0.688081,
		-0.35625,
		0,
		-0.611472,
		0.72541,
		0.316043,
		0,
		0.055783,
		0.669603,
		-0.032791,
		1
	},
	[0.35] = {
		0.474413,
		0.008439,
		0.880262,
		0,
		0.813544,
		0.377776,
		-0.442077,
		0,
		-0.336272,
		0.925859,
		0.172356,
		0,
		0.130412,
		0.677558,
		-0.065508,
		1
	},
	[0.366666666667] = {
		0.486182,
		-0.00059,
		0.873858,
		0,
		0.867068,
		0.124741,
		-0.48232,
		0,
		-0.108721,
		0.992189,
		0.061158,
		0,
		0.185996,
		0.6738,
		-0.089367,
		1
	},
	[0.383333333333] = {
		0.508858,
		-0.007381,
		0.860819,
		0,
		0.858697,
		-0.066336,
		-0.508172,
		0,
		0.060854,
		0.99777,
		-0.027418,
		0,
		0.237026,
		0.659844,
		-0.11477,
		1
	},
	[0.3] = {
		0.515076,
		0.04098,
		0.856164,
		0,
		-0.100282,
		0.994878,
		0.012711,
		0,
		-0.851258,
		-0.092405,
		0.516547,
		0,
		-0.100666,
		0.571221,
		0.038395,
		1
	},
	[0.416666666667] = {
		0.561735,
		-0.019977,
		0.827076,
		0,
		0.766106,
		-0.364823,
		-0.529137,
		0,
		0.312307,
		0.930862,
		-0.189629,
		0,
		0.332108,
		0.610927,
		-0.177333,
		1
	},
	[0.433333333333] = {
		0.578053,
		-0.02445,
		0.815633,
		0,
		0.709867,
		-0.477875,
		-0.51742,
		0,
		0.402421,
		0.878088,
		-0.258881,
		0,
		0.38192,
		0.510356,
		-0.212888,
		1
	},
	[0.45] = {
		0.590303,
		-0.027797,
		0.806703,
		0,
		0.645258,
		-0.584197,
		-0.492296,
		0,
		0.484958,
		0.811136,
		-0.326918,
		0,
		0.436059,
		0.378776,
		-0.250108,
		1
	},
	[0.466666666667] = {
		0.602919,
		-0.031549,
		0.797178,
		0,
		0.574831,
		-0.675714,
		-0.461496,
		0,
		0.553224,
		0.736488,
		-0.389266,
		0,
		0.48871,
		0.241738,
		-0.287991,
		1
	},
	[0.483333333333] = {
		0.620108,
		-0.037191,
		0.783635,
		0,
		0.503452,
		-0.747199,
		-0.433855,
		0,
		0.601666,
		0.663559,
		-0.44462,
		0,
		0.533827,
		0.124731,
		-0.325381,
		1
	},
	[0.4] = {
		0.535877,
		-0.014081,
		0.844178,
		0,
		0.81887,
		-0.234859,
		-0.52373,
		0,
		0.205637,
		0.971928,
		-0.114325,
		0,
		0.285737,
		0.650363,
		-0.144443,
		1
	},
	[0.516666666667] = {
		0.677825,
		-0.05909,
		0.732845,
		0,
		0.373017,
		-0.831312,
		-0.412042,
		0,
		0.63357,
		0.552656,
		-0.541443,
		0,
		0.58254,
		0.017208,
		-0.391926,
		1
	},
	[0.533333333333] = {
		0.711461,
		-0.075113,
		0.6987,
		0,
		0.306232,
		-0.861759,
		-0.404467,
		0,
		0.632492,
		0.501726,
		-0.590106,
		0,
		0.590399,
		-0.011362,
		-0.416562,
		1
	},
	[0.55] = {
		0.74528,
		-0.093178,
		0.660209,
		0,
		0.238727,
		-0.887251,
		-0.39471,
		0,
		0.622549,
		0.451779,
		-0.639006,
		0,
		0.590205,
		-0.033473,
		-0.435841,
		1
	},
	[0.566666666667] = {
		0.778093,
		-0.112258,
		0.618037,
		0,
		0.17265,
		-0.907787,
		-0.382249,
		0,
		0.603957,
		0.40413,
		-0.686961,
		0,
		0.583369,
		-0.050139,
		-0.450683,
		1
	},
	[0.583333333333] = {
		0.808916,
		-0.13133,
		0.573068,
		0,
		0.110152,
		-0.923616,
		-0.367151,
		0,
		0.577513,
		0.360119,
		-0.732662,
		0,
		0.571313,
		-0.062354,
		-0.462015,
		1
	},
	[0.5] = {
		0.6457,
		-0.046143,
		0.762196,
		0,
		0.437059,
		-0.796161,
		-0.418457,
		0,
		0.62614,
		0.603322,
		-0.493914,
		0,
		0.565233,
		0.053271,
		-0.361023,
		1
	},
	[0.616666666667] = {
		0.862015,
		-0.165381,
		0.479144,
		0,
		0.003745,
		-0.943173,
		-0.332282,
		0,
		0.506869,
		0.288226,
		-0.81241,
		0,
		0.537253,
		-0.077382,
		-0.477876,
		1
	},
	[0.633333333333] = {
		0.88374,
		-0.178327,
		0.43267,
		0,
		-0.036909,
		-0.948231,
		-0.315429,
		0,
		0.466521,
		0.262788,
		-0.844571,
		0,
		0.51811,
		-0.082169,
		-0.484276,
		1
	},
	[0.65] = {
		0.902348,
		-0.187191,
		0.388236,
		0,
		-0.067564,
		-0.951061,
		-0.301527,
		0,
		0.425679,
		0.245852,
		-0.870835,
		0,
		0.499463,
		-0.086467,
		-0.490901,
		1
	},
	[0.666666666667] = {
		0.918194,
		-0.190877,
		0.34711,
		0,
		-0.087317,
		-0.952224,
		-0.292653,
		0,
		0.386387,
		0.238404,
		-0.890993,
		0,
		0.482737,
		-0.091304,
		-0.498678,
		1
	},
	[0.683333333333] = {
		0.933225,
		-0.187614,
		0.30642,
		0,
		-0.090506,
		-0.94809,
		-0.30485,
		0,
		0.347708,
		0.256761,
		-0.901761,
		0,
		0.4642,
		-0.096482,
		-0.506743,
		1
	},
	[0.6] = {
		0.837032,
		-0.149377,
		0.526369,
		0,
		0.053255,
		-0.935203,
		-0.350085,
		0,
		0.544557,
		0.321064,
		-0.774839,
		0,
		0.555464,
		-0.071107,
		-0.470768,
		1
	},
	[0.716666666667] = {
		0.962186,
		-0.16238,
		0.218701,
		0,
		-0.058177,
		-0.906871,
		-0.417373,
		0,
		0.266106,
		0.388867,
		-0.882026,
		0,
		0.412811,
		-0.105032,
		-0.519521,
		1
	},
	[0.733333333333] = {
		0.974134,
		-0.143751,
		0.17435,
		0,
		-0.037879,
		-0.864524,
		-0.501161,
		0,
		0.222773,
		0.481594,
		-0.847608,
		0,
		0.383406,
		-0.108297,
		-0.524377,
		1
	},
	[0.75] = {
		0.98385,
		-0.12143,
		0.13151,
		0,
		-0.020307,
		-0.80568,
		-0.592003,
		0,
		0.177842,
		0.579771,
		-0.795134,
		0,
		0.354069,
		-0.108804,
		-0.528573,
		1
	},
	[0.766666666667] = {
		0.990479,
		-0.101735,
		0.09274,
		0,
		-0.012544,
		-0.737578,
		-0.675146,
		0,
		0.137088,
		0.667554,
		-0.731832,
		0,
		0.325908,
		-0.111753,
		-0.531524,
		1
	},
	[0.783333333333] = {
		0.994764,
		-0.083199,
		0.059356,
		0,
		-0.011162,
		-0.665738,
		-0.746103,
		0,
		0.101591,
		0.741533,
		-0.66318,
		0,
		0.301058,
		-0.113602,
		-0.533743,
		1
	},
	[0.7] = {
		0.94826,
		-0.177552,
		0.263206,
		0,
		-0.078028,
		-0.933913,
		-0.348881,
		0,
		0.307756,
		0.310292,
		-0.899447,
		0,
		0.440317,
		-0.101079,
		-0.513667,
		1
	},
	[0.816666666667] = {
		0.998288,
		-0.056175,
		0.016274,
		0,
		-0.017509,
		-0.552563,
		-0.833287,
		0,
		0.055802,
		0.831576,
		-0.552601,
		0,
		0.268151,
		-0.114407,
		-0.536269,
		1
	},
	[0.833333333333] = {
		0.998591,
		-0.05207,
		0.010241,
		0,
		-0.019206,
		-0.534503,
		-0.844949,
		0,
		0.04947,
		0.843561,
		-0.53475,
		0,
		0.263403,
		-0.114419,
		-0.536572,
		1
	},
	[0.8] = {
		0.997178,
		-0.067312,
		0.033242,
		0,
		-0.013852,
		-0.600157,
		-0.799763,
		0,
		0.073784,
		0.797045,
		-0.599395,
		0,
		0.281252,
		-0.114321,
		-0.535322,
		1
	}
}

return spline_matrices
