-- chunkname: @content/characters/player/human/first_person/animations/force_sword/swing_left_up.lua

local spline_matrices = {
	[0.0166666666667] = {
		-0.62924,
		0.692658,
		0.352538,
		0,
		0.76617,
		0.476632,
		0.431051,
		0,
		0.13054,
		0.541339,
		-0.830609,
		0,
		-0.104401,
		0.051094,
		-0.653826,
		1
	},
	[0.0333333333333] = {
		-0.042402,
		0.920864,
		0.387571,
		0,
		0.838532,
		-0.178107,
		0.51492,
		0,
		0.5432,
		0.346824,
		-0.764622,
		0,
		-0.031606,
		0.122294,
		-0.636533,
		1
	},
	[0.05] = {
		0.44456,
		0.752097,
		0.486536,
		0,
		0.55683,
		-0.657496,
		0.507582,
		0,
		0.701646,
		0.045267,
		-0.711086,
		0,
		0.064517,
		0.180176,
		-0.598146,
		1
	},
	[0.0666666666667] = {
		0.604109,
		0.559538,
		0.567423,
		0,
		0.349787,
		-0.825962,
		0.442081,
		0,
		0.716031,
		-0.068588,
		-0.694691,
		0,
		0.152308,
		0.231684,
		-0.544963,
		1
	},
	[0.0833333333333] = {
		0.668498,
		0.353921,
		0.654102,
		0,
		0.155209,
		-0.926534,
		0.342704,
		0,
		0.727338,
		-0.127574,
		-0.674318,
		0,
		0.250512,
		0.28084,
		-0.481747,
		1
	},
	[0] = {
		-0.73669,
		0.521136,
		0.430935,
		0,
		0.674294,
		0.614295,
		0.40984,
		0,
		-0.051139,
		0.592502,
		-0.803944,
		0,
		-0.123838,
		0.029534,
		-0.659636,
		1
	},
	[0.116666666667] = {
		0.611975,
		-0.013432,
		0.790763,
		0,
		-0.141434,
		-0.985597,
		0.092714,
		0,
		0.778128,
		-0.16858,
		-0.60506,
		0,
		0.425281,
		0.36794,
		-0.343469,
		1
	},
	[0.133333333333] = {
		0.544589,
		-0.178942,
		0.819391,
		0,
		-0.240794,
		-0.969202,
		-0.05162,
		0,
		0.803393,
		-0.169193,
		-0.570905,
		0,
		0.492626,
		0.405739,
		-0.275573,
		1
	},
	[0.15] = {
		0.488461,
		-0.321154,
		0.811336,
		0,
		-0.29372,
		-0.936062,
		-0.193692,
		0,
		0.821666,
		-0.143694,
		-0.551559,
		0,
		0.53865,
		0.443948,
		-0.214329,
		1
	},
	[0.166666666667] = {
		0.463657,
		-0.431634,
		0.773766,
		0,
		-0.297094,
		-0.898491,
		-0.323185,
		0,
		0.83472,
		-0.080034,
		-0.544828,
		0,
		0.556085,
		0.484052,
		-0.16324,
		1
	},
	[0.183333333333] = {
		0.478558,
		-0.509647,
		0.715012,
		0,
		-0.253232,
		-0.859821,
		-0.443375,
		0,
		0.840747,
		0.031117,
		-0.540533,
		0,
		0.540058,
		0.523065,
		-0.11984,
		1
	},
	[0.1] = {
		0.662055,
		0.163703,
		0.731358,
		0,
		-0.008005,
		-0.974252,
		0.225318,
		0,
		0.749413,
		-0.155027,
		-0.643698,
		0,
		0.34351,
		0.326549,
		-0.413266,
		1
	},
	[0.216666666667] = {
		0.689218,
		-0.47924,
		0.543422,
		0,
		0.125194,
		-0.65996,
		-0.740797,
		0,
		0.713656,
		0.578604,
		-0.394858,
		0,
		0.359991,
		0.622904,
		-0.031955,
		1
	},
	[0.233333333333] = {
		0.819356,
		-0.302142,
		0.487202,
		0,
		0.348273,
		-0.412707,
		-0.841653,
		0,
		0.45537,
		0.859292,
		-0.232926,
		0,
		0.211947,
		0.669948,
		0.004062,
		1
	},
	[0.25] = {
		0.870412,
		-0.09866,
		0.482337,
		0,
		0.475744,
		-0.083558,
		-0.875606,
		0,
		0.126691,
		0.991607,
		-0.025793,
		0,
		0.060444,
		0.68387,
		0.044405,
		1
	},
	[0.266666666667] = {
		0.877759,
		-0.013157,
		0.478922,
		0,
		0.45993,
		0.303097,
		-0.834624,
		0,
		-0.134179,
		0.952869,
		0.272097,
		0,
		-0.057039,
		0.637329,
		0.11681,
		1
	},
	[0.283333333333] = {
		0.876033,
		0.097774,
		0.472236,
		0,
		0.330545,
		0.591289,
		-0.735607,
		0,
		-0.351151,
		0.800511,
		0.48567,
		0,
		-0.156352,
		0.533507,
		0.19265,
		1
	},
	[0.2] = {
		0.553205,
		-0.54199,
		0.632622,
		0,
		-0.112838,
		-0.801162,
		-0.587713,
		0,
		0.825368,
		0.253742,
		-0.504364,
		0,
		0.475896,
		0.568666,
		-0.075982,
		1
	},
	[0.316666666667] = {
		0.601069,
		0.35315,
		0.716939,
		0,
		0.022646,
		0.889188,
		-0.456982,
		0,
		-0.798876,
		0.290913,
		0.526466,
		0,
		-0.375443,
		0.253673,
		0.273403,
		1
	},
	[0.333333333333] = {
		0.50819,
		0.307628,
		0.804431,
		0,
		-0.085748,
		0.947464,
		-0.308156,
		0,
		-0.856966,
		0.087623,
		0.50787,
		0,
		-0.403155,
		0.133922,
		0.254351,
		1
	},
	[0.35] = {
		0.42713,
		0.205197,
		0.880599,
		0,
		-0.154286,
		0.976166,
		-0.15263,
		0,
		-0.89093,
		-0.070671,
		0.448609,
		0,
		-0.407121,
		0.008969,
		0.209545,
		1
	},
	[0.366666666667] = {
		0.35477,
		0.074023,
		0.932019,
		0,
		-0.193104,
		0.981168,
		-0.004422,
		0,
		-0.914795,
		-0.178407,
		0.362384,
		0,
		-0.397777,
		-0.103654,
		0.148553,
		1
	},
	[0.383333333333] = {
		0.285325,
		-0.052629,
		0.956985,
		0,
		-0.217816,
		0.968804,
		0.118221,
		0,
		-0.933352,
		-0.242178,
		0.264961,
		0,
		-0.385524,
		-0.187763,
		0.084076,
		1
	},
	[0.3] = {
		0.710691,
		0.317597,
		0.627734,
		0,
		0.198135,
		0.765814,
		-0.611777,
		0,
		-0.675026,
		0.559161,
		0.481331,
		0,
		-0.302258,
		0.398629,
		0.240034,
		1
	},
	[0.416666666667] = {
		0.134547,
		-0.197349,
		0.971056,
		0,
		-0.272954,
		0.934674,
		0.227775,
		0,
		-0.952572,
		-0.2957,
		0.07189,
		0,
		-0.381503,
		-0.24328,
		-0.016072,
		1
	},
	[0.433333333333] = {
		0.050952,
		-0.236561,
		0.97028,
		0,
		-0.295911,
		0.92434,
		0.2409,
		0,
		-0.953856,
		-0.299391,
		-0.022904,
		0,
		-0.379772,
		-0.253213,
		-0.061926,
		1
	},
	[0.45] = {
		-0.036653,
		-0.262126,
		0.964337,
		0,
		-0.312095,
		0.919722,
		0.238137,
		0,
		-0.949344,
		-0.292236,
		-0.115519,
		0,
		-0.375486,
		-0.259878,
		-0.107691,
		1
	},
	[0.466666666667] = {
		-0.126527,
		-0.275464,
		0.952948,
		0,
		-0.321104,
		0.920318,
		0.223397,
		0,
		-0.938554,
		-0.27773,
		-0.204898,
		0,
		-0.368741,
		-0.263814,
		-0.152993,
		1
	},
	[0.483333333333] = {
		-0.216705,
		-0.277928,
		0.935839,
		0,
		-0.322825,
		0.92509,
		0.199982,
		0,
		-0.921316,
		-0.258775,
		-0.290194,
		0,
		-0.359812,
		-0.265479,
		-0.197428,
		1
	},
	[0.4] = {
		0.213031,
		-0.142933,
		0.966534,
		0,
		-0.243934,
		0.950134,
		0.194273,
		0,
		-0.946105,
		-0.277156,
		0.167542,
		0,
		-0.380651,
		-0.229354,
		0.029471,
		1
	},
	[0.516666666667] = {
		-0.390687,
		-0.256037,
		0.884199,
		0,
		-0.304332,
		0.942453,
		0.138436,
		0,
		-0.868761,
		-0.215005,
		-0.446124,
		0,
		-0.337275,
		-0.263555,
		-0.281718,
		1
	},
	[0.533333333333] = {
		-0.470736,
		-0.234841,
		0.850446,
		0,
		-0.284458,
		0.952847,
		0.105666,
		0,
		-0.835159,
		-0.192176,
		-0.515342,
		0,
		-0.324859,
		-0.260578,
		-0.320668,
		1
	},
	[0.55] = {
		-0.543805,
		-0.20933,
		0.812685,
		0,
		-0.258283,
		0.963134,
		0.075253,
		0,
		-0.798477,
		-0.16898,
		-0.577823,
		0,
		-0.31249,
		-0.256657,
		-0.356955,
		1
	},
	[0.566666666667] = {
		-0.608473,
		-0.18183,
		0.772463,
		0,
		-0.22712,
		0.972581,
		0.050032,
		0,
		-0.76038,
		-0.144999,
		-0.633086,
		0,
		-0.300651,
		-0.252052,
		-0.390282,
		1
	},
	[0.583333333333] = {
		-0.663764,
		-0.15502,
		0.731701,
		0,
		-0.192945,
		0.980663,
		0.032735,
		0,
		-0.722627,
		-0.119449,
		-0.680839,
		0,
		-0.28969,
		-0.247091,
		-0.42028,
		1
	},
	[0.5] = {
		-0.305387,
		-0.270954,
		0.912865,
		0,
		-0.317213,
		0.932853,
		0.170767,
		0,
		-0.897839,
		-0.237423,
		-0.370831,
		0,
		-0.349135,
		-0.265282,
		-0.240498,
		1
	},
	[0.616666666667] = {
		-0.747645,
		-0.107439,
		0.655351,
		0,
		-0.118735,
		0.992552,
		0.027263,
		0,
		-0.653398,
		-0.05743,
		-0.754833,
		0,
		-0.270414,
		-0.235166,
		-0.470152,
		1
	},
	[0.633333333333] = {
		-0.781569,
		-0.074845,
		0.619313,
		0,
		-0.068704,
		0.997065,
		0.033792,
		0,
		-0.620024,
		-0.016139,
		-0.784417,
		0,
		-0.260683,
		-0.224144,
		-0.492915,
		1
	},
	[0.65] = {
		-0.810416,
		-0.034359,
		0.584847,
		0,
		-0.009274,
		0.998906,
		0.045834,
		0,
		-0.585782,
		0.03172,
		-0.809848,
		0,
		-0.25072,
		-0.209394,
		-0.51506,
		1
	},
	[0.666666666667] = {
		-0.833429,
		0.013258,
		0.552467,
		0,
		0.058045,
		0.996282,
		0.063655,
		0,
		-0.549569,
		0.08512,
		-0.8311,
		0,
		-0.240472,
		-0.191314,
		-0.536753,
		1
	},
	[0.683333333333] = {
		-0.84986,
		0.066745,
		0.522765,
		0,
		0.131222,
		0.987506,
		0.087247,
		0,
		-0.51041,
		0.142746,
		-0.848001,
		0,
		-0.229812,
		-0.170413,
		-0.558005,
		1
	},
	[0.6] = {
		-0.709226,
		-0.131854,
		0.692541,
		0,
		-0.158278,
		0.987057,
		0.025836,
		0,
		-0.686984,
		-0.09129,
		-0.720916,
		0,
		-0.279843,
		-0.242133,
		-0.446513,
		1
	},
	[0.716666666667] = {
		-0.86131,
		0.1839,
		0.47363,
		0,
		0.284514,
		0.946906,
		0.149734,
		0,
		-0.420947,
		0.263722,
		-0.867902,
		0,
		-0.206771,
		-0.122856,
		-0.598373,
		1
	},
	[0.733333333333] = {
		-0.856654,
		0.24323,
		0.454954,
		0,
		0.35875,
		0.914605,
		0.186535,
		0,
		-0.370732,
		0.323011,
		-0.870759,
		0,
		-0.194404,
		-0.097837,
		-0.616757,
		1
	},
	[0.75] = {
		-0.846177,
		0.30024,
		0.440273,
		0,
		0.427723,
		0.875444,
		0.225056,
		0,
		-0.317863,
		0.378752,
		-0.8692,
		0,
		-0.181753,
		-0.073188,
		-0.63337,
		1
	},
	[0.766666666667] = {
		-0.831246,
		0.353207,
		0.429273,
		0,
		0.489362,
		0.831281,
		0.263623,
		0,
		-0.263733,
		0.429206,
		-0.863845,
		0,
		-0.169239,
		-0.049799,
		-0.647828,
		1
	},
	[0.783333333333] = {
		-0.813475,
		0.400879,
		0.421372,
		0,
		0.542341,
		0.784527,
		0.300639,
		0,
		-0.210057,
		0.47309,
		-0.855606,
		0,
		-0.157405,
		-0.028495,
		-0.659848,
		1
	},
	[0.7] = {
		-0.859188,
		0.124328,
		0.496324,
		0,
		0.207681,
		0.971268,
		0.116217,
		0,
		-0.467615,
		0.20293,
		-0.860323,
		0,
		-0.2186,
		-0.147338,
		-0.57865,
		1
	},
	[0.816666666667] = {
		-0.776231,
		0.477557,
		0.411587,
		0,
		0.620521,
		0.694129,
		0.364882,
		0,
		-0.111442,
		0.538631,
		-0.835139,
		0,
		-0.138254,
		0.004879,
		-0.675911,
		1
	},
	[0.833333333333] = {
		-0.760029,
		0.506052,
		0.407758,
		0,
		0.646115,
		0.655899,
		0.390298,
		0,
		-0.069937,
		0.560096,
		-0.82547,
		0,
		-0.132199,
		0.015592,
		-0.679831,
		1
	},
	[0.85] = {
		-0.747439,
		0.527945,
		0.403248,
		0,
		0.663376,
		0.625656,
		0.410471,
		0,
		-0.035588,
		0.574307,
		-0.817866,
		0,
		-0.129289,
		0.021436,
		-0.680994,
		1
	},
	[0.866666666667] = {
		-0.738125,
		0.543916,
		0.399158,
		0,
		0.674599,
		0.603247,
		0.425451,
		0,
		-0.009381,
		0.583308,
		-0.812197,
		0,
		-0.128189,
		0.024264,
		-0.680587,
		1
	},
	[0.883333333333] = {
		-0.730894,
		0.555144,
		0.397,
		0,
		0.68243,
		0.586683,
		0.435996,
		0,
		0.009128,
		0.589591,
		-0.80765,
		0,
		-0.127219,
		0.026453,
		-0.679845,
		1
	},
	[0.8] = {
		-0.794575,
		0.442463,
		0.415785,
		0,
		0.586061,
		0.737888,
		0.334744,
		0,
		-0.158691,
		0.509655,
		-0.845618,
		0,
		-0.146864,
		-0.010038,
		-0.669238,
		1
	},
	[0.916666666667] = {
		-0.722491,
		0.566029,
		0.397011,
		0,
		0.690862,
		0.568836,
		0.446245,
		0,
		0.026753,
		0.596688,
		-0.802027,
		0,
		-0.125752,
		0.029227,
		-0.677589,
		1
	},
	[0.933333333333] = {
		-0.720954,
		0.566842,
		0.398641,
		0,
		0.69243,
		0.56629,
		0.447052,
		0,
		0.027661,
		0.598336,
		-0.800768,
		0,
		-0.125247,
		0.029964,
		-0.676168,
		1
	},
	[0.95] = {
		-0.720854,
		0.565249,
		0.401076,
		0,
		0.692655,
		0.567118,
		0.445652,
		0,
		0.024447,
		0.599058,
		-0.800333,
		0,
		-0.124874,
		0.030356,
		-0.674604,
		1
	},
	[0.966666666667] = {
		-0.721897,
		0.56172,
		0.404148,
		0,
		0.691768,
		0.570644,
		0.442519,
		0,
		0.017947,
		0.59903,
		-0.800525,
		0,
		-0.124611,
		0.030474,
		-0.672933,
		1
	},
	[0.983333333333] = {
		-0.723779,
		0.556717,
		0.407689,
		0,
		0.689973,
		0.57619,
		0.438112,
		0,
		0.008997,
		0.598391,
		-0.801154,
		0,
		-0.124432,
		0.030381,
		-0.671186,
		1
	},
	[0.9] = {
		-0.725728,
		0.562314,
		0.396386,
		0,
		0.687665,
		0.575415,
		0.442736,
		0,
		0.02087,
		0.593886,
		-0.804278,
		0,
		-0.126406,
		0.028082,
		-0.678828,
		1
	},
	[1.01666666667] = {
		-0.72885,
		0.544158,
		0.415535,
		0,
		0.684551,
		0.590608,
		0.427284,
		0,
		-0.012908,
		0.595881,
		-0.802969,
		0,
		-0.124238,
		0.029827,
		-0.667599,
		1
	},
	[1.03333333333] = {
		-0.73147,
		0.53757,
		0.419489,
		0,
		0.681445,
		0.598113,
		0.421774,
		0,
		-0.024168,
		0.594374,
		-0.803826,
		0,
		-0.124181,
		0.029501,
		-0.665822,
		1
	},
	[1.05] = {
		-0.733795,
		0.531448,
		0.423212,
		0,
		0.678495,
		0.604905,
		0.416815,
		0,
		-0.034488,
		0.593004,
		-0.804461,
		0,
		-0.124124,
		0.029239,
		-0.664103,
		1
	},
	[1.06666666667] = {
		-0.735591,
		0.526313,
		0.426498,
		0,
		0.676059,
		0.610316,
		0.412866,
		0,
		-0.043002,
		0.592039,
		-0.804762,
		0,
		-0.124056,
		0.029107,
		-0.662475,
		1
	},
	[1.08333333333] = {
		-0.736629,
		0.5227,
		0.429141,
		0,
		0.674531,
		0.61367,
		0.410388,
		0,
		-0.048841,
		0.591773,
		-0.804624,
		0,
		-0.123964,
		0.029182,
		-0.660975,
		1
	},
	{
		-0.726194,
		0.550705,
		0.411541,
		0,
		0.687488,
		0.583072,
		0.432882,
		0,
		-0.001567,
		0.597286,
		-0.802027,
		0,
		-0.124316,
		0.030143,
		-0.669398,
		1
	},
	[1.1] = {
		-0.736689,
		0.521139,
		0.430934,
		0,
		0.674296,
		0.614295,
		0.409837,
		0,
		-0.051139,
		0.5925,
		-0.803946,
		0,
		-0.123837,
		0.029534,
		-0.659636,
		1
	}
}

return spline_matrices
