local spline_matrices = {
	[0] = {
		0.600959,
		0.071288,
		0.796095,
		0,
		-0.787796,
		0.221061,
		0.574899,
		0,
		-0.135002,
		-0.972651,
		0.189009,
		0,
		-0.807208,
		0.511921,
		-0.275429,
		1
	},
	{
		0.853848,
		0.494834,
		0.161505,
		0,
		0.415485,
		-0.834815,
		0.361187,
		0,
		0.313554,
		-0.241296,
		-0.918401,
		0,
		0.810971,
		-1.359975,
		-1.09876,
		1
	},
	[0.0166666666667] = {
		0.618616,
		0.036575,
		0.784842,
		0,
		-0.773435,
		0.204114,
		0.600113,
		0,
		-0.138248,
		-0.978264,
		0.154556,
		0,
		-0.806424,
		0.513887,
		-0.270224,
		1
	},
	[0.0333333333333] = {
		0.637023,
		-0.002638,
		0.77084,
		0,
		-0.757568,
		0.182654,
		0.626681,
		0,
		-0.14245,
		-0.983174,
		0.114356,
		0,
		-0.80431,
		0.516804,
		-0.263961,
		1
	},
	[0.05] = {
		0.655814,
		-0.044977,
		0.753582,
		0,
		-0.740233,
		0.157652,
		0.653606,
		0,
		-0.148201,
		-0.98647,
		0.070096,
		0,
		-0.800927,
		0.520433,
		-0.256854,
		1
	},
	[0.0666666666667] = {
		0.674546,
		-0.089111,
		0.732835,
		0,
		-0.721559,
		0.13021,
		0.679999,
		0,
		-0.156018,
		-0.987474,
		0.023534,
		0,
		-0.796347,
		0.524568,
		-0.249135,
		1
	},
	[0.0833333333333] = {
		0.692697,
		-0.133797,
		0.70871,
		0,
		-0.701793,
		0.101545,
		0.705107,
		0,
		-0.166307,
		-0.985793,
		-0.023558,
		0,
		-0.790659,
		0.529038,
		-0.241055,
		1
	},
	[0.116666666667] = {
		0.724879,
		-0.220631,
		0.652589,
		0,
		-0.660634,
		0.045826,
		0.749308,
		0,
		-0.195226,
		-0.97428,
		-0.112538,
		0,
		-0.77641,
		0.53852,
		-0.224853,
		1
	},
	[0.133333333333] = {
		0.737653,
		-0.261203,
		0.622608,
		0,
		-0.640386,
		0.021534,
		0.767751,
		0,
		-0.213946,
		-0.965044,
		-0.151386,
		0,
		-0.768136,
		0.543405,
		-0.217246,
		1
	},
	[0.15] = {
		0.747391,
		-0.299218,
		0.593191,
		0,
		-0.621306,
		0.001491,
		0.783566,
		0,
		-0.235342,
		-0.954184,
		-0.184792,
		0,
		-0.759328,
		0.548367,
		-0.210298,
		1
	},
	[0.166666666667] = {
		0.753505,
		-0.334459,
		0.56601,
		0,
		-0.6042,
		-0.012892,
		0.796728,
		0,
		-0.259176,
		-0.942322,
		-0.211794,
		0,
		-0.750187,
		0.553428,
		-0.204239,
		1
	},
	[0.183333333333] = {
		0.755437,
		-0.366867,
		0.542885,
		0,
		-0.589906,
		-0.020197,
		0.807219,
		0,
		-0.285177,
		-0.930054,
		-0.231675,
		0,
		-0.740926,
		0.558633,
		-0.199292,
		1
	},
	[0.1] = {
		0.709683,
		-0.177938,
		0.681681,
		0,
		-0.681314,
		0.072962,
		0.728346,
		0,
		-0.179337,
		-0.981333,
		-0.069452,
		0,
		-0.78397,
		0.533716,
		-0.232875,
		1
	},
	[0.216666666667] = {
		0.744458,
		-0.423151,
		0.516455,
		0,
		-0.57295,
		-0.007739,
		0.819553,
		0,
		-0.342798,
		-0.906026,
		-0.248206,
		0,
		-0.7229,
		0.569725,
		-0.193626,
		1
	},
	[0.233333333333] = {
		0.730221,
		-0.446691,
		0.516957,
		0,
		-0.571576,
		0.015089,
		0.82041,
		0,
		-0.37427,
		-0.894561,
		-0.2443,
		0,
		-0.714511,
		0.575742,
		-0.193407,
		1
	},
	[0.25] = {
		0.706445,
		-0.465027,
		0.533559,
		0,
		-0.579296,
		0.053213,
		0.813379,
		0,
		-0.406635,
		-0.883696,
		-0.231796,
		0,
		-0.711902,
		0.585189,
		-0.194168,
		1
	},
	[0.266666666667] = {
		0.671246,
		-0.477138,
		0.567246,
		0,
		-0.596207,
		0.107153,
		0.795648,
		0,
		-0.440416,
		-0.872271,
		-0.212547,
		0,
		-0.717686,
		0.601333,
		-0.194917,
		1
	},
	[0.283333333333] = {
		0.626145,
		-0.483842,
		0.611424,
		0,
		-0.616188,
		0.173431,
		0.768267,
		0,
		-0.47776,
		-0.857799,
		-0.189545,
		0,
		-0.727874,
		0.624436,
		-0.195715,
		1
	},
	[0.2] = {
		0.752624,
		-0.396449,
		0.525724,
		0,
		-0.579245,
		-0.018979,
		0.814932,
		0,
		-0.313101,
		-0.917861,
		-0.243925,
		0,
		-0.731763,
		0.564044,
		-0.195676,
		1
	},
	[0.316666666667] = {
		0.514848,
		-0.486294,
		0.706009,
		0,
		-0.640639,
		0.328998,
		0.693789,
		0,
		-0.569661,
		-0.809493,
		-0.142155,
		0,
		-0.745433,
		0.692751,
		-0.197181,
		1
	},
	[0.333333333333] = {
		0.454373,
		-0.486558,
		0.746195,
		0,
		-0.633671,
		0.412207,
		0.654635,
		0,
		-0.626104,
		-0.77029,
		-0.121022,
		0,
		-0.744905,
		0.738868,
		-0.197418,
		1
	},
	[0.35] = {
		0.394688,
		-0.4905,
		0.776937,
		0,
		-0.606947,
		0.495648,
		0.621248,
		0,
		-0.689809,
		-0.716758,
		-0.102081,
		0,
		-0.732945,
		0.79378,
		-0.196914,
		1
	},
	[0.366666666667] = {
		0.336333,
		-0.490483,
		0.803932,
		0,
		-0.586494,
		0.558815,
		0.586302,
		0,
		-0.73682,
		-0.668694,
		-0.099718,
		0,
		-0.709402,
		0.871416,
		-0.20354,
		1
	},
	[0.383333333333] = {
		0.287033,
		-0.480853,
		0.828488,
		0,
		-0.548923,
		0.626232,
		0.55364,
		0,
		-0.785045,
		-0.613689,
		-0.084202,
		0,
		-0.669935,
		0.979312,
		-0.216856,
		1
	},
	[0.3] = {
		0.573129,
		-0.486278,
		0.659588,
		0,
		-0.632988,
		0.248476,
		0.733203,
		0,
		-0.520432,
		-0.837731,
		-0.165399,
		0,
		-0.738447,
		0.654782,
		-0.196525,
		1
	},
	[0.416666666667] = {
		0.184003,
		-0.454183,
		0.8717,
		0,
		-0.412585,
		0.769244,
		0.487891,
		0,
		-0.892142,
		-0.449423,
		-0.045846,
		0,
		-0.538486,
		1.199802,
		-0.24114,
		1
	},
	[0.433333333333] = {
		0.13182,
		-0.419822,
		0.897983,
		0,
		-0.334777,
		0.833808,
		0.438963,
		0,
		-0.933032,
		-0.358488,
		-0.030634,
		0,
		-0.462439,
		1.272929,
		-0.241189,
		1
	},
	[0.45] = {
		0.100918,
		-0.36535,
		0.925384,
		0,
		-0.2627,
		0.887336,
		0.378978,
		0,
		-0.959585,
		-0.281344,
		-0.006429,
		0,
		-0.390303,
		1.322608,
		-0.231849,
		1
	},
	[0.466666666667] = {
		0.077388,
		-0.317958,
		0.944941,
		0,
		-0.16114,
		0.931333,
		0.326576,
		0,
		-0.983893,
		-0.177541,
		0.020839,
		0,
		-0.301997,
		1.362406,
		-0.219939,
		1
	},
	[0.483333333333] = {
		0.038535,
		-0.295368,
		0.954606,
		0,
		0.001333,
		0.95533,
		0.295538,
		0,
		-0.999256,
		-0.010116,
		0.037207,
		0,
		-0.177006,
		1.403736,
		-0.213648,
		1
	},
	[0.4] = {
		0.239818,
		-0.467697,
		0.850733,
		0,
		-0.49222,
		0.696742,
		0.521795,
		0,
		-0.836783,
		-0.543884,
		-0.063118,
		0,
		-0.613368,
		1.096108,
		-0.231023,
		1
	},
	[0.516666666667] = {
		-0.176101,
		-0.276533,
		0.944732,
		0,
		0.643743,
		0.69371,
		0.323051,
		0,
		-0.744704,
		0.665054,
		0.055853,
		0,
		0.311161,
		1.471491,
		-0.23835,
		1
	},
	[0.533333333333] = {
		-0.320916,
		-0.122517,
		0.93915,
		0,
		0.947091,
		-0.047393,
		0.317447,
		0,
		0.005616,
		0.991334,
		0.131244,
		0,
		1.0597,
		1.038246,
		-0.231923,
		1
	},
	[0.55] = {
		-0.288253,
		0.082771,
		0.95397,
		0,
		0.642477,
		-0.722004,
		0.256776,
		0,
		0.710024,
		0.68692,
		0.154942,
		0,
		1.683625,
		0.460236,
		-0.231565,
		1
	},
	[0.566666666667] = {
		-0.254312,
		0.087343,
		0.96317,
		0,
		0.449632,
		-0.871058,
		0.197709,
		0,
		0.856246,
		0.483352,
		0.182248,
		0,
		1.771358,
		0.136409,
		-0.262706,
		1
	},
	[0.583333333333] = {
		-0.246659,
		0.077264,
		0.966017,
		0,
		0.371309,
		-0.913212,
		0.167849,
		0,
		0.895148,
		0.400092,
		0.196563,
		0,
		1.720679,
		-0.231114,
		-0.286151,
		1
	},
	[0.5] = {
		-0.046224,
		-0.294511,
		0.954529,
		0,
		0.25001,
		0.921729,
		0.296498,
		0,
		-0.967139,
		0.252347,
		0.031024,
		0,
		0.006595,
		1.45125,
		-0.221687,
		1
	},
	[0.616666666667] = {
		-0.041977,
		0.397257,
		0.916747,
		0,
		-0.186763,
		-0.904502,
		0.383399,
		0,
		0.981508,
		-0.155121,
		0.112161,
		0,
		1.555524,
		-1.000495,
		-0.256299,
		1
	},
	[0.633333333333] = {
		0.101736,
		0.51094,
		0.853575,
		0,
		-0.372802,
		-0.775919,
		0.50889,
		0,
		0.922317,
		-0.369987,
		0.11154,
		0,
		1.440324,
		-1.127762,
		-0.239525,
		1
	},
	[0.65] = {
		0.212357,
		0.564464,
		0.797675,
		0,
		-0.466823,
		-0.658524,
		0.590273,
		0,
		0.858476,
		-0.497722,
		0.123662,
		0,
		1.390993,
		-1.175361,
		-0.221021,
		1
	},
	[0.666666666667] = {
		0.318816,
		0.596036,
		0.736952,
		0,
		-0.53119,
		-0.531585,
		0.659739,
		0,
		0.78498,
		-0.601796,
		0.14713,
		0,
		1.347412,
		-1.226136,
		-0.196618,
		1
	},
	[0.683333333333] = {
		0.418833,
		0.608791,
		0.67376,
		0,
		-0.569033,
		-0.402264,
		0.717206,
		0,
		0.707658,
		-0.683781,
		0.177941,
		0,
		1.298705,
		-1.271453,
		-0.170831,
		1
	},
	[0.6] = {
		-0.181604,
		0.208108,
		0.961099,
		0,
		0.125674,
		-0.964425,
		0.232574,
		0,
		0.975308,
		0.163022,
		0.14899,
		0,
		1.704443,
		-0.674997,
		-0.274992,
		1
	},
	[0.716666666667] = {
		0.593749,
		0.589902,
		0.547245,
		0,
		-0.579061,
		-0.158974,
		0.799635,
		0,
		0.558704,
		-0.791671,
		0.247199,
		0,
		1.207711,
		-1.314233,
		-0.148983,
		1
	},
	[0.733333333333] = {
		0.666909,
		0.564202,
		0.486732,
		0,
		-0.558491,
		-0.053938,
		0.827755,
		0,
		0.493275,
		-0.823873,
		0.27913,
		0,
		1.184349,
		-1.320952,
		-0.168607,
		1
	},
	[0.75] = {
		0.730005,
		0.53166,
		0.429454,
		0,
		-0.525711,
		0.035297,
		0.84993,
		0,
		0.436716,
		-0.846222,
		0.305267,
		0,
		1.162924,
		-1.326473,
		-0.202582,
		1
	},
	[0.766666666667] = {
		0.783055,
		0.4953,
		0.376169,
		0,
		-0.484211,
		0.105905,
		0.868518,
		0,
		0.390339,
		-0.862243,
		0.322759,
		0,
		1.142047,
		-1.331366,
		-0.24724,
		1
	},
	[0.783333333333] = {
		0.826364,
		0.45813,
		0.327475,
		0,
		-0.437212,
		0.155439,
		0.885824,
		0,
		0.35492,
		-0.875189,
		0.328749,
		0,
		1.1209,
		-1.336059,
		-0.298099,
		1
	},
	[0.7] = {
		0.510834,
		0.605756,
		0.610006,
		0,
		-0.583793,
		-0.276436,
		0.763393,
		0,
		0.631057,
		-0.746085,
		0.212424,
		0,
		1.246226,
		-1.300523,
		-0.150734,
		1
	},
	[0.816666666667] = {
		0.885987,
		0.392949,
		0.246208,
		0,
		-0.337437,
		0.182155,
		0.923556,
		0,
		0.318062,
		-0.901338,
		0.293982,
		0,
		1.079507,
		-1.34807,
		-0.396336,
		1
	},
	[0.833333333333] = {
		0.906445,
		0.366298,
		0.210201,
		0,
		-0.288256,
		0.172856,
		0.941822,
		0,
		0.308653,
		-0.914301,
		0.262272,
		0,
		1.056404,
		-1.356129,
		-0.442895,
		1
	},
	[0.85] = {
		0.922708,
		0.343179,
		0.175606,
		0,
		-0.243847,
		0.166768,
		0.955368,
		0,
		0.298576,
		-0.924347,
		0.237562,
		0,
		1.024848,
		-1.363282,
		-0.497284,
		1
	},
	[0.866666666667] = {
		0.933827,
		0.326409,
		0.146372,
		0,
		-0.206445,
		0.157578,
		0.965686,
		0,
		0.292143,
		-0.932001,
		0.214536,
		0,
		0.98581,
		-1.368776,
		-0.557041,
		1
	},
	[0.883333333333] = {
		0.940494,
		0.316683,
		0.123223,
		0,
		-0.174885,
		0.14017,
		0.97456,
		0,
		0.291354,
		-0.938117,
		0.187212,
		0,
		0.941273,
		-1.371819,
		-0.619322,
		1
	},
	[0.8] = {
		0.860455,
		0.423088,
		0.283926,
		0,
		-0.38753,
		0.181624,
		0.903788,
		0,
		0.330814,
		-0.887699,
		0.320238,
		0,
		1.099616,
		-1.341217,
		-0.349782,
		1
	},
	[0.916666666667] = {
		0.943926,
		0.317318,
		0.091176,
		0,
		-0.1167,
		0.06234,
		0.991209,
		0,
		0.308845,
		-0.946268,
		0.095876,
		0,
		0.84432,
		-1.364142,
		-0.736768,
		1
	},
	[0.933333333333] = {
		0.941295,
		0.327927,
		0.080172,
		0,
		-0.081112,
		-0.010834,
		0.996646,
		0,
		0.327696,
		-0.944641,
		0.016401,
		0,
		0.801779,
		-1.357016,
		-0.790101,
		1
	},
	[0.95] = {
		0.934923,
		0.347381,
		0.072425,
		0,
		-0.031423,
		-0.122253,
		0.992001,
		0,
		0.353457,
		-0.929721,
		-0.103381,
		0,
		0.771339,
		-1.35335,
		-0.843449,
		1
	},
	[0.966666666667] = {
		0.922392,
		0.379691,
		0.070912,
		0,
		0.047393,
		-0.293453,
		0.954798,
		0,
		0.383338,
		-0.877337,
		-0.288673,
		0,
		0.75787,
		-1.355128,
		-0.90061,
		1
	},
	[0.983333333333] = {
		0.898096,
		0.431,
		0.087532,
		0,
		0.184886,
		-0.550582,
		0.81405,
		0,
		0.399049,
		-0.714912,
		-0.574161,
		0,
		0.770945,
		-1.366758,
		-0.978448,
		1
	},
	[0.9] = {
		0.943662,
		0.313731,
		0.105241,
		0,
		-0.146252,
		0.110126,
		0.983098,
		0,
		0.296838,
		-0.943104,
		0.149805,
		0,
		0.894081,
		-1.371845,
		-0.681342,
		1
	}
}

return spline_matrices
