local spline_matrices = {
	[0] = {
		0.995343,
		0.09619,
		0.00638,
		0,
		-0.027411,
		0.218949,
		0.975351,
		0,
		0.092422,
		-0.970983,
		0.220566,
		0,
		0.20176,
		-0.164441,
		1.182291,
		1
	},
	{
		-0.06761,
		0.993214,
		-0.094633,
		0,
		0.688588,
		-0.022186,
		-0.724813,
		0,
		-0.721994,
		-0.114167,
		-0.682415,
		0,
		1.023814,
		-0.95051,
		-1.394597,
		1
	},
	[0.0166666666667] = {
		0.994616,
		0.057643,
		0.086118,
		0,
		-0.096036,
		0.200487,
		0.974978,
		0,
		0.038935,
		-0.977999,
		0.204943,
		0,
		0.181511,
		-0.173559,
		1.178537,
		1
	},
	[0.0333333333333] = {
		0.983238,
		0.017278,
		0.181504,
		0,
		-0.181706,
		0.174749,
		0.967701,
		0,
		-0.014997,
		-0.984461,
		0.174959,
		0,
		0.149501,
		-0.19829,
		1.176871,
		1
	},
	[0.05] = {
		0.958091,
		-0.026411,
		0.285244,
		0,
		-0.278756,
		0.143481,
		0.949583,
		0,
		-0.066006,
		-0.989301,
		0.130105,
		0,
		0.109434,
		-0.234884,
		1.176044,
		1
	},
	[0.0666666666667] = {
		0.918012,
		-0.074389,
		0.389512,
		0,
		-0.380821,
		0.108536,
		0.918257,
		0,
		-0.110585,
		-0.991305,
		0.071309,
		0,
		0.065007,
		-0.2796,
		1.175245,
		1
	},
	[0.0833333333333] = {
		0.864356,
		-0.126829,
		0.486625,
		0,
		-0.48131,
		0.071728,
		0.873611,
		0,
		-0.145704,
		-0.989328,
		0.000955,
		0,
		0.01974,
		-0.328748,
		1.174135,
		1
	},
	[0.116666666667] = {
		0.734063,
		-0.24134,
		0.634749,
		0,
		-0.654392,
		-0.001647,
		0.756154,
		0,
		-0.181445,
		-0.970439,
		-0.15914,
		0,
		-0.037865,
		-0.394485,
		1.100279,
		1
	},
	[0.133333333333] = {
		0.67063,
		-0.299612,
		0.678593,
		0,
		-0.718802,
		-0.036485,
		0.694257,
		0,
		-0.183249,
		-0.953363,
		-0.23983,
		0,
		-0.052678,
		-0.412609,
		1.054373,
		1
	},
	[0.15] = {
		0.618096,
		-0.355153,
		0.701301,
		0,
		-0.765645,
		-0.069782,
		0.639467,
		0,
		-0.17817,
		-0.9322,
		-0.315053,
		0,
		-0.060619,
		-0.42318,
		1.015005,
		1
	},
	[0.166666666667] = {
		0.583025,
		-0.405099,
		0.704256,
		0,
		-0.794246,
		-0.101697,
		0.599025,
		0,
		-0.171043,
		-0.908599,
		-0.38104,
		0,
		-0.062105,
		-0.425945,
		0.984651,
		1
	},
	[0.183333333333] = {
		0.570456,
		-0.446589,
		0.689303,
		0,
		-0.804021,
		-0.13226,
		0.579705,
		0,
		-0.167723,
		-0.88491,
		-0.434515,
		0,
		-0.05741,
		-0.420549,
		0.965384,
		1
	},
	[0.1] = {
		0.801039,
		-0.183001,
		0.569954,
		0,
		-0.574133,
		0.034624,
		0.81803,
		0,
		-0.169434,
		-0.982503,
		-0.077332,
		0,
		-0.016048,
		-0.369321,
		1.149809,
		1
	},
	[0.216666666667] = {
		0.639174,
		-0.523281,
		0.56359,
		0,
		-0.734864,
		-0.199464,
		0.64822,
		0,
		-0.226785,
		-0.828487,
		-0.512032,
		0,
		-0.00308,
		-0.360021,
		0.990475,
		1
	},
	[0.233333333333] = {
		0.697638,
		-0.547663,
		0.461916,
		0,
		-0.6561,
		-0.229363,
		0.718976,
		0,
		-0.28781,
		-0.804648,
		-0.519333,
		0,
		0.046286,
		-0.303036,
		1.026297,
		1
	},
	[0.25] = {
		0.754198,
		-0.551851,
		0.355873,
		0,
		-0.555161,
		-0.24644,
		0.794395,
		0,
		-0.350686,
		-0.796698,
		-0.492231,
		0,
		0.10332,
		-0.231731,
		1.064413,
		1
	},
	[0.266666666667] = {
		0.805526,
		-0.530745,
		0.263512,
		0,
		-0.440497,
		-0.238895,
		0.865385,
		0,
		-0.396347,
		-0.813166,
		-0.426227,
		0,
		0.158965,
		-0.150652,
		1.09639,
		1
	},
	[0.283333333333] = {
		0.854973,
		-0.478011,
		0.201311,
		0,
		-0.324338,
		-0.189842,
		0.926696,
		0,
		-0.404754,
		-0.857593,
		-0.317347,
		0,
		0.200516,
		-0.067048,
		1.116525,
		1
	},
	[0.2] = {
		0.590757,
		-0.486033,
		0.644032,
		0,
		-0.785703,
		-0.164992,
		0.596195,
		0,
		-0.18351,
		-0.858224,
		-0.479348,
		0,
		-0.039061,
		-0.400004,
		0.96679,
		1
	},
	[0.316666666667] = {
		0.962989,
		-0.194338,
		0.186773,
		0,
		-0.144345,
		0.213373,
		0.966249,
		0,
		-0.227631,
		-0.957447,
		0.177424,
		0,
		0.252718,
		0.153539,
		1.094626,
		1
	},
	[0.333333333333] = {
		0.990155,
		-0.055618,
		0.128453,
		0,
		-0.092302,
		0.430471,
		0.897872,
		0,
		-0.105233,
		-0.900889,
		0.4211,
		0,
		0.28006,
		0.28131,
		1.036339,
		1
	},
	[0.35] = {
		0.999079,
		0.030461,
		0.030225,
		0,
		-0.042288,
		0.579267,
		0.81404,
		0,
		0.007288,
		-0.814568,
		0.580022,
		0,
		0.273862,
		0.403701,
		0.974095,
		1
	},
	[0.366666666667] = {
		0.996483,
		0.062927,
		-0.05534,
		0,
		-0.00727,
		0.722814,
		0.691004,
		0,
		0.083484,
		-0.688171,
		0.720729,
		0,
		0.245711,
		0.577071,
		0.890661,
		1
	},
	[0.383333333333] = {
		0.994673,
		0.054137,
		-0.087719,
		0,
		-0.002583,
		0.863802,
		0.503825,
		0,
		0.103048,
		-0.500914,
		0.859341,
		0,
		0.230115,
		0.812005,
		0.770752,
		1
	},
	[0.3] = {
		0.912296,
		-0.361438,
		0.192558,
		0,
		-0.219544,
		-0.034718,
		0.974985,
		0,
		-0.345711,
		-0.93175,
		-0.111025,
		0,
		0.227371,
		0.030667,
		1.12507,
		1
	},
	[0.416666666667] = {
		0.992865,
		0.107895,
		-0.05077,
		0,
		-0.110168,
		0.992924,
		-0.044326,
		0,
		0.045628,
		0.049603,
		0.997726,
		0,
		0.171697,
		1.208852,
		0.435826,
		1
	},
	[0.433333333333] = {
		0.985688,
		0.159816,
		-0.053639,
		0,
		-0.168456,
		0.921736,
		-0.349321,
		0,
		-0.006386,
		0.353358,
		0.935466,
		0,
		0.089788,
		1.300237,
		0.19565,
		1
	},
	[0.45] = {
		0.992455,
		0.057593,
		-0.108241,
		0,
		-0.117691,
		0.695017,
		-0.709295,
		0,
		0.034379,
		0.716683,
		0.696552,
		0,
		0.109034,
		1.397492,
		-0.08984,
		1
	},
	[0.466666666667] = {
		0.979586,
		0.061218,
		-0.191477,
		0,
		-0.200951,
		0.324055,
		-0.92445,
		0,
		0.005456,
		0.944056,
		0.329741,
		0,
		0.098333,
		1.426457,
		-0.351172,
		1
	},
	[0.483333333333] = {
		0.972145,
		0.061626,
		-0.226133,
		0,
		-0.222699,
		-0.057918,
		-0.973165,
		0,
		-0.07307,
		0.996417,
		-0.04258,
		0,
		0.041408,
		1.289718,
		-0.766035,
		1
	},
	[0.4] = {
		0.995899,
		0.057235,
		-0.070071,
		0,
		-0.03777,
		0.966768,
		0.25285,
		0,
		0.082214,
		-0.249167,
		0.964965,
		0,
		0.217475,
		1.040222,
		0.616779,
		1
	},
	[0.516666666667] = {
		0.743351,
		0.668106,
		-0.032618,
		0,
		0.435337,
		-0.520237,
		-0.734735,
		0,
		-0.507849,
		0.531966,
		-0.67757,
		0,
		0.385348,
		0.061715,
		-1.147873,
		1
	},
	[0.533333333333] = {
		0.348971,
		0.937048,
		-0.0127,
		0,
		0.643456,
		-0.249441,
		-0.723701,
		0,
		-0.68131,
		0.244379,
		-0.689997,
		0,
		0.651306,
		-0.41535,
		-1.139909,
		1
	},
	[0.55] = {
		0.223436,
		0.974527,
		-0.019332,
		0,
		0.671139,
		-0.168198,
		-0.721999,
		0,
		-0.706859,
		0.148346,
		-0.691624,
		0,
		0.535579,
		-0.521374,
		-1.167298,
		1
	},
	[0.566666666667] = {
		0.111252,
		0.993025,
		-0.039053,
		0,
		0.6943,
		-0.105781,
		-0.711869,
		0,
		-0.711035,
		0.052082,
		-0.701226,
		0,
		0.469598,
		-0.656598,
		-1.186082,
		1
	},
	[0.583333333333] = {
		0.018023,
		0.998237,
		-0.056558,
		0,
		0.706197,
		-0.052753,
		-0.706048,
		0,
		-0.707786,
		-0.027216,
		-0.705902,
		0,
		0.445918,
		-0.782656,
		-1.201285,
		1
	},
	[0.5] = {
		0.997584,
		0.04084,
		-0.056195,
		0,
		-0.020427,
		-0.600722,
		-0.799197,
		0,
		-0.066397,
		0.798414,
		-0.598436,
		0,
		0.102275,
		0.766983,
		-1.163278,
		1
	},
	[0.616666666667] = {
		-0.095022,
		0.992347,
		-0.07886,
		0,
		0.712474,
		0.012469,
		-0.701588,
		0,
		-0.695235,
		-0.122853,
		-0.708206,
		0,
		0.456715,
		-0.909559,
		-1.245485,
		1
	},
	[0.633333333333] = {
		-0.115616,
		0.989787,
		-0.083391,
		0,
		0.712278,
		0.0241,
		-0.701484,
		0,
		-0.69231,
		-0.1405,
		-0.70779,
		0,
		0.482013,
		-0.923635,
		-1.257499,
		1
	},
	[0.65] = {
		-0.130243,
		0.98767,
		-0.086862,
		0,
		0.711644,
		0.032122,
		-0.701805,
		0,
		-0.690362,
		-0.15322,
		-0.707053,
		0,
		0.510818,
		-0.93752,
		-1.268639,
		1
	},
	[0.666666666667] = {
		-0.140109,
		0.986083,
		-0.089494,
		0,
		0.710752,
		0.037235,
		-0.702456,
		0,
		-0.689348,
		-0.162029,
		-0.706078,
		0,
		0.541628,
		-0.950629,
		-1.278891,
		1
	},
	[0.683333333333] = {
		-0.146405,
		0.984983,
		-0.091511,
		0,
		0.709706,
		0.040143,
		-0.703353,
		0,
		-0.689118,
		-0.167921,
		-0.704925,
		0,
		0.572927,
		-0.962359,
		-1.288239,
		1
	},
	[0.6] = {
		-0.056526,
		0.995874,
		-0.070992,
		0,
		0.711348,
		-0.009722,
		-0.702772,
		0,
		-0.700563,
		-0.090225,
		-0.707864,
		0,
		0.442686,
		-0.88025,
		-1.219458,
		1
	},
	[0.716666666667] = {
		-0.152993,
		0.983691,
		-0.094584,
		0,
		0.70735,
		0.042168,
		-0.705605,
		0,
		-0.690108,
		-0.174856,
		-0.702265,
		0,
		0.630907,
		-0.979243,
		-1.304126,
		1
	},
	[0.733333333333] = {
		-0.154634,
		0.983308,
		-0.095885,
		0,
		0.706091,
		0.04211,
		-0.706868,
		0,
		-0.691031,
		-0.177009,
		-0.700816,
		0,
		0.657554,
		-0.983021,
		-1.310909,
		1
	},
	[0.75] = {
		-0.154729,
		0.98319,
		-0.096937,
		0,
		0.704799,
		0.041091,
		-0.708216,
		0,
		-0.692327,
		-0.177902,
		-0.69931,
		0,
		0.685185,
		-0.982684,
		-1.317161,
		1
	},
	[0.766666666667] = {
		-0.15342,
		0.983313,
		-0.097762,
		0,
		0.703489,
		0.039209,
		-0.709624,
		0,
		-0.69395,
		-0.177645,
		-0.697765,
		0,
		0.713847,
		-0.979994,
		-1.323255,
		1
	},
	[0.783333333333] = {
		-0.150849,
		0.983649,
		-0.098382,
		0,
		0.702169,
		0.036562,
		-0.711071,
		0,
		-0.695847,
		-0.176345,
		-0.696203,
		0,
		0.743724,
		-0.977142,
		-1.329661,
		1
	},
	[0.7] = {
		-0.15031,
		0.984242,
		-0.093135,
		0,
		0.708561,
		0.041552,
		-0.704425,
		0,
		-0.689455,
		-0.171874,
		-0.703642,
		0,
		0.603196,
		-0.972101,
		-1.296661,
		1
	},
	[0.816666666667] = {
		-0.142486,
		0.984824,
		-0.099089,
		0,
		0.699532,
		0.02937,
		-0.713997,
		0,
		-0.700252,
		-0.17105,
		-0.693101,
		0,
		0.805177,
		-0.971164,
		-1.343054,
		1
	},
	[0.833333333333] = {
		-0.136977,
		0.985594,
		-0.099211,
		0,
		0.69823,
		0.025022,
		-0.715436,
		0,
		-0.702647,
		-0.16727,
		-0.691598,
		0,
		0.835788,
		-0.968147,
		-1.349853,
		1
	},
	[0.85] = {
		-0.130772,
		0.986437,
		-0.099199,
		0,
		0.696947,
		0.020307,
		-0.716835,
		0,
		-0.705098,
		-0.162879,
		-0.69015,
		0,
		0.86568,
		-0.965188,
		-1.356586,
		1
	},
	[0.866666666667] = {
		-0.124016,
		0.987322,
		-0.099068,
		0,
		0.695694,
		0.015324,
		-0.718175,
		0,
		-0.707552,
		-0.157986,
		-0.688775,
		0,
		0.894375,
		-0.962341,
		-1.36314,
		1
	},
	[0.883333333333] = {
		-0.116852,
		0.98822,
		-0.098826,
		0,
		0.694481,
		0.010172,
		-0.719439,
		0,
		-0.709959,
		-0.152701,
		-0.687489,
		0,
		0.921396,
		-0.959662,
		-1.369401,
		1
	},
	[0.8] = {
		-0.147157,
		0.984164,
		-0.098818,
		0,
		0.700848,
		0.03325,
		-0.712535,
		0,
		-0.697966,
		-0.174111,
		-0.694642,
		0,
		0.774329,
		-0.974181,
		-1.33629,
		1
	},
	[0.916666666667] = {
		-0.101885,
		0.989952,
		-0.09805,
		0,
		0.692234,
		-0.000234,
		-0.721673,
		0,
		-0.714445,
		-0.141401,
		-0.685255,
		0,
		0.968511,
		-0.955039,
		-1.38055,
		1
	},
	[0.933333333333] = {
		-0.094375,
		0.990748,
		-0.097528,
		0,
		0.691234,
		-0.005288,
		-0.722612,
		0,
		-0.716442,
		-0.135611,
		-0.68434,
		0,
		0.987656,
		-0.953209,
		-1.385186,
		1
	},
	[0.95] = {
		-0.087044,
		0.991478,
		-0.096922,
		0,
		0.690344,
		-0.01011,
		-0.72341,
		0,
		-0.718226,
		-0.129878,
		-0.683581,
		0,
		1.003228,
		-0.951777,
		-1.389026,
		1
	},
	[0.966666666667] = {
		-0.080041,
		0.992135,
		-0.096236,
		0,
		0.689589,
		-0.0146,
		-0.724054,
		0,
		-0.719764,
		-0.124317,
		-0.682997,
		0,
		1.014757,
		-0.950806,
		-1.39195,
		1
	},
	[0.983333333333] = {
		-0.073513,
		0.992714,
		-0.095472,
		0,
		0.688994,
		-0.018658,
		-0.724527,
		0,
		-0.721029,
		-0.119042,
		-0.682602,
		0,
		1.021777,
		-0.950364,
		-1.393846,
		1
	},
	[0.9] = {
		-0.109427,
		0.989104,
		-0.098485,
		0,
		0.693323,
		0.004953,
		-0.72061,
		0,
		-0.712271,
		-0.147136,
		-0.68631,
		0,
		0.946266,
		-0.957209,
		-1.375246,
		1
	}
}

return spline_matrices
