local spline_matrices = {
	[0] = {
		0.995477,
		0.063724,
		-0.070462,
		0,
		0.060212,
		0.150493,
		0.986776,
		0,
		0.073485,
		-0.986555,
		0.145975,
		0,
		0.567172,
		-0.281734,
		0.981644,
		1
	},
	[0.0166666666667] = {
		0.99095,
		0.090595,
		-0.099045,
		0,
		0.080969,
		0.185068,
		0.979384,
		0,
		0.107057,
		-0.978541,
		0.176057,
		0,
		0.563782,
		-0.234738,
		0.975555,
		1
	},
	[0.0333333333333] = {
		0.98285,
		0.123801,
		-0.136673,
		0,
		0.107185,
		0.21957,
		0.969691,
		0,
		0.150058,
		-0.96771,
		0.202535,
		0,
		0.571234,
		-0.188168,
		0.966301,
		1
	},
	[0.05] = {
		0.970507,
		0.160193,
		-0.180151,
		0,
		0.135291,
		0.256595,
		0.957003,
		0,
		0.199531,
		-0.953151,
		0.227354,
		0,
		0.587134,
		-0.139369,
		0.953139,
		1
	},
	[0.0666666666667] = {
		0.954011,
		0.196524,
		-0.226368,
		0,
		0.161798,
		0.298131,
		0.940712,
		0,
		0.252359,
		-0.934075,
		0.252623,
		0,
		0.609005,
		-0.085773,
		0.935421,
		1
	},
	[0.0833333333333] = {
		0.934413,
		0.229503,
		-0.272398,
		0,
		0.183441,
		0.345465,
		0.920328,
		0,
		0.305322,
		-0.909935,
		0.280707,
		0,
		0.634285,
		-0.02496,
		0.912593,
		1
	},
	[0.116666666667] = {
		0.894723,
		0.273031,
		-0.353447,
		0,
		0.201507,
		0.459473,
		0.865032,
		0,
		0.39858,
		-0.845185,
		0.356083,
		0,
		0.684831,
		0.12723,
		0.849604,
		1
	},
	[0.133333333333] = {
		0.880649,
		0.27835,
		-0.383377,
		0,
		0.194223,
		0.525972,
		0.828028,
		0,
		0.432127,
		-0.803663,
		0.409135,
		0,
		0.705102,
		0.222796,
		0.808443,
		1
	},
	[0.15] = {
		0.880405,
		0.278734,
		-0.383658,
		0,
		0.163632,
		0.580781,
		0.797444,
		0,
		0.445097,
		-0.764853,
		0.465713,
		0,
		0.726726,
		0.326441,
		0.764448,
		1
	},
	[0.166666666667] = {
		0.892186,
		0.274798,
		-0.358455,
		0,
		0.115021,
		0.629227,
		0.768664,
		0,
		0.436777,
		-0.727021,
		0.52978,
		0,
		0.74586,
		0.449291,
		0.71339,
		1
	},
	[0.183333333333] = {
		0.905446,
		0.252564,
		-0.341143,
		0,
		0.070976,
		0.702304,
		0.70833,
		0,
		0.418485,
		-0.665568,
		0.617972,
		0,
		0.744911,
		0.619497,
		0.641807,
		1
	},
	[0.1] = {
		0.913739,
		0.255961,
		-0.315539,
		0,
		0.197362,
		0.399216,
		0.895363,
		0,
		0.355146,
		-0.880404,
		0.314263,
		0,
		0.660356,
		0.045333,
		0.884187,
		1
	},
	[0.216666666667] = {
		0.892867,
		0.002278,
		-0.450314,
		0,
		0.12114,
		0.961911,
		0.245058,
		0,
		0.43372,
		-0.273355,
		0.858582,
		0,
		0.616033,
		1.284956,
		0.353201,
		1
	},
	[0.233333333333] = {
		0.880027,
		-0.163711,
		-0.445815,
		0,
		0.094589,
		0.980321,
		-0.173273,
		0,
		0.465408,
		0.110316,
		0.878195,
		0,
		0.454939,
		1.688284,
		0.080235,
		1
	},
	[0.25] = {
		0.910931,
		0.011135,
		-0.412409,
		0,
		-0.269622,
		0.772689,
		-0.574679,
		0,
		0.312265,
		0.634687,
		0.706868,
		0,
		0.135855,
		1.826451,
		-0.232136,
		1
	},
	[0.266666666667] = {
		0.826575,
		0.077128,
		-0.557518,
		0,
		-0.552481,
		0.300245,
		-0.777572,
		0,
		0.10742,
		0.950739,
		0.290786,
		0,
		-0.119031,
		1.799897,
		-0.534726,
		1
	},
	[0.283333333333] = {
		0.824157,
		0.023746,
		-0.565863,
		0,
		-0.565722,
		-0.012937,
		-0.824495,
		0,
		-0.026899,
		0.999634,
		0.002771,
		0,
		-0.261528,
		1.660113,
		-0.810383,
		1
	},
	[0.2] = {
		0.91317,
		0.190737,
		-0.360195,
		0,
		0.053909,
		0.819455,
		0.570603,
		0,
		0.403999,
		-0.540475,
		0.738019,
		0,
		0.706218,
		0.865794,
		0.533063,
		1
	},
	[0.316666666667] = {
		0.816821,
		0.144513,
		-0.558498,
		0,
		-0.414311,
		-0.526721,
		-0.742234,
		0,
		-0.401435,
		0.837664,
		-0.370364,
		0,
		-0.427121,
		1.136005,
		-1.188768,
		1
	},
	[0.333333333333] = {
		0.792714,
		0.218838,
		-0.568959,
		0,
		-0.283829,
		-0.693502,
		-0.66219,
		0,
		-0.539487,
		0.686414,
		-0.487637,
		0,
		-0.412144,
		0.836655,
		-1.292443,
		1
	},
	[0.35] = {
		0.800101,
		0.223903,
		-0.556512,
		0,
		-0.230221,
		-0.742069,
		-0.629549,
		0,
		-0.553928,
		0.631823,
		-0.542183,
		0,
		-0.371106,
		0.567347,
		-1.342759,
		1
	},
	[0.366666666667] = {
		0.825548,
		0.192053,
		-0.530646,
		0,
		-0.210972,
		-0.767097,
		-0.605848,
		0,
		-0.523412,
		0.612109,
		-0.592758,
		0,
		-0.322408,
		0.317985,
		-1.405279,
		1
	},
	[0.383333333333] = {
		0.86151,
		0.157702,
		-0.482628,
		0,
		-0.23135,
		-0.724213,
		-0.64961,
		0,
		-0.45197,
		0.671302,
		-0.587433,
		0,
		-0.287715,
		0.347289,
		-1.40873,
		1
	},
	[0.3] = {
		0.827296,
		0.059497,
		-0.558606,
		0,
		-0.52768,
		-0.2588,
		-0.809059,
		0,
		-0.192704,
		0.964097,
		-0.182709,
		0,
		-0.38808,
		1.417507,
		-1.017917,
		1
	},
	[0.416666666667] = {
		0.912269,
		0.067249,
		-0.404032,
		0,
		-0.275191,
		-0.629986,
		-0.726215,
		0,
		-0.303372,
		0.773689,
		-0.556211,
		0,
		-0.22683,
		0.400702,
		-1.412568,
		1
	},
	[0.433333333333] = {
		0.918451,
		0.049453,
		-0.39243,
		0,
		-0.282739,
		-0.611725,
		-0.738817,
		0,
		-0.276596,
		0.789523,
		-0.547858,
		0,
		-0.217906,
		0.409911,
		-1.412651,
		1
	},
	[0.45] = {
		0.917687,
		0.050798,
		-0.394044,
		0,
		-0.283039,
		-0.61243,
		-0.738118,
		0,
		-0.27882,
		0.788891,
		-0.547641,
		0,
		-0.221023,
		0.40908,
		-1.412407,
		1
	},
	[0.466666666667] = {
		0.916917,
		0.051895,
		-0.39569,
		0,
		-0.283337,
		-0.613592,
		-0.737038,
		0,
		-0.281041,
		0.787916,
		-0.547909,
		0,
		-0.224138,
		0.407371,
		-1.41241,
		1
	},
	[0.483333333333] = {
		0.916202,
		0.052711,
		-0.397235,
		0,
		-0.28357,
		-0.615131,
		-0.735664,
		0,
		-0.283129,
		0.786661,
		-0.548637,
		0,
		-0.227022,
		0.404907,
		-1.412658,
		1
	},
	[0.4] = {
		0.892734,
		0.110154,
		-0.436911,
		0,
		-0.256224,
		-0.673514,
		-0.693346,
		0,
		-0.370641,
		0.730921,
		-0.573045,
		0,
		-0.253248,
		0.377317,
		-1.411344,
		1
	},
	[0.516666666667] = {
		0.915188,
		0.053363,
		-0.399479,
		0,
		-0.283588,
		-0.619032,
		-0.732378,
		0,
		-0.286372,
		0.783551,
		-0.551397,
		0,
		-0.231173,
		0.398218,
		-1.413886,
		1
	},
	[0.533333333333] = {
		0.915013,
		0.053139,
		-0.399908,
		0,
		-0.283248,
		-0.621239,
		-0.730638,
		0,
		-0.287264,
		0.781817,
		-0.553391,
		0,
		-0.231981,
		0.394239,
		-1.414868,
		1
	},
	[0.55] = {
		0.915036,
		0.052519,
		-0.399939,
		0,
		-0.282785,
		-0.62352,
		-0.728873,
		0,
		-0.28765,
		0.780041,
		-0.555692,
		0,
		-0.232022,
		0.390002,
		-1.416035,
		1
	},
	[0.566666666667] = {
		0.915158,
		0.051484,
		-0.399795,
		0,
		-0.282416,
		-0.625802,
		-0.727058,
		0,
		-0.287624,
		0.778281,
		-0.558167,
		0,
		-0.231632,
		0.385627,
		-1.417297,
		1
	},
	[0.583333333333] = {
		0.91536,
		0.050118,
		-0.399506,
		0,
		-0.282138,
		-0.628043,
		-0.725231,
		0,
		-0.287254,
		0.776563,
		-0.560745,
		0,
		-0.23089,
		0.381211,
		-1.418612,
		1
	},
	[0.5] = {
		0.915605,
		0.05321,
		-0.398543,
		0,
		-0.283675,
		-0.61697,
		-0.734082,
		0,
		-0.28495,
		0.785186,
		-0.549806,
		0,
		-0.229444,
		0.401815,
		-1.41315,
		1
	},
	[0.616666666667] = {
		0.915919,
		0.046932,
		-0.398611,
		0,
		-0.281685,
		-0.632303,
		-0.721697,
		0,
		-0.285913,
		0.773298,
		-0.565918,
		0,
		-0.228742,
		0.372596,
		-1.421246,
		1
	},
	[0.633333333333] = {
		0.916238,
		0.045264,
		-0.39807,
		0,
		-0.281508,
		-0.634239,
		-0.720066,
		0,
		-0.285065,
		0.771811,
		-0.568371,
		0,
		-0.227489,
		0.368597,
		-1.42249,
		1
	},
	[0.65] = {
		0.916558,
		0.043649,
		-0.397513,
		0,
		-0.281362,
		-0.635988,
		-0.718578,
		0,
		-0.284179,
		0.770463,
		-0.570639,
		0,
		-0.226218,
		0.364935,
		-1.423636,
		1
	},
	[0.666666666667] = {
		0.91686,
		0.04216,
		-0.396976,
		0,
		-0.281245,
		-0.637512,
		-0.717273,
		0,
		-0.283317,
		0.769286,
		-0.572652,
		0,
		-0.225006,
		0.361713,
		-1.42465,
		1
	},
	[0.683333333333] = {
		0.917127,
		0.040872,
		-0.396493,
		0,
		-0.281156,
		-0.638768,
		-0.716189,
		0,
		-0.282539,
		0.768313,
		-0.57434,
		0,
		-0.22393,
		0.359031,
		-1.425498,
		1
	},
	[0.6] = {
		0.91562,
		0.048575,
		-0.3991,
		0,
		-0.281895,
		-0.630224,
		-0.723431,
		0,
		-0.286664,
		0.774892,
		-0.563352,
		0,
		-0.229901,
		0.376834,
		-1.419941,
		1
	},
	[0.716666666667] = {
		0.917482,
		0.039199,
		-0.395842,
		0,
		-0.281059,
		-0.640314,
		-0.714845,
		0,
		-0.281484,
		0.767112,
		-0.57646,
		0,
		-0.222493,
		0.355692,
		-1.42656,
		1
	},
	[0.733333333333] = {
		0.917533,
		0.038962,
		-0.395747,
		0,
		-0.281047,
		-0.640523,
		-0.714663,
		0,
		-0.28133,
		0.76695,
		-0.576751,
		0,
		-0.222284,
		0.355237,
		-1.426705,
		1
	},
	[0.7] = {
		0.917341,
		0.03986,
		-0.396103,
		0,
		-0.281095,
		-0.639716,
		-0.715367,
		0,
		-0.281908,
		0.767577,
		-0.575632,
		0,
		-0.223067,
		0.35699,
		-1.426145,
		1
	}
}

return spline_matrices
