local spline_matrices = {
	[0] = {
		-0.009612,
		-0.391826,
		-0.919989,
		0,
		0.998071,
		-0.060186,
		0.015206,
		0,
		-0.061328,
		-0.918069,
		0.391649,
		0,
		1.809836,
		-0.2128,
		0.02019,
		1
	},
	{
		0.661956,
		0.235182,
		0.711691,
		0,
		0.749543,
		-0.207781,
		-0.6285,
		0,
		6.4e-05,
		0.949482,
		-0.313821,
		0,
		0.846014,
		-0.748015,
		-1.427201,
		1
	},
	[0.0166666666667] = {
		0.065339,
		-0.368509,
		-0.927325,
		0,
		0.993555,
		-0.062237,
		0.094738,
		0,
		-0.092626,
		-0.927538,
		0.362068,
		0,
		1.796907,
		-0.222131,
		0.039514,
		1
	},
	[0.0333333333333] = {
		0.150736,
		-0.328683,
		-0.932334,
		0,
		0.980307,
		-0.072017,
		0.183881,
		0,
		-0.127583,
		-0.941691,
		0.311354,
		0,
		1.770948,
		-0.246167,
		0.063869,
		1
	},
	[0.05] = {
		0.243831,
		-0.275216,
		-0.929947,
		0,
		0.956815,
		-0.088224,
		0.276986,
		0,
		-0.158275,
		-0.957326,
		0.241819,
		0,
		1.733805,
		-0.281008,
		0.091115,
		1
	},
	[0.0666666666667] = {
		0.340709,
		-0.211281,
		-0.916121,
		0,
		0.9232,
		-0.10911,
		0.368505,
		0,
		-0.177816,
		-0.971316,
		0.15788,
		0,
		1.687804,
		-0.322632,
		0.119248,
		1
	},
	[0.0833333333333] = {
		0.436411,
		-0.140417,
		-0.888723,
		0,
		0.881264,
		-0.132472,
		0.453679,
		0,
		-0.181435,
		-0.98119,
		0.065932,
		0,
		1.635719,
		-0.366895,
		0.14665,
		1
	},
	[0.116666666667] = {
		0.603361,
		0.007012,
		-0.797437,
		0,
		0.785701,
		-0.176371,
		0.59293,
		0,
		-0.136488,
		-0.984299,
		-0.111925,
		0,
		1.525652,
		-0.446484,
		0.195706,
		1
	},
	[0.133333333333] = {
		0.66623,
		0.076355,
		-0.741828,
		0,
		0.739931,
		-0.19167,
		0.644798,
		0,
		-0.092952,
		-0.978485,
		-0.184194,
		0,
		1.473786,
		-0.473453,
		0.217078,
		1
	},
	[0.15] = {
		0.712426,
		0.138609,
		-0.687922,
		0,
		0.700483,
		-0.199279,
		0.685282,
		0,
		-0.042102,
		-0.97009,
		-0.239065,
		0,
		1.427707,
		-0.486455,
		0.236895,
		1
	},
	[0.166666666667] = {
		0.740038,
		0.198913,
		-0.642477,
		0,
		0.672437,
		-0.200187,
		0.712569,
		0,
		0.013124,
		-0.959353,
		-0.281902,
		0,
		1.390602,
		-0.486014,
		0.252604,
		1
	},
	[0.183333333333] = {
		0.746559,
		0.26257,
		-0.611315,
		0,
		0.661527,
		-0.19499,
		0.724128,
		0,
		0.070934,
		-0.945006,
		-0.319269,
		0,
		1.365945,
		-0.47277,
		0.261406,
		1
	},
	[0.1] = {
		0.52558,
		-0.066401,
		-0.848149,
		0,
		0.834141,
		-0.155778,
		0.529096,
		0,
		-0.167255,
		-0.985558,
		-0.026486,
		0,
		1.580623,
		-0.409584,
		0.172275,
		1
	},
	[0.216666666667] = {
		0.670164,
		0.401498,
		-0.624243,
		0,
		0.727557,
		-0.189052,
		0.659485,
		0,
		0.146768,
		-0.896135,
		-0.418808,
		0,
		1.405829,
		-0.360982,
		0.241763,
		1
	},
	[0.233333333333] = {
		0.59688,
		0.465152,
		-0.653734,
		0,
		0.786407,
		-0.177647,
		0.591613,
		0,
		0.159056,
		-0.867223,
		-0.471832,
		0,
		1.459165,
		-0.264236,
		0.214318,
		1
	},
	[0.25] = {
		0.512144,
		0.514178,
		-0.68799,
		0,
		0.842793,
		-0.146447,
		0.517932,
		0,
		0.165555,
		-0.845089,
		-0.508347,
		0,
		1.515605,
		-0.151272,
		0.180233,
		1
	},
	[0.266666666667] = {
		0.422964,
		0.540229,
		-0.727498,
		0,
		0.887597,
		-0.085386,
		0.452638,
		0,
		0.18241,
		-0.837175,
		-0.515621,
		0,
		1.562277,
		-0.030645,
		0.143786,
		1
	},
	[0.283333333333] = {
		0.335031,
		0.532489,
		-0.777309,
		0,
		0.913571,
		0.018257,
		0.406268,
		0,
		0.230525,
		-0.84624,
		-0.48035,
		0,
		1.586923,
		0.08965,
		0.108819,
		1
	},
	[0.2] = {
		0.723336,
		0.331127,
		-0.60592,
		0,
		0.680228,
		-0.190952,
		0.707691,
		0,
		0.118634,
		-0.924063,
		-0.363365,
		0,
		1.369718,
		-0.433121,
		0.258615,
		1
	},
	[0.316666666667] = {
		0.168167,
		0.257774,
		-0.951458,
		0,
		0.848161,
		0.454025,
		0.272916,
		0,
		0.502337,
		-0.852886,
		-0.142282,
		0,
		1.589062,
		0.403302,
		0.028197,
		1
	},
	[0.333333333333] = {
		0.115395,
		0.097498,
		-0.988523,
		0,
		0.745473,
		0.649194,
		0.151052,
		0,
		0.656471,
		-0.754348,
		0.002232,
		0,
		1.578478,
		0.569816,
		-0.03069,
		1
	},
	[0.35] = {
		0.071218,
		0.009966,
		-0.997411,
		0,
		0.616148,
		0.785922,
		0.051847,
		0,
		0.784404,
		-0.618246,
		0.049831,
		0,
		1.528761,
		0.715809,
		-0.091446,
		1
	},
	[0.366666666667] = {
		0.03355,
		-0.046509,
		-0.998354,
		0,
		0.453928,
		0.890652,
		-0.026237,
		0,
		0.890407,
		-0.452301,
		0.050993,
		0,
		1.428032,
		0.876378,
		-0.134254,
		1
	},
	[0.383333333333] = {
		0.007832,
		-0.091545,
		-0.99577,
		0,
		0.25813,
		0.962236,
		-0.086432,
		0,
		0.966079,
		-0.256361,
		0.031167,
		0,
		1.3013,
		1.056592,
		-0.150133,
		1
	},
	[0.3] = {
		0.24542,
		0.438602,
		-0.864522,
		0,
		0.907376,
		0.209976,
		0.364113,
		0,
		0.34123,
		-0.873807,
		-0.346445,
		0,
		1.592771,
		0.231976,
		0.074531,
		1
	},
	[0.416666666667] = {
		0.035685,
		-0.172414,
		-0.984378,
		0,
		-0.26631,
		0.947748,
		-0.175652,
		0,
		0.963227,
		0.268418,
		-0.012095,
		0,
		0.975327,
		1.321416,
		-0.159913,
		1
	},
	[0.433333333333] = {
		0.063691,
		-0.108593,
		-0.992044,
		0,
		-0.578673,
		0.805867,
		-0.125365,
		0,
		0.813069,
		0.582054,
		-0.011513,
		0,
		0.722581,
		1.3914,
		-0.154802,
		1
	},
	[0.45] = {
		0.020906,
		0.021326,
		-0.999554,
		0,
		-0.842688,
		0.538368,
		-0.006139,
		0,
		0.537997,
		0.84244,
		0.029226,
		0,
		0.402967,
		1.414298,
		-0.136758,
		1
	},
	[0.466666666667] = {
		-0.058721,
		0.07781,
		-0.995237,
		0,
		-0.990028,
		0.123338,
		0.068057,
		0,
		0.128046,
		0.98931,
		0.069791,
		0,
		0.020628,
		1.355608,
		-0.144262,
		1
	},
	[0.483333333333] = {
		-0.042223,
		0.055583,
		-0.997561,
		0,
		-0.827736,
		-0.561105,
		0.003771,
		0,
		-0.559526,
		0.825877,
		0.0697,
		0,
		-0.631105,
		1.077451,
		-0.240011,
		1
	},
	[0.4] = {
		0.009405,
		-0.137178,
		-0.990502,
		0,
		0.023575,
		0.990301,
		-0.136926,
		0,
		0.999678,
		-0.022063,
		0.012547,
		0,
		1.157479,
		1.211925,
		-0.152679,
		1
	},
	[0.516666666667] = {
		0.318309,
		0.117478,
		-0.94068,
		0,
		-0.345101,
		-0.909846,
		-0.230403,
		0,
		-0.882941,
		0.397969,
		-0.249071,
		0,
		-0.894271,
		0.074253,
		-0.73641,
		1
	},
	[0.533333333333] = {
		0.491625,
		0.133645,
		-0.860491,
		0,
		-0.397898,
		-0.844489,
		-0.358491,
		0,
		-0.774585,
		0.518631,
		-0.361995,
		0,
		-0.677861,
		-0.358411,
		-0.97696,
		1
	},
	[0.55] = {
		0.495433,
		0.237046,
		-0.835677,
		0,
		-0.271689,
		-0.871491,
		-0.408276,
		0,
		-0.825064,
		0.429317,
		-0.367362,
		0,
		-0.451645,
		-0.449627,
		-1.027054,
		1
	},
	[0.566666666667] = {
		0.524441,
		0.417979,
		-0.741792,
		0,
		-0.123074,
		-0.824851,
		-0.551792,
		0,
		-0.842505,
		0.380677,
		-0.381144,
		0,
		-0.356962,
		-0.57027,
		-1.088783,
		1
	},
	[0.583333333333] = {
		0.519506,
		0.63284,
		-0.574132,
		0,
		0.022973,
		-0.68202,
		-0.730973,
		0,
		-0.854158,
		0.366555,
		-0.368852,
		0,
		-0.209181,
		-0.678532,
		-1.160032,
		1
	},
	[0.5] = {
		0.064577,
		0.080078,
		-0.994695,
		0,
		-0.347678,
		-0.932516,
		-0.097644,
		0,
		-0.935387,
		0.352139,
		-0.032378,
		0,
		-1.110262,
		0.661256,
		-0.418582,
		1
	},
	[0.616666666667] = {
		0.440487,
		0.895639,
		-0.061658,
		0,
		0.208027,
		-0.168639,
		-0.963476,
		0,
		-0.873325,
		0.411572,
		-0.2606,
		0,
		0.101146,
		-0.694488,
		-1.31242,
		1
	},
	[0.633333333333] = {
		0.39557,
		0.902406,
		0.170843,
		0,
		0.251543,
		0.072454,
		-0.96513,
		0,
		-0.883318,
		0.424751,
		-0.198333,
		0,
		0.218878,
		-0.668041,
		-1.37689,
		1
	},
	[0.65] = {
		0.36529,
		0.873257,
		0.322467,
		0,
		0.276947,
		0.228773,
		-0.933254,
		0,
		-0.888743,
		0.430214,
		-0.158277,
		0,
		0.287313,
		-0.657575,
		-1.429752,
		1
	},
	[0.666666666667] = {
		0.350218,
		0.839471,
		0.415495,
		0,
		0.297197,
		0.321077,
		-0.899213,
		0,
		-0.888269,
		0.438404,
		-0.137041,
		0,
		0.325947,
		-0.659706,
		-1.472373,
		1
	},
	[0.683333333333] = {
		0.343219,
		0.802724,
		0.487683,
		0,
		0.317417,
		0.389546,
		-0.864581,
		0,
		-0.883995,
		0.451539,
		-0.121099,
		0,
		0.364275,
		-0.663508,
		-1.505505,
		1
	},
	[0.6] = {
		0.483238,
		0.809816,
		-0.332684,
		0,
		0.136264,
		-0.444938,
		-0.885134,
		0,
		-0.86482,
		0.382398,
		-0.32536,
		0,
		-0.049677,
		-0.723607,
		-1.237088,
		1
	},
	[0.716666666667] = {
		0.349296,
		0.731947,
		0.585018,
		0,
		0.364834,
		0.468837,
		-0.804418,
		0,
		-0.863069,
		0.494414,
		-0.103276,
		0,
		0.439701,
		-0.67272,
		-1.547963,
		1
	},
	[0.733333333333] = {
		0.360398,
		0.700159,
		0.616352,
		0,
		0.393352,
		0.48506,
		-0.781019,
		0,
		-0.845805,
		0.523922,
		-0.100594,
		0,
		0.476337,
		-0.67627,
		-1.559011,
		1
	},
	[0.75] = {
		0.375796,
		0.670942,
		0.639229,
		0,
		0.424976,
		0.488207,
		-0.762266,
		0,
		-0.823513,
		0.558114,
		-0.101668,
		0,
		0.511789,
		-0.677885,
		-1.564145,
		1
	},
	[0.766666666667] = {
		0.394839,
		0.643902,
		0.655357,
		0,
		0.459132,
		0.479569,
		-0.747804,
		0,
		-0.795801,
		0.596158,
		-0.106284,
		0,
		0.546355,
		-0.679031,
		-1.564489,
		1
	},
	[0.783333333333] = {
		0.416951,
		0.618446,
		0.66609,
		0,
		0.494982,
		0.460137,
		-0.737066,
		0,
		-0.762328,
		0.637023,
		-0.114265,
		0,
		0.580422,
		-0.681628,
		-1.561202,
		1
	},
	[0.7] = {
		0.343261,
		0.766335,
		0.543049,
		0,
		0.339624,
		0.437786,
		-0.832466,
		0,
		-0.875687,
		0.470186,
		-0.109991,
		0,
		0.402252,
		-0.668153,
		-1.530382,
		1
	},
	[0.816666666667] = {
		0.468147,
		0.569517,
		0.675639,
		0,
		0.567528,
		0.392277,
		-0.723899,
		0,
		-0.677311,
		0.722336,
		-0.139574,
		0,
		0.645772,
		-0.690363,
		-1.545941,
		1
	},
	[0.833333333333] = {
		0.496015,
		0.544672,
		0.67624,
		0,
		0.601899,
		0.345652,
		-0.71989,
		0,
		-0.625848,
		0.764105,
		-0.156389,
		0,
		0.676378,
		-0.696096,
		-1.535006,
		1
	},
	[0.85] = {
		0.524462,
		0.518782,
		0.675133,
		0,
		0.633486,
		0.292046,
		-0.716522,
		0,
		-0.568889,
		0.803476,
		-0.175474,
		0,
		0.705161,
		-0.702454,
		-1.522536,
		1
	},
	[0.866666666667] = {
		0.552673,
		0.491424,
		0.673093,
		0,
		0.661325,
		0.232878,
		-0.713034,
		0,
		-0.50715,
		0.839208,
		-0.196286,
		0,
		0.731811,
		-0.709203,
		-1.50903,
		1
	},
	[0.883333333333] = {
		0.579756,
		0.462364,
		0.670897,
		0,
		0.684716,
		0.169836,
		-0.708745,
		0,
		-0.441641,
		0.870273,
		-0.218125,
		0,
		0.756055,
		-0.716096,
		-1.494992,
		1
	},
	[0.8] = {
		0.441579,
		0.593887,
		0.672537,
		0,
		0.531496,
		0.430758,
		-0.729356,
		0,
		-0.722855,
		0.679519,
		-0.125435,
		0,
		0.613673,
		-0.685472,
		-1.554843,
		1
	},
	[0.916666666667] = {
		0.62675,
		0.399323,
		0.669123,
		0,
		0.717226,
		0.04002,
		-0.69569,
		0,
		-0.304584,
		0.915936,
		-0.261323,
		0,
		0.796482,
		-0.729293,
		-1.467404,
		1
	},
	[0.933333333333] = {
		0.644784,
		0.365998,
		0.671043,
		0,
		0.726988,
		-0.022474,
		-0.686283,
		0,
		-0.236097,
		0.930344,
		-0.280567,
		0,
		0.812378,
		-0.735098,
		-1.454939,
		1
	},
	[0.95] = {
		0.658022,
		0.332221,
		0.675749,
		0,
		0.733604,
		-0.080474,
		-0.674796,
		0,
		-0.169802,
		0.939762,
		-0.296672,
		0,
		0.825291,
		-0.740069,
		-1.444114,
		1
	},
	[0.966666666667] = {
		0.665711,
		0.298703,
		0.683817,
		0,
		0.738454,
		-0.131928,
		-0.661272,
		0,
		-0.107309,
		0.945183,
		-0.308404,
		0,
		0.835199,
		-0.744002,
		-1.435503,
		1
	},
	[0.983333333333] = {
		0.667206,
		0.266154,
		0.6957,
		0,
		0.743181,
		-0.174941,
		-0.645815,
		0,
		-0.050179,
		0.947923,
		-0.314522,
		0,
		0.842104,
		-0.746711,
		-1.42968,
		1
	},
	[0.9] = {
		0.604766,
		0.431591,
		0.669318,
		0,
		0.70332,
		0.10485,
		-0.703099,
		0,
		-0.373629,
		0.895955,
		-0.240137,
		0,
		0.77767,
		-0.722877,
		-1.480939,
		1
	}
}

return spline_matrices
