-- chunkname: @content/characters/player/ogryn/first_person/animations/club_ogryn/heavy_swing_down.lua

local spline_matrices = {
	[0.0166666666667] = {
		0.992983,
		0.089606,
		-0.077166,
		0,
		0.061035,
		0.170554,
		0.983456,
		0,
		0.101285,
		-0.981265,
		0.163889,
		0,
		0.554515,
		-0.238614,
		0.975881,
		1
	},
	[0.0333333333333] = {
		0.989034,
		0.119479,
		-0.086816,
		0,
		0.063471,
		0.186916,
		0.980323,
		0,
		0.133355,
		-0.975083,
		0.177283,
		0,
		0.542157,
		-0.198875,
		0.97241,
		1
	},
	[0.05] = {
		0.983674,
		0.151059,
		-0.097809,
		0,
		0.066072,
		0.202393,
		0.977073,
		0,
		0.167391,
		-0.967584,
		0.189108,
		0,
		0.529874,
		-0.159616,
		0.969711,
		1
	},
	[0.0666666666667] = {
		0.977247,
		0.182163,
		-0.10865,
		0,
		0.067257,
		0.219676,
		0.973252,
		0,
		0.201159,
		-0.958415,
		0.202426,
		0,
		0.51742,
		-0.117961,
		0.966322,
		1
	},
	[0.0833333333333] = {
		0.970398,
		0.210747,
		-0.117956,
		0,
		0.065288,
		0.241309,
		0.96825,
		0,
		0.23252,
		-0.947288,
		0.220407,
		0,
		0.504501,
		-0.071082,
		0.960818,
		1
	},
	[0] = {
		0.995477,
		0.063724,
		-0.070462,
		0,
		0.060212,
		0.150493,
		0.986776,
		0,
		0.073485,
		-0.986555,
		0.145975,
		0,
		0.567172,
		-0.281734,
		0.981644,
		1
	},
	[0.116666666667] = {
		0.959078,
		0.253153,
		-0.126815,
		0,
		0.044631,
		0.30712,
		0.950624,
		0,
		0.279601,
		-0.917382,
		0.283254,
		0,
		0.476123,
		0.049497,
		0.93758,
		1
	},
	[0.133333333333] = {
		0.956571,
		0.264031,
		-0.123528,
		0,
		0.02246,
		0.355749,
		0.934312,
		0,
		0.290632,
		-0.89651,
		0.334369,
		0,
		0.460111,
		0.128797,
		0.916702,
		1
	},
	[0.15] = {
		0.957186,
		0.274029,
		-0.093289,
		0,
		-0.025266,
		0.400131,
		0.91611,
		0,
		0.288369,
		-0.87453,
		0.389924,
		0,
		0.45416,
		0.217592,
		0.889986,
		1
	},
	[0.166666666667] = {
		0.958414,
		0.282259,
		-0.0421,
		0,
		-0.091943,
		0.445055,
		0.890771,
		0,
		0.270165,
		-0.849856,
		0.452499,
		0,
		0.45509,
		0.327414,
		0.851772,
		1
	},
	[0.183333333333] = {
		0.960876,
		0.276902,
		-0.006445,
		0,
		-0.145102,
		0.523064,
		0.839851,
		0,
		0.235928,
		-0.806058,
		0.542779,
		0,
		0.439541,
		0.485808,
		0.790375,
		1
	},
	[0.1] = {
		0.964014,
		0.234952,
		-0.124393,
		0,
		0.058296,
		0.269695,
		0.96118,
		0,
		0.25938,
		-0.933843,
		0.246293,
		0,
		0.490777,
		-0.016189,
		0.951771,
		1
	},
	[0.216666666667] = {
		0.990783,
		0.086125,
		-0.104558,
		0,
		-0.022515,
		0.865829,
		0.499834,
		0,
		0.133578,
		-0.492873,
		0.859787,
		0,
		0.253143,
		1.137953,
		0.531907,
		1
	},
	[0.233333333333] = {
		0.986614,
		-0.073424,
		-0.145607,
		0,
		0.088089,
		0.991382,
		0.096966,
		0,
		0.137233,
		-0.108494,
		0.984579,
		0,
		0.115465,
		1.558043,
		0.267129,
		1
	},
	[0.25] = {
		0.991061,
		-0.050313,
		-0.123559,
		0,
		-0.024056,
		0.843582,
		-0.536461,
		0,
		0.131223,
		0.534638,
		0.834831,
		0,
		0.026157,
		1.784775,
		-0.167475,
		1
	},
	[0.266666666667] = {
		0.986185,
		0.015854,
		-0.164885,
		0,
		-0.16048,
		0.338105,
		-0.927325,
		0,
		0.041046,
		0.940975,
		0.335978,
		0,
		-0.034338,
		1.811543,
		-0.59575,
		1
	},
	[0.283333333333] = {
		0.966576,
		0.010676,
		-0.256157,
		0,
		-0.256092,
		-0.007081,
		-0.966626,
		0,
		-0.012133,
		0.999918,
		-0.00411,
		0,
		-0.066769,
		1.686619,
		-0.880013,
		1
	},
	[0.2] = {
		0.970377,
		0.240938,
		-0.017798,
		0,
		-0.15076,
		0.661458,
		0.734673,
		0,
		0.188783,
		-0.710227,
		0.678188,
		0,
		0.384309,
		0.721941,
		0.691934,
		1
	},
	[0.316666666667] = {
		0.930943,
		-0.018485,
		-0.364695,
		0,
		-0.341934,
		-0.394653,
		-0.852837,
		0,
		-0.128163,
		0.918644,
		-0.37372,
		0,
		-0.118909,
		1.227579,
		-1.224935,
		1
	},
	[0.333333333333] = {
		0.92708,
		-0.004077,
		-0.374842,
		0,
		-0.329552,
		-0.485434,
		-0.809784,
		0,
		-0.17866,
		0.874264,
		-0.45138,
		0,
		-0.149393,
		0.951763,
		-1.303032,
		1
	},
	[0.35] = {
		0.924968,
		0.021309,
		-0.379446,
		0,
		-0.306776,
		-0.547472,
		-0.778565,
		0,
		-0.224327,
		0.836553,
		-0.499857,
		0,
		-0.180224,
		0.67292,
		-1.354437,
		1
	},
	[0.366666666667] = {
		0.920288,
		0.04172,
		-0.389012,
		0,
		-0.282807,
		-0.616136,
		-0.735117,
		0,
		-0.270353,
		0.786534,
		-0.555224,
		0,
		-0.210048,
		0.399786,
		-1.416737,
		1
	},
	[0.383333333333] = {
		0.920127,
		0.043827,
		-0.38916,
		0,
		-0.282471,
		-0.614009,
		-0.737023,
		0,
		-0.271249,
		0.788081,
		-0.552587,
		0,
		-0.210859,
		0.404183,
		-1.415368,
		1
	},
	[0.3] = {
		0.941567,
		-0.013968,
		-0.336535,
		0,
		-0.329821,
		-0.24092,
		-0.912785,
		0,
		-0.068328,
		0.970445,
		-0.231449,
		0,
		-0.089617,
		1.476847,
		-1.08906,
		1
	},
	[0.416666666667] = {
		0.919152,
		0.047815,
		-0.390991,
		0,
		-0.282502,
		-0.611709,
		-0.738921,
		0,
		-0.274505,
		0.789636,
		-0.548746,
		0,
		-0.215019,
		0.409442,
		-1.413229,
		1
	},
	[0.433333333333] = {
		0.918451,
		0.049453,
		-0.39243,
		0,
		-0.282739,
		-0.611725,
		-0.738817,
		0,
		-0.276596,
		0.789523,
		-0.547858,
		0,
		-0.217906,
		0.409911,
		-1.412651,
		1
	},
	[0.45] = {
		0.917687,
		0.050798,
		-0.394044,
		0,
		-0.283039,
		-0.61243,
		-0.738118,
		0,
		-0.27882,
		0.788891,
		-0.547641,
		0,
		-0.221023,
		0.40908,
		-1.412407,
		1
	},
	[0.466666666667] = {
		0.916917,
		0.051895,
		-0.39569,
		0,
		-0.283337,
		-0.613592,
		-0.737038,
		0,
		-0.281041,
		0.787916,
		-0.547909,
		0,
		-0.224138,
		0.407371,
		-1.41241,
		1
	},
	[0.483333333333] = {
		0.916202,
		0.052711,
		-0.397235,
		0,
		-0.28357,
		-0.615131,
		-0.735664,
		0,
		-0.283129,
		0.786661,
		-0.548637,
		0,
		-0.227022,
		0.404907,
		-1.412658,
		1
	},
	[0.4] = {
		0.919729,
		0.045899,
		-0.38986,
		0,
		-0.282391,
		-0.612502,
		-0.738306,
		0,
		-0.272678,
		0.789135,
		-0.550375,
		0,
		-0.212593,
		0.407467,
		-1.414166,
		1
	},
	[0.516666666667] = {
		0.915188,
		0.053363,
		-0.399479,
		0,
		-0.283588,
		-0.619032,
		-0.732378,
		0,
		-0.286372,
		0.783551,
		-0.551397,
		0,
		-0.231173,
		0.398218,
		-1.413886,
		1
	},
	[0.533333333333] = {
		0.915013,
		0.053139,
		-0.399908,
		0,
		-0.283248,
		-0.621239,
		-0.730638,
		0,
		-0.287264,
		0.781817,
		-0.553391,
		0,
		-0.231981,
		0.394239,
		-1.414868,
		1
	},
	[0.55] = {
		0.915036,
		0.052519,
		-0.399939,
		0,
		-0.282785,
		-0.62352,
		-0.728873,
		0,
		-0.28765,
		0.780041,
		-0.555692,
		0,
		-0.232022,
		0.390002,
		-1.416035,
		1
	},
	[0.566666666667] = {
		0.915158,
		0.051484,
		-0.399795,
		0,
		-0.282416,
		-0.625802,
		-0.727058,
		0,
		-0.287624,
		0.778281,
		-0.558167,
		0,
		-0.231632,
		0.385627,
		-1.417297,
		1
	},
	[0.583333333333] = {
		0.91536,
		0.050118,
		-0.399506,
		0,
		-0.282138,
		-0.628043,
		-0.725231,
		0,
		-0.287254,
		0.776563,
		-0.560745,
		0,
		-0.23089,
		0.381211,
		-1.418612,
		1
	},
	[0.5] = {
		0.915605,
		0.05321,
		-0.398543,
		0,
		-0.283675,
		-0.61697,
		-0.734082,
		0,
		-0.28495,
		0.785186,
		-0.549806,
		0,
		-0.229444,
		0.401815,
		-1.41315,
		1
	},
	[0.616666666667] = {
		0.915919,
		0.046932,
		-0.398611,
		0,
		-0.281685,
		-0.632303,
		-0.721697,
		0,
		-0.285913,
		0.773298,
		-0.565918,
		0,
		-0.228742,
		0.372596,
		-1.421246,
		1
	},
	[0.633333333333] = {
		0.916238,
		0.045264,
		-0.39807,
		0,
		-0.281508,
		-0.634239,
		-0.720066,
		0,
		-0.285065,
		0.771811,
		-0.568371,
		0,
		-0.227489,
		0.368597,
		-1.42249,
		1
	},
	[0.65] = {
		0.916558,
		0.043649,
		-0.397513,
		0,
		-0.281362,
		-0.635988,
		-0.718578,
		0,
		-0.284179,
		0.770463,
		-0.570639,
		0,
		-0.226218,
		0.364935,
		-1.423636,
		1
	},
	[0.666666666667] = {
		0.91686,
		0.04216,
		-0.396976,
		0,
		-0.281245,
		-0.637512,
		-0.717273,
		0,
		-0.283317,
		0.769286,
		-0.572652,
		0,
		-0.225006,
		0.361713,
		-1.42465,
		1
	},
	[0.683333333333] = {
		0.917127,
		0.040872,
		-0.396493,
		0,
		-0.281156,
		-0.638768,
		-0.716189,
		0,
		-0.282539,
		0.768313,
		-0.57434,
		0,
		-0.22393,
		0.359031,
		-1.425498,
		1
	},
	[0.6] = {
		0.91562,
		0.048575,
		-0.3991,
		0,
		-0.281895,
		-0.630224,
		-0.723431,
		0,
		-0.286664,
		0.774892,
		-0.563352,
		0,
		-0.229901,
		0.376834,
		-1.419941,
		1
	},
	[0.716666666667] = {
		0.917482,
		0.039199,
		-0.395842,
		0,
		-0.281059,
		-0.640314,
		-0.714845,
		0,
		-0.281484,
		0.767112,
		-0.57646,
		0,
		-0.222493,
		0.355692,
		-1.42656,
		1
	},
	[0.733333333333] = {
		0.917533,
		0.038962,
		-0.395747,
		0,
		-0.281047,
		-0.640523,
		-0.714663,
		0,
		-0.28133,
		0.76695,
		-0.576751,
		0,
		-0.222284,
		0.355237,
		-1.426705,
		1
	},
	[0.7] = {
		0.917341,
		0.03986,
		-0.396103,
		0,
		-0.281095,
		-0.639716,
		-0.715367,
		0,
		-0.281908,
		0.767577,
		-0.575632,
		0,
		-0.223067,
		0.35699,
		-1.426145,
		1
	}
}

return spline_matrices
