local spline_matrices = {
	[0] = {
		0.799771,
		0.29939,
		0.52032,
		0,
		-0.570889,
		0.647325,
		0.50503,
		0,
		-0.185615,
		-0.700953,
		0.68863,
		0,
		-0.886258,
		0.532198,
		-0.096144,
		1
	},
	[0.0166666666667] = {
		0.810739,
		0.298683,
		0.503478,
		0,
		-0.572901,
		0.581636,
		0.57748,
		0,
		-0.120357,
		-0.756629,
		0.642671,
		0,
		-0.889011,
		0.556619,
		-0.081489,
		1
	},
	[0.0333333333333] = {
		0.848646,
		0.203607,
		0.488205,
		0,
		-0.518249,
		0.504845,
		0.690325,
		0,
		-0.105913,
		-0.838854,
		0.533954,
		0,
		-0.875281,
		0.580287,
		-0.041571,
		1
	},
	[0.05] = {
		0.896814,
		0.029467,
		0.441426,
		0,
		-0.416013,
		0.395657,
		0.818772,
		0,
		-0.150527,
		-0.917925,
		0.367089,
		0,
		-0.84814,
		0.602567,
		0.017527,
		1
	},
	[0.0666666666667] = {
		0.923221,
		-0.18964,
		0.334214,
		0,
		-0.28656,
		0.2397,
		0.927592,
		0,
		-0.25602,
		-0.952145,
		0.166953,
		0,
		-0.810261,
		0.623088,
		0.08935,
		1
	},
	[0.0833333333333] = {
		0.902357,
		-0.395512,
		0.171235,
		0,
		-0.164672,
		0.05077,
		0.985041,
		0,
		-0.398289,
		-0.917056,
		-0.019317,
		0,
		-0.765049,
		0.641871,
		0.166318,
		1
	},
	[0.116666666667] = {
		0.780155,
		-0.610139,
		-0.138161,
		0,
		-0.038949,
		-0.267795,
		0.962688,
		0,
		-0.624373,
		-0.745665,
		-0.232686,
		0,
		-0.669834,
		0.680084,
		0.305026,
		1
	},
	[0.133333333333] = {
		0.753267,
		-0.624814,
		-0.205418,
		0,
		-0.029834,
		-0.344458,
		0.938328,
		0,
		-0.657038,
		-0.700683,
		-0.278109,
		0,
		-0.627059,
		0.703155,
		0.353838,
		1
	},
	[0.15] = {
		0.792222,
		-0.578046,
		-0.195567,
		0,
		-0.066555,
		-0.400415,
		0.913914,
		0,
		-0.606592,
		-0.711007,
		-0.35569,
		0,
		-0.577559,
		0.699194,
		0.391261,
		1
	},
	[0.166666666667] = {
		0.866421,
		-0.484774,
		-0.119622,
		0,
		-0.125053,
		-0.442612,
		0.887951,
		0,
		-0.483401,
		-0.75438,
		-0.444111,
		0,
		-0.50844,
		0.674442,
		0.42205,
		1
	},
	[0.183333333333] = {
		0.920524,
		-0.390348,
		-0.016228,
		0,
		-0.158445,
		-0.410972,
		0.897773,
		0,
		-0.357113,
		-0.823851,
		-0.440159,
		0,
		-0.427355,
		0.683291,
		0.444916,
		1
	},
	[0.1] = {
		0.842351,
		-0.53892,
		-0.002966,
		0,
		-0.080181,
		-0.130763,
		0.988166,
		0,
		-0.532931,
		-0.832145,
		-0.15336,
		0,
		-0.716858,
		0.660161,
		0.240491,
		1
	},
	[0.216666666667] = {
		0.857338,
		-0.496847,
		0.134592,
		0,
		0.011818,
		0.280397,
		0.959811,
		0,
		-0.514618,
		-0.821292,
		0.246267,
		0,
		-0.252854,
		1.083997,
		0.418453,
		1
	},
	[0.233333333333] = {
		0.778495,
		-0.525122,
		0.343791,
		0,
		0.256568,
		0.766135,
		0.589245,
		0,
		-0.572816,
		-0.370519,
		0.731162,
		0,
		-0.100463,
		1.460987,
		0.239343,
		1
	},
	[0.25] = {
		0.876457,
		-0.196885,
		0.439386,
		0,
		0.296576,
		0.939659,
		-0.170537,
		0,
		-0.379296,
		0.27978,
		0.881962,
		0,
		0.099229,
		1.75008,
		-0.067444,
		1
	},
	[0.266666666667] = {
		0.925157,
		-0.005511,
		0.379544,
		0,
		0.282482,
		0.677894,
		-0.678722,
		0,
		-0.25355,
		0.735139,
		0.628716,
		0,
		0.191515,
		1.839934,
		-0.403478,
		1
	},
	[0.283333333333] = {
		0.901018,
		0.021598,
		0.433243,
		0,
		0.41287,
		0.26366,
		-0.871792,
		0,
		-0.133058,
		0.964374,
		0.228646,
		0,
		0.38529,
		1.632328,
		-0.783125,
		1
	},
	[0.2] = {
		0.933932,
		-0.353531,
		0.052781,
		0,
		-0.139558,
		-0.224697,
		0.964383,
		0,
		-0.32908,
		-0.908035,
		-0.25919,
		0,
		-0.352145,
		0.785758,
		0.45657,
		1
	},
	[0.316666666667] = {
		0.783531,
		0.056675,
		0.618763,
		0,
		0.62074,
		-0.115615,
		-0.775445,
		0,
		0.02759,
		0.991676,
		-0.125768,
		0,
		0.685026,
		1.077671,
		-1.319899,
		1
	},
	[0.333333333333] = {
		0.766066,
		0.071828,
		0.638736,
		0,
		0.641475,
		-0.1483,
		-0.752673,
		0,
		0.040662,
		0.986331,
		-0.159683,
		0,
		0.711786,
		0.906161,
		-1.449806,
		1
	},
	[0.35] = {
		0.756288,
		0.082282,
		0.649045,
		0,
		0.65203,
		-0.176255,
		-0.737422,
		0,
		0.053721,
		0.9809,
		-0.18695,
		0,
		0.72724,
		0.749978,
		-1.548301,
		1
	},
	[0.366666666667] = {
		0.753378,
		0.088227,
		0.651643,
		0,
		0.654241,
		-0.200423,
		-0.729246,
		0,
		0.066265,
		0.975729,
		-0.208716,
		0,
		0.733432,
		0.60933,
		-1.61996,
		1
	},
	[0.383333333333] = {
		0.756212,
		0.09009,
		0.648095,
		0,
		0.649652,
		-0.221557,
		-0.727231,
		0,
		0.078073,
		0.970977,
		-0.226071,
		0,
		0.732412,
		0.484326,
		-1.669196,
		1
	},
	[0.3] = {
		0.82773,
		0.024645,
		0.560585,
		0,
		0.560921,
		-0.063426,
		-0.825436,
		0,
		0.015213,
		0.997682,
		-0.066324,
		0,
		0.618944,
		1.327095,
		-1.070012,
		1
	},
	[0.416666666667] = {
		0.77396,
		0.08404,
		0.627633,
		0,
		0.625379,
		-0.257075,
		-0.736759,
		0,
		0.099432,
		0.96273,
		-0.251522,
		0,
		0.716926,
		0.281332,
		-1.71754,
		1
	},
	[0.433333333333] = {
		0.786256,
		0.077601,
		0.613009,
		0,
		0.608181,
		-0.272471,
		-0.745571,
		0,
		0.10917,
		0.959029,
		-0.261428,
		0,
		0.706535,
		0.203237,
		-1.725063,
		1
	},
	[0.45] = {
		0.79919,
		0.069974,
		0.596992,
		0,
		0.58929,
		-0.286955,
		-0.755245,
		0,
		0.118462,
		0.955385,
		-0.270567,
		0,
		0.697083,
		0.140596,
		-1.727051,
		1
	},
	[0.466666666667] = {
		0.811669,
		0.062024,
		0.580815,
		0,
		0.570044,
		-0.301065,
		-0.764467,
		0,
		0.127448,
		0.951584,
		-0.279722,
		0,
		0.690585,
		0.093253,
		-1.727668,
		1
	},
	[0.483333333333] = {
		0.824483,
		0.053046,
		0.563395,
		0,
		0.549284,
		-0.314414,
		-0.774229,
		0,
		0.136069,
		0.947803,
		-0.288367,
		0,
		0.683786,
		0.056852,
		-1.72805,
		1
	},
	[0.4] = {
		0.763514,
		0.088461,
		0.639704,
		0,
		0.639614,
		-0.240266,
		-0.730182,
		0,
		0.089106,
		0.966668,
		-0.240028,
		0,
		0.72623,
		0.375003,
		-1.700313,
		1
	},
	[0.516666666667] = {
		0.854034,
		0.028671,
		0.519427,
		0,
		0.497553,
		-0.336527,
		-0.799494,
		0,
		0.151879,
		0.941237,
		-0.30167,
		0,
		0.65694,
		0.002271,
		-1.723606,
		1
	},
	[0.533333333333] = {
		0.869804,
		0.013687,
		0.493208,
		0,
		0.467021,
		-0.345298,
		-0.81404,
		0,
		0.159162,
		0.938393,
		-0.306734,
		0,
		0.637863,
		-0.017179,
		-1.719053,
		1
	},
	[0.55] = {
		0.88561,
		-0.002851,
		0.464422,
		0,
		0.433713,
		-0.352556,
		-0.829215,
		0,
		0.166099,
		0.935786,
		-0.310991,
		0,
		0.615669,
		-0.032253,
		-1.713119,
		1
	},
	[0.566666666667] = {
		0.901009,
		-0.020692,
		0.433306,
		0,
		0.397923,
		-0.358327,
		-0.844547,
		0,
		0.172741,
		0.933367,
		-0.314622,
		0,
		0.590851,
		-0.043597,
		-1.705935,
		1
	},
	[0.583333333333] = {
		0.9156,
		-0.039579,
		0.400137,
		0,
		0.359982,
		-0.362657,
		-0.859589,
		0,
		0.179134,
		0.931082,
		-0.317802,
		0,
		0.563904,
		-0.05186,
		-1.697638,
		1
	},
	[0.5] = {
		0.838766,
		0.041863,
		0.54288,
		0,
		0.525051,
		-0.326233,
		-0.786062,
		0,
		0.144198,
		0.944362,
		-0.295614,
		0,
		0.67241,
		0.026735,
		-1.726649,
		1
	},
	[0.616666666667] = {
		0.940996,
		-0.079448,
		0.328959,
		0,
		0.279145,
		-0.367327,
		-0.887214,
		0,
		0.191323,
		0.926692,
		-0.323476,
		0,
		0.505611,
		-0.061753,
		-1.678297,
		1
	},
	[0.633333333333] = {
		0.951274,
		-0.099929,
		0.291706,
		0,
		0.237069,
		-0.367911,
		-0.899133,
		0,
		0.197171,
		0.924476,
		-0.326294,
		0,
		0.475255,
		-0.064697,
		-1.667581,
		1
	},
	[0.65] = {
		0.9597,
		-0.120464,
		0.253897,
		0,
		0.194467,
		-0.367544,
		-0.909447,
		0,
		0.202873,
		0.922171,
		-0.329306,
		0,
		0.444748,
		-0.067184,
		-1.656407,
		1
	},
	[0.666666666667] = {
		0.966187,
		-0.140846,
		0.215974,
		0,
		0.151782,
		-0.366429,
		-0.917982,
		0,
		0.208433,
		0.919724,
		-0.332661,
		0,
		0.414571,
		-0.069875,
		-1.64497,
		1
	},
	[0.683333333333] = {
		0.970716,
		-0.160896,
		0.178387,
		0,
		0.109453,
		-0.364797,
		-0.924631,
		0,
		0.213844,
		0.91708,
		-0.336504,
		0,
		0.385202,
		-0.07343,
		-1.633478,
		1
	},
	[0.6] = {
		0.929028,
		-0.05925,
		0.365235,
		0,
		0.320256,
		-0.365622,
		-0.873931,
		0,
		0.185318,
		0.928876,
		-0.320698,
		0,
		0.535326,
		-0.057694,
		-1.688372,
		1
	},
	[0.716666666667] = {
		0.974161,
		-0.199424,
		0.106019,
		0,
		0.02754,
		-0.361024,
		-0.93215,
		0,
		0.224168,
		0.910984,
		-0.346203,
		0,
		0.33074,
		-0.085776,
		-1.6112,
		1
	},
	[0.733333333333] = {
		0.973351,
		-0.217686,
		0.072108,
		0,
		-0.011264,
		-0.359453,
		-0.933095,
		0,
		0.229041,
		0.907418,
		-0.352326,
		0,
		0.30655,
		-0.095886,
		-1.600865,
		1
	},
	[0.7] = {
		0.973338,
		-0.180462,
		0.141588,
		0,
		0.067905,
		-0.362903,
		-0.929349,
		0,
		0.219095,
		0.914185,
		-0.340973,
		0,
		0.357106,
		-0.078511,
		-1.622147,
		1
	}
}

return spline_matrices
