-- chunkname: @content/characters/player/ogryn/first_person/animations/club_ogryn/heavy_swing_down_right.lua

local spline_matrices = {
	[0.0166666666667] = {
		0.548471,
		0.099392,
		0.830242,
		0,
		-0.812037,
		0.300136,
		0.500514,
		0,
		-0.199438,
		-0.948704,
		0.245325,
		0,
		-0.768687,
		0.481761,
		0.134521,
		1,
	},
	[0.0333333333333] = {
		0.610803,
		-0.011463,
		0.791699,
		0,
		-0.782593,
		0.143152,
		0.605851,
		0,
		-0.120278,
		-0.989634,
		0.078467,
		0,
		-0.773086,
		0.470119,
		0.15139,
		1,
	},
	[0.05] = {
		0.67808,
		-0.112511,
		0.726325,
		0,
		-0.733019,
		-0.03124,
		0.67949,
		0,
		-0.05376,
		-0.993159,
		-0.103656,
		0,
		-0.773673,
		0.472999,
		0.165597,
		1,
	},
	[0.0666666666667] = {
		0.740354,
		-0.188899,
		0.645131,
		0,
		-0.672141,
		-0.193573,
		0.714671,
		0,
		-0.010121,
		-0.962729,
		-0.27028,
		0,
		-0.77069,
		0.494344,
		0.177027,
		1,
	},
	[0.0833333333333] = {
		0.788364,
		-0.234859,
		0.568615,
		0,
		-0.615142,
		-0.314565,
		0.722945,
		0,
		0.009076,
		-0.919723,
		-0.392463,
		0,
		-0.764893,
		0.536163,
		0.189246,
		1,
	},
	[0] = {
		0.497315,
		0.202847,
		0.843523,
		0,
		-0.822058,
		0.420953,
		0.383431,
		0,
		-0.277305,
		-0.884111,
		0.376098,
		0,
		-0.761856,
		0.504459,
		0.118842,
		1,
	},
	[0.116666666667] = {
		0.818264,
		-0.239551,
		0.522551,
		0,
		-0.574807,
		-0.351001,
		0.739185,
		0,
		0.006343,
		-0.905215,
		-0.424907,
		0,
		-0.739282,
		0.67887,
		0.234325,
		1,
	},
	[0.133333333333] = {
		0.800158,
		-0.198191,
		0.566098,
		0,
		-0.599788,
		-0.26322,
		0.755625,
		0,
		-0.00075,
		-0.944159,
		-0.32949,
		0,
		-0.708398,
		0.765561,
		0.266638,
		1,
	},
	[0.15] = {
		0.780653,
		-0.146511,
		0.607549,
		0,
		-0.624334,
		-0.139158,
		0.768663,
		0,
		-0.028072,
		-0.979372,
		-0.200106,
		0,
		-0.663765,
		0.846241,
		0.297258,
		1,
	},
	[0.166666666667] = {
		0.780474,
		-0.114576,
		0.6146,
		0,
		-0.619542,
		-0.00992,
		0.784901,
		0,
		-0.083834,
		-0.993365,
		-0.078727,
		0,
		-0.6041,
		0.918375,
		0.321429,
		1,
	},
	[0.183333333333] = {
		0.813233,
		-0.139357,
		0.565005,
		0,
		-0.55714,
		0.093952,
		0.825086,
		0,
		-0.168065,
		-0.985775,
		-0.001237,
		0,
		-0.526879,
		0.978087,
		0.337906,
		1,
	},
	[0.1] = {
		0.816657,
		-0.253058,
		0.518683,
		0,
		-0.577044,
		-0.372835,
		0.726646,
		0,
		0.0095,
		-0.892724,
		-0.450504,
		0,
		-0.75638,
		0.597969,
		0.207229,
		1,
	},
	[0.216666666667] = {
		0.862835,
		-0.223542,
		0.453371,
		0,
		-0.333649,
		0.421907,
		0.843014,
		0,
		-0.379729,
		-0.878649,
		0.289451,
		0,
		-0.349395,
		1.115626,
		0.293453,
		1,
	},
	[0.233333333333] = {
		0.8675,
		-0.1792,
		0.464038,
		0,
		-0.140589,
		0.806499,
		0.574277,
		0,
		-0.477157,
		-0.563424,
		0.674444,
		0,
		-0.248061,
		1.295271,
		0.195486,
		1,
	},
	[0.25] = {
		0.886492,
		-0.086174,
		0.45465,
		0,
		0.116802,
		0.992363,
		-0.039654,
		0,
		-0.447761,
		0.088257,
		0.889787,
		0,
		-0.121128,
		1.496745,
		-0.051436,
		1,
	},
	[0.266666666667] = {
		0.903322,
		-0.038904,
		0.427195,
		0,
		0.290255,
		0.788709,
		-0.541931,
		0,
		-0.31585,
		0.613534,
		0.723751,
		0,
		0.043029,
		1.658649,
		-0.333713,
		1,
	},
	[0.283333333333] = {
		0.889645,
		-0.04568,
		0.454363,
		0,
		0.41347,
		0.502933,
		-0.759013,
		0,
		-0.193843,
		0.863117,
		0.466319,
		0,
		0.273287,
		1.685499,
		-0.681055,
		1,
	},
	[0.2] = {
		0.848488,
		-0.193126,
		0.492718,
		0,
		-0.45509,
		0.208937,
		0.865586,
		0,
		-0.270114,
		-0.95867,
		0.089391,
		0,
		-0.439242,
		1.035681,
		0.332879,
		1,
	},
	[0.316666666667] = {
		0.901894,
		0.005715,
		0.43192,
		0,
		0.431935,
		-0.00178,
		-0.901903,
		0,
		-0.004386,
		0.999982,
		-0.004074,
		0,
		0.52459,
		1.412647,
		-1.151397,
		1,
	},
	[0.333333333333] = {
		0.913514,
		-0.018113,
		0.406404,
		0,
		0.402988,
		-0.096288,
		-0.910126,
		0,
		0.055617,
		0.995189,
		-0.080661,
		0,
		0.581622,
		1.248359,
		-1.240419,
		1,
	},
	[0.35] = {
		0.9287,
		-0.030064,
		0.369611,
		0,
		0.360416,
		-0.161391,
		-0.918724,
		0,
		0.087272,
		0.986432,
		-0.139049,
		0,
		0.612007,
		1.096445,
		-1.314549,
		1,
	},
	[0.366666666667] = {
		0.944585,
		-0.041531,
		0.32563,
		0,
		0.31099,
		-0.204367,
		-0.928181,
		0,
		0.105097,
		0.978013,
		-0.180126,
		0,
		0.641698,
		0.932031,
		-1.392369,
		1,
	},
	[0.383333333333] = {
		0.96006,
		-0.05243,
		0.274837,
		0,
		0.256211,
		-0.229964,
		-0.938868,
		0,
		0.112427,
		0.971786,
		-0.207347,
		0,
		0.66832,
		0.763663,
		-1.470328,
		1,
	},
	[0.3] = {
		0.891432,
		0.012482,
		0.452983,
		0,
		0.444219,
		0.173467,
		-0.878964,
		0,
		-0.089549,
		0.984761,
		0.149089,
		0,
		0.433981,
		1.583636,
		-1.00455,
		1,
	},
	[0.416666666667] = {
		0.984914,
		-0.072374,
		0.157185,
		0,
		0.134987,
		-0.24702,
		-0.959562,
		0,
		0.108275,
		0.966304,
		-0.233524,
		0,
		0.702119,
		0.449008,
		-1.611669,
		1,
	},
	[0.433333333333] = {
		0.991893,
		-0.08227,
		0.096849,
		0,
		0.073834,
		-0.247175,
		-0.966154,
		0,
		0.103424,
		0.965472,
		-0.239097,
		0,
		0.709346,
		0.319473,
		-1.665486,
		1,
	},
	[0.45] = {
		0.994792,
		-0.093617,
		0.040299,
		0,
		0.015952,
		-0.247512,
		-0.968754,
		0,
		0.100666,
		0.964352,
		-0.244729,
		0,
		0.710401,
		0.2193,
		-1.702029,
		1,
	},
	[0.466666666667] = {
		0.994086,
		-0.108232,
		-0.00891,
		0,
		-0.036119,
		-0.252137,
		-0.967017,
		0,
		0.102416,
		0.96162,
		-0.254555,
		0,
		0.705257,
		0.156703,
		-1.71712,
		1,
	},
	[0.483333333333] = {
		0.990724,
		-0.125564,
		-0.051964,
		0,
		-0.083274,
		-0.258787,
		-0.962338,
		0,
		0.107388,
		0.957738,
		-0.266842,
		0,
		0.694037,
		0.117823,
		-1.718553,
		1,
	},
	[0.4] = {
		0.973965,
		-0.062647,
		0.217869,
		0,
		0.196874,
		-0.242729,
		-0.949907,
		0,
		0.112392,
		0.968069,
		-0.224076,
		0,
		0.688813,
		0.599832,
		-1.544906,
		1,
	},
	[0.516666666667] = {
		0.978024,
		-0.162111,
		-0.131108,
		0,
		-0.171009,
		-0.264004,
		-0.949241,
		0,
		0.11927,
		0.950801,
		-0.285925,
		0,
		0.655893,
		0.052365,
		-1.713196,
		1,
	},
	[0.533333333333] = {
		0.969099,
		-0.180932,
		-0.167665,
		0,
		-0.211947,
		-0.26301,
		-0.941225,
		0,
		0.1262,
		0.947676,
		-0.293231,
		0,
		0.630443,
		0.025373,
		-1.707211,
		1,
	},
	[0.55] = {
		0.958666,
		-0.199905,
		-0.202476,
		0,
		-0.251127,
		-0.259909,
		-0.932407,
		0,
		0.133768,
		0.944714,
		-0.299367,
		0,
		0.601832,
		0.001924,
		-1.6995,
		1,
	},
	[0.566666666667] = {
		0.946842,
		-0.218899,
		-0.23574,
		0,
		-0.288703,
		-0.254916,
		-0.922859,
		0,
		0.141919,
		0.94186,
		-0.304562,
		0,
		0.570878,
		-0.018201,
		-1.690416,
		1,
	},
	[0.583333333333] = {
		0.933709,
		-0.237801,
		-0.267652,
		0,
		-0.324829,
		-0.248248,
		-0.912611,
		0,
		0.150575,
		0.939055,
		-0.309036,
		0,
		0.538394,
		-0.035227,
		-1.680309,
		1,
	},
	[0.5] = {
		0.985294,
		-0.143596,
		-0.092606,
		0,
		-0.128165,
		-0.26267,
		-0.956336,
		0,
		0.113001,
		0.954141,
		-0.277211,
		0,
		0.677364,
		0.083112,
		-1.717098,
		1,
	},
	[0.616666666667] = {
		0.903728,
		-0.274942,
		-0.328151,
		0,
		-0.393348,
		-0.230723,
		-0.889969,
		0,
		0.168978,
		0.933367,
		-0.316658,
		0,
		0.47208,
		-0.060929,
		-1.658417,
		1,
	},
	[0.633333333333] = {
		0.886926,
		-0.293018,
		-0.357075,
		0,
		-0.426044,
		-0.220277,
		-0.877476,
		0,
		0.178461,
		0.930386,
		-0.320208,
		0,
		0.439858,
		-0.070102,
		-1.647328,
		1,
	},
	[0.65] = {
		0.868917,
		-0.310666,
		-0.385317,
		0,
		-0.457895,
		-0.208979,
		-0.864095,
		0,
		0.187922,
		0.927262,
		-0.323838,
		0,
		0.409323,
		-0.07717,
		-1.636606,
		1,
	},
	[0.666666666667] = {
		0.849679,
		-0.327826,
		-0.413009,
		0,
		-0.489044,
		-0.197029,
		-0.849715,
		0,
		0.197184,
		0.923964,
		-0.327732,
		0,
		0.381269,
		-0.082406,
		-1.6266,
		1,
	},
	[0.683333333333] = {
		0.829175,
		-0.344439,
		-0.440262,
		0,
		-0.519627,
		-0.184625,
		-0.834207,
		0,
		0.20605,
		0.920476,
		-0.332066,
		0,
		0.356482,
		-0.086092,
		-1.617654,
		1,
	},
	[0.6] = {
		0.919326,
		-0.256511,
		-0.298397,
		0,
		-0.35966,
		-0.240114,
		-0.90166,
		0,
		0.159636,
		0.936241,
		-0.313,
		0,
		0.505193,
		-0.049389,
		-1.669527,
		1,
	},
	[0.716666666667] = {
		0.78416,
		-0.375829,
		-0.493807,
		0,
		-0.579597,
		-0.159249,
		-0.799192,
		0,
		0.221721,
		0.912903,
		-0.342706,
		0,
		0.319836,
		-0.089963,
		-1.604313,
		1,
	},
	[0.733333333333] = {
		0.759518,
		-0.390525,
		-0.520215,
		0,
		-0.609203,
		-0.146674,
		-0.779332,
		0,
		0.228047,
		0.908833,
		-0.349311,
		0,
		0.309536,
		-0.090734,
		-1.60059,
		1,
	},
	[0.75] = {
		0.758847,
		-0.391715,
		-0.520298,
		0,
		-0.609881,
		-0.147161,
		-0.77871,
		0,
		0.228465,
		0.908242,
		-0.350572,
		0,
		0.308298,
		-0.092892,
		-1.600705,
		1,
	},
	[0.766666666667] = {
		0.758339,
		-0.39261,
		-0.520364,
		0,
		-0.610395,
		-0.147524,
		-0.778238,
		0,
		0.228778,
		0.907796,
		-0.351521,
		0,
		0.307357,
		-0.094513,
		-1.600792,
		1,
	},
	[0.783333333333] = {
		0.758017,
		-0.393174,
		-0.520408,
		0,
		-0.610722,
		-0.147752,
		-0.777938,
		0,
		0.228974,
		0.907515,
		-0.352118,
		0,
		0.306759,
		-0.095532,
		-1.600846,
		1,
	},
	[0.7] = {
		0.807356,
		-0.360455,
		-0.467171,
		0,
		-0.549772,
		-0.171966,
		-0.817422,
		0,
		0.214306,
		0.916788,
		-0.337005,
		0,
		0.335744,
		-0.088513,
		-1.610112,
		1,
	},
	[0.8] = {
		0.757905,
		-0.393369,
		-0.520424,
		0,
		-0.610836,
		-0.147831,
		-0.777834,
		0,
		0.229041,
		0.907418,
		-0.352326,
		0,
		0.30655,
		-0.095886,
		-1.600865,
		1,
	},
}

return spline_matrices
