local spline_matrices = {
	[0] = {
		0.626689,
		-0.138666,
		-0.766832,
		0,
		0.697933,
		0.537587,
		0.47317,
		0,
		0.346627,
		-0.831728,
		0.43368,
		0,
		1.276988,
		0.827056,
		0.836082,
		1
	},
	{
		0.186614,
		0.337674,
		-0.922579,
		0,
		0.945227,
		-0.317701,
		0.074913,
		0,
		-0.267808,
		-0.886026,
		-0.378466,
		0,
		0.44024,
		-1.07706,
		-1.458092,
		1
	},
	[0.0333333333333] = {
		0.746906,
		-0.122603,
		-0.653528,
		0,
		0.632283,
		0.43514,
		0.640992,
		0,
		0.205789,
		-0.891976,
		0.402529,
		0,
		1.243035,
		0.763542,
		0.89189,
		1
	},
	[0.0666666666667] = {
		0.864124,
		-0.110143,
		-0.491079,
		0,
		0.50022,
		0.295394,
		0.813955,
		0,
		0.05541,
		-0.949005,
		0.310353,
		0,
		1.159119,
		0.600724,
		0.950874,
		1
	},
	[0.133333333333] = {
		0.981945,
		-0.109249,
		-0.154433,
		0,
		0.149626,
		-0.050952,
		0.987429,
		0,
		-0.115744,
		-0.992708,
		-0.033685,
		0,
		0.947911,
		0.141053,
		1.018335,
		1
	},
	[0.166666666667] = {
		0.992192,
		-0.106177,
		-0.065433,
		0,
		0.041609,
		-0.212784,
		0.976213,
		0,
		-0.117574,
		-0.971313,
		-0.206705,
		0,
		0.880968,
		-0.06891,
		1.028732,
		1
	},
	[0.1] = {
		0.944728,
		-0.106822,
		-0.309965,
		0,
		0.322152,
		0.126864,
		0.938149,
		0,
		-0.060891,
		-0.986151,
		0.154265,
		0,
		1.049162,
		0.377503,
		0.992297,
		1
	},
	[0.233333333333] = {
		0.961413,
		-0.061019,
		-0.268258,
		0,
		0.214231,
		-0.445708,
		0.869166,
		0,
		-0.172601,
		-0.893097,
		-0.415437,
		0,
		0.972964,
		-0.185986,
		0.935672,
		1
	},
	[0.266666666667] = {
		0.884358,
		-0.030546,
		-0.465809,
		0,
		0.408738,
		-0.431334,
		0.804291,
		0,
		-0.225487,
		-0.901675,
		-0.368968,
		0,
		1.098735,
		-0.094466,
		0.88657,
		1
	},
	[0.2] = {
		0.992097,
		-0.088314,
		-0.089135,
		0,
		0.053707,
		-0.343133,
		0.93775,
		0,
		-0.113402,
		-0.935126,
		-0.335678,
		0,
		0.871766,
		-0.195306,
		0.989887,
		1
	},
	[0.333333333333] = {
		0.794731,
		-0.072409,
		-0.602627,
		0,
		0.56618,
		0.446234,
		0.693048,
		0,
		0.218729,
		-0.891982,
		0.395633,
		0,
		1.205368,
		0.293869,
		0.773503,
		1
	},
	[0.366666666667] = {
		0.728073,
		-0.007583,
		-0.685458,
		0,
		0.430411,
		0.783321,
		0.448504,
		0,
		0.533532,
		-0.621572,
		0.573578,
		0,
		1.097077,
		0.593616,
		0.627726,
		1
	},
	[0.3] = {
		0.819871,
		-0.036494,
		-0.571384,
		0,
		0.562708,
		-0.132869,
		0.815908,
		0,
		-0.105695,
		-0.990462,
		-0.0884,
		0,
		1.173051,
		0.050676,
		0.856824,
		1
	},
	[0.433333333333] = {
		0.555652,
		0.044785,
		-0.830208,
		0,
		-0.469857,
		0.84072,
		-0.26912,
		0,
		0.685919,
		0.539616,
		0.48819,
		0,
		0.522192,
		1.38126,
		0.175151,
		1
	},
	[0.466666666667] = {
		0.465754,
		0.112746,
		-0.877702,
		0,
		-0.876239,
		0.197301,
		-0.439633,
		0,
		0.123604,
		0.973838,
		0.190686,
		0,
		0.0086,
		1.450605,
		-0.23463,
		1
	},
	[0.4] = {
		0.630744,
		0.031373,
		-0.775357,
		0,
		0.071839,
		0.992531,
		0.098601,
		0,
		0.772659,
		-0.117893,
		0.623778,
		0,
		0.8992,
		1.093747,
		0.463428,
		1
	},
	[0.533333333333] = {
		0.340715,
		0.300906,
		-0.890712,
		0,
		0.728284,
		-0.683617,
		0.04764,
		0,
		-0.594571,
		-0.664924,
		-0.452064,
		0,
		-0.464671,
		-0.443087,
		-0.791752,
		1
	},
	[0.566666666667] = {
		0.269472,
		0.34744,
		-0.898148,
		0,
		0.871896,
		-0.484013,
		0.07436,
		0,
		-0.40888,
		-0.803129,
		-0.433359,
		0,
		-0.403667,
		-0.571869,
		-0.776086,
		1
	},
	[0.5] = {
		0.361375,
		-0.093253,
		-0.927746,
		0,
		-0.349809,
		-0.93587,
		-0.042188,
		0,
		-0.864316,
		0.33978,
		-0.370821,
		0,
		-1.019011,
		0.716753,
		-0.820523,
		1
	},
	[0.633333333333] = {
		0.195744,
		0.361125,
		-0.911742,
		0,
		0.960338,
		-0.25886,
		0.103648,
		0,
		-0.198584,
		-0.895868,
		-0.397473,
		0,
		-0.305267,
		-0.74279,
		-0.820594,
		1
	},
	[0.666666666667] = {
		0.179255,
		0.360394,
		-0.915415,
		0,
		0.971293,
		-0.212743,
		0.106441,
		0,
		-0.156388,
		-0.908216,
		-0.388184,
		0,
		-0.270109,
		-0.809249,
		-0.885233,
		1
	},
	[0.6] = {
		0.218912,
		0.359533,
		-0.907091,
		0,
		0.939738,
		-0.3279,
		0.096825,
		0,
		-0.262623,
		-0.873623,
		-0.409648,
		0,
		-0.332924,
		-0.693047,
		-0.778269,
		1
	},
	[0.733333333333] = {
		0.162814,
		0.35619,
		-0.92012,
		0,
		0.978462,
		-0.17823,
		0.104143,
		0,
		-0.126898,
		-0.917258,
		-0.377537,
		0,
		-0.162731,
		-0.94907,
		-1.062648,
		1
	},
	[0.766666666667] = {
		0.161056,
		0.353624,
		-0.921418,
		0,
		0.977895,
		-0.183324,
		0.100571,
		0,
		-0.133353,
		-0.917247,
		-0.375332,
		0,
		-0.081705,
		-0.997039,
		-1.160538,
		1
	},
	[0.7] = {
		0.168582,
		0.358538,
		-0.918167,
		0,
		0.976604,
		-0.186922,
		0.10632,
		0,
		-0.133506,
		-0.914609,
		-0.381662,
		0,
		-0.225108,
		-0.883357,
		-0.968235,
		1
	},
	[0.833333333333] = {
		0.166062,
		0.34812,
		-0.922625,
		0,
		0.970941,
		-0.221224,
		0.091287,
		0,
		-0.172328,
		-0.910973,
		-0.37474,
		0,
		0.122325,
		-1.058835,
		-1.33348,
		1
	},
	[0.866666666667] = {
		0.171059,
		0.34526,
		-0.922786,
		0,
		0.965118,
		-0.247136,
		0.08644,
		0,
		-0.19821,
		-0.905383,
		-0.375492,
		0,
		0.225722,
		-1.072563,
		-1.391865,
		1
	},
	[0.8] = {
		0.162431,
		0.350926,
		-0.922208,
		0,
		0.975313,
		-0.198801,
		0.096135,
		0,
		-0.149599,
		-0.915057,
		-0.374554,
		0,
		0.015958,
		-1.033833,
		-1.254154,
		1
	},
	[0.933333333333] = {
		0.181531,
		0.340067,
		-0.922714,
		0,
		0.952064,
		-0.295703,
		0.078324,
		0,
		-0.246214,
		-0.8927,
		-0.377445,
		0,
		0.382445,
		-1.079854,
		-1.450216,
		1
	},
	[0.966666666667] = {
		0.185195,
		0.338333,
		-0.922623,
		0,
		0.947164,
		-0.311658,
		0.075833,
		0,
		-0.261886,
		-0.887919,
		-0.378174,
		0,
		0.425008,
		-1.078967,
		-1.458586,
		1
	},
	[0.9] = {
		0.176518,
		0.342492,
		-0.92279,
		0,
		0.958488,
		-0.273092,
		0.081989,
		0,
		-0.223926,
		-0.898955,
		-0.37648,
		0,
		0.3148,
		-1.078502,
		-1.429566,
		1
	}
}

return spline_matrices
