local spline_matrices = {
	[0] = {
		0.79454,
		0.071288,
		0.603013,
		0,
		-0.602102,
		0.221061,
		0.767206,
		0,
		-0.07861,
		-0.972651,
		0.218565,
		0,
		-0.744332,
		0.511922,
		0.044284,
		1
	},
	{
		0.984506,
		-0.059501,
		-0.164949,
		0,
		0.053248,
		-0.794806,
		0.604522,
		0,
		-0.167072,
		-0.603939,
		-0.779323,
		0,
		0.477862,
		-1.288727,
		-1.144588,
		1
	},
	[0.0166666666667] = {
		0.815396,
		0.070337,
		0.574614,
		0,
		-0.576432,
		0.190262,
		0.794686,
		0,
		-0.053431,
		-0.97921,
		0.195684,
		0,
		-0.742074,
		0.505835,
		0.052364,
		1
	},
	[0.0333333333333] = {
		0.838563,
		0.069049,
		0.540411,
		0,
		-0.54421,
		0.152504,
		0.824972,
		0,
		-0.025452,
		-0.985888,
		0.165462,
		0,
		-0.73798,
		0.495859,
		0.063024,
		1
	},
	[0.05] = {
		0.86263,
		0.068998,
		0.501107,
		0,
		-0.505816,
		0.10909,
		0.855716,
		0,
		0.004377,
		-0.991634,
		0.129005,
		0,
		-0.732022,
		0.482164,
		0.075609,
		1
	},
	[0.0666666666667] = {
		0.886259,
		0.071503,
		0.457638,
		0,
		-0.461861,
		0.061619,
		0.884809,
		0,
		0.035068,
		-0.995535,
		0.087635,
		0,
		-0.72422,
		0.465007,
		0.089466,
		1
	},
	[0.0833333333333] = {
		0.908245,
		0.077507,
		0.411198,
		0,
		-0.413256,
		0.011959,
		0.910536,
		0,
		0.065656,
		-0.99692,
		0.042892,
		0,
		-0.714665,
		0.444741,
		0.103971,
		1
	},
	[0.116666666667] = {
		0.943601,
		0.101388,
		0.315178,
		0,
		-0.307356,
		-0.085645,
		0.947733,
		0,
		0.123082,
		-0.991154,
		-0.049652,
		0,
		-0.691118,
		0.396753,
		0.1328,
		1
	},
	[0.133333333333] = {
		0.955888,
		0.118683,
		0.268687,
		0,
		-0.253399,
		-0.129423,
		0.958665,
		0,
		0.148552,
		-0.984461,
		-0.093639,
		0,
		-0.677775,
		0.370124,
		0.146327,
		1
	},
	[0.15] = {
		0.964442,
		0.138383,
		0.225171,
		0,
		-0.201326,
		-0.167301,
		0.965131,
		0,
		0.171229,
		-0.976146,
		-0.133492,
		0,
		-0.66396,
		0.342513,
		0.15894,
		1
	},
	[0.166666666667] = {
		0.969598,
		0.159157,
		0.185875,
		0,
		-0.153166,
		-0.197665,
		0.96823,
		0,
		0.190841,
		-0.967263,
		-0.167278,
		0,
		-0.650183,
		0.314487,
		0.170561,
		1
	},
	[0.183333333333] = {
		0.971984,
		0.179454,
		0.151799,
		0,
		-0.110928,
		-0.219156,
		0.969364,
		0,
		0.207224,
		-0.959045,
		-0.193109,
		0,
		-0.636986,
		0.286576,
		0.181211,
		1
	},
	[0.1] = {
		0.927596,
		0.087482,
		0.363199,
		0,
		-0.36124,
		-0.037835,
		0.931705,
		0,
		0.095249,
		-0.995447,
		-0.003494,
		0,
		-0.703538,
		0.421815,
		0.118569,
		1
	},
	[0.216666666667] = {
		0.971912,
		0.212021,
		0.10215,
		0,
		-0.051743,
		-0.230914,
		0.971597,
		0,
		0.229587,
		-0.949593,
		-0.213457,
		0,
		-0.61454,
		0.232999,
		0.199991,
		1
	},
	[0.233333333333] = {
		0.971298,
		0.221129,
		0.087645,
		0,
		-0.03815,
		-0.218875,
		0.975007,
		0,
		0.234786,
		-0.950366,
		-0.204157,
		0,
		-0.606344,
		0.208219,
		0.208314,
		1
	},
	[0.25] = {
		0.970959,
		0.224308,
		0.083214,
		0,
		-0.040287,
		-0.189558,
		0.981043,
		0,
		0.235829,
		-0.955905,
		-0.175016,
		0,
		-0.606076,
		0.188695,
		0.21793,
		1
	},
	[0.266666666667] = {
		0.971208,
		0.220585,
		0.089985,
		0,
		-0.059339,
		-0.141825,
		0.988112,
		0,
		0.230725,
		-0.965001,
		-0.124653,
		0,
		-0.616739,
		0.178211,
		0.230025,
		1
	},
	[0.283333333333] = {
		0.972207,
		0.208616,
		0.106271,
		0,
		-0.09131,
		-0.08011,
		0.992595,
		0,
		0.215585,
		-0.974711,
		-0.058834,
		0,
		-0.634601,
		0.177167,
		0.243246,
		1
	},
	[0.2] = {
		0.972442,
		0.197622,
		0.1237,
		0,
		-0.076529,
		-0.230605,
		0.970033,
		0,
		0.220225,
		-0.952768,
		-0.209127,
		0,
		-0.624924,
		0.259264,
		0.190983,
		1
	},
	[0.316666666667] = {
		0.974128,
		0.15609,
		0.163432,
		0,
		-0.175545,
		0.067168,
		0.982177,
		0,
		0.142331,
		-0.985456,
		0.092831,
		0,
		-0.676249,
		0.204816,
		0.267639,
		1
	},
	[0.333333333333] = {
		0.972664,
		0.113264,
		0.202723,
		0,
		-0.217978,
		0.144317,
		0.965224,
		0,
		0.080069,
		-0.983028,
		0.165061,
		0,
		-0.691919,
		0.234315,
		0.276574,
		1
	},
	[0.35] = {
		0.967155,
		0.056936,
		0.247729,
		0,
		-0.254187,
		0.219231,
		0.94198,
		0,
		-0.000677,
		-0.97401,
		0.226502,
		0,
		-0.698633,
		0.275012,
		0.282309,
		1
	},
	[0.366666666667] = {
		0.94539,
		0.014474,
		0.32562,
		0,
		-0.316505,
		0.279408,
		0.906507,
		0,
		-0.07786,
		-0.960063,
		0.26873,
		0,
		-0.696495,
		0.341509,
		0.275713,
		1
	},
	[0.383333333333] = {
		0.911486,
		-0.027068,
		0.41044,
		0,
		-0.375525,
		0.35243,
		0.857189,
		0,
		-0.167854,
		-0.935447,
		0.311071,
		0,
		-0.680356,
		0.443206,
		0.257761,
		1
	},
	[0.3] = {
		0.973501,
		0.187437,
		0.131012,
		0,
		-0.131675,
		-0.008965,
		0.991252,
		0,
		0.186972,
		-0.982236,
		0.015953,
		0,
		-0.655777,
		0.185914,
		0.256201,
		1
	},
	[0.416666666667] = {
		0.819794,
		-0.122892,
		0.559317,
		0,
		-0.415853,
		0.543733,
		0.728986,
		0,
		-0.393706,
		-0.830212,
		0.394644,
		0,
		-0.596374,
		0.66842,
		0.21627,
		1
	},
	[0.433333333333] = {
		0.761123,
		-0.115798,
		0.638187,
		0,
		-0.42756,
		0.650313,
		0.627921,
		0,
		-0.487733,
		-0.750789,
		0.445458,
		0,
		-0.564856,
		0.757703,
		0.186376,
		1
	},
	[0.45] = {
		0.696653,
		-0.035434,
		0.716533,
		0,
		-0.456354,
		0.748765,
		0.480721,
		0,
		-0.553548,
		-0.661888,
		0.505459,
		0,
		-0.560532,
		0.841,
		0.133207,
		1
	},
	[0.466666666667] = {
		0.638827,
		0.032263,
		0.768674,
		0,
		-0.423537,
		0.848841,
		0.316363,
		0,
		-0.642275,
		-0.527663,
		0.555927,
		0,
		-0.533272,
		0.939276,
		0.062537,
		1
	},
	[0.483333333333] = {
		0.592009,
		0.01768,
		0.805738,
		0,
		-0.229506,
		0.962063,
		0.147517,
		0,
		-0.772563,
		-0.272252,
		0.573608,
		0,
		-0.427781,
		1.073369,
		-0.025071,
		1
	},
	[0.4] = {
		0.868269,
		-0.071275,
		0.490947,
		0,
		-0.414124,
		0.440753,
		0.79639,
		0,
		-0.27315,
		-0.894794,
		0.353175,
		0,
		-0.647731,
		0.559298,
		0.235598,
		1
	},
	[0.516666666667] = {
		0.335362,
		-0.215671,
		0.917071,
		0,
		0.724954,
		0.680745,
		-0.105014,
		0,
		-0.601643,
		0.700052,
		0.384647,
		0,
		0.34064,
		1.474981,
		-0.355677,
		1
	},
	[0.533333333333] = {
		0.134495,
		-0.136558,
		0.98146,
		0,
		0.961121,
		-0.223072,
		-0.162746,
		0,
		0.24116,
		0.96519,
		0.101247,
		0,
		1.00849,
		0.832181,
		-0.68132,
		1
	},
	[0.55] = {
		0.178267,
		0.067822,
		0.981642,
		0,
		0.458313,
		-0.888522,
		-0.021841,
		0,
		0.87073,
		0.453793,
		-0.189478,
		0,
		1.501712,
		0.118007,
		-0.907351,
		1
	},
	[0.566666666667] = {
		0.384844,
		-0.046666,
		0.921801,
		0,
		0.172657,
		-0.977451,
		-0.121566,
		0,
		0.906689,
		0.205939,
		-0.368109,
		0,
		1.527179,
		-0.159735,
		-1.042594,
		1
	},
	[0.583333333333] = {
		0.379479,
		-0.114025,
		0.918147,
		0,
		0.087012,
		-0.98358,
		-0.158114,
		0,
		0.9211,
		0.13989,
		-0.363326,
		0,
		1.476184,
		-0.517628,
		-1.068162,
		1
	},
	[0.5] = {
		0.479724,
		-0.119642,
		0.869224,
		0,
		0.319412,
		0.946499,
		-0.046004,
		0,
		-0.817215,
		0.29971,
		0.492273,
		0,
		0.046579,
		1.406763,
		-0.220822,
		1
	},
	[0.616666666667] = {
		0.35829,
		-0.122975,
		0.925476,
		0,
		-0.498631,
		-0.863268,
		0.078332,
		0,
		0.789301,
		-0.489537,
		-0.370619,
		0,
		1.241024,
		-1.114704,
		-0.854633,
		1
	},
	[0.633333333333] = {
		0.368693,
		-0.084426,
		0.925709,
		0,
		-0.682242,
		-0.700976,
		0.207794,
		0,
		0.631357,
		-0.70817,
		-0.316045,
		0,
		1.157568,
		-1.199251,
		-0.775211,
		1
	},
	[0.65] = {
		0.387656,
		-0.056194,
		0.92009,
		0,
		-0.772778,
		-0.563957,
		0.291147,
		0,
		0.50253,
		-0.82389,
		-0.262047,
		0,
		1.120434,
		-1.233482,
		-0.736868,
		1
	},
	[0.666666666667] = {
		0.410608,
		-0.030145,
		0.911313,
		0,
		-0.832118,
		-0.421021,
		0.360999,
		0,
		0.3728,
		-0.90655,
		-0.197959,
		0,
		1.078264,
		-1.272285,
		-0.700638,
		1
	},
	[0.683333333333] = {
		0.437277,
		-0.007426,
		0.899296,
		0,
		-0.864544,
		-0.278883,
		0.418076,
		0,
		0.247694,
		-0.960296,
		-0.128369,
		0,
		1.03301,
		-1.315432,
		-0.670378,
		1
	},
	[0.6] = {
		0.370512,
		-0.144314,
		0.917548,
		0,
		-0.179108,
		-0.980416,
		-0.081878,
		0,
		0.911395,
		-0.134003,
		-0.389104,
		0,
		1.379311,
		-0.897915,
		-1.002141,
		1
	},
	[0.716666666667] = {
		0.499818,
		0.023664,
		0.865807,
		0,
		-0.865728,
		-0.016819,
		0.500232,
		0,
		0.0264,
		-0.999578,
		0.01208,
		0,
		0.943666,
		-1.354155,
		-0.64623,
		1
	},
	[0.733333333333] = {
		0.534375,
		0.030145,
		0.84471,
		0,
		-0.842753,
		0.095727,
		0.529721,
		0,
		-0.064893,
		-0.994951,
		0.076558,
		0,
		0.911373,
		-1.350161,
		-0.664323,
		1
	},
	[0.75] = {
		0.57012,
		0.029626,
		0.821027,
		0,
		-0.809297,
		0.192285,
		0.555036,
		0,
		-0.141427,
		-0.980892,
		0.133602,
		0,
		0.879939,
		-1.345173,
		-0.695322,
		1
	},
	[0.766666666667] = {
		0.606297,
		0.02168,
		0.794943,
		0,
		-0.768974,
		0.270765,
		0.579107,
		0,
		-0.202688,
		-0.962401,
		0.180835,
		0,
		0.84505,
		-1.334891,
		-0.731199,
		1
	},
	[0.783333333333] = {
		0.642226,
		0.006147,
		0.766491,
		0,
		-0.725044,
		0.329331,
		0.604858,
		0,
		-0.248712,
		-0.944194,
		0.215962,
		0,
		0.80985,
		-1.322783,
		-0.768294,
		1
	},
	[0.7] = {
		0.467214,
		0.010851,
		0.884078,
		0,
		-0.874347,
		-0.142775,
		0.463824,
		0,
		0.131257,
		-0.989696,
		-0.057219,
		0,
		0.986959,
		-1.347727,
		-0.650126,
		1
	},
	[0.816666666667] = {
		0.711336,
		-0.046736,
		0.701296,
		0,
		-0.636987,
		0.378857,
		0.671353,
		0,
		-0.297067,
		-0.924274,
		0.239725,
		0,
		0.747132,
		-1.302312,
		-0.828575,
		1
	},
	[0.833333333333] = {
		0.742551,
		-0.077508,
		0.66529,
		0,
		-0.594384,
		0.381613,
		0.707869,
		0,
		-0.308749,
		-0.921067,
		0.237298,
		0,
		0.717212,
		-1.29489,
		-0.852762,
		1
	},
	[0.85] = {
		0.768254,
		-0.102842,
		0.63183,
		0,
		-0.554814,
		0.385377,
		0.737337,
		0,
		-0.319322,
		-0.91701,
		0.23901,
		0,
		0.681069,
		-1.285708,
		-0.881165,
		1
	},
	[0.866666666667] = {
		0.788853,
		-0.123299,
		0.602087,
		0,
		-0.521555,
		0.383919,
		0.761962,
		0,
		-0.325102,
		-0.915097,
		0.238549,
		0,
		0.640318,
		-1.275087,
		-0.911624,
		1
	},
	[0.883333333333] = {
		0.806306,
		-0.14078,
		0.574501,
		0,
		-0.494419,
		0.372737,
		0.78525,
		0,
		-0.324685,
		-0.917196,
		0.230935,
		0,
		0.595091,
		-1.259403,
		-0.937799,
		1
	},
	[0.8] = {
		0.677362,
		-0.01683,
		0.735457,
		0,
		-0.680303,
		0.366107,
		0.634943,
		0,
		-0.279942,
		-0.930421,
		0.236537,
		0,
		0.776432,
		-1.311089,
		-0.802139,
		1
	},
	[0.916666666667] = {
		0.840522,
		-0.175214,
		0.512662,
		0,
		-0.448744,
		0.305047,
		0.839985,
		0,
		-0.303563,
		-0.93608,
		0.177772,
		0,
		0.510577,
		-1.231606,
		-0.987393,
		1
	},
	[0.933333333333] = {
		0.861609,
		-0.195326,
		0.468484,
		0,
		-0.42245,
		0.23568,
		0.875209,
		0,
		-0.281364,
		-0.951999,
		0.120548,
		0,
		0.476519,
		-1.22325,
		-1.011416,
		1
	},
	[0.95] = {
		0.888668,
		-0.217456,
		0.403711,
		0,
		-0.38487,
		0.124918,
		0.914478,
		0,
		-0.249289,
		-0.968044,
		0.027318,
		0,
		0.450216,
		-1.218642,
		-1.031497,
		1
	},
	[0.966666666667] = {
		0.924475,
		-0.235582,
		0.299746,
		0,
		-0.320846,
		-0.05609,
		0.945469,
		0,
		-0.205923,
		-0.970234,
		-0.127439,
		0,
		0.436401,
		-1.224508,
		-1.052283,
		1
	},
	[0.983333333333] = {
		0.967749,
		-0.220882,
		0.12113,
		0,
		-0.195924,
		-0.357684,
		0.913059,
		0,
		-0.158352,
		-0.907344,
		-0.389424,
		0,
		0.441577,
		-1.2471,
		-1.07963,
		1
	},
	[0.9] = {
		0.822822,
		-0.157455,
		0.546051,
		0,
		-0.47123,
		0.348045,
		0.810436,
		0,
		-0.317657,
		-0.924161,
		0.212182,
		0,
		0.550033,
		-1.242431,
		-0.960882,
		1
	}
}

return spline_matrices
