-- chunkname: @content/characters/player/ogryn/first_person/animations/club_ogryn/heavy_swing_stab.lua

local spline_matrices = {
	[0.0166666666667] = {
		-0.020999,
		-0.960082,
		0.278928,
		0,
		0.757964,
		-0.197217,
		-0.621768,
		0,
		0.651958,
		0.198361,
		0.73185,
		0,
		0.92938,
		-1.083607,
		-0.534881,
		1
	},
	[0.0333333333333] = {
		0.368731,
		-0.923697,
		-0.104028,
		0,
		0.860739,
		0.381549,
		-0.336969,
		0,
		0.350949,
		0.03471,
		0.935751,
		0,
		0.977729,
		-1.016969,
		-0.269518,
		1
	},
	[0.05] = {
		0.721102,
		-0.645923,
		-0.25059,
		0,
		0.686528,
		0.714835,
		0.133001,
		0,
		0.093223,
		-0.267945,
		0.958914,
		0,
		0.975816,
		-0.993683,
		0.046392,
		1
	},
	[0.0666666666667] = {
		0.91993,
		-0.352141,
		-0.172408,
		0,
		0.388668,
		0.761122,
		0.519259,
		0,
		-0.051629,
		-0.544692,
		0.837046,
		0,
		0.943309,
		-0.966456,
		0.2631,
		1
	},
	[0.0833333333333] = {
		0.984774,
		-0.17309,
		-0.016126,
		0,
		0.132711,
		0.688628,
		0.712867,
		0,
		-0.112285,
		-0.704153,
		0.701113,
		0,
		0.923027,
		-0.973129,
		0.343279,
		1
	},
	[0] = {
		-0.264727,
		-0.667644,
		0.695824,
		0,
		0.408743,
		-0.731228,
		-0.546108,
		0,
		0.873412,
		0.139844,
		0.46647,
		0,
		0.84618,
		-1.191734,
		-0.61785,
		1
	},
	[0.116666666667] = {
		0.970361,
		-0.076263,
		0.22931,
		0,
		-0.128798,
		0.639683,
		0.757771,
		0,
		-0.204476,
		-0.764846,
		0.610901,
		0,
		0.944707,
		-0.824622,
		0.295282,
		1
	},
	[0.133333333333] = {
		0.946739,
		-0.079496,
		0.312035,
		0,
		-0.17626,
		0.683033,
		0.708801,
		0,
		-0.269477,
		-0.726048,
		0.632642,
		0,
		0.961153,
		-0.613335,
		0.229576,
		1
	},
	[0.15] = {
		0.920326,
		-0.090387,
		0.380566,
		0,
		-0.188218,
		0.750558,
		0.633432,
		0,
		-0.342891,
		-0.654593,
		0.673746,
		0,
		0.981902,
		-0.364547,
		0.157414,
		1
	},
	[0.166666666667] = {
		0.891398,
		-0.096321,
		0.442868,
		0,
		-0.180258,
		0.821196,
		0.541427,
		0,
		-0.415833,
		-0.562458,
		0.71465,
		0,
		1.002385,
		-0.097034,
		0.08321,
		1
	},
	[0.183333333333] = {
		0.860217,
		-0.087926,
		0.502291,
		0,
		-0.170979,
		0.878267,
		0.446557,
		0,
		-0.48041,
		-0.470017,
		0.740467,
		0,
		1.017331,
		0.171532,
		0.012599,
		1
	},
	[0.1] = {
		0.987684,
		-0.098132,
		0.121864,
		0,
		-0.03125,
		0.639448,
		0.768199,
		0,
		-0.153311,
		-0.762546,
		0.628506,
		0,
		0.936071,
		-0.976268,
		0.348099,
		1
	},
	[0.216666666667] = {
		0.803862,
		-0.012901,
		0.594677,
		0,
		-0.205674,
		0.932068,
		0.298242,
		0,
		-0.558126,
		-0.362055,
		0.7466,
		0,
		0.827401,
		0.775272,
		-0.07849,
		1
	},
	[0.233333333333] = {
		0.767409,
		0.031663,
		0.640376,
		0,
		-0.231035,
		0.945339,
		0.230124,
		0,
		-0.598086,
		-0.324549,
		0.732777,
		0,
		0.469252,
		1.188283,
		-0.091352,
		1
	},
	[0.25] = {
		0.675769,
		0.05572,
		0.735004,
		0,
		-0.261575,
		0.95037,
		0.168447,
		0,
		-0.68914,
		-0.30609,
		0.656806,
		0,
		0.2699,
		1.428355,
		-0.11777,
		1
	},
	[0.266666666667] = {
		0.532155,
		0.064911,
		0.844155,
		0,
		-0.292847,
		0.949626,
		0.111589,
		0,
		-0.794388,
		-0.306591,
		0.524357,
		0,
		0.261507,
		1.494426,
		-0.158259,
		1
	},
	[0.283333333333] = {
		0.383421,
		0.069091,
		0.920986,
		0,
		-0.30932,
		0.949214,
		0.057565,
		0,
		-0.870236,
		-0.306951,
		0.38532,
		0,
		0.260182,
		1.546849,
		-0.194141,
		1
	},
	[0.2] = {
		0.827212,
		-0.060691,
		0.558603,
		0,
		-0.180867,
		0.912477,
		0.366978,
		0,
		-0.531984,
		-0.404601,
		0.743835,
		0,
		1.020999,
		0.425347,
		-0.047515,
		1
	},
	[0.316666666667] = {
		0.259104,
		0.083765,
		0.96221,
		0,
		-0.30176,
		0.953382,
		-0.001738,
		0,
		-0.9175,
		-0.289906,
		0.272302,
		0,
		0.260174,
		1.598015,
		-0.227808,
		1
	},
	[0.333333333333] = {
		0.28963,
		0.082467,
		0.953579,
		0,
		-0.282046,
		0.959397,
		0.002695,
		0,
		-0.914639,
		-0.269734,
		0.30113,
		0,
		0.258552,
		1.599702,
		-0.225297,
		1
	},
	[0.35] = {
		0.303935,
		0.06003,
		0.9508,
		0,
		-0.254481,
		0.966865,
		0.020304,
		0,
		-0.918076,
		-0.248131,
		0.30914,
		0,
		0.26047,
		1.595484,
		-0.221365,
		1
	},
	[0.366666666667] = {
		0.301169,
		0.025666,
		0.953225,
		0,
		-0.225146,
		0.973289,
		0.044928,
		0,
		-0.92661,
		-0.228146,
		0.298902,
		0,
		0.265591,
		1.587432,
		-0.21676,
		1
	},
	[0.383333333333] = {
		0.289556,
		-0.011287,
		0.957094,
		0,
		-0.195767,
		0.978094,
		0.070762,
		0,
		-0.936927,
		-0.207857,
		0.281004,
		0,
		0.275531,
		1.577866,
		-0.212132,
		1
	},
	[0.3] = {
		0.277469,
		0.074109,
		0.957872,
		0,
		-0.311059,
		0.950246,
		0.016586,
		0,
		-0.908985,
		-0.302557,
		0.286716,
		0,
		0.261384,
		1.582432,
		-0.219146,
		1
	},
	[0.416666666667] = {
		0.274015,
		-0.058319,
		0.959955,
		0,
		-0.149818,
		0.983385,
		0.102508,
		0,
		-0.949984,
		-0.171907,
		0.260725,
		0,
		0.303677,
		1.56405,
		-0.207324,
		1
	},
	[0.433333333333] = {
		0.274572,
		-0.05979,
		0.959706,
		0,
		-0.142506,
		0.984513,
		0.102106,
		0,
		-0.950948,
		-0.164799,
		0.2618,
		0,
		0.31509,
		1.562831,
		-0.20844,
		1
	},
	[0.45] = {
		0.278809,
		-0.051951,
		0.95894,
		0,
		-0.143635,
		0.985048,
		0.095127,
		0,
		-0.949544,
		-0.16426,
		0.267178,
		0,
		0.322265,
		1.56378,
		-0.210801,
		1
	},
	[0.466666666667] = {
		0.28571,
		-0.036485,
		0.957621,
		0,
		-0.153395,
		0.984649,
		0.083281,
		0,
		-0.94596,
		-0.170689,
		0.275728,
		0,
		0.322931,
		1.566992,
		-0.213859,
		1
	},
	[0.483333333333] = {
		0.294202,
		-0.015382,
		0.955619,
		0,
		-0.170242,
		0.983037,
		0.068235,
		0,
		-0.940459,
		-0.182762,
		0.286593,
		0,
		0.317402,
		1.571928,
		-0.21729,
		1
	},
	[0.4] = {
		0.279338,
		-0.041925,
		0.959277,
		0,
		-0.168243,
		0.981454,
		0.091886,
		0,
		-0.945338,
		-0.187059,
		0.267103,
		0,
		0.289588,
		1.569131,
		-0.208575,
		1
	},
	[0.516666666667] = {
		0.311798,
		0.034298,
		0.949529,
		0,
		-0.213704,
		0.976274,
		0.03491,
		0,
		-0.925804,
		-0.213803,
		0.31173,
		0,
		0.297074,
		1.583049,
		-0.224414,
		1
	},
	[0.533333333333] = {
		0.319059,
		0.058288,
		0.945941,
		0,
		-0.235888,
		0.971581,
		0.019696,
		0,
		-0.91791,
		-0.22942,
		0.323741,
		0,
		0.28482,
		1.587889,
		-0.227498,
		1
	},
	[0.55] = {
		0.3245,
		0.078547,
		0.942619,
		0,
		-0.255387,
		0.966811,
		0.007355,
		0,
		-0.910756,
		-0.243119,
		0.33379,
		0,
		0.272899,
		1.591483,
		-0.229906,
		1
	},
	[0.566666666667] = {
		0.327813,
		0.092671,
		0.940187,
		0,
		-0.269984,
		0.962864,
		-0.000771,
		0,
		-0.905344,
		-0.253583,
		0.340659,
		0,
		0.262622,
		1.593339,
		-0.231401,
		1
	},
	[0.583333333333] = {
		0.328786,
		0.098255,
		0.939279,
		0,
		-0.277495,
		0.960721,
		-0.003364,
		0,
		-0.902716,
		-0.25954,
		0.343137,
		0,
		0.255305,
		1.592999,
		-0.231754,
		1
	},
	[0.5] = {
		0.303247,
		0.008964,
		0.95287,
		0,
		-0.191077,
		0.980218,
		0.051588,
		0,
		-0.933558,
		-0.197716,
		0.298961,
		0,
		0.308362,
		1.577517,
		-0.220914,
		1
	},
	[0.616666666667] = {
		0.311814,
		0.087675,
		0.946089,
		0,
		-0.276257,
		0.961082,
		0.001985,
		0,
		-0.909095,
		-0.261983,
		0.3239,
		0,
		0.317445,
		1.507546,
		-0.264146,
		1
	},
	[0.633333333333] = {
		0.294619,
		0.074625,
		0.952697,
		0,
		-0.269067,
		0.96309,
		0.007769,
		0,
		-0.916953,
		-0.258628,
		0.303824,
		0,
		0.371398,
		1.435314,
		-0.285631,
		1
	},
	[0.65] = {
		0.275876,
		0.056937,
		0.959505,
		0,
		-0.255473,
		0.966682,
		0.01609,
		0,
		-0.926621,
		-0.249566,
		0.281231,
		0,
		0.41367,
		1.371599,
		-0.293212,
		1
	},
	[0.666666666667] = {
		0.259722,
		0.035817,
		0.965019,
		0,
		-0.23399,
		0.971867,
		0.026904,
		0,
		-0.936906,
		-0.232792,
		0.260796,
		0,
		0.438013,
		1.320946,
		-0.282602,
		1
	},
	[0.683333333333] = {
		0.250066,
		0.013498,
		0.968135,
		0,
		-0.20403,
		0.978185,
		0.039062,
		0,
		-0.946488,
		-0.207296,
		0.247365,
		0,
		0.455311,
		1.273106,
		-0.262866,
		1
	},
	[0.6] = {
		0.324046,
		0.095711,
		0.941187,
		0,
		-0.278832,
		0.960338,
		-0.001658,
		0,
		-0.904017,
		-0.261896,
		0.337881,
		0,
		0.271694,
		1.567261,
		-0.241848,
		1
	},
	[0.716666666667] = {
		0.257408,
		-0.023879,
		0.966008,
		0,
		-0.121292,
		0.990989,
		0.056817,
		0,
		-0.95866,
		-0.131794,
		0.252193,
		0,
		0.491077,
		1.180453,
		-0.22492,
		1
	},
	[0.733333333333] = {
		0.272944,
		-0.034478,
		0.961412,
		0,
		-0.070435,
		0.995959,
		0.055714,
		0,
		-0.959448,
		-0.082923,
		0.269413,
		0,
		0.5208,
		1.13312,
		-0.221606,
		1
	},
	[0.75] = {
		0.293959,
		-0.037523,
		0.955081,
		0,
		-0.013227,
		0.998974,
		0.043318,
		0,
		-0.955727,
		-0.025366,
		0.293161,
		0,
		0.566271,
		1.083556,
		-0.238746,
		1
	},
	[0.766666666667] = {
		0.307779,
		-0.041222,
		0.950564,
		0,
		0.045083,
		0.998571,
		0.028707,
		0,
		-0.950389,
		0.034019,
		0.309198,
		0,
		0.631191,
		1.030655,
		-0.276824,
		1
	},
	[0.783333333333] = {
		0.2994,
		-0.053678,
		0.952616,
		0,
		0.092996,
		0.995304,
		0.026855,
		0,
		-0.949585,
		0.080549,
		0.302986,
		0,
		0.710263,
		0.976277,
		-0.329392,
		1
	},
	[0.7] = {
		0.249259,
		-0.007249,
		0.96841,
		0,
		-0.166093,
		0.984835,
		0.050122,
		0,
		-0.954088,
		-0.173339,
		0.244275,
		0,
		0.471147,
		1.226714,
		-0.241169,
		1
	},
	[0.816666666667] = {
		0.282898,
		-0.041408,
		0.958256,
		0,
		0.20553,
		0.978478,
		-0.018395,
		0,
		-0.936871,
		0.202154,
		0.28532,
		0,
		0.895201,
		0.872887,
		-0.489556,
		1
	},
	[0.833333333333] = {
		0.298229,
		-0.009295,
		0.954449,
		0,
		0.27845,
		0.957304,
		-0.077682,
		0,
		-0.912976,
		0.288933,
		0.288084,
		0,
		0.990267,
		0.824794,
		-0.591714,
		1
	},
	[0.85] = {
		0.331886,
		0.032509,
		0.942759,
		0,
		0.353195,
		0.922427,
		-0.156146,
		0,
		-0.874703,
		0.384801,
		0.294659,
		0,
		1.077215,
		0.779267,
		-0.699959,
		1
	},
	[0.866666666667] = {
		0.383881,
		0.077739,
		0.920104,
		0,
		0.421639,
		0.871743,
		-0.249567,
		0,
		-0.821496,
		0.483756,
		0.301868,
		0,
		1.148511,
		0.736838,
		-0.807717,
		1
	},
	[0.883333333333] = {
		0.452193,
		0.12056,
		0.883734,
		0,
		0.475787,
		0.805469,
		-0.353336,
		0,
		-0.754419,
		0.580246,
		0.306866,
		0,
		1.196756,
		0.698529,
		-0.908341,
		1
	},
	[0.8] = {
		0.28416,
		-0.0579,
		0.957027,
		0,
		0.141757,
		0.989742,
		0.017789,
		0,
		-0.94824,
		0.13061,
		0.289453,
		0,
		0.799471,
		0.923394,
		-0.399967,
		1
	},
	[0.916666666667] = {
		0.633623,
		0.182626,
		0.751778,
		0,
		0.516699,
		0.62334,
		-0.586915,
		0,
		-0.575799,
		0.760326,
		0.3006,
		0,
		1.2073,
		0.603977,
		-1.067559,
		1
	},
	[0.933333333333] = {
		0.750862,
		0.187212,
		0.63337,
		0,
		0.489427,
		0.486198,
		-0.723928,
		0,
		-0.443471,
		0.853559,
		0.273441,
		0,
		1.182643,
		0.487665,
		-1.125692,
		1
	},
	[0.95] = {
		0.860901,
		0.156039,
		0.484253,
		0,
		0.418052,
		0.325515,
		-0.848099,
		0,
		-0.289968,
		0.932573,
		0.215004,
		0,
		1.1421,
		0.334115,
		-1.163967,
		1
	},
	[0.966666666667] = {
		0.944179,
		0.087395,
		0.31763,
		0,
		0.301764,
		0.157348,
		-0.940309,
		0,
		-0.132156,
		0.983669,
		0.122192,
		0,
		1.088395,
		0.164746,
		-1.184535,
		1
	},
	[0.983333333333] = {
		0.988307,
		-0.00982,
		0.152159,
		0,
		0.152192,
		0.002714,
		-0.988347,
		0,
		0.009292,
		0.999948,
		0.004176,
		0,
		1.026652,
		0.002479,
		-1.192841,
		1
	},
	[0.9] = {
		0.533073,
		0.156293,
		0.831508,
		0,
		0.50872,
		0.72608,
		-0.462613,
		0,
		-0.676045,
		0.669612,
		0.307545,
		0,
		1.214878,
		0.665801,
		-0.995171,
		1
	},
	[1.01666666667] = {
		0.973634,
		-0.211268,
		-0.086035,
		0,
		-0.12811,
		-0.194354,
		-0.97253,
		0,
		0.188743,
		0.95791,
		-0.216295,
		0,
		0.912761,
		-0.226406,
		-1.189241,
		1
	},
	[1.03333333333] = {
		0.949952,
		-0.278031,
		-0.142439,
		0,
		-0.210555,
		-0.233012,
		-0.949406,
		0,
		0.230774,
		0.931882,
		-0.279892,
		0,
		0.873855,
		-0.262826,
		-1.191102,
		1
	},
	[1.05] = {
		0.932516,
		-0.318634,
		-0.169959,
		0,
		-0.25462,
		-0.246376,
		-0.93513,
		0,
		0.256091,
		0.915298,
		-0.31088,
		0,
		0.84464,
		-0.262464,
		-1.199619,
		1
	},
	[1.06666666667] = {
		0.920832,
		-0.343725,
		-0.184176,
		0,
		-0.277709,
		-0.246456,
		-0.928513,
		0,
		0.273762,
		0.906152,
		-0.322401,
		0,
		0.818018,
		-0.255396,
		-1.212063,
		1
	},
	[1.08333333333] = {
		0.915329,
		-0.355935,
		-0.18837,
		0,
		-0.283254,
		-0.23655,
		-0.929415,
		0,
		0.286252,
		0.904077,
		-0.317341,
		0,
		0.793813,
		-0.243024,
		-1.227791,
		1
	},
	{
		0.993098,
		-0.116568,
		0.012963,
		0,
		-0.000773,
		-0.117026,
		-0.993129,
		0,
		0.117284,
		0.986264,
		-0.116308,
		0,
		0.965513,
		-0.133309,
		-1.192215,
		1
	},
	[1.11666666667] = {
		0.920102,
		-0.351063,
		-0.173689,
		0,
		-0.252776,
		-0.193487,
		-0.94798,
		0,
		0.299194,
		0.916143,
		-0.266769,
		0,
		0.752713,
		-0.206611,
		-1.265643,
		1
	},
	[1.13333333333] = {
		0.927923,
		-0.338198,
		-0.156782,
		0,
		-0.221574,
		-0.162178,
		-0.961563,
		0,
		0.299772,
		0.926995,
		-0.225425,
		0,
		0.736051,
		-0.184385,
		-1.285847,
		1
	},
	[1.15] = {
		0.937447,
		-0.321068,
		-0.134568,
		0,
		-0.182926,
		-0.125416,
		-0.975094,
		0,
		0.296194,
		0.938715,
		-0.176303,
		0,
		0.722147,
		-0.160663,
		-1.305589,
		1
	},
	[1.16666666667] = {
		0.947262,
		-0.301676,
		-0.108101,
		0,
		-0.139445,
		-0.084314,
		-0.986634,
		0,
		0.28853,
		0.949675,
		-0.121934,
		0,
		0.711076,
		-0.136401,
		-1.323928,
		1
	},
	[1.18333333333] = {
		0.956172,
		-0.281991,
		-0.078846,
		0,
		-0.093951,
		-0.040429,
		-0.994756,
		0,
		0.277324,
		0.958565,
		-0.065151,
		0,
		0.702856,
		-0.112656,
		-1.340014,
		1
	},
	[1.1] = {
		0.915448,
		-0.357657,
		-0.184488,
		0,
		-0.274117,
		-0.218533,
		-0.936538,
		0,
		0.294643,
		0.907923,
		-0.298096,
		0,
		0.772012,
		-0.226449,
		-1.245963,
		1
	},
	[1.21666666667] = {
		0.968311,
		-0.248936,
		-0.02013,
		0,
		-0.008636,
		0.047179,
		-0.998849,
		0,
		0.249599,
		0.96737,
		0.043534,
		0,
		0.694861,
		-0.071476,
		-1.362765,
		1
	},
	[1.23333333333] = {
		0.971114,
		-0.238576,
		0.004354,
		0,
		0.025561,
		0.085868,
		-0.995979,
		0,
		0.237243,
		0.96732,
		0.089486,
		0,
		0.695039,
		-0.056615,
		-1.368521,
		1
	},
	[1.25] = {
		0.972015,
		-0.233887,
		0.021986,
		0,
		0.050738,
		0.117633,
		-0.99176,
		0,
		0.229374,
		0.965121,
		0.126208,
		0,
		0.698027,
		-0.047342,
		-1.370168,
		1
	},
	[1.2] = {
		0.963328,
		-0.263864,
		-0.048739,
		0,
		-0.049381,
		0.004206,
		-0.998771,
		0,
		0.263744,
		0.964551,
		-0.008978,
		0,
		0.697463,
		-0.090595,
		-1.353139,
		1
	}
}

return spline_matrices
