local spline_matrices = {
	[0] = {
		-0.264727,
		-0.667644,
		0.695824,
		0,
		0.408743,
		-0.731228,
		-0.546108,
		0,
		0.873412,
		0.139844,
		0.46647,
		0,
		0.84618,
		-1.191734,
		-0.61785,
		1
	},
	{
		0.993098,
		-0.116568,
		0.012963,
		0,
		-0.000773,
		-0.117026,
		-0.993129,
		0,
		0.117284,
		0.986264,
		-0.116308,
		0,
		0.965513,
		-0.133309,
		-1.192215,
		1
	},
	[0.0333333333333] = {
		0.368731,
		-0.923697,
		-0.104028,
		0,
		0.860739,
		0.381549,
		-0.336969,
		0,
		0.350949,
		0.03471,
		0.935751,
		0,
		0.977729,
		-1.016969,
		-0.269518,
		1
	},
	[0.0666666666667] = {
		0.91993,
		-0.352141,
		-0.172408,
		0,
		0.388668,
		0.761122,
		0.519259,
		0,
		-0.051629,
		-0.544692,
		0.837046,
		0,
		0.943309,
		-0.966456,
		0.2631,
		1
	},
	[0.133333333333] = {
		0.946739,
		-0.079496,
		0.312035,
		0,
		-0.17626,
		0.683033,
		0.708801,
		0,
		-0.269477,
		-0.726048,
		0.632642,
		0,
		0.961153,
		-0.613335,
		0.229576,
		1
	},
	[0.166666666667] = {
		0.891398,
		-0.096321,
		0.442868,
		0,
		-0.180258,
		0.821196,
		0.541427,
		0,
		-0.415833,
		-0.562458,
		0.71465,
		0,
		1.002385,
		-0.097034,
		0.08321,
		1
	},
	[0.1] = {
		0.987684,
		-0.098132,
		0.121864,
		0,
		-0.03125,
		0.639448,
		0.768199,
		0,
		-0.153311,
		-0.762546,
		0.628506,
		0,
		0.936071,
		-0.976268,
		0.348099,
		1
	},
	[0.233333333333] = {
		0.767409,
		0.031663,
		0.640376,
		0,
		-0.231035,
		0.945339,
		0.230124,
		0,
		-0.598086,
		-0.324549,
		0.732777,
		0,
		0.469252,
		1.188283,
		-0.091352,
		1
	},
	[0.266666666667] = {
		0.532155,
		0.064911,
		0.844155,
		0,
		-0.292847,
		0.949626,
		0.111589,
		0,
		-0.794388,
		-0.306591,
		0.524357,
		0,
		0.261507,
		1.494426,
		-0.158259,
		1
	},
	[0.2] = {
		0.827212,
		-0.060691,
		0.558603,
		0,
		-0.180867,
		0.912477,
		0.366978,
		0,
		-0.531984,
		-0.404601,
		0.743835,
		0,
		1.020999,
		0.425347,
		-0.047515,
		1
	},
	[0.333333333333] = {
		0.28963,
		0.082467,
		0.953579,
		0,
		-0.282046,
		0.959397,
		0.002695,
		0,
		-0.914639,
		-0.269734,
		0.30113,
		0,
		0.258552,
		1.599702,
		-0.225297,
		1
	},
	[0.366666666667] = {
		0.301169,
		0.025666,
		0.953225,
		0,
		-0.225146,
		0.973289,
		0.044928,
		0,
		-0.92661,
		-0.228146,
		0.298902,
		0,
		0.265591,
		1.587432,
		-0.21676,
		1
	},
	[0.3] = {
		0.277469,
		0.074109,
		0.957872,
		0,
		-0.311059,
		0.950246,
		0.016586,
		0,
		-0.908985,
		-0.302557,
		0.286716,
		0,
		0.261384,
		1.582432,
		-0.219146,
		1
	},
	[0.433333333333] = {
		0.274572,
		-0.05979,
		0.959706,
		0,
		-0.142506,
		0.984513,
		0.102106,
		0,
		-0.950948,
		-0.164799,
		0.2618,
		0,
		0.31509,
		1.562831,
		-0.20844,
		1
	},
	[0.466666666667] = {
		0.28571,
		-0.036485,
		0.957621,
		0,
		-0.153395,
		0.984649,
		0.083281,
		0,
		-0.94596,
		-0.170689,
		0.275728,
		0,
		0.322931,
		1.566992,
		-0.213859,
		1
	},
	[0.4] = {
		0.279338,
		-0.041925,
		0.959277,
		0,
		-0.168243,
		0.981454,
		0.091886,
		0,
		-0.945338,
		-0.187059,
		0.267103,
		0,
		0.289588,
		1.569131,
		-0.208575,
		1
	},
	[0.533333333333] = {
		0.319059,
		0.058288,
		0.945941,
		0,
		-0.235888,
		0.971581,
		0.019696,
		0,
		-0.91791,
		-0.22942,
		0.323741,
		0,
		0.28482,
		1.587889,
		-0.227498,
		1
	},
	[0.566666666667] = {
		0.327813,
		0.092671,
		0.940187,
		0,
		-0.269984,
		0.962864,
		-0.000771,
		0,
		-0.905344,
		-0.253583,
		0.340659,
		0,
		0.262622,
		1.593339,
		-0.231401,
		1
	},
	[0.5] = {
		0.303247,
		0.008964,
		0.95287,
		0,
		-0.191077,
		0.980218,
		0.051588,
		0,
		-0.933558,
		-0.197716,
		0.298961,
		0,
		0.308362,
		1.577517,
		-0.220914,
		1
	},
	[0.633333333333] = {
		0.294619,
		0.074625,
		0.952697,
		0,
		-0.269067,
		0.96309,
		0.007769,
		0,
		-0.916953,
		-0.258628,
		0.303824,
		0,
		0.371398,
		1.435314,
		-0.285631,
		1
	},
	[0.666666666667] = {
		0.259722,
		0.035817,
		0.965019,
		0,
		-0.23399,
		0.971867,
		0.026904,
		0,
		-0.936906,
		-0.232792,
		0.260796,
		0,
		0.438013,
		1.320946,
		-0.282602,
		1
	},
	[0.6] = {
		0.324046,
		0.095711,
		0.941187,
		0,
		-0.278832,
		0.960338,
		-0.001658,
		0,
		-0.904017,
		-0.261896,
		0.337881,
		0,
		0.271694,
		1.567261,
		-0.241848,
		1
	},
	[0.733333333333] = {
		0.272944,
		-0.034478,
		0.961412,
		0,
		-0.070435,
		0.995959,
		0.055714,
		0,
		-0.959448,
		-0.082923,
		0.269413,
		0,
		0.5208,
		1.13312,
		-0.221606,
		1
	},
	[0.766666666667] = {
		0.307779,
		-0.041222,
		0.950564,
		0,
		0.045083,
		0.998571,
		0.028707,
		0,
		-0.950389,
		0.034019,
		0.309198,
		0,
		0.631191,
		1.030655,
		-0.276824,
		1
	},
	[0.7] = {
		0.249259,
		-0.007249,
		0.96841,
		0,
		-0.166093,
		0.984835,
		0.050122,
		0,
		-0.954088,
		-0.173339,
		0.244275,
		0,
		0.471147,
		1.226714,
		-0.241169,
		1
	},
	[0.833333333333] = {
		0.298229,
		-0.009295,
		0.954449,
		0,
		0.27845,
		0.957304,
		-0.077682,
		0,
		-0.912976,
		0.288933,
		0.288084,
		0,
		0.990267,
		0.824794,
		-0.591714,
		1
	},
	[0.866666666667] = {
		0.383881,
		0.077739,
		0.920104,
		0,
		0.421639,
		0.871743,
		-0.249567,
		0,
		-0.821496,
		0.483756,
		0.301868,
		0,
		1.148511,
		0.736838,
		-0.807717,
		1
	},
	[0.8] = {
		0.28416,
		-0.0579,
		0.957027,
		0,
		0.141757,
		0.989742,
		0.017789,
		0,
		-0.94824,
		0.13061,
		0.289453,
		0,
		0.799471,
		0.923394,
		-0.399967,
		1
	},
	[0.933333333333] = {
		0.750862,
		0.187212,
		0.63337,
		0,
		0.489427,
		0.486198,
		-0.723928,
		0,
		-0.443471,
		0.853559,
		0.273441,
		0,
		1.182643,
		0.487665,
		-1.125692,
		1
	},
	[0.966666666667] = {
		0.944179,
		0.087395,
		0.31763,
		0,
		0.301764,
		0.157348,
		-0.940309,
		0,
		-0.132156,
		0.983669,
		0.122192,
		0,
		1.088395,
		0.164746,
		-1.184535,
		1
	},
	[0.9] = {
		0.533073,
		0.156293,
		0.831508,
		0,
		0.50872,
		0.72608,
		-0.462613,
		0,
		-0.676045,
		0.669612,
		0.307545,
		0,
		1.214878,
		0.665801,
		-0.995171,
		1
	},
	[1.03333333333] = {
		0.949952,
		-0.278031,
		-0.142439,
		0,
		-0.210555,
		-0.233012,
		-0.949406,
		0,
		0.230774,
		0.931882,
		-0.279892,
		0,
		0.873855,
		-0.262826,
		-1.191102,
		1
	},
	[1.06666666667] = {
		0.920832,
		-0.343725,
		-0.184176,
		0,
		-0.277709,
		-0.246456,
		-0.928513,
		0,
		0.273762,
		0.906152,
		-0.322401,
		0,
		0.818018,
		-0.255396,
		-1.212063,
		1
	},
	[1.13333333333] = {
		0.927923,
		-0.338198,
		-0.156782,
		0,
		-0.221574,
		-0.162178,
		-0.961563,
		0,
		0.299772,
		0.926995,
		-0.225425,
		0,
		0.736051,
		-0.184385,
		-1.285847,
		1
	},
	[1.16666666667] = {
		0.947262,
		-0.301676,
		-0.108101,
		0,
		-0.139445,
		-0.084314,
		-0.986634,
		0,
		0.28853,
		0.949675,
		-0.121934,
		0,
		0.711076,
		-0.136401,
		-1.323928,
		1
	},
	[1.1] = {
		0.915448,
		-0.357657,
		-0.184488,
		0,
		-0.274117,
		-0.218533,
		-0.936538,
		0,
		0.294643,
		0.907923,
		-0.298096,
		0,
		0.772012,
		-0.226449,
		-1.245963,
		1
	},
	[1.23333333333] = {
		0.971114,
		-0.238576,
		0.004354,
		0,
		0.025561,
		0.085868,
		-0.995979,
		0,
		0.237243,
		0.96732,
		0.089486,
		0,
		0.695039,
		-0.056615,
		-1.368521,
		1
	},
	[1.2] = {
		0.963328,
		-0.263864,
		-0.048739,
		0,
		-0.049381,
		0.004206,
		-0.998771,
		0,
		0.263744,
		0.964551,
		-0.008978,
		0,
		0.697463,
		-0.090595,
		-1.353139,
		1
	}
}

return spline_matrices
