local spline_matrices = {
	[0] = {
		0.167668,
		-0.483247,
		-0.859279,
		0,
		0.725934,
		0.650249,
		-0.224043,
		0,
		0.667013,
		-0.586215,
		0.459831,
		0,
		1.478351,
		0.738132,
		0.11844,
		1
	},
	[0.0166666666667] = {
		0.28561,
		-0.388145,
		-0.876225,
		0,
		0.728844,
		0.681646,
		-0.064382,
		0,
		0.622265,
		-0.620244,
		0.477582,
		0,
		1.394674,
		0.664313,
		0.235043,
		1
	},
	[0.0333333333333] = {
		0.408363,
		-0.275704,
		-0.870188,
		0,
		0.710465,
		0.694543,
		0.113355,
		0,
		0.573131,
		-0.664528,
		0.479503,
		0,
		1.314737,
		0.579426,
		0.35735,
		1
	},
	[0.05] = {
		0.531614,
		-0.152316,
		-0.833178,
		0,
		0.664387,
		0.685119,
		0.298667,
		0,
		0.525334,
		-0.712329,
		0.465416,
		0,
		1.237327,
		0.489456,
		0.476628,
		1
	},
	[0.0666666666667] = {
		0.646309,
		-0.028391,
		-0.762548,
		0,
		0.589123,
		0.653703,
		0.474981,
		0,
		0.484994,
		-0.756218,
		0.43922,
		0,
		1.162538,
		0.401379,
		0.583963,
		1
	},
	[0.0833333333333] = {
		0.742099,
		0.083977,
		-0.665009,
		0,
		0.490846,
		0.607545,
		0.624467,
		0,
		0.456464,
		-0.789833,
		0.409639,
		0,
		1.091607,
		0.323109,
		0.671473,
		1
	},
	[0.116666666667] = {
		0.865475,
		0.240013,
		-0.439713,
		0,
		0.260005,
		0.535053,
		0.803813,
		0,
		0.428195,
		-0.810008,
		0.40067,
		0,
		0.961998,
		0.22961,
		0.764207,
		1
	},
	[0.133333333333] = {
		0.897403,
		0.284648,
		-0.33711,
		0,
		0.142504,
		0.536112,
		0.832032,
		0,
		0.417565,
		-0.794707,
		0.440545,
		0,
		0.901247,
		0.227419,
		0.759435,
		1
	},
	[0.15] = {
		0.914344,
		0.31274,
		-0.257234,
		0,
		0.040057,
		0.562272,
		0.825982,
		0,
		0.402953,
		-0.765535,
		0.501582,
		0,
		0.848877,
		0.280878,
		0.731882,
		1
	},
	[0.166666666667] = {
		0.922818,
		0.326997,
		-0.203664,
		0,
		-0.043651,
		0.614025,
		0.788079,
		0,
		0.382754,
		-0.718363,
		0.580907,
		0,
		0.801095,
		0.407057,
		0.690858,
		1
	},
	[0.183333333333] = {
		0.927312,
		0.323531,
		-0.188201,
		0,
		-0.102079,
		0.70237,
		0.704455,
		0,
		0.3601,
		-0.634038,
		0.684342,
		0,
		0.744679,
		0.60212,
		0.625394,
		1
	},
	[0.1] = {
		0.8123,
		0.175101,
		-0.556335,
		0,
		0.382408,
		0.560328,
		0.734708,
		0,
		0.440379,
		-0.80955,
		0.388194,
		0,
		1.026023,
		0.262806,
		0.733134,
		1
	},
	[0.216666666667] = {
		0.927254,
		0.136845,
		-0.348531,
		0,
		-0.061828,
		0.974002,
		0.217937,
		0,
		0.369293,
		-0.180534,
		0.911608,
		0,
		0.568431,
		1.282163,
		0.344834,
		1
	},
	[0.233333333333] = {
		0.916959,
		-0.026733,
		-0.398084,
		0,
		-0.064584,
		0.974649,
		-0.214217,
		0,
		0.393719,
		0.222138,
		0.891987,
		0,
		0.416935,
		1.684151,
		0.069676,
		1
	},
	[0.25] = {
		0.913551,
		0.116216,
		-0.389768,
		0,
		-0.354373,
		0.697752,
		-0.622545,
		0,
		0.199612,
		0.70685,
		0.678615,
		0,
		0.110198,
		1.809841,
		-0.245376,
		1
	},
	[0.266666666667] = {
		0.885322,
		0.132416,
		-0.445725,
		0,
		-0.464851,
		0.22959,
		-0.855104,
		0,
		-0.010895,
		0.964238,
		0.264815,
		0,
		-0.121188,
		1.783437,
		-0.561853,
		1
	},
	[0.283333333333] = {
		0.901317,
		0.119471,
		-0.416358,
		0,
		-0.409453,
		-0.078649,
		-0.908935,
		0,
		-0.141337,
		0.989718,
		-0.02197,
		0,
		-0.253341,
		1.638181,
		-0.842384,
		1
	},
	[0.2] = {
		0.931521,
		0.289394,
		-0.220271,
		0,
		-0.127858,
		0.827587,
		0.546582,
		0,
		0.340472,
		-0.480989,
		0.807916,
		0,
		0.667074,
		0.862803,
		0.521337,
		1
	},
	[0.316666666667] = {
		0.840728,
		0.332894,
		-0.427035,
		0,
		-0.201835,
		-0.539156,
		-0.817663,
		0,
		-0.502434,
		0.773623,
		-0.386094,
		0,
		-0.40258,
		1.108715,
		-1.216525,
		1
	},
	[0.333333333333] = {
		0.773788,
		0.418373,
		-0.475621,
		0,
		-0.077812,
		-0.682384,
		-0.726841,
		0,
		-0.628647,
		0.59943,
		-0.495466,
		0,
		-0.383258,
		0.810095,
		-1.313736,
		1
	},
	[0.35] = {
		0.766678,
		0.411372,
		-0.492928,
		0,
		-0.039179,
		-0.736354,
		-0.675461,
		0,
		-0.640835,
		0.537174,
		-0.548429,
		0,
		-0.343117,
		0.540333,
		-1.357667,
		1
	},
	[0.366666666667] = {
		0.789941,
		0.361229,
		-0.495487,
		0,
		-0.039437,
		-0.776455,
		-0.628938,
		0,
		-0.611914,
		0.516364,
		-0.599107,
		0,
		-0.297709,
		0.290108,
		-1.413393,
		1
	},
	[0.383333333333] = {
		0.834479,
		0.307118,
		-0.457519,
		0,
		-0.081909,
		-0.751925,
		-0.65414,
		0,
		-0.544918,
		0.583341,
		-0.60231,
		0,
		-0.268112,
		0.318983,
		-1.413446,
		1
	},
	[0.3] = {
		0.893582,
		0.203123,
		-0.400315,
		0,
		-0.330935,
		-0.30445,
		-0.893192,
		0,
		-0.303304,
		0.930619,
		-0.204831,
		0,
		-0.37145,
		1.39194,
		-1.050496,
		1
	},
	[0.416666666667] = {
		0.906497,
		0.184353,
		-0.379839,
		0,
		-0.164927,
		-0.673548,
		-0.720508,
		0,
		-0.388668,
		0.715784,
		-0.580165,
		0,
		-0.215391,
		0.375804,
		-1.416298,
		1
	},
	[0.433333333333] = {
		0.917612,
		0.139196,
		-0.372307,
		0,
		-0.199537,
		-0.648778,
		-0.734351,
		0,
		-0.343763,
		0.748139,
		-0.567552,
		0,
		-0.209896,
		0.390484,
		-1.415781,
		1
	},
	[0.45] = {
		0.918175,
		0.109665,
		-0.380696,
		0,
		-0.228822,
		-0.637644,
		-0.735562,
		0,
		-0.323413,
		0.762485,
		-0.560375,
		0,
		-0.215986,
		0.396251,
		-1.414522,
		1
	},
	[0.466666666667] = {
		0.917658,
		0.08177,
		-0.388867,
		0,
		-0.255997,
		-0.626816,
		-0.735913,
		0,
		-0.303924,
		0.774865,
		-0.55427,
		0,
		-0.221686,
		0.400819,
		-1.413508,
		1
	},
	[0.483333333333] = {
		0.916511,
		0.061106,
		-0.395314,
		0,
		-0.275923,
		-0.618933,
		-0.735383,
		0,
		-0.28961,
		0.783063,
		-0.550398,
		0,
		-0.226354,
		0.403058,
		-1.41297,
		1
	},
	[0.4] = {
		0.876716,
		0.245127,
		-0.413861,
		0,
		-0.125678,
		-0.71378,
		-0.689002,
		0,
		-0.464299,
		0.656072,
		-0.594975,
		0,
		-0.238079,
		0.349559,
		-1.414998,
		1
	},
	[0.516666666667] = {
		0.915188,
		0.053363,
		-0.399479,
		0,
		-0.283588,
		-0.619032,
		-0.732378,
		0,
		-0.286372,
		0.783551,
		-0.551397,
		0,
		-0.231173,
		0.398218,
		-1.413886,
		1
	},
	[0.533333333333] = {
		0.915013,
		0.053139,
		-0.399908,
		0,
		-0.283248,
		-0.621239,
		-0.730638,
		0,
		-0.287264,
		0.781817,
		-0.553391,
		0,
		-0.231981,
		0.394239,
		-1.414868,
		1
	},
	[0.55] = {
		0.915036,
		0.052519,
		-0.399939,
		0,
		-0.282785,
		-0.62352,
		-0.728873,
		0,
		-0.28765,
		0.780041,
		-0.555692,
		0,
		-0.232022,
		0.390002,
		-1.416035,
		1
	},
	[0.566666666667] = {
		0.915158,
		0.051484,
		-0.399795,
		0,
		-0.282416,
		-0.625802,
		-0.727058,
		0,
		-0.287624,
		0.778281,
		-0.558167,
		0,
		-0.231632,
		0.385627,
		-1.417297,
		1
	},
	[0.583333333333] = {
		0.91536,
		0.050118,
		-0.399506,
		0,
		-0.282138,
		-0.628043,
		-0.725231,
		0,
		-0.287254,
		0.776563,
		-0.560745,
		0,
		-0.23089,
		0.381211,
		-1.418612,
		1
	},
	[0.5] = {
		0.915605,
		0.05321,
		-0.398543,
		0,
		-0.283675,
		-0.61697,
		-0.734082,
		0,
		-0.28495,
		0.785186,
		-0.549806,
		0,
		-0.229444,
		0.401815,
		-1.41315,
		1
	},
	[0.616666666667] = {
		0.915919,
		0.046932,
		-0.398611,
		0,
		-0.281685,
		-0.632303,
		-0.721697,
		0,
		-0.285913,
		0.773298,
		-0.565918,
		0,
		-0.228742,
		0.372596,
		-1.421246,
		1
	},
	[0.633333333333] = {
		0.916238,
		0.045264,
		-0.39807,
		0,
		-0.281508,
		-0.634239,
		-0.720066,
		0,
		-0.285065,
		0.771811,
		-0.568371,
		0,
		-0.227489,
		0.368597,
		-1.42249,
		1
	},
	[0.65] = {
		0.916558,
		0.043649,
		-0.397513,
		0,
		-0.281362,
		-0.635988,
		-0.718578,
		0,
		-0.284179,
		0.770463,
		-0.570639,
		0,
		-0.226218,
		0.364935,
		-1.423636,
		1
	},
	[0.666666666667] = {
		0.91686,
		0.04216,
		-0.396976,
		0,
		-0.281245,
		-0.637512,
		-0.717273,
		0,
		-0.283317,
		0.769286,
		-0.572652,
		0,
		-0.225006,
		0.361713,
		-1.42465,
		1
	},
	[0.683333333333] = {
		0.917127,
		0.040872,
		-0.396493,
		0,
		-0.281156,
		-0.638768,
		-0.716189,
		0,
		-0.282539,
		0.768313,
		-0.57434,
		0,
		-0.22393,
		0.359031,
		-1.425498,
		1
	},
	[0.6] = {
		0.91562,
		0.048575,
		-0.3991,
		0,
		-0.281895,
		-0.630224,
		-0.723431,
		0,
		-0.286664,
		0.774892,
		-0.563352,
		0,
		-0.229901,
		0.376834,
		-1.419941,
		1
	},
	[0.716666666667] = {
		0.917482,
		0.039199,
		-0.395842,
		0,
		-0.281059,
		-0.640314,
		-0.714845,
		0,
		-0.281484,
		0.767112,
		-0.57646,
		0,
		-0.222493,
		0.355692,
		-1.42656,
		1
	},
	[0.733333333333] = {
		0.917533,
		0.038962,
		-0.395747,
		0,
		-0.281047,
		-0.640523,
		-0.714663,
		0,
		-0.28133,
		0.76695,
		-0.576751,
		0,
		-0.222284,
		0.355237,
		-1.426705,
		1
	},
	[0.7] = {
		0.917341,
		0.03986,
		-0.396103,
		0,
		-0.281095,
		-0.639716,
		-0.715367,
		0,
		-0.281908,
		0.767577,
		-0.575632,
		0,
		-0.223067,
		0.35699,
		-1.426145,
		1
	}
}

return spline_matrices
