local spline_matrices = {
	[0] = {
		-0.081496,
		-0.339313,
		-0.937137,
		0,
		0.988722,
		0.091015,
		-0.118936,
		0,
		0.12565,
		-0.93626,
		0.328068,
		0,
		1.850632,
		-0.245822,
		-0.030881,
		1
	},
	{
		0.634872,
		0.181916,
		0.750895,
		0,
		0.748092,
		-0.387665,
		-0.538585,
		0,
		0.193119,
		0.903671,
		-0.382208,
		0,
		0.913272,
		-0.742105,
		-1.412518,
		1
	},
	[0.0166666666667] = {
		-0.004825,
		-0.315458,
		-0.948927,
		0,
		0.995054,
		0.092637,
		-0.035856,
		0,
		0.099216,
		-0.944407,
		0.313451,
		0,
		1.84178,
		-0.253507,
		-0.009177,
		1
	},
	[0.0333333333333] = {
		0.083253,
		-0.274269,
		-0.958042,
		0,
		0.994151,
		0.089224,
		0.060848,
		0,
		0.068792,
		-0.957505,
		0.280093,
		0,
		1.820255,
		-0.274526,
		0.017414,
		1
	},
	[0.05] = {
		0.179616,
		-0.218764,
		-0.959104,
		0,
		0.982858,
		0.081115,
		0.165563,
		0,
		0.041579,
		-0.9724,
		0.229583,
		0,
		1.7878,
		-0.305222,
		0.04694,
		1
	},
	[0.0666666666667] = {
		0.279899,
		-0.152316,
		-0.947869,
		0,
		0.95973,
		0.069035,
		0.272309,
		0,
		0.023959,
		-0.985918,
		0.165505,
		0,
		1.746616,
		-0.341824,
		0.077556,
		1
	},
	[0.0833333333333] = {
		0.378698,
		-0.078705,
		-0.922168,
		0,
		0.925294,
		0.054233,
		0.375353,
		0,
		0.02047,
		-0.995422,
		0.093363,
		0,
		1.699317,
		-0.380447,
		0.107737,
		1
	},
	[0.116666666667] = {
		0.549604,
		0.073896,
		-0.83215,
		0,
		0.833212,
		0.023976,
		0.552434,
		0,
		0.060774,
		-0.996978,
		-0.048394,
		0,
		1.597937,
		-0.447902,
		0.163065,
		1
	},
	[0.133333333333] = {
		0.613059,
		0.145201,
		-0.77658,
		0,
		0.783635,
		0.01313,
		0.621083,
		0,
		0.100378,
		-0.989315,
		-0.105735,
		0,
		1.549582,
		-0.468824,
		0.187545,
		1
	},
	[0.15] = {
		0.658969,
		0.208769,
		-0.722617,
		0,
		0.737653,
		0.008468,
		0.675127,
		0,
		0.147065,
		-0.977928,
		-0.14842,
		0,
		1.506268,
		-0.476027,
		0.210019,
		1
	},
	[0.166666666667] = {
		0.68522,
		0.269671,
		-0.676573,
		0,
		0.700704,
		0.009357,
		0.71339,
		0,
		0.198711,
		-0.962907,
		-0.182548,
		0,
		1.471111,
		-0.469819,
		0.227398,
		1
	},
	[0.183333333333] = {
		0.689011,
		0.333015,
		-0.643712,
		0,
		0.678648,
		0.015268,
		0.734305,
		0,
		0.254363,
		-0.942798,
		-0.21548,
		0,
		1.447498,
		-0.450563,
		0.236338,
		1
	},
	[0.1] = {
		0.47029,
		-0.001966,
		-0.88251,
		0,
		0.881893,
		0.038485,
		0.469876,
		0,
		0.03304,
		-0.999257,
		0.019833,
		0,
		1.648781,
		-0.417131,
		0.136423,
		1
	},
	[0.216666666667] = {
		0.595505,
		0.480372,
		-0.643907,
		0,
		0.725615,
		0.022341,
		0.687738,
		0,
		0.344756,
		-0.87678,
		-0.335261,
		0,
		1.486377,
		-0.325507,
		0.210271,
		1
	},
	[0.233333333333] = {
		0.511326,
		0.5477,
		-0.662247,
		0,
		0.777458,
		0.033564,
		0.628039,
		0,
		0.366204,
		-0.836002,
		-0.408651,
		0,
		1.536775,
		-0.22217,
		0.176637,
		1
	},
	[0.25] = {
		0.419819,
		0.594709,
		-0.685619,
		0,
		0.825897,
		0.062927,
		0.560298,
		0,
		0.376358,
		-0.801474,
		-0.464751,
		0,
		1.58825,
		-0.103672,
		0.134938,
		1
	},
	[0.266666666667] = {
		0.331799,
		0.610791,
		-0.718919,
		0,
		0.859124,
		0.11912,
		0.497711,
		0,
		0.389635,
		-0.78278,
		-0.485221,
		0,
		1.628189,
		0.02045,
		0.089594,
		1
	},
	[0.283333333333] = {
		0.256197,
		0.582803,
		-0.77117,
		0,
		0.867519,
		0.213254,
		0.44937,
		0,
		0.426349,
		-0.784132,
		-0.450958,
		0,
		1.644877,
		0.141812,
		0.044152,
		1
	},
	[0.2] = {
		0.659323,
		0.40424,
		-0.633942,
		0,
		0.686602,
		0.01987,
		0.726762,
		0,
		0.306383,
		-0.914437,
		-0.264451,
		0,
		1.45139,
		-0.404456,
		0.231484,
		1
	},
	[0.316666666667] = {
		0.173473,
		0.179791,
		-0.968288,
		0,
		0.761961,
		0.598414,
		0.247621,
		0,
		0.623957,
		-0.780754,
		-0.033186,
		0,
		1.627963,
		0.447227,
		-0.086574,
		1
	},
	[0.333333333333] = {
		0.172617,
		0.00742,
		-0.984961,
		0,
		0.646053,
		0.753974,
		0.118902,
		0,
		0.743518,
		-0.656862,
		0.125355,
		0,
		1.608531,
		0.606217,
		-0.176527,
		1
	},
	[0.35] = {
		0.173985,
		0.012693,
		-0.984667,
		0,
		0.483911,
		0.869756,
		0.096716,
		0,
		0.857647,
		-0.493318,
		0.145182,
		0,
		1.542035,
		0.745861,
		-0.252845,
		1
	},
	[0.366666666667] = {
		0.158722,
		0.111716,
		-0.980983,
		0,
		0.272236,
		0.95011,
		0.152247,
		0,
		0.949049,
		-0.291224,
		0.12039,
		0,
		1.4164,
		0.898637,
		-0.292508,
		1
	},
	[0.383333333333] = {
		0.112158,
		0.216193,
		-0.969887,
		0,
		0.038975,
		0.974338,
		0.221692,
		0,
		0.992926,
		-0.062666,
		0.100854,
		0,
		1.267274,
		1.069497,
		-0.291628,
		1
	},
	[0.3] = {
		0.199225,
		0.434167,
		-0.878526,
		0,
		0.838585,
		0.388321,
		0.382075,
		0,
		0.507035,
		-0.812838,
		-0.286723,
		0,
		1.64121,
		0.281861,
		-0.009356,
		1
	},
	[0.416666666667] = {
		0.005413,
		0.171275,
		-0.985208,
		0,
		-0.419308,
		0.894815,
		0.153257,
		0,
		0.907828,
		0.412276,
		0.076661,
		0,
		0.937564,
		1.32702,
		-0.249444,
		1
	},
	[0.433333333333] = {
		-0.041256,
		0.102731,
		-0.993853,
		0,
		-0.644282,
		0.757539,
		0.105049,
		0,
		0.763674,
		0.644656,
		0.034934,
		0,
		0.697182,
		1.395914,
		-0.218913,
		1
	},
	[0.45] = {
		-0.07924,
		0.084223,
		-0.993291,
		0,
		-0.844519,
		0.52373,
		0.11178,
		0,
		0.529631,
		0.847711,
		0.029628,
		0,
		0.378548,
		1.43068,
		-0.181742,
		1
	},
	[0.466666666667] = {
		-0.081327,
		0.0769,
		-0.993716,
		0,
		-0.986992,
		0.132511,
		0.091032,
		0,
		0.138679,
		0.988194,
		0.065123,
		0,
		-0.021442,
		1.394498,
		-0.177332,
		1
	},
	[0.483333333333] = {
		0.098142,
		0.180563,
		-0.978655,
		0,
		-0.797058,
		-0.574565,
		-0.18594,
		0,
		-0.595874,
		0.798293,
		0.08753,
		0,
		-0.660495,
		1.113322,
		-0.291711,
		1
	},
	[0.4] = {
		0.061227,
		0.2464,
		-0.967232,
		0,
		-0.19098,
		0.954038,
		0.23095,
		0,
		0.979683,
		0.170582,
		0.10547,
		0,
		1.113329,
		1.220293,
		-0.269703,
		1
	},
	[0.516666666667] = {
		0.258655,
		0.463427,
		-0.847545,
		0,
		-0.244811,
		-0.817309,
		-0.521606,
		0,
		-0.934433,
		0.342405,
		-0.097949,
		0,
		-0.844448,
		0.112122,
		-0.773913,
		1
	},
	[0.533333333333] = {
		0.293922,
		0.474772,
		-0.829579,
		0,
		-0.347291,
		-0.755554,
		-0.555453,
		0,
		-0.890505,
		0.451365,
		-0.05719,
		0,
		-0.611882,
		-0.307658,
		-0.986777,
		1
	},
	[0.55] = {
		0.149527,
		0.505702,
		-0.849651,
		0,
		-0.251326,
		-0.81165,
		-0.527314,
		0,
		-0.956283,
		0.292387,
		0.005732,
		0,
		-0.371894,
		-0.389232,
		-1.041532,
		1
	},
	[0.566666666667] = {
		0.195881,
		0.541657,
		-0.817458,
		0,
		-0.160891,
		-0.804559,
		-0.571663,
		0,
		-0.967339,
		0.2435,
		-0.07045,
		0,
		-0.317889,
		-0.45862,
		-1.112913,
		1
	},
	[0.583333333333] = {
		0.615181,
		0.561342,
		-0.553577,
		0,
		0.085377,
		-0.745471,
		-0.661048,
		0,
		-0.783749,
		0.359401,
		-0.506525,
		0,
		-0.212856,
		-0.553917,
		-1.194557,
		1
	},
	[0.5] = {
		0.155763,
		0.35621,
		-0.921332,
		0,
		-0.252651,
		-0.887324,
		-0.385776,
		0,
		-0.954937,
		0.292865,
		-0.048216,
		0,
		-1.088813,
		0.690944,
		-0.46802,
		1
	},
	[0.616666666667] = {
		0.534788,
		0.84393,
		-0.042233,
		0,
		0.334465,
		-0.257315,
		-0.906599,
		0,
		-0.775974,
		0.470713,
		-0.419874,
		0,
		0.05994,
		-0.653958,
		-1.326046,
		1
	},
	[0.633333333333] = {
		0.492889,
		0.849347,
		0.188867,
		0,
		0.393184,
		-0.023781,
		-0.919152,
		0,
		-0.776187,
		0.5273,
		-0.345671,
		0,
		0.16894,
		-0.619861,
		-1.390796,
		1
	},
	[0.65] = {
		0.460923,
		0.820018,
		0.339292,
		0,
		0.428374,
		0.129247,
		-0.89431,
		0,
		-0.777204,
		0.557553,
		-0.291701,
		0,
		0.230135,
		-0.605903,
		-1.443716,
		1
	},
	[0.666666666667] = {
		0.441921,
		0.786266,
		0.431846,
		0,
		0.453602,
		0.219461,
		-0.86376,
		0,
		-0.773919,
		0.577601,
		-0.259668,
		0,
		0.263799,
		-0.606509,
		-1.487218,
		1
	},
	[0.683333333333] = {
		0.430296,
		0.749086,
		0.503702,
		0,
		0.476576,
		0.285378,
		-0.831526,
		0,
		-0.76663,
		0.597854,
		-0.2342,
		0,
		0.299642,
		-0.609687,
		-1.521208,
		1
	},
	[0.6] = {
		0.617853,
		0.730976,
		-0.28971,
		0,
		0.265421,
		-0.540713,
		-0.798237,
		0,
		-0.740142,
		0.416298,
		-0.528097,
		0,
		-0.067706,
		-0.63392,
		-1.261079,
		1
	},
	[0.716666666667] = {
		0.425808,
		0.676269,
		0.601123,
		0,
		0.523992,
		0.357311,
		-0.77315,
		0,
		-0.737645,
		0.644197,
		-0.202214,
		0,
		0.377086,
		-0.619222,
		-1.565137,
		1
	},
	[0.733333333333] = {
		0.431146,
		0.643016,
		0.632964,
		0,
		0.550183,
		0.36865,
		-0.749264,
		0,
		-0.715131,
		0.671288,
		-0.194834,
		0,
		0.417868,
		-0.623388,
		-1.576656,
		1
	},
	[0.75] = {
		0.440506,
		0.612144,
		0.656684,
		0,
		0.578104,
		0.366212,
		-0.729167,
		0,
		-0.686841,
		0.700834,
		-0.192564,
		0,
		0.459267,
		-0.625814,
		-1.582001,
		1
	},
	[0.766666666667] = {
		0.453256,
		0.583344,
		0.673994,
		0,
		0.607258,
		0.351441,
		-0.71255,
		0,
		-0.652531,
		0.732256,
		-0.194948,
		0,
		0.501281,
		-0.627951,
		-1.582255,
		1
	},
	[0.783333333333] = {
		0.468842,
		0.556166,
		0.686197,
		0,
		0.636854,
		0.325465,
		-0.69892,
		0,
		-0.612048,
		0.764691,
		-0.201605,
		0,
		0.543984,
		-0.631848,
		-1.578516,
		1
	},
	[0.7] = {
		0.425236,
		0.71185,
		0.558967,
		0,
		0.499617,
		0.330346,
		-0.800783,
		0,
		-0.75469,
		0.619792,
		-0.215178,
		0,
		0.337515,
		-0.614301,
		-1.546884,
		1
	},
	[0.816666666667] = {
		0.506417,
		0.504436,
		0.699346,
		0,
		0.693306,
		0.244035,
		-0.678066,
		0,
		-0.512706,
		0.828246,
		-0.226145,
		0,
		0.629109,
		-0.644498,
		-1.561115,
		1
	},
	[0.833333333333] = {
		0.527289,
		0.478686,
		0.702016,
		0,
		0.717955,
		0.190869,
		-0.66941,
		0,
		-0.45443,
		0.856988,
		-0.243031,
		0,
		0.670312,
		-0.652847,
		-1.548516,
		1
	},
	[0.85] = {
		0.548703,
		0.452313,
		0.703092,
		0,
		0.73883,
		0.131199,
		-0.660997,
		0,
		-0.391222,
		0.882156,
		-0.262193,
		0,
		0.709799,
		-0.662243,
		-1.53402,
		1
	},
	[0.866666666667] = {
		0.569927,
		0.42494,
		0.703284,
		0,
		0.755111,
		0.066652,
		-0.6522,
		0,
		-0.324021,
		0.902764,
		-0.282891,
		0,
		0.746995,
		-0.672414,
		-1.51816,
		1
	},
	[0.883333333333] = {
		0.590158,
		0.396356,
		0.703289,
		0,
		0.766285,
		-0.000921,
		-0.642501,
		0,
		-0.254011,
		0.918097,
		-0.304265,
		0,
		0.78137,
		-0.683056,
		-1.501482,
		1
	},
	[0.8] = {
		0.486741,
		0.530068,
		0.694342,
		0,
		0.665903,
		0.289302,
		-0.687661,
		0,
		-0.565382,
		0.797077,
		-0.212159,
		0,
		0.586795,
		-0.637428,
		-1.57129,
		1
	},
	[0.916666666667] = {
		0.624212,
		0.335664,
		0.705471,
		0,
		0.7733,
		-0.136925,
		-0.619079,
		0,
		-0.111206,
		0.931977,
		-0.345039,
		0,
		0.839865,
		-0.704396,
		-1.467961,
		1
	},
	[0.933333333333] = {
		0.636324,
		0.304104,
		0.708952,
		0,
		0.770308,
		-0.201104,
		-0.605131,
		0,
		-0.041449,
		0.93117,
		-0.362221,
		0,
		0.863285,
		-0.714386,
		-1.452332,
		1
	},
	[0.95] = {
		0.644095,
		0.272369,
		0.714813,
		0,
		0.764531,
		-0.260005,
		-0.589822,
		0,
		0.025206,
		0.926398,
		-0.375702,
		0,
		0.882484,
		-0.723459,
		-1.438309,
		1
	},
	[0.966666666667] = {
		0.646828,
		0.241054,
		0.723538,
		0,
		0.757616,
		-0.311787,
		-0.573417,
		0,
		0.087365,
		0.919066,
		-0.384298,
		0,
		0.897295,
		-0.731296,
		-1.426557,
		1
	},
	[0.983333333333] = {
		0.643922,
		0.210744,
		0.735494,
		0,
		0.751466,
		-0.354819,
		-0.556239,
		0,
		0.143744,
		0.910873,
		-0.386843,
		0,
		0.907593,
		-0.737602,
		-1.417741,
		1
	},
	[0.9] = {
		0.608542,
		0.366537,
		0.703795,
		0,
		0.772233,
		-0.069489,
		-0.631528,
		0,
		-0.182572,
		0.927805,
		-0.325339,
		0,
		0.812457,
		-0.693835,
		-1.484551,
		1
	},
	[1.01666666667] = {
		0.634499,
		0.182949,
		0.75096,
		0,
		0.748593,
		-0.387315,
		-0.538141,
		0,
		0.192406,
		0.903613,
		-0.382706,
		0,
		0.914336,
		-0.742138,
		-1.411812,
		1
	},
	[1.03333333333] = {
		0.63418,
		0.183839,
		0.751012,
		0,
		0.749019,
		-0.387024,
		-0.537758,
		0,
		0.191799,
		0.903557,
		-0.383142,
		0,
		0.915242,
		-0.742185,
		-1.4112,
		1
	},
	[1.05] = {
		0.633922,
		0.184566,
		0.751052,
		0,
		0.749363,
		-0.386794,
		-0.537444,
		0,
		0.191308,
		0.903507,
		-0.383505,
		0,
		0.915975,
		-0.742237,
		-1.410698,
		1
	},
	[1.06666666667] = {
		0.63373,
		0.185111,
		0.751079,
		0,
		0.749617,
		-0.386628,
		-0.537208,
		0,
		0.190945,
		0.903467,
		-0.38378,
		0,
		0.916517,
		-0.742285,
		-1.41032,
		1
	},
	[1.08333333333] = {
		0.633611,
		0.185452,
		0.751096,
		0,
		0.749776,
		-0.386526,
		-0.537061,
		0,
		0.190719,
		0.903441,
		-0.383955,
		0,
		0.916854,
		-0.742321,
		-1.410082,
		1
	},
	[1.1] = {
		0.63357,
		0.18557,
		0.751101,
		0,
		0.74983,
		-0.386492,
		-0.537009,
		0,
		0.190642,
		0.903431,
		-0.384016,
		0,
		0.91697,
		-0.742335,
		-1.409999,
		1
	}
}

return spline_matrices
