-- chunkname: @content/characters/player/ogryn/first_person/animations/club_ogryn/heavy_swing_left.lua

local spline_matrices = {
	[0.00833333333333] = {
		-0.044741,
		-0.329732,
		-0.943014,
		0,
		0.992543,
		0.092468,
		-0.079423,
		0,
		0.113387,
		-0.939535,
		0.323137,
		0,
		1.847882,
		-0.247773,
		-0.02076,
		1
	},
	[0.0166666666667] = {
		-0.004825,
		-0.315458,
		-0.948927,
		0,
		0.995054,
		0.092637,
		-0.035856,
		0,
		0.099216,
		-0.944407,
		0.313451,
		0,
		1.84178,
		-0.253507,
		-0.009177,
		1
	},
	[0.025] = {
		0.037956,
		-0.296848,
		-0.95417,
		0,
		0.995739,
		0.091545,
		0.011129,
		0,
		0.084046,
		-0.950527,
		0.299058,
		0,
		1.832503,
		-0.262576,
		0.003629,
		1
	},
	[0.0333333333333] = {
		0.083253,
		-0.274269,
		-0.958042,
		0,
		0.994151,
		0.089224,
		0.060848,
		0,
		0.068792,
		-0.957505,
		0.280093,
		0,
		1.820255,
		-0.274526,
		0.017414,
		1
	},
	[0.0416666666667] = {
		0.130642,
		-0.248105,
		-0.959884,
		0,
		0.989939,
		0.085723,
		0.112576,
		0,
		0.054353,
		-0.964933,
		0.256808,
		0,
		1.805267,
		-0.288897,
		0.03193,
		1
	},
	[0.0583333333333] = {
		0.229588,
		-0.18668,
		-0.955217,
		0,
		0.972787,
		0.075506,
		0.219054,
		0,
		0.031232,
		-0.979515,
		0.198935,
		0,
		1.768144,
		-0.323025,
		0.062217,
		1
	},
	[0.05] = {
		0.179616,
		-0.218764,
		-0.959104,
		0,
		0.982858,
		0.081115,
		0.165563,
		0,
		0.041579,
		-0.9724,
		0.229583,
		0,
		1.7878,
		-0.305222,
		0.04694,
		1
	},
	[0.0666666666667] = {
		0.279899,
		-0.152316,
		-0.947869,
		0,
		0.95973,
		0.069035,
		0.272309,
		0,
		0.023959,
		-0.985918,
		0.165505,
		0,
		1.746616,
		-0.341824,
		0.077556,
		1
	},
	[0.075] = {
		0.329846,
		-0.116156,
		-0.936862,
		0,
		0.943817,
		0.061875,
		0.324623,
		0,
		0.020261,
		-0.991302,
		0.130039,
		0,
		1.723555,
		-0.361129,
		0.092779,
		1
	},
	[0.0833333333333] = {
		0.378698,
		-0.078705,
		-0.922168,
		0,
		0.925294,
		0.054233,
		0.375353,
		0,
		0.02047,
		-0.995422,
		0.093363,
		0,
		1.699317,
		-0.380447,
		0.107737,
		1
	},
	[0.0916666666667] = {
		0.425739,
		-0.040471,
		-0.903941,
		0,
		0.904508,
		0.046349,
		0.423931,
		0,
		0.024739,
		-0.998105,
		0.056339,
		0,
		1.67427,
		-0.39928,
		0.122313,
		1
	},
	[0] = {
		-0.081496,
		-0.339313,
		-0.937137,
		0,
		0.988722,
		0.091015,
		-0.118936,
		0,
		0.12565,
		-0.93626,
		0.328068,
		0,
		1.850632,
		-0.245822,
		-0.030881,
		1
	},
	[0.108333333333] = {
		0.511748,
		0.036315,
		-0.858368,
		0,
		0.857947,
		0.030928,
		0.512806,
		0,
		0.04517,
		-0.998862,
		-0.015329,
		0,
		1.623218,
		-0.433504,
		0.150016,
		1
	},
	[0.116666666667] = {
		0.549604,
		0.073896,
		-0.83215,
		0,
		0.833212,
		0.023976,
		0.552434,
		0,
		0.060774,
		-0.996978,
		-0.048394,
		0,
		1.597937,
		-0.447902,
		0.163065,
		1
	},
	[0.125] = {
		0.583465,
		0.11033,
		-0.804609,
		0,
		0.808251,
		0.017938,
		0.588565,
		0,
		0.079369,
		-0.993733,
		-0.078708,
		0,
		1.573282,
		-0.459838,
		0.17557,
		1
	},
	[0.133333333333] = {
		0.613059,
		0.145201,
		-0.77658,
		0,
		0.783635,
		0.01313,
		0.621083,
		0,
		0.100378,
		-0.989315,
		-0.105735,
		0,
		1.549582,
		-0.468824,
		0.187545,
		1
	},
	[0.141666666667] = {
		0.638238,
		0.178131,
		-0.748947,
		0,
		0.759923,
		0.009868,
		0.649939,
		0,
		0.123164,
		-0.983957,
		-0.129068,
		0,
		1.527146,
		-0.474379,
		0.199016,
		1
	},
	[0.158333333333] = {
		0.674822,
		0.238741,
		-0.698297,
		0,
		0.717619,
		0.008453,
		0.696385,
		0,
		0.172158,
		-0.971047,
		-0.16562,
		0,
		1.487415,
		-0.474321,
		0.219755,
		1
	},
	[0.15] = {
		0.658969,
		0.208769,
		-0.722617,
		0,
		0.737653,
		0.008468,
		0.675127,
		0,
		0.147065,
		-0.977928,
		-0.14842,
		0,
		1.506268,
		-0.476027,
		0.210019,
		1
	},
	[0.166666666667] = {
		0.68522,
		0.269671,
		-0.676573,
		0,
		0.700704,
		0.009357,
		0.71339,
		0,
		0.198711,
		-0.962907,
		-0.182548,
		0,
		1.471111,
		-0.469819,
		0.227398,
		1
	},
	[0.175] = {
		0.690001,
		0.301221,
		-0.658152,
		0,
		0.687527,
		0.011515,
		0.726068,
		0,
		0.226285,
		-0.953485,
		-0.199152,
		0,
		1.457698,
		-0.462054,
		0.232934,
		1
	},
	[0.183333333333] = {
		0.689011,
		0.333015,
		-0.643712,
		0,
		0.678648,
		0.015268,
		0.734305,
		0,
		0.254363,
		-0.942798,
		-0.21548,
		0,
		1.447498,
		-0.450563,
		0.236338,
		1
	},
	[0.191666666667] = {
		0.679312,
		0.36706,
		-0.635454,
		0,
		0.677662,
		0.018535,
		0.73514,
		0,
		0.281619,
		-0.930013,
		-0.236151,
		0,
		1.444555,
		-0.432116,
		0.236198,
		1
	},
	[0.1] = {
		0.47029,
		-0.001966,
		-0.88251,
		0,
		0.881893,
		0.038485,
		0.469876,
		0,
		0.03304,
		-0.999257,
		0.019833,
		0,
		1.648781,
		-0.417131,
		0.136423,
		1
	},
	[0.208333333333] = {
		0.630814,
		0.442606,
		-0.637317,
		0,
		0.703358,
		0.020667,
		0.710535,
		0,
		0.327659,
		-0.896478,
		-0.298274,
		0,
		1.465996,
		-0.368577,
		0.222684,
		1
	},
	[0.216666666667] = {
		0.595505,
		0.480372,
		-0.643907,
		0,
		0.725615,
		0.022341,
		0.687738,
		0,
		0.344756,
		-0.87678,
		-0.335261,
		0,
		1.486377,
		-0.325507,
		0.210271,
		1
	},
	[0.225] = {
		0.555112,
		0.515901,
		-0.652454,
		0,
		0.751042,
		0.026232,
		0.659733,
		0,
		0.357472,
		-0.856247,
		-0.372902,
		0,
		1.510587,
		-0.276327,
		0.194745,
		1
	},
	[0.233333333333] = {
		0.511326,
		0.5477,
		-0.662247,
		0,
		0.777458,
		0.033564,
		0.628039,
		0,
		0.366204,
		-0.836002,
		-0.408651,
		0,
		1.536775,
		-0.22217,
		0.176637,
		1
	},
	[0.241666666667] = {
		0.465747,
		0.5744,
		-0.67316,
		0,
		0.802944,
		0.045446,
		0.59432,
		0,
		0.371969,
		-0.817312,
		-0.440045,
		0,
		1.563203,
		-0.164217,
		0.156511,
		1
	},
	[0.258333333333] = {
		0.374801,
		0.607323,
		-0.700488,
		0,
		0.845003,
		0.08708,
		0.527624,
		0,
		0.381437,
		-0.789668,
		-0.480552,
		0,
		1.610396,
		-0.041732,
		0.112467,
		1
	},
	[0.25] = {
		0.419819,
		0.594709,
		-0.685619,
		0,
		0.825897,
		0.062927,
		0.560298,
		0,
		0.376358,
		-0.801474,
		-0.464751,
		0,
		1.58825,
		-0.103672,
		0.134938,
		1
	},
	[0.266666666667] = {
		0.331799,
		0.610791,
		-0.718919,
		0,
		0.859124,
		0.11912,
		0.497711,
		0,
		0.389635,
		-0.78278,
		-0.485221,
		0,
		1.628189,
		0.02045,
		0.089594,
		1
	},
	[0.275] = {
		0.29185,
		0.60337,
		-0.742137,
		0,
		0.867107,
		0.160561,
		0.471535,
		0,
		0.403669,
		-0.78113,
		-0.476327,
		0,
		1.640188,
		0.081908,
		0.06673,
		1
	},
	[0.283333333333] = {
		0.256197,
		0.582803,
		-0.77117,
		0,
		0.867519,
		0.213254,
		0.44937,
		0,
		0.426349,
		-0.784132,
		-0.450958,
		0,
		1.644877,
		0.141812,
		0.044152,
		1
	},
	[0.291666666667] = {
		0.225069,
		0.530043,
		-0.817556,
		0,
		0.858624,
		0.288722,
		0.423561,
		0,
		0.460552,
		-0.797304,
		-0.390125,
		0,
		1.64423,
		0.20675,
		0.019895,
		1
	},
	[0.2] = {
		0.659323,
		0.40424,
		-0.633942,
		0,
		0.686602,
		0.01987,
		0.726762,
		0,
		0.306383,
		-0.914437,
		-0.264451,
		0,
		1.45139,
		-0.404456,
		0.231484,
		1
	},
	[0.308333333333] = {
		0.181581,
		0.309728,
		-0.933326,
		0,
		0.806187,
		0.496597,
		0.321643,
		0,
		0.563109,
		-0.810839,
		-0.159526,
		0,
		1.63572,
		0.36348,
		-0.044952,
		1
	},
	[0.316666666667] = {
		0.173473,
		0.179791,
		-0.968288,
		0,
		0.761961,
		0.598414,
		0.247621,
		0,
		0.623957,
		-0.780754,
		-0.033186,
		0,
		1.627963,
		0.447227,
		-0.086574,
		1
	},
	[0.325] = {
		0.172577,
		0.071151,
		-0.982423,
		0,
		0.707895,
		0.684568,
		0.173931,
		0,
		0.68491,
		-0.725468,
		0.067774,
		0,
		1.618586,
		0.529071,
		-0.131761,
		1
	},
	[0.333333333333] = {
		0.172617,
		0.00742,
		-0.984961,
		0,
		0.646053,
		0.753974,
		0.118902,
		0,
		0.743518,
		-0.656862,
		0.125355,
		0,
		1.608531,
		0.606217,
		-0.176527,
		1
	},
	[0.341666666667] = {
		0.172732,
		-0.00686,
		-0.984945,
		0,
		0.572638,
		0.814314,
		0.094754,
		0,
		0.801405,
		-0.580384,
		0.144586,
		0,
		1.585455,
		0.678315,
		-0.217211,
		1
	},
	[0.358333333333] = {
		0.170512,
		0.055873,
		-0.98377,
		0,
		0.382608,
		0.916299,
		0.118356,
		0,
		0.90804,
		-0.396579,
		0.134863,
		0,
		1.478943,
		0.817305,
		-0.278976,
		1
	},
	[0.35] = {
		0.173985,
		0.012693,
		-0.984667,
		0,
		0.483911,
		0.869756,
		0.096716,
		0,
		0.857647,
		-0.493318,
		0.145182,
		0,
		1.539639,
		0.7458,
		-0.252876,
		1
	},
	[0.366666666667] = {
		0.158722,
		0.111716,
		-0.980983,
		0,
		0.272236,
		0.95011,
		0.152247,
		0,
		0.949049,
		-0.291224,
		0.12039,
		0,
		1.410011,
		0.898483,
		-0.292594,
		1
	},
	[0.375] = {
		0.13846,
		0.168717,
		-0.975891,
		0,
		0.156445,
		0.969284,
		0.189771,
		0,
		0.977934,
		-0.178949,
		0.107812,
		0,
		1.336031,
		0.98412,
		-0.296044,
		1
	},
	[0.383333333333] = {
		0.112158,
		0.216193,
		-0.969887,
		0,
		0.038975,
		0.974338,
		0.221692,
		0,
		0.992926,
		-0.062666,
		0.100854,
		0,
		1.260086,
		1.069333,
		-0.291728,
		1
	},
	[0.391666666667] = {
		0.084404,
		0.244794,
		-0.965894,
		0,
		-0.077294,
		0.968041,
		0.238583,
		0,
		0.993429,
		0.05452,
		0.100628,
		0,
		1.185015,
		1.149546,
		-0.282097,
		1
	},
	[0.3] = {
		0.199225,
		0.434167,
		-0.878526,
		0,
		0.838585,
		0.388321,
		0.382075,
		0,
		0.507035,
		-0.812838,
		-0.286723,
		0,
		1.64121,
		0.281861,
		-0.009356,
		1
	},
	[0.408333333333] = {
		0.038568,
		0.21926,
		-0.974904,
		0,
		-0.306325,
		0.931251,
		0.197324,
		0,
		0.951145,
		0.291027,
		0.103081,
		0,
		1.03908,
		1.280289,
		-0.257977,
		1
	},
	[0.416666666667] = {
		0.012989,
		0.171846,
		-0.985038,
		0,
		-0.428153,
		0.891199,
		0.149829,
		0,
		0.903613,
		0.419801,
		0.085153,
		0,
		0.953716,
		1.327028,
		-0.249754,
		1
	},
	[0.425] = {
		-0.00508,
		0.126832,
		-0.991911,
		0,
		-0.554283,
		0.825244,
		0.10836,
		0,
		0.832313,
		0.55035,
		0.066109,
		0,
		0.849943,
		1.363184,
		-0.23906,
		1
	},
	[0.433333333333] = {
		-0.017621,
		0.099999,
		-0.994831,
		0,
		-0.677286,
		0.730741,
		0.085449,
		0,
		0.735509,
		0.675291,
		0.054852,
		0,
		0.724328,
		1.393315,
		-0.221754,
		1
	},
	[0.441666666667] = {
		-0.032942,
		0.087151,
		-0.99565,
		0,
		-0.788223,
		0.610234,
		0.079494,
		0,
		0.614507,
		0.787413,
		0.048593,
		0,
		0.581184,
		1.414222,
		-0.202575,
		1
	},
	[0.458333333333] = {
		-0.072843,
		0.080194,
		-0.994114,
		0,
		-0.946665,
		0.308134,
		0.094223,
		0,
		0.313877,
		0.947957,
		0.053471,
		0,
		0.256829,
		1.418156,
		-0.175058,
		1
	},
	[0.45] = {
		-0.053019,
		0.082427,
		-0.995186,
		0,
		-0.879564,
		0.468013,
		0.085623,
		0,
		0.472817,
		0.879869,
		0.047686,
		0,
		0.424351,
		1.423344,
		-0.185582,
		1
	},
	[0.466666666667] = {
		-0.081327,
		0.0769,
		-0.993716,
		0,
		-0.986992,
		0.132511,
		0.091032,
		0,
		0.138679,
		0.988194,
		0.065123,
		0,
		0.080805,
		1.395661,
		-0.176059,
		1
	},
	[0.475] = {
		-0.054499,
		0.085656,
		-0.994833,
		0,
		-0.996167,
		-0.072936,
		0.048292,
		0,
		-0.068423,
		0.993652,
		0.089302,
		0,
		-0.127768,
		1.34486,
		-0.192189,
		1
	},
	[0.483333333333] = {
		0.005142,
		0.115377,
		-0.993308,
		0,
		-0.950641,
		-0.30762,
		-0.040652,
		0,
		-0.310252,
		0.944488,
		0.108101,
		0,
		-0.37113,
		1.26203,
		-0.223901,
		1
	},
	[0.491666666667] = {
		0.073287,
		0.158145,
		-0.984692,
		0,
		-0.830355,
		-0.537201,
		-0.148077,
		0,
		-0.552395,
		0.828496,
		0.091946,
		0,
		-0.615896,
		1.154205,
		-0.269452,
		1
	},
	[0.4] = {
		0.061227,
		0.2464,
		-0.967232,
		0,
		-0.19098,
		0.954038,
		0.23095,
		0,
		0.979683,
		0.170582,
		0.10547,
		0,
		1.113329,
		1.220293,
		-0.269703,
		1
	},
	[0.508333333333] = {
		0.1438,
		0.267729,
		-0.952703,
		0,
		-0.441024,
		-0.844483,
		-0.303885,
		0,
		-0.8859,
		0.463864,
		-0.003362,
		0,
		-0.990858,
		0.871035,
		-0.386618,
		1
	},
	[0.516666666667] = {
		0.148115,
		0.345581,
		-0.926626,
		0,
		-0.278758,
		-0.884382,
		-0.374383,
		0,
		-0.948871,
		0.313756,
		-0.034657,
		0,
		-0.934549,
		0.601733,
		-0.480948,
		1
	},
	[0.525] = {
		0.182697,
		0.412372,
		-0.892508,
		0,
		-0.232255,
		-0.863992,
		-0.446739,
		0,
		-0.955343,
		0.288908,
		-0.062073,
		0,
		-0.838325,
		0.371017,
		-0.587104,
		1
	},
	[0.533333333333] = {
		0.255673,
		0.448992,
		-0.856176,
		0,
		-0.283801,
		-0.811735,
		-0.510435,
		0,
		-0.924169,
		0.373488,
		-0.080114,
		0,
		-0.808425,
		0.157761,
		-0.759502,
		1
	},
	[0.541666666667] = {
		0.310145,
		0.459102,
		-0.832488,
		0,
		-0.350745,
		-0.758636,
		-0.549044,
		0,
		-0.883622,
		0.462274,
		-0.074259,
		0,
		-0.616352,
		-0.129828,
		-0.914105,
		1
	},
	[0.558333333333] = {
		0.216666,
		0.493774,
		-0.842165,
		0,
		-0.302501,
		-0.786242,
		-0.538811,
		0,
		-0.928197,
		0.371498,
		-0.020985,
		0,
		-0.437477,
		-0.340968,
		-1.007899,
		1
	},
	[0.55] = {
		0.294661,
		0.473708,
		-0.829925,
		0,
		-0.354233,
		-0.752464,
		-0.555263,
		0,
		-0.887521,
		0.457601,
		-0.053918,
		0,
		-0.550817,
		-0.288875,
		-0.985397,
		1
	},
	[0.566666666667] = {
		0.148747,
		0.50622,
		-0.84948,
		0,
		-0.255209,
		-0.810283,
		-0.52755,
		0,
		-0.955376,
		0.295266,
		0.008665,
		0,
		-0.286311,
		-0.385515,
		-1.041658,
		1
	},
	[0.575] = {
		0.131015,
		0.520953,
		-0.843471,
		0,
		-0.212796,
		-0.816196,
		-0.537161,
		0,
		-0.968273,
		0.249863,
		0.003923,
		0,
		-0.248415,
		-0.427487,
		-1.075152,
		1
	},
	[0.583333333333] = {
		0.194983,
		0.542244,
		-0.817284,
		0,
		-0.163708,
		-0.803596,
		-0.572218,
		0,
		-0.967048,
		0.245369,
		-0.067917,
		0,
		-0.209271,
		-0.462717,
		-1.114111,
		1
	},
	[0.591666666667] = {
		0.420541,
		0.544847,
		-0.725457,
		0,
		-0.058961,
		-0.781498,
		-0.621115,
		0,
		-0.905356,
		0.303978,
		-0.296527,
		0,
		-0.159983,
		-0.509382,
		-1.15651,
		1
	},
	[0.5] = {
		0.122822,
		0.206247,
		-0.970761,
		0,
		-0.646056,
		-0.725901,
		-0.235964,
		0,
		-0.753343,
		0.656148,
		0.044091,
		0,
		-0.832564,
		1.024463,
		-0.32383,
		1
	},
	[0.608333333333] = {
		0.646823,
		0.640523,
		-0.413946,
		0,
		0.190386,
		-0.661212,
		-0.725639,
		0,
		-0.738494,
		0.390551,
		-0.549633,
		0,
		-0.007466,
		-0.602967,
		-1.232434,
		1
	},
	[0.616666666667] = {
		0.616977,
		0.731699,
		-0.289754,
		0,
		0.264809,
		-0.539735,
		-0.799101,
		0,
		-0.741091,
		0.416297,
		-0.526765,
		0,
		0.067113,
		-0.642769,
		-1.264234,
		1
	},
	[0.625] = {
		0.568375,
		0.805336,
		-0.168476,
		0,
		0.305131,
		-0.396485,
		-0.865849,
		0,
		-0.764098,
		0.44072,
		-0.471085,
		0,
		0.134867,
		-0.667068,
		-1.295672,
		1
	},
	[0.633333333333] = {
		0.533829,
		0.844549,
		-0.042001,
		0,
		0.334096,
		-0.256286,
		-0.907026,
		0,
		-0.776792,
		0.470165,
		-0.418974,
		0,
		0.198813,
		-0.664789,
		-1.329567,
		1
	},
	[0.641666666667] = {
		0.512649,
		0.854684,
		0.081891,
		0,
		0.367015,
		-0.131912,
		-0.920815,
		0,
		-0.776203,
		0.50211,
		-0.381306,
		0,
		0.258574,
		-0.646959,
		-1.363938,
		1
	},
	[0.658333333333] = {
		0.474364,
		0.836037,
		0.275717,
		0,
		0.412778,
		0.0654,
		-0.908481,
		0,
		-0.777556,
		0.544761,
		-0.314075,
		0,
		0.345419,
		-0.623333,
		-1.42301,
		1
	},
	[0.65] = {
		0.492133,
		0.849734,
		0.189095,
		0,
		0.392823,
		-0.022926,
		-0.919328,
		0,
		-0.776849,
		0.526713,
		-0.345078,
		0,
		0.308057,
		-0.632681,
		-1.394888,
		1
	},
	[0.666666666667] = {
		0.460871,
		0.819856,
		0.339754,
		0,
		0.428479,
		0.129697,
		-0.894195,
		0,
		-0.777177,
		0.557686,
		-0.291517,
		0,
		0.368909,
		-0.619942,
		-1.448972,
		1
	},
	[0.675] = {
		0.450931,
		0.803335,
		0.388992,
		0,
		0.441999,
		0.177646,
		-0.879249,
		0,
		-0.775434,
		0.568415,
		-0.274967,
		0,
		0.384984,
		-0.620173,
		-1.472594,
		1
	},
	[0.683333333333] = {
		0.443,
		0.785377,
		0.432358,
		0,
		0.454658,
		0.218837,
		-0.863364,
		0,
		-0.772682,
		0.579045,
		-0.260133,
		0,
		0.401277,
		-0.621034,
		-1.493444,
		1
	},
	[0.691666666667] = {
		0.436996,
		0.766629,
		0.47044,
		0,
		0.466869,
		0.253724,
		-0.847147,
		0,
		-0.768809,
		0.589834,
		-0.247039,
		0,
		0.417797,
		-0.622368,
		-1.511718,
		1
	},
	[0.6] = {
		0.614336,
		0.561759,
		-0.554092,
		0,
		0.083853,
		-0.744736,
		-0.662071,
		0,
		-0.784576,
		0.360272,
		-0.504623,
		0,
		-0.087055,
		-0.560744,
		-1.196887,
		1
	},
	[0.708333333333] = {
		0.430321,
		0.728549,
		0.532955,
		0,
		0.491154,
		0.306393,
		-0.815409,
		0,
		-0.757358,
		0.61265,
		-0.225983,
		0,
		0.451483,
		-0.62579,
		-1.541189,
		1
	},
	[0.716666666667] = {
		0.429396,
		0.709806,
		0.558386,
		0,
		0.503641,
		0.325012,
		-0.800445,
		0,
		-0.749643,
		0.624934,
		-0.217929,
		0,
		0.468598,
		-0.627548,
		-1.552653,
		1
	},
	[0.725] = {
		0.42991,
		0.691501,
		0.58052,
		0,
		0.516527,
		0.338987,
		-0.786313,
		0,
		-0.740525,
		0.637898,
		-0.211446,
		0,
		0.48584,
		-0.629122,
		-1.562086,
		1
	},
	[0.733333333333] = {
		0.431745,
		0.673729,
		0.599738,
		0,
		0.529873,
		0.348639,
		-0.773101,
		0,
		-0.729953,
		0.651568,
		-0.206468,
		0,
		0.503155,
		-0.630356,
		-1.569584,
		1
	},
	[0.741666666667] = {
		0.434789,
		0.656534,
		0.616378,
		0,
		0.543697,
		0.354254,
		-0.760853,
		0,
		-0.71788,
		0.665934,
		-0.20293,
		0,
		0.520482,
		-0.631101,
		-1.57523,
		1
	},
	[0.758333333333] = {
		0.444104,
		0.623874,
		0.64308,
		0,
		0.572675,
		0.354344,
		-0.739245,
		0,
		-0.689068,
		0.696578,
		-0.199911,
		0,
		0.555085,
		-0.631223,
		-1.581446,
		1
	},
	[0.75] = {
		0.438941,
		0.639923,
		0.630738,
		0,
		0.557981,
		0.356082,
		-0.749575,
		0,
		-0.704265,
		0.680959,
		-0.200766,
		0,
		0.537753,
		-0.631213,
		-1.579103,
		1
	},
	[0.766666666667] = {
		0.450193,
		0.608346,
		0.653637,
		0,
		0.587706,
		0.349236,
		-0.729819,
		0,
		-0.672256,
		0.712706,
		-0.200305,
		0,
		0.57261,
		-0.631736,
		-1.582515,
		1
	},
	[0.775] = {
		0.457124,
		0.593292,
		0.662603,
		0,
		0.602975,
		0.34092,
		-0.721246,
		0,
		-0.653804,
		0.729231,
		-0.201898,
		0,
		0.590277,
		-0.632752,
		-1.582385,
		1
	},
	[0.783333333333] = {
		0.46482,
		0.578658,
		0.670148,
		0,
		0.618367,
		0.329544,
		-0.713458,
		0,
		-0.633691,
		0.746027,
		-0.204644,
		0,
		0.608027,
		-0.63427,
		-1.581127,
		1
	},
	[0.791666666667] = {
		0.473205,
		0.564367,
		0.676437,
		0,
		0.633753,
		0.315263,
		-0.706376,
		0,
		-0.61191,
		0.762954,
		-0.208485,
		0,
		0.625801,
		-0.636265,
		-1.578824,
		1
	},
	[0.7] = {
		0.432812,
		0.74757,
		0.503798,
		0,
		0.478954,
		0.282764,
		-0.831052,
		0,
		-0.763726,
		0.600985,
		-0.235668,
		0,
		0.434539,
		-0.624008,
		-1.527586,
		1
	},
	[0.808333333333] = {
		0.49174,
		0.536493,
		0.685833,
		0,
		0.663932,
		0.278587,
		-0.693963,
		0,
		-0.56337,
		0.796595,
		-0.219202,
		0,
		0.66117,
		-0.641581,
		-1.571396,
		1
	},
	[0.816666666667] = {
		0.501737,
		0.522747,
		0.689199,
		0,
		0.678422,
		0.256499,
		-0.688442,
		0,
		-0.53666,
		0.812985,
		-0.225947,
		0,
		0.678636,
		-0.644851,
		-1.566427,
		1
	},
	[0.825] = {
		0.512113,
		0.509021,
		0.691837,
		0,
		0.692306,
		0.232128,
		-0.683249,
		0,
		-0.508382,
		0.828863,
		-0.233522,
		0,
		0.695867,
		-0.648492,
		-1.560723,
		1
	},
	[0.833333333333] = {
		0.522781,
		0.495239,
		0.693858,
		0,
		0.705434,
		0.20565,
		-0.678285,
		0,
		-0.478605,
		0.844065,
		-0.241849,
		0,
		0.7128,
		-0.652475,
		-1.554359,
		1
	},
	[0.841666666667] = {
		0.533651,
		0.481334,
		0.695366,
		0,
		0.717661,
		0.177255,
		-0.673457,
		0,
		-0.447414,
		0.858428,
		-0.250842,
		0,
		0.729368,
		-0.656771,
		-1.547413,
		1
	},
	[0.858333333333] = {
		0.555609,
		0.452914,
		0.697257,
		0,
		0.738889,
		0.115555,
		-0.663845,
		0,
		-0.381236,
		0.884034,
		-0.27045,
		0,
		0.761156,
		-0.666161,
		-1.532075,
		1
	},
	[0.85] = {
		0.544628,
		0.467243,
		0.696466,
		0,
		0.728852,
		0.147149,
		-0.668672,
		0,
		-0.414916,
		0.871798,
		-0.260409,
		0,
		0.745507,
		-0.661344,
		-1.539959,
		1
	},
	[0.866666666667] = {
		0.566488,
		0.438308,
		0.697837,
		0,
		0.747674,
		0.082712,
		-0.658895,
		0,
		-0.346518,
		0.895011,
		-0.280856,
		0,
		0.776257,
		-0.671181,
		-1.523837,
		1
	},
	[0.875] = {
		0.577155,
		0.423394,
		0.698305,
		0,
		0.755128,
		0.048875,
		-0.653753,
		0,
		-0.310924,
		0.904626,
		-0.291508,
		0,
		0.790754,
		-0.676365,
		-1.515324,
		1
	},
	[0.883333333333] = {
		0.587493,
		0.408157,
		0.698756,
		0,
		0.761203,
		0.014313,
		-0.648356,
		0,
		-0.274632,
		0.912799,
		-0.302282,
		0,
		0.804595,
		-0.681667,
		-1.506615,
		1
	},
	[0.891666666667] = {
		0.597385,
		0.392597,
		0.699285,
		0,
		0.765877,
		-0.020694,
		-0.642654,
		0,
		-0.237833,
		0.919478,
		-0.313043,
		0,
		0.817735,
		-0.687044,
		-1.497791,
		1
	},
	[0.8] = {
		0.482204,
		0.550339,
		0.68162,
		0,
		0.648991,
		0.298227,
		-0.699908,
		0,
		-0.588465,
		0.779864,
		-0.213359,
		0,
		0.643537,
		-0.638711,
		-1.575554,
		1
	},
	[0.908333333333] = {
		0.615353,
		0.360568,
		0.70095,
		0,
		0.771103,
		-0.090876,
		-0.630192,
		0,
		-0.163527,
		0.928295,
		-0.333956,
		0,
		0.84175,
		-0.697827,
		-1.480131,
		1
	},
	[0.916666666667] = {
		0.623193,
		0.344167,
		0.702268,
		0,
		0.771779,
		-0.125461,
		-0.623391,
		0,
		-0.126444,
		0.930489,
		-0.343807,
		0,
		0.85256,
		-0.703136,
		-1.471465,
		1
	},
	[0.925] = {
		0.630115,
		0.327575,
		0.704024,
		0,
		0.771304,
		-0.159314,
		-0.616205,
		0,
		-0.089692,
		0.931297,
		-0.353047,
		0,
		0.862537,
		-0.708325,
		-1.463026,
		1
	},
	[0.933333333333] = {
		0.636009,
		0.310857,
		0.706301,
		0,
		0.769826,
		-0.19215,
		-0.608643,
		0,
		-0.053485,
		0.930831,
		-0.361515,
		0,
		0.871662,
		-0.713346,
		-1.454904,
		1
	},
	[0.941666666667] = {
		0.640769,
		0.294086,
		0.709175,
		0,
		0.767522,
		-0.223689,
		-0.600727,
		0,
		-0.018031,
		0.929234,
		-0.36905,
		0,
		0.879923,
		-0.71815,
		-1.447191,
		1
	},
	[0.958333333333] = {
		0.646497,
		0.260707,
		0.716989,
		0,
		0.761288,
		-0.281827,
		-0.583965,
		0,
		0.049823,
		0.923366,
		-0.380674,
		0,
		0.893823,
		-0.726929,
		-1.433364,
		1
	},
	[0.95] = {
		0.644296,
		0.277342,
		0.712716,
		0,
		0.764599,
		-0.253665,
		-0.592488,
		0,
		0.016469,
		0.92668,
		-0.375491,
		0,
		0.887312,
		-0.722692,
		-1.439979,
		1
	},
	[0.966666666667] = {
		0.647288,
		0.244267,
		0.722047,
		0,
		0.757839,
		-0.307938,
		-0.575199,
		0,
		0.081844,
		0.919515,
		-0.38444,
		0,
		0.899457,
		-0.730817,
		-1.427439,
		1
	},
	[0.975] = {
		0.646589,
		0.2281,
		0.727938,
		0,
		0.754519,
		-0.331778,
		-0.566237,
		0,
		0.112355,
		0.915365,
		-0.38663,
		0,
		0.904215,
		-0.734317,
		-1.422299,
		1
	},
	[0.983333333333] = {
		0.644329,
		0.212281,
		0.734695,
		0,
		0.751603,
		-0.35314,
		-0.557122,
		0,
		0.141184,
		0.911169,
		-0.387089,
		0,
		0.908102,
		-0.73739,
		-1.418037,
		1
	},
	[0.991666666667] = {
		0.640443,
		0.19687,
		0.742344,
		0,
		0.749369,
		-0.371831,
		-0.547894,
		0,
		0.168162,
		0.907185,
		-0.385665,
		0,
		0.91112,
		-0.739998,
		-1.414747,
		1
	},
	[0.9] = {
		0.606711,
		0.376725,
		0.699986,
		0,
		0.769162,
		-0.055855,
		-0.636608,
		0,
		-0.200728,
		0.92464,
		-0.32365,
		0,
		0.830132,
		-0.692446,
		-1.488935,
		1
	},
	[1.00833333333] = {
		0.634679,
		0.182449,
		0.750929,
		0,
		0.748352,
		-0.387483,
		-0.538356,
		0,
		0.19275,
		0.903642,
		-0.382464,
		0,
		0.913823,
		-0.742119,
		-1.412154,
		1
	},
	[1.01666666667] = {
		0.634499,
		0.182949,
		0.75096,
		0,
		0.748593,
		-0.387315,
		-0.538141,
		0,
		0.192406,
		0.903613,
		-0.382706,
		0,
		0.914336,
		-0.742138,
		-1.411812,
		1
	},
	[1.025] = {
		0.634332,
		0.183413,
		0.750988,
		0,
		0.748816,
		-0.387162,
		-0.537941,
		0,
		0.192089,
		0.903584,
		-0.382932,
		0,
		0.91481,
		-0.74216,
		-1.411493,
		1
	},
	[1.03333333333] = {
		0.63418,
		0.183839,
		0.751012,
		0,
		0.749019,
		-0.387024,
		-0.537758,
		0,
		0.191799,
		0.903557,
		-0.383142,
		0,
		0.915242,
		-0.742185,
		-1.4112,
		1
	},
	[1.04166666667] = {
		0.634043,
		0.184224,
		0.751033,
		0,
		0.749201,
		-0.386902,
		-0.537591,
		0,
		0.191538,
		0.903531,
		-0.383333,
		0,
		0.915631,
		-0.742211,
		-1.410934,
		1
	},
	[1.05833333333] = {
		0.633817,
		0.184863,
		0.751067,
		0,
		0.749502,
		-0.386703,
		-0.537316,
		0,
		0.19111,
		0.903486,
		-0.383654,
		0,
		0.91627,
		-0.742262,
		-1.410492,
		1
	},
	[1.05] = {
		0.633922,
		0.184566,
		0.751052,
		0,
		0.749363,
		-0.386794,
		-0.537444,
		0,
		0.191308,
		0.903507,
		-0.383505,
		0,
		0.915975,
		-0.742237,
		-1.410698,
		1
	},
	[1.06666666667] = {
		0.63373,
		0.185111,
		0.751079,
		0,
		0.749617,
		-0.386628,
		-0.537208,
		0,
		0.190945,
		0.903467,
		-0.38378,
		0,
		0.916517,
		-0.742285,
		-1.41032,
		1
	},
	[1.075] = {
		0.633661,
		0.185308,
		0.751089,
		0,
		0.749709,
		-0.386569,
		-0.537123,
		0,
		0.190814,
		0.903452,
		-0.383881,
		0,
		0.916712,
		-0.742305,
		-1.410182,
		1
	},
	[1.08333333333] = {
		0.633611,
		0.185452,
		0.751096,
		0,
		0.749776,
		-0.386526,
		-0.537061,
		0,
		0.190719,
		0.903441,
		-0.383955,
		0,
		0.916854,
		-0.742321,
		-1.410082,
		1
	},
	[1.09166666667] = {
		0.63358,
		0.18554,
		0.7511,
		0,
		0.749816,
		-0.3865,
		-0.537022,
		0,
		0.190661,
		0.903434,
		-0.384,
		0,
		0.916941,
		-0.742331,
		-1.41002,
		1
	},
	{
		0.634872,
		0.181916,
		0.750895,
		0,
		0.748092,
		-0.387665,
		-0.538585,
		0,
		0.193119,
		0.903671,
		-0.382208,
		0,
		0.913272,
		-0.742105,
		-1.412518,
		1
	},
	[1.1] = {
		0.63357,
		0.18557,
		0.751101,
		0,
		0.74983,
		-0.386492,
		-0.537009,
		0,
		0.190642,
		0.903431,
		-0.384016,
		0,
		0.91697,
		-0.742335,
		-1.409999,
		1
	}
}

return spline_matrices
