-- chunkname: @content/characters/player/ogryn/first_person/animations/club_ogryn/heavy_swing_right_diagonal.lua

local spline_matrices = {
	[0.0166666666667] = {
		0.815396,
		0.070337,
		0.574614,
		0,
		-0.576432,
		0.190262,
		0.794686,
		0,
		-0.053431,
		-0.97921,
		0.195684,
		0,
		-0.742074,
		0.505835,
		0.052364,
		1,
	},
	[0.0333333333333] = {
		0.838563,
		0.069049,
		0.540411,
		0,
		-0.54421,
		0.152504,
		0.824972,
		0,
		-0.025451,
		-0.985888,
		0.165462,
		0,
		-0.73798,
		0.495859,
		0.063024,
		1,
	},
	[0.05] = {
		0.86263,
		0.068998,
		0.501107,
		0,
		-0.505816,
		0.10909,
		0.855716,
		0,
		0.004377,
		-0.991634,
		0.129005,
		0,
		-0.732022,
		0.482164,
		0.075609,
		1,
	},
	[0.0666666666667] = {
		0.886259,
		0.071503,
		0.457638,
		0,
		-0.461861,
		0.061619,
		0.884809,
		0,
		0.035068,
		-0.995535,
		0.087635,
		0,
		-0.72422,
		0.465007,
		0.089466,
		1,
	},
	[0.0833333333333] = {
		0.908245,
		0.077507,
		0.411198,
		0,
		-0.413256,
		0.011959,
		0.910536,
		0,
		0.065655,
		-0.99692,
		0.042892,
		0,
		-0.714665,
		0.444741,
		0.103971,
		1,
	},
	[0] = {
		0.79454,
		0.071288,
		0.603013,
		0,
		-0.602102,
		0.221061,
		0.767206,
		0,
		-0.07861,
		-0.972651,
		0.218565,
		0,
		-0.744332,
		0.511922,
		0.044284,
		1,
	},
	[0.116666666667] = {
		0.943601,
		0.101388,
		0.315178,
		0,
		-0.307356,
		-0.085645,
		0.947733,
		0,
		0.123082,
		-0.991154,
		-0.049652,
		0,
		-0.691118,
		0.396753,
		0.1328,
		1,
	},
	[0.133333333333] = {
		0.955888,
		0.118683,
		0.268687,
		0,
		-0.253399,
		-0.129423,
		0.958665,
		0,
		0.148552,
		-0.984461,
		-0.093639,
		0,
		-0.677775,
		0.370124,
		0.146327,
		1,
	},
	[0.15] = {
		0.964442,
		0.138383,
		0.225171,
		0,
		-0.201326,
		-0.167301,
		0.965131,
		0,
		0.171229,
		-0.976146,
		-0.133492,
		0,
		-0.66396,
		0.342513,
		0.15894,
		1,
	},
	[0.166666666667] = {
		0.969598,
		0.159157,
		0.185875,
		0,
		-0.153166,
		-0.197665,
		0.96823,
		0,
		0.190841,
		-0.967263,
		-0.167278,
		0,
		-0.650183,
		0.314487,
		0.170561,
		1,
	},
	[0.183333333333] = {
		0.971984,
		0.179454,
		0.151799,
		0,
		-0.110928,
		-0.219156,
		0.969364,
		0,
		0.207224,
		-0.959045,
		-0.193109,
		0,
		-0.636986,
		0.286576,
		0.181211,
		1,
	},
	[0.1] = {
		0.927596,
		0.087482,
		0.363199,
		0,
		-0.36124,
		-0.037835,
		0.931705,
		0,
		0.095249,
		-0.995447,
		-0.003494,
		0,
		-0.703538,
		0.421815,
		0.118569,
		1,
	},
	[0.216666666667] = {
		0.971912,
		0.212021,
		0.10215,
		0,
		-0.051743,
		-0.230914,
		0.971597,
		0,
		0.229587,
		-0.949593,
		-0.213457,
		0,
		-0.61454,
		0.232999,
		0.199991,
		1,
	},
	[0.233333333333] = {
		0.971298,
		0.221129,
		0.087645,
		0,
		-0.03815,
		-0.218875,
		0.975007,
		0,
		0.234786,
		-0.950366,
		-0.204157,
		0,
		-0.606344,
		0.208219,
		0.208314,
		1,
	},
	[0.25] = {
		0.970959,
		0.224308,
		0.083214,
		0,
		-0.040287,
		-0.189558,
		0.981043,
		0,
		0.235829,
		-0.955905,
		-0.175016,
		0,
		-0.606076,
		0.188695,
		0.21793,
		1,
	},
	[0.266666666667] = {
		0.971208,
		0.220585,
		0.089985,
		0,
		-0.059339,
		-0.141826,
		0.988112,
		0,
		0.230725,
		-0.965001,
		-0.124653,
		0,
		-0.616739,
		0.178211,
		0.230025,
		1,
	},
	[0.283333333333] = {
		0.972207,
		0.208616,
		0.106271,
		0,
		-0.09131,
		-0.08011,
		0.992595,
		0,
		0.215585,
		-0.974711,
		-0.058834,
		0,
		-0.634601,
		0.177167,
		0.243246,
		1,
	},
	[0.2] = {
		0.972442,
		0.197622,
		0.1237,
		0,
		-0.076529,
		-0.230605,
		0.970033,
		0,
		0.220225,
		-0.952768,
		-0.209127,
		0,
		-0.624924,
		0.259264,
		0.190983,
		1,
	},
	[0.316666666667] = {
		0.974128,
		0.15609,
		0.163432,
		0,
		-0.175545,
		0.067168,
		0.982177,
		0,
		0.142331,
		-0.985456,
		0.092832,
		0,
		-0.676249,
		0.204816,
		0.267639,
		1,
	},
	[0.333333333333] = {
		0.972664,
		0.113264,
		0.202723,
		0,
		-0.217978,
		0.144317,
		0.965224,
		0,
		0.080069,
		-0.983028,
		0.165061,
		0,
		-0.691919,
		0.234315,
		0.276574,
		1,
	},
	[0.35] = {
		0.967155,
		0.056936,
		0.247729,
		0,
		-0.254187,
		0.219231,
		0.94198,
		0,
		-0.000677,
		-0.97401,
		0.226503,
		0,
		-0.698633,
		0.275012,
		0.282309,
		1,
	},
	[0.366666666667] = {
		0.94539,
		0.014474,
		0.32562,
		0,
		-0.316505,
		0.279408,
		0.906507,
		0,
		-0.07786,
		-0.960063,
		0.26873,
		0,
		-0.696495,
		0.341509,
		0.275713,
		1,
	},
	[0.383333333333] = {
		0.911486,
		-0.027068,
		0.41044,
		0,
		-0.375525,
		0.35243,
		0.857189,
		0,
		-0.167854,
		-0.935447,
		0.31107,
		0,
		-0.680356,
		0.443206,
		0.257761,
		1,
	},
	[0.3] = {
		0.973501,
		0.187437,
		0.131012,
		0,
		-0.131675,
		-0.008965,
		0.991252,
		0,
		0.186972,
		-0.982236,
		0.015953,
		0,
		-0.655777,
		0.185914,
		0.256201,
		1,
	},
	[0.416666666667] = {
		0.819794,
		-0.122892,
		0.559317,
		0,
		-0.415853,
		0.543734,
		0.728986,
		0,
		-0.393706,
		-0.830212,
		0.394644,
		0,
		-0.596374,
		0.66842,
		0.21627,
		1,
	},
	[0.433333333333] = {
		0.761123,
		-0.115798,
		0.638187,
		0,
		-0.42756,
		0.650313,
		0.627921,
		0,
		-0.487733,
		-0.750789,
		0.445458,
		0,
		-0.564856,
		0.757703,
		0.186376,
		1,
	},
	[0.45] = {
		0.696653,
		-0.035434,
		0.716533,
		0,
		-0.456354,
		0.748765,
		0.480721,
		0,
		-0.553548,
		-0.661888,
		0.505459,
		0,
		-0.560532,
		0.841,
		0.133207,
		1,
	},
	[0.466666666667] = {
		0.638827,
		0.032263,
		0.768674,
		0,
		-0.423537,
		0.848841,
		0.316363,
		0,
		-0.642275,
		-0.527663,
		0.555927,
		0,
		-0.533272,
		0.939276,
		0.062537,
		1,
	},
	[0.483333333333] = {
		0.592009,
		0.01768,
		0.805738,
		0,
		-0.229506,
		0.962063,
		0.147517,
		0,
		-0.772563,
		-0.272252,
		0.573608,
		0,
		-0.427782,
		1.07337,
		-0.02507,
		1,
	},
	[0.4] = {
		0.868269,
		-0.071275,
		0.490947,
		0,
		-0.414124,
		0.440753,
		0.79639,
		0,
		-0.273149,
		-0.894794,
		0.353175,
		0,
		-0.647731,
		0.559298,
		0.235598,
		1,
	},
	[0.516666666667] = {
		0.335362,
		-0.215671,
		0.917071,
		0,
		0.724954,
		0.680745,
		-0.105014,
		0,
		-0.601643,
		0.700052,
		0.384647,
		0,
		0.340624,
		1.475106,
		-0.355664,
		1,
	},
	[0.533333333333] = {
		0.039536,
		-0.247274,
		0.968139,
		0,
		0.957705,
		0.285751,
		0.033874,
		0,
		-0.285023,
		0.925852,
		0.248113,
		0,
		1.009409,
		1.259732,
		-0.635056,
		1,
	},
	[0.55] = {
		0.590166,
		0.123588,
		0.797765,
		0,
		0.790353,
		-0.289772,
		-0.539792,
		0,
		0.164458,
		0.949083,
		-0.268692,
		0,
		1.489715,
		0.56517,
		-0.973459,
		1,
	},
	[0.566666666667] = {
		0.384844,
		-0.046666,
		0.921801,
		0,
		0.172657,
		-0.977451,
		-0.121566,
		0,
		0.906689,
		0.205939,
		-0.368109,
		0,
		1.529823,
		-0.160087,
		-1.043929,
		1,
	},
	[0.583333333333] = {
		0.379479,
		-0.114025,
		0.918147,
		0,
		0.087012,
		-0.98358,
		-0.158114,
		0,
		0.9211,
		0.13989,
		-0.363326,
		0,
		1.475112,
		-0.517389,
		-1.067351,
		1,
	},
	[0.5] = {
		0.479724,
		-0.119642,
		0.869224,
		0,
		0.319412,
		0.946499,
		-0.046004,
		0,
		-0.817215,
		0.29971,
		0.492273,
		0,
		0.046575,
		1.406777,
		-0.220818,
		1,
	},
	[0.616666666667] = {
		0.382011,
		-0.023402,
		0.923862,
		0,
		0.388328,
		-0.903077,
		-0.183447,
		0,
		0.838611,
		0.42884,
		-0.335898,
		0,
		1.44227,
		-0.921316,
		-1.106506,
		1,
	},
	[0.633333333333] = {
		0.370053,
		0.048638,
		0.927737,
		0,
		0.576502,
		-0.79511,
		-0.188269,
		0,
		0.728496,
		0.604512,
		-0.322272,
		0,
		1.433809,
		-1.025942,
		-1.124812,
		1,
	},
	[0.65] = {
		0.365459,
		0.093528,
		0.926117,
		0,
		0.69415,
		-0.690255,
		-0.204213,
		0,
		0.620158,
		0.717496,
		-0.317182,
		0,
		1.419017,
		-1.052568,
		-1.145522,
		1,
	},
	[0.666666666667] = {
		0.37926,
		0.11367,
		0.918281,
		0,
		0.753473,
		-0.613974,
		-0.235192,
		0,
		0.537067,
		0.781099,
		-0.318503,
		0,
		1.398537,
		-1.037847,
		-1.169308,
		1,
	},
	[0.683333333333] = {
		0.40182,
		0.12924,
		0.906553,
		0,
		0.793175,
		-0.543856,
		-0.274033,
		0,
		0.457618,
		0.829167,
		-0.321042,
		0,
		1.375407,
		-1.021798,
		-1.194672,
		1,
	},
	[0.6] = {
		0.38371,
		-0.089841,
		0.919073,
		0,
		0.196163,
		-0.964612,
		-0.17619,
		0,
		0.902378,
		0.247894,
		-0.352508,
		0,
		1.452242,
		-0.746473,
		-1.087957,
		1,
	},
	[0.716666666667] = {
		0.467643,
		0.152362,
		0.870687,
		0,
		0.825858,
		-0.426425,
		-0.368945,
		0,
		0.315069,
		0.891598,
		-0.325244,
		0,
		1.323045,
		-0.987742,
		-1.248558,
		1,
	},
	[0.733333333333] = {
		0.507437,
		0.161455,
		0.846428,
		0,
		0.823612,
		-0.37965,
		-0.421342,
		0,
		0.253319,
		0.910932,
		-0.325625,
		0,
		1.294525,
		-0.970441,
		-1.276256,
		1,
	},
	[0.75] = {
		0.54927,
		0.16931,
		0.818314,
		0,
		0.81175,
		-0.340612,
		-0.474391,
		0,
		0.198408,
		0.924834,
		-0.324525,
		0,
		1.264855,
		-0.95332,
		-1.303924,
		1,
	},
	[0.766666666667] = {
		0.591187,
		0.175933,
		0.787112,
		0,
		0.792355,
		-0.308883,
		-0.526084,
		0,
		0.150571,
		0.934686,
		-0.322009,
		0,
		1.234344,
		-0.936605,
		-1.331197,
		1,
	},
	[0.783333333333] = {
		0.631317,
		0.181199,
		0.75406,
		0,
		0.767687,
		-0.283904,
		-0.574504,
		0,
		0.109981,
		0.941576,
		-0.318338,
		0,
		1.203321,
		-0.920499,
		-1.357764,
		1,
	},
	[0.7] = {
		0.431826,
		0.141806,
		0.89074,
		0,
		0.816444,
		-0.481174,
		-0.319204,
		0,
		0.383335,
		0.86508,
		-0.32356,
		0,
		1.350114,
		-1.004965,
		-1.221225,
		1,
	},
	[0.816666666667] = {
		0.699632,
		0.18702,
		0.689593,
		0,
		0.712686,
		-0.251453,
		-0.654867,
		0,
		0.050926,
		0.949629,
		-0.309211,
		0,
		1.14118,
		-0.890885,
		-1.407858,
		1,
	},
	[0.833333333333] = {
		0.728648,
		0.185265,
		0.659355,
		0,
		0.683981,
		-0.246389,
		-0.686632,
		0,
		0.035249,
		0.951299,
		-0.306249,
		0,
		1.110375,
		-0.877443,
		-1.431522,
		1,
	},
	[0.85] = {
		0.757936,
		0.177706,
		0.627657,
		0,
		0.651588,
		-0.252083,
		-0.715463,
		0,
		0.031079,
		0.951249,
		-0.306854,
		0,
		1.079435,
		-0.864494,
		-1.454786,
		1,
	},
	[0.866666666667] = {
		0.787023,
		0.16463,
		0.594552,
		0,
		0.615853,
		-0.266418,
		-0.741449,
		0,
		0.036334,
		0.949694,
		-0.311065,
		0,
		1.048352,
		-0.851859,
		-1.47766,
		1,
	},
	[0.883333333333] = {
		0.815323,
		0.146449,
		0.560179,
		0,
		0.576933,
		-0.287287,
		-0.764601,
		0,
		0.048957,
		0.946583,
		-0.318723,
		0,
		1.017098,
		-0.83938,
		-1.50014,
		1,
	},
	[0.8] = {
		0.667956,
		0.184941,
		0.720854,
		0,
		0.740232,
		-0.265008,
		-0.617922,
		0,
		0.076753,
		0.946344,
		-0.313913,
		0,
		1.172143,
		-0.905197,
		-1.383378,
		1,
	},
	[0.916666666667] = {
		0.86713,
		0.097273,
		0.48849,
		0,
		0.490205,
		-0.340389,
		-0.802393,
		0,
		0.088225,
		0.93524,
		-0.342845,
		0,
		0.953983,
		-0.814343,
		-1.543875,
		1,
	},
	[0.933333333333] = {
		0.889593,
		0.068013,
		0.451663,
		0,
		0.443075,
		-0.368692,
		-0.81716,
		0,
		0.110947,
		0.92706,
		-0.35812,
		0,
		0.922125,
		-0.801567,
		-1.565117,
		1,
	},
	[0.95] = {
		0.909308,
		0.037113,
		0.414466,
		0,
		0.394214,
		-0.395761,
		-0.829439,
		0,
		0.133246,
		0.917603,
		-0.374499,
		0,
		0.890111,
		-0.788516,
		-1.585949,
		1,
	},
	[0.966666666667] = {
		0.926183,
		0.005883,
		0.377028,
		0,
		0.344451,
		-0.420029,
		-0.839601,
		0,
		0.153424,
		0.907492,
		-0.39105,
		0,
		0.858004,
		-0.775153,
		-1.606392,
		1,
	},
	[0.983333333333] = {
		0.940339,
		-0.02425,
		0.339375,
		0,
		0.294757,
		-0.440158,
		-0.848162,
		0,
		0.169946,
		0.897593,
		-0.40675,
		0,
		0.825881,
		-0.761476,
		-1.626481,
		1,
	},
	[0.9] = {
		0.842218,
		0.123741,
		0.524744,
		0,
		0.534967,
		-0.312616,
		-0.784909,
		0,
		0.066918,
		0.941785,
		-0.329488,
		0,
		0.985646,
		-0.826915,
		-1.522215,
		1,
	},
	{
		0.952088,
		-0.051772,
		0.301411,
		0,
		0.246174,
		-0.455041,
		-0.855766,
		0,
		0.181459,
		0.888964,
		-0.420494,
		0,
		0.793827,
		-0.74752,
		-1.646258,
		1,
	},
}

return spline_matrices
