local spline_matrices = {
	[0] = {
		0.986971,
		-0.153078,
		-0.049553,
		0,
		-0.058845,
		-0.056782,
		-0.996651,
		0,
		0.149752,
		0.986581,
		-0.06505,
		0,
		0.721682,
		-0.066049,
		-1.324613,
		1
	},
	{
		-0.058845,
		-0.056782,
		-0.996651,
		0,
		-0.986971,
		0.153078,
		0.049553,
		0,
		0.149752,
		0.986581,
		-0.06505,
		0,
		0.721682,
		-0.066049,
		-1.324613,
		1
	},
	[0.0166666666667] = {
		0.976914,
		-0.210754,
		-0.034959,
		0,
		-0.062785,
		-0.126821,
		-0.989937,
		0,
		0.2042,
		0.969278,
		-0.137125,
		0,
		0.715316,
		-0.0789,
		-1.322364,
		1
	},
	[0.0333333333333] = {
		0.961885,
		-0.272824,
		-0.018558,
		0,
		-0.074507,
		-0.19618,
		-0.977733,
		0,
		0.263108,
		0.94185,
		-0.20903,
		0,
		0.693307,
		-0.092955,
		-1.311933,
		1
	},
	[0.05] = {
		0.940506,
		-0.339774,
		0.001059,
		0,
		-0.094052,
		-0.263332,
		-0.96011,
		0,
		0.326499,
		0.90289,
		-0.279622,
		0,
		0.656904,
		-0.108011,
		-1.293604,
		1
	},
	[0.0666666666667] = {
		0.911089,
		-0.411423,
		0.025462,
		0,
		-0.121262,
		-0.326544,
		-0.937371,
		0,
		0.39397,
		0.850941,
		-0.347401,
		0,
		0.607314,
		-0.123751,
		-1.267658,
		1
	},
	[0.0833333333333] = {
		0.871728,
		-0.486762,
		0.056161,
		0,
		-0.155721,
		-0.383887,
		-0.910155,
		0,
		0.464588,
		0.784662,
		-0.410444,
		0,
		0.545707,
		-0.139729,
		-1.234394,
		1
	},
	[0.116666666667] = {
		0.755545,
		-0.639843,
		0.140545,
		0,
		-0.242884,
		-0.472853,
		-0.847005,
		0,
		0.608407,
		0.605814,
		-0.51267,
		0,
		0.391053,
		-0.169855,
		-1.147422,
		1
	},
	[0.133333333333] = {
		0.675675,
		-0.711102,
		0.194415,
		0,
		-0.292697,
		-0.500816,
		-0.814562,
		0,
		0.676603,
		0.493475,
		-0.546526,
		0,
		0.300385,
		-0.182381,
		-1.094752,
		1
	},
	[0.15] = {
		0.580364,
		-0.773571,
		0.254491,
		0,
		-0.343938,
		-0.516102,
		-0.784439,
		0,
		0.738163,
		0.367731,
		-0.565587,
		0,
		0.202553,
		-0.191974,
		-1.036923,
		1
	},
	[0.166666666667] = {
		0.470156,
		-0.823222,
		0.318211,
		0,
		-0.394077,
		-0.518416,
		-0.758912,
		0,
		0.78972,
		0.231407,
		-0.568149,
		0,
		0.099029,
		-0.197684,
		-0.974887,
		1
	},
	[0.183333333333] = {
		0.346748,
		-0.856593,
		0.382118,
		0,
		-0.440432,
		-0.508384,
		-0.739977,
		0,
		0.828122,
		0.088289,
		-0.553552,
		0,
		-0.008534,
		-0.198649,
		-0.909757,
		1
	},
	[0.1] = {
		0.820468,
		-0.563854,
		0.094339,
		0,
		-0.196662,
		-0.433318,
		-0.879523,
		0,
		0.536801,
		0.703068,
		-0.466412,
		0,
		0.473233,
		-0.155346,
		-1.194166,
		1
	},
	[0.216666666667] = {
		0.072318,
		-0.866016,
		0.494759,
		0,
		-0.511948,
		-0.457955,
		-0.726764,
		0,
		0.855967,
		-0.200732,
		-0.476473,
		0,
		-0.22828,
		-0.183817,
		-0.775123,
		1
	},
	[0.233333333333] = {
		-0.070982,
		-0.841074,
		0.536243,
		0,
		-0.533437,
		-0.422256,
		-0.732902,
		0,
		0.842856,
		-0.338074,
		-0.418687,
		0,
		-0.336376,
		-0.167338,
		-0.708056,
		1
	},
	[0.25] = {
		-0.212813,
		-0.797657,
		0.564317,
		0,
		-0.544155,
		-0.382941,
		-0.746493,
		0,
		0.811546,
		-0.465939,
		-0.352554,
		0,
		-0.440439,
		-0.144742,
		-0.642619,
		1
	},
	[0.266666666667] = {
		-0.349298,
		-0.737717,
		0.577723,
		0,
		-0.544124,
		-0.342254,
		-0.766022,
		0,
		0.762836,
		-0.581924,
		-0.281861,
		0,
		-0.53832,
		-0.116187,
		-0.579713,
		1
	},
	[0.283333333333] = {
		-0.477078,
		-0.66349,
		0.576349,
		0,
		-0.534058,
		-0.301959,
		-0.789685,
		0,
		0.697982,
		-0.684545,
		-0.210284,
		0,
		-0.627908,
		-0.081925,
		-0.520068,
		1
	},
	[0.2] = {
		0.212927,
		-0.871241,
		0.442269,
		0,
		-0.48044,
		-0.487506,
		-0.729051,
		0,
		0.850787,
		-0.057249,
		-0.522382,
		0,
		-0.1183,
		-0.194181,
		-0.842754,
		1
	},
	[0.316666666667] = {
		-0.696067,
		-0.480401,
		0.533578,
		0,
		-0.489156,
		-0.226696,
		-0.842221,
		0,
		0.525563,
		-0.847245,
		-0.077195,
		0,
		-0.774023,
		0.002657,
		-0.41273,
		1
	},
	[0.333333333333] = {
		-0.783335,
		-0.374597,
		0.496047,
		0,
		-0.457696,
		-0.192376,
		-0.868047,
		0,
		0.420595,
		-0.907011,
		-0.020757,
		0,
		-0.826575,
		0.052561,
		-0.365847,
		1
	},
	[0.35] = {
		-0.853041,
		-0.261053,
		0.451855,
		0,
		-0.42332,
		-0.160172,
		-0.891709,
		0,
		0.305158,
		-0.951943,
		0.026124,
		0,
		-0.863222,
		0.106761,
		-0.32311,
		1
	},
	[0.366666666667] = {
		-0.903673,
		-0.140625,
		0.404475,
		0,
		-0.388275,
		-0.129292,
		-0.912429,
		0,
		0.180606,
		-0.981585,
		0.062236,
		0,
		-0.882257,
		0.164796,
		-0.284217,
		1
	},
	[0.383333333333] = {
		-0.935887,
		-0.001133,
		0.352298,
		0,
		-0.350852,
		-0.087566,
		-0.932328,
		0,
		0.031906,
		-0.996158,
		0.081554,
		0,
		-0.878358,
		0.251758,
		-0.253476,
		1
	},
	[0.3] = {
		-0.593396,
		-0.577123,
		0.561079,
		0,
		-0.515201,
		-0.26324,
		-0.815642,
		0,
		0.618425,
		-0.773068,
		-0.141129,
		0,
		-0.707144,
		-0.042229,
		-0.464258,
		1
	},
	[0.416666666667] = {
		-0.901955,
		0.354231,
		0.246976,
		0,
		-0.255378,
		0.023646,
		-0.966552,
		0,
		-0.348223,
		-0.934859,
		0.069135,
		0,
		-0.792936,
		0.548886,
		-0.219561,
		1
	},
	[0.433333333333] = {
		-0.811997,
		0.545464,
		0.207678,
		0,
		-0.20125,
		0.07234,
		-0.976865,
		0,
		-0.547868,
		-0.835007,
		0.051035,
		0,
		-0.71389,
		0.732137,
		-0.211,
		1
	},
	[0.45] = {
		-0.667204,
		0.722164,
		0.182532,
		0,
		-0.150917,
		0.108909,
		-0.982529,
		0,
		-0.729426,
		-0.683094,
		0.036322,
		0,
		-0.613057,
		0.919314,
		-0.204829,
		1
	},
	[0.466666666667] = {
		-0.469945,
		0.865998,
		0.170879,
		0,
		-0.111584,
		0.133752,
		-0.984713,
		0,
		-0.875615,
		-0.481828,
		0.033776,
		0,
		-0.492793,
		1.095501,
		-0.199118,
		1
	},
	[0.483333333333] = {
		-0.225285,
		0.960724,
		0.162038,
		0,
		-0.08593,
		0.146073,
		-0.985535,
		0,
		-0.970496,
		-0.23595,
		0.049647,
		0,
		-0.355569,
		1.245528,
		-0.192414,
		1
	},
	[0.4] = {
		-0.940101,
		0.166909,
		0.297239,
		0,
		-0.30657,
		-0.032636,
		-0.951288,
		0,
		-0.149078,
		-0.985432,
		0.081851,
		0,
		-0.848236,
		0.38413,
		-0.232846,
		1
	},
	[0.516666666667] = {
		0.496839,
		0.86328,
		0.088868,
		0,
		-0.070427,
		0.142171,
		-0.987333,
		0,
		-0.86498,
		0.484287,
		0.131435,
		0,
		0.129976,
		1.450283,
		-0.198158,
		1
	},
	[0.533333333333] = {
		0.791642,
		0.609925,
		0.03598,
		0,
		-0.071782,
		0.151326,
		-0.985874,
		0,
		-0.606754,
		0.777877,
		0.163577,
		0,
		0.418955,
		1.457717,
		-0.207242,
		1
	},
	[0.55] = {
		0.953381,
		0.301613,
		-0.009663,
		0,
		-0.070272,
		0.190757,
		-0.979119,
		0,
		-0.293472,
		0.934153,
		0.203059,
		0,
		0.756066,
		1.41414,
		-0.215691,
		1
	},
	[0.566666666667] = {
		0.615523,
		-0.771098,
		0.162907,
		0,
		0.227812,
		-0.0238,
		-0.973414,
		0,
		0.754475,
		0.636271,
		0.161016,
		0,
		1.647961,
		0.459334,
		-0.317253,
		1
	},
	[0.583333333333] = {
		0.224702,
		-0.957363,
		0.181563,
		0,
		0.206634,
		-0.135275,
		-0.969022,
		0,
		0.952267,
		0.255258,
		0.167427,
		0,
		1.583611,
		0.334007,
		-0.369186,
		1
	},
	[0.5] = {
		0.10877,
		0.984606,
		0.13682,
		0,
		-0.073181,
		0.145194,
		-0.986693,
		0,
		-0.99137,
		0.09731,
		0.087847,
		0,
		-0.151628,
		1.370208,
		-0.190695,
		1
	},
	[0.616666666667] = {
		-0.187547,
		-0.970352,
		0.152454,
		0,
		0.09998,
		-0.17326,
		-0.979788,
		0,
		0.977154,
		-0.168514,
		0.12951,
		0,
		1.446476,
		0.169848,
		-0.497136,
		1
	},
	[0.633333333333] = {
		-0.262262,
		-0.957348,
		0.121258,
		0,
		0.049919,
		-0.138948,
		-0.989041,
		0,
		0.963705,
		-0.253335,
		0.084231,
		0,
		1.382814,
		0.104791,
		-0.568504,
		1
	},
	[0.65] = {
		-0.284795,
		-0.955342,
		0.078823,
		0,
		-0.00019,
		-0.082172,
		-0.996618,
		0,
		0.958588,
		-0.283847,
		0.023221,
		0,
		1.319851,
		0.045445,
		-0.643667,
		1
	},
	[0.666666666667] = {
		-0.267419,
		-0.963347,
		0.021217,
		0,
		-0.05628,
		-0.006366,
		-0.998395,
		0,
		0.961935,
		-0.268184,
		-0.052515,
		0,
		1.257435,
		-0.008456,
		-0.722322,
		1
	},
	[0.683333333333] = {
		-0.216601,
		-0.974589,
		-0.057107,
		0,
		-0.125326,
		0.08577,
		-0.988401,
		0,
		0.968183,
		-0.206932,
		-0.140719,
		0,
		1.196254,
		-0.055856,
		-0.804283,
		1
	},
	[0.6] = {
		-0.037369,
		-0.984083,
		0.173736,
		0,
		0.153626,
		-0.177448,
		-0.972066,
		0,
		0.987422,
		-0.009635,
		0.157812,
		0,
		1.512376,
		0.243298,
		-0.430207,
		1
	},
	[0.716666666667] = {
		-0.039126,
		-0.954132,
		-0.296818,
		0,
		-0.329071,
		0.292779,
		-0.897771,
		0,
		0.943494,
		0.062547,
		-0.325432,
		0,
		1.080335,
		-0.121983,
		-0.976381,
		1
	},
	[0.733333333333] = {
		0.062597,
		-0.887119,
		-0.457277,
		0,
		-0.46798,
		0.378594,
		-0.798537,
		0,
		0.881519,
		0.263982,
		-0.391454,
		0,
		1.024361,
		-0.13515,
		-1.062881,
		1
	},
	[0.75] = {
		0.143763,
		-0.765494,
		-0.627177,
		0,
		-0.619451,
		0.424635,
		-0.660276,
		0,
		0.771759,
		0.483429,
		-0.413139,
		0,
		0.96701,
		-0.133387,
		-1.144067,
		1
	},
	[0.766666666667] = {
		0.181588,
		-0.59785,
		-0.780769,
		0,
		-0.761604,
		0.416763,
		-0.496254,
		0,
		0.622081,
		0.684751,
		-0.379646,
		0,
		0.907283,
		-0.119698,
		-1.213646,
		1
	},
	[0.783333333333] = {
		0.167315,
		-0.413215,
		-0.895131,
		0,
		-0.872932,
		0.359919,
		-0.329314,
		0,
		0.458252,
		0.836488,
		-0.300489,
		0,
		0.8474,
		-0.100291,
		-1.266652,
		1
	},
	[0.7] = {
		-0.137606,
		-0.977146,
		-0.162018,
		0,
		-0.214514,
		0.189092,
		-0.958242,
		0,
		0.966979,
		-0.097104,
		-0.235632,
		0,
		1.137203,
		-0.094646,
		-0.889307,
		1
	},
	[0.816666666667] = {
		0.029543,
		-0.124308,
		-0.991804,
		0,
		-0.978994,
		0.196662,
		-0.05381,
		0,
		0.201739,
		0.972559,
		-0.115887,
		0,
		0.748962,
		-0.067303,
		-1.320324,
		1
	},
	[0.833333333333] = {
		-0.058277,
		-0.057365,
		-0.996651,
		0,
		-0.988447,
		0.143237,
		0.049553,
		0,
		0.139915,
		0.988024,
		-0.06505,
		0,
		0.722304,
		-0.058855,
		-1.324613,
		1
	},
	[0.85] = {
		-0.058358,
		-0.057283,
		-0.996651,
		0,
		-0.988244,
		0.144631,
		0.049553,
		0,
		0.141308,
		0.987826,
		-0.06505,
		0,
		0.72222,
		-0.059874,
		-1.324613,
		1
	},
	[0.866666666667] = {
		-0.058438,
		-0.057201,
		-0.996651,
		0,
		-0.988039,
		0.146028,
		0.049553,
		0,
		0.142704,
		0.987625,
		-0.06505,
		0,
		0.722135,
		-0.060894,
		-1.324613,
		1
	},
	[0.883333333333] = {
		-0.058517,
		-0.05712,
		-0.996651,
		0,
		-0.987836,
		0.147392,
		0.049553,
		0,
		0.144068,
		0.987427,
		-0.06505,
		0,
		0.72205,
		-0.061892,
		-1.324613,
		1
	},
	[0.8] = {
		0.110319,
		-0.246874,
		-0.962748,
		0,
		-0.944008,
		0.277009,
		-0.179205,
		0,
		0.310931,
		0.928611,
		-0.202491,
		0,
		0.792498,
		-0.081535,
		-1.301738,
		1
	},
	[0.916666666667] = {
		-0.058661,
		-0.056972,
		-0.996651,
		0,
		-0.987461,
		0.149883,
		0.049553,
		0,
		0.146558,
		0.987061,
		-0.06505,
		0,
		0.721892,
		-0.063713,
		-1.324613,
		1
	},
	[0.933333333333] = {
		-0.058722,
		-0.056909,
		-0.996651,
		0,
		-0.9873,
		0.15094,
		0.049553,
		0,
		0.147614,
		0.986904,
		-0.06505,
		0,
		0.721823,
		-0.064485,
		-1.324613,
		1
	},
	[0.95] = {
		-0.058773,
		-0.056857,
		-0.996651,
		0,
		-0.987165,
		0.151822,
		0.049553,
		0,
		0.148496,
		0.986771,
		-0.06505,
		0,
		0.721765,
		-0.065131,
		-1.324613,
		1
	},
	[0.966666666667] = {
		-0.058812,
		-0.056816,
		-0.996651,
		0,
		-0.987061,
		0.152497,
		0.049553,
		0,
		0.14917,
		0.986669,
		-0.06505,
		0,
		0.721721,
		-0.065624,
		-1.324613,
		1
	},
	[0.983333333333] = {
		-0.058837,
		-0.056791,
		-0.996651,
		0,
		-0.986994,
		0.152927,
		0.049553,
		0,
		0.149601,
		0.986604,
		-0.06505,
		0,
		0.721692,
		-0.065938,
		-1.324613,
		1
	},
	[0.9] = {
		-0.058592,
		-0.057043,
		-0.996651,
		0,
		-0.987642,
		0.148689,
		0.049553,
		0,
		0.145365,
		0.987237,
		-0.06505,
		0,
		0.721968,
		-0.06284,
		-1.324613,
		1
	}
}

return spline_matrices
