local spline_matrices = {
	[0] = {
		-0.439166,
		0.181809,
		0.879818,
		0,
		-0.896571,
		-0.026128,
		-0.442129,
		0,
		-0.057395,
		-0.982987,
		0.174479,
		0,
		0.069387,
		0.596302,
		-0.609005,
		1
	},
	{
		-0.262626,
		-0.203962,
		-0.943094,
		0,
		-0.956008,
		0.187372,
		0.2257,
		0,
		0.130675,
		0.960881,
		-0.244198,
		0,
		0.720997,
		-0.060544,
		-1.34157,
		1
	},
	[0.0333333333333] = {
		-0.579903,
		0.074255,
		0.811295,
		0,
		-0.814609,
		-0.039195,
		-0.578685,
		0,
		-0.011171,
		-0.996469,
		0.083218,
		0,
		-0.048385,
		0.551808,
		-0.582825,
		1
	},
	[0.0666666666667] = {
		-0.709566,
		-0.067934,
		0.701356,
		0,
		-0.700965,
		-0.033454,
		-0.712411,
		0,
		0.07186,
		-0.997129,
		-0.023882,
		0,
		-0.160376,
		0.505042,
		-0.564948,
		1
	},
	[0.133333333333] = {
		-0.859321,
		-0.33602,
		0.385562,
		0,
		-0.423448,
		0.044683,
		-0.904818,
		0,
		0.286809,
		-0.940794,
		-0.180684,
		0,
		-0.368036,
		0.406911,
		-0.543686,
		1
	},
	[0.166666666667] = {
		-0.88549,
		-0.407987,
		0.222384,
		0,
		-0.28403,
		0.096479,
		-0.953949,
		0,
		0.367744,
		-0.907876,
		-0.201311,
		0,
		-0.47112,
		0.354068,
		-0.52927,
		1
	},
	[0.1] = {
		-0.804884,
		-0.214895,
		0.553156,
		0,
		-0.565745,
		-0.003527,
		-0.824573,
		0,
		0.179148,
		-0.976631,
		-0.118737,
		0,
		-0.266228,
		0.45665,
		-0.553505,
		1
	},
	[0.233333333333] = {
		-0.93356,
		-0.357993,
		0.017531,
		0,
		-0.063232,
		0.116357,
		-0.991193,
		0,
		0.3528,
		-0.926446,
		-0.131263,
		0,
		-0.730818,
		0.15848,
		-0.457337,
		1
	},
	[0.266666666667] = {
		-0.994644,
		-0.092139,
		0.046845,
		0,
		-0.045148,
		-0.020418,
		-0.998772,
		0,
		0.092982,
		-0.995537,
		0.016148,
		0,
		-0.863885,
		0.245805,
		-0.332583,
		1
	},
	[0.2] = {
		-0.903481,
		-0.418285,
		0.0936,
		0,
		-0.160712,
		0.128139,
		-0.978648,
		0,
		0.39736,
		-0.899232,
		-0.182995,
		0,
		-0.595226,
		0.240278,
		-0.507686,
		1
	},
	[0.333333333333] = {
		-0.911509,
		0.376911,
		0.164586,
		0,
		-0.127032,
		0.122602,
		-0.984293,
		0,
		-0.39117,
		-0.918099,
		-0.063873,
		0,
		-0.821257,
		0.645384,
		-0.187611,
		1
	},
	[0.366666666667] = {
		-0.648712,
		0.709985,
		0.274034,
		0,
		-0.098285,
		0.278907,
		-0.955275,
		0,
		-0.754661,
		-0.646632,
		-0.11115,
		0,
		-0.637706,
		0.956535,
		-0.148353,
		1
	},
	[0.3] = {
		-0.980632,
		0.17832,
		0.081016,
		0,
		-0.085672,
		-0.018554,
		-0.996151,
		0,
		-0.176131,
		-0.983798,
		0.033472,
		0,
		-0.884906,
		0.419499,
		-0.239045,
		1
	},
	[0.433333333333] = {
		0.882334,
		-0.470051,
		0.02322,
		0,
		0.084328,
		0.109366,
		-0.990418,
		0,
		0.463007,
		0.875838,
		0.136136,
		0,
		1.270631,
		0.894608,
		-0.203746,
		1
	},
	[0.466666666667] = {
		0.46195,
		-0.884398,
		-0.066649,
		0,
		0.129799,
		0.141754,
		-0.981355,
		0,
		0.877356,
		0.444686,
		0.180278,
		0,
		1.646184,
		0.295183,
		-0.342605,
		1
	},
	[0.4] = {
		0.716323,
		0.683164,
		0.142015,
		0,
		0.045215,
		0.157654,
		-0.986459,
		0,
		-0.696302,
		0.713044,
		0.082042,
		0,
		0.233524,
		1.412746,
		-0.144065,
		1
	},
	[0.533333333333] = {
		0.214206,
		-0.822636,
		-0.526675,
		0,
		-0.397094,
		0.419286,
		-0.816404,
		0,
		0.892431,
		0.384018,
		-0.23685,
		0,
		1.309299,
		-0.021056,
		-0.873215,
		1
	},
	[0.566666666667] = {
		0.162022,
		-0.64808,
		-0.744138,
		0,
		-0.684749,
		0.469155,
		-0.557685,
		0,
		0.71054,
		0.599905,
		-0.367758,
		0,
		1.106768,
		-0.057862,
		-1.087849,
		1
	},
	[0.5] = {
		0.270389,
		-0.920967,
		-0.280551,
		0,
		-0.086572,
		0.266967,
		-0.959809,
		0,
		0.958851,
		0.28381,
		-0.007546,
		0,
		1.512447,
		0.093824,
		-0.599393,
		1
	},
	[0.633333333333] = {
		-0.250414,
		-0.21476,
		-0.944018,
		0,
		-0.960166,
		0.179977,
		0.213753,
		0,
		0.123996,
		0.959941,
		-0.251274,
		0,
		0.71196,
		-0.036291,
		-1.350016,
		1
	},
	[0.666666666667] = {
		-0.267585,
		-0.203206,
		-0.941863,
		0,
		-0.957586,
		0.164529,
		0.236555,
		0,
		0.106895,
		0.965214,
		-0.238613,
		0,
		0.708536,
		-0.035226,
		-1.349092,
		1
	},
	[0.6] = {
		-0.005966,
		-0.392651,
		-0.919668,
		0,
		-0.920121,
		0.3623,
		-0.148715,
		0,
		0.391589,
		0.845318,
		-0.363448,
		0,
		0.867697,
		-0.054898,
		-1.276656,
		1
	},
	[0.733333333333] = {
		-0.258754,
		-0.202739,
		-0.944427,
		0,
		-0.959354,
		0.167942,
		0.226792,
		0,
		0.112629,
		0.964724,
		-0.237954,
		0,
		0.722006,
		-0.038319,
		-1.341847,
		1
	},
	[0.766666666667] = {
		-0.259219,
		-0.202705,
		-0.944307,
		0,
		-0.958974,
		0.170211,
		0.226708,
		0,
		0.114777,
		0.964333,
		-0.238511,
		0,
		0.721899,
		-0.040702,
		-1.341834,
		1
	},
	[0.7] = {
		-0.262737,
		-0.202901,
		-0.943292,
		0,
		-0.958616,
		0.166004,
		0.231298,
		0,
		0.10966,
		0.965025,
		-0.238119,
		0,
		0.71585,
		-0.036442,
		-1.345193,
		1
	},
	[0.833333333333] = {
		-0.260268,
		-0.202907,
		-0.943975,
		0,
		-0.958096,
		0.175415,
		0.226456,
		0,
		0.119638,
		0.963358,
		-0.240059,
		0,
		0.721644,
		-0.046497,
		-1.341782,
		1
	},
	[0.866666666667] = {
		-0.26081,
		-0.203098,
		-0.943785,
		0,
		-0.95763,
		0.178137,
		0.226302,
		0,
		0.122161,
		0.962818,
		-0.240953,
		0,
		0.721505,
		-0.049633,
		-1.341745,
		1
	},
	[0.8] = {
		-0.259731,
		-0.202769,
		-0.944153,
		0,
		-0.958549,
		0.172738,
		0.226594,
		0,
		0.117145,
		0.963871,
		-0.239229,
		0,
		0.721777,
		-0.043474,
		-1.341812,
		1
	},
	[0.933333333333] = {
		-0.261828,
		-0.203553,
		-0.943405,
		0,
		-0.956732,
		0.183295,
		0.225978,
		0,
		0.126923,
		0.961753,
		-0.242737,
		0,
		0.721228,
		-0.055691,
		-1.341656,
		1
	},
	[0.966666666667] = {
		-0.262264,
		-0.203774,
		-0.943236,
		0,
		-0.956339,
		0.185521,
		0.225828,
		0,
		0.128972,
		0.961279,
		-0.243532,
		0,
		0.721103,
		-0.058337,
		-1.341611,
		1
	},
	[0.9] = {
		-0.261336,
		-0.203321,
		-0.943591,
		0,
		-0.957169,
		0.180799,
		0.226139,
		0,
		0.124621,
		0.962275,
		-0.241861,
		0,
		0.721364,
		-0.052744,
		-1.341702,
		1
	}
}

return spline_matrices
