-- chunkname: @content/characters/player/ogryn/first_person/animations/club_ogryn/swing_stab_punch.lua

local spline_matrices = {
	[0.0166666666667] = {
		0.064719,
		0.746856,
		0.661829,
		0,
		0.307812,
		0.615939,
		-0.72517,
		0,
		-0.949244,
		0.250651,
		-0.190028,
		0,
		0.586215,
		-0.240602,
		-1.042666,
		1
	},
	[0.0333333333333] = {
		0.000789,
		0.69428,
		0.719704,
		0,
		0.325726,
		0.680277,
		-0.656602,
		0,
		-0.945464,
		0.234944,
		-0.225608,
		0,
		0.614514,
		-0.228764,
		-1.019667,
		1
	},
	[0.05] = {
		-0.058992,
		0.634316,
		0.77082,
		0,
		0.332281,
		0.74061,
		-0.584026,
		0,
		-0.941334,
		0.221676,
		-0.254461,
		0,
		0.651094,
		-0.216322,
		-0.984579,
		1
	},
	[0.0666666666667] = {
		-0.116793,
		0.566789,
		0.815542,
		0,
		0.335431,
		0.795421,
		-0.504769,
		0,
		-0.934797,
		0.214605,
		-0.283018,
		0,
		0.694238,
		-0.202833,
		-0.93947,
		1
	},
	[0.0833333333333] = {
		-0.177851,
		0.493096,
		0.851602,
		0,
		0.34124,
		0.842605,
		-0.416621,
		0,
		-0.922997,
		0.216504,
		-0.318122,
		0,
		0.742246,
		-0.188237,
		-0.886374,
		1
	},
	[0] = {
		0.125519,
		0.793091,
		0.59603,
		0,
		0.283842,
		0.546959,
		-0.787572,
		0,
		-0.95062,
		0.268034,
		-0.156459,
		0,
		0.570801,
		-0.252466,
		-1.051894,
		1
	},
	[0.116666666667] = {
		-0.294899,
		0.330359,
		0.896603,
		0,
		0.335261,
		0.914452,
		-0.226666,
		0,
		-0.894782,
		0.233753,
		-0.380427,
		0,
		0.83547,
		-0.15513,
		-0.764273,
		1
	},
	[0.133333333333] = {
		-0.341736,
		0.24192,
		0.908125,
		0,
		0.31364,
		0.940258,
		-0.132455,
		0,
		-0.885916,
		0.23956,
		-0.397196,
		0,
		0.872492,
		-0.136548,
		-0.699798,
		1
	},
	[0.15] = {
		-0.373878,
		0.148629,
		0.915491,
		0,
		0.27507,
		0.960436,
		-0.04359,
		0,
		-0.885749,
		0.235527,
		-0.399969,
		0,
		0.898073,
		-0.117052,
		-0.635952,
		1
	},
	[0.166666666667] = {
		-0.384969,
		0.050566,
		0.921543,
		0,
		0.21828,
		0.975159,
		0.037678,
		0,
		-0.896746,
		0.215659,
		-0.386443,
		0,
		0.908355,
		-0.09838,
		-0.574874,
		1
	},
	[0.183333333333] = {
		-0.367674,
		-0.051682,
		0.928517,
		0,
		0.141446,
		0.98373,
		0.110765,
		0,
		-0.919135,
		0.172061,
		-0.354382,
		0,
		0.899719,
		-0.08201,
		-0.518414,
		1
	},
	[0.1] = {
		-0.238649,
		0.41413,
		0.878375,
		0,
		0.34308,
		0.882137,
		-0.322691,
		0,
		-0.908483,
		0.224343,
		-0.352602,
		0,
		0.790733,
		-0.172418,
		-0.827224,
		1
	},
	[0.216666666667] = {
		-0.083116,
		-0.250449,
		0.964555,
		0,
		-0.141788,
		0.961029,
		0.237315,
		0,
		-0.986402,
		-0.117038,
		-0.115388,
		0,
		0.800118,
		-0.01512,
		-0.398353,
		1
	},
	[0.233333333333] = {
		0.006477,
		-0.349769,
		0.936814,
		0,
		-0.255523,
		0.905153,
		0.339715,
		0,
		-0.966781,
		-0.241578,
		-0.083511,
		0,
		0.712092,
		0.084994,
		-0.33498,
		1
	},
	[0.25] = {
		-0.131917,
		-0.535806,
		0.833972,
		0,
		-0.341269,
		0.814441,
		0.469277,
		0,
		-0.930663,
		-0.222703,
		-0.290293,
		0,
		0.548181,
		0.306562,
		-0.2791,
		1
	},
	[0.266666666667] = {
		-0.270555,
		-0.66462,
		0.696477,
		0,
		-0.386558,
		0.737575,
		0.553675,
		0,
		-0.881688,
		-0.119429,
		-0.456469,
		0,
		0.360198,
		0.639536,
		-0.221453,
		1
	},
	[0.283333333333] = {
		-0.230057,
		-0.650291,
		0.724014,
		0,
		-0.291465,
		0.755859,
		0.58628,
		0,
		-0.928505,
		-0.076147,
		-0.363428,
		0,
		0.195434,
		1.174393,
		-0.171342,
		1
	},
	[0.2] = {
		-0.258179,
		-0.157559,
		0.953163,
		0,
		0.014107,
		0.985892,
		0.16679,
		0,
		-0.965994,
		0.056508,
		-0.252314,
		0,
		0.863833,
		-0.06088,
		-0.461914,
		1
	},
	[0.316666666667] = {
		-0.371364,
		-0.75521,
		0.540135,
		0,
		-0.206578,
		0.63436,
		0.744925,
		0,
		-0.905215,
		0.165059,
		-0.391589,
		0,
		0.150147,
		1.444914,
		-0.065171,
		1
	},
	[0.333333333333] = {
		-0.387195,
		-0.769692,
		0.507596,
		0,
		-0.194178,
		0.606266,
		0.771191,
		0,
		-0.901318,
		0.200037,
		-0.384201,
		0,
		0.138796,
		1.460984,
		-0.049578,
		1
	},
	[0.35] = {
		-0.362347,
		-0.779542,
		0.510899,
		0,
		-0.197757,
		0.599971,
		0.775194,
		0,
		-0.910822,
		0.179855,
		-0.371558,
		0,
		0.103061,
		1.475912,
		-0.06452,
		1
	},
	[0.366666666667] = {
		-0.295186,
		-0.780189,
		0.551517,
		0,
		-0.180101,
		0.612327,
		0.769818,
		0,
		-0.938312,
		0.127911,
		-0.321263,
		0,
		0.081966,
		1.482623,
		-0.085301,
		1
	},
	[0.383333333333] = {
		-0.22849,
		-0.783434,
		0.577947,
		0,
		-0.161353,
		0.615915,
		0.771112,
		0,
		-0.960082,
		0.082938,
		-0.26714,
		0,
		0.068284,
		1.490019,
		-0.087763,
		1
	},
	[0.3] = {
		-0.355982,
		-0.757225,
		0.54762,
		0,
		-0.286038,
		0.646174,
		0.707561,
		0,
		-0.88964,
		0.095239,
		-0.446621,
		0,
		0.097518,
		1.533939,
		-0.116356,
		1
	},
	[0.416666666667] = {
		-0.177539,
		-0.805351,
		0.565588,
		0,
		-0.166115,
		0.590996,
		0.789386,
		0,
		-0.969993,
		0.046194,
		-0.238706,
		0,
		0.049092,
		1.506099,
		-0.0853,
		1
	},
	[0.433333333333] = {
		-0.16736,
		-0.816129,
		0.553105,
		0,
		-0.178159,
		0.576817,
		0.797209,
		0,
		-0.969665,
		0.03488,
		-0.241936,
		0,
		0.041449,
		1.514432,
		-0.083812,
		1
	},
	[0.45] = {
		-0.158959,
		-0.824046,
		0.543765,
		0,
		-0.192952,
		0.566077,
		0.801452,
		0,
		-0.968247,
		0.022477,
		-0.248985,
		0,
		0.034055,
		1.522675,
		-0.08385,
		1
	},
	[0.466666666667] = {
		-0.15179,
		-0.82876,
		0.538625,
		0,
		-0.209981,
		0.559538,
		0.801764,
		0,
		-0.965851,
		0.008598,
		-0.258956,
		0,
		0.026275,
		1.530624,
		-0.086556,
		1
	},
	[0.483333333333] = {
		-0.145298,
		-0.829892,
		0.538673,
		0,
		-0.228743,
		0.557877,
		0.797778,
		0,
		-0.962583,
		-0.007302,
		-0.27089,
		0,
		0.017131,
		1.538045,
		-0.093085,
		1
	},
	[0.4] = {
		-0.190048,
		-0.792062,
		0.580103,
		0,
		-0.157319,
		0.607805,
		0.778347,
		0,
		-0.969089,
		0.056662,
		-0.240119,
		0,
		0.057605,
		1.49786,
		-0.087193,
		1
	},
	[0.516666666667] = {
		-0.135315,
		-0.821549,
		0.553848,
		0,
		-0.270784,
		0.568372,
		0.776936,
		0,
		-0.953082,
		-0.044842,
		-0.299371,
		0,
		-0.00454,
		1.550492,
		-0.115387,
		1
	},
	[0.533333333333] = {
		-0.132203,
		-0.811745,
		0.568852,
		0,
		-0.29353,
		0.58021,
		0.759735,
		0,
		-0.946764,
		-0.066536,
		-0.314976,
		0,
		-0.016054,
		1.555044,
		-0.130456,
		1
	},
	[0.55] = {
		-0.130695,
		-0.79742,
		0.589101,
		0,
		-0.316604,
		0.596655,
		0.737404,
		0,
		-0.939511,
		-0.090137,
		-0.330446,
		0,
		-0.026934,
		1.558102,
		-0.148475,
		1
	},
	[0.566666666667] = {
		-0.129637,
		-0.779919,
		0.612308,
		0,
		-0.344116,
		0.614526,
		0.709888,
		0,
		-0.929935,
		-0.118677,
		-0.348048,
		0,
		-0.038005,
		1.556961,
		-0.169715,
		1
	},
	[0.583333333333] = {
		-0.12971,
		-0.759927,
		0.636935,
		0,
		-0.378097,
		0.631735,
		0.676723,
		0,
		-0.916634,
		-0.153045,
		-0.369268,
		0,
		-0.0492,
		1.54948,
		-0.194505,
		1
	},
	[0.5] = {
		-0.139652,
		-0.827457,
		0.543887,
		0,
		-0.249055,
		0.560964,
		0.789488,
		0,
		-0.958368,
		-0.025204,
		-0.284422,
		0,
		0.006597,
		1.544732,
		-0.103027,
		1
	},
	[0.616666666667] = {
		-0.140616,
		-0.707938,
		0.692135,
		0,
		-0.453957,
		0.667366,
		0.590378,
		0,
		-0.879858,
		-0.231183,
		-0.415216,
		0,
		-0.0687,
		1.517423,
		-0.259033,
		1
	},
	[0.633333333333] = {
		-0.15256,
		-0.674897,
		0.721969,
		0,
		-0.490105,
		0.68603,
		0.537737,
		0,
		-0.858209,
		-0.271803,
		-0.435431,
		0,
		-0.075642,
		1.493528,
		-0.298087,
		1
	},
	[0.65] = {
		-0.168923,
		-0.636426,
		0.752613,
		0,
		-0.521453,
		0.705676,
		0.479695,
		0,
		-0.836392,
		-0.311421,
		-0.451071,
		0,
		-0.080813,
		1.464865,
		-0.340205,
		1
	},
	[0.666666666667] = {
		-0.189173,
		-0.591865,
		0.783523,
		0,
		-0.545621,
		0.726769,
		0.417259,
		0,
		-0.816401,
		-0.348572,
		-0.460419,
		0,
		-0.084604,
		1.431808,
		-0.384264,
		1
	},
	[0.683333333333] = {
		-0.212239,
		-0.540393,
		0.814205,
		0,
		-0.56057,
		0.749796,
		0.351521,
		0,
		-0.800447,
		-0.381813,
		-0.462064,
		0,
		-0.08661,
		1.394712,
		-0.429159,
		1
	},
	[0.6] = {
		-0.133128,
		-0.736109,
		0.663642,
		0,
		-0.415675,
		0.649333,
		0.636852,
		0,
		-0.899717,
		-0.191076,
		-0.392426,
		0,
		-0.05967,
		1.536182,
		-0.22415,
		1
	},
	[0.716666666667] = {
		-0.259524,
		-0.41238,
		0.873264,
		0,
		-0.556322,
		0.802977,
		0.213856,
		0,
		-0.7894,
		-0.430316,
		-0.437808,
		0,
		-0.084119,
		1.30975,
		-0.517255,
		1
	},
	[0.733333333333] = {
		-0.278355,
		-0.333188,
		0.900835,
		0,
		-0.534505,
		0.832991,
		0.142934,
		0,
		-0.798012,
		-0.441715,
		-0.409958,
		0,
		-0.079218,
		1.262718,
		-0.558515,
		1
	},
	[0.75] = {
		-0.282,
		-0.222818,
		0.933182,
		0,
		-0.481667,
		0.874076,
		0.063149,
		0,
		-0.829743,
		-0.431675,
		-0.353814,
		0,
		-0.070647,
		1.214152,
		-0.599023,
		1
	},
	[0.766666666667] = {
		-0.267074,
		-0.084852,
		0.959933,
		0,
		-0.407047,
		0.912827,
		-0.032561,
		0,
		-0.87349,
		-0.399434,
		-0.278331,
		0,
		-0.058893,
		1.157578,
		-0.641182,
		1
	},
	[0.783333333333] = {
		-0.255685,
		0.008237,
		0.966725,
		0,
		-0.367749,
		0.923962,
		-0.105137,
		0,
		-0.894084,
		-0.382394,
		-0.233214,
		0,
		-0.047974,
		1.087675,
		-0.68136,
		1
	},
	[0.7] = {
		-0.236459,
		-0.48098,
		0.844243,
		0,
		-0.564607,
		0.77515,
		0.283479,
		0,
		-0.790763,
		-0.409634,
		-0.454856,
		0,
		-0.086526,
		1.353918,
		-0.473824,
		1
	},
	[0.816666666667] = {
		-0.269517,
		0.154405,
		0.950536,
		0,
		-0.338428,
		0.908914,
		-0.243603,
		0,
		-0.901569,
		-0.387344,
		-0.192713,
		0,
		-0.013219,
		0.917603,
		-0.760903,
		1
	},
	[0.833333333333] = {
		-0.283264,
		0.221939,
		0.933008,
		0,
		-0.32985,
		0.890958,
		-0.31208,
		0,
		-0.900534,
		-0.396154,
		-0.179169,
		0,
		0.02349,
		0.823107,
		-0.798206,
		1
	},
	[0.85] = {
		-0.30107,
		0.285481,
		0.909867,
		0,
		-0.323833,
		0.866828,
		-0.379132,
		0,
		-0.896933,
		-0.40879,
		-0.168527,
		0,
		0.071665,
		0.725478,
		-0.832735,
		1
	},
	[0.866666666667] = {
		-0.32218,
		0.345014,
		0.88157,
		0,
		-0.318922,
		0.837234,
		-0.444216,
		0,
		-0.891341,
		-0.424269,
		-0.159708,
		0,
		0.128585,
		0.62704,
		-0.8637,
		1
	},
	[0.883333333333] = {
		-0.34587,
		0.400395,
		0.848562,
		0,
		-0.314343,
		0.802669,
		-0.506865,
		0,
		-0.88406,
		-0.442048,
		-0.151757,
		0,
		0.190994,
		0.530142,
		-0.892173,
		1
	},
	[0.8] = {
		-0.260246,
		0.083101,
		0.96196,
		0,
		-0.350651,
		0.920133,
		-0.174352,
		0,
		-0.89962,
		-0.382687,
		-0.210322,
		0,
		-0.035407,
		1.006579,
		-0.72166,
		1
	},
	[0.916666666667] = {
		-0.397526,
		0.498737,
		0.770218,
		0,
		-0.303178,
		0.72086,
		-0.623253,
		0,
		-0.866058,
		-0.481272,
		-0.135354,
		0,
		0.319747,
		0.350347,
		-0.944044,
		1
	},
	[0.933333333333] = {
		-0.423468,
		0.542112,
		0.725802,
		0,
		-0.295231,
		0.67486,
		-0.676315,
		0,
		-0.856454,
		-0.500677,
		-0.125733,
		0,
		0.379913,
		0.272045,
		-0.965958,
		1
	},
	[0.95] = {
		-0.448226,
		0.582,
		0.678506,
		0,
		-0.28527,
		0.626209,
		-0.725592,
		0,
		-0.847181,
		-0.518786,
		-0.114656,
		0,
		0.433025,
		0.204634,
		-0.984247,
		1
	},
	[0.966666666667] = {
		-0.470848,
		0.618834,
		0.628766,
		0,
		-0.273116,
		0.575452,
		-0.770884,
		0,
		-0.838874,
		-0.534695,
		-0.101937,
		0,
		0.475927,
		0.150504,
		-0.998229,
		1
	},
	[0.983333333333] = {
		-0.490396,
		0.653151,
		0.57698,
		0,
		-0.258722,
		0.523099,
		-0.812053,
		0,
		-0.832211,
		-0.547505,
		-0.087541,
		0,
		0.505467,
		0.112057,
		-1.007231,
		1
	},
	[0.9] = {
		-0.371358,
		0.451552,
		0.811292,
		0,
		-0.309427,
		0.76364,
		-0.566665,
		0,
		-0.875413,
		-0.461471,
		-0.143861,
		0,
		0.255692,
		0.437168,
		-0.919207,
		1
	},
	{
		-0.505937,
		0.685556,
		0.523489,
		0,
		-0.242159,
		0.469598,
		-0.849021,
		0,
		-0.827881,
		-0.556319,
		-0.071573,
		0,
		0.518481,
		0.091685,
		-1.010582,
		1
	}
}

return spline_matrices
