local spline_matrices = {
	[0] = {
		0.577069,
		0.493614,
		-0.650643,
		0,
		0.076337,
		0.760589,
		0.64473,
		0,
		0.81312,
		-0.421722,
		0.401231,
		0,
		0.726941,
		-0.215226,
		-0.218647,
		1
	},
	{
		0.507801,
		0.360692,
		-0.78233,
		0,
		-0.006276,
		-0.906556,
		-0.42204,
		0,
		-0.861452,
		0.219222,
		-0.458086,
		0,
		-0.009188,
		-0.826767,
		-1.223128,
		1
	},
	[0.0333333333333] = {
		0.571334,
		0.499554,
		-0.651171,
		0,
		0.054112,
		0.768761,
		0.637243,
		0,
		0.818932,
		-0.399315,
		0.412187,
		0,
		0.808768,
		-0.139469,
		-0.148821,
		1
	},
	[0.0666666666667] = {
		0.563781,
		0.506745,
		-0.652197,
		0,
		0.027646,
		0.777635,
		0.628107,
		0,
		0.825462,
		-0.372146,
		0.424406,
		0,
		0.896864,
		-0.062533,
		-0.078491,
		1
	},
	[0.133333333333] = {
		0.544886,
		0.523266,
		-0.655203,
		0,
		-0.03415,
		0.79459,
		0.606185,
		0,
		0.837814,
		-0.307927,
		0.450831,
		0,
		1.07426,
		0.097971,
		0.06184,
		1
	},
	[0.166666666667] = {
		0.534442,
		0.531846,
		-0.656896,
		0,
		-0.06741,
		0.801549,
		0.594117,
		0,
		0.842513,
		-0.27324,
		0.464233,
		0,
		1.155269,
		0.182046,
		0.131128,
		1
	},
	[0.1] = {
		0.554821,
		0.514779,
		-0.653587,
		0,
		-0.00211,
		0.786458,
		0.61764,
		0,
		0.831967,
		-0.3413,
		0.43743,
		0,
		0.986778,
		0.016454,
		-0.008137,
		1
	},
	[0.233333333333] = {
		0.514061,
		0.548021,
		-0.659859,
		0,
		-0.133141,
		0.810943,
		0.569775,
		0,
		0.847358,
		-0.205045,
		0.489839,
		0,
		1.282801,
		0.355813,
		0.266874,
		1
	},
	[0.266666666667] = {
		0.505225,
		0.555081,
		-0.660782,
		0,
		-0.163336,
		0.813357,
		0.558365,
		0,
		0.847389,
		-0.174171,
		0.501593,
		0,
		1.32239,
		0.443635,
		0.33323,
		1
	},
	[0.2] = {
		0.523988,
		0.540193,
		-0.658504,
		0,
		-0.100785,
		0.807035,
		0.58184,
		0,
		0.845741,
		-0.238509,
		0.47732,
		0,
		1.22598,
		0.26826,
		0.199509,
		1
	},
	[0.333333333333] = {
		0.523391,
		0.514006,
		-0.679603,
		0,
		0.228453,
		0.683721,
		0.693062,
		0,
		0.820896,
		-0.518,
		0.240427,
		0,
		1.416175,
		0.608276,
		0.458761,
		1
	},
	[0.366666666667] = {
		0.493935,
		0.554263,
		-0.669941,
		0,
		0.062376,
		0.745918,
		0.663111,
		0,
		0.867258,
		-0.369322,
		0.333862,
		0,
		1.407166,
		0.683306,
		0.520408,
		1
	},
	[0.3] = {
		0.520947,
		0.528758,
		-0.670097,
		0,
		0.081731,
		0.750529,
		0.655764,
		0,
		0.849667,
		-0.396386,
		0.34777,
		0,
		1.388887,
		0.524816,
		0.404327,
		1
	},
	[0.433333333333] = {
		0.46794,
		0.434196,
		-0.769744,
		0,
		-0.152069,
		0.897555,
		0.413847,
		0,
		0.870578,
		-0.076602,
		0.48603,
		0,
		1.219047,
		0.914534,
		0.544159,
		1
	},
	[0.466666666667] = {
		0.460574,
		0.290995,
		-0.838566,
		0,
		-0.219876,
		0.952693,
		0.209834,
		0,
		0.859957,
		0.087737,
		0.502769,
		0,
		0.958372,
		1.078271,
		0.43877,
		1
	},
	[0.4] = {
		0.453959,
		0.563859,
		-0.689916,
		0,
		-0.164735,
		0.814061,
		0.556926,
		0,
		0.875662,
		-0.139169,
		0.462437,
		0,
		1.336823,
		0.771859,
		0.550257,
		1
	},
	[0.533333333333] = {
		0.373615,
		0.144692,
		-0.916229,
		0,
		-0.925991,
		0.116036,
		-0.359271,
		0,
		0.054332,
		0.982649,
		0.177336,
		0,
		-0.23831,
		1.273008,
		-0.278945,
		1
	},
	[0.566666666667] = {
		0.434451,
		0.093629,
		-0.895816,
		0,
		-0.676956,
		-0.622111,
		-0.39333,
		0,
		-0.594124,
		0.777311,
		-0.206894,
		0,
		-0.880993,
		0.646728,
		-0.711238,
		1
	},
	[0.5] = {
		0.397549,
		0.228066,
		-0.888786,
		0,
		-0.668459,
		0.735531,
		-0.110258,
		0,
		0.628583,
		0.63795,
		0.444863,
		0,
		0.39784,
		1.297465,
		0.125472,
		1
	},
	[0.633333333333] = {
		0.441075,
		0.235296,
		-0.866076,
		0,
		-0.066497,
		-0.953799,
		-0.292994,
		0,
		-0.895003,
		0.186824,
		-0.405051,
		0,
		-0.995514,
		-0.377298,
		-0.952817,
		1
	},
	[0.666666666667] = {
		0.522599,
		0.355561,
		-0.774898,
		0,
		-0.040233,
		-0.89759,
		-0.438992,
		0,
		-0.851629,
		0.260593,
		-0.454774,
		0,
		-0.84877,
		-0.489776,
		-0.965061,
		1
	},
	[0.6] = {
		0.386193,
		0.13087,
		-0.913087,
		0,
		-0.197605,
		-0.955166,
		-0.220479,
		0,
		-0.901004,
		0.265578,
		-0.343018,
		0,
		-1.073077,
		-0.092941,
		-0.905609,
		1
	},
	[0.733333333333] = {
		0.526211,
		0.356292,
		-0.772113,
		0,
		-0.039753,
		-0.89669,
		-0.440871,
		0,
		-0.849424,
		0.262684,
		-0.457685,
		0,
		-0.675131,
		-0.662604,
		-1.007023,
		1
	},
	[0.766666666667] = {
		0.525778,
		0.356407,
		-0.772354,
		0,
		-0.038949,
		-0.896949,
		-0.440416,
		0,
		-0.84973,
		0.261643,
		-0.457714,
		0,
		-0.592254,
		-0.711842,
		-1.031215,
		1
	},
	[0.7] = {
		0.525203,
		0.356085,
		-0.772895,
		0,
		-0.040054,
		-0.896893,
		-0.44043,
		0,
		-0.850034,
		0.262273,
		-0.456788,
		0,
		-0.760286,
		-0.590309,
		-0.984852,
		1
	},
	[0.833333333333] = {
		0.522691,
		0.357212,
		-0.774076,
		0,
		-0.033238,
		-0.898755,
		-0.437191,
		0,
		-0.851874,
		0.254244,
		-0.457898,
		0,
		-0.427277,
		-0.761753,
		-1.085117,
		1
	},
	[0.866666666667] = {
		0.520283,
		0.357819,
		-0.775417,
		0,
		-0.028814,
		-0.900117,
		-0.434695,
		0,
		-0.853508,
		0.248507,
		-0.458005,
		0,
		-0.3448,
		-0.771872,
		-1.113628,
		1
	},
	[0.8] = {
		0.524564,
		0.356727,
		-0.773032,
		0,
		-0.036697,
		-0.897667,
		-0.439143,
		0,
		-0.85058,
		0.258727,
		-0.457793,
		0,
		-0.509711,
		-0.74333,
		-1.05745,
		1
	},
	[0.933333333333] = {
		0.514356,
		0.35924,
		-0.778707,
		0,
		-0.018029,
		-0.903301,
		-0.428627,
		0,
		-0.857388,
		0.234507,
		-0.458141,
		0,
		-0.178898,
		-0.786577,
		-1.170718,
		1
	},
	[0.966666666667] = {
		0.511091,
		0.359978,
		-0.780514,
		0,
		-0.012153,
		-0.904957,
		-0.42533,
		0,
		-0.859441,
		0.226868,
		-0.45814,
		0,
		-0.094783,
		-0.800995,
		-1.197904,
		1
	},
	[0.9] = {
		0.517463,
		0.358508,
		-0.776984,
		0,
		-0.023664,
		-0.901661,
		-0.431795,
		0,
		-0.855379,
		0.241824,
		-0.458092,
		0,
		-0.262099,
		-0.778517,
		-1.142382,
		1
	},
	[1.03333333333] = {
		0.504623,
		0.361352,
		-0.784079,
		0,
		-0.000639,
		-0.908036,
		-0.418891,
		0,
		-0.86334,
		0.211883,
		-0.457985,
		0,
		-0.004863,
		-0.831049,
		-1.220248,
		1
	},
	[1.06666666667] = {
		0.501697,
		0.361936,
		-0.785686,
		0,
		0.004514,
		-0.909345,
		-0.416018,
		0,
		-0.865032,
		0.205168,
		-0.457849,
		0,
		-0.000909,
		-0.834923,
		-1.21761,
		1
	},
	[1.1] = {
		0.499167,
		0.362421,
		-0.787072,
		0,
		0.008942,
		-0.910435,
		-0.413554,
		0,
		-0.866459,
		0.199394,
		-0.457701,
		0,
		0.00249,
		-0.83822,
		-1.21534,
		1
	}
}

return spline_matrices
