local spline_matrices = {
	[0] = {
		0.706705,
		-0.462452,
		-0.53545,
		0,
		-0.69632,
		-0.588683,
		-0.410598,
		0,
		-0.125328,
		0.663016,
		-0.73804,
		0,
		-0.384003,
		-0.080428,
		-0.818643,
		1
	},
	{
		0.97985,
		0.078361,
		0.183723,
		0,
		0.184776,
		-0.704901,
		-0.684815,
		0,
		0.075844,
		0.704964,
		-0.705176,
		0,
		0.788378,
		-0.214562,
		-0.551448,
		1
	},
	[0.0166666666667] = {
		0.699372,
		-0.507855,
		-0.502954,
		0,
		-0.708946,
		-0.582439,
		-0.397695,
		0,
		-0.090968,
		0.634703,
		-0.767383,
		0,
		-0.38766,
		-0.080125,
		-0.812998,
		1
	},
	[0.0333333333333] = {
		0.692346,
		-0.553348,
		-0.463102,
		0,
		-0.719589,
		-0.576954,
		-0.386413,
		0,
		-0.053368,
		0.600775,
		-0.797635,
		0,
		-0.395929,
		-0.080466,
		-0.798947,
		1
	},
	[0.05] = {
		0.683987,
		-0.599353,
		-0.415858,
		0,
		-0.72937,
		-0.572391,
		-0.374683,
		0,
		-0.013466,
		0.559593,
		-0.828658,
		0,
		-0.408509,
		-0.081391,
		-0.777042,
		1
	},
	[0.0666666666667] = {
		0.672565,
		-0.645961,
		-0.361095,
		0,
		-0.739518,
		-0.568374,
		-0.360644,
		0,
		0.027725,
		0.509593,
		-0.859969,
		0,
		-0.425131,
		-0.082747,
		-0.747865,
		1
	},
	[0.0833333333333] = {
		0.656334,
		-0.69282,
		-0.298707,
		0,
		-0.751309,
		-0.563973,
		-0.342738,
		0,
		0.068993,
		0.449372,
		-0.890677,
		0,
		-0.445542,
		-0.084279,
		-0.71204,
		1
	},
	[0.116666666667] = {
		0.603093,
		-0.783148,
		-0.151517,
		0,
		-0.784326,
		-0.547609,
		-0.291473,
		0,
		0.145294,
		0.294625,
		-0.944503,
		0,
		-0.496669,
		-0.086334,
		-0.623262,
		1
	},
	[0.133333333333] = {
		0.563783,
		-0.823134,
		-0.06782,
		0,
		-0.806915,
		-0.531432,
		-0.257816,
		0,
		0.176175,
		0.200077,
		-0.963811,
		0,
		-0.526721,
		-0.085868,
		-0.571955,
		1
	},
	[0.15] = {
		0.515511,
		-0.856625,
		0.021029,
		0,
		-0.833448,
		-0.506962,
		-0.219895,
		0,
		0.199028,
		0.095832,
		-0.975297,
		0,
		-0.559155,
		-0.08367,
		-0.517336,
		1
	},
	[0.166666666667] = {
		0.458987,
		-0.881213,
		0.113112,
		0,
		-0.862887,
		-0.472473,
		-0.179433,
		0,
		0.21156,
		-0.015245,
		-0.977246,
		0,
		-0.593594,
		-0.079165,
		-0.460567,
		1
	},
	[0.183333333333] = {
		0.395894,
		-0.894888,
		0.206021,
		0,
		-0.893482,
		-0.427179,
		-0.138594,
		0,
		0.212034,
		-0.129207,
		-0.968683,
		0,
		-0.629008,
		-0.072033,
		-0.402771,
		1
	},
	[0.1] = {
		0.63364,
		-0.73904,
		-0.228736,
		0,
		-0.765937,
		-0.557705,
		-0.319853,
		0,
		0.108817,
		0.377869,
		-0.919442,
		0,
		-0.469485,
		-0.085626,
		-0.670249,
		1
	},
	[0.216666666667] = {
		0.277671,
		-0.869608,
		0.408267,
		0,
		-0.947993,
		-0.31686,
		-0.030162,
		0,
		0.155592,
		-0.378659,
		-0.912364,
		0,
		-0.697278,
		-0.04969,
		-0.281551,
		1
	},
	[0.233333333333] = {
		0.222924,
		-0.837856,
		0.4983,
		0,
		-0.969174,
		-0.245499,
		0.02079,
		0,
		0.104913,
		-0.487573,
		-0.866756,
		0,
		-0.728918,
		-0.031478,
		-0.222386,
		1
	},
	[0.25] = {
		0.175596,
		-0.79643,
		0.578676,
		0,
		-0.983541,
		-0.167342,
		0.068138,
		0,
		0.042569,
		-0.581117,
		-0.812706,
		0,
		-0.757417,
		-0.009181,
		-0.165795,
		1
	},
	[0.266666666667] = {
		0.138367,
		-0.748308,
		0.64876,
		0,
		-0.989981,
		-0.085893,
		0.112069,
		0,
		-0.028138,
		-0.657767,
		-0.752696,
		0,
		-0.781931,
		0.016618,
		-0.112776,
		1
	},
	[0.283333333333] = {
		0.113263,
		-0.696492,
		0.708569,
		0,
		-0.988123,
		-0.004426,
		0.153599,
		0,
		-0.103845,
		-0.717551,
		-0.688721,
		0,
		-0.801733,
		0.04532,
		-0.064163,
		1
	},
	[0.2] = {
		0.336547,
		-0.889155,
		0.310063,
		0,
		-0.921914,
		-0.378201,
		-0.083893,
		0,
		0.19186,
		-0.257617,
		-0.947007,
		0,
		-0.663477,
		-0.063336,
		-0.342116,
		1
	},
	[0.316666666667] = {
		0.104887,
		-0.592352,
		0.798823,
		0,
		-0.960378,
		0.148227,
		0.236014,
		0,
		-0.258211,
		-0.791926,
		-0.553335,
		0,
		-0.824721,
		0.109322,
		0.017045,
		1
	},
	[0.333333333333] = {
		0.12343,
		-0.544406,
		0.829691,
		0,
		-0.935265,
		0.215673,
		0.280651,
		0,
		-0.33173,
		-0.810622,
		-0.482543,
		0,
		-0.826763,
		0.143763,
		0.048374,
		1
	},
	[0.35] = {
		0.158948,
		-0.501509,
		0.850426,
		0,
		-0.902765,
		0.274887,
		0.330835,
		0,
		-0.399688,
		-0.820321,
		-0.409052,
		0,
		-0.821752,
		0.178928,
		0.073444,
		1
	},
	[0.366666666667] = {
		0.23744,
		-0.480256,
		0.844379,
		0,
		-0.846056,
		0.324856,
		0.422679,
		0,
		-0.477296,
		-0.814753,
		-0.32919,
		0,
		-0.795255,
		0.292897,
		0.101964,
		1
	},
	[0.383333333333] = {
		0.362915,
		-0.452371,
		0.814649,
		0,
		-0.762135,
		0.358914,
		0.538824,
		0,
		-0.536137,
		-0.81642,
		-0.214512,
		0,
		-0.748222,
		0.502077,
		0.120619,
		1
	},
	[0.3] = {
		0.101752,
		-0.643719,
		0.758467,
		0,
		-0.978123,
		0.074323,
		0.194298,
		0,
		-0.181445,
		-0.761645,
		-0.622074,
		0,
		-0.816189,
		0.076377,
		-0.020674,
		1
	},
	[0.416666666667] = {
		0.54214,
		-0.321423,
		0.776384,
		0,
		-0.584271,
		0.519847,
		0.623207,
		0,
		-0.603914,
		-0.791483,
		0.094032,
		0,
		-0.591522,
		0.922047,
		0.072871,
		1
	},
	[0.433333333333] = {
		0.547767,
		-0.21784,
		0.807773,
		0,
		-0.386262,
		0.790597,
		0.47514,
		0,
		-0.742127,
		-0.572278,
		0.34892,
		0,
		-0.416166,
		1.119098,
		0.012196,
		1
	},
	[0.45] = {
		0.536219,
		-0.15856,
		0.829053,
		0,
		-0.113627,
		0.959698,
		0.257038,
		0,
		-0.836396,
		-0.232031,
		0.496592,
		0,
		-0.213504,
		1.26992,
		-0.06046,
		1
	},
	[0.466666666667] = {
		0.519473,
		-0.093644,
		0.84934,
		0,
		0.163891,
		0.986442,
		0.008521,
		0,
		-0.838623,
		0.134773,
		0.527777,
		0,
		-0.006711,
		1.369318,
		-0.140473,
		1
	},
	[0.483333333333] = {
		0.528318,
		-0.026418,
		0.848635,
		0,
		0.406895,
		0.885138,
		-0.225759,
		0,
		-0.745195,
		0.464578,
		0.478384,
		0,
		0.191932,
		1.394815,
		-0.221418,
		1
	},
	[0.4] = {
		0.458179,
		-0.405004,
		0.791229,
		0,
		-0.684826,
		0.406629,
		0.604703,
		0,
		-0.566644,
		-0.818917,
		-0.091049,
		0,
		-0.695499,
		0.719252,
		0.10759,
		1
	},
	[0.516666666667] = {
		0.545973,
		-0.022539,
		0.837499,
		0,
		0.697513,
		0.565976,
		-0.439484,
		0,
		-0.464099,
		0.824113,
		0.324729,
		0,
		0.600734,
		1.335372,
		-0.388028,
		1
	},
	[0.533333333333] = {
		0.562015,
		-0.048656,
		0.825695,
		0,
		0.796707,
		0.300088,
		-0.524601,
		0,
		-0.222256,
		0.95267,
		0.207419,
		0,
		0.8502,
		1.292194,
		-0.45098,
		1
	},
	[0.55] = {
		0.556819,
		-0.122669,
		0.821526,
		0,
		0.826487,
		-0.016883,
		-0.562703,
		0,
		0.082896,
		0.992304,
		0.091984,
		0,
		1.102767,
		1.159165,
		-0.524791,
		1
	},
	[0.566666666667] = {
		0.502381,
		-0.229498,
		0.833633,
		0,
		0.76795,
		-0.324608,
		-0.552162,
		0,
		0.397324,
		0.917584,
		0.013166,
		0,
		1.323023,
		0.901858,
		-0.636456,
		1
	},
	[0.583333333333] = {
		0.386363,
		-0.332718,
		0.860246,
		0,
		0.621977,
		-0.594718,
		-0.509368,
		0,
		0.681079,
		0.731854,
		-0.022834,
		0,
		1.494977,
		0.662076,
		-0.727009,
		1
	},
	[0.5] = {
		0.547321,
		-0.005911,
		0.836902,
		0,
		0.550566,
		0.755678,
		-0.354724,
		0,
		-0.630331,
		0.654917,
		0.416853,
		0,
		0.382576,
		1.364133,
		-0.295559,
		1
	},
	[0.616666666667] = {
		0.172194,
		-0.164307,
		0.971263,
		0,
		0.432519,
		-0.873252,
		-0.224407,
		0,
		0.885029,
		0.458732,
		-0.079303,
		0,
		1.624396,
		0.306666,
		-0.739513,
		1
	},
	[0.633333333333] = {
		0.121592,
		-0.086596,
		0.988795,
		0,
		0.331267,
		-0.935529,
		-0.122667,
		0,
		0.935669,
		0.342471,
		-0.085067,
		0,
		1.641993,
		0.187324,
		-0.709424,
		1
	},
	[0.65] = {
		0.095748,
		-0.038338,
		0.994667,
		0,
		0.259057,
		-0.963864,
		-0.062088,
		0,
		0.961104,
		0.26362,
		-0.082356,
		0,
		1.647197,
		0.11882,
		-0.690561,
		1
	},
	[0.666666666667] = {
		0.077307,
		-0.005145,
		0.996994,
		0,
		0.208208,
		-0.977855,
		-0.021191,
		0,
		0.975025,
		0.209221,
		-0.074524,
		0,
		1.648906,
		0.075812,
		-0.687226,
		1
	},
	[0.683333333333] = {
		0.06764,
		0.015201,
		0.997594,
		0,
		0.172571,
		-0.984992,
		0.003308,
		0,
		0.982672,
		0.171932,
		-0.069248,
		0,
		1.654485,
		0.034452,
		-0.687194,
		1
	},
	[0.6] = {
		0.264099,
		-0.258382,
		0.929242,
		0,
		0.541999,
		-0.757178,
		-0.36458,
		0,
		0.797802,
		0.599933,
		-0.059927,
		0,
		1.586688,
		0.477494,
		-0.755179,
		1
	},
	[0.716666666667] = {
		0.069172,
		0.022946,
		0.997341,
		0,
		0.133107,
		-0.991009,
		0.013569,
		0,
		0.988685,
		0.131815,
		-0.071605,
		0,
		1.672052,
		-0.062793,
		-0.692599,
		1
	},
	[0.733333333333] = {
		0.080453,
		0.011976,
		0.996686,
		0,
		0.126759,
		-0.991932,
		0.001687,
		0,
		0.988665,
		0.126203,
		-0.081322,
		0,
		1.679849,
		-0.116797,
		-0.697543,
		1
	},
	[0.75] = {
		0.100003,
		-0.007932,
		0.994956,
		0,
		0.129535,
		-0.991354,
		-0.020922,
		0,
		0.986519,
		0.130974,
		-0.098111,
		0,
		1.68485,
		-0.168282,
		-0.704523,
		1
	},
	[0.766666666667] = {
		0.129321,
		-0.035514,
		0.990967,
		0,
		0.141367,
		-0.98849,
		-0.053873,
		0,
		0.981474,
		0.147057,
		-0.122812,
		0,
		1.686777,
		-0.21222,
		-0.713937,
		1
	},
	[0.783333333333] = {
		0.173381,
		-0.069399,
		0.982407,
		0,
		0.161993,
		-0.981918,
		-0.097954,
		0,
		0.971441,
		0.176127,
		-0.159003,
		0,
		1.68621,
		-0.243604,
		-0.729247,
		1
	},
	[0.7] = {
		0.065103,
		0.024175,
		0.997586,
		0,
		0.148457,
		-0.988816,
		0.014274,
		0,
		0.986774,
		0.147169,
		-0.067964,
		0,
		1.662851,
		-0.010967,
		-0.689265,
		1
	},
	[0.816666666667] = {
		0.307429,
		-0.139132,
		0.941345,
		0,
		0.210517,
		-0.954796,
		-0.209872,
		0,
		0.927992,
		0.26269,
		-0.264242,
		0,
		1.541999,
		-0.266397,
		-0.707539,
		1
	},
	[0.833333333333] = {
		0.39006,
		-0.166723,
		0.90557,
		0,
		0.228965,
		-0.935018,
		-0.270768,
		0,
		0.891868,
		0.31296,
		-0.32654,
		0,
		1.465537,
		-0.265668,
		-0.688614,
		1
	},
	[0.85] = {
		0.476276,
		-0.174366,
		0.861834,
		0,
		0.243576,
		-0.915622,
		-0.319856,
		0,
		0.844886,
		0.362262,
		-0.393617,
		0,
		1.38774,
		-0.261308,
		-0.665436,
		1
	},
	[0.866666666667] = {
		0.564479,
		-0.174604,
		0.806769,
		0,
		0.254919,
		-0.892723,
		-0.371567,
		0,
		0.785098,
		0.415403,
		-0.459414,
		0,
		1.303644,
		-0.255963,
		-0.643794,
		1
	},
	[0.883333333333] = {
		0.650435,
		-0.165961,
		0.741209,
		0,
		0.26188,
		-0.867004,
		-0.423936,
		0,
		0.712988,
		0.469851,
		-0.520468,
		0,
		1.216279,
		-0.249904,
		-0.623778,
		1
	},
	[0.8] = {
		0.233984,
		-0.105609,
		0.966488,
		0,
		0.187058,
		-0.97062,
		-0.151346,
		0,
		0.954076,
		0.216202,
		-0.207354,
		0,
		1.619789,
		-0.259141,
		-0.721769,
		1
	},
	[0.916666666667] = {
		0.80076,
		-0.121066,
		0.586624,
		0,
		0.260595,
		-0.811404,
		-0.523176,
		0,
		0.539328,
		0.571809,
		-0.618191,
		0,
		1.044463,
		-0.236989,
		-0.589225,
		1
	},
	[0.933333333333] = {
		0.859919,
		-0.086797,
		0.502997,
		0,
		0.252497,
		-0.784088,
		-0.566967,
		0,
		0.443605,
		0.614551,
		-0.652336,
		0,
		0.966632,
		-0.230834,
		-0.575207,
		1
	},
	[0.95] = {
		0.90682,
		-0.047244,
		0.418862,
		0,
		0.240126,
		-0.758796,
		-0.605449,
		0,
		0.346435,
		0.649613,
		-0.676747,
		0,
		0.898708,
		-0.225299,
		-0.56388,
		1
	},
	[0.966666666667] = {
		0.94165,
		-0.004876,
		0.336558,
		0,
		0.224231,
		-0.736626,
		-0.638046,
		0,
		0.251028,
		0.676283,
		-0.692551,
		0,
		0.844104,
		-0.220631,
		-0.555751,
		1
	},
	[0.983333333333] = {
		0.965455,
		0.037782,
		0.257817,
		0,
		0.205568,
		-0.71845,
		-0.664509,
		0,
		0.160122,
		0.694552,
		-0.701398,
		0,
		0.806213,
		-0.217011,
		-0.5514,
		1
	},
	[0.9] = {
		0.730241,
		-0.147938,
		0.66698,
		0,
		0.26382,
		-0.839484,
		-0.475043,
		0,
		0.630196,
		0.522858,
		-0.573997,
		0,
		1.128797,
		-0.243461,
		-0.605518,
		1
	}
}

return spline_matrices
