local spline_matrices = {
	[0] = {
		-0.30028,
		-0.633951,
		0.712698,
		0,
		-0.918145,
		-0.010418,
		-0.396107,
		0,
		0.258537,
		-0.773303,
		-0.578931,
		0,
		-0.656541,
		-0.084466,
		-0.829864,
		1
	},
	{
		0.979896,
		0.0798,
		0.182855,
		0,
		0.150633,
		-0.896891,
		-0.415807,
		0,
		0.13082,
		0.434992,
		-0.890881,
		0,
		1.159065,
		-0.096954,
		-1.511804,
		1
	},
	[0.0333333333333] = {
		-0.263159,
		-0.633007,
		0.728045,
		0,
		-0.948361,
		0.031215,
		-0.315654,
		0,
		0.177085,
		-0.773516,
		-0.608534,
		0,
		-0.694402,
		-0.075456,
		-0.759616,
		1
	},
	[0.0666666666667] = {
		-0.233537,
		-0.641356,
		0.730837,
		0,
		-0.967911,
		0.081619,
		-0.237668,
		0,
		0.09278,
		-0.76289,
		-0.639837,
		0,
		-0.732908,
		-0.073489,
		-0.690411,
		1
	},
	[0.133333333333] = {
		-0.187183,
		-0.668799,
		0.719493,
		0,
		-0.979051,
		0.186768,
		-0.081101,
		0,
		-0.080137,
		-0.719601,
		-0.689748,
		0,
		-0.805919,
		-0.075046,
		-0.553158,
		1
	},
	[0.166666666667] = {
		-0.162436,
		-0.680344,
		0.714666,
		0,
		-0.972454,
		0.233092,
		0.00087,
		0,
		-0.167175,
		-0.694838,
		-0.699466,
		0,
		-0.837111,
		-0.070861,
		-0.484158,
		1
	},
	[0.1] = {
		-0.209348,
		-0.65465,
		0.726366,
		0,
		-0.977818,
		0.135053,
		-0.160101,
		0,
		0.006712,
		-0.74377,
		-0.668402,
		0,
		-0.770606,
		-0.074644,
		-0.621756,
		1
	},
	[0.233333333333] = {
		-0.081017,
		-0.683905,
		0.725059,
		0,
		-0.936732,
		0.300791,
		0.179049,
		0,
		-0.340544,
		-0.66468,
		-0.665004,
		0,
		-0.879261,
		-0.033245,
		-0.332485,
		1
	},
	[0.266666666667] = {
		-0.009241,
		-0.669069,
		0.743143,
		0,
		-0.905416,
		0.321033,
		0.277775,
		0,
		-0.424424,
		-0.670287,
		-0.608753,
		0,
		-0.889173,
		0.008452,
		-0.234046,
		1
	},
	[0.2] = {
		-0.129358,
		-0.686357,
		0.715668,
		0,
		-0.958478,
		0.271521,
		0.087155,
		0,
		-0.254139,
		-0.674677,
		-0.692982,
		0,
		-0.862238,
		-0.058261,
		-0.414297,
		1
	},
	[0.333333333333] = {
		0.340935,
		-0.544701,
		0.766201,
		0,
		-0.81196,
		0.240151,
		0.532023,
		0,
		-0.473797,
		-0.80351,
		-0.3604,
		0,
		-0.875079,
		0.110474,
		-0.016768,
		1
	},
	[0.366666666667] = {
		0.60652,
		-0.369462,
		0.704011,
		0,
		-0.701265,
		0.168655,
		0.692664,
		0,
		-0.374648,
		-0.913813,
		-0.156798,
		0,
		-0.831211,
		0.197465,
		0.084453,
		1
	},
	[0.3] = {
		0.094986,
		-0.635653,
		0.766109,
		0,
		-0.860751,
		0.334165,
		0.383982,
		0,
		-0.500086,
		-0.695902,
		-0.515397,
		0,
		-0.891437,
		0.071311,
		-0.128053,
		1
	},
	[0.433333333333] = {
		0.4493,
		-0.197822,
		0.871204,
		0,
		0.022992,
		0.977414,
		0.210081,
		0,
		-0.893085,
		-0.074359,
		0.4437,
		0,
		-0.39931,
		1.244376,
		0.094775,
		1
	},
	[0.466666666667] = {
		0.574569,
		-0.048428,
		0.817022,
		0,
		0.66564,
		0.608493,
		-0.432042,
		0,
		-0.47623,
		0.79208,
		0.381856,
		0,
		0.405409,
		1.545659,
		-0.333161,
		1
	},
	[0.4] = {
		0.693454,
		-0.26783,
		0.668871,
		0,
		-0.547217,
		0.408117,
		0.730749,
		0,
		-0.468694,
		-0.872759,
		0.136449,
		0,
		-0.784192,
		0.495564,
		0.148377,
		1
	},
	[0.533333333333] = {
		0.543902,
		-0.083688,
		0.834966,
		0,
		0.822633,
		-0.143267,
		-0.550227,
		0,
		0.16567,
		0.986139,
		-0.009079,
		0,
		1.391851,
		0.967239,
		-0.901427,
		1
	},
	[0.566666666667] = {
		0.493788,
		-0.05328,
		0.867948,
		0,
		0.774374,
		-0.427161,
		-0.466774,
		0,
		0.395624,
		0.902604,
		-0.169669,
		0,
		1.525193,
		0.691164,
		-0.959608,
		1
	},
	[0.5] = {
		0.515824,
		-0.056431,
		0.854834,
		0,
		0.851423,
		0.144296,
		-0.50424,
		0,
		-0.094895,
		0.987924,
		0.122478,
		0,
		1.130939,
		1.273794,
		-0.725396,
		1
	},
	[0.633333333333] = {
		0.368084,
		0.075231,
		0.926744,
		0,
		0.530564,
		-0.835512,
		-0.142904,
		0,
		0.763555,
		0.544298,
		-0.347454,
		0,
		1.645439,
		0.221686,
		-0.958768,
		1
	},
	[0.666666666667] = {
		0.308253,
		0.061087,
		0.949341,
		0,
		0.341151,
		-0.938658,
		-0.050373,
		0,
		0.888029,
		0.339396,
		-0.310184,
		0,
		1.697908,
		0.066277,
		-0.984315,
		1
	},
	[0.6] = {
		0.421828,
		0.022461,
		0.906398,
		0,
		0.676478,
		-0.673418,
		-0.298138,
		0,
		0.603688,
		0.738921,
		-0.299261,
		0,
		1.596809,
		0.430828,
		-0.957978,
		1
	},
	[0.733333333333] = {
		0.147578,
		-0.015348,
		0.988931,
		0,
		-0.066485,
		-0.997772,
		-0.005563,
		0,
		0.986813,
		-0.064928,
		-0.148269,
		0,
		1.692347,
		-0.12134,
		-1.024002,
		1
	},
	[0.766666666667] = {
		0.141413,
		-0.041795,
		0.989068,
		0,
		-0.175248,
		-0.984385,
		-0.016541,
		0,
		0.974315,
		-0.170993,
		-0.14653,
		0,
		1.654255,
		-0.167378,
		-1.055689,
		1
	},
	[0.7] = {
		0.221508,
		0.021317,
		0.974925,
		0,
		0.123084,
		-0.992377,
		-0.006266,
		0,
		0.96736,
		0.121385,
		-0.222443,
		0,
		1.733982,
		-0.048953,
		-1.013432,
		1
	},
	[0.833333333333] = {
		0.383788,
		-0.103472,
		0.917606,
		0,
		-0.149776,
		-0.987519,
		-0.048712,
		0,
		0.911194,
		-0.11874,
		-0.394495,
		0,
		1.582721,
		-0.20486,
		-1.194472,
		1
	},
	[0.866666666667] = {
		0.575587,
		-0.119098,
		0.809021,
		0,
		-0.067153,
		-0.99288,
		-0.098388,
		0,
		0.814979,
		0.002303,
		-0.579486,
		0,
		1.533194,
		-0.198752,
		-1.295167,
		1
	},
	[0.8] = {
		0.229029,
		-0.070206,
		0.970885,
		0,
		-0.192985,
		-0.980873,
		-0.025403,
		0,
		0.954098,
		-0.181548,
		-0.238197,
		0,
		1.620281,
		-0.195039,
		-1.112966,
		1
	},
	[0.933333333333] = {
		0.888294,
		-0.039367,
		0.457584,
		0,
		0.09905,
		-0.956452,
		-0.274568,
		0,
		0.448466,
		0.289221,
		-0.845712,
		0,
		1.316689,
		-0.136439,
		-1.429713,
		1
	},
	[0.966666666667] = {
		0.955756,
		0.02998,
		0.292628,
		0,
		0.139448,
		-0.922088,
		-0.360983,
		0,
		0.259006,
		0.385818,
		-0.885472,
		0,
		1.22074,
		-0.108755,
		-1.478733,
		1
	},
	[0.9] = {
		0.757966,
		-0.097285,
		0.644998,
		0,
		0.025608,
		-0.983615,
		-0.178452,
		0,
		0.651791,
		0.151777,
		-0.743056,
		0,
		1.427548,
		-0.170235,
		-1.367376,
		1
	},
	[1.03333333333] = {
		0.985261,
		0.097234,
		0.140732,
		0,
		0.149713,
		-0.888134,
		-0.434516,
		0,
		0.082739,
		0.449182,
		-0.889601,
		0,
		1.150512,
		-0.103695,
		-1.522923,
		1
	},
	[1.06666666667] = {
		0.984784,
		0.094768,
		0.145666,
		0,
		0.149508,
		-0.889301,
		-0.432192,
		0,
		0.088583,
		0.447395,
		-0.889939,
		0,
		1.181367,
		-0.119349,
		-1.515625,
		1
	},
	[1.13333333333] = {
		0.97985,
		0.078361,
		0.183723,
		0,
		0.149586,
		-0.897433,
		-0.415015,
		0,
		0.132358,
		0.434135,
		-0.891071,
		0,
		1.241919,
		-0.142513,
		-1.494915,
		1
	},
	[1.1] = {
		0.981925,
		0.08448,
		0.169373,
		0,
		0.149655,
		-0.894392,
		-0.421504,
		0,
		0.115878,
		0.439233,
		-0.890869,
		0,
		1.221774,
		-0.135148,
		-1.502218,
		1
	}
}

return spline_matrices
