local spline_matrices = {
	[0] = {
		0.97301,
		-0.104535,
		-0.20573,
		0,
		-0.230753,
		-0.431746,
		-0.87198,
		0,
		0.00233,
		0.895917,
		-0.444215,
		0,
		0.181607,
		-0.42311,
		-1.312142,
		1
	},
	{
		0.746345,
		-0.646411,
		-0.158503,
		0,
		-0.248877,
		-0.050183,
		-0.967234,
		0,
		0.617276,
		0.761338,
		-0.19833,
		0,
		0.594036,
		-0.47817,
		-1.453238,
		1
	},
	[0.0166666666667] = {
		0.982398,
		0.068041,
		-0.173965,
		0,
		-0.138512,
		-0.359515,
		-0.922802,
		0,
		-0.125331,
		0.930655,
		-0.343763,
		0,
		0.170201,
		-0.352709,
		-1.308181,
		1
	},
	[0.0333333333333] = {
		0.902156,
		0.431312,
		-0.009137,
		0,
		0.134933,
		-0.302223,
		-0.943639,
		0,
		-0.409765,
		0.850077,
		-0.330851,
		0,
		0.145819,
		-0.205757,
		-1.271203,
		1
	},
	[0.05] = {
		-0.545973,
		0.711239,
		0.442778,
		0,
		0.18226,
		0.616673,
		-0.76583,
		0,
		-0.817737,
		-0.337422,
		-0.466318,
		0,
		-0.319242,
		0.640747,
		-1.020418,
		1
	},
	[0.0666666666667] = {
		-0.702594,
		0.07044,
		0.708096,
		0,
		-0.452673,
		0.723539,
		-0.521132,
		0,
		-0.549044,
		-0.68668,
		-0.476468,
		0,
		-0.607807,
		0.86358,
		-0.879756,
		1
	},
	[0.0833333333333] = {
		-0.385116,
		-0.319107,
		0.865943,
		0,
		-0.843158,
		0.503137,
		-0.189572,
		0,
		-0.375194,
		-0.803134,
		-0.462824,
		0,
		-0.715996,
		0.86259,
		-0.747659,
		1
	},
	[0.116666666667] = {
		-0.118047,
		-0.597423,
		0.79319,
		0,
		-0.96621,
		0.253419,
		0.047076,
		0,
		-0.229134,
		-0.760831,
		-0.607152,
		0,
		-0.767292,
		0.855821,
		-0.515747,
		1
	},
	[0.133333333333] = {
		-0.078961,
		-0.661582,
		0.745704,
		0,
		-0.969787,
		0.224184,
		0.096205,
		0,
		-0.230822,
		-0.715577,
		-0.659296,
		0,
		-0.760035,
		0.83543,
		-0.403803,
		1
	},
	[0.15] = {
		-0.083964,
		-0.704436,
		0.704783,
		0,
		-0.962953,
		0.239254,
		0.124416,
		0,
		-0.256266,
		-0.668227,
		-0.698427,
		0,
		-0.741486,
		0.808278,
		-0.293399,
		1
	},
	[0.166666666667] = {
		-0.116901,
		-0.730528,
		0.672802,
		0,
		-0.948951,
		0.281999,
		0.141313,
		0,
		-0.292963,
		-0.621937,
		-0.726201,
		0,
		-0.715918,
		0.778122,
		-0.185658,
		1
	},
	[0.183333333333] = {
		-0.159985,
		-0.741502,
		0.651598,
		0,
		-0.930011,
		0.334491,
		0.152299,
		0,
		-0.330884,
		-0.581628,
		-0.743119,
		0,
		-0.687168,
		0.748496,
		-0.082713,
		1
	},
	[0.1] = {
		-0.216801,
		-0.496514,
		0.840518,
		0,
		-0.938433,
		0.343217,
		-0.039311,
		0,
		-0.268961,
		-0.797293,
		-0.540355,
		0,
		-0.756987,
		0.866097,
		-0.62931,
		1
	},
	[0.216666666667] = {
		-0.193415,
		-0.735022,
		0.649872,
		0,
		-0.906317,
		0.387525,
		0.168563,
		0,
		-0.375739,
		-0.556388,
		-0.741116,
		0,
		-0.640437,
		0.702711,
		0.09818,
		1
	},
	[0.233333333333] = {
		-0.172325,
		-0.713284,
		0.67936,
		0,
		-0.909496,
		0.38009,
		0.168369,
		0,
		-0.378312,
		-0.588861,
		-0.714229,
		0,
		-0.623726,
		0.687302,
		0.174626,
		1
	},
	[0.25] = {
		-0.153688,
		-0.662816,
		0.73284,
		0,
		-0.912493,
		0.379762,
		0.152111,
		0,
		-0.379127,
		-0.645334,
		-0.66318,
		0,
		-0.603566,
		0.673029,
		0.245355,
		1
	},
	[0.266666666667] = {
		-0.13645,
		-0.585753,
		0.798921,
		0,
		-0.91581,
		0.38208,
		0.123719,
		0,
		-0.377721,
		-0.714779,
		-0.588573,
		0,
		-0.58121,
		0.659721,
		0.310175,
		1
	},
	[0.283333333333] = {
		-0.119795,
		-0.486336,
		0.865521,
		0,
		-0.919728,
		0.382634,
		0.087705,
		0,
		-0.373832,
		-0.785537,
		-0.493134,
		0,
		-0.557701,
		0.647124,
		0.368902,
		1
	},
	[0.2] = {
		-0.192813,
		-0.740911,
		0.643331,
		0,
		-0.912297,
		0.37677,
		0.160493,
		0,
		-0.361299,
		-0.555964,
		-0.748577,
		0,
		-0.660457,
		0.722601,
		0.01291,
		1
	},
	[0.316666666667] = {
		-0.085325,
		-0.256629,
		0.962736,
		0,
		-0.929733,
		0.3679,
		0.015668,
		0,
		-0.358212,
		-0.893751,
		-0.269988,
		0,
		-0.511588,
		0.623803,
		0.468824,
		1
	},
	[0.333333333333] = {
		-0.065733,
		-0.151329,
		0.986295,
		0,
		-0.935717,
		0.352655,
		-0.008254,
		0,
		-0.346573,
		-0.923436,
		-0.164783,
		0,
		-0.491301,
		0.613823,
		0.511108,
		1
	},
	[0.35] = {
		-0.042815,
		-0.069245,
		0.99668,
		0,
		-0.942075,
		0.33496,
		-0.017198,
		0,
		-0.332657,
		-0.939685,
		-0.079576,
		0,
		-0.474277,
		0.606024,
		0.549068,
		1
	},
	[0.366666666667] = {
		-0.014573,
		-0.020927,
		0.999675,
		0,
		-0.948323,
		0.317224,
		-0.007184,
		0,
		-0.316971,
		-0.94812,
		-0.024468,
		0,
		-0.46149,
		0.601336,
		0.583176,
		1
	},
	[0.383333333333] = {
		0.020639,
		-0.027973,
		0.999396,
		0,
		-0.957089,
		0.288453,
		0.027839,
		0,
		-0.289057,
		-0.957085,
		-0.020819,
		0,
		-0.463414,
		0.588096,
		0.61785,
		1
	},
	[0.3] = {
		-0.103009,
		-0.372715,
		0.922211,
		0,
		-0.924368,
		0.378261,
		0.049625,
		0,
		-0.367332,
		-0.84735,
		-0.383491,
		0,
		-0.534093,
		0.635091,
		0.421627,
		1
	},
	[0.416666666667] = {
		0.117156,
		-0.14417,
		0.982593,
		0,
		-0.96862,
		0.201796,
		0.145099,
		0,
		-0.219203,
		-0.968759,
		-0.116004,
		0,
		-0.491132,
		0.552481,
		0.669889,
		1
	},
	[0.433333333333] = {
		0.174757,
		-0.183783,
		0.967308,
		0,
		-0.961881,
		0.178011,
		0.207597,
		0,
		-0.210344,
		-0.966714,
		-0.145668,
		0,
		-0.486106,
		0.567353,
		0.668039,
		1
	},
	[0.45] = {
		0.232859,
		-0.169802,
		0.957572,
		0,
		-0.943843,
		0.197849,
		0.264604,
		0,
		-0.234385,
		-0.965413,
		-0.114196,
		0,
		-0.446844,
		0.628963,
		0.634703,
		1
	},
	[0.466666666667] = {
		0.290927,
		-0.090351,
		0.952469,
		0,
		-0.909375,
		0.283257,
		0.304634,
		0,
		-0.297318,
		-0.954778,
		0.000244,
		0,
		-0.32948,
		0.738942,
		0.54656,
		1
	},
	[0.483333333333] = {
		0.365695,
		0.032793,
		0.930157,
		0,
		-0.849124,
		0.420987,
		0.318995,
		0,
		-0.381123,
		-0.906474,
		0.181799,
		0,
		-0.210533,
		0.934409,
		0.434755,
		1
	},
	[0.4] = {
		0.064475,
		-0.081066,
		0.994621,
		0,
		-0.965973,
		0.2451,
		0.082594,
		0,
		-0.250477,
		-0.966103,
		-0.062505,
		0,
		-0.478678,
		0.565818,
		0.650189,
		1
	},
	[0.516666666667] = {
		0.663306,
		0.316764,
		0.678001,
		0,
		-0.589664,
		0.779085,
		0.212893,
		0,
		-0.460783,
		-0.541006,
		0.703556,
		0,
		0.11244,
		1.379354,
		-0.037568,
		1
	},
	[0.533333333333] = {
		0.835077,
		0.26032,
		0.484644,
		0,
		-0.205303,
		0.96478,
		-0.164467,
		0,
		-0.510389,
		0.037843,
		0.85911,
		0,
		0.299409,
		1.338977,
		-0.326412,
		1
	},
	[0.55] = {
		0.882118,
		0.096862,
		0.460962,
		0,
		0.331232,
		0.568227,
		-0.753262,
		0,
		-0.334894,
		0.817151,
		0.469159,
		0,
		0.391099,
		1.132884,
		-0.430946,
		1
	},
	[0.566666666667] = {
		0.880863,
		0.112424,
		0.459827,
		0,
		0.302897,
		0.612632,
		-0.730025,
		0,
		-0.363777,
		0.782332,
		0.505592,
		0,
		0.617936,
		1.114078,
		-0.762759,
		1
	},
	[0.583333333333] = {
		0.890516,
		0.1021,
		0.443348,
		0,
		0.313255,
		0.569092,
		-0.760267,
		0,
		-0.329929,
		0.815911,
		0.474802,
		0,
		0.743603,
		1.054626,
		-0.948885,
		1
	},
	[0.5] = {
		0.479009,
		0.172904,
		0.860613,
		0,
		-0.75334,
		0.584225,
		0.301927,
		0,
		-0.450587,
		-0.79296,
		0.410105,
		0,
		-0.086754,
		1.175224,
		0.27012,
		1
	},
	[0.616666666667] = {
		0.914831,
		0.047621,
		0.401019,
		0,
		0.356729,
		0.37015,
		-0.857749,
		0,
		-0.189284,
		0.927751,
		0.321637,
		0,
		0.907617,
		0.856873,
		-1.177136,
		1
	},
	[0.633333333333] = {
		0.924632,
		0.004717,
		0.380832,
		0,
		0.370064,
		0.225281,
		-0.901278,
		0,
		-0.090046,
		0.974283,
		0.206556,
		0,
		0.952641,
		0.74693,
		-1.241545,
		1
	},
	[0.65] = {
		0.929954,
		-0.045113,
		0.364898,
		0,
		0.367252,
		0.066304,
		-0.927755,
		0,
		0.01766,
		0.996779,
		0.078227,
		0,
		0.980546,
		0.642078,
		-1.289094,
		1
	},
	[0.666666666667] = {
		0.93008,
		-0.097434,
		0.354201,
		0,
		0.346306,
		-0.089165,
		-0.933875,
		0,
		0.122574,
		0.99124,
		-0.049188,
		0,
		0.99491,
		0.54427,
		-1.323833,
		1
	},
	[0.683333333333] = {
		0.925917,
		-0.147802,
		0.34761,
		0,
		0.310902,
		-0.224428,
		-0.923565,
		0,
		0.214519,
		0.963217,
		-0.16185,
		0,
		0.999483,
		0.455709,
		-1.349593,
		1
	},
	[0.6] = {
		0.902602,
		0.080502,
		0.422883,
		0,
		0.334479,
		0.487249,
		-0.806668,
		0,
		-0.270988,
		0.869545,
		0.412865,
		0,
		0.84114,
		0.970631,
		-1.08995,
		1
	},
	[0.716666666667] = {
		0.91377,
		-0.231134,
		0.334069,
		0,
		0.226788,
		-0.392027,
		-0.891561,
		0,
		0.337034,
		0.890445,
		-0.305804,
		0,
		0.99464,
		0.311541,
		-1.387168,
		1
	},
	[0.733333333333] = {
		0.908914,
		-0.264881,
		0.322045,
		0,
		0.188438,
		-0.42804,
		-0.883896,
		0,
		0.371975,
		0.864072,
		-0.339138,
		0,
		0.985928,
		0.248826,
		-1.394249,
		1
	},
	[0.75] = {
		0.903761,
		-0.297618,
		0.307635,
		0,
		0.151226,
		-0.45035,
		-0.879952,
		0,
		0.400433,
		0.841789,
		-0.362002,
		0,
		0.972432,
		0.188492,
		-1.398045,
		1
	},
	[0.766666666667] = {
		0.89834,
		-0.329461,
		0.290587,
		0,
		0.115585,
		-0.460905,
		-0.87989,
		0,
		0.423823,
		0.824028,
		-0.375968,
		0,
		0.955653,
		0.131525,
		-1.401607,
		1
	},
	[0.783333333333] = {
		0.892628,
		-0.360444,
		0.270732,
		0,
		0.081679,
		-0.461307,
		-0.883473,
		0,
		0.443333,
		0.810725,
		-0.382335,
		0,
		0.936224,
		0.077778,
		-1.405593,
		1
	},
	[0.7] = {
		0.919596,
		-0.192967,
		0.342209,
		0,
		0.268367,
		-0.32761,
		-0.905898,
		0,
		0.286919,
		0.924898,
		-0.249483,
		0,
		0.998154,
		0.377867,
		-1.369824,
		1
	},
	[0.816666666667] = {
		0.880065,
		-0.419589,
		0.222332,
		0,
		0.018984,
		-0.436747,
		-0.899384,
		0,
		0.474474,
		0.795737,
		-0.3764,
		0,
		0.891001,
		-0.021363,
		-1.415056,
		1
	},
	[0.833333333333] = {
		0.873025,
		-0.447485,
		0.193865,
		0,
		-0.010025,
		-0.413912,
		-0.910262,
		0,
		0.487572,
		0.792738,
		-0.365842,
		0,
		0.865844,
		-0.067426,
		-1.420246,
		1
	},
	[0.85] = {
		0.865332,
		-0.474034,
		0.162762,
		0,
		-0.037665,
		-0.385333,
		-0.922009,
		0,
		0.499781,
		0.791714,
		-0.351295,
		0,
		0.83939,
		-0.111571,
		-1.425477,
		1
	},
	[0.866666666667] = {
		0.856865,
		-0.49906,
		0.129307,
		0,
		-0.064083,
		-0.351978,
		-0.933812,
		0,
		0.511542,
		0.791865,
		-0.333579,
		0,
		0.811938,
		-0.154106,
		-1.430553,
		1
	},
	[0.883333333333] = {
		0.847501,
		-0.522424,
		0.093886,
		0,
		-0.089419,
		-0.314872,
		-0.944913,
		0,
		0.523207,
		0.792419,
		-0.313569,
		0,
		0.783799,
		-0.195348,
		-1.435303,
		1
	},
	[0.8] = {
		0.886565,
		-0.390523,
		0.247982,
		0,
		0.049508,
		-0.45288,
		-0.890196,
		0,
		0.459948,
		0.801493,
		-0.382174,
		0,
		0.914562,
		0.026929,
		-1.41011,
		1
	},
	[0.916666666667] = {
		0.825585,
		-0.563952,
		0.019197,
		0,
		-0.13738,
		-0.233878,
		-0.962511,
		0,
		0.5473,
		0.791997,
		-0.270562,
		0,
		0.726715,
		-0.275306,
		-1.443315,
		1
	},
	[0.933333333333] = {
		0.812785,
		-0.582259,
		-0.018836,
		0,
		-0.160279,
		-0.192417,
		-0.968135,
		0,
		0.560082,
		0.789905,
		-0.249718,
		0,
		0.698409,
		-0.314753,
		-1.446426,
		1
	},
	[0.95] = {
		0.798591,
		-0.599226,
		-0.056394,
		0,
		-0.182665,
		-0.152023,
		-0.971351,
		0,
		0.573485,
		0.786014,
		-0.230862,
		0,
		0.670681,
		-0.354361,
		-1.448918,
		1
	},
	[0.966666666667] = {
		0.782876,
		-0.615229,
		-0.092722,
		0,
		-0.204729,
		-0.114002,
		-0.972157,
		0,
		0.587529,
		0.780062,
		-0.215205,
		0,
		0.643843,
		-0.394532,
		-1.450828,
		1
	},
	[0.983333333333] = {
		0.765507,
		-0.630763,
		-0.12703,
		0,
		-0.226704,
		-0.079641,
		-0.970702,
		0,
		0.602167,
		0.771877,
		-0.203962,
		0,
		0.618198,
		-0.43567,
		-1.452233,
		1
	},
	[0.9] = {
		0.837116,
		-0.544049,
		0.05699,
		0,
		-0.113807,
		-0.275112,
		-0.954652,
		0,
		0.535057,
		0.792669,
		-0.292217,
		0,
		0.755285,
		-0.23563,
		-1.439589,
		1
	}
}

return spline_matrices
