-- chunkname: @content/characters/player/ogryn/first_person/animations/club_ogryn/swing_right.lua

local spline_matrices = {
	[0.0166666666667] = {
		0.99194,
		-0.014883,
		-0.125831,
		0,
		-0.121971,
		-0.381167,
		-0.916425,
		0,
		-0.034323,
		0.924386,
		-0.37991,
		0,
		0.699881,
		-0.1273,
		-1.264048,
		1
	},
	[0.0333333333333] = {
		0.990569,
		-0.083253,
		-0.108823,
		0,
		-0.134781,
		-0.449177,
		-0.883218,
		0,
		0.02465,
		0.889555,
		-0.456162,
		0,
		0.674419,
		-0.139696,
		-1.250866,
		1
	},
	[0.05] = {
		0.984835,
		-0.154218,
		-0.079483,
		0,
		-0.14921,
		-0.51911,
		-0.841583,
		0,
		0.088527,
		0.840679,
		-0.534248,
		0,
		0.634061,
		-0.152544,
		-1.23027,
		1
	},
	[0.0666666666667] = {
		0.973443,
		-0.225837,
		-0.037508,
		0,
		-0.167177,
		-0.589318,
		-0.790415,
		0,
		0.156401,
		0.775694,
		-0.611422,
		0,
		0.580121,
		-0.16542,
		-1.202529,
		1
	},
	[0.0833333333333] = {
		0.955139,
		-0.295664,
		0.017085,
		0,
		-0.1905,
		-0.657531,
		-0.728946,
		0,
		0.226757,
		0.692991,
		-0.684358,
		0,
		0.513909,
		-0.177785,
		-1.167943,
		1
	},
	[0] = {
		0.99016,
		0.04943,
		-0.130918,
		0,
		-0.108828,
		-0.316146,
		-0.942448,
		0,
		-0.087974,
		0.947422,
		-0.307656,
		0,
		0.709124,
		-0.115665,
		-1.269553,
		1
	},
	[0.116666666667] = {
		0.893978,
		-0.418108,
		0.161214,
		0,
		-0.259227,
		-0.775983,
		-0.575023,
		0,
		0.365521,
		0.472267,
		-0.802096,
		0,
		0.350004,
		-0.198234,
		-1.079834,
		1
	},
	[0.133333333333] = {
		0.850364,
		-0.464405,
		0.247404,
		0,
		-0.306455,
		-0.819302,
		-0.484591,
		0,
		0.427746,
		0.336261,
		-0.839025,
		0,
		0.255111,
		-0.204722,
		-1.027416,
		1
	},
	[0.15] = {
		0.798649,
		-0.496932,
		0.339439,
		0,
		-0.362331,
		-0.847412,
		-0.388084,
		0,
		0.480496,
		0.186954,
		-0.856839,
		0,
		0.153616,
		-0.207594,
		-0.970425,
		1
	},
	[0.166666666667] = {
		0.740201,
		-0.513705,
		0.433831,
		0,
		-0.425873,
		-0.857478,
		-0.288728,
		0,
		0.520322,
		0.02896,
		-0.853479,
		0,
		0.047197,
		-0.206064,
		-0.909816,
		1
	},
	[0.183333333333] = {
		0.677052,
		-0.513867,
		0.526821,
		0,
		-0.495291,
		-0.847636,
		-0.190264,
		0,
		0.544323,
		-0.132111,
		-0.828407,
		0,
		-0.062321,
		-0.199479,
		-0.846676,
		1
	},
	[0.1] = {
		0.928872,
		-0.360809,
		0.083746,
		0,
		-0.220782,
		-0.72087,
		-0.656964,
		0,
		0.297409,
		0.591746,
		-0.749256,
		0,
		0.436749,
		-0.188977,
		-1.126885,
		1
	},
	[0.216666666667] = {
		0.546735,
		-0.46736,
		0.694734,
		0,
		-0.641644,
		-0.766924,
		-0.010969,
		0,
		0.537935,
		-0.439774,
		-0.719183,
		0,
		-0.282749,
		-0.169536,
		-0.717434,
		1
	},
	[0.233333333333] = {
		0.484682,
		-0.425091,
		0.764448,
		0,
		-0.712891,
		-0.698381,
		0.063641,
		0,
		0.506823,
		-0.575814,
		-0.641536,
		0,
		-0.389514,
		-0.145928,
		-0.653575,
		1
	},
	[0.25] = {
		0.427584,
		-0.374408,
		0.822795,
		0,
		-0.779209,
		-0.61407,
		0.125505,
		0,
		0.458263,
		-0.694793,
		-0.554308,
		0,
		-0.491182,
		-0.116713,
		-0.591553,
		1
	},
	[0.266666666667] = {
		0.376923,
		-0.318916,
		0.86961,
		0,
		-0.838279,
		-0.516795,
		0.173816,
		0,
		0.393977,
		-0.794491,
		-0.462133,
		0,
		-0.585691,
		-0.082168,
		-0.532184,
		1
	},
	[0.283333333333] = {
		0.333545,
		-0.262133,
		0.905558,
		0,
		-0.888204,
		-0.409334,
		0.208662,
		0,
		0.315978,
		-0.873918,
		-0.369358,
		0,
		-0.671033,
		-0.042622,
		-0.476141,
		1
	},
	[0.2] = {
		0.611685,
		-0.497855,
		0.614803,
		0,
		-0.568151,
		-0.817245,
		-0.096519,
		0,
		0.550497,
		-0.290261,
		-0.782753,
		0,
		-0.172985,
		-0.187381,
		-0.782163,
		1
	},
	[0.316666666667] = {
		0.269031,
		-0.157073,
		0.950237,
		0,
		-0.954753,
		-0.173346,
		0.241656,
		0,
		0.126762,
		-0.972255,
		-0.196601,
		0,
		-0.80645,
		0.050259,
		-0.37611,
		1
	},
	[0.333333333333] = {
		0.246817,
		-0.113927,
		0.962342,
		0,
		-0.968877,
		-0.048419,
		0.242761,
		0,
		0.018938,
		-0.992309,
		-0.122332,
		0,
		-0.85273,
		0.103148,
		-0.332938,
		1
	},
	[0.35] = {
		0.229837,
		-0.079827,
		0.96995,
		0,
		-0.968479,
		0.079588,
		0.236038,
		0,
		-0.096039,
		-0.993626,
		-0.059019,
		0,
		-0.882171,
		0.160314,
		-0.294767,
		1
	},
	[0.366666666667] = {
		0.216487,
		-0.056462,
		0.974651,
		0,
		-0.951831,
		0.209837,
		0.223574,
		0,
		-0.217141,
		-0.976105,
		-0.008316,
		0,
		-0.892769,
		0.221857,
		-0.261867,
		1
	},
	[0.383333333333] = {
		0.199552,
		-0.053491,
		0.978426,
		0,
		-0.912434,
		0.353918,
		0.205442,
		0,
		-0.357272,
		-0.933746,
		0.021818,
		0,
		-0.878212,
		0.312476,
		-0.237756,
		1
	},
	[0.3] = {
		0.297683,
		-0.207258,
		0.931896,
		0,
		-0.927457,
		-0.294172,
		0.23084,
		0,
		0.226294,
		-0.93301,
		-0.279792,
		0,
		-0.745255,
		0.001608,
		-0.423968,
		1
	},
	[0.416666666667] = {
		0.133966,
		-0.100001,
		0.985927,
		0,
		-0.717943,
		0.67599,
		0.166117,
		0,
		-0.683089,
		-0.730094,
		0.018764,
		0,
		-0.762174,
		0.612449,
		-0.21533,
		1
	},
	[0.433333333333] = {
		0.08735,
		-0.127147,
		0.98803,
		0,
		-0.552337,
		0.819225,
		0.154255,
		0,
		-0.829032,
		-0.559199,
		0.001331,
		0,
		-0.66468,
		0.79218,
		-0.210247,
		1
	},
	[0.45] = {
		0.038222,
		-0.144656,
		0.988744,
		0,
		-0.345518,
		0.926522,
		0.148909,
		0,
		-0.937634,
		-0.34732,
		-0.014567,
		0,
		-0.546401,
		0.970935,
		-0.205598,
		1
	},
	[0.466666666667] = {
		-0.004759,
		-0.147411,
		0.989064,
		0,
		-0.10666,
		0.983508,
		0.146069,
		0,
		-0.994284,
		-0.104798,
		-0.020403,
		0,
		-0.413041,
		1.133938,
		-0.199592,
		1
	},
	[0.483333333333] = {
		-0.031211,
		-0.134288,
		0.990451,
		0,
		0.154449,
		0.978383,
		0.137519,
		0,
		-0.987508,
		0.157266,
		-0.009795,
		0,
		-0.269279,
		1.267402,
		-0.191175,
		1
	},
	[0.4] = {
		0.172169,
		-0.071862,
		0.982443,
		0,
		-0.837262,
		0.514778,
		0.184381,
		0,
		-0.518989,
		-0.854307,
		0.028462,
		0,
		-0.834192,
		0.447518,
		-0.223421,
		1
	},
	[0.516666666667] = {
		0.004504,
		-0.071793,
		0.997409,
		0,
		0.783332,
		0.620243,
		0.041108,
		0,
		-0.621587,
		0.781117,
		0.059031,
		0,
		0.192551,
		1.428336,
		-0.186614,
		1
	},
	[0.533333333333] = {
		0.022975,
		-0.069611,
		0.99731,
		0,
		0.958377,
		0.285497,
		-0.002151,
		0,
		-0.284579,
		0.955848,
		0.073273,
		0,
		0.469636,
		1.418209,
		-0.189345,
		1
	},
	[0.55] = {
		-0.000863,
		-0.097647,
		0.995221,
		0,
		0.999313,
		-0.036947,
		-0.002759,
		0,
		0.03704,
		0.994535,
		0.097612,
		0,
		0.791781,
		1.303573,
		-0.19263,
		1
	},
	[0.566666666667] = {
		-0.057363,
		-0.108531,
		0.992437,
		0,
		0.92776,
		-0.372958,
		0.012839,
		0,
		0.368743,
		0.921479,
		0.122085,
		0,
		1.126576,
		1.082502,
		-0.209501,
		1
	},
	[0.583333333333] = {
		-0.147124,
		-0.03872,
		0.98836,
		0,
		0.647066,
		-0.759523,
		0.066565,
		0,
		0.748105,
		0.649327,
		0.136798,
		0,
		1.460942,
		0.715505,
		-0.230745,
		1
	},
	[0.5] = {
		-0.026477,
		-0.101666,
		0.994466,
		0,
		0.472277,
		0.87552,
		0.10208,
		0,
		-0.881053,
		0.472366,
		0.024834,
		0,
		-0.071269,
		1.37127,
		-0.185324,
		1
	},
	[0.616666666667] = {
		-0.112513,
		0.047816,
		0.992499,
		0,
		0.157736,
		-0.985317,
		0.065351,
		0,
		0.981051,
		0.163905,
		0.103319,
		0,
		1.589944,
		0.347662,
		-0.338579,
		1
	},
	[0.633333333333] = {
		-0.040289,
		0.025051,
		0.998874,
		0,
		0.063244,
		-0.997617,
		0.02757,
		0,
		0.997185,
		0.064283,
		0.038608,
		0,
		1.542699,
		0.270022,
		-0.417479,
		1
	},
	[0.65] = {
		0.046371,
		-0.019822,
		0.998728,
		0,
		0.0153,
		-0.999672,
		-0.020551,
		0,
		0.998807,
		0.016233,
		-0.046053,
		0,
		1.485041,
		0.199064,
		-0.504786,
		1
	},
	[0.666666666667] = {
		0.147132,
		-0.080085,
		0.985869,
		0,
		0.003823,
		-0.996663,
		-0.081533,
		0,
		0.989109,
		0.015765,
		-0.146335,
		0,
		1.418761,
		0.134136,
		-0.598456,
		1
	},
	[0.683333333333] = {
		0.261983,
		-0.147833,
		0.953682,
		0,
		0.01892,
		-0.987221,
		-0.15823,
		0,
		0.964887,
		0.059497,
		-0.255838,
		0,
		1.345436,
		0.075805,
		-0.696405,
		1
	},
	[0.6] = {
		-0.166878,
		0.042713,
		0.985052,
		0,
		0.307452,
		-0.946994,
		0.093148,
		0,
		0.936817,
		0.3184,
		0.1449,
		0,
		1.623455,
		0.433721,
		-0.270497,
		1
	},
	[0.716666666667] = {
		0.522704,
		-0.266229,
		0.809878,
		0,
		0.08634,
		-0.928572,
		-0.360971,
		0,
		0.848131,
		0.258606,
		-0.462382,
		0,
		1.183469,
		-0.016566,
		-0.894839,
		1
	},
	[0.733333333333] = {
		0.654003,
		-0.296176,
		0.696104,
		0,
		0.115636,
		-0.87022,
		-0.4789,
		0,
		0.747602,
		0.393697,
		-0.534878,
		0,
		1.097932,
		-0.049042,
		-0.988658,
		1
	},
	[0.75] = {
		0.772111,
		-0.297444,
		0.561579,
		0,
		0.128189,
		-0.792634,
		-0.59607,
		0,
		0.622424,
		0.53222,
		-0.573873,
		0,
		1.011991,
		-0.072681,
		-1.074014,
		1
	},
	[0.766666666667] = {
		0.867732,
		-0.270586,
		0.416924,
		0,
		0.118235,
		-0.702372,
		-0.701922,
		0,
		0.482765,
		0.658375,
		-0.577478,
		0,
		0.928571,
		-0.088764,
		-1.147561,
		1
	},
	[0.783333333333] = {
		0.935828,
		-0.222499,
		0.27335,
		0,
		0.085356,
		-0.609401,
		-0.788254,
		0,
		0.341966,
		0.761002,
		-0.551303,
		0,
		0.851808,
		-0.098915,
		-1.206466,
		1
	},
	[0.7] = {
		0.388987,
		-0.213478,
		0.896167,
		0,
		0.050219,
		-0.96642,
		-0.252011,
		0,
		0.919873,
		0.143033,
		-0.365205,
		0,
		1.26653,
		0.025209,
		-0.796206,
		1
	},
	[0.816666666667] = {
		0.994269,
		-0.105483,
		0.017404,
		0,
		-0.032619,
		-0.454342,
		-0.89023,
		0,
		0.101812,
		0.88456,
		-0.455179,
		0,
		0.737178,
		-0.105752,
		-1.273469,
		1
	},
	[0.833333333333] = {
		0.994075,
		-0.057564,
		-0.092199,
		0,
		-0.107681,
		-0.406012,
		-0.907501,
		0,
		0.014806,
		0.912053,
		-0.409805,
		0,
		0.708506,
		-0.103011,
		-1.279373,
		1
	},
	[0.85] = {
		0.993976,
		-0.059634,
		-0.091955,
		0,
		-0.108307,
		-0.406007,
		-0.907429,
		0,
		0.016779,
		0.911922,
		-0.41002,
		0,
		0.708591,
		-0.104779,
		-1.277754,
		1
	},
	[0.866666666667] = {
		0.993871,
		-0.061733,
		-0.091702,
		0,
		-0.108938,
		-0.405993,
		-0.90736,
		0,
		0.018784,
		0.911789,
		-0.41023,
		0,
		0.708678,
		-0.106561,
		-1.276229,
		1
	},
	[0.883333333333] = {
		0.993764,
		-0.063804,
		-0.09145,
		0,
		-0.109558,
		-0.405971,
		-0.907295,
		0,
		0.020763,
		0.911656,
		-0.410429,
		0,
		0.708764,
		-0.10831,
		-1.274814,
		1
	},
	[0.8] = {
		0.976655,
		-0.163766,
		0.139015,
		0,
		0.033278,
		-0.523985,
		-0.851077,
		0,
		0.212219,
		0.835835,
		-0.506303,
		0,
		0.786421,
		-0.10439,
		-1.24884,
		1
	},
	[0.916666666667] = {
		0.993554,
		-0.067625,
		-0.090975,
		0,
		-0.110694,
		-0.405914,
		-0.907183,
		0,
		0.02442,
		0.911406,
		-0.410783,
		0,
		0.708922,
		-0.11152,
		-1.27239,
		1
	},
	[0.933333333333] = {
		0.993461,
		-0.069259,
		-0.090769,
		0,
		-0.111178,
		-0.405884,
		-0.907137,
		0,
		0.025986,
		0.911297,
		-0.41093,
		0,
		0.708989,
		-0.112887,
		-1.271418,
		1
	},
	[0.95] = {
		0.99338,
		-0.070631,
		-0.090594,
		0,
		-0.111583,
		-0.405856,
		-0.9071,
		0,
		0.027301,
		0.911204,
		-0.41105,
		0,
		0.709045,
		-0.114032,
		-1.270629,
		1
	},
	[0.966666666667] = {
		0.993317,
		-0.071684,
		-0.09046,
		0,
		-0.111893,
		-0.405832,
		-0.907072,
		0,
		0.028311,
		0.911132,
		-0.411141,
		0,
		0.709087,
		-0.114908,
		-1.270043,
		1
	},
	[0.983333333333] = {
		0.993276,
		-0.072358,
		-0.090373,
		0,
		-0.112091,
		-0.405817,
		-0.907055,
		0,
		0.028957,
		0.911086,
		-0.411198,
		0,
		0.709114,
		-0.115468,
		-1.269678,
		1
	},
	[0.9] = {
		0.993657,
		-0.065787,
		-0.091204,
		0,
		-0.110148,
		-0.405944,
		-0.907236,
		0,
		0.022661,
		0.911527,
		-0.410615,
		0,
		0.708846,
		-0.109979,
		-1.273528,
		1
	},
	{
		0.993261,
		-0.072595,
		-0.090343,
		0,
		-0.112161,
		-0.405811,
		-0.907049,
		0,
		0.029185,
		0.911069,
		-0.411218,
		0,
		0.709124,
		-0.115665,
		-1.269553,
		1
	}
}

return spline_matrices
