local spline_matrices = {
	[0] = {
		0.389932,
		-0.269302,
		-0.880585,
		0,
		-0.876011,
		-0.403233,
		-0.26459,
		0,
		-0.283826,
		0.874574,
		-0.393145,
		0,
		-1.2022,
		0.393888,
		-0.982321,
		1
	},
	{
		0.85321,
		0.379819,
		0.357449,
		0,
		0.459155,
		-0.22189,
		-0.860199,
		0,
		-0.247406,
		0.898055,
		-0.363714,
		0,
		-0.716857,
		0.653135,
		-1.049226,
		1
	},
	[0.0166666666667] = {
		0.458889,
		-0.217413,
		-0.861483,
		0,
		-0.826457,
		-0.460398,
		-0.324041,
		0,
		-0.326174,
		0.860677,
		-0.390954,
		0,
		-1.196994,
		0.381425,
		-0.982237,
		1
	},
	[0.0333333333333] = {
		0.518543,
		-0.15036,
		-0.841727,
		0,
		-0.760627,
		-0.530798,
		-0.373764,
		0,
		-0.390588,
		0.834054,
		-0.38961,
		0,
		-1.184749,
		0.345018,
		-0.982236,
		1
	},
	[0.05] = {
		0.565489,
		-0.069677,
		-0.821807,
		0,
		-0.678139,
		-0.606401,
		-0.415216,
		0,
		-0.469414,
		0.7921,
		-0.390164,
		0,
		-1.165911,
		0.288529,
		-0.981891,
		1
	},
	[0.0666666666667] = {
		0.596931,
		0.021443,
		-0.802006,
		0,
		-0.579999,
		-0.679144,
		-0.44985,
		0,
		-0.554323,
		0.733692,
		-0.392965,
		0,
		-1.140944,
		0.215787,
		-0.980813,
		1
	},
	[0.0833333333333] = {
		0.61153,
		0.118635,
		-0.782276,
		0,
		-0.469077,
		-0.741847,
		-0.479197,
		0,
		-0.637179,
		0.659991,
		-0.398013,
		0,
		-1.110393,
		0.130577,
		-0.978752,
		1
	},
	[0.116666666667] = {
		0.594468,
		0.312905,
		-0.740742,
		0,
		-0.227625,
		-0.818024,
		-0.528227,
		0,
		-0.771229,
		0.482625,
		-0.415064,
		0,
		-1.035273,
		-0.062816,
		-0.971667,
		1
	},
	[0.133333333333] = {
		0.568967,
		0.402646,
		-0.717044,
		0,
		-0.107214,
		-0.828173,
		-0.550122,
		0,
		-0.815341,
		0.389878,
		-0.428035,
		0,
		-0.992363,
		-0.165252,
		-0.966911,
		1
	},
	[0.15] = {
		0.537668,
		0.484963,
		-0.689728,
		0,
		0.0074,
		-0.820713,
		-0.571293,
		0,
		-0.843124,
		0.302062,
		-0.44486,
		0,
		-0.947027,
		-0.268064,
		-0.961427,
		1
	},
	[0.166666666667] = {
		0.504853,
		0.559786,
		-0.657087,
		0,
		0.113568,
		-0.797675,
		-0.592298,
		0,
		-0.855702,
		0.224399,
		-0.466282,
		0,
		-0.900057,
		-0.368609,
		-0.955175,
		1
	},
	[0.183333333333] = {
		0.474417,
		0.62802,
		-0.616863,
		0,
		0.21001,
		-0.761253,
		-0.613507,
		0,
		-0.854882,
		0.161511,
		-0.493042,
		0,
		-0.852177,
		-0.464212,
		-0.94802,
		1
	},
	[0.1] = {
		0.609887,
		0.217204,
		-0.762142,
		0,
		-0.349874,
		-0.789111,
		-0.504869,
		0,
		-0.711074,
		0.574567,
		-0.405274,
		0,
		-1.074908,
		0.03663,
		-0.975655,
		1
	},
	[0.216666666667] = {
		0.43355,
		0.749639,
		-0.500076,
		0,
		0.374386,
		-0.654625,
		-0.656735,
		0,
		-0.819676,
		0.097506,
		-0.564467,
		0,
		-0.756189,
		-0.629769,
		-0.929894,
		1
	},
	[0.233333333333] = {
		0.428204,
		0.803724,
		-0.413122,
		0,
		0.444946,
		-0.585414,
		-0.677727,
		0,
		-0.786552,
		0.106388,
		-0.60829,
		0,
		-0.70914,
		-0.694288,
		-0.918061,
		1
	},
	[0.25] = {
		0.435235,
		0.85001,
		-0.296739,
		0,
		0.510808,
		-0.504548,
		-0.696065,
		0,
		-0.741381,
		0.151375,
		-0.653789,
		0,
		-0.663319,
		-0.743045,
		-0.9036,
		1
	},
	[0.266666666667] = {
		0.454707,
		0.879523,
		-0.140287,
		0,
		0.575257,
		-0.410274,
		-0.70764,
		0,
		-0.679942,
		0.241068,
		-0.692506,
		0,
		-0.619135,
		-0.773449,
		-0.885797,
		1
	},
	[0.283333333333] = {
		0.483117,
		0.872999,
		0.066858,
		0,
		0.642327,
		-0.301499,
		-0.704638,
		0,
		-0.59499,
		0.383368,
		-0.70641,
		0,
		-0.577047,
		-0.783095,
		-0.863924,
		1
	},
	[0.2] = {
		0.449714,
		0.690971,
		-0.565965,
		0,
		0.296647,
		-0.713236,
		-0.635055,
		0,
		-0.842471,
		0.117701,
		-0.525727,
		0,
		-0.804032,
		-0.552171,
		-0.939715,
		1
	},
	[0.316666666667] = {
		0.491509,
		0.296077,
		0.818998,
		0,
		0.856426,
		0.006251,
		-0.516231,
		0,
		-0.157964,
		0.955144,
		-0.250495,
		0,
		-0.446403,
		0.117701,
		-0.665004,
		1
	},
	[0.333333333333] = {
		0.357982,
		-0.183331,
		0.915554,
		0,
		0.933177,
		0.036546,
		-0.357554,
		0,
		0.032091,
		0.982372,
		0.184163,
		0,
		-0.349676,
		0.67225,
		-0.517595,
		1
	},
	[0.35] = {
		0.235824,
		-0.575698,
		0.782917,
		0,
		0.958545,
		0.005211,
		-0.284893,
		0,
		0.159933,
		0.817646,
		0.553061,
		0,
		-0.176612,
		1.011388,
		-0.333373,
		1
	},
	[0.366666666667] = {
		0.13463,
		-0.806783,
		0.575305,
		0,
		0.963672,
		-0.028554,
		-0.265557,
		0,
		0.230674,
		0.590157,
		0.773631,
		0,
		-0.054038,
		1.232728,
		-0.162819,
		1
	},
	[0.383333333333] = {
		0.143967,
		-0.795574,
		0.588503,
		0,
		0.963076,
		-0.024079,
		-0.268151,
		0,
		0.227504,
		0.605378,
		0.762732,
		0,
		-0.059959,
		1.285993,
		-0.124229,
		1
	},
	[0.3] = {
		0.529995,
		0.727295,
		0.436059,
		0,
		0.736889,
		-0.140529,
		-0.661246,
		0,
		-0.419642,
		0.671784,
		-0.610415,
		0,
		-0.523212,
		-0.493067,
		-0.795051,
		1
	},
	[0.416666666667] = {
		0.154192,
		-0.788618,
		0.595237,
		0,
		0.9621,
		-0.017299,
		-0.272146,
		0,
		0.224916,
		0.61464,
		0.756062,
		0,
		-0.083538,
		1.22065,
		-0.21222,
		1
	},
	[0.433333333333] = {
		0.152094,
		-0.796929,
		0.584612,
		0,
		0.961998,
		-0.016353,
		-0.272568,
		0,
		0.226777,
		0.603852,
		0.764156,
		0,
		-0.086937,
		1.217266,
		-0.216935,
		1
	},
	[0.45] = {
		0.142095,
		-0.810885,
		0.567693,
		0,
		0.962549,
		-0.02058,
		-0.270325,
		0,
		0.230885,
		0.584844,
		0.777592,
		0,
		-0.081884,
		1.216208,
		-0.214582,
		1
	},
	[0.466666666667] = {
		0.130915,
		-0.825704,
		0.548702,
		0,
		0.963105,
		-0.025348,
		-0.267931,
		0,
		0.23514,
		0.563533,
		0.791921,
		0,
		-0.076422,
		1.215725,
		-0.21132,
		1
	},
	[0.483333333333] = {
		0.123074,
		-0.838145,
		0.531382,
		0,
		0.963329,
		-0.027749,
		-0.266885,
		0,
		0.238434,
		0.544742,
		0.803994,
		0,
		-0.075686,
		1.214606,
		-0.211914,
		1
	},
	[0.4] = {
		0.151817,
		-0.786403,
		0.598767,
		0,
		0.962493,
		-0.020188,
		-0.270554,
		0,
		0.224853,
		0.617384,
		0.753843,
		0,
		-0.076243,
		1.226072,
		-0.199958,
		1
	},
	[0.516666666667] = {
		0.107769,
		-0.861045,
		0.496979,
		0,
		0.963701,
		-0.032345,
		-0.265016,
		0,
		0.244266,
		0.5075,
		0.826304,
		0,
		-0.074468,
		1.213131,
		-0.213019,
		1
	},
	[0.533333333333] = {
		0.101075,
		-0.870426,
		0.481812,
		0,
		0.96384,
		-0.034353,
		-0.264257,
		0,
		0.246568,
		0.4911,
		0.835479,
		0,
		-0.073951,
		1.212509,
		-0.214245,
		1
	},
	[0.55] = {
		0.095546,
		-0.877835,
		0.469337,
		0,
		0.963946,
		-0.036041,
		-0.263647,
		0,
		0.248354,
		0.477606,
		0.842742,
		0,
		-0.073472,
		1.211787,
		-0.216396,
		1
	},
	[0.566666666667] = {
		0.091578,
		-0.882884,
		0.460574,
		0,
		0.964018,
		-0.037312,
		-0.263204,
		0,
		0.249564,
		0.468106,
		0.8477,
		0,
		-0.073016,
		1.210827,
		-0.219828,
		1
	},
	[0.583333333333] = {
		0.089566,
		-0.885185,
		0.456536,
		0,
		0.964058,
		-0.038069,
		-0.262949,
		0,
		0.250139,
		0.463679,
		0.84996,
		0,
		-0.072566,
		1.209495,
		-0.224898,
		1
	},
	[0.5] = {
		0.115232,
		-0.850119,
		0.513829,
		0,
		0.96353,
		-0.030112,
		-0.265902,
		0,
		0.24152,
		0.525729,
		0.815645,
		0,
		-0.075041,
		1.213785,
		-0.212361,
		1
	},
	[0.616666666667] = {
		0.085503,
		-0.88992,
		0.448031,
		0,
		0.964128,
		-0.039512,
		-0.262479,
		0,
		0.251288,
		0.454402,
		0.854619,
		0,
		-0.071977,
		1.207045,
		-0.23434,
		1
	},
	[0.633333333333] = {
		0.082489,
		-0.893621,
		0.441177,
		0,
		0.96417,
		-0.040439,
		-0.262186,
		0,
		0.252136,
		0.446997,
		0.858266,
		0,
		-0.072033,
		1.206203,
		-0.237777,
		1
	},
	[0.65] = {
		0.079449,
		-0.897326,
		0.434158,
		0,
		0.964207,
		-0.04135,
		-0.261907,
		0,
		0.252969,
		0.439427,
		0.861923,
		0,
		-0.072421,
		1.205501,
		-0.240932,
		1
	},
	[0.666666666667] = {
		0.076847,
		-0.900438,
		0.428141,
		0,
		0.964236,
		-0.042131,
		-0.261677,
		0,
		0.253662,
		0.432938,
		0.864997,
		0,
		-0.073216,
		1.204852,
		-0.244235,
		1
	},
	[0.683333333333] = {
		0.075139,
		-0.902408,
		0.42428,
		0,
		0.964253,
		-0.042671,
		-0.261525,
		0,
		0.254107,
		0.428764,
		0.866944,
		0,
		-0.074491,
		1.204167,
		-0.248117,
		1
	},
	[0.6] = {
		0.08802,
		-0.886878,
		0.453542,
		0,
		0.964089,
		-0.038684,
		-0.262748,
		0,
		0.25057,
		0.460382,
		0.851624,
		0,
		-0.072179,
		1.208114,
		-0.230191,
		1
	},
	[0.716666666667] = {
		0.07619,
		-0.900783,
		0.427533,
		0,
		0.964242,
		-0.042595,
		-0.26158,
		0,
		0.253837,
		0.432175,
		0.865327,
		0,
		-0.078784,
		1.202334,
		-0.259345,
		1
	},
	[0.733333333333] = {
		0.079829,
		-0.895986,
		0.436849,
		0,
		0.964203,
		-0.041764,
		-0.261856,
		0,
		0.252864,
		0.442115,
		0.860578,
		0,
		-0.081952,
		1.201011,
		-0.267554,
		1
	},
	[0.75] = {
		0.086136,
		-0.887485,
		0.452715,
		0,
		0.964128,
		-0.040262,
		-0.262367,
		0,
		0.251074,
		0.459074,
		0.852181,
		0,
		-0.085899,
		1.199306,
		-0.278069,
		1
	},
	[0.766666666667] = {
		0.09561,
		-0.874244,
		0.47598,
		0,
		0.963968,
		-0.03793,
		-0.2633,
		0,
		0.248242,
		0.484004,
		0.839116,
		0,
		-0.090734,
		1.197197,
		-0.291096,
		1
	},
	[0.783333333333] = {
		0.108761,
		-0.854798,
		0.507436,
		0,
		0.963665,
		-0.034618,
		-0.264862,
		0,
		0.24397,
		0.517804,
		0.819974,
		0,
		-0.096571,
		1.194673,
		-0.306877,
		1
	},
	[0.7] = {
		0.074773,
		-0.902708,
		0.423707,
		0,
		0.964256,
		-0.042861,
		-0.261482,
		0,
		0.254203,
		0.428114,
		0.867237,
		0,
		-0.076323,
		1.203357,
		-0.25301,
		1
	},
	[0.816666666667] = {
		0.147768,
		-0.787964,
		0.597726,
		0,
		0.962403,
		-0.02471,
		-0.270498,
		0,
		0.227912,
		0.615225,
		0.754688,
		0,
		-0.111591,
		1.188223,
		-0.348679,
		1
	},
	[0.833333333333] = {
		0.168955,
		-0.721772,
		0.671192,
		0,
		0.964238,
		-0.020046,
		-0.264278,
		0,
		0.204203,
		0.691841,
		0.692573,
		0,
		-0.122576,
		1.175681,
		-0.399057,
		1
	},
	[0.85] = {
		0.183431,
		-0.61507,
		0.766839,
		0,
		0.969709,
		-0.014783,
		-0.243815,
		0,
		0.1613,
		0.788334,
		0.593727,
		0,
		-0.13876,
		1.147997,
		-0.490825,
		1
	},
	[0.866666666667] = {
		0.19078,
		-0.472862,
		0.860235,
		0,
		0.975707,
		-0.004802,
		-0.219028,
		0,
		0.107701,
		0.881124,
		0.460458,
		0,
		-0.16109,
		1.108812,
		-0.60942,
		1
	},
	[0.883333333333] = {
		0.194015,
		-0.308166,
		0.931339,
		0,
		0.979619,
		0.010535,
		-0.200587,
		0,
		0.052003,
		0.951274,
		0.303929,
		0,
		-0.190388,
		1.061481,
		-0.740175,
		1
	},
	[0.8] = {
		0.126026,
		-0.827011,
		0.547878,
		0,
		0.963169,
		-0.030235,
		-0.267193,
		0,
		0.237536,
		0.561372,
		0.792741,
		0,
		-0.103494,
		1.191689,
		-0.325904,
		1
	},
	[0.916666666667] = {
		0.219024,
		0.019186,
		0.975531,
		0,
		0.974733,
		0.040651,
		-0.219644,
		0,
		-0.04387,
		0.998989,
		-0.009797,
		0,
		-0.272398,
		0.954658,
		-0.97835,
		1
	},
	[0.933333333333] = {
		0.261999,
		0.153941,
		0.952711,
		0,
		0.9616,
		0.041971,
		-0.271225,
		0,
		-0.081739,
		0.987188,
		-0.137033,
		0,
		-0.32604,
		0.90103,
		-1.05534,
		1
	},
	[0.95] = {
		0.342128,
		0.25775,
		0.903611,
		0,
		0.932614,
		0.024342,
		-0.360053,
		0,
		-0.1148,
		0.965905,
		-0.232053,
		0,
		-0.388556,
		0.851062,
		-1.083887,
		1
	},
	[0.966666666667] = {
		0.483653,
		0.33338,
		0.809282,
		0,
		0.862456,
		-0.023947,
		-0.505566,
		0,
		-0.149165,
		0.942488,
		-0.299107,
		0,
		-0.473554,
		0.795719,
		-1.078387,
		1
	},
	[0.983333333333] = {
		0.674422,
		0.379805,
		0.63317,
		0,
		0.712477,
		-0.109759,
		-0.693058,
		0,
		-0.193731,
		0.918532,
		-0.344626,
		0,
		-0.586721,
		0.727879,
		-1.065743,
		1
	},
	[0.9] = {
		0.200159,
		-0.138693,
		0.969897,
		0,
		0.979763,
		0.027761,
		-0.198226,
		0,
		0.000567,
		0.989946,
		0.141443,
		0,
		-0.227316,
		1.009109,
		-0.868198,
		1
	},
	[1.01666666667] = {
		0.945792,
		0.324664,
		0.008439,
		0,
		0.122594,
		-0.33283,
		-0.934984,
		0,
		-0.300746,
		0.885335,
		-0.35459,
		0,
		-0.852924,
		0.577336,
		-1.031155,
		1
	},
	[1.03333333333] = {
		0.911455,
		0.227869,
		-0.342527,
		0,
		-0.228199,
		-0.412733,
		-0.881803,
		0,
		-0.342308,
		0.881888,
		-0.324189,
		0,
		-0.983043,
		0.506839,
		-1.013018,
		1
	},
	[1.05] = {
		0.769989,
		0.118083,
		-0.627035,
		0,
		-0.521355,
		-0.450105,
		-0.724979,
		0,
		-0.36784,
		0.885134,
		-0.285013,
		0,
		-1.094057,
		0.44828,
		-0.996555,
		1
	},
	[1.06666666667] = {
		0.572955,
		0.018802,
		-0.819371,
		0,
		-0.725132,
		-0.454308,
		-0.517482,
		0,
		-0.381977,
		0.890646,
		-0.246664,
		0,
		-1.172268,
		0.408132,
		-0.984499,
		1
	},
	[1.08333333333] = {
		0.362947,
		-0.060761,
		-0.929826,
		0,
		-0.844727,
		-0.442666,
		-0.300803,
		0,
		-0.393325,
		0.894626,
		-0.211991,
		0,
		-1.204276,
		0.392542,
		-0.980315,
		1
	},
	[1.11666666667] = {
		0.36306,
		-0.060962,
		-0.92977,
		0,
		-0.844813,
		-0.442453,
		-0.300875,
		0,
		-0.393038,
		0.894717,
		-0.212138,
		0,
		-1.204026,
		0.392787,
		-0.980523,
		1
	},
	[1.13333333333] = {
		0.363185,
		-0.061148,
		-0.929708,
		0,
		-0.844869,
		-0.442294,
		-0.300953,
		0,
		-0.392801,
		0.894783,
		-0.212297,
		0,
		-1.203789,
		0.392954,
		-0.980748,
		1
	},
	[1.15] = {
		0.363339,
		-0.061368,
		-0.929634,
		0,
		-0.844929,
		-0.442114,
		-0.301048,
		0,
		-0.39253,
		0.894857,
		-0.212489,
		0,
		-1.203508,
		0.393134,
		-0.981021,
		1
	},
	[1.16666666667] = {
		0.363507,
		-0.061604,
		-0.929552,
		0,
		-0.84499,
		-0.441928,
		-0.301151,
		0,
		-0.392244,
		0.894933,
		-0.212699,
		0,
		-1.203205,
		0.393318,
		-0.981318,
		1
	},
	[1.18333333333] = {
		0.363676,
		-0.061837,
		-0.929471,
		0,
		-0.845047,
		-0.441748,
		-0.301254,
		0,
		-0.391964,
		0.895005,
		-0.212908,
		0,
		-1.202906,
		0.393494,
		-0.981614,
		1
	},
	[1.1] = {
		0.362976,
		-0.060826,
		-0.929811,
		0,
		-0.844765,
		-0.442582,
		-0.300823,
		0,
		-0.393219,
		0.894663,
		-0.21203,
		0,
		-1.204196,
		0.392646,
		-0.980371,
		1
	},
	[1.21666666667] = {
		0.363958,
		-0.062223,
		-0.929334,
		0,
		-0.845139,
		-0.441455,
		-0.301427,
		0,
		-0.391504,
		0.895123,
		-0.213258,
		0,
		-1.202408,
		0.393775,
		-0.982112,
		1
	},
	[1.23333333333] = {
		0.364045,
		-0.062341,
		-0.929293,
		0,
		-0.845165,
		-0.441367,
		-0.30148,
		0,
		-0.391365,
		0.895158,
		-0.213366,
		0,
		-1.202256,
		0.393858,
		-0.982264,
		1
	},
	[1.25] = {
		0.364077,
		-0.062384,
		-0.929277,
		0,
		-0.845175,
		-0.441335,
		-0.3015,
		0,
		-0.391314,
		0.895171,
		-0.213405,
		0,
		-1.2022,
		0.393888,
		-0.982321,
		1
	},
	[1.2] = {
		0.363831,
		-0.062049,
		-0.929396,
		0,
		-0.845098,
		-0.441586,
		-0.301349,
		0,
		-0.39171,
		0.895071,
		-0.2131,
		0,
		-1.202632,
		0.393649,
		-0.981887,
		1
	}
}

return spline_matrices
