-- chunkname: @content/characters/player/ogryn/first_person/animations/club_ogryn/swing_down_left.lua

local spline_matrices = {
	[0.0166666666667] = {
		0.477131,
		-0.878054,
		0.036979,
		0,
		0.250709,
		0.095664,
		-0.963324,
		0,
		0.842313,
		0.468903,
		0.26578,
		0,
		1.567848,
		0.108109,
		-0.971759,
		1,
	},
	[0.0333333333333] = {
		0.624679,
		-0.778057,
		-0.066362,
		0,
		0.11609,
		0.176571,
		-0.977418,
		0,
		0.772204,
		0.602868,
		0.200624,
		0,
		1.545407,
		0.264852,
		-0.822174,
		1,
	},
	[0.05] = {
		0.655501,
		-0.694466,
		-0.296708,
		0,
		-0.05088,
		0.351385,
		-0.934847,
		0,
		0.753479,
		0.62789,
		0.194999,
		0,
		1.577256,
		0.530189,
		-0.639103,
		1,
	},
	[0.0666666666667] = {
		0.598984,
		-0.541059,
		-0.590316,
		0,
		-0.116009,
		0.670784,
		-0.732524,
		0,
		0.792313,
		0.507252,
		0.339021,
		0,
		1.623097,
		0.746249,
		-0.434719,
		1,
	},
	[0.0833333333333] = {
		0.583489,
		-0.316498,
		-0.74791,
		0,
		-0.045524,
		0.906739,
		-0.419227,
		0,
		0.810844,
		0.278663,
		0.514664,
		0,
		1.610399,
		0.787745,
		-0.215313,
		1,
	},
	[0] = {
		0.281238,
		-0.9591,
		0.032114,
		0,
		0.283638,
		0.051109,
		-0.957569,
		0,
		0.916763,
		0.278414,
		0.286411,
		0,
		1.585505,
		0.040746,
		-1.038071,
		1,
	},
	[0.116666666667] = {
		0.651577,
		-0.350166,
		-0.672927,
		0,
		0.185332,
		0.933686,
		-0.306403,
		0,
		0.735594,
		0.07493,
		0.673266,
		0,
		1.516583,
		0.81615,
		0.07462,
		1,
	},
	[0.133333333333] = {
		0.62656,
		-0.488789,
		-0.607048,
		0,
		0.33455,
		0.872159,
		-0.356951,
		0,
		0.703916,
		0.020563,
		0.709985,
		0,
		1.459698,
		0.811263,
		0.166223,
		1,
	},
	[0.15] = {
		0.578969,
		-0.549119,
		-0.602713,
		0,
		0.452482,
		0.831322,
		-0.322743,
		0,
		0.678274,
		-0.085858,
		0.729776,
		0,
		1.401014,
		0.798317,
		0.246452,
		1,
	},
	[0.166666666667] = {
		0.56686,
		-0.487131,
		-0.664359,
		0,
		0.517754,
		0.837932,
		-0.172631,
		0,
		0.640781,
		-0.246117,
		0.727204,
		0,
		1.346709,
		0.782782,
		0.313081,
		1,
	},
	[0.183333333333] = {
		0.60402,
		-0.330601,
		-0.725164,
		0,
		0.541163,
		0.838109,
		0.068666,
		0,
		0.585066,
		-0.433908,
		0.685144,
		0,
		1.294987,
		0.753472,
		0.369146,
		1,
	},
	[0.1] = {
		0.622718,
		-0.242016,
		-0.744077,
		0,
		0.062139,
		0.963255,
		-0.261302,
		0,
		0.779975,
		0.116481,
		0.614875,
		0,
		1.572229,
		0.805142,
		-0.03893,
		1,
	},
	[0.216666666667] = {
		0.74632,
		0.037522,
		-0.664528,
		0,
		0.495605,
		0.635106,
		0.592466,
		0,
		0.444277,
		-0.771513,
		0.455396,
		0,
		1.176983,
		0.631036,
		0.460963,
		1,
	},
	[0.233333333333] = {
		0.827988,
		0.181375,
		-0.530602,
		0,
		0.419752,
		0.426946,
		0.800953,
		0,
		0.371811,
		-0.885901,
		0.277374,
		0,
		1.123178,
		0.548819,
		0.499451,
		1,
	},
	[0.25] = {
		0.901422,
		0.265553,
		-0.341934,
		0,
		0.305951,
		0.168076,
		0.937094,
		0,
		0.306319,
		-0.949332,
		0.070261,
		0,
		1.082581,
		0.462875,
		0.534245,
		1,
	},
	[0.266666666667] = {
		0.952649,
		0.276101,
		-0.127392,
		0,
		0.162189,
		-0.107007,
		0.98094,
		0,
		0.257206,
		-0.955153,
		-0.146721,
		0,
		1.050213,
		0.382808,
		0.558044,
		1,
	},
	[0.283333333333] = {
		0.97315,
		0.217116,
		0.076425,
		0,
		0.006513,
		-0.357875,
		0.933747,
		0,
		0.230082,
		-0.908178,
		-0.34968,
		0,
		1.022788,
		0.318376,
		0.568125,
		1,
	},
	[0.2] = {
		0.668064,
		-0.143567,
		-0.730123,
		0,
		0.535167,
		0.774441,
		0.337398,
		0,
		0.516998,
		-0.616142,
		0.594208,
		0,
		1.238102,
		0.701753,
		0.419332,
		1,
	},
	[0.316666666667] = {
		0.940509,
		-0.003105,
		0.339756,
		0,
		-0.250744,
		-0.681134,
		0.687883,
		0,
		0.229283,
		-0.732152,
		-0.641391,
		0,
		0.970426,
		0.258802,
		0.558217,
		1,
	},
	[0.333333333333] = {
		0.917697,
		-0.095416,
		0.385654,
		0,
		-0.320063,
		-0.752643,
		0.575403,
		0,
		0.235357,
		-0.651479,
		-0.721237,
		0,
		0.935615,
		0.263096,
		0.546875,
		1,
	},
	[0.35] = {
		0.911756,
		-0.141098,
		0.385736,
		0,
		-0.340356,
		-0.78524,
		0.517258,
		0,
		0.229911,
		-0.602901,
		-0.763971,
		0,
		0.883605,
		0.289675,
		0.532757,
		1,
	},
	[0.366666666667] = {
		0.92909,
		-0.127794,
		0.347073,
		0,
		-0.306825,
		-0.790306,
		0.530354,
		0,
		0.206518,
		-0.599237,
		-0.773476,
		0,
		0.815914,
		0.342886,
		0.525161,
		1,
	},
	[0.383333333333] = {
		0.941067,
		-0.072426,
		0.330374,
		0,
		-0.266791,
		-0.75934,
		0.593485,
		0,
		0.207882,
		-0.64665,
		-0.733913,
		0,
		0.762077,
		0.387919,
		0.534169,
		1,
	},
	[0.3] = {
		0.964888,
		0.112328,
		0.23743,
		0,
		-0.13786,
		-0.552848,
		0.821799,
		0,
		0.223573,
		-0.825676,
		-0.517951,
		0,
		0.997514,
		0.276419,
		0.566611,
		1,
	},
	[0.416666666667] = {
		0.891096,
		0.140383,
		0.431557,
		0,
		-0.274966,
		-0.589507,
		0.759523,
		0,
		0.36103,
		-0.795471,
		-0.486707,
		0,
		0.731378,
		0.410501,
		0.610433,
		1,
	},
	[0.433333333333] = {
		0.837928,
		0.304048,
		0.453245,
		0,
		-0.284218,
		-0.465874,
		0.837963,
		0,
		0.465936,
		-0.830973,
		-0.303953,
		0,
		0.732759,
		0.434444,
		0.681253,
		1,
	},
	[0.45] = {
		0.824799,
		0.473952,
		0.308343,
		0,
		-0.240943,
		-0.198731,
		0.949975,
		0,
		0.51152,
		-0.857832,
		-0.049718,
		0,
		0.707462,
		0.600129,
		0.722845,
		1,
	},
	[0.466666666667] = {
		0.834838,
		0.550475,
		-0.004741,
		0,
		-0.15292,
		0.24017,
		0.95861,
		0,
		0.52883,
		-0.799559,
		0.284682,
		0,
		0.651701,
		0.873723,
		0.669976,
		1,
	},
	[0.483333333333] = {
		0.848508,
		0.469258,
		-0.244603,
		0,
		-0.113355,
		0.612674,
		0.782164,
		0,
		0.516899,
		-0.635946,
		0.573052,
		0,
		0.516443,
		1.119423,
		0.552348,
		1,
	},
	[0.4] = {
		0.927503,
		0.012824,
		0.373596,
		0,
		-0.262315,
		-0.689704,
		0.674907,
		0,
		0.266326,
		-0.723978,
		-0.636338,
		0,
		0.737541,
		0.402643,
		0.561981,
		1,
	},
	[0.516666666667] = {
		0.805556,
		0.281369,
		-0.52145,
		0,
		-0.450262,
		0.862752,
		-0.23005,
		0,
		0.385153,
		0.420108,
		0.821685,
		0,
		0.162618,
		1.5391,
		-0.111885,
		1,
	},
	[0.533333333333] = {
		0.755724,
		0.222326,
		-0.615997,
		0,
		-0.645312,
		0.413092,
		-0.642595,
		0,
		0.111597,
		0.883134,
		0.455653,
		0,
		-0.058929,
		1.483737,
		-0.497651,
		1,
	},
	[0.55] = {
		0.823921,
		0.134387,
		-0.55054,
		0,
		-0.564446,
		0.10795,
		-0.818381,
		0,
		-0.050549,
		0.985031,
		0.164796,
		0,
		-0.237728,
		1.312272,
		-0.87679,
		1,
	},
	[0.566666666667] = {
		0.686534,
		-0.061387,
		-0.724502,
		0,
		-0.713748,
		-0.246962,
		-0.655418,
		0,
		-0.13869,
		0.967079,
		-0.213362,
		0,
		-0.503833,
		0.949689,
		-1.207809,
		1,
	},
	[0.583333333333] = {
		0.609921,
		-0.551887,
		-0.568698,
		0,
		-0.790622,
		-0.472652,
		-0.389252,
		0,
		-0.053973,
		0.687038,
		-0.724614,
		0,
		-0.587044,
		0.556827,
		-1.434836,
		1,
	},
	[0.5] = {
		0.822241,
		0.381583,
		-0.422272,
		0,
		-0.206869,
		0.891578,
		0.402856,
		0,
		0.530212,
		-0.24389,
		0.81203,
		0,
		0.395264,
		1.388142,
		0.29592,
		1,
	},
	[0.616666666667] = {
		0.824814,
		-0.464334,
		-0.322608,
		0,
		-0.559207,
		-0.754197,
		-0.344202,
		0,
		-0.083486,
		0.464308,
		-0.881731,
		0,
		-0.546356,
		0.199502,
		-1.517863,
		1,
	},
	[0.633333333333] = {
		0.841509,
		-0.425637,
		-0.33271,
		0,
		-0.528434,
		-0.776562,
		-0.343087,
		0,
		-0.11234,
		0.464526,
		-0.878405,
		0,
		-0.481185,
		0.06572,
		-1.543376,
		1,
	},
	[0.65] = {
		0.834852,
		-0.391163,
		-0.387317,
		0,
		-0.528019,
		-0.767951,
		-0.362555,
		0,
		-0.155623,
		0.507191,
		-0.847667,
		0,
		-0.398083,
		-0.051117,
		-1.567204,
		1,
	},
	[0.666666666667] = {
		0.81524,
		-0.355386,
		-0.457257,
		0,
		-0.544625,
		-0.738921,
		-0.39671,
		0,
		-0.196892,
		0.572448,
		-0.79595,
		0,
		-0.305982,
		-0.142273,
		-1.588022,
		1,
	},
	[0.683333333333] = {
		0.796666,
		-0.319296,
		-0.5132,
		0,
		-0.564113,
		-0.697661,
		-0.441639,
		0,
		-0.217026,
		0.641341,
		-0.735922,
		0,
		-0.213453,
		-0.198508,
		-1.605676,
		1,
	},
	[0.6] = {
		0.768142,
		-0.510179,
		-0.386879,
		0,
		-0.635818,
		-0.679003,
		-0.367001,
		0,
		-0.075456,
		0.527893,
		-0.845952,
		0,
		-0.584277,
		0.344034,
		-1.490611,
		1,
	},
	[0.716666666667] = {
		0.818446,
		-0.288045,
		-0.497169,
		0,
		-0.559595,
		-0.595941,
		-0.575942,
		0,
		-0.130386,
		0.74959,
		-0.648933,
		0,
		-0.041148,
		-0.194093,
		-1.634693,
		1,
	},
	[0.733333333333] = {
		0.842095,
		-0.304392,
		-0.44522,
		0,
		-0.538997,
		-0.503927,
		-0.674937,
		0,
		-0.018913,
		0.808333,
		-0.588421,
		0,
		0.061847,
		-0.169549,
		-1.640132,
		1,
	},
	[0.75] = {
		0.861066,
		-0.340244,
		-0.377888,
		0,
		-0.494229,
		-0.385205,
		-0.77933,
		0,
		0.119598,
		0.857817,
		-0.499846,
		0,
		0.175547,
		-0.139898,
		-1.63853,
		1,
	},
	[0.766666666667] = {
		0.868996,
		-0.390358,
		-0.304084,
		0,
		-0.419091,
		-0.253899,
		-0.871721,
		0,
		0.263076,
		0.884961,
		-0.384233,
		0,
		0.293138,
		-0.109102,
		-1.630558,
		1,
	},
	[0.783333333333] = {
		0.86446,
		-0.445394,
		-0.233093,
		0,
		-0.319453,
		-0.128699,
		-0.938822,
		0,
		0.388147,
		0.886037,
		-0.253538,
		0,
		0.405197,
		-0.081259,
		-1.618768,
		1,
	},
	[0.7] = {
		0.797785,
		-0.293089,
		-0.526913,
		0,
		-0.569246,
		-0.654184,
		-0.497999,
		0,
		-0.19874,
		0.697239,
		-0.688738,
		0,
		-0.128657,
		-0.21088,
		-1.621978,
		1,
	},
	[0.816666666667] = {
		0.842311,
		-0.523804,
		-0.127051,
		0,
		-0.121076,
		0.045815,
		-0.991585,
		0,
		0.525217,
		0.850606,
		-0.024829,
		0,
		0.5644,
		-0.062316,
		-1.555056,
		1,
	},
	[0.833333333333] = {
		0.84442,
		-0.527112,
		-0.095433,
		0,
		-0.060452,
		0.083245,
		-0.994694,
		0,
		0.532259,
		0.845709,
		0.038429,
		0,
		0.590914,
		-0.072958,
		-1.512003,
		1,
	},
	[0.85] = {
		0.859789,
		-0.505112,
		-0.074994,
		0,
		-0.033319,
		0.091055,
		-0.995288,
		0,
		0.509561,
		0.858237,
		0.061458,
		0,
		0.591292,
		-0.091913,
		-1.47822,
		1,
	},
	[0.866666666667] = {
		0.882317,
		-0.466443,
		-0.062834,
		0,
		-0.029999,
		0.077497,
		-0.996541,
		0,
		0.469699,
		0.88115,
		0.054384,
		0,
		0.584296,
		-0.116069,
		-1.457285,
		1,
	},
	[0.883333333333] = {
		0.908476,
		-0.413519,
		-0.060609,
		0,
		-0.046048,
		0.045098,
		-0.997921,
		0,
		0.415393,
		0.909378,
		0.021929,
		0,
		0.571345,
		-0.144732,
		-1.447098,
		1,
	},
	[0.8] = {
		0.852337,
		-0.493589,
		-0.172891,
		0,
		-0.213081,
		-0.025842,
		-0.976693,
		0,
		0.477617,
		0.869311,
		-0.1272,
		0,
		0.499493,
		-0.064199,
		-1.594738,
		1,
	},
	[0.916666666667] = {
		0.955569,
		-0.279681,
		-0.093094,
		0,
		-0.116415,
		-0.067928,
		-0.990875,
		0,
		0.270805,
		0.957687,
		-0.097469,
		0,
		0.53341,
		-0.211988,
		-1.448783,
		1,
	},
	[0.933333333333] = {
		0.969479,
		-0.208851,
		-0.128423,
		0,
		-0.160191,
		-0.143044,
		-0.976666,
		0,
		0.185608,
		0.967429,
		-0.172134,
		0,
		0.511615,
		-0.248359,
		-1.455258,
		1,
	},
	[0.95] = {
		0.974361,
		-0.142967,
		-0.173726,
		0,
		-0.202926,
		-0.224954,
		-0.953004,
		0,
		0.097168,
		0.963824,
		-0.248199,
		0,
		0.490211,
		-0.28438,
		-1.462146,
		1,
	},
	[0.966666666667] = {
		0.970569,
		-0.086898,
		-0.224601,
		0,
		-0.240585,
		-0.308227,
		-0.920388,
		0,
		0.010752,
		0.947336,
		-0.320062,
		0,
		0.470823,
		-0.317848,
		-1.46747,
		1,
	},
	[0.983333333333] = {
		0.960287,
		-0.043781,
		-0.275558,
		0,
		-0.270571,
		-0.387246,
		-0.881381,
		0,
		-0.068121,
		0.920936,
		-0.383713,
		0,
		0.454816,
		-0.346266,
		-1.469825,
		1,
	},
	[0.9] = {
		0.934203,
		-0.349743,
		-0.070314,
		0,
		-0.076589,
		-0.004126,
		-0.997054,
		0,
		0.348422,
		0.936837,
		-0.030641,
		0,
		0.553874,
		-0.177021,
		-1.445164,
		1,
	},
	{
		0.946987,
		-0.014674,
		-0.320937,
		0,
		-0.291846,
		-0.456944,
		-0.840255,
		0,
		-0.134321,
		0.889374,
		-0.437002,
		0,
		0.443203,
		-0.367071,
		-1.468337,
		1,
	},
}

return spline_matrices
