-- chunkname: @content/characters/player/ogryn/first_person/animations/club_ogryn/swing_down_right.lua

local spline_matrices = {
	[0.0166666666667] = {
		0.13404,
		0.433671,
		0.891046,
		0,
		-0.032935,
		0.900613,
		-0.433373,
		0,
		-0.990429,
		0.028743,
		0.135001,
		0,
		0.640119,
		0.942524,
		-1.315799,
		1,
	},
	[0.0333333333333] = {
		0.049682,
		0.364055,
		0.930052,
		0,
		-0.166342,
		0.921212,
		-0.351709,
		0,
		-0.984816,
		-0.137233,
		0.106325,
		0,
		0.499602,
		0.809849,
		-1.293454,
		1,
	},
	[0.05] = {
		-0.032338,
		0.269704,
		0.9624,
		0,
		-0.316604,
		0.910552,
		-0.265812,
		0,
		-0.948006,
		-0.313296,
		0.055944,
		0,
		0.320347,
		0.642996,
		-1.265638,
		1,
	},
	[0.0666666666667] = {
		-0.102791,
		0.150188,
		0.983299,
		0,
		-0.476642,
		0.860217,
		-0.181215,
		0,
		-0.873067,
		-0.487309,
		-0.016837,
		0,
		0.13399,
		0.491507,
		-1.231252,
		1,
	},
	[0.0833333333333] = {
		-0.151164,
		0.011049,
		0.988447,
		0,
		-0.633706,
		0.766349,
		-0.10548,
		0,
		-0.758661,
		-0.64233,
		-0.108842,
		0,
		-0.026137,
		0.406071,
		-1.189977,
		1,
	},
	[0] = {
		0.214496,
		0.482535,
		0.849206,
		0,
		0.081825,
		0.857509,
		-0.507921,
		0,
		-0.973291,
		0.178434,
		0.144449,
		0,
		0.711741,
		0.991714,
		-1.334568,
		1,
	},
	[0.116666666667] = {
		-0.15561,
		-0.273947,
		0.949073,
		0,
		-0.878599,
		0.477519,
		-0.00622,
		0,
		-0.451496,
		-0.834823,
		-0.314996,
		0,
		-0.308086,
		0.343331,
		-1.043735,
		1,
	},
	[0.133333333333] = {
		-0.115845,
		-0.390008,
		0.913495,
		0,
		-0.948149,
		0.317457,
		0.015295,
		0,
		-0.295961,
		-0.864358,
		-0.406562,
		0,
		-0.446898,
		0.324262,
		-0.946496,
		1,
	},
	[0.15] = {
		-0.061007,
		-0.475848,
		0.877409,
		0,
		-0.984633,
		0.172802,
		0.025253,
		0,
		-0.163635,
		-0.862385,
		-0.479077,
		0,
		-0.578185,
		0.318845,
		-0.847995,
		1,
	},
	[0.166666666667] = {
		-0.002759,
		-0.530124,
		0.847916,
		0,
		-0.997844,
		0.057063,
		0.032429,
		0,
		-0.065576,
		-0.845998,
		-0.529139,
		0,
		-0.699275,
		0.329158,
		-0.758619,
		1,
	},
	[0.183333333333] = {
		0.049762,
		-0.55546,
		0.830053,
		0,
		-0.998738,
		-0.021986,
		0.045163,
		0,
		-0.006837,
		-0.831253,
		-0.555853,
		0,
		-0.807651,
		0.355961,
		-0.66995,
		1,
	},
	[0.1] = {
		-0.169349,
		-0.135591,
		0.976184,
		0,
		-0.772059,
		0.633892,
		-0.04589,
		0,
		-0.612573,
		-0.761444,
		-0.212033,
		0,
		-0.165748,
		0.372163,
		-1.128884,
		1,
	},
	[0.216666666667] = {
		0.132383,
		-0.531316,
		0.836767,
		0,
		-0.991198,
		-0.072128,
		0.111017,
		0,
		0.001369,
		-0.844098,
		-0.536187,
		0,
		-0.97088,
		0.454735,
		-0.454857,
		1,
	},
	[0.233333333333] = {
		0.168572,
		-0.494145,
		0.85288,
		0,
		-0.985173,
		-0.056475,
		0.161999,
		0,
		-0.031884,
		-0.867543,
		-0.496339,
		0,
		-1.01514,
		0.521006,
		-0.336057,
		1,
	},
	[0.25] = {
		0.205221,
		-0.448066,
		0.870127,
		0,
		-0.975458,
		-0.021157,
		0.219169,
		0,
		-0.079793,
		-0.89375,
		-0.441411,
		0,
		-1.026667,
		0.594943,
		-0.215859,
		1,
	},
	[0.266666666667] = {
		0.244018,
		-0.399107,
		0.883837,
		0,
		-0.960317,
		0.027504,
		0.277553,
		0,
		-0.135082,
		-0.916492,
		-0.376558,
		0,
		-1.010009,
		0.673951,
		-0.098915,
		1,
	},
	[0.283333333333] = {
		0.284963,
		-0.354095,
		0.890737,
		0,
		-0.939436,
		0.081427,
		0.332912,
		0,
		-0.190413,
		-0.931658,
		-0.309446,
		0,
		-0.97587,
		0.755231,
		0.010348,
		1,
	},
	[0.2] = {
		0.0938,
		-0.553966,
		0.827238,
		0,
		-0.995511,
		-0.062696,
		0.070896,
		0,
		0.012591,
		-0.830175,
		-0.55736,
		0,
		-0.899822,
		0.398784,
		-0.567628,
		1,
	},
	[0.316666666667] = {
		0.362721,
		-0.311278,
		0.878373,
		0,
		-0.886482,
		0.17541,
		0.428231,
		0,
		-0.287374,
		-0.93399,
		-0.212317,
		0,
		-0.870101,
		0.913155,
		0.190641,
		1,
	},
	[0.333333333333] = {
		0.393298,
		-0.321516,
		0.861362,
		0,
		-0.852773,
		0.222605,
		0.472467,
		0,
		-0.343649,
		-0.920366,
		-0.18663,
		0,
		-0.804837,
		0.989761,
		0.255815,
		1,
	},
	[0.35] = {
		0.42441,
		-0.328347,
		0.843839,
		0,
		-0.811118,
		0.276344,
		0.515481,
		0,
		-0.402447,
		-0.903229,
		-0.149045,
		0,
		-0.734943,
		1.066214,
		0.300809,
		1,
	},
	[0.366666666667] = {
		0.465334,
		-0.310325,
		0.828953,
		0,
		-0.758297,
		0.343305,
		0.554191,
		0,
		-0.456563,
		-0.886476,
		-0.075567,
		0,
		-0.663585,
		1.144398,
		0.322811,
		1,
	},
	[0.383333333333] = {
		0.527777,
		-0.245999,
		0.81298,
		0,
		-0.690747,
		0.43269,
		0.579352,
		0,
		-0.494288,
		-0.867332,
		0.058441,
		0,
		-0.593196,
		1.22735,
		0.325569,
		1,
	},
	[0.3] = {
		0.326355,
		-0.320173,
		0.889372,
		0,
		-0.914546,
		0.130898,
		0.382716,
		0,
		-0.238952,
		-0.938272,
		-0.250093,
		0,
		-0.928024,
		0.835414,
		0.107978,
		1,
	},
	[0.416666666667] = {
		0.749476,
		0.089697,
		0.655927,
		0,
		-0.506291,
		0.716039,
		0.480581,
		0,
		-0.426563,
		-0.692274,
		0.582066,
		0,
		-0.370541,
		1.412801,
		0.223794,
		1,
	},
	[0.433333333333] = {
		0.902596,
		-0.003397,
		0.430475,
		0,
		0.241637,
		0.831579,
		-0.500089,
		0,
		-0.356275,
		0.555397,
		0.751401,
		0,
		0.055185,
		1.577633,
		-0.234949,
		1,
	},
	[0.45] = {
		0.873632,
		-0.02704,
		0.485835,
		0,
		0.409409,
		0.58044,
		-0.703899,
		0,
		-0.262965,
		0.813854,
		0.518162,
		0,
		0.347834,
		1.575858,
		-0.598771,
		1,
	},
	[0.466666666667] = {
		0.774983,
		0.000782,
		0.631982,
		0,
		0.60164,
		0.30522,
		-0.738153,
		0,
		-0.193471,
		0.952282,
		0.236069,
		0,
		0.607457,
		1.448898,
		-0.91722,
		1,
	},
	[0.483333333333] = {
		0.823875,
		0.035401,
		0.565664,
		0,
		0.563297,
		0.059196,
		-0.824131,
		0,
		-0.06266,
		0.997618,
		0.028829,
		0,
		0.680096,
		1.237258,
		-1.040606,
		1,
	},
	[0.4] = {
		0.636576,
		-0.088051,
		0.766171,
		0,
		-0.652771,
		0.467516,
		0.596086,
		0,
		-0.410683,
		-0.879588,
		0.240133,
		0,
		-0.515656,
		1.298163,
		0.305158,
		1,
	},
	[0.516666666667] = {
		0.942749,
		-0.058279,
		0.328371,
		0,
		0.306703,
		-0.23521,
		-0.922285,
		0,
		0.130986,
		0.970196,
		-0.203869,
		0,
		0.778121,
		0.80582,
		-1.252782,
		1,
	},
	[0.533333333333] = {
		0.962783,
		-0.159137,
		0.218461,
		0,
		0.167897,
		-0.281264,
		-0.944829,
		0,
		0.211803,
		0.946343,
		-0.244078,
		0,
		0.80739,
		0.618225,
		-1.330641,
		1,
	},
	[0.55] = {
		0.958709,
		-0.259781,
		0.115718,
		0,
		0.037717,
		-0.28716,
		-0.95714,
		0,
		0.281877,
		0.921983,
		-0.265505,
		0,
		0.819054,
		0.465205,
		-1.384541,
		1,
	},
	[0.566666666667] = {
		0.941184,
		-0.335966,
		0.036041,
		0,
		-0.062858,
		-0.278892,
		-0.958263,
		0,
		0.331996,
		0.899637,
		-0.283607,
		0,
		0.812281,
		0.357422,
		-1.408654,
		1,
	},
	[0.583333333333] = {
		0.920968,
		-0.389039,
		-0.021608,
		0,
		-0.136361,
		-0.269864,
		-0.953194,
		0,
		0.364998,
		0.880808,
		-0.301585,
		0,
		0.79521,
		0.276634,
		-1.41562,
		1,
	},
	[0.5] = {
		0.900869,
		0.014107,
		0.433862,
		0,
		0.43182,
		-0.131241,
		-0.892361,
		0,
		0.044352,
		0.99125,
		-0.124323,
		0,
		0.732393,
		1.015423,
		-1.157166,
		1,
	},
	[0.616666666667] = {
		0.874776,
		-0.471031,
		-0.113564,
		0,
		-0.24804,
		-0.234001,
		-0.940064,
		0,
		0.416226,
		0.850513,
		-0.321533,
		0,
		0.758021,
		0.122164,
		-1.426854,
		1,
	},
	[0.633333333333] = {
		0.851729,
		-0.501923,
		-0.150435,
		0,
		-0.288815,
		-0.210151,
		-0.934036,
		0,
		0.4372,
		0.838993,
		-0.323954,
		0,
		0.738267,
		0.0489,
		-1.431359,
		1,
	},
	[0.65] = {
		0.829797,
		-0.527292,
		-0.18276,
		0,
		-0.321339,
		-0.183706,
		-0.928974,
		0,
		0.456266,
		0.829588,
		-0.321878,
		0,
		0.717933,
		-0.021149,
		-1.435182,
		1,
	},
	[0.666666666667] = {
		0.809304,
		-0.547989,
		-0.211508,
		0,
		-0.346903,
		-0.155325,
		-0.92495,
		0,
		0.47401,
		0.821938,
		-0.315805,
		0,
		0.697208,
		-0.087475,
		-1.438326,
		1,
	},
	[0.683333333333] = {
		0.790312,
		-0.564793,
		-0.237522,
		0,
		-0.366721,
		-0.125479,
		-0.92183,
		0,
		0.490839,
		0.815638,
		-0.306289,
		0,
		0.676322,
		-0.149529,
		-1.440789,
		1,
	},
	[0.6] = {
		0.898249,
		-0.433709,
		-0.071035,
		0,
		-0.197667,
		-0.254331,
		-0.946701,
		0,
		0.392526,
		0.864414,
		-0.314182,
		0,
		0.777047,
		0.198197,
		-1.421639,
		1,
	},
	[0.716666666667] = {
		0.75614,
		-0.589463,
		-0.284227,
		0,
		-0.393604,
		-0.062673,
		-0.917141,
		0,
		0.522807,
		0.805361,
		-0.279405,
		0,
		0.635219,
		-0.258522,
		-1.443688,
		1,
	},
	[0.733333333333] = {
		0.740277,
		-0.598534,
		-0.306181,
		0,
		-0.402771,
		-0.030185,
		-0.914803,
		0,
		0.538299,
		0.800529,
		-0.263417,
		0,
		0.615674,
		-0.304294,
		-1.444162,
		1,
	},
	[0.75] = {
		0.724596,
		-0.606134,
		-0.327967,
		0,
		-0.410423,
		0.002771,
		-0.911891,
		0,
		0.553637,
		0.795357,
		-0.246763,
		0,
		0.597303,
		-0.343474,
		-1.444025,
		1,
	},
	[0.766666666667] = {
		0.70851,
		-0.612726,
		-0.350114,
		0,
		-0.417521,
		0.036019,
		-0.907953,
		0,
		0.568938,
		0.789474,
		-0.230306,
		0,
		0.580509,
		-0.375479,
		-1.443302,
		1,
	},
	[0.783333333333] = {
		0.691348,
		-0.618722,
		-0.373123,
		0,
		-0.424999,
		0.069389,
		-0.90253,
		0,
		0.584306,
		0.78254,
		-0.214984,
		0,
		0.565741,
		-0.399577,
		-1.441526,
		1,
	},
	[0.7] = {
		0.772685,
		-0.578406,
		-0.261542,
		0,
		-0.38193,
		-0.094508,
		-0.919346,
		0,
		0.507038,
		0.810256,
		-0.293935,
		0,
		0.655553,
		-0.206739,
		-1.442572,
		1,
	},
	[0.816666666667] = {
		0.65069,
		-0.630291,
		-0.423479,
		0,
		-0.44464,
		0.135818,
		-0.885352,
		0,
		0.615546,
		0.764386,
		-0.191877,
		0,
		0.545013,
		-0.416242,
		-1.418825,
		1,
	},
	[0.833333333333] = {
		0.625422,
		-0.636397,
		-0.451494,
		0,
		-0.458424,
		0.168553,
		-0.872604,
		0,
		0.631423,
		0.752721,
		-0.186323,
		0,
		0.538851,
		-0.41318,
		-1.414329,
		1,
	},
	[0.8] = {
		0.672356,
		-0.624477,
		-0.397449,
		0,
		-0.433757,
		0.102711,
		-0.895157,
		0,
		0.599827,
		0.77426,
		-0.201813,
		0,
		0.554102,
		-0.41167,
		-1.428045,
		1,
	},
}

return spline_matrices
