local spline_matrices = {
	[0] = {
		0.417349,
		-0.163266,
		0.89396,
		0,
		0.585838,
		-0.703688,
		-0.402017,
		0,
		0.694704,
		0.691497,
		-0.198037,
		0,
		0.712766,
		-0.000421,
		-1.110469,
		1
	},
	{
		0.948117,
		-0.313252,
		-0.054295,
		0,
		-0.076549,
		-0.059175,
		-0.995308,
		0,
		0.30857,
		0.947824,
		-0.080084,
		0,
		0.724484,
		-0.066416,
		-1.32487,
		1
	},
	[0.0166666666667] = {
		0.850882,
		-0.429159,
		0.303023,
		0,
		0.174494,
		-0.313183,
		-0.933525,
		0,
		0.495532,
		0.847195,
		-0.191596,
		0,
		0.719865,
		-0.03558,
		-1.247309,
		1
	},
	[0.0333333333333] = {
		0.876694,
		-0.462156,
		-0.133489,
		0,
		-0.152371,
		-0.003577,
		-0.988317,
		0,
		0.456279,
		0.886791,
		-0.073555,
		0,
		0.712853,
		-0.039421,
		-1.318605,
		1
	},
	[0.05] = {
		0.825246,
		-0.536687,
		-0.175886,
		0,
		-0.189838,
		0.029711,
		-0.981366,
		0,
		0.531912,
		0.843258,
		-0.077365,
		0,
		0.704445,
		-0.012937,
		-1.312289,
		1
	},
	[0.0666666666667] = {
		0.761717,
		-0.608921,
		-0.221365,
		0,
		-0.227392,
		0.06868,
		-0.971378,
		0,
		0.606696,
		0.790252,
		-0.086149,
		0,
		0.694367,
		0.021553,
		-1.303973,
		1
	},
	[0.0833333333333] = {
		0.685153,
		-0.676335,
		-0.270436,
		0,
		-0.264644,
		0.114764,
		-0.957493,
		0,
		0.678623,
		0.727599,
		-0.100357,
		0,
		0.682758,
		0.063555,
		-1.293714,
		1
	},
	[0.116666666667] = {
		0.491818,
		-0.783909,
		-0.378947,
		0,
		-0.333656,
		0.232317,
		-0.91362,
		0,
		0.804231,
		0.575773,
		-0.147298,
		0,
		0.656003,
		0.167913,
		-1.267421,
		1
	},
	[0.133333333333] = {
		0.376668,
		-0.816988,
		-0.436637,
		0,
		-0.361747,
		0.3042,
		-0.88125,
		0,
		0.852795,
		0.489891,
		-0.18096,
		0,
		0.641647,
		0.228974,
		-1.251355,
		1
	},
	[0.15] = {
		0.25215,
		-0.831882,
		-0.494361,
		0,
		-0.382553,
		0.383561,
		-0.840556,
		0,
		0.888861,
		0.401065,
		-0.221524,
		0,
		0.627307,
		0.294887,
		-1.233319,
		1
	},
	[0.166666666667] = {
		0.121929,
		-0.826363,
		-0.54978,
		0,
		-0.393884,
		0.468143,
		-0.79101,
		0,
		0.911037,
		0.312996,
		-0.268411,
		0,
		0.613529,
		0.364667,
		-1.213337,
		1
	},
	[0.183333333333] = {
		-0.009463,
		-0.799667,
		-0.600369,
		0,
		-0.394094,
		0.554784,
		-0.732738,
		0,
		0.919021,
		0.229668,
		-0.320394,
		0,
		0.600831,
		0.437201,
		-1.191501,
		1
	},
	[0.1] = {
		0.595088,
		-0.735832,
		-0.323144,
		0,
		-0.300596,
		0.169108,
		-0.93864,
		0,
		0.745327,
		0.655709,
		-0.120554,
		0,
		0.669855,
		0.11254,
		-1.281532,
		1
	},
	[0.216666666667] = {
		-0.256582,
		-0.688434,
		-0.678398,
		0,
		-0.359321,
		0.719532,
		-0.594275,
		0,
		0.897248,
		0.091282,
		-0.431988,
		0,
		0.580299,
		0.585735,
		-1.143068,
		1
	},
	[0.233333333333] = {
		-0.363707,
		-0.610789,
		-0.703317,
		0,
		-0.326078,
		0.790736,
		-0.518083,
		0,
		0.872577,
		0.040906,
		-0.486761,
		0,
		0.573297,
		0.659331,
		-1.116941,
		1
	},
	[0.25] = {
		-0.455714,
		-0.524853,
		-0.718925,
		0,
		-0.285079,
		0.851183,
		-0.440702,
		0,
		0.843241,
		0.004117,
		-0.537521,
		0,
		0.569016,
		0.731023,
		-1.089873,
		1
	},
	[0.266666666667] = {
		-0.531571,
		-0.435529,
		-0.726462,
		0,
		-0.239271,
		0.899954,
		-0.36446,
		0,
		0.812515,
		-0.019915,
		-0.582599,
		0,
		0.567421,
		0.799986,
		-1.062254,
		1
	},
	[0.283333333333] = {
		-0.591505,
		-0.347171,
		-0.727732,
		0,
		-0.191644,
		0.937226,
		-0.291342,
		0,
		0.783195,
		-0.032865,
		-0.620907,
		0,
		0.568462,
		0.865547,
		-1.034429,
		1
	},
	[0.2] = {
		-0.137155,
		-0.752789,
		-0.643814,
		0,
		-0.38245,
		0.639802,
		-0.666623,
		0,
		0.91374,
		0.154796,
		-0.375656,
		0,
		0.589648,
		0.511291,
		-1.16799,
		1
	},
	[0.316666666667] = {
		-0.668622,
		-0.186369,
		-0.719869,
		0,
		-0.101385,
		0.981891,
		-0.160036,
		0,
		0.736658,
		-0.03402,
		-0.675409,
		0,
		0.578389,
		0.984335,
		-0.979204,
		1
	},
	[0.333333333333] = {
		-0.689215,
		-0.118127,
		-0.714862,
		0,
		-0.062852,
		0.992649,
		-0.103433,
		0,
		0.721825,
		-0.026357,
		-0.691573,
		0,
		0.587375,
		1.036656,
		-0.95215,
		1
	},
	[0.35] = {
		-0.701783,
		-0.054549,
		-0.710299,
		0,
		-0.026994,
		0.998384,
		-0.050002,
		0,
		0.711879,
		-0.015917,
		-0.702122,
		0,
		0.599099,
		1.079469,
		-0.923804,
		1
	},
	[0.366666666667] = {
		-0.702835,
		0.001776,
		-0.711351,
		0,
		0.006186,
		0.999974,
		-0.003615,
		0,
		0.711326,
		-0.006941,
		-0.702828,
		0,
		0.60285,
		1.127449,
		-0.892077,
		1
	},
	[0.383333333333] = {
		-0.691147,
		0.046829,
		-0.721196,
		0,
		0.0313,
		0.998902,
		0.034866,
		0,
		0.722036,
		0.001524,
		-0.691853,
		0,
		0.589871,
		1.192869,
		-0.855134,
		1
	},
	[0.3] = {
		-0.636644,
		-0.263271,
		-0.724826,
		0,
		-0.14492,
		0.964018,
		-0.222861,
		0,
		0.757418,
		-0.036842,
		-0.65189,
		0,
		0.57211,
		0.927154,
		-1.006677,
		1
	},
	[0.416666666667] = {
		-0.653247,
		0.113599,
		-0.748574,
		0,
		0.039378,
		0.99244,
		0.116244,
		0,
		0.75612,
		0.046459,
		-0.652782,
		0,
		0.522633,
		1.338745,
		-0.759645,
		1
	},
	[0.433333333333] = {
		-0.639509,
		0.139862,
		-0.755954,
		0,
		0.013003,
		0.985139,
		0.171265,
		0,
		0.768673,
		0.099696,
		-0.631824,
		0,
		0.472589,
		1.399939,
		-0.698411,
		1
	},
	[0.45] = {
		-0.639087,
		0.163145,
		-0.751633,
		0,
		-0.040372,
		0.968782,
		0.244605,
		0,
		0.768074,
		0.186669,
		-0.612549,
		0,
		0.4141,
		1.439619,
		-0.626208,
		1
	},
	[0.466666666667] = {
		-0.659961,
		0.171951,
		-0.731358,
		0,
		-0.142161,
		0.92729,
		0.346299,
		0,
		0.737728,
		0.332515,
		-0.58753,
		0,
		0.335471,
		1.455736,
		-0.538074,
		1
	},
	[0.483333333333] = {
		-0.692778,
		0.157551,
		-0.70373,
		0,
		-0.285388,
		0.836282,
		0.468173,
		0,
		0.662278,
		0.525176,
		-0.534395,
		0,
		0.231651,
		1.454021,
		-0.434602,
		1
	},
	[0.4] = {
		-0.672642,
		0.08328,
		-0.735267,
		0,
		0.04385,
		0.996386,
		0.07274,
		0,
		0.738668,
		0.016687,
		-0.673863,
		0,
		0.562403,
		1.266458,
		-0.811445,
		1
	},
	[0.516666666667] = {
		-0.715086,
		0.17257,
		-0.6774,
		0,
		-0.505574,
		0.541541,
		0.671661,
		0,
		0.482749,
		0.822771,
		-0.300002,
		0,
		0.076851,
		1.410458,
		-0.252403,
		1
	},
	[0.533333333333] = {
		-0.721966,
		0.217679,
		-0.656796,
		0,
		-0.562412,
		0.368327,
		0.740289,
		0,
		0.403061,
		0.903853,
		-0.143495,
		0,
		0.029466,
		1.378495,
		-0.167578,
		1
	},
	[0.55] = {
		-0.759631,
		0.225111,
		-0.610152,
		0,
		-0.599843,
		0.119997,
		0.791068,
		0,
		0.251294,
		0.966916,
		0.043877,
		0,
		-0.135067,
		1.249568,
		-0.037304,
		1
	},
	[0.566666666667] = {
		-0.790326,
		0.20749,
		-0.576484,
		0,
		-0.612624,
		-0.254135,
		0.748403,
		0,
		0.008781,
		0.94465,
		0.327962,
		0,
		-0.352815,
		1.068119,
		0.140856,
		1
	},
	[0.583333333333] = {
		-0.832151,
		0.258461,
		-0.490636,
		0,
		-0.540606,
		-0.575247,
		0.61387,
		0,
		-0.123576,
		0.776072,
		0.618418,
		0,
		-0.435704,
		0.837401,
		0.261729,
		1
	},
	[0.5] = {
		-0.710942,
		0.148731,
		-0.687343,
		0,
		-0.415763,
		0.699389,
		0.581375,
		0,
		0.567189,
		0.699095,
		-0.435388,
		0,
		0.139087,
		1.437094,
		-0.336861,
		1
	},
	[0.616666666667] = {
		-0.969823,
		0.216478,
		0.112168,
		0,
		-0.20327,
		-0.97195,
		0.118298,
		0,
		0.134631,
		0.091928,
		0.986622,
		0,
		-0.560028,
		-0.149391,
		0.305948,
		1
	},
	[0.633333333333] = {
		-0.974004,
		0.219242,
		0.057,
		0,
		-0.22307,
		-0.972079,
		-0.072812,
		0,
		0.039445,
		-0.083634,
		0.995716,
		0,
		-0.578335,
		-0.537776,
		0.323211,
		1
	},
	[0.65] = {
		-0.961291,
		0.265654,
		-0.073126,
		0,
		-0.258133,
		-0.961105,
		-0.098203,
		0,
		-0.09637,
		-0.075526,
		0.992476,
		0,
		-0.517791,
		-0.669571,
		0.301583,
		1
	},
	[0.666666666667] = {
		-0.974522,
		0.210008,
		-0.078765,
		0,
		-0.193722,
		-0.965082,
		-0.176321,
		0,
		-0.113044,
		-0.15657,
		0.981176,
		0,
		-0.372622,
		-0.672742,
		0.190844,
		1
	},
	[0.683333333333] = {
		-0.989869,
		0.115343,
		-0.0828,
		0,
		-0.091922,
		-0.965048,
		-0.245424,
		0,
		-0.108214,
		-0.235327,
		0.965873,
		0,
		-0.230887,
		-0.663267,
		0.062332,
		1
	},
	[0.6] = {
		-0.92746,
		0.320402,
		-0.192769,
		0,
		-0.373884,
		-0.801911,
		0.465992,
		0,
		-0.005279,
		0.504263,
		0.863534,
		0,
		-0.491965,
		0.389004,
		0.308027,
		1
	},
	[0.716666666667] = {
		-0.975262,
		-0.202202,
		-0.089326,
		0,
		0.221053,
		-0.891309,
		-0.395859,
		0,
		0.000427,
		-0.405811,
		0.913957,
		0,
		0.064698,
		-0.608593,
		-0.23091,
		1
	},
	[0.733333333333] = {
		-0.905505,
		-0.412046,
		-0.101382,
		0,
		0.408841,
		-0.783205,
		-0.468442,
		0,
		0.113617,
		-0.465626,
		0.877658,
		0,
		0.22184,
		-0.561815,
		-0.382696,
		1
	},
	[0.75] = {
		-0.768851,
		-0.628099,
		-0.119831,
		0,
		0.583007,
		-0.611622,
		-0.53481,
		0,
		0.262623,
		-0.481052,
		0.836432,
		0,
		0.374014,
		-0.500075,
		-0.531588,
		1
	},
	[0.766666666667] = {
		-0.56119,
		-0.815511,
		-0.141449,
		0,
		0.708345,
		-0.384805,
		-0.591753,
		0,
		0.428151,
		-0.432281,
		0.793612,
		0,
		0.510727,
		-0.425552,
		-0.672818,
		1
	},
	[0.783333333333] = {
		-0.299514,
		-0.940452,
		-0.160756,
		0,
		0.757475,
		-0.131945,
		-0.639392,
		0,
		0.580106,
		-0.313275,
		0.751888,
		0,
		0.62267,
		-0.344566,
		-0.802234,
		1
	},
	[0.7] = {
		-0.996225,
		-0.022732,
		-0.08378,
		0,
		0.048573,
		-0.945855,
		-0.320936,
		0,
		-0.071948,
		-0.323794,
		0.943388,
		0,
		-0.088397,
		-0.641578,
		-0.08109,
		1
	},
	[0.816666666667] = {
		0.250782,
		-0.951516,
		-0.178115,
		0,
		0.621469,
		0.299322,
		-0.724005,
		0,
		0.742216,
		0.070875,
		0.666402,
		0,
		0.754446,
		-0.195753,
		-1.012867,
		1
	},
	[0.833333333333] = {
		0.47789,
		-0.859789,
		-0.179955,
		0,
		0.475858,
		0.42559,
		-0.769696,
		0,
		0.738363,
		0.282197,
		0.612523,
		0,
		0.773922,
		-0.140711,
		-1.08771,
		1
	},
	[0.85] = {
		0.652056,
		-0.734655,
		-0.187364,
		0,
		0.309573,
		0.483574,
		-0.818732,
		0,
		0.692089,
		0.475856,
		0.542746,
		0,
		0.763798,
		-0.102727,
		-1.137022,
		1
	},
	[0.866666666667] = {
		0.702745,
		-0.694874,
		-0.152643,
		0,
		0.246246,
		0.438864,
		-0.864154,
		0,
		0.667467,
		0.569692,
		0.479519,
		0,
		0.75969,
		-0.088149,
		-1.17076,
		1
	},
	[0.883333333333] = {
		0.753154,
		-0.646454,
		-0.121887,
		0,
		0.18387,
		0.384763,
		-0.904516,
		0,
		0.631626,
		0.658828,
		0.408649,
		0,
		0.754788,
		-0.075878,
		-1.202819,
		1
	},
	[0.8] = {
		-0.01699,
		-0.984746,
		-0.173165,
		0,
		0.723689,
		0.107393,
		-0.68172,
		0,
		0.689918,
		-0.1369,
		0.710825,
		0,
		0.704363,
		-0.265445,
		-0.916573,
		1
	},
	[0.916666666667] = {
		0.842481,
		-0.533117,
		-0.077545,
		0,
		0.072709,
		0.255145,
		-0.964165,
		0,
		0.533798,
		0.806652,
		0.253717,
		0,
		0.744285,
		-0.059483,
		-1.258634,
		1
	},
	[0.933333333333] = {
		0.877688,
		-0.474841,
		-0.06473,
		0,
		0.027721,
		0.185149,
		-0.982319,
		0,
		0.47843,
		0.860375,
		0.175666,
		0,
		0.739393,
		-0.055503,
		-1.281056,
		1
	},
	[0.95] = {
		0.905513,
		-0.420417,
		-0.057412,
		0,
		-0.009137,
		0.115954,
		-0.993213,
		0,
		0.424221,
		0.899891,
		0.101156,
		0,
		0.735007,
		-0.054254,
		-1.299177,
		1
	},
	[0.966666666667] = {
		0.926101,
		-0.373347,
		-0.054311,
		0,
		-0.038143,
		0.050563,
		-0.997992,
		0,
		0.375344,
		0.926313,
		0.032586,
		0,
		0.731145,
		-0.055656,
		-1.312671,
		1
	},
	[0.983333333333] = {
		0.940061,
		-0.336729,
		-0.053834,
		0,
		-0.060201,
		-0.008486,
		-0.99815,
		0,
		0.335649,
		0.941563,
		-0.028249,
		0,
		0.727701,
		-0.059691,
		-1.321301,
		1
	},
	[0.9] = {
		0.800483,
		-0.59152,
		-0.096593,
		0,
		0.125257,
		0.322707,
		-0.938174,
		0,
		0.58612,
		0.738894,
		0.332414,
		0,
		0.749518,
		-0.066273,
		-1.232356,
		1
	}
}

return spline_matrices
