-- chunkname: @content/characters/player/ogryn/first_person/animations/club_ogryn/swing_right_diagonal.lua

local spline_matrices = {
	[0.0166666666667] = {
		-0.28071,
		-0.632055,
		0.722294,
		0,
		-0.934654,
		0.008907,
		-0.355447,
		0,
		0.218228,
		-0.774872,
		-0.593253,
		0,
		-0.675305,
		-0.078835,
		-0.794581,
		1
	},
	[0.0333333333333] = {
		-0.263159,
		-0.633007,
		0.728045,
		0,
		-0.948361,
		0.031215,
		-0.315654,
		0,
		0.177085,
		-0.773516,
		-0.608534,
		0,
		-0.694402,
		-0.075456,
		-0.759616,
		1
	},
	[0.05] = {
		-0.247506,
		-0.636291,
		0.730667,
		0,
		-0.959404,
		0.055702,
		-0.276482,
		0,
		0.135223,
		-0.769436,
		-0.624246,
		0,
		-0.713662,
		-0.073838,
		-0.724913,
		1
	},
	[0.0666666666667] = {
		-0.233537,
		-0.641356,
		0.730837,
		0,
		-0.967911,
		0.081619,
		-0.237668,
		0,
		0.09278,
		-0.76289,
		-0.639837,
		0,
		-0.732908,
		-0.073489,
		-0.690411,
		1
	},
	[0.0833333333333] = {
		-0.220947,
		-0.647653,
		0.729197,
		0,
		-0.974009,
		0.108278,
		-0.198955,
		0,
		0.049898,
		-0.754202,
		-0.654743,
		0,
		-0.751953,
		-0.07392,
		-0.656046,
		1
	},
	[0] = {
		-0.30028,
		-0.633951,
		0.712698,
		0,
		-0.918145,
		-0.010418,
		-0.396107,
		0,
		0.258537,
		-0.773303,
		-0.578931,
		0,
		-0.656541,
		-0.084466,
		-0.829864,
		1
	},
	[0.116666666667] = {
		-0.198274,
		-0.66185,
		0.72294,
		0,
		-0.979461,
		0.161381,
		-0.120883,
		0,
		-0.036662,
		-0.732059,
		-0.680254,
		0,
		-0.788665,
		-0.07518,
		-0.587479,
		1
	},
	[0.133333333333] = {
		-0.187183,
		-0.668799,
		0.719493,
		0,
		-0.979051,
		0.186768,
		-0.081101,
		0,
		-0.080137,
		-0.719601,
		-0.689748,
		0,
		-0.805919,
		-0.075046,
		-0.553158,
		1
	},
	[0.15] = {
		-0.175465,
		-0.675088,
		0.716567,
		0,
		-0.976689,
		0.210789,
		-0.040574,
		0,
		-0.123653,
		-0.706982,
		-0.696338,
		0,
		-0.822146,
		-0.073765,
		-0.518737,
		1
	},
	[0.166666666667] = {
		-0.162436,
		-0.680344,
		0.714666,
		0,
		-0.972454,
		0.233092,
		0.00087,
		0,
		-0.167175,
		-0.694838,
		-0.699466,
		0,
		-0.837111,
		-0.070861,
		-0.484158,
		1
	},
	[0.183333333333] = {
		-0.147343,
		-0.684216,
		0.71424,
		0,
		-0.966387,
		0.253403,
		0.043392,
		0,
		-0.21068,
		-0.683839,
		-0.698554,
		0,
		-0.850565,
		-0.065854,
		-0.449366,
		1
	},
	[0.1] = {
		-0.209348,
		-0.65465,
		0.726366,
		0,
		-0.977818,
		0.135053,
		-0.160101,
		0,
		0.006712,
		-0.74377,
		-0.668402,
		0,
		-0.770606,
		-0.074644,
		-0.621756,
		1
	},
	[0.216666666667] = {
		-0.107577,
		-0.686397,
		0.719226,
		0,
		-0.948648,
		0.287328,
		0.13232,
		0,
		-0.297478,
		-0.668058,
		-0.682059,
		0,
		-0.871892,
		-0.047568,
		-0.376041,
		1
	},
	[0.233333333333] = {
		-0.081017,
		-0.683905,
		0.725059,
		0,
		-0.936732,
		0.300791,
		0.179049,
		0,
		-0.340544,
		-0.66468,
		-0.665004,
		0,
		-0.879261,
		-0.033245,
		-0.332485,
		1
	},
	[0.25] = {
		-0.048613,
		-0.678352,
		0.733127,
		0,
		-0.922454,
		0.311969,
		0.227494,
		0,
		-0.383034,
		-0.665217,
		-0.640915,
		0,
		-0.884884,
		-0.014757,
		-0.284772,
		1
	},
	[0.266666666667] = {
		-0.009241,
		-0.669069,
		0.743143,
		0,
		-0.905416,
		0.321033,
		0.277775,
		0,
		-0.424424,
		-0.670287,
		-0.608753,
		0,
		-0.889173,
		0.008452,
		-0.234046,
		1
	},
	[0.283333333333] = {
		0.038256,
		-0.655197,
		0.754489,
		0,
		-0.885077,
		0.32828,
		0.329955,
		0,
		-0.46387,
		-0.680403,
		-0.567342,
		0,
		-0.891565,
		0.036942,
		-0.181428,
		1
	},
	[0.2] = {
		-0.129358,
		-0.686357,
		0.715668,
		0,
		-0.958478,
		0.271521,
		0.087155,
		0,
		-0.254139,
		-0.674677,
		-0.692982,
		0,
		-0.862238,
		-0.058261,
		-0.414297,
		1
	},
	[0.316666666667] = {
		0.194833,
		-0.603169,
		0.773452,
		0,
		-0.838977,
		0.306006,
		0.449975,
		0,
		-0.508092,
		-0.736579,
		-0.446425,
		0,
		-0.886917,
		0.09606,
		-0.072933,
		1
	},
	[0.333333333333] = {
		0.340935,
		-0.544701,
		0.766201,
		0,
		-0.81196,
		0.240151,
		0.532023,
		0,
		-0.473797,
		-0.80351,
		-0.3604,
		0,
		-0.875079,
		0.110474,
		-0.016768,
		1
	},
	[0.35] = {
		0.489098,
		-0.460654,
		0.740663,
		0,
		-0.765189,
		0.18097,
		0.617848,
		0,
		-0.418652,
		-0.868935,
		-0.263975,
		0,
		-0.855505,
		0.137261,
		0.03682,
		1
	},
	[0.366666666667] = {
		0.60652,
		-0.369462,
		0.704011,
		0,
		-0.701265,
		0.168655,
		0.692664,
		0,
		-0.374648,
		-0.913813,
		-0.156798,
		0,
		-0.831211,
		0.197465,
		0.084453,
		1
	},
	[0.383333333333] = {
		0.677565,
		-0.29809,
		0.672345,
		0,
		-0.630444,
		0.235367,
		0.739691,
		0,
		-0.378742,
		-0.925065,
		-0.028453,
		0,
		-0.806694,
		0.31024,
		0.123069,
		1
	},
	[0.3] = {
		0.094986,
		-0.635653,
		0.766109,
		0,
		-0.860751,
		0.334165,
		0.383982,
		0,
		-0.500086,
		-0.695902,
		-0.515397,
		0,
		-0.891437,
		0.071311,
		-0.128053,
		1
	},
	[0.416666666667] = {
		0.577383,
		-0.276882,
		0.768092,
		0,
		-0.354214,
		0.762657,
		0.54119,
		0,
		-0.735636,
		-0.584543,
		0.34227,
		0,
		-0.668477,
		0.862135,
		0.141566,
		1
	},
	[0.433333333333] = {
		0.4493,
		-0.197822,
		0.871204,
		0,
		0.022992,
		0.977414,
		0.210081,
		0,
		-0.893085,
		-0.074359,
		0.4437,
		0,
		-0.39931,
		1.244376,
		0.094775,
		1
	},
	[0.45] = {
		0.49606,
		-0.090972,
		0.86351,
		0,
		0.413454,
		0.899261,
		-0.142778,
		0,
		-0.763532,
		0.427848,
		0.4837,
		0,
		-0.013285,
		1.468035,
		-0.077744,
		1
	},
	[0.466666666667] = {
		0.574569,
		-0.048428,
		0.817022,
		0,
		0.66564,
		0.608493,
		-0.432042,
		0,
		-0.47623,
		0.79208,
		0.381856,
		0,
		0.405409,
		1.545659,
		-0.333161,
		1
	},
	[0.483333333333] = {
		0.55441,
		-0.051714,
		0.830635,
		0,
		0.788173,
		0.353102,
		-0.504085,
		0,
		-0.267231,
		0.934155,
		0.236523,
		0,
		0.800809,
		1.443073,
		-0.545903,
		1
	},
	[0.4] = {
		0.693454,
		-0.26783,
		0.668871,
		0,
		-0.547217,
		0.408117,
		0.730749,
		0,
		-0.468694,
		-0.872759,
		0.136449,
		0,
		-0.784192,
		0.495564,
		0.148377,
		1
	},
	[0.516666666667] = {
		0.531225,
		-0.069274,
		0.844394,
		0,
		0.845831,
		-0.013901,
		-0.53327,
		0,
		0.04868,
		0.997501,
		0.05121,
		0,
		1.300281,
		1.11816,
		-0.835399,
		1
	},
	[0.533333333333] = {
		0.543902,
		-0.083688,
		0.834966,
		0,
		0.822633,
		-0.143267,
		-0.550227,
		0,
		0.16567,
		0.986139,
		-0.009079,
		0,
		1.391851,
		0.967239,
		-0.901427,
		1
	},
	[0.55] = {
		0.52503,
		-0.077019,
		0.847591,
		0,
		0.803061,
		-0.28497,
		-0.523341,
		0,
		0.281845,
		0.955437,
		-0.087767,
		0,
		1.46815,
		0.829742,
		-0.941268,
		1
	},
	[0.566666666667] = {
		0.493788,
		-0.05328,
		0.867948,
		0,
		0.774374,
		-0.427161,
		-0.466774,
		0,
		0.395624,
		0.902604,
		-0.169669,
		0,
		1.525193,
		0.691164,
		-0.959608,
		1
	},
	[0.583333333333] = {
		0.457316,
		-0.017458,
		0.889133,
		0,
		0.73251,
		-0.559537,
		-0.387746,
		0,
		0.504272,
		0.828621,
		-0.243097,
		0,
		1.566734,
		0.556272,
		-0.962638,
		1
	},
	[0.5] = {
		0.515824,
		-0.056431,
		0.854834,
		0,
		0.851423,
		0.144296,
		-0.50424,
		0,
		-0.094895,
		0.987924,
		0.122478,
		0,
		1.130939,
		1.273794,
		-0.725396,
		1
	},
	[0.616666666667] = {
		0.391397,
		0.056821,
		0.918466,
		0,
		0.60802,
		-0.765158,
		-0.211767,
		0,
		0.690739,
		0.641331,
		-0.334029,
		0,
		1.621045,
		0.31834,
		-0.953819,
		1
	},
	[0.633333333333] = {
		0.368084,
		0.075231,
		0.926744,
		0,
		0.530564,
		-0.835512,
		-0.142904,
		0,
		0.763555,
		0.544298,
		-0.347454,
		0,
		1.645439,
		0.221686,
		-0.958768,
		1
	},
	[0.65] = {
		0.343065,
		0.074066,
		0.936387,
		0,
		0.442305,
		-0.892187,
		-0.091478,
		0,
		0.828657,
		0.445551,
		-0.338838,
		0,
		1.672218,
		0.1389,
		-0.971211,
		1
	},
	[0.666666666667] = {
		0.308253,
		0.061087,
		0.949341,
		0,
		0.341151,
		-0.938658,
		-0.050373,
		0,
		0.888029,
		0.339396,
		-0.310184,
		0,
		1.697908,
		0.066277,
		-0.984315,
		1
	},
	[0.683333333333] = {
		0.2663,
		0.042035,
		0.962973,
		0,
		0.232359,
		-0.972385,
		-0.02181,
		0,
		0.935464,
		0.229564,
		-0.268713,
		0,
		1.720507,
		0.003642,
		-0.998905,
		1
	},
	[0.6] = {
		0.421828,
		0.022461,
		0.906398,
		0,
		0.676478,
		-0.673418,
		-0.298138,
		0,
		0.603688,
		0.738921,
		-0.299261,
		0,
		1.596809,
		0.430828,
		-0.957978,
		1
	},
	[0.716666666667] = {
		0.179682,
		0.001762,
		0.983723,
		0,
		0.021074,
		-0.999776,
		-0.002059,
		0,
		0.983499,
		0.021101,
		-0.179679,
		0,
		1.713218,
		-0.08947,
		-1.016387,
		1
	},
	[0.733333333333] = {
		0.147578,
		-0.015348,
		0.988931,
		0,
		-0.066485,
		-0.997772,
		-0.005563,
		0,
		0.986813,
		-0.064928,
		-0.148269,
		0,
		1.692347,
		-0.12134,
		-1.024002,
		1
	},
	[0.75] = {
		0.132369,
		-0.029843,
		0.990751,
		0,
		-0.133574,
		-0.990966,
		-0.012003,
		0,
		0.982159,
		-0.13075,
		-0.13516,
		0,
		1.672474,
		-0.146646,
		-1.036903,
		1
	},
	[0.766666666667] = {
		0.141413,
		-0.041795,
		0.989068,
		0,
		-0.175248,
		-0.984385,
		-0.016541,
		0,
		0.974315,
		-0.170993,
		-0.14653,
		0,
		1.654255,
		-0.167378,
		-1.055689,
		1
	},
	[0.783333333333] = {
		0.175531,
		-0.054342,
		0.982973,
		0,
		-0.192936,
		-0.981012,
		-0.019781,
		0,
		0.965383,
		-0.186179,
		-0.182682,
		0,
		1.637238,
		-0.183675,
		-1.081085,
		1
	},
	[0.7] = {
		0.221508,
		0.021317,
		0.974925,
		0,
		0.123084,
		-0.992377,
		-0.006266,
		0,
		0.96736,
		0.121385,
		-0.222443,
		0,
		1.733982,
		-0.048953,
		-1.013432,
		1
	},
	[0.816666666667] = {
		0.299483,
		-0.087483,
		0.950082,
		0,
		-0.177795,
		-0.983462,
		-0.034512,
		0,
		0.937389,
		-0.158584,
		-0.310084,
		0,
		1.60246,
		-0.202016,
		-1.150919,
		1
	},
	[0.833333333333] = {
		0.383788,
		-0.103472,
		0.917606,
		0,
		-0.149776,
		-0.987519,
		-0.048712,
		0,
		0.911194,
		-0.11874,
		-0.394495,
		0,
		1.582721,
		-0.20486,
		-1.194472,
		1
	},
	[0.85] = {
		0.477674,
		-0.115027,
		0.870974,
		0,
		-0.111745,
		-0.991294,
		-0.069632,
		0,
		0.871401,
		-0.064066,
		-0.48637,
		0,
		1.559966,
		-0.203711,
		-1.242917,
		1
	},
	[0.866666666667] = {
		0.575587,
		-0.119098,
		0.809021,
		0,
		-0.067153,
		-0.99288,
		-0.098388,
		0,
		0.814979,
		0.002303,
		-0.579486,
		0,
		1.533194,
		-0.198752,
		-1.295167,
		1
	},
	[0.883333333333] = {
		0.671111,
		-0.11344,
		0.732626,
		0,
		-0.019998,
		-0.990634,
		-0.135072,
		0,
		0.741087,
		0.075998,
		-0.667094,
		0,
		1.48305,
		-0.186052,
		-1.332979,
		1
	},
	[0.8] = {
		0.229029,
		-0.070206,
		0.970885,
		0,
		-0.192985,
		-0.980873,
		-0.025403,
		0,
		0.954098,
		-0.181548,
		-0.238197,
		0,
		1.620281,
		-0.195039,
		-1.112966,
		1
	},
	[0.916666666667] = {
		0.831231,
		-0.071688,
		0.551286,
		0,
		0.066099,
		-0.971872,
		-0.226045,
		0,
		0.551984,
		0.224335,
		-0.803111,
		0,
		1.37142,
		-0.153243,
		-1.399909,
		1
	},
	[0.933333333333] = {
		0.888294,
		-0.039367,
		0.457584,
		0,
		0.09905,
		-0.956452,
		-0.274568,
		0,
		0.448466,
		0.289221,
		-0.845712,
		0,
		1.316689,
		-0.136439,
		-1.429713,
		1
	},
	[0.95] = {
		0.929115,
		-0.004108,
		0.369769,
		0,
		0.123429,
		-0.939147,
		-0.320574,
		0,
		0.348584,
		0.34349,
		-0.872069,
		0,
		1.265648,
		-0.121183,
		-1.456126,
		1
	},
	[0.966666666667] = {
		0.955756,
		0.02998,
		0.292628,
		0,
		0.139448,
		-0.922088,
		-0.360983,
		0,
		0.259006,
		0.385818,
		-0.885472,
		0,
		1.22074,
		-0.108755,
		-1.478733,
		1
	},
	[0.983333333333] = {
		0.971499,
		0.059051,
		0.229569,
		0,
		0.148103,
		-0.907383,
		-0.393346,
		0,
		0.185079,
		0.416136,
		-0.890268,
		0,
		1.184421,
		-0.100322,
		-1.497325,
		1
	},
	[0.9] = {
		0.757966,
		-0.097285,
		0.644998,
		0,
		0.025608,
		-0.983615,
		-0.178452,
		0,
		0.651791,
		0.151777,
		-0.743056,
		0,
		1.427548,
		-0.170235,
		-1.367376,
		1
	},
	[1.01666666667] = {
		0.983797,
		0.091751,
		0.154027,
		0,
		0.150199,
		-0.890895,
		-0.428657,
		0,
		0.097892,
		0.444846,
		-0.890241,
		0,
		1.147985,
		-0.098601,
		-1.520488,
		1
	},
	[1.03333333333] = {
		0.985261,
		0.097234,
		0.140732,
		0,
		0.149713,
		-0.888134,
		-0.434516,
		0,
		0.082739,
		0.449182,
		-0.889601,
		0,
		1.150512,
		-0.103695,
		-1.522923,
		1
	},
	[1.05] = {
		0.98544,
		0.097718,
		0.139137,
		0,
		0.149482,
		-0.88786,
		-0.435156,
		0,
		0.081012,
		0.449618,
		-0.889539,
		0,
		1.162898,
		-0.111013,
		-1.520775,
		1
	},
	[1.06666666667] = {
		0.984784,
		0.094768,
		0.145666,
		0,
		0.149508,
		-0.889301,
		-0.432192,
		0,
		0.088583,
		0.447395,
		-0.889939,
		0,
		1.181367,
		-0.119349,
		-1.515625,
		1
	},
	[1.08333333333] = {
		0.983518,
		0.089868,
		0.156893,
		0,
		0.149618,
		-0.891723,
		-0.427135,
		0,
		0.10152,
		0.44357,
		-0.890472,
		0,
		1.202222,
		-0.127715,
		-1.508949,
		1
	},
	{
		0.979896,
		0.0798,
		0.182855,
		0,
		0.150633,
		-0.896891,
		-0.415807,
		0,
		0.13082,
		0.434992,
		-0.890881,
		0,
		1.159065,
		-0.096954,
		-1.511804,
		1
	},
	[1.11666666667] = {
		0.980483,
		0.080141,
		0.179529,
		0,
		0.149618,
		-0.896548,
		-0.416913,
		0,
		0.127544,
		0.435637,
		-0.89104,
		0,
		1.236258,
		-0.140475,
		-1.497008,
		1
	},
	[1.13333333333] = {
		0.97985,
		0.078361,
		0.183723,
		0,
		0.149586,
		-0.897433,
		-0.415015,
		0,
		0.132358,
		0.434135,
		-0.891071,
		0,
		1.241919,
		-0.142513,
		-1.494915,
		1
	},
	[1.1] = {
		0.981925,
		0.08448,
		0.169373,
		0,
		0.149655,
		-0.894392,
		-0.421504,
		0,
		0.115878,
		0.439233,
		-0.890869,
		0,
		1.221774,
		-0.135148,
		-1.502218,
		1
	}
}

return spline_matrices
