local spline_matrices = {
	[0] = {
		0.295212,
		0.350381,
		0.888866,
		0,
		0.480381,
		-0.858618,
		0.178913,
		0,
		0.825884,
		0.374178,
		-0.421791,
		0,
		1.367354,
		-0.347223,
		-0.990941,
		1
	},
	{
		0.820355,
		-0.570699,
		0.036345,
		0,
		-0.238721,
		-0.399518,
		-0.885097,
		0,
		0.519644,
		0.717418,
		-0.463985,
		0,
		0.504661,
		-0.043337,
		-1.01541,
		1
	},
	[0.0333333333333] = {
		0.285507,
		0.324724,
		0.901687,
		0,
		0.478593,
		-0.863444,
		0.159412,
		0,
		0.830322,
		0.386028,
		-0.401931,
		0,
		1.373419,
		-0.316068,
		-0.989889,
		1
	},
	[0.0666666666667] = {
		0.265589,
		0.264305,
		0.927149,
		0,
		0.471035,
		-0.874664,
		0.114411,
		0,
		0.841183,
		0.406333,
		-0.356797,
		0,
		1.389244,
		-0.204098,
		-0.989433,
		1
	},
	[0.133333333333] = {
		0.720844,
		-0.242928,
		0.64913,
		0,
		0.40333,
		-0.614629,
		-0.677905,
		0,
		0.563656,
		0.750478,
		-0.345072,
		0,
		1.052474,
		0.053017,
		-0.892926,
		1
	},
	[0.166666666667] = {
		0.960712,
		-0.275423,
		-0.034261,
		0,
		-0.05876,
		-0.081196,
		-0.994965,
		0,
		0.271254,
		0.957888,
		-0.09419,
		0,
		0.627264,
		0.166961,
		-0.629599,
		1
	},
	[0.1] = {
		0.249857,
		0.216181,
		0.943842,
		0,
		0.465507,
		-0.88154,
		0.078681,
		0,
		0.849044,
		0.419706,
		-0.320893,
		0,
		1.406108,
		-0.05418,
		-0.991241,
		1
	},
	[0.233333333333] = {
		0.977493,
		0.040699,
		-0.207005,
		0,
		-0.209098,
		0.056527,
		-0.97626,
		0,
		-0.028031,
		0.997571,
		0.063765,
		0,
		0.113611,
		1.355792,
		-0.181181,
		1
	},
	[0.266666666667] = {
		0.966037,
		0.108894,
		-0.234338,
		0,
		-0.241377,
		0.056537,
		-0.968783,
		0,
		-0.092246,
		0.992444,
		0.080901,
		0,
		0.081397,
		1.393026,
		-0.145375,
		1
	},
	[0.2] = {
		0.912204,
		-0.105784,
		-0.395845,
		0,
		-0.396096,
		0.01953,
		-0.918002,
		0,
		0.104841,
		0.994197,
		-0.024085,
		0,
		0.352957,
		0.738227,
		-0.585583,
		1
	},
	[0.333333333333] = {
		0.901309,
		0.056792,
		-0.429438,
		0,
		-0.431145,
		0.021717,
		-0.902021,
		0,
		-0.041902,
		0.99815,
		0.044059,
		0,
		0.069377,
		1.427114,
		-0.157348,
		1
	},
	[0.366666666667] = {
		0.91621,
		0.0527,
		-0.397218,
		0,
		-0.399024,
		0.029473,
		-0.916466,
		0,
		-0.036591,
		0.998175,
		0.048032,
		0,
		0.063455,
		1.432357,
		-0.178789,
		1
	},
	[0.3] = {
		0.918909,
		0.082349,
		-0.385778,
		0,
		-0.389622,
		0.036639,
		-0.920246,
		0,
		-0.061646,
		0.99593,
		0.065753,
		0,
		0.071023,
		1.417577,
		-0.142771,
		1
	},
	[0.433333333333] = {
		0.967224,
		0.0559,
		-0.247694,
		0,
		-0.251387,
		0.073273,
		-0.965109,
		0,
		-0.0358,
		0.995744,
		0.084924,
		0,
		0.039502,
		1.435665,
		-0.237638,
		1
	},
	[0.466666666667] = {
		0.982758,
		0.065431,
		-0.172933,
		0,
		-0.178696,
		0.095898,
		-0.97922,
		0,
		-0.047488,
		0.993238,
		0.105936,
		0,
		0.026463,
		1.430449,
		-0.271289,
		1
	},
	[0.4] = {
		0.942537,
		0.052075,
		-0.330018,
		0,
		-0.332479,
		0.048976,
		-0.941838,
		0,
		-0.032883,
		0.997441,
		0.063476,
		0,
		0.05246,
		1.435783,
		-0.206199,
		1
	},
	[0.533333333333] = {
		0.993457,
		0.093215,
		-0.065991,
		0,
		-0.072085,
		0.063595,
		-0.995369,
		0,
		-0.088587,
		0.993613,
		0.069899,
		0,
		0.015607,
		1.4076,
		-0.33818,
		1
	},
	[0.566666666667] = {
		0.9933,
		0.107232,
		-0.043092,
		0,
		-0.045903,
		0.023887,
		-0.99866,
		0,
		-0.106059,
		0.993947,
		0.028649,
		0,
		0.020373,
		1.372902,
		-0.379093,
		1
	},
	[0.5] = {
		0.991278,
		0.079362,
		-0.105214,
		0,
		-0.113257,
		0.104778,
		-0.988026,
		0,
		-0.067388,
		0.991324,
		0.112852,
		0,
		0.01633,
		1.42312,
		-0.303046,
		1
	},
	[0.633333333333] = {
		0.984429,
		0.104165,
		-0.141599,
		0,
		-0.140172,
		-0.020929,
		-0.989906,
		0,
		-0.106077,
		0.99434,
		-0.006002,
		0,
		0.222072,
		1.104496,
		-0.508123,
		1
	},
	[0.666666666667] = {
		0.960779,
		0.085745,
		-0.263726,
		0,
		-0.262388,
		-0.026719,
		-0.964592,
		0,
		-0.089755,
		0.995959,
		-0.003172,
		0,
		0.534904,
		0.785704,
		-0.606615,
		1
	},
	[0.6] = {
		0.992451,
		0.10972,
		-0.054798,
		0,
		-0.054328,
		-0.007271,
		-0.998497,
		0,
		-0.109954,
		0.993936,
		-0.001255,
		0,
		0.040895,
		1.305861,
		-0.431464,
		1
	},
	[0.733333333333] = {
		0.955648,
		-0.135413,
		-0.261533,
		0,
		-0.271635,
		-0.062124,
		-0.960393,
		0,
		0.113802,
		0.98884,
		-0.096152,
		0,
		0.712521,
		0.334082,
		-0.802506,
		1
	},
	[0.766666666667] = {
		0.933965,
		-0.339184,
		-0.112536,
		0,
		-0.161119,
		-0.118574,
		-0.979786,
		0,
		0.318984,
		0.933217,
		-0.165393,
		0,
		0.579436,
		0.180613,
		-0.903617,
		1
	},
	[0.7] = {
		0.946238,
		0.018165,
		-0.32296,
		0,
		-0.322178,
		-0.036258,
		-0.945985,
		0,
		-0.028893,
		0.999177,
		-0.028456,
		0,
		0.736566,
		0.513273,
		-0.70427,
		1
	},
	[0.833333333333] = {
		0.779768,
		-0.604592,
		0.162575,
		0,
		-0.012894,
		-0.27513,
		-0.961321,
		0,
		0.625936,
		0.74751,
		-0.222333,
		0,
		0.335681,
		-0.049253,
		-1.040023,
		1
	},
	[0.866666666667] = {
		0.752572,
		-0.631046,
		0.188195,
		0,
		-0.028444,
		-0.316673,
		-0.948108,
		0,
		0.657896,
		0.708166,
		-0.256269,
		0,
		0.32771,
		-0.097349,
		-1.061561,
		1
	},
	[0.8] = {
		0.857307,
		-0.511743,
		0.056066,
		0,
		-0.056768,
		-0.202217,
		-0.977694,
		0,
		0.511665,
		0.835002,
		-0.202413,
		0,
		0.426445,
		0.049498,
		-0.987003,
		1
	},
	[0.933333333333] = {
		0.781502,
		-0.610449,
		0.128868,
		0,
		-0.129387,
		-0.360637,
		-0.923688,
		0,
		0.610339,
		0.70519,
		-0.360823,
		0,
		0.405713,
		-0.08348,
		-1.046423,
		1
	},
	[0.966666666667] = {
		0.806411,
		-0.586359,
		0.076708,
		0,
		-0.188715,
		-0.378102,
		-0.906325,
		0,
		0.560436,
		0.716395,
		-0.415561,
		0,
		0.460532,
		-0.05733,
		-1.027976,
		1
	},
	[0.9] = {
		0.758099,
		-0.629098,
		0.17182,
		0,
		-0.071941,
		-0.342538,
		-0.936746,
		0,
		0.64816,
		0.697785,
		-0.304935,
		0,
		0.356189,
		-0.103006,
		-1.060655,
		1
	}
}

return spline_matrices
