local spline_matrices = {
	[0] = {
		0.522606,
		-0.405435,
		0.750004,
		0,
		0.64529,
		-0.386837,
		-0.658755,
		0,
		0.557211,
		0.828239,
		0.05946,
		0,
		1.164672,
		-0.09174,
		-1.026229,
		1
	},
	{
		0.948117,
		-0.313252,
		-0.054295,
		0,
		-0.076549,
		-0.059175,
		-0.995308,
		0,
		0.30857,
		0.947824,
		-0.080084,
		0,
		0.724484,
		-0.066416,
		-1.32487,
		1
	},
	[0.0333333333333] = {
		0.929929,
		-0.24539,
		-0.27389,
		0,
		-0.173554,
		0.363769,
		-0.915178,
		0,
		0.324209,
		0.898585,
		0.295691,
		0,
		1.166016,
		-0.041198,
		-1.239563,
		1
	},
	[0.0666666666667] = {
		0.843327,
		-0.399568,
		-0.359368,
		0,
		-0.173782,
		0.43002,
		-0.885936,
		0,
		0.508527,
		0.809585,
		0.29321,
		0,
		1.161558,
		0.020301,
		-1.220766,
		1
	},
	[0.133333333333] = {
		0.510042,
		-0.637947,
		-0.576958,
		0,
		-0.145936,
		0.596859,
		-0.788962,
		0,
		0.847679,
		0.486603,
		0.211324,
		0,
		1.139974,
		0.218608,
		-1.161889,
		1
	},
	[0.166666666667] = {
		0.273197,
		-0.665831,
		-0.694285,
		0,
		-0.107249,
		0.69616,
		-0.709831,
		0,
		0.955961,
		0.268385,
		0.118779,
		0,
		1.125801,
		0.343214,
		-1.123953,
		1
	},
	[0.1] = {
		0.704431,
		-0.539543,
		-0.461162,
		0,
		-0.16575,
		0.506718,
		-0.846028,
		0,
		0.690147,
		0.672407,
		0.267519,
		0,
		1.152507,
		0.108829,
		-1.194525,
		1
	},
	[0.233333333333] = {
		-0.195472,
		-0.477578,
		-0.856569,
		0,
		0.040043,
		0.868803,
		-0.493537,
		0,
		0.979891,
		-0.130772,
		-0.150703,
		0,
		1.101479,
		0.608407,
		-1.037803,
		1
	},
	[0.266666666667] = {
		-0.359851,
		-0.308024,
		-0.880698,
		0,
		0.135334,
		0.916717,
		-0.375918,
		0,
		0.923142,
		-0.254463,
		-0.288196,
		0,
		1.097129,
		0.735758,
		-0.990912,
		1
	},
	[0.2] = {
		0.025219,
		-0.608409,
		-0.793223,
		0,
		-0.044454,
		0.792008,
		-0.60889,
		0,
		0.998693,
		0.050618,
		-0.007072,
		0,
		1.112182,
		0.475541,
		-1.082104,
		1
	},
	[0.333333333333] = {
		-0.509675,
		0.00892,
		-0.860321,
		0,
		0.302389,
		0.938008,
		-0.169417,
		0,
		0.805477,
		-0.346499,
		-0.480776,
		0,
		1.114217,
		0.95506,
		-0.893561,
		1
	},
	[0.366666666667] = {
		-0.516236,
		0.130011,
		-0.846521,
		0,
		0.366005,
		0.927097,
		-0.080816,
		0,
		0.7743,
		-0.351551,
		-0.526186,
		0,
		1.127799,
		1.04044,
		-0.836892,
		1
	},
	[0.3] = {
		-0.461516,
		-0.137274,
		-0.876447,
		0,
		0.226742,
		0.936888,
		-0.266137,
		0,
		0.857666,
		-0.321554,
		-0.401263,
		0,
		1.100822,
		0.852716,
		-0.942544,
		1
	},
	[0.433333333333] = {
		-0.472002,
		0.270987,
		-0.838916,
		0,
		0.324639,
		0.938145,
		0.120387,
		0,
		0.819649,
		-0.215522,
		-0.530779,
		0,
		0.973981,
		1.080145,
		-0.681313,
		1
	},
	[0.466666666667] = {
		-0.51208,
		0.352658,
		-0.783203,
		0,
		0.294183,
		0.928688,
		0.225821,
		0,
		0.806988,
		-0.114767,
		-0.579309,
		0,
		0.817869,
		1.283119,
		-0.568996,
		1
	},
	[0.4] = {
		-0.475999,
		0.213574,
		-0.853118,
		0,
		0.403533,
		0.914957,
		0.003903,
		0,
		0.7814,
		-0.342403,
		-0.521703,
		0,
		1.087261,
		1.057294,
		-0.774745,
		1
	},
	[0.533333333333] = {
		-0.834603,
		0.138753,
		-0.53309,
		0,
		-0.531393,
		0.052151,
		0.845519,
		0,
		0.14512,
		0.988953,
		0.030207,
		0,
		-0.087327,
		1.294117,
		-0.151467,
		1
	},
	[0.566666666667] = {
		-0.607277,
		0.425633,
		-0.670859,
		0,
		-0.777739,
		-0.490957,
		0.392535,
		0,
		-0.162287,
		0.76013,
		0.629178,
		0,
		-0.591763,
		0.955064,
		0.110603,
		1
	},
	[0.5] = {
		-0.662424,
		0.378989,
		-0.64619,
		0,
		0.028159,
		0.874576,
		0.48407,
		0,
		0.7486,
		0.302464,
		-0.590012,
		0,
		0.527836,
		1.44917,
		-0.411238,
		1
	},
	[0.633333333333] = {
		-0.606556,
		0.795019,
		-0.005894,
		0,
		-0.79057,
		-0.603914,
		-0.101422,
		0,
		-0.084192,
		-0.056858,
		0.994826,
		0,
		-0.722223,
		-0.530202,
		0.252458,
		1
	},
	[0.666666666667] = {
		-0.683055,
		0.729141,
		0.042304,
		0,
		-0.715098,
		-0.655871,
		-0.241801,
		0,
		-0.148561,
		-0.195415,
		0.969403,
		0,
		-0.482678,
		-0.71776,
		0.176176,
		1
	},
	[0.6] = {
		-0.429672,
		0.683779,
		-0.58977,
		0,
		-0.886832,
		-0.442531,
		0.133024,
		0,
		-0.170033,
		0.580184,
		0.79654,
		0,
		-0.749676,
		0.368921,
		0.219777,
		1
	},
	[0.733333333333] = {
		-0.987115,
		-0.020443,
		0.158701,
		0,
		-0.061896,
		-0.865818,
		-0.496517,
		0,
		0.147556,
		-0.499942,
		0.853396,
		0,
		0.139004,
		-0.656913,
		-0.390099,
		1
	},
	[0.766666666667] = {
		-0.781639,
		-0.610801,
		0.126341,
		0,
		0.41441,
		-0.659946,
		-0.626686,
		0,
		0.466159,
		-0.437486,
		0.768962,
		0,
		0.460544,
		-0.53974,
		-0.681608,
		1
	},
	[0.7] = {
		-0.878385,
		0.45821,
		0.135953,
		0,
		-0.47479,
		-0.803848,
		-0.358334,
		0,
		-0.054907,
		-0.379304,
		0.923641,
		0,
		-0.182973,
		-0.709401,
		-0.089522,
		1
	},
	[0.833333333333] = {
		0.361256,
		-0.932244,
		0.020355,
		0,
		0.560384,
		0.199605,
		-0.80382,
		0,
		0.745294,
		0.301792,
		0.594524,
		0,
		0.788996,
		-0.217575,
		-1.095795,
		1
	},
	[0.866666666667] = {
		0.659058,
		-0.752089,
		-0.001958,
		0,
		0.349115,
		0.308235,
		-0.884935,
		0,
		0.666154,
		0.58254,
		0.465711,
		0,
		0.77752,
		-0.136685,
		-1.176057,
		1
	},
	[0.8] = {
		-0.230638,
		-0.970607,
		0.068767,
		0,
		0.660434,
		-0.208051,
		-0.721486,
		0,
		0.714586,
		-0.120986,
		0.689006,
		0,
		0.694492,
		-0.371578,
		-0.926,
		1
	},
	[0.933333333333] = {
		0.876686,
		-0.480736,
		-0.017709,
		0,
		0.067007,
		0.158484,
		-0.985085,
		0,
		0.476373,
		0.862424,
		0.171153,
		0,
		0.746163,
		-0.067653,
		-1.282098,
		1
	},
	[0.966666666667] = {
		0.926767,
		-0.373307,
		-0.041771,
		0,
		-0.026993,
		0.044729,
		-0.998634,
		0,
		0.374665,
		0.926629,
		0.031377,
		0,
		0.733066,
		-0.058687,
		-1.312935,
		1
	},
	[0.9] = {
		0.787438,
		-0.616393,
		-0.000284,
		0,
		0.199071,
		0.254748,
		-0.946295,
		0,
		0.583362,
		0.745092,
		0.323305,
		0,
		0.76226,
		-0.093777,
		-1.234884,
		1
	}
}

return spline_matrices
