local spline_matrices = {
	[0] = {
		0.417349,
		-0.163266,
		0.89396,
		0,
		0.585838,
		-0.703688,
		-0.402017,
		0,
		0.694704,
		0.691497,
		-0.198037,
		0,
		0.712766,
		-0.000421,
		-1.110469,
		1
	},
	{
		0.948117,
		-0.313252,
		-0.054295,
		0,
		-0.076549,
		-0.059175,
		-0.995308,
		0,
		0.30857,
		0.947824,
		-0.080084,
		0,
		0.724484,
		-0.066416,
		-1.32487,
		1
	},
	[0.0333333333333] = {
		0.876694,
		-0.462156,
		-0.133489,
		0,
		-0.152371,
		-0.003577,
		-0.988317,
		0,
		0.456279,
		0.886791,
		-0.073555,
		0,
		0.712853,
		-0.039421,
		-1.318605,
		1
	},
	[0.0666666666667] = {
		0.761717,
		-0.608921,
		-0.221365,
		0,
		-0.227392,
		0.06868,
		-0.971378,
		0,
		0.606696,
		0.790252,
		-0.086149,
		0,
		0.694367,
		0.021553,
		-1.303973,
		1
	},
	[0.133333333333] = {
		0.376668,
		-0.816988,
		-0.436637,
		0,
		-0.361747,
		0.3042,
		-0.88125,
		0,
		0.852795,
		0.489891,
		-0.18096,
		0,
		0.641647,
		0.228974,
		-1.251355,
		1
	},
	[0.166666666667] = {
		0.121929,
		-0.826363,
		-0.54978,
		0,
		-0.393884,
		0.468143,
		-0.79101,
		0,
		0.911037,
		0.312996,
		-0.268411,
		0,
		0.613529,
		0.364667,
		-1.213337,
		1
	},
	[0.1] = {
		0.595088,
		-0.735832,
		-0.323144,
		0,
		-0.300596,
		0.169108,
		-0.93864,
		0,
		0.745327,
		0.655709,
		-0.120554,
		0,
		0.669855,
		0.11254,
		-1.281532,
		1
	},
	[0.233333333333] = {
		-0.363707,
		-0.610789,
		-0.703317,
		0,
		-0.326078,
		0.790736,
		-0.518083,
		0,
		0.872577,
		0.040906,
		-0.486761,
		0,
		0.573297,
		0.659331,
		-1.116941,
		1
	},
	[0.266666666667] = {
		-0.531571,
		-0.435529,
		-0.726462,
		0,
		-0.239271,
		0.899954,
		-0.36446,
		0,
		0.812515,
		-0.019915,
		-0.582599,
		0,
		0.567421,
		0.799986,
		-1.062254,
		1
	},
	[0.2] = {
		-0.137155,
		-0.752789,
		-0.643814,
		0,
		-0.38245,
		0.639802,
		-0.666623,
		0,
		0.91374,
		0.154796,
		-0.375656,
		0,
		0.589648,
		0.511291,
		-1.16799,
		1
	},
	[0.333333333333] = {
		-0.689215,
		-0.118127,
		-0.714862,
		0,
		-0.062852,
		0.992649,
		-0.103433,
		0,
		0.721825,
		-0.026357,
		-0.691573,
		0,
		0.587375,
		1.036656,
		-0.95215,
		1
	},
	[0.366666666667] = {
		-0.702835,
		0.001776,
		-0.711351,
		0,
		0.006186,
		0.999974,
		-0.003615,
		0,
		0.711326,
		-0.006941,
		-0.702828,
		0,
		0.60285,
		1.127449,
		-0.892077,
		1
	},
	[0.3] = {
		-0.636644,
		-0.263271,
		-0.724826,
		0,
		-0.14492,
		0.964018,
		-0.222861,
		0,
		0.757418,
		-0.036842,
		-0.65189,
		0,
		0.57211,
		0.927154,
		-1.006677,
		1
	},
	[0.433333333333] = {
		-0.639509,
		0.139862,
		-0.755954,
		0,
		0.013003,
		0.985139,
		0.171265,
		0,
		0.768673,
		0.099696,
		-0.631824,
		0,
		0.472589,
		1.399939,
		-0.698411,
		1
	},
	[0.466666666667] = {
		-0.659961,
		0.171951,
		-0.731358,
		0,
		-0.142161,
		0.92729,
		0.346299,
		0,
		0.737728,
		0.332515,
		-0.58753,
		0,
		0.335471,
		1.455736,
		-0.538074,
		1
	},
	[0.4] = {
		-0.672642,
		0.08328,
		-0.735267,
		0,
		0.04385,
		0.996386,
		0.07274,
		0,
		0.738668,
		0.016687,
		-0.673863,
		0,
		0.562403,
		1.266458,
		-0.811445,
		1
	},
	[0.533333333333] = {
		-0.721966,
		0.217679,
		-0.656796,
		0,
		-0.562412,
		0.368327,
		0.740289,
		0,
		0.403061,
		0.903853,
		-0.143495,
		0,
		0.029466,
		1.378495,
		-0.167578,
		1
	},
	[0.566666666667] = {
		-0.790326,
		0.20749,
		-0.576484,
		0,
		-0.612624,
		-0.254135,
		0.748403,
		0,
		0.008781,
		0.94465,
		0.327962,
		0,
		-0.352815,
		1.068119,
		0.140856,
		1
	},
	[0.5] = {
		-0.710942,
		0.148731,
		-0.687343,
		0,
		-0.415763,
		0.699389,
		0.581375,
		0,
		0.567189,
		0.699095,
		-0.435388,
		0,
		0.139087,
		1.437094,
		-0.336861,
		1
	},
	[0.633333333333] = {
		-0.974004,
		0.219242,
		0.057,
		0,
		-0.22307,
		-0.972079,
		-0.072812,
		0,
		0.039445,
		-0.083634,
		0.995716,
		0,
		-0.578335,
		-0.537776,
		0.323211,
		1
	},
	[0.666666666667] = {
		-0.974522,
		0.210008,
		-0.078765,
		0,
		-0.193722,
		-0.965082,
		-0.176321,
		0,
		-0.113044,
		-0.15657,
		0.981176,
		0,
		-0.372622,
		-0.672742,
		0.190844,
		1
	},
	[0.6] = {
		-0.92746,
		0.320402,
		-0.192769,
		0,
		-0.373884,
		-0.801911,
		0.465992,
		0,
		-0.005279,
		0.504263,
		0.863534,
		0,
		-0.491965,
		0.389004,
		0.308027,
		1
	},
	[0.733333333333] = {
		-0.905505,
		-0.412046,
		-0.101382,
		0,
		0.408841,
		-0.783205,
		-0.468442,
		0,
		0.113617,
		-0.465626,
		0.877658,
		0,
		0.22184,
		-0.561815,
		-0.382696,
		1
	},
	[0.766666666667] = {
		-0.56119,
		-0.815511,
		-0.141449,
		0,
		0.708345,
		-0.384805,
		-0.591753,
		0,
		0.428151,
		-0.432281,
		0.793612,
		0,
		0.510727,
		-0.425552,
		-0.672818,
		1
	},
	[0.7] = {
		-0.996225,
		-0.022732,
		-0.08378,
		0,
		0.048573,
		-0.945855,
		-0.320936,
		0,
		-0.071948,
		-0.323794,
		0.943388,
		0,
		-0.088397,
		-0.641578,
		-0.08109,
		1
	},
	[0.833333333333] = {
		0.47789,
		-0.859789,
		-0.179955,
		0,
		0.475858,
		0.42559,
		-0.769696,
		0,
		0.738363,
		0.282197,
		0.612523,
		0,
		0.773922,
		-0.140711,
		-1.08771,
		1
	},
	[0.866666666667] = {
		0.702745,
		-0.694874,
		-0.152643,
		0,
		0.246246,
		0.438864,
		-0.864154,
		0,
		0.667467,
		0.569692,
		0.479519,
		0,
		0.75969,
		-0.088149,
		-1.17076,
		1
	},
	[0.8] = {
		-0.01699,
		-0.984746,
		-0.173165,
		0,
		0.723689,
		0.107393,
		-0.68172,
		0,
		0.689918,
		-0.1369,
		0.710825,
		0,
		0.704363,
		-0.265445,
		-0.916573,
		1
	},
	[0.933333333333] = {
		0.877688,
		-0.474841,
		-0.06473,
		0,
		0.027721,
		0.185149,
		-0.982319,
		0,
		0.47843,
		0.860375,
		0.175666,
		0,
		0.739393,
		-0.055503,
		-1.281056,
		1
	},
	[0.966666666667] = {
		0.926101,
		-0.373347,
		-0.054311,
		0,
		-0.038143,
		0.050563,
		-0.997992,
		0,
		0.375344,
		0.926313,
		0.032586,
		0,
		0.731145,
		-0.055656,
		-1.312671,
		1
	},
	[0.9] = {
		0.800483,
		-0.59152,
		-0.096593,
		0,
		0.125257,
		0.322707,
		-0.938174,
		0,
		0.58612,
		0.738894,
		0.332414,
		0,
		0.749518,
		-0.066273,
		-1.232356,
		1
	}
}

return spline_matrices
