local spline_matrices = {
	[0] = {
		0.61368,
		-0.238951,
		0.752529,
		0,
		0.503754,
		-0.615413,
		-0.606218,
		0,
		0.607972,
		0.751113,
		-0.257294,
		0,
		0.923886,
		-0.297806,
		-1.488893,
		1
	},
	{
		0.911456,
		0.087346,
		0.402018,
		0,
		0.396979,
		-0.443177,
		-0.803742,
		0,
		0.107962,
		0.892168,
		-0.438611,
		0,
		0.689571,
		-0.50298,
		-1.494687,
		1
	},
	[0.0166666666667] = {
		0.634793,
		-0.315397,
		0.705381,
		0,
		0.462939,
		-0.575669,
		-0.674012,
		0,
		0.618648,
		0.754407,
		-0.219421,
		0,
		0.93272,
		-0.256448,
		-1.45405,
		1
	},
	[0.0333333333333] = {
		0.652299,
		-0.392361,
		0.648505,
		0,
		0.418374,
		-0.527063,
		-0.739708,
		0,
		0.632036,
		0.753828,
		-0.179649,
		0,
		0.942414,
		-0.216156,
		-1.418464,
		1
	},
	[0.05] = {
		0.665487,
		-0.469425,
		0.580316,
		0,
		0.369546,
		-0.468286,
		-0.802586,
		0,
		0.648508,
		0.748564,
		-0.138164,
		0,
		0.952768,
		-0.176345,
		-1.381802,
		1
	},
	[0.0666666666667] = {
		0.673254,
		-0.54548,
		0.499179,
		0,
		0.316144,
		-0.397925,
		-0.861225,
		0,
		0.668417,
		0.737636,
		-0.095454,
		0,
		0.963657,
		-0.136487,
		-1.343623,
		1
	},
	[0.0833333333333] = {
		0.674114,
		-0.618579,
		0.403646,
		0,
		0.258193,
		-0.314664,
		-0.913413,
		0,
		0.692031,
		0.719963,
		-0.052407,
		0,
		0.975055,
		-0.096162,
		-1.303389,
		1
	},
	[0.116666666667] = {
		0.647754,
		-0.743365,
		0.166804,
		0,
		0.131478,
		-0.106587,
		-0.985572,
		0,
		0.750419,
		0.660339,
		0.028694,
		0,
		0.999838,
		-0.01331,
		-1.214341,
		1
	},
	[0.133333333333] = {
		0.616799,
		-0.786648,
		0.027272,
		0,
		0.065989,
		0.017154,
		-0.997673,
		0,
		0.784349,
		0.617164,
		0.062491,
		0,
		1.01374,
		0.029003,
		-1.164433,
		1
	},
	[0.15] = {
		0.572224,
		-0.810949,
		-0.122155,
		0,
		0.002625,
		0.150761,
		-0.988567,
		0,
		0.820093,
		0.565361,
		0.088398,
		0,
		1.029123,
		0.071308,
		-1.110524,
		1
	},
	[0.166666666667] = {
		0.513958,
		-0.81227,
		-0.275797,
		0,
		-0.055187,
		0.289536,
		-0.955575,
		0,
		0.856038,
		0.506346,
		0.103982,
		0,
		1.046326,
		0.112885,
		-1.05276,
		1
	},
	[0.183333333333] = {
		0.443432,
		-0.788381,
		-0.426407,
		0,
		-0.103957,
		0.427288,
		-0.898119,
		0,
		0.890259,
		0.442583,
		0.107515,
		0,
		1.065542,
		0.152972,
		-0.991766,
		1
	},
	[0.1] = {
		0.666264,
		-0.685822,
		0.292816,
		0,
		0.196228,
		-0.217586,
		-0.956112,
		0,
		0.719435,
		0.694482,
		-0.010392,
		0,
		0.987047,
		-0.055113,
		-1.260495,
		1
	},
	[0.216666666667] = {
		0.278787,
		-0.669451,
		-0.688559,
		0,
		-0.1642,
		0.6732,
		-0.721,
		0,
		0.946212,
		0.314066,
		0.077756,
		0,
		1.109445,
		0.226765,
		-0.864709,
		1
	},
	[0.233333333333] = {
		0.193544,
		-0.583381,
		-0.788801,
		0,
		-0.174087,
		0.770824,
		-0.6128,
		0,
		0.965523,
		0.255924,
		0.04763,
		0,
		1.133096,
		0.260627,
		-0.801446,
		1
	},
	[0.25] = {
		0.112348,
		-0.488403,
		-0.865356,
		0,
		-0.172186,
		0.848126,
		-0.501033,
		0,
		0.978637,
		0.205292,
		0.011189,
		0,
		1.156763,
		0.293661,
		-0.740042,
		1
	},
	[0.266666666667] = {
		0.038583,
		-0.391527,
		-0.919358,
		0,
		-0.161312,
		0.905535,
		-0.39241,
		0,
		0.986149,
		0.163444,
		-0.02822,
		0,
		1.179473,
		0.327344,
		-0.681325,
		1
	},
	[0.283333333333] = {
		-0.02575,
		-0.298824,
		-0.953961,
		0,
		-0.144566,
		0.945359,
		-0.292228,
		0,
		0.98916,
		0.130386,
		-0.067543,
		0,
		1.20037,
		0.3631,
		-0.625697,
		1
	},
	[0.2] = {
		0.363642,
		-0.739678,
		-0.566252,
		0,
		-0.140826,
		0.557229,
		-0.81833,
		0,
		0.920833,
		0.377322,
		0.098466,
		0,
		1.086707,
		0.190992,
		-0.928623,
		1
	},
	[0.316666666667] = {
		-0.123542,
		-0.142759,
		-0.982017,
		0,
		-0.105073,
		0.985917,
		-0.130107,
		0,
		0.986761,
		0.08711,
		-0.136802,
		0,
		1.23404,
		0.44643,
		-0.523609,
		1
	},
	[0.333333333333] = {
		-0.15748,
		-0.084276,
		-0.983919,
		0,
		-0.08697,
		0.993664,
		-0.071191,
		0,
		0.983685,
		0.07436,
		-0.163812,
		0,
		1.245855,
		0.496485,
		-0.476576,
		1
	},
	[0.35] = {
		-0.182275,
		-0.040452,
		-0.982415,
		0,
		-0.072164,
		0.997009,
		-0.027663,
		0,
		0.980596,
		0.065852,
		-0.184649,
		0,
		1.253894,
		0.5535,
		-0.431726,
		1
	},
	[0.366666666667] = {
		-0.189868,
		-0.027626,
		-0.981421,
		0,
		-0.074315,
		0.997141,
		-0.013691,
		0,
		0.978993,
		0.070335,
		-0.191379,
		0,
		1.249748,
		0.629057,
		-0.392377,
		1
	},
	[0.383333333333] = {
		-0.182904,
		-0.041581,
		-0.982251,
		0,
		-0.085431,
		0.995998,
		-0.026255,
		0,
		0.979412,
		0.079112,
		-0.185724,
		0,
		1.234033,
		0.730887,
		-0.354506,
		1
	},
	[0.3] = {
		-0.079794,
		-0.214883,
		-0.973375,
		0,
		-0.124956,
		0.970942,
		-0.204102,
		0,
		0.988948,
		0.105342,
		-0.104327,
		0,
		1.218743,
		0.402354,
		-0.573198,
		1
	},
	[0.416666666667] = {
		-0.190105,
		-0.05111,
		-0.980432,
		0,
		-0.007388,
		0.99869,
		-0.05063,
		0,
		0.981736,
		-0.002381,
		-0.190234,
		0,
		1.210544,
		1.017788,
		-0.247174,
		1
	},
	[0.433333333333] = {
		-0.176052,
		-0.057855,
		-0.982679,
		0,
		-0.070673,
		0.996438,
		-0.046004,
		0,
		0.981841,
		0.06135,
		-0.179514,
		0,
		1.095024,
		1.209427,
		-0.183628,
		1
	},
	[0.45] = {
		-0.055208,
		-0.063827,
		-0.996433,
		0,
		-0.563641,
		0.825736,
		-0.021664,
		0,
		0.824173,
		0.560434,
		-0.081562,
		0,
		0.71366,
		1.368767,
		-0.136945,
		1
	},
	[0.466666666667] = {
		0.049473,
		-0.002289,
		-0.998773,
		0,
		-0.926853,
		0.372501,
		-0.046764,
		0,
		0.372151,
		0.928029,
		0.016307,
		0,
		0.292675,
		1.401592,
		-0.120633,
		1
	},
	[0.483333333333] = {
		0.042655,
		0.022253,
		-0.998842,
		0,
		-0.994486,
		0.09681,
		-0.040312,
		0,
		0.095801,
		0.995054,
		0.02626,
		0,
		0.002544,
		1.31592,
		-0.132,
		1
	},
	[0.4] = {
		-0.178994,
		-0.05338,
		-0.982401,
		0,
		-0.074016,
		0.996428,
		-0.040656,
		0,
		0.981062,
		0.065436,
		-0.182306,
		0,
		1.219464,
		0.854054,
		-0.308723,
		1
	},
	[0.516666666667] = {
		0.042525,
		0.043204,
		-0.998161,
		0,
		-0.891558,
		-0.449252,
		-0.057429,
		0,
		-0.450907,
		0.89236,
		0.019415,
		0,
		-0.510032,
		0.908346,
		-0.180602,
		1
	},
	[0.533333333333] = {
		0.063325,
		0.082004,
		-0.994618,
		0,
		-0.70423,
		-0.702497,
		-0.102755,
		0,
		-0.707142,
		0.706947,
		0.013264,
		0,
		-0.702452,
		0.623594,
		-0.205847,
		1
	},
	[0.55] = {
		0.064166,
		0.149763,
		-0.986638,
		0,
		-0.497964,
		-0.851987,
		-0.16171,
		0,
		-0.864821,
		0.501686,
		0.019908,
		0,
		-0.774016,
		0.328393,
		-0.208442,
		1
	},
	[0.566666666667] = {
		0.054915,
		0.23658,
		-0.970059,
		0,
		-0.333125,
		-0.91152,
		-0.241161,
		0,
		-0.941282,
		0.336394,
		0.028755,
		0,
		-0.774215,
		0.099654,
		-0.232004,
		1
	},
	[0.583333333333] = {
		0.044315,
		0.347881,
		-0.936491,
		0,
		-0.237621,
		-0.906838,
		-0.34811,
		0,
		-0.970346,
		0.237957,
		0.042477,
		0,
		-0.733422,
		-0.024937,
		-0.30456,
		1
	},
	[0.5] = {
		0.024616,
		0.02597,
		-0.99936,
		0,
		-0.989864,
		-0.139229,
		-0.028001,
		0,
		-0.139867,
		0.98992,
		0.022279,
		0,
		-0.253417,
		1.159138,
		-0.152154,
		1
	},
	[0.616666666667] = {
		-0.00956,
		0.613967,
		-0.789274,
		0,
		-0.117006,
		-0.784575,
		-0.608894,
		0,
		-0.993085,
		0.086529,
		0.079339,
		0,
		-0.589036,
		-0.176221,
		-0.512562,
		1
	},
	[0.633333333333] = {
		-0.044523,
		0.747548,
		-0.662714,
		0,
		-0.092688,
		-0.663602,
		-0.742322,
		0,
		-0.994699,
		0.028375,
		0.098834,
		0,
		-0.494152,
		-0.208431,
		-0.640264,
		1
	},
	[0.65] = {
		-0.07667,
		0.862915,
		-0.499498,
		0,
		-0.090679,
		-0.504932,
		-0.858383,
		0,
		-0.992924,
		-0.020518,
		0.116961,
		0,
		-0.389914,
		-0.215473,
		-0.776924,
		1
	},
	[0.666666666667] = {
		-0.099409,
		0.946251,
		-0.307777,
		0,
		-0.106565,
		-0.317654,
		-0.942199,
		0,
		-0.989324,
		-0.060865,
		0.132415,
		0,
		-0.280263,
		-0.201209,
		-0.916366,
		1
	},
	[0.683333333333] = {
		-0.108151,
		0.988795,
		-0.102893,
		0,
		-0.133156,
		-0.116976,
		-0.984168,
		0,
		-0.985176,
		-0.092738,
		0.144315,
		0,
		-0.168528,
		-0.170914,
		-1.052489,
		1
	},
	[0.6] = {
		0.021744,
		0.476688,
		-0.878804,
		0,
		-0.165331,
		-0.865195,
		-0.473396,
		0,
		-0.985998,
		0.155587,
		0.059998,
		0,
		-0.670259,
		-0.11593,
		-0.399228,
		1
	},
	[0.716666666667] = {
		-0.081846,
		0.958035,
		0.27472,
		0,
		-0.185472,
		0.256188,
		-0.948666,
		0,
		-0.979235,
		-0.128597,
		0.156721,
		0,
		0.050169,
		-0.088257,
		-1.295438,
		1
	},
	[0.733333333333] = {
		-0.052954,
		0.905383,
		0.421282,
		0,
		-0.19781,
		0.404004,
		-0.893114,
		0,
		-0.978809,
		-0.130627,
		0.1577,
		0,
		0.151924,
		-0.049317,
		-1.396225,
		1
	},
	[0.75] = {
		-0.019709,
		0.845935,
		0.532922,
		0,
		-0.195667,
		0.519455,
		-0.831794,
		0,
		-0.980472,
		-0.120669,
		0.155284,
		0,
		0.244891,
		-0.020035,
		-1.480999,
		1
	},
	[0.766666666667] = {
		0.013924,
		0.79168,
		0.610777,
		0,
		-0.177215,
		0.60312,
		-0.777715,
		0,
		-0.984074,
		-0.09741,
		0.148695,
		0,
		0.325968,
		-0.005584,
		-1.548552,
		1
	},
	[0.783333333333] = {
		0.045464,
		0.751926,
		0.657678,
		0,
		-0.141043,
		0.656596,
		-0.740938,
		0,
		-0.988959,
		-0.059075,
		0.135905,
		0,
		0.391894,
		-0.010752,
		-1.597485,
		1
	},
	[0.7] = {
		-0.101643,
		0.990114,
		0.096655,
		0,
		-0.162031,
		0.079384,
		-0.983587,
		0,
		-0.981537,
		-0.115636,
		0.15236,
		0,
		-0.057521,
		-0.130983,
		-1.180087,
		1
	},
	[0.816666666667] = {
		0.137191,
		0.718314,
		0.682059,
		0,
		-0.014354,
		0.689939,
		-0.723725,
		0,
		-0.990441,
		0.089498,
		0.104964,
		0,
		0.489428,
		-0.054645,
		-1.649052,
		1
	},
	[0.833333333333] = {
		0.205936,
		0.713391,
		0.669823,
		0,
		0.07093,
		0.671812,
		-0.737318,
		0,
		-0.975991,
		0.199351,
		0.08775,
		0,
		0.527025,
		-0.083997,
		-1.657797,
		1
	},
	[0.85] = {
		0.288832,
		0.707569,
		0.64492,
		0,
		0.164427,
		0.626959,
		-0.761503,
		0,
		-0.943154,
		0.325989,
		0.064742,
		0,
		0.558296,
		-0.11782,
		-1.657428,
		1
	},
	[0.866666666667] = {
		0.383368,
		0.693546,
		0.609937,
		0,
		0.258908,
		0.553215,
		-0.791783,
		0,
		-0.886564,
		0.461461,
		0.03252,
		0,
		0.583882,
		-0.155722,
		-1.649427,
		1
	},
	[0.883333333333] = {
		0.484924,
		0.66486,
		0.568163,
		0,
		0.345736,
		0.451,
		-0.82284,
		0,
		-0.803315,
		0.59545,
		-0.011165,
		0,
		0.604346,
		-0.197119,
		-1.635187,
		1
	},
	[0.8] = {
		0.083562,
		0.729249,
		0.679126,
		0,
		-0.086165,
		0.684245,
		-0.724144,
		0,
		-0.99277,
		0.001994,
		0.120013,
		0,
		0.444712,
		-0.030095,
		-1.629562,
		1
	},
	[0.916666666667] = {
		0.682208,
		0.55046,
		0.481234,
		0,
		0.464371,
		0.182188,
		-0.866699,
		0,
		-0.564758,
		0.81474,
		-0.131327,
		0,
		0.63266,
		-0.28675,
		-1.593693,
		1
	},
	[0.933333333333] = {
		0.764139,
		0.467126,
		0.444843,
		0,
		0.487095,
		0.034243,
		-0.872677,
		0,
		-0.422883,
		0.883527,
		-0.201368,
		0,
		0.642529,
		-0.332729,
		-1.569597,
		1
	},
	[0.95] = {
		0.828511,
		0.373009,
		0.417652,
		0,
		0.486102,
		-0.108831,
		-0.867099,
		0,
		-0.277983,
		0.921423,
		-0.271488,
		0,
		0.651413,
		-0.378028,
		-1.545659,
		1
	},
	[0.966666666667] = {
		0.873793,
		0.274656,
		0.401309,
		0,
		0.46628,
		-0.238866,
		-0.851778,
		0,
		-0.138087,
		0.931401,
		-0.336786,
		0,
		0.661017,
		-0.421825,
		-1.523844,
		1
	},
	[0.983333333333] = {
		0.900745,
		0.177973,
		0.396211,
		0,
		0.434262,
		-0.350934,
		-0.829615,
		0,
		-0.008605,
		0.919332,
		-0.393389,
		0,
		0.673136,
		-0.463576,
		-1.506179,
		1
	},
	[0.9] = {
		0.586977,
		0.617377,
		0.52374,
		0,
		0.416366,
		0.324604,
		-0.849277,
		0,
		-0.694332,
		0.716574,
		-0.06652,
		0,
		0.620323,
		-0.241156,
		-1.616111,
		1
	}
}

return spline_matrices
