local spline_matrices = {
	[0] = {
		0.773318,
		-0.632636,
		0.041848,
		0,
		-0.325427,
		-0.452707,
		-0.830153,
		0,
		0.544129,
		0.628354,
		-0.555963,
		0,
		0.643191,
		-0.53082,
		-0.527114,
		1
	},
	{
		0.757464,
		0.066386,
		-0.649493,
		0,
		-0.623838,
		-0.219798,
		-0.75001,
		0,
		-0.192548,
		0.973284,
		-0.125075,
		0,
		-0.023201,
		-0.726336,
		-1.312697,
		1
	},
	[0.0166666666667] = {
		0.777645,
		-0.620755,
		-0.099659,
		0,
		-0.34483,
		-0.288584,
		-0.893203,
		0,
		0.5257,
		0.72896,
		-0.438471,
		0,
		0.643681,
		-0.488383,
		-0.542811,
		1
	},
	[0.0333333333333] = {
		0.778224,
		-0.578911,
		-0.243371,
		0,
		-0.362709,
		-0.09799,
		-0.926736,
		0,
		0.51265,
		0.809481,
		-0.286235,
		0,
		0.653312,
		-0.430685,
		-0.544462,
		1
	},
	[0.05] = {
		0.775991,
		-0.504274,
		-0.378874,
		0,
		-0.375835,
		0.112726,
		-0.919805,
		0,
		0.506543,
		0.856154,
		-0.102049,
		0,
		0.671871,
		-0.35979,
		-0.529972,
		1
	},
	[0.0666666666667] = {
		0.772804,
		-0.398632,
		-0.493829,
		0,
		-0.380411,
		0.331881,
		-0.863216,
		0,
		0.507998,
		0.854955,
		0.104835,
		0,
		0.699306,
		-0.279166,
		-0.4976,
		1
	},
	[0.0833333333333] = {
		0.771211,
		-0.269753,
		-0.576599,
		0,
		-0.372674,
		0.543012,
		-0.752497,
		0,
		0.516088,
		0.795218,
		0.318247,
		0,
		0.735578,
		-0.193597,
		-0.446744,
		1
	},
	[0.116666666667] = {
		0.782151,
		0.001189,
		-0.623087,
		0,
		-0.310611,
		0.867631,
		-0.388249,
		0,
		0.540148,
		0.497207,
		0.678988,
		0,
		0.833172,
		-0.029351,
		-0.296799,
		1
	},
	[0.133333333333] = {
		0.796126,
		0.111944,
		-0.594687,
		0,
		-0.256278,
		0.952629,
		-0.163765,
		0,
		0.548183,
		0.282783,
		0.787101,
		0,
		0.892522,
		0.040362,
		-0.206465,
		1
	},
	[0.15] = {
		0.813379,
		0.19209,
		-0.549104,
		0,
		-0.189786,
		0.979887,
		0.061661,
		0,
		0.549905,
		0.054058,
		0.833476,
		0,
		0.956698,
		0.099091,
		-0.113956,
		1
	},
	[0.166666666667] = {
		0.829804,
		0.240831,
		-0.503413,
		0,
		-0.115218,
		0.956586,
		0.267707,
		0,
		0.546031,
		-0.164143,
		0.821528,
		0,
		1.023614,
		0.147911,
		-0.025378,
		1
	},
	[0.183333333333] = {
		0.844275,
		0.265969,
		-0.465253,
		0,
		-0.036452,
		0.894644,
		0.445289,
		0,
		0.534669,
		-0.358988,
		0.765021,
		0,
		1.091341,
		0.189074,
		0.057921,
		1
	},
	[0.1] = {
		0.773785,
		-0.131028,
		-0.619749,
		0,
		-0.349771,
		0.727322,
		-0.590477,
		0,
		0.528126,
		0.673672,
		0.516961,
		0,
		0.780434,
		-0.10859,
		-0.378664,
		1
	},
	[0.216666666667] = {
		0.866273,
		0.275243,
		-0.416909,
		0,
		0.117139,
		0.699355,
		0.705111,
		0,
		0.485644,
		-0.659654,
		0.57359,
		0,
		1.221436,
		0.256775,
		0.207362,
		1
	},
	[0.233333333333] = {
		0.870338,
		0.27156,
		-0.410812,
		0,
		0.185866,
		0.59137,
		0.784688,
		0,
		0.456032,
		-0.7593,
		0.464219,
		0,
		1.280331,
		0.288349,
		0.27047,
		1
	},
	[0.25] = {
		0.868861,
		0.268873,
		-0.415678,
		0,
		0.247455,
		0.491359,
		0.835064,
		0,
		0.428773,
		-0.828416,
		0.360388,
		0,
		1.333391,
		0.321186,
		0.325345,
		1
	},
	[0.266666666667] = {
		0.86219,
		0.270499,
		-0.428321,
		0,
		0.300388,
		0.407837,
		0.862228,
		0,
		0.407917,
		-0.872066,
		0.270378,
		0,
		1.378859,
		0.357882,
		0.373707,
		1
	},
	[0.283333333333] = {
		0.850933,
		0.277703,
		-0.445863,
		0,
		0.344168,
		0.34647,
		0.872644,
		0,
		0.396814,
		-0.896013,
		0.199246,
		0,
		1.415068,
		0.39995,
		0.416791,
		1
	},
	[0.2] = {
		0.857154,
		0.275358,
		-0.435276,
		0,
		0.042265,
		0.804644,
		0.592251,
		0,
		0.513323,
		-0.526047,
		0.678066,
		0,
		1.157924,
		0.224509,
		0.136187,
		1
	},
	[0.316666666667] = {
		0.816326,
		0.304481,
		-0.490819,
		0,
		0.407326,
		0.299003,
		0.86295,
		0,
		0.409508,
		-0.904372,
		0.120061,
		0,
		1.456839,
		0.496595,
		0.483248,
		1
	},
	[0.333333333333] = {
		0.793836,
		0.319852,
		-0.517223,
		0,
		0.426352,
		0.313762,
		0.848397,
		0,
		0.433646,
		-0.894007,
		0.112706,
		0,
		1.461241,
		0.54816,
		0.503528,
		1
	},
	[0.35] = {
		0.767126,
		0.329627,
		-0.55033,
		0,
		0.438238,
		0.357211,
		0.824832,
		0,
		0.468471,
		-0.873926,
		0.12957,
		0,
		1.445802,
		0.619199,
		0.510772,
		1
	},
	[0.366666666667] = {
		0.735968,
		0.329574,
		-0.591381,
		0,
		0.442358,
		0.427172,
		0.788571,
		0,
		0.512514,
		-0.841965,
		0.168596,
		0,
		1.404699,
		0.72001,
		0.50252,
		1
	},
	[0.383333333333] = {
		0.703011,
		0.318956,
		-0.635643,
		0,
		0.434699,
		0.514667,
		0.739023,
		0,
		0.56286,
		-0.795855,
		0.223167,
		0,
		1.34292,
		0.835556,
		0.479924,
		1
	},
	[0.3] = {
		0.835505,
		0.289633,
		-0.466952,
		0,
		0.379734,
		0.309876,
		0.871653,
		0,
		0.397157,
		-0.905588,
		0.14892,
		0,
		1.441267,
		0.446629,
		0.453745,
		1
	},
	[0.416666666667] = {
		0.641312,
		0.274469,
		-0.71651,
		0,
		0.365053,
		0.712219,
		0.599566,
		0,
		0.674874,
		-0.646073,
		0.356559,
		0,
		1.172391,
		1.066374,
		0.399522,
		1
	},
	[0.433333333333] = {
		0.615671,
		0.250012,
		-0.747291,
		0,
		0.291252,
		0.808983,
		0.510606,
		0,
		0.732203,
		-0.532015,
		0.425251,
		0,
		1.06664,
		1.164007,
		0.344801,
		1
	},
	[0.45] = {
		0.595016,
		0.231699,
		-0.769592,
		0,
		0.181949,
		0.893852,
		0.409785,
		0,
		0.782848,
		-0.383855,
		0.489698,
		0,
		0.947128,
		1.236671,
		0.28223,
		1
	},
	[0.466666666667] = {
		0.57907,
		0.226115,
		-0.783294,
		0,
		0.029308,
		0.954376,
		0.297167,
		0,
		0.814751,
		-0.195037,
		0.546023,
		0,
		0.81272,
		1.272907,
		0.212903,
		1
	},
	[0.483333333333] = {
		0.548829,
		0.245021,
		-0.799219,
		0,
		-0.226346,
		0.963922,
		0.140082,
		0,
		0.804707,
		0.104018,
		0.584488,
		0,
		0.584705,
		1.296614,
		0.103555,
		1
	},
	[0.4] = {
		0.670926,
		0.29916,
		-0.6785,
		0,
		0.41075,
		0.611868,
		0.675945,
		0,
		0.617368,
		-0.732203,
		0.287638,
		0,
		1.264772,
		0.953863,
		0.445067,
		1
	},
	[0.516666666667] = {
		0.506098,
		0.220416,
		-0.833836,
		0,
		-0.766466,
		0.55824,
		-0.317643,
		0,
		0.395467,
		0.799865,
		0.451465,
		0,
		-0.024997,
		1.292128,
		-0.235132,
		1
	},
	[0.533333333333] = {
		0.53662,
		0.180716,
		-0.824245,
		0,
		-0.829553,
		0.291866,
		-0.476084,
		0,
		0.154533,
		0.939231,
		0.306535,
		0,
		-0.183287,
		1.256689,
		-0.378442,
		1
	},
	[0.55] = {
		0.547866,
		0.055435,
		-0.834727,
		0,
		-0.66,
		-0.584478,
		-0.472001,
		0,
		-0.514046,
		0.809514,
		-0.283628,
		0,
		-0.449984,
		0.88924,
		-0.613668,
		1
	},
	[0.566666666667] = {
		0.460111,
		0.115892,
		-0.880265,
		0,
		-0.330819,
		-0.897674,
		-0.291101,
		0,
		-0.823928,
		0.425147,
		-0.374691,
		0,
		-0.585213,
		0.648044,
		-0.716782,
		1
	},
	[0.583333333333] = {
		0.332818,
		0.017975,
		-0.94282,
		0,
		-0.060524,
		-0.99735,
		-0.040379,
		0,
		-0.941047,
		0.070502,
		-0.330848,
		0,
		-0.739451,
		0.346966,
		-0.698758,
		1
	},
	[0.5] = {
		0.510826,
		0.250919,
		-0.822251,
		0,
		-0.547608,
		0.83228,
		-0.086224,
		0,
		0.662708,
		0.494317,
		0.562556,
		0,
		0.263765,
		1.309957,
		-0.059723,
		1
	},
	[0.616666666667] = {
		0.490727,
		-0.209883,
		-0.845657,
		0,
		0.343331,
		-0.845453,
		0.409064,
		0,
		-0.800819,
		-0.491079,
		-0.342827,
		0,
		-0.767317,
		-0.012996,
		-0.728259,
		1
	},
	[0.633333333333] = {
		0.4644,
		-0.281812,
		-0.839592,
		0,
		0.356956,
		-0.808044,
		0.468664,
		0,
		-0.810503,
		-0.517345,
		-0.274661,
		0,
		-0.732059,
		-0.165403,
		-0.842927,
		1
	},
	[0.65] = {
		0.396231,
		-0.341814,
		-0.852153,
		0,
		0.332124,
		-0.811909,
		0.480101,
		0,
		-0.855976,
		-0.473251,
		-0.208179,
		0,
		-0.686481,
		-0.317931,
		-0.987769,
		1
	},
	[0.666666666667] = {
		0.306567,
		-0.380766,
		-0.872373,
		0,
		0.277221,
		-0.841055,
		0.464517,
		0,
		-0.910585,
		-0.384245,
		-0.152284,
		0,
		-0.577012,
		-0.43499,
		-1.098145,
		1
	},
	[0.683333333333] = {
		0.224865,
		-0.393716,
		-0.891304,
		0,
		0.199637,
		-0.87671,
		0.437635,
		0,
		-0.953719,
		-0.276346,
		-0.118541,
		0,
		-0.457539,
		-0.500228,
		-1.162307,
		1
	},
	[0.6] = {
		0.45976,
		-0.127405,
		-0.878856,
		0,
		0.263353,
		-0.925576,
		0.271947,
		0,
		-0.848096,
		-0.35648,
		-0.39199,
		0,
		-0.794178,
		0.127255,
		-0.670131,
		1
	},
	[0.716666666667] = {
		0.197021,
		-0.362053,
		-0.911098,
		0,
		0.0084,
		-0.928656,
		0.370846,
		0,
		-0.980363,
		-0.080718,
		-0.179924,
		0,
		-0.301845,
		-0.536779,
		-1.23916,
		1
	},
	[0.733333333333] = {
		0.233339,
		-0.316241,
		-0.919535,
		0,
		-0.132918,
		-0.947136,
		0.292004,
		0,
		-0.963268,
		0.054087,
		-0.263038,
		0,
		-0.232889,
		-0.540933,
		-1.280222,
		1
	},
	[0.75] = {
		0.295749,
		-0.259188,
		-0.919431,
		0,
		-0.292645,
		-0.940793,
		0.171077,
		0,
		-0.909336,
		0.218471,
		-0.354089,
		0,
		-0.164024,
		-0.533705,
		-1.324068,
		1
	},
	[0.766666666667] = {
		0.379699,
		-0.203567,
		-0.902435,
		0,
		-0.445396,
		-0.895215,
		0.014539,
		0,
		-0.810833,
		0.396421,
		-0.43058,
		0,
		-0.095235,
		-0.513475,
		-1.36692,
		1
	},
	[0.783333333333] = {
		0.475284,
		-0.160785,
		-0.865016,
		0,
		-0.566654,
		-0.808042,
		-0.161154,
		0,
		-0.673059,
		0.566759,
		-0.475159,
		0,
		-0.027888,
		-0.48205,
		-1.404535,
		1
	},
	[0.7] = {
		0.187216,
		-0.386897,
		-0.902918,
		0,
		0.113762,
		-0.904446,
		0.41114,
		0,
		-0.975709,
		-0.17969,
		-0.125313,
		0,
		-0.370501,
		-0.526909,
		-1.202972,
		1
	},
	[0.816666666667] = {
		0.653147,
		-0.128504,
		-0.746248,
		0,
		-0.674085,
		-0.547639,
		-0.495683,
		0,
		-0.344978,
		0.826788,
		-0.444311,
		0,
		0.071962,
		-0.428843,
		-1.455608,
		1
	},
	[0.833333333333] = {
		0.721286,
		-0.135035,
		-0.679347,
		0,
		-0.66666,
		-0.401441,
		-0.62802,
		0,
		-0.187913,
		0.905876,
		-0.379577,
		0,
		0.089779,
		-0.418372,
		-1.473079,
		1
	},
	[0.85] = {
		0.729164,
		-0.119476,
		-0.673829,
		0,
		-0.659273,
		-0.386688,
		-0.64485,
		0,
		-0.183517,
		0.914439,
		-0.360726,
		0,
		0.085398,
		-0.445178,
		-1.463358,
		1
	},
	[0.866666666667] = {
		0.736764,
		-0.102428,
		-0.668346,
		0,
		-0.651865,
		-0.370132,
		-0.661872,
		0,
		-0.179582,
		0.923315,
		-0.339469,
		0,
		0.077716,
		-0.478782,
		-1.44972,
		1
	},
	[0.883333333333] = {
		0.743807,
		-0.084155,
		-0.663076,
		0,
		-0.644718,
		-0.352034,
		-0.678536,
		0,
		-0.176323,
		0.932196,
		-0.316101,
		0,
		0.066861,
		-0.517282,
		-1.432635,
		1
	},
	[0.8] = {
		0.569643,
		-0.135995,
		-0.810563,
		0,
		-0.643288,
		-0.687605,
		-0.33672,
		0,
		-0.511555,
		0.713235,
		-0.479173,
		0,
		0.030849,
		-0.449931,
		-1.432392,
		1
	},
	[0.916666666667] = {
		0.755203,
		-0.04475,
		-0.653962,
		0,
		-0.632321,
		-0.312645,
		-0.708818,
		0,
		-0.172738,
		0.948815,
		-0.264407,
		0,
		0.037565,
		-0.600717,
		-1.39104,
		1
	},
	[0.933333333333] = {
		0.759092,
		-0.023891,
		-0.650545,
		0,
		-0.627604,
		-0.292268,
		-0.72159,
		0,
		-0.172894,
		0.956038,
		-0.236852,
		0,
		0.020969,
		-0.640997,
		-1.368736,
		1
	},
	[0.95] = {
		0.761484,
		-0.002352,
		-0.64818,
		0,
		-0.624201,
		-0.272161,
		-0.732326,
		0,
		-0.174687,
		0.962249,
		-0.208714,
		0,
		0.004878,
		-0.676772,
		-1.347532,
		1
	},
	[0.966666666667] = {
		0.762163,
		0.019855,
		-0.647081,
		0,
		-0.622325,
		-0.252938,
		-0.740766,
		0,
		-0.178379,
		0.967279,
		-0.180423,
		0,
		-0.00903,
		-0.705041,
		-1.329514,
		1
	},
	[0.983333333333] = {
		0.760904,
		0.042754,
		-0.647454,
		0,
		-0.622157,
		-0.235255,
		-0.74671,
		0,
		-0.184242,
		0.970993,
		-0.152407,
		0,
		-0.018967,
		-0.722623,
		-1.317082,
		1
	},
	[0.9] = {
		0.750033,
		-0.064875,
		-0.658211,
		0,
		-0.638112,
		-0.332732,
		-0.694336,
		0,
		-0.173963,
		0.940787,
		-0.290957,
		0,
		0.05323,
		-0.558661,
		-1.412765,
		1
	}
}

return spline_matrices
