local spline_matrices = {
	[0] = {
		0.773318,
		-0.632636,
		0.041848,
		0,
		-0.325427,
		-0.452707,
		-0.830153,
		0,
		0.544129,
		0.628354,
		-0.555963,
		0,
		0.643191,
		-0.53082,
		-0.527114,
		1
	},
	{
		0.516655,
		-0.755622,
		-0.40262,
		0,
		-0.725965,
		-0.13731,
		-0.673885,
		0,
		0.453918,
		0.640454,
		-0.619497,
		0,
		0.475227,
		-0.548703,
		-1.461058,
		1
	},
	[0.0166666666667] = {
		0.7745,
		-0.614232,
		-0.151225,
		0,
		-0.360474,
		-0.232104,
		-0.90343,
		0,
		0.519816,
		0.754219,
		-0.401179,
		0,
		0.63541,
		-0.477973,
		-0.544406,
		1
	},
	[0.0333333333333] = {
		0.761257,
		-0.545091,
		-0.351232,
		0,
		-0.399866,
		0.031803,
		-0.916022,
		0,
		0.510485,
		0.837773,
		-0.193753,
		0,
		0.626374,
		-0.410514,
		-0.535583,
		1
	},
	[0.05] = {
		0.735698,
		-0.412997,
		-0.536825,
		0,
		-0.43703,
		0.31606,
		-0.842087,
		0,
		0.517448,
		0.854131,
		0.052033,
		0,
		0.617372,
		-0.333424,
		-0.495227,
		1
	},
	[0.0666666666667] = {
		0.702236,
		-0.216157,
		-0.678337,
		0,
		-0.464693,
		0.58268,
		-0.666741,
		0,
		0.539374,
		0.783428,
		0.308732,
		0,
		0.609923,
		-0.255488,
		-0.420112,
		1
	},
	[0.0833333333333] = {
		0.667564,
		0.03077,
		-0.743916,
		0,
		-0.477224,
		0.784606,
		-0.395791,
		0,
		0.571502,
		0.619231,
		0.538459,
		0,
		0.605251,
		-0.18816,
		-0.311648,
		1
	},
	[0.116666666667] = {
		0.623481,
		0.532042,
		-0.57289,
		0,
		-0.456597,
		0.842589,
		0.285593,
		0,
		0.634658,
		0.083518,
		0.768267,
		0,
		0.604127,
		-0.125956,
		-0.030586,
		1
	},
	[0.133333333333] = {
		0.622258,
		0.698661,
		-0.353083,
		0,
		-0.43553,
		0.683777,
		0.585459,
		0,
		0.650468,
		-0.210528,
		0.729774,
		0,
		0.604609,
		-0.138086,
		0.113622,
		1
	},
	[0.15] = {
		0.633231,
		0.768518,
		-0.091639,
		0,
		-0.418429,
		0.439544,
		0.794807,
		0,
		0.651103,
		-0.464952,
		0.599904,
		0,
		0.602787,
		-0.171705,
		0.242339,
		1
	},
	[0.166666666667] = {
		0.651278,
		0.740974,
		0.163692,
		0,
		-0.409957,
		0.162039,
		0.897596,
		0,
		0.638571,
		-0.651691,
		0.4093,
		0,
		0.597125,
		-0.215084,
		0.348822,
		1
	},
	[0.183333333333] = {
		0.671482,
		0.63445,
		0.382865,
		0,
		-0.415018,
		-0.10605,
		0.903611,
		0,
		0.613899,
		-0.765655,
		0.192097,
		0,
		0.586026,
		-0.25813,
		0.434689,
		1
	},
	[0.1] = {
		0.639296,
		0.295051,
		-0.710103,
		0,
		-0.47319,
		0.878857,
		-0.060837,
		0,
		0.606129,
		0.374906,
		0.701465,
		0,
		0.603651,
		-0.142634,
		-0.177439,
		1
	},
	[0.216666666667] = {
		0.696617,
		0.282051,
		0.659676,
		0,
		-0.472574,
		-0.511438,
		0.717708,
		0,
		0.539813,
		-0.811713,
		-0.222987,
		0,
		0.543994,
		-0.31725,
		0.562757,
		1
	},
	[0.233333333333] = {
		0.696977,
		0.090899,
		0.711309,
		0,
		-0.514278,
		-0.627916,
		0.584157,
		0,
		0.499742,
		-0.772954,
		-0.390896,
		0,
		0.514862,
		-0.326727,
		0.614734,
		1
	},
	[0.25] = {
		0.691406,
		-0.082285,
		0.717766,
		0,
		-0.556464,
		-0.694272,
		0.456436,
		0,
		0.460767,
		-0.714994,
		-0.525812,
		0,
		0.481965,
		-0.323599,
		0.664478,
		1
	},
	[0.266666666667] = {
		0.683703,
		-0.226555,
		0.693703,
		0,
		-0.59459,
		-0.724072,
		0.349546,
		0,
		0.423099,
		-0.651454,
		-0.629757,
		0,
		0.446285,
		-0.310692,
		0.714343,
		1
	},
	[0.283333333333] = {
		0.677829,
		-0.337778,
		0.653034,
		0,
		-0.625752,
		-0.731348,
		0.271225,
		0,
		0.385981,
		-0.592482,
		-0.707095,
		0,
		0.408448,
		-0.291216,
		0.765007,
		1
	},
	[0.2] = {
		0.687963,
		0.471982,
		0.551308,
		0,
		-0.437376,
		-0.33656,
		0.833924,
		0,
		0.579145,
		-0.814838,
		-0.025107,
		0,
		0.568113,
		-0.293881,
		0.504454,
		1
	},
	[0.316666666667] = {
		0.683783,
		-0.463873,
		0.563262,
		0,
		-0.661003,
		-0.720722,
		0.208889,
		0,
		0.309057,
		-0.515152,
		-0.799438,
		0,
		0.327462,
		-0.243086,
		0.86583,
		1
	},
	[0.333333333333] = {
		0.699071,
		-0.483422,
		0.52688,
		0,
		-0.663066,
		-0.714076,
		0.224586,
		0,
		0.267663,
		-0.506358,
		-0.819731,
		0,
		0.284548,
		-0.217587,
		0.913214,
		1
	},
	[0.35] = {
		0.724232,
		-0.47474,
		0.500111,
		0,
		-0.653126,
		-0.704889,
		0.276691,
		0,
		0.221166,
		-0.527024,
		-0.820568,
		0,
		0.231918,
		-0.16618,
		0.956921,
		1
	},
	[0.366666666667] = {
		0.758421,
		-0.439761,
		0.48105,
		0,
		-0.629517,
		-0.68545,
		0.365877,
		0,
		0.168837,
		-0.580318,
		-0.796696,
		0,
		0.164525,
		-0.071623,
		0.995964,
		1
	},
	[0.383333333333] = {
		0.798762,
		-0.382453,
		0.464445,
		0,
		-0.59065,
		-0.645392,
		0.484356,
		0,
		0.114506,
		-0.66121,
		-0.741411,
		0,
		0.087338,
		0.054469,
		1.028857,
		1
	},
	[0.3] = {
		0.677093,
		-0.416155,
		0.606927,
		0,
		-0.648252,
		-0.727651,
		0.224263,
		0,
		0.348303,
		-0.545288,
		-0.76246,
		0,
		0.368789,
		-0.267998,
		0.815918,
		1
	},
	[0.416666666667] = {
		0.882155,
		-0.21662,
		0.418185,
		0,
		-0.470485,
		-0.445174,
		0.761881,
		0,
		0.021127,
		-0.868847,
		-0.494629,
		0,
		-0.081585,
		0.358637,
		1.06874,
		1
	},
	[0.433333333333] = {
		0.915696,
		-0.118543,
		0.383991,
		0,
		-0.401814,
		-0.253743,
		0.879864,
		0,
		-0.006867,
		-0.95998,
		-0.279984,
		0,
		-0.166265,
		0.513772,
		1.063255,
		1
	},
	[0.45] = {
		0.937606,
		-0.062656,
		0.342008,
		0,
		-0.329015,
		0.158235,
		0.930973,
		0,
		-0.112449,
		-0.985412,
		0.127747,
		0,
		-0.183832,
		0.725533,
		0.989349,
		1
	},
	[0.466666666667] = {
		0.941051,
		-0.049029,
		0.334692,
		0,
		-0.212474,
		0.684214,
		0.697643,
		0,
		-0.263206,
		-0.727631,
		0.633463,
		0,
		-0.126844,
		0.992702,
		0.819797,
		1
	},
	[0.483333333333] = {
		0.94683,
		0.051299,
		0.317618,
		0,
		-0.142646,
		0.951807,
		0.271505,
		0,
		-0.288383,
		-0.302376,
		0.908517,
		0,
		-0.080561,
		1.193206,
		0.536302,
		1
	},
	[0.4] = {
		0.841559,
		-0.306523,
		0.444773,
		0,
		-0.536447,
		-0.57072,
		0.621694,
		0,
		0.063277,
		-0.761789,
		-0.644727,
		0,
		0.004464,
		0.201279,
		1.053942,
		1
	},
	[0.516666666667] = {
		0.992687,
		0.082659,
		0.087976,
		0,
		-0.015006,
		0.807629,
		-0.5895,
		0,
		-0.119779,
		0.583869,
		0.802963,
		0,
		0.015065,
		1.491037,
		-0.245087,
		1
	},
	[0.533333333333] = {
		0.99514,
		0.093412,
		-0.031162,
		0,
		-0.065409,
		0.390481,
		-0.918285,
		0,
		-0.07361,
		0.91586,
		0.394693,
		0,
		0.112587,
		1.48911,
		-0.612342,
		1
	},
	[0.55] = {
		0.9938,
		-0.092787,
		0.061261,
		0,
		-0.007568,
		-0.606153,
		-0.795312,
		0,
		0.110928,
		0.789917,
		-0.603097,
		0,
		0.359382,
		1.03154,
		-1.034175,
		1
	},
	[0.566666666667] = {
		0.991723,
		0.086806,
		-0.094607,
		0,
		0.046088,
		-0.928398,
		-0.368718,
		0,
		-0.11984,
		0.361305,
		-0.924714,
		0,
		0.009197,
		0.594266,
		-1.32193,
		1
	},
	[0.583333333333] = {
		0.959617,
		-0.00903,
		-0.281166,
		0,
		0.032162,
		-0.989409,
		0.141546,
		0,
		-0.279466,
		-0.144873,
		-0.949163,
		0,
		-0.241446,
		0.258531,
		-1.455506,
		1
	},
	[0.5] = {
		0.977009,
		0.107453,
		0.184139,
		0,
		-0.079038,
		0.984707,
		-0.155256,
		0,
		-0.198005,
		0.137133,
		0.970561,
		0,
		-0.045626,
		1.365843,
		0.165301,
		1
	},
	[0.616666666667] = {
		0.970352,
		0.165849,
		-0.175818,
		0,
		0.228995,
		-0.863565,
		0.449239,
		0,
		-0.077324,
		-0.476182,
		-0.875941,
		0,
		-0.142023,
		-0.010162,
		-1.468543,
		1
	},
	[0.633333333333] = {
		0.966878,
		0.136393,
		-0.215741,
		0,
		0.230305,
		-0.830577,
		0.507052,
		0,
		-0.110031,
		-0.539944,
		-0.834478,
		0,
		-0.063213,
		-0.129273,
		-1.487659,
		1
	},
	[0.65] = {
		0.959007,
		0.065621,
		-0.275679,
		0,
		0.208641,
		-0.821812,
		0.530183,
		0,
		-0.191766,
		-0.565967,
		-0.801815,
		0,
		0.021682,
		-0.231506,
		-1.494875,
		1
	},
	[0.666666666667] = {
		0.941273,
		-0.026404,
		-0.336612,
		0,
		0.166495,
		-0.831009,
		0.530757,
		0,
		-0.293742,
		-0.555632,
		-0.777811,
		0,
		0.098465,
		-0.308769,
		-1.494586,
		1
	},
	[0.683333333333] = {
		0.917084,
		-0.120111,
		-0.380172,
		0,
		0.103213,
		-0.849513,
		0.517372,
		0,
		-0.385103,
		-0.513712,
		-0.766678,
		0,
		0.160323,
		-0.358333,
		-1.490212,
		1
	},
	[0.6] = {
		0.974542,
		0.132861,
		-0.180599,
		0,
		0.188697,
		-0.921063,
		0.340642,
		0,
		-0.121085,
		-0.366048,
		-0.922685,
		0,
		-0.20661,
		0.110516,
		-1.45676,
		1
	},
	[0.716666666667] = {
		0.893893,
		-0.272516,
		-0.355935,
		0,
		-0.091894,
		-0.888535,
		0.449513,
		0,
		-0.43876,
		-0.369108,
		-0.819298,
		0,
		0.244306,
		-0.384143,
		-1.479058,
		1
	},
	[0.733333333333] = {
		0.880612,
		-0.359692,
		-0.308453,
		0,
		-0.239644,
		-0.89966,
		0.364941,
		0,
		-0.408769,
		-0.247453,
		-0.87845,
		0,
		0.283493,
		-0.38718,
		-1.472137,
		1
	},
	[0.75] = {
		0.851805,
		-0.457502,
		-0.255187,
		0,
		-0.402953,
		-0.883492,
		0.238894,
		0,
		-0.33475,
		-0.100663,
		-0.936915,
		0,
		0.320168,
		-0.383876,
		-1.466344,
		1
	},
	[0.766666666667] = {
		0.802472,
		-0.559414,
		-0.207593,
		0,
		-0.55646,
		-0.8272,
		0.078052,
		0,
		-0.215384,
		0.052882,
		-0.975096,
		0,
		0.35359,
		-0.371577,
		-1.463905,
		1
	},
	[0.783333333333] = {
		0.733774,
		-0.656455,
		-0.17505,
		0,
		-0.676648,
		-0.729275,
		-0.101516,
		0,
		-0.061019,
		0.192938,
		-0.979312,
		0,
		0.384021,
		-0.350087,
		-1.466691,
		1
	},
	[0.7] = {
		0.900498,
		-0.198786,
		-0.386765,
		0,
		0.020645,
		-0.868856,
		0.494634,
		0,
		-0.43437,
		-0.453402,
		-0.778299,
		0,
		0.2055,
		-0.378772,
		-1.484953,
		1
	},
	[0.816666666667] = {
		0.566676,
		-0.805253,
		-0.174489,
		0,
		-0.77636,
		-0.450917,
		-0.440385,
		0,
		0.275941,
		0.385022,
		-0.88069,
		0,
		0.436165,
		-0.311234,
		-1.493705,
		1
	},
	[0.833333333333] = {
		0.485148,
		-0.850431,
		-0.203466,
		0,
		-0.763405,
		-0.298451,
		-0.572835,
		0,
		0.426432,
		0.433237,
		-0.794016,
		0,
		0.450837,
		-0.300003,
		-1.512005,
		1
	},
	[0.85] = {
		0.487351,
		-0.845793,
		-0.217078,
		0,
		-0.756742,
		-0.285049,
		-0.588293,
		0,
		0.435696,
		0.450977,
		-0.778966,
		0,
		0.456534,
		-0.32396,
		-1.509454,
		1
	},
	[0.866666666667] = {
		0.489924,
		-0.84007,
		-0.232932,
		0,
		-0.749985,
		-0.26995,
		-0.603861,
		0,
		0.444406,
		0.470542,
		-0.762295,
		0,
		0.462211,
		-0.352397,
		-1.505298,
		1
	},
	[0.883333333333] = {
		0.492652,
		-0.833387,
		-0.250518,
		0,
		-0.74348,
		-0.253474,
		-0.61886,
		0,
		0.452251,
		0.491138,
		-0.744482,
		0,
		0.467196,
		-0.384341,
		-1.499668,
		1
	},
	[0.8] = {
		0.652134,
		-0.740211,
		-0.163733,
		0,
		-0.750207,
		-0.599019,
		-0.279937,
		0,
		0.109134,
		0.30539,
		-0.945953,
		0,
		0.41203,
		-0.327689,
		-1.47711,
		1
	},
	[0.916666666667] = {
		0.498515,
		-0.816937,
		-0.289995,
		0,
		-0.732285,
		-0.217817,
		-0.645225,
		0,
		0.463942,
		0.534013,
		-0.706815,
		0,
		0.473874,
		-0.451771,
		-1.485524,
		1
	},
	[0.933333333333] = {
		0.501669,
		-0.807062,
		-0.311416,
		0,
		-0.728108,
		-0.199552,
		-0.655773,
		0,
		0.467105,
		0.555725,
		-0.687737,
		0,
		0.475473,
		-0.483507,
		-1.478056,
		1
	},
	[0.95] = {
		0.505013,
		-0.796023,
		-0.333631,
		0,
		-0.725196,
		-0.181728,
		-0.664128,
		0,
		0.468031,
		0.577341,
		-0.669048,
		0,
		0.47613,
		-0.511235,
		-1.471164,
		1
	},
	[0.966666666667] = {
		0.508592,
		-0.783783,
		-0.356395,
		0,
		-0.723758,
		-0.164966,
		-0.670045,
		0,
		0.466377,
		0.598724,
		-0.65117,
		0,
		0.476124,
		-0.532813,
		-1.465547,
		1
	},
	[0.983333333333] = {
		0.512458,
		-0.770319,
		-0.379467,
		0,
		-0.723969,
		-0.149929,
		-0.673342,
		0,
		0.461796,
		0.619782,
		-0.63452,
		0,
		0.475743,
		-0.546034,
		-1.461937,
		1
	},
	[0.9] = {
		0.495516,
		-0.825694,
		-0.269616,
		0,
		-0.737493,
		-0.235957,
		-0.632795,
		0,
		0.458877,
		0.512399,
		-0.725864,
		0,
		0.471132,
		-0.418072,
		-1.492919,
		1
	}
}

return spline_matrices
