-- chunkname: @content/characters/player/ogryn/first_person/animations/club_ogryn/swing_slap_left.lua

local spline_matrices = {
	[0.0166666666667] = {
		-0.683595,
		-0.407693,
		-0.605379,
		0,
		-0.516722,
		-0.315447,
		0.795922,
		0,
		-0.515457,
		0.856901,
		0.004974,
		0,
		-0.632953,
		0.527425,
		-0.936295,
		1
	},
	[0.0333333333333] = {
		-0.6838,
		-0.407014,
		-0.605605,
		0,
		-0.517532,
		-0.314544,
		0.795753,
		0,
		-0.514372,
		0.857556,
		0.004442,
		0,
		-0.631802,
		0.527936,
		-0.936785,
		1
	},
	[0.05] = {
		-0.340208,
		-0.67086,
		-0.658943,
		0,
		-0.938187,
		0.194653,
		0.286208,
		0,
		-0.06374,
		0.715582,
		-0.695615,
		0,
		-0.423193,
		0.604075,
		-1.223703,
		1
	},
	[0.0666666666667] = {
		-0.181663,
		-0.885336,
		-0.427995,
		0,
		-0.825133,
		0.374,
		-0.423415,
		0,
		0.534934,
		0.276234,
		-0.798461,
		0,
		0.112948,
		0.738004,
		-1.546727,
		1
	},
	[0.0833333333333] = {
		-0.227148,
		-0.917031,
		-0.327806,
		0,
		-0.573836,
		0.397997,
		-0.715759,
		0,
		0.786839,
		0.025524,
		-0.61663,
		0,
		0.319242,
		0.71907,
		-1.571711,
		1
	},
	[0] = {
		-0.683533,
		-0.407937,
		-0.605285,
		0,
		-0.516414,
		-0.315776,
		0.795992,
		0,
		-0.515848,
		0.856664,
		0.005179,
		0,
		-0.633387,
		0.527243,
		-0.936104,
		1
	},
	[0.116666666667] = {
		-0.391202,
		-0.846355,
		-0.361447,
		0,
		-0.003232,
		0.394008,
		-0.919101,
		0,
		0.920299,
		-0.358386,
		-0.156872,
		0,
		0.765507,
		0.386126,
		-1.27937,
		1
	},
	[0.133333333333] = {
		-0.440216,
		-0.765581,
		-0.469143,
		0,
		0.282853,
		0.37765,
		-0.881688,
		0,
		0.852176,
		-0.520832,
		0.050299,
		0,
		0.963953,
		0.156093,
		-1.087494,
		1
	},
	[0.15] = {
		-0.435409,
		-0.664902,
		-0.606898,
		0,
		0.539476,
		0.346982,
		-0.767183,
		0,
		0.720683,
		-0.661445,
		0.207619,
		0,
		1.136904,
		-0.074228,
		-0.896483,
		1
	},
	[0.166666666667] = {
		-0.372428,
		-0.559331,
		-0.740572,
		0,
		0.735954,
		0.308148,
		-0.602841,
		0,
		0.565393,
		-0.769541,
		0.296879,
		0,
		1.236158,
		-0.238122,
		-0.720557,
		1
	},
	[0.183333333333] = {
		-0.273297,
		-0.467414,
		-0.840734,
		0,
		0.855426,
		0.281642,
		-0.434654,
		0,
		0.439949,
		-0.837975,
		0.322866,
		0,
		1.222363,
		-0.269928,
		-0.600696,
		1
	},
	[0.1] = {
		-0.310451,
		-0.898952,
		-0.30904,
		0,
		-0.293392,
		0.399845,
		-0.868358,
		0,
		0.90418,
		-0.178913,
		-0.387877,
		0,
		0.548185,
		0.584558,
		-1.448698,
		1
	},
	[0.216666666667] = {
		-0.087439,
		-0.342702,
		-0.935366,
		0,
		0.876457,
		0.419817,
		-0.235746,
		0,
		0.473473,
		-0.840422,
		0.263655,
		0,
		1.229823,
		-0.255427,
		-0.563258,
		1
	},
	[0.233333333333] = {
		-0.004013,
		-0.239352,
		-0.970925,
		0,
		0.752875,
		0.638302,
		-0.160466,
		0,
		0.658151,
		-0.731629,
		0.177641,
		0,
		1.265609,
		-0.181329,
		-0.562949,
		1
	},
	[0.25] = {
		0.038837,
		-0.111426,
		-0.993014,
		0,
		0.537396,
		0.840142,
		-0.073254,
		0,
		0.842435,
		-0.530797,
		0.092508,
		0,
		1.279116,
		-0.02399,
		-0.565536,
		1
	},
	[0.266666666667] = {
		0.035319,
		-0.002275,
		-0.999373,
		0,
		0.304916,
		0.95234,
		0.008608,
		0,
		0.951724,
		-0.305029,
		0.03433,
		0,
		1.191198,
		0.200492,
		-0.564996,
		1
	},
	[0.283333333333] = {
		-0.001552,
		0.063166,
		-0.998002,
		0,
		0.092809,
		0.993705,
		0.062749,
		0,
		0.995683,
		-0.092526,
		-0.007405,
		0,
		1.086478,
		0.44635,
		-0.54922,
		1
	},
	[0.2] = {
		-0.177338,
		-0.404691,
		-0.897093,
		0,
		0.902895,
		0.295783,
		-0.311917,
		0,
		0.391575,
		-0.865296,
		0.31294,
		0,
		1.216371,
		-0.27849,
		-0.563349,
		1
	},
	[0.316666666667] = {
		-0.132335,
		0.111751,
		-0.984885,
		0,
		-0.347357,
		0.925385,
		0.151673,
		0,
		0.928348,
		0.362179,
		-0.083644,
		0,
		0.812497,
		1.00799,
		-0.456119,
		1
	},
	[0.333333333333] = {
		-0.206267,
		0.129128,
		-0.969938,
		0,
		-0.555004,
		0.800937,
		0.224656,
		0,
		0.805869,
		0.584659,
		-0.09354,
		0,
		0.623392,
		1.233316,
		-0.38715,
		1
	},
	[0.35] = {
		-0.317335,
		0.133506,
		-0.938869,
		0,
		-0.740132,
		0.584096,
		0.333221,
		0,
		0.592877,
		0.800629,
		-0.086542,
		0,
		0.29061,
		1.342195,
		-0.287833,
		1
	},
	[0.366666666667] = {
		-0.39054,
		0.132481,
		-0.911004,
		0,
		-0.8606,
		0.298837,
		0.412389,
		0,
		0.326875,
		0.945064,
		-0.002695,
		0,
		-0.116357,
		1.361837,
		-0.181682,
		1
	},
	[0.383333333333] = {
		-0.339389,
		0.205658,
		-0.917889,
		0,
		-0.937731,
		0.002787,
		0.34735,
		0,
		0.073993,
		0.97862,
		0.191906,
		0,
		-0.483042,
		1.293967,
		-0.084702,
		1
	},
	[0.3] = {
		-0.062153,
		0.095335,
		-0.993503,
		0,
		-0.1271,
		0.986567,
		0.102621,
		0,
		0.989941,
		0.132653,
		-0.049201,
		0,
		0.96336,
		0.730214,
		-0.511905,
		1
	},
	[0.416666666667] = {
		-0.435219,
		0.554513,
		-0.709295,
		0,
		-0.878294,
		-0.434707,
		0.199071,
		0,
		-0.197948,
		0.709609,
		0.676218,
		0,
		-1.001968,
		1.1103,
		0.013473,
		1
	},
	[0.433333333333] = {
		-0.568042,
		0.664182,
		-0.485995,
		0,
		-0.794546,
		-0.596508,
		0.113468,
		0,
		-0.214537,
		0.4506,
		0.866564,
		0,
		-1.160387,
		1.010126,
		0.013896,
		1
	},
	[0.45] = {
		-0.640343,
		0.645131,
		-0.416854,
		0,
		-0.657037,
		-0.741167,
		-0.137747,
		0,
		-0.397823,
		0.185683,
		0.898476,
		0,
		-1.337979,
		0.795782,
		0.025633,
		1
	},
	[0.466666666667] = {
		-0.713806,
		0.570412,
		-0.406339,
		0,
		-0.439024,
		-0.816494,
		-0.374959,
		0,
		-0.545655,
		-0.089256,
		0.833243,
		0,
		-1.461876,
		0.58299,
		0.0359,
		1
	},
	[0.483333333333] = {
		-0.832474,
		0.405819,
		-0.377225,
		0,
		-0.161826,
		-0.829232,
		-0.534964,
		0,
		-0.529906,
		-0.384299,
		0.755986,
		0,
		-1.515594,
		0.423666,
		-0.001221,
		1
	},
	[0.4] = {
		-0.312501,
		0.356995,
		-0.880283,
		0,
		-0.939222,
		-0.25479,
		0.230096,
		0,
		-0.142144,
		0.898686,
		0.41492,
		0,
		-0.797148,
		1.180477,
		-0.006314,
		1
	},
	[0.516666666667] = {
		-0.874307,
		-0.213917,
		-0.435692,
		0,
		0.484238,
		-0.445798,
		-0.752846,
		0,
		-0.033184,
		-0.869197,
		0.493351,
		0,
		-1.630735,
		0.046698,
		-0.217731,
		1
	},
	[0.533333333333] = {
		-0.696627,
		-0.48766,
		-0.526211,
		0,
		0.635623,
		-0.079381,
		-0.767908,
		0,
		0.332707,
		-0.869417,
		0.365266,
		0,
		-1.670254,
		-0.141805,
		-0.35227,
		1
	},
	[0.55] = {
		-0.481405,
		-0.624956,
		-0.614556,
		0,
		0.630768,
		0.239819,
		-0.737983,
		0,
		0.608589,
		-0.742911,
		0.278752,
		0,
		-1.686621,
		-0.286373,
		-0.469234,
		1
	},
	[0.566666666667] = {
		-0.328657,
		-0.65735,
		-0.678142,
		0,
		0.557793,
		0.444323,
		-0.701031,
		0,
		0.762136,
		-0.608661,
		0.220635,
		0,
		-1.689644,
		-0.352963,
		-0.536507,
		1
	},
	[0.583333333333] = {
		-0.236558,
		-0.647953,
		-0.724015,
		0,
		0.472959,
		0.57413,
		-0.668345,
		0,
		0.848734,
		-0.500532,
		0.17064,
		0,
		-1.687975,
		-0.366906,
		-0.567924,
		1
	},
	[0.5] = {
		-0.91601,
		0.125626,
		-0.380977,
		0,
		0.179656,
		-0.720669,
		-0.669597,
		0,
		-0.358677,
		-0.681802,
		0.637571,
		0,
		-1.573937,
		0.242295,
		-0.093335,
		1
	},
	[0.616666666667] = {
		-0.110051,
		-0.593067,
		-0.797597,
		0,
		0.281408,
		0.751044,
		-0.59728,
		0,
		0.953257,
		-0.290181,
		0.084241,
		0,
		-1.672228,
		-0.367256,
		-0.628373,
		1
	},
	[0.633333333333] = {
		-0.071228,
		-0.557374,
		-0.8272,
		0,
		0.182961,
		0.807935,
		-0.560148,
		0,
		0.980537,
		-0.191243,
		0.04443,
		0,
		-1.659765,
		-0.355431,
		-0.657061,
		1
	},
	[0.65] = {
		-0.045803,
		-0.519863,
		-0.853021,
		0,
		0.085211,
		0.848772,
		-0.521849,
		0,
		0.99531,
		-0.096589,
		0.005422,
		0,
		-1.644907,
		-0.336781,
		-0.684632,
		1
	},
	[0.666666666667] = {
		-0.032013,
		-0.482052,
		-0.875558,
		0,
		-0.011105,
		0.876124,
		-0.481958,
		0,
		0.999426,
		-0.005706,
		-0.0334,
		0,
		-1.627962,
		-0.31212,
		-0.711074,
		1
	},
	[0.683333333333] = {
		-0.028448,
		-0.444927,
		-0.895115,
		0,
		-0.105617,
		0.891803,
		-0.439924,
		0,
		0.994,
		0.082024,
		-0.072362,
		0,
		-1.60916,
		-0.282204,
		-0.736408,
		1
	},
	[0.6] = {
		-0.164385,
		-0.624534,
		-0.763502,
		0,
		0.379048,
		0.674605,
		-0.633428,
		0,
		0.910659,
		-0.39353,
		0.125833,
		0,
		-1.681849,
		-0.371382,
		-0.59862,
		1
	},
	[0.716666666667] = {
		-0.047763,
		-0.375306,
		-0.925669,
		0,
		-0.288175,
		0.892499,
		-0.346988,
		0,
		0.956386,
		0.250181,
		-0.150782,
		0,
		-1.566661,
		-0.209352,
		-0.783934,
		1
	},
	[0.733333333333] = {
		-0.069006,
		-0.343793,
		-0.936507,
		0,
		-0.375488,
		0.878663,
		-0.294891,
		0,
		0.924255,
		0.331298,
		-0.189724,
		0,
		-1.543255,
		-0.16767,
		-0.806255,
		1
	},
	[0.75] = {
		-0.097052,
		-0.315079,
		-0.94409,
		0,
		-0.459363,
		0.855673,
		-0.238348,
		0,
		0.882931,
		0.410547,
		-0.227781,
		0,
		-1.518605,
		-0.123253,
		-0.827721,
		1
	},
	[0.766666666667] = {
		-0.131229,
		-0.289632,
		-0.948099,
		0,
		-0.538899,
		0.823565,
		-0.176998,
		0,
		0.832086,
		0.487703,
		-0.264158,
		0,
		-1.492873,
		-0.07663,
		-0.848425,
		1
	},
	[0.783333333333] = {
		-0.170799,
		-0.267944,
		-0.948174,
		0,
		-0.612936,
		0.782343,
		-0.110671,
		0,
		0.771451,
		0.562268,
		-0.297856,
		0,
		-1.466241,
		-0.028304,
		-0.868462,
		1
	},
	[0.7] = {
		-0.033996,
		-0.409171,
		-0.911824,
		0,
		-0.198072,
		0.897013,
		-0.39514,
		0,
		0.979598,
		0.167174,
		-0.11154,
		0,
		-1.588676,
		-0.247731,
		-0.760676,
		1
	},
	[0.816666666667] = {
		-0.26253,
		-0.237845,
		-0.935151,
		0,
		-0.738734,
		0.673023,
		0.036213,
		0,
		0.620766,
		0.700335,
		-0.352393,
		0,
		-1.411192,
		0.071557,
		-0.906899,
		1
	},
	[0.833333333333] = {
		-0.312476,
		-0.230328,
		-0.921579,
		0,
		-0.787269,
		0.605685,
		0.115559,
		0,
		0.53157,
		0.76164,
		-0.370593,
		0,
		-1.383336,
		0.122171,
		-0.925452,
		1
	},
	[0.85] = {
		-0.363386,
		-0.228249,
		-0.903246,
		0,
		-0.824114,
		0.530918,
		0.197389,
		0,
		0.434495,
		0.816106,
		-0.381031,
		0,
		-1.355708,
		0.172624,
		-0.943622,
		1
	},
	[0.866666666667] = {
		-0.41379,
		-0.231683,
		-0.880398,
		0,
		-0.847976,
		0.449952,
		0.280143,
		0,
		0.331233,
		0.862477,
		-0.382647,
		0,
		-1.328691,
		0.222434,
		-0.961411,
		1
	},
	[0.883333333333] = {
		-0.462195,
		-0.240449,
		-0.853557,
		0,
		-0.858025,
		0.36438,
		0.361967,
		0,
		0.223984,
		0.899673,
		-0.374726,
		0,
		-1.302694,
		0.27109,
		-0.978775,
		1
	},
	[0.8] = {
		-0.214905,
		-0.250521,
		-0.943957,
		0,
		-0.680074,
		0.73208,
		-0.039462,
		0,
		0.700939,
		0.63348,
		-0.327701,
		0,
		-1.438928,
		0.021246,
		-0.887925,
		1
	},
	[0.916666666667] = {
		-0.54765,
		-0.271761,
		-0.791344,
		0,
		-0.836668,
		0.187062,
		0.514776,
		0,
		0.008135,
		0.944009,
		-0.329818,
		0,
		-1.255401,
		0.362696,
		-1.01181,
		1
	},
	[0.933333333333] = {
		-0.582685,
		-0.292477,
		-0.758245,
		0,
		-0.807142,
		0.099353,
		0.581937,
		0,
		-0.094869,
		0.951097,
		-0.293962,
		0,
		-1.234868,
		0.404425,
		-1.027168,
		1
	},
	[0.95] = {
		-0.611878,
		-0.314964,
		-0.725536,
		0,
		-0.76751,
		0.014762,
		0.640867,
		0,
		-0.19114,
		0.948989,
		-0.25077,
		0,
		-1.216843,
		0.442566,
		-1.041496,
		1
	},
	[0.966666666667] = {
		-0.635225,
		-0.337849,
		-0.694512,
		0,
		-0.72032,
		-0.065241,
		0.690567,
		0,
		-0.278618,
		0.938937,
		-0.201916,
		0,
		-1.201576,
		0.47644,
		-1.054588,
		1
	},
	[0.983333333333] = {
		-0.653117,
		-0.359722,
		-0.666361,
		0,
		-0.668448,
		-0.139624,
		0.730536,
		0,
		-0.35583,
		0.922554,
		-0.149265,
		0,
		-1.189255,
		0.505362,
		-1.066248,
		1
	},
	[0.9] = {
		-0.507207,
		-0.254069,
		-0.823523,
		0,
		-0.85407,
		0.276074,
		0.440848,
		0,
		0.115348,
		0.926948,
		-0.357019,
		0,
		-1.278131,
		0.318041,
		-0.995621,
		1
	},
	[1.01666666667] = {
		-0.675559,
		-0.395008,
		-0.622566,
		0,
		-0.562535,
		-0.269709,
		0.781544,
		0,
		-0.476628,
		0.878194,
		-0.040001,
		0,
		-1.17395,
		0.545674,
		-1.084593,
		1
	},
	[1.03333333333] = {
		-0.682008,
		-0.405895,
		-0.608371,
		0,
		-0.514143,
		-0.325498,
		0.793541,
		0,
		-0.520118,
		0.853991,
		0.013305,
		0,
		-1.17112,
		0.555777,
		-1.091012,
		1
	},
	[1.05] = {
		-0.682595,
		-0.405452,
		-0.608007,
		0,
		-0.514422,
		-0.324357,
		0.793828,
		0,
		-0.51907,
		0.854635,
		0.012831,
		0,
		-1.170602,
		0.556506,
		-1.091196,
		1
	},
	[1.06666666667] = {
		-0.68313,
		-0.405066,
		-0.607664,
		0,
		-0.514689,
		-0.323269,
		0.794098,
		0,
		-0.518101,
		0.85523,
		0.012351,
		0,
		-1.170108,
		0.557136,
		-1.091404,
		1
	},
	[1.08333333333] = {
		-0.683608,
		-0.404743,
		-0.607342,
		0,
		-0.514942,
		-0.322241,
		0.794352,
		0,
		-0.517219,
		0.855771,
		0.011867,
		0,
		-1.169643,
		0.557657,
		-1.091636,
		1
	},
	{
		-0.666259,
		-0.37921,
		-0.642105,
		0,
		-0.61488,
		-0.207823,
		0.760745,
		0,
		-0.421926,
		0.90167,
		-0.094704,
		0,
		-1.180016,
		0.528658,
		-1.076299,
		1
	},
	[1.11666666667] = {
		-0.684378,
		-0.404301,
		-0.606769,
		0,
		-0.5154,
		-0.32039,
		0.794804,
		0,
		-0.515742,
		0.856675,
		0.010891,
		0,
		-1.168814,
		0.558347,
		-1.092172,
		1
	},
	[1.13333333333] = {
		-0.684662,
		-0.404191,
		-0.606521,
		0,
		-0.515602,
		-0.319579,
		0.794999,
		0,
		-0.515163,
		0.857029,
		0.010402,
		0,
		-1.168456,
		0.558501,
		-1.092476,
		1
	},
	[1.15] = {
		-0.684873,
		-0.404162,
		-0.606302,
		0,
		-0.515784,
		-0.318853,
		0.795173,
		0,
		-0.5147,
		0.857313,
		0.009913,
		0,
		-1.168141,
		0.558517,
		-1.092804,
		1
	},
	[1.16666666667] = {
		-0.685008,
		-0.404219,
		-0.606111,
		0,
		-0.515943,
		-0.318218,
		0.795324,
		0,
		-0.514361,
		0.857522,
		0.009428,
		0,
		-1.167875,
		0.558389,
		-1.093154,
		1
	},
	[1.18333333333] = {
		-0.685068,
		-0.404366,
		-0.605946,
		0,
		-0.516072,
		-0.31768,
		0.795456,
		0,
		-0.514152,
		0.857653,
		0.00895,
		0,
		-1.167668,
		0.558107,
		-1.093519,
		1
	},
	[1.1] = {
		-0.684025,
		-0.404486,
		-0.607043,
		0,
		-0.51518,
		-0.321279,
		0.794588,
		0,
		-0.51643,
		0.856254,
		0.01138,
		0,
		-1.169211,
		0.558064,
		-1.091892,
		1
	},
	[1.21666666667] = {
		-0.684973,
		-0.404917,
		-0.605686,
		0,
		-0.516234,
		-0.316895,
		0.795664,
		0,
		-0.514116,
		0.857683,
		0.008033,
		0,
		-1.16744,
		0.55711,
		-1.094271,
		1
	},
	[1.23333333333] = {
		-0.684859,
		-0.405257,
		-0.605586,
		0,
		-0.516288,
		-0.316606,
		0.795743,
		0,
		-0.514213,
		0.857629,
		0.007601,
		0,
		-1.167379,
		0.556503,
		-1.094645,
		1
	},
	[1.25] = {
		-0.684718,
		-0.405617,
		-0.605505,
		0,
		-0.516331,
		-0.316371,
		0.795809,
		0,
		-0.514358,
		0.857545,
		0.007192,
		0,
		-1.16734,
		0.555863,
		-1.095011,
		1
	},
	[1.26666666667] = {
		-0.684556,
		-0.405986,
		-0.60544,
		0,
		-0.516363,
		-0.316185,
		0.795862,
		0,
		-0.51454,
		0.857439,
		0.00681,
		0,
		-1.167321,
		0.55521,
		-1.095362,
		1
	},
	[1.28333333333] = {
		-0.684383,
		-0.406353,
		-0.605389,
		0,
		-0.516386,
		-0.316043,
		0.795903,
		0,
		-0.514747,
		0.857318,
		0.006459,
		0,
		-1.167318,
		0.554563,
		-1.095694,
		1
	},
	[1.2] = {
		-0.68505,
		-0.404607,
		-0.605805,
		0,
		-0.516166,
		-0.317244,
		0.795568,
		0,
		-0.514081,
		0.8577,
		0.008484,
		0,
		-1.167528,
		0.557666,
		-1.093893,
		1
	},
	[1.31666666667] = {
		-0.684035,
		-0.407037,
		-0.605324,
		0,
		-0.516412,
		-0.315864,
		0.795958,
		0,
		-0.515185,
		0.857059,
		0.005864,
		0,
		-1.167344,
		0.553362,
		-1.096273,
		1
	},
	[1.33333333333] = {
		-0.683876,
		-0.407331,
		-0.605305,
		0,
		-0.516416,
		-0.315817,
		0.795974,
		0,
		-0.515391,
		0.856937,
		0.005627,
		0,
		-1.167366,
		0.552846,
		-1.09651,
		1
	},
	[1.35] = {
		-0.683738,
		-0.40758,
		-0.605294,
		0,
		-0.516417,
		-0.31579,
		0.795983,
		0,
		-0.515573,
		0.856829,
		0.005437,
		0,
		-1.167389,
		0.552411,
		-1.096704,
		1
	},
	[1.36666666667] = {
		-0.68363,
		-0.407771,
		-0.605288,
		0,
		-0.516416,
		-0.315778,
		0.795989,
		0,
		-0.515718,
		0.856742,
		0.005296,
		0,
		-1.167411,
		0.552077,
		-1.09685,
		1
	},
	[1.38333333333] = {
		-0.683558,
		-0.407893,
		-0.605286,
		0,
		-0.516415,
		-0.315775,
		0.795991,
		0,
		-0.515814,
		0.856685,
		0.005209,
		0,
		-1.167426,
		0.551863,
		-1.096941,
		1
	},
	[1.3] = {
		-0.684207,
		-0.406707,
		-0.605351,
		0,
		-0.516402,
		-0.315938,
		0.795935,
		0,
		-0.514966,
		0.857189,
		0.006142,
		0,
		-1.167327,
		0.553941,
		-1.095999,
		1
	},
	[1.4] = {
		-0.683533,
		-0.407937,
		-0.605285,
		0,
		-0.516414,
		-0.315776,
		0.795992,
		0,
		-0.515848,
		0.856664,
		0.005179,
		0,
		-1.167432,
		0.551788,
		-1.096973,
		1
	}
}

return spline_matrices
