local spline_matrices = {
	[0] = {
		0.986971,
		-0.153078,
		-0.049553,
		0,
		-0.058845,
		-0.056782,
		-0.996651,
		0,
		0.149752,
		0.986581,
		-0.06505,
		0,
		0.721682,
		-0.066049,
		-1.324613,
		1
	},
	{
		0.986971,
		-0.153078,
		-0.049553,
		0,
		-0.058845,
		-0.056782,
		-0.996651,
		0,
		0.149752,
		0.986581,
		-0.06505,
		0,
		0.721682,
		-0.066049,
		-1.324613,
		1
	},
	[0.0166666666667] = {
		0.977324,
		-0.209715,
		-0.029289,
		0,
		-0.05746,
		-0.129525,
		-0.98991,
		0,
		0.203806,
		0.969145,
		-0.138639,
		0,
		0.715316,
		-0.0789,
		-1.322364,
		1
	},
	[0.0333333333333] = {
		0.963653,
		-0.267136,
		0.003208,
		0,
		-0.05437,
		-0.20786,
		-0.976646,
		0,
		0.261565,
		0.940974,
		-0.214829,
		0,
		0.693307,
		-0.092955,
		-1.311933,
		1
	},
	[0.05] = {
		0.944969,
		-0.323662,
		0.047705,
		0,
		-0.051554,
		-0.291309,
		-0.955239,
		0,
		0.323072,
		0.900212,
		-0.291964,
		0,
		0.656904,
		-0.108011,
		-1.293604,
		1
	},
	[0.0666666666667] = {
		0.920283,
		-0.377245,
		0.10376,
		0,
		-0.0511,
		-0.378818,
		-0.924059,
		0,
		0.387903,
		0.845094,
		-0.367897,
		0,
		0.607314,
		-0.123751,
		-1.267658,
		1
	},
	[0.0833333333333] = {
		0.888743,
		-0.425497,
		0.170553,
		0,
		-0.055172,
		-0.468638,
		-0.881666,
		0,
		0.455073,
		0.774164,
		-0.439975,
		0,
		0.545707,
		-0.139729,
		-1.234394,
		1
	},
	[0.116666666667] = {
		0.803352,
		-0.495556,
		0.330227,
		0,
		-0.085248,
		-0.644523,
		-0.759818,
		0,
		0.589371,
		0.58225,
		-0.560024,
		0,
		0.391053,
		-0.169855,
		-1.147422,
		1
	},
	[0.133333333333] = {
		0.749923,
		-0.512394,
		0.418412,
		0,
		-0.11472,
		-0.723644,
		-0.680572,
		0,
		0.651502,
		0.462377,
		-0.601459,
		0,
		0.300385,
		-0.182381,
		-1.094752,
		1
	},
	[0.15] = {
		0.690702,
		-0.514601,
		0.508052,
		0,
		-0.155194,
		-0.791679,
		-0.590896,
		0,
		0.70629,
		0.329287,
		-0.626678,
		0,
		0.202553,
		-0.191974,
		-1.036923,
		1
	},
	[0.166666666667] = {
		0.627532,
		-0.501396,
		0.595655,
		0,
		-0.206704,
		-0.844876,
		-0.493414,
		0,
		0.750651,
		0.18651,
		-0.633828,
		0,
		0.099029,
		-0.197684,
		-0.974887,
		1
	},
	[0.183333333333] = {
		0.562753,
		-0.47315,
		0.677819,
		0,
		-0.268364,
		-0.880142,
		-0.391575,
		0,
		0.78185,
		0.038458,
		-0.622279,
		0,
		-0.008534,
		-0.198649,
		-0.909757,
		1
	},
	[0.1] = {
		0.849797,
		-0.465809,
		0.246715,
		0,
		-0.065907,
		-0.558275,
		-0.827034,
		0,
		0.522974,
		0.686551,
		-0.50512,
		0,
		0.473233,
		-0.155346,
		-1.194166,
		1
	},
	[0.216666666667] = {
		0.438631,
		-0.378744,
		0.814958,
		0,
		-0.414527,
		-0.889884,
		-0.190457,
		0,
		0.797352,
		-0.254282,
		-0.54733,
		0,
		-0.22828,
		-0.183817,
		-0.775123,
		1
	},
	[0.233333333333] = {
		0.383984,
		-0.318415,
		0.8667,
		0,
		-0.49389,
		-0.863918,
		-0.098579,
		0,
		0.780147,
		-0.390201,
		-0.488993,
		0,
		-0.336376,
		-0.167338,
		-0.708056,
		1
	},
	[0.25] = {
		0.336634,
		-0.253999,
		0.906731,
		0,
		-0.573716,
		-0.81889,
		-0.016394,
		0,
		0.746677,
		-0.514688,
		-0.42139,
		0,
		-0.440439,
		-0.144742,
		-0.642619,
		1
	},
	[0.266666666667] = {
		0.297569,
		-0.189028,
		0.9358,
		0,
		-0.651385,
		-0.756805,
		0.054258,
		0,
		0.697961,
		-0.625712,
		-0.348332,
		0,
		-0.53832,
		-0.116187,
		-0.579713,
		1
	},
	[0.283333333333] = {
		0.267143,
		-0.126723,
		0.955288,
		0,
		-0.724607,
		-0.679928,
		0.112439,
		0,
		0.635279,
		-0.722246,
		-0.273462,
		0,
		-0.627908,
		-0.081925,
		-0.520068,
		1
	},
	[0.2] = {
		0.498946,
		-0.43141,
		0.751624,
		0,
		-0.338435,
		-0.89542,
		-0.289284,
		0,
		0.797819,
		-0.110038,
		-0.59277,
		0,
		-0.1183,
		-0.194181,
		-0.842754,
		1
	},
	[0.316666666667] = {
		0.230907,
		-0.020721,
		0.972755,
		0,
		-0.850286,
		-0.490288,
		0.191392,
		0,
		0.472965,
		-0.871314,
		-0.13083,
		0,
		-0.774023,
		0.002657,
		-0.41273,
		1
	},
	[0.333333333333] = {
		0.223368,
		0.018794,
		0.974553,
		0,
		-0.899628,
		-0.380881,
		0.21354,
		0,
		0.375202,
		-0.924433,
		-0.068169,
		0,
		-0.826575,
		0.052561,
		-0.365847,
		1
	},
	[0.35] = {
		0.222019,
		0.047331,
		0.973893,
		0,
		-0.93756,
		-0.263914,
		0.226562,
		0,
		0.267747,
		-0.963384,
		-0.014218,
		0,
		-0.863222,
		0.106761,
		-0.32311,
		1
	},
	[0.366666666667] = {
		0.225648,
		0.063667,
		0.972126,
		0,
		-0.962369,
		-0.140533,
		0.232587,
		0,
		0.151424,
		-0.988027,
		0.02956,
		0,
		-0.882257,
		0.164796,
		-0.284217,
		1
	},
	[0.383333333333] = {
		0.228252,
		0.057599,
		0.971897,
		0,
		-0.973542,
		0.002446,
		0.228493,
		0,
		0.010784,
		-0.998337,
		0.056634,
		0,
		-0.878358,
		0.251758,
		-0.253476,
		1
	},
	[0.3] = {
		0.245147,
		-0.069854,
		0.966966,
		0,
		-0.791452,
		-0.590458,
		0.157995,
		0,
		0.559916,
		-0.80404,
		-0.200035,
		0,
		-0.707144,
		-0.042229,
		-0.464258,
		1
	},
	[0.416666666667] = {
		0.206941,
		-0.017515,
		0.978197,
		0,
		-0.911444,
		0.35995,
		0.199264,
		0,
		-0.355592,
		-0.932807,
		0.058524,
		0,
		-0.792936,
		0.548886,
		-0.219561,
		1
	},
	[0.433333333333] = {
		0.180128,
		-0.064873,
		0.981502,
		0,
		-0.814953,
		0.54892,
		0.185844,
		0,
		-0.550823,
		-0.833353,
		0.046007,
		0,
		-0.71389,
		0.732137,
		-0.211,
		1
	},
	[0.45] = {
		0.146068,
		-0.105796,
		0.983601,
		0,
		-0.667612,
		0.723181,
		0.176927,
		0,
		-0.73004,
		-0.682507,
		0.035003,
		0,
		-0.613057,
		0.919314,
		-0.204829,
		1
	},
	[0.466666666667] = {
		0.111584,
		-0.133752,
		0.984713,
		0,
		-0.469945,
		0.865998,
		0.170879,
		0,
		-0.875615,
		-0.481828,
		0.033776,
		0,
		-0.492793,
		1.095501,
		-0.199118,
		1
	},
	[0.483333333333] = {
		0.08593,
		-0.146073,
		0.985535,
		0,
		-0.225285,
		0.960724,
		0.162038,
		0,
		-0.970496,
		-0.23595,
		0.049647,
		0,
		-0.355569,
		1.245528,
		-0.192414,
		1
	},
	[0.4] = {
		0.222962,
		0.026904,
		0.974456,
		0,
		-0.961152,
		0.172915,
		0.215144,
		0,
		-0.16271,
		-0.984569,
		0.064412,
		0,
		-0.848236,
		0.38413,
		-0.232846,
		1
	},
	[0.516666666667] = {
		0.070427,
		-0.142171,
		0.987333,
		0,
		0.496839,
		0.86328,
		0.088868,
		0,
		-0.86498,
		0.484287,
		0.131435,
		0,
		0.129976,
		1.450283,
		-0.198158,
		1
	},
	[0.533333333333] = {
		0.071782,
		-0.151326,
		0.985874,
		0,
		0.791642,
		0.609925,
		0.03598,
		0,
		-0.606754,
		0.777877,
		0.163577,
		0,
		0.418955,
		1.457717,
		-0.207242,
		1
	},
	[0.55] = {
		0.070272,
		-0.190757,
		0.979119,
		0,
		0.953381,
		0.301613,
		-0.009663,
		0,
		-0.293472,
		0.934153,
		0.203059,
		0,
		0.756066,
		1.41414,
		-0.215691,
		1
	},
	[0.566666666667] = {
		-0.227812,
		0.0238,
		0.973414,
		0,
		0.615523,
		-0.771098,
		0.162907,
		0,
		0.754475,
		0.636271,
		0.161016,
		0,
		1.647961,
		0.459334,
		-0.317253,
		1
	},
	[0.583333333333] = {
		-0.206634,
		0.135275,
		0.969022,
		0,
		0.224702,
		-0.957363,
		0.181563,
		0,
		0.952267,
		0.255258,
		0.167427,
		0,
		1.583611,
		0.334007,
		-0.369186,
		1
	},
	[0.5] = {
		0.073181,
		-0.145194,
		0.986693,
		0,
		0.10877,
		0.984606,
		0.13682,
		0,
		-0.99137,
		0.09731,
		0.087847,
		0,
		-0.151628,
		1.370208,
		-0.190695,
		1
	},
	[0.616666666667] = {
		-0.09998,
		0.17326,
		0.979788,
		0,
		-0.187547,
		-0.970352,
		0.152454,
		0,
		0.977154,
		-0.168514,
		0.12951,
		0,
		1.446476,
		0.169848,
		-0.497136,
		1
	},
	[0.633333333333] = {
		-0.049919,
		0.138948,
		0.989041,
		0,
		-0.262262,
		-0.957348,
		0.121258,
		0,
		0.963705,
		-0.253335,
		0.084231,
		0,
		1.382814,
		0.104791,
		-0.568504,
		1
	},
	[0.65] = {
		0.00019,
		0.082172,
		0.996618,
		0,
		-0.284795,
		-0.955342,
		0.078823,
		0,
		0.958588,
		-0.283847,
		0.023221,
		0,
		1.319851,
		0.045445,
		-0.643667,
		1
	},
	[0.666666666667] = {
		0.05628,
		0.006365,
		0.998395,
		0,
		-0.267419,
		-0.963347,
		0.021216,
		0,
		0.961935,
		-0.268184,
		-0.052515,
		0,
		1.257435,
		-0.008456,
		-0.722322,
		1
	},
	[0.683333333333] = {
		0.125326,
		-0.08577,
		0.988401,
		0,
		-0.216601,
		-0.974589,
		-0.057107,
		0,
		0.968183,
		-0.206932,
		-0.140719,
		0,
		1.196254,
		-0.055856,
		-0.804283,
		1
	},
	[0.6] = {
		-0.153626,
		0.177448,
		0.972066,
		0,
		-0.037369,
		-0.984083,
		0.173736,
		0,
		0.987422,
		-0.009635,
		0.157812,
		0,
		1.512376,
		0.243298,
		-0.430207,
		1
	},
	[0.716666666667] = {
		0.329071,
		-0.292779,
		0.897771,
		0,
		-0.039126,
		-0.954132,
		-0.296818,
		0,
		0.943494,
		0.062548,
		-0.325432,
		0,
		1.080335,
		-0.121983,
		-0.976381,
		1
	},
	[0.733333333333] = {
		0.46798,
		-0.378595,
		0.798537,
		0,
		0.062597,
		-0.887119,
		-0.457277,
		0,
		0.881519,
		0.263982,
		-0.391454,
		0,
		1.024361,
		-0.13515,
		-1.062881,
		1
	},
	[0.75] = {
		0.619451,
		-0.424635,
		0.660276,
		0,
		0.143763,
		-0.765494,
		-0.627177,
		0,
		0.771759,
		0.483429,
		-0.413139,
		0,
		0.96701,
		-0.133387,
		-1.144067,
		1
	},
	[0.766666666667] = {
		0.761604,
		-0.416763,
		0.496254,
		0,
		0.181588,
		-0.59785,
		-0.780769,
		0,
		0.622081,
		0.684751,
		-0.379646,
		0,
		0.907283,
		-0.119698,
		-1.213646,
		1
	},
	[0.783333333333] = {
		0.872932,
		-0.359919,
		0.329314,
		0,
		0.167315,
		-0.413215,
		-0.895131,
		0,
		0.458252,
		0.836488,
		-0.300489,
		0,
		0.8474,
		-0.100291,
		-1.266652,
		1
	},
	[0.7] = {
		0.214514,
		-0.189092,
		0.958242,
		0,
		-0.137606,
		-0.977146,
		-0.162018,
		0,
		0.966979,
		-0.097104,
		-0.235632,
		0,
		1.137203,
		-0.094646,
		-0.889307,
		1
	},
	[0.816666666667] = {
		0.978994,
		-0.196662,
		0.05381,
		0,
		0.029543,
		-0.124308,
		-0.991804,
		0,
		0.201739,
		0.972559,
		-0.115887,
		0,
		0.748962,
		-0.067303,
		-1.320324,
		1
	},
	[0.833333333333] = {
		0.988447,
		-0.143237,
		-0.049553,
		0,
		-0.058277,
		-0.057365,
		-0.996651,
		0,
		0.139915,
		0.988024,
		-0.06505,
		0,
		0.722304,
		-0.058855,
		-1.324613,
		1
	},
	[0.85] = {
		0.988244,
		-0.144631,
		-0.049553,
		0,
		-0.058358,
		-0.057283,
		-0.996651,
		0,
		0.141308,
		0.987826,
		-0.06505,
		0,
		0.72222,
		-0.059874,
		-1.324613,
		1
	},
	[0.866666666667] = {
		0.988039,
		-0.146028,
		-0.049553,
		0,
		-0.058438,
		-0.0572,
		-0.996651,
		0,
		0.142704,
		0.987625,
		-0.06505,
		0,
		0.722135,
		-0.060894,
		-1.324613,
		1
	},
	[0.883333333333] = {
		0.987836,
		-0.147392,
		-0.049553,
		0,
		-0.058517,
		-0.05712,
		-0.996651,
		0,
		0.144068,
		0.987427,
		-0.06505,
		0,
		0.72205,
		-0.061892,
		-1.324613,
		1
	},
	[0.8] = {
		0.944008,
		-0.277009,
		0.179204,
		0,
		0.110319,
		-0.246874,
		-0.962748,
		0,
		0.310931,
		0.928611,
		-0.202491,
		0,
		0.792498,
		-0.081535,
		-1.301738,
		1
	},
	[0.916666666667] = {
		0.987461,
		-0.149883,
		-0.049553,
		0,
		-0.058661,
		-0.056972,
		-0.996651,
		0,
		0.146558,
		0.987061,
		-0.06505,
		0,
		0.721892,
		-0.063713,
		-1.324613,
		1
	},
	[0.933333333333] = {
		0.9873,
		-0.15094,
		-0.049553,
		0,
		-0.058722,
		-0.056909,
		-0.996651,
		0,
		0.147614,
		0.986904,
		-0.06505,
		0,
		0.721823,
		-0.064485,
		-1.324613,
		1
	},
	[0.95] = {
		0.987165,
		-0.151822,
		-0.049553,
		0,
		-0.058773,
		-0.056857,
		-0.996651,
		0,
		0.148496,
		0.986771,
		-0.06505,
		0,
		0.721765,
		-0.065131,
		-1.324613,
		1
	},
	[0.966666666667] = {
		0.987061,
		-0.152497,
		-0.049553,
		0,
		-0.058812,
		-0.056816,
		-0.996651,
		0,
		0.14917,
		0.986669,
		-0.06505,
		0,
		0.721721,
		-0.065624,
		-1.324613,
		1
	},
	[0.983333333333] = {
		0.986994,
		-0.152927,
		-0.049553,
		0,
		-0.058837,
		-0.056791,
		-0.996651,
		0,
		0.149601,
		0.986604,
		-0.06505,
		0,
		0.721692,
		-0.065938,
		-1.324613,
		1
	},
	[0.9] = {
		0.987642,
		-0.148689,
		-0.049553,
		0,
		-0.058592,
		-0.057043,
		-0.996651,
		0,
		0.145365,
		0.987237,
		-0.06505,
		0,
		0.721968,
		-0.06284,
		-1.324613,
		1
	}
}

return spline_matrices
