local spline_matrices = {
	[0] = {
		0.522605,
		-0.405435,
		0.750004,
		0,
		0.64529,
		-0.386837,
		-0.658755,
		0,
		0.557212,
		0.828239,
		0.05946,
		0,
		1.164671,
		-0.091741,
		-1.026229,
		1
	},
	{
		0.948117,
		-0.313252,
		-0.054295,
		0,
		-0.076549,
		-0.059175,
		-0.995308,
		0,
		0.30857,
		0.947824,
		-0.080084,
		0,
		0.724484,
		-0.066416,
		-1.32487,
		1
	},
	[0.0166666666667] = {
		0.922214,
		-0.369809,
		0.112972,
		0,
		0.160871,
		0.101255,
		-0.981768,
		0,
		0.351628,
		0.923574,
		0.15287,
		0,
		1.168141,
		-0.069167,
		-1.167753,
		1
	},
	[0.0333333333333] = {
		0.929929,
		-0.24539,
		-0.27389,
		0,
		-0.173554,
		0.363769,
		-0.915178,
		0,
		0.324209,
		0.898585,
		0.295691,
		0,
		1.166015,
		-0.041199,
		-1.239563,
		1
	},
	[0.05] = {
		0.892561,
		-0.322881,
		-0.314775,
		0,
		-0.174693,
		0.395953,
		-0.901501,
		0,
		0.415714,
		0.859633,
		0.297007,
		0,
		1.1644,
		-0.014172,
		-1.231163,
		1
	},
	[0.0666666666667] = {
		0.843327,
		-0.399568,
		-0.359368,
		0,
		-0.173782,
		0.43002,
		-0.885936,
		0,
		0.508527,
		0.809585,
		0.29321,
		0,
		1.161558,
		0.0203,
		-1.220766,
		1
	},
	[0.0833333333333] = {
		0.780903,
		-0.472865,
		-0.408153,
		0,
		-0.170896,
		0.466749,
		-0.867721,
		0,
		0.60082,
		0.747358,
		0.283675,
		0,
		1.157556,
		0.061535,
		-1.208509,
		1
	},
	[0.116666666667] = {
		0.613821,
		-0.595873,
		-0.517842,
		0,
		-0.157723,
		0.550167,
		-0.820024,
		0,
		0.773529,
		0.585023,
		0.243721,
		0,
		1.146574,
		0.161445,
		-1.178941,
		1
	},
	[0.133333333333] = {
		0.510042,
		-0.637947,
		-0.576958,
		0,
		-0.145936,
		0.596859,
		-0.788962,
		0,
		0.847679,
		0.486603,
		0.211324,
		0,
		1.139973,
		0.218607,
		-1.161889,
		1
	},
	[0.15] = {
		0.395332,
		-0.662166,
		-0.636592,
		0,
		-0.129404,
		0.645987,
		-0.7523,
		0,
		0.909378,
		0.379785,
		0.169692,
		0,
		1.132956,
		0.279488,
		-1.143506,
		1
	},
	[0.166666666667] = {
		0.273197,
		-0.665831,
		-0.694285,
		0,
		-0.107249,
		0.69616,
		-0.709831,
		0,
		0.955961,
		0.268385,
		0.118779,
		0,
		1.1258,
		0.343213,
		-1.123953,
		1
	},
	[0.183333333333] = {
		0.148157,
		-0.647714,
		-0.747339,
		0,
		-0.078934,
		0.745523,
		-0.661789,
		0,
		0.985809,
		0.157039,
		0.059328,
		0,
		1.118786,
		0.40887,
		-1.103414,
		1
	},
	[0.1] = {
		0.704431,
		-0.539543,
		-0.461162,
		0,
		-0.16575,
		0.506718,
		-0.846028,
		0,
		0.690147,
		0.672406,
		0.267519,
		0,
		1.152506,
		0.108828,
		-1.194525,
		1
	},
	[0.216666666667] = {
		-0.090794,
		-0.550344,
		-0.829987,
		0,
		-0.004417,
		0.833643,
		-0.552286,
		0,
		0.99586,
		-0.046478,
		-0.07812,
		0,
		1.106237,
		0.542322,
		-1.060261,
		1
	},
	[0.233333333333] = {
		-0.195472,
		-0.477578,
		-0.856569,
		0,
		0.040043,
		0.868803,
		-0.493537,
		0,
		0.979891,
		-0.130772,
		-0.150703,
		0,
		1.101478,
		0.608406,
		-1.037802,
		1
	},
	[0.25] = {
		-0.285611,
		-0.395125,
		-0.873099,
		0,
		0.087268,
		0.89654,
		-0.434281,
		0,
		0.954364,
		-0.200229,
		-0.22158,
		0,
		1.098387,
		0.673097,
		-1.01462,
		1
	},
	[0.266666666667] = {
		-0.359852,
		-0.308023,
		-0.880698,
		0,
		0.135334,
		0.916717,
		-0.375918,
		0,
		0.923142,
		-0.254463,
		-0.288196,
		0,
		1.097128,
		0.735758,
		-0.990912,
		1
	},
	[0.283333333333] = {
		-0.418167,
		-0.220834,
		-0.881118,
		0,
		0.182372,
		0.929838,
		-0.319596,
		0,
		0.889875,
		-0.294336,
		-0.348553,
		0,
		1.097875,
		0.795808,
		-0.966843,
		1
	},
	[0.2] = {
		0.025219,
		-0.608409,
		-0.793223,
		0,
		-0.044454,
		0.792008,
		-0.60889,
		0,
		0.998693,
		0.050618,
		-0.007072,
		0,
		1.112181,
		0.47554,
		-1.082104,
		1
	},
	[0.316666666667] = {
		-0.491437,
		-0.060084,
		-0.868838,
		0,
		0.267097,
		0.939145,
		-0.216023,
		0,
		0.828944,
		-0.338226,
		-0.445483,
		0,
		1.106188,
		0.905967,
		-0.9181,
		1
	},
	[0.333333333333] = {
		-0.509675,
		0.00892,
		-0.860321,
		0,
		0.302389,
		0.938008,
		-0.169417,
		0,
		0.805477,
		-0.346499,
		-0.480776,
		0,
		1.114217,
		0.955059,
		-0.893561,
		1
	},
	[0.35] = {
		-0.519405,
		0.073402,
		-0.85137,
		0,
		0.335123,
		0.933988,
		-0.123928,
		0,
		0.786073,
		-0.349683,
		-0.509717,
		0,
		1.124964,
		0.995033,
		-0.867361,
		1
	},
	[0.366666666667] = {
		-0.516236,
		0.130011,
		-0.846521,
		0,
		0.366005,
		0.927097,
		-0.080816,
		0,
		0.7743,
		-0.351551,
		-0.526186,
		0,
		1.127799,
		1.04044,
		-0.836892,
		1
	},
	[0.383333333333] = {
		-0.499263,
		0.175279,
		-0.848536,
		0,
		0.390364,
		0.919805,
		-0.039683,
		0,
		0.773532,
		-0.35105,
		-0.527647,
		0,
		1.114152,
		1.103733,
		-0.800077,
		1
	},
	[0.3] = {
		-0.461516,
		-0.137274,
		-0.876447,
		0,
		0.226742,
		0.936888,
		-0.266138,
		0,
		0.857666,
		-0.321554,
		-0.401263,
		0,
		1.100821,
		0.852715,
		-0.942543,
		1
	},
	[0.416666666667] = {
		-0.453901,
		0.249081,
		-0.855531,
		0,
		0.400956,
		0.914532,
		0.053532,
		0,
		0.795744,
		-0.318732,
		-0.514977,
		0,
		1.046676,
		1.247673,
		-0.703818,
		1
	},
	[0.433333333333] = {
		-0.472002,
		0.270987,
		-0.838916,
		0,
		0.324639,
		0.938145,
		0.120387,
		0,
		0.819649,
		-0.215522,
		-0.530779,
		0,
		0.973055,
		1.317302,
		-0.643797,
		1
	},
	[0.45] = {
		-0.505069,
		0.290603,
		-0.812684,
		0,
		0.215001,
		0.95429,
		0.207619,
		0,
		0.835871,
		-0.069866,
		-0.544462,
		0,
		0.863296,
		1.36976,
		-0.57535,
		1
	},
	[0.466666666667] = {
		-0.564096,
		0.295653,
		-0.770964,
		0,
		0.052079,
		0.944579,
		0.324128,
		0,
		0.824065,
		0.142688,
		-0.54823,
		0,
		0.711858,
		1.401924,
		-0.493261,
		1
	},
	[0.483333333333] = {
		-0.636935,
		0.269925,
		-0.722118,
		0,
		-0.154304,
		0.873107,
		0.462466,
		0,
		0.755317,
		0.405987,
		-0.514462,
		0,
		0.519696,
		1.416744,
		-0.397369,
		1
	},
	[0.4] = {
		-0.475999,
		0.213574,
		-0.853118,
		0,
		0.403533,
		0.914957,
		0.003903,
		0,
		0.7814,
		-0.342403,
		-0.521703,
		0,
		1.086347,
		1.175867,
		-0.755988,
		1
	},
	[0.516666666667] = {
		-0.707999,
		0.219328,
		-0.671291,
		0,
		-0.474446,
		0.556367,
		0.68217,
		0,
		0.523104,
		0.801468,
		-0.289848,
		0,
		0.169889,
		1.3987,
		-0.236802,
		1
	},
	[0.533333333333] = {
		-0.721966,
		0.217679,
		-0.656796,
		0,
		-0.562412,
		0.368327,
		0.740289,
		0,
		0.403061,
		0.903853,
		-0.143495,
		0,
		0.029466,
		1.378495,
		-0.167578,
		1
	},
	[0.55] = {
		-0.756298,
		0.15152,
		-0.63644,
		0,
		-0.619237,
		0.148092,
		0.771112,
		0,
		0.211091,
		0.977298,
		-0.018175,
		0,
		-0.220237,
		1.266704,
		-0.05783,
		1
	},
	[0.566666666667] = {
		-0.743612,
		0.074416,
		-0.664458,
		0,
		-0.665309,
		-0.181014,
		0.724291,
		0,
		-0.066377,
		0.980661,
		0.184114,
		0,
		-0.508034,
		1.101888,
		0.103681,
		1
	},
	[0.583333333333] = {
		-0.746823,
		0.1377,
		-0.65061,
		0,
		-0.624639,
		-0.480977,
		0.615213,
		0,
		-0.228214,
		0.865852,
		0.445218,
		0,
		-0.62302,
		0.879475,
		0.222754,
		1
	},
	[0.5] = {
		-0.6861,
		0.234626,
		-0.688634,
		0,
		-0.341163,
		0.732267,
		0.5894,
		0,
		0.642553,
		0.639324,
		-0.422362,
		0,
		0.330245,
		1.413668,
		-0.308929,
		1
	},
	[0.616666666667] = {
		-0.962114,
		0.261867,
		-0.07591,
		0,
		-0.272016,
		-0.940866,
		0.201936,
		0,
		-0.018541,
		0.214934,
		0.976452,
		0,
		-0.70204,
		-0.123785,
		0.296406,
		1
	},
	[0.633333333333] = {
		-0.956416,
		0.281362,
		-0.078127,
		0,
		-0.281556,
		-0.959505,
		-0.008755,
		0,
		-0.077427,
		0.013624,
		0.996905,
		0,
		-0.654971,
		-0.508084,
		0.296322,
		1
	},
	[0.65] = {
		-0.938703,
		0.306421,
		-0.157936,
		0,
		-0.300436,
		-0.951845,
		-0.061067,
		0,
		-0.169043,
		-0.009874,
		0.985559,
		0,
		-0.568261,
		-0.657551,
		0.295598,
		1
	},
	[0.666666666667] = {
		-0.96569,
		0.232776,
		-0.115144,
		0,
		-0.213352,
		-0.963902,
		-0.159291,
		0,
		-0.148067,
		-0.12926,
		0.980494,
		0,
		-0.389815,
		-0.670098,
		0.191591,
		1
	},
	[0.683333333333] = {
		-0.989869,
		0.115343,
		-0.0828,
		0,
		-0.091922,
		-0.965048,
		-0.245424,
		0,
		-0.108214,
		-0.235327,
		0.965873,
		0,
		-0.230887,
		-0.663267,
		0.062332,
		1
	},
	[0.6] = {
		-0.875928,
		0.269889,
		-0.399887,
		0,
		-0.458771,
		-0.722417,
		0.517342,
		0,
		-0.14926,
		0.636611,
		0.756603,
		0,
		-0.668028,
		0.428061,
		0.283172,
		1
	},
	[0.716666666667] = {
		-0.975262,
		-0.202202,
		-0.089326,
		0,
		0.221053,
		-0.891309,
		-0.395859,
		0,
		0.000427,
		-0.405811,
		0.913957,
		0,
		0.064698,
		-0.608593,
		-0.23091,
		1
	},
	[0.733333333333] = {
		-0.905505,
		-0.412046,
		-0.101382,
		0,
		0.408841,
		-0.783205,
		-0.468442,
		0,
		0.113617,
		-0.465626,
		0.877658,
		0,
		0.22184,
		-0.561815,
		-0.382696,
		1
	},
	[0.75] = {
		-0.768851,
		-0.628099,
		-0.119831,
		0,
		0.583007,
		-0.611622,
		-0.53481,
		0,
		0.262623,
		-0.481052,
		0.836432,
		0,
		0.374014,
		-0.500075,
		-0.531588,
		1
	},
	[0.766666666667] = {
		-0.56119,
		-0.815511,
		-0.141449,
		0,
		0.708345,
		-0.384805,
		-0.591753,
		0,
		0.428151,
		-0.432281,
		0.793612,
		0,
		0.510727,
		-0.425552,
		-0.672818,
		1
	},
	[0.783333333333] = {
		-0.299514,
		-0.940452,
		-0.160756,
		0,
		0.757475,
		-0.131945,
		-0.639392,
		0,
		0.580106,
		-0.313275,
		0.751888,
		0,
		0.62267,
		-0.344566,
		-0.802234,
		1
	},
	[0.7] = {
		-0.996225,
		-0.022732,
		-0.08378,
		0,
		0.048573,
		-0.945855,
		-0.320936,
		0,
		-0.071948,
		-0.323794,
		0.943388,
		0,
		-0.088397,
		-0.641578,
		-0.08109,
		1
	},
	[0.816666666667] = {
		0.250782,
		-0.951516,
		-0.178115,
		0,
		0.621469,
		0.299322,
		-0.724005,
		0,
		0.742216,
		0.070875,
		0.666402,
		0,
		0.754446,
		-0.195753,
		-1.012867,
		1
	},
	[0.833333333333] = {
		0.47789,
		-0.859789,
		-0.179955,
		0,
		0.475858,
		0.42559,
		-0.769696,
		0,
		0.738363,
		0.282197,
		0.612523,
		0,
		0.773922,
		-0.140711,
		-1.08771,
		1
	},
	[0.85] = {
		0.652056,
		-0.734655,
		-0.187364,
		0,
		0.309573,
		0.483574,
		-0.818732,
		0,
		0.692089,
		0.475856,
		0.542746,
		0,
		0.763798,
		-0.102727,
		-1.137022,
		1
	},
	[0.866666666667] = {
		0.702745,
		-0.694874,
		-0.152643,
		0,
		0.246246,
		0.438864,
		-0.864154,
		0,
		0.667467,
		0.569692,
		0.479519,
		0,
		0.75969,
		-0.088149,
		-1.17076,
		1
	},
	[0.883333333333] = {
		0.753154,
		-0.646454,
		-0.121887,
		0,
		0.18387,
		0.384763,
		-0.904516,
		0,
		0.631626,
		0.658828,
		0.408649,
		0,
		0.754788,
		-0.075878,
		-1.202819,
		1
	},
	[0.8] = {
		-0.01699,
		-0.984746,
		-0.173165,
		0,
		0.723689,
		0.107393,
		-0.68172,
		0,
		0.689918,
		-0.1369,
		0.710825,
		0,
		0.704363,
		-0.265445,
		-0.916573,
		1
	},
	[0.916666666667] = {
		0.842481,
		-0.533117,
		-0.077545,
		0,
		0.072709,
		0.255145,
		-0.964165,
		0,
		0.533798,
		0.806652,
		0.253717,
		0,
		0.744285,
		-0.059483,
		-1.258634,
		1
	},
	[0.933333333333] = {
		0.877688,
		-0.474841,
		-0.06473,
		0,
		0.027721,
		0.185149,
		-0.982319,
		0,
		0.47843,
		0.860375,
		0.175666,
		0,
		0.739393,
		-0.055503,
		-1.281056,
		1
	},
	[0.95] = {
		0.905513,
		-0.420417,
		-0.057412,
		0,
		-0.009137,
		0.115954,
		-0.993213,
		0,
		0.424221,
		0.899891,
		0.101156,
		0,
		0.735007,
		-0.054254,
		-1.299177,
		1
	},
	[0.966666666667] = {
		0.926101,
		-0.373347,
		-0.054311,
		0,
		-0.038143,
		0.050563,
		-0.997992,
		0,
		0.375344,
		0.926313,
		0.032586,
		0,
		0.731145,
		-0.055656,
		-1.312671,
		1
	},
	[0.983333333333] = {
		0.940061,
		-0.336729,
		-0.053834,
		0,
		-0.060201,
		-0.008486,
		-0.99815,
		0,
		0.335649,
		0.941563,
		-0.028249,
		0,
		0.727701,
		-0.059691,
		-1.321301,
		1
	},
	[0.9] = {
		0.800483,
		-0.59152,
		-0.096593,
		0,
		0.125257,
		0.322707,
		-0.938174,
		0,
		0.58612,
		0.738894,
		0.332414,
		0,
		0.749518,
		-0.066273,
		-1.232356,
		1
	}
}

return spline_matrices
