-- chunkname: @content/characters/player/ogryn/first_person/animations/club_ogryn/swing_down_left.lua

local spline_matrices = {
	[0.0166666666667] = {
		0.764125,
		-0.460583,
		-0.451637,
		0,
		-0.359578,
		0.277147,
		-0.891007,
		0,
		0.535552,
		0.84324,
		0.04616,
		0,
		0.705407,
		0.194518,
		-1.224693,
		1
	},
	[0.0333333333333] = {
		0.607772,
		-0.315663,
		-0.728676,
		0,
		-0.460528,
		0.607432,
		-0.647256,
		0,
		0.646937,
		0.72896,
		0.223809,
		0,
		0.832689,
		0.620795,
		-1.066947,
		1
	},
	[0.05] = {
		0.438068,
		-0.057775,
		-0.897083,
		0,
		-0.509754,
		0.806008,
		-0.300835,
		0,
		0.740437,
		0.589078,
		0.323635,
		0,
		0.974865,
		1.0265,
		-0.851354,
		1
	},
	[0.0666666666667] = {
		0.338706,
		0.203147,
		-0.9187,
		0,
		-0.52193,
		0.85298,
		-0.003811,
		0,
		0.782858,
		0.480788,
		0.394938,
		0,
		1.047786,
		1.2135,
		-0.644345,
		1
	},
	[0.0833333333333] = {
		0.355452,
		0.353162,
		-0.865408,
		0,
		-0.527664,
		0.840044,
		0.126082,
		0,
		0.771508,
		0.411828,
		0.484946,
		0,
		1.046787,
		1.22975,
		-0.475162,
		1
	},
	[0] = {
		0.848407,
		-0.493669,
		-0.191042,
		0,
		-0.25166,
		-0.058657,
		-0.966036,
		0,
		0.465697,
		0.867669,
		-0.174002,
		0,
		0.662572,
		-0.039227,
		-1.277697,
		1
	},
	[0.116666666667] = {
		0.627701,
		0.243193,
		-0.739492,
		0,
		-0.410801,
		0.910391,
		-0.049304,
		0,
		0.661237,
		0.334732,
		0.671357,
		0,
		1.017184,
		1.246093,
		-0.19303,
		1
	},
	[0.133333333333] = {
		0.740054,
		0.069437,
		-0.668954,
		0,
		-0.235553,
		0.958415,
		-0.161105,
		0,
		0.629949,
		0.2768,
		0.725635,
		0,
		1.017469,
		1.24287,
		-0.062957,
		1
	},
	[0.15] = {
		0.770146,
		-0.044263,
		-0.63633,
		0,
		-0.067262,
		0.986392,
		-0.15002,
		0,
		0.634311,
		0.158339,
		0.756689,
		0,
		1.019171,
		1.229355,
		0.073026,
		1
	},
	[0.166666666667] = {
		0.761283,
		-0.027797,
		-0.647824,
		0,
		0.038799,
		0.999243,
		0.002718,
		0,
		0.647258,
		-0.027204,
		0.761785,
		0,
		1.021831,
		1.208511,
		0.206614,
		1
	},
	[0.183333333333] = {
		0.757569,
		0.090147,
		-0.6465,
		0,
		0.099236,
		0.963,
		0.250565,
		0,
		0.645167,
		-0.253977,
		0.720593,
		0,
		1.025882,
		1.16862,
		0.33486,
		1
	},
	[0.1] = {
		0.468264,
		0.362694,
		-0.805719,
		0,
		-0.509353,
		0.855916,
		0.089267,
		0,
		0.722004,
		0.368594,
		0.585533,
		0,
		1.028594,
		1.238702,
		-0.324824,
		1
	},
	[0.216666666667] = {
		0.804349,
		0.362392,
		-0.470845,
		0,
		0.156752,
		0.634953,
		0.756481,
		0,
		0.573107,
		-0.68228,
		0.453918,
		0,
		1.019326,
		0.999708,
		0.563435,
		1
	},
	[0.233333333333] = {
		0.848693,
		0.439142,
		-0.294745,
		0,
		0.138712,
		0.352968,
		0.925296,
		0,
		0.510372,
		-0.826177,
		0.238648,
		0,
		1.004416,
		0.876472,
		0.646803,
		1
	},
	[0.25] = {
		0.893505,
		0.440001,
		-0.089711,
		0,
		0.082267,
		0.036007,
		0.99596,
		0,
		0.441454,
		-0.897275,
		-0.004025,
		0,
		0.979125,
		0.740197,
		0.70095,
		1
	},
	[0.266666666667] = {
		0.926081,
		0.361451,
		0.108292,
		0,
		-0.008216,
		-0.267614,
		0.963491,
		0,
		0.377236,
		-0.893161,
		-0.244862,
		0,
		0.94356,
		0.604929,
		0.72487,
		1
	},
	[0.283333333333] = {
		0.937839,
		0.222866,
		0.266062,
		0,
		-0.118632,
		-0.514577,
		0.849198,
		0,
		0.326167,
		-0.827974,
		-0.456151,
		0,
		0.900154,
		0.484476,
		0.723582,
		1
	},
	[0.2] = {
		0.771852,
		0.233765,
		-0.591269,
		0,
		0.140751,
		0.844059,
		0.517448,
		0,
		0.620027,
		-0.482615,
		0.618586,
		0,
		1.025645,
		1.099008,
		0.45666,
		1
	},
	[0.316666666667] = {
		0.908646,
		-0.089021,
		0.407967,
		0,
		-0.320876,
		-0.774065,
		0.545767,
		0,
		0.267209,
		-0.626816,
		-0.731916,
		0,
		0.806135,
		0.32133,
		0.687794,
		1
	},
	[0.333333333333] = {
		0.890991,
		-0.195305,
		0.409867,
		0,
		-0.380812,
		-0.813031,
		0.440413,
		0,
		0.247219,
		-0.548486,
		-0.798777,
		0,
		0.762704,
		0.281828,
		0.675866,
		1
	},
	[0.35] = {
		0.889826,
		-0.241221,
		0.387326,
		0,
		-0.399706,
		-0.821508,
		0.406645,
		0,
		0.2201,
		-0.51666,
		-0.827417,
		0,
		0.715989,
		0.293723,
		0.679066,
		1
	},
	[0.366666666667] = {
		0.912147,
		-0.219325,
		0.346242,
		0,
		-0.368036,
		-0.810081,
		0.45642,
		0,
		0.18038,
		-0.543752,
		-0.819632,
		0,
		0.6624,
		0.373856,
		0.702296,
		1
	},
	[0.383333333333] = {
		0.928182,
		-0.158186,
		0.336832,
		0,
		-0.33183,
		-0.761508,
		0.556771,
		0,
		0.168427,
		-0.628556,
		-0.759309,
		0,
		0.622187,
		0.474002,
		0.743188,
		1
	},
	[0.3] = {
		0.928936,
		0.059954,
		0.365353,
		0,
		-0.229106,
		-0.682094,
		0.694448,
		0,
		0.29084,
		-0.728803,
		-0.619886,
		0,
		0.852966,
		0.388649,
		0.707204,
		1
	},
	[0.416666666667] = {
		0.885324,
		0.072508,
		0.459287,
		0,
		-0.352316,
		-0.540002,
		0.764376,
		0,
		0.303439,
		-0.838534,
		-0.452531,
		0,
		0.591416,
		0.625379,
		0.837469,
		1
	},
	[0.433333333333] = {
		0.833266,
		0.261552,
		0.487091,
		0,
		-0.36884,
		-0.39332,
		0.842174,
		0,
		0.411855,
		-0.881414,
		-0.231269,
		0,
		0.576041,
		0.685268,
		0.871887,
		1
	},
	[0.45] = {
		0.815974,
		0.458033,
		0.352693,
		0,
		-0.332291,
		-0.127616,
		0.934504,
		0,
		0.473043,
		-0.879727,
		0.048069,
		0,
		0.575573,
		0.808036,
		0.839872,
		1
	},
	[0.466666666667] = {
		0.832932,
		0.551211,
		0.048894,
		0,
		-0.244489,
		0.287298,
		0.926113,
		0,
		0.496437,
		-0.783343,
		0.374065,
		0,
		0.587775,
		1.013427,
		0.697092,
		1
	},
	[0.483333333333] = {
		0.856987,
		0.477274,
		-0.194378,
		0,
		-0.193658,
		0.647798,
		0.736786,
		0,
		0.477567,
		-0.593773,
		0.647583,
		0,
		0.502372,
		1.228832,
		0.509165,
		1
	},
	[0.4] = {
		0.918048,
		-0.068622,
		0.390486,
		0,
		-0.333161,
		-0.667437,
		0.665982,
		0,
		0.214923,
		-0.741498,
		-0.635601,
		0,
		0.602662,
		0.556131,
		0.791707,
		1
	},
	[0.516666666667] = {
		0.803366,
		0.32966,
		-0.49591,
		0,
		-0.513339,
		0.805463,
		-0.296162,
		0,
		0.301805,
		0.492496,
		0.81631,
		0,
		0.158145,
		1.519571,
		-0.221675,
		1
	},
	[0.533333333333] = {
		0.722681,
		0.255513,
		-0.642219,
		0,
		-0.69024,
		0.315276,
		-0.651283,
		0,
		0.036065,
		0.913955,
		0.404209,
		0,
		-0.064788,
		1.400036,
		-0.573379,
		1
	},
	[0.55] = {
		0.749527,
		0.057479,
		-0.659474,
		0,
		-0.660183,
		-0.008323,
		-0.751059,
		0,
		-0.048659,
		0.998312,
		0.031708,
		0,
		-0.280636,
		1.19735,
		-0.899606,
		1
	},
	[0.566666666667] = {
		0.622045,
		-0.135792,
		-0.771116,
		0,
		-0.763549,
		-0.323255,
		-0.559016,
		0,
		-0.173357,
		0.936518,
		-0.304763,
		0,
		-0.524609,
		0.832779,
		-1.199673,
		1
	},
	[0.583333333333] = {
		0.567285,
		-0.566221,
		-0.597982,
		0,
		-0.811574,
		-0.507623,
		-0.289251,
		0,
		-0.139769,
		0.649394,
		-0.747497,
		0,
		-0.580336,
		0.459573,
		-1.377152,
		1
	},
	[0.5] = {
		0.832452,
		0.409321,
		-0.373471,
		0,
		-0.28994,
		0.896157,
		0.335914,
		0,
		0.472185,
		-0.171348,
		0.864686,
		0,
		0.389168,
		1.44924,
		0.202765,
		1
	},
	[0.616666666667] = {
		0.810302,
		-0.453283,
		-0.37141,
		0,
		-0.556748,
		-0.793256,
		-0.246531,
		0,
		-0.182875,
		0.406547,
		-0.895141,
		0,
		-0.51984,
		0.121285,
		-1.438381,
		1
	},
	[0.633333333333] = {
		0.831468,
		-0.398399,
		-0.387219,
		0,
		-0.510085,
		-0.823629,
		-0.247887,
		0,
		-0.220166,
		0.403625,
		-0.888039,
		0,
		-0.447327,
		-0.01263,
		-1.465732,
		1
	},
	[0.65] = {
		0.825993,
		-0.347879,
		-0.443527,
		0,
		-0.494321,
		-0.825179,
		-0.273361,
		0,
		-0.270892,
		0.445039,
		-0.853556,
		0,
		-0.357172,
		-0.133472,
		-1.496235,
		1
	},
	[0.666666666667] = {
		0.806396,
		-0.297457,
		-0.511122,
		0,
		-0.498484,
		-0.806918,
		-0.316856,
		0,
		-0.318182,
		0.510298,
		-0.798972,
		0,
		-0.259626,
		-0.230438,
		-1.526856,
		1
	},
	[0.683333333333] = {
		0.788606,
		-0.249503,
		-0.562004,
		0,
		-0.510397,
		-0.77532,
		-0.371986,
		0,
		-0.342922,
		0.580195,
		-0.738768,
		0,
		-0.164581,
		-0.292462,
		-1.554751,
		1
	},
	[0.6] = {
		0.743793,
		-0.514276,
		-0.426957,
		0,
		-0.647367,
		-0.713278,
		-0.268609,
		0,
		-0.1664,
		0.476187,
		-0.863456,
		0,
		-0.565207,
		0.260256,
		-1.415856,
		1
	},
	[0.716666666667] = {
		0.81939,
		-0.205463,
		-0.53515,
		0,
		-0.509924,
		-0.687734,
		-0.51672,
		0,
		-0.261874,
		0.69628,
		-0.668293,
		0,
		0.000369,
		-0.297421,
		-1.595201,
		1
	},
	[0.733333333333] = {
		0.851873,
		-0.219559,
		-0.475507,
		0,
		-0.501539,
		-0.603548,
		-0.619829,
		0,
		-0.150902,
		0.766501,
		-0.624264,
		0,
		0.092331,
		-0.278727,
		-1.606456,
		1
	},
	[0.75] = {
		0.880484,
		-0.256348,
		-0.398791,
		0,
		-0.473994,
		-0.491644,
		-0.73049,
		0,
		-0.008803,
		0.832209,
		-0.554392,
		0,
		0.191777,
		-0.254241,
		-1.613069,
		1
	},
	[0.766666666667] = {
		0.896771,
		-0.310598,
		-0.315166,
		0,
		-0.418524,
		-0.364127,
		-0.832015,
		0,
		0.143662,
		0.878032,
		-0.456532,
		0,
		0.294213,
		-0.226376,
		-1.615846,
		1
	},
	[0.783333333333] = {
		0.89778,
		-0.372065,
		-0.23571,
		0,
		-0.337921,
		-0.238623,
		-0.910422,
		0,
		0.282491,
		0.89701,
		-0.339959,
		0,
		0.392753,
		-0.198616,
		-1.616294,
		1
	},
	[0.7] = {
		0.792625,
		-0.215306,
		-0.570429,
		0,
		-0.514023,
		-0.739139,
		-0.435262,
		0,
		-0.327912,
		0.638213,
		-0.696533,
		0,
		-0.080997,
		-0.309418,
		-1.578079,
		1
	},
	[0.816666666667] = {
		0.877182,
		-0.464186,
		-0.122811,
		0,
		-0.166635,
		-0.054418,
		-0.984516,
		0,
		0.450316,
		0.884064,
		-0.125084,
		0,
		0.536489,
		-0.174733,
		-1.574121,
		1
	},
	[0.833333333333] = {
		0.876261,
		-0.472583,
		-0.093978,
		0,
		-0.112755,
		-0.011491,
		-0.993556,
		0,
		0.468458,
		0.881211,
		-0.063355,
		0,
		0.561867,
		-0.183426,
		-1.536879,
		1
	},
	[0.85] = {
		0.887067,
		-0.454716,
		-0.079656,
		0,
		-0.089237,
		0.000395,
		-0.99601,
		0,
		0.452934,
		0.890636,
		-0.040227,
		0,
		0.564261,
		-0.201867,
		-1.504894,
		1
	},
	[0.866666666667] = {
		0.904265,
		-0.420244,
		-0.075499,
		0,
		-0.088012,
		-0.010432,
		-0.996065,
		0,
		0.417802,
		0.907351,
		-0.046419,
		0,
		0.560953,
		-0.226512,
		-1.482784,
		1
	},
	[0.883333333333] = {
		0.924487,
		-0.372258,
		-0.082149,
		0,
		-0.104958,
		-0.04139,
		-0.993615,
		0,
		0.366481,
		0.927206,
		-0.077336,
		0,
		0.553005,
		-0.256276,
		-1.468977,
		1
	},
	[0.8] = {
		0.887895,
		-0.427455,
		-0.170076,
		0,
		-0.247348,
		-0.131853,
		-0.959913,
		0,
		0.387894,
		0.89437,
		-0.222802,
		0,
		0.477109,
		-0.179436,
		-1.604151,
		1
	},
	[0.916666666667] = {
		0.958771,
		-0.25208,
		-0.131201,
		0,
		-0.173624,
		-0.154112,
		-0.972679,
		0,
		0.224973,
		0.955356,
		-0.191525,
		0,
		0.528169,
		-0.325586,
		-1.45832,
		1
	},
	[0.933333333333] = {
		0.96651,
		-0.189878,
		-0.172642,
		0,
		-0.214651,
		-0.229422,
		-0.949363,
		0,
		0.140656,
		0.954627,
		-0.262496,
		0,
		0.514016,
		-0.362038,
		-1.45724,
		1
	},
	[0.95] = {
		0.965923,
		-0.133129,
		-0.221968,
		0,
		-0.25337,
		-0.311127,
		-0.915971,
		0,
		0.052882,
		0.940998,
		-0.334255,
		0,
		0.500554,
		-0.397178,
		-1.456438,
		1
	},
	[0.966666666667] = {
		0.957681,
		-0.085826,
		-0.274739,
		0,
		-0.285921,
		-0.393492,
		-0.873735,
		0,
		-0.033118,
		0.915313,
		-0.401379,
		0,
		0.488996,
		-0.428816,
		-1.454454,
		1
	},
	[0.983333333333] = {
		0.944112,
		-0.050137,
		-0.32579,
		0,
		-0.310019,
		-0.470849,
		-0.825948,
		0,
		-0.111987,
		0.880788,
		-0.460077,
		0,
		0.480276,
		-0.454682,
		-1.450272,
		1
	},
	[0.9] = {
		0.943865,
		-0.314632,
		-0.100628,
		0,
		-0.135256,
		-0.090179,
		-0.986698,
		0,
		0.301373,
		0.94492,
		-0.127672,
		0,
		0.541634,
		-0.289779,
		-1.461532,
		1
	},
	{
		0.928644,
		-0.0262,
		-0.370045,
		0,
		-0.325015,
		-0.538349,
		-0.777525,
		0,
		-0.178842,
		0.842315,
		-0.50845,
		0,
		0.475001,
		-0.472592,
		-1.44326,
		1
	}
}

return spline_matrices
