local spline_matrices = {
	[0] = {
		0.914085,
		-0.404404,
		-0.030095,
		0,
		0.00525,
		0.086008,
		-0.996281,
		0,
		0.405488,
		0.910527,
		0.080742,
		0,
		0.482944,
		-0.18906,
		-1.095529,
		1
	},
	{
		0.937527,
		0.075873,
		-0.339538,
		0,
		-0.331473,
		-0.101645,
		-0.937973,
		0,
		-0.10568,
		0.991923,
		-0.070145,
		0,
		0.665392,
		-0.075736,
		-1.311946,
		1
	},
	[0.0166666666667] = {
		0.876801,
		-0.479132,
		-0.04065,
		0,
		-0.025433,
		0.038208,
		-0.998946,
		0,
		0.48018,
		0.876911,
		0.021315,
		0,
		0.472068,
		-0.196747,
		-1.094284,
		1
	},
	[0.0333333333333] = {
		0.83027,
		-0.55544,
		-0.046251,
		0,
		-0.06199,
		-0.009557,
		-0.998031,
		0,
		0.553904,
		0.831502,
		-0.042366,
		0,
		0.444493,
		-0.202453,
		-1.085728,
		1
	},
	[0.05] = {
		0.773108,
		-0.632615,
		-0.045854,
		0,
		-0.105267,
		-0.056682,
		-0.992827,
		0,
		0.625478,
		0.77239,
		-0.110415,
		0,
		0.401778,
		-0.206205,
		-1.070544,
		1
	},
	[0.0666666666667] = {
		0.703956,
		-0.70922,
		-0.038124,
		0,
		-0.156037,
		-0.102067,
		-0.982464,
		0,
		0.692891,
		0.69756,
		-0.182516,
		0,
		0.345467,
		-0.207946,
		-1.049388,
		1
	},
	[0.0833333333333] = {
		0.621715,
		-0.782948,
		-0.021515,
		0,
		-0.214826,
		-0.144042,
		-0.965972,
		0,
		0.753207,
		0.605181,
		-0.257751,
		0,
		0.277107,
		-0.207514,
		-1.022883,
		1
	},
	[0.116666666667] = {
		0.417026,
		-0.907802,
		0.044541,
		0,
		-0.355904,
		-0.208195,
		-0.911036,
		0,
		0.836314,
		0.364074,
		-0.409914,
		0,
		0.110722,
		-0.198906,
		-0.956238,
		1
	},
	[0.133333333333] = {
		0.297133,
		-0.949979,
		0.096187,
		0,
		-0.435791,
		-0.224556,
		-0.871585,
		0,
		0.849587,
		0.217059,
		-0.480715,
		0,
		0.016241,
		-0.189837,
		-0.917333,
		1
	},
	[0.15] = {
		0.169986,
		-0.97232,
		0.16031,
		0,
		-0.518505,
		-0.226587,
		-0.824507,
		0,
		0.838008,
		0.057033,
		-0.542669,
		0,
		-0.083091,
		-0.176892,
		-0.875636,
		1
	},
	[0.166666666667] = {
		0.041055,
		-0.971044,
		0.235348,
		0,
		-0.600201,
		-0.21228,
		-0.771166,
		0,
		0.798795,
		-0.109595,
		-0.591536,
		0,
		-0.184994,
		-0.1596,
		-0.831998,
		1
	},
	[0.183333333333] = {
		-0.083074,
		-0.944346,
		0.318292,
		0,
		-0.676495,
		-0.181087,
		-0.713836,
		0,
		0.731747,
		-0.274624,
		-0.623801,
		0,
		-0.287004,
		-0.137677,
		-0.787421,
		1
	},
	[0.1] = {
		0.525892,
		-0.850533,
		0.005576,
		0,
		-0.281681,
		-0.180344,
		-0.942407,
		0,
		0.802554,
		0.494033,
		-0.334421,
		0,
		0.198295,
		-0.204633,
		-0.991633,
		1
	},
	[0.216666666667] = {
		-0.291538,
		-0.821053,
		0.490792,
		0,
		-0.79719,
		-0.075022,
		-0.599049,
		0,
		0.528671,
		-0.5659,
		-0.632664,
		0,
		-0.481245,
		-0.080297,
		-0.700099,
		1
	},
	[0.233333333333] = {
		-0.367123,
		-0.733958,
		0.571425,
		0,
		-0.83687,
		-0.007542,
		-0.54735,
		0,
		0.406042,
		-0.679153,
		-0.611459,
		0,
		-0.568707,
		-0.045816,
		-0.659777,
		1
	},
	[0.25] = {
		-0.421761,
		-0.638636,
		0.643632,
		0,
		-0.862416,
		0.063407,
		-0.502213,
		0,
		0.27992,
		-0.766892,
		-0.577512,
		0,
		-0.646939,
		-0.008502,
		-0.623194,
		1
	},
	[0.266666666667] = {
		-0.456962,
		-0.541669,
		0.705535,
		0,
		-0.87544,
		0.133476,
		-0.464531,
		0,
		0.157451,
		-0.829927,
		-0.535192,
		0,
		-0.714173,
		0.030777,
		-0.591308,
		1
	},
	[0.283333333333] = {
		-0.475787,
		-0.448557,
		0.756587,
		0,
		-0.878455,
		0.199215,
		-0.434316,
		0,
		0.044092,
		-0.871269,
		-0.488821,
		0,
		-0.768843,
		0.071221,
		-0.564923,
		1
	},
	[0.2] = {
		-0.195758,
		-0.893122,
		0.404985,
		0,
		-0.74321,
		-0.134308,
		-0.655439,
		0,
		0.639779,
		-0.429296,
		-0.637485,
		0,
		-0.386581,
		-0.111129,
		-0.743049,
		1
	},
	[0.316666666667] = {
		-0.479572,
		-0.288593,
		0.828689,
		0,
		-0.865826,
		0.309174,
		-0.393393,
		0,
		-0.142678,
		-0.90616,
		-0.398142,
		0,
		-0.834739,
		0.153043,
		-0.531245,
		1
	},
	[0.333333333333] = {
		-0.471908,
		-0.225802,
		0.852242,
		0,
		-0.855409,
		0.351336,
		-0.380576,
		0,
		-0.213488,
		-0.908612,
		-0.358952,
		0,
		-0.843149,
		0.193487,
		-0.525065,
		1
	},
	[0.35] = {
		-0.459123,
		-0.168909,
		0.872167,
		0,
		-0.847188,
		0.378706,
		-0.372631,
		0,
		-0.267354,
		-0.909973,
		-0.31697,
		0,
		-0.842599,
		0.240334,
		-0.526917,
		1
	},
	[0.366666666667] = {
		-0.441303,
		-0.112575,
		0.890269,
		0,
		-0.843365,
		0.390973,
		-0.368614,
		0,
		-0.306575,
		-0.913492,
		-0.267479,
		0,
		-0.841936,
		0.299246,
		-0.535555,
		1
	},
	[0.383333333333] = {
		-0.421139,
		-0.058953,
		0.905078,
		0,
		-0.842317,
		0.395498,
		-0.366174,
		0,
		-0.33637,
		-0.916573,
		-0.216217,
		0,
		-0.841038,
		0.367962,
		-0.548571,
		1
	},
	[0.3] = {
		-0.482034,
		-0.363331,
		0.797266,
		0,
		-0.874323,
		0.258247,
		-0.410934,
		0,
		-0.056586,
		-0.895153,
		-0.442153,
		0,
		-0.809499,
		0.112154,
		-0.544709,
		1
	},
	[0.416666666667] = {
		-0.382157,
		0.02892,
		0.923645,
		0,
		-0.839115,
		0.407824,
		-0.359952,
		0,
		-0.387095,
		-0.912602,
		-0.131586,
		0,
		-0.837845,
		0.525095,
		-0.578604,
		1
	},
	[0.433333333333] = {
		-0.366694,
		0.056258,
		0.928639,
		0,
		-0.831289,
		0.428366,
		-0.354204,
		0,
		-0.417724,
		-0.901852,
		-0.110313,
		0,
		-0.835495,
		0.608432,
		-0.591128,
		1
	},
	[0.45] = {
		-0.356627,
		0.06736,
		0.931815,
		0,
		-0.814015,
		0.467057,
		-0.345306,
		0,
		-0.458471,
		-0.881657,
		-0.111733,
		0,
		-0.832708,
		0.692063,
		-0.599323,
		1
	},
	[0.466666666667] = {
		-0.355006,
		0.058185,
		0.933052,
		0,
		-0.781305,
		0.529592,
		-0.330295,
		0,
		-0.513355,
		-0.846255,
		-0.142549,
		0,
		-0.827426,
		0.773231,
		-0.600562,
		1
	},
	[0.483333333333] = {
		-0.373113,
		0.02114,
		0.927545,
		0,
		-0.722699,
		0.6203,
		-0.30485,
		0,
		-0.581801,
		-0.784079,
		-0.216164,
		0,
		-0.798499,
		0.861712,
		-0.569862,
		1
	},
	[0.4] = {
		-0.400858,
		-0.010707,
		0.916078,
		0,
		-0.841752,
		0.398995,
		-0.363671,
		0,
		-0.361617,
		-0.91689,
		-0.168953,
		0,
		-0.839685,
		0.444105,
		-0.563692,
		1
	},
	[0.516666666667] = {
		-0.469113,
		-0.039861,
		0.882238,
		0,
		-0.420709,
		0.888431,
		-0.183562,
		0,
		-0.77649,
		-0.457277,
		-0.433544,
		0,
		-0.585883,
		1.099177,
		-0.381564,
		1
	},
	[0.533333333333] = {
		-0.501334,
		-0.049648,
		0.863828,
		0,
		-0.193321,
		0.979542,
		-0.055898,
		0,
		-0.843381,
		-0.19502,
		-0.500676,
		0,
		-0.368966,
		1.244863,
		-0.260571,
		1
	},
	[0.55] = {
		-0.516729,
		-0.053578,
		0.854471,
		0,
		0.070611,
		0.991973,
		0.1049,
		0,
		-0.853232,
		0.11454,
		-0.508798,
		0,
		-0.110512,
		1.356821,
		-0.128607,
		1
	},
	[0.566666666667] = {
		-0.499589,
		-0.038023,
		0.865427,
		0,
		0.396558,
		0.87817,
		0.267506,
		0,
		-0.770164,
		0.476835,
		-0.423646,
		0,
		0.157439,
		1.393482,
		0.011771,
		1
	},
	[0.583333333333] = {
		-0.433192,
		0.006564,
		0.901278,
		0,
		0.789028,
		0.486091,
		0.3757,
		0,
		-0.435637,
		0.873883,
		-0.21575,
		0,
		0.477452,
		1.233173,
		0.213969,
		1
	},
	[0.5] = {
		-0.41611,
		-0.038895,
		0.908482,
		0,
		-0.634036,
		0.728565,
		-0.259214,
		0,
		-0.651806,
		-0.683872,
		-0.327824,
		0,
		-0.730674,
		0.961516,
		-0.48919,
		1
	},
	[0.616666666667] = {
		-0.463167,
		0.045958,
		0.885079,
		0,
		0.746865,
		-0.517412,
		0.417705,
		0,
		0.477147,
		0.854501,
		0.205324,
		0,
		1.228253,
		0.54393,
		0.767237,
		1
	},
	[0.633333333333] = {
		-0.239963,
		-0.236843,
		0.941447,
		0,
		0.830553,
		-0.552163,
		0.072788,
		0,
		0.502593,
		0.799388,
		0.32921,
		0,
		1.512803,
		0.112062,
		0.647653,
		1
	},
	[0.65] = {
		-0.025308,
		-0.559242,
		0.828618,
		0,
		0.89328,
		-0.384762,
		-0.232397,
		0,
		0.448787,
		0.734307,
		0.509297,
		0,
		1.643781,
		-0.169396,
		0.516901,
		1
	},
	[0.666666666667] = {
		0.111271,
		-0.643955,
		0.756928,
		0,
		0.871687,
		-0.302541,
		-0.385527,
		0,
		0.477264,
		0.702702,
		0.527663,
		0,
		1.627624,
		-0.212388,
		0.438792,
		1
	},
	[0.683333333333] = {
		0.251429,
		-0.671479,
		0.697065,
		0,
		0.830082,
		-0.220772,
		-0.512077,
		0,
		0.497742,
		0.707372,
		0.501875,
		0,
		1.575158,
		-0.23627,
		0.276594,
		1
	},
	[0.6] = {
		-0.416613,
		0.005086,
		0.909069,
		0,
		0.908342,
		0.042706,
		0.416041,
		0,
		-0.036707,
		0.999075,
		-0.022412,
		0,
		0.80313,
		0.916309,
		0.452904,
		1
	},
	[0.716666666667] = {
		0.564436,
		-0.593685,
		0.573542,
		0,
		0.672277,
		-0.072579,
		-0.736733,
		0,
		0.479014,
		0.801418,
		0.358154,
		0,
		1.392649,
		-0.240367,
		-0.210844,
		1
	},
	[0.733333333333] = {
		0.722032,
		-0.496801,
		0.481516,
		0,
		0.546005,
		-0.01827,
		-0.837583,
		0,
		0.424909,
		0.867672,
		0.258064,
		0,
		1.272461,
		-0.227319,
		-0.492813,
		1
	},
	[0.75] = {
		0.857485,
		-0.371097,
		0.356381,
		0,
		0.388197,
		0.012042,
		-0.921498,
		0,
		0.337673,
		0.928516,
		0.154385,
		0,
		1.142175,
		-0.2092,
		-0.769147,
		1
	},
	[0.766666666667] = {
		0.952088,
		-0.232348,
		0.198853,
		0,
		0.207524,
		0.013234,
		-0.97814,
		0,
		0.224637,
		0.972543,
		0.060818,
		0,
		1.010619,
		-0.188935,
		-1.016033,
		1
	},
	[0.783333333333] = {
		0.994637,
		-0.101621,
		0.019225,
		0,
		0.018009,
		-0.012872,
		-0.999755,
		0,
		0.101844,
		0.99474,
		-0.010972,
		0,
		0.887621,
		-0.167986,
		-1.21017,
		1
	},
	[0.7] = {
		0.403417,
		-0.653188,
		0.640781,
		0,
		0.765591,
		-0.142576,
		-0.62733,
		0,
		0.501125,
		0.743651,
		0.442557,
		0,
		1.49544,
		-0.244575,
		0.053159,
		1
	},
	[0.816666666667] = {
		0.937721,
		0.056891,
		-0.3427,
		0,
		-0.336158,
		-0.100229,
		-0.936457,
		0,
		-0.087625,
		0.993337,
		-0.074863,
		0,
		0.704508,
		-0.122186,
		-1.353076,
		1
	},
	[0.833333333333] = {
		0.935018,
		0.072686,
		-0.347072,
		0,
		-0.339139,
		-0.102571,
		-0.935128,
		0,
		-0.103571,
		0.992066,
		-0.071255,
		0,
		0.675046,
		-0.094317,
		-1.335906,
		1
	},
	[0.85] = {
		0.933172,
		0.082358,
		-0.349868,
		0,
		-0.340937,
		-0.105394,
		-0.93416,
		0,
		-0.11381,
		0.991014,
		-0.070272,
		0,
		0.656732,
		-0.076665,
		-1.324103,
		1
	},
	[0.866666666667] = {
		0.933057,
		0.084584,
		-0.349643,
		0,
		-0.340458,
		-0.106215,
		-0.934241,
		0,
		-0.116159,
		0.990739,
		-0.070307,
		0,
		0.652054,
		-0.071059,
		-1.318887,
		1
	},
	[0.883333333333] = {
		0.934048,
		0.082689,
		-0.347444,
		0,
		-0.338506,
		-0.105221,
		-0.935063,
		0,
		-0.113878,
		0.991005,
		-0.07029,
		0,
		0.654972,
		-0.072077,
		-1.317385,
		1
	},
	[0.8] = {
		0.98604,
		8.7e-05,
		-0.166507,
		0,
		-0.166239,
		-0.05621,
		-0.984482,
		0,
		-0.009446,
		0.998419,
		-0.055411,
		0,
		0.782812,
		-0.146188,
		-1.329472,
		1
	},
	[0.916666666667] = {
		0.935808,
		0.079273,
		-0.34348,
		0,
		-0.334983,
		-0.103428,
		-0.93653,
		0,
		-0.109767,
		0.991473,
		-0.070234,
		0,
		0.66021,
		-0.073912,
		-1.314665,
		1
	},
	[0.933333333333] = {
		0.936512,
		0.077889,
		-0.341876,
		0,
		-0.333556,
		-0.102703,
		-0.937119,
		0,
		-0.108103,
		0.991658,
		-0.070202,
		0,
		0.662322,
		-0.074654,
		-1.313561,
		1
	},
	[0.95] = {
		0.937054,
		0.076816,
		-0.34063,
		0,
		-0.332447,
		-0.102139,
		-0.937575,
		0,
		-0.106812,
		0.9918,
		-0.070173,
		0,
		0.663959,
		-0.075231,
		-1.312701,
		1
	},
	[0.966666666667] = {
		0.937403,
		0.07612,
		-0.339824,
		0,
		-0.331729,
		-0.101775,
		-0.937869,
		0,
		-0.105977,
		0.991891,
		-0.070153,
		0,
		0.665016,
		-0.075604,
		-1.312144,
		1
	},
	[0.983333333333] = {
		0.937527,
		0.075873,
		-0.339538,
		0,
		-0.331473,
		-0.101645,
		-0.937973,
		0,
		-0.10568,
		0.991923,
		-0.070145,
		0,
		0.665392,
		-0.075736,
		-1.311946,
		1
	},
	[0.9] = {
		0.934976,
		0.080896,
		-0.345363,
		0,
		-0.336658,
		-0.10428,
		-0.935835,
		0,
		-0.111719,
		0.991253,
		-0.070265,
		0,
		0.657726,
		-0.07304,
		-1.315959,
		1
	}
}

return spline_matrices
