local spline_matrices = {
	[0] = {
		0.33446,
		-0.424891,
		0.841192,
		0,
		0.35235,
		-0.771483,
		-0.529776,
		0,
		0.874063,
		0.473583,
		-0.10832,
		0,
		-1.137335,
		0.515846,
		-1.12559,
		1
	},
	{
		0.767969,
		0.580505,
		0.270624,
		0,
		0.316695,
		0.023094,
		-0.948246,
		0,
		-0.556712,
		0.813929,
		-0.166108,
		0,
		-0.750769,
		0.745618,
		-0.905661,
		1
	},
	[0.0333333333333] = {
		-0.031305,
		-0.19067,
		0.981155,
		0,
		0.254976,
		-0.950681,
		-0.176613,
		0,
		0.966441,
		0.244642,
		0.078377,
		0,
		-1.183279,
		0.383506,
		-1.032209,
		1
	},
	[0.0666666666667] = {
		-0.348719,
		0.359674,
		0.865465,
		0,
		-0.059044,
		-0.930028,
		0.362715,
		0,
		0.935366,
		0.075385,
		0.345555,
		0,
		-1.304039,
		0.152085,
		-0.874836,
		1
	},
	[0.133333333333] = {
		0.409055,
		0.880839,
		0.238322,
		0,
		-0.691271,
		0.128637,
		0.711053,
		0,
		0.595666,
		-0.455605,
		0.661518,
		0,
		-1.579878,
		-0.251905,
		-0.59112,
		1
	},
	[0.166666666667] = {
		0.737635,
		0.526957,
		0.42215,
		0,
		-0.653615,
		0.400459,
		0.6422,
		0,
		0.169358,
		-0.749632,
		0.63982,
		0,
		-1.570965,
		-0.239373,
		-0.497872,
		1
	},
	[0.1] = {
		-0.156408,
		0.881917,
		0.444701,
		0,
		-0.529931,
		-0.454881,
		0.715722,
		0,
		0.833493,
		-0.123716,
		0.538502,
		0,
		-1.457767,
		-0.076835,
		-0.71863,
		1
	},
	[0.233333333333] = {
		0.256958,
		-0.066277,
		0.964147,
		0,
		-0.403815,
		0.899016,
		0.169422,
		0,
		-0.878012,
		-0.432872,
		0.204246,
		0,
		-1.797187,
		0.395324,
		-0.3501,
		1
	},
	[0.266666666667] = {
		-0.047216,
		0.01154,
		0.998818,
		0,
		0.047141,
		0.998845,
		-0.009312,
		0,
		-0.997772,
		0.046646,
		-0.047706,
		0,
		-1.767309,
		0.889676,
		-0.308798,
		1
	},
	[0.2] = {
		0.662177,
		0.108985,
		0.74138,
		0,
		-0.638047,
		0.600829,
		0.48156,
		0,
		-0.392959,
		-0.791914,
		0.467393,
		0,
		-1.659292,
		-0.035902,
		-0.422367,
		1
	},
	[0.333333333333] = {
		0.106415,
		0.097828,
		0.989498,
		0,
		0.923998,
		0.357867,
		-0.134752,
		0,
		-0.367291,
		0.928634,
		-0.05231,
		0,
		-0.81305,
		1.559752,
		-0.258431,
		1
	},
	[0.366666666667] = {
		0.508862,
		-0.108477,
		0.853986,
		0,
		0.860327,
		0.029571,
		-0.508884,
		0,
		0.029949,
		0.993659,
		0.108373,
		0,
		0.005977,
		1.645467,
		-0.213599,
		1
	},
	[0.3] = {
		-0.335146,
		-0.04723,
		0.940982,
		0,
		0.439621,
		0.875513,
		0.200522,
		0,
		-0.833313,
		0.48088,
		-0.272661,
		0,
		-1.483861,
		1.31565,
		-0.321046,
		1
	},
	[0.433333333333] = {
		0.125201,
		-0.49406,
		0.860366,
		0,
		0.221875,
		-0.831283,
		-0.509647,
		0,
		0.967004,
		0.254702,
		0.005542,
		0,
		1.417358,
		0.769928,
		-0.232785,
		1
	},
	[0.466666666667] = {
		-0.167888,
		-0.323692,
		0.931148,
		0,
		-0.382327,
		-0.849245,
		-0.364154,
		0,
		0.908647,
		-0.41714,
		0.018822,
		0,
		1.550135,
		0.125291,
		-0.272608,
		1
	},
	[0.4] = {
		0.397808,
		-0.415038,
		0.818225,
		0,
		0.651047,
		-0.500676,
		-0.570492,
		0,
		0.646442,
		0.759649,
		0.071036,
		0,
		1.128699,
		1.333861,
		-0.211058,
		1
	},
	[0.533333333333] = {
		-0.151191,
		0.154774,
		0.976313,
		0,
		-0.935861,
		-0.340427,
		-0.090959,
		0,
		0.318285,
		-0.927445,
		0.196317,
		0,
		1.355807,
		-0.378093,
		-0.459938,
		1
	},
	[0.566666666667] = {
		0.024395,
		0.219604,
		0.975284,
		0,
		-0.916118,
		-0.385596,
		0.10974,
		0,
		0.400165,
		-0.896153,
		0.191777,
		0,
		1.369414,
		-0.339655,
		-0.686435,
		1
	},
	[0.5] = {
		-0.246107,
		-0.023483,
		0.968958,
		0,
		-0.801598,
		-0.557054,
		-0.2171,
		0,
		0.54486,
		-0.830144,
		0.118271,
		0,
		1.448071,
		-0.285941,
		-0.346959,
		1
	},
	[0.633333333333] = {
		0.460374,
		0.456771,
		0.761194,
		0,
		-0.19785,
		-0.783104,
		0.58958,
		0,
		0.865397,
		-0.422029,
		-0.270148,
		0,
		0.889371,
		0.350188,
		-1.383902,
		1
	},
	[0.666666666667] = {
		0.511994,
		0.626493,
		0.58768,
		0,
		0.33634,
		-0.77574,
		0.53395,
		0,
		0.790403,
		-0.075719,
		-0.607889,
		0,
		0.510592,
		0.723941,
		-1.672961,
		1
	},
	[0.6] = {
		0.263922,
		0.30142,
		0.916238,
		0,
		-0.696186,
		-0.597933,
		0.397242,
		0,
		0.667586,
		-0.742712,
		0.052037,
		0,
		1.220551,
		-0.077596,
		-1.035269,
		1
	},
	[0.733333333333] = {
		0.493716,
		0.745389,
		0.447928,
		0,
		0.7788,
		-0.608168,
		0.15363,
		0,
		0.38693,
		0.272997,
		-0.880771,
		0,
		-0.026373,
		0.859494,
		-1.654398,
		1
	},
	[0.766666666667] = {
		0.522133,
		0.733132,
		0.435769,
		0,
		0.836027,
		-0.540996,
		-0.091553,
		0,
		0.168629,
		0.412117,
		-0.89539,
		0,
		-0.264478,
		0.834211,
		-1.529674,
		1
	},
	[0.7] = {
		0.492708,
		0.721413,
		0.486623,
		0,
		0.641617,
		-0.678942,
		0.356884,
		0,
		0.587849,
		0.136386,
		-0.797391,
		0,
		0.210351,
		0.868448,
		-1.718119,
		1
	},
	[0.833333333333] = {
		0.643395,
		0.651024,
		0.402753,
		0,
		0.723927,
		-0.346334,
		-0.596642,
		0,
		-0.248942,
		0.67544,
		-0.694124,
		0,
		-0.610289,
		0.77107,
		-1.181533,
		1
	},
	[0.866666666667] = {
		0.707782,
		0.608835,
		0.358279,
		0,
		0.576965,
		-0.205564,
		-0.790477,
		0,
		-0.407621,
		0.766201,
		-0.496771,
		0,
		-0.69787,
		0.750141,
		-1.029383,
		1
	},
	[0.8] = {
		0.575835,
		0.697488,
		0.426527,
		0,
		0.816007,
		-0.45812,
		-0.352502,
		0,
		-0.050466,
		0.551032,
		-0.832957,
		0,
		-0.466789,
		0.801361,
		-1.360363,
		1
	},
	[0.933333333333] = {
		0.764162,
		0.584696,
		0.272373,
		0,
		0.317364,
		0.026803,
		-0.947925,
		0,
		-0.561548,
		0.81081,
		-0.16508,
		0,
		-0.754546,
		0.74269,
		-0.904928,
		1
	},
	[0.966666666667] = {
		0.766139,
		0.582523,
		0.271473,
		0,
		0.316996,
		0.024927,
		-0.948099,
		0,
		-0.559057,
		0.812432,
		-0.16556,
		0,
		-0.752622,
		0.744243,
		-0.905254,
		1
	},
	[0.9] = {
		0.752263,
		0.58614,
		0.3009,
		0,
		0.403992,
		-0.049579,
		-0.913418,
		0,
		-0.520472,
		0.808692,
		-0.274092,
		0,
		-0.744131,
		0.741171,
		-0.929116,
		1
	},
	[1.03333333333] = {
		0.769611,
		0.57869,
		0.269845,
		0,
		0.316473,
		0.02134,
		-0.948361,
		0,
		-0.554566,
		0.815268,
		-0.166717,
		0,
		-0.749027,
		0.746778,
		-0.906147,
		1
	},
	[1.06666666667] = {
		0.771024,
		0.577129,
		0.269153,
		0,
		0.316341,
		0.019699,
		-0.948441,
		0,
		-0.552675,
		0.816415,
		-0.167381,
		0,
		-0.747439,
		0.747686,
		-0.90671,
		1
	},
	[1.13333333333] = {
		0.773009,
		0.574966,
		0.268087,
		0,
		0.316373,
		0.016901,
		-0.948484,
		0,
		-0.549877,
		0.818002,
		-0.16884,
		0,
		-0.744902,
		0.748606,
		-0.908037,
		1
	},
	[1.16666666667] = {
		0.773516,
		0.574465,
		0.2677,
		0,
		0.316502,
		0.015813,
		-0.94846,
		0,
		-0.549091,
		0.818376,
		-0.169588,
		0,
		-0.744092,
		0.748546,
		-0.90875,
		1
	},
	[1.1] = {
		0.772169,
		0.575871,
		0.268566,
		0,
		0.31631,
		0.018208,
		-0.948481,
		0,
		-0.551093,
		0.817338,
		-0.168094,
		0,
		-0.746044,
		0.748308,
		-0.907345,
		1
	},
	[1.23333333333] = {
		0.773513,
		0.574719,
		0.267162,
		0,
		0.316871,
		0.014374,
		-0.94836,
		0,
		-0.548881,
		0.818224,
		-0.170994,
		0,
		-0.743609,
		0.747351,
		-0.910129,
		1
	},
	[1.26666666667] = {
		0.773235,
		0.575172,
		0.26699,
		0,
		0.317076,
		0.013929,
		-0.948298,
		0,
		-0.549154,
		0.817914,
		-0.171603,
		0,
		-0.743691,
		0.746526,
		-0.910739,
		1
	},
	[1.2] = {
		0.773657,
		0.574418,
		0.267395,
		0,
		0.316674,
		0.01498,
		-0.948416,
		0,
		-0.548792,
		0.818425,
		-0.170314,
		0,
		-0.743687,
		0.748091,
		-0.909457,
		1
	},
	[1.33333333333] = {
		0.772562,
		0.576165,
		0.266798,
		0,
		0.317431,
		0.013432,
		-0.948186,
		0,
		-0.549896,
		0.817223,
		-0.172516,
		0,
		-0.744074,
		0.74501,
		-0.911666,
		1
	},
	[1.36666666667] = {
		0.77231,
		0.576521,
		0.26676,
		0,
		0.317542,
		0.013334,
		-0.94815,
		0,
		-0.550185,
		0.816974,
		-0.172772,
		0,
		-0.744246,
		0.744517,
		-0.911929,
		1
	},
	[1.3] = {
		0.772894,
		0.575685,
		0.266872,
		0,
		0.317269,
		0.013623,
		-0.948238,
		0,
		-0.549522,
		0.817558,
		-0.172118,
		0,
		-0.743868,
		0.745713,
		-0.91126,
		1
	},
	[1.4] = {
		0.77221,
		0.57666,
		0.266749,
		0,
		0.317584,
		0.013307,
		-0.948137,
		0,
		-0.550302,
		0.816876,
		-0.172862,
		0,
		-0.744318,
		0.744331,
		-0.912023,
		1
	}
}

return spline_matrices
