-- chunkname: @content/characters/player/ogryn/first_person/animations/club_ogryn/swing_right_diagonal_up.lua

local spline_matrices = {
	[0.0166666666667] = {
		0.095462,
		0.087399,
		0.991589,
		0,
		-0.841133,
		0.539796,
		0.0334,
		0,
		-0.532336,
		-0.837247,
		0.125044,
		0,
		-0.625487,
		0.538685,
		-0.716811,
		1,
	},
	[0.0333333333333] = {
		0.10508,
		0.079181,
		0.991306,
		0,
		-0.839452,
		0.541507,
		0.04573,
		0,
		-0.533178,
		-0.836959,
		0.12337,
		0,
		-0.625151,
		0.539201,
		-0.714864,
		1,
	},
	[0.05] = {
		0.115025,
		0.073819,
		0.990616,
		0,
		-0.837746,
		0.543097,
		0.056804,
		0,
		-0.533808,
		-0.836419,
		0.124311,
		0,
		-0.624749,
		0.539809,
		-0.713112,
		1,
	},
	[0.0666666666667] = {
		0.125032,
		0.070957,
		0.989612,
		0,
		-0.83609,
		0.544536,
		0.066591,
		0,
		-0.534154,
		-0.835731,
		0.127411,
		0,
		-0.624326,
		0.540539,
		-0.711552,
		1,
	},
	[0.0833333333333] = {
		0.134831,
		0.070238,
		0.988376,
		0,
		-0.83456,
		0.54578,
		0.075062,
		0,
		-0.534164,
		-0.834979,
		0.132206,
		0,
		-0.623927,
		0.541417,
		-0.710175,
		1,
	},
	[0] = {
		0.08644,
		0.098818,
		0.991344,
		0,
		-0.842729,
		0.537972,
		0.019856,
		0,
		-0.531354,
		-0.83715,
		0.129779,
		0,
		-0.625712,
		0.538231,
		-0.718958,
		1,
	},
	[0.116666666667] = {
		0.15271,
		0.073814,
		0.98551,
		0,
		-0.83215,
		0.547534,
		0.087936,
		0,
		-0.53311,
		-0.833521,
		0.145039,
		0,
		-0.623389,
		0.543734,
		-0.707951,
		1,
	},
	[0.133333333333] = {
		0.160231,
		0.077416,
		0.984039,
		0,
		-0.831375,
		0.548,
		0.092261,
		0,
		-0.532111,
		-0.832889,
		0.152168,
		0,
		-0.62334,
		0.545238,
		-0.707097,
		1,
	},
	[0.15] = {
		0.16643,
		0.081779,
		0.982656,
		0,
		-0.830926,
		0.548194,
		0.09511,
		0,
		-0.530908,
		-0.832344,
		0.159188,
		0,
		-0.623494,
		0.547022,
		-0.706411,
		1,
	},
	[0.166666666667] = {
		0.171028,
		0.086584,
		0.981454,
		0,
		-0.830806,
		0.548147,
		0.096418,
		0,
		-0.529633,
		-0.831889,
		0.165682,
		0,
		-0.623891,
		0.549129,
		-0.705893,
		1,
	},
	[0.183333333333] = {
		0.173746,
		0.091524,
		0.980528,
		0,
		-0.830999,
		0.547909,
		0.096107,
		0,
		-0.528444,
		-0.831516,
		0.171253,
		0,
		-0.624569,
		0.551605,
		-0.705547,
		1,
	},
	[0.1] = {
		0.14415,
		0.071307,
		0.986983,
		0,
		-0.833226,
		0.54679,
		0.082189,
		0,
		-0.533812,
		-0.834228,
		0.138235,
		0,
		-0.6236,
		0.542472,
		-0.708976,
		1,
	},
	[0.216666666667] = {
		0.172434,
		0.100671,
		0.979863,
		0,
		-0.832157,
		0.547151,
		0.090226,
		0,
		-0.52705,
		-0.830958,
		0.178121,
		0,
		-0.626902,
		0.55787,
		-0.705383,
		1,
	},
	[0.233333333333] = {
		0.167842,
		0.104345,
		0.980276,
		0,
		-0.832996,
		0.546801,
		0.084421,
		0,
		-0.527207,
		-0.830735,
		0.178695,
		0,
		-0.628617,
		0.561764,
		-0.705582,
		1,
	},
	[0.25] = {
		0.160236,
		0.107086,
		0.981252,
		0,
		-0.8339,
		0.546585,
		0.076524,
		0,
		-0.528144,
		-0.830528,
		0.176882,
		0,
		-0.630733,
		0.566236,
		-0.705983,
		1,
	},
	[0.266666666667] = {
		0.149299,
		0.108659,
		0.982803,
		0,
		-0.834772,
		0.54658,
		0.066381,
		0,
		-0.529968,
		-0.830328,
		0.172309,
		0,
		-0.633271,
		0.571337,
		-0.706598,
		1,
	},
	[0.283333333333] = {
		0.134685,
		0.108828,
		0.984894,
		0,
		-0.835507,
		0.546836,
		0.053832,
		0,
		-0.532717,
		-0.830137,
		0.164577,
		0,
		-0.636249,
		0.57711,
		-0.707444,
		1,
	},
	[0.2] = {
		0.174307,
		0.096312,
		0.97997,
		0,
		-0.831468,
		0.54755,
		0.094079,
		0,
		-0.527521,
		-0.831212,
		0.175522,
		0,
		-0.625562,
		0.554502,
		-0.705374,
		1,
	},
	[0.316666666667] = {
		0.092873,
		0.103986,
		0.990233,
		0,
		-0.836115,
		0.548158,
		0.020855,
		0,
		-0.540636,
		-0.829885,
		0.137854,
		0,
		-0.643571,
		0.590824,
		-0.70989,
		1,
	},
	[0.333333333333] = {
		0.064814,
		0.098437,
		0.99303,
		0,
		-0.835759,
		0.549096,
		0.000118,
		0,
		-0.545258,
		-0.829942,
		0.117859,
		0,
		-0.647925,
		0.59881,
		-0.711521,
		1,
	},
	[0.35] = {
		0.021443,
		0.09994,
		0.994762,
		0,
		-0.839022,
		0.542875,
		-0.036454,
		0,
		-0.543675,
		-0.833846,
		0.095493,
		0,
		-0.657104,
		0.607262,
		-0.717695,
		1,
	},
	[0.366666666667] = {
		-0.041834,
		0.111646,
		0.992867,
		0,
		-0.845685,
		0.525214,
		-0.094692,
		0,
		-0.53204,
		-0.843614,
		0.072445,
		0,
		-0.673088,
		0.616674,
		-0.72991,
		1,
	},
	[0.383333333333] = {
		-0.116336,
		0.124175,
		0.985417,
		0,
		-0.849912,
		0.50093,
		-0.163462,
		0,
		-0.513923,
		-0.856534,
		0.047262,
		0,
		-0.692432,
		0.628312,
		-0.743919,
		1,
	},
	[0.3] = {
		0.116015,
		0.107356,
		0.987428,
		0,
		-0.835993,
		0.547373,
		0.038711,
		0,
		-0.536336,
		-0.829975,
		0.153252,
		0,
		-0.63968,
		0.583596,
		-0.708535,
		1,
	},
	[0.416666666667] = {
		-0.263121,
		0.118714,
		0.957431,
		0,
		-0.840706,
		0.458612,
		-0.287906,
		0,
		-0.473268,
		-0.880672,
		-0.020867,
		0,
		-0.730191,
		0.66417,
		-0.760233,
		1,
	},
	[0.433333333333] = {
		-0.320122,
		0.08724,
		0.943351,
		0,
		-0.829186,
		0.455825,
		-0.323535,
		0,
		-0.458229,
		-0.885784,
		-0.073582,
		0,
		-0.744788,
		0.691378,
		-0.75425,
		1,
	},
	[0.45] = {
		-0.360363,
		0.02838,
		0.93238,
		0,
		-0.815962,
		0.47479,
		-0.329819,
		0,
		-0.452045,
		-0.879642,
		-0.14794,
		0,
		-0.753964,
		0.726759,
		-0.733749,
		1,
	},
	[0.466666666667] = {
		-0.383645,
		-0.065174,
		0.921178,
		0,
		-0.801232,
		0.519477,
		-0.296938,
		0,
		-0.459178,
		-0.851996,
		-0.251514,
		0,
		-0.755349,
		0.771451,
		-0.694707,
		1,
	},
	[0.483333333333] = {
		-0.383759,
		-0.281093,
		0.879611,
		0,
		-0.795152,
		0.584924,
		-0.159989,
		0,
		-0.469534,
		-0.760822,
		-0.447982,
		0,
		-0.722923,
		0.908295,
		-0.594775,
		1,
	},
	[0.4] = {
		-0.192977,
		0.128954,
		0.972692,
		0,
		-0.848305,
		0.476252,
		-0.231438,
		0,
		-0.493091,
		-0.869802,
		0.017487,
		0,
		-0.712164,
		0.64365,
		-0.755451,
		1,
	},
	[0.516666666667] = {
		-0.416047,
		-0.571948,
		0.706951,
		0,
		-0.722943,
		0.67962,
		0.124378,
		0,
		-0.551596,
		-0.459339,
		-0.696239,
		0,
		-0.418779,
		1.236188,
		-0.313368,
		1,
	},
	[0.533333333333] = {
		-0.47233,
		-0.591237,
		0.653715,
		0,
		-0.58275,
		0.765904,
		0.271649,
		0,
		-0.661293,
		-0.252644,
		-0.706302,
		0,
		-0.141659,
		1.391733,
		-0.165257,
		1,
	},
	[0.55] = {
		-0.682102,
		-0.430255,
		0.591285,
		0,
		-0.080148,
		0.847703,
		0.524382,
		0,
		-0.726852,
		0.310292,
		-0.612703,
		0,
		0.174324,
		1.467221,
		0.068274,
		1,
	},
	[0.566666666667] = {
		-0.744973,
		-0.197908,
		0.637061,
		0,
		0.449548,
		0.556631,
		0.698619,
		0,
		-0.49287,
		0.806842,
		-0.325706,
		0,
		0.48763,
		1.412243,
		0.278098,
		1,
	},
	[0.583333333333] = {
		-0.748608,
		-0.156217,
		0.644347,
		0,
		0.624741,
		0.159208,
		0.764428,
		0,
		-0.222002,
		0.974807,
		-0.02159,
		0,
		0.765378,
		1.21897,
		0.465678,
		1,
	},
	[0.5] = {
		-0.383499,
		-0.510101,
		0.769887,
		0,
		-0.789797,
		0.613233,
		0.012891,
		0,
		-0.478695,
		-0.603111,
		-0.63805,
		0,
		-0.63004,
		1.085961,
		-0.446199,
		1,
	},
	[0.616666666667] = {
		-0.92565,
		-0.060709,
		0.373479,
		0,
		0.366623,
		-0.388047,
		0.845581,
		0,
		0.093593,
		0.919638,
		0.381453,
		0,
		1.140562,
		0.705838,
		0.922715,
		1,
	},
	[0.633333333333] = {
		-0.810089,
		-0.364707,
		0.45907,
		0,
		0.586294,
		-0.498647,
		0.638443,
		0,
		-0.00393,
		0.786346,
		0.617774,
		0,
		1.215364,
		0.433311,
		0.865303,
		1,
	},
	[0.65] = {
		-0.655063,
		-0.632255,
		0.413699,
		0,
		0.755482,
		-0.556674,
		0.345487,
		0,
		0.01186,
		0.538858,
		0.842313,
		0,
		1.368821,
		0.105179,
		0.739561,
		1,
	},
	[0.666666666667] = {
		-0.563822,
		-0.711362,
		0.419606,
		0,
		0.82005,
		-0.54254,
		0.182123,
		0,
		0.098097,
		0.446783,
		0.889248,
		0,
		1.368229,
		0.047923,
		0.659335,
		1,
	},
	[0.683333333333] = {
		-0.456884,
		-0.76936,
		0.446479,
		0,
		0.869656,
		-0.491835,
		0.042407,
		0,
		0.186968,
		0.407657,
		0.893789,
		0,
		1.335453,
		0.016702,
		0.496556,
		1,
	},
	[0.6] = {
		-0.825318,
		-0.19394,
		0.530319,
		0,
		0.553533,
		-0.092272,
		0.8277,
		0,
		-0.11159,
		0.976664,
		0.183506,
		0,
		1.051951,
		0.957479,
		0.718674,
		1,
	},
	[0.716666666667] = {
		-0.154344,
		-0.830304,
		0.535513,
		0,
		0.921107,
		-0.31699,
		-0.226008,
		0,
		0.357407,
		0.458382,
		0.813724,
		0,
		1.196255,
		0.016462,
		0.002559,
		1,
	},
	[0.733333333333] = {
		0.042952,
		-0.821296,
		0.568882,
		0,
		0.904401,
		-0.209983,
		-0.371438,
		0,
		0.424517,
		0.530452,
		0.733762,
		0,
		1.099121,
		0.039664,
		-0.287543,
		1,
	},
	[0.75] = {
		0.256415,
		-0.778268,
		0.573193,
		0,
		0.845861,
		-0.106288,
		-0.522706,
		0,
		0.467729,
		0.618872,
		0.631052,
		0,
		0.990164,
		0.072404,
		-0.576854,
		1,
	},
	[0.766666666667] = {
		0.464898,
		-0.703974,
		0.536927,
		0,
		0.742458,
		-0.020384,
		-0.669582,
		0,
		0.482314,
		0.709933,
		0.513195,
		0,
		0.875764,
		0.109911,
		-0.841653,
		1,
	},
	[0.783333333333] = {
		0.645483,
		-0.611491,
		0.457636,
		0,
		0.600755,
		0.036483,
		-0.7986,
		0,
		0.471641,
		0.79041,
		0.390905,
		0,
		0.764084,
		0.148056,
		-1.057542,
		1,
	},
	[0.7] = {
		-0.322125,
		-0.810436,
		0.489315,
		0,
		0.905778,
		-0.414158,
		-0.089665,
		0,
		0.275321,
		0.414327,
		0.867485,
		0,
		1.276529,
		0.007454,
		0.270968,
		1,
	},
	[0.816666666667] = {
		0.863784,
		-0.459444,
		0.206855,
		0,
		0.261268,
		0.057378,
		-0.963559,
		0,
		0.430833,
		0.886352,
		0.1696,
		0,
		0.586972,
		0.217065,
		-1.247706,
		1,
	},
	[0.833333333333] = {
		0.871894,
		-0.446461,
		0.201181,
		0,
		0.2556,
		0.064486,
		-0.964629,
		0,
		0.417696,
		0.892476,
		0.17034,
		0,
		0.557435,
		0.247333,
		-1.231497,
		1,
	},
	[0.85] = {
		0.876972,
		-0.437753,
		0.198225,
		0,
		0.25199,
		0.067686,
		-0.96536,
		0,
		0.409172,
		0.896544,
		0.169668,
		0,
		0.539222,
		0.266712,
		-1.220522,
		1,
	},
	[0.866666666667] = {
		0.877967,
		-0.435656,
		0.19844,
		0,
		0.252061,
		0.068281,
		-0.965299,
		0,
		0.406989,
		0.89752,
		0.169761,
		0,
		0.534897,
		0.273103,
		-1.215757,
		1,
	},
	[0.883333333333] = {
		0.876569,
		-0.437588,
		0.200359,
		0,
		0.254455,
		0.068017,
		-0.964689,
		0,
		0.408509,
		0.896599,
		0.170968,
		0,
		0.538311,
		0.272305,
		-1.214429,
		1,
	},
	[0.8] = {
		0.780997,
		-0.522007,
		0.342859,
		0,
		0.434948,
		0.060659,
		-0.89841,
		0,
		0.448179,
		0.850782,
		0.27442,
		0,
		0.664609,
		0.184135,
		-1.200513,
		1,
	},
	[0.916666666667] = {
		0.87403,
		-0.441065,
		0.203797,
		0,
		0.25876,
		0.06754,
		-0.963577,
		0,
		0.411236,
		0.89493,
		0.173162,
		0,
		0.544445,
		0.270863,
		-1.212014,
		1,
	},
	[0.933333333333] = {
		0.872995,
		-0.44247,
		0.205181,
		0,
		0.260498,
		0.067346,
		-0.963122,
		0,
		0.412335,
		0.894251,
		0.174055,
		0,
		0.54692,
		0.270278,
		-1.21103,
		1,
	},
	[0.95] = {
		0.872189,
		-0.443561,
		0.206253,
		0,
		0.261846,
		0.067196,
		-0.962767,
		0,
		0.413186,
		0.893722,
		0.174752,
		0,
		0.548839,
		0.269824,
		-1.210263,
		1,
	},
	[0.966666666667] = {
		0.871666,
		-0.444266,
		0.206945,
		0,
		0.262717,
		0.067098,
		-0.962537,
		0,
		0.413737,
		0.893379,
		0.175203,
		0,
		0.550079,
		0.269529,
		-1.209765,
		1,
	},
	[0.983333333333] = {
		0.87148,
		-0.444516,
		0.207191,
		0,
		0.263027,
		0.067063,
		-0.962455,
		0,
		0.413932,
		0.893257,
		0.175364,
		0,
		0.55052,
		0.269425,
		-1.209588,
		1,
	},
	[0.9] = {
		0.875239,
		-0.439414,
		0.202167,
		0,
		0.256717,
		0.067767,
		-0.964108,
		0,
		0.409943,
		0.895725,
		0.172117,
		0,
		0.541534,
		0.271549,
		-1.213164,
		1,
	},
	{
		0.87148,
		-0.444516,
		0.207191,
		0,
		0.263027,
		0.067063,
		-0.962455,
		0,
		0.413932,
		0.893257,
		0.175364,
		0,
		0.55052,
		0.269425,
		-1.209588,
		1,
	},
}

return spline_matrices
