local spline_matrices = {
	[0] = {
		0.61368,
		-0.238951,
		0.752529,
		0,
		0.503754,
		-0.615413,
		-0.606218,
		0,
		0.607972,
		0.751113,
		-0.257294,
		0,
		0.923886,
		-0.297806,
		-1.488893,
		1
	},
	{
		0.911456,
		0.087346,
		0.402018,
		0,
		0.396979,
		-0.443177,
		-0.803742,
		0,
		0.107962,
		0.892168,
		-0.438611,
		0,
		0.689571,
		-0.50298,
		-1.494687,
		1
	},
	[0.0166666666667] = {
		0.634793,
		-0.315397,
		0.705381,
		0,
		0.462939,
		-0.575669,
		-0.674012,
		0,
		0.618648,
		0.754407,
		-0.219421,
		0,
		0.93272,
		-0.256448,
		-1.45405,
		1
	},
	[0.0333333333333] = {
		0.652299,
		-0.392361,
		0.648505,
		0,
		0.418374,
		-0.527063,
		-0.739708,
		0,
		0.632036,
		0.753828,
		-0.179649,
		0,
		0.942414,
		-0.216156,
		-1.418464,
		1
	},
	[0.05] = {
		0.665487,
		-0.469425,
		0.580316,
		0,
		0.369546,
		-0.468286,
		-0.802586,
		0,
		0.648508,
		0.748564,
		-0.138164,
		0,
		0.952768,
		-0.176345,
		-1.381802,
		1
	},
	[0.0666666666667] = {
		0.673254,
		-0.54548,
		0.499179,
		0,
		0.316144,
		-0.397925,
		-0.861225,
		0,
		0.668417,
		0.737636,
		-0.095454,
		0,
		0.963657,
		-0.136487,
		-1.343623,
		1
	},
	[0.0833333333333] = {
		0.674114,
		-0.618579,
		0.403646,
		0,
		0.258193,
		-0.314664,
		-0.913413,
		0,
		0.692031,
		0.719963,
		-0.052407,
		0,
		0.975055,
		-0.096162,
		-1.303389,
		1
	},
	[0.116666666667] = {
		0.647754,
		-0.743365,
		0.166804,
		0,
		0.131478,
		-0.106587,
		-0.985572,
		0,
		0.750419,
		0.660339,
		0.028694,
		0,
		0.999838,
		-0.01331,
		-1.214341,
		1
	},
	[0.133333333333] = {
		0.616799,
		-0.786648,
		0.027272,
		0,
		0.065989,
		0.017154,
		-0.997673,
		0,
		0.784349,
		0.617164,
		0.062491,
		0,
		1.01374,
		0.029003,
		-1.164433,
		1
	},
	[0.15] = {
		0.572224,
		-0.810949,
		-0.122155,
		0,
		0.002625,
		0.150761,
		-0.988567,
		0,
		0.820093,
		0.565361,
		0.088398,
		0,
		1.029123,
		0.071308,
		-1.110524,
		1
	},
	[0.166666666667] = {
		0.513958,
		-0.81227,
		-0.275797,
		0,
		-0.055187,
		0.289536,
		-0.955575,
		0,
		0.856038,
		0.506346,
		0.103982,
		0,
		1.046326,
		0.112885,
		-1.05276,
		1
	},
	[0.183333333333] = {
		0.443432,
		-0.788381,
		-0.426407,
		0,
		-0.103957,
		0.427288,
		-0.898119,
		0,
		0.890259,
		0.442583,
		0.107515,
		0,
		1.065542,
		0.152972,
		-0.991766,
		1
	},
	[0.1] = {
		0.666264,
		-0.685822,
		0.292816,
		0,
		0.196228,
		-0.217586,
		-0.956112,
		0,
		0.719435,
		0.694482,
		-0.010392,
		0,
		0.987047,
		-0.055113,
		-1.260495,
		1
	},
	[0.216666666667] = {
		0.278787,
		-0.669451,
		-0.688559,
		0,
		-0.1642,
		0.6732,
		-0.721,
		0,
		0.946212,
		0.314066,
		0.077756,
		0,
		1.109445,
		0.226765,
		-0.864709,
		1
	},
	[0.233333333333] = {
		0.193544,
		-0.583381,
		-0.788801,
		0,
		-0.174087,
		0.770824,
		-0.6128,
		0,
		0.965523,
		0.255924,
		0.04763,
		0,
		1.133096,
		0.260627,
		-0.801446,
		1
	},
	[0.25] = {
		0.112348,
		-0.488403,
		-0.865356,
		0,
		-0.172186,
		0.848126,
		-0.501033,
		0,
		0.978637,
		0.205292,
		0.011189,
		0,
		1.156763,
		0.293661,
		-0.740042,
		1
	},
	[0.266666666667] = {
		0.038583,
		-0.391527,
		-0.919358,
		0,
		-0.161312,
		0.905535,
		-0.39241,
		0,
		0.986149,
		0.163444,
		-0.02822,
		0,
		1.179473,
		0.327344,
		-0.681325,
		1
	},
	[0.283333333333] = {
		-0.02575,
		-0.298824,
		-0.953961,
		0,
		-0.144566,
		0.945359,
		-0.292228,
		0,
		0.98916,
		0.130386,
		-0.067543,
		0,
		1.20037,
		0.3631,
		-0.625697,
		1
	},
	[0.2] = {
		0.363642,
		-0.739678,
		-0.566252,
		0,
		-0.140826,
		0.557229,
		-0.81833,
		0,
		0.920833,
		0.377322,
		0.098466,
		0,
		1.086707,
		0.190992,
		-0.928623,
		1
	},
	[0.316666666667] = {
		-0.123542,
		-0.142759,
		-0.982017,
		0,
		-0.105073,
		0.985917,
		-0.130107,
		0,
		0.986761,
		0.08711,
		-0.136802,
		0,
		1.23404,
		0.44643,
		-0.523609,
		1
	},
	[0.333333333333] = {
		-0.15748,
		-0.084276,
		-0.983919,
		0,
		-0.08697,
		0.993664,
		-0.071191,
		0,
		0.983685,
		0.07436,
		-0.163812,
		0,
		1.245855,
		0.496485,
		-0.476576,
		1
	},
	[0.35] = {
		-0.182275,
		-0.040452,
		-0.982415,
		0,
		-0.072164,
		0.997009,
		-0.027663,
		0,
		0.980596,
		0.065852,
		-0.184649,
		0,
		1.253894,
		0.5535,
		-0.431726,
		1
	},
	[0.366666666667] = {
		-0.189868,
		-0.027626,
		-0.981421,
		0,
		-0.074315,
		0.997141,
		-0.013691,
		0,
		0.978993,
		0.070335,
		-0.191379,
		0,
		1.249748,
		0.629057,
		-0.392377,
		1
	},
	[0.383333333333] = {
		-0.182904,
		-0.041581,
		-0.982251,
		0,
		-0.085431,
		0.995998,
		-0.026255,
		0,
		0.979412,
		0.079112,
		-0.185724,
		0,
		1.234033,
		0.730887,
		-0.354506,
		1
	},
	[0.3] = {
		-0.079794,
		-0.214883,
		-0.973375,
		0,
		-0.124956,
		0.970942,
		-0.204102,
		0,
		0.988948,
		0.105342,
		-0.104327,
		0,
		1.218743,
		0.402354,
		-0.573198,
		1
	},
	[0.416666666667] = {
		-0.190105,
		-0.05111,
		-0.980432,
		0,
		-0.007388,
		0.99869,
		-0.05063,
		0,
		0.981736,
		-0.002381,
		-0.190234,
		0,
		1.210544,
		1.017788,
		-0.247174,
		1
	},
	[0.433333333333] = {
		-0.176052,
		-0.057855,
		-0.982679,
		0,
		-0.070673,
		0.996438,
		-0.046004,
		0,
		0.981841,
		0.06135,
		-0.179514,
		0,
		1.095024,
		1.209427,
		-0.183628,
		1
	},
	[0.45] = {
		-0.055208,
		-0.063827,
		-0.996433,
		0,
		-0.563641,
		0.825736,
		-0.021664,
		0,
		0.824173,
		0.560434,
		-0.081562,
		0,
		0.71366,
		1.368767,
		-0.136945,
		1
	},
	[0.466666666667] = {
		0.049473,
		-0.002289,
		-0.998773,
		0,
		-0.926853,
		0.372501,
		-0.046764,
		0,
		0.372151,
		0.928029,
		0.016307,
		0,
		0.292675,
		1.401592,
		-0.120633,
		1
	},
	[0.483333333333] = {
		0.042655,
		0.022253,
		-0.998842,
		0,
		-0.994486,
		0.09681,
		-0.040312,
		0,
		0.095801,
		0.995054,
		0.02626,
		0,
		0.002544,
		1.31592,
		-0.132,
		1
	},
	[0.4] = {
		-0.178994,
		-0.05338,
		-0.982401,
		0,
		-0.074016,
		0.996428,
		-0.040656,
		0,
		0.981062,
		0.065436,
		-0.182306,
		0,
		1.219464,
		0.854054,
		-0.308723,
		1
	},
	[0.516666666667] = {
		0.042525,
		0.043204,
		-0.998161,
		0,
		-0.891558,
		-0.449252,
		-0.057429,
		0,
		-0.450907,
		0.89236,
		0.019415,
		0,
		-0.510032,
		0.908346,
		-0.180602,
		1
	},
	[0.533333333333] = {
		0.063325,
		0.082004,
		-0.994618,
		0,
		-0.70423,
		-0.702497,
		-0.102755,
		0,
		-0.707142,
		0.706947,
		0.013264,
		0,
		-0.702452,
		0.623594,
		-0.205847,
		1
	},
	[0.55] = {
		0.056745,
		0.165353,
		-0.984601,
		0,
		-0.503953,
		-0.84659,
		-0.17122,
		0,
		-0.861865,
		0.505908,
		0.03529,
		0,
		-0.767451,
		0.329395,
		-0.199213,
		1
	},
	[0.566666666667] = {
		0.054915,
		0.23658,
		-0.970059,
		0,
		-0.333125,
		-0.91152,
		-0.241161,
		0,
		-0.941282,
		0.336394,
		0.028755,
		0,
		-0.774215,
		0.099654,
		-0.232004,
		1
	},
	[0.583333333333] = {
		0.104255,
		0.266049,
		-0.958305,
		0,
		-0.219818,
		-0.933562,
		-0.283094,
		0,
		-0.969954,
		0.240167,
		-0.038846,
		0,
		-0.767815,
		-0.009406,
		-0.370442,
		1
	},
	[0.5] = {
		0.024616,
		0.02597,
		-0.99936,
		0,
		-0.989864,
		-0.139229,
		-0.028001,
		0,
		-0.139867,
		0.98992,
		0.022279,
		0,
		-0.253417,
		1.159138,
		-0.152154,
		1
	},
	[0.616666666667] = {
		0.276717,
		0.288263,
		-0.916696,
		0,
		-0.082406,
		-0.943314,
		-0.321508,
		0,
		-0.957412,
		0.164508,
		-0.237277,
		0,
		-0.716983,
		-0.074782,
		-0.784807,
		1
	},
	[0.633333333333] = {
		0.368168,
		0.294724,
		-0.881811,
		0,
		-0.042733,
		-0.942063,
		-0.332704,
		0,
		-0.928777,
		0.160174,
		-0.334243,
		0,
		-0.665118,
		-0.07636,
		-0.982813,
		1
	},
	[0.65] = {
		0.44148,
		0.308194,
		-0.842681,
		0,
		-0.010397,
		-0.93734,
		-0.348261,
		0,
		-0.897211,
		0.162512,
		-0.410613,
		0,
		-0.590648,
		-0.086439,
		-1.121863,
		1
	},
	[0.666666666667] = {
		0.499439,
		0.32832,
		-0.801727,
		0,
		0.01892,
		-0.929322,
		-0.368786,
		0,
		-0.866142,
		0.169018,
		-0.470351,
		0,
		-0.490703,
		-0.104485,
		-1.208623,
		1
	},
	[0.683333333333] = {
		0.55458,
		0.34782,
		-0.755951,
		0,
		0.043724,
		-0.919378,
		-0.390937,
		0,
		-0.830981,
		0.183753,
		-0.525077,
		0,
		-0.369845,
		-0.11673,
		-1.278425,
		1
	},
	[0.6] = {
		0.183195,
		0.280839,
		-0.942109,
		0,
		-0.138666,
		-0.941364,
		-0.307581,
		0,
		-0.973248,
		0.186986,
		-0.13351,
		0,
		-0.749943,
		-0.059854,
		-0.567652,
		1
	},
	[0.716666666667] = {
		0.655688,
		0.381972,
		-0.651283,
		0,
		0.083092,
		-0.893857,
		-0.440586,
		0,
		-0.750446,
		0.23477,
		-0.61783,
		0,
		-0.095984,
		-0.130795,
		-1.378006,
		1
	},
	[0.733333333333] = {
		0.701405,
		0.395176,
		-0.593183,
		0,
		0.098975,
		-0.878169,
		-0.467999,
		0,
		-0.705857,
		0.269546,
		-0.655065,
		0,
		0.041693,
		-0.135956,
		-1.413165,
		1
	},
	[0.75] = {
		0.743724,
		0.404971,
		-0.531859,
		0,
		0.11317,
		-0.860406,
		-0.496884,
		0,
		-0.658838,
		0.309354,
		-0.685735,
		0,
		0.169657,
		-0.142199,
		-1.442128,
		1
	},
	[0.766666666667] = {
		0.782504,
		0.41086,
		-0.467849,
		0,
		0.126266,
		-0.840485,
		-0.526918,
		0,
		-0.609709,
		0.353242,
		-0.70956,
		0,
		0.280261,
		-0.151393,
		-1.467542,
		1
	},
	[0.783333333333] = {
		0.817607,
		0.412461,
		-0.401741,
		0,
		0.138811,
		-0.818359,
		-0.557692,
		0,
		-0.558794,
		0.400206,
		-0.72635,
		0,
		0.365873,
		-0.165525,
		-1.492047,
		1
	},
	[0.7] = {
		0.606705,
		0.365958,
		-0.70568,
		0,
		0.064893,
		-0.907567,
		-0.414863,
		0,
		-0.792274,
		0.205906,
		-0.574373,
		0,
		-0.235717,
		-0.12495,
		-1.333986,
		1
	},
	[0.816666666667] = {
		0.876269,
		0.401893,
		-0.265772,
		0,
		0.164176,
		-0.767637,
		-0.619499,
		0,
		-0.452989,
		0.499214,
		-0.738638,
		0,
		0.47977,
		-0.204708,
		-1.529121,
		1
	},
	[0.833333333333] = {
		0.899619,
		0.389607,
		-0.197208,
		0,
		0.177813,
		-0.739315,
		-0.649457,
		0,
		-0.398833,
		0.549198,
		-0.73438,
		0,
		0.519052,
		-0.227313,
		-1.539079,
		1
	},
	[0.85] = {
		0.918889,
		0.372798,
		-0.129094,
		0,
		0.192527,
		-0.709349,
		-0.678054,
		0,
		-0.34435,
		0.598202,
		-0.723586,
		0,
		0.548996,
		-0.251572,
		-1.544221,
		1
	},
	[0.866666666667] = {
		0.934048,
		0.351727,
		-0.061996,
		0,
		0.208567,
		-0.678094,
		-0.704761,
		0,
		-0.289923,
		0.64535,
		-0.706731,
		0,
		0.571404,
		-0.277238,
		-1.545238,
		1
	},
	[0.883333333333] = {
		0.945099,
		0.326765,
		0.003597,
		0,
		0.226122,
		-0.645985,
		-0.72909,
		0,
		-0.235918,
		0.689876,
		-0.684408,
		0,
		0.588059,
		-0.304069,
		-1.542843,
		1
	},
	[0.8] = {
		0.8489,
		0.409514,
		-0.334166,
		0,
		0.151302,
		-0.794045,
		-0.588727,
		0,
		-0.506434,
		0.449211,
		-0.736026,
		0,
		0.429324,
		-0.184018,
		-1.513667,
		1
	},
	[0.916666666667] = {
		0.95503,
		0.267068,
		0.128815,
		0,
		0.266254,
		-0.581235,
		-0.768944,
		0,
		-0.130489,
		0.768662,
		-0.626204,
		0,
		0.611136,
		-0.360246,
		-1.530761,
		1
	},
	[0.933333333333] = {
		0.954029,
		0.233424,
		0.187995,
		0,
		0.288948,
		-0.549717,
		-0.783786,
		0,
		-0.079611,
		0.802075,
		-0.591893,
		0,
		0.62103,
		-0.389083,
		-1.522606,
		1
	},
	[0.95] = {
		0.949138,
		0.198031,
		0.244789,
		0,
		0.313407,
		-0.519557,
		-0.794881,
		0,
		-0.03023,
		0.83117,
		-0.555196,
		0,
		0.632118,
		-0.41806,
		-1.514099,
		1
	},
	[0.966666666667] = {
		0.940405,
		0.16149,
		0.299264,
		0,
		0.339604,
		-0.491353,
		-0.802023,
		0,
		0.017525,
		0.855858,
		-0.516914,
		0,
		0.646104,
		-0.446894,
		-1.506055,
		1
	},
	[0.983333333333] = {
		0.927853,
		0.124398,
		0.351589,
		0,
		0.367486,
		-0.465699,
		-0.805033,
		0,
		0.06359,
		0.876156,
		-0.477815,
		0,
		0.66469,
		-0.475297,
		-1.499305,
		1
	},
	[0.9] = {
		0.952075,
		0.298371,
		0.067295,
		0,
		0.245325,
		-0.613516,
		-0.750609,
		0,
		-0.182674,
		0.731145,
		-0.657311,
		0,
		0.600722,
		-0.331822,
		-1.537766,
		1
	}
}

return spline_matrices
