-- chunkname: @content/characters/player/ogryn/first_person/animations/club_ogryn/swing_left_diagonal_up.lua

local spline_matrices = {
	[0.0166666666667] = {
		0.922214,
		-0.369809,
		0.112972,
		0,
		0.160871,
		0.101255,
		-0.981768,
		0,
		0.351628,
		0.923574,
		0.15287,
		0,
		1.168141,
		-0.069166,
		-1.167753,
		1,
	},
	[0.0333333333333] = {
		0.929929,
		-0.24539,
		-0.27389,
		0,
		-0.173554,
		0.363769,
		-0.915178,
		0,
		0.324209,
		0.898585,
		0.295691,
		0,
		1.166016,
		-0.041198,
		-1.239563,
		1,
	},
	[0.05] = {
		0.892561,
		-0.322881,
		-0.314775,
		0,
		-0.174693,
		0.395953,
		-0.901501,
		0,
		0.415714,
		0.859633,
		0.297007,
		0,
		1.1644,
		-0.014171,
		-1.231163,
		1,
	},
	[0.0666666666667] = {
		0.843327,
		-0.399568,
		-0.359368,
		0,
		-0.173782,
		0.43002,
		-0.885936,
		0,
		0.508527,
		0.809585,
		0.29321,
		0,
		1.161558,
		0.020301,
		-1.220766,
		1,
	},
	[0.0833333333333] = {
		0.780903,
		-0.472865,
		-0.408153,
		0,
		-0.170896,
		0.466749,
		-0.867721,
		0,
		0.60082,
		0.747358,
		0.283675,
		0,
		1.157556,
		0.061536,
		-1.20851,
		1,
	},
	[0] = {
		0.522606,
		-0.405435,
		0.750004,
		0,
		0.64529,
		-0.386837,
		-0.658755,
		0,
		0.557211,
		0.828239,
		0.05946,
		0,
		1.164672,
		-0.09174,
		-1.026229,
		1,
	},
	[0.116666666667] = {
		0.613821,
		-0.595873,
		-0.517842,
		0,
		-0.157723,
		0.550167,
		-0.820024,
		0,
		0.773529,
		0.585023,
		0.243721,
		0,
		1.146575,
		0.161445,
		-1.178942,
		1,
	},
	[0.133333333333] = {
		0.510042,
		-0.637947,
		-0.576958,
		0,
		-0.145936,
		0.596859,
		-0.788962,
		0,
		0.847679,
		0.486603,
		0.211324,
		0,
		1.139974,
		0.218608,
		-1.161889,
		1,
	},
	[0.15] = {
		0.395332,
		-0.662166,
		-0.636592,
		0,
		-0.129404,
		0.645987,
		-0.7523,
		0,
		0.909378,
		0.379785,
		0.169693,
		0,
		1.132957,
		0.279489,
		-1.143507,
		1,
	},
	[0.166666666667] = {
		0.273197,
		-0.665831,
		-0.694285,
		0,
		-0.107249,
		0.69616,
		-0.709831,
		0,
		0.955961,
		0.268385,
		0.118779,
		0,
		1.125801,
		0.343214,
		-1.123953,
		1,
	},
	[0.183333333333] = {
		0.148157,
		-0.647714,
		-0.747339,
		0,
		-0.078934,
		0.745523,
		-0.661789,
		0,
		0.985809,
		0.157039,
		0.059328,
		0,
		1.118786,
		0.408871,
		-1.103414,
		1,
	},
	[0.1] = {
		0.704431,
		-0.539543,
		-0.461162,
		0,
		-0.16575,
		0.506718,
		-0.846028,
		0,
		0.690147,
		0.672407,
		0.267519,
		0,
		1.152507,
		0.108829,
		-1.194525,
		1,
	},
	[0.216666666667] = {
		-0.090794,
		-0.550344,
		-0.829987,
		0,
		-0.004417,
		0.833643,
		-0.552286,
		0,
		0.99586,
		-0.046478,
		-0.07812,
		0,
		1.106237,
		0.542323,
		-1.060261,
		1,
	},
	[0.233333333333] = {
		-0.195472,
		-0.477578,
		-0.856569,
		0,
		0.040043,
		0.868803,
		-0.493537,
		0,
		0.979891,
		-0.130772,
		-0.150703,
		0,
		1.101479,
		0.608407,
		-1.037803,
		1,
	},
	[0.25] = {
		-0.285611,
		-0.395125,
		-0.873099,
		0,
		0.087268,
		0.89654,
		-0.434281,
		0,
		0.954364,
		-0.200229,
		-0.22158,
		0,
		1.098388,
		0.673098,
		-1.014621,
		1,
	},
	[0.266666666667] = {
		-0.359851,
		-0.308024,
		-0.880698,
		0,
		0.135334,
		0.916717,
		-0.375918,
		0,
		0.923142,
		-0.254463,
		-0.288196,
		0,
		1.097129,
		0.735758,
		-0.990912,
		1,
	},
	[0.283333333333] = {
		-0.418167,
		-0.220834,
		-0.881118,
		0,
		0.182372,
		0.929838,
		-0.319596,
		0,
		0.889875,
		-0.294336,
		-0.348553,
		0,
		1.097875,
		0.795809,
		-0.966844,
		1,
	},
	[0.2] = {
		0.025219,
		-0.608409,
		-0.793223,
		0,
		-0.044454,
		0.792008,
		-0.60889,
		0,
		0.998693,
		0.050618,
		-0.007072,
		0,
		1.112182,
		0.475541,
		-1.082104,
		1,
	},
	[0.316666666667] = {
		-0.491437,
		-0.060084,
		-0.868838,
		0,
		0.267097,
		0.939145,
		-0.216023,
		0,
		0.828944,
		-0.338226,
		-0.445483,
		0,
		1.106189,
		0.905967,
		-0.9181,
		1,
	},
	[0.333333333333] = {
		-0.509675,
		0.00892,
		-0.860321,
		0,
		0.302389,
		0.938008,
		-0.169417,
		0,
		0.805477,
		-0.346499,
		-0.480776,
		0,
		1.114217,
		0.95506,
		-0.893561,
		1,
	},
	[0.35] = {
		-0.519405,
		0.073402,
		-0.85137,
		0,
		0.335123,
		0.933988,
		-0.123928,
		0,
		0.786073,
		-0.349683,
		-0.509717,
		0,
		1.124964,
		0.995033,
		-0.867361,
		1,
	},
	[0.366666666667] = {
		-0.516236,
		0.130011,
		-0.846521,
		0,
		0.366005,
		0.927097,
		-0.080816,
		0,
		0.7743,
		-0.351551,
		-0.526186,
		0,
		1.127799,
		1.04044,
		-0.836892,
		1,
	},
	[0.383333333333] = {
		-0.499263,
		0.175278,
		-0.848536,
		0,
		0.390364,
		0.919805,
		-0.039683,
		0,
		0.773532,
		-0.35105,
		-0.527647,
		0,
		1.114502,
		1.066679,
		-0.805938,
		1,
	},
	[0.3] = {
		-0.461516,
		-0.137274,
		-0.876447,
		0,
		0.226742,
		0.936888,
		-0.266137,
		0,
		0.857666,
		-0.321554,
		-0.401263,
		0,
		1.100822,
		0.852716,
		-0.942544,
		1,
	},
	[0.416666666667] = {
		-0.453901,
		0.249081,
		-0.855531,
		0,
		0.400956,
		0.914532,
		0.053532,
		0,
		0.795744,
		-0.318732,
		-0.514977,
		0,
		1.047847,
		1.047577,
		-0.735472,
		1,
	},
	[0.433333333333] = {
		-0.472002,
		0.270987,
		-0.838916,
		0,
		0.324639,
		0.938145,
		0.120387,
		0,
		0.819649,
		-0.215522,
		-0.530779,
		0,
		0.973981,
		1.080145,
		-0.681313,
		1,
	},
	[0.45] = {
		-0.486397,
		0.305792,
		-0.81848,
		0,
		0.293358,
		0.939533,
		0.176685,
		0,
		0.823018,
		-0.154169,
		-0.546693,
		0,
		0.896994,
		1.167796,
		-0.624563,
		1,
	},
	[0.466666666667] = {
		-0.51208,
		0.352658,
		-0.783203,
		0,
		0.294183,
		0.928688,
		0.225821,
		0,
		0.806988,
		-0.114767,
		-0.579309,
		0,
		0.817869,
		1.283119,
		-0.568996,
		1,
	},
	[0.483333333333] = {
		-0.574491,
		0.382874,
		-0.723441,
		0,
		0.221078,
		0.923584,
		0.313237,
		0,
		0.788089,
		0.020015,
		-0.615236,
		0,
		0.695124,
		1.394185,
		-0.49835,
		1,
	},
	[0.4] = {
		-0.475999,
		0.213574,
		-0.853118,
		0,
		0.403533,
		0.914957,
		0.003903,
		0,
		0.7814,
		-0.342403,
		-0.521703,
		0,
		1.087261,
		1.057294,
		-0.774745,
		1,
	},
	[0.516666666667] = {
		-0.801557,
		0.276535,
		-0.530128,
		0,
		-0.312258,
		0.562505,
		0.76556,
		0,
		0.509904,
		0.779177,
		-0.36453,
		0,
		0.206517,
		1.400428,
		-0.276696,
		1,
	},
	[0.533333333333] = {
		-0.834603,
		0.138753,
		-0.53309,
		0,
		-0.531393,
		0.052151,
		0.845519,
		0,
		0.14512,
		0.988953,
		0.030207,
		0,
		-0.087327,
		1.294117,
		-0.151467,
		1,
	},
	[0.55] = {
		-0.734803,
		0.248373,
		-0.631169,
		0,
		-0.678247,
		-0.259849,
		0.687357,
		0,
		0.006712,
		0.933161,
		0.359396,
		0,
		-0.332008,
		1.133398,
		-0.030287,
		1,
	},
	[0.566666666667] = {
		-0.607277,
		0.425633,
		-0.670859,
		0,
		-0.777739,
		-0.490957,
		0.392535,
		0,
		-0.162287,
		0.76013,
		0.629178,
		0,
		-0.591763,
		0.955064,
		0.110603,
		1,
	},
	[0.583333333333] = {
		-0.419495,
		0.528482,
		-0.738059,
		0,
		-0.859472,
		-0.492874,
		0.135584,
		0,
		-0.292117,
		0.691218,
		0.660973,
		0,
		-0.692941,
		0.771337,
		0.17234,
		1,
	},
	[0.5] = {
		-0.662424,
		0.378989,
		-0.64619,
		0,
		0.028159,
		0.874576,
		0.48407,
		0,
		0.7486,
		0.302464,
		-0.590012,
		0,
		0.527836,
		1.44917,
		-0.411238,
		1,
	},
	[0.616666666667] = {
		-0.606366,
		0.784481,
		-0.130038,
		0,
		-0.794789,
		-0.603073,
		0.067927,
		0,
		-0.025135,
		0.144541,
		0.98918,
		0,
		-0.799162,
		-0.173699,
		0.27473,
		1,
	},
	[0.633333333333] = {
		-0.606556,
		0.795019,
		-0.005894,
		0,
		-0.79057,
		-0.603914,
		-0.101422,
		0,
		-0.084192,
		-0.056858,
		0.994826,
		0,
		-0.722223,
		-0.530202,
		0.252458,
		1,
	},
	[0.65] = {
		-0.597446,
		0.800738,
		-0.04332,
		0,
		-0.782256,
		-0.593839,
		-0.188229,
		0,
		-0.176447,
		-0.07857,
		0.981169,
		0,
		-0.632228,
		-0.674484,
		0.24021,
		1,
	},
	[0.666666666667] = {
		-0.683055,
		0.729141,
		0.042304,
		0,
		-0.715098,
		-0.655871,
		-0.241801,
		0,
		-0.148561,
		-0.195415,
		0.969403,
		0,
		-0.482678,
		-0.71776,
		0.176176,
		1,
	},
	[0.683333333333] = {
		-0.784578,
		0.610486,
		0.108369,
		0,
		-0.611907,
		-0.734183,
		-0.294187,
		0,
		-0.100034,
		-0.297124,
		0.949584,
		0,
		-0.325978,
		-0.720387,
		0.052321,
		1,
	},
	[0.6] = {
		-0.429672,
		0.683779,
		-0.58977,
		0,
		-0.886832,
		-0.442531,
		0.133024,
		0,
		-0.170033,
		0.580184,
		0.79654,
		0,
		-0.749676,
		0.368921,
		0.219777,
		1,
	},
	[0.716666666667] = {
		-0.956789,
		0.246797,
		0.153771,
		0,
		-0.289561,
		-0.857073,
		-0.426124,
		0,
		0.026627,
		-0.452236,
		0.891501,
		0,
		-0.026382,
		-0.689645,
		-0.238437,
		1,
	},
	[0.733333333333] = {
		-0.987115,
		-0.020443,
		0.158701,
		0,
		-0.061896,
		-0.865818,
		-0.496517,
		0,
		0.147556,
		-0.499942,
		0.853396,
		0,
		0.139004,
		-0.656913,
		-0.390099,
		1,
	},
	[0.75] = {
		-0.935384,
		-0.320767,
		0.148881,
		0,
		0.185695,
		-0.803813,
		-0.565156,
		0,
		0.300956,
		-0.500991,
		0.811439,
		0,
		0.305085,
		-0.607272,
		-0.539542,
		1,
	},
	[0.766666666667] = {
		-0.781639,
		-0.610801,
		0.126341,
		0,
		0.41441,
		-0.659946,
		-0.626686,
		0,
		0.466159,
		-0.437486,
		0.768962,
		0,
		0.460544,
		-0.53974,
		-0.681608,
		1,
	},
	[0.783333333333] = {
		-0.534485,
		-0.83956,
		0.09729,
		0,
		0.581791,
		-0.448973,
		-0.678191,
		0,
		0.613062,
		-0.30588,
		0.728417,
		0,
		0.593349,
		-0.458433,
		-0.811629,
		1,
	},
	[0.7] = {
		-0.878385,
		0.45821,
		0.135953,
		0,
		-0.47479,
		-0.803848,
		-0.358334,
		0,
		-0.054907,
		-0.379304,
		0.923641,
		0,
		-0.182973,
		-0.709401,
		-0.089522,
		1,
	},
	[0.816666666667] = {
		0.081554,
		-0.995696,
		0.044017,
		0,
		0.647641,
		0.019373,
		-0.761699,
		0,
		0.757568,
		0.090627,
		0.646434,
		0,
		0.759787,
		-0.288623,
		-1.021764,
		1,
	},
	[0.833333333333] = {
		0.361256,
		-0.932244,
		0.020355,
		0,
		0.560384,
		0.199605,
		-0.80382,
		0,
		0.745294,
		0.301792,
		0.594524,
		0,
		0.788996,
		-0.217575,
		-1.095795,
		1,
	},
	[0.85] = {
		0.584892,
		-0.811044,
		-0.010447,
		0,
		0.422195,
		0.315417,
		-0.849861,
		0,
		0.69257,
		0.492666,
		0.526903,
		0,
		0.783385,
		-0.163392,
		-1.144372,
		1,
	},
	[0.866666666667] = {
		0.659058,
		-0.752089,
		-0.001958,
		0,
		0.349115,
		0.308235,
		-0.884935,
		0,
		0.666154,
		0.58254,
		0.465711,
		0,
		0.77752,
		-0.136685,
		-1.176057,
		1,
	},
	[0.883333333333] = {
		0.727472,
		-0.686135,
		0.001594,
		0,
		0.273547,
		0.287894,
		-0.917763,
		0,
		0.629251,
		0.668083,
		0.397125,
		0,
		0.770293,
		-0.113272,
		-1.206529,
		1,
	},
	[0.8] = {
		-0.230638,
		-0.970607,
		0.068767,
		0,
		0.660434,
		-0.208051,
		-0.721486,
		0,
		0.714586,
		-0.120986,
		0.689006,
		0,
		0.694492,
		-0.371578,
		-0.926,
		1,
	},
	[0.916666666667] = {
		0.83733,
		-0.546651,
		-0.007153,
		0,
		0.129225,
		0.210619,
		-0.968989,
		0,
		0.531206,
		0.810439,
		0.246999,
		0,
		0.754031,
		-0.078538,
		-1.260301,
		1,
	},
	[0.933333333333] = {
		0.876686,
		-0.480736,
		-0.017709,
		0,
		0.067007,
		0.158484,
		-0.985085,
		0,
		0.476373,
		0.862424,
		0.171153,
		0,
		0.746163,
		-0.067653,
		-1.282098,
		1,
	},
	[0.95] = {
		0.906076,
		-0.422049,
		-0.030011,
		0,
		0.014545,
		0.101956,
		-0.994683,
		0,
		0.422865,
		0.900822,
		0.098518,
		0,
		0.739087,
		-0.061069,
		-1.299762,
		1,
	},
	[0.966666666667] = {
		0.926767,
		-0.373307,
		-0.041771,
		0,
		-0.026993,
		0.044729,
		-0.998634,
		0,
		0.374665,
		0.926629,
		0.031377,
		0,
		0.733066,
		-0.058687,
		-1.312935,
		1,
	},
	[0.983333333333] = {
		0.94031,
		-0.336533,
		-0.05062,
		0,
		-0.057276,
		-0.009873,
		-0.99831,
		0,
		0.335464,
		0.94162,
		-0.028559,
		0,
		0.728205,
		-0.060453,
		-1.321368,
		1,
	},
	[0.9] = {
		0.787438,
		-0.616393,
		-0.000284,
		0,
		0.199071,
		0.254748,
		-0.946295,
		0,
		0.583362,
		0.745092,
		0.323305,
		0,
		0.76226,
		-0.093777,
		-1.234884,
		1,
	},
	{
		0.948117,
		-0.313252,
		-0.054295,
		0,
		-0.076549,
		-0.059175,
		-0.995308,
		0,
		0.30857,
		0.947824,
		-0.080084,
		0,
		0.724484,
		-0.066416,
		-1.32487,
		1,
	},
}

return spline_matrices
