local spline_matrices = {
	[0] = {
		-0.683533,
		-0.407937,
		-0.605285,
		0,
		-0.516414,
		-0.315776,
		0.795992,
		0,
		-0.515848,
		0.856664,
		0.005179,
		0,
		-0.72764,
		0.907067,
		-0.991333,
		1
	},
	{
		-0.666259,
		-0.37921,
		-0.642105,
		0,
		-0.61488,
		-0.207823,
		0.760745,
		0,
		-0.421926,
		0.90167,
		-0.094704,
		0,
		-1.228808,
		0.911224,
		-1.162692,
		1
	},
	[0.0333333333333] = {
		-0.6838,
		-0.407014,
		-0.605605,
		0,
		-0.517532,
		-0.314544,
		0.795753,
		0,
		-0.514372,
		0.857556,
		0.004442,
		0,
		-0.725358,
		0.907899,
		-0.992243,
		1
	},
	[0.0666666666667] = {
		-0.181663,
		-0.885336,
		-0.427995,
		0,
		-0.825133,
		0.374,
		-0.423415,
		0,
		0.534934,
		0.276234,
		-0.798461,
		0,
		0.418311,
		0.848686,
		-1.771901,
		1
	},
	[0.133333333333] = {
		-0.440216,
		-0.765581,
		-0.469143,
		0,
		0.282853,
		0.37765,
		-0.881688,
		0,
		0.852176,
		-0.520832,
		0.050299,
		0,
		1.274965,
		-0.038358,
		-0.940318,
		1
	},
	[0.166666666667] = {
		-0.372428,
		-0.559331,
		-0.740572,
		0,
		0.735954,
		0.308148,
		-0.602841,
		0,
		0.565393,
		-0.769541,
		0.296879,
		0,
		1.383915,
		-0.529286,
		-0.497865,
		1
	},
	[0.1] = {
		-0.310451,
		-0.898952,
		-0.30904,
		0,
		-0.293392,
		0.399845,
		-0.868358,
		0,
		0.90418,
		-0.178913,
		-0.387877,
		0,
		0.937622,
		0.522944,
		-1.475952,
		1
	},
	[0.233333333333] = {
		-0.004013,
		-0.239352,
		-0.970925,
		0,
		0.752875,
		0.638302,
		-0.160466,
		0,
		0.658151,
		-0.731629,
		0.177641,
		0,
		1.425048,
		-0.514636,
		-0.422641,
		1
	},
	[0.266666666667] = {
		0.035319,
		-0.002275,
		-0.999373,
		0,
		0.304916,
		0.95234,
		0.008608,
		0,
		0.951724,
		-0.305029,
		0.03433,
		0,
		1.509722,
		-0.023108,
		-0.496103,
		1
	},
	[0.2] = {
		-0.177338,
		-0.404691,
		-0.897093,
		0,
		0.902895,
		0.295783,
		-0.311917,
		0,
		0.391575,
		-0.865296,
		0.31294,
		0,
		1.268795,
		-0.612843,
		-0.359241,
		1
	},
	[0.333333333333] = {
		-0.206267,
		0.129128,
		-0.969938,
		0,
		-0.555004,
		0.800937,
		0.224656,
		0,
		0.805869,
		0.584659,
		-0.09354,
		0,
		1.000286,
		1.35215,
		-0.39262,
		1
	},
	[0.366666666667] = {
		-0.39054,
		0.132481,
		-0.911004,
		0,
		-0.8606,
		0.298837,
		0.412389,
		0,
		0.326875,
		0.945064,
		-0.002695,
		0,
		0.127263,
		1.673024,
		-0.178197,
		1
	},
	[0.3] = {
		-0.062153,
		0.095335,
		-0.993503,
		0,
		-0.1271,
		0.986567,
		0.102621,
		0,
		0.989941,
		0.132653,
		-0.049201,
		0,
		1.35151,
		0.660666,
		-0.485397,
		1
	},
	[0.433333333333] = {
		-0.568042,
		0.664182,
		-0.485995,
		0,
		-0.794546,
		-0.596508,
		0.113468,
		0,
		-0.214537,
		0.4506,
		0.866564,
		0,
		-1.11658,
		1.209338,
		0.352417,
		1
	},
	[0.466666666667] = {
		-0.713806,
		0.570412,
		-0.406339,
		0,
		-0.439024,
		-0.816494,
		-0.374959,
		0,
		-0.545655,
		-0.089256,
		0.833243,
		0,
		-1.574457,
		0.611151,
		0.4137,
		1
	},
	[0.4] = {
		-0.312501,
		0.356995,
		-0.880283,
		0,
		-0.939222,
		-0.25479,
		0.230096,
		0,
		-0.142144,
		0.898686,
		0.41492,
		0,
		-0.724204,
		1.525308,
		0.172491,
		1
	},
	[0.533333333333] = {
		-0.696627,
		-0.48766,
		-0.526211,
		0,
		0.635623,
		-0.079381,
		-0.767908,
		0,
		0.332707,
		-0.869417,
		0.365266,
		0,
		-1.579386,
		-0.429733,
		-0.097238,
		1
	},
	[0.566666666667] = {
		-0.328657,
		-0.65735,
		-0.678142,
		0,
		0.557793,
		0.444323,
		-0.701031,
		0,
		0.762136,
		-0.608661,
		0.220635,
		0,
		-1.450331,
		-0.594099,
		-0.334559,
		1
	},
	[0.5] = {
		-0.91601,
		0.125626,
		-0.380977,
		0,
		0.179656,
		-0.720669,
		-0.669597,
		0,
		-0.358677,
		-0.681802,
		0.637571,
		0,
		-1.676386,
		0.063363,
		0.243842,
		1
	},
	[0.633333333333] = {
		-0.071228,
		-0.557374,
		-0.8272,
		0,
		0.182961,
		0.807935,
		-0.560148,
		0,
		0.980537,
		-0.191243,
		0.04443,
		0,
		-1.310339,
		-0.488177,
		-0.528687,
		1
	},
	[0.666666666667] = {
		-0.032013,
		-0.482052,
		-0.875558,
		0,
		-0.011105,
		0.876124,
		-0.481958,
		0,
		0.999426,
		-0.005706,
		-0.0334,
		0,
		-1.251353,
		-0.387685,
		-0.618035,
		1
	},
	[0.6] = {
		-0.164385,
		-0.624534,
		-0.763502,
		0,
		0.379048,
		0.674605,
		-0.633428,
		0,
		0.910659,
		-0.39353,
		0.125833,
		0,
		-1.375813,
		-0.560528,
		-0.435016,
		1
	},
	[0.733333333333] = {
		-0.069006,
		-0.343793,
		-0.936507,
		0,
		-0.375488,
		0.878663,
		-0.294891,
		0,
		0.924255,
		0.331298,
		-0.189724,
		0,
		-1.15064,
		-0.125478,
		-0.789712,
		1
	},
	[0.766666666667] = {
		-0.131229,
		-0.289632,
		-0.948099,
		0,
		-0.538899,
		0.823565,
		-0.176998,
		0,
		0.832086,
		0.487703,
		-0.264158,
		0,
		-1.112321,
		0.02727,
		-0.872622,
		1
	},
	[0.7] = {
		-0.033996,
		-0.409171,
		-0.911824,
		0,
		-0.198072,
		0.897013,
		-0.39514,
		0,
		0.979598,
		0.167174,
		-0.11154,
		0,
		-1.197821,
		-0.265256,
		-0.704772,
		1
	},
	[0.833333333333] = {
		-0.312476,
		-0.230328,
		-0.921579,
		0,
		-0.787269,
		0.605685,
		0.115559,
		0,
		0.53157,
		0.76164,
		-0.370593,
		0,
		-1.076126,
		0.350166,
		-1.02465,
		1
	},
	[0.866666666667] = {
		-0.41379,
		-0.231683,
		-0.880398,
		0,
		-0.847976,
		0.449952,
		0.280143,
		0,
		0.331233,
		0.862477,
		-0.382647,
		0,
		-1.083571,
		0.506136,
		-1.08643,
		1
	},
	[0.8] = {
		-0.214905,
		-0.250521,
		-0.943957,
		0,
		-0.680074,
		0.73208,
		-0.039462,
		0,
		0.700939,
		0.63348,
		-0.327701,
		0,
		-1.086343,
		0.187934,
		-0.951953,
		1
	},
	[0.933333333333] = {
		-0.582685,
		-0.292477,
		-0.758245,
		0,
		-0.807142,
		0.099353,
		0.581937,
		0,
		-0.094869,
		0.951097,
		-0.293962,
		0,
		-1.144051,
		0.765115,
		-1.160792,
		1
	},
	[0.966666666667] = {
		-0.635225,
		-0.337849,
		-0.694512,
		0,
		-0.72032,
		-0.065241,
		0.690567,
		0,
		-0.278618,
		0.938937,
		-0.201916,
		0,
		-1.186433,
		0.854141,
		-1.169969,
		1
	},
	[0.9] = {
		-0.507207,
		-0.254069,
		-0.823523,
		0,
		-0.85407,
		0.276074,
		0.440848,
		0,
		0.115348,
		0.926948,
		-0.357019,
		0,
		-1.107655,
		0.64715,
		-1.132827,
		1
	},
	[1.03333333333] = {
		-0.682008,
		-0.405895,
		-0.608371,
		0,
		-0.514143,
		-0.325498,
		0.793541,
		0,
		-0.520118,
		0.853991,
		0.013305,
		0,
		-1.267317,
		0.935606,
		-1.142745,
		1
	},
	[1.06666666667] = {
		-0.68313,
		-0.405066,
		-0.607664,
		0,
		-0.514689,
		-0.323269,
		0.794098,
		0,
		-0.518101,
		0.85523,
		0.012351,
		0,
		-1.265424,
		0.937124,
		-1.143598,
		1
	},
	[1.13333333333] = {
		-0.684662,
		-0.404191,
		-0.606521,
		0,
		-0.515602,
		-0.319579,
		0.794999,
		0,
		-0.515163,
		0.857029,
		0.010402,
		0,
		-1.262481,
		0.938687,
		-1.145567,
		1
	},
	[1.16666666667] = {
		-0.685008,
		-0.404219,
		-0.606111,
		0,
		-0.515943,
		-0.318218,
		0.795324,
		0,
		-0.514361,
		0.857522,
		0.009428,
		0,
		-1.261542,
		0.938603,
		-1.146671,
		1
	},
	[1.1] = {
		-0.684025,
		-0.404486,
		-0.607043,
		0,
		-0.51518,
		-0.321279,
		0.794588,
		0,
		-0.51643,
		0.856254,
		0.01138,
		0,
		-1.263794,
		0.938172,
		-1.144541,
		1
	},
	[1.23333333333] = {
		-0.684859,
		-0.405257,
		-0.605586,
		0,
		-0.516288,
		-0.316606,
		0.795743,
		0,
		-0.514213,
		0.857629,
		0.007601,
		0,
		-1.260959,
		0.936631,
		-1.148922,
		1
	},
	[1.26666666667] = {
		-0.684556,
		-0.405986,
		-0.60544,
		0,
		-0.516363,
		-0.316185,
		0.795862,
		0,
		-0.51454,
		0.857439,
		0.00681,
		0,
		-1.261032,
		0.935261,
		-1.149957,
		1
	},
	[1.2] = {
		-0.68505,
		-0.404607,
		-0.605805,
		0,
		-0.516166,
		-0.317244,
		0.795568,
		0,
		-0.514081,
		0.8577,
		0.008484,
		0,
		-1.261062,
		0.937857,
		-1.147808,
		1
	},
	[1.33333333333] = {
		-0.683876,
		-0.407331,
		-0.605305,
		0,
		-0.516416,
		-0.315817,
		0.795974,
		0,
		-0.515391,
		0.856937,
		0.005627,
		0,
		-1.261428,
		0.932743,
		-1.151568,
		1
	},
	[1.36666666667] = {
		-0.68363,
		-0.407771,
		-0.605288,
		0,
		-0.516416,
		-0.315778,
		0.795989,
		0,
		-0.515718,
		0.856742,
		0.005296,
		0,
		-1.261608,
		0.931922,
		-1.152034,
		1
	},
	[1.3] = {
		-0.684207,
		-0.406707,
		-0.605351,
		0,
		-0.516402,
		-0.315938,
		0.795935,
		0,
		-0.514966,
		0.857189,
		0.006142,
		0,
		-1.261212,
		0.93391,
		-1.150857,
		1
	},
	[1.4] = {
		-0.683533,
		-0.407937,
		-0.605285,
		0,
		-0.516414,
		-0.315776,
		0.795992,
		0,
		-0.515848,
		0.856664,
		0.005179,
		0,
		-1.261684,
		0.931612,
		-1.152201,
		1
	}
}

return spline_matrices
