-- chunkname: @content/characters/player/human/first_person/animations/combat_sword/attack_special_heavy_right_diagonal_down.lua

local spline_matrices = {
	[0.0166666666667] = {
		-0.621175,
		0.075593,
		-0.780018,
		0,
		0.664229,
		-0.477398,
		-0.575231,
		0,
		-0.415862,
		-0.875429,
		0.246337,
		0,
		-0.386314,
		0.24459,
		0.023478,
		1,
	},
	[0.0333333333333] = {
		-0.600375,
		0.035857,
		-0.798915,
		0,
		0.629037,
		-0.595703,
		-0.49945,
		0,
		-0.493824,
		-0.802404,
		0.33509,
		0,
		-0.400911,
		0.273558,
		0.040716,
		1,
	},
	[0.05] = {
		-0.594502,
		0.034302,
		-0.803362,
		0,
		0.613782,
		-0.626073,
		-0.480941,
		0,
		-0.519461,
		-0.779009,
		0.351148,
		0,
		-0.404978,
		0.302343,
		0.053054,
		1,
	},
	[0.0666666666667] = {
		-0.591004,
		0.050422,
		-0.805091,
		0,
		0.608548,
		-0.627266,
		-0.48601,
		0,
		-0.529512,
		-0.777171,
		0.340033,
		0,
		-0.404254,
		0.334048,
		0.065806,
		1,
	},
	[0.0833333333333] = {
		-0.588177,
		0.076297,
		-0.805125,
		0,
		0.605849,
		-0.617895,
		-0.501152,
		0,
		-0.535719,
		-0.78255,
		0.317207,
		0,
		-0.397772,
		0.368403,
		0.078463,
		1,
	},
	[0] = {
		-0.635785,
		0.124497,
		-0.76176,
		0,
		0.668809,
		-0.403814,
		-0.624202,
		0,
		-0.385321,
		-0.90633,
		0.173474,
		0,
		-0.360032,
		0.229267,
		-0.006203,
		1,
	},
	[0.116666666667] = {
		-0.577501,
		0.12811,
		-0.806275,
		0,
		0.573335,
		-0.639437,
		-0.512257,
		0,
		-0.581187,
		-0.758095,
		0.295825,
		0,
		-0.365361,
		0.444631,
		0.101248,
		1,
	},
	[0.133333333333] = {
		-0.566771,
		0.141373,
		-0.811655,
		0,
		0.521958,
		-0.700618,
		-0.486512,
		0,
		-0.63744,
		-0.699391,
		0.3233,
		0,
		-0.34545,
		0.486868,
		0.110525,
		1,
	},
	[0.15] = {
		-0.553937,
		0.130829,
		-0.822215,
		0,
		0.432164,
		-0.798923,
		-0.418278,
		0,
		-0.711609,
		-0.587031,
		0.386013,
		0,
		-0.323475,
		0.562136,
		0.116254,
		1,
	},
	[0.166666666667] = {
		-0.53439,
		0.124487,
		-0.836021,
		0,
		0.230731,
		-0.930045,
		-0.285972,
		0,
		-0.813137,
		-0.345716,
		0.468283,
		0,
		-0.272638,
		0.657133,
		0.11689,
		1,
	},
	[0.183333333333] = {
		-0.487516,
		0.134481,
		-0.862696,
		0,
		-0.263506,
		-0.964657,
		-0.001465,
		0,
		-0.832402,
		0.226611,
		0.505722,
		0,
		-0.151277,
		0.748606,
		0.046325,
		1,
	},
	[0.1] = {
		-0.584155,
		0.104392,
		-0.804901,
		0,
		0.597155,
		-0.616364,
		-0.513324,
		0,
		-0.549699,
		-0.780511,
		0.297714,
		0,
		-0.383747,
		0.405195,
		0.090471,
		1,
	},
	[0.216666666667] = {
		-0.3565,
		0.099733,
		-0.928957,
		0,
		-0.898829,
		-0.30796,
		0.311875,
		0,
		-0.254977,
		0.946157,
		0.199431,
		0,
		0.137915,
		0.72161,
		-0.156481,
		1,
	},
	[0.233333333333] = {
		-0.307248,
		0.056651,
		-0.949942,
		0,
		-0.950223,
		0.035995,
		0.309486,
		0,
		0.051726,
		0.997745,
		0.042772,
		0,
		0.259389,
		0.642398,
		-0.235869,
		1,
	},
	[0.25] = {
		-0.349176,
		0.0199,
		-0.936846,
		0,
		-0.848456,
		0.417647,
		0.325104,
		0,
		0.397741,
		0.908391,
		-0.128948,
		0,
		0.375145,
		0.520788,
		-0.319787,
		1,
	},
	[0.266666666667] = {
		-0.394532,
		-0.00368,
		-0.918875,
		0,
		-0.686262,
		0.666174,
		0.291988,
		0,
		0.611056,
		0.745787,
		-0.265352,
		0,
		0.477642,
		0.390433,
		-0.368789,
		1,
	},
	[0.283333333333] = {
		-0.33667,
		-0.091918,
		-0.937126,
		0,
		-0.706123,
		0.683037,
		0.186684,
		0,
		0.622932,
		0.724577,
		-0.294863,
		0,
		0.621022,
		0.281204,
		-0.372288,
		1,
	},
	[0.2] = {
		-0.426175,
		0.122056,
		-0.896369,
		0,
		-0.71616,
		-0.650907,
		0.251863,
		0,
		-0.552712,
		0.749281,
		0.364812,
		0,
		0.00532,
		0.788406,
		-0.070506,
		1,
	},
	[0.316666666667] = {
		-0.321024,
		-0.149248,
		-0.935237,
		0,
		-0.792294,
		0.583332,
		0.178868,
		0,
		0.518858,
		0.798404,
		-0.305512,
		0,
		0.698029,
		0.094098,
		-0.377866,
		1,
	},
	[0.333333333333] = {
		-0.422612,
		-0.095514,
		-0.901264,
		0,
		-0.78553,
		0.534596,
		0.311688,
		0,
		0.452042,
		0.839693,
		-0.300956,
		0,
		0.680558,
		0.047672,
		-0.387248,
		1,
	},
	[0.35] = {
		-0.513073,
		-0.05223,
		-0.856754,
		0,
		-0.762977,
		0.485018,
		0.427346,
		0,
		0.393221,
		0.872943,
		-0.2887,
		0,
		0.585298,
		0.052552,
		-0.391883,
		1,
	},
	[0.366666666667] = {
		-0.534072,
		-0.056531,
		-0.843547,
		0,
		-0.762452,
		0.463305,
		0.45168,
		0,
		0.365285,
		0.884394,
		-0.290541,
		0,
		0.514466,
		0.05563,
		-0.393491,
		1,
	},
	[0.383333333333] = {
		-0.403119,
		-0.15699,
		-0.901581,
		0,
		-0.819949,
		0.499482,
		0.279645,
		0,
		0.406422,
		0.851981,
		-0.330075,
		0,
		0.524218,
		0.05586,
		-0.388727,
		1,
	},
	[0.3] = {
		-0.273127,
		-0.16451,
		-0.947807,
		0,
		-0.775782,
		0.620266,
		0.115896,
		0,
		0.568827,
		0.766946,
		-0.297035,
		0,
		0.699466,
		0.185063,
		-0.371183,
		1,
	},
	[0.416666666667] = {
		-0.237835,
		-0.292581,
		-0.926191,
		0,
		-0.845364,
		0.531935,
		0.049043,
		0,
		0.478324,
		0.794633,
		-0.37385,
		0,
		0.550499,
		0.061609,
		-0.390096,
		1,
	},
	[0.433333333333] = {
		-0.236121,
		-0.308327,
		-0.92151,
		0,
		-0.841332,
		0.539377,
		0.035107,
		0,
		0.486217,
		0.783586,
		-0.386763,
		0,
		0.563796,
		0.066418,
		-0.39824,
		1,
	},
	[0.45] = {
		-0.256079,
		-0.310388,
		-0.915469,
		0,
		-0.83516,
		0.547922,
		0.047843,
		0,
		0.486756,
		0.776814,
		-0.399535,
		0,
		0.576423,
		0.071106,
		-0.409022,
		1,
	},
	[0.466666666667] = {
		-0.294827,
		-0.300462,
		-0.907083,
		0,
		-0.826294,
		0.556927,
		0.084092,
		0,
		0.479912,
		0.77431,
		-0.412467,
		0,
		0.586714,
		0.075547,
		-0.422129,
		1,
	},
	[0.483333333333] = {
		-0.349557,
		-0.280057,
		-0.894079,
		0,
		-0.812715,
		0.565436,
		0.140632,
		0,
		0.46616,
		0.77579,
		-0.425258,
		0,
		0.592966,
		0.07935,
		-0.437226,
		1,
	},
	[0.4] = {
		-0.264049,
		-0.261293,
		-0.928442,
		0,
		-0.846086,
		0.524887,
		0.092907,
		0,
		0.463051,
		0.810074,
		-0.359672,
		0,
		0.538085,
		0.056985,
		-0.38485,
		1,
	},
	[0.516666666667] = {
		-0.493579,
		-0.21411,
		-0.842933,
		0,
		-0.761122,
		0.575295,
		0.299547,
		0,
		0.420799,
		0.789426,
		-0.446917,
		0,
		0.584848,
		0.084146,
		-0.471755,
		1,
	},
	[0.533333333333] = {
		-0.574658,
		-0.171674,
		-0.800185,
		0,
		-0.718732,
		0.573476,
		0.393127,
		0,
		0.391397,
		0.801033,
		-0.45294,
		0,
		0.565845,
		0.085991,
		-0.490129,
		1,
	},
	[0.55] = {
		-0.655547,
		-0.126036,
		-0.744563,
		0,
		-0.664078,
		0.565633,
		0.488937,
		0,
		0.359526,
		0.814969,
		-0.454496,
		0,
		0.537833,
		0.087749,
		-0.508523,
		1,
	},
	[0.566666666667] = {
		-0.731652,
		-0.07992,
		-0.676977,
		0,
		-0.598161,
		0.551569,
		0.581356,
		0,
		0.326937,
		0.830292,
		-0.451362,
		0,
		0.502297,
		0.089446,
		-0.526448,
		1,
	},
	[0.583333333333] = {
		-0.799173,
		-0.035915,
		-0.600028,
		0,
		-0.523552,
		0.532018,
		0.66547,
		0,
		0.295325,
		0.845971,
		-0.443978,
		0,
		0.460798,
		0.091053,
		-0.543495,
		1,
	},
	[0.5] = {
		-0.417074,
		-0.250804,
		-0.873583,
		0,
		-0.791836,
		0.572089,
		0.2138,
		0,
		0.446145,
		0.780904,
		-0.437199,
		0,
		0.593453,
		0.082131,
		-0.453932,
		1,
	},
	[0.616666666667] = {
		-0.899971,
		0.037947,
		-0.434295,
		0,
		-0.363834,
		0.483417,
		0.796199,
		0,
		0.240159,
		0.874567,
		-0.421255,
		0,
		0.366302,
		0.093678,
		-0.573918,
		1,
	},
	[0.633333333333] = {
		-0.932698,
		0.06564,
		-0.354635,
		0,
		-0.287337,
		0.45904,
		0.840666,
		0,
		0.217972,
		0.885987,
		-0.409285,
		0,
		0.316448,
		0.094494,
		-0.587059,
		1,
	},
	[0.65] = {
		-0.955265,
		0.086803,
		-0.282727,
		0,
		-0.21832,
		0.437928,
		0.872099,
		0,
		0.199515,
		0.89481,
		-0.399386,
		0,
		0.266864,
		0.094853,
		-0.598796,
		1,
	},
	[0.666666666667] = {
		-0.969732,
		0.101666,
		-0.221998,
		0,
		-0.159958,
		0.422415,
		0.892177,
		0,
		0.184479,
		0.900683,
		-0.393367,
		0,
		0.218983,
		0.094671,
		-0.609154,
		1,
	},
	[0.683333333333] = {
		-0.979442,
		0.112798,
		-0.167241,
		0,
		-0.107357,
		0.410425,
		0.905553,
		0,
		0.170785,
		0.904891,
		-0.389877,
		0,
		0.173685,
		0.094231,
		-0.618575,
		1,
	},
	[0.6] = {
		-0.855606,
		0.003855,
		-0.517614,
		0,
		-0.444001,
		0.50857,
		0.737713,
		0,
		0.266087,
		0.861012,
		-0.433424,
		0,
		0.414935,
		0.092497,
		-0.559374,
		1,
	},
	[0.716666666667] = {
		-0.989779,
		0.131241,
		-0.055793,
		0,
		-0.000728,
		0.386575,
		0.922258,
		0,
		0.142606,
		0.912872,
		-0.382528,
		0,
		0.094668,
		0.093716,
		-0.635567,
		1,
	},
	[0.733333333333] = {
		-0.990328,
		0.138743,
		-0.000362,
		0,
		0.052179,
		0.374863,
		0.925611,
		0,
		0.128557,
		0.91664,
		-0.378477,
		0,
		0.063625,
		0.093692,
		-0.642941,
		1,
	},
	[0.75] = {
		-0.987928,
		0.145227,
		0.053916,
		0,
		0.103949,
		0.363423,
		0.925807,
		0,
		0.114858,
		0.920235,
		-0.374132,
		0,
		0.038984,
		0.093815,
		-0.649465,
		1,
	},
	[0.766666666667] = {
		-0.982836,
		0.150802,
		0.106263,
		0,
		0.153874,
		0.352375,
		0.923122,
		0,
		0.101764,
		0.923629,
		-0.369531,
		0,
		0.0197,
		0.094032,
		-0.655098,
		1,
	},
	[0.783333333333] = {
		-0.975445,
		0.155589,
		0.155879,
		0,
		0.201219,
		0.341849,
		0.91796,
		0,
		0.089537,
		0.926785,
		-0.364763,
		0,
		0.005078,
		0.094305,
		-0.659806,
		1,
	},
	[0.7] = {
		-0.986154,
		0.122624,
		-0.111642,
		0,
		-0.054107,
		0.398457,
		0.91559,
		0,
		0.156758,
		0.908953,
		-0.386305,
		0,
		0.131802,
		0.093902,
		-0.627414,
		1,
	},
	[0.816666666667] = {
		-0.955924,
		0.16336,
		0.243974,
		0,
		0.285485,
		0.32294,
		0.902335,
		0,
		0.068616,
		0.932214,
		-0.355343,
		0,
		-0.013126,
		0.0949,
		-0.666358,
		1,
	},
	[0.833333333333] = {
		-0.945142,
		0.166664,
		0.280945,
		0,
		0.321026,
		0.314855,
		0.893201,
		0,
		0.060407,
		0.934393,
		-0.351086,
		0,
		-0.018121,
		0.095175,
		-0.668181,
		1,
	},
	[0.85] = {
		-0.934713,
		0.169809,
		0.312214,
		0,
		0.351275,
		0.307883,
		0.884202,
		0,
		0.05402,
		0.936148,
		-0.347432,
		0,
		-0.021292,
		0.095418,
		-0.669029,
		1,
	},
	[0.866666666667] = {
		-0.925445,
		0.172968,
		0.337096,
		0,
		0.375611,
		0.302178,
		0.876131,
		0,
		0.04968,
		0.937428,
		-0.344618,
		0,
		-0.023325,
		0.095619,
		-0.668903,
		1,
	},
	[0.883333333333] = {
		-0.917994,
		0.176143,
		0.355331,
		0,
		0.393767,
		0.298042,
		0.869551,
		0,
		0.047262,
		0.93816,
		-0.34296,
		0,
		-0.02478,
		0.095825,
		-0.668355,
		1,
	},
	[0.8] = {
		-0.966268,
		0.159724,
		0.202028,
		0,
		0.245314,
		0.331989,
		0.910826,
		0,
		0.07841,
		0.929662,
		-0.359972,
		0,
		-0.00562,
		0.094603,
		-0.663564,
		1,
	},
	[0.916666666667] = {
		-0.908971,
		0.182333,
		0.374868,
		0,
		0.414245,
		0.294535,
		0.861191,
		0,
		0.046612,
		0.938085,
		-0.343254,
		0,
		-0.026442,
		0.096366,
		-0.667672,
		1,
	},
	[0.933333333333] = {
		-0.907183,
		0.185357,
		0.377706,
		0,
		0.417997,
		0.294792,
		0.859288,
		0,
		0.04793,
		0.937412,
		-0.344909,
		0,
		-0.026758,
		0.096681,
		-0.667522,
		1,
	},
	[0.95] = {
		-0.906925,
		0.188302,
		0.376867,
		0,
		0.418303,
		0.296133,
		0.858678,
		0,
		0.050088,
		0.936401,
		-0.347338,
		0,
		-0.026796,
		0.097013,
		-0.667481,
		1,
	},
	[0.966666666667] = {
		-0.907923,
		0.191129,
		0.373023,
		0,
		0.415785,
		0.298356,
		0.859131,
		0,
		0.052911,
		0.935122,
		-0.350353,
		0,
		-0.026603,
		0.097352,
		-0.66753,
		1,
	},
	[0.983333333333] = {
		-0.909878,
		0.193794,
		0.366832,
		0,
		0.411048,
		0.301252,
		0.860399,
		0,
		0.056231,
		0.933644,
		-0.353761,
		0,
		-0.026222,
		0.097689,
		-0.66765,
		1,
	},
	[0.9] = {
		-0.912521,
		0.179258,
		0.367656,
		0,
		0.406398,
		0.295555,
		0.864574,
		0,
		0.046319,
		0.938357,
		-0.34255,
		0,
		-0.0258,
		0.096077,
		-0.667946,
		1,
	},
	[1.01666666667] = {
		-0.915462,
		0.198493,
		0.350043,
		0,
		0.397332,
		0.308186,
		0.864378,
		0,
		0.063695,
		0.930388,
		-0.361,
		0,
		-0.025082,
		0.098326,
		-0.668019,
		1,
	},
	[1.03333333333] = {
		-0.918519,
		0.200475,
		0.340782,
		0,
		0.389573,
		0.311765,
		0.866623,
		0,
		0.067492,
		0.928769,
		-0.364462,
		0,
		-0.024413,
		0.098612,
		-0.66823,
		1,
	},
	[1.05] = {
		-0.921406,
		0.202195,
		0.331856,
		0,
		0.382043,
		0.315103,
		0.868765,
		0,
		0.071092,
		0.927269,
		-0.367585,
		0,
		-0.023742,
		0.098867,
		-0.668434,
		1,
	},
	[1.06666666667] = {
		-0.92389,
		0.203657,
		0.323963,
		0,
		0.375376,
		0.317957,
		0.87063,
		0,
		0.074303,
		0.925974,
		-0.370205,
		0,
		-0.023118,
		0.099087,
		-0.668617,
		1,
	},
	[1.08333333333] = {
		-0.925756,
		0.204868,
		0.317813,
		0,
		0.370213,
		0.320083,
		0.87206,
		0,
		0.076931,
		0.924974,
		-0.372163,
		0,
		-0.02259,
		0.099266,
		-0.668763,
		1,
	},
	{
		-0.912489,
		0.196259,
		0.358951,
		0,
		0.404695,
		0.304604,
		0.862229,
		0,
		0.059882,
		0.93204,
		-0.357373,
		0,
		-0.0257,
		0.098016,
		-0.66782,
		1,
	},
	[1.1] = {
		-0.926746,
		0.205973,
		0.314193,
		0,
		0.367327,
		0.321311,
		0.872829,
		0,
		0.078825,
		0.924302,
		-0.373433,
		0,
		-0.022272,
		0.099316,
		-0.668871,
		1,
	},
}

return spline_matrices
