local spline_matrices = {
	[0] = {
		-0.210001,
		0.279507,
		0.936897,
		0,
		-0.891137,
		0.339496,
		-0.301027,
		0,
		-0.402212,
		-0.898119,
		0.177785,
		0,
		-0.378127,
		0.252129,
		-0.118678,
		1
	},
	{
		0.669145,
		-0.13326,
		-0.731085,
		0,
		-0.696928,
		0.228946,
		-0.679614,
		0,
		0.257944,
		0.964275,
		0.060325,
		0,
		-0.059891,
		-0.05179,
		-0.655236,
		1
	},
	[0.0166666666667] = {
		-0.185263,
		0.263626,
		0.946667,
		0,
		-0.904214,
		0.331498,
		-0.26927,
		0,
		-0.384805,
		-0.905876,
		0.17696,
		0,
		-0.381036,
		0.248306,
		-0.117919,
		1
	},
	[0.0333333333333] = {
		-0.060002,
		0.246205,
		0.967359,
		0,
		-0.934874,
		0.325813,
		-0.140911,
		0,
		-0.349871,
		-0.912814,
		0.210621,
		0,
		-0.387428,
		0.24385,
		-0.110848,
		1
	},
	[0.05] = {
		0.116131,
		0.227628,
		0.966798,
		0,
		-0.947331,
		0.31788,
		0.038949,
		0,
		-0.29846,
		-0.920401,
		0.252555,
		0,
		-0.393792,
		0.238512,
		-0.100844,
		1
	},
	[0.0666666666667] = {
		0.275816,
		0.209193,
		0.93817,
		0,
		-0.929988,
		0.304823,
		0.205441,
		0,
		-0.242999,
		-0.929151,
		0.278622,
		0,
		-0.39856,
		0.232202,
		-0.093106,
		1
	},
	[0.0833333333333] = {
		0.348566,
		0.191579,
		0.917496,
		0,
		-0.914006,
		0.286285,
		0.287462,
		0,
		-0.207594,
		-0.938796,
		0.274894,
		0,
		-0.403745,
		0.225068,
		-0.09361,
		1
	},
	[0.116666666667] = {
		-0.042955,
		0.146798,
		0.988233,
		0,
		-0.965298,
		0.248936,
		-0.078937,
		0,
		-0.257594,
		-0.95733,
		0.131011,
		0,
		-0.419113,
		0.210433,
		-0.142358,
		1
	},
	[0.133333333333] = {
		-0.556916,
		0.118634,
		0.822052,
		0,
		-0.783755,
		0.252525,
		-0.567414,
		0,
		-0.274903,
		-0.96029,
		-0.047656,
		0,
		-0.40738,
		0.205031,
		-0.191425,
		1
	},
	[0.15] = {
		-0.596507,
		0.090113,
		0.797533,
		0,
		-0.762351,
		0.247137,
		-0.598117,
		0,
		-0.250998,
		-0.964781,
		-0.078721,
		0,
		-0.413132,
		0.198986,
		-0.203285,
		1
	},
	[0.166666666667] = {
		-0.633291,
		0.061224,
		0.771488,
		0,
		-0.73996,
		0.244131,
		-0.626785,
		0,
		-0.226718,
		-0.967808,
		-0.109303,
		0,
		-0.41897,
		0.193329,
		-0.215205,
		1
	},
	[0.183333333333] = {
		-0.667257,
		0.032968,
		0.744098,
		0,
		-0.716795,
		0.243078,
		-0.653543,
		0,
		-0.20242,
		-0.969446,
		-0.138565,
		0,
		-0.424768,
		0.188073,
		-0.227068,
		1
	},
	[0.1] = {
		0.26814,
		0.17237,
		0.947834,
		0,
		-0.939392,
		0.264969,
		0.217565,
		0,
		-0.213645,
		-0.948726,
		0.232971,
		0,
		-0.412041,
		0.217536,
		-0.108099,
		1
	},
	[0.216666666667] = {
		-0.722764,
		-0.015228,
		0.690927,
		0,
		-0.671965,
		0.249087,
		-0.697438,
		0,
		-0.16148,
		-0.968361,
		-0.190263,
		0,
		-0.436153,
		0.179033,
		-0.249835,
		1
	},
	[0.233333333333] = {
		-0.74494,
		-0.033602,
		0.666285,
		0,
		-0.650867,
		0.255795,
		-0.714802,
		0,
		-0.146414,
		-0.966147,
		-0.212422,
		0,
		-0.441491,
		0.174284,
		-0.260997,
		1
	},
	[0.25] = {
		-0.762861,
		-0.046304,
		0.644903,
		0,
		-0.631691,
		0.266078,
		-0.728127,
		0,
		-0.13788,
		-0.962839,
		-0.23223,
		0,
		-0.446494,
		0.168873,
		-0.272035,
		1
	},
	[0.266666666667] = {
		-0.779064,
		-0.054218,
		0.624596,
		0,
		-0.612741,
		0.276707,
		-0.740257,
		0,
		-0.132695,
		-0.959423,
		-0.248795,
		0,
		-0.450731,
		0.163542,
		-0.282367,
		1
	},
	[0.283333333333] = {
		-0.793643,
		-0.056661,
		0.60574,
		0,
		-0.594044,
		0.287072,
		-0.751466,
		0,
		-0.131312,
		-0.956232,
		-0.261492,
		0,
		-0.454007,
		0.159222,
		-0.291228,
		1
	},
	[0.2] = {
		-0.696892,
		0.00729,
		0.717139,
		0,
		-0.694084,
		0.244846,
		-0.676977,
		0,
		-0.180524,
		-0.969535,
		-0.165572,
		0,
		-0.430542,
		0.183312,
		-0.238644,
		1
	},
	[0.316666666667] = {
		-0.803405,
		-0.039712,
		0.594108,
		0,
		-0.572499,
		0.325774,
		-0.752407,
		0,
		-0.163665,
		-0.944613,
		-0.284463,
		0,
		-0.461376,
		0.160399,
		-0.3002,
		1
	},
	[0.333333333333] = {
		-0.800635,
		-0.018196,
		0.598877,
		0,
		-0.566421,
		0.348839,
		-0.746645,
		0,
		-0.195326,
		-0.937006,
		-0.289599,
		0,
		-0.458873,
		0.16764,
		-0.298752,
		1
	},
	[0.35] = {
		-0.781924,
		0.020946,
		0.623022,
		0,
		-0.57034,
		0.379358,
		-0.72856,
		0,
		-0.251609,
		-0.925013,
		-0.284683,
		0,
		-0.427811,
		0.191251,
		-0.290803,
		1
	},
	[0.366666666667] = {
		-0.743378,
		0.075173,
		0.664634,
		0,
		-0.584387,
		0.410407,
		-0.700042,
		0,
		-0.325394,
		-0.908799,
		-0.261157,
		0,
		-0.370298,
		0.235024,
		-0.275712,
		1
	},
	[0.383333333333] = {
		-0.684693,
		0.129859,
		0.71717,
		0,
		-0.603685,
		0.450285,
		-0.657881,
		0,
		-0.408363,
		-0.883391,
		-0.229913,
		0,
		-0.304979,
		0.289956,
		-0.255618,
		1
	},
	[0.3] = {
		-0.800824,
		-0.051488,
		0.596682,
		0,
		-0.581573,
		0.304772,
		-0.754246,
		0,
		-0.143017,
		-0.951033,
		-0.274013,
		0,
		-0.456775,
		0.157805,
		-0.297371,
		1
	},
	[0.416666666667] = {
		-0.539442,
		0.209829,
		0.815459,
		0,
		-0.584795,
		0.603422,
		-0.542123,
		0,
		-0.605819,
		-0.76932,
		-0.202805,
		0,
		-0.222334,
		0.399339,
		-0.213805,
		1
	},
	[0.433333333333] = {
		-0.474529,
		0.220905,
		0.85207,
		0,
		-0.502351,
		0.726918,
		-0.468224,
		0,
		-0.722818,
		-0.650224,
		-0.233971,
		0,
		-0.210407,
		0.442329,
		-0.197748,
		1
	},
	[0.45] = {
		-0.412534,
		0.209283,
		0.886576,
		0,
		-0.342346,
		0.866288,
		-0.363792,
		0,
		-0.844165,
		-0.453592,
		-0.285726,
		0,
		-0.191977,
		0.481918,
		-0.184734,
		1
	},
	[0.466666666667] = {
		-0.423305,
		0.189809,
		0.885881,
		0,
		-0.102413,
		0.961515,
		-0.254951,
		0,
		-0.90018,
		-0.198648,
		-0.387576,
		0,
		-0.159143,
		0.516895,
		-0.172497,
		1
	},
	[0.483333333333] = {
		-0.343288,
		0.109649,
		0.932808,
		0,
		0.132215,
		0.988914,
		-0.067587,
		0,
		-0.929878,
		0.100129,
		-0.35398,
		0,
		-0.117112,
		0.549816,
		-0.145388,
		1
	},
	[0.4] = {
		-0.613777,
		0.176877,
		0.76941,
		0,
		-0.610399,
		0.51176,
		-0.604577,
		0,
		-0.500689,
		-0.840723,
		-0.206141,
		0,
		-0.249629,
		0.347583,
		-0.233836,
		1
	},
	[0.516666666667] = {
		-0.386566,
		0.01593,
		0.922124,
		0,
		0.643177,
		0.72124,
		0.257168,
		0,
		-0.660976,
		0.692502,
		-0.289053,
		0,
		0.021273,
		0.607459,
		-0.029094,
		1
	},
	[0.533333333333] = {
		-0.406146,
		0.060906,
		0.911776,
		0,
		0.846295,
		0.401463,
		0.35016,
		0,
		-0.344718,
		0.913848,
		-0.214597,
		0,
		0.134538,
		0.617233,
		0.044775,
		1
	},
	[0.55] = {
		-0.32989,
		0.007421,
		0.94399,
		0,
		0.936538,
		0.128221,
		0.326277,
		0,
		-0.118618,
		0.991718,
		-0.049249,
		0,
		0.256929,
		0.60386,
		0.097962,
		1
	},
	[0.566666666667] = {
		-0.22233,
		-0.078401,
		0.971814,
		0,
		0.972288,
		-0.091738,
		0.215037,
		0,
		0.072293,
		0.992692,
		0.096624,
		0,
		0.375008,
		0.560566,
		0.129306,
		1
	},
	[0.583333333333] = {
		-0.116425,
		-0.155882,
		0.980891,
		0,
		0.963381,
		-0.257906,
		0.07336,
		0,
		0.241542,
		0.953512,
		0.1802,
		0,
		0.490548,
		0.494829,
		0.141198,
		1
	},
	[0.5] = {
		-0.35944,
		0.06981,
		0.930553,
		0,
		0.393662,
		0.915466,
		0.08338,
		0,
		-0.846069,
		0.396294,
		-0.356537,
		0,
		-0.058971,
		0.579545,
		-0.103041,
		1
	},
	[0.616666666667] = {
		0.087638,
		-0.353592,
		0.931285,
		0,
		0.869457,
		-0.429119,
		-0.244749,
		0,
		0.486173,
		0.831162,
		0.269826,
		0,
		0.469725,
		0.180919,
		0.036591,
		1
	},
	[0.633333333333] = {
		0.121785,
		-0.426174,
		0.896406,
		0,
		0.829025,
		-0.452939,
		-0.32797,
		0,
		0.545789,
		0.783085,
		0.298148,
		0,
		0.529831,
		0.090622,
		-0.00173,
		1
	},
	[0.65] = {
		0.157487,
		-0.483776,
		0.860906,
		0,
		0.794438,
		-0.45576,
		-0.401437,
		0,
		0.586572,
		0.747157,
		0.312553,
		0,
		0.583079,
		0.00637,
		-0.048217,
		1
	},
	[0.666666666667] = {
		0.198774,
		-0.534189,
		0.821663,
		0,
		0.732504,
		-0.47601,
		-0.486674,
		0,
		0.651096,
		0.69861,
		0.296677,
		0,
		0.620285,
		-0.032753,
		-0.0931,
		1
	},
	[0.683333333333] = {
		0.251592,
		-0.580834,
		0.774166,
		0,
		0.675388,
		-0.467567,
		-0.570292,
		0,
		0.693219,
		0.666343,
		0.274652,
		0,
		0.654328,
		-0.039022,
		-0.128079,
		1
	},
	[0.6] = {
		-0.03054,
		-0.267662,
		0.963029,
		0,
		0.928369,
		-0.364638,
		-0.071906,
		0,
		0.370404,
		0.89185,
		0.259625,
		0,
		0.516573,
		0.339809,
		0.093182,
		1
	},
	[0.716666666667] = {
		0.385907,
		-0.653892,
		0.65077,
		0,
		0.566905,
		-0.388423,
		-0.726461,
		0,
		0.727801,
		0.649271,
		0.220799,
		0,
		0.715192,
		-0.047265,
		-0.193087,
		1
	},
	[0.733333333333] = {
		0.462238,
		-0.675556,
		0.574422,
		0,
		0.508616,
		-0.328653,
		-0.7958,
		0,
		0.726393,
		0.660009,
		0.191682,
		0,
		0.680185,
		-0.053447,
		-0.235108,
		1
	},
	[0.75] = {
		0.539858,
		-0.68507,
		0.489114,
		0,
		0.44312,
		-0.26274,
		-0.857095,
		0,
		0.71568,
		0.679446,
		0.161727,
		0,
		0.630375,
		-0.057985,
		-0.277686,
		1
	},
	[0.766666666667] = {
		0.614206,
		-0.68223,
		0.396628,
		0,
		0.368617,
		-0.196372,
		-0.908603,
		0,
		0.697763,
		0.704273,
		0.130869,
		0,
		0.57608,
		-0.062274,
		-0.319886,
		1
	},
	[0.783333333333] = {
		0.680892,
		-0.66842,
		0.299333,
		0,
		0.284525,
		-0.135188,
		-0.949089,
		0,
		0.674857,
		0.731395,
		0.098133,
		0,
		0.517764,
		-0.067445,
		-0.360982,
		1
	},
	[0.7] = {
		0.31468,
		-0.621562,
		0.717382,
		0,
		0.621276,
		-0.436524,
		-0.650741,
		0,
		0.71763,
		0.650467,
		0.248796,
		0,
		0.687335,
		-0.038222,
		-0.159566,
		1
	},
	[0.816666666667] = {
		0.771137,
		-0.630353,
		0.08946,
		0,
		0.0973,
		-0.022181,
		-0.995008,
		0,
		0.62919,
		0.775992,
		0.044229,
		0,
		0.394445,
		-0.087751,
		-0.438441,
		1
	},
	[0.833333333333] = {
		0.798113,
		-0.602277,
		-0.016667,
		0,
		0.004542,
		0.033676,
		-0.999422,
		0,
		0.60249,
		0.797577,
		0.029613,
		0,
		0.337793,
		-0.088945,
		-0.474621,
		1
	},
	[0.85] = {
		0.817053,
		-0.564428,
		-0.117664,
		0,
		-0.086294,
		0.082065,
		-0.992884,
		0,
		0.570068,
		0.821393,
		0.018345,
		0,
		0.291965,
		-0.066844,
		-0.509297,
		1
	},
	[0.866666666667] = {
		0.827963,
		-0.518978,
		-0.212458,
		0,
		-0.174008,
		0.122398,
		-0.977108,
		0,
		0.533102,
		0.845979,
		0.011035,
		0,
		0.227281,
		-0.096692,
		-0.540278,
		1
	},
	[0.883333333333] = {
		0.831054,
		-0.468181,
		-0.300258,
		0,
		-0.257514,
		0.15461,
		-0.953825,
		0,
		0.492986,
		0.870001,
		0.007926,
		0,
		0.15769,
		-0.100651,
		-0.568553,
		1
	},
	[0.8] = {
		0.73628,
		-0.64664,
		0.199369,
		0,
		0.190716,
		-0.084382,
		-0.978012,
		0,
		0.649245,
		0.758114,
		0.061196,
		0,
		0.455501,
		-0.077677,
		-0.400705,
		1
	},
	[0.916666666667] = {
		0.785442,
		-0.360922,
		-0.502808,
		0,
		-0.461929,
		0.198867,
		-0.864334,
		0,
		0.411949,
		0.911146,
		-0.010521,
		0,
		0.051396,
		-0.07983,
		-0.615052,
		1
	},
	[0.933333333333] = {
		0.761912,
		-0.30679,
		-0.570412,
		0,
		-0.530609,
		0.209366,
		-0.821352,
		0,
		0.371408,
		0.928464,
		-0.003267,
		0,
		0.014425,
		-0.073911,
		-0.632358,
		1
	},
	[0.95] = {
		0.736111,
		-0.255609,
		-0.626741,
		0,
		-0.588571,
		0.215538,
		-0.779184,
		0,
		0.334253,
		0.942448,
		0.008215,
		0,
		-0.015503,
		-0.068668,
		-0.644034,
		1
	},
	[0.966666666667] = {
		0.710515,
		-0.208877,
		-0.671966,
		0,
		-0.63555,
		0.219436,
		-0.740219,
		0,
		0.302068,
		0.953005,
		0.023161,
		0,
		-0.037907,
		-0.063569,
		-0.651097,
		1
	},
	[0.983333333333] = {
		0.687483,
		-0.167775,
		-0.706554,
		0,
		-0.671611,
		0.223203,
		-0.706484,
		0,
		0.276235,
		0.960225,
		0.040769,
		0,
		-0.052098,
		-0.058081,
		-0.654521,
		1
	},
	[0.9] = {
		0.804276,
		-0.41616,
		-0.424205,
		0,
		-0.38329,
		0.182227,
		-0.905473,
		0,
		0.454124,
		0.890844,
		-0.012949,
		0,
		0.097687,
		-0.090379,
		-0.59289,
		1
	},
	[1.01666666667] = {
		0.65733,
		-0.106206,
		-0.746082,
		0,
		-0.711544,
		0.238647,
		-0.660873,
		0,
		0.248239,
		0.965281,
		0.081299,
		0,
		-0.063056,
		-0.044263,
		-0.654194,
		1
	},
	[1.03333333333] = {
		0.643731,
		-0.098541,
		-0.758881,
		0,
		-0.725422,
		0.237184,
		-0.646148,
		0,
		0.243667,
		0.966454,
		0.081199,
		0,
		-0.064066,
		-0.037092,
		-0.65238,
		1
	},
	[1.05] = {
		0.634528,
		-0.094263,
		-0.76713,
		0,
		-0.734149,
		0.236826,
		-0.636348,
		0,
		0.24166,
		0.966968,
		0.08107,
		0,
		-0.064393,
		-0.030332,
		-0.650372,
		1
	},
	[1.06666666667] = {
		0.629168,
		-0.092968,
		-0.771689,
		0,
		-0.738666,
		0.237479,
		-0.630854,
		0,
		0.241909,
		0.966934,
		0.080742,
		0,
		-0.065817,
		-0.023988,
		-0.649075,
		1
	},
	[1.08333333333] = {
		0.62698,
		-0.094267,
		-0.773311,
		0,
		-0.739809,
		0.23897,
		-0.628948,
		0,
		0.244087,
		0.966441,
		0.08009,
		0,
		-0.068432,
		-0.018019,
		-0.648869,
		1
	},
	[1.11666666667] = {
		0.629999,
		-0.103567,
		-0.769659,
		0,
		-0.734296,
		0.243181,
		-0.633776,
		0,
		0.252805,
		0.964436,
		0.077154,
		0,
		-0.073822,
		-0.007433,
		-0.650656,
		1
	},
	[1.13333333333] = {
		0.634245,
		-0.110741,
		-0.76516,
		0,
		-0.728597,
		0.245432,
		-0.63946,
		0,
		0.25861,
		0.963068,
		0.074978,
		0,
		-0.076476,
		-0.002754,
		-0.652395,
		1
	},
	[1.15] = {
		0.639613,
		-0.118915,
		-0.759443,
		0,
		-0.721614,
		0.247565,
		-0.646517,
		0,
		0.264892,
		0.961546,
		0.072535,
		0,
		-0.079073,
		0.001654,
		-0.654522,
		1
	},
	[1.16666666667] = {
		0.645595,
		-0.12756,
		-0.752951,
		0,
		-0.71387,
		0.249444,
		-0.654345,
		0,
		0.271288,
		0.959951,
		0.069978,
		0,
		-0.08159,
		0.005898,
		-0.656909,
		1
	},
	[1.18333333333] = {
		0.651708,
		-0.136143,
		-0.746151,
		0,
		-0.705908,
		0.250971,
		-0.66235,
		0,
		0.277437,
		0.958373,
		0.067455,
		0,
		-0.084005,
		0.010089,
		-0.659426,
		1
	},
	[1.1] = {
		0.6274,
		-0.097908,
		-0.772517,
		0,
		-0.738203,
		0.24097,
		-0.630072,
		0,
		0.247842,
		0.965581,
		0.078908,
		0,
		-0.071133,
		-0.012488,
		-0.649438,
		1
	},
	[1.21666666667] = {
		0.662555,
		-0.150957,
		-0.733643,
		0,
		-0.69161,
		0.252753,
		-0.676603,
		0,
		0.287568,
		0.955682,
		0.063059,
		0,
		-0.08844,
		0.018778,
		-0.664337,
		1
	},
	[1.23333333333] = {
		0.66647,
		-0.156108,
		-0.729005,
		0,
		-0.686459,
		0.252975,
		-0.681746,
		0,
		0.290846,
		0.954795,
		0.061439,
		0,
		-0.090414,
		0.023521,
		-0.666479,
		1
	},
	[1.25] = {
		0.668857,
		-0.159039,
		-0.726179,
		0,
		-0.683443,
		0.252756,
		-0.68485,
		0,
		0.292464,
		0.954369,
		0.060363,
		0,
		-0.092198,
		0.028696,
		-0.668243,
		1
	},
	[1.2] = {
		0.657502,
		-0.144123,
		-0.73954,
		0,
		-0.698293,
		0.252083,
		-0.669956,
		0,
		0.282982,
		0.956913,
		0.065105,
		0,
		-0.086296,
		0.014342,
		-0.661944,
		1
	}
}

return spline_matrices
