local spline_matrices = {
	[0] = {
		-0.302758,
		0.271341,
		0.913626,
		0,
		-0.884308,
		0.277532,
		-0.375468,
		0,
		-0.35544,
		-0.921602,
		0.155924,
		0,
		-0.41028,
		0.170404,
		-0.178004,
		1
	},
	{
		0.484642,
		0.874305,
		0.026698,
		0,
		0.448065,
		-0.221924,
		-0.866018,
		0,
		-0.751239,
		0.431671,
		-0.499299,
		0,
		0.133102,
		0.140876,
		-0.533535,
		1
	},
	[0.0166666666667] = {
		-0.189505,
		0.12845,
		0.973442,
		0,
		-0.952338,
		0.217315,
		-0.214072,
		0,
		-0.239041,
		-0.967613,
		0.081146,
		0,
		-0.452819,
		0.197178,
		-0.153643,
		1
	},
	[0.0333333333333] = {
		-0.134302,
		0.108359,
		0.984998,
		0,
		-0.962805,
		0.220909,
		-0.155578,
		0,
		-0.234454,
		-0.969256,
		0.07466,
		0,
		-0.444781,
		0.268961,
		-0.118375,
		1
	},
	[0.05] = {
		-0.101966,
		0.137222,
		0.985278,
		0,
		-0.939204,
		0.313159,
		-0.140812,
		0,
		-0.327871,
		-0.939735,
		0.096947,
		0,
		-0.411555,
		0.364177,
		-0.086054,
		1
	},
	[0.0666666666667] = {
		-0.050229,
		0.15227,
		0.987062,
		0,
		-0.852773,
		0.507893,
		-0.121746,
		0,
		-0.51986,
		-0.847855,
		0.10434,
		0,
		-0.374835,
		0.461229,
		-0.07122,
		1
	},
	[0.0833333333333] = {
		0.020746,
		0.120494,
		0.992497,
		0,
		-0.52967,
		0.843275,
		-0.091306,
		0,
		-0.84795,
		-0.523801,
		0.081317,
		0,
		-0.291728,
		0.580069,
		-0.069615,
		1
	},
	[0.116666666667] = {
		0.003398,
		-0.013856,
		0.999898,
		0,
		0.657611,
		0.753313,
		0.008205,
		0,
		-0.75335,
		0.657517,
		0.011671,
		0,
		0.086791,
		0.715646,
		-0.061277,
		1
	},
	[0.133333333333] = {
		-0.033229,
		-0.018035,
		0.999285,
		0,
		0.96554,
		0.257646,
		0.036757,
		0,
		-0.258125,
		0.966071,
		0.008852,
		0,
		0.359957,
		0.618498,
		-0.05784,
		1
	},
	[0.15] = {
		-0.05534,
		-0.011661,
		0.998399,
		0,
		0.962735,
		-0.265736,
		0.050259,
		0,
		0.264724,
		0.963975,
		0.025932,
		0,
		0.564646,
		0.464682,
		-0.054584,
		1
	},
	[0.166666666667] = {
		-0.057912,
		-0.016843,
		0.99818,
		0,
		0.828877,
		-0.558092,
		0.038672,
		0,
		0.556425,
		0.829608,
		0.046281,
		0,
		0.622293,
		0.316457,
		-0.053287,
		1
	},
	[0.183333333333] = {
		-0.058662,
		-0.034391,
		0.997685,
		0,
		0.6583,
		-0.752648,
		0.012762,
		0,
		0.750467,
		0.657525,
		0.066791,
		0,
		0.651544,
		0.159681,
		-0.053354,
		1
	},
	[0.1] = {
		0.046226,
		0.049657,
		0.997696,
		0,
		0.116512,
		0.991679,
		-0.054756,
		0,
		-0.992113,
		0.118775,
		0.040056,
		0,
		-0.119101,
		0.690772,
		-0.066643,
		1
	},
	[0.216666666667] = {
		-0.041117,
		-0.076161,
		0.996247,
		0,
		0.333466,
		-0.940966,
		-0.058172,
		0,
		0.941865,
		0.329822,
		0.064087,
		0,
		0.653337,
		-0.119008,
		-0.058023,
		1
	},
	[0.233333333333] = {
		-0.00625,
		-0.086674,
		0.996217,
		0,
		0.22926,
		-0.969825,
		-0.08294,
		0,
		0.973345,
		0.227874,
		0.025933,
		0,
		0.637384,
		-0.206576,
		-0.06172,
		1
	},
	[0.25] = {
		0.053147,
		-0.087455,
		0.99475,
		0,
		0.183562,
		-0.978327,
		-0.095819,
		0,
		0.98157,
		0.187691,
		-0.035942,
		0,
		0.610315,
		-0.253351,
		-0.087719,
		1
	},
	[0.266666666667] = {
		0.131748,
		-0.081806,
		0.987902,
		0,
		0.185961,
		-0.976856,
		-0.105691,
		0,
		0.973684,
		0.197636,
		-0.113487,
		0,
		0.569027,
		-0.274065,
		-0.150078,
		1
	},
	[0.283333333333] = {
		0.224207,
		-0.06602,
		0.972303,
		0,
		0.225617,
		-0.967081,
		-0.117691,
		0,
		0.948066,
		0.245755,
		-0.201931,
		0,
		0.517571,
		-0.274432,
		-0.236752,
		1
	},
	[0.2] = {
		-0.055375,
		-0.056418,
		0.99687,
		0,
		0.484787,
		-0.874341,
		-0.022554,
		0,
		0.872877,
		0.482021,
		0.075768,
		0,
		0.660031,
		0.00897,
		-0.055018,
		1
	},
	[0.316666666667] = {
		0.422449,
		0.007503,
		0.906356,
		0,
		0.36963,
		-0.914464,
		-0.164713,
		0,
		0.827593,
		0.404599,
		-0.389088,
		0,
		0.400434,
		-0.236223,
		-0.434848,
		1
	},
	[0.333333333333] = {
		0.512599,
		0.064793,
		0.85618,
		0,
		0.448781,
		-0.870321,
		-0.202824,
		0,
		0.73201,
		0.488205,
		-0.475203,
		0,
		0.343135,
		-0.209067,
		-0.521939,
		1
	},
	[0.35] = {
		0.588761,
		0.130202,
		0.797752,
		0,
		0.517439,
		-0.818927,
		-0.248225,
		0,
		0.620981,
		0.558933,
		-0.549524,
		0,
		0.29157,
		-0.184829,
		-0.564071,
		1
	},
	[0.366666666667] = {
		0.649244,
		0.196701,
		0.734705,
		0,
		0.567976,
		-0.767847,
		-0.296335,
		0,
		0.505851,
		0.609688,
		-0.610241,
		0,
		0.254637,
		-0.169396,
		-0.573521,
		1
	},
	[0.383333333333] = {
		0.698533,
		0.273104,
		0.661412,
		0,
		0.611391,
		-0.708063,
		-0.353338,
		0,
		0.371824,
		0.651199,
		-0.661579,
		0,
		0.228729,
		-0.143106,
		-0.582151,
		1
	},
	[0.3] = {
		0.323754,
		-0.036702,
		0.945429,
		0,
		0.291009,
		-0.946945,
		-0.136414,
		0,
		0.900276,
		0.319293,
		-0.295896,
		0,
		0.460001,
		-0.259956,
		-0.33571,
		1
	},
	[0.416666666667] = {
		0.738378,
		0.474427,
		0.479288,
		0,
		0.674234,
		-0.534498,
		-0.509628,
		0,
		0.014397,
		0.69945,
		-0.714536,
		0,
		0.190169,
		-0.02357,
		-0.596351,
		1
	},
	[0.433333333333] = {
		0.718902,
		0.574922,
		0.390697,
		0,
		0.674714,
		-0.441993,
		-0.591103,
		0,
		-0.167153,
		0.688554,
		-0.705658,
		0,
		0.177702,
		0.042009,
		-0.58732,
		1
	},
	[0.45] = {
		0.683245,
		0.657329,
		0.317956,
		0,
		0.657294,
		-0.364013,
		-0.659893,
		0,
		-0.318027,
		0.659859,
		-0.680768,
		0,
		0.167978,
		0.093984,
		-0.580255,
		1
	},
	[0.466666666667] = {
		0.648518,
		0.712754,
		0.267219,
		0,
		0.634223,
		-0.311822,
		-0.70748,
		0,
		-0.420934,
		0.62829,
		-0.654268,
		0,
		0.160689,
		0.119445,
		-0.577986,
		1
	},
	[0.483333333333] = {
		0.62,
		0.749766,
		0.231194,
		0,
		0.612319,
		-0.278137,
		-0.740071,
		0,
		-0.490577,
		0.600409,
		-0.631541,
		0,
		0.154742,
		0.126988,
		-0.579053,
		1
	},
	[0.4] = {
		0.731425,
		0.369133,
		0.573375,
		0,
		0.651235,
		-0.627505,
		-0.426767,
		0,
		0.202262,
		0.68555,
		-0.699365,
		0,
		0.207555,
		-0.090462,
		-0.592014,
		1
	},
	[0.516666666667] = {
		0.56411,
		0.807237,
		0.173633,
		0,
		0.567106,
		-0.225936,
		-0.79205,
		0,
		-0.600142,
		0.545272,
		-0.585242,
		0,
		0.144344,
		0.139729,
		-0.580914,
		1
	},
	[0.533333333333] = {
		0.538376,
		0.829075,
		0.150952,
		0,
		0.545447,
		-0.206287,
		-0.812363,
		0,
		-0.64237,
		0.519693,
		-0.563276,
		0,
		0.139914,
		0.145081,
		-0.581787,
		1
	},
	[0.55] = {
		0.51477,
		0.847166,
		0.131613,
		0,
		0.525117,
		-0.190212,
		-0.829501,
		0,
		-0.677691,
		0.496114,
		-0.542777,
		0,
		0.135988,
		0.149844,
		-0.582665,
		1
	},
	[0.566666666667] = {
		0.493543,
		0.862067,
		0.115132,
		0,
		0.506416,
		-0.177225,
		-0.84388,
		0,
		-0.707077,
		0.474796,
		-0.524033,
		0,
		0.132544,
		0.154076,
		-0.583574,
		1
	},
	[0.583333333333] = {
		0.474815,
		0.874261,
		0.101089,
		0,
		0.489518,
		-0.166897,
		-0.855872,
		0,
		-0.731384,
		0.455866,
		-0.507212,
		0,
		0.129558,
		0.157832,
		-0.584532,
		1
	},
	[0.5] = {
		0.591541,
		0.781027,
		0.20019,
		0,
		0.589626,
		-0.249697,
		-0.76811,
		0,
		-0.549928,
		0.572405,
		-0.60822,
		0,
		0.149287,
		0.133723,
		-0.580015,
		1
	},
	[0.616666666667] = {
		0.444897,
		0.892098,
		0.078913,
		0,
		0.461384,
		-0.152788,
		-0.873945,
		0,
		-0.767588,
		0.425225,
		-0.479575,
		0,
		0.125329,
		0.163116,
		-0.584304,
		1
	},
	[0.633333333333] = {
		0.433581,
		0.898375,
		0.070215,
		0,
		0.450128,
		-0.148423,
		-0.880543,
		0,
		-0.780636,
		0.413392,
		-0.468737,
		0,
		0.124288,
		0.164191,
		-0.581927,
		1
	},
	[0.65] = {
		0.42455,
		0.903223,
		0.062808,
		0,
		0.440667,
		-0.145535,
		-0.885795,
		0,
		-0.79093,
		0.403741,
		-0.459808,
		0,
		0.123609,
		0.164864,
		-0.579525,
		1
	},
	[0.666666666667] = {
		0.417669,
		0.90684,
		0.056514,
		0,
		0.432914,
		-0.143934,
		-0.88987,
		0,
		-0.798835,
		0.396137,
		-0.4527,
		0,
		0.123254,
		0.165173,
		-0.57711,
		1
	},
	[0.683333333333] = {
		0.412792,
		0.909386,
		0.051185,
		0,
		0.426763,
		-0.14346,
		-0.892912,
		0,
		-0.804659,
		0.390431,
		-0.447312,
		0,
		0.123188,
		0.165155,
		-0.574691,
		1
	},
	[0.6] = {
		0.458613,
		0.884156,
		0.089118,
		0,
		0.474503,
		-0.158857,
		-0.865801,
		0,
		-0.751346,
		0.439355,
		-0.492388,
		0,
		0.126998,
		0.161155,
		-0.585554,
		1
	},
	[0.716666666667] = {
		0.408419,
		0.911783,
		0.042959,
		0,
		0.418808,
		-0.145366,
		-0.896364,
		0,
		-0.811045,
		0.384084,
		-0.441233,
		0,
		0.123775,
		0.164273,
		-0.569868,
		1
	},
	[0.733333333333] = {
		0.4086,
		0.911842,
		0.039876,
		0,
		0.41676,
		-0.147527,
		-0.896966,
		0,
		-0.812008,
		0.383119,
		-0.440298,
		0,
		0.124357,
		0.163474,
		-0.567474,
		1
	},
	[0.75] = {
		0.41014,
		0.911256,
		0.037379,
		0,
		0.415829,
		-0.150366,
		-0.896926,
		0,
		-0.811709,
		0.383408,
		-0.440597,
		0,
		0.125087,
		0.162477,
		-0.565097,
		1
	},
	[0.766666666667] = {
		0.412869,
		0.910102,
		0.035406,
		0,
		0.415887,
		-0.153798,
		-0.896317,
		0,
		-0.810295,
		0.384787,
		-0.441998,
		0,
		0.12593,
		0.161314,
		-0.562738,
		1
	},
	[0.783333333333] = {
		0.41662,
		0.908449,
		0.033891,
		0,
		0.416805,
		-0.157753,
		-0.895202,
		0,
		-0.807899,
		0.387085,
		-0.444369,
		0,
		0.126853,
		0.160008,
		-0.560402,
		1
	},
	[0.7] = {
		0.409762,
		0.910996,
		0.046701,
		0,
		0.422101,
		-0.143976,
		-0.895043,
		0,
		-0.808657,
		0.386467,
		-0.443529,
		0,
		0.123373,
		0.164844,
		-0.572275,
		1
	},
	[0.816666666667] = {
		0.4265,
		0.903922,
		0.031989,
		0,
		0.420707,
		-0.166947,
		-0.891703,
		0,
		-0.800689,
		0.393769,
		-0.451489,
		0,
		0.128814,
		0.157061,
		-0.555812,
		1
	},
	[0.833333333333] = {
		0.43228,
		0.901189,
		0.031491,
		0,
		0.423434,
		-0.172031,
		-0.889443,
		0,
		-0.796139,
		0.397823,
		-0.45596,
		0,
		0.129787,
		0.155476,
		-0.553563,
		1
	},
	[0.85] = {
		0.438412,
		0.898232,
		0.031218,
		0,
		0.426504,
		-0.177344,
		-0.886929,
		0,
		-0.791132,
		0.402155,
		-0.460849,
		0,
		0.130719,
		0.153848,
		-0.551348,
		1
	},
	[0.866666666667] = {
		0.444762,
		0.895108,
		0.031107,
		0,
		0.42978,
		-0.182821,
		-0.884232,
		0,
		-0.785796,
		0.406642,
		-0.466012,
		0,
		0.131586,
		0.152197,
		-0.54917,
		1
	},
	[0.883333333333] = {
		0.451178,
		0.891892,
		0.031091,
		0,
		0.433133,
		-0.188382,
		-0.881424,
		0,
		-0.780278,
		0.411146,
		-0.471302,
		0,
		0.132363,
		0.150546,
		-0.547032,
		1
	},
	[0.8] = {
		0.421221,
		0.906366,
		0.03277,
		0,
		0.418455,
		-0.162161,
		-0.893644,
		0,
		-0.804654,
		0.390135,
		-0.447579,
		0,
		0.127825,
		0.158581,
		-0.558092,
		1
	},
	[0.916666666667] = {
		0.463587,
		0.885508,
		0.031042,
		0,
		0.439551,
		-0.199415,
		-0.875802,
		0,
		-0.769339,
		0.419654,
		-0.481672,
		0,
		0.133542,
		0.147334,
		-0.542892,
		1
	},
	[0.933333333333] = {
		0.469262,
		0.88252,
		0.030843,
		0,
		0.442362,
		-0.204701,
		-0.873163,
		0,
		-0.76427,
		0.423386,
		-0.486452,
		0,
		0.133892,
		0.145817,
		-0.540898,
		1
	},
	[0.95] = {
		0.474371,
		0.8798,
		0.030407,
		0,
		0.444741,
		-0.209701,
		-0.870764,
		0,
		-0.759722,
		0.426589,
		-0.490759,
		0,
		0.134049,
		0.144391,
		-0.53896,
		1
	},
	[0.966666666667] = {
		0.478749,
		0.877451,
		0.029638,
		0,
		0.446566,
		-0.21431,
		-0.868706,
		0,
		-0.755895,
		0.429127,
		-0.494441,
		0,
		0.133986,
		0.143077,
		-0.537084,
		1
	},
	[0.983333333333] = {
		0.482229,
		0.875583,
		0.028435,
		0,
		0.447715,
		-0.218421,
		-0.867089,
		0,
		-0.752998,
		0.430867,
		-0.497341,
		0,
		0.133679,
		0.141898,
		-0.535274,
		1
	},
	[0.9] = {
		0.457505,
		0.888663,
		0.031096,
		0,
		0.436433,
		-0.193943,
		-0.878586,
		0,
		-0.774736,
		0.415529,
		-0.476572,
		0,
		0.133023,
		0.148917,
		-0.544938,
		1
	},
	[1.01666666667] = {
		0.485812,
		0.873725,
		0.024329,
		0,
		0.447493,
		-0.224714,
		-0.865595,
		0,
		-0.750824,
		0.431403,
		-0.500154,
		0,
		0.13223,
		0.140033,
		-0.531873,
		1
	},
	[1.03333333333] = {
		0.485559,
		0.873946,
		0.021233,
		0,
		0.445872,
		-0.226686,
		-0.865917,
		0,
		-0.751951,
		0.429922,
		-0.499737,
		0,
		0.131038,
		0.13939,
		-0.530291,
		1
	},
	[1.05] = {
		0.483699,
		0.875063,
		0.017327,
		0,
		0.443071,
		-0.227742,
		-0.867077,
		0,
		-0.7548,
		0.427081,
		-0.497873,
		0,
		0.129501,
		0.138967,
		-0.528794,
		1
	},
	[1.06666666667] = {
		0.480038,
		0.877158,
		0.01254,
		0,
		0.438952,
		-0.227797,
		-0.869154,
		0,
		-0.759529,
		0.422732,
		-0.494382,
		0,
		0.127595,
		0.138786,
		-0.527384,
		1
	},
	[1.08333333333] = {
		0.474376,
		0.880296,
		0.006822,
		0,
		0.43337,
		-0.226776,
		-0.872217,
		0,
		-0.766262,
		0.416716,
		-0.489071,
		0,
		0.125295,
		0.138865,
		-0.526062,
		1
	}
}

return spline_matrices
