local spline_matrices = {
	[0] = {
		0.414975,
		0.11638,
		-0.902359,
		0,
		0.757642,
		0.504934,
		0.413546,
		0,
		0.50376,
		-0.855276,
		0.121361,
		0,
		0.408753,
		0.170383,
		-0.09831,
		1
	},
	{
		0.953862,
		-0.147951,
		-0.261262,
		0,
		-0.298842,
		-0.383788,
		-0.873728,
		0,
		0.028999,
		0.911492,
		-0.410295,
		0,
		-0.19285,
		-0.054548,
		-0.709182,
		1
	},
	[0.0166666666667] = {
		0.384025,
		0.129376,
		-0.914214,
		0,
		0.773211,
		0.496103,
		0.395002,
		0,
		0.504649,
		-0.85857,
		0.090481,
		0,
		0.409876,
		0.169256,
		-0.104472,
		1
	},
	[0.0333333333333] = {
		0.35231,
		0.1458,
		-0.924457,
		0,
		0.787709,
		0.487197,
		0.377033,
		0,
		0.505364,
		-0.861035,
		0.056797,
		0,
		0.409392,
		0.167845,
		-0.114074,
		1
	},
	[0.05] = {
		0.319806,
		0.164835,
		-0.933035,
		0,
		0.801162,
		0.478681,
		0.359172,
		0,
		0.50583,
		-0.862377,
		0.021025,
		0,
		0.407592,
		0.16627,
		-0.126666,
		1
	},
	[0.0666666666667] = {
		0.286484,
		0.18564,
		-0.939928,
		0,
		0.813562,
		0.470999,
		0.340992,
		0,
		0.506007,
		-0.862379,
		-0.016096,
		0,
		0.404766,
		0.16465,
		-0.141795,
		1
	},
	[0.0833333333333] = {
		0.252314,
		0.207349,
		-0.945169,
		0,
		0.82487,
		0.464575,
		0.322118,
		0,
		0.505892,
		-0.860916,
		-0.053817,
		0,
		0.401201,
		0.163102,
		-0.159003,
		1
	},
	[0.116666666667] = {
		0.181323,
		0.249972,
		-0.951123,
		0,
		0.843876,
		0.457068,
		0.281003,
		0,
		0.504971,
		-0.853582,
		-0.128068,
		0,
		0.392989,
		0.160646,
		-0.197798,
		1
	},
	[0.133333333333] = {
		0.144455,
		0.269124,
		-0.952211,
		0,
		0.851323,
		0.456693,
		0.258225,
		0,
		0.504362,
		-0.847941,
		-0.16314,
		0,
		0.388905,
		0.159931,
		-0.218448,
		1
	},
	[0.15] = {
		0.106648,
		0.28567,
		-0.952375,
		0,
		0.857177,
		0.458968,
		0.233657,
		0,
		0.503859,
		-0.841273,
		-0.195922,
		0,
		0.385203,
		0.159673,
		-0.239732,
		1
	},
	[0.166666666667] = {
		0.067896,
		0.298742,
		-0.951916,
		0,
		0.861223,
		0.464124,
		0.207084,
		0,
		0.503672,
		-0.833872,
		-0.225771,
		0,
		0.382158,
		0.159933,
		-0.260744,
		1
	},
	[0.183333333333] = {
		0.028205,
		0.307478,
		-0.951137,
		0,
		0.863211,
		0.472315,
		0.178285,
		0,
		0.504055,
		-0.826061,
		-0.252096,
		0,
		0.380049,
		0.160716,
		-0.279715,
		1
	},
	[0.1] = {
		0.217269,
		0.229087,
		-0.948848,
		0,
		0.83501,
		0.459807,
		0.302217,
		0,
		0.505521,
		-0.857961,
		-0.091388,
		0,
		0.397181,
		0.161734,
		-0.177826,
		1
	},
	[0.216666666667] = {
		-0.064489,
		0.312484,
		-0.947731,
		0,
		0.855191,
		0.506746,
		0.108891,
		0,
		0.514286,
		-0.803469,
		-0.299913,
		0,
		0.379646,
		0.164794,
		-0.304996,
		1
	},
	[0.233333333333] = {
		-0.119032,
		0.302342,
		-0.945738,
		0,
		0.843079,
		0.5339,
		0.064571,
		0,
		0.524452,
		-0.789646,
		-0.318449,
		0,
		0.38174,
		0.169973,
		-0.307938,
		1
	},
	[0.25] = {
		-0.178632,
		0.270919,
		-0.945882,
		0,
		0.817105,
		0.576388,
		0.010777,
		0,
		0.548115,
		-0.77096,
		-0.324331,
		0,
		0.390532,
		0.196451,
		-0.301544,
		1
	},
	[0.266666666667] = {
		-0.245712,
		0.210561,
		-0.946197,
		0,
		0.782202,
		0.619599,
		-0.065243,
		0,
		0.572525,
		-0.756149,
		-0.316944,
		0,
		0.378274,
		0.24224,
		-0.282753,
		1
	},
	[0.283333333333] = {
		-0.308111,
		0.136607,
		-0.941492,
		0,
		0.740274,
		0.656022,
		-0.147074,
		0,
		0.597547,
		-0.742276,
		-0.303254,
		0,
		0.355096,
		0.289938,
		-0.26085,
		1
	},
	[0.2] = {
		-0.012395,
		0.311012,
		-0.950325,
		0,
		0.862849,
		0.483609,
		0.147016,
		0,
		0.505309,
		-0.818165,
		-0.274351,
		0,
		0.379151,
		0.162054,
		-0.29488,
		1
	},
	[0.316666666667] = {
		-0.409199,
		0.031128,
		-0.911914,
		0,
		0.593567,
		0.768125,
		-0.240129,
		0,
		0.69299,
		-0.639543,
		-0.332792,
		0,
		0.315559,
		0.373846,
		-0.224517,
		1
	},
	[0.333333333333] = {
		-0.443577,
		0.029283,
		-0.895758,
		0,
		0.478573,
		0.852784,
		-0.209111,
		0,
		0.757764,
		-0.521443,
		-0.39229,
		0,
		0.282604,
		0.434767,
		-0.20339,
		1
	},
	[0.35] = {
		-0.467531,
		0.08333,
		-0.88004,
		0,
		0.310469,
		0.947603,
		-0.075213,
		0,
		0.827661,
		-0.30839,
		-0.468906,
		0,
		0.235729,
		0.51275,
		-0.171882,
		1
	},
	[0.366666666667] = {
		-0.508552,
		0.182772,
		-0.841409,
		0,
		0.064854,
		0.982566,
		0.174237,
		0,
		0.858586,
		0.03404,
		-0.511539,
		0,
		0.16155,
		0.600813,
		-0.125199,
		1
	},
	[0.383333333333] = {
		-0.579771,
		0.27738,
		-0.766111,
		0,
		-0.190411,
		0.868106,
		0.458406,
		0,
		0.792218,
		0.411646,
		-0.450486,
		0,
		0.066434,
		0.690524,
		-0.067024,
		1
	},
	[0.3] = {
		-0.365258,
		0.072405,
		-0.928086,
		0,
		0.676766,
		0.705214,
		-0.211331,
		0,
		0.639198,
		-0.705287,
		-0.306586,
		0,
		0.335686,
		0.330383,
		-0.241773,
		1
	},
	[0.416666666667] = {
		-0.753182,
		0.294089,
		-0.588412,
		0,
		-0.481616,
		0.362751,
		0.797783,
		0,
		0.448066,
		0.884264,
		-0.13158,
		0,
		-0.153892,
		0.67743,
		0.012549,
		1
	},
	[0.433333333333] = {
		-0.834381,
		0.174721,
		-0.522763,
		0,
		-0.51852,
		0.072852,
		0.851957,
		0,
		0.186939,
		0.981919,
		0.02981,
		0,
		-0.25044,
		0.656907,
		0.065464,
		1
	},
	[0.45] = {
		-0.840297,
		0.070461,
		-0.537527,
		0,
		-0.541308,
		-0.163505,
		0.824774,
		0,
		-0.029774,
		0.984023,
		0.175534,
		0,
		-0.354045,
		0.604175,
		0.134625,
		1
	},
	[0.466666666667] = {
		-0.806104,
		0.010121,
		-0.591687,
		0,
		-0.529947,
		-0.457296,
		0.714169,
		0,
		-0.263348,
		0.889257,
		0.373992,
		0,
		-0.43486,
		0.454336,
		0.164204,
		1
	},
	[0.483333333333] = {
		-0.749025,
		0.035801,
		-0.661574,
		0,
		-0.516152,
		-0.657581,
		0.548795,
		0,
		-0.415391,
		0.752533,
		0.511023,
		0,
		-0.481177,
		0.253317,
		0.163085,
		1
	},
	[0.4] = {
		-0.668047,
		0.320114,
		-0.671744,
		0,
		-0.379841,
		0.629567,
		0.677765,
		0,
		0.63987,
		0.707935,
		-0.298989,
		0,
		-0.055857,
		0.692591,
		-0.026495,
		1
	},
	[0.516666666667] = {
		0.109947,
		0.10968,
		-0.987867,
		0,
		-0.42589,
		-0.892831,
		-0.146529,
		0,
		-0.89807,
		0.436833,
		-0.051453,
		0,
		-0.504272,
		-0.070816,
		0.056785,
		1
	},
	[0.533333333333] = {
		0.214607,
		0.274991,
		-0.937189,
		0,
		-0.270546,
		-0.905262,
		-0.327575,
		0,
		-0.938482,
		0.323853,
		-0.119878,
		0,
		-0.481069,
		-0.131678,
		0.006408,
		1
	},
	[0.55] = {
		-0.438121,
		0.400093,
		-0.804969,
		0,
		-0.410577,
		-0.88569,
		-0.216749,
		0,
		-0.799673,
		0.23554,
		0.552308,
		0,
		-0.475588,
		-0.167246,
		-0.002776,
		1
	},
	[0.566666666667] = {
		-0.388782,
		0.446164,
		-0.806094,
		0,
		-0.365091,
		-0.877905,
		-0.309826,
		0,
		-0.845906,
		0.173843,
		0.504204,
		0,
		-0.475344,
		-0.188009,
		-0.041067,
		1
	},
	[0.583333333333] = {
		-0.324676,
		0.477434,
		-0.816482,
		0,
		-0.320764,
		-0.86767,
		-0.379814,
		0,
		-0.889773,
		0.138582,
		0.434855,
		0,
		-0.478475,
		-0.201498,
		-0.078671,
		1
	},
	[0.5] = {
		-0.395894,
		0.027591,
		-0.917882,
		0,
		-0.570644,
		-0.790519,
		0.222363,
		0,
		-0.719468,
		0.611816,
		0.328706,
		0,
		-0.521844,
		0.056308,
		0.131367,
		1
	},
	[0.616666666667] = {
		-0.162656,
		0.505143,
		-0.847569,
		0,
		-0.236884,
		-0.853878,
		-0.463443,
		0,
		-0.957825,
		0.125394,
		0.258549,
		0,
		-0.482112,
		-0.225467,
		-0.152733,
		1
	},
	[0.633333333333] = {
		-0.073285,
		0.505489,
		-0.859715,
		0,
		-0.198271,
		-0.85221,
		-0.484176,
		0,
		-0.977404,
		0.134974,
		0.162678,
		0,
		-0.481197,
		-0.236759,
		-0.188486,
		1
	},
	[0.65] = {
		0.007885,
		0.504294,
		-0.863496,
		0,
		-0.172821,
		-0.849842,
		-0.497897,
		0,
		-0.984922,
		0.153156,
		0.080451,
		0,
		-0.480571,
		-0.249544,
		-0.224095,
		1
	},
	[0.666666666667] = {
		0.092181,
		0.493715,
		-0.864724,
		0,
		-0.149689,
		-0.851682,
		-0.502226,
		0,
		-0.984427,
		0.175735,
		-0.004605,
		0,
		-0.475671,
		-0.259419,
		-0.260933,
		1
	},
	[0.683333333333] = {
		0.177314,
		0.476648,
		-0.861027,
		0,
		-0.130241,
		-0.85583,
		-0.500592,
		0,
		-0.975498,
		0.200903,
		-0.089671,
		0,
		-0.469081,
		-0.267938,
		-0.298962,
		1
	},
	[0.6] = {
		-0.248082,
		0.496474,
		-0.831847,
		0,
		-0.277859,
		-0.859078,
		-0.42986,
		0,
		-0.928035,
		0.124496,
		0.351071,
		0,
		-0.480541,
		-0.213229,
		-0.116282,
		1
	},
	[0.716666666667] = {
		0.340022,
		0.435981,
		-0.83325,
		0,
		-0.104583,
		-0.863016,
		-0.494232,
		0,
		-0.934584,
		0.255193,
		-0.247848,
		0,
		-0.453075,
		-0.278477,
		-0.3729,
		1
	},
	[0.733333333333] = {
		0.406527,
		0.424135,
		-0.809225,
		0,
		-0.105647,
		-0.857953,
		-0.502748,
		0,
		-0.90751,
		0.289873,
		-0.303972,
		0,
		-0.444564,
		-0.280343,
		-0.407716,
		1
	},
	[0.75] = {
		0.468622,
		0.413112,
		-0.780853,
		0,
		-0.108725,
		-0.850228,
		-0.515065,
		0,
		-0.876682,
		0.326269,
		-0.35352,
		0,
		-0.43535,
		-0.280458,
		-0.441165,
		1
	},
	[0.766666666667] = {
		0.527812,
		0.401299,
		-0.748581,
		0,
		-0.11434,
		-0.839753,
		-0.530793,
		0,
		-0.84163,
		0.365752,
		-0.397347,
		0,
		-0.422035,
		-0.27421,
		-0.47148,
		1
	},
	[0.783333333333] = {
		0.585408,
		0.386764,
		-0.712538,
		0,
		-0.123007,
		-0.826329,
		-0.54959,
		0,
		-0.801353,
		0.409381,
		-0.436165,
		0,
		-0.406955,
		-0.264333,
		-0.499796,
		1
	},
	[0.7] = {
		0.260754,
		0.456263,
		-0.850783,
		0,
		-0.115204,
		-0.860267,
		-0.496658,
		0,
		-0.958507,
		0.227519,
		-0.171755,
		0,
		-0.461408,
		-0.274316,
		-0.33678,
		1
	},
	[0.816666666667] = {
		0.699266,
		0.340322,
		-0.628655,
		0,
		-0.151096,
		-0.789178,
		-0.595288,
		0,
		-0.698711,
		0.511252,
		-0.500425,
		0,
		-0.37152,
		-0.234112,
		-0.552023,
		1
	},
	[0.833333333333] = {
		0.749118,
		0.30847,
		-0.586232,
		0,
		-0.178135,
		-0.758562,
		-0.626779,
		0,
		-0.638036,
		0.57396,
		-0.513303,
		0,
		-0.352038,
		-0.214718,
		-0.576254,
		1
	},
	[0.85] = {
		0.795237,
		0.268816,
		-0.543448,
		0,
		-0.204655,
		-0.724716,
		-0.657954,
		0,
		-0.570714,
		0.634449,
		-0.521307,
		0,
		-0.331467,
		-0.194,
		-0.599136,
		1
	},
	[0.866666666667] = {
		0.836285,
		0.222681,
		-0.501039,
		0,
		-0.229465,
		-0.687795,
		-0.688683,
		0,
		-0.497969,
		0.690906,
		-0.524095,
		0,
		-0.310349,
		-0.172593,
		-0.620808,
		1
	},
	[0.883333333333] = {
		0.871259,
		0.17176,
		-0.45979,
		0,
		-0.2515,
		-0.648221,
		-0.718719,
		0,
		-0.421493,
		0.741827,
		-0.521571,
		0,
		-0.289243,
		-0.151131,
		-0.640505,
		1
	},
	[0.8] = {
		0.642395,
		0.367277,
		-0.672633,
		0,
		-0.135162,
		-0.80963,
		-0.571166,
		0,
		-0.75436,
		0.457829,
		-0.470461,
		0,
		-0.390193,
		-0.250856,
		-0.526594,
		1
	},
	[0.916666666667] = {
		0.921252,
		0.063682,
		-0.383717,
		0,
		-0.283988,
		-0.563986,
		-0.775416,
		0,
		-0.265791,
		0.823325,
		-0.501489,
		0,
		-0.249415,
		-0.110728,
		-0.671775,
		1
	},
	[0.933333333333] = {
		0.936663,
		0.010893,
		-0.350064,
		0,
		-0.293457,
		-0.521163,
		-0.801419,
		0,
		-0.19117,
		0.853388,
		-0.484957,
		0,
		-0.231925,
		-0.093196,
		-0.683629,
		1
	},
	[0.95] = {
		0.946712,
		-0.038203,
		-0.319807,
		0,
		-0.298196,
		-0.479204,
		-0.825495,
		0,
		-0.121716,
		0.876872,
		-0.46506,
		0,
		-0.216903,
		-0.078383,
		-0.693171,
		1
	},
	[0.966666666667] = {
		0.952608,
		-0.081641,
		-0.29304,
		0,
		-0.298329,
		-0.439073,
		-0.847475,
		0,
		-0.059478,
		0.894734,
		-0.44262,
		0,
		-0.205291,
		-0.066941,
		-0.70058,
		1
	},
	[0.983333333333] = {
		0.955744,
		-0.117645,
		-0.269655,
		0,
		-0.294134,
		-0.401633,
		-0.867281,
		0,
		-0.006271,
		0.908213,
		-0.418462,
		0,
		-0.197127,
		-0.058712,
		-0.70606,
		1
	},
	[0.9] = {
		0.899599,
		0.118039,
		-0.420461,
		0,
		-0.269883,
		-0.606665,
		-0.747744,
		0,
		-0.343342,
		0.786145,
		-0.513898,
		0,
		-0.26873,
		-0.130276,
		-0.657449,
		1
	},
	[1.01666666667] = {
		0.951805,
		-0.170353,
		-0.255042,
		0,
		-0.301661,
		-0.369821,
		-0.878768,
		0,
		0.055381,
		0.913352,
		-0.403387,
		0,
		-0.190701,
		-0.052454,
		-0.710904,
		1
	},
	[1.03333333333] = {
		0.950112,
		-0.185661,
		-0.250635,
		0,
		-0.303062,
		-0.359463,
		-0.882576,
		0,
		0.073766,
		0.914503,
		-0.397797,
		0,
		-0.189944,
		-0.051781,
		-0.711432,
		1
	},
	[1.05] = {
		0.949061,
		-0.194712,
		-0.247729,
		0,
		-0.303385,
		-0.352372,
		-0.88532,
		0,
		0.08509,
		0.91538,
		-0.393495,
		0,
		-0.189835,
		-0.05187,
		-0.710965,
		1
	},
	[1.06666666667] = {
		0.948742,
		-0.198354,
		-0.246056,
		0,
		-0.302875,
		-0.348163,
		-0.887158,
		0,
		0.090303,
		0.916209,
		-0.390393,
		0,
		-0.189625,
		-0.052058,
		-0.709697,
		1
	},
	[1.08333333333] = {
		0.94911,
		-0.197426,
		-0.245385,
		0,
		-0.301707,
		-0.346425,
		-0.888236,
		0,
		0.090354,
		0.917067,
		-0.38836,
		0,
		-0.189213,
		-0.052189,
		-0.70781,
		1
	},
	[1.11666666667] = {
		0.951347,
		-0.185212,
		-0.246241,
		0,
		-0.29789,
		-0.348651,
		-0.888653,
		0,
		0.078737,
		0.91877,
		-0.386861,
		0,
		-0.188891,
		-0.053061,
		-0.702892,
		1
	},
	[1.13333333333] = {
		0.952867,
		-0.175598,
		-0.247406,
		0,
		-0.295449,
		-0.351746,
		-0.888248,
		0,
		0.06895,
		0.919478,
		-0.387048,
		0,
		-0.188916,
		-0.053741,
		-0.700221,
		1
	},
	[1.15] = {
		0.954429,
		-0.164768,
		-0.248832,
		0,
		-0.292795,
		-0.355586,
		-0.887598,
		0,
		0.057766,
		0.920006,
		-0.387625,
		0,
		-0.189023,
		-0.054539,
		-0.697646,
		1
	},
	[1.16666666667] = {
		0.955898,
		-0.15357,
		-0.250349,
		0,
		-0.290052,
		-0.359742,
		-0.886823,
		0,
		0.046128,
		0.920327,
		-0.38842,
		0,
		-0.18918,
		-0.05542,
		-0.695348,
		1
	},
	[1.18333333333] = {
		0.957183,
		-0.142855,
		-0.251781,
		0,
		-0.287364,
		-0.363797,
		-0.886044,
		0,
		0.034979,
		0.920459,
		-0.389271,
		0,
		-0.189361,
		-0.056349,
		-0.693504,
		1
	},
	[1.1] = {
		0.950035,
		-0.192767,
		-0.245509,
		0,
		-0.30001,
		-0.346732,
		-0.888691,
		0,
		0.086185,
		0.917942,
		-0.38724,
		0,
		-0.188979,
		-0.052533,
		-0.705482,
		1
	},
	[1.21666666667] = {
		0.959007,
		-0.126297,
		-0.253684,
		0,
		-0.282817,
		-0.369966,
		-0.884952,
		0,
		0.017912,
		0.920421,
		-0.390518,
		0,
		-0.189687,
		-0.058206,
		-0.6919,
		1
	},
	[1.23333333333] = {
		0.959514,
		-0.122162,
		-0.253791,
		0,
		-0.28132,
		-0.37128,
		-0.884878,
		0,
		0.01387,
		0.92045,
		-0.390615,
		0,
		-0.189784,
		-0.059061,
		-0.692499,
		1
	},
	[1.25] = {
		0.959728,
		-0.121928,
		-0.253093,
		0,
		-0.280579,
		-0.370885,
		-0.88528,
		0,
		0.014072,
		0.92064,
		-0.390159,
		0,
		-0.189805,
		-0.05982,
		-0.69427,
		1
	},
	[1.2] = {
		0.958226,
		-0.133479,
		-0.252953,
		0,
		-0.284893,
		-0.367338,
		-0.88538,
		0,
		0.025261,
		0.92046,
		-0.390021,
		0,
		-0.189538,
		-0.05729,
		-0.692295,
		1
	}
}

return spline_matrices
