local spline_matrices = {
	[0] = {
		-0.404653,
		-0.329773,
		0.852939,
		0,
		-0.755358,
		0.646269,
		-0.10849,
		0,
		-0.515451,
		-0.688175,
		-0.510612,
		0,
		-0.364357,
		0.261505,
		-0.139945,
		1
	},
	{
		0.735415,
		-0.2749,
		-0.61935,
		0,
		-0.676208,
		-0.238807,
		-0.696932,
		0,
		0.043682,
		0.931344,
		-0.361512,
		0,
		-0.039328,
		-0.010797,
		-0.645423,
		1
	},
	[0.0333333333333] = {
		-0.420549,
		-0.317249,
		0.849995,
		0,
		-0.690377,
		0.719764,
		-0.072934,
		0,
		-0.588658,
		-0.617489,
		-0.521717,
		0,
		-0.367819,
		0.265463,
		-0.141629,
		1
	},
	[0.0666666666667] = {
		-0.435745,
		-0.30113,
		0.848202,
		0,
		-0.616201,
		0.786707,
		-0.037262,
		0,
		-0.656065,
		-0.5389,
		-0.528361,
		0,
		-0.377483,
		0.263252,
		-0.148133,
		1
	},
	[0.133333333333] = {
		-0.462946,
		-0.274585,
		0.842783,
		0,
		-0.444972,
		0.894313,
		0.046948,
		0,
		-0.766603,
		-0.353281,
		-0.536201,
		0,
		-0.407531,
		0.249632,
		-0.166819,
		1
	},
	[0.166666666667] = {
		-0.474519,
		-0.263941,
		0.839742,
		0,
		-0.351197,
		0.931537,
		0.09434,
		0,
		-0.807151,
		-0.250148,
		-0.534727,
		0,
		-0.424015,
		0.241572,
		-0.177523,
		1
	},
	[0.1] = {
		-0.44996,
		-0.28651,
		0.845842,
		0,
		-0.533906,
		0.845541,
		0.002388,
		0,
		-0.715878,
		-0.450525,
		-0.533428,
		0,
		-0.391369,
		0.257333,
		-0.15692,
		1
	},
	[0.233333333333] = {
		-0.47736,
		-0.274555,
		0.834714,
		0,
		-0.342697,
		0.932882,
		0.110861,
		0,
		-0.809127,
		-0.233134,
		-0.53941,
		0,
		-0.459379,
		0.218304,
		-0.205774,
		1
	},
	[0.266666666667] = {
		-0.480149,
		-0.276905,
		0.832334,
		0,
		-0.339008,
		0.93372,
		0.115071,
		0,
		-0.809031,
		-0.226917,
		-0.542197,
		0,
		-0.469993,
		0.211952,
		-0.219819,
		1
	},
	[0.2] = {
		-0.475543,
		-0.269687,
		0.837334,
		0,
		-0.34686,
		0.932216,
		0.103256,
		0,
		-0.808422,
		-0.241335,
		-0.536853,
		0,
		-0.443309,
		0.228518,
		-0.191479,
		1
	},
	[0.333333333333] = {
		-0.487432,
		-0.273182,
		0.829326,
		0,
		-0.332017,
		0.936441,
		0.113325,
		0,
		-0.807573,
		-0.220112,
		-0.547153,
		0,
		-0.427177,
		0.242203,
		-0.240467,
		1
	},
	[0.366666666667] = {
		-0.491364,
		-0.270222,
		0.827974,
		0,
		-0.328029,
		0.938066,
		0.111482,
		0,
		-0.80682,
		-0.216822,
		-0.549573,
		0,
		-0.332291,
		0.310171,
		-0.241973,
		1
	},
	[0.3] = {
		-0.483539,
		-0.275667,
		0.830781,
		0,
		-0.335791,
		0.934917,
		0.114781,
		0,
		-0.808353,
		-0.223468,
		-0.544635,
		0,
		-0.473002,
		0.210604,
		-0.232442,
		1
	},
	[0.433333333333] = {
		-0.524426,
		-0.335836,
		0.782426,
		0,
		-0.18404,
		0.941915,
		0.280938,
		0,
		-0.831328,
		0.003334,
		-0.555772,
		0,
		-0.202036,
		0.465134,
		-0.203021,
		1
	},
	[0.466666666667] = {
		-0.572901,
		-0.341085,
		0.745282,
		0,
		0.035443,
		0.898137,
		0.438285,
		0,
		-0.818858,
		0.277509,
		-0.502455,
		0,
		-0.157534,
		0.550818,
		-0.162106,
		1
	},
	[0.4] = {
		-0.49481,
		-0.267107,
		0.826932,
		0,
		-0.324431,
		0.939566,
		0.10936,
		0,
		-0.806168,
		-0.21417,
		-0.551565,
		0,
		-0.248006,
		0.38167,
		-0.234103,
		1
	},
	[0.533333333333] = {
		-0.474567,
		-0.031231,
		0.879665,
		0,
		0.874527,
		0.096742,
		0.47523,
		0,
		-0.099943,
		0.994819,
		-0.018598,
		0,
		0.129739,
		0.625625,
		0.020725,
		1
	},
	[0.566666666667] = {
		-0.524589,
		-0.030804,
		0.850798,
		0,
		0.798284,
		-0.365117,
		0.478991,
		0,
		0.295886,
		0.930452,
		0.216127,
		0,
		0.366181,
		0.524143,
		0.143578,
		1
	},
	[0.5] = {
		-0.606972,
		-0.122811,
		0.785177,
		0,
		0.498375,
		0.710757,
		0.496434,
		0,
		-0.619038,
		0.692634,
		-0.370204,
		0,
		-0.07044,
		0.617818,
		-0.093892,
		1
	},
	[0.633333333333] = {
		-0.008266,
		-0.378702,
		0.925482,
		0,
		0.67455,
		-0.685333,
		-0.27441,
		0,
		0.738183,
		0.622015,
		0.261118,
		0,
		0.704691,
		0.175165,
		0.077853,
		1
	},
	[0.666666666667] = {
		0.082564,
		-0.501612,
		0.861144,
		0,
		0.525405,
		-0.712345,
		-0.465312,
		0,
		0.846837,
		0.490867,
		0.204735,
		0,
		0.757251,
		-0.020517,
		-0.035753,
		1
	},
	[0.6] = {
		-0.180304,
		-0.223061,
		0.957984,
		0,
		0.804066,
		-0.5944,
		0.012933,
		0,
		0.566541,
		0.772614,
		0.286528,
		0,
		0.588974,
		0.355781,
		0.161673,
		1
	},
	[0.733333333333] = {
		0.298148,
		-0.663595,
		0.686112,
		0,
		0.269663,
		-0.630964,
		-0.727438,
		0,
		0.915636,
		0.401903,
		-0.009174,
		0,
		0.654044,
		-0.067295,
		-0.226875,
		1
	},
	[0.766666666667] = {
		0.437759,
		-0.708278,
		0.553813,
		0,
		0.139287,
		-0.555108,
		-0.820033,
		0,
		0.888238,
		0.436115,
		-0.14435,
		0,
		0.551782,
		-0.065429,
		-0.326475,
		1
	},
	[0.7] = {
		0.17289,
		-0.594255,
		0.785475,
		0,
		0.392958,
		-0.689648,
		-0.608251,
		0,
		0.903157,
		0.413819,
		0.114284,
		0,
		0.727169,
		-0.06206,
		-0.127623,
		1
	},
	[0.833333333333] = {
		0.698486,
		-0.691216,
		0.185302,
		0,
		-0.148676,
		-0.393454,
		-0.907243,
		0,
		0.700009,
		0.606146,
		-0.37759,
		0,
		0.305729,
		-0.054788,
		-0.502365,
		1
	},
	[0.866666666667] = {
		0.781322,
		-0.623483,
		-0.028352,
		0,
		-0.294885,
		-0.328738,
		-0.897204,
		0,
		0.550071,
		0.709366,
		-0.440706,
		0,
		0.187381,
		-0.047303,
		-0.568114,
		1
	},
	[0.8] = {
		0.577678,
		-0.719756,
		0.385017,
		0,
		-0.000973,
		-0.472289,
		-0.881443,
		0,
		0.816264,
		0.508816,
		-0.273532,
		0,
		0.431552,
		-0.061041,
		-0.420151,
		1
	},
	[0.933333333333] = {
		0.810085,
		-0.424931,
		-0.403976,
		0,
		-0.536408,
		-0.25897,
		-0.803244,
		0,
		0.236706,
		0.867391,
		-0.437724,
		0,
		0.026314,
		-0.029679,
		-0.634122,
		1
	},
	[0.966666666667] = {
		0.776739,
		-0.334924,
		-0.533387,
		0,
		-0.618636,
		-0.24681,
		-0.745905,
		0,
		0.118176,
		0.909346,
		-0.398903,
		0,
		-0.011219,
		-0.020189,
		-0.640496,
		1
	},
	[0.9] = {
		0.816889,
		-0.528119,
		-0.231911,
		0,
		-0.427352,
		-0.284133,
		-0.858276,
		0,
		0.387379,
		0.800224,
		-0.457798,
		0,
		0.089922,
		-0.038927,
		-0.613208,
		1
	},
	[1.03333333333] = {
		0.7036,
		-0.244318,
		-0.667275,
		0,
		-0.710541,
		-0.230116,
		-0.664965,
		0,
		0.008912,
		0.941995,
		-0.335507,
		0,
		-0.059645,
		-0.001409,
		-0.65008,
		1
	},
	[1.06666666667] = {
		0.687645,
		-0.2311,
		-0.688286,
		0,
		-0.726046,
		-0.220769,
		-0.651244,
		0,
		-0.001449,
		0.947551,
		-0.3196,
		0,
		-0.074007,
		0.007382,
		-0.654531,
		1
	},
	[1.13333333333] = {
		0.690883,
		-0.240583,
		-0.681763,
		0,
		-0.722636,
		-0.201296,
		-0.661269,
		0,
		0.021854,
		0.949526,
		-0.312926,
		0,
		-0.08909,
		0.020643,
		-0.662239,
		1
	},
	[1.16666666667] = {
		0.701344,
		-0.254461,
		-0.665857,
		0,
		-0.711483,
		-0.192648,
		-0.67578,
		0,
		0.043683,
		0.947701,
		-0.316157,
		0,
		-0.091753,
		0.024641,
		-0.665177,
		1
	},
	[1.1] = {
		0.684814,
		-0.231192,
		-0.691071,
		0,
		-0.728701,
		-0.210853,
		-0.651564,
		0,
		0.004922,
		0.949785,
		-0.312864,
		0,
		-0.083489,
		0.014923,
		-0.658633,
		1
	},
	[1.23333333333] = {
		0.718828,
		-0.274896,
		-0.638529,
		0,
		-0.690748,
		-0.178781,
		-0.700646,
		0,
		0.078448,
		0.944706,
		-0.318396,
		0,
		-0.092279,
		0.028415,
		-0.668227,
		1
	},
	[1.26666666667] = {
		0.71978,
		-0.274535,
		-0.63761,
		0,
		-0.68949,
		-0.175886,
		-0.702615,
		0,
		0.080746,
		0.945354,
		-0.315889,
		0,
		-0.092193,
		0.028696,
		-0.668244,
		1
	},
	[1.2] = {
		0.711931,
		-0.267685,
		-0.649229,
		0,
		-0.699271,
		-0.185181,
		-0.690455,
		0,
		0.0646,
		0.945543,
		-0.319021,
		0,
		-0.092463,
		0.027136,
		-0.667245,
		1
	}
}

return spline_matrices
