local spline_matrices = {
	[0] = {
		0.876844,
		-0.100861,
		0.470077,
		0,
		-0.468915,
		0.036428,
		0.882492,
		0,
		-0.106133,
		-0.994233,
		-0.015354,
		0,
		-0.244733,
		0.098451,
		0.170802,
		1
	},
	[0.0333333333333] = {
		0.87778,
		-0.101387,
		0.468213,
		0,
		-0.462859,
		0.072573,
		0.883456,
		0,
		-0.12355,
		-0.992196,
		0.016776,
		0,
		-0.280046,
		0.056693,
		0.18659,
		1
	},
	[0.0666666666667] = {
		0.879647,
		-0.102452,
		0.464461,
		0,
		-0.445592,
		0.164,
		0.880086,
		0,
		-0.166339,
		-0.981126,
		0.09861,
		0,
		-0.315272,
		0.016199,
		0.220322,
		1
	},
	[0.133333333333] = {
		0.880742,
		-0.101649,
		0.462559,
		0,
		-0.387672,
		0.406279,
		0.827434,
		0,
		-0.272036,
		-0.908078,
		0.318421,
		0,
		-0.24135,
		0.219006,
		0.259055,
		1
	},
	[0.166666666667] = {
		0.919007,
		0.081104,
		0.385809,
		0,
		-0.363185,
		0.554875,
		0.748472,
		0,
		-0.153372,
		-0.827971,
		0.539389,
		0,
		-0.169643,
		0.395258,
		0.251638,
		1
	},
	[0.1] = {
		0.880941,
		-0.102826,
		0.46192,
		0,
		-0.419036,
		0.284064,
		0.86239,
		0,
		-0.219891,
		-0.953276,
		0.207156,
		0,
		-0.293805,
		0.076485,
		0.250624,
		1
	},
	[0.233333333333] = {
		0.93082,
		-0.051792,
		0.361789,
		0,
		0.315528,
		0.613423,
		-0.723985,
		0,
		-0.184433,
		0.788055,
		0.587328,
		0,
		0.011647,
		0.776922,
		-0.039583,
		1
	},
	[0.266666666667] = {
		0.884737,
		0.012235,
		0.46593,
		0,
		0.466051,
		-0.010085,
		-0.8847,
		0,
		-0.006126,
		0.999874,
		-0.014625,
		0,
		0.120998,
		0.748071,
		-0.308773,
		1
	},
	[0.2] = {
		0.937798,
		0.162644,
		0.306729,
		0,
		-0.291561,
		0.848594,
		0.441453,
		0,
		-0.188489,
		-0.503423,
		0.84323,
		0,
		-0.106117,
		0.574577,
		0.218838,
		1
	},
	[0.333333333333] = {
		0.782322,
		0.385131,
		0.489536,
		0,
		0.622706,
		-0.501858,
		-0.600314,
		0,
		0.014478,
		0.774476,
		-0.632438,
		0,
		0.069441,
		0.256751,
		-0.80665,
		1
	},
	[0.366666666667] = {
		0.818727,
		0.259445,
		0.512225,
		0,
		0.506344,
		-0.746882,
		-0.431026,
		0,
		0.270744,
		0.612255,
		-0.74286,
		0,
		0.091671,
		0.065906,
		-0.828385,
		1
	},
	[0.3] = {
		0.853978,
		0.146942,
		0.49913,
		0,
		0.503318,
		-0.476452,
		-0.720878,
		0,
		0.131884,
		0.866834,
		-0.480838,
		0,
		0.152353,
		0.541509,
		-0.50907,
		1
	},
	[0.433333333333] = {
		0.835523,
		0.143269,
		0.530448,
		0,
		0.201061,
		-0.978171,
		-0.052502,
		0,
		0.511347,
		0.150519,
		-0.84609,
		0,
		0.145855,
		-0.171648,
		-0.777477,
		1
	},
	[0.466666666667] = {
		0.820848,
		0.073177,
		0.56644,
		0,
		0.107026,
		-0.993898,
		-0.026696,
		0,
		0.56103,
		0.082537,
		-0.823671,
		0,
		0.161787,
		-0.170359,
		-0.782344,
		1
	},
	[0.4] = {
		0.83429,
		0.202229,
		0.512898,
		0,
		0.347456,
		-0.91516,
		-0.204343,
		0,
		0.42806,
		0.348691,
		-0.833774,
		0,
		0.123825,
		-0.109257,
		-0.803307,
		1
	},
	[0.533333333333] = {
		0.79675,
		-0.030952,
		0.603515,
		0,
		0.044118,
		-0.993043,
		-0.109174,
		0,
		0.602696,
		0.113611,
		-0.789842,
		0,
		0.192083,
		-0.152673,
		-0.798256,
		1
	},
	[0.566666666667] = {
		0.791887,
		-0.070018,
		0.60664,
		0,
		0.043873,
		-0.984315,
		-0.170879,
		0,
		0.60909,
		0.161932,
		-0.776394,
		0,
		0.208753,
		-0.139568,
		-0.807691,
		1
	},
	[0.5] = {
		0.8066,
		0.016523,
		0.590866,
		0,
		0.05982,
		-0.996759,
		-0.053787,
		0,
		0.588062,
		0.07873,
		-0.804975,
		0,
		0.176908,
		-0.163455,
		-0.789483,
		1
	},
	[0.633333333333] = {
		0.790841,
		-0.119711,
		0.6002,
		0,
		0.024368,
		-0.973748,
		-0.226323,
		0,
		0.611537,
		0.19361,
		-0.767162,
		0,
		0.242946,
		-0.114887,
		-0.824836,
		1
	},
	[0.666666666667] = {
		0.793035,
		-0.128361,
		0.595499,
		0,
		-0.008902,
		-0.979886,
		-0.199361,
		0,
		0.609111,
		0.1528,
		-0.778226,
		0,
		0.258984,
		-0.105634,
		-0.831762,
		1
	},
	[0.6] = {
		0.790749,
		-0.099883,
		0.603937,
		0,
		0.042732,
		-0.975184,
		-0.217232,
		0,
		0.610647,
		0.197583,
		-0.766858,
		0,
		0.226003,
		-0.126217,
		-0.816791,
		1
	},
	[0.733333333333] = {
		0.810413,
		-0.11794,
		0.573865,
		0,
		-0.07735,
		-0.992492,
		-0.094743,
		0,
		0.58073,
		0.032393,
		-0.813451,
		0,
		0.287095,
		-0.088917,
		-0.842928,
		1
	},
	[0.766666666667] = {
		0.823756,
		-0.105188,
		0.557101,
		0,
		-0.110762,
		-0.993562,
		-0.02382,
		0,
		0.55602,
		-0.042084,
		-0.830103,
		0,
		0.298311,
		-0.081743,
		-0.84689,
		1
	},
	[0.7] = {
		0.799827,
		-0.126752,
		0.586695,
		0,
		-0.043124,
		-0.987058,
		-0.154457,
		0,
		0.59868,
		0.098238,
		-0.794941,
		0,
		0.273856,
		-0.096947,
		-0.83785,
		1
	},
	[0.833333333333] = {
		0.85423,
		-0.078406,
		0.513949,
		0,
		-0.170654,
		-0.976075,
		0.134738,
		0,
		0.491088,
		-0.202805,
		-0.847173,
		0,
		0.313809,
		-0.070305,
		-0.851464,
		1
	},
	[0.866666666667] = {
		0.869104,
		-0.068761,
		0.489827,
		0,
		-0.19596,
		-0.957125,
		0.213335,
		0,
		0.454156,
		-0.281396,
		-0.845315,
		0,
		0.317778,
		-0.066303,
		-0.852269,
		1
	},
	[0.8] = {
		0.838746,
		-0.091206,
		0.53683,
		0,
		-0.142149,
		-0.988362,
		0.054175,
		0,
		0.525641,
		-0.121749,
		-0.841949,
		0,
		0.307272,
		-0.075504,
		-0.849715,
		1
	},
	[0.933333333333] = {
		0.893238,
		-0.064175,
		0.444981,
		0,
		-0.238794,
		-0.906328,
		0.348635,
		0,
		0.380925,
		-0.417673,
		-0.824891,
		0,
		0.3174,
		-0.0639,
		-0.850407,
		1
	},
	[0.9] = {
		0.882385,
		-0.063738,
		0.466192,
		0,
		-0.218379,
		-0.933086,
		0.285765,
		0,
		0.416783,
		-0.353961,
		-0.837259,
		0,
		0.319017,
		-0.063714,
		-0.852286,
		1
	}
}

return spline_matrices
