local spline_matrices = {
	[0] = {
		0.113043,
		0.400564,
		-0.909269,
		0,
		0.953559,
		0.213406,
		0.212562,
		0,
		0.279189,
		-0.89107,
		-0.357837,
		0,
		-0.270452,
		0.060821,
		0.184822,
		1
	},
	{
		0.839658,
		-0.352708,
		-0.413002,
		0,
		-0.517765,
		-0.290227,
		-0.804791,
		0,
		0.163992,
		0.889587,
		-0.426311,
		0,
		-0.042399,
		0.026239,
		-0.695182,
		1
	},
	[0.0166666666667] = {
		0.155224,
		0.438576,
		-0.885187,
		0,
		0.952955,
		0.169671,
		0.251173,
		0,
		0.260349,
		-0.882532,
		-0.391606,
		0,
		-0.280573,
		0.080062,
		0.185459,
		1
	},
	[0.0333333333333] = {
		0.240251,
		0.474338,
		-0.846926,
		0,
		0.938667,
		0.108801,
		0.327211,
		0,
		0.247355,
		-0.873594,
		-0.419105,
		0,
		-0.288007,
		0.106495,
		0.183974,
		1
	},
	[0.05] = {
		0.361088,
		0.493202,
		-0.791434,
		0,
		0.902082,
		0.030368,
		0.430495,
		0,
		0.236356,
		-0.869384,
		-0.433943,
		0,
		-0.291161,
		0.139811,
		0.180218,
		1
	},
	[0.0666666666667] = {
		0.506733,
		0.479974,
		-0.716133,
		0,
		0.833107,
		-0.059008,
		0.549955,
		0,
		0.221706,
		-0.875296,
		-0.429771,
		0,
		-0.288426,
		0.179559,
		0.174087,
		1
	},
	[0.0833333333333] = {
		0.670781,
		0.395042,
		-0.627689,
		0,
		0.719519,
		-0.141395,
		0.679927,
		0,
		0.179848,
		-0.907716,
		-0.379085,
		0,
		-0.279131,
		0.227364,
		0.166333,
		1
	},
	[0.116666666667] = {
		0.948802,
		0.079719,
		-0.305646,
		0,
		0.313907,
		-0.130215,
		0.940482,
		0,
		0.035175,
		-0.988276,
		-0.148572,
		0,
		-0.239883,
		0.340654,
		0.139266,
		1
	},
	[0.133333333333] = {
		0.995287,
		-0.080947,
		-0.053407,
		0,
		0.054073,
		0.006055,
		0.998519,
		0,
		-0.080503,
		-0.9967,
		0.010404,
		0,
		-0.214982,
		0.397619,
		0.117157,
		1
	},
	[0.15] = {
		0.960893,
		-0.188389,
		0.202965,
		0,
		-0.163362,
		0.206186,
		0.96478,
		0,
		-0.223602,
		-0.960207,
		0.167347,
		0,
		-0.182834,
		0.448177,
		0.090778,
		1
	},
	[0.166666666667] = {
		0.839289,
		-0.248153,
		0.48375,
		0,
		-0.29927,
		0.531972,
		0.792113,
		0,
		-0.453907,
		-0.809584,
		0.372214,
		0,
		-0.140655,
		0.50487,
		0.056367,
		1
	},
	[0.183333333333] = {
		0.648481,
		-0.246283,
		0.720289,
		0,
		-0.192869,
		0.862185,
		0.468442,
		0,
		-0.736392,
		-0.442698,
		0.511611,
		0,
		-0.077933,
		0.569164,
		0.012168,
		1
	},
	[0.1] = {
		0.828942,
		0.242352,
		-0.504104,
		0,
		0.548342,
		-0.174308,
		0.817886,
		0,
		0.110347,
		-0.954401,
		-0.277383,
		0,
		-0.261894,
		0.282261,
		0.155691,
		1
	},
	[0.216666666667] = {
		0.401983,
		-0.098583,
		0.910325,
		0,
		0.88466,
		0.298266,
		-0.358349,
		0,
		-0.236192,
		0.949378,
		0.20711,
		0,
		0.156866,
		0.621277,
		-0.104234,
		1
	},
	[0.233333333333] = {
		0.51144,
		-0.071607,
		0.85633,
		0,
		0.858185,
		0.093744,
		-0.504709,
		0,
		-0.044135,
		0.993018,
		0.109397,
		0,
		0.26062,
		0.615864,
		-0.153333,
		1
	},
	[0.25] = {
		0.587424,
		-0.085596,
		0.80474,
		0,
		0.797468,
		-0.108047,
		-0.593608,
		0,
		0.13776,
		0.990454,
		0.004791,
		0,
		0.373055,
		0.592442,
		-0.213268,
		1
	},
	[0.266666666667] = {
		0.597735,
		-0.091122,
		0.796498,
		0,
		0.751898,
		-0.280974,
		-0.596409,
		0,
		0.278141,
		0.95538,
		-0.099434,
		0,
		0.489666,
		0.511589,
		-0.276332,
		1
	},
	[0.283333333333] = {
		0.541806,
		0.009631,
		0.840448,
		0,
		0.759164,
		-0.434745,
		-0.484424,
		0,
		0.360715,
		0.900502,
		-0.242859,
		0,
		0.601398,
		0.347607,
		-0.323653,
		1
	},
	[0.2] = {
		0.332145,
		-0.200612,
		0.921648,
		0,
		0.781592,
		0.605518,
		-0.14987,
		0,
		-0.528009,
		0.770132,
		0.357917,
		0,
		0.062901,
		0.618483,
		-0.060122,
		1
	},
	[0.316666666667] = {
		0.448791,
		-0.030843,
		0.893104,
		0,
		0.79005,
		-0.453356,
		-0.412662,
		0,
		0.417622,
		0.890796,
		-0.179094,
		0,
		0.691112,
		0.018144,
		-0.341795,
		1
	},
	[0.333333333333] = {
		0.471996,
		-0.099583,
		0.875958,
		0,
		0.765141,
		-0.447288,
		-0.463134,
		0,
		0.437926,
		0.888829,
		-0.134923,
		0,
		0.671805,
		-0.010277,
		-0.339345,
		1
	},
	[0.35] = {
		0.542611,
		-0.145154,
		0.827347,
		0,
		0.71342,
		-0.440291,
		-0.545139,
		0,
		0.443402,
		0.886044,
		-0.135351,
		0,
		0.563316,
		-0.016542,
		-0.334272,
		1
	},
	[0.366666666667] = {
		0.660054,
		-0.12887,
		0.740082,
		0,
		0.626327,
		-0.449553,
		-0.63688,
		0,
		0.41478,
		0.883909,
		-0.216015,
		0,
		0.498056,
		-0.017696,
		-0.344287,
		1
	},
	[0.383333333333] = {
		0.735053,
		0.381314,
		0.560621,
		0,
		0.670399,
		-0.532293,
		-0.516942,
		0,
		0.101298,
		0.75582,
		-0.646897,
		0,
		0.500775,
		-0.027932,
		-0.361213,
		1
	},
	[0.3] = {
		0.472722,
		0.019702,
		0.880992,
		0,
		0.790421,
		-0.45146,
		-0.414027,
		0,
		0.389576,
		0.892074,
		-0.228988,
		0,
		0.687284,
		0.151722,
		-0.344633,
		1
	},
	[0.416666666667] = {
		0.942822,
		0.331265,
		0.036733,
		0,
		0.272866,
		-0.703891,
		-0.655806,
		0,
		-0.19139,
		0.628332,
		-0.754035,
		0,
		0.514725,
		-0.020176,
		-0.407455,
		1
	},
	[0.433333333333] = {
		0.869172,
		0.487248,
		-0.084434,
		0,
		0.367277,
		-0.750395,
		-0.549558,
		0,
		-0.33113,
		0.44665,
		-0.831178,
		0,
		0.542896,
		-0.028309,
		-0.424709,
		1
	},
	[0.45] = {
		0.790137,
		0.581871,
		-0.192639,
		0,
		0.449219,
		-0.763572,
		-0.463853,
		0,
		-0.416997,
		0.279971,
		-0.864714,
		0,
		0.558124,
		-0.033409,
		-0.442165,
		1
	},
	[0.466666666667] = {
		0.728364,
		0.629102,
		-0.271508,
		0,
		0.507134,
		-0.761422,
		-0.403797,
		0,
		-0.460762,
		0.15642,
		-0.873631,
		0,
		0.549648,
		-0.036688,
		-0.45961,
		1
	},
	[0.483333333333] = {
		0.695018,
		0.645907,
		-0.315838,
		0,
		0.537619,
		-0.758544,
		-0.368207,
		0,
		-0.477405,
		0.08611,
		-0.874454,
		0,
		0.524172,
		-0.038793,
		-0.476326,
		1
	},
	[0.4] = {
		0.982548,
		0.117915,
		0.143859,
		0,
		0.185995,
		-0.613147,
		-0.767761,
		0,
		-0.002324,
		0.781119,
		-0.624378,
		0,
		0.484859,
		-0.015046,
		-0.390431,
		1
	},
	[0.516666666667] = {
		0.717286,
		0.625039,
		-0.30794,
		0,
		0.520068,
		-0.774373,
		-0.360383,
		0,
		-0.463714,
		0.098347,
		-0.88051,
		0,
		0.463485,
		-0.03987,
		-0.50547,
		1
	},
	[0.533333333333] = {
		0.763539,
		0.589057,
		-0.264613,
		0,
		0.476187,
		-0.790375,
		-0.385426,
		0,
		-0.436181,
		0.168283,
		-0.883984,
		0,
		0.429152,
		-0.038856,
		-0.52135,
		1
	},
	[0.55] = {
		0.774402,
		0.628026,
		-0.076712,
		0,
		0.55515,
		-0.732638,
		-0.393764,
		0,
		-0.303496,
		0.262345,
		-0.916005,
		0,
		0.405964,
		-0.033414,
		-0.539099,
		1
	},
	[0.566666666667] = {
		0.845563,
		0.53369,
		-0.014098,
		0,
		0.468957,
		-0.755105,
		-0.458143,
		0,
		-0.255152,
		0.380777,
		-0.888767,
		0,
		0.367807,
		-0.030606,
		-0.55676,
		1
	},
	[0.583333333333] = {
		0.909377,
		0.41392,
		0.041285,
		0,
		0.370169,
		-0.759969,
		-0.534249,
		0,
		-0.189761,
		0.501116,
		-0.844319,
		0,
		0.329248,
		-0.02619,
		-0.574372,
		1
	},
	[0.5] = {
		0.692337,
		0.643356,
		-0.326745,
		0,
		0.541319,
		-0.7625,
		-0.354355,
		0,
		-0.47712,
		0.06846,
		-0.876168,
		0,
		0.495342,
		-0.039789,
		-0.491163,
		1
	},
	[0.616666666667] = {
		0.985411,
		0.139488,
		0.09751,
		0,
		0.167945,
		-0.704195,
		-0.689858,
		0,
		-0.027561,
		0.69617,
		-0.717347,
		0,
		0.254203,
		-0.01381,
		-0.606929,
		1
	},
	[0.633333333333] = {
		0.995599,
		0.010173,
		0.093161,
		0,
		0.077326,
		-0.650802,
		-0.7553,
		0,
		0.052946,
		0.75918,
		-0.648724,
		0,
		0.21871,
		-0.00704,
		-0.621109,
		1
	},
	[0.65] = {
		0.992425,
		-0.10094,
		0.070027,
		0,
		-0.003051,
		-0.590091,
		-0.807331,
		0,
		0.122814,
		0.801002,
		-0.585929,
		0,
		0.184786,
		-0.00066,
		-0.633762,
		1
	},
	[0.666666666667] = {
		0.981422,
		-0.189166,
		0.032063,
		0,
		-0.074403,
		-0.529271,
		-0.845184,
		0,
		0.17685,
		0.827097,
		-0.533512,
		0,
		0.152391,
		0.004944,
		-0.644957,
		1
	},
	[0.683333333333] = {
		0.967345,
		-0.252864,
		-0.01741,
		0,
		-0.139563,
		-0.474047,
		-0.869368,
		0,
		0.211579,
		0.843409,
		-0.493858,
		0,
		0.121436,
		0.009549,
		-0.654776,
		1
	},
	[0.6] = {
		0.957177,
		0.27819,
		0.080138,
		0,
		0.267233,
		-0.742555,
		-0.614165,
		0,
		-0.111347,
		0.609281,
		-0.785098,
		0,
		0.291165,
		-0.020409,
		-0.591264,
		1
	},
	[0.716666666667] = {
		0.940857,
		-0.305996,
		-0.145446,
		0,
		-0.26498,
		-0.397079,
		-0.8787,
		0,
		0.211125,
		0.865271,
		-0.454677,
		0,
		0.063519,
		0.015206,
		-0.670261,
		1
	},
	[0.733333333333] = {
		0.929728,
		-0.317525,
		-0.186503,
		0,
		-0.305098,
		-0.380594,
		-0.872962,
		0,
		0.206205,
		0.868519,
		-0.450725,
		0,
		0.039318,
		0.016207,
		-0.676862,
		1
	},
	[0.75] = {
		0.918486,
		-0.326962,
		-0.222439,
		0,
		-0.340013,
		-0.365722,
		-0.866394,
		0,
		0.201927,
		0.871403,
		-0.447082,
		0,
		0.018778,
		0.01716,
		-0.682554,
		1
	},
	[0.766666666667] = {
		0.907588,
		-0.334604,
		-0.253623,
		0,
		-0.370147,
		-0.352521,
		-0.859488,
		0,
		0.198181,
		0.873939,
		-0.443796,
		0,
		0.002309,
		0.018068,
		-0.687287,
		1
	},
	[0.783333333333] = {
		0.897357,
		-0.340717,
		-0.280467,
		0,
		-0.395952,
		-0.340987,
		-0.852614,
		0,
		0.194865,
		0.87615,
		-0.440895,
		0,
		-0.010574,
		0.018915,
		-0.691017,
		1
	},
	[0.7] = {
		0.953394,
		-0.291848,
		-0.076573,
		0,
		-0.201971,
		-0.428751,
		-0.880557,
		0,
		0.224158,
		0.854984,
		-0.467714,
		0,
		0.091835,
		0.013017,
		-0.663241,
		1
	},
	[0.816666666667] = {
		0.879661,
		-0.349252,
		-0.322832,
		0,
		-0.436364,
		-0.322694,
		-0.839914,
		0,
		0.189166,
		0.879711,
		-0.436262,
		0,
		-0.027472,
		0.020399,
		-0.695566,
		1
	},
	[0.833333333333] = {
		0.872373,
		-0.352043,
		-0.339162,
		0,
		-0.451804,
		-0.315737,
		-0.834376,
		0,
		0.186651,
		0.881122,
		-0.434495,
		0,
		-0.032388,
		0.021039,
		-0.696956,
		1
	},
	[0.85] = {
		0.866138,
		-0.354051,
		-0.35278,
		0,
		-0.464591,
		-0.310071,
		-0.829465,
		0,
		0.184286,
		0.882329,
		-0.433052,
		0,
		-0.03554,
		0.021618,
		-0.697919,
		1
	},
	[0.866666666667] = {
		0.8609,
		-0.355397,
		-0.364067,
		0,
		-0.475098,
		-0.305547,
		-0.825181,
		0,
		0.182027,
		0.883365,
		-0.431893,
		0,
		-0.037371,
		0.022141,
		-0.698509,
		1
	},
	[0.883333333333] = {
		0.856569,
		-0.356185,
		-0.373392,
		0,
		-0.483683,
		-0.302007,
		-0.821488,
		0,
		0.179835,
		0.884265,
		-0.43097,
		0,
		-0.03832,
		0.02262,
		-0.698774,
		1
	},
	[0.8] = {
		0.888006,
		-0.345533,
		-0.303399,
		0,
		-0.417882,
		-0.331073,
		-0.846029,
		0,
		0.191884,
		0.878065,
		-0.438387,
		0,
		-0.020349,
		0.019692,
		-0.693694,
		1
	},
	[0.916666666667] = {
		0.850134,
		-0.356442,
		-0.387585,
		0,
		-0.496452,
		-0.297205,
		-0.8156,
		0,
		0.175522,
		0.885787,
		-0.42962,
		0,
		-0.039584,
		0.023503,
		-0.69852,
		1
	},
	[0.933333333333] = {
		0.847735,
		-0.356063,
		-0.393147,
		0,
		-0.501295,
		-0.295595,
		-0.81322,
		0,
		0.173345,
		0.886478,
		-0.429078,
		0,
		-0.040186,
		0.023946,
		-0.698085,
		1
	},
	[0.95] = {
		0.845665,
		-0.355437,
		-0.398139,
		0,
		-0.505536,
		-0.294273,
		-0.811071,
		0,
		0.171123,
		0.887168,
		-0.428543,
		0,
		-0.040768,
		0.02442,
		-0.697495,
		1
	},
	[0.966666666667] = {
		0.843751,
		-0.354629,
		-0.402893,
		0,
		-0.509489,
		-0.293059,
		-0.809035,
		0,
		0.168836,
		0.887893,
		-0.427948,
		0,
		-0.04133,
		0.024946,
		-0.696789,
		1
	},
	[0.983333333333] = {
		0.84181,
		-0.3537,
		-0.407739,
		0,
		-0.513463,
		-0.291771,
		-0.806985,
		0,
		0.166464,
		0.888688,
		-0.427228,
		0,
		-0.041874,
		0.025545,
		-0.696006,
		1
	},
	[0.9] = {
		0.853027,
		-0.356507,
		-0.381114,
		0,
		-0.49069,
		-0.299284,
		-0.818323,
		0,
		0.177676,
		0.885061,
		-0.430231,
		0,
		-0.038963,
		0.023068,
		-0.698763,
		1
	},
	[1.01666666667] = {
		0.837101,
		-0.351709,
		-0.419003,
		0,
		-0.522696,
		-0.288244,
		-0.802312,
		0,
		0.161405,
		0.890627,
		-0.425126,
		0,
		-0.042904,
		0.027047,
		-0.694355,
		1
	},
	[1.03333333333] = {
		0.833935,
		-0.350752,
		-0.426059,
		0,
		-0.528555,
		-0.285639,
		-0.7994,
		0,
		0.158692,
		0.891843,
		-0.423596,
		0,
		-0.043391,
		0.02799,
		-0.693561,
		1
	},
	[1.05] = {
		0.829946,
		-0.349881,
		-0.43448,
		0,
		-0.535633,
		-0.282231,
		-0.795892,
		0,
		0.155844,
		0.893269,
		-0.421644,
		0,
		-0.043857,
		0.02909,
		-0.692835,
		1
	},
	[1.06666666667] = {
		0.824905,
		-0.34913,
		-0.444568,
		0,
		-0.544212,
		-0.277835,
		-0.791606,
		0,
		0.152857,
		0.894939,
		-0.419189,
		0,
		-0.044301,
		0.030366,
		-0.692211,
		1
	},
	[1.08333333333] = {
		0.81856,
		-0.34852,
		-0.456611,
		0,
		-0.554562,
		-0.272269,
		-0.786339,
		0,
		0.149734,
		0.896885,
		-0.416145,
		0,
		-0.04472,
		0.031837,
		-0.691721,
		1
	}
}

return spline_matrices
