-- chunkname: @content/characters/player/human/first_person/animations/combat_sword/heavy_swing_right.lua

local spline_matrices = {
	[0.0166666666667] = {
		-0.235835,
		0.277809,
		0.931238,
		0,
		-0.93216,
		0.206208,
		-0.297584,
		0,
		-0.2747,
		-0.938243,
		0.210332,
		0,
		-0.435729,
		0.056849,
		-0.149344,
		1
	},
	[0.0333333333333] = {
		-0.248488,
		0.237264,
		0.939127,
		0,
		-0.939081,
		0.178658,
		-0.293612,
		0,
		-0.237446,
		-0.954875,
		0.178416,
		0,
		-0.441888,
		0.098088,
		-0.137373,
		1
	},
	[0.05] = {
		-0.213645,
		0.190915,
		0.958075,
		0,
		-0.957199,
		0.155109,
		-0.244358,
		0,
		-0.195258,
		-0.969274,
		0.149605,
		0,
		-0.441435,
		0.159068,
		-0.118856,
		1
	},
	[0.0666666666667] = {
		-0.169163,
		0.155617,
		0.973225,
		0,
		-0.964958,
		0.174829,
		-0.195681,
		0,
		-0.200599,
		-0.972223,
		0.12059,
		0,
		-0.430441,
		0.231432,
		-0.100604,
		1
	},
	[0.0833333333333] = {
		-0.112487,
		0.128764,
		0.985275,
		0,
		-0.948243,
		0.282422,
		-0.145168,
		0,
		-0.296955,
		-0.950609,
		0.090331,
		0,
		-0.417476,
		0.318316,
		-0.085334,
		1
	},
	[0] = {
		-0.233912,
		0.306296,
		0.92275,
		0,
		-0.934642,
		0.190601,
		-0.300194,
		0,
		-0.267825,
		-0.93266,
		0.241693,
		0,
		-0.427156,
		0.040142,
		-0.152973,
		1
	},
	[0.116666666667] = {
		0.028929,
		-0.00401,
		0.999573,
		0,
		-0.247982,
		0.968701,
		0.011063,
		0,
		-0.968333,
		-0.248196,
		0.027029,
		0,
		-0.32391,
		0.582048,
		-0.073249,
		1
	},
	[0.133333333333] = {
		-0.013229,
		-0.10816,
		0.994045,
		0,
		0.572445,
		0.814278,
		0.096218,
		0,
		-0.819837,
		0.570309,
		0.051143,
		0,
		-0.142038,
		0.694493,
		-0.067861,
		1
	},
	[0.15] = {
		-0.064133,
		-0.102365,
		0.992677,
		0,
		0.945417,
		0.312229,
		0.093276,
		0,
		-0.319491,
		0.944476,
		0.076753,
		0,
		0.098296,
		0.703623,
		-0.06437,
		1
	},
	[0.166666666667] = {
		-0.043009,
		-0.058139,
		0.997382,
		0,
		0.973888,
		-0.225185,
		0.02887,
		0,
		0.222917,
		0.97258,
		0.066306,
		0,
		0.326204,
		0.671679,
		-0.066941,
		1
	},
	[0.183333333333] = {
		-0.042401,
		-0.042932,
		0.998178,
		0,
		0.865046,
		-0.501463,
		0.015178,
		0,
		0.499897,
		0.864113,
		0.058401,
		0,
		0.47798,
		0.545811,
		-0.06796,
		1
	},
	[0.1] = {
		-0.042222,
		0.094895,
		0.994591,
		0,
		-0.843489,
		0.530153,
		-0.08639,
		0,
		-0.535484,
		-0.842575,
		0.057659,
		0,
		-0.402367,
		0.421311,
		-0.076493,
		1
	},
	[0.216666666667] = {
		-0.052719,
		-0.04292,
		0.997687,
		0,
		0.607741,
		-0.794133,
		-0.002049,
		0,
		0.792384,
		0.606227,
		0.06795,
		0,
		0.628364,
		0.179066,
		-0.07128,
		1
	},
	[0.233333333333] = {
		-0.065556,
		-0.055495,
		0.996305,
		0,
		0.471527,
		-0.881666,
		-0.018084,
		0,
		0.879411,
		0.468599,
		0.083966,
		0,
		0.658759,
		-0.016378,
		-0.075032,
		1
	},
	[0.25] = {
		-0.069026,
		-0.066285,
		0.99541,
		0,
		0.364786,
		-0.930369,
		-0.036658,
		0,
		0.928529,
		0.360582,
		0.0884,
		0,
		0.673461,
		-0.168584,
		-0.081879,
		1
	},
	[0.266666666667] = {
		-0.045138,
		-0.069738,
		0.996544,
		0,
		0.303573,
		-0.951343,
		-0.052825,
		0,
		0.951738,
		0.300139,
		0.064112,
		0,
		0.676327,
		-0.230947,
		-0.092997,
		1
	},
	[0.283333333333] = {
		0.010164,
		-0.065579,
		0.997796,
		0,
		0.290351,
		-0.954662,
		-0.065702,
		0,
		0.956866,
		0.290379,
		0.009338,
		0,
		0.662226,
		-0.23056,
		-0.127938,
		1
	},
	[0.2] = {
		-0.046648,
		-0.037004,
		0.998226,
		0,
		0.746802,
		-0.664968,
		0.010248,
		0,
		0.663409,
		0.745955,
		0.058654,
		0,
		0.577024,
		0.364201,
		-0.069094,
		1
	},
	[0.316666666667] = {
		0.17331,
		-0.037456,
		0.984155,
		0,
		0.355442,
		-0.92955,
		-0.097972,
		0,
		0.91849,
		0.36679,
		-0.147787,
		0,
		0.578718,
		-0.224578,
		-0.290258,
		1
	},
	[0.333333333333] = {
		0.268383,
		-0.008431,
		0.963275,
		0,
		0.416788,
		-0.900506,
		-0.124005,
		0,
		0.868481,
		0.434762,
		-0.238166,
		0,
		0.519439,
		-0.219536,
		-0.393842,
		1
	},
	[0.35] = {
		0.362796,
		0.031974,
		0.93132,
		0,
		0.484781,
		-0.860003,
		-0.159321,
		0,
		0.795843,
		0.509287,
		-0.327506,
		0,
		0.455343,
		-0.213439,
		-0.496401,
		1
	},
	[0.366666666667] = {
		0.44987,
		0.082301,
		0.889294,
		0,
		0.550472,
		-0.809663,
		-0.203537,
		0,
		0.703277,
		0.581096,
		-0.409547,
		0,
		0.386032,
		-0.207903,
		-0.523102,
		1
	},
	[0.383333333333] = {
		0.524869,
		0.139312,
		0.839705,
		0,
		0.606806,
		-0.753054,
		-0.254356,
		0,
		0.596908,
		0.643041,
		-0.47979,
		0,
		0.335115,
		-0.199434,
		-0.536932,
		1
	},
	[0.3] = {
		0.084941,
		-0.055737,
		0.994826,
		0,
		0.310289,
		-0.947307,
		-0.079568,
		0,
		0.94684,
		0.315442,
		-0.06317,
		0,
		0.628,
		-0.228337,
		-0.197654,
		1
	},
	[0.416666666667] = {
		0.637151,
		0.268903,
		0.722309,
		0,
		0.685904,
		-0.625265,
		-0.372262,
		0,
		0.351532,
		0.732621,
		-0.58283,
		0,
		0.270122,
		-0.165899,
		-0.552863,
		1
	},
	[0.433333333333] = {
		0.675344,
		0.357697,
		0.644953,
		0,
		0.714561,
		-0.533786,
		-0.452189,
		0,
		0.18252,
		0.766241,
		-0.616085,
		0,
		0.24376,
		-0.119544,
		-0.561819,
		1
	},
	[0.45] = {
		0.690861,
		0.455964,
		0.561077,
		0,
		0.722973,
		-0.430836,
		-0.540084,
		0,
		-0.004526,
		0.778767,
		-0.627297,
		0,
		0.219103,
		-0.061552,
		-0.568974,
		1
	},
	[0.466666666667] = {
		0.682119,
		0.55076,
		0.481016,
		0,
		0.707493,
		-0.330795,
		-0.624523,
		0,
		-0.184845,
		0.766315,
		-0.6153,
		0,
		0.197306,
		-0.00347,
		-0.572197,
		1
	},
	[0.483333333333] = {
		0.657377,
		0.629302,
		0.41453,
		0,
		0.675434,
		-0.248146,
		-0.694415,
		0,
		-0.334133,
		0.73648,
		-0.588177,
		0,
		0.180029,
		0.042352,
		-0.571596,
		1
	},
	[0.4] = {
		0.585761,
		0.198723,
		0.785744,
		0,
		0.64945,
		-0.695072,
		-0.308364,
		0,
		0.48487,
		0.690929,
		-0.536207,
		0,
		0.29869,
		-0.189932,
		-0.545129,
		1
	},
	[0.516666666667] = {
		0.60908,
		0.719943,
		0.332721,
		0,
		0.612049,
		-0.159869,
		-0.774492,
		0,
		-0.504399,
		0.675369,
		-0.538013,
		0,
		0.159994,
		0.068125,
		-0.567851,
		1
	},
	[0.533333333333] = {
		0.586101,
		0.75184,
		0.302031,
		0,
		0.582539,
		-0.131931,
		-0.802024,
		0,
		-0.563146,
		0.646011,
		-0.515301,
		0,
		0.152374,
		0.071858,
		-0.56582,
		1
	},
	[0.55] = {
		0.563543,
		0.778814,
		0.275441,
		0,
		0.554065,
		-0.109036,
		-0.825302,
		0,
		-0.612724,
		0.617705,
		-0.49296,
		0,
		0.145463,
		0.074937,
		-0.563596,
		1
	},
	[0.566666666667] = {
		0.542121,
		0.801476,
		0.252469,
		0,
		0.527253,
		-0.090496,
		-0.844875,
		0,
		-0.6543,
		0.59114,
		-0.471641,
		0,
		0.139211,
		0.077447,
		-0.561242,
		1
	},
	[0.583333333333] = {
		0.522313,
		0.820403,
		0.232653,
		0,
		0.502503,
		-0.075682,
		-0.861257,
		0,
		-0.68897,
		0.566755,
		-0.451785,
		0,
		0.133565,
		0.079457,
		-0.558807,
		1
	},
	[0.5] = {
		0.631481,
		0.682512,
		0.367978,
		0,
		0.641674,
		-0.193564,
		-0.74215,
		0,
		-0.435299,
		0.704776,
		-0.560183,
		0,
		0.168361,
		0.06364,
		-0.569612,
		1
	},
	[0.616666666667] = {
		0.488622,
		0.849067,
		0.200833,
		0,
		0.459977,
		-0.055087,
		-0.88622,
		0,
		-0.741397,
		0.525406,
		-0.417468,
		0,
		0.123879,
		0.0822,
		-0.553836,
		1
	},
	[0.633333333333] = {
		0.474979,
		0.859654,
		0.188122,
		0,
		0.442323,
		-0.048417,
		-0.895548,
		0,
		-0.760753,
		0.508577,
		-0.403242,
		0,
		0.119739,
		0.083023,
		-0.551351,
		1
	},
	[0.65] = {
		0.463496,
		0.86821,
		0.177151,
		0,
		0.427035,
		-0.043688,
		-0.903179,
		0,
		-0.77641,
		0.49427,
		-0.391005,
		0,
		0.116005,
		0.083531,
		-0.54889,
		1
	},
	[0.666666666667] = {
		0.454125,
		0.875017,
		0.16768,
		0,
		0.414028,
		-0.040616,
		-0.909357,
		0,
		-0.788893,
		0.482386,
		-0.380726,
		0,
		0.112637,
		0.083755,
		-0.546464,
		1
	},
	[0.683333333333] = {
		0.446781,
		0.880309,
		0.159507,
		0,
		0.403188,
		-0.038966,
		-0.914287,
		0,
		-0.79864,
		0.472798,
		-0.37234,
		0,
		0.109596,
		0.083725,
		-0.544081,
		1
	},
	[0.6] = {
		0.504424,
		0.836114,
		0.215567,
		0,
		0.480042,
		-0.06404,
		-0.874905,
		0,
		-0.717716,
		0.544804,
		-0.433673,
		0,
		0.128472,
		0.081025,
		-0.556329,
		1
	},
	[0.716666666667] = {
		0.437738,
		0.887102,
		0.146408,
		0,
		0.38748,
		-0.039191,
		-0.921045,
		0,
		-0.811323,
		0.459906,
		-0.36089,
		0,
		0.104362,
		0.083002,
		-0.539464,
		1
	},
	[0.733333333333] = {
		0.435781,
		0.888905,
		0.141223,
		0,
		0.382324,
		-0.040772,
		-0.923128,
		0,
		-0.814815,
		0.456274,
		-0.357617,
		0,
		0.102108,
		0.082357,
		-0.537234,
		1
	},
	[0.75] = {
		0.435347,
		0.889807,
		0.136809,
		0,
		0.378769,
		-0.043176,
		-0.924483,
		0,
		-0.816705,
		0.454291,
		-0.355828,
		0,
		0.10006,
		0.081553,
		-0.535059,
		1
	},
	[0.766666666667] = {
		0.436292,
		0.889909,
		0.133083,
		0,
		0.376664,
		-0.046306,
		-0.925192,
		0,
		-0.817174,
		0.453781,
		-0.355399,
		0,
		0.098192,
		0.080611,
		-0.532937,
		1
	},
	[0.783333333333] = {
		0.438463,
		0.889302,
		0.129971,
		0,
		0.375856,
		-0.050078,
		-0.925324,
		0,
		-0.816383,
		0.454571,
		-0.356207,
		0,
		0.096482,
		0.07955,
		-0.530866,
		1
	},
	[0.7] = {
		0.44136,
		0.884283,
		0.152463,
		0,
		0.394386,
		-0.038544,
		-0.918136,
		0,
		-0.806016,
		0.465358,
		-0.36576,
		0,
		0.106848,
		0.083466,
		-0.541746,
		1
	},
	[0.816666666667] = {
		0.445876,
		0.886276,
		0.125337,
		0,
		0.377529,
		-0.059244,
		-0.924101,
		0,
		-0.811583,
		0.459352,
		-0.36101,
		0,
		0.093447,
		0.077156,
		-0.526875,
		1
	},
	[0.833333333333] = {
		0.450803,
		0.88401,
		0.123701,
		0,
		0.379706,
		-0.064495,
		-0.922856,
		0,
		-0.807836,
		0.462997,
		-0.364739,
		0,
		0.092081,
		0.07586,
		-0.524949,
		1
	},
	[0.85] = {
		0.456334,
		0.881344,
		0.122444,
		0,
		0.382576,
		-0.070097,
		-0.921261,
		0,
		-0.803365,
		0.467247,
		-0.369169,
		0,
		0.090789,
		0.074525,
		-0.523067,
		1
	},
	[0.866666666667] = {
		0.462307,
		0.878355,
		0.121511,
		0,
		0.385989,
		-0.075974,
		-0.91937,
		0,
		-0.798301,
		0.471933,
		-0.374159,
		0,
		0.089553,
		0.073169,
		-0.521227,
		1
	},
	[0.883333333333] = {
		0.468602,
		0.875105,
		0.120842,
		0,
		0.389791,
		-0.082065,
		-0.917239,
		0,
		-0.792764,
		0.476923,
		-0.379564,
		0,
		0.088355,
		0.071806,
		-0.519425,
		1
	},
	[0.8] = {
		0.44171,
		0.888065,
		0.127409,
		0,
		0.376195,
		-0.054415,
		-0.924941,
		0,
		-0.814475,
		0.456486,
		-0.358121,
		0,
		0.094908,
		0.078392,
		-0.528846,
		1
	},
	[0.916666666667] = {
		0.481677,
		0.868089,
		0.120036,
		0,
		0.397947,
		-0.09463,
		-0.912515,
		0,
		-0.780785,
		0.487305,
		-0.391035,
		0,
		0.086014,
		0.069121,
		-0.51593,
		1
	},
	[0.933333333333] = {
		0.488163,
		0.864498,
		0.119755,
		0,
		0.401998,
		-0.100933,
		-0.91006,
		0,
		-0.774658,
		0.492399,
		-0.396798,
		0,
		0.084833,
		0.067833,
		-0.514233,
		1
	},
	[0.95] = {
		0.494415,
		0.860979,
		0.119449,
		0,
		0.405833,
		-0.107125,
		-0.907648,
		0,
		-0.76867,
		0.497231,
		-0.402378,
		0,
		0.083622,
		0.066605,
		-0.512567,
		1
	},
	[0.966666666667] = {
		0.500286,
		0.85764,
		0.11903,
		0,
		0.409302,
		-0.113104,
		-0.905361,
		0,
		-0.763011,
		0.501658,
		-0.407618,
		0,
		0.082362,
		0.065453,
		-0.51093,
		1
	},
	[0.983333333333] = {
		0.505623,
		0.854589,
		0.118419,
		0,
		0.41226,
		-0.118748,
		-0.903295,
		0,
		-0.757884,
		0.505546,
		-0.412354,
		0,
		0.081032,
		0.064406,
		-0.50932,
		1
	},
	[0.9] = {
		0.475107,
		0.871655,
		0.120373,
		0,
		0.393828,
		-0.088311,
		-0.914932,
		0,
		-0.786875,
		0.482097,
		-0.385239,
		0,
		0.087181,
		0.070452,
		-0.51766,
		1
	},
	[1.01666666667] = {
		0.514087,
		0.849826,
		0.116229,
		0,
		0.416059,
		-0.128569,
		-0.900203,
		0,
		-0.750073,
		0.511141,
		-0.419674,
		0,
		0.078091,
		0.062693,
		-0.506174,
		1
	},
	[1.03333333333] = {
		0.516904,
		0.848362,
		0.114418,
		0,
		0.416612,
		-0.132543,
		-0.89937,
		0,
		-0.747827,
		0.512556,
		-0.42195,
		0,
		0.076441,
		0.062046,
		-0.504637,
		1
	},
	[1.05] = {
		0.518565,
		0.847675,
		0.111975,
		0,
		0.416072,
		-0.135758,
		-0.899141,
		0,
		-0.746977,
		0.512852,
		-0.423093,
		0,
		0.074647,
		0.061551,
		-0.503124,
		1
	},
	[1.06666666667] = {
		0.518901,
		0.847884,
		0.108791,
		0,
		0.414291,
		-0.138117,
		-0.899604,
		0,
		-0.747734,
		0.511876,
		-0.422939,
		0,
		0.072691,
		0.061217,
		-0.501632,
		1
	},
	[1.08333333333] = {
		0.517738,
		0.849101,
		0.104764,
		0,
		0.411117,
		-0.13953,
		-0.900841,
		0,
		-0.750287,
		0.50947,
		-0.421319,
		0,
		0.070554,
		0.061051,
		-0.500159,
		1
	},
	{
		0.510275,
		0.851944,
		0.117524,
		0,
		0.41456,
		-0.123936,
		-0.901543,
		0,
		-0.753498,
		0.508755,
		-0.416423,
		0,
		0.079615,
		0.063482,
		-0.507735,
		1
	},
	[1.11666666667] = {
		0.510173,
		0.854936,
		0.093849,
		0,
		0.399953,
		-0.139224,
		-0.9059,
		0,
		-0.761421,
		0.499701,
		-0.412962,
		0,
		0.065678,
		0.061254,
		-0.497262,
		1
	},
	[1.13333333333] = {
		0.510173,
		0.854936,
		0.093849,
		0,
		0.399953,
		-0.139224,
		-0.9059,
		0,
		-0.761421,
		0.499701,
		-0.412962,
		0,
		0.065678,
		0.061254,
		-0.497262,
		1
	},
	[1.1] = {
		0.514894,
		0.851424,
		0.099807,
		0,
		0.406392,
		-0.139919,
		-0.902922,
		0,
		-0.754805,
		0.505469,
		-0.418055,
		0,
		0.068221,
		0.061061,
		-0.498704,
		1
	}
}

return spline_matrices
