local spline_matrices = {
	[0] = {
		0.155739,
		0.114229,
		-0.981171,
		0,
		0.513272,
		0.839312,
		0.179185,
		0,
		0.843977,
		-0.531513,
		0.072083,
		0,
		0.408753,
		0.170383,
		-0.260137,
		1
	},
	{
		0.983412,
		-0.180402,
		0.018882,
		0,
		-0.125494,
		-0.751845,
		-0.647287,
		0,
		0.130968,
		0.63418,
		-0.762013,
		0,
		-0.191788,
		-0.043232,
		0.000329,
		1
	},
	[0.0333333333333] = {
		0.051935,
		0.130954,
		-0.990027,
		0,
		0.531754,
		0.835512,
		0.13841,
		0,
		0.845305,
		-0.53364,
		-0.026243,
		0,
		0.410464,
		0.166224,
		-0.266771,
		1
	},
	[0.0666666666667] = {
		-0.054132,
		0.132022,
		-0.989768,
		0,
		0.544731,
		0.834637,
		0.081538,
		0,
		0.836862,
		-0.534743,
		-0.117097,
		0,
		0.40558,
		0.158479,
		-0.273938,
		1
	},
	[0.133333333333] = {
		-0.258594,
		0.102449,
		-0.960538,
		0,
		0.536234,
		0.842306,
		-0.054525,
		0,
		0.803481,
		-0.529173,
		-0.272752,
		0,
		0.382405,
		0.144114,
		-0.28876,
		1
	},
	[0.166666666667] = {
		-0.349365,
		0.078997,
		-0.933651,
		0,
		0.510339,
		0.851714,
		-0.118901,
		0,
		0.78581,
		-0.518018,
		-0.337874,
		0,
		0.367381,
		0.143681,
		-0.295614,
		1
	},
	[0.1] = {
		-0.158932,
		0.121294,
		-0.97981,
		0,
		0.547273,
		0.836823,
		0.014822,
		0,
		0.821725,
		-0.533868,
		-0.199379,
		0,
		0.395683,
		0.150099,
		-0.281384,
		1
	},
	[0.233333333333] = {
		-0.492738,
		0.03156,
		-0.869605,
		0,
		0.415852,
		0.886381,
		-0.203462,
		0,
		0.76438,
		-0.46188,
		-0.449878,
		0,
		0.338459,
		0.172818,
		-0.305615,
		1
	},
	[0.266666666667] = {
		-0.542129,
		0.014208,
		-0.840175,
		0,
		0.349466,
		0.913099,
		-0.210054,
		0,
		0.764179,
		-0.40749,
		-0.499983,
		0,
		0.32785,
		0.205331,
		-0.307726,
		1
	},
	[0.2] = {
		-0.428126,
		0.054282,
		-0.902087,
		0,
		0.469846,
		0.866053,
		-0.170872,
		0,
		0.77198,
		-0.496997,
		-0.396284,
		0,
		0.35221,
		0.152104,
		-0.301423,
		1
	},
	[0.333333333333] = {
		-0.56512,
		0.021939,
		-0.824717,
		0,
		0.140469,
		0.987609,
		-0.069982,
		0,
		0.812963,
		-0.155396,
		-0.561199,
		0,
		0.325299,
		0.452282,
		-0.292576,
		1
	},
	[0.366666666667] = {
		-0.420154,
		-0.014627,
		-0.907335,
		0,
		-0.40263,
		0.899067,
		0.17195,
		0,
		0.81324,
		0.437566,
		-0.383636,
		0,
		0.176342,
		0.645786,
		-0.193582,
		1
	},
	[0.3] = {
		-0.576196,
		0.006093,
		-0.817289,
		0,
		0.271117,
		0.944777,
		-0.184097,
		0,
		0.771034,
		-0.327657,
		-0.546028,
		0,
		0.320868,
		0.28017,
		-0.306386,
		1
	},
	[0.433333333333] = {
		-0.696769,
		0.014701,
		-0.717145,
		0,
		-0.709107,
		-0.164759,
		0.685582,
		0,
		-0.108077,
		0.986224,
		0.125224,
		0,
		-0.306723,
		0.667329,
		0.117966,
		1
	},
	[0.466666666667] = {
		-0.544324,
		0.067044,
		-0.836192,
		0,
		-0.714316,
		-0.559694,
		0.420113,
		0,
		-0.439846,
		0.825983,
		0.352545,
		0,
		-0.414971,
		0.473811,
		0.134673,
		1
	},
	[0.4] = {
		-0.586171,
		0.06309,
		-0.807727,
		0,
		-0.789924,
		0.177075,
		0.587082,
		0,
		0.180067,
		0.982173,
		-0.05396,
		0,
		-0.050412,
		0.694388,
		-0.007539,
		1
	},
	[0.533333333333] = {
		-0.312324,
		0.461996,
		-0.830069,
		0,
		-0.1068,
		-0.885315,
		-0.45256,
		0,
		-0.943953,
		-0.052694,
		0.325846,
		0,
		-0.504246,
		-0.109096,
		0.06324,
		1
	},
	[0.566666666667] = {
		-0.19908,
		0.56944,
		-0.797562,
		0,
		0.080693,
		-0.801564,
		-0.592438,
		0,
		-0.976655,
		-0.1823,
		0.113626,
		0,
		-0.518537,
		-0.192725,
		0.049233,
		1
	},
	[0.5] = {
		-0.397916,
		0.25771,
		-0.880482,
		0,
		-0.466136,
		-0.883415,
		-0.047908,
		0,
		-0.790178,
		0.391361,
		0.471653,
		0,
		-0.518648,
		0.060446,
		0.122728,
		1
	},
	[0.633333333333] = {
		0.110234,
		0.67323,
		-0.73117,
		0,
		0.240921,
		-0.731814,
		-0.6375,
		0,
		-0.964264,
		-0.10588,
		-0.242866,
		0,
		-0.534658,
		-0.287402,
		0.057088,
		1
	},
	[0.666666666667] = {
		0.244012,
		0.689405,
		-0.682041,
		0,
		0.28506,
		-0.723219,
		-0.629043,
		0,
		-0.92693,
		-0.040929,
		-0.372996,
		0,
		-0.514455,
		-0.298593,
		0.050021,
		1
	},
	[0.6] = {
		-0.043211,
		0.636157,
		-0.770349,
		0,
		0.181294,
		-0.753275,
		-0.632226,
		0,
		-0.982479,
		-0.166979,
		-0.082781,
		0,
		-0.538508,
		-0.251989,
		0.05788,
		1
	},
	[0.733333333333] = {
		0.527396,
		0.640319,
		-0.558431,
		0,
		0.309016,
		-0.756822,
		-0.57596,
		0,
		-0.791431,
		0.131195,
		-0.597014,
		0,
		-0.454109,
		-0.278365,
		0.037143,
		1
	},
	[0.766666666667] = {
		0.6628,
		0.573666,
		-0.481252,
		0,
		0.285633,
		-0.787801,
		-0.545696,
		0,
		-0.692178,
		0.224226,
		-0.686012,
		0,
		-0.417304,
		-0.252388,
		0.030971,
		1
	},
	[0.7] = {
		0.385058,
		0.678884,
		-0.625178,
		0,
		0.308559,
		-0.73313,
		-0.606063,
		0,
		-0.869783,
		0.040465,
		-0.491773,
		0,
		-0.487046,
		-0.294673,
		0.043466,
		1
	},
	[0.833333333333] = {
		0.877754,
		0.369498,
		-0.30499,
		0,
		0.177659,
		-0.842207,
		-0.509042,
		0,
		-0.444955,
		0.39263,
		-0.804896,
		0,
		-0.338402,
		-0.182496,
		0.019254,
		1
	},
	[0.866666666667] = {
		0.944955,
		0.246055,
		-0.215677,
		0,
		0.105394,
		-0.852922,
		-0.511288,
		0,
		-0.30976,
		0.460413,
		-0.831906,
		0,
		-0.299381,
		-0.144344,
		0.013959,
		1
	},
	[0.8] = {
		0.782195,
		0.481484,
		-0.395404,
		0,
		0.240223,
		-0.818642,
		-0.52165,
		0,
		-0.574861,
		0.313047,
		-0.756001,
		0,
		-0.378221,
		-0.219489,
		0.024973,
		1
	},
	[0.933333333333] = {
		0.998011,
		0.002313,
		-0.063003,
		0,
		-0.033674,
		-0.825284,
		-0.563713,
		0,
		-0.053299,
		0.564713,
		-0.823565,
		0,
		-0.229998,
		-0.076671,
		0.005217,
		1
	},
	[0.966666666667] = {
		0.994792,
		-0.101644,
		-0.007568,
		0,
		-0.085029,
		-0.786647,
		-0.61152,
		0,
		0.056204,
		0.608979,
		-0.791193,
		0,
		-0.203993,
		-0.053605,
		0.001971,
		1
	},
	[0.9] = {
		0.983691,
		0.120663,
		-0.133386,
		0,
		0.032141,
		-0.847577,
		-0.529698,
		0,
		-0.17697,
		0.516772,
		-0.837632,
		0,
		-0.262717,
		-0.108048,
		0.00924,
		1
	},
	[1.03333333333] = {
		0.974535,
		-0.222937,
		0.024078,
		0,
		-0.152531,
		-0.737786,
		-0.657576,
		0,
		0.164363,
		0.637158,
		-0.753004,
		0,
		-0.189226,
		-0.042844,
		-8e-05,
		1
	},
	[1.06666666667] = {
		0.970925,
		-0.238027,
		0.025468,
		0,
		-0.161912,
		-0.731336,
		-0.662519,
		0,
		0.176323,
		0.639133,
		-0.748612,
		0,
		-0.189129,
		-0.045375,
		-0.000261,
		1
	},
	[1.13333333333] = {
		0.976233,
		-0.215586,
		0.022186,
		0,
		-0.147467,
		-0.735792,
		-0.660957,
		0,
		0.158818,
		0.641976,
		-0.750096,
		0,
		-0.188627,
		-0.050831,
		-0.000145,
		1
	},
	[1.16666666667] = {
		0.981099,
		-0.192561,
		0.019132,
		0,
		-0.132791,
		-0.741874,
		-0.657259,
		0,
		0.140755,
		0.642296,
		-0.753422,
		0,
		-0.188941,
		-0.053886,
		5.4e-05,
		1
	},
	[1.1] = {
		0.97213,
		-0.233156,
		0.024527,
		0,
		-0.158687,
		-0.731402,
		-0.663226,
		0,
		0.172574,
		0.64085,
		-0.748017,
		0,
		-0.188616,
		-0.047886,
		-0.000268,
		1
	},
	[1.23333333333] = {
		0.987084,
		-0.159575,
		0.014151,
		0,
		-0.111909,
		-0.750041,
		-0.651855,
		0,
		0.114634,
		0.641852,
		-0.758212,
		0,
		-0.189707,
		-0.058996,
		0.000391,
		1
	},
	[1.26666666667] = {
		0.987108,
		-0.159458,
		0.013855,
		0,
		-0.111982,
		-0.749866,
		-0.652043,
		0,
		0.114363,
		0.642085,
		-0.758055,
		0,
		-0.189805,
		-0.05982,
		0.000404,
		1
	},
	[1.2] = {
		0.985066,
		-0.171419,
		0.016137,
		0,
		-0.119331,
		-0.747279,
		-0.653709,
		0,
		0.124117,
		0.64202,
		-0.756574,
		0,
		-0.189358,
		-0.05672,
		0.000259,
		1
	}
}

return spline_matrices
