local spline_matrices = {
	[0] = {
		0.926693,
		0.212953,
		0.309665,
		0,
		-0.364149,
		0.305033,
		0.879972,
		0,
		0.092935,
		-0.928227,
		0.360218,
		0,
		0.334125,
		0.081457,
		0.215344,
		1
	},
	{
		0.752053,
		-0.274787,
		-0.59909,
		0,
		-0.65822,
		-0.266108,
		-0.704225,
		0,
		0.034089,
		0.923947,
		-0.380998,
		0,
		0.079425,
		-0.094387,
		-0.762541,
		1
	},
	[0.0166666666667] = {
		0.967466,
		0.139946,
		0.210772,
		0,
		-0.246238,
		0.329491,
		0.911484,
		0,
		0.058111,
		-0.933729,
		0.353232,
		0,
		0.347673,
		0.10317,
		0.226858,
		1
	},
	[0.0333333333333] = {
		0.993723,
		0.057107,
		0.096196,
		0,
		-0.110281,
		0.355655,
		0.928088,
		0,
		0.018788,
		-0.932871,
		0.35972,
		0,
		0.365876,
		0.127767,
		0.237696,
		1
	},
	[0.05] = {
		0.999255,
		-0.02714,
		-0.027435,
		0,
		0.035671,
		0.378295,
		0.924997,
		0,
		-0.014726,
		-0.925287,
		0.378982,
		0,
		0.38559,
		0.155771,
		0.245181,
		1
	},
	[0.0666666666667] = {
		0.982847,
		-0.103242,
		-0.152817,
		0,
		0.181564,
		0.396306,
		0.899987,
		0,
		-0.032354,
		-0.912295,
		0.408253,
		0,
		0.40346,
		0.187803,
		0.246879,
		1
	},
	[0.0833333333333] = {
		0.948151,
		-0.161577,
		-0.273684,
		0,
		0.316841,
		0.412977,
		0.853851,
		0,
		-0.024937,
		-0.896294,
		0.442759,
		0,
		0.415913,
		0.229574,
		0.24062,
		1
	},
	[0.116666666667] = {
		0.877433,
		-0.173931,
		-0.447056,
		0,
		0.452867,
		0.607665,
		0.652422,
		0,
		0.158184,
		-0.774914,
		0.611953,
		0,
		0.413068,
		0.322313,
		0.195518,
		1
	},
	[0.133333333333] = {
		0.851158,
		-0.070181,
		-0.520197,
		0,
		0.327452,
		0.845538,
		0.421712,
		0,
		0.41025,
		-0.529283,
		0.742667,
		0,
		0.382259,
		0.386818,
		0.142699,
		1
	},
	[0.15] = {
		0.785437,
		0.07325,
		-0.614592,
		0,
		-0.03061,
		0.996354,
		0.079631,
		0,
		0.618185,
		-0.043733,
		0.784815,
		0,
		0.298519,
		0.454703,
		0.072962,
		1
	},
	[0.166666666667] = {
		0.689079,
		0.161313,
		-0.706504,
		0,
		-0.365248,
		0.919337,
		-0.146332,
		0,
		0.62591,
		0.358883,
		0.692416,
		0,
		0.171911,
		0.502283,
		0.018383,
		1
	},
	[0.183333333333] = {
		0.641062,
		0.178386,
		-0.74647,
		0,
		-0.524491,
		0.811889,
		-0.25641,
		0,
		0.560311,
		0.555891,
		0.614033,
		0,
		0.046171,
		0.551499,
		-0.02653,
		1
	},
	[0.1] = {
		0.909796,
		-0.19077,
		-0.368615,
		0,
		0.413571,
		0.4917,
		0.766283,
		0,
		0.035064,
		-0.84961,
		0.526244,
		0,
		0.418575,
		0.280591,
		0.223763,
		1
	},
	[0.216666666667] = {
		0.610033,
		0.127176,
		-0.782104,
		0,
		-0.774548,
		0.303906,
		-0.554722,
		0,
		0.167139,
		0.944175,
		0.283897,
		0,
		-0.185906,
		0.472201,
		-0.198417,
		1
	},
	[0.233333333333] = {
		0.399526,
		0.106499,
		-0.910515,
		0,
		-0.904521,
		-0.115711,
		-0.41043,
		0,
		-0.149067,
		0.987557,
		0.050101,
		0,
		-0.340712,
		0.333483,
		-0.27034,
		1
	},
	[0.25] = {
		0.222627,
		0.00718,
		-0.974877,
		0,
		-0.872967,
		-0.443703,
		-0.202622,
		0,
		-0.434011,
		0.896145,
		-0.092513,
		0,
		-0.434822,
		0.163301,
		-0.310908,
		1
	},
	[0.266666666667] = {
		0.160849,
		-0.065939,
		-0.984774,
		0,
		-0.822925,
		-0.55982,
		-0.096929,
		0,
		-0.544905,
		0.825986,
		-0.144309,
		0,
		-0.492739,
		0.070043,
		-0.337642,
		1
	},
	[0.283333333333] = {
		0.1155,
		-0.145163,
		-0.982643,
		0,
		-0.754753,
		-0.655958,
		0.00819,
		0,
		-0.645762,
		0.740706,
		-0.185325,
		0,
		-0.522431,
		-0.006897,
		-0.353544,
		1
	},
	[0.2] = {
		0.608209,
		0.182994,
		-0.772396,
		0,
		-0.674083,
		0.632902,
		-0.38085,
		0,
		0.419158,
		0.752295,
		0.50829,
		0,
		-0.066351,
		0.553892,
		-0.082599,
		1
	},
	[0.316666666667] = {
		0.098015,
		-0.241844,
		-0.965352,
		0,
		-0.687301,
		-0.717982,
		0.110088,
		0,
		-0.71973,
		0.652697,
		-0.236593,
		0,
		-0.499288,
		-0.095324,
		-0.395694,
		1
	},
	[0.333333333333] = {
		0.112283,
		-0.271606,
		-0.955836,
		0,
		-0.681309,
		-0.721258,
		0.124916,
		0,
		-0.723333,
		0.637194,
		-0.266033,
		0,
		-0.466956,
		-0.109589,
		-0.426322,
		1
	},
	[0.35] = {
		0.127271,
		-0.295372,
		-0.946867,
		0,
		-0.676898,
		-0.723637,
		0.134753,
		0,
		-0.72499,
		0.623783,
		-0.292035,
		0,
		-0.429267,
		-0.115495,
		-0.457521,
		1
	},
	[0.366666666667] = {
		0.14297,
		-0.313654,
		-0.938712,
		0,
		-0.67409,
		-0.725321,
		0.139687,
		0,
		-0.724681,
		0.612806,
		-0.31513,
		0,
		-0.395297,
		-0.121786,
		-0.485691,
		1
	},
	[0.383333333333] = {
		0.159346,
		-0.326965,
		-0.931506,
		0,
		-0.672876,
		-0.726411,
		0.139872,
		0,
		-0.722389,
		0.6045,
		-0.335758,
		0,
		-0.368518,
		-0.133782,
		-0.507352,
		1
	},
	[0.3] = {
		0.084459,
		-0.205598,
		-0.974985,
		0,
		-0.694822,
		-0.713495,
		0.090267,
		0,
		-0.714205,
		0.669817,
		-0.203115,
		0,
		-0.519665,
		-0.063725,
		-0.369362,
		1
	},
	[0.416666666667] = {
		0.194128,
		-0.340672,
		-0.919922,
		0,
		-0.675103,
		-0.726766,
		0.126676,
		0,
		-0.711723,
		0.596451,
		-0.371075,
		0,
		-0.329403,
		-0.166045,
		-0.538061,
		1
	},
	[0.433333333333] = {
		0.212589,
		-0.342032,
		-0.915325,
		0,
		-0.678434,
		-0.725817,
		0.113648,
		0,
		-0.70323,
		0.596828,
		-0.386347,
		0,
		-0.312722,
		-0.181816,
		-0.551625,
		1
	},
	[0.45] = {
		0.231813,
		-0.340361,
		-0.911272,
		0,
		-0.683162,
		-0.723853,
		0.096574,
		0,
		-0.692497,
		0.60016,
		-0.400321,
		0,
		-0.296886,
		-0.194353,
		-0.56477,
		1
	},
	[0.466666666667] = {
		0.251862,
		-0.336126,
		-0.907516,
		0,
		-0.689183,
		-0.720628,
		0.075638,
		0,
		-0.679405,
		0.606394,
		-0.413151,
		0,
		-0.281436,
		-0.2014,
		-0.57807,
		1
	},
	[0.483333333333] = {
		0.272814,
		-0.329894,
		-0.903738,
		0,
		-0.69634,
		-0.71589,
		0.051117,
		0,
		-0.66384,
		0.615363,
		-0.425023,
		0,
		-0.266055,
		-0.203264,
		-0.592202,
		1
	},
	[0.4] = {
		0.176393,
		-0.335808,
		-0.925267,
		0,
		-0.673229,
		-0.726917,
		0.135477,
		0,
		-0.718086,
		0.59902,
		-0.354299,
		0,
		-0.347386,
		-0.149307,
		-0.523509,
		1
	},
	[0.516666666667] = {
		0.317695,
		-0.313742,
		-0.894783,
		0,
		-0.713308,
		-0.70081,
		-0.007534,
		0,
		-0.624709,
		0.640649,
		-0.446438,
		0,
		-0.234527,
		-0.198281,
		-0.625022,
		1
	},
	[0.533333333333] = {
		0.341715,
		-0.304859,
		-0.888984,
		0,
		-0.722678,
		-0.689957,
		-0.041182,
		0,
		-0.600806,
		0.656521,
		-0.456084,
		0,
		-0.217706,
		-0.192484,
		-0.642616,
		1
	},
	[0.55] = {
		0.366799,
		-0.296163,
		-0.881899,
		0,
		-0.732295,
		-0.676578,
		-0.077365,
		0,
		-0.573761,
		0.674188,
		-0.465047,
		0,
		-0.199734,
		-0.185174,
		-0.660464,
		1
	},
	[0.566666666667] = {
		0.392905,
		-0.288219,
		-0.873244,
		0,
		-0.741869,
		-0.660469,
		-0.115803,
		0,
		-0.543374,
		0.693332,
		-0.473323,
		0,
		-0.180243,
		-0.176861,
		-0.678316,
		1
	},
	[0.583333333333] = {
		0.41994,
		-0.281611,
		-0.862754,
		0,
		-0.751079,
		-0.641468,
		-0.156202,
		0,
		-0.509442,
		0.713592,
		-0.480891,
		0,
		-0.159385,
		-0.168029,
		-0.695902,
		1
	},
	[0.5] = {
		0.294739,
		-0.322263,
		-0.899598,
		0,
		-0.704451,
		-0.70937,
		0.023315,
		0,
		-0.645661,
		0.62685,
		-0.436097,
		0,
		-0.250529,
		-0.202055,
		-0.607929,
		1
	},
	[0.616666666667] = {
		0.476111,
		-0.274771,
		-0.835356,
		0,
		-0.767001,
		-0.594409,
		-0.241635,
		0,
		-0.430148,
		0.755764,
		-0.493754,
		0,
		-0.113772,
		-0.148617,
		-0.719605,
		1
	},
	[0.633333333333] = {
		0.50662,
		-0.265531,
		-0.820262,
		0,
		-0.771142,
		-0.565044,
		-0.293368,
		0,
		-0.385586,
		0.781165,
		-0.491025,
		0,
		-0.090741,
		-0.138879,
		-0.727713,
		1
	},
	[0.65] = {
		0.535385,
		-0.258908,
		-0.803946,
		0,
		-0.772539,
		-0.534854,
		-0.342221,
		0,
		-0.34139,
		0.8043,
		-0.486369,
		0,
		-0.068546,
		-0.129798,
		-0.734444,
		1
	},
	[0.666666666667] = {
		0.56232,
		-0.254635,
		-0.786738,
		0,
		-0.771389,
		-0.504296,
		-0.388129,
		0,
		-0.297918,
		0.825134,
		-0.479998,
		0,
		-0.047564,
		-0.121428,
		-0.73994,
		1
	},
	[0.683333333333] = {
		0.587379,
		-0.252419,
		-0.768941,
		0,
		-0.767918,
		-0.4738,
		-0.431064,
		0,
		-0.255516,
		0.843681,
		-0.472137,
		0,
		-0.028124,
		-0.113804,
		-0.744374,
		1
	},
	[0.6] = {
		0.447751,
		-0.276931,
		-0.850193,
		0,
		-0.759579,
		-0.619465,
		-0.198252,
		0,
		-0.471763,
		0.734556,
		-0.487716,
		0,
		-0.137156,
		-0.158681,
		-0.710761,
		1
	},
	[0.716666666667] = {
		0.631871,
		-0.252918,
		-0.732647,
		0,
		-0.755009,
		-0.414542,
		-0.508052,
		0,
		-0.175218,
		0.874178,
		-0.452892,
		0,
		0.004892,
		-0.100751,
		-0.750837,
		1
	},
	[0.733333333333] = {
		0.651393,
		-0.254989,
		-0.71461,
		0,
		-0.7461,
		-0.386467,
		-0.542197,
		0,
		-0.137919,
		0.886354,
		-0.44199,
		0,
		0.01856,
		-0.095119,
		-0.753237,
		1
	},
	[0.75] = {
		0.669208,
		-0.257845,
		-0.696905,
		0,
		-0.735918,
		-0.359827,
		-0.57354,
		0,
		-0.10288,
		0.896683,
		-0.430552,
		0,
		0.030518,
		-0.090097,
		-0.755253,
		1
	},
	[0.766666666667] = {
		0.685429,
		-0.261167,
		-0.67969,
		0,
		-0.724733,
		-0.334878,
		-0.602178,
		0,
		-0.070344,
		0.905345,
		-0.418811,
		0,
		0.040892,
		-0.085841,
		-0.756961,
		1
	},
	[0.783333333333] = {
		0.700188,
		-0.264642,
		-0.663099,
		0,
		-0.712807,
		-0.311843,
		-0.62822,
		0,
		-0.040529,
		0.912534,
		-0.406988,
		0,
		0.049805,
		-0.082452,
		-0.758425,
		1
	},
	[0.7] = {
		0.610553,
		-0.251953,
		-0.750829,
		0,
		-0.762371,
		-0.443762,
		-0.471027,
		0,
		-0.214513,
		0.859997,
		-0.463022,
		0,
		-0.010621,
		-0.106949,
		-0.747937,
		1
	},
	[0.816666666667] = {
		0.725909,
		-0.270853,
		-0.632213,
		0,
		-0.687715,
		-0.272273,
		-0.672989,
		0,
		0.010147,
		0.923312,
		-0.383916,
		0,
		0.063735,
		-0.078075,
		-0.760829,
		1
	},
	[0.833333333333] = {
		0.737183,
		-0.273013,
		-0.618082,
		0,
		-0.674998,
		-0.256057,
		-0.691963,
		0,
		0.03065,
		0.927307,
		-0.373044,
		0,
		0.068981,
		-0.076981,
		-0.761837,
		1
	},
	[0.85] = {
		0.747606,
		-0.274171,
		-0.60491,
		0,
		-0.662427,
		-0.242401,
		-0.708824,
		0,
		0.047708,
		0.93063,
		-0.362839,
		0,
		0.073231,
		-0.076548,
		-0.762739,
		1
	},
	[0.866666666667] = {
		0.748753,
		-0.276615,
		-0.602373,
		0,
		-0.660951,
		-0.242839,
		-0.710052,
		0,
		0.050131,
		0.929792,
		-0.364655,
		0,
		0.075595,
		-0.077676,
		-0.762596,
		1
	},
	[0.883333333333] = {
		0.749704,
		-0.278215,
		-0.600451,
		0,
		-0.659796,
		-0.244136,
		-0.710681,
		0,
		0.05113,
		0.928975,
		-0.366595,
		0,
		0.077233,
		-0.079189,
		-0.762452,
		1
	},
	[0.8] = {
		0.71363,
		-0.267969,
		-0.647244,
		0,
		-0.70039,
		-0.290918,
		-0.651783,
		0,
		-0.013637,
		0.918455,
		-0.395291,
		0,
		0.05738,
		-0.079881,
		-0.759701,
		1
	},
	[0.916666666667] = {
		0.751083,
		-0.279316,
		-0.598212,
		0,
		-0.658341,
		-0.248775,
		-0.710421,
		0,
		0.049612,
		0.927412,
		-0.370736,
		0,
		0.078852,
		-0.083079,
		-0.762207,
		1
	},
	[0.933333333333] = {
		0.751538,
		-0.279031,
		-0.597773,
		0,
		-0.65798,
		-0.25185,
		-0.709672,
		0,
		0.047471,
		0.926668,
		-0.372871,
		0,
		0.079112,
		-0.085316,
		-0.762205,
		1
	},
	[0.95] = {
		0.751851,
		-0.278331,
		-0.597706,
		0,
		-0.657819,
		-0.255252,
		-0.708605,
		0,
		0.044661,
		0.925947,
		-0.375002,
		0,
		0.079172,
		-0.087644,
		-0.762268,
		1
	},
	[0.966666666667] = {
		0.752033,
		-0.27732,
		-0.597946,
		0,
		-0.657826,
		-0.25885,
		-0.707292,
		0,
		0.041368,
		0.925252,
		-0.377092,
		0,
		0.079159,
		-0.089984,
		-0.762366,
		1
	},
	[0.983333333333] = {
		0.752096,
		-0.276105,
		-0.598429,
		0,
		-0.65797,
		-0.262512,
		-0.705807,
		0,
		0.037782,
		0.924583,
		-0.379103,
		0,
		0.079201,
		-0.092258,
		-0.762468,
		1
	},
	[0.9] = {
		0.750475,
		-0.27908,
		-0.599084,
		0,
		-0.658936,
		-0.24616,
		-0.710781,
		0,
		0.050894,
		0.928181,
		-0.368632,
		0,
		0.078272,
		-0.081013,
		-0.762303,
		1
	},
	[1.01666666667] = {
		0.751919,
		-0.273469,
		-0.599861,
		0,
		-0.658551,
		-0.269507,
		-0.702621,
		0,
		0.030478,
		0.923353,
		-0.382741,
		0,
		0.079963,
		-0.096293,
		-0.76255,
		1
	},
	[1.03333333333] = {
		0.751709,
		-0.272253,
		-0.600676,
		0,
		-0.658936,
		-0.272579,
		-0.701073,
		0,
		0.027138,
		0.92281,
		-0.384297,
		0,
		0.080948,
		-0.097904,
		-0.762455,
		1
	},
	[1.05] = {
		0.751442,
		-0.27124,
		-0.601468,
		0,
		-0.659353,
		-0.275191,
		-0.699659,
		0,
		0.024257,
		0.922333,
		-0.385633,
		0,
		0.082509,
		-0.099145,
		-0.762214,
		1
	},
	[1.06666666667] = {
		0.751136,
		-0.270528,
		-0.602171,
		0,
		-0.65978,
		-0.277214,
		-0.698457,
		0,
		0.022022,
		0.921936,
		-0.386715,
		0,
		0.084775,
		-0.09995,
		-0.761774,
		1
	},
	[1.08333333333] = {
		0.75081,
		-0.270219,
		-0.602715,
		0,
		-0.660196,
		-0.278517,
		-0.697545,
		0,
		0.020623,
		0.921634,
		-0.387511,
		0,
		0.087868,
		-0.100256,
		-0.761076,
		1
	}
}

return spline_matrices
