local spline_matrices = {
	[0] = {
		0.987534,
		0.067559,
		-0.142171,
		0,
		0.149427,
		-0.686294,
		0.711809,
		0,
		-0.049482,
		-0.72418,
		-0.687834,
		0,
		0.017286,
		0.002292,
		0.271323,
		1
	},
	{
		0.928668,
		-0.198621,
		-0.31325,
		0,
		-0.354382,
		-0.225815,
		-0.907425,
		0,
		0.109497,
		0.953707,
		-0.280095,
		0,
		0.024635,
		-0.043266,
		-0.782073,
		1
	},
	[0.0166666666667] = {
		0.990009,
		0.048731,
		-0.132318,
		0,
		0.129492,
		-0.685604,
		0.716365,
		0,
		-0.055808,
		-0.726342,
		-0.685064,
		0,
		0.015551,
		0.008837,
		0.300634,
		1
	},
	[0.0333333333333] = {
		0.990262,
		0.04262,
		-0.132531,
		0,
		0.126167,
		-0.677154,
		0.724944,
		0,
		-0.058847,
		-0.734606,
		-0.675937,
		0,
		0.024053,
		0.013485,
		0.342981,
		1
	},
	[0.05] = {
		0.989395,
		0.042275,
		-0.138965,
		0,
		0.132536,
		-0.654216,
		0.744604,
		0,
		-0.059435,
		-0.755125,
		-0.652881,
		0,
		0.038859,
		0.020929,
		0.388906,
		1
	},
	[0.0666666666667] = {
		0.9881,
		0.041493,
		-0.148111,
		0,
		0.142642,
		-0.607468,
		0.781432,
		0,
		-0.057549,
		-0.79326,
		-0.606158,
		0,
		0.05591,
		0.035292,
		0.428807,
		1
	},
	[0.0833333333333] = {
		0.987031,
		0.0351,
		-0.156644,
		0,
		0.15183,
		-0.520963,
		0.839967,
		0,
		-0.052123,
		-0.852857,
		-0.519536,
		0,
		0.071598,
		0.060338,
		0.453303,
		1
	},
	[0.116666666667] = {
		0.989103,
		-0.013806,
		-0.146575,
		0,
		0.145254,
		-0.070794,
		0.986858,
		0,
		-0.024001,
		-0.997395,
		-0.068017,
		0,
		0.085184,
		0.165961,
		0.41774,
		1
	},
	[0.133333333333] = {
		0.996122,
		-0.05944,
		-0.064868,
		0,
		0.087881,
		0.636761,
		0.766037,
		0,
		-0.004228,
		-0.768767,
		0.639516,
		0,
		0.070521,
		0.321158,
		0.279195,
		1
	},
	[0.15] = {
		0.999126,
		-0.036208,
		0.020887,
		0,
		0.034576,
		0.996675,
		0.073782,
		0,
		-0.023489,
		-0.072995,
		0.997056,
		0,
		0.049856,
		0.467903,
		0.086903,
		1
	},
	[0.166666666667] = {
		0.999185,
		-0.029909,
		0.027123,
		0,
		0.035826,
		0.966562,
		-0.253918,
		0,
		-0.018622,
		0.254682,
		0.966846,
		0,
		0.036294,
		0.512672,
		0.004786,
		1
	},
	[0.183333333333] = {
		0.999607,
		-0.016093,
		0.022974,
		0,
		0.027108,
		0.764727,
		-0.643784,
		0,
		-0.007208,
		0.644154,
		0.764862,
		0,
		0.018365,
		0.575562,
		-0.139273,
		1
	},
	[0.1] = {
		0.986994,
		0.018213,
		-0.159724,
		0,
		0.155365,
		-0.36328,
		0.918635,
		0,
		-0.041293,
		-0.931502,
		-0.361384,
		0,
		0.082458,
		0.101192,
		0.453743,
		1
	},
	[0.216666666667] = {
		0.998782,
		-0.010965,
		0.048112,
		0,
		0.048636,
		0.053907,
		-0.997361,
		0,
		0.008342,
		0.998486,
		0.054375,
		0,
		0.031213,
		0.578306,
		-0.46305,
		1
	},
	[0.233333333333] = {
		0.999289,
		0.001088,
		0.037698,
		0,
		0.037487,
		-0.138121,
		-0.989706,
		0,
		0.00413,
		0.990415,
		-0.138063,
		0,
		0.022714,
		0.465782,
		-0.59023,
		1
	},
	[0.25] = {
		0.999797,
		0.017103,
		0.010648,
		0,
		0.015036,
		-0.281612,
		-0.95941,
		0,
		-0.01341,
		0.959376,
		-0.281812,
		0,
		0.012065,
		0.361472,
		-0.680704,
		1
	},
	[0.266666666667] = {
		0.999184,
		0.031584,
		-0.025182,
		0,
		-0.010971,
		-0.387792,
		-0.921682,
		0,
		-0.038876,
		0.921206,
		-0.387129,
		0,
		0.006153,
		0.270914,
		-0.743832,
		1
	},
	[0.283333333333] = {
		0.997302,
		0.041197,
		-0.060764,
		0,
		-0.034631,
		-0.465816,
		-0.884204,
		0,
		-0.064732,
		0.883922,
		-0.463133,
		0,
		0.004527,
		0.196424,
		-0.79274,
		1
	},
	[0.2] = {
		0.999572,
		-0.00773,
		0.028221,
		0,
		0.029141,
		0.35019,
		-0.936225,
		0,
		-0.002645,
		0.936647,
		0.350265,
		0,
		0.005404,
		0.610441,
		-0.332052,
		1
	},
	[0.316666666667] = {
		0.993894,
		0.041252,
		-0.102338,
		0,
		-0.061079,
		-0.566728,
		-0.821638,
		0,
		-0.091892,
		0.822871,
		-0.560748,
		0,
		0.009963,
		0.091813,
		-0.81268,
		1
	},
	[0.333333333333] = {
		0.99239,
		0.037722,
		-0.117217,
		0,
		-0.070629,
		-0.605393,
		-0.792787,
		0,
		-0.100868,
		0.795032,
		-0.598121,
		0,
		0.011344,
		0.052344,
		-0.81075,
		1
	},
	[0.35] = {
		0.990854,
		0.033261,
		-0.130774,
		0,
		-0.079561,
		-0.638762,
		-0.76528,
		0,
		-0.108988,
		0.768685,
		-0.630274,
		0,
		0.017507,
		0.014183,
		-0.80832,
		1
	},
	[0.366666666667] = {
		0.989321,
		0.028071,
		-0.143023,
		0,
		-0.087999,
		-0.667204,
		-0.739659,
		0,
		-0.116188,
		0.744346,
		-0.657609,
		0,
		0.024456,
		-0.019057,
		-0.804898,
		1
	},
	[0.383333333333] = {
		0.987807,
		0.022339,
		-0.154074,
		0,
		-0.0961,
		-0.691115,
		-0.716327,
		0,
		-0.122485,
		0.7224,
		-0.680541,
		0,
		0.030767,
		-0.047234,
		-0.800921,
		1
	},
	[0.3] = {
		0.995326,
		0.043647,
		-0.086142,
		0,
		-0.050769,
		-0.522304,
		-0.851246,
		0,
		-0.082147,
		0.851641,
		-0.517647,
		0,
		0.008533,
		0.137513,
		-0.812237,
		1
	},
	[0.416666666667] = {
		0.984849,
		0.009783,
		-0.17314,
		0,
		-0.111831,
		-0.727247,
		-0.677205,
		0,
		-0.13254,
		0.686306,
		-0.715134,
		0,
		0.041976,
		-0.091031,
		-0.793631,
		1
	},
	[0.433333333333] = {
		0.98342,
		0.003148,
		-0.181314,
		0,
		-0.119605,
		-0.740282,
		-0.661572,
		0,
		-0.136306,
		0.67229,
		-0.727631,
		0,
		0.046029,
		-0.107777,
		-0.790033,
		1
	},
	[0.45] = {
		0.982033,
		-0.003625,
		-0.188673,
		0,
		-0.12738,
		-0.750402,
		-0.648591,
		0,
		-0.139229,
		0.660971,
		-0.737382,
		0,
		0.049523,
		-0.121897,
		-0.786686,
		1
	},
	[0.466666666667] = {
		0.980682,
		-0.010491,
		-0.195327,
		0,
		-0.135223,
		-0.757895,
		-0.638209,
		0,
		-0.141342,
		0.652293,
		-0.744672,
		0,
		0.052355,
		-0.133714,
		-0.783653,
		1
	},
	[0.483333333333] = {
		0.979366,
		-0.017407,
		-0.201344,
		0,
		-0.143155,
		-0.762986,
		-0.630364,
		0,
		-0.14265,
		0.64618,
		-0.749735,
		0,
		0.054601,
		-0.143502,
		-0.780948,
		1
	},
	[0.4] = {
		0.986314,
		0.016208,
		-0.164076,
		0,
		-0.104011,
		-0.710982,
		-0.695475,
		0,
		-0.127928,
		0.703023,
		-0.699566,
		0,
		0.036461,
		-0.071074,
		-0.797047,
		1
	},
	[0.516666666667] = {
		0.976826,
		-0.031277,
		-0.211738,
		0,
		-0.159361,
		-0.766677,
		-0.621941,
		0,
		-0.142882,
		0.641271,
		-0.753894,
		0,
		0.057581,
		-0.157841,
		-0.776528,
		1
	},
	[0.533333333333] = {
		0.975593,
		-0.038192,
		-0.216239,
		0,
		-0.167647,
		-0.76555,
		-0.621151,
		0,
		-0.141819,
		0.642242,
		-0.753268,
		0,
		0.05845,
		-0.162765,
		-0.774781,
		1
	},
	[0.55] = {
		0.974378,
		-0.045069,
		-0.220356,
		0,
		-0.176047,
		-0.762578,
		-0.62248,
		0,
		-0.139985,
		0.645324,
		-0.750974,
		0,
		0.058935,
		-0.166339,
		-0.773322,
		1
	},
	[0.566666666667] = {
		0.973123,
		-0.051998,
		-0.224338,
		0,
		-0.184734,
		-0.757904,
		-0.625663,
		0,
		-0.137494,
		0.65029,
		-0.74714,
		0,
		0.059034,
		-0.168745,
		-0.772102,
		1
	},
	[0.583333333333] = {
		0.971975,
		-0.058694,
		-0.22764,
		0,
		-0.193149,
		-0.751374,
		-0.630976,
		0,
		-0.134008,
		0.657262,
		-0.741653,
		0,
		0.05899,
		-0.170009,
		-0.771165,
		1
	},
	[0.5] = {
		0.978082,
		-0.024343,
		-0.206793,
		0,
		-0.151198,
		-0.765863,
		-0.624974,
		0,
		-0.143161,
		0.642542,
		-0.752758,
		0,
		0.056283,
		-0.151415,
		-0.778585,
		1
	},
	[0.616666666667] = {
		0.969569,
		-0.072095,
		-0.233961,
		0,
		-0.210495,
		-0.733477,
		-0.646299,
		0,
		-0.12501,
		0.67588,
		-0.726333,
		0,
		0.057719,
		-0.169759,
		-0.769821,
		1
	},
	[0.633333333333] = {
		0.968349,
		-0.078705,
		-0.236868,
		0,
		-0.21919,
		-0.722104,
		-0.656141,
		0,
		-0.119402,
		0.687292,
		-0.7165,
		0,
		0.057247,
		-0.168216,
		-0.769508,
		1
	},
	[0.65] = {
		0.967109,
		-0.085246,
		-0.239653,
		0,
		-0.227848,
		-0.709154,
		-0.667222,
		0,
		-0.113073,
		0.699881,
		-0.705252,
		0,
		0.05626,
		-0.165988,
		-0.769298,
		1
	},
	[0.666666666667] = {
		0.965843,
		-0.091714,
		-0.242356,
		0,
		-0.236437,
		-0.694656,
		-0.679375,
		0,
		-0.106046,
		0.713472,
		-0.692613,
		0,
		0.055122,
		-0.163047,
		-0.769236,
		1
	},
	[0.683333333333] = {
		0.964546,
		-0.098107,
		-0.245003,
		0,
		-0.244911,
		-0.678645,
		-0.69243,
		0,
		-0.098338,
		0.727884,
		-0.678612,
		0,
		0.053818,
		-0.159455,
		-0.769307,
		1
	},
	[0.6] = {
		0.970776,
		-0.065427,
		-0.230898,
		0,
		-0.201806,
		-0.743244,
		-0.637858,
		0,
		-0.12988,
		0.665814,
		-0.734726,
		0,
		0.058608,
		-0.170301,
		-0.770421,
		1
	},
	[0.716666666667] = {
		0.961833,
		-0.110645,
		-0.250271,
		0,
		-0.26137,
		-0.642269,
		-0.720539,
		0,
		-0.081017,
		0.758451,
		-0.646675,
		0,
		0.050767,
		-0.150551,
		-0.769798,
		1
	},
	[0.733333333333] = {
		0.960414,
		-0.116768,
		-0.252923,
		0,
		-0.269252,
		-0.622024,
		-0.735248,
		0,
		-0.07147,
		0.774243,
		-0.62884,
		0,
		0.049049,
		-0.145328,
		-0.770205,
		1
	},
	[0.75] = {
		0.958941,
		-0.122792,
		-0.255644,
		0,
		-0.276878,
		-0.600509,
		-0.750151,
		0,
		-0.061404,
		0.790133,
		-0.609852,
		0,
		0.047202,
		-0.139641,
		-0.770709,
		1
	},
	[0.766666666667] = {
		0.957371,
		-0.128758,
		-0.258575,
		0,
		-0.28434,
		-0.577796,
		-0.765051,
		0,
		-0.050897,
		0.805961,
		-0.589776,
		0,
		0.045199,
		-0.133536,
		-0.771292,
		1
	},
	[0.783333333333] = {
		0.95583,
		-0.134505,
		-0.261337,
		0,
		-0.291198,
		-0.554082,
		-0.779869,
		0,
		-0.039906,
		0.821524,
		-0.568776,
		0,
		0.04317,
		-0.127066,
		-0.771973,
		1
	},
	[0.7] = {
		0.963212,
		-0.104419,
		-0.247629,
		0,
		-0.253233,
		-0.661163,
		-0.706213,
		0,
		-0.089982,
		0.74294,
		-0.663282,
		0,
		0.052364,
		-0.155284,
		-0.769495,
		1
	},
	[0.816666666667] = {
		0.952471,
		-0.145768,
		-0.267491,
		0,
		-0.304158,
		-0.503944,
		-0.808411,
		0,
		-0.01696,
		0.851347,
		-0.524329,
		0,
		0.038734,
		-0.113156,
		-0.773525,
		1
	},
	[0.833333333333] = {
		0.950689,
		-0.151223,
		-0.270781,
		0,
		-0.310105,
		-0.477857,
		-0.821881,
		0,
		-0.005107,
		0.865323,
		-0.501188,
		0,
		0.036397,
		-0.105788,
		-0.774386,
		1
	},
	[0.85] = {
		0.948837,
		-0.156552,
		-0.274225,
		0,
		-0.31569,
		-0.451321,
		-0.834655,
		0,
		0.006904,
		0.878522,
		-0.477652,
		0,
		0.033991,
		-0.098223,
		-0.775283,
		1
	},
	[0.866666666667] = {
		0.94691,
		-0.161751,
		-0.277844,
		0,
		-0.320936,
		-0.424519,
		-0.846631,
		0,
		0.018994,
		0.890853,
		-0.453893,
		0,
		0.031544,
		-0.090489,
		-0.776206,
		1
	},
	[0.883333333333] = {
		0.944913,
		-0.166817,
		-0.281623,
		0,
		-0.325841,
		-0.397667,
		-0.857723,
		0,
		0.03109,
		0.902238,
		-0.430117,
		0,
		0.029065,
		-0.082668,
		-0.77713,
		1
	},
	[0.8] = {
		0.954183,
		-0.140195,
		-0.264348,
		0,
		-0.297855,
		-0.529406,
		-0.794363,
		0,
		-0.028582,
		0.836705,
		-0.546908,
		0,
		0.040999,
		-0.120255,
		-0.772719,
		1
	},
	[0.916666666667] = {
		0.940685,
		-0.176541,
		-0.289732,
		0,
		-0.334795,
		-0.344604,
		-0.877018,
		0,
		0.054987,
		0.921998,
		-0.383269,
		0,
		0.024547,
		-0.070357,
		-0.774971,
		1
	},
	[0.933333333333] = {
		0.938455,
		-0.181206,
		-0.294052,
		0,
		-0.338913,
		-0.318849,
		-0.88514,
		0,
		0.066634,
		0.930322,
		-0.360638,
		0,
		0.023976,
		-0.064106,
		-0.77593,
		1
	},
	[0.95] = {
		0.936139,
		-0.185739,
		-0.298573,
		0,
		-0.342875,
		-0.293869,
		-0.892232,
		0,
		0.077981,
		0.937626,
		-0.338787,
		0,
		0.025384,
		-0.058448,
		-0.780167,
		1
	},
	[0.966666666667] = {
		0.933737,
		-0.190147,
		-0.30328,
		0,
		-0.34673,
		-0.269893,
		-0.898296,
		0,
		0.088955,
		0.943929,
		-0.317938,
		0,
		0.02517,
		-0.053019,
		-0.780937,
		1
	},
	[0.983333333333] = {
		0.931249,
		-0.194436,
		-0.308174,
		0,
		-0.350542,
		-0.24714,
		-0.90335,
		0,
		0.099482,
		0.949271,
		-0.298307,
		0,
		0.024908,
		-0.04793,
		-0.781574,
		1
	},
	[0.9] = {
		0.942838,
		-0.171747,
		-0.285585,
		0,
		-0.33045,
		-0.370956,
		-0.867868,
		0,
		0.043115,
		0.912631,
		-0.406505,
		0,
		0.026599,
		-0.074793,
		-0.778048,
		1
	},
	[1.01666666667] = {
		0.925991,
		-0.202714,
		-0.318507,
		0,
		-0.358323,
		-0.20612,
		-0.91056,
		0,
		0.118933,
		0.957299,
		-0.263502,
		0,
		0.024378,
		-0.03912,
		-0.782421,
		1
	},
	[1.03333333333] = {
		0.923212,
		-0.206732,
		-0.323947,
		0,
		-0.362446,
		-0.188254,
		-0.912794,
		0,
		0.127719,
		0.960116,
		-0.248727,
		0,
		0.024151,
		-0.035591,
		-0.782598,
		1
	},
	[1.05] = {
		0.920325,
		-0.210696,
		-0.32956,
		0,
		-0.366827,
		-0.172401,
		-0.914175,
		0,
		0.135796,
		0.962229,
		-0.235953,
		0,
		0.023967,
		-0.032777,
		-0.782584,
		1
	},
	[1.06666666667] = {
		0.917322,
		-0.214626,
		-0.335345,
		0,
		-0.371545,
		-0.158751,
		-0.914742,
		0,
		0.143091,
		0.963708,
		-0.225369,
		0,
		0.023834,
		-0.030776,
		-0.782359,
		1
	},
	[1.08333333333] = {
		0.914195,
		-0.218551,
		-0.341295,
		0,
		-0.376677,
		-0.14748,
		-0.91453,
		0,
		0.149537,
		0.964617,
		-0.217148,
		0,
		0.023756,
		-0.029679,
		-0.7819,
		1
	}
}

return spline_matrices
