-- chunkname: @content/characters/player/human/first_person/animations/combat_sword/heavy_swing_right_diagonal.lua

local spline_matrices = {
	[0.0166666666667] = {
		0.347341,
		0.001095,
		0.937738,
		0,
		-0.930973,
		-0.119509,
		0.344975,
		0,
		0.112446,
		-0.992833,
		-0.040491,
		0,
		-0.321589,
		0.088334,
		0.131926,
		1
	},
	[0.0333333333333] = {
		0.40548,
		-0.017483,
		0.913937,
		0,
		-0.913995,
		0.007643,
		0.405653,
		0,
		-0.014077,
		-0.999818,
		-0.01288,
		0,
		-0.358194,
		0.11977,
		0.145564,
		1
	},
	[0.05] = {
		0.458939,
		-0.044297,
		0.887363,
		0,
		-0.877112,
		0.136583,
		0.460455,
		0,
		-0.141596,
		-0.989638,
		0.02383,
		0,
		-0.393115,
		0.163941,
		0.158701,
		1
	},
	[0.0666666666667] = {
		0.502152,
		-0.07516,
		0.861507,
		0,
		-0.822712,
		0.265411,
		0.502694,
		0,
		-0.266436,
		-0.961201,
		0.071441,
		0,
		-0.409288,
		0.216353,
		0.165927,
		1
	},
	[0.0833333333333] = {
		0.531528,
		-0.104252,
		0.840601,
		0,
		-0.754511,
		0.392743,
		0.5258,
		0,
		-0.384956,
		-0.91372,
		0.130094,
		0,
		-0.40698,
		0.272368,
		0.167745,
		1
	},
	[0] = {
		0.291575,
		0.009026,
		0.956505,
		0,
		-0.927283,
		-0.242788,
		0.284958,
		0,
		0.2348,
		-0.970037,
		-0.062421,
		0,
		-0.300467,
		0.073596,
		0.123226,
		1
	},
	[0.116666666667] = {
		0.545934,
		-0.121938,
		0.828907,
		0,
		-0.612478,
		0.616995,
		0.494153,
		0,
		-0.571688,
		-0.777463,
		0.262154,
		0,
		-0.380257,
		0.398097,
		0.163041,
		1
	},
	[0.133333333333] = {
		0.538518,
		-0.099705,
		0.836694,
		0,
		-0.561028,
		0.698445,
		0.444323,
		0,
		-0.628686,
		-0.708684,
		0.320188,
		0,
		-0.355517,
		0.480365,
		0.154377,
		1
	},
	[0.15] = {
		0.527419,
		-0.072903,
		0.846472,
		0,
		-0.475418,
		0.800398,
		0.365158,
		0,
		-0.704136,
		-0.595019,
		0.387485,
		0,
		-0.322764,
		0.565525,
		0.14125,
		1
	},
	[0.166666666667] = {
		0.515721,
		-0.054014,
		0.855052,
		0,
		-0.278466,
		0.933257,
		0.22691,
		0,
		-0.81024,
		-0.355125,
		0.466259,
		0,
		-0.27772,
		0.654201,
		0.121286,
		1
	},
	[0.183333333333] = {
		0.497493,
		-0.037733,
		0.866647,
		0,
		0.213427,
		0.973668,
		-0.080123,
		0,
		-0.840803,
		0.224826,
		0.492446,
		0,
		-0.15777,
		0.74757,
		0.05926,
		1
	},
	[0.1] = {
		0.545576,
		-0.124337,
		0.828786,
		0,
		-0.676925,
		0.517652,
		0.523268,
		0,
		-0.494084,
		-0.846509,
		0.198252,
		0,
		-0.397591,
		0.327777,
		0.167415,
		1
	},
	[0.216666666667] = {
		0.483689,
		-0.026524,
		0.874838,
		0,
		0.844343,
		0.277373,
		-0.45842,
		0,
		-0.230498,
		0.960396,
		0.156558,
		0,
		0.145421,
		0.722379,
		-0.129503,
		1
	},
	[0.233333333333] = {
		0.47924,
		-0.038005,
		0.876861,
		0,
		0.873446,
		-0.077414,
		-0.480728,
		0,
		0.086151,
		0.996274,
		-0.003905,
		0,
		0.265969,
		0.641097,
		-0.22009,
		1
	},
	[0.25] = {
		0.47686,
		-0.068346,
		0.876318,
		0,
		0.789877,
		-0.404061,
		-0.461335,
		0,
		0.385616,
		0.912175,
		-0.138696,
		0,
		0.376408,
		0.522634,
		-0.314325,
		1
	},
	[0.266666666667] = {
		0.458081,
		-0.073101,
		0.8859,
		0,
		0.681617,
		-0.610825,
		-0.402853,
		0,
		0.570579,
		0.788384,
		-0.229981,
		0,
		0.476894,
		0.395936,
		-0.369081,
		1
	},
	[0.283333333333] = {
		0.387028,
		0.028856,
		0.921616,
		0,
		0.715928,
		-0.63929,
		-0.280634,
		0,
		0.581082,
		0.768424,
		-0.268082,
		0,
		0.620348,
		0.286328,
		-0.372049,
		1
	},
	[0.2] = {
		0.485032,
		-0.022084,
		0.874217,
		0,
		0.675031,
		0.644986,
		-0.358227,
		0,
		-0.555947,
		0.763875,
		0.327746,
		0,
		0.012841,
		0.786974,
		-0.036494,
		1
	},
	[0.316666666667] = {
		0.373841,
		0.115302,
		0.920298,
		0,
		0.787431,
		-0.563768,
		-0.249235,
		0,
		0.490098,
		0.817845,
		-0.301552,
		0,
		0.698038,
		0.096765,
		-0.377644,
		1
	},
	[0.333333333333] = {
		0.477272,
		0.063618,
		0.87645,
		0,
		0.764192,
		-0.522456,
		-0.37822,
		0,
		0.433845,
		0.85029,
		-0.29797,
		0,
		0.680331,
		0.049232,
		-0.386977,
		1
	},
	[0.35] = {
		0.568755,
		0.018843,
		0.822291,
		0,
		0.726458,
		-0.480337,
		-0.491463,
		0,
		0.385716,
		0.876882,
		-0.286883,
		0,
		0.585183,
		0.053165,
		-0.391749,
		1
	},
	[0.366666666667] = {
		0.591254,
		0.020651,
		0.806221,
		0,
		0.719017,
		-0.466284,
		-0.515358,
		0,
		0.365285,
		0.884394,
		-0.290541,
		0,
		0.514466,
		0.05563,
		-0.393491,
		1
	},
	[0.383333333333] = {
		0.465339,
		0.117704,
		0.877272,
		0,
		0.785678,
		-0.511378,
		-0.348142,
		0,
		0.407639,
		0.851257,
		-0.330441,
		0,
		0.524242,
		0.055749,
		-0.388738,
		1
	},
	[0.3] = {
		0.325688,
		0.123173,
		0.93742,
		0,
		0.781478,
		-0.593145,
		-0.193573,
		0,
		0.532183,
		0.795618,
		-0.289438,
		0,
		0.699078,
		0.188774,
		-0.371042,
		1
	},
	[0.416666666667] = {
		0.302289,
		0.250709,
		0.919656,
		0,
		0.824516,
		-0.552905,
		-0.120289,
		0,
		0.478324,
		0.794633,
		-0.37385,
		0,
		0.550499,
		0.061609,
		-0.390096,
		1
	},
	[0.433333333333] = {
		0.300269,
		0.265834,
		0.916063,
		0,
		0.820629,
		-0.561538,
		-0.106033,
		0,
		0.486217,
		0.783586,
		-0.386763,
		0,
		0.563796,
		0.066418,
		-0.39824,
		1
	},
	[0.45] = {
		0.319692,
		0.26723,
		0.909057,
		0,
		0.812937,
		-0.570217,
		-0.118265,
		0,
		0.486756,
		0.776814,
		-0.399535,
		0,
		0.576423,
		0.071106,
		-0.409022,
		1
	},
	[0.466666666667] = {
		0.357641,
		0.25664,
		0.897902,
		0,
		0.80111,
		-0.57843,
		-0.153761,
		0,
		0.479912,
		0.77431,
		-0.412467,
		0,
		0.586714,
		0.075547,
		-0.422129,
		1
	},
	[0.483333333333] = {
		0.411162,
		0.235639,
		0.880579,
		0,
		0.783353,
		-0.585341,
		-0.20913,
		0,
		0.46616,
		0.77579,
		-0.425258,
		0,
		0.592966,
		0.07935,
		-0.437227,
		1
	},
	[0.4] = {
		0.32848,
		0.220057,
		0.918518,
		0,
		0.823216,
		-0.543466,
		-0.164196,
		0,
		0.463051,
		0.810074,
		-0.359672,
		0,
		0.538085,
		0.056985,
		-0.38485,
		1
	},
	[0.516666666667] = {
		0.550779,
		0.169129,
		0.817336,
		0,
		0.720812,
		-0.590087,
		-0.36363,
		0,
		0.420799,
		0.789426,
		-0.446917,
		0,
		0.584848,
		0.084146,
		-0.471755,
		1
	},
	[0.533333333333] = {
		0.628349,
		0.126959,
		0.767502,
		0,
		0.672299,
		-0.585003,
		-0.453636,
		0,
		0.391397,
		0.801033,
		-0.45294,
		0,
		0.565845,
		0.085991,
		-0.490129,
		1
	},
	[0.55] = {
		0.704784,
		0.082061,
		0.70466,
		0,
		0.611572,
		-0.573665,
		-0.544874,
		0,
		0.359526,
		0.814969,
		-0.454496,
		0,
		0.537833,
		0.087749,
		-0.508524,
		1
	},
	[0.566666666667] = {
		0.775582,
		0.037167,
		0.630152,
		0,
		0.539985,
		-0.556088,
		-0.631808,
		0,
		0.326937,
		0.830292,
		-0.451362,
		0,
		0.502297,
		0.089446,
		-0.526448,
		1
	},
	[0.583333333333] = {
		0.837151,
		-0.0052,
		0.546948,
		0,
		0.460393,
		-0.533204,
		-0.709741,
		0,
		0.295325,
		0.845971,
		-0.443978,
		0,
		0.460798,
		0.091053,
		-0.543495,
		1
	},
	[0.5] = {
		0.476869,
		0.20596,
		0.854504,
		0,
		0.757331,
		-0.589719,
		-0.280501,
		0,
		0.446145,
		0.780904,
		-0.437199,
		0,
		0.593453,
		0.082131,
		-0.453932,
		1
	},
	[0.616666666667] = {
		0.925338,
		-0.075097,
		0.371631,
		0,
		0.293381,
		-0.479054,
		-0.827306,
		0,
		0.240159,
		0.874567,
		-0.421255,
		0,
		0.366302,
		0.093678,
		-0.573918,
		1
	},
	[0.633333333333] = {
		0.952071,
		-0.100827,
		0.288781,
		0,
		0.214589,
		-0.452615,
		-0.865501,
		0,
		0.217972,
		0.885987,
		-0.409285,
		0,
		0.316448,
		0.094494,
		-0.587059,
		1
	},
	[0.65] = {
		0.969251,
		-0.1203,
		0.214664,
		0,
		0.144038,
		-0.429934,
		-0.891297,
		0,
		0.199515,
		0.89481,
		-0.399386,
		0,
		0.266864,
		0.094853,
		-0.598796,
		1
	},
	[0.666666666667] = {
		0.979177,
		-0.133923,
		0.152568,
		0,
		0.084734,
		-0.413321,
		-0.906634,
		0,
		0.184479,
		0.900683,
		-0.393367,
		0,
		0.218983,
		0.094671,
		-0.609154,
		1
	},
	[0.683333333333] = {
		0.984803,
		-0.144099,
		0.096943,
		0,
		0.031542,
		-0.400509,
		-0.91575,
		0,
		0.170785,
		0.904891,
		-0.389877,
		0,
		0.173685,
		0.094231,
		-0.618575,
		1
	},
	[0.6] = {
		0.887284,
		-0.043044,
		0.45921,
		0,
		0.376729,
		-0.50676,
		-0.775416,
		0,
		0.266087,
		0.861012,
		-0.433424,
		0,
		0.414935,
		0.092497,
		-0.559374,
		1
	},
	[0.716666666667] = {
		0.986891,
		-0.160648,
		-0.015462,
		0,
		-0.075567,
		-0.375309,
		-0.923814,
		0,
		0.142606,
		0.912872,
		-0.382528,
		0,
		0.094668,
		0.093716,
		-0.635567,
		1
	},
	[0.733333333333] = {
		0.98336,
		-0.167224,
		-0.070986,
		0,
		-0.128359,
		-0.363053,
		-0.922885,
		0,
		0.128557,
		0.91664,
		-0.378477,
		0,
		0.063625,
		0.093692,
		-0.642941,
		1
	},
	[0.75] = {
		0.976977,
		-0.172808,
		-0.125117,
		0,
		-0.17979,
		-0.351148,
		-0.918896,
		0,
		0.114858,
		0.920235,
		-0.374132,
		0,
		0.038984,
		0.093815,
		-0.649465,
		1
	},
	[0.766666666667] = {
		0.968051,
		-0.177514,
		-0.177102,
		0,
		-0.229173,
		-0.339703,
		-0.912185,
		0,
		0.101764,
		0.923629,
		-0.369531,
		0,
		0.0197,
		0.094032,
		-0.655098,
		1
	},
	[0.783333333333] = {
		0.957033,
		-0.181476,
		-0.226172,
		0,
		-0.275809,
		-0.328839,
		-0.903213,
		0,
		0.089537,
		0.926785,
		-0.364763,
		0,
		0.005078,
		0.094305,
		-0.659806,
		1
	},
	[0.7] = {
		0.98739,
		-0.152973,
		0.040735,
		0,
		-0.022067,
		-0.38782,
		-0.921471,
		0,
		0.156758,
		0.908953,
		-0.386305,
		0,
		0.131802,
		0.093902,
		-0.627414,
		1
	},
	[0.816666666667] = {
		0.931074,
		-0.187766,
		-0.312801,
		0,
		-0.358319,
		-0.309388,
		-0.880845,
		0,
		0.068616,
		0.932214,
		-0.355343,
		0,
		-0.013126,
		0.0949,
		-0.666358,
		1
	},
	[0.833333333333] = {
		0.917585,
		-0.190437,
		-0.348958,
		0,
		-0.392923,
		-0.301071,
		-0.868889,
		0,
		0.060407,
		0.934393,
		-0.351086,
		0,
		-0.018121,
		0.095175,
		-0.668181,
		1
	},
	[0.85] = {
		0.904855,
		-0.193036,
		-0.37944,
		0,
		-0.422278,
		-0.293878,
		-0.857506,
		0,
		0.05402,
		0.936148,
		-0.347432,
		0,
		-0.021292,
		0.095418,
		-0.669029,
		1
	},
	[0.866666666667] = {
		0.893739,
		-0.195746,
		-0.403626,
		0,
		-0.445827,
		-0.287946,
		-0.84754,
		0,
		0.04968,
		0.937428,
		-0.344618,
		0,
		-0.023325,
		0.095619,
		-0.668903,
		1
	},
	[0.883333333333] = {
		0.884911,
		-0.198592,
		-0.421299,
		0,
		-0.463355,
		-0.283578,
		-0.839575,
		0,
		0.047262,
		0.93816,
		-0.34296,
		0,
		-0.02478,
		0.095825,
		-0.668355,
		1
	},
	[0.8] = {
		0.944484,
		-0.184839,
		-0.271634,
		0,
		-0.319064,
		-0.318689,
		-0.892544,
		0,
		0.07841,
		0.929662,
		-0.359972,
		0,
		-0.00562,
		0.094603,
		-0.663564,
		1
	},
	[0.916666666667] = {
		0.874337,
		-0.204493,
		-0.440134,
		0,
		-0.483076,
		-0.279604,
		-0.829734,
		0,
		0.046612,
		0.938085,
		-0.343254,
		0,
		-0.026442,
		0.096366,
		-0.667672,
		1
	},
	[0.933333333333] = {
		0.872265,
		-0.207528,
		-0.442817,
		0,
		-0.48668,
		-0.279628,
		-0.827618,
		0,
		0.04793,
		0.937412,
		-0.344909,
		0,
		-0.026758,
		0.096681,
		-0.667522,
		1
	},
	[0.95] = {
		0.871984,
		-0.210568,
		-0.441933,
		0,
		-0.486965,
		-0.280738,
		-0.827074,
		0,
		0.050088,
		0.936401,
		-0.347338,
		0,
		-0.026796,
		0.097013,
		-0.667481,
		1
	},
	[0.966666666667] = {
		0.873172,
		-0.213558,
		-0.438136,
		0,
		-0.484531,
		-0.282736,
		-0.827822,
		0,
		0.052911,
		0.935122,
		-0.350353,
		0,
		-0.026603,
		0.097352,
		-0.66753,
		1
	},
	[0.983333333333] = {
		0.875487,
		-0.216438,
		-0.432061,
		0,
		-0.479959,
		-0.285418,
		-0.829564,
		0,
		0.056231,
		0.933644,
		-0.353761,
		0,
		-0.026222,
		0.097689,
		-0.66765,
		1
	},
	[0.9] = {
		0.878481,
		-0.201506,
		-0.433204,
		0,
		-0.475526,
		-0.280858,
		-0.833663,
		0,
		0.046319,
		0.938357,
		-0.34255,
		0,
		-0.0258,
		0.096077,
		-0.667946,
		1
	},
	[1.01666666667] = {
		0.882112,
		-0.221658,
		-0.415628,
		0,
		-0.466714,
		-0.291969,
		-0.834825,
		0,
		0.063695,
		0.930388,
		-0.361,
		0,
		-0.025082,
		0.098326,
		-0.668019,
		1
	},
	[1.03333333333] = {
		0.885758,
		-0.223909,
		-0.406568,
		0,
		-0.459214,
		-0.295385,
		-0.837777,
		0,
		0.067492,
		0.928769,
		-0.364462,
		0,
		-0.024413,
		0.098612,
		-0.66823,
		1
	},
	[1.05] = {
		0.889216,
		-0.225882,
		-0.397833,
		0,
		-0.451929,
		-0.29858,
		-0.840601,
		0,
		0.071092,
		0.927269,
		-0.367585,
		0,
		-0.023742,
		0.098867,
		-0.668434,
		1
	},
	[1.06666666667] = {
		0.892207,
		-0.227559,
		-0.390108,
		0,
		-0.445473,
		-0.301313,
		-0.843068,
		0,
		0.074303,
		0.925974,
		-0.370205,
		0,
		-0.023118,
		0.099087,
		-0.668617,
		1
	},
	[1.08333333333] = {
		0.894465,
		-0.228931,
		-0.384086,
		0,
		-0.440469,
		-0.303339,
		-0.844969,
		0,
		0.076931,
		0.924974,
		-0.372163,
		0,
		-0.02259,
		0.099266,
		-0.668763,
		1
	},
	{
		0.87858,
		-0.219154,
		-0.424344,
		0,
		-0.473826,
		-0.28857,
		-0.831995,
		0,
		0.059882,
		0.93204,
		-0.357373,
		0,
		-0.0257,
		0.098016,
		-0.66782,
		1
	},
	[1.1] = {
		0.895675,
		-0.230127,
		-0.380537,
		0,
		-0.437668,
		-0.304479,
		-0.846014,
		0,
		0.078825,
		0.924302,
		-0.373433,
		0,
		-0.022272,
		0.099316,
		-0.668871,
		1
	}
}

return spline_matrices
