local spline_matrices = {
	[0] = {
		0.987441,
		0.058428,
		-0.146784,
		0,
		0.157913,
		-0.393023,
		0.905868,
		0,
		-0.004761,
		-0.91767,
		-0.397314,
		0,
		0.011899,
		0.001971,
		0.271895,
		1
	},
	{
		0.927092,
		-0.19108,
		-0.322474,
		0,
		-0.371997,
		-0.574676,
		-0.728948,
		0,
		-0.046031,
		0.795761,
		-0.603859,
		0,
		0.01793,
		-0.046779,
		-0.776499,
		1
	},
	[0.0333333333333] = {
		0.988812,
		0.035721,
		-0.144826,
		0,
		0.147181,
		-0.391494,
		0.908334,
		0,
		-0.024252,
		-0.919487,
		-0.392372,
		0,
		0.019081,
		0.047478,
		0.342683,
		1
	},
	[0.0666666666667] = {
		0.98795,
		0.031754,
		-0.151478,
		0,
		0.153965,
		-0.301319,
		0.941011,
		0,
		-0.015762,
		-0.952995,
		-0.302577,
		0,
		0.051081,
		0.157233,
		0.425876,
		1
	},
	[0.133333333333] = {
		0.996628,
		-0.05896,
		-0.057071,
		0,
		0.07975,
		0.859714,
		0.504511,
		0,
		0.019319,
		-0.507361,
		0.861517,
		0,
		0.059094,
		0.522474,
		0.275503,
		1
	},
	[0.166666666667] = {
		0.999255,
		-0.015749,
		0.035246,
		0,
		0.032508,
		0.835713,
		-0.548203,
		0,
		-0.020822,
		0.54894,
		0.835602,
		0,
		0.017323,
		0.696277,
		0.023233,
		1
	},
	[0.1] = {
		0.987011,
		0.008657,
		-0.160422,
		0,
		0.160599,
		-0.026799,
		0.986656,
		0,
		0.004242,
		-0.999603,
		-0.027841,
		0,
		0.08592,
		0.286107,
		0.382992,
		1
	},
	[0.233333333333] = {
		0.999391,
		0.009704,
		0.03352,
		0,
		0.034168,
		-0.467444,
		-0.883362,
		0,
		0.007097,
		0.883969,
		-0.467491,
		0,
		0.017544,
		0.594203,
		-0.582716,
		1
	},
	[0.266666666667] = {
		0.998009,
		0.058061,
		-0.024634,
		0,
		0.016736,
		-0.620366,
		-0.784134,
		0,
		-0.060809,
		0.782161,
		-0.620102,
		0,
		0.002315,
		0.41264,
		-0.73351,
		1
	},
	[0.2] = {
		0.999556,
		0.007398,
		0.028871,
		0,
		0.028915,
		-0.005987,
		-0.999564,
		0,
		-0.007222,
		0.999955,
		-0.006198,
		0,
		-0.003284,
		0.728697,
		-0.32945,
		1
	},
	[0.333333333333] = {
		0.99022,
		0.067433,
		-0.122139,
		0,
		-0.018521,
		-0.804156,
		-0.59413,
		0,
		-0.138283,
		0.590581,
		-0.795042,
		0,
		0.008626,
		0.20772,
		-0.797118,
		1
	},
	[0.366666666667] = {
		0.986796,
		0.04279,
		-0.156215,
		0,
		-0.039498,
		-0.871781,
		-0.4883,
		0,
		-0.157079,
		0.488023,
		-0.85858,
		0,
		0.019914,
		0.162183,
		-0.789199,
		1
	},
	[0.3] = {
		0.994187,
		0.073769,
		-0.078428,
		0,
		7.9e-05,
		-0.728907,
		-0.684613,
		0,
		-0.10767,
		0.680627,
		-0.724676,
		0,
		0.001553,
		0.287342,
		-0.799419,
		1
	},
	[0.433333333333] = {
		0.981167,
		0.005273,
		-0.193091,
		0,
		-0.072259,
		-0.917029,
		-0.392219,
		0,
		-0.179139,
		0.398785,
		-0.899377,
		0,
		0.04047,
		0.088715,
		-0.775641,
		1
	},
	[0.466666666667] = {
		0.9787,
		-0.00821,
		-0.205131,
		0,
		-0.08198,
		-0.931704,
		-0.353846,
		0,
		-0.188216,
		0.363126,
		-0.912532,
		0,
		0.046974,
		0.064426,
		-0.769887,
		1
	},
	[0.4] = {
		0.983792,
		0.020703,
		-0.178113,
		0,
		-0.058109,
		-0.902898,
		-0.425908,
		0,
		-0.169635,
		0.429355,
		-0.887061,
		0,
		0.031482,
		0.121468,
		-0.781573,
		1
	},
	[0.533333333333] = {
		0.973536,
		-0.034247,
		-0.225953,
		0,
		-0.109005,
		-0.938578,
		-0.327399,
		0,
		-0.200862,
		0.343365,
		-0.917472,
		0,
		0.053285,
		0.026809,
		-0.76261,
		1
	},
	[0.566666666667] = {
		0.970979,
		-0.046598,
		-0.234582,
		0,
		-0.125823,
		-0.933657,
		-0.33534,
		0,
		-0.203393,
		0.355124,
		-0.912425,
		0,
		0.05401,
		0.007928,
		-0.761296,
		1
	},
	[0.5] = {
		0.976086,
		-0.021432,
		-0.216326,
		0,
		-0.094362,
		-0.938259,
		-0.332814,
		0,
		-0.195837,
		0.345268,
		-0.917844,
		0,
		0.05108,
		0.045786,
		-0.765413,
		1
	},
	[0.633333333333] = {
		0.965879,
		-0.070121,
		-0.24932,
		0,
		-0.164521,
		-0.909593,
		-0.381541,
		0,
		-0.200026,
		0.409541,
		-0.890093,
		0,
		0.051945,
		-0.027742,
		-0.761743,
		1
	},
	[0.666666666667] = {
		0.963368,
		-0.081563,
		-0.255479,
		0,
		-0.185406,
		-0.890858,
		-0.414726,
		0,
		-0.193769,
		0.446901,
		-0.873346,
		0,
		0.049521,
		-0.043608,
		-0.762892,
		1
	},
	[0.6] = {
		0.968422,
		-0.058521,
		-0.242351,
		0,
		-0.144479,
		-0.923932,
		-0.354226,
		0,
		-0.203186,
		0.378055,
		-0.903211,
		0,
		0.053501,
		-0.010408,
		-0.761133,
		1
	},
	[0.733333333333] = {
		0.958532,
		-0.104713,
		-0.265049,
		0,
		-0.227165,
		-0.842334,
		-0.488742,
		0,
		-0.172082,
		0.528685,
		-0.831192,
		0,
		0.042772,
		-0.069098,
		-0.766028,
		1
	},
	[0.766666666667] = {
		0.956288,
		-0.116535,
		-0.268204,
		0,
		-0.246513,
		-0.814625,
		-0.524993,
		0,
		-0.157305,
		0.568161,
		-0.807743,
		0,
		0.039385,
		-0.074773,
		-0.763473,
		1
	},
	[0.7] = {
		0.960907,
		-0.093072,
		-0.26076,
		0,
		-0.206546,
		-0.868162,
		-0.451258,
		0,
		-0.184382,
		0.487476,
		-0.853446,
		0,
		0.046402,
		-0.057547,
		-0.764374,
		1
	},
	[0.833333333333] = {
		0.948823,
		-0.14055,
		-0.282807,
		0,
		-0.288878,
		-0.748108,
		-0.597397,
		0,
		-0.127606,
		0.648521,
		-0.750424,
		0,
		0.031379,
		-0.076634,
		-0.76129,
		1
	},
	[0.866666666667] = {
		0.944821,
		-0.151799,
		-0.290292,
		0,
		-0.307802,
		-0.714667,
		-0.6281,
		0,
		-0.112117,
		0.682795,
		-0.721956,
		0,
		0.02706,
		-0.073335,
		-0.762861,
		1
	},
	[0.8] = {
		0.95265,
		-0.128792,
		-0.275447,
		0,
		-0.268507,
		-0.781429,
		-0.563269,
		0,
		-0.142698,
		0.610558,
		-0.77901,
		0,
		0.035506,
		-0.076998,
		-0.761592,
		1
	},
	[0.933333333333] = {
		0.936307,
		-0.172679,
		-0.305797,
		0,
		-0.341948,
		-0.646661,
		-0.681836,
		0,
		-0.080009,
		0.742974,
		-0.664521,
		0,
		0.019307,
		-0.058895,
		-0.770833,
		1
	},
	[0.966666666667] = {
		0.93179,
		-0.182222,
		-0.313946,
		0,
		-0.357436,
		-0.611403,
		-0.705993,
		0,
		-0.0633,
		0.770053,
		-0.634832,
		0,
		0.017987,
		-0.052507,
		-0.774024,
		1
	},
	[0.9] = {
		0.940649,
		-0.16252,
		-0.297937,
		0,
		-0.325444,
		-0.680948,
		-0.656046,
		0,
		-0.096259,
		0.71407,
		-0.693425,
		0,
		0.022601,
		-0.066629,
		-0.766586,
		1
	},
	[1.03333333333] = {
		0.922203,
		-0.199156,
		-0.33148,
		0,
		-0.385686,
		-0.535907,
		-0.751032,
		0,
		-0.02807,
		0.820451,
		-0.571027,
		0,
		0.018554,
		-0.04042,
		-0.777766,
		1
	},
	[1.06666666667] = {
		0.917115,
		-0.20633,
		-0.34107,
		0,
		-0.398516,
		-0.494458,
		-0.772461,
		0,
		-0.009263,
		0.844357,
		-0.535701,
		0,
		0.019123,
		-0.032696,
		-0.778165,
		1
	},
	[1.1] = {
		0.914493,
		-0.209534,
		-0.346118,
		0,
		-0.404601,
		-0.472516,
		-0.78296,
		0,
		0.00051,
		0.856052,
		-0.51689,
		0,
		0.019148,
		-0.028125,
		-0.778197,
		1
	}
}

return spline_matrices
