-- chunkname: @content/characters/player/human/first_person/animations/combat_sword/heavy_swing_charge_right_diagonal.lua

local spline_matrices = {
	[0.0333333333333] = {
		0.627254,
		0.410526,
		0.661832,
		0,
		0.56464,
		0.345584,
		-0.749502,
		0,
		-0.536409,
		0.843825,
		-0.01503,
		0,
		0.136703,
		0.32663,
		-0.5285,
		1
	},
	[0.0666666666667] = {
		0.637399,
		0.484405,
		0.599228,
		0,
		0.383921,
		0.474619,
		-0.792049,
		0,
		-0.668078,
		0.734907,
		0.116549,
		0,
		0.078853,
		0.417932,
		-0.489749,
		1
	},
	[0] = {
		0.596278,
		0.343473,
		0.725588,
		0,
		0.711178,
		0.193269,
		-0.675924,
		0,
		-0.372396,
		0.919061,
		-0.129028,
		0,
		0.17023,
		0.276037,
		-0.543013,
		1
	},
	[0.133333333333] = {
		0.560969,
		0.583368,
		0.587363,
		0,
		0.097211,
		0.658186,
		-0.746552,
		0,
		-0.822109,
		0.475891,
		0.312513,
		0,
		-0.023107,
		0.528883,
		-0.4158,
		1
	},
	[0.166666666667] = {
		0.494352,
		0.599956,
		0.629022,
		0,
		-0.019836,
		0.731225,
		-0.681847,
		0,
		-0.869035,
		0.324596,
		0.373384,
		0,
		-0.068802,
		0.544197,
		-0.385518,
		1
	},
	[0.1] = {
		0.612862,
		0.545649,
		0.571548,
		0,
		0.223251,
		0.574271,
		-0.787637,
		0,
		-0.757997,
		0.610311,
		0.230132,
		0,
		0.024203,
		0.495027,
		-0.448861,
		1
	},
	[0.233333333333] = {
		0.339911,
		0.560409,
		0.755249,
		0,
		-0.238564,
		0.828179,
		-0.507155,
		0,
		-0.909696,
		-0.007788,
		0.415201,
		0,
		-0.121005,
		0.563238,
		-0.325882,
		1
	},
	[0.266666666667] = {
		0.2628,
		0.506742,
		0.821066,
		0,
		-0.342509,
		0.84455,
		-0.411609,
		0,
		-0.902011,
		-0.173052,
		0.395511,
		0,
		-0.141205,
		0.564471,
		-0.295876,
		1
	},
	[0.2] = {
		0.418859,
		0.592472,
		0.688138,
		0,
		-0.131111,
		0.789337,
		-0.599798,
		0,
		-0.898536,
		0.161009,
		0.408301,
		0,
		-0.10052,
		0.556502,
		-0.356173,
		1
	},
	[0.333333333333] = {
		0.132058,
		0.364523,
		0.921783,
		0,
		-0.534578,
		0.809294,
		-0.243453,
		0,
		-0.834737,
		-0.460615,
		0.30174,
		0,
		-0.180603,
		0.54641,
		-0.241479,
		1
	},
	[0.366666666667] = {
		0.085433,
		0.291491,
		0.952751,
		0,
		-0.623473,
		0.761528,
		-0.17708,
		0,
		-0.777163,
		-0.578885,
		0.246797,
		0,
		-0.199669,
		0.527542,
		-0.21782,
		1
	},
	[0.3] = {
		0.192315,
		0.438215,
		0.878056,
		0,
		-0.44182,
		0.837608,
		-0.32126,
		0,
		-0.876247,
		-0.32616,
		0.354697,
		0,
		-0.161088,
		0.559011,
		-0.26738,
		1
	},
	[0.433333333333] = {
		0.027716,
		0.197941,
		0.979822,
		0,
		-0.77325,
		0.625435,
		-0.104476,
		0,
		-0.633495,
		-0.754752,
		0.170392,
		0,
		-0.23475,
		0.475971,
		-0.179024,
		1
	},
	[0.466666666667] = {
		0.006332,
		0.170567,
		0.985326,
		0,
		-0.835535,
		0.542263,
		-0.0885,
		0,
		-0.549401,
		-0.822713,
		0.145948,
		0,
		-0.250922,
		0.445185,
		-0.162787,
		1
	},
	[0.4] = {
		0.052328,
		0.235845,
		0.970381,
		0,
		-0.702741,
		0.69909,
		-0.132014,
		0,
		-0.709519,
		-0.675019,
		0.20232,
		0,
		-0.217678,
		0.50371,
		-0.196906,
		1
	},
	[0.533333333333] = {
		-0.015637,
		0.118628,
		0.992816,
		0,
		-0.940592,
		0.33508,
		-0.054852,
		0,
		-0.339179,
		-0.934692,
		0.106341,
		0,
		-0.280338,
		0.376832,
		-0.128033,
		1
	},
	[0.566666666667] = {
		-0.012489,
		0.091989,
		0.995682,
		0,
		-0.976124,
		0.214829,
		-0.032091,
		0,
		-0.216853,
		-0.97231,
		0.08711,
		0,
		-0.292928,
		0.341478,
		-0.109217,
		1
	},
	[0.5] = {
		-0.013504,
		0.152233,
		0.988252,
		0,
		-0.888064,
		0.452379,
		-0.081821,
		0,
		-0.45952,
		-0.878737,
		0.129084,
		0,
		-0.266062,
		0.412467,
		-0.146506,
		1
	},
	[0.633333333333] = {
		0.006063,
		0.058685,
		0.998258,
		0,
		-0.999921,
		-0.01064,
		0.006699,
		0,
		0.011014,
		-0.99822,
		0.058616,
		0,
		-0.313199,
		0.276844,
		-0.07056,
		1
	},
	[0.666666666667] = {
		0.019093,
		0.050079,
		0.998563,
		0,
		-0.994295,
		-0.103875,
		0.024221,
		0,
		0.104939,
		-0.993329,
		0.04781,
		0,
		-0.321106,
		0.250215,
		-0.05099,
		1
	},
	[0.6] = {
		-0.004845,
		0.072217,
		0.997377,
		0,
		-0.995162,
		0.097528,
		-0.011896,
		0,
		-0.098131,
		-0.992609,
		0.071395,
		0,
		-0.303864,
		0.307703,
		-0.090024,
		1
	},
	[0.733333333333] = {
		0.031236,
		0.06298,
		0.997526,
		0,
		-0.971303,
		-0.233518,
		0.045158,
		0,
		0.235785,
		-0.970311,
		0.053878,
		0,
		-0.333816,
		0.213959,
		-0.012822,
		1
	},
	[0.766666666667] = {
		0.028949,
		0.08265,
		0.996158,
		0,
		-0.959995,
		-0.275381,
		0.050746,
		0,
		0.278517,
		-0.957776,
		0.071372,
		0,
		-0.33891,
		0.202799,
		0.005407,
		1
	},
	[0.7] = {
		0.028727,
		0.050711,
		0.9983,
		0,
		-0.983378,
		-0.177693,
		0.037324,
		0,
		0.179284,
		-0.982779,
		0.044764,
		0,
		-0.32792,
		0.229006,
		-0.031675,
		1
	},
	[0.833333333333] = {
		0.021669,
		0.129133,
		0.991391,
		0,
		-0.94067,
		-0.333239,
		0.063966,
		0,
		0.33863,
		-0.933957,
		0.114251,
		0,
		-0.346648,
		0.183361,
		0.039063,
		1
	},
	[0.866666666667] = {
		0.022837,
		0.1489,
		0.988588,
		0,
		-0.930987,
		-0.3572,
		0.075307,
		0,
		0.364337,
		-0.922083,
		0.130467,
		0,
		-0.348928,
		0.174527,
		0.054087,
		1
	},
	[0.8] = {
		0.024731,
		0.105904,
		0.994069,
		0,
		-0.949943,
		-0.307295,
		0.056372,
		0,
		0.311443,
		-0.945703,
		0.093003,
		0,
		-0.34324,
		0.192693,
		0.022766,
		1
	},
	[0.933333333333] = {
		0.049645,
		0.165754,
		0.984917,
		0,
		-0.90226,
		-0.415463,
		0.115399,
		0,
		0.428324,
		-0.89438,
		0.128928,
		0,
		-0.349063,
		0.157264,
		0.079399,
		1
	},
	[0.966666666667] = {
		0.075116,
		0.163638,
		0.983656,
		0,
		-0.880717,
		-0.451728,
		0.142403,
		0,
		0.467648,
		-0.87702,
		0.110187,
		0,
		-0.346625,
		0.148761,
		0.089917,
		1
	},
	[0.9] = {
		0.031195,
		0.162027,
		0.986293,
		0,
		-0.919059,
		-0.383226,
		0.092025,
		0,
		0.392884,
		-0.909332,
		0.136957,
		0,
		-0.349833,
		0.165919,
		0.067616,
		1
	},
	[1.03333333333] = {
		0.130734,
		0.157902,
		0.978762,
		0,
		-0.830959,
		-0.521021,
		0.195048,
		0,
		0.540754,
		-0.838811,
		0.063095,
		0,
		-0.337382,
		0.133458,
		0.108787,
		1
	},
	[1.06666666667] = {
		0.125047,
		0.165345,
		0.978276,
		0,
		-0.82491,
		-0.530523,
		0.195111,
		0,
		0.551258,
		-0.831388,
		0.070055,
		0,
		-0.333576,
		0.128277,
		0.115651,
		1
	},
	{
		0.102281,
		0.160946,
		0.981649,
		0,
		-0.856899,
		-0.486952,
		0.169121,
		0,
		0.505235,
		-0.858472,
		0.088108,
		0,
		-0.342741,
		0.140813,
		0.099755,
		1
	},
	[1.13333333333] = {
		0.120218,
		0.173257,
		0.977512,
		0,
		-0.811448,
		-0.550114,
		0.197298,
		0,
		0.571926,
		-0.816919,
		0.074455,
		0,
		-0.326599,
		0.11901,
		0.126821,
		1
	},
	[1.16666666667] = {
		0.120861,
		0.17387,
		0.977324,
		0,
		-0.804116,
		-0.560142,
		0.199093,
		0,
		0.582056,
		-0.809945,
		0.072112,
		0,
		-0.323548,
		0.114925,
		0.130922,
		1
	},
	[1.1] = {
		0.121578,
		0.170439,
		0.977839,
		0,
		-0.818393,
		-0.540232,
		0.195917,
		0,
		0.561652,
		-0.824075,
		0.073806,
		0,
		-0.329961,
		0.123461,
		0.121697,
		1
	},
	[1.23333333333] = {
		0.127757,
		0.168844,
		0.977328,
		0,
		-0.788442,
		-0.580522,
		0.203357,
		0,
		0.601695,
		-0.796547,
		0.058958,
		0,
		-0.318622,
		0.107873,
		0.135633,
		1
	},
	[1.26666666667] = {
		0.133816,
		0.163533,
		0.97742,
		0,
		-0.780177,
		-0.590786,
		0.205657,
		0,
		0.611078,
		-0.790081,
		0.048528,
		0,
		-0.316861,
		0.104939,
		0.136019,
		1
	},
	[1.2] = {
		0.123406,
		0.172346,
		0.977276,
		0,
		-0.796435,
		-0.570292,
		0.201144,
		0,
		0.591999,
		-0.803159,
		0.066885,
		0,
		-0.32087,
		0.111208,
		0.133897,
		1
	},
	[1.33333333333] = {
		0.146504,
		0.139145,
		0.979375,
		0,
		-0.778449,
		-0.594678,
		0.200936,
		0,
		0.610372,
		-0.791831,
		0.021194,
		0,
		-0.315287,
		0.100858,
		0.134499,
		1
	},
	[1.36666666667] = {
		0.154689,
		0.125073,
		0.980014,
		0,
		-0.777187,
		-0.59702,
		0.198867,
		0,
		0.609961,
		-0.792417,
		0.004852,
		0,
		-0.314371,
		0.099053,
		0.133672,
		1
	},
	[1.3] = {
		0.139505,
		0.152005,
		0.978485,
		0,
		-0.779455,
		-0.592592,
		0.203187,
		0,
		0.610728,
		-0.79103,
		0.035812,
		0,
		-0.316121,
		0.102818,
		0.135283,
		1
	},
	[1.43333333333] = {
		0.174117,
		0.093798,
		0.980247,
		0,
		-0.774,
		-0.602371,
		0.195122,
		0,
		0.608775,
		-0.792686,
		-0.032283,
		0,
		-0.312347,
		0.095887,
		0.131904,
		1
	},
	[1.46666666667] = {
		0.185106,
		0.076857,
		0.979709,
		0,
		-0.772128,
		-0.60533,
		0.193373,
		0,
		0.607909,
		-0.792255,
		-0.052707,
		0,
		-0.311266,
		0.094513,
		0.130974,
		1
	},
	[1.4] = {
		0.163936,
		0.109914,
		0.980329,
		0,
		-0.775695,
		-0.599592,
		0.196942,
		0,
		0.609444,
		-0.792722,
		-0.013035,
		0,
		-0.313387,
		0.097398,
		0.132806,
		1
	},
	[1.53333333333] = {
		0.208979,
		0.041049,
		0.977058,
		0,
		-0.767961,
		-0.61168,
		0.189954,
		0,
		0.605444,
		-0.79004,
		-0.096305,
		0,
		-0.309027,
		0.092155,
		0.129044,
		1
	},
	[1.56666666667] = {
		0.221598,
		0.022462,
		0.974879,
		0,
		-0.765721,
		-0.615015,
		0.188225,
		0,
		0.603793,
		-0.788196,
		-0.119087,
		0,
		-0.307895,
		0.091159,
		0.128057,
		1
	},
	[1.5] = {
		0.19677,
		0.059228,
		0.978659,
		0,
		-0.770107,
		-0.608442,
		0.191661,
		0,
		0.606809,
		-0.791385,
		-0.074112,
		0,
		-0.310155,
		0.093271,
		0.130018,
		1
	},
	[1.63333333333] = {
		0.247537,
		-0.015364,
		0.968757,
		0,
		-0.761066,
		-0.621852,
		0.184605,
		0,
		0.599587,
		-0.782984,
		-0.165624,
		0,
		-0.305671,
		0.089501,
		0.126065,
		1
	},
	[1.66666666667] = {
		0.26059,
		-0.034318,
		0.96484,
		0,
		-0.758708,
		-0.625293,
		0.182675,
		0,
		0.597038,
		-0.779635,
		-0.188983,
		0,
		-0.304602,
		0.088827,
		0.125074,
		1
	},
	[1.6] = {
		0.234495,
		0.00361,
		0.972111,
		0,
		-0.763413,
		-0.618416,
		0.186449,
		0,
		0.601841,
		-0.785843,
		-0.14226,
		0,
		-0.306773,
		0.090276,
		0.127062,
		1
	},
	[1.73333333333] = {
		0.286215,
		-0.071615,
		0.955485,
		0,
		-0.75408,
		-0.632058,
		0.17851,
		0,
		0.591138,
		-0.771605,
		-0.234908,
		0,
		-0.302614,
		0.087753,
		0.123136,
		1
	},
	[1.76666666667] = {
		0.298535,
		-0.08969,
		0.950175,
		0,
		-0.751867,
		-0.635318,
		0.176259,
		0,
		0.587854,
		-0.767025,
		-0.2571,
		0,
		-0.301717,
		0.087339,
		0.122202,
		1
	},
	[1.7] = {
		0.273525,
		-0.053114,
		0.960397,
		0,
		-0.75637,
		-0.628706,
		0.180647,
		0,
		0.594212,
		-0.775827,
		-0.212141,
		0,
		-0.303579,
		0.088246,
		0.124095,
		1
	},
	[1.83333333333] = {
		0.321595,
		-0.124066,
		0.938714,
		0,
		-0.747786,
		-0.641431,
		0.171409,
		0,
		0.580855,
		-0.757082,
		-0.299056,
		0,
		-0.300179,
		0.086722,
		0.120443,
		1
	},
	[1.86666666667] = {
		0.332107,
		-0.140134,
		0.932774,
		0,
		-0.745975,
		-0.644223,
		0.168814,
		0,
		0.577258,
		-0.75189,
		-0.318487,
		0,
		-0.299559,
		0.086503,
		0.119633,
		1
	},
	[1.8] = {
		0.310367,
		-0.107214,
		0.944551,
		0,
		-0.74976,
		-0.638453,
		0.173892,
		0,
		0.584408,
		-0.762157,
		-0.278539,
		0,
		-0.300902,
		0.086998,
		0.121302,
		1
	},
	[1.93333333333] = {
		0.350562,
		-0.169494,
		0.921074,
		0,
		-0.742941,
		-0.649128,
		0.163313,
		0,
		0.570215,
		-0.741555,
		-0.353484,
		0,
		-0.298674,
		0.086202,
		0.118188,
		1
	},
	[1.96666666667] = {
		0.358303,
		-0.182591,
		0.915576,
		0,
		-0.74177,
		-0.651186,
		0.160421,
		0,
		0.566918,
		-0.736626,
		-0.368762,
		0,
		-0.298431,
		0.086103,
		0.117569,
		1
	},
	[1.9] = {
		0.341797,
		-0.15531,
		0.926852,
		0,
		-0.744351,
		-0.646799,
		0.166113,
		0,
		0.573687,
		-0.74668,
		-0.336679,
		0,
		-0.299054,
		0.086332,
		0.118879,
		1
	},
	{
		0.364923,
		-0.194508,
		0.910493,
		0,
		-0.740861,
		-0.652943,
		0.157447,
		0,
		0.563876,
		-0.732005,
		-0.382378,
		0,
		-0.298334,
		0.086027,
		0.117029,
		1
	}
}

return spline_matrices
