local spline_matrices = {
	[0] = {
		0.492411,
		0.177035,
		0.852168,
		0,
		-0.843005,
		-0.146541,
		0.51756,
		0,
		0.216504,
		-0.973234,
		0.077083,
		0,
		-0.366984,
		0.0232,
		0.067034,
		1
	},
	[0.0166666666667] = {
		0.477603,
		0.206577,
		0.853945,
		0,
		-0.853182,
		-0.122944,
		0.506918,
		0,
		0.209705,
		-0.970675,
		0.117529,
		0,
		-0.364005,
		0.003181,
		0.075001,
		1
	},
	[0.0333333333333] = {
		0.485077,
		0.185701,
		0.854526,
		0,
		-0.865178,
		-0.040167,
		0.499853,
		0,
		0.127147,
		-0.981785,
		0.14118,
		0,
		-0.362425,
		-0.015999,
		0.093006,
		1
	},
	[0.05] = {
		0.50568,
		0.124489,
		0.853692,
		0,
		-0.862636,
		0.08682,
		0.498318,
		0,
		-0.012082,
		-0.988415,
		0.151292,
		0,
		-0.35835,
		-0.022359,
		0.117948,
		1
	},
	[0.0666666666667] = {
		0.527408,
		0.033395,
		0.848956,
		0,
		-0.829405,
		0.23687,
		0.505944,
		0,
		-0.184196,
		-0.970967,
		0.152625,
		0,
		-0.347451,
		-0.004428,
		0.146343,
		1
	},
	[0.0833333333333] = {
		0.542712,
		-0.07322,
		0.836722,
		0,
		-0.759435,
		0.382756,
		0.526076,
		0,
		-0.35878,
		-0.920943,
		0.15212,
		0,
		-0.324258,
		0.048996,
		0.174117,
		1
	},
	[0.116666666667] = {
		0.572262,
		-0.27033,
		0.774234,
		0,
		-0.552837,
		0.570156,
		0.607695,
		0,
		-0.605712,
		-0.775786,
		0.17683,
		0,
		-0.260183,
		0.200365,
		0.215281,
		1
	},
	[0.133333333333] = {
		0.614445,
		-0.336636,
		0.713536,
		0,
		-0.450957,
		0.592246,
		0.667744,
		0,
		-0.647376,
		-0.732066,
		0.212094,
		0,
		-0.239342,
		0.250086,
		0.22519,
		1
	},
	[0.15] = {
		0.663661,
		-0.359625,
		0.655915,
		0,
		-0.389393,
		0.582591,
		0.713415,
		0,
		-0.638692,
		-0.728874,
		0.246608,
		0,
		-0.230351,
		0.291906,
		0.23124,
		1
	},
	[0.166666666667] = {
		0.689344,
		-0.267985,
		0.673044,
		0,
		-0.44167,
		0.580951,
		0.683684,
		0,
		-0.574223,
		-0.768557,
		0.282114,
		0,
		-0.226531,
		0.348474,
		0.23107,
		1
	},
	[0.183333333333] = {
		0.667125,
		-0.138231,
		0.732008,
		0,
		-0.533301,
		0.597464,
		0.598854,
		0,
		-0.520129,
		-0.789891,
		0.324865,
		0,
		-0.219097,
		0.409011,
		0.220703,
		1
	},
	[0.1] = {
		0.553741,
		-0.17908,
		0.813204,
		0,
		-0.661245,
		0.498986,
		0.56015,
		0,
		-0.506089,
		-0.847905,
		0.157893,
		0,
		-0.291894,
		0.125459,
		0.197814,
		1
	},
	[0.216666666667] = {
		0.59649,
		0.049668,
		0.801082,
		0,
		-0.405681,
		0.879862,
		0.247519,
		0,
		-0.692548,
		-0.472626,
		0.544978,
		0,
		-0.169079,
		0.493839,
		0.159747,
		1
	},
	[0.233333333333] = {
		0.849987,
		-0.095865,
		0.518008,
		0,
		0.326616,
		0.867403,
		-0.375411,
		0,
		-0.413333,
		0.488285,
		0.768592,
		0,
		-0.040038,
		0.608897,
		0.062614,
		1
	},
	[0.25] = {
		0.901932,
		0.016491,
		0.431562,
		0,
		0.417508,
		0.222328,
		-0.881055,
		0,
		-0.110478,
		0.974832,
		0.19364,
		0,
		0.088185,
		0.7276,
		-0.200775,
		1
	},
	[0.266666666667] = {
		0.885032,
		0.119533,
		0.449922,
		0,
		0.465503,
		-0.237498,
		-0.852585,
		0,
		0.004943,
		0.964006,
		-0.265836,
		0,
		0.129359,
		0.551543,
		-0.35332,
		1
	},
	[0.283333333333] = {
		0.774081,
		0.098705,
		0.625344,
		0,
		0.631824,
		-0.182788,
		-0.753251,
		0,
		0.039956,
		0.978185,
		-0.203857,
		0,
		0.232078,
		0.236466,
		-0.422224,
		1
	},
	[0.2] = {
		0.592412,
		-0.049138,
		0.804135,
		0,
		-0.583089,
		0.662612,
		0.470056,
		0,
		-0.555927,
		-0.747349,
		0.363887,
		0,
		-0.199621,
		0.463833,
		0.194997,
		1
	},
	[0.316666666667] = {
		0.449899,
		0.584009,
		0.675666,
		0,
		0.638418,
		-0.739354,
		0.21396,
		0,
		0.624511,
		0.335097,
		-0.705476,
		0,
		0.022134,
		-0.148735,
		-0.52578,
		1
	},
	[0.333333333333] = {
		0.567811,
		0.616421,
		0.545542,
		0,
		0.537753,
		-0.77955,
		0.321128,
		0,
		0.623227,
		0.111027,
		-0.774119,
		0,
		-0.046865,
		-0.189027,
		-0.520502,
		1
	},
	[0.35] = {
		0.532162,
		0.597733,
		0.599599,
		0,
		0.427174,
		-0.801018,
		0.419395,
		0,
		0.730976,
		0.032947,
		-0.681608,
		0,
		-0.04966,
		-0.189023,
		-0.525573,
		1
	},
	[0.366666666667] = {
		0.505931,
		0.576703,
		0.641442,
		0,
		0.348985,
		-0.81691,
		0.459203,
		0,
		0.788824,
		-0.008471,
		-0.61456,
		0,
		-0.047178,
		-0.187074,
		-0.531056,
		1
	},
	[0.383333333333] = {
		0.488989,
		0.550296,
		0.676804,
		0,
		0.301013,
		-0.834685,
		0.461185,
		0,
		0.818707,
		-0.021787,
		-0.573798,
		0,
		-0.039032,
		-0.183953,
		-0.535654,
		1
	},
	[0.3] = {
		0.431807,
		0.441972,
		0.786259,
		0,
		0.740252,
		-0.671705,
		-0.028962,
		0,
		0.515334,
		0.594536,
		-0.617217,
		0,
		0.204511,
		-0.044797,
		-0.507744,
		1
	},
	[0.416666666667] = {
		0.48095,
		0.474858,
		0.737019,
		0,
		0.276324,
		-0.879884,
		0.386586,
		0,
		0.832065,
		0.017728,
		-0.554395,
		0,
		-0.020686,
		-0.175206,
		-0.551936,
		1
	},
	[0.433333333333] = {
		0.489763,
		0.423979,
		0.761823,
		0,
		0.290485,
		-0.903222,
		0.315924,
		0,
		0.82204,
		0.06657,
		-0.565524,
		0,
		-0.010689,
		-0.169383,
		-0.562875,
		1
	},
	[0.45] = {
		0.507494,
		0.364256,
		0.780876,
		0,
		0.316355,
		-0.921728,
		0.22436,
		0,
		0.801479,
		0.133172,
		-0.583006,
		0,
		-0.00042,
		-0.162365,
		-0.575265,
		1
	},
	[0.466666666667] = {
		0.534385,
		0.296956,
		0.791359,
		0,
		0.349008,
		-0.930234,
		0.113392,
		0,
		0.769822,
		0.215596,
		-0.600743,
		0,
		0.00967,
		-0.153903,
		-0.588719,
		1
	},
	[0.483333333333] = {
		0.569896,
		0.224889,
		0.790344,
		0,
		0.382676,
		-0.92379,
		-0.013077,
		0,
		0.727171,
		0.309898,
		-0.612524,
		0,
		0.019053,
		-0.143866,
		-0.602683,
		1
	},
	[0.4] = {
		0.480749,
		0.516748,
		0.708416,
		0,
		0.278367,
		-0.856051,
		0.435532,
		0,
		0.8315,
		-0.012182,
		-0.555391,
		0,
		-0.030186,
		-0.180016,
		-0.542759,
		1
	},
	[0.516666666667] = {
		0.65644,
		0.084499,
		0.749631,
		0,
		0.429802,
		-0.858543,
		-0.279595,
		0,
		0.619965,
		0.50573,
		-0.5999,
		0,
		0.034784,
		-0.119963,
		-0.629185,
		1
	},
	[0.533333333333] = {
		0.698789,
		0.025659,
		0.714867,
		0,
		0.436004,
		-0.807541,
		-0.397213,
		0,
		0.567092,
		0.589253,
		-0.575488,
		0,
		0.041263,
		-0.107482,
		-0.640304,
		1
	},
	[0.55] = {
		0.733829,
		-0.021713,
		0.678988,
		0,
		0.430976,
		-0.757722,
		-0.490017,
		0,
		0.525124,
		0.652216,
		-0.54668,
		0,
		0.047374,
		-0.09605,
		-0.649476,
		1
	},
	[0.566666666667] = {
		0.757175,
		-0.057405,
		0.650685,
		0,
		0.418299,
		-0.722481,
		-0.550497,
		0,
		0.501709,
		0.689004,
		-0.523032,
		0,
		0.053741,
		-0.086797,
		-0.656712,
		1
	},
	[0.583333333333] = {
		0.765249,
		-0.082131,
		0.638473,
		0,
		0.401651,
		-0.714168,
		-0.573272,
		0,
		0.50306,
		0.695139,
		-0.513529,
		0,
		0.060931,
		-0.080719,
		-0.662146,
		1
	},
	[0.5] = {
		0.611842,
		0.152379,
		0.776164,
		0,
		0.411264,
		-0.899486,
		-0.147605,
		0,
		0.675657,
		0.409519,
		-0.613011,
		0,
		0.027451,
		-0.132384,
		-0.616432,
		1
	},
	[0.616666666667] = {
		0.76579,
		-0.109815,
		0.633646,
		0,
		0.365999,
		-0.735751,
		-0.569838,
		0,
		0.528782,
		0.66829,
		-0.523238,
		0,
		0.076046,
		-0.07305,
		-0.670984,
		1
	},
	[0.633333333333] = {
		0.767571,
		-0.116346,
		0.630316,
		0,
		0.348322,
		-0.749791,
		-0.562571,
		0,
		0.538057,
		0.651366,
		-0.534992,
		0,
		0.083365,
		-0.069723,
		-0.675225,
		1
	},
	[0.65] = {
		0.770409,
		-0.118682,
		0.626406,
		0,
		0.330711,
		-0.765607,
		-0.551793,
		0,
		0.545069,
		0.632266,
		-0.550581,
		0,
		0.090547,
		-0.066689,
		-0.679345,
		1
	},
	[0.666666666667] = {
		0.774288,
		-0.11732,
		0.621864,
		0,
		0.313178,
		-0.782859,
		-0.537634,
		0,
		0.549907,
		0.611038,
		-0.569417,
		0,
		0.097612,
		-0.063913,
		-0.683337,
		1
	},
	[0.683333333333] = {
		0.779162,
		-0.112746,
		0.616599,
		0,
		0.29576,
		-0.801176,
		-0.520233,
		0,
		0.552659,
		0.587711,
		-0.590901,
		0,
		0.104582,
		-0.061359,
		-0.687197,
		1
	},
	[0.6] = {
		0.765039,
		-0.098584,
		0.636394,
		0,
		0.383759,
		-0.723793,
		-0.573457,
		0,
		0.517151,
		0.682939,
		-0.515897,
		0,
		0.068573,
		-0.076705,
		-0.666625,
		1
	},
	[0.716666666667] = {
		0.791572,
		-0.095895,
		0.603505,
		0,
		0.261502,
		-0.839453,
		-0.476378,
		0,
		0.552296,
		0.534905,
		-0.63941,
		0,
		0.118331,
		-0.056762,
		-0.694498,
		1
	},
	[0.733333333333] = {
		0.798888,
		-0.084576,
		0.595504,
		0,
		0.244801,
		-0.858634,
		-0.450356,
		0,
		0.549409,
		0.505564,
		-0.665248,
		0,
		0.125159,
		-0.054637,
		-0.697936,
		1
	},
	[0.75] = {
		0.806771,
		-0.071964,
		0.586466,
		0,
		0.228482,
		-0.877347,
		-0.421969,
		0,
		0.544901,
		0.474429,
		-0.691375,
		0,
		0.131992,
		-0.052571,
		-0.701236,
		1
	},
	[0.766666666667] = {
		0.815075,
		-0.058529,
		0.576392,
		0,
		0.212607,
		-0.895256,
		-0.391554,
		0,
		0.538936,
		0.44169,
		-0.717257,
		0,
		0.138855,
		-0.050522,
		-0.704408,
		1
	},
	[0.783333333333] = {
		0.823647,
		-0.044728,
		0.565337,
		0,
		0.197222,
		-0.912067,
		-0.359496,
		0,
		0.531705,
		0.407595,
		-0.742399,
		0,
		0.145775,
		-0.048447,
		-0.707467,
		1
	},
	[0.7] = {
		0.784957,
		-0.105444,
		0.610512,
		0,
		0.278512,
		-0.820172,
		-0.499749,
		0,
		0.55342,
		0.562317,
		-0.614432,
		0,
		0.11148,
		-0.058989,
		-0.690918,
		1
	},
	[0.816666666667] = {
		0.840983,
		-0.017771,
		0.54077,
		0,
		0.168005,
		-0.94148,
		-0.292214,
		0,
		0.514318,
		0.336599,
		-0.788783,
		0,
		0.159883,
		-0.044057,
		-0.713333,
		1
	},
	[0.833333333333] = {
		0.84945,
		-0.005423,
		0.527641,
		0,
		0.154142,
		-0.953782,
		-0.257955,
		0,
		0.504653,
		0.300451,
		-0.809354,
		0,
		0.167118,
		-0.041665,
		-0.716198,
		1
	},
	[0.85] = {
		0.857601,
		0.005688,
		0.514284,
		0,
		0.140702,
		-0.964388,
		-0.223963,
		0,
		0.494696,
		0.264432,
		-0.82786,
		0,
		0.1745,
		-0.039097,
		-0.719064,
		1
	},
	[0.866666666667] = {
		0.865309,
		0.01524,
		0.501006,
		0,
		0.12759,
		-0.973309,
		-0.19076,
		0,
		0.484727,
		0.22899,
		-0.844158,
		0,
		0.182046,
		-0.036322,
		-0.721972,
		1
	},
	[0.883333333333] = {
		0.872462,
		0.022948,
		0.488143,
		0,
		0.114678,
		-0.980618,
		-0.158865,
		0,
		0.475036,
		0.194583,
		-0.858183,
		0,
		0.189774,
		-0.033314,
		-0.724964,
		1
	},
	[0.8] = {
		0.832333,
		-0.031003,
		0.553408,
		0,
		0.182355,
		-0.927536,
		-0.326227,
		0,
		0.52342,
		0.372446,
		-0.766365,
		0,
		0.152776,
		-0.046305,
		-0.710433,
		1
	},
	[0.916666666667] = {
		0.884686,
		0.031856,
		0.465097,
		0,
		0.088797,
		-0.990912,
		-0.101034,
		0,
		0.457652,
		0.130682,
		-0.879475,
		0,
		0.205818,
		-0.026509,
		-0.731381,
		1
	},
	[0.9] = {
		0.878954,
		0.028562,
		0.476051,
		0,
		0.101809,
		-0.986432,
		-0.12879,
		0,
		0.465913,
		0.161667,
		-0.869936,
		0,
		0.197694,
		-0.030049,
		-0.728085,
		1
	}
}

return spline_matrices
