local spline_matrices = {
	[0] = {
		-0.233912,
		0.306296,
		0.92275,
		0,
		-0.934642,
		0.190601,
		-0.300194,
		0,
		-0.267825,
		-0.93266,
		0.241693,
		0,
		-0.427156,
		0.040142,
		-0.152973,
		1
	},
	{
		0.510275,
		0.851944,
		0.117524,
		0,
		0.41456,
		-0.123936,
		-0.901543,
		0,
		-0.753498,
		0.508755,
		-0.416423,
		0,
		0.079615,
		0.063482,
		-0.507735,
		1
	},
	[0.0333333333333] = {
		-0.248488,
		0.237264,
		0.939127,
		0,
		-0.939081,
		0.178658,
		-0.293612,
		0,
		-0.237446,
		-0.954875,
		0.178416,
		0,
		-0.441888,
		0.098088,
		-0.137373,
		1
	},
	[0.0666666666667] = {
		-0.169163,
		0.155617,
		0.973225,
		0,
		-0.964958,
		0.174829,
		-0.195681,
		0,
		-0.200599,
		-0.972223,
		0.12059,
		0,
		-0.430441,
		0.231432,
		-0.100604,
		1
	},
	[0.133333333333] = {
		-0.013229,
		-0.10816,
		0.994045,
		0,
		0.572445,
		0.814278,
		0.096218,
		0,
		-0.819837,
		0.570309,
		0.051143,
		0,
		-0.142038,
		0.694493,
		-0.067861,
		1
	},
	[0.166666666667] = {
		-0.043009,
		-0.058139,
		0.997382,
		0,
		0.973888,
		-0.225185,
		0.02887,
		0,
		0.222917,
		0.97258,
		0.066306,
		0,
		0.326204,
		0.671679,
		-0.066941,
		1
	},
	[0.1] = {
		-0.042222,
		0.094895,
		0.994591,
		0,
		-0.843489,
		0.530153,
		-0.08639,
		0,
		-0.535484,
		-0.842575,
		0.057659,
		0,
		-0.402367,
		0.421311,
		-0.076493,
		1
	},
	[0.233333333333] = {
		-0.065556,
		-0.055495,
		0.996305,
		0,
		0.471527,
		-0.881666,
		-0.018084,
		0,
		0.879411,
		0.468599,
		0.083966,
		0,
		0.658759,
		-0.016378,
		-0.075032,
		1
	},
	[0.266666666667] = {
		-0.045138,
		-0.069738,
		0.996544,
		0,
		0.303573,
		-0.951343,
		-0.052825,
		0,
		0.951738,
		0.300139,
		0.064112,
		0,
		0.676327,
		-0.230947,
		-0.092997,
		1
	},
	[0.2] = {
		-0.046648,
		-0.037004,
		0.998226,
		0,
		0.746802,
		-0.664968,
		0.010248,
		0,
		0.663409,
		0.745955,
		0.058654,
		0,
		0.577024,
		0.364201,
		-0.069094,
		1
	},
	[0.333333333333] = {
		0.268383,
		-0.008431,
		0.963275,
		0,
		0.416788,
		-0.900506,
		-0.124005,
		0,
		0.868481,
		0.434762,
		-0.238166,
		0,
		0.519439,
		-0.219536,
		-0.393842,
		1
	},
	[0.366666666667] = {
		0.44987,
		0.082301,
		0.889294,
		0,
		0.550472,
		-0.809663,
		-0.203537,
		0,
		0.703277,
		0.581096,
		-0.409547,
		0,
		0.386032,
		-0.207903,
		-0.523102,
		1
	},
	[0.3] = {
		0.084941,
		-0.055737,
		0.994826,
		0,
		0.310289,
		-0.947307,
		-0.079568,
		0,
		0.94684,
		0.315442,
		-0.06317,
		0,
		0.628,
		-0.228337,
		-0.197654,
		1
	},
	[0.433333333333] = {
		0.675344,
		0.357697,
		0.644953,
		0,
		0.714561,
		-0.533786,
		-0.452189,
		0,
		0.18252,
		0.766241,
		-0.616085,
		0,
		0.24376,
		-0.119544,
		-0.561819,
		1
	},
	[0.466666666667] = {
		0.682119,
		0.55076,
		0.481016,
		0,
		0.707493,
		-0.330795,
		-0.624523,
		0,
		-0.184845,
		0.766315,
		-0.6153,
		0,
		0.197306,
		-0.00347,
		-0.572197,
		1
	},
	[0.4] = {
		0.585761,
		0.198723,
		0.785744,
		0,
		0.64945,
		-0.695072,
		-0.308364,
		0,
		0.48487,
		0.690929,
		-0.536207,
		0,
		0.29869,
		-0.189932,
		-0.545129,
		1
	},
	[0.533333333333] = {
		0.586101,
		0.75184,
		0.302031,
		0,
		0.582539,
		-0.131931,
		-0.802024,
		0,
		-0.563146,
		0.646011,
		-0.515301,
		0,
		0.152374,
		0.071858,
		-0.56582,
		1
	},
	[0.566666666667] = {
		0.542121,
		0.801476,
		0.252469,
		0,
		0.527253,
		-0.090496,
		-0.844875,
		0,
		-0.6543,
		0.59114,
		-0.471641,
		0,
		0.139211,
		0.077447,
		-0.561242,
		1
	},
	[0.5] = {
		0.631481,
		0.682512,
		0.367978,
		0,
		0.641674,
		-0.193564,
		-0.74215,
		0,
		-0.435299,
		0.704776,
		-0.560183,
		0,
		0.168361,
		0.06364,
		-0.569612,
		1
	},
	[0.633333333333] = {
		0.474979,
		0.859654,
		0.188122,
		0,
		0.442323,
		-0.048417,
		-0.895548,
		0,
		-0.760753,
		0.508577,
		-0.403242,
		0,
		0.119739,
		0.083023,
		-0.551351,
		1
	},
	[0.666666666667] = {
		0.454125,
		0.875017,
		0.16768,
		0,
		0.414028,
		-0.040616,
		-0.909357,
		0,
		-0.788893,
		0.482386,
		-0.380726,
		0,
		0.112637,
		0.083755,
		-0.546464,
		1
	},
	[0.6] = {
		0.504424,
		0.836114,
		0.215567,
		0,
		0.480042,
		-0.06404,
		-0.874905,
		0,
		-0.717716,
		0.544804,
		-0.433673,
		0,
		0.128472,
		0.081025,
		-0.556329,
		1
	},
	[0.733333333333] = {
		0.435781,
		0.888905,
		0.141223,
		0,
		0.382324,
		-0.040772,
		-0.923128,
		0,
		-0.814815,
		0.456274,
		-0.357617,
		0,
		0.102108,
		0.082357,
		-0.537234,
		1
	},
	[0.766666666667] = {
		0.436292,
		0.889909,
		0.133083,
		0,
		0.376664,
		-0.046306,
		-0.925192,
		0,
		-0.817174,
		0.453781,
		-0.355399,
		0,
		0.098192,
		0.080611,
		-0.532937,
		1
	},
	[0.7] = {
		0.44136,
		0.884283,
		0.152463,
		0,
		0.394386,
		-0.038544,
		-0.918136,
		0,
		-0.806016,
		0.465358,
		-0.36576,
		0,
		0.106848,
		0.083466,
		-0.541746,
		1
	},
	[0.833333333333] = {
		0.450803,
		0.88401,
		0.123701,
		0,
		0.379706,
		-0.064495,
		-0.922856,
		0,
		-0.807836,
		0.462997,
		-0.364739,
		0,
		0.092081,
		0.07586,
		-0.524949,
		1
	},
	[0.866666666667] = {
		0.462307,
		0.878355,
		0.121511,
		0,
		0.385989,
		-0.075974,
		-0.91937,
		0,
		-0.798301,
		0.471933,
		-0.374159,
		0,
		0.089553,
		0.073169,
		-0.521227,
		1
	},
	[0.8] = {
		0.44171,
		0.888065,
		0.127409,
		0,
		0.376195,
		-0.054415,
		-0.924941,
		0,
		-0.814475,
		0.456486,
		-0.358121,
		0,
		0.094908,
		0.078392,
		-0.528846,
		1
	},
	[0.933333333333] = {
		0.488163,
		0.864498,
		0.119755,
		0,
		0.401998,
		-0.100933,
		-0.91006,
		0,
		-0.774658,
		0.492399,
		-0.396798,
		0,
		0.084833,
		0.067833,
		-0.514233,
		1
	},
	[0.966666666667] = {
		0.500286,
		0.85764,
		0.11903,
		0,
		0.409302,
		-0.113104,
		-0.905361,
		0,
		-0.763011,
		0.501658,
		-0.407618,
		0,
		0.082362,
		0.065453,
		-0.51093,
		1
	},
	[0.9] = {
		0.475107,
		0.871655,
		0.120373,
		0,
		0.393828,
		-0.088311,
		-0.914932,
		0,
		-0.786875,
		0.482097,
		-0.385239,
		0,
		0.087181,
		0.070452,
		-0.51766,
		1
	},
	[1.03333333333] = {
		0.516904,
		0.848362,
		0.114418,
		0,
		0.416612,
		-0.132543,
		-0.89937,
		0,
		-0.747827,
		0.512556,
		-0.42195,
		0,
		0.076441,
		0.062046,
		-0.504637,
		1
	},
	[1.06666666667] = {
		0.518901,
		0.847884,
		0.108791,
		0,
		0.414291,
		-0.138117,
		-0.899604,
		0,
		-0.747734,
		0.511876,
		-0.422939,
		0,
		0.072691,
		0.061217,
		-0.501632,
		1
	},
	[1.13333333333] = {
		0.510173,
		0.854936,
		0.093849,
		0,
		0.399953,
		-0.139224,
		-0.9059,
		0,
		-0.761421,
		0.499701,
		-0.412962,
		0,
		0.065678,
		0.061254,
		-0.497262,
		1
	},
	[1.1] = {
		0.514894,
		0.851424,
		0.099807,
		0,
		0.406392,
		-0.139919,
		-0.902922,
		0,
		-0.754805,
		0.505469,
		-0.418055,
		0,
		0.068221,
		0.061061,
		-0.498704,
		1
	}
}

return spline_matrices
