local spline_matrices = {
	[0] = {
		0.1903,
		-0.103884,
		-0.976214,
		0,
		0.047939,
		0.994183,
		-0.096451,
		0,
		0.980555,
		-0.028444,
		0.194173,
		0,
		0.469428,
		0.391448,
		-0.061828,
		1
	},
	{
		0.870787,
		-0.419973,
		-0.255643,
		0,
		-0.424477,
		-0.904549,
		0.040124,
		0,
		-0.248093,
		0.073575,
		-0.965938,
		0,
		-0.01288,
		-0.008587,
		-0.578102,
		1
	},
	[0.0333333333333] = {
		0.191642,
		-0.101633,
		-0.976189,
		0,
		0.035343,
		0.994694,
		-0.096621,
		0,
		0.980828,
		-0.015985,
		0.194217,
		0,
		0.464433,
		0.397353,
		-0.061877,
		1
	},
	[0.0666666666667] = {
		0.175527,
		-0.034268,
		-0.983878,
		0,
		-0.090073,
		0.994643,
		-0.050712,
		0,
		0.980345,
		0.097522,
		0.1715,
		0,
		0.395847,
		0.526253,
		-0.049095,
		1
	},
	[0.133333333333] = {
		-0.005406,
		0.054532,
		-0.998497,
		0,
		-0.997043,
		0.076243,
		0.009562,
		0,
		0.07665,
		0.995597,
		0.053958,
		0,
		-0.042224,
		0.747834,
		-0.047064,
		1
	},
	[0.166666666667] = {
		-0.001843,
		0.091312,
		-0.995821,
		0,
		-0.92437,
		-0.380054,
		-0.033138,
		0,
		-0.381492,
		0.920446,
		0.085107,
		0,
		-0.355165,
		0.645387,
		-0.063137,
		1
	},
	[0.1] = {
		-0.011327,
		0.122611,
		-0.99239,
		0,
		-0.687696,
		0.719523,
		0.096748,
		0,
		0.72591,
		0.683559,
		0.076169,
		0,
		0.199148,
		0.679841,
		-0.061252,
		1
	},
	[0.233333333333] = {
		-0.069852,
		0.101789,
		-0.992351,
		0,
		-0.315651,
		-0.945922,
		-0.074808,
		0,
		-0.946301,
		0.308011,
		0.098205,
		0,
		-0.573811,
		0.084489,
		-0.173462,
		1
	},
	[0.266666666667] = {
		0.073089,
		0.299326,
		-0.951347,
		0,
		0.666395,
		-0.724355,
		-0.176709,
		0,
		-0.742007,
		-0.621058,
		-0.252412,
		0,
		-0.469884,
		-0.141473,
		-0.275728,
		1
	},
	[0.2] = {
		0.017909,
		0.157651,
		-0.987332,
		0,
		-0.581095,
		-0.801949,
		-0.138591,
		0,
		-0.813639,
		0.576215,
		0.077248,
		0,
		-0.512141,
		0.374305,
		-0.095274,
		1
	},
	[0.333333333333] = {
		0.289388,
		0.281212,
		-0.914972,
		0,
		0.735647,
		-0.676918,
		0.024624,
		0,
		-0.612437,
		-0.680222,
		-0.402764,
		0,
		-0.391658,
		-0.274028,
		-0.350237,
		1
	},
	[0.366666666667] = {
		0.486687,
		0.238451,
		-0.840403,
		0,
		0.596623,
		-0.793441,
		0.120385,
		0,
		-0.638104,
		-0.559994,
		-0.528423,
		0,
		-0.318262,
		-0.190585,
		-0.377082,
		1
	},
	[0.3] = {
		0.152597,
		0.323759,
		-0.933753,
		0,
		0.801769,
		-0.592963,
		-0.07457,
		0,
		-0.577824,
		-0.737275,
		-0.350064,
		0,
		-0.423119,
		-0.23745,
		-0.320089,
		1
	},
	[0.433333333333] = {
		0.816171,
		-0.033437,
		-0.576843,
		0,
		0.088493,
		-0.979313,
		0.181974,
		0,
		-0.570994,
		-0.199568,
		-0.796328,
		0,
		-0.149992,
		-0.056677,
		-0.488745,
		1
	},
	[0.466666666667] = {
		0.877086,
		-0.2481,
		-0.411299,
		0,
		-0.213958,
		-0.968432,
		0.12791,
		0,
		-0.430049,
		-0.024188,
		-0.902481,
		0,
		-0.0596,
		-0.025301,
		-0.570214,
		1
	},
	[0.4] = {
		0.675518,
		0.134236,
		-0.725022,
		0,
		0.367836,
		-0.913546,
		0.17358,
		0,
		-0.63904,
		-0.383945,
		-0.666493,
		0,
		-0.236395,
		-0.090578,
		-0.41646,
		1
	},
	[0.533333333333] = {
		0.840337,
		-0.485715,
		-0.240655,
		0,
		-0.498418,
		-0.866888,
		0.009233,
		0,
		-0.213105,
		0.112188,
		-0.970567,
		0,
		-0.01332,
		0.003058,
		-0.615712,
		1
	},
	[0.566666666667] = {
		0.814885,
		-0.54454,
		-0.198589,
		0,
		-0.560458,
		-0.827625,
		-0.030382,
		0,
		-0.147813,
		0.136059,
		-0.979612,
		0,
		-0.010935,
		0.008235,
		-0.617353,
		1
	},
	[0.5] = {
		0.864276,
		-0.404336,
		-0.299231,
		0,
		-0.406868,
		-0.91172,
		0.056793,
		0,
		-0.295778,
		0.072662,
		-0.952489,
		0,
		-0.015393,
		-0.004317,
		-0.611608,
		1
	},
	[0.633333333333] = {
		0.77818,
		-0.609757,
		-0.150444,
		0,
		-0.624416,
		-0.776864,
		-0.081162,
		0,
		-0.067386,
		0.157098,
		-0.985281,
		0,
		-0.007169,
		0.013459,
		-0.615206,
		1
	},
	[0.666666666667] = {
		0.770083,
		-0.622546,
		-0.139315,
		0,
		-0.63607,
		-0.766014,
		-0.092939,
		0,
		-0.048859,
		0.160185,
		-0.985877,
		0,
		-0.006152,
		0.014139,
		-0.612246,
		1
	},
	[0.6] = {
		0.793345,
		-0.584704,
		-0.169487,
		0,
		-0.600546,
		-0.797296,
		-0.060527,
		0,
		-0.099741,
		0.149803,
		-0.983672,
		0,
		-0.008795,
		0.011586,
		-0.617034,
		1
	},
	[0.733333333333] = {
		0.773272,
		-0.619478,
		-0.135265,
		0,
		-0.632409,
		-0.768938,
		-0.093768,
		0,
		-0.045923,
		0.158051,
		-0.986362,
		0,
		-0.005852,
		0.01276,
		-0.604165,
		1
	},
	[0.766666666667] = {
		0.782494,
		-0.606577,
		-0.140599,
		0,
		-0.619938,
		-0.780039,
		-0.08495,
		0,
		-0.058144,
		0.153635,
		-0.986415,
		0,
		-0.006406,
		0.011013,
		-0.599564,
		1
	},
	[0.7] = {
		0.768739,
		-0.625239,
		-0.134597,
		0,
		-0.638163,
		-0.763793,
		-0.096794,
		0,
		-0.042285,
		0.160304,
		-0.986162,
		0,
		-0.005735,
		0.013849,
		-0.608474,
		1
	},
	[0.833333333333] = {
		0.809558,
		-0.563941,
		-0.163054,
		0,
		-0.578108,
		-0.814139,
		-0.054493,
		0,
		-0.102018,
		0.138378,
		-0.985111,
		0,
		-0.008346,
		0.006033,
		-0.590408,
		1
	},
	[0.866666666667] = {
		0.824641,
		-0.536574,
		-0.179042,
		0,
		-0.550414,
		-0.834147,
		-0.035258,
		0,
		-0.130429,
		0.127622,
		-0.98321,
		0,
		-0.009475,
		0.003049,
		-0.586314,
		1
	},
	[0.8] = {
		0.795055,
		-0.587686,
		-0.150041,
		0,
		-0.601581,
		-0.795608,
		-0.071464,
		0,
		-0.077375,
		0.14708,
		-0.986094,
		0,
		-0.007282,
		0.00873,
		-0.594903,
		1
	},
	[0.933333333333] = {
		0.85186,
		-0.476745,
		-0.216908,
		0,
		-0.487375,
		-0.873178,
		0.005108,
		0,
		-0.191834,
		0.101364,
		-0.976179,
		0,
		-0.011567,
		-0.003185,
		-0.580329,
		1
	},
	[0.966666666667] = {
		0.862486,
		-0.447273,
		-0.236779,
		0,
		-0.455064,
		-0.890139,
		0.023855,
		0,
		-0.221436,
		0.087175,
		-0.971271,
		0,
		-0.012356,
		-0.006099,
		-0.578812,
		1
	},
	[0.9] = {
		0.839075,
		-0.50698,
		-0.197291,
		0,
		-0.519665,
		-0.854239,
		-0.014985,
		0,
		-0.160937,
		0.115099,
		-0.98023,
		0,
		-0.010572,
		-7.8e-05,
		-0.582866,
		1
	},
	[1.03333333333] = {
		0.876717,
		-0.396672,
		-0.272063,
		0,
		-0.397923,
		-0.915882,
		0.053074,
		0,
		-0.270231,
		0.061729,
		-0.960815,
		0,
		-0.013174,
		-0.010501,
		-0.577994,
		1
	},
	[1.06666666667] = {
		0.880462,
		-0.379273,
		-0.284498,
		0,
		-0.377854,
		-0.923778,
		0.062139,
		0,
		-0.28638,
		0.052787,
		-0.956661,
		0,
		-0.013296,
		-0.011783,
		-0.578285,
		1
	},
	[1.13333333333] = {
		0.882507,
		-0.36833,
		-0.292428,
		0,
		-0.365222,
		-0.928485,
		0.067292,
		0,
		-0.296301,
		0.047416,
		-0.953917,
		0,
		-0.01328,
		-0.012366,
		-0.579138,
		1
	},
	[1.1] = {
		0.882277,
		-0.369661,
		-0.291441,
		0,
		-0.366717,
		-0.92793,
		0.066819,
		0,
		-0.295137,
		0.047924,
		-0.954252,
		0,
		-0.013309,
		-0.012377,
		-0.578768,
		1
	}
}

return spline_matrices
