local spline_matrices = {
	[0] = {
		0.291575,
		0.009026,
		0.956505,
		0,
		-0.927283,
		-0.242788,
		0.284958,
		0,
		0.2348,
		-0.970037,
		-0.062421,
		0,
		-0.300467,
		0.073596,
		0.123226,
		1
	},
	{
		0.87858,
		-0.219154,
		-0.424344,
		0,
		-0.473826,
		-0.28857,
		-0.831995,
		0,
		0.059882,
		0.93204,
		-0.357373,
		0,
		-0.0257,
		0.098016,
		-0.66782,
		1
	},
	[0.0333333333333] = {
		0.40548,
		-0.017483,
		0.913937,
		0,
		-0.913995,
		0.007643,
		0.405653,
		0,
		-0.014077,
		-0.999818,
		-0.01288,
		0,
		-0.358194,
		0.11977,
		0.145564,
		1
	},
	[0.0666666666667] = {
		0.502152,
		-0.07516,
		0.861507,
		0,
		-0.822712,
		0.265411,
		0.502694,
		0,
		-0.266436,
		-0.961201,
		0.071441,
		0,
		-0.409288,
		0.216353,
		0.165927,
		1
	},
	[0.133333333333] = {
		0.538518,
		-0.099705,
		0.836694,
		0,
		-0.561028,
		0.698445,
		0.444323,
		0,
		-0.628686,
		-0.708684,
		0.320188,
		0,
		-0.355517,
		0.480365,
		0.154377,
		1
	},
	[0.166666666667] = {
		0.515721,
		-0.054014,
		0.855052,
		0,
		-0.278466,
		0.933257,
		0.22691,
		0,
		-0.81024,
		-0.355125,
		0.466259,
		0,
		-0.27772,
		0.654201,
		0.121286,
		1
	},
	[0.1] = {
		0.545576,
		-0.124337,
		0.828786,
		0,
		-0.676925,
		0.517652,
		0.523268,
		0,
		-0.494084,
		-0.846509,
		0.198252,
		0,
		-0.397591,
		0.327777,
		0.167415,
		1
	},
	[0.233333333333] = {
		0.47924,
		-0.038005,
		0.876861,
		0,
		0.873446,
		-0.077414,
		-0.480728,
		0,
		0.086151,
		0.996274,
		-0.003905,
		0,
		0.265969,
		0.641097,
		-0.22009,
		1
	},
	[0.266666666667] = {
		0.458081,
		-0.073101,
		0.8859,
		0,
		0.681617,
		-0.610825,
		-0.402853,
		0,
		0.570579,
		0.788384,
		-0.229981,
		0,
		0.476894,
		0.395936,
		-0.369081,
		1
	},
	[0.2] = {
		0.485032,
		-0.022084,
		0.874217,
		0,
		0.675031,
		0.644986,
		-0.358227,
		0,
		-0.555947,
		0.763875,
		0.327746,
		0,
		0.012841,
		0.786974,
		-0.036494,
		1
	},
	[0.333333333333] = {
		0.477272,
		0.063618,
		0.87645,
		0,
		0.764192,
		-0.522456,
		-0.37822,
		0,
		0.433845,
		0.85029,
		-0.29797,
		0,
		0.680331,
		0.049232,
		-0.386977,
		1
	},
	[0.366666666667] = {
		0.591254,
		0.020651,
		0.806221,
		0,
		0.719017,
		-0.466284,
		-0.515358,
		0,
		0.365285,
		0.884394,
		-0.290541,
		0,
		0.514466,
		0.05563,
		-0.393491,
		1
	},
	[0.3] = {
		0.325688,
		0.123173,
		0.93742,
		0,
		0.781478,
		-0.593145,
		-0.193573,
		0,
		0.532183,
		0.795618,
		-0.289438,
		0,
		0.699078,
		0.188774,
		-0.371042,
		1
	},
	[0.433333333333] = {
		0.300269,
		0.265834,
		0.916063,
		0,
		0.820629,
		-0.561538,
		-0.106033,
		0,
		0.486217,
		0.783586,
		-0.386763,
		0,
		0.563796,
		0.066418,
		-0.39824,
		1
	},
	[0.466666666667] = {
		0.357641,
		0.25664,
		0.897902,
		0,
		0.80111,
		-0.57843,
		-0.153761,
		0,
		0.479912,
		0.77431,
		-0.412467,
		0,
		0.586714,
		0.075547,
		-0.422129,
		1
	},
	[0.4] = {
		0.32848,
		0.220057,
		0.918518,
		0,
		0.823216,
		-0.543466,
		-0.164196,
		0,
		0.463051,
		0.810074,
		-0.359672,
		0,
		0.538085,
		0.056985,
		-0.38485,
		1
	},
	[0.533333333333] = {
		0.628349,
		0.126959,
		0.767502,
		0,
		0.672299,
		-0.585003,
		-0.453636,
		0,
		0.391397,
		0.801033,
		-0.45294,
		0,
		0.565845,
		0.085991,
		-0.490129,
		1
	},
	[0.566666666667] = {
		0.775582,
		0.037167,
		0.630152,
		0,
		0.539985,
		-0.556088,
		-0.631808,
		0,
		0.326937,
		0.830292,
		-0.451362,
		0,
		0.502297,
		0.089446,
		-0.526448,
		1
	},
	[0.5] = {
		0.476869,
		0.20596,
		0.854504,
		0,
		0.757331,
		-0.589719,
		-0.280501,
		0,
		0.446145,
		0.780904,
		-0.437199,
		0,
		0.593453,
		0.082131,
		-0.453932,
		1
	},
	[0.633333333333] = {
		0.952071,
		-0.100827,
		0.288781,
		0,
		0.214589,
		-0.452615,
		-0.865501,
		0,
		0.217972,
		0.885987,
		-0.409285,
		0,
		0.316448,
		0.094494,
		-0.587059,
		1
	},
	[0.666666666667] = {
		0.979177,
		-0.133923,
		0.152568,
		0,
		0.084734,
		-0.413321,
		-0.906634,
		0,
		0.184479,
		0.900683,
		-0.393367,
		0,
		0.218983,
		0.094671,
		-0.609154,
		1
	},
	[0.6] = {
		0.887284,
		-0.043044,
		0.45921,
		0,
		0.376729,
		-0.50676,
		-0.775416,
		0,
		0.266087,
		0.861012,
		-0.433424,
		0,
		0.414935,
		0.092497,
		-0.559374,
		1
	},
	[0.733333333333] = {
		0.98336,
		-0.167224,
		-0.070986,
		0,
		-0.128359,
		-0.363053,
		-0.922885,
		0,
		0.128557,
		0.91664,
		-0.378477,
		0,
		0.063625,
		0.093692,
		-0.642941,
		1
	},
	[0.766666666667] = {
		0.968051,
		-0.177514,
		-0.177102,
		0,
		-0.229173,
		-0.339703,
		-0.912185,
		0,
		0.101764,
		0.923629,
		-0.369531,
		0,
		0.0197,
		0.094032,
		-0.655098,
		1
	},
	[0.7] = {
		0.98739,
		-0.152973,
		0.040735,
		0,
		-0.022067,
		-0.38782,
		-0.921471,
		0,
		0.156758,
		0.908953,
		-0.386305,
		0,
		0.131802,
		0.093902,
		-0.627414,
		1
	},
	[0.833333333333] = {
		0.917585,
		-0.190437,
		-0.348958,
		0,
		-0.392923,
		-0.301071,
		-0.868889,
		0,
		0.060407,
		0.934393,
		-0.351086,
		0,
		-0.018121,
		0.095175,
		-0.668181,
		1
	},
	[0.866666666667] = {
		0.893739,
		-0.195746,
		-0.403626,
		0,
		-0.445827,
		-0.287946,
		-0.84754,
		0,
		0.04968,
		0.937428,
		-0.344618,
		0,
		-0.023325,
		0.095619,
		-0.668903,
		1
	},
	[0.8] = {
		0.944484,
		-0.184839,
		-0.271634,
		0,
		-0.319064,
		-0.318689,
		-0.892544,
		0,
		0.07841,
		0.929662,
		-0.359972,
		0,
		-0.00562,
		0.094603,
		-0.663564,
		1
	},
	[0.933333333333] = {
		0.872265,
		-0.207528,
		-0.442817,
		0,
		-0.48668,
		-0.279628,
		-0.827618,
		0,
		0.04793,
		0.937412,
		-0.344909,
		0,
		-0.026758,
		0.096681,
		-0.667522,
		1
	},
	[0.966666666667] = {
		0.873172,
		-0.213558,
		-0.438136,
		0,
		-0.484531,
		-0.282736,
		-0.827822,
		0,
		0.052911,
		0.935122,
		-0.350353,
		0,
		-0.026603,
		0.097352,
		-0.66753,
		1
	},
	[0.9] = {
		0.878481,
		-0.201506,
		-0.433204,
		0,
		-0.475526,
		-0.280858,
		-0.833663,
		0,
		0.046319,
		0.938357,
		-0.34255,
		0,
		-0.0258,
		0.096077,
		-0.667946,
		1
	},
	[1.03333333333] = {
		0.885758,
		-0.223909,
		-0.406568,
		0,
		-0.459214,
		-0.295385,
		-0.837777,
		0,
		0.067492,
		0.928769,
		-0.364462,
		0,
		-0.024413,
		0.098612,
		-0.66823,
		1
	},
	[1.06666666667] = {
		0.892207,
		-0.227559,
		-0.390108,
		0,
		-0.445473,
		-0.301313,
		-0.843068,
		0,
		0.074303,
		0.925974,
		-0.370205,
		0,
		-0.023118,
		0.099087,
		-0.668617,
		1
	},
	[1.1] = {
		0.895675,
		-0.230127,
		-0.380537,
		0,
		-0.437668,
		-0.304479,
		-0.846014,
		0,
		0.078825,
		0.924302,
		-0.373433,
		0,
		-0.022272,
		0.099316,
		-0.668871,
		1
	}
}

return spline_matrices
