-- chunkname: @content/characters/player/human/first_person/animations/combat_sword/heavy_swing_left_up.lua

local spline_matrices = {
	[0.0166666666667] = {
		-0.457158,
		0.028626,
		-0.888925,
		0,
		0.373603,
		0.913203,
		-0.16273,
		0,
		0.80711,
		-0.406499,
		-0.428173,
		0,
		0.335933,
		0.197163,
		-0.300077,
		1
	},
	[0.0333333333333] = {
		-0.502649,
		0.015745,
		-0.864347,
		0,
		0.328843,
		0.928156,
		-0.174326,
		0,
		0.799504,
		-0.371859,
		-0.471714,
		0,
		0.327417,
		0.230058,
		-0.302419,
		1
	},
	[0.05] = {
		-0.539497,
		0.008409,
		-0.841945,
		0,
		0.280219,
		0.944741,
		-0.170121,
		0,
		0.79399,
		-0.327709,
		-0.512042,
		0,
		0.321323,
		0.28009,
		-0.30313,
		1
	},
	[0.0666666666667] = {
		-0.566124,
		0.019316,
		-0.824094,
		0,
		0.237944,
		0.960999,
		-0.140935,
		0,
		0.789231,
		-0.275875,
		-0.548641,
		0,
		0.317907,
		0.344155,
		-0.299344,
		1
	},
	[0.0833333333333] = {
		-0.56512,
		0.021939,
		-0.824717,
		0,
		0.140469,
		0.987609,
		-0.069982,
		0,
		0.812963,
		-0.155396,
		-0.561199,
		0,
		0.325299,
		0.452282,
		-0.292576,
		1
	},
	[0] = {
		-0.403438,
		0.045395,
		-0.91388,
		0,
		0.413507,
		0.900007,
		-0.137839,
		0,
		0.816241,
		-0.433505,
		-0.381868,
		0,
		0.346225,
		0.175916,
		-0.296485,
		1
	},
	[0.116666666667] = {
		-0.420154,
		-0.014627,
		-0.907335,
		0,
		-0.40263,
		0.899067,
		0.17195,
		0,
		0.81324,
		0.437566,
		-0.383636,
		0,
		0.176343,
		0.645788,
		-0.193582,
		1
	},
	[0.133333333333] = {
		-0.483617,
		0.04805,
		-0.87396,
		0,
		-0.689087,
		0.594769,
		0.414015,
		0,
		0.539698,
		0.802459,
		-0.254529,
		0,
		0.068656,
		0.685361,
		-0.101626,
		1
	},
	[0.15] = {
		-0.586171,
		0.06309,
		-0.807727,
		0,
		-0.789924,
		0.177075,
		0.587082,
		0,
		0.180067,
		0.982173,
		-0.05396,
		0,
		-0.05037,
		0.69455,
		-0.007471,
		1
	},
	[0.166666666667] = {
		-0.662859,
		0.038916,
		-0.747732,
		0,
		-0.748704,
		-0.024134,
		0.662464,
		0,
		0.007734,
		0.998951,
		0.045134,
		0,
		-0.186841,
		0.696424,
		0.064015,
		1
	},
	[0.183333333333] = {
		-0.696769,
		0.014701,
		-0.717145,
		0,
		-0.709107,
		-0.164759,
		0.685582,
		0,
		-0.108077,
		0.986224,
		0.125224,
		0,
		-0.306723,
		0.667329,
		0.117966,
		1
	},
	[0.1] = {
		-0.490421,
		-0.017066,
		-0.871319,
		0,
		-0.099102,
		0.994415,
		0.036302,
		0,
		0.865833,
		0.104153,
		-0.489373,
		0,
		0.267863,
		0.557332,
		-0.256832,
		1
	},
	[0.216666666667] = {
		-0.544324,
		0.067044,
		-0.836192,
		0,
		-0.714316,
		-0.559694,
		0.420113,
		0,
		-0.439846,
		0.825983,
		0.352545,
		0,
		-0.413813,
		0.47259,
		0.132827,
		1
	},
	[0.233333333333] = {
		-0.465601,
		0.143853,
		-0.873225,
		0,
		-0.629082,
		-0.747805,
		0.212233,
		0,
		-0.622472,
		0.648146,
		0.438674,
		0,
		-0.470436,
		0.257099,
		0.11995,
		1
	},
	[0.25] = {
		-0.397813,
		0.255733,
		-0.881105,
		0,
		-0.469132,
		-0.882022,
		-0.044189,
		0,
		-0.788454,
		0.395775,
		0.470852,
		0,
		-0.517954,
		0.060099,
		0.084623,
		1
	},
	[0.266666666667] = {
		-0.350323,
		0.371876,
		-0.859641,
		0,
		-0.273223,
		-0.918459,
		-0.285976,
		0,
		-0.895892,
		0.13469,
		0.423363,
		0,
		-0.545105,
		0.019267,
		0.029348,
		1
	},
	[0.283333333333] = {
		-0.312324,
		0.461996,
		-0.830069,
		0,
		-0.1068,
		-0.885315,
		-0.45256,
		0,
		-0.943953,
		-0.052694,
		0.325846,
		0,
		-0.561794,
		0.030203,
		-0.031808,
		1
	},
	[0.2] = {
		-0.636816,
		0.022289,
		-0.770694,
		0,
		-0.723023,
		-0.36442,
		0.586887,
		0,
		-0.267775,
		0.930968,
		0.248184,
		0,
		-0.369168,
		0.593341,
		0.134875,
		1
	},
	[0.316666666667] = {
		-0.198348,
		0.56675,
		-0.799658,
		0,
		0.070856,
		-0.805442,
		-0.588424,
		0,
		-0.977567,
		-0.173374,
		0.1196,
		0,
		-0.603168,
		-0.116304,
		-0.164444,
		1
	},
	[0.333333333333] = {
		-0.123086,
		0.60256,
		-0.788525,
		0,
		0.123076,
		-0.779164,
		-0.614618,
		0,
		-0.984735,
		-0.172699,
		0.021743,
		0,
		-0.628154,
		-0.211745,
		-0.234266,
		1
	},
	[0.35] = {
		-0.048115,
		0.634742,
		-0.771225,
		0,
		0.173325,
		-0.7551,
		-0.632284,
		0,
		-0.983689,
		-0.164095,
		-0.073685,
		0,
		-0.607569,
		-0.225852,
		-0.299676,
		1
	},
	[0.366666666667] = {
		0.019066,
		0.660874,
		-0.750255,
		0,
		0.219871,
		-0.734793,
		-0.641667,
		0,
		-0.975343,
		-0.152725,
		-0.159316,
		0,
		-0.609509,
		-0.164737,
		-0.347577,
		1
	},
	[0.383333333333] = {
		0.110234,
		0.67323,
		-0.73117,
		0,
		0.240921,
		-0.731814,
		-0.6375,
		0,
		-0.964264,
		-0.10588,
		-0.242866,
		0,
		-0.584996,
		-0.097323,
		-0.376465,
		1
	},
	[0.3] = {
		-0.263038,
		0.522026,
		-0.811357,
		0,
		0.000324,
		-0.840923,
		-0.541154,
		0,
		-0.964786,
		-0.142607,
		0.221025,
		0,
		-0.580718,
		-0.020086,
		-0.09515,
		1
	},
	[0.416666666667] = {
		0.41027,
		0.632113,
		-0.657352,
		0,
		0.209271,
		-0.76683,
		-0.606776,
		0,
		-0.887628,
		0.111377,
		-0.44689,
		0,
		-0.48268,
		-0.065627,
		-0.417192,
		1
	},
	[0.433333333333] = {
		0.585552,
		0.560417,
		-0.585715,
		0,
		0.164246,
		-0.789572,
		-0.591269,
		0,
		-0.793821,
		0.250017,
		-0.554382,
		0,
		-0.429355,
		-0.055304,
		-0.444367,
		1
	},
	[0.45] = {
		0.749115,
		0.447933,
		-0.488039,
		0,
		0.103297,
		-0.806705,
		-0.581857,
		0,
		-0.654336,
		0.385465,
		-0.650585,
		0,
		-0.376241,
		-0.046658,
		-0.481702,
		1
	},
	[0.466666666667] = {
		0.87756,
		0.302899,
		-0.371673,
		0,
		0.034203,
		-0.812751,
		-0.581606,
		0,
		-0.478246,
		0.497682,
		-0.723598,
		0,
		-0.320078,
		-0.040072,
		-0.530875,
		1
	},
	[0.483333333333] = {
		0.957304,
		0.144403,
		-0.250433,
		0,
		-0.032829,
		-0.806392,
		-0.590469,
		0,
		-0.287213,
		0.57348,
		-0.767222,
		0,
		-0.259625,
		-0.036586,
		-0.590306,
		1
	},
	[0.4] = {
		0.246411,
		0.666381,
		-0.703717,
		0,
		0.234887,
		-0.745521,
		-0.623719,
		0,
		-0.940271,
		-0.011603,
		-0.340229,
		0,
		-0.536961,
		-0.078705,
		-0.396013,
		1
	},
	[0.516666666667] = {
		0.990791,
		-0.126765,
		-0.047573,
		0,
		-0.128716,
		-0.772836,
		-0.621415,
		0,
		0.042008,
		0.621816,
		-0.782036,
		0,
		-0.096013,
		-0.023387,
		-0.638533,
		1
	},
	[0.533333333333] = {
		0.97741,
		-0.210469,
		0.019284,
		0,
		-0.150754,
		-0.758218,
		-0.634333,
		0,
		0.148129,
		0.617097,
		-0.772819,
		0,
		-0.047782,
		-0.019471,
		-0.645411,
		1
	},
	[0.55] = {
		0.964685,
		-0.257074,
		0.057406,
		0,
		-0.161687,
		-0.749969,
		-0.641408,
		0,
		0.207942,
		0.609475,
		-0.765049,
		0,
		-0.031956,
		-0.019255,
		-0.646642,
		1
	},
	[0.566666666667] = {
		0.959229,
		-0.27346,
		0.071405,
		0,
		-0.164698,
		-0.74616,
		-0.645073,
		0,
		0.229681,
		0.607013,
		-0.760777,
		0,
		-0.040852,
		-0.023327,
		-0.647013,
		1
	},
	[0.583333333333] = {
		0.960733,
		-0.268813,
		0.068781,
		0,
		-0.162407,
		-0.745762,
		-0.646113,
		0,
		0.224978,
		0.609572,
		-0.760136,
		0,
		-0.06692,
		-0.030299,
		-0.646853,
		1
	},
	[0.5] = {
		0.990283,
		-0.004886,
		-0.138983,
		0,
		-0.088855,
		-0.791024,
		-0.605298,
		0,
		-0.106981,
		0.611766,
		-0.783771,
		0,
		-0.172695,
		-0.029644,
		-0.622443,
		1
	},
	[0.616666666667] = {
		0.973106,
		-0.227122,
		0.038489,
		0,
		-0.14955,
		-0.749946,
		-0.644372,
		0,
		0.175215,
		0.621286,
		-0.763743,
		0,
		-0.140292,
		-0.047622,
		-0.645792,
		1
	},
	[0.633333333333] = {
		0.97836,
		-0.205616,
		0.023102,
		0,
		-0.142829,
		-0.751919,
		-0.643598,
		0,
		0.149705,
		0.62637,
		-0.765015,
		0,
		-0.172483,
		-0.055136,
		-0.645293,
		1
	},
	[0.65] = {
		0.980688,
		-0.194905,
		0.016225,
		0,
		-0.138846,
		-0.752243,
		-0.64409,
		0,
		0.137742,
		0.629399,
		-0.764777,
		0,
		-0.188592,
		-0.05855,
		-0.641225,
		1
	},
	[0.666666666667] = {
		0.981171,
		-0.192493,
		0.01582,
		0,
		-0.137005,
		-0.751388,
		-0.645481,
		0,
		0.136138,
		0.631159,
		-0.763613,
		0,
		-0.193979,
		-0.05919,
		-0.636505,
		1
	},
	[0.683333333333] = {
		0.981649,
		-0.190072,
		0.015435,
		0,
		-0.135158,
		-0.750566,
		-0.646826,
		0,
		0.134529,
		0.63287,
		-0.762482,
		0,
		-0.198152,
		-0.059603,
		-0.632752,
		1
	},
	[0.6] = {
		0.966414,
		-0.250859,
		0.055806,
		0,
		-0.15675,
		-0.747473,
		-0.645534,
		0,
		0.203651,
		0.615105,
		-0.76169,
		0,
		-0.102589,
		-0.038852,
		-0.646381,
		1
	},
	[0.716666666667] = {
		0.98258,
		-0.185253,
		0.014741,
		0,
		-0.131485,
		-0.74906,
		-0.649323,
		0,
		0.131331,
		0.636074,
		-0.76037,
		0,
		-0.203497,
		-0.059907,
		-0.62779,
		1
	},
	[0.733333333333] = {
		0.983029,
		-0.182881,
		0.014436,
		0,
		-0.129678,
		-0.7484,
		-0.650447,
		0,
		0.129758,
		0.637536,
		-0.759415,
		0,
		-0.204929,
		-0.059863,
		-0.626413,
		1
	},
	[0.75] = {
		0.983464,
		-0.18055,
		0.014165,
		0,
		-0.127905,
		-0.747817,
		-0.651467,
		0,
		0.128215,
		0.638883,
		-0.758545,
		0,
		-0.205673,
		-0.059725,
		-0.625668,
		1
	},
	[0.766666666667] = {
		0.983882,
		-0.178273,
		0.013928,
		0,
		-0.126175,
		-0.747324,
		-0.65237,
		0,
		0.126709,
		0.640098,
		-0.757773,
		0,
		-0.205819,
		-0.05952,
		-0.625478,
		1
	},
	[0.783333333333] = {
		0.984283,
		-0.176064,
		0.013729,
		0,
		-0.124497,
		-0.746932,
		-0.653141,
		0,
		0.125249,
		0.641167,
		-0.757112,
		0,
		-0.205447,
		-0.05927,
		-0.625771,
		1
	},
	[0.7] = {
		0.982119,
		-0.187655,
		0.015074,
		0,
		-0.133315,
		-0.749786,
		-0.648112,
		0,
		0.132924,
		0.634513,
		-0.761396,
		0,
		-0.201277,
		-0.05983,
		-0.629875,
		1
	},
	[0.816666666667] = {
		0.985023,
		-0.171899,
		0.01345,
		0,
		-0.12134,
		-0.746498,
		-0.65423,
		0,
		0.122502,
		0.6428,
		-0.756176,
		0,
		-0.20344,
		-0.058738,
		-0.62752,
		1
	},
	[0.833333333333] = {
		0.985359,
		-0.16997,
		0.013374,
		0,
		-0.11988,
		-0.74648,
		-0.654519,
		0,
		0.121232,
		0.643333,
		-0.755927,
		0,
		-0.201945,
		-0.058506,
		-0.628837,
		1
	},
	[0.85] = {
		0.98567,
		-0.168159,
		0.013344,
		0,
		-0.118513,
		-0.746612,
		-0.654618,
		0,
		0.120043,
		0.643656,
		-0.755842,
		0,
		-0.200213,
		-0.058335,
		-0.630355,
		1
	},
	[0.866666666667] = {
		0.985954,
		-0.16648,
		0.013356,
		0,
		-0.117247,
		-0.74689,
		-0.654529,
		0,
		0.118942,
		0.64377,
		-0.755919,
		0,
		-0.198318,
		-0.058238,
		-0.632004,
		1
	},
	[0.883333333333] = {
		0.986211,
		-0.164947,
		0.013401,
		0,
		-0.116094,
		-0.747277,
		-0.654293,
		0,
		0.117938,
		0.643715,
		-0.756123,
		0,
		-0.196331,
		-0.058201,
		-0.633719,
		1
	},
	[0.8] = {
		0.984664,
		-0.173935,
		0.013569,
		0,
		-0.122883,
		-0.746652,
		-0.653766,
		0,
		0.123844,
		0.642073,
		-0.756575,
		0,
		-0.204631,
		-0.059001,
		-0.626475,
		1
	},
	[0.916666666667] = {
		0.986636,
		-0.162374,
		0.013551,
		0,
		-0.114162,
		-0.748229,
		-0.653545,
		0,
		0.116258,
		0.643264,
		-0.756767,
		0,
		-0.192399,
		-0.058249,
		-0.637072,
		1
	},
	[0.933333333333] = {
		0.986801,
		-0.161361,
		0.013638,
		0,
		-0.113403,
		-0.748717,
		-0.653117,
		0,
		0.115598,
		0.642951,
		-0.757134,
		0,
		-0.190618,
		-0.058307,
		-0.638571,
		1
	},
	[0.95] = {
		0.986933,
		-0.160549,
		0.01372,
		0,
		-0.112796,
		-0.749163,
		-0.652711,
		0,
		0.11507,
		0.642634,
		-0.757482,
		0,
		-0.189076,
		-0.058372,
		-0.63986,
		1
	},
	[0.966666666667] = {
		0.987028,
		-0.159952,
		0.013789,
		0,
		-0.11235,
		-0.749528,
		-0.652369,
		0,
		0.114683,
		0.642357,
		-0.757776,
		0,
		-0.187863,
		-0.058433,
		-0.640868,
		1
	},
	[0.983333333333] = {
		0.987087,
		-0.159584,
		0.013837,
		0,
		-0.112076,
		-0.749775,
		-0.652132,
		0,
		0.114444,
		0.64216,
		-0.757979,
		0,
		-0.18707,
		-0.058479,
		-0.641524,
		1
	},
	[0.9] = {
		0.986439,
		-0.163574,
		0.01347,
		0,
		-0.115062,
		-0.747736,
		-0.65395,
		0,
		0.117041,
		0.643533,
		-0.756417,
		0,
		-0.194331,
		-0.058209,
		-0.635431,
		1
	},
	[1.01666666667] = {
		0.987108,
		-0.159458,
		0.013855,
		0,
		-0.111982,
		-0.749866,
		-0.652043,
		0,
		0.114363,
		0.642085,
		-0.758055,
		0,
		-0.186787,
		-0.058497,
		-0.641758,
		1
	},
	{
		0.987108,
		-0.159458,
		0.013855,
		0,
		-0.111982,
		-0.749866,
		-0.652043,
		0,
		0.114363,
		0.642085,
		-0.758055,
		0,
		-0.186787,
		-0.058497,
		-0.641758,
		1
	}
}

return spline_matrices
