local spline_matrices = {
	[0] = {
		0.280357,
		0.213836,
		0.935775,
		0,
		0.448502,
		0.832731,
		-0.32466,
		0,
		-0.848673,
		0.510718,
		0.137556,
		0,
		0.072681,
		0.335054,
		-0.390321,
		1
	},
	{
		0.827223,
		-0.360672,
		0.430833,
		0,
		0.44051,
		-0.059676,
		-0.895762,
		0,
		0.348787,
		0.930782,
		0.109514,
		0,
		0.486393,
		0.566719,
		-0.459198,
		1
	},
	[0.0333333333333] = {
		0.143184,
		0.166264,
		0.97563,
		0,
		0.806091,
		0.55235,
		-0.212432,
		0,
		-0.574209,
		0.816863,
		-0.054937,
		0,
		0.148424,
		0.138291,
		-0.320037,
		1
	},
	[0.0666666666667] = {
		0.000842,
		0.112334,
		0.99367,
		0,
		0.92235,
		0.383822,
		-0.044173,
		0,
		-0.386355,
		0.916549,
		-0.103288,
		0,
		0.183527,
		0.049702,
		-0.289151,
		1
	},
	[0.133333333333] = {
		-0.343595,
		-0.097686,
		0.934023,
		0,
		0.106947,
		0.984035,
		0.142258,
		0,
		-0.933008,
		0.14877,
		-0.327663,
		0,
		-0.096029,
		0.607966,
		-0.354164,
		1
	},
	[0.166666666667] = {
		-0.810636,
		-0.185717,
		0.555318,
		0,
		0.412038,
		0.492916,
		0.766328,
		0,
		-0.416045,
		0.850025,
		-0.323053,
		0,
		0.047238,
		0.754095,
		-0.17954,
		1
	},
	[0.1] = {
		-0.115589,
		0.006056,
		0.993279,
		0,
		0.612625,
		0.787572,
		0.06649,
		0,
		-0.781876,
		0.616193,
		-0.094744,
		0,
		0.038319,
		0.260261,
		-0.327153,
		1
	},
	[0.233333333333] = {
		-0.78634,
		-0.188891,
		0.588209,
		0,
		0.613124,
		-0.121762,
		0.780547,
		0,
		-0.075817,
		0.97442,
		0.211559,
		0,
		0.294732,
		0.707439,
		0.037227,
		1
	},
	[0.266666666667] = {
		-0.73339,
		-0.180908,
		0.655294,
		0,
		0.652331,
		-0.458561,
		0.603478,
		0,
		0.191319,
		0.870054,
		0.454316,
		0,
		0.430918,
		0.615796,
		0.111008,
		1
	},
	[0.2] = {
		-0.755752,
		-0.168436,
		0.632826,
		0,
		0.625447,
		0.100696,
		0.773742,
		0,
		-0.194049,
		0.980556,
		0.029246,
		0,
		0.145054,
		0.777595,
		-0.063491,
		1
	},
	[0.333333333333] = {
		-0.758341,
		-0.168299,
		0.629757,
		0,
		0.592093,
		-0.581942,
		0.557466,
		0,
		0.272661,
		0.795624,
		0.54096,
		0,
		0.479758,
		0.510478,
		0.110419,
		1
	},
	[0.366666666667] = {
		-0.768773,
		-0.170941,
		0.616253,
		0,
		0.57055,
		-0.618629,
		0.540158,
		0,
		0.288896,
		0.766862,
		0.573116,
		0,
		0.491985,
		0.469125,
		0.11034,
		1
	},
	[0.3] = {
		-0.748324,
		-0.169457,
		0.641323,
		0,
		0.616942,
		-0.533008,
		0.579038,
		0,
		0.243708,
		0.828968,
		0.503407,
		0,
		0.461216,
		0.561732,
		0.110974,
		1
	},
	[0.433333333333] = {
		-0.782452,
		-0.17415,
		0.597864,
		0,
		0.520619,
		-0.709705,
		0.47463,
		0,
		0.34165,
		0.682635,
		0.645976,
		0,
		0.524576,
		0.43116,
		0.109901,
		1
	},
	[0.466666666667] = {
		-0.785277,
		-0.169131,
		0.595595,
		0,
		0.475812,
		-0.780368,
		0.405745,
		0,
		0.396159,
		0.602014,
		0.69328,
		0,
		0.555883,
		0.419924,
		0.105298,
		1
	},
	[0.4] = {
		-0.777488,
		-0.174041,
		0.604336,
		0,
		0.548713,
		-0.657261,
		0.516646,
		0,
		0.307288,
		0.733293,
		0.606511,
		0,
		0.504592,
		0.444249,
		0.110201,
		1
	},
	[0.533333333333] = {
		-0.788507,
		-0.149796,
		0.596504,
		0,
		0.334134,
		-0.918604,
		0.211002,
		0,
		0.516343,
		0.365689,
		0.774378,
		0,
		0.636366,
		0.401189,
		0.074141,
		1
	},
	[0.566666666667] = {
		-0.786164,
		-0.139887,
		0.601978,
		0,
		0.252518,
		-0.961736,
		0.106293,
		0,
		0.564075,
		0.235574,
		0.791407,
		0,
		0.676632,
		0.394,
		0.053192,
		1
	},
	[0.5] = {
		-0.787821,
		-0.160306,
		0.594676,
		0,
		0.411718,
		-0.855171,
		0.314913,
		0,
		0.458068,
		0.492934,
		0.739723,
		0,
		0.59464,
		0.409878,
		0.092912,
		1
	},
	[0.633333333333] = {
		-0.769747,
		-0.131313,
		0.624697,
		0,
		0.126674,
		-0.990573,
		-0.052135,
		0,
		0.625654,
		0.039002,
		0.779125,
		0,
		0.735112,
		0.384228,
		0.000388,
		1
	},
	[0.666666666667] = {
		-0.754836,
		-0.137427,
		0.641356,
		0,
		0.109232,
		-0.990488,
		-0.083679,
		0,
		0.646755,
		0.006892,
		0.762667,
		0,
		0.744438,
		0.381737,
		-0.040772,
		1
	},
	[0.6] = {
		-0.780057,
		-0.132904,
		0.611431,
		0,
		0.178944,
		-0.983753,
		0.014461,
		0,
		0.599575,
		0.120692,
		0.791165,
		0,
		0.711029,
		0.388342,
		0.030159,
		1
	},
	[0.733333333333] = {
		0.156639,
		-0.563705,
		0.810988,
		0,
		0.459797,
		-0.685095,
		-0.565006,
		0,
		0.8741,
		0.461392,
		0.151877,
		0,
		0.743509,
		0.403215,
		-0.183599,
		1
	},
	[0.766666666667] = {
		0.473095,
		-0.794609,
		0.380496,
		0,
		0.203351,
		-0.321734,
		-0.924735,
		0,
		0.857222,
		0.514862,
		0.009374,
		0,
		0.740124,
		0.423695,
		-0.26005,
		1
	},
	[0.7] = {
		-0.481159,
		-0.280757,
		0.830459,
		0,
		0.30126,
		-0.942588,
		-0.144119,
		0,
		0.823243,
		0.18084,
		0.538115,
		0,
		0.744607,
		0.387261,
		-0.103969,
		1
	},
	[0.833333333333] = {
		0.476942,
		-0.861962,
		0.171892,
		0,
		0.140322,
		-0.118387,
		-0.983003,
		0,
		0.867661,
		0.492956,
		0.064488,
		0,
		0.71649,
		0.460136,
		-0.347982,
		1
	},
	[0.866666666667] = {
		0.541634,
		-0.816151,
		0.201319,
		0,
		0.192227,
		-0.112891,
		-0.974836,
		0,
		0.818341,
		0.566703,
		0.095741,
		0,
		0.685395,
		0.47994,
		-0.378779,
		1
	},
	[0.8] = {
		0.452983,
		-0.875755,
		0.166914,
		0,
		0.078405,
		-0.147365,
		-0.98597,
		0,
		0.888065,
		0.459714,
		0.00191,
		0,
		0.733416,
		0.442639,
		-0.313746,
		1
	},
	[0.933333333333] = {
		0.711658,
		-0.628873,
		0.31315,
		0,
		0.304195,
		-0.125952,
		-0.944247,
		0,
		0.633253,
		0.767239,
		0.101665,
		0,
		0.594127,
		0.52344,
		-0.428348,
		1
	},
	[0.966666666667] = {
		0.780734,
		-0.498073,
		0.37733,
		0,
		0.372961,
		-0.113062,
		-0.920933,
		0,
		0.501353,
		0.859733,
		0.09749,
		0,
		0.540653,
		0.545531,
		-0.446302,
		1
	},
	[0.9] = {
		0.626715,
		-0.737779,
		0.250821,
		0,
		0.244146,
		-0.119764,
		-0.962315,
		0,
		0.740014,
		0.664334,
		0.105068,
		0,
		0.64349,
		0.501303,
		-0.405707,
		1
	},
	[1.03333333333] = {
		0.854378,
		-0.235412,
		0.46327,
		0,
		0.486791,
		0.050582,
		-0.872053,
		0,
		0.181859,
		0.970578,
		0.157813,
		0,
		0.434672,
		0.586115,
		-0.46667,
		1
	},
	[1.06666666667] = {
		0.871495,
		-0.140406,
		0.469876,
		0,
		0.489874,
		0.20467,
		-0.847428,
		0,
		0.022814,
		0.968709,
		0.24715,
		0,
		0.38882,
		0.602802,
		-0.468356,
		1
	},
	[1.13333333333] = {
		0.914304,
		-0.011295,
		0.404871,
		0,
		0.345747,
		0.542434,
		-0.765653,
		0,
		-0.210968,
		0.840022,
		0.499855,
		0,
		0.328023,
		0.624296,
		-0.454129,
		1
	},
	[1.16666666667] = {
		0.938081,
		0.040124,
		0.344085,
		0,
		0.226577,
		0.680284,
		-0.697048,
		0,
		-0.262044,
		0.731849,
		0.62907,
		0,
		0.319717,
		0.627243,
		-0.440789,
		1
	},
	[1.1] = {
		0.890641,
		-0.071224,
		0.449094,
		0,
		0.440878,
		0.376984,
		-0.814561,
		0,
		-0.111285,
		0.923477,
		0.367159,
		0,
		0.352163,
		0.615841,
		-0.463864,
		1
	},
	[1.23333333333] = {
		0.972614,
		0.116686,
		0.201015,
		0,
		0.012586,
		0.837139,
		-0.546845,
		0,
		-0.232087,
		0.534399,
		0.812744,
		0,
		0.323529,
		0.622696,
		-0.409662,
		1
	},
	[1.26666666667] = {
		0.981116,
		0.142318,
		0.130988,
		0,
		-0.060818,
		0.869849,
		-0.489555,
		0,
		-0.183612,
		0.472343,
		0.862078,
		0,
		0.326831,
		0.61773,
		-0.395087,
		1
	},
	[1.2] = {
		0.958203,
		0.082965,
		0.273796,
		0,
		0.108945,
		0.779105,
		-0.617355,
		0,
		-0.264535,
		0.62138,
		0.737502,
		0,
		0.321069,
		0.625987,
		-0.425444,
		1
	},
	[1.33333333333] = {
		0.983949,
		0.17741,
		0.019239,
		0,
		-0.156253,
		0.908609,
		-0.387316,
		0,
		-0.086195,
		0.378093,
		0.921746,
		0,
		0.334912,
		0.604509,
		-0.37563,
		1
	},
	[1.36666666667] = {
		0.981889,
		0.189149,
		-0.010837,
		0,
		-0.180944,
		0.919266,
		-0.349584,
		0,
		-0.056161,
		0.345214,
		0.936842,
		0,
		0.339199,
		0.597173,
		-0.373613,
		1
	},
	[1.3] = {
		0.984396,
		0.162117,
		0.068422,
		0,
		-0.116793,
		0.892799,
		-0.435052,
		0,
		-0.131617,
		0.420272,
		0.897802,
		0,
		0.330707,
		0.61151,
		-0.383266,
		1
	},
	[1.43333333333] = {
		0.978227,
		0.204144,
		-0.037386,
		0,
		-0.205786,
		0.93073,
		-0.302314,
		0,
		-0.02692,
		0.303425,
		0.952475,
		0,
		0.346937,
		0.583177,
		-0.379727,
		1
	},
	[1.46666666667] = {
		0.977054,
		0.208376,
		-0.044089,
		0,
		-0.212125,
		0.933379,
		-0.289492,
		0,
		-0.019172,
		0.292202,
		0.956164,
		0,
		0.350034,
		0.577268,
		-0.384168,
		1
	},
	[1.4] = {
		0.979868,
		0.197862,
		-0.026634,
		0,
		-0.195793,
		0.926285,
		-0.321965,
		0,
		-0.039034,
		0.320698,
		0.946377,
		0,
		0.343279,
		0.589934,
		-0.375922,
		1
	},
	[1.53333333333] = {
		0.975986,
		0.212208,
		-0.049191,
		0,
		-0.217437,
		0.93539,
		-0.278866,
		0,
		-0.013165,
		0.282865,
		0.959069,
		0,
		0.353974,
		0.569487,
		-0.391551,
		1
	},
	[1.56666666667] = {
		0.975897,
		0.21255,
		-0.049477,
		0,
		-0.217856,
		0.935519,
		-0.278106,
		0,
		-0.012825,
		0.282181,
		0.959275,
		0,
		0.354521,
		0.568372,
		-0.392794,
		1
	},
	[1.5] = {
		0.976334,
		0.210939,
		-0.047708,
		0,
		-0.215752,
		0.934793,
		-0.28216,
		0,
		-0.014921,
		0.285775,
		0.95818,
		0,
		0.352428,
		0.572579,
		-0.388392,
		1
	}
}

return spline_matrices
