local spline_matrices = {
	[0] = {
		0.787215,
		-0.458595,
		-0.41229,
		0,
		-0.615612,
		-0.545092,
		-0.569119,
		0,
		0.036259,
		0.70183,
		-0.711421,
		0,
		-0.202475,
		0.00915,
		-0.691073,
		1
	},
	{
		0.49132,
		0.273729,
		-0.826848,
		0,
		-0.521283,
		-0.668114,
		-0.530931,
		0,
		-0.697759,
		0.691879,
		-0.185568,
		0,
		0.013502,
		-0.269781,
		-0.778254,
		1
	},
	[0.0166666666667] = {
		0.662859,
		-0.643368,
		-0.383008,
		0,
		-0.705776,
		-0.366091,
		-0.606512,
		0,
		0.249995,
		0.67235,
		-0.696741,
		0,
		-0.201799,
		0.02443,
		-0.70046,
		1
	},
	[0.0333333333333] = {
		0.456857,
		-0.815349,
		-0.35565,
		0,
		-0.746469,
		-0.133952,
		-0.651798,
		0,
		0.483803,
		0.563261,
		-0.66983,
		0,
		-0.187797,
		0.041757,
		-0.714518,
		1
	},
	[0.05] = {
		0.154898,
		-0.927257,
		-0.340882,
		0,
		-0.696958,
		0.141982,
		-0.702916,
		0,
		0.700183,
		0.346461,
		-0.624266,
		0,
		-0.158879,
		0.058021,
		-0.732018,
		1
	},
	[0.0666666666667] = {
		-0.209385,
		-0.912022,
		-0.352667,
		0,
		-0.521641,
		0.409237,
		-0.748609,
		0,
		0.827072,
		0.027218,
		-0.561436,
		0,
		-0.099208,
		0.066128,
		-0.721996,
		1
	},
	[0.0833333333333] = {
		-0.539372,
		-0.743119,
		-0.396045,
		0,
		-0.242231,
		0.58737,
		-0.772218,
		0,
		0.806475,
		-0.320578,
		-0.496818,
		0,
		-0.032327,
		0.063541,
		-0.70733,
		1
	},
	[0.116666666667] = {
		-0.820776,
		-0.238441,
		-0.519108,
		0,
		0.29038,
		0.608412,
		-0.738589,
		0,
		0.491941,
		-0.756955,
		-0.430132,
		0,
		0.083175,
		0.03825,
		-0.671427,
		1
	},
	[0.133333333333] = {
		-0.81899,
		-0.06502,
		-0.570112,
		0,
		0.443078,
		0.559664,
		-0.700328,
		0,
		0.364606,
		-0.826165,
		-0.42955,
		0,
		0.123028,
		0.028618,
		-0.654687,
		1
	},
	[0.15] = {
		-0.781601,
		0.054951,
		-0.621354,
		0,
		0.555417,
		0.514706,
		-0.653139,
		0,
		0.283924,
		-0.855604,
		-0.432815,
		0,
		0.159886,
		0.023513,
		-0.637583,
		1
	},
	[0.166666666667] = {
		-0.716724,
		0.157169,
		-0.679415,
		0,
		0.662089,
		0.459274,
		-0.592204,
		0,
		0.218962,
		-0.87428,
		-0.433233,
		0,
		0.202076,
		0.02094,
		-0.618051,
		1
	},
	[0.183333333333] = {
		-0.629908,
		0.242041,
		-0.737992,
		0,
		0.758305,
		0.397074,
		-0.517016,
		0,
		0.167898,
		-0.885296,
		-0.43366,
		0,
		0.247053,
		0.021425,
		-0.596914,
		1
	},
	[0.1] = {
		-0.745155,
		-0.484818,
		-0.457926,
		0,
		0.054482,
		0.640107,
		-0.766351,
		0,
		0.664662,
		-0.595999,
		-0.450565,
		0,
		0.030737,
		0.051984,
		-0.689649,
		1
	},
	[0.216666666667] = {
		-0.415594,
		0.362074,
		-0.834377,
		0,
		0.903113,
		0.27322,
		-0.331268,
		0,
		0.108025,
		-0.891209,
		-0.440542,
		0,
		0.335383,
		0.034385,
		-0.552786,
		1
	},
	[0.233333333333] = {
		-0.303803,
		0.401538,
		-0.863985,
		0,
		0.947242,
		0.22454,
		-0.228723,
		0,
		0.102158,
		-0.88789,
		-0.44857,
		0,
		0.373438,
		0.04952,
		-0.53206,
		1
	},
	[0.25] = {
		-0.201257,
		0.432059,
		-0.879102,
		0,
		0.972674,
		0.194209,
		-0.12723,
		0,
		0.115759,
		-0.880686,
		-0.459339,
		0,
		0.404311,
		0.07379,
		-0.513827,
		1
	},
	[0.266666666667] = {
		-0.118021,
		0.458438,
		-0.880855,
		0,
		0.981316,
		0.189583,
		-0.032813,
		0,
		0.151953,
		-0.86827,
		-0.472247,
		0,
		0.42649,
		0.109677,
		-0.497724,
		1
	},
	[0.283333333333] = {
		-0.064691,
		0.485188,
		-0.872014,
		0,
		0.974766,
		0.217812,
		0.048877,
		0,
		0.213649,
		-0.846848,
		-0.487035,
		0,
		0.438022,
		0.157992,
		-0.483462,
		1
	},
	[0.2] = {
		-0.527124,
		0.309863,
		-0.791281,
		0,
		0.839698,
		0.332995,
		-0.428978,
		0,
		0.130568,
		-0.890561,
		-0.435721,
		0,
		0.292352,
		0.02557,
		-0.574871,
		1
	},
	[0.316666666667] = {
		-0.099143,
		0.569262,
		-0.816157,
		0,
		0.914688,
		0.37509,
		0.15051,
		0,
		0.391812,
		-0.731607,
		-0.557884,
		0,
		0.41746,
		0.290491,
		-0.463176,
		1
	},
	[0.333333333333] = {
		-0.298691,
		0.548582,
		-0.780923,
		0,
		0.799071,
		0.591155,
		0.109641,
		0,
		0.521794,
		-0.591265,
		-0.614929,
		0,
		0.333758,
		0.418123,
		-0.463602,
		1
	},
	[0.35] = {
		-0.572031,
		0.394925,
		-0.718899,
		0,
		0.505033,
		0.8602,
		0.070691,
		0,
		0.646314,
		-0.32263,
		-0.691511,
		0,
		0.171766,
		0.635381,
		-0.398748,
		1
	},
	[0.366666666667] = {
		-0.751891,
		0.256326,
		-0.607418,
		0,
		0.132254,
		0.961239,
		0.241925,
		0,
		0.645886,
		0.101568,
		-0.756648,
		0,
		0.113258,
		0.699399,
		-0.292486,
		1
	},
	[0.383333333333] = {
		-0.886825,
		0.086507,
		-0.453935,
		0,
		-0.194903,
		0.820651,
		0.537163,
		0,
		0.418991,
		0.564843,
		-0.710914,
		0,
		0.065341,
		0.739096,
		-0.19731,
		1
	},
	[0.3] = {
		-0.053282,
		0.514196,
		-0.856016,
		0,
		0.951487,
		0.286289,
		0.112745,
		0,
		0.303041,
		-0.808481,
		-0.504504,
		0,
		0.436209,
		0.219664,
		-0.471876,
		1
	},
	[0.416666666667] = {
		-0.958305,
		0.031166,
		-0.284043,
		0,
		-0.285626,
		-0.133468,
		0.949002,
		0,
		-0.008335,
		0.990563,
		0.136805,
		0,
		-0.107211,
		0.636285,
		0.141894,
		1
	},
	[0.433333333333] = {
		-0.924559,
		-0.114015,
		-0.363581,
		0,
		-0.269293,
		-0.47955,
		0.835172,
		0,
		-0.269578,
		0.870076,
		0.412669,
		0,
		-0.168966,
		0.511711,
		0.255708,
		1
	},
	[0.45] = {
		-0.945271,
		-0.149233,
		-0.29016,
		0,
		-0.106916,
		-0.698515,
		0.707563,
		0,
		-0.308273,
		0.699861,
		0.644331,
		0,
		-0.217014,
		0.400132,
		0.348657,
		1
	},
	[0.466666666667] = {
		-0.932766,
		0.052186,
		-0.356686,
		0,
		-0.219455,
		-0.867188,
		0.447018,
		0,
		-0.285985,
		0.49524,
		0.820335,
		0,
		-0.302255,
		0.25659,
		0.385786,
		1
	},
	[0.483333333333] = {
		-0.877861,
		0.265298,
		-0.398719,
		0,
		-0.354575,
		-0.919676,
		0.168738,
		0,
		-0.321927,
		0.289505,
		0.901416,
		0,
		-0.318508,
		0.096438,
		0.404514,
		1
	},
	[0.4] = {
		-0.934406,
		0.224792,
		-0.276322,
		0,
		-0.16158,
		0.42385,
		0.891203,
		0,
		0.317454,
		0.877394,
		-0.359727,
		0,
		0.005042,
		0.718475,
		-0.042948,
		1
	},
	[0.516666666667] = {
		-0.757496,
		0.217728,
		-0.615462,
		0,
		-0.199347,
		-0.974862,
		-0.099519,
		0,
		-0.621659,
		0.047305,
		0.781858,
		0,
		-0.259964,
		-0.360324,
		0.411983,
		1
	},
	[0.533333333333] = {
		-0.714493,
		0.171651,
		-0.678259,
		0,
		-0.126617,
		-0.985153,
		-0.115937,
		0,
		-0.68809,
		0.003043,
		0.725619,
		0,
		-0.227063,
		-0.499844,
		0.382973,
		1
	},
	[0.55] = {
		-0.72201,
		0.194522,
		-0.663975,
		0,
		-0.133355,
		-0.980795,
		-0.142328,
		0,
		-0.67891,
		-0.014218,
		0.734084,
		0,
		-0.185967,
		-0.538794,
		0.311344,
		1
	},
	[0.566666666667] = {
		-0.736276,
		0.246199,
		-0.630304,
		0,
		-0.150125,
		-0.967683,
		-0.202614,
		0,
		-0.659818,
		-0.054556,
		0.749443,
		0,
		-0.143235,
		-0.590957,
		0.169727,
		1
	},
	[0.583333333333] = {
		-0.745935,
		0.302242,
		-0.593491,
		0,
		-0.172198,
		-0.948323,
		-0.266516,
		0,
		-0.643373,
		-0.096606,
		0.759433,
		0,
		-0.108682,
		-0.63383,
		0.006009,
		1
	},
	[0.5] = {
		-0.825839,
		0.285386,
		-0.486359,
		0,
		-0.321819,
		-0.946758,
		-0.00909,
		0,
		-0.463059,
		0.149013,
		0.873712,
		0,
		-0.282589,
		-0.121966,
		0.424846,
		1
	},
	[0.616666666667] = {
		-0.72792,
		0.369214,
		-0.577766,
		0,
		-0.208615,
		-0.921949,
		-0.326327,
		0,
		-0.653156,
		-0.117009,
		0.748129,
		0,
		-0.065972,
		-0.669845,
		-0.176554,
		1
	},
	[0.633333333333] = {
		-0.709933,
		0.394928,
		-0.583118,
		0,
		-0.225054,
		-0.91178,
		-0.343522,
		0,
		-0.667342,
		-0.112644,
		0.736183,
		0,
		-0.056059,
		-0.658937,
		-0.231428,
		1
	},
	[0.65] = {
		-0.688276,
		0.419774,
		-0.591664,
		0,
		-0.24151,
		-0.901647,
		-0.358755,
		0,
		-0.684068,
		-0.104029,
		0.721961,
		0,
		-0.054471,
		-0.630667,
		-0.271655,
		1
	},
	[0.666666666667] = {
		-0.662842,
		0.443606,
		-0.603203,
		0,
		-0.257895,
		-0.891569,
		-0.372283,
		0,
		-0.702944,
		-0.091202,
		0.705373,
		0,
		-0.055813,
		-0.604039,
		-0.307034,
		1
	},
	[0.683333333333] = {
		-0.633528,
		0.466227,
		-0.617474,
		0,
		-0.274131,
		-0.881545,
		-0.384357,
		0,
		-0.723529,
		-0.074232,
		0.686291,
		0,
		-0.058913,
		-0.578526,
		-0.340436,
		1
	},
	[0.6] = {
		-0.742345,
		0.342704,
		-0.575741,
		0,
		-0.192236,
		-0.932105,
		-0.306961,
		0,
		-0.641848,
		-0.117193,
		0.757824,
		0,
		-0.083627,
		-0.658184,
		-0.109445,
		1
	},
	[0.716666666667] = {
		-0.562727,
		0.506793,
		-0.653069,
		0,
		-0.306103,
		-0.861615,
		-0.40487,
		0,
		-0.76788,
		-0.027925,
		0.639985,
		0,
		-0.051712,
		-0.531519,
		-0.395897,
		1
	},
	[0.733333333333] = {
		-0.521027,
		0.524097,
		-0.673686,
		0,
		-0.321827,
		-0.851657,
		-0.413651,
		0,
		-0.790543,
		0.001287,
		0.612405,
		0,
		-0.049138,
		-0.511585,
		-0.421783,
		1
	},
	[0.75] = {
		-0.475056,
		0.538917,
		-0.695623,
		0,
		-0.337364,
		-0.841658,
		-0.421661,
		0,
		-0.812716,
		0.034366,
		0.581645,
		0,
		-0.046594,
		-0.49377,
		-0.447349,
		1
	},
	[0.766666666667] = {
		-0.424832,
		0.550843,
		-0.718394,
		0,
		-0.3527,
		-0.831575,
		-0.429052,
		0,
		-0.833739,
		0.071103,
		0.547562,
		0,
		-0.0437,
		-0.477855,
		-0.472979,
		1
	},
	[0.783333333333] = {
		-0.370462,
		0.559454,
		-0.741464,
		0,
		-0.367813,
		-0.821367,
		-0.435971,
		0,
		-0.852919,
		0.111209,
		0.51006,
		0,
		-0.040174,
		-0.463617,
		-0.498848,
		1
	},
	[0.7] = {
		-0.600197,
		0.487389,
		-0.634205,
		0,
		-0.290201,
		-0.871567,
		-0.395162,
		0,
		-0.74535,
		-0.053128,
		0.664553,
		0,
		-0.054783,
		-0.553777,
		-0.369079,
		1
	},
	[0.816666666667] = {
		-0.250089,
		0.565068,
		-0.786228,
		0,
		-0.397598,
		-0.800342,
		-0.448741,
		0,
		-0.88282,
		0.200378,
		0.424826,
		0,
		-0.030713,
		-0.439231,
		-0.551192,
		1
	},
	[0.833333333333] = {
		-0.184817,
		0.561334,
		-0.806689,
		0,
		-0.412183,
		-0.789421,
		-0.454884,
		0,
		-0.892159,
		0.248433,
		0.377271,
		0,
		-0.024826,
		-0.428606,
		-0.577303,
		1
	},
	[0.85] = {
		-0.116881,
		0.552869,
		-0.82503,
		0,
		-0.426351,
		-0.778213,
		-0.461096,
		0,
		-0.896975,
		0.297859,
		0.326675,
		0,
		-0.018431,
		-0.418157,
		-0.603281,
		1
	},
	[0.866666666667] = {
		-0.046929,
		0.539504,
		-0.840674,
		0,
		-0.440021,
		-0.766712,
		-0.467476,
		0,
		-0.89676,
		0.347976,
		0.273374,
		0,
		-0.011891,
		-0.407069,
		-0.629056,
		1
	},
	[0.883333333333] = {
		0.024304,
		0.521173,
		-0.853105,
		0,
		-0.453106,
		-0.75493,
		-0.474106,
		0,
		-0.891125,
		0.39807,
		0.217799,
		0,
		-0.005548,
		-0.395086,
		-0.654276,
		1
	},
	[0.8] = {
		-0.312147,
		0.564335,
		-0.764258,
		0,
		-0.382667,
		-0.810995,
		-0.442553,
		0,
		-0.869557,
		0.154314,
		0.469102,
		0,
		-0.035848,
		-0.450826,
		-0.524967,
		1
	},
	[0.916666666667] = {
		0.167362,
		0.469997,
		-0.866656,
		0,
		-0.477157,
		-0.730626,
		-0.488371,
		0,
		-0.862735,
		0.495266,
		0.101983,
		0,
		0.005344,
		-0.367598,
		-0.701785,
		1
	},
	[0.933333333333] = {
		0.237515,
		0.437644,
		-0.867211,
		0,
		-0.487949,
		-0.718197,
		-0.496084,
		0,
		-0.839936,
		0.540982,
		0.042966,
		0,
		0.009445,
		-0.351802,
		-0.723485,
		1
	},
	[0.95] = {
		0.305668,
		0.401303,
		-0.863437,
		0,
		-0.497814,
		-0.705661,
		-0.504206,
		0,
		-0.811633,
		0.583951,
		-0.015924,
		0,
		0.012478,
		-0.334557,
		-0.743448,
		1
	},
	[0.966666666667] = {
		0.371094,
		0.361482,
		-0.855348,
		0,
		-0.506689,
		-0.693086,
		-0.512735,
		0,
		-0.778175,
		0.623668,
		-0.074041,
		0,
		0.014413,
		-0.315892,
		-0.761419,
		1
	},
	[0.983333333333] = {
		0.433153,
		0.318752,
		-0.843075,
		0,
		-0.514523,
		-0.680547,
		-0.521653,
		0,
		-0.74003,
		0.659737,
		-0.130775,
		0,
		0.014416,
		-0.293674,
		-0.772217,
		1
	},
	[0.9] = {
		0.096014,
		0.497943,
		-0.861878,
		0,
		-0.465514,
		-0.742888,
		-0.481056,
		0,
		-0.879817,
		0.447404,
		0.160471,
		0,
		0.000284,
		-0.381987,
		-0.67862,
		1
	},
	[1.01666666667] = {
		0.545203,
		0.227036,
		-0.806975,
		0,
		-0.526948,
		-0.655857,
		-0.540534,
		0,
		-0.651981,
		0.719935,
		-0.23794,
		0,
		0.012366,
		-0.245956,
		-0.782656,
		1
	},
	[1.03333333333] = {
		0.594537,
		0.179284,
		-0.783826,
		0,
		-0.531515,
		-0.643837,
		-0.550423,
		0,
		-0.603338,
		0.743862,
		-0.287493,
		0,
		0.011024,
		-0.222513,
		-0.785765,
		1
	},
	[1.05] = {
		0.639181,
		0.131056,
		-0.757808,
		0,
		-0.534985,
		-0.632113,
		-0.560557,
		0,
		-0.552485,
		0.763713,
		-0.333922,
		0,
		0.009413,
		-0.199625,
		-0.787656,
		1
	},
	[1.06666666667] = {
		0.679106,
		0.082877,
		-0.729346,
		0,
		-0.537377,
		-0.620729,
		-0.570895,
		0,
		-0.50004,
		0.779633,
		-0.377005,
		0,
		0.007436,
		-0.177429,
		-0.788365,
		1
	},
	[1.08333333333] = {
		0.714388,
		0.035212,
		-0.698863,
		0,
		-0.538714,
		-0.60972,
		-0.581402,
		0,
		-0.446583,
		0.791834,
		-0.416608,
		0,
		0.004979,
		-0.15605,
		-0.787928,
		1
	},
	[1.11666666667] = {
		0.77171,
		-0.057046,
		-0.633411,
		0,
		-0.538315,
		-0.588926,
		-0.602812,
		0,
		-0.338645,
		0.806171,
		-0.485189,
		0,
		-0.001099,
		-0.114784,
		-0.782672,
		1
	},
	[1.13333333333] = {
		0.794231,
		-0.101047,
		-0.599155,
		0,
		-0.53663,
		-0.579166,
		-0.613674,
		0,
		-0.285,
		0.808923,
		-0.514216,
		0,
		-0.005389,
		-0.095072,
		-0.778068,
		1
	},
	[1.15] = {
		0.813041,
		-0.143346,
		-0.564284,
		0,
		-0.533981,
		-0.569834,
		-0.624623,
		0,
		-0.232011,
		0.809161,
		-0.539842,
		0,
		-0.006724,
		-0.074057,
		-0.763787,
		1
	},
	[1.16666666667] = {
		0.828451,
		-0.183799,
		-0.529044,
		0,
		-0.530376,
		-0.560923,
		-0.635663,
		0,
		-0.179918,
		0.807207,
		-0.56218,
		0,
		-0.006177,
		-0.054472,
		-0.740835,
		1
	},
	[1.18333333333] = {
		0.840771,
		-0.222313,
		-0.49364,
		0,
		-0.52582,
		-0.552421,
		-0.646796,
		0,
		-0.128906,
		0.803373,
		-0.581356,
		0,
		-0.006816,
		-0.037687,
		-0.719575,
		1
	},
	[1.1] = {
		0.745183,
		-0.011538,
		-0.66676,
		0,
		-0.539017,
		-0.599115,
		-0.592049,
		0,
		-0.392635,
		0.80058,
		-0.45267,
		0,
		0.002199,
		-0.13521,
		-0.78608,
		1
	},
	[1.21666666667] = {
		0.85737,
		-0.293359,
		-0.422915,
		0,
		-0.513793,
		-0.536577,
		-0.669404,
		0,
		-0.030551,
		0.791218,
		-0.610771,
		0,
		-0.008881,
		-0.013289,
		-0.686907,
		1
	},
	[1.23333333333] = {
		0.862219,
		-0.325883,
		-0.387788,
		0,
		-0.506262,
		-0.529192,
		-0.680922,
		0,
		0.016686,
		0.783426,
		-0.621261,
		0,
		-0.008948,
		-0.006353,
		-0.677821,
		1
	},
	[1.25] = {
		0.865116,
		-0.356441,
		-0.352878,
		0,
		-0.497645,
		-0.52213,
		-0.692625,
		0,
		0.062632,
		0.77481,
		-0.629084,
		0,
		-0.007616,
		-0.003314,
		-0.675056,
		1
	},
	[1.2] = {
		0.850313,
		-0.25884,
		-0.458225,
		0,
		-0.520301,
		-0.544313,
		-0.658035,
		0,
		-0.079092,
		0.797951,
		-0.597511,
		0,
		-0.00795,
		-0.023835,
		-0.701203,
		1
	}
}

return spline_matrices
