local spline_matrices = {
	[0] = {
		0.258301,
		-0.600363,
		-0.756865,
		0,
		-0.963733,
		-0.214529,
		-0.158731,
		0,
		-0.067073,
		0.770416,
		-0.634003,
		0,
		0.112549,
		-0.111186,
		-0.674608,
		1
	},
	{
		-0.969982,
		0.181291,
		0.162074,
		0,
		0.238753,
		0.583447,
		0.776264,
		0,
		0.046168,
		0.791658,
		-0.609217,
		0,
		0.141038,
		-0.137064,
		-0.663841,
		1
	},
	[0.0166666666667] = {
		0.146463,
		-0.951673,
		-0.269939,
		0,
		-0.986898,
		-0.121903,
		-0.105698,
		0,
		0.067684,
		0.281883,
		-0.957058,
		0,
		0.155801,
		-0.299238,
		-0.621617,
		1
	},
	[0.0333333333333] = {
		-0.095525,
		-0.973625,
		0.207193,
		0,
		-0.993595,
		0.080638,
		-0.079162,
		0,
		0.060367,
		-0.213428,
		-0.975092,
		0,
		0.197585,
		-0.47634,
		-0.552369,
		1
	},
	[0.05] = {
		-0.516413,
		-0.71889,
		0.46531,
		0,
		-0.830753,
		0.552405,
		-0.068542,
		0,
		-0.207765,
		-0.421954,
		-0.88249,
		0,
		0.236198,
		-0.591344,
		-0.448362,
		1
	},
	[0.0666666666667] = {
		-0.775821,
		0.007788,
		0.630905,
		0,
		-0.133112,
		0.975398,
		-0.175728,
		0,
		-0.616752,
		-0.220315,
		-0.755697,
		0,
		0.306472,
		-0.637797,
		-0.342295,
		1
	},
	[0.0833333333333] = {
		-0.371225,
		0.672587,
		0.640171,
		0,
		0.639712,
		0.684968,
		-0.348693,
		0,
		-0.673024,
		0.280082,
		-0.684539,
		0,
		0.37929,
		-0.701221,
		-0.269841,
		1
	},
	[0.116666666667] = {
		0.359293,
		0.736503,
		0.573124,
		0,
		0.839616,
		0.012971,
		-0.543026,
		0,
		-0.407374,
		0.676309,
		-0.61372,
		0,
		0.427397,
		-0.793058,
		-0.199459,
		1
	},
	[0.133333333333] = {
		0.530707,
		0.626466,
		0.570867,
		0,
		0.784065,
		-0.107109,
		-0.611367,
		0,
		-0.321856,
		0.772054,
		-0.548034,
		0,
		0.440232,
		-0.812181,
		-0.172746,
		1
	},
	[0.15] = {
		0.649676,
		0.497547,
		0.574776,
		0,
		0.717269,
		-0.150669,
		-0.680312,
		0,
		-0.251886,
		0.854251,
		-0.454761,
		0,
		0.453611,
		-0.817605,
		-0.148394,
		1
	},
	[0.166666666667] = {
		0.737611,
		0.362369,
		0.569754,
		0,
		0.646593,
		-0.135946,
		-0.750624,
		0,
		-0.194547,
		0.922067,
		-0.33458,
		0,
		0.469978,
		-0.807009,
		-0.125458,
		1
	},
	[0.183333333333] = {
		0.808713,
		0.232469,
		0.540317,
		0,
		0.569689,
		-0.080898,
		-0.817869,
		0,
		-0.146418,
		0.969234,
		-0.197858,
		0,
		0.492253,
		-0.775322,
		-0.101641,
		1
	},
	[0.1] = {
		0.098061,
		0.797845,
		0.594834,
		0,
		0.853453,
		0.240008,
		-0.462616,
		0,
		-0.511861,
		0.553028,
		-0.657388,
		0,
		0.412326,
		-0.759826,
		-0.227311,
		1
	},
	[0.216666666667] = {
		0.936675,
		0.034169,
		0.34853,
		0,
		0.345991,
		0.063564,
		-0.936082,
		0,
		-0.054139,
		0.997393,
		0.047717,
		0,
		0.525052,
		-0.481922,
		-0.078937,
		1
	},
	[0.233333333333] = {
		0.983674,
		0.007349,
		0.179809,
		0,
		0.178461,
		0.088827,
		-0.979929,
		0,
		-0.023173,
		0.99602,
		0.086065,
		0,
		0.411607,
		-0.060856,
		-0.102505,
		1
	},
	[0.25] = {
		0.994225,
		0.081157,
		0.070222,
		0,
		0.063883,
		0.078232,
		-0.994886,
		0,
		-0.086236,
		0.993626,
		0.072596,
		0,
		0.279441,
		0.327571,
		-0.09152,
		1
	},
	[0.266666666667] = {
		0.985573,
		0.166387,
		-0.031004,
		0,
		-0.039522,
		0.048131,
		-0.998059,
		0,
		-0.164572,
		0.984885,
		0.054013,
		0,
		0.187616,
		0.585118,
		-0.072876,
		1
	},
	[0.283333333333] = {
		0.966312,
		0.204676,
		-0.156043,
		0,
		-0.165942,
		0.032016,
		-0.985616,
		0,
		-0.196736,
		0.978306,
		0.064902,
		0,
		0.185587,
		0.631137,
		-0.067763,
		1
	},
	[0.2] = {
		0.872735,
		0.12093,
		0.47298,
		0,
		0.47762,
		-0.010937,
		-0.878499,
		0,
		-0.101064,
		0.992601,
		-0.067303,
		0,
		0.536642,
		-0.694379,
		-0.082745,
		1
	},
	[0.316666666667] = {
		0.897442,
		0.194289,
		-0.396044,
		0,
		-0.403536,
		-0.00111,
		-0.914963,
		0,
		-0.178206,
		0.980944,
		0.077407,
		0,
		0.210109,
		0.62294,
		-0.059804,
		1
	},
	[0.333333333333] = {
		0.837102,
		0.189311,
		-0.513246,
		0,
		-0.518491,
		-0.024596,
		-0.854729,
		0,
		-0.174433,
		0.981609,
		0.077566,
		0,
		0.213819,
		0.620214,
		-0.057998,
		1
	},
	[0.35] = {
		0.763333,
		0.18973,
		-0.617515,
		0,
		-0.620218,
		-0.052138,
		-0.782695,
		0,
		-0.180697,
		0.980451,
		0.077876,
		0,
		0.21046,
		0.621309,
		-0.056591,
		1
	},
	[0.366666666667] = {
		0.681389,
		0.186794,
		-0.707684,
		0,
		-0.707618,
		-0.078966,
		-0.702169,
		0,
		-0.187044,
		0.97922,
		0.078372,
		0,
		0.206856,
		0.623475,
		-0.055582,
		1
	},
	[0.383333333333] = {
		0.595912,
		0.176957,
		-0.78331,
		0,
		-0.781011,
		-0.099238,
		-0.616582,
		0,
		-0.186843,
		0.979203,
		0.079068,
		0,
		0.207286,
		0.624916,
		-0.055013,
		1
	},
	[0.3] = {
		0.937168,
		0.208887,
		-0.279431,
		0,
		-0.288235,
		0.012324,
		-0.95748,
		0,
		-0.196562,
		0.977862,
		0.071759,
		0,
		0.202354,
		0.625964,
		-0.062469,
		1
	},
	[0.416666666667] = {
		0.424483,
		0.154053,
		-0.892234,
		0,
		-0.886176,
		-0.131481,
		-0.444302,
		0,
		-0.185758,
		0.979275,
		0.080707,
		0,
		0.20865,
		0.628042,
		-0.055219,
		1
	},
	[0.433333333333] = {
		0.344655,
		0.142489,
		-0.927852,
		0,
		-0.920257,
		-0.143834,
		-0.363922,
		0,
		-0.185312,
		0.97929,
		0.081553,
		0,
		0.209463,
		0.629007,
		-0.05597,
		1
	},
	[0.45] = {
		0.272266,
		0.131659,
		-0.953172,
		0,
		-0.944227,
		-0.154123,
		-0.291,
		0,
		-0.185218,
		0.979241,
		0.082353,
		0,
		0.210229,
		0.628995,
		-0.057169,
		1
	},
	[0.466666666667] = {
		0.208742,
		0.124181,
		-0.970055,
		0,
		-0.960496,
		-0.160642,
		-0.22725,
		0,
		-0.184052,
		0.97917,
		0.085742,
		0,
		0.211433,
		0.627105,
		-0.060219,
		1
	},
	[0.483333333333] = {
		0.155435,
		0.12177,
		-0.980312,
		0,
		-0.971126,
		-0.162975,
		-0.174222,
		0,
		-0.180981,
		0.979087,
		0.092922,
		0,
		0.213174,
		0.62376,
		-0.06594,
		1
	},
	[0.4] = {
		0.509206,
		0.165774,
		-0.844528,
		0,
		-0.84023,
		-0.116703,
		-0.529522,
		0,
		-0.18634,
		0.979234,
		0.079862,
		0,
		0.2079,
		0.626555,
		-0.054896,
		1
	},
	[0.516666666667] = {
		0.087404,
		0.126408,
		-0.98812,
		0,
		-0.980925,
		-0.161966,
		-0.107488,
		0,
		-0.173629,
		0.978666,
		0.10984,
		0,
		0.215929,
		0.61793,
		-0.079867,
		1
	},
	[0.533333333333] = {
		0.076221,
		0.129778,
		-0.988609,
		0,
		-0.982206,
		-0.160907,
		-0.09685,
		0,
		-0.171643,
		0.9784,
		0.115204,
		0,
		0.216114,
		0.617659,
		-0.083105,
		1
	},
	[0.55] = {
		0.073758,
		0.129846,
		-0.988787,
		0,
		-0.982271,
		-0.161888,
		-0.094531,
		0,
		-0.172347,
		0.978229,
		0.115603,
		0,
		0.215025,
		0.620614,
		-0.080346,
		1
	},
	[0.566666666667] = {
		0.09474,
		0.120057,
		-0.988236,
		0,
		-0.978697,
		-0.170397,
		-0.114526,
		0,
		-0.182142,
		0.978034,
		0.101356,
		0,
		0.207797,
		0.636703,
		-0.064998,
		1
	},
	[0.583333333333] = {
		0.069763,
		0.108409,
		-0.991656,
		0,
		-0.980061,
		-0.177949,
		-0.088401,
		0,
		-0.186048,
		0.97805,
		0.093833,
		0,
		0.205631,
		0.644965,
		-0.059049,
		1
	},
	[0.5] = {
		0.114373,
		0.123094,
		-0.985782,
		0,
		-0.97752,
		-0.162979,
		-0.133765,
		0,
		-0.177128,
		0.978921,
		0.101687,
		0,
		0.21483,
		0.620318,
		-0.073183,
		1
	},
	[0.616666666667] = {
		-0.166884,
		0.054653,
		-0.984461,
		0,
		-0.966057,
		-0.208751,
		0.152175,
		0,
		-0.197191,
		0.97644,
		0.087635,
		0,
		0.215874,
		0.635093,
		-0.055359,
		1
	},
	[0.633333333333] = {
		-0.330516,
		0.029381,
		-0.943343,
		0,
		-0.919315,
		-0.236219,
		0.31474,
		0,
		-0.213588,
		0.971256,
		0.105084,
		0,
		0.241787,
		0.597396,
		-0.067346,
		1
	},
	[0.65] = {
		-0.498792,
		0.006122,
		-0.8667,
		0,
		-0.833089,
		-0.279248,
		0.477476,
		0,
		-0.239101,
		0.9602,
		0.144386,
		0,
		0.302768,
		0.50462,
		-0.110233,
		1
	},
	[0.666666666667] = {
		-0.672151,
		-0.042478,
		-0.739195,
		0,
		-0.677011,
		-0.368958,
		0.636809,
		0,
		-0.299782,
		0.928475,
		0.219237,
		0,
		0.450792,
		0.282079,
		-0.22966,
		1
	},
	[0.683333333333] = {
		-0.733554,
		-0.060583,
		-0.676926,
		0,
		-0.608157,
		-0.38611,
		0.693588,
		0,
		-0.303387,
		0.920461,
		0.246388,
		0,
		0.484523,
		0.22338,
		-0.252718,
		1
	},
	[0.6] = {
		-0.027607,
		0.083136,
		-0.996156,
		0,
		-0.981302,
		-0.192148,
		0.011159,
		0,
		-0.190482,
		0.977838,
		0.086886,
		0,
		0.209627,
		0.641739,
		-0.057825,
		1
	},
	[0.716666666667] = {
		-0.778902,
		-0.053309,
		-0.624876,
		0,
		-0.568363,
		-0.36117,
		0.73927,
		0,
		-0.265096,
		0.930975,
		0.251017,
		0,
		0.559128,
		0.11772,
		-0.288078,
		1
	},
	[0.733333333333] = {
		-0.779281,
		-0.036127,
		-0.625633,
		0,
		-0.582523,
		-0.326332,
		0.744429,
		0,
		-0.231058,
		0.944565,
		0.233259,
		0,
		0.596491,
		0.069861,
		-0.302909,
		1
	},
	[0.75] = {
		-0.771933,
		-0.01586,
		-0.635507,
		0,
		-0.60669,
		-0.280192,
		0.743922,
		0,
		-0.189862,
		0.959813,
		0.206668,
		0,
		0.630861,
		0.025518,
		-0.316517,
		1
	},
	[0.766666666667] = {
		-0.76197,
		0.003725,
		-0.647601,
		0,
		-0.631493,
		-0.225989,
		0.741718,
		0,
		-0.143588,
		0.974123,
		0.174549,
		0,
		0.660083,
		-0.014936,
		-0.329231,
		1
	},
	[0.783333333333] = {
		-0.75528,
		0.019876,
		-0.655101,
		0,
		-0.648459,
		-0.167767,
		0.742533,
		0,
		-0.095146,
		0.985626,
		0.1396,
		0,
		0.68213,
		-0.050987,
		-0.341489,
		1
	},
	[0.7] = {
		-0.7658,
		-0.062969,
		-0.639988,
		0,
		-0.573917,
		-0.382053,
		0.724331,
		0,
		-0.29012,
		0.921993,
		0.256437,
		0,
		0.520991,
		0.168834,
		-0.271591,
		1
	},
	[0.816666666667] = {
		-0.777646,
		0.036135,
		-0.627663,
		0,
		-0.628648,
		-0.057764,
		0.775542,
		0,
		-0.008232,
		0.997676,
		0.067636,
		0,
		0.685373,
		-0.100643,
		-0.361555,
		1
	},
	[0.833333333333] = {
		-0.808682,
		0.037808,
		-0.587029,
		0,
		-0.587655,
		-0.007198,
		0.80908,
		0,
		0.026365,
		0.999259,
		0.028039,
		0,
		0.675002,
		-0.116559,
		-0.373544,
		1
	},
	[0.85] = {
		-0.84235,
		0.039501,
		-0.537482,
		0,
		-0.535694,
		0.047773,
		0.843059,
		0,
		0.058979,
		0.998077,
		-0.019081,
		0,
		0.660868,
		-0.132419,
		-0.389412,
		1
	},
	[0.866666666667] = {
		-0.876696,
		0.042271,
		-0.479184,
		0,
		-0.47292,
		0.106564,
		0.874637,
		0,
		0.088035,
		0.993407,
		-0.073433,
		0,
		0.638345,
		-0.14459,
		-0.407467,
		1
	},
	[0.883333333333] = {
		-0.909676,
		0.047104,
		-0.412639,
		0,
		-0.399956,
		0.168368,
		0.900937,
		0,
		0.111913,
		0.984598,
		-0.134321,
		0,
		0.598856,
		-0.153979,
		-0.424304,
		1
	},
	[0.8] = {
		-0.75839,
		0.030954,
		-0.651066,
		0,
		-0.65,
		-0.110126,
		0.751913,
		0,
		-0.048424,
		0.993436,
		0.103638,
		0,
		0.692091,
		-0.082704,
		-0.352951,
		1
	},
	[0.916666666667] = {
		-0.963624,
		0.066174,
		-0.258941,
		0,
		-0.228778,
		0.296636,
		0.927183,
		0,
		0.138167,
		0.952695,
		-0.270706,
		0,
		0.491255,
		-0.17647,
		-0.470082,
		1
	},
	[0.933333333333] = {
		-0.98121,
		0.081463,
		-0.1749,
		0,
		-0.134592,
		0.360518,
		0.922991,
		0,
		0.138244,
		0.929188,
		-0.34278,
		0,
		0.424697,
		-0.185337,
		-0.501854,
		1
	},
	[0.95] = {
		-0.99094,
		0.100861,
		-0.088681,
		0,
		-0.038049,
		0.422422,
		0.9056,
		0,
		0.1288,
		0.90077,
		-0.414757,
		0,
		0.352355,
		-0.188178,
		-0.539765,
		1
	},
	[0.966666666667] = {
		-0.992248,
		0.124247,
		-0.002429,
		0,
		0.058085,
		0.480971,
		0.87481,
		0,
		0.109861,
		0.867888,
		-0.48446,
		0,
		0.277964,
		-0.181742,
		-0.5818,
		1
	},
	[0.983333333333] = {
		-0.985107,
		0.15125,
		0.081774,
		0,
		0.151138,
		0.534963,
		0.831247,
		0,
		0.08198,
		0.831227,
		-0.549856,
		0,
		0.206054,
		-0.164463,
		-0.624482,
		1
	},
	[0.9] = {
		-0.939269,
		0.054853,
		-0.338771,
		0,
		-0.317988,
		0.232144,
		0.919235,
		0,
		0.129066,
		0.971134,
		-0.200603,
		0,
		0.549673,
		-0.16514,
		-0.444633,
		1
	},
	[1.01666666667] = {
		-0.947731,
		0.213654,
		0.236975,
		0,
		0.319047,
		0.625786,
		0.711759,
		0,
		0.003775,
		0.750163,
		-0.661243,
		0,
		0.086464,
		-0.102271,
		-0.696359,
		1
	},
	[1.03333333333] = {
		-0.919472,
		0.247576,
		0.305413,
		0,
		0.390725,
		0.661662,
		0.639951,
		0,
		-0.043644,
		0.707749,
		-0.705114,
		0,
		0.044655,
		-0.064075,
		-0.719546,
		1
	},
	[1.05] = {
		-0.886455,
		0.282295,
		0.366753,
		0,
		0.453072,
		0.691058,
		0.563174,
		0,
		-0.094466,
		0.665394,
		-0.740491,
		0,
		0.016679,
		-0.026884,
		-0.732219,
		1
	},
	[1.06666666667] = {
		-0.849925,
		0.317136,
		0.420775,
		0,
		0.505947,
		0.714194,
		0.483678,
		0,
		-0.147123,
		0.62398,
		-0.767466,
		0,
		0.002535,
		0.005276,
		-0.734521,
		1
	},
	[1.08333333333] = {
		-0.811044,
		0.351522,
		0.46759,
		0,
		0.549664,
		0.731479,
		0.403495,
		0,
		-0.200195,
		0.58427,
		-0.78648,
		0,
		0.001554,
		0.029442,
		-0.727728,
		1
	},
	[1.1] = {
		-0.770812,
		0.385016,
		0.507555,
		0,
		0.584908,
		0.743427,
		0.324344,
		0,
		-0.252453,
		0.546881,
		-0.798241,
		0,
		0.012947,
		0.044117,
		-0.713786,
		1
	}
}

return spline_matrices
