local spline_matrices = {
	[0] = {
		0.9078,
		-0.352677,
		-0.226976,
		0,
		-0.401116,
		-0.572022,
		-0.715469,
		0,
		0.122494,
		0.740547,
		-0.660747,
		0,
		-0.104649,
		0.057568,
		-0.750889,
		1
	},
	{
		0.851859,
		-0.177406,
		-0.492812,
		0,
		-0.487692,
		-0.611819,
		-0.622763,
		0,
		-0.19103,
		0.770847,
		-0.607703,
		0,
		-0.067516,
		0.035407,
		-0.670137,
		1
	},
	[0.0333333333333] = {
		0.83703,
		-0.543037,
		-0.067017,
		0,
		-0.394382,
		-0.513877,
		-0.761836,
		0,
		0.379266,
		0.66411,
		-0.644294,
		0,
		-0.056319,
		0.081061,
		-0.736665,
		1
	},
	[0.0666666666667] = {
		-0.216444,
		-0.931684,
		-0.291749,
		0,
		-0.377679,
		0.355472,
		-0.854985,
		0,
		0.900284,
		-0.074869,
		-0.428817,
		0,
		0.061196,
		0.153622,
		-0.672588,
		1
	},
	[0.133333333333] = {
		-0.64446,
		-0.331667,
		-0.688961,
		0,
		0.155963,
		0.82507,
		-0.543079,
		0,
		0.748563,
		-0.457445,
		-0.479997,
		0,
		0.360337,
		0.313265,
		-0.490189,
		1
	},
	[0.166666666667] = {
		-0.610452,
		-0.030047,
		-0.791483,
		0,
		0.340038,
		0.892564,
		-0.296148,
		0,
		0.715348,
		-0.449919,
		-0.534651,
		0,
		0.501706,
		0.411115,
		-0.39479,
		1
	},
	[0.1] = {
		-0.542078,
		-0.636638,
		-0.548492,
		0,
		-0.109249,
		0.700564,
		-0.705177,
		0,
		0.833196,
		-0.322339,
		-0.449312,
		0,
		0.194479,
		0.228878,
		-0.5846,
		1
	},
	[0.233333333333] = {
		-0.59178,
		0.175829,
		-0.78669,
		0,
		-0.387097,
		0.794047,
		0.468663,
		0,
		0.707073,
		0.581871,
		-0.401838,
		0,
		0.293681,
		0.667382,
		-0.218738,
		1
	},
	[0.266666666667] = {
		-0.703343,
		0.166625,
		-0.691046,
		0,
		-0.630732,
		0.302072,
		0.714793,
		0,
		0.327848,
		0.93861,
		-0.107365,
		0,
		0.056408,
		0.716544,
		-0.055654,
		1
	},
	[0.2] = {
		-0.491659,
		0.234763,
		-0.838545,
		0,
		0.329134,
		0.941637,
		0.070646,
		0,
		0.80619,
		-0.24126,
		-0.540233,
		0,
		0.518895,
		0.517372,
		-0.337234,
		1
	},
	[0.333333333333] = {
		-0.689991,
		-0.154419,
		-0.707154,
		0,
		-0.418064,
		-0.712517,
		0.563508,
		0,
		-0.590876,
		0.684452,
		0.427074,
		0,
		-0.409839,
		0.384741,
		0.138777,
		1
	},
	[0.366666666667] = {
		-0.564217,
		-0.135642,
		-0.814408,
		0,
		-0.262733,
		-0.905637,
		0.332857,
		0,
		-0.782707,
		0.401776,
		0.475338,
		0,
		-0.44105,
		0.114251,
		0.134453,
		1
	},
	[0.3] = {
		-0.694682,
		-0.019324,
		-0.719058,
		0,
		-0.665468,
		-0.362227,
		0.652643,
		0,
		-0.273073,
		0.93189,
		0.238773,
		0,
		-0.24483,
		0.589357,
		0.066106,
		1
	},
	[0.433333333333] = {
		-0.239157,
		0.029944,
		-0.970519,
		0,
		-0.054979,
		-0.998338,
		-0.017254,
		0,
		-0.969423,
		0.049232,
		0.240406,
		0,
		-0.451727,
		-0.144563,
		0.021291,
		1
	},
	[0.466666666667] = {
		0.143159,
		0.059424,
		-0.987914,
		0,
		0.069944,
		-0.996307,
		-0.049793,
		0,
		-0.987225,
		-0.06197,
		-0.146787,
		0,
		-0.439537,
		-0.193711,
		-0.077873,
		1
	},
	[0.4] = {
		-0.451689,
		-0.009151,
		-0.892128,
		0,
		-0.16194,
		-0.982496,
		0.092069,
		0,
		-0.877355,
		0.186058,
		0.442301,
		0,
		-0.453081,
		-0.058309,
		0.092874,
		1
	},
	[0.533333333333] = {
		0.785666,
		0.142215,
		-0.602083,
		0,
		0.200766,
		-0.979158,
		0.0307,
		0,
		-0.585169,
		-0.144998,
		-0.797843,
		0,
		-0.379666,
		-0.218971,
		-0.25938,
		1
	},
	[0.566666666667] = {
		0.803292,
		0.15846,
		-0.574119,
		0,
		0.188297,
		-0.982083,
		-0.0076,
		0,
		-0.565037,
		-0.102,
		-0.818737,
		0,
		-0.349073,
		-0.213582,
		-0.336877,
		1
	},
	[0.5] = {
		0.554773,
		0.103238,
		-0.825572,
		0,
		0.168396,
		-0.985668,
		-0.010099,
		0,
		-0.814782,
		-0.13342,
		-0.564207,
		0,
		-0.413461,
		-0.212891,
		-0.171951,
		1
	},
	[0.633333333333] = {
		0.553695,
		0.171765,
		-0.814812,
		0,
		0.020443,
		-0.981004,
		-0.192907,
		0,
		-0.832469,
		0.090154,
		-0.546688,
		0,
		-0.29368,
		-0.17569,
		-0.462884,
		1
	},
	[0.666666666667] = {
		0.613406,
		0.14987,
		-0.775417,
		0,
		-0.075959,
		-0.966082,
		-0.24681,
		0,
		-0.786106,
		0.210294,
		-0.581217,
		0,
		-0.258151,
		-0.146636,
		-0.518877,
		1
	},
	[0.6] = {
		0.53945,
		0.184483,
		-0.821559,
		0,
		0.112341,
		-0.982749,
		-0.146913,
		0,
		-0.83449,
		-0.013042,
		-0.550869,
		0,
		-0.326502,
		-0.198409,
		-0.399646,
		1
	},
	[0.733333333333] = {
		0.771377,
		0.060731,
		-0.633474,
		0,
		-0.257565,
		-0.880466,
		-0.398045,
		0,
		-0.581925,
		0.470204,
		-0.663529,
		0,
		-0.183533,
		-0.076979,
		-0.604607,
		1
	},
	[0.766666666667] = {
		0.827939,
		-0.000202,
		-0.560817,
		0,
		-0.332731,
		-0.805161,
		-0.490924,
		0,
		-0.451449,
		0.593057,
		-0.666692,
		0,
		-0.147597,
		-0.040828,
		-0.634138,
		1
	},
	[0.7] = {
		0.694,
		0.112969,
		-0.711057,
		0,
		-0.170753,
		-0.93361,
		-0.314985,
		0,
		-0.699434,
		0.340015,
		-0.628636,
		0,
		-0.221001,
		-0.113022,
		-0.566105,
		1
	},
	[0.833333333333] = {
		0.856639,
		-0.141524,
		-0.496126,
		0,
		-0.442595,
		-0.69573,
		-0.565746,
		0,
		-0.265103,
		0.704223,
		-0.658627,
		0,
		-0.091027,
		0.012279,
		-0.665128,
		1
	},
	[0.866666666667] = {
		0.857616,
		-0.177299,
		-0.482762,
		0,
		-0.467974,
		-0.658345,
		-0.589561,
		0,
		-0.213295,
		0.731537,
		-0.647579,
		0,
		-0.074829,
		0.027637,
		-0.671797,
		1
	},
	[0.8] = {
		0.849364,
		-0.083058,
		-0.521232,
		0,
		-0.399922,
		-0.745743,
		-0.532851,
		0,
		-0.344447,
		0.661036,
		-0.666624,
		0,
		-0.115937,
		-0.010768,
		-0.653043,
		1
	},
	[0.933333333333] = {
		0.855049,
		-0.196796,
		-0.479753,
		0,
		-0.48769,
		-0.619584,
		-0.61504,
		0,
		-0.17621,
		0.75986,
		-0.62575,
		0,
		-0.062874,
		0.039908,
		-0.6742,
		1
	},
	[0.966666666667] = {
		0.853547,
		-0.189712,
		-0.485248,
		0,
		-0.488914,
		-0.613506,
		-0.62014,
		0,
		-0.180054,
		0.766564,
		-0.616409,
		0,
		-0.063941,
		0.039017,
		-0.672401,
		1
	},
	[0.9] = {
		0.856518,
		-0.1942,
		-0.478188,
		0,
		-0.481674,
		-0.633567,
		-0.605461,
		0,
		-0.185383,
		0.748919,
		-0.636203,
		0,
		-0.065961,
		0.036527,
		-0.674397,
		1
	},
	[1.03333333333] = {
		0.849878,
		-0.164368,
		-0.500689,
		0,
		-0.486212,
		-0.610999,
		-0.624723,
		0,
		-0.203236,
		0.774379,
		-0.599193,
		0,
		-0.071971,
		0.030585,
		-0.668545,
		1
	},
	[1.06666666667] = {
		0.847769,
		-0.155051,
		-0.507195,
		0,
		-0.48667,
		-0.607537,
		-0.627735,
		0,
		-0.210809,
		0.77901,
		-0.59051,
		0,
		-0.075705,
		0.026079,
		-0.668772,
		1
	},
	[1.13333333333] = {
		0.844292,
		-0.165227,
		-0.509775,
		0,
		-0.501595,
		-0.578474,
		-0.643251,
		0,
		-0.188609,
		0.798792,
		-0.571278,
		0,
		-0.07466,
		0.024091,
		-0.679308,
		1
	},
	[1.16666666667] = {
		0.844292,
		-0.165227,
		-0.509775,
		0,
		-0.501595,
		-0.578474,
		-0.643251,
		0,
		-0.188609,
		0.798792,
		-0.571278,
		0,
		-0.07466,
		0.024091,
		-0.679308,
		1
	},
	[1.1] = {
		0.845868,
		-0.153877,
		-0.510714,
		0,
		-0.491214,
		-0.597895,
		-0.633427,
		0,
		-0.207884,
		0.786666,
		-0.581327,
		0,
		-0.07713,
		0.023434,
		-0.671976,
		1
	}
}

return spline_matrices
