local spline_matrices = {
	[0] = {
		0.546617,
		-0.631593,
		-0.549818,
		0,
		-0.802651,
		-0.582322,
		-0.129046,
		0,
		-0.238666,
		0.511851,
		-0.825256,
		0,
		-0.133628,
		0.135025,
		-0.666797,
		1
	},
	{
		-0.020134,
		-0.623766,
		-0.781352,
		0,
		0.500745,
		-0.682717,
		0.53212,
		0,
		-0.86536,
		-0.380545,
		0.326093,
		0,
		0.017967,
		0.068585,
		-0.527627,
		1
	},
	[0.0333333333333] = {
		0.734276,
		-0.609072,
		-0.299784,
		0,
		-0.677198,
		-0.626388,
		-0.386058,
		0,
		0.047356,
		0.486486,
		-0.872404,
		0,
		-0.006952,
		0.146245,
		-0.661465,
		1
	},
	[0.0666666666667] = {
		0.93333,
		-0.358881,
		-0.009995,
		0,
		-0.331533,
		-0.872222,
		0.359603,
		0,
		-0.137773,
		-0.332315,
		-0.933052,
		0,
		0.159608,
		0.081132,
		-0.543946,
		1
	},
	[0.133333333333] = {
		0.928549,
		0.069777,
		-0.364594,
		0,
		0.280755,
		0.51053,
		0.812734,
		0,
		0.242846,
		-0.857024,
		0.454462,
		0,
		0.444109,
		0.153047,
		-0.21448,
		1
	},
	[0.166666666667] = {
		0.922728,
		0.074581,
		-0.378169,
		0,
		0.256378,
		0.613862,
		0.746622,
		0,
		0.287827,
		-0.785882,
		0.547307,
		0,
		0.430484,
		0.165069,
		-0.11143,
		1
	},
	[0.1] = {
		0.979999,
		0.016585,
		-0.198309,
		0,
		0.198617,
		-0.019558,
		0.979882,
		0,
		0.012373,
		-0.999671,
		-0.022461,
		0,
		0.355215,
		0.099697,
		-0.334436,
		1
	},
	[0.233333333333] = {
		0.961942,
		-0.037367,
		-0.270687,
		0,
		0.252306,
		0.501834,
		0.827348,
		0,
		0.104924,
		-0.864156,
		0.492163,
		0,
		0.318433,
		0.149153,
		0.130411,
		1
	},
	[0.266666666667] = {
		0.973687,
		-0.10055,
		-0.204509,
		0,
		0.227674,
		0.468389,
		0.853684,
		0,
		0.009952,
		-0.877782,
		0.478957,
		0,
		0.244896,
		0.145385,
		0.237958,
		1
	},
	[0.2] = {
		0.94175,
		0.02973,
		-0.334996,
		0,
		0.257394,
		0.577388,
		0.774836,
		0,
		0.216458,
		-0.815929,
		0.536103,
		0,
		0.384412,
		0.159113,
		0.008863,
		1
	},
	[0.333333333333] = {
		0.993187,
		-0.039322,
		-0.109701,
		0,
		0.089756,
		0.85851,
		0.50488,
		0,
		0.074327,
		-0.511287,
		0.85619,
		0,
		0.123421,
		0.436571,
		0.342385,
		1
	},
	[0.366666666667] = {
		0.91011,
		0.154649,
		-0.384427,
		0,
		-0.388918,
		0.638926,
		-0.663713,
		0,
		0.142978,
		0.753563,
		0.641639,
		0,
		0.07077,
		0.818985,
		0.050969,
		1
	},
	[0.3] = {
		0.982317,
		-0.122643,
		-0.141467,
		0,
		0.186296,
		0.56499,
		0.803791,
		0,
		-0.018652,
		-0.815932,
		0.577847,
		0,
		0.176709,
		0.157119,
		0.317643,
		1
	},
	[0.433333333333] = {
		0.989474,
		0.134974,
		-0.052178,
		0,
		0.030244,
		-0.545498,
		-0.837566,
		0,
		-0.141512,
		0.827172,
		-0.543838,
		0,
		-0.064338,
		0.561761,
		-0.767815,
		1
	},
	[0.466666666667] = {
		0.978996,
		0.00341,
		-0.203853,
		0,
		-0.096419,
		-0.87324,
		-0.477655,
		0,
		-0.179641,
		0.487278,
		-0.85457,
		0,
		-0.02474,
		0.369498,
		-0.887017,
		1
	},
	[0.4] = {
		0.971452,
		0.034353,
		-0.234737,
		0,
		-0.224659,
		-0.184691,
		-0.956774,
		0,
		-0.076222,
		0.982196,
		-0.171701,
		0,
		-0.083637,
		0.800292,
		-0.423055,
		1
	},
	[0.533333333333] = {
		0.743327,
		-0.613591,
		-0.266404,
		0,
		-0.342005,
		-0.690871,
		0.636969,
		0,
		-0.57489,
		-0.382365,
		-0.723394,
		0,
		-0.022367,
		0.126819,
		-0.898026,
		1
	},
	[0.566666666667] = {
		0.597548,
		-0.605556,
		-0.525583,
		0,
		-0.080117,
		-0.697287,
		0.7123,
		0,
		-0.797821,
		-0.383525,
		-0.465178,
		0,
		-0.022475,
		0.03211,
		-0.80526,
		1
	},
	[0.5] = {
		0.886439,
		-0.337233,
		-0.317019,
		0,
		-0.322928,
		-0.941299,
		0.098356,
		0,
		-0.331578,
		0.015188,
		-0.943306,
		0,
		-0.012341,
		0.227415,
		-0.91533,
		1
	},
	[0.633333333333] = {
		-0.022812,
		-0.593308,
		-0.804652,
		0,
		0.516223,
		-0.696253,
		0.498745,
		0,
		-0.85615,
		-0.404002,
		0.322162,
		0,
		0.009707,
		-0.092359,
		-0.563601,
		1
	},
	[0.666666666667] = {
		-0.024141,
		-0.594246,
		-0.803921,
		0,
		0.514287,
		-0.696968,
		0.499744,
		0,
		-0.857278,
		-0.401382,
		0.322438,
		0,
		0.001729,
		-0.083267,
		-0.554162,
		1
	},
	[0.6] = {
		0.162373,
		-0.595013,
		-0.787143,
		0,
		0.38153,
		-0.697824,
		0.606198,
		0,
		-0.909983,
		-0.398749,
		0.113708,
		0,
		0.001081,
		-0.054448,
		-0.643927,
		1
	},
	[0.733333333333] = {
		-0.025262,
		-0.598147,
		-0.800988,
		0,
		0.5108,
		-0.696475,
		0.503991,
		0,
		-0.859328,
		-0.396413,
		0.323128,
		0,
		-0.009299,
		-0.026091,
		-0.543648,
		1
	},
	[0.766666666667] = {
		-0.025053,
		-0.600883,
		-0.798945,
		0,
		0.509395,
		-0.695331,
		0.506982,
		0,
		-0.860168,
		-0.394277,
		0.323507,
		0,
		-0.009609,
		0.010317,
		-0.540981,
		1
	},
	[0.7] = {
		-0.024993,
		-0.595896,
		-0.802673,
		0,
		0.512417,
		-0.697059,
		0.501535,
		0,
		-0.858373,
		-0.398768,
		0.322769,
		0,
		-0.005075,
		-0.059233,
		-0.547773,
		1
	},
	[0.833333333333] = {
		-0.023926,
		-0.607326,
		-0.794092,
		0,
		0.506719,
		-0.692092,
		0.514048,
		0,
		-0.861779,
		-0.390082,
		0.324302,
		0,
		0.005423,
		0.069635,
		-0.536375,
		1
	},
	[0.866666666667] = {
		-0.023143,
		-0.610803,
		-0.791444,
		0,
		0.505444,
		-0.690174,
		0.517867,
		0,
		-0.862549,
		-0.388045,
		0.324699,
		0,
		0.012999,
		0.079753,
		-0.532812,
		1
	},
	[0.8] = {
		-0.024585,
		-0.603981,
		-0.796619,
		0,
		0.508035,
		-0.693841,
		0.510377,
		0,
		-0.860985,
		-0.392163,
		0.323902,
		0,
		-0.00467,
		0.044161,
		-0.53889,
		1
	},
	[0.933333333333] = {
		-0.021479,
		-0.617697,
		-0.786123,
		0,
		0.503016,
		-0.686209,
		0.525445,
		0,
		-0.86401,
		-0.384146,
		0.32545,
		0,
		0.019128,
		0.073303,
		-0.528786,
		1
	},
	[0.966666666667] = {
		-0.020733,
		-0.620889,
		-0.783624,
		0,
		0.501861,
		-0.684354,
		0.528957,
		0,
		-0.8647,
		-0.382304,
		0.325788,
		0,
		0.019115,
		0.070833,
		-0.527977,
		1
	},
	[0.9] = {
		-0.022305,
		-0.614297,
		-0.788759,
		0,
		0.50421,
		-0.688182,
		0.521708,
		0,
		-0.863293,
		-0.386063,
		0.325085,
		0,
		0.017323,
		0.077788,
		-0.530289,
		1
	},
	[1.03333333333] = {
		-0.019751,
		-0.626217,
		-0.779399,
		0,
		0.499669,
		-0.681398,
		0.534815,
		0,
		-0.865991,
		-0.378878,
		0.326359,
		0,
		0.016368,
		0.066623,
		-0.527469,
		1
	},
	[1.06666666667] = {
		-0.01965,
		-0.628135,
		-0.777857,
		0,
		0.498631,
		-0.680501,
		0.536922,
		0,
		-0.866591,
		-0.377313,
		0.32658,
		0,
		0.015002,
		0.065015,
		-0.527231,
		1
	},
	[1.13333333333] = {
		-0.020512,
		-0.630039,
		-0.776293,
		0,
		0.496669,
		-0.680292,
		0.539001,
		0,
		-0.867697,
		-0.374505,
		0.326876,
		0,
		0.01487,
		0.063471,
		-0.526218,
		1
	},
	[1.1] = {
		-0.019901,
		-0.629411,
		-0.776818,
		0,
		0.497633,
		-0.680128,
		0.538319,
		0,
		-0.867159,
		-0.375857,
		0.326751,
		0,
		0.014554,
		0.063834,
		-0.526642,
		1
	}
}

return spline_matrices
