local spline_matrices = {
	[0] = {
		0.774974,
		-0.2366,
		-0.586033,
		0,
		-0.501252,
		-0.794871,
		-0.341945,
		0,
		-0.384917,
		0.558749,
		-0.734601,
		0,
		-0.119999,
		0.048781,
		-0.688422,
		1
	},
	{
		0.875836,
		-0.328202,
		-0.353829,
		0,
		-0.456634,
		-0.800846,
		-0.387467,
		0,
		-0.156195,
		0.500928,
		-0.851278,
		0,
		-0.013391,
		-0.095723,
		-0.663451,
		1
	},
	[0.0333333333333] = {
		0.790412,
		0.488429,
		-0.36971,
		0,
		-0.146951,
		-0.434725,
		-0.888493,
		0,
		-0.594688,
		0.756605,
		-0.271837,
		0,
		-0.160786,
		0.093518,
		-0.664214,
		1
	},
	[0.0666666666667] = {
		0.41679,
		0.826999,
		0.377303,
		0,
		0.100784,
		0.370472,
		-0.92336,
		0,
		-0.903398,
		0.422874,
		0.071061,
		0,
		-0.232984,
		0.145577,
		-0.622025,
		1
	},
	[0.133333333333] = {
		-0.072754,
		0.422147,
		0.903603,
		0,
		-0.493352,
		0.772162,
		-0.400462,
		0,
		-0.866782,
		-0.474929,
		0.152089,
		0,
		-0.3996,
		0.225117,
		-0.501313,
		1
	},
	[0.166666666667] = {
		-0.128929,
		0.18794,
		0.973682,
		0,
		-0.719185,
		0.658299,
		-0.222295,
		0,
		-0.682752,
		-0.728918,
		0.05029,
		0,
		-0.441812,
		0.271191,
		-0.449265,
		1
	},
	[0.1] = {
		0.067944,
		0.685495,
		0.7249,
		0,
		-0.194379,
		0.721751,
		-0.664298,
		0,
		-0.978571,
		-0.09577,
		0.182284,
		0,
		-0.327838,
		0.182427,
		-0.563009,
		1
	},
	[0.233333333333] = {
		-0.212172,
		-0.371869,
		0.903713,
		0,
		-0.794014,
		0.604688,
		0.062405,
		0,
		-0.56967,
		-0.70432,
		-0.423567,
		0,
		-0.48746,
		0.423197,
		-0.394302,
		1
	},
	[0.266666666667] = {
		-0.2877,
		-0.340975,
		0.894966,
		0,
		-0.675967,
		0.734281,
		0.062455,
		0,
		-0.678452,
		-0.586999,
		-0.44174,
		0,
		-0.484959,
		0.508088,
		-0.342291,
		1
	},
	[0.2] = {
		-0.163342,
		-0.13603,
		0.977146,
		0,
		-0.802765,
		0.594068,
		-0.051491,
		0,
		-0.573487,
		-0.79283,
		-0.206236,
		0,
		-0.480131,
		0.343942,
		-0.426457,
		1
	},
	[0.333333333333] = {
		-0.693496,
		-0.257824,
		0.672748,
		0,
		0.4862,
		0.521609,
		0.701095,
		0,
		-0.531671,
		0.813297,
		-0.236379,
		0,
		-0.133522,
		0.75047,
		-0.133948,
		1
	},
	[0.366666666667] = {
		-0.606755,
		-0.099861,
		0.788592,
		0,
		0.790161,
		0.032278,
		0.612049,
		0,
		-0.086574,
		0.994478,
		0.059321,
		0,
		0.112966,
		0.750026,
		-0.017024,
		1
	},
	[0.3] = {
		-0.381808,
		-0.270686,
		0.883714,
		0,
		-0.273798,
		0.946359,
		0.17158,
		0,
		-0.882755,
		-0.176449,
		-0.435441,
		0,
		-0.38691,
		0.626735,
		-0.273812,
		1
	},
	[0.433333333333] = {
		-0.750888,
		0.06326,
		0.657393,
		0,
		0.434757,
		-0.701952,
		0.564137,
		0,
		0.497146,
		0.709409,
		0.499584,
		0,
		0.60972,
		0.461473,
		0.17042,
		1
	},
	[0.466666666667] = {
		-0.660799,
		0.190158,
		0.726075,
		0,
		0.187909,
		-0.894653,
		0.405323,
		0,
		0.72666,
		0.404273,
		0.555453,
		0,
		0.671598,
		0.346126,
		0.103915,
		1
	},
	[0.4] = {
		-0.706093,
		-0.04767,
		0.706513,
		0,
		0.66892,
		-0.372256,
		0.643406,
		0,
		0.232333,
		0.926905,
		0.294735,
		0,
		0.417852,
		0.660545,
		0.121461,
		1
	},
	[0.533333333333] = {
		-0.118226,
		0.016467,
		0.99285,
		0,
		-0.062282,
		-0.998017,
		0.009136,
		0,
		0.991032,
		-0.060756,
		0.119017,
		0,
		0.681056,
		-0.065974,
		-0.105973,
		1
	},
	[0.566666666667] = {
		0.226261,
		-0.198417,
		0.953644,
		0,
		-0.193608,
		-0.96866,
		-0.155606,
		0,
		0.954632,
		-0.149425,
		-0.257585,
		0,
		0.658018,
		-0.163352,
		-0.232022,
		1
	},
	[0.5] = {
		-0.446316,
		0.165485,
		0.879441,
		0,
		0.057162,
		-0.975473,
		0.212565,
		0,
		0.893048,
		0.145142,
		0.42591,
		0,
		0.680658,
		0.147313,
		0.011325,
		1
	},
	[0.633333333333] = {
		0.626502,
		-0.459202,
		0.629785,
		0,
		-0.329348,
		-0.888305,
		-0.32007,
		0,
		0.706418,
		-0.006894,
		-0.707762,
		0,
		0.572289,
		-0.146394,
		-0.444626,
		1
	},
	[0.666666666667] = {
		0.74906,
		-0.482962,
		0.453494,
		0,
		-0.348116,
		-0.869333,
		-0.350821,
		0,
		0.56367,
		0.104918,
		-0.819309,
		0,
		0.513154,
		-0.137554,
		-0.526865,
		1
	},
	[0.6] = {
		0.46982,
		-0.377047,
		0.798188,
		0,
		-0.311299,
		-0.916872,
		-0.249878,
		0,
		0.826052,
		-0.131077,
		-0.548139,
		0,
		0.616433,
		-0.15796,
		-0.346977,
		1
	},
	[0.733333333333] = {
		0.897996,
		-0.435386,
		0.063579,
		0,
		-0.383912,
		-0.845894,
		-0.370236,
		0,
		0.214976,
		0.308062,
		-0.926759,
		0,
		0.263945,
		-0.126173,
		-0.632955,
		1
	},
	[0.766666666667] = {
		0.915611,
		-0.388408,
		-0.1039,
		0,
		-0.398021,
		-0.839056,
		-0.370897,
		0,
		0.056882,
		0.380952,
		-0.922843,
		0,
		0.129483,
		-0.121832,
		-0.649551,
		1
	},
	[0.7] = {
		0.843156,
		-0.471972,
		0.257548,
		0,
		-0.367132,
		-0.855334,
		-0.365537,
		0,
		0.392813,
		0.213651,
		-0.894456,
		0,
		0.408506,
		-0.13078,
		-0.591098,
		1
	},
	[0.833333333333] = {
		0.89731,
		-0.324502,
		-0.299223,
		0,
		-0.42351,
		-0.823975,
		-0.376436,
		0,
		-0.124398,
		0.464504,
		-0.876791,
		0,
		0.029763,
		-0.110244,
		-0.654558,
		1
	},
	[0.866666666667] = {
		0.88652,
		-0.310907,
		-0.342665,
		0,
		-0.433389,
		-0.81734,
		-0.379644,
		0,
		-0.16204,
		0.485069,
		-0.859332,
		0,
		0.011985,
		-0.105209,
		-0.656686,
		1
	},
	[0.8] = {
		0.909762,
		-0.348944,
		-0.224882,
		0,
		-0.411202,
		-0.831829,
		-0.372791,
		0,
		-0.05698,
		0.431623,
		-0.900253,
		0,
		0.054583,
		-0.116261,
		-0.652225,
		1
	},
	[0.933333333333] = {
		0.876399,
		-0.310274,
		-0.368313,
		0,
		-0.447526,
		-0.807212,
		-0.384876,
		0,
		-0.17789,
		0.502134,
		-0.846296,
		0,
		-0.007582,
		-0.0982,
		-0.660662,
		1
	},
	[0.966666666667] = {
		0.875628,
		-0.318418,
		-0.36316,
		0,
		-0.452531,
		-0.803651,
		-0.386474,
		0,
		-0.168794,
		0.502748,
		-0.847793,
		0,
		-0.01166,
		-0.096484,
		-0.662274,
		1
	},
	[0.9] = {
		0.879617,
		-0.306886,
		-0.363447,
		0,
		-0.441265,
		-0.81177,
		-0.382512,
		0,
		-0.177648,
		0.496841,
		-0.849465,
		0,
		-6.9e-05,
		-0.101153,
		-0.658746,
		1
	},
	[1.03333333333] = {
		0.875723,
		-0.336365,
		-0.346363,
		0,
		-0.460209,
		-0.798468,
		-0.388145,
		0,
		-0.146002,
		0.499307,
		-0.854035,
		0,
		-0.013872,
		-0.095457,
		-0.66408,
		1
	},
	[1.06666666667] = {
		0.874198,
		-0.339651,
		-0.34701,
		0,
		-0.463649,
		-0.796185,
		-0.38874,
		0,
		-0.144248,
		0.500726,
		-0.853502,
		0,
		-0.014216,
		-0.095202,
		-0.664054,
		1
	}
}

return spline_matrices
