local spline_matrices = {
	[0] = {
		0.564204,
		-0.567985,
		-0.599222,
		0,
		-0.825615,
		-0.393208,
		-0.404656,
		0,
		-0.005781,
		0.723036,
		-0.690786,
		0,
		-0.098789,
		0.024197,
		-0.659325,
		1
	},
	{
		0.872483,
		-0.322457,
		-0.367145,
		0,
		-0.487418,
		-0.521098,
		-0.700629,
		0,
		0.034604,
		0.790239,
		-0.61182,
		0,
		0.00455,
		-0.136475,
		-0.625088,
		1
	},
	[0.0166666666667] = {
		0.681516,
		-0.200907,
		-0.703684,
		0,
		-0.722321,
		-0.338966,
		-0.602789,
		0,
		-0.117421,
		0.919096,
		-0.376131,
		0,
		-0.112055,
		0.031321,
		-0.657903,
		1
	},
	[0.0333333333333] = {
		0.747506,
		0.195198,
		-0.634928,
		0,
		-0.606123,
		-0.190609,
		-0.772194,
		0,
		-0.271754,
		0.962063,
		-0.024168,
		0,
		-0.131525,
		0.044611,
		-0.650687,
		1
	},
	[0.05] = {
		0.726576,
		0.560454,
		-0.397466,
		0,
		-0.493904,
		0.023884,
		-0.869189,
		0,
		-0.477647,
		0.827841,
		0.294164,
		0,
		-0.156346,
		0.061989,
		-0.6365,
		1
	},
	[0.0666666666667] = {
		0.570865,
		0.820493,
		-0.030052,
		0,
		-0.414521,
		0.256425,
		-0.873166,
		0,
		-0.708721,
		0.510917,
		0.486496,
		0,
		-0.185681,
		0.080361,
		-0.616046,
		1
	},
	[0.0833333333333] = {
		0.340377,
		0.887745,
		0.309923,
		0,
		-0.430852,
		0.440216,
		-0.787767,
		0,
		-0.835769,
		0.134606,
		0.532326,
		0,
		-0.220367,
		0.09812,
		-0.588976,
		1
	},
	[0.116666666667] = {
		0.004669,
		0.704805,
		0.709386,
		0,
		-0.711891,
		0.500537,
		-0.49262,
		0,
		-0.702275,
		-0.502705,
		0.504081,
		0,
		-0.298859,
		0.12212,
		-0.519989,
		1
	},
	[0.133333333333] = {
		-0.170306,
		0.555842,
		0.813655,
		0,
		-0.796842,
		0.408071,
		-0.445558,
		0,
		-0.579689,
		-0.724236,
		0.373421,
		0,
		-0.330568,
		0.130278,
		-0.494141,
		1
	},
	[0.15] = {
		-0.247278,
		0.376369,
		0.892861,
		0,
		-0.894959,
		0.264443,
		-0.35933,
		0,
		-0.371352,
		-0.887928,
		0.271444,
		0,
		-0.361703,
		0.137917,
		-0.464867,
		1
	},
	[0.166666666667] = {
		-0.282314,
		0.173652,
		0.943474,
		0,
		-0.950456,
		0.08277,
		-0.299638,
		0,
		-0.130124,
		-0.981323,
		0.141682,
		0,
		-0.388692,
		0.146177,
		-0.439323,
		1
	},
	[0.183333333333] = {
		-0.269279,
		-0.038575,
		0.962289,
		0,
		-0.956181,
		-0.108524,
		-0.27192,
		0,
		0.114921,
		-0.993345,
		-0.007661,
		0,
		-0.411997,
		0.15724,
		-0.41611,
		1
	},
	[0.1] = {
		0.102822,
		0.824356,
		0.556655,
		0,
		-0.529518,
		0.519099,
		-0.67093,
		0,
		-0.842044,
		-0.225772,
		0.489886,
		0,
		-0.257827,
		0.111676,
		-0.558553,
		1
	},
	[0.216666666667] = {
		-0.138268,
		-0.39907,
		0.906435,
		0,
		-0.865005,
		-0.397068,
		-0.306762,
		0,
		0.482336,
		-0.826487,
		-0.290297,
		0,
		-0.455817,
		0.194785,
		-0.374848,
		1
	},
	[0.233333333333] = {
		-0.046299,
		-0.522205,
		0.851562,
		0,
		-0.812111,
		-0.476709,
		-0.336487,
		0,
		0.581663,
		-0.707143,
		-0.402017,
		0,
		-0.472686,
		0.221114,
		-0.358373,
		1
	},
	[0.25] = {
		0.035566,
		-0.606308,
		0.794434,
		0,
		-0.780547,
		-0.513275,
		-0.356785,
		0,
		0.624085,
		-0.607404,
		-0.491507,
		0,
		-0.481029,
		0.251782,
		-0.345339,
		1
	},
	[0.266666666667] = {
		-0.088717,
		-0.660058,
		0.745957,
		0,
		-0.859446,
		-0.32782,
		-0.392285,
		0,
		0.503471,
		-0.675912,
		-0.538201,
		0,
		-0.482604,
		0.303261,
		-0.330177,
		1
	},
	[0.283333333333] = {
		-0.294934,
		-0.609033,
		0.736269,
		0,
		-0.909832,
		-0.056413,
		-0.411124,
		0,
		0.291923,
		-0.791136,
		-0.53748,
		0,
		-0.461139,
		0.369515,
		-0.30026,
		1
	},
	[0.2] = {
		-0.212217,
		-0.237081,
		0.948028,
		0,
		-0.920207,
		-0.278042,
		-0.275522,
		0,
		0.328912,
		-0.930852,
		-0.159158,
		0,
		-0.434391,
		0.173058,
		-0.394107,
		1
	},
	[0.316666666667] = {
		-0.539756,
		-0.368174,
		0.757041,
		0,
		-0.758283,
		0.603207,
		-0.247282,
		0,
		-0.365609,
		-0.707523,
		-0.604765,
		0,
		-0.335487,
		0.534049,
		-0.202453,
		1
	},
	[0.333333333333] = {
		-0.565931,
		-0.313057,
		0.762704,
		0,
		-0.38016,
		0.919974,
		0.095529,
		0,
		-0.731574,
		-0.235887,
		-0.639654,
		0,
		-0.225419,
		0.629298,
		-0.124876,
		1
	},
	[0.35] = {
		-0.594848,
		-0.320899,
		0.737007,
		0,
		0.118351,
		0.871905,
		0.475158,
		0,
		-0.795078,
		0.369872,
		-0.480672,
		0,
		-0.091995,
		0.69619,
		-0.039234,
		1
	},
	[0.366666666667] = {
		-0.64274,
		-0.185466,
		0.743295,
		0,
		0.578643,
		0.518322,
		0.629694,
		0,
		-0.502053,
		0.834832,
		-0.225828,
		0,
		0.043351,
		0.728991,
		0.024455,
		1
	},
	[0.383333333333] = {
		-0.569119,
		-0.060514,
		0.820025,
		0,
		0.806706,
		0.151934,
		0.571088,
		0,
		-0.159148,
		0.986536,
		-0.037651,
		0,
		0.156754,
		0.732288,
		0.056892,
		1
	},
	[0.3] = {
		-0.459329,
		-0.491684,
		0.739773,
		0,
		-0.888195,
		0.243708,
		-0.389507,
		0,
		0.011225,
		-0.835975,
		-0.548653,
		0,
		-0.411473,
		0.44522,
		-0.257845,
		1
	},
	[0.416666666667] = {
		-0.581309,
		0.092574,
		0.8084,
		0,
		0.773027,
		-0.247284,
		0.584191,
		0,
		0.253985,
		0.964511,
		0.072186,
		0,
		0.367439,
		0.681296,
		0.128265,
		1
	},
	[0.433333333333] = {
		-0.587718,
		0.257009,
		0.76716,
		0,
		0.583666,
		-0.521959,
		0.622007,
		0,
		0.560288,
		0.81333,
		0.156757,
		0,
		0.515272,
		0.560071,
		0.230651,
		1
	},
	[0.45] = {
		-0.413768,
		0.351941,
		0.839603,
		0,
		0.405484,
		-0.754478,
		0.516087,
		0,
		0.815094,
		0.553986,
		0.169473,
		0,
		0.721601,
		0.440846,
		0.21365,
		1
	},
	[0.466666666667] = {
		-0.253959,
		0.385788,
		0.886946,
		0,
		0.264998,
		-0.854168,
		0.447407,
		0,
		0.930205,
		0.348662,
		0.11469,
		0,
		0.878182,
		0.341842,
		0.162479,
		1
	},
	[0.483333333333] = {
		-0.179039,
		0.299384,
		0.937184,
		0,
		0.197721,
		-0.922192,
		0.332367,
		0,
		0.963769,
		0.244808,
		0.105914,
		0,
		0.964591,
		0.136311,
		0.108919,
		1
	},
	[0.4] = {
		-0.538108,
		0.020038,
		0.842638,
		0,
		0.839189,
		-0.08067,
		0.537824,
		0,
		0.078752,
		0.996539,
		0.026594,
		0,
		0.258235,
		0.715753,
		0.08286,
		1
	},
	[0.516666666667] = {
		-0.083037,
		0.019635,
		0.996353,
		0,
		0.10345,
		-0.994234,
		0.028215,
		0,
		0.991162,
		0.105416,
		0.080527,
		0,
		0.995101,
		-0.072823,
		-0.008498,
		1
	},
	[0.533333333333] = {
		0.000402,
		-0.0549,
		0.998492,
		0,
		0.072381,
		-0.995871,
		-0.054785,
		0,
		0.997377,
		0.072294,
		0.003573,
		0,
		0.978123,
		-0.096522,
		-0.056457,
		1
	},
	[0.55] = {
		0.084474,
		-0.128174,
		0.988148,
		0,
		0.044157,
		-0.990236,
		-0.13222,
		0,
		0.995447,
		0.054803,
		-0.077989,
		0,
		0.947878,
		-0.117535,
		-0.103789,
		1
	},
	[0.566666666667] = {
		0.162111,
		-0.202099,
		0.965855,
		0,
		0.021392,
		-0.977852,
		-0.2082,
		0,
		0.986541,
		0.054413,
		-0.154197,
		0,
		0.907803,
		-0.135948,
		-0.150675,
		1
	},
	[0.583333333333] = {
		0.223427,
		-0.267322,
		0.937347,
		0,
		0.015969,
		-0.960524,
		-0.277738,
		0,
		0.97459,
		0.077023,
		-0.210338,
		0,
		0.862151,
		-0.152036,
		-0.196538,
		1
	},
	[0.5] = {
		-0.143423,
		0.127669,
		0.981392,
		0,
		0.140814,
		-0.978922,
		0.147927,
		0,
		0.979592,
		0.15941,
		0.122422,
		0,
		0.993701,
		-0.045726,
		0.046241,
		1
	},
	[0.616666666667] = {
		0.423273,
		-0.382417,
		0.821338,
		0,
		-0.036221,
		-0.91297,
		-0.406415,
		0,
		0.905278,
		0.142275,
		-0.400288,
		0,
		0.754344,
		-0.178994,
		-0.28871,
		1
	},
	[0.633333333333] = {
		0.582922,
		-0.427216,
		0.69115,
		0,
		-0.112392,
		-0.884835,
		-0.452144,
		0,
		0.804717,
		0.185885,
		-0.563806,
		0,
		0.688242,
		-0.190313,
		-0.334284,
		1
	},
	[0.65] = {
		0.632019,
		-0.457191,
		0.625723,
		0,
		-0.117285,
		-0.854563,
		-0.505931,
		0,
		0.766026,
		0.24637,
		-0.593722,
		0,
		0.62712,
		-0.200088,
		-0.378487,
		1
	},
	[0.666666666667] = {
		0.684317,
		-0.475392,
		0.552913,
		0,
		-0.123499,
		-0.822869,
		-0.554649,
		0,
		0.71865,
		0.311272,
		-0.621813,
		0,
		0.563535,
		-0.208453,
		-0.421596,
		1
	},
	[0.683333333333] = {
		0.745247,
		-0.489261,
		0.453023,
		0,
		-0.151371,
		-0.785811,
		-0.599656,
		0,
		0.649379,
		0.378317,
		-0.659684,
		0,
		0.496675,
		-0.214913,
		-0.462809,
		1
	},
	[0.6] = {
		0.279053,
		-0.333142,
		0.900636,
		0,
		0.01117,
		-0.936704,
		-0.349945,
		0,
		0.960211,
		0.107713,
		-0.257669,
		0,
		0.812624,
		-0.166058,
		-0.242381,
		1
	},
	[0.716666666667] = {
		0.847273,
		-0.475614,
		0.236472,
		0,
		-0.216781,
		-0.716073,
		-0.663509,
		0,
		0.484906,
		0.510911,
		-0.709814,
		0,
		0.363448,
		-0.223739,
		-0.534154,
		1
	},
	[0.733333333333] = {
		0.88212,
		-0.45372,
		0.126505,
		0,
		-0.253143,
		-0.683149,
		-0.685001,
		0,
		0.39722,
		0.572229,
		-0.717475,
		0,
		0.299703,
		-0.225932,
		-0.562583,
		1
	},
	[0.75] = {
		0.904279,
		-0.426465,
		0.020163,
		0,
		-0.291178,
		-0.650578,
		-0.701401,
		0,
		0.312241,
		0.628391,
		-0.712481,
		0,
		0.239628,
		-0.226485,
		-0.585036,
		1
	},
	[0.766666666667] = {
		0.912586,
		-0.404031,
		-0.062807,
		0,
		-0.325271,
		-0.62428,
		-0.710262,
		0,
		0.247759,
		0.668605,
		-0.70113,
		0,
		0.185221,
		-0.22598,
		-0.601748,
		1
	},
	[0.783333333333] = {
		0.914095,
		-0.381375,
		-0.137779,
		0,
		-0.358353,
		-0.600739,
		-0.71463,
		0,
		0.189773,
		0.702614,
		-0.685799,
		0,
		0.137024,
		-0.224017,
		-0.613489,
		1
	},
	[0.7] = {
		0.800811,
		-0.48851,
		0.346496,
		0,
		-0.182648,
		-0.750176,
		-0.635512,
		0,
		0.570387,
		0.445639,
		-0.689975,
		0,
		0.429546,
		-0.220033,
		-0.500618,
		1
	},
	[0.816666666667] = {
		0.902558,
		-0.340749,
		-0.26321,
		0,
		-0.419818,
		-0.560694,
		-0.713705,
		0,
		0.095614,
		0.75466,
		-0.649112,
		0,
		0.065111,
		-0.215671,
		-0.625122,
		1
	},
	[0.833333333333] = {
		0.892113,
		-0.324889,
		-0.313978,
		0,
		-0.447795,
		-0.543329,
		-0.710122,
		0,
		0.060117,
		0.774106,
		-0.630195,
		0,
		0.043777,
		-0.209324,
		-0.626514,
		1
	},
	[0.85] = {
		0.887378,
		-0.317595,
		-0.334206,
		0,
		-0.458894,
		-0.538523,
		-0.706689,
		0,
		0.044464,
		0.780465,
		-0.623616,
		0,
		0.031505,
		-0.202858,
		-0.626556,
		1
	},
	[0.866666666667] = {
		0.883219,
		-0.312345,
		-0.349808,
		0,
		-0.467803,
		-0.5344,
		-0.703972,
		0,
		0.032945,
		0.785403,
		-0.618108,
		0,
		0.02479,
		-0.195497,
		-0.625409,
		1
	},
	[0.883333333333] = {
		0.879756,
		-0.309004,
		-0.361311,
		0,
		-0.474763,
		-0.530899,
		-0.701959,
		0,
		0.025089,
		0.78909,
		-0.613765,
		0,
		0.02153,
		-0.18755,
		-0.623735,
		1
	},
	[0.8] = {
		0.910292,
		-0.359894,
		-0.204557,
		0,
		-0.38996,
		-0.579675,
		-0.715478,
		0,
		0.13892,
		0.731063,
		-0.668018,
		0,
		0.09623,
		-0.220591,
		-0.621028,
		1
	},
	[0.916666666667] = {
		0.87501,
		-0.307364,
		-0.374012,
		0,
		-0.483751,
		-0.525595,
		-0.699811,
		0,
		0.018518,
		0.79327,
		-0.608589,
		0,
		0.016961,
		-0.171008,
		-0.621321,
		1
	},
	[0.933333333333] = {
		0.873634,
		-0.30866,
		-0.376154,
		0,
		-0.486216,
		-0.523741,
		-0.699492,
		0,
		0.018898,
		0.793992,
		-0.607634,
		0,
		0.013529,
		-0.16289,
		-0.62113,
		1
	},
	[0.95] = {
		0.872806,
		-0.31107,
		-0.376092,
		0,
		-0.48761,
		-0.522398,
		-0.699526,
		0,
		0.021132,
		0.793937,
		-0.607633,
		0,
		0.010657,
		-0.155149,
		-0.621514,
		1
	},
	[0.966666666667] = {
		0.872414,
		-0.314356,
		-0.374266,
		0,
		-0.48814,
		-0.521553,
		-0.699787,
		0,
		0.024783,
		0.793198,
		-0.60846,
		0,
		0.00826,
		-0.148014,
		-0.622366,
		1
	},
	[0.983333333333] = {
		0.872343,
		-0.31825,
		-0.371125,
		0,
		-0.488008,
		-0.521155,
		-0.700176,
		0,
		0.029418,
		0.791906,
		-0.609935,
		0,
		0.006253,
		-0.141679,
		-0.623587,
		1
	},
	[0.9] = {
		0.877028,
		-0.307408,
		-0.369218,
		0,
		-0.480005,
		-0.527974,
		-0.700599,
		0,
		0.020432,
		0.791671,
		-0.610605,
		0,
		0.019622,
		-0.1793,
		-0.622195,
		1
	},
	[1.01666666667] = {
		0.872728,
		-0.326688,
		-0.362796,
		0,
		-0.486573,
		-0.52129,
		-0.701073,
		0,
		0.03991,
		0.788373,
		-0.613902,
		0,
		0.00306,
		-0.132412,
		-0.626771,
		1
	},
	[1.03333333333] = {
		0.872985,
		-0.330659,
		-0.358555,
		0,
		-0.485676,
		-0.521633,
		-0.70144,
		0,
		0.044904,
		0.786488,
		-0.615971,
		0,
		0.001693,
		-0.129158,
		-0.628535,
		1
	},
	[1.05] = {
		0.873171,
		-0.334093,
		-0.354901,
		0,
		-0.48493,
		-0.522026,
		-0.701664,
		0,
		0.049153,
		0.784774,
		-0.617829,
		0,
		0.000361,
		-0.126375,
		-0.63028,
		1
	},
	[1.06666666667] = {
		0.873209,
		-0.336714,
		-0.352321,
		0,
		-0.48454,
		-0.522365,
		-0.701681,
		0,
		0.052225,
		0.783427,
		-0.619285,
		0,
		-0.001024,
		-0.123724,
		-0.631906,
		1
	},
	[1.08333333333] = {
		0.873025,
		-0.338251,
		-0.351302,
		0,
		-0.48471,
		-0.522545,
		-0.701429,
		0,
		0.053688,
		0.782645,
		-0.620149,
		0,
		-0.002548,
		-0.120869,
		-0.633313,
		1
	},
	[1.1] = {
		0.872543,
		-0.33843,
		-0.352327,
		0,
		-0.485643,
		-0.522464,
		-0.700844,
		0,
		0.053109,
		0.782622,
		-0.620228,
		0,
		-0.004295,
		-0.117469,
		-0.634397,
		1
	}
}

return spline_matrices
