local spline_matrices = {
	[0] = {
		0.633371,
		-0.576988,
		-0.515681,
		0,
		-0.773711,
		-0.484742,
		-0.407918,
		0,
		-0.014608,
		0.657351,
		-0.753443,
		0,
		-0.015848,
		0.014111,
		-0.583358,
		1
	},
	{
		0.607627,
		-0.618405,
		-0.498362,
		0,
		-0.793861,
		-0.45395,
		-0.404616,
		0,
		0.023985,
		0.641486,
		-0.76676,
		0,
		-0.001339,
		0.024266,
		-0.587349,
		1
	},
	[0.0166666666667] = {
		0.557776,
		-0.698712,
		-0.447982,
		0,
		-0.793712,
		-0.291197,
		-0.534065,
		0,
		0.242707,
		0.653457,
		-0.716999,
		0,
		0.042502,
		-0.020429,
		-0.585131,
		1
	},
	[0.0333333333333] = {
		0.419349,
		-0.824482,
		-0.379968,
		0,
		-0.732511,
		-0.060064,
		-0.678101,
		0,
		0.53626,
		0.562691,
		-0.62913,
		0,
		0.110464,
		-0.061074,
		-0.594761,
		1
	},
	[0.05] = {
		0.196414,
		-0.920843,
		-0.336853,
		0,
		-0.540657,
		0.184889,
		-0.820674,
		0,
		0.817992,
		0.343314,
		-0.461546,
		0,
		0.189227,
		-0.10669,
		-0.60569,
		1
	},
	[0.0666666666667] = {
		-0.089093,
		-0.929564,
		-0.357732,
		0,
		-0.197219,
		0.368513,
		-0.908462,
		0,
		0.976303,
		-0.010386,
		-0.21616,
		0,
		0.275831,
		-0.159681,
		-0.609191,
		1
	},
	[0.0833333333333] = {
		-0.344124,
		-0.81918,
		-0.458827,
		0,
		0.216103,
		0.406451,
		-0.887748,
		0,
		0.913716,
		-0.40465,
		0.037158,
		0,
		0.35874,
		-0.220682,
		-0.598259,
		1
	},
	[0.116666666667] = {
		-0.494733,
		-0.474042,
		-0.728371,
		0,
		0.761099,
		0.168217,
		-0.626443,
		0,
		0.419485,
		-0.864284,
		0.27757,
		0,
		0.470625,
		-0.327233,
		-0.533257,
		1
	},
	[0.133333333333] = {
		-0.445134,
		-0.360589,
		-0.819653,
		0,
		0.863598,
		0.069145,
		-0.499418,
		0,
		0.236759,
		-0.930158,
		0.280625,
		0,
		0.499636,
		-0.348842,
		-0.480407,
		1
	},
	[0.15] = {
		-0.363653,
		-0.274972,
		-0.890027,
		0,
		0.923325,
		0.020172,
		-0.38349,
		0,
		0.123402,
		-0.961241,
		0.246553,
		0,
		0.517667,
		-0.351044,
		-0.398599,
		1
	},
	[0.166666666667] = {
		-0.253786,
		-0.188064,
		-0.948802,
		0,
		0.96638,
		-0.007445,
		-0.257012,
		0,
		0.041271,
		-0.982129,
		0.183631,
		0,
		0.528569,
		-0.342106,
		-0.284594,
		1
	},
	[0.183333333333] = {
		-0.121587,
		-0.102745,
		-0.987249,
		0,
		0.99256,
		-0.019086,
		-0.120255,
		0,
		-0.006487,
		-0.994525,
		0.104301,
		0,
		0.533075,
		-0.319487,
		-0.152815,
		1
	},
	[0.1] = {
		-0.478955,
		-0.64026,
		-0.600557,
		0,
		0.556185,
		0.307965,
		-0.771891,
		0,
		0.679162,
		-0.703722,
		0.208602,
		0,
		0.424844,
		-0.281094,
		-0.572244,
		1
	},
	[0.216666666667] = {
		0.165798,
		0.040601,
		-0.985324,
		0,
		0.986063,
		0.007149,
		0.166217,
		0,
		0.013793,
		-0.99915,
		-0.03885,
		0,
		0.525054,
		-0.221358,
		0.105601,
		1
	},
	[0.233333333333] = {
		0.292119,
		0.083455,
		-0.952734,
		0,
		0.953156,
		0.056349,
		0.297185,
		0,
		0.078487,
		-0.994917,
		-0.063085,
		0,
		0.512922,
		-0.13917,
		0.202043,
		1
	},
	[0.25] = {
		0.389944,
		0.094765,
		-0.915949,
		0,
		0.905303,
		0.142489,
		0.400154,
		0,
		0.168433,
		-0.985249,
		-0.030229,
		0,
		0.49514,
		-0.029879,
		0.255543,
		1
	},
	[0.266666666667] = {
		0.467101,
		0.016971,
		-0.884041,
		0,
		0.84335,
		0.291849,
		0.451204,
		0,
		0.265664,
		-0.956314,
		0.122011,
		0,
		0.473451,
		0.148142,
		0.239714,
		1
	},
	[0.283333333333] = {
		0.539474,
		-0.088623,
		-0.837325,
		0,
		0.745522,
		0.512494,
		0.426084,
		0,
		0.391363,
		-0.854105,
		0.342548,
		0,
		0.435686,
		0.380189,
		0.1671,
		1
	},
	[0.2] = {
		0.022894,
		-0.024203,
		-0.999445,
		0,
		0.99961,
		-0.015438,
		0.023272,
		0,
		-0.015993,
		-0.999588,
		0.02384,
		0,
		0.531727,
		-0.280302,
		-0.01784,
		1
	},
	[0.316666666667] = {
		0.485068,
		0.19171,
		-0.853203,
		0,
		-0.106944,
		0.981355,
		0.159704,
		0,
		0.867912,
		0.013778,
		0.496526,
		0,
		0.170463,
		0.711526,
		-0.001717,
		1
	},
	[0.333333333333] = {
		0.204629,
		0.300307,
		-0.931635,
		0,
		-0.741755,
		0.668605,
		0.052598,
		0,
		0.638691,
		0.680282,
		0.35957,
		0,
		-0.067857,
		0.731442,
		-0.090863,
		1
	},
	[0.35] = {
		0.142824,
		0.255814,
		-0.956117,
		0,
		-0.931768,
		0.360531,
		-0.042725,
		0,
		0.33378,
		0.896982,
		0.289852,
		0,
		-0.283877,
		0.672014,
		-0.186782,
		1
	},
	[0.366666666667] = {
		0.16875,
		0.193053,
		-0.966568,
		0,
		-0.985426,
		0.011732,
		-0.169699,
		0,
		-0.021421,
		0.981118,
		0.192219,
		0,
		-0.466509,
		0.549011,
		-0.273634,
		1
	},
	[0.383333333333] = {
		0.277872,
		0.098814,
		-0.955522,
		0,
		-0.706514,
		-0.652931,
		-0.272981,
		0,
		-0.650865,
		0.750944,
		-0.111618,
		0,
		-0.551946,
		0.333205,
		-0.323259,
		1
	},
	[0.3] = {
		0.597534,
		-0.070862,
		-0.798706,
		0,
		0.531214,
		0.781123,
		0.328114,
		0,
		0.600637,
		-0.620343,
		0.50439,
		0,
		0.357488,
		0.585393,
		0.083295,
		1
	},
	[0.416666666667] = {
		0.354176,
		0.132284,
		-0.925775,
		0,
		-0.263599,
		-0.935684,
		-0.234546,
		0,
		-0.89726,
		0.327104,
		-0.296527,
		0,
		-0.555846,
		0.020393,
		-0.353648,
		1
	},
	[0.433333333333] = {
		0.269227,
		0.184364,
		-0.945265,
		0,
		-0.569325,
		-0.761175,
		-0.310613,
		0,
		-0.776779,
		0.621789,
		-0.099966,
		0,
		-0.537551,
		-0.052251,
		-0.361733,
		1
	},
	[0.45] = {
		0.228417,
		0.267361,
		-0.936133,
		0,
		-0.738124,
		-0.579432,
		-0.345589,
		0,
		-0.634822,
		0.76992,
		0.064993,
		0,
		-0.51122,
		-0.095272,
		-0.371388,
		1
	},
	[0.466666666667] = {
		0.238653,
		0.357015,
		-0.903098,
		0,
		-0.72102,
		-0.557821,
		-0.411056,
		0,
		-0.650519,
		0.749251,
		0.124289,
		0,
		-0.487479,
		-0.131752,
		-0.392546,
		1
	},
	[0.483333333333] = {
		0.254249,
		0.464542,
		-0.848268,
		0,
		-0.632555,
		-0.583604,
		-0.509196,
		0,
		-0.731595,
		0.666038,
		0.145468,
		0,
		-0.460631,
		-0.166693,
		-0.419625,
		1
	},
	[0.4] = {
		0.388891,
		0.105977,
		-0.915168,
		0,
		-0.203157,
		-0.959044,
		-0.197387,
		0,
		-0.898605,
		0.262685,
		-0.351433,
		0,
		-0.55908,
		0.13371,
		-0.339968,
		1
	},
	[0.516666666667] = {
		0.230881,
		0.684758,
		-0.691231,
		0,
		-0.28103,
		-0.633214,
		-0.721153,
		0,
		-0.931513,
		0.360758,
		0.04624,
		0,
		-0.395792,
		-0.221788,
		-0.480671,
		1
	},
	[0.533333333333] = {
		0.186992,
		0.765938,
		-0.61512,
		0,
		-0.078917,
		-0.612429,
		-0.786577,
		0,
		-0.979187,
		0.195627,
		-0.054073,
		0,
		-0.360682,
		-0.238219,
		-0.507701,
		1
	},
	[0.55] = {
		0.143863,
		0.817093,
		-0.558268,
		0,
		0.083383,
		-0.572139,
		-0.815907,
		0,
		-0.986078,
		0.070829,
		-0.150441,
		0,
		-0.32824,
		-0.247833,
		-0.529067,
		1
	},
	[0.566666666667] = {
		0.124774,
		0.841631,
		-0.525442,
		0,
		0.175189,
		-0.539948,
		-0.823265,
		0,
		-0.976596,
		0.01067,
		-0.214816,
		0,
		-0.301564,
		-0.253007,
		-0.544016,
		1
	},
	[0.583333333333] = {
		0.130856,
		0.850618,
		-0.509241,
		0,
		0.216961,
		-0.525777,
		-0.822488,
		0,
		-0.96737,
		-0.002858,
		-0.253352,
		0,
		-0.279209,
		-0.255409,
		-0.554736,
		1
	},
	[0.5] = {
		0.255308,
		0.579191,
		-0.774181,
		0,
		-0.479119,
		-0.619702,
		-0.621622,
		0,
		-0.839799,
		0.52963,
		0.119287,
		0,
		-0.429948,
		-0.197549,
		-0.450154,
		1
	},
	[0.616666666667] = {
		0.179901,
		0.848079,
		-0.498395,
		0,
		0.260538,
		-0.529646,
		-0.807214,
		0,
		-0.948555,
		0.015368,
		-0.31624,
		0,
		-0.238468,
		-0.253007,
		-0.571295,
		1
	},
	[0.633333333333] = {
		0.221918,
		0.836152,
		-0.5016,
		0,
		0.264022,
		-0.546738,
		-0.794588,
		0,
		-0.93864,
		0.0439,
		-0.342094,
		0,
		-0.219891,
		-0.24867,
		-0.577464,
		1
	},
	[0.65] = {
		0.274571,
		0.815608,
		-0.509308,
		0,
		0.255363,
		-0.572495,
		-0.779128,
		0,
		-0.927039,
		0.083867,
		-0.365466,
		0,
		-0.202105,
		-0.24245,
		-0.582367,
		1
	},
	[0.666666666667] = {
		0.336465,
		0.784684,
		-0.520637,
		0,
		0.234062,
		-0.605207,
		-0.760881,
		0,
		-0.912144,
		0.134148,
		-0.387296,
		0,
		-0.1852,
		-0.234458,
		-0.586111,
		1
	},
	[0.683333333333] = {
		0.405573,
		0.741402,
		-0.534634,
		0,
		0.199485,
		-0.642592,
		-0.739784,
		0,
		-0.892029,
		0.193385,
		-0.408517,
		0,
		-0.169267,
		-0.224763,
		-0.588796,
		1
	},
	[0.6] = {
		0.149362,
		0.852692,
		-0.500608,
		0,
		0.245012,
		-0.522414,
		-0.816733,
		0,
		-0.957946,
		-0.000666,
		-0.286949,
		0,
		-0.258146,
		-0.255318,
		-0.563762,
		1
	},
	[0.716666666667] = {
		0.55339,
		0.610925,
		-0.566153,
		0,
		0.089196,
		-0.719278,
		-0.688973,
		0,
		-0.828132,
		0.330772,
		-0.452534,
		0,
		-0.140525,
		-0.200387,
		-0.591408,
		1
	},
	[0.733333333333] = {
		0.624211,
		0.522194,
		-0.581097,
		0,
		0.014522,
		-0.751425,
		-0.659658,
		0,
		-0.781121,
		0.403327,
		-0.476632,
		0,
		-0.127683,
		-0.185741,
		-0.591572,
		1
	},
	[0.75] = {
		0.687036,
		0.418931,
		-0.593699,
		0,
		-0.070754,
		-0.774612,
		-0.628466,
		0,
		-0.72317,
		0.473786,
		-0.502546,
		0,
		-0.11572,
		-0.169521,
		-0.59116,
		1
	},
	[0.766666666667] = {
		0.737735,
		0.303986,
		-0.602776,
		0,
		-0.163381,
		-0.785944,
		-0.596321,
		0,
		-0.655021,
		0.538409,
		-0.530153,
		0,
		-0.104453,
		-0.151866,
		-0.59033,
		1
	},
	[0.783333333333] = {
		0.773267,
		0.181674,
		-0.607497,
		0,
		-0.259234,
		-0.783769,
		-0.564361,
		0,
		-0.578667,
		0.593886,
		-0.558967,
		0,
		-0.093665,
		-0.133022,
		-0.589245,
		1
	},
	[0.7] = {
		0.479087,
		0.683912,
		-0.550217,
		0,
		0.151172,
		-0.681759,
		-0.715788,
		0,
		-0.864652,
		0.259748,
		-0.43001,
		0,
		-0.15437,
		-0.213402,
		-0.590525,
		1
	},
	[0.816666666667] = {
		0.795159,
		-0.06405,
		-0.603009,
		0,
		-0.443099,
		-0.740246,
		-0.505667,
		0,
		-0.413987,
		0.669278,
		-0.616994,
		0,
		-0.072778,
		-0.093306,
		-0.586908,
		1
	},
	[0.833333333333] = {
		0.784187,
		-0.177449,
		-0.594612,
		0,
		-0.523713,
		-0.703235,
		-0.480818,
		0,
		-0.332831,
		0.688457,
		-0.6444,
		0,
		-0.062476,
		-0.073422,
		-0.585904,
		1
	},
	[0.85] = {
		0.762691,
		-0.279502,
		-0.58325,
		0,
		-0.593612,
		-0.660525,
		-0.459708,
		0,
		-0.256762,
		0.69684,
		-0.669692,
		0,
		-0.052282,
		-0.054239,
		-0.585128,
		1
	},
	[0.866666666667] = {
		0.734598,
		-0.368108,
		-0.569966,
		0,
		-0.651903,
		-0.61582,
		-0.44248,
		0,
		-0.188116,
		0.696608,
		-0.692351,
		0,
		-0.042311,
		-0.036287,
		-0.584644,
		1
	},
	[0.883333333333] = {
		0.703844,
		-0.442413,
		-0.555764,
		0,
		-0.698652,
		-0.572565,
		-0.429016,
		0,
		-0.128409,
		0.690246,
		-0.712089,
		0,
		-0.032734,
		-0.020054,
		-0.584496,
		1
	},
	[0.8] = {
		0.792245,
		0.057216,
		-0.607514,
		0,
		-0.353853,
		-0.768025,
		-0.533784,
		0,
		-0.497127,
		0.637859,
		-0.588218,
		0,
		-0.083155,
		-0.113348,
		-0.588059,
		1
	},
	[0.916666666667] = {
		0.648139,
		-0.548868,
		-0.527883,
		0,
		-0.760545,
		-0.501649,
		-0.412213,
		0,
		-0.038561,
		0.66865,
		-0.742577,
		0,
		-0.015551,
		0.005541,
		-0.585369,
		1
	},
	[0.933333333333] = {
		0.628737,
		-0.582303,
		-0.515377,
		0,
		-0.777568,
		-0.478289,
		-0.4082,
		0,
		-0.008803,
		0.657391,
		-0.753498,
		0,
		-0.008326,
		0.014137,
		-0.586475,
		1
	},
	[0.95] = {
		0.616156,
		-0.603774,
		-0.505776,
		0,
		-0.78755,
		-0.463486,
		-0.406134,
		0,
		0.010793,
		0.648566,
		-0.761082,
		0,
		-0.003111,
		0.019821,
		-0.58749,
		1
	},
	[0.966666666667] = {
		0.608987,
		-0.615579,
		-0.500198,
		0,
		-0.792886,
		-0.455277,
		-0.405036,
		0,
		0.021603,
		0.643262,
		-0.765342,
		0,
		-0.000529,
		0.023125,
		-0.5879,
		1
	},
	[0.983333333333] = {
		0.606464,
		-0.619866,
		-0.497963,
		0,
		-0.794703,
		-0.452496,
		-0.404592,
		0,
		0.025466,
		0.641104,
		-0.767032,
		0,
		-0.000103,
		0.024467,
		-0.587814,
		1
	},
	[0.9] = {
		0.674008,
		-0.502474,
		-0.541509,
		0,
		-0.734546,
		-0.53371,
		-0.419042,
		0,
		-0.078451,
		0.680201,
		-0.728815,
		0,
		-0.023748,
		-0.005978,
		-0.584725,
		1
	},
	[1.01666666667] = {
		0.611422,
		-0.612772,
		-0.500674,
		0,
		-0.791086,
		-0.458442,
		-0.404987,
		0,
		0.018635,
		0.643694,
		-0.765056,
		0,
		-0.003739,
		0.022936,
		-0.586626,
		1
	},
	[1.03333333333] = {
		0.616774,
		-0.604481,
		-0.504176,
		0,
		-0.787066,
		-0.464773,
		-0.405603,
		0,
		0.010852,
		0.646985,
		-0.762426,
		0,
		-0.006803,
		0.020897,
		-0.585765,
		1
	},
	[1.05] = {
		0.622629,
		-0.595082,
		-0.508144,
		0,
		-0.782515,
		-0.47175,
		-0.406353,
		0,
		0.002096,
		0.650637,
		-0.759386,
		0,
		-0.010034,
		0.01857,
		-0.584889,
		1
	},
	[1.06666666667] = {
		0.627979,
		-0.586211,
		-0.511859,
		0,
		-0.778206,
		-0.478188,
		-0.407102,
		0,
		-0.006117,
		0.653983,
		-0.756484,
		0,
		-0.012942,
		0.016378,
		-0.584117,
		1
	},
	[1.08333333333] = {
		0.631868,
		-0.579588,
		-0.514607,
		0,
		-0.77498,
		-0.482908,
		-0.407684,
		0,
		-0.012219,
		0.656413,
		-0.754303,
		0,
		-0.015041,
		0.014749,
		-0.583567,
		1
	},
	[1.1] = {
		0.633371,
		-0.576988,
		-0.515681,
		0,
		-0.773711,
		-0.484742,
		-0.407918,
		0,
		-0.014608,
		0.657351,
		-0.753443,
		0,
		-0.015848,
		0.014111,
		-0.583358,
		1
	}
}

return spline_matrices
