local spline_matrices = {
	[0] = {
		-0.566922,
		-0.156589,
		0.808752,
		0,
		0.601771,
		0.59173,
		0.536401,
		0,
		-0.562557,
		0.790781,
		-0.241234,
		0,
		-0.053403,
		-0.02944,
		-0.730844,
		1
	},
	{
		-0.950195,
		-0.226933,
		0.213611,
		0,
		-0.18023,
		0.959296,
		0.217414,
		0,
		-0.254255,
		0.168087,
		-0.952419,
		0,
		-0.047706,
		-0.448007,
		-0.312733,
		1
	},
	[0.0166666666667] = {
		-0.426792,
		-0.787762,
		0.444161,
		0,
		0.297242,
		0.341658,
		0.891581,
		0,
		-0.854105,
		0.512543,
		0.088339,
		0,
		-0.066584,
		-0.015663,
		-0.745465,
		1
	},
	[0.0333333333333] = {
		0.037779,
		-0.99406,
		-0.102067,
		0,
		0.089789,
		-0.09835,
		0.991093,
		0,
		-0.995244,
		-0.046607,
		0.08554,
		0,
		-0.100783,
		0.022729,
		-0.738577,
		1
	},
	[0.05] = {
		0.685399,
		-0.523573,
		-0.506063,
		0,
		-0.02996,
		-0.714669,
		0.69882,
		0,
		-0.727551,
		-0.463809,
		-0.50552,
		0,
		-0.130108,
		0.094864,
		-0.711443,
		1
	},
	[0.0666666666667] = {
		0.937728,
		-0.140577,
		-0.317653,
		0,
		0.064624,
		-0.82789,
		0.557155,
		0,
		-0.341305,
		-0.542988,
		-0.767251,
		0,
		-0.183062,
		0.141406,
		-0.666382,
		1
	},
	[0.0833333333333] = {
		0.466027,
		0.233175,
		-0.853492,
		0,
		0.627206,
		-0.767448,
		0.132801,
		0,
		-0.624045,
		-0.597204,
		-0.5039,
		0,
		-0.310837,
		0.179497,
		-0.595954,
		1
	},
	[0.116666666667] = {
		-0.057501,
		0.791834,
		-0.608023,
		0,
		0.985381,
		-0.052816,
		-0.161971,
		0,
		-0.160368,
		-0.608448,
		-0.777222,
		0,
		-0.431761,
		0.215201,
		-0.505739,
		1
	},
	[0.133333333333] = {
		-0.276704,
		0.866277,
		-0.415932,
		0,
		0.960606,
		0.237683,
		-0.144024,
		0,
		-0.025905,
		-0.439399,
		-0.897918,
		0,
		-0.469969,
		0.237391,
		-0.463758,
		1
	},
	[0.15] = {
		-0.347639,
		0.916525,
		-0.197813,
		0,
		0.937372,
		0.344651,
		-0.050481,
		0,
		0.021909,
		-0.202974,
		-0.978939,
		0,
		-0.487732,
		0.26978,
		-0.446725,
		1
	},
	[0.166666666667] = {
		0.0698,
		0.931503,
		-0.356974,
		0,
		0.988695,
		-0.016995,
		0.148976,
		0,
		0.132705,
		-0.363337,
		-0.922158,
		0,
		-0.436085,
		0.320488,
		-0.408098,
		1
	},
	[0.183333333333] = {
		0.470315,
		0.632803,
		-0.615113,
		0,
		0.874168,
		-0.429606,
		0.226428,
		0,
		-0.120972,
		-0.644204,
		-0.755226,
		0,
		-0.376548,
		0.407559,
		-0.388575,
		1
	},
	[0.1] = {
		0.256779,
		0.606104,
		-0.752797,
		0,
		0.878127,
		-0.471654,
		-0.080216,
		0,
		-0.403679,
		-0.640454,
		-0.653347,
		0,
		-0.384188,
		0.202427,
		-0.555831,
		1
	},
	[0.216666666667] = {
		0.774267,
		0.244578,
		-0.583689,
		0,
		0.44667,
		-0.864567,
		0.230238,
		0,
		-0.448327,
		-0.438982,
		-0.778651,
		0,
		-0.255154,
		0.601226,
		-0.295009,
		1
	},
	[0.233333333333] = {
		0.733849,
		0.060974,
		-0.676571,
		0,
		0.148355,
		-0.986308,
		0.072027,
		0,
		-0.662915,
		-0.153229,
		-0.732847,
		0,
		-0.183841,
		0.675977,
		-0.167618,
		1
	},
	[0.25] = {
		0.701948,
		0.178433,
		-0.689515,
		0,
		0.084513,
		-0.982137,
		-0.168121,
		0,
		-0.707197,
		0.059739,
		-0.704489,
		0,
		-0.030817,
		0.768973,
		-0.014741,
		1
	},
	[0.266666666667] = {
		0.753351,
		0.053035,
		-0.655476,
		0,
		-0.240679,
		-0.905353,
		-0.34987,
		0,
		-0.611993,
		0.421335,
		-0.669284,
		0,
		0.094789,
		0.752651,
		0.107342,
		1
	},
	[0.283333333333] = {
		0.840135,
		0.165727,
		-0.516438,
		0,
		-0.361034,
		-0.539695,
		-0.760515,
		0,
		-0.404757,
		0.825387,
		-0.393584,
		0,
		0.22337,
		0.693196,
		0.231723,
		1
	},
	[0.2] = {
		0.635829,
		0.415931,
		-0.650172,
		0,
		0.697262,
		-0.670769,
		0.252772,
		0,
		-0.33098,
		-0.61406,
		-0.716507,
		0,
		-0.298395,
		0.502305,
		-0.34987,
		1
	},
	[0.316666666667] = {
		0.758013,
		-0.579847,
		-0.298653,
		0,
		-0.053284,
		0.401306,
		-0.914393,
		0,
		0.650059,
		0.709036,
		0.273298,
		0,
		0.55819,
		0.370221,
		0.380501,
		1
	},
	[0.333333333333] = {
		0.448893,
		-0.825513,
		-0.342086,
		0,
		0.235781,
		0.478679,
		-0.845739,
		0,
		0.861918,
		0.298989,
		0.409516,
		0,
		0.687498,
		0.172907,
		0.34139,
		1
	},
	[0.35] = {
		0.203183,
		-0.865378,
		-0.45808,
		0,
		0.533013,
		0.490201,
		-0.689638,
		0,
		0.821349,
		-0.10404,
		0.560858,
		0,
		0.729702,
		-0.013638,
		0.276028,
		1
	},
	[0.366666666667] = {
		0.019125,
		-0.757834,
		-0.652167,
		0,
		0.702403,
		0.474385,
		-0.530649,
		0,
		0.711522,
		-0.447936,
		0.541377,
		0,
		0.735397,
		-0.172926,
		0.220082,
		1
	},
	[0.383333333333] = {
		-0.129768,
		-0.613637,
		-0.778852,
		0,
		0.706899,
		0.493563,
		-0.506645,
		0,
		0.695309,
		-0.616316,
		0.369731,
		0,
		0.755614,
		-0.217124,
		0.199949,
		1
	},
	[0.3] = {
		0.956193,
		-0.051703,
		-0.288135,
		0,
		-0.285413,
		0.054136,
		-0.956874,
		0,
		0.065072,
		0.997194,
		0.037008,
		0,
		0.361013,
		0.571907,
		0.361646,
		1
	},
	[0.416666666667] = {
		-0.407916,
		-0.326083,
		-0.852804,
		0,
		0.56194,
		0.646511,
		-0.515992,
		0,
		0.719603,
		-0.689706,
		-0.080483,
		0,
		0.753421,
		-0.286045,
		0.161154,
		1
	},
	[0.433333333333] = {
		-0.485442,
		-0.247422,
		-0.838528,
		0,
		0.525072,
		0.684365,
		-0.505909,
		0,
		0.699032,
		-0.685877,
		-0.202306,
		0,
		0.726813,
		-0.35326,
		0.131284,
		1
	},
	[0.45] = {
		-0.525558,
		-0.202131,
		-0.826397,
		0,
		0.490604,
		0.721579,
		-0.488499,
		0,
		0.695052,
		-0.662168,
		-0.280065,
		0,
		0.697228,
		-0.41146,
		0.098257,
		1
	},
	[0.466666666667] = {
		-0.567593,
		-0.146798,
		-0.810116,
		0,
		0.454906,
		0.764216,
		-0.457202,
		0,
		0.68622,
		-0.628032,
		-0.366985,
		0,
		0.666889,
		-0.4425,
		0.077736,
		1
	},
	[0.483333333333] = {
		-0.687831,
		-0.104786,
		-0.718268,
		0,
		0.369212,
		0.801451,
		-0.470488,
		0,
		0.624957,
		-0.588809,
		-0.512574,
		0,
		0.632381,
		-0.474423,
		0.060367,
		1
	},
	[0.4] = {
		-0.279837,
		-0.460584,
		-0.84235,
		0,
		0.632316,
		0.571795,
		-0.52271,
		0,
		0.722404,
		-0.678906,
		0.131225,
		0,
		0.764311,
		-0.255825,
		0.181115,
		1
	},
	[0.516666666667] = {
		-0.846424,
		-0.050718,
		-0.530089,
		0,
		0.215223,
		0.877945,
		-0.427659,
		0,
		0.487079,
		-0.476068,
		-0.732198,
		0,
		0.525883,
		-0.507865,
		-0.018173,
		1
	},
	[0.533333333333] = {
		-0.875914,
		-0.044696,
		-0.480392,
		0,
		0.160902,
		0.911635,
		-0.378196,
		0,
		0.454846,
		-0.408563,
		-0.791323,
		0,
		0.466911,
		-0.519534,
		-0.062052,
		1
	},
	[0.55] = {
		-0.914245,
		-0.040721,
		-0.403111,
		0,
		0.100113,
		0.94138,
		-0.322151,
		0,
		0.392599,
		-0.334881,
		-0.856575,
		0,
		0.406611,
		-0.529377,
		-0.104683,
		1
	},
	[0.566666666667] = {
		-0.946435,
		-0.049927,
		-0.31901,
		0,
		0.037792,
		0.964055,
		-0.263002,
		0,
		0.320674,
		-0.26097,
		-0.910529,
		0,
		0.34647,
		-0.537405,
		-0.144743,
		1
	},
	[0.583333333333] = {
		-0.970171,
		-0.06948,
		-0.232251,
		0,
		-0.022289,
		0.979556,
		-0.199935,
		0,
		0.241394,
		-0.188794,
		-0.951885,
		0,
		0.287454,
		-0.543565,
		-0.181372,
		1
	},
	[0.5] = {
		-0.817386,
		-0.067722,
		-0.572095,
		0,
		0.262824,
		0.83986,
		-0.47493,
		0,
		0.512643,
		-0.538562,
		-0.668691,
		0,
		0.583082,
		-0.494561,
		0.026306,
		1
	},
	[0.616666666667] = {
		-0.989853,
		-0.12536,
		-0.066907,
		0,
		-0.12119,
		0.990619,
		-0.063137,
		0,
		0.074194,
		-0.054388,
		-0.99576,
		0,
		0.176696,
		-0.550147,
		-0.240614,
		1
	},
	[0.633333333333] = {
		-0.988961,
		-0.148082,
		-0.005349,
		0,
		-0.148049,
		0.988961,
		-0.006101,
		0,
		0.006193,
		-0.005242,
		-0.999967,
		0,
		0.126835,
		-0.550868,
		-0.261367,
		1
	},
	[0.65] = {
		-0.984152,
		-0.170134,
		0.049999,
		0,
		-0.167836,
		0.984691,
		0.047061,
		0,
		-0.05724,
		0.037924,
		-0.99764,
		0,
		0.082571,
		-0.549946,
		-0.277174,
		1
	},
	[0.666666666667] = {
		-0.976686,
		-0.190464,
		0.09903,
		0,
		-0.181137,
		0.978763,
		0.095983,
		0,
		-0.115208,
		0.075808,
		-0.990444,
		0,
		0.045101,
		-0.547446,
		-0.28871,
		1
	},
	[0.683333333333] = {
		-0.96775,
		-0.208201,
		0.141817,
		0,
		-0.188517,
		0.971966,
		0.140514,
		0,
		-0.167096,
		0.109248,
		-0.979869,
		0,
		0.016715,
		-0.543404,
		-0.296661,
		1
	},
	[0.6] = {
		-0.984481,
		-0.095909,
		-0.146967,
		0,
		-0.076408,
		0.988162,
		-0.133034,
		0,
		0.157986,
		-0.11974,
		-0.980154,
		0,
		0.230533,
		-0.547818,
		-0.213664,
		1
	},
	[0.716666666667] = {
		-0.954383,
		-0.23089,
		0.189322,
		0,
		-0.193968,
		0.961477,
		0.194776,
		0,
		-0.227001,
		0.149168,
		-0.962403,
		0,
		-0.013499,
		-0.531823,
		-0.303512,
		1
	},
	[0.733333333333] = {
		-0.950855,
		-0.237775,
		0.198336,
		0,
		-0.196536,
		0.95844,
		0.2068,
		0,
		-0.239265,
		0.157657,
		-0.958069,
		0,
		-0.019275,
		-0.524821,
		-0.303906,
		1
	},
	[0.75] = {
		-0.947867,
		-0.243336,
		0.205755,
		0,
		-0.198311,
		0.955848,
		0.216858,
		0,
		-0.24944,
		0.16475,
		-0.954273,
		0,
		-0.021862,
		-0.517168,
		-0.303572,
		1
	},
	[0.766666666667] = {
		-0.945432,
		-0.24764,
		0.211736,
		0,
		-0.199404,
		0.953719,
		0.225071,
		0,
		-0.257674,
		0.170569,
		-0.951058,
		0,
		-0.023336,
		-0.50912,
		-0.303182,
		1
	},
	[0.783333333333] = {
		-0.943545,
		-0.250764,
		0.216428,
		0,
		-0.199911,
		0.952058,
		0.231563,
		0,
		-0.26412,
		0.175224,
		-0.948439,
		0,
		-0.025773,
		-0.500916,
		-0.303106,
		1
	},
	[0.7] = {
		-0.958416,
		-0.222624,
		0.178541,
		0,
		-0.190479,
		0.964923,
		0.180672,
		0,
		-0.2125,
		0.139151,
		-0.967202,
		0,
		-0.002462,
		-0.537908,
		-0.301717,
		1
	},
	[0.816666666667] = {
		-0.94132,
		-0.253809,
		0.222481,
		0,
		-0.199475,
		0.950085,
		0.239891,
		0,
		-0.272262,
		0.181435,
		-0.944963,
		0,
		-0.032186,
		-0.484845,
		-0.303566,
		1
	},
	[0.833333333333] = {
		-0.940911,
		-0.253913,
		0.224087,
		0,
		-0.198661,
		0.949725,
		0.241983,
		0,
		-0.274264,
		0.183167,
		-0.944049,
		0,
		-0.034823,
		-0.477375,
		-0.304052,
		1
	},
	[0.85] = {
		-0.940909,
		-0.253199,
		0.2249,
		0,
		-0.197524,
		0.949737,
		0.242866,
		0,
		-0.27509,
		0.184092,
		-0.943629,
		0,
		-0.037119,
		-0.470562,
		-0.304675,
		1
	},
	[0.866666666667] = {
		-0.941263,
		-0.251767,
		0.225027,
		0,
		-0.196111,
		0.95008,
		0.242668,
		0,
		-0.27489,
		0.184284,
		-0.94365,
		0,
		-0.039103,
		-0.464733,
		-0.305415,
		1
	},
	[0.883333333333] = {
		-0.941917,
		-0.249718,
		0.224572,
		0,
		-0.194468,
		0.950711,
		0.241516,
		0,
		-0.273814,
		0.183816,
		-0.944054,
		0,
		-0.040808,
		-0.460001,
		-0.30625,
		1
	},
	[0.8] = {
		-0.942184,
		-0.252791,
		0.219967,
		0,
		-0.199911,
		0.950853,
		0.23646,
		0,
		-0.268932,
		0.178815,
		-0.946415,
		0,
		-0.029179,
		-0.492761,
		-0.303243,
		1
	},
	[0.916666666667] = {
		-0.943899,
		-0.24419,
		0.222321,
		0,
		-0.190663,
		0.95265,
		0.236866,
		0,
		-0.269634,
		0.181189,
		-0.945763,
		0,
		-0.043515,
		-0.453373,
		-0.308112,
		1
	},
	[0.933333333333] = {
		-0.945112,
		-0.24092,
		0.220727,
		0,
		-0.188589,
		0.953863,
		0.233622,
		0,
		-0.266827,
		0.179172,
		-0.946943,
		0,
		-0.044583,
		-0.451246,
		-0.309093,
		1
	},
	[0.95] = {
		-0.946401,
		-0.237455,
		0.218954,
		0,
		-0.186461,
		0.955177,
		0.229935,
		0,
		-0.263739,
		0.176785,
		-0.948256,
		0,
		-0.045505,
		-0.449758,
		-0.310075,
		1
	},
	[0.966666666667] = {
		-0.947711,
		-0.233901,
		0.217105,
		0,
		-0.184324,
		0.956545,
		0.225934,
		0,
		-0.260517,
		0.174102,
		-0.949642,
		0,
		-0.046312,
		-0.448795,
		-0.311032,
		1
	},
	[0.983333333333] = {
		-0.948992,
		-0.230357,
		0.215291,
		0,
		-0.18223,
		0.957934,
		0.22171,
		0,
		-0.257307,
		0.171169,
		-0.951049,
		0,
		-0.047036,
		-0.448252,
		-0.311923,
		1
	},
	[0.9] = {
		-0.942815,
		-0.247158,
		0.223636,
		0,
		-0.192637,
		0.951584,
		0.23954,
		0,
		-0.272013,
		0.182761,
		-0.944779,
		0,
		-0.042267,
		-0.456253,
		-0.307156,
		1
	},
	[1.01666666667] = {
		-0.951275,
		-0.223753,
		0.212155,
		0,
		-0.178379,
		0.960574,
		0.213256,
		0,
		-0.251507,
		0.165021,
		-0.953683,
		0,
		-0.048353,
		-0.447921,
		-0.313473,
		1
	},
	[1.03333333333] = {
		-0.952187,
		-0.220936,
		0.211013,
		0,
		-0.176732,
		0.961716,
		0.209446,
		0,
		-0.249209,
		0.162139,
		-0.954781,
		0,
		-0.049007,
		-0.447849,
		-0.314156,
		1
	},
	[1.05] = {
		-0.952888,
		-0.218605,
		0.210277,
		0,
		-0.175348,
		0.962672,
		0.206195,
		0,
		-0.247503,
		0.159609,
		-0.95565,
		0,
		-0.049697,
		-0.447651,
		-0.314796,
		1
	},
	[1.06666666667] = {
		-0.953334,
		-0.216878,
		0.210043,
		0,
		-0.174283,
		0.963393,
		0.203715,
		0,
		-0.246535,
		0.157601,
		-0.956233,
		0,
		-0.050451,
		-0.447183,
		-0.315405,
		1
	},
	[1.08333333333] = {
		-0.953482,
		-0.215875,
		0.210405,
		0,
		-0.173596,
		0.963832,
		0.202216,
		0,
		-0.246449,
		0.156284,
		-0.956472,
		0,
		-0.0513,
		-0.446305,
		-0.315996,
		1
	},
	[1.1] = {
		-0.953285,
		-0.215717,
		0.211458,
		0,
		-0.173341,
		0.963942,
		0.201912,
		0,
		-0.247389,
		0.155825,
		-0.956304,
		0,
		-0.052273,
		-0.444872,
		-0.316582,
		1
	}
}

return spline_matrices
