local spline_matrices = {
	[0] = {
		0.633371,
		-0.576988,
		-0.515681,
		0,
		-0.773711,
		-0.484742,
		-0.407918,
		0,
		-0.014608,
		0.657351,
		-0.753443,
		0,
		-0.015848,
		0.014111,
		-0.583358,
		1
	},
	{
		0.633574,
		-0.575622,
		-0.516956,
		0,
		-0.773533,
		-0.484404,
		-0.408655,
		0,
		-0.015185,
		0.658796,
		-0.752168,
		0,
		-0.015799,
		0.015228,
		-0.583372,
		1
	},
	[0.0166666666667] = {
		0.674507,
		-0.253835,
		-0.693259,
		0,
		-0.703552,
		-0.505578,
		-0.499405,
		0,
		-0.22373,
		0.824596,
		-0.519602,
		0,
		-0.058958,
		0.012861,
		-0.557425,
		1
	},
	[0.0333333333333] = {
		0.609419,
		0.225312,
		-0.76016,
		0,
		-0.613247,
		-0.473742,
		-0.632057,
		0,
		-0.50253,
		0.851353,
		-0.150536,
		0,
		-0.102453,
		0.010866,
		-0.536437,
		1
	},
	[0.05] = {
		0.342761,
		0.747928,
		-0.568435,
		0,
		-0.546562,
		-0.333366,
		-0.768204,
		0,
		-0.764058,
		0.573995,
		0.294524,
		0,
		-0.145012,
		0.010243,
		-0.518082,
		1
	},
	[0.0666666666667] = {
		-0.057762,
		0.992409,
		-0.108572,
		0,
		-0.570549,
		-0.122058,
		-0.812143,
		0,
		-0.81923,
		0.015035,
		0.573268,
		0,
		-0.186801,
		0.012269,
		-0.497888,
		1
	},
	[0.0833333333333] = {
		-0.349956,
		0.87288,
		0.340018,
		0,
		-0.668505,
		0.021562,
		-0.743395,
		0,
		-0.656226,
		-0.487459,
		0.575978,
		0,
		-0.227321,
		0.014458,
		-0.471029,
		1
	},
	[0.116666666667] = {
		-0.454929,
		0.473541,
		0.754187,
		0,
		-0.865792,
		-0.036973,
		-0.499036,
		0,
		-0.208429,
		-0.879996,
		0.426808,
		0,
		-0.289962,
		0.007153,
		-0.383256,
		1
	},
	[0.133333333333] = {
		-0.362285,
		0.337416,
		0.86885,
		0,
		-0.931767,
		-0.154773,
		-0.328413,
		0,
		0.023663,
		-0.928545,
		0.370465,
		0,
		-0.308853,
		-0.001416,
		-0.317374,
		1
	},
	[0.15] = {
		-0.198005,
		0.241947,
		0.949871,
		0,
		-0.966034,
		-0.212328,
		-0.147291,
		0,
		0.166048,
		-0.946773,
		0.275771,
		0,
		-0.333382,
		-0.011487,
		-0.238553,
		1
	},
	[0.166666666667] = {
		0.009772,
		0.17342,
		0.984799,
		0,
		-0.966298,
		-0.251718,
		0.053915,
		0,
		0.257242,
		-0.952136,
		0.165116,
		0,
		-0.358922,
		-0.024277,
		-0.148621,
		1
	},
	[0.183333333333] = {
		0.220697,
		0.127063,
		0.967031,
		0,
		-0.928903,
		-0.274913,
		0.248117,
		0,
		0.297376,
		-0.953036,
		0.057357,
		0,
		-0.376606,
		-0.029305,
		-0.061689,
		1
	},
	[0.1] = {
		-0.458039,
		0.650305,
		0.606055,
		0,
		-0.769962,
		0.050487,
		-0.636089,
		0,
		-0.44425,
		-0.757993,
		0.477586,
		0,
		-0.26388,
		0.013913,
		-0.435128,
		1
	},
	[0.216666666667] = {
		0.539491,
		0.073612,
		0.838767,
		0,
		-0.796603,
		-0.278028,
		0.536772,
		0,
		0.272714,
		-0.957748,
		-0.091354,
		0,
		-0.363505,
		0.01872,
		0.059338,
		1
	},
	[0.233333333333] = {
		0.662321,
		0.050967,
		0.747485,
		0,
		-0.713803,
		-0.260197,
		0.650218,
		0,
		0.227633,
		-0.96421,
		-0.135953,
		0,
		-0.336065,
		0.067919,
		0.101201,
		1
	},
	[0.25] = {
		0.759347,
		0.030895,
		0.649952,
		0,
		-0.628822,
		-0.221915,
		0.745209,
		0,
		0.167257,
		-0.974576,
		-0.149084,
		0,
		-0.300477,
		0.128276,
		0.133079,
		1
	},
	[0.266666666667] = {
		0.829245,
		0.014369,
		0.558701,
		0,
		-0.550273,
		-0.153835,
		0.820692,
		0,
		0.09774,
		-0.987992,
		-0.11966,
		0,
		-0.260825,
		0.196641,
		0.155133,
		1
	},
	[0.283333333333] = {
		0.874074,
		0.003073,
		0.485783,
		0,
		-0.485194,
		-0.044132,
		0.873292,
		0,
		0.024122,
		-0.999021,
		-0.037084,
		0,
		-0.221129,
		0.270173,
		0.167323,
		1
	},
	[0.2] = {
		0.396901,
		0.09724,
		0.912696,
		0,
		-0.868295,
		-0.282571,
		0.407698,
		0,
		0.297546,
		-0.954305,
		-0.02772,
		0,
		-0.378768,
		-0.015912,
		0.007845,
		1
	},
	[0.316666666667] = {
		0.917102,
		-0.037182,
		0.396915,
		0,
		-0.361449,
		0.342433,
		0.867234,
		0,
		-0.168162,
		-0.938806,
		0.300607,
		0,
		-0.13514,
		0.425216,
		0.131999,
		1
	},
	[0.333333333333] = {
		0.92139,
		-0.049566,
		0.385465,
		0,
		-0.291861,
		0.566681,
		0.770513,
		0,
		-0.256627,
		-0.822445,
		0.507668,
		0,
		-0.086418,
		0.497839,
		0.081878,
		1
	},
	[0.35] = {
		0.920159,
		-0.029864,
		0.390404,
		0,
		-0.227496,
		0.770738,
		0.595154,
		0,
		-0.318673,
		-0.636452,
		0.702408,
		0,
		-0.036046,
		0.560101,
		0.015414,
		1
	},
	[0.366666666667] = {
		0.918671,
		0.042468,
		0.392733,
		0,
		-0.181403,
		0.928529,
		0.323926,
		0,
		-0.350907,
		-0.368824,
		0.860716,
		0,
		0.013678,
		0.60703,
		-0.063605,
		1
	},
	[0.383333333333] = {
		0.925011,
		0.295671,
		0.238606,
		0,
		-0.151109,
		0.862501,
		-0.482967,
		0,
		-0.348597,
		0.410695,
		0.842502,
		0,
		0.069602,
		0.633935,
		-0.207711,
		1
	},
	[0.3] = {
		0.901935,
		-0.013205,
		0.43167,
		0,
		-0.426736,
		0.12645,
		0.895493,
		0,
		-0.06641,
		-0.991885,
		0.108415,
		0,
		-0.180382,
		0.347458,
		0.161603,
		1
	},
	[0.416666666667] = {
		0.976486,
		-0.14794,
		0.156808,
		0,
		-0.046373,
		-0.854491,
		-0.517392,
		0,
		0.210534,
		0.497954,
		-0.841259,
		0,
		0.213258,
		0.422022,
		-0.678489,
		1
	},
	[0.433333333333] = {
		0.923215,
		-0.140428,
		0.357706,
		0,
		-0.034286,
		-0.957227,
		-0.287299,
		0,
		0.38275,
		0.252975,
		-0.888541,
		0,
		0.285804,
		0.355551,
		-0.725564,
		1
	},
	[0.45] = {
		0.821003,
		-0.120818,
		0.557994,
		0,
		0.069343,
		-0.949015,
		-0.307511,
		0,
		0.566698,
		0.29116,
		-0.770766,
		0,
		0.369893,
		0.310772,
		-0.761776,
		1
	},
	[0.466666666667] = {
		0.668485,
		-0.153254,
		0.727765,
		0,
		0.255283,
		-0.871805,
		-0.418075,
		0,
		0.698541,
		0.465262,
		-0.543665,
		0,
		0.457753,
		0.278986,
		-0.782396,
		1
	},
	[0.483333333333] = {
		0.518082,
		-0.22976,
		0.823894,
		0,
		0.43932,
		-0.754999,
		-0.4868,
		0,
		0.733886,
		0.614155,
		-0.290214,
		0,
		0.535521,
		0.251347,
		-0.785305,
		1
	},
	[0.4] = {
		0.999824,
		0.018125,
		0.0049,
		0,
		0.004606,
		0.01624,
		-0.999858,
		0,
		-0.018202,
		0.999704,
		0.016153,
		0,
		0.147858,
		0.567585,
		-0.422471,
		1
	},
	[0.516666666667] = {
		0.452165,
		-0.227022,
		0.862559,
		0,
		0.412903,
		-0.803924,
		-0.428039,
		0,
		0.790606,
		0.549697,
		-0.269769,
		0,
		0.618369,
		0.13934,
		-0.76654,
		1
	},
	[0.533333333333] = {
		0.551895,
		-0.159603,
		0.818498,
		0,
		0.228209,
		-0.91514,
		-0.332323,
		0,
		0.80208,
		0.370196,
		-0.468638,
		0,
		0.630597,
		0.03609,
		-0.74484,
		1
	},
	[0.55] = {
		0.68947,
		-0.120421,
		0.714234,
		0,
		0.011246,
		-0.984184,
		-0.176791,
		0,
		0.724227,
		0.129925,
		-0.677211,
		0,
		0.62729,
		-0.07142,
		-0.713939,
		1
	},
	[0.566666666667] = {
		0.803247,
		-0.137477,
		0.579564,
		0,
		-0.162466,
		-0.986674,
		-0.008876,
		0,
		0.573061,
		-0.08703,
		-0.814878,
		0,
		0.612885,
		-0.159983,
		-0.680377,
		1
	},
	[0.583333333333] = {
		0.862322,
		-0.191349,
		0.468815,
		0,
		-0.263102,
		-0.960375,
		0.09196,
		0,
		0.432641,
		-0.202646,
		-0.878497,
		0,
		0.589318,
		-0.211989,
		-0.655139,
		1
	},
	[0.5] = {
		0.43568,
		-0.268234,
		0.859205,
		0,
		0.503218,
		-0.718864,
		-0.479589,
		0,
		0.746294,
		0.641315,
		-0.178214,
		0,
		0.589085,
		0.212468,
		-0.778606,
		1
	},
	[0.616666666667] = {
		0.893497,
		-0.351712,
		0.279215,
		0,
		-0.386675,
		-0.918732,
		0.080095,
		0,
		0.228354,
		-0.17953,
		-0.956882,
		0,
		0.490288,
		-0.226465,
		-0.627872,
		1
	},
	[0.633333333333] = {
		0.882273,
		-0.441654,
		0.162899,
		0,
		-0.450073,
		-0.892831,
		0.016973,
		0,
		0.137945,
		-0.088291,
		-0.986497,
		0,
		0.41707,
		-0.207431,
		-0.618785,
		1
	},
	[0.65] = {
		0.853452,
		-0.520192,
		0.031939,
		0,
		-0.517368,
		-0.853021,
		-0.068444,
		0,
		0.062848,
		0.041889,
		-0.997144,
		0,
		0.335263,
		-0.175782,
		-0.611651,
		1
	},
	[0.666666666667] = {
		0.810596,
		-0.575762,
		-0.10692,
		0,
		-0.585543,
		-0.794233,
		-0.162272,
		0,
		0.00851,
		0.194144,
		-0.980936,
		0,
		0.250632,
		-0.135535,
		-0.605604,
		1
	},
	[0.683333333333] = {
		0.760451,
		-0.602683,
		-0.241843,
		0,
		-0.648997,
		-0.718354,
		-0.250538,
		0,
		-0.022734,
		0.347478,
		-0.937413,
		0,
		0.169042,
		-0.091284,
		-0.599986,
		1
	},
	[0.6] = {
		0.88651,
		-0.263863,
		0.380101,
		0,
		-0.326171,
		-0.939021,
		0.108868,
		0,
		0.328197,
		-0.22049,
		-0.918516,
		0,
		0.549422,
		-0.229225,
		-0.639744,
		1
	},
	[0.716666666667] = {
		0.670986,
		-0.589324,
		-0.449973,
		0,
		-0.740831,
		-0.558046,
		-0.373837,
		0,
		-0.030794,
		0.584193,
		-0.81103,
		0,
		0.037707,
		-0.011229,
		-0.58985,
		1
	},
	[0.733333333333] = {
		0.644486,
		-0.572594,
		-0.506728,
		0,
		-0.764257,
		-0.50271,
		-0.403972,
		0,
		-0.023426,
		0.647625,
		-0.761599,
		0,
		-0.001262,
		0.014247,
		-0.586411,
		1
	},
	[0.75] = {
		0.63505,
		-0.565564,
		-0.526165,
		0,
		-0.772228,
		-0.481904,
		-0.414044,
		0,
		-0.019393,
		0.669257,
		-0.742778,
		0,
		-0.015447,
		0.023416,
		-0.584995,
		1
	},
	[0.766666666667] = {
		0.634942,
		-0.566303,
		-0.525499,
		0,
		-0.772324,
		-0.482089,
		-0.41365,
		0,
		-0.019086,
		0.668499,
		-0.743468,
		0,
		-0.015472,
		0.022815,
		-0.584753,
		1
	},
	[0.783333333333] = {
		0.634833,
		-0.567054,
		-0.52482,
		0,
		-0.772421,
		-0.482276,
		-0.41325,
		0,
		-0.018774,
		0.667727,
		-0.74417,
		0,
		-0.015498,
		0.022204,
		-0.584536,
		1
	},
	[0.7] = {
		0.71139,
		-0.603801,
		-0.35965,
		0,
		-0.701998,
		-0.634885,
		-0.322674,
		0,
		-0.033506,
		0.482021,
		-0.875519,
		0,
		0.096235,
		-0.048105,
		-0.594613,
		1
	},
	[0.816666666667] = {
		0.634612,
		-0.56857,
		-0.523445,
		0,
		-0.772618,
		-0.482654,
		-0.41244,
		0,
		-0.018142,
		0.666163,
		-0.745586,
		0,
		-0.01555,
		0.020972,
		-0.584173,
		1
	},
	[0.833333333333] = {
		0.634502,
		-0.569326,
		-0.522757,
		0,
		-0.772716,
		-0.482842,
		-0.412036,
		0,
		-0.017827,
		0.66538,
		-0.746292,
		0,
		-0.015576,
		0.020357,
		-0.584023,
		1
	},
	[0.85] = {
		0.634393,
		-0.570073,
		-0.522075,
		0,
		-0.772813,
		-0.483028,
		-0.411636,
		0,
		-0.017514,
		0.664605,
		-0.746989,
		0,
		-0.015603,
		0.01975,
		-0.583893,
		1
	},
	[0.866666666667] = {
		0.634285,
		-0.570807,
		-0.521403,
		0,
		-0.772908,
		-0.483211,
		-0.411243,
		0,
		-0.017207,
		0.663842,
		-0.747675,
		0,
		-0.015628,
		0.019152,
		-0.583781,
		1
	},
	[0.883333333333] = {
		0.63418,
		-0.571523,
		-0.520747,
		0,
		-0.773001,
		-0.483389,
		-0.410859,
		0,
		-0.016907,
		0.663096,
		-0.748343,
		0,
		-0.015654,
		0.01857,
		-0.583685,
		1
	},
	[0.8] = {
		0.634723,
		-0.567811,
		-0.524134,
		0,
		-0.772519,
		-0.482465,
		-0.412845,
		0,
		-0.018458,
		0.666946,
		-0.744877,
		0,
		-0.015524,
		0.021589,
		-0.584343,
		1
	},
	[0.916666666667] = {
		0.63398,
		-0.572882,
		-0.519496,
		0,
		-0.773177,
		-0.483726,
		-0.41013,
		0,
		-0.016338,
		0.661677,
		-0.749611,
		0,
		-0.015702,
		0.017464,
		-0.583539,
		1
	},
	[0.933333333333] = {
		0.633886,
		-0.573514,
		-0.518912,
		0,
		-0.773259,
		-0.483882,
		-0.40979,
		0,
		-0.016072,
		0.661014,
		-0.750202,
		0,
		-0.015724,
		0.016948,
		-0.583486,
		1
	},
	[0.95] = {
		0.633798,
		-0.574109,
		-0.518361,
		0,
		-0.773337,
		-0.48403,
		-0.40947,
		0,
		-0.015822,
		0.660389,
		-0.750757,
		0,
		-0.015745,
		0.016463,
		-0.583444,
		1
	},
	[0.966666666667] = {
		0.633716,
		-0.574662,
		-0.517848,
		0,
		-0.773408,
		-0.484167,
		-0.409172,
		0,
		-0.015589,
		0.659807,
		-0.751273,
		0,
		-0.015765,
		0.016012,
		-0.583412,
		1
	},
	[0.983333333333] = {
		0.633641,
		-0.575168,
		-0.517378,
		0,
		-0.773474,
		-0.484292,
		-0.4089,
		0,
		-0.015376,
		0.659275,
		-0.751745,
		0,
		-0.015783,
		0.015599,
		-0.583388,
		1
	},
	[0.9] = {
		0.634078,
		-0.572216,
		-0.520109,
		0,
		-0.773091,
		-0.483561,
		-0.410487,
		0,
		-0.016617,
		0.662373,
		-0.74899,
		0,
		-0.015678,
		0.018006,
		-0.583605,
		1
	},
	[1.01666666667] = {
		0.633515,
		-0.576019,
		-0.516586,
		0,
		-0.773585,
		-0.484502,
		-0.408441,
		0,
		-0.015017,
		0.658376,
		-0.752539,
		0,
		-0.015813,
		0.014903,
		-0.583363,
		1
	},
	[1.03333333333] = {
		0.633465,
		-0.576355,
		-0.516272,
		0,
		-0.773628,
		-0.484585,
		-0.40826,
		0,
		-0.014875,
		0.658021,
		-0.752852,
		0,
		-0.015826,
		0.014629,
		-0.583357,
		1
	},
	[1.05] = {
		0.633425,
		-0.576624,
		-0.516021,
		0,
		-0.773663,
		-0.484652,
		-0.408114,
		0,
		-0.014762,
		0.657736,
		-0.753104,
		0,
		-0.015835,
		0.014408,
		-0.583356,
		1
	},
	[1.06666666667] = {
		0.633395,
		-0.576823,
		-0.515835,
		0,
		-0.773689,
		-0.484701,
		-0.408007,
		0,
		-0.014678,
		0.657526,
		-0.753289,
		0,
		-0.015842,
		0.014246,
		-0.583356,
		1
	},
	[1.08333333333] = {
		0.633377,
		-0.576946,
		-0.51572,
		0,
		-0.773705,
		-0.484731,
		-0.407941,
		0,
		-0.014626,
		0.657396,
		-0.753403,
		0,
		-0.015847,
		0.014145,
		-0.583358,
		1
	},
	[1.1] = {
		0.633371,
		-0.576988,
		-0.515681,
		0,
		-0.773711,
		-0.484742,
		-0.407918,
		0,
		-0.014608,
		0.657351,
		-0.753443,
		0,
		-0.015848,
		0.014111,
		-0.583358,
		1
	}
}

return spline_matrices
