local spline_matrices = {
	[0] = {
		0.511276,
		-0.600901,
		-0.614423,
		0,
		-0.859105,
		-0.3381,
		-0.384223,
		0,
		0.023144,
		0.724297,
		-0.689099,
		0,
		-0.120846,
		-0.010018,
		-0.655644,
		1
	},
	{
		0.25821,
		-0.748854,
		-0.610364,
		0,
		0.110958,
		-0.604621,
		0.788747,
		0,
		-0.959696,
		-0.271387,
		-0.073027,
		0,
		0.037325,
		-0.041142,
		-0.546032,
		1
	},
	[0.0166666666667] = {
		0.522739,
		-0.558544,
		-0.644029,
		0,
		-0.802247,
		-0.06678,
		-0.593245,
		0,
		0.288345,
		0.826783,
		-0.482999,
		0,
		-0.088332,
		0.017431,
		-0.660799,
		1
	},
	[0.0333333333333] = {
		0.487557,
		-0.542807,
		-0.683849,
		0,
		-0.687235,
		0.244507,
		-0.68405,
		0,
		0.538513,
		0.803478,
		-0.253825,
		0,
		-0.050922,
		0.040449,
		-0.644726,
		1
	},
	[0.05] = {
		0.416331,
		-0.521683,
		-0.744658,
		0,
		-0.516997,
		0.537889,
		-0.665875,
		0,
		0.747919,
		0.66221,
		-0.045769,
		0,
		-0.009792,
		0.055319,
		-0.610163,
		1
	},
	[0.0666666666667] = {
		0.330508,
		-0.469203,
		-0.818909,
		0,
		-0.306823,
		0.767125,
		-0.563365,
		0,
		0.892538,
		0.437457,
		0.109579,
		0,
		0.032821,
		0.059923,
		-0.56099,
		1
	},
	[0.0833333333333] = {
		0.256798,
		-0.37706,
		-0.889877,
		0,
		-0.08417,
		0.90853,
		-0.409253,
		0,
		0.962793,
		0.179996,
		0.201572,
		0,
		0.073978,
		0.054485,
		-0.501368,
		1
	},
	[0.116666666667] = {
		0.229406,
		-0.12029,
		-0.965869,
		0,
		0.284652,
		0.957241,
		-0.051607,
		0,
		0.930777,
		-0.263097,
		0.253838,
		0,
		0.142057,
		0.024268,
		-0.363142,
		1
	},
	[0.133333333333] = {
		0.250801,
		0.076812,
		-0.964986,
		0,
		0.342783,
		0.925212,
		0.162735,
		0,
		0.905317,
		-0.371595,
		0.205715,
		0,
		0.163514,
		0.007601,
		-0.286342,
		1
	},
	[0.15] = {
		0.322699,
		0.233057,
		-0.91736,
		0,
		0.387359,
		0.85181,
		0.352665,
		0,
		0.863608,
		-0.469152,
		0.184601,
		0,
		0.181253,
		-0.009522,
		-0.208397,
		1
	},
	[0.166666666667] = {
		0.432481,
		0.337885,
		-0.835939,
		0,
		0.405953,
		0.754872,
		0.515141,
		0,
		0.805085,
		-0.562141,
		0.189303,
		0,
		0.194176,
		-0.024817,
		-0.130675,
		1
	},
	[0.183333333333] = {
		0.563436,
		0.387696,
		-0.729543,
		0,
		0.392471,
		0.65144,
		0.649301,
		0,
		0.726985,
		-0.652164,
		0.214885,
		0,
		0.201683,
		-0.036091,
		-0.054521,
		1
	},
	[0.1] = {
		0.218296,
		-0.25476,
		-0.942042,
		0,
		0.120839,
		0.964951,
		-0.232954,
		0,
		0.968372,
		-0.062983,
		0.24143,
		0,
		0.110992,
		0.041432,
		-0.434717,
		1
	},
	[0.216666666667] = {
		0.815425,
		0.338034,
		-0.46991,
		0,
		0.277925,
		0.483472,
		0.830068,
		0,
		0.507779,
		-0.807458,
		0.300287,
		0,
		0.20089,
		-0.038711,
		0.08745,
		1
	},
	[0.233333333333] = {
		0.906069,
		0.260927,
		-0.3331,
		0,
		0.196062,
		0.438721,
		0.876974,
		0,
		0.374964,
		-0.859907,
		0.346354,
		0,
		0.194145,
		-0.027044,
		0.150609,
		1
	},
	[0.25] = {
		0.963917,
		0.170201,
		-0.204686,
		0,
		0.115865,
		0.424013,
		0.898214,
		0,
		0.239667,
		-0.889519,
		0.388993,
		0,
		0.18466,
		-0.005642,
		0.207145,
		1
	},
	[0.266666666667] = {
		0.99222,
		0.081485,
		-0.094123,
		0,
		0.049523,
		0.435306,
		0.89892,
		0,
		0.11422,
		-0.896588,
		0.427884,
		0,
		0.173393,
		0.025631,
		0.256325,
		1
	},
	[0.283333333333] = {
		0.997855,
		0.022255,
		0.061568,
		0,
		-0.064491,
		0.495947,
		0.865955,
		0,
		-0.011263,
		-0.868068,
		0.496318,
		0,
		0.154984,
		0.069215,
		0.29592,
		1
	},
	[0.2] = {
		0.696949,
		0.38491,
		-0.605067,
		0,
		0.34744,
		0.556864,
		0.754445,
		0,
		0.627334,
		-0.736034,
		0.254373,
		0,
		0.203738,
		-0.041305,
		0.018656,
		1
	},
	[0.316666666667] = {
		0.992174,
		-0.092439,
		-0.083934,
		0,
		0.122193,
		0.580677,
		0.804912,
		0,
		-0.025667,
		-0.808869,
		0.587429,
		0,
		0.144202,
		0.200683,
		0.352845,
		1
	},
	[0.333333333333] = {
		0.993985,
		-0.096161,
		-0.052407,
		0,
		0.100691,
		0.614271,
		0.782644,
		0,
		-0.043067,
		-0.783214,
		0.620259,
		0,
		0.123116,
		0.28204,
		0.365048,
		1
	},
	[0.35] = {
		0.997355,
		-0.064495,
		-0.033519,
		0,
		0.067509,
		0.651052,
		0.756025,
		0,
		-0.026938,
		-0.756288,
		0.653684,
		0,
		0.097304,
		0.363908,
		0.3659,
		1
	},
	[0.366666666667] = {
		0.999142,
		0.039382,
		0.012798,
		0,
		-0.040387,
		0.858536,
		0.51116,
		0,
		0.009143,
		-0.511238,
		0.859391,
		0,
		0.062241,
		0.477379,
		0.283353,
		1
	},
	[0.383333333333] = {
		0.988823,
		0.144389,
		0.037151,
		0,
		-0.145125,
		0.989251,
		0.017923,
		0,
		-0.034164,
		-0.023114,
		0.999149,
		0,
		0.023928,
		0.602247,
		0.09149,
		1
	},
	[0.3] = {
		0.990261,
		-0.058726,
		-0.126232,
		0,
		0.137548,
		0.552914,
		0.821807,
		0,
		0.021534,
		-0.831166,
		0.555607,
		0,
		0.161131,
		0.128183,
		0.329858,
		1
	},
	[0.416666666667] = {
		0.991944,
		0.109447,
		-0.063778,
		0,
		-0.117001,
		0.59863,
		-0.792435,
		0,
		-0.048551,
		0.793514,
		0.606613,
		0,
		0.003289,
		0.709068,
		-0.313613,
		1
	},
	[0.433333333333] = {
		0.996753,
		0.06981,
		-0.040136,
		0,
		-0.064534,
		0.394385,
		-0.916677,
		0,
		-0.048165,
		0.91629,
		0.397609,
		0,
		0.01058,
		0.65945,
		-0.439122,
		1
	},
	[0.45] = {
		0.999237,
		0.038581,
		0.006119,
		0,
		-0.002045,
		0.208093,
		-0.978107,
		0,
		-0.03901,
		0.977348,
		0.208013,
		0,
		0.006999,
		0.574103,
		-0.549396,
		1
	},
	[0.466666666667] = {
		0.997905,
		0.057944,
		-0.028793,
		0,
		-0.024215,
		-0.078211,
		-0.996643,
		0,
		-0.060002,
		0.995251,
		-0.076644,
		0,
		-0.011043,
		0.470575,
		-0.636192,
		1
	},
	[0.483333333333] = {
		0.975231,
		-0.044957,
		-0.216572,
		0,
		-0.208965,
		-0.50826,
		-0.835467,
		0,
		-0.072515,
		0.860029,
		-0.505066,
		0,
		-0.021354,
		0.319239,
		-0.687352,
		1
	},
	[0.4] = {
		0.987519,
		0.153639,
		-0.034653,
		0,
		-0.15052,
		0.855872,
		-0.494799,
		0,
		-0.046362,
		0.49384,
		0.868316,
		0,
		0.005569,
		0.688643,
		-0.1342,
		1
	},
	[0.516666666667] = {
		0.689676,
		-0.654442,
		-0.309923,
		0,
		-0.551284,
		-0.752047,
		0.361265,
		0,
		-0.469504,
		-0.0783,
		-0.879452,
		0,
		-0.031822,
		0.016663,
		-0.674723,
		1
	},
	[0.533333333333] = {
		0.626938,
		-0.742969,
		-0.234405,
		0,
		-0.535187,
		-0.629371,
		0.563442,
		0,
		-0.566148,
		-0.227793,
		-0.792204,
		0,
		-0.026974,
		-0.027222,
		-0.668868,
		1
	},
	[0.55] = {
		0.602496,
		-0.73848,
		-0.30273,
		0,
		-0.468109,
		-0.634178,
		0.61538,
		0,
		-0.646431,
		-0.229053,
		-0.727779,
		0,
		-0.023399,
		-0.041085,
		-0.657892,
		1
	},
	[0.566666666667] = {
		0.519474,
		-0.729227,
		-0.445392,
		0,
		-0.292529,
		-0.641514,
		0.709145,
		0,
		-0.802853,
		-0.238092,
		-0.54657,
		0,
		-0.01282,
		-0.077847,
		-0.634049,
		1
	},
	[0.583333333333] = {
		0.386449,
		-0.72034,
		-0.575992,
		0,
		-0.071988,
		-0.646163,
		0.759797,
		0,
		-0.919497,
		-0.252158,
		-0.301565,
		0,
		0.002328,
		-0.123456,
		-0.610622,
		1
	},
	[0.5] = {
		0.850765,
		-0.362762,
		-0.380266,
		0,
		-0.471685,
		-0.846145,
		-0.248098,
		0,
		-0.23176,
		0.390439,
		-0.89098,
		0,
		-0.033158,
		0.140119,
		-0.692519,
		1
	},
	[0.616666666667] = {
		0.253573,
		-0.714523,
		-0.652041,
		0,
		0.114061,
		-0.647283,
		0.753667,
		0,
		-0.960568,
		-0.265482,
		-0.082634,
		0,
		0.014882,
		-0.184711,
		-0.590335,
		1
	},
	[0.633333333333] = {
		0.253702,
		-0.714389,
		-0.652138,
		0,
		0.113923,
		-0.647436,
		0.753557,
		0,
		-0.96055,
		-0.265473,
		-0.082871,
		0,
		0.013611,
		-0.187995,
		-0.589548,
		1
	},
	[0.65] = {
		0.25385,
		-0.714357,
		-0.652115,
		0,
		0.113781,
		-0.647464,
		0.753554,
		0,
		-0.960528,
		-0.265488,
		-0.083078,
		0,
		0.011648,
		-0.187286,
		-0.591632,
		1
	},
	[0.666666666667] = {
		0.254014,
		-0.714515,
		-0.651878,
		0,
		0.113635,
		-0.647269,
		0.753744,
		0,
		-0.960502,
		-0.265537,
		-0.083221,
		0,
		0.010112,
		-0.179962,
		-0.591411,
		1
	},
	[0.683333333333] = {
		0.254193,
		-0.714985,
		-0.651293,
		0,
		0.113486,
		-0.64671,
		0.754246,
		0,
		-0.960472,
		-0.265636,
		-0.083248,
		0,
		0.009118,
		-0.167391,
		-0.589241,
		1
	},
	[0.6] = {
		0.268241,
		-0.715276,
		-0.645311,
		0,
		0.094715,
		-0.647033,
		0.756556,
		0,
		-0.958684,
		-0.26406,
		-0.105814,
		0,
		0.014528,
		-0.163882,
		-0.595547,
		1
	},
	[0.716666666667] = {
		0.254588,
		-0.716756,
		-0.649188,
		0,
		0.113181,
		-0.64461,
		0.756087,
		0,
		-0.960404,
		-0.265966,
		-0.082987,
		0,
		0.008726,
		-0.132568,
		-0.582442,
		1
	},
	[0.733333333333] = {
		0.254801,
		-0.718006,
		-0.647722,
		0,
		0.113027,
		-0.643126,
		0.757373,
		0,
		-0.960365,
		-0.266189,
		-0.082715,
		0,
		0.009545,
		-0.112524,
		-0.578354,
		1
	},
	[0.75] = {
		0.255022,
		-0.719463,
		-0.646016,
		0,
		0.112872,
		-0.64139,
		0.758867,
		0,
		-0.960325,
		-0.266445,
		-0.082362,
		0,
		0.011201,
		-0.092147,
		-0.574084,
		1
	},
	[0.766666666667] = {
		0.255251,
		-0.7211,
		-0.644098,
		0,
		0.112717,
		-0.639429,
		0.760543,
		0,
		-0.960282,
		-0.26673,
		-0.081934,
		0,
		0.013815,
		-0.072501,
		-0.569819,
		1
	},
	[0.783333333333] = {
		0.255483,
		-0.722893,
		-0.641993,
		0,
		0.112563,
		-0.637273,
		0.762373,
		0,
		-0.960238,
		-0.267039,
		-0.081441,
		0,
		0.017512,
		-0.054653,
		-0.565729,
		1
	},
	[0.7] = {
		0.254384,
		-0.715741,
		-0.650387,
		0,
		0.113334,
		-0.645814,
		0.755036,
		0,
		-0.960439,
		-0.265781,
		-0.083167,
		0,
		0.008623,
		-0.151215,
		-0.586146,
		1
	},
	[0.816666666667] = {
		0.255957,
		-0.726838,
		-0.637332,
		0,
		0.112261,
		-0.632485,
		0.766394,
		0,
		-0.960147,
		-0.267712,
		-0.080293,
		0,
		0.027438,
		-0.028635,
		-0.558682,
		1
	},
	[0.833333333333] = {
		0.256195,
		-0.728939,
		-0.634832,
		0,
		0.112115,
		-0.62991,
		0.768533,
		0,
		-0.960101,
		-0.268069,
		-0.079655,
		0,
		0.031477,
		-0.022443,
		-0.555968,
		1
	},
	[0.85] = {
		0.256431,
		-0.731093,
		-0.632255,
		0,
		0.111971,
		-0.627254,
		0.770724,
		0,
		-0.960055,
		-0.268432,
		-0.078986,
		0,
		0.034619,
		-0.020489,
		-0.553812,
		1
	},
	[0.866666666667] = {
		0.256664,
		-0.733273,
		-0.62963,
		0,
		0.111832,
		-0.624545,
		0.77294,
		0,
		-0.960009,
		-0.268799,
		-0.078295,
		0,
		0.036955,
		-0.021569,
		-0.552095,
		1
	},
	[0.883333333333] = {
		0.256892,
		-0.735457,
		-0.626984,
		0,
		0.111699,
		-0.621814,
		0.775158,
		0,
		-0.959963,
		-0.269165,
		-0.07759,
		0,
		0.038576,
		-0.024481,
		-0.550715,
		1
	},
	[0.8] = {
		0.25572,
		-0.724814,
		-0.639728,
		0,
		0.112411,
		-0.634948,
		0.764333,
		0,
		-0.960193,
		-0.267367,
		-0.080892,
		0,
		0.022414,
		-0.039674,
		-0.561973,
		1
	},
	[0.916666666667] = {
		0.257326,
		-0.739737,
		-0.621749,
		0,
		0.111448,
		-0.616404,
		0.779503,
		0,
		-0.959876,
		-0.26988,
		-0.076174,
		0,
		0.040028,
		-0.030983,
		-0.548662,
		1
	},
	[0.933333333333] = {
		0.257529,
		-0.741787,
		-0.619218,
		0,
		0.111334,
		-0.613786,
		0.781583,
		0,
		-0.959835,
		-0.27022,
		-0.075482,
		0,
		0.040036,
		-0.033219,
		-0.547895,
		1
	},
	[0.95] = {
		0.257721,
		-0.743746,
		-0.616784,
		0,
		0.111227,
		-0.611267,
		0.78357,
		0,
		-0.959796,
		-0.270545,
		-0.074812,
		0,
		0.039682,
		-0.035372,
		-0.547279,
		1
	},
	[0.966666666667] = {
		0.257899,
		-0.745591,
		-0.614476,
		0,
		0.111128,
		-0.608879,
		0.785441,
		0,
		-0.95976,
		-0.27085,
		-0.074173,
		0,
		0.039054,
		-0.037423,
		-0.546783,
		1
	},
	[0.983333333333] = {
		0.258063,
		-0.747302,
		-0.612327,
		0,
		0.111038,
		-0.606653,
		0.787174,
		0,
		-0.959726,
		-0.271132,
		-0.073576,
		0,
		0.038239,
		-0.039352,
		-0.546378,
		1
	},
	[0.9] = {
		0.257113,
		-0.73762,
		-0.624348,
		0,
		0.11157,
		-0.61909,
		0.777354,
		0,
		-0.959919,
		-0.269527,
		-0.07688,
		0,
		0.039571,
		-0.028021,
		-0.549593,
		1
	},
	[1.01666666667] = {
		0.258339,
		-0.750228,
		-0.608621,
		0,
		0.110889,
		-0.602814,
		0.790139,
		0,
		-0.959669,
		-0.271613,
		-0.072538,
		0,
		0.0364,
		-0.042771,
		-0.545716,
		1
	},
	[1.03333333333] = {
		0.258448,
		-0.751401,
		-0.607125,
		0,
		0.11083,
		-0.601264,
		0.791327,
		0,
		-0.959646,
		-0.271805,
		-0.072117,
		0,
		0.035552,
		-0.044221,
		-0.5454,
		1
	},
	[1.05] = {
		0.258536,
		-0.752351,
		-0.60591,
		0,
		0.110784,
		-0.600004,
		0.792289,
		0,
		-0.959628,
		-0.27196,
		-0.071774,
		0,
		0.034869,
		-0.04547,
		-0.545054,
		1
	},
	[1.06666666667] = {
		0.258601,
		-0.753058,
		-0.605004,
		0,
		0.11075,
		-0.599065,
		0.793004,
		0,
		-0.959615,
		-0.272075,
		-0.071518,
		0,
		0.034437,
		-0.046498,
		-0.544648,
		1
	},
	[1.08333333333] = {
		0.258641,
		-0.753498,
		-0.604439,
		0,
		0.110729,
		-0.598479,
		0.79345,
		0,
		-0.959606,
		-0.272147,
		-0.071357,
		0,
		0.034345,
		-0.047285,
		-0.544152,
		1
	},
	[1.1] = {
		0.258654,
		-0.75365,
		-0.604244,
		0,
		0.110722,
		-0.598277,
		0.793603,
		0,
		-0.959603,
		-0.272172,
		-0.071301,
		0,
		0.034681,
		-0.04781,
		-0.543536,
		1
	}
}

return spline_matrices
