-- chunkname: @content/characters/player/human/first_person/animations/combat_sword/swing_stab_01.lua

local spline_matrices = {
	[0.0166666666667] = {
		0.333,
		-0.78392,
		-0.524004,
		0,
		-0.942905,
		-0.280568,
		-0.179473,
		0,
		-0.006326,
		0.553851,
		-0.832592,
		0,
		0.101912,
		-0.185796,
		-0.662599,
		1
	},
	[0.0333333333333] = {
		0.241094,
		-0.932019,
		-0.270581,
		0,
		-0.968348,
		-0.212459,
		-0.131007,
		0,
		0.064613,
		0.293601,
		-0.953742,
		0,
		0.126779,
		-0.293479,
		-0.630703,
		1
	},
	[0.05] = {
		-0.032775,
		-0.99374,
		0.106805,
		0,
		-0.99873,
		0.028472,
		-0.041564,
		0,
		0.038263,
		-0.108032,
		-0.993411,
		0,
		0.156938,
		-0.459017,
		-0.554322,
		1
	},
	[0.0666666666667] = {
		-0.381256,
		-0.802949,
		0.458167,
		0,
		-0.901659,
		0.432384,
		0.007463,
		0,
		-0.204096,
		-0.410265,
		-0.888835,
		0,
		0.188501,
		-0.607447,
		-0.451201,
		1
	},
	[0.0833333333333] = {
		-0.736789,
		-0.195277,
		0.647309,
		0,
		-0.287048,
		0.957163,
		-0.037976,
		0,
		-0.612164,
		-0.213789,
		-0.761281,
		0,
		0.24416,
		-0.662897,
		-0.348323,
		1
	},
	[0] = {
		0.341006,
		-0.569596,
		-0.747847,
		0,
		-0.937337,
		-0.266537,
		-0.224403,
		0,
		-0.07151,
		0.777508,
		-0.624794,
		0,
		0.080477,
		-0.092094,
		-0.676671,
		1
	},
	[0.116666666667] = {
		-0.259451,
		0.64307,
		0.720518,
		0,
		0.796571,
		0.564323,
		-0.216828,
		0,
		-0.54604,
		0.517687,
		-0.658666,
		0,
		0.348416,
		-0.747583,
		-0.227065,
		1
	},
	[0.133333333333] = {
		-0.048285,
		0.662834,
		0.747208,
		0,
		0.910828,
		0.336254,
		-0.239427,
		0,
		-0.409952,
		0.669018,
		-0.619963,
		0,
		0.371104,
		-0.774339,
		-0.198975,
		1
	},
	[0.15] = {
		0.044657,
		0.597732,
		0.800452,
		0,
		0.946368,
		0.231335,
		-0.225546,
		0,
		-0.319988,
		0.767594,
		-0.555343,
		0,
		0.388304,
		-0.790814,
		-0.175532,
		1
	},
	[0.166666666667] = {
		0.069412,
		0.493418,
		0.867018,
		0,
		0.962099,
		0.196646,
		-0.188935,
		0,
		-0.26372,
		0.847271,
		-0.461067,
		0,
		0.406319,
		-0.790898,
		-0.164924,
		1
	},
	[0.183333333333] = {
		0.07099,
		0.361086,
		0.929826,
		0,
		0.975224,
		0.170678,
		-0.140736,
		0,
		-0.209519,
		0.91678,
		-0.340024,
		0,
		0.429455,
		-0.786872,
		-0.161572,
		1
	},
	[0.1] = {
		-0.541717,
		0.458425,
		0.704549,
		0,
		0.512936,
		0.844321,
		-0.15498,
		0,
		-0.665912,
		0.277433,
		-0.692526,
		0,
		0.31365,
		-0.709375,
		-0.270576,
		1
	},
	[0.216666666667] = {
		0.065964,
		0.073106,
		0.99514,
		0,
		0.991316,
		0.108902,
		-0.07371,
		0,
		-0.113761,
		0.991361,
		-0.065287,
		0,
		0.465883,
		-0.638327,
		-0.159524,
		1
	},
	[0.233333333333] = {
		0.068495,
		-0.036233,
		0.996993,
		0,
		0.994462,
		0.082329,
		-0.065329,
		0,
		-0.079715,
		0.995946,
		0.041671,
		0,
		0.466861,
		-0.439151,
		-0.151665,
		1
	},
	[0.25] = {
		0.056824,
		-0.055847,
		0.996821,
		0,
		0.992487,
		0.11152,
		-0.050329,
		0,
		-0.108355,
		0.992192,
		0.061765,
		0,
		0.361251,
		-0.03924,
		-0.113596,
		1
	},
	[0.266666666667] = {
		0.042313,
		-0.045087,
		0.998087,
		0,
		0.988373,
		0.147912,
		-0.03522,
		0,
		-0.146042,
		0.987972,
		0.050822,
		0,
		0.216525,
		0.356563,
		-0.067743,
		1
	},
	[0.283333333333] = {
		0.033194,
		-0.052414,
		0.998074,
		0,
		0.990154,
		0.137599,
		-0.025705,
		0,
		-0.135987,
		0.9891,
		0.056466,
		0,
		0.154992,
		0.559339,
		-0.051775,
		1
	},
	[0.2] = {
		0.059512,
		0.216884,
		0.974382,
		0,
		0.984246,
		0.150051,
		-0.093513,
		0,
		-0.166488,
		0.964596,
		-0.204537,
		0,
		0.451764,
		-0.743601,
		-0.160974,
		1
	},
	[0.316666666667] = {
		-0.000385,
		-0.041141,
		0.999153,
		0,
		0.993553,
		0.113257,
		0.005047,
		0,
		-0.113369,
		0.992714,
		0.040832,
		0,
		0.145853,
		0.619404,
		-0.039145,
		1
	},
	[0.333333333333] = {
		-0.023503,
		-0.018587,
		0.999551,
		0,
		0.991619,
		0.12662,
		0.025671,
		0,
		-0.127041,
		0.991777,
		0.015455,
		0,
		0.141806,
		0.611998,
		-0.040176,
		1
	},
	[0.35] = {
		-0.032689,
		-0.01573,
		0.999342,
		0,
		0.989336,
		0.141483,
		0.034588,
		0,
		-0.141934,
		0.989816,
		0.010938,
		0,
		0.138761,
		0.611051,
		-0.041565,
		1
	},
	[0.366666666667] = {
		-0.042213,
		-0.028472,
		0.998703,
		0,
		0.989242,
		0.138943,
		0.045774,
		0,
		-0.140066,
		0.989891,
		0.0223,
		0,
		0.143164,
		0.610562,
		-0.038731,
		1
	},
	[0.383333333333] = {
		-0.05154,
		-0.036577,
		0.998001,
		0,
		0.989064,
		0.136408,
		0.056078,
		0,
		-0.138186,
		0.989977,
		0.029146,
		0,
		0.146711,
		0.610722,
		-0.036529,
		1
	},
	[0.3] = {
		0.020751,
		-0.056574,
		0.998183,
		0,
		0.993274,
		0.114919,
		-0.014135,
		0,
		-0.11391,
		0.991763,
		0.058578,
		0,
		0.140845,
		0.629276,
		-0.044343,
		1
	},
	[0.416666666667] = {
		-0.067843,
		-0.052788,
		0.996299,
		0,
		0.98755,
		0.138501,
		0.074586,
		0,
		-0.141926,
		0.988954,
		0.042734,
		0,
		0.147135,
		0.613947,
		-0.031944,
		1
	},
	[0.433333333333] = {
		-0.077751,
		-0.060121,
		0.995158,
		0,
		0.986358,
		0.140633,
		0.08556,
		0,
		-0.145096,
		0.988235,
		0.048367,
		0,
		0.146263,
		0.616107,
		-0.029135,
		1
	},
	[0.45] = {
		-0.090764,
		-0.066432,
		0.993654,
		0,
		0.984766,
		0.14261,
		0.099486,
		0,
		-0.148314,
		0.987547,
		0.052476,
		0,
		0.145681,
		0.618137,
		-0.026123,
		1
	},
	[0.466666666667] = {
		-0.108333,
		-0.07131,
		0.991554,
		0,
		0.982584,
		0.143793,
		0.117695,
		0,
		-0.150971,
		0.987035,
		0.05449,
		0,
		0.146907,
		0.619694,
		-0.023518,
		1
	},
	[0.483333333333] = {
		-0.129715,
		-0.074592,
		0.988742,
		0,
		0.979661,
		0.144319,
		0.139412,
		0,
		-0.153093,
		0.986716,
		0.054354,
		0,
		0.150021,
		0.62066,
		-0.021322,
		1
	},
	[0.4] = {
		-0.059588,
		-0.044816,
		0.997217,
		0,
		0.988439,
		0.136874,
		0.065215,
		0,
		-0.139416,
		0.989574,
		0.036142,
		0,
		0.147536,
		0.612028,
		-0.03434,
		1
	},
	[0.516666666667] = {
		-0.182216,
		-0.078557,
		0.980115,
		0,
		0.970625,
		0.144905,
		0.192066,
		0,
		-0.157112,
		0.986322,
		0.049845,
		0,
		0.153397,
		0.620909,
		-0.016984,
		1
	},
	[0.533333333333] = {
		-0.215597,
		-0.080437,
		0.973164,
		0,
		0.963437,
		0.144837,
		0.225413,
		0,
		-0.159082,
		0.986181,
		0.04627,
		0,
		0.155336,
		0.619865,
		-0.014581,
		1
	},
	[0.55] = {
		-0.255191,
		-0.083055,
		0.963317,
		0,
		0.953377,
		0.144378,
		0.265006,
		0,
		-0.161092,
		0.986031,
		0.042338,
		0,
		0.158548,
		0.617033,
		-0.011232,
		1
	},
	[0.566666666667] = {
		-0.31158,
		-0.085842,
		0.946334,
		0,
		0.936084,
		0.143416,
		0.321215,
		0,
		-0.163293,
		0.985933,
		0.035669,
		0,
		0.163764,
		0.611547,
		-0.006105,
		1
	},
	[0.583333333333] = {
		-0.382946,
		-0.08868,
		0.919504,
		0,
		0.908821,
		0.142187,
		0.392209,
		0,
		-0.165522,
		0.985859,
		0.026144,
		0,
		0.171615,
		0.602609,
		0.000109,
		1
	},
	[0.5] = {
		-0.153963,
		-0.076808,
		0.985087,
		0,
		0.975823,
		0.144706,
		0.163798,
		0,
		-0.155129,
		0.986489,
		0.052672,
		0,
		0.151905,
		0.621033,
		-0.019188,
		1
	},
	[0.616666666667] = {
		-0.504292,
		-0.099723,
		0.857756,
		0,
		0.846454,
		0.139492,
		0.513865,
		0,
		-0.170894,
		0.985189,
		0.014066,
		0,
		0.204719,
		0.571363,
		0.009467,
		1
	},
	[0.633333333333] = {
		-0.525957,
		-0.11038,
		0.843318,
		0,
		0.832186,
		0.137928,
		0.537068,
		0,
		-0.175599,
		0.984272,
		0.019312,
		0,
		0.241006,
		0.547568,
		0.01044,
		1
	},
	[0.65] = {
		-0.517227,
		-0.125865,
		0.846542,
		0,
		0.835383,
		0.140764,
		0.531338,
		0,
		-0.18604,
		0.98201,
		0.032339,
		0,
		0.288701,
		0.506019,
		0.008181,
		1
	},
	[0.666666666667] = {
		-0.488452,
		-0.145212,
		0.860423,
		0,
		0.848902,
		0.149122,
		0.507079,
		0,
		-0.201942,
		0.978098,
		0.050432,
		0,
		0.34432,
		0.441129,
		0.001452,
		1
	},
	[0.683333333333] = {
		-0.442399,
		-0.16666,
		0.881197,
		0,
		0.870127,
		0.15817,
		0.466756,
		0,
		-0.217169,
		0.973245,
		0.075041,
		0,
		0.404355,
		0.362104,
		-0.010419,
		1
	},
	[0.6] = {
		-0.452253,
		-0.092878,
		0.887041,
		0,
		0.875958,
		0.140888,
		0.461354,
		0,
		-0.167823,
		0.985659,
		0.01764,
		0,
		0.182982,
		0.589459,
		0.005829,
		1
	},
	[0.716666666667] = {
		-0.310046,
		-0.210328,
		0.927164,
		0,
		0.924777,
		0.159554,
		0.345443,
		0,
		-0.220589,
		0.964523,
		0.145038,
		0,
		0.523207,
		0.1981,
		-0.045295,
		1
	},
	[0.733333333333] = {
		-0.230417,
		-0.23254,
		0.944899,
		0,
		0.953149,
		0.141645,
		0.267288,
		0,
		-0.195996,
		0.962217,
		0.189007,
		0,
		0.574601,
		0.131173,
		-0.066073,
		1
	},
	[0.75] = {
		-0.133373,
		-0.266976,
		0.954429,
		0,
		0.981591,
		0.097259,
		0.164375,
		0,
		-0.136711,
		0.958783,
		0.24909,
		0,
		0.619142,
		0.080705,
		-0.089446,
		1
	},
	[0.766666666667] = {
		-0.018336,
		-0.315263,
		0.948827,
		0,
		0.998893,
		0.035337,
		0.031044,
		0,
		-0.043315,
		0.948346,
		0.314266,
		0,
		0.658612,
		0.040898,
		-0.116556,
		1
	},
	[0.783333333333] = {
		0.099356,
		-0.360603,
		0.927412,
		0,
		0.993172,
		-0.021329,
		-0.114695,
		0,
		0.06114,
		0.932475,
		0.356022,
		0,
		0.692504,
		0.006957,
		-0.146375,
		1
	},
	[0.7] = {
		-0.381887,
		-0.188617,
		0.904757,
		0,
		0.896279,
		0.163265,
		0.412345,
		0,
		-0.22549,
		0.968384,
		0.106705,
		0,
		0.46521,
		0.278074,
		-0.026355,
		1
	},
	[0.816666666667] = {
		0.327654,
		-0.378307,
		0.865752,
		0,
		0.920748,
		-0.07758,
		-0.382368,
		0,
		0.211818,
		0.922424,
		0.322905,
		0,
		0.737589,
		-0.056422,
		-0.211159,
		1
	},
	[0.833333333333] = {
		0.451496,
		-0.359145,
		0.816803,
		0,
		0.853486,
		-0.093137,
		-0.512725,
		0,
		0.260217,
		0.928623,
		0.264474,
		0,
		0.738501,
		-0.077575,
		-0.247369,
		1
	},
	[0.85] = {
		0.577317,
		-0.327636,
		0.747904,
		0,
		0.76305,
		-0.109531,
		-0.636991,
		0,
		0.29062,
		0.938434,
		0.186768,
		0,
		0.722273,
		-0.092979,
		-0.283062,
		1
	},
	[0.866666666667] = {
		0.69712,
		-0.287075,
		0.656971,
		0,
		0.650858,
		-0.130894,
		-0.74783,
		0,
		0.300677,
		0.948923,
		0.095596,
		0,
		0.687845,
		-0.107159,
		-0.318057,
		1
	},
	[0.883333333333] = {
		0.802531,
		-0.241978,
		0.545335,
		0,
		0.521373,
		-0.159892,
		-0.838215,
		0,
		0.290024,
		0.957017,
		-0.002158,
		0,
		0.639506,
		-0.118879,
		-0.352201,
		1
	},
	[0.8] = {
		0.21204,
		-0.382881,
		0.899134,
		0,
		0.96589,
		-0.057838,
		-0.252412,
		0,
		0.148648,
		0.921985,
		0.357557,
		0,
		0.720893,
		-0.02599,
		-0.177323,
		1
	},
	[0.916666666667] = {
		0.945766,
		-0.159752,
		0.282855,
		0,
		0.240286,
		-0.24193,
		-0.94007,
		0,
		0.218609,
		0.957052,
		-0.190423,
		0,
		0.519872,
		-0.132324,
		-0.418421,
		1
	},
	[0.933333333333] = {
		0.979907,
		-0.132768,
		0.148844,
		0,
		0.10498,
		-0.291207,
		-0.950883,
		0,
		0.169591,
		0.947402,
		-0.271418,
		0,
		0.458231,
		-0.137592,
		-0.451482,
		1
	},
	[0.95] = {
		0.99245,
		-0.120208,
		0.024368,
		0,
		-0.018335,
		-0.341839,
		-0.93958,
		0,
		0.121275,
		0.932039,
		-0.341462,
		0,
		0.392963,
		-0.141738,
		-0.489126,
		1
	},
	[0.966666666667] = {
		0.988697,
		-0.12427,
		-0.083875,
		0,
		-0.126449,
		-0.390598,
		-0.911836,
		0,
		0.080552,
		0.912135,
		-0.401897,
		0,
		0.320459,
		-0.143904,
		-0.532987,
		1
	},
	[0.983333333333] = {
		0.973991,
		-0.142918,
		-0.175829,
		0,
		-0.221639,
		-0.439649,
		-0.870394,
		0,
		0.047092,
		0.886726,
		-0.45989,
		0,
		0.245362,
		-0.143612,
		-0.579794,
		1
	},
	[0.9] = {
		0.886663,
		-0.19772,
		0.418014,
		0,
		0.381712,
		-0.19729,
		-0.90298,
		0,
		0.261007,
		0.9602,
		-0.099458,
		0,
		0.581907,
		-0.126737,
		-0.385552,
		1
	},
	[1.01666666667] = {
		0.922544,
		-0.20959,
		-0.324013,
		0,
		-0.385456,
		-0.54037,
		-0.747946,
		0,
		-0.018325,
		0.814906,
		-0.579303,
		0,
		0.105008,
		-0.126338,
		-0.667527,
		1
	},
	[1.03333333333] = {
		0.889089,
		-0.253242,
		-0.381299,
		0,
		-0.454615,
		-0.585627,
		-0.671093,
		0,
		-0.05335,
		0.770006,
		-0.635802,
		0,
		0.049298,
		-0.097453,
		-0.700928,
		1
	},
	[1.05] = {
		0.852465,
		-0.300066,
		-0.428092,
		0,
		-0.514854,
		-0.623958,
		-0.587879,
		0,
		-0.090709,
		0.721552,
		-0.686392,
		0,
		0.009525,
		-0.059734,
		-0.722391,
		1
	},
	[1.06666666667] = {
		0.814283,
		-0.346762,
		-0.46551,
		0,
		-0.56572,
		-0.65371,
		-0.502618,
		0,
		-0.13002,
		0.672621,
		-0.728475,
		0,
		-0.01532,
		-0.019141,
		-0.72829,
		1
	},
	[1.08333333333] = {
		0.776244,
		-0.389838,
		-0.495451,
		0,
		-0.607024,
		-0.674346,
		-0.420451,
		0,
		-0.170197,
		0.627123,
		-0.760098,
		0,
		-0.028832,
		0.018355,
		-0.72484,
		1
	},
	{
		0.951342,
		-0.17201,
		-0.255658,
		0,
		-0.307783,
		-0.490695,
		-0.815161,
		0,
		0.014766,
		0.854184,
		-0.519761,
		0,
		0.171981,
		-0.140482,
		-0.625896,
		1
	},
	[1.11666666667] = {
		0.714646,
		-0.446849,
		-0.538152,
		0,
		-0.657547,
		-0.691554,
		-0.298973,
		0,
		-0.238565,
		0.56752,
		-0.788041,
		0,
		-0.029726,
		0.059409,
		-0.718064,
		1
	},
	[1.13333333333] = {
		0.695298,
		-0.461055,
		-0.551352,
		0,
		-0.669556,
		-0.694371,
		-0.263712,
		0,
		-0.261257,
		0.552519,
		-0.791497,
		0,
		-0.024136,
		0.060686,
		-0.715707,
		1
	},
	[1.1] = {
		0.740033,
		-0.425836,
		-0.520591,
		0,
		-0.639062,
		-0.686476,
		-0.346915,
		0,
		-0.209645,
		0.589418,
		-0.780151,
		0,
		-0.034649,
		0.04677,
		-0.720976,
		1
	}
}

return spline_matrices
