-- chunkname: @content/characters/player/human/first_person/animations/combat_sword/swing_up_right.lua

local spline_matrices = {
	[0.0166666666667] = {
		0.463254,
		0.605137,
		-0.64746,
		0,
		0.139158,
		-0.771189,
		-0.621211,
		0,
		-0.875232,
		0.197679,
		-0.441466,
		0,
		-0.068526,
		-0.027864,
		-0.79429,
		1
	},
	[0.0333333333333] = {
		0.267254,
		0.913226,
		-0.307562,
		0,
		0.332293,
		-0.386933,
		-0.860154,
		0,
		-0.90452,
		0.127679,
		-0.406868,
		0,
		-0.090143,
		-0.007682,
		-0.794935,
		1
	},
	[0.05] = {
		0.044365,
		0.987098,
		0.15385,
		0,
		0.429327,
		0.120217,
		-0.895112,
		0,
		-0.902059,
		0.105764,
		-0.418454,
		0,
		-0.130115,
		0.033658,
		-0.780926,
		1
	},
	[0.0666666666667] = {
		-0.229103,
		0.750092,
		0.620381,
		0,
		0.397677,
		0.653845,
		-0.643692,
		0,
		-0.888462,
		0.09924,
		-0.448093,
		0,
		-0.181434,
		0.090316,
		-0.742207,
		1
	},
	[0.0833333333333] = {
		-0.438992,
		0.257824,
		0.860705,
		0,
		0.179782,
		0.963778,
		-0.197004,
		0,
		-0.880321,
		0.068256,
		-0.469443,
		0,
		-0.244578,
		0.145961,
		-0.68258,
		1
	},
	[0] = {
		0.566922,
		0.156589,
		-0.808752,
		0,
		-0.157873,
		-0.942916,
		-0.293232,
		0,
		-0.808502,
		0.29392,
		-0.509839,
		0,
		-0.068591,
		-0.025096,
		-0.783953,
		1
	},
	[0.116666666667] = {
		-0.250417,
		-0.595005,
		0.763715,
		0,
		-0.487392,
		0.759073,
		0.431576,
		0,
		-0.836505,
		-0.264155,
		-0.480085,
		0,
		-0.390518,
		0.208093,
		-0.570232,
		1
	},
	[0.133333333333] = {
		0.057501,
		-0.791834,
		0.608023,
		0,
		-0.704411,
		0.3994,
		0.586758,
		0,
		-0.70746,
		-0.462037,
		-0.534811,
		0,
		-0.445806,
		0.221276,
		-0.518725,
		1
	},
	[0.15] = {
		0.281659,
		-0.8792,
		0.384287,
		0,
		-0.779442,
		0.023924,
		0.626018,
		0,
		-0.559588,
		-0.475853,
		-0.678547,
		0,
		-0.479486,
		0.24236,
		-0.478117,
		1
	},
	[0.166666666667] = {
		0.330452,
		-0.917093,
		0.223028,
		0,
		-0.81454,
		-0.157739,
		0.55825,
		0,
		-0.476787,
		-0.36614,
		-0.799134,
		0,
		-0.490992,
		0.279273,
		-0.44961,
		1
	},
	[0.183333333333] = {
		-0.063952,
		-0.90513,
		0.420298,
		0,
		-0.870894,
		0.256268,
		0.419369,
		0,
		-0.487292,
		-0.339215,
		-0.804661,
		0,
		-0.462508,
		0.355851,
		-0.435282,
		1
	},
	[0.1] = {
		-0.466027,
		-0.233175,
		0.853492,
		0,
		-0.142444,
		0.971837,
		0.18773,
		0,
		-0.873229,
		-0.034088,
		-0.486116,
		0,
		-0.317164,
		0.186516,
		-0.624409,
		1
	},
	[0.216666666667] = {
		-0.651198,
		-0.415574,
		0.635011,
		0,
		-0.394164,
		0.90024,
		0.184939,
		0,
		-0.648519,
		-0.129867,
		-0.750039,
		0,
		-0.241252,
		0.560565,
		-0.385502,
		1
	},
	[0.233333333333] = {
		-0.772857,
		-0.249017,
		0.58368,
		0,
		-0.103677,
		0.95698,
		0.271,
		0,
		-0.626054,
		0.14893,
		-0.765426,
		0,
		-0.115293,
		0.670822,
		-0.309189,
		1
	},
	[0.25] = {
		-0.869795,
		-0.109988,
		0.480999,
		0,
		0.273427,
		0.704026,
		0.655428,
		0,
		-0.410725,
		0.701605,
		-0.582284,
		0,
		-0.034957,
		0.76126,
		-0.171581,
		1
	},
	[0.266666666667] = {
		-0.939571,
		-0.101891,
		0.32684,
		0,
		0.287712,
		0.282415,
		0.91513,
		0,
		-0.185548,
		0.953866,
		-0.236034,
		0,
		0.036514,
		0.776267,
		0.013169,
		1
	},
	[0.283333333333] = {
		-0.889168,
		0.009102,
		0.457491,
		0,
		0.457183,
		0.059347,
		0.88739,
		0,
		-0.019073,
		0.998196,
		-0.05693,
		0,
		0.110619,
		0.737905,
		0.146053,
		1
	},
	[0.2] = {
		-0.464241,
		-0.633312,
		0.61919,
		0,
		-0.640363,
		0.722965,
		0.259339,
		0,
		-0.611895,
		-0.27611,
		-0.741179,
		0,
		-0.381318,
		0.453694,
		-0.422042,
		1
	},
	[0.316666666667] = {
		-0.871188,
		-0.253145,
		0.420653,
		0,
		0.490622,
		-0.480175,
		0.727133,
		0,
		0.017917,
		0.839851,
		0.542522,
		0,
		0.243423,
		0.630133,
		0.273454,
		1
	},
	[0.333333333333] = {
		-0.953888,
		-0.104255,
		0.281476,
		0,
		0.289366,
		-0.568645,
		0.770006,
		0,
		0.079783,
		0.815949,
		0.572592,
		0,
		0.313299,
		0.47955,
		0.327014,
		1
	},
	[0.35] = {
		-0.971304,
		0.088027,
		0.220954,
		0,
		0.082232,
		-0.74741,
		0.659254,
		0,
		0.223175,
		0.658505,
		0.718724,
		0,
		0.462893,
		0.270611,
		0.358979,
		1
	},
	[0.366666666667] = {
		-0.920087,
		0.310956,
		0.238217,
		0,
		-0.183222,
		-0.879149,
		0.439917,
		0,
		0.346223,
		0.361116,
		0.865867,
		0,
		0.638312,
		0.080218,
		0.353225,
		1
	},
	[0.383333333333] = {
		-0.791047,
		0.507389,
		0.34176,
		0,
		-0.430738,
		-0.858658,
		0.277795,
		0,
		0.434406,
		0.07254,
		0.897792,
		0,
		0.757426,
		-0.085377,
		0.292043,
		1
	},
	[0.3] = {
		-0.840417,
		-0.153075,
		0.519872,
		0,
		0.54162,
		-0.270179,
		0.796022,
		0,
		0.018607,
		0.950564,
		0.309971,
		0,
		0.204923,
		0.688982,
		0.225801,
		1
	},
	[0.416666666667] = {
		-0.3222,
		0.654081,
		0.684373,
		0,
		-0.661783,
		-0.672558,
		0.331224,
		0,
		0.676927,
		-0.346186,
		0.649557,
		0,
		0.810227,
		-0.254647,
		0.207562,
		1
	},
	[0.433333333333] = {
		-0.057271,
		0.589457,
		0.805767,
		0,
		-0.703157,
		-0.596762,
		0.386582,
		0,
		0.708725,
		-0.544441,
		0.448658,
		0,
		0.784422,
		-0.295026,
		0.161481,
		1
	},
	[0.45] = {
		0.13307,
		0.482419,
		0.865774,
		0,
		-0.753509,
		-0.518215,
		0.40457,
		0,
		0.643829,
		-0.706205,
		0.294549,
		0,
		0.746502,
		-0.357558,
		0.104529,
		1
	},
	[0.466666666667] = {
		0.270886,
		0.366898,
		0.889947,
		0,
		-0.786344,
		-0.448917,
		0.424425,
		0,
		0.555233,
		-0.814776,
		0.166903,
		0,
		0.707017,
		-0.406687,
		0.055343,
		1
	},
	[0.483333333333] = {
		0.386796,
		0.252588,
		0.886898,
		0,
		-0.791761,
		-0.402094,
		0.459821,
		0,
		0.472762,
		-0.880068,
		0.044461,
		0,
		0.661395,
		-0.425987,
		0.029375,
		1
	},
	[0.4] = {
		-0.588406,
		0.627799,
		0.509556,
		0,
		-0.587708,
		-0.764885,
		0.263726,
		0,
		0.555318,
		-0.144292,
		0.819025,
		0,
		0.8067,
		-0.19199,
		0.241324,
		1
	},
	[0.516666666667] = {
		0.540853,
		0.115136,
		0.8332,
		0,
		-0.732059,
		-0.423379,
		0.533705,
		0,
		0.414208,
		-0.898607,
		-0.144699,
		0,
		0.566247,
		-0.469389,
		0.003139,
		1
	},
	[0.533333333333] = {
		0.601129,
		0.093478,
		0.793666,
		0,
		-0.669476,
		-0.483427,
		0.564004,
		0,
		0.436401,
		-0.87038,
		-0.22802,
		0,
		0.511318,
		-0.482182,
		-0.029498,
		1
	},
	[0.55] = {
		0.663005,
		0.074928,
		0.744856,
		0,
		-0.608893,
		-0.524867,
		0.594781,
		0,
		0.435516,
		-0.84788,
		-0.302366,
		0,
		0.454249,
		-0.486506,
		-0.074192,
		1
	},
	[0.566666666667] = {
		0.724737,
		0.062002,
		0.686231,
		0,
		-0.540588,
		-0.56636,
		0.622094,
		0,
		0.427225,
		-0.821822,
		-0.376944,
		0,
		0.403149,
		-0.490045,
		-0.115814,
		1
	},
	[0.583333333333] = {
		0.784079,
		0.055102,
		0.61821,
		0,
		-0.465158,
		-0.607271,
		0.644089,
		0,
		0.410911,
		-0.792582,
		-0.450518,
		0,
		0.351923,
		-0.492968,
		-0.153687,
		1
	},
	[0.5] = {
		0.474225,
		0.163182,
		0.865148,
		0,
		-0.777146,
		-0.384176,
		0.49845,
		0,
		0.413708,
		-0.908725,
		-0.05537,
		0,
		0.613816,
		-0.445968,
		0.013422,
		1
	},
	[0.616666666667] = {
		0.886609,
		0.060062,
		0.458604,
		0,
		-0.298038,
		-0.684042,
		0.665777,
		0,
		0.353693,
		-0.726965,
		-0.588577,
		0,
		0.235012,
		-0.497292,
		-0.215359,
		1
	},
	[0.633333333333] = {
		0.925929,
		0.071549,
		0.370858,
		0,
		-0.210215,
		-0.718134,
		0.663395,
		0,
		0.313791,
		-0.692217,
		-0.649901,
		0,
		0.175816,
		-0.498433,
		-0.237791,
		1
	},
	[0.65] = {
		0.955584,
		0.088211,
		0.281207,
		0,
		-0.122752,
		-0.748329,
		0.651871,
		0,
		0.267938,
		-0.657437,
		-0.704263,
		0,
		0.120457,
		-0.498773,
		-0.253726,
		1
	},
	[0.666666666667] = {
		0.97522,
		0.109003,
		0.192523,
		0,
		-0.038217,
		-0.774122,
		0.631881,
		0,
		0.217913,
		-0.623581,
		-0.750774,
		0,
		0.072188,
		-0.498264,
		-0.262498,
		1
	},
	[0.683333333333] = {
		0.985307,
		0.132617,
		0.107624,
		0,
		0.040984,
		-0.795323,
		0.604799,
		0,
		0.165803,
		-0.591501,
		-0.789073,
		0,
		0.034232,
		-0.497024,
		-0.267385,
		1
	},
	[0.6] = {
		0.838746,
		0.054462,
		0.541792,
		0,
		-0.383743,
		-0.646796,
		0.659088,
		0,
		0.386325,
		-0.760716,
		-0.521598,
		0,
		0.294797,
		-0.495432,
		-0.187098,
		1
	},
	[0.716666666667] = {
		0.982352,
		0.182431,
		-0.041261,
		0,
		0.175748,
		-0.824822,
		0.537384,
		0,
		0.064003,
		-0.535152,
		-0.842328,
		0,
		-0.004651,
		-0.492884,
		-0.276695,
		1
	},
	[0.733333333333] = {
		0.973299,
		0.205696,
		-0.101873,
		0,
		0.228818,
		-0.834259,
		0.501651,
		0,
		0.018199,
		-0.511567,
		-0.859051,
		0,
		-0.015346,
		-0.490368,
		-0.281019,
		1
	},
	[0.75] = {
		0.962211,
		0.226078,
		-0.151784,
		0,
		0.271418,
		-0.841222,
		0.46763,
		0,
		-0.021963,
		-0.491156,
		-0.870795,
		0,
		-0.022971,
		-0.487688,
		-0.285082,
		1
	},
	[0.766666666667] = {
		0.951313,
		0.242416,
		-0.190365,
		0,
		0.303257,
		-0.846594,
		0.437394,
		0,
		-0.05513,
		-0.473828,
		-0.87889,
		0,
		-0.028224,
		-0.484898,
		-0.288866,
		1
	},
	[0.783333333333] = {
		0.941594,
		0.255177,
		-0.21974,
		0,
		0.326628,
		-0.850847,
		0.41155,
		0,
		-0.081947,
		-0.459286,
		-0.884501,
		0,
		-0.031769,
		-0.482056,
		-0.292352,
		1
	},
	[0.7] = {
		0.987077,
		0.157593,
		0.029043,
		0,
		0.112806,
		-0.812073,
		0.572549,
		0,
		0.113814,
		-0.561874,
		-0.819356,
		0,
		0.009809,
		-0.495174,
		-0.272128,
		1
	},
	[0.816666666667] = {
		0.925806,
		0.273644,
		-0.260773,
		0,
		0.357836,
		-0.856772,
		0.371343,
		0,
		-0.121807,
		-0.437106,
		-0.891124,
		0,
		-0.036422,
		-0.476405,
		-0.298406,
		1
	},
	[0.833333333333] = {
		0.920213,
		0.279542,
		-0.27398,
		0,
		0.367183,
		-0.858978,
		0.356838,
		0,
		-0.135592,
		-0.428967,
		-0.893086,
		0,
		-0.038935,
		-0.473663,
		-0.300986,
		1
	},
	[0.85] = {
		0.916243,
		0.283393,
		-0.283173,
		0,
		0.373157,
		-0.860908,
		0.34582,
		0,
		-0.145783,
		-0.422524,
		-0.894551,
		0,
		-0.041735,
		-0.471003,
		-0.303279,
		1
	},
	[0.866666666667] = {
		0.913849,
		0.28535,
		-0.288888,
		0,
		0.376229,
		-0.862657,
		0.338046,
		0,
		-0.15275,
		-0.417611,
		-0.895695,
		0,
		-0.044279,
		-0.468432,
		-0.305296,
		1
	},
	[0.883333333333] = {
		0.91292,
		0.285575,
		-0.291588,
		0,
		0.376795,
		-0.864279,
		0.333237,
		0,
		-0.156849,
		-0.414088,
		-0.896621,
		0,
		-0.046579,
		-0.465971,
		-0.307042,
		1
	},
	[0.8] = {
		0.932985,
		0.265561,
		-0.242933,
		0,
		0.344546,
		-0.854136,
		0.389538,
		0,
		-0.104052,
		-0.447135,
		-0.888394,
		0,
		-0.034268,
		-0.479213,
		-0.29553,
		1
	},
	[0.916666666667] = {
		0.914831,
		0.28152,
		-0.289534,
		0,
		0.371726,
		-0.8672,
		0.331335,
		0,
		-0.157807,
		-0.410743,
		-0.89799,
		0,
		-0.050492,
		-0.461445,
		-0.309746,
		1
	},
	[0.933333333333] = {
		0.917296,
		0.277603,
		-0.285492,
		0,
		0.366664,
		-0.868477,
		0.333625,
		0,
		-0.155328,
		-0.410713,
		-0.898437,
		0,
		-0.052129,
		-0.459415,
		-0.310713,
		1
	},
	[0.95] = {
		0.920496,
		0.27268,
		-0.279881,
		0,
		0.360268,
		-0.869594,
		0.337658,
		0,
		-0.15131,
		-0.411645,
		-0.898696,
		0,
		-0.053571,
		-0.457563,
		-0.311429,
		1
	},
	[0.966666666667] = {
		0.924227,
		0.266953,
		-0.273023,
		0,
		0.352799,
		-0.870519,
		0.343118,
		0,
		-0.146075,
		-0.413441,
		-0.898737,
		0,
		-0.05483,
		-0.455905,
		-0.311899,
		1
	},
	[0.983333333333] = {
		0.928288,
		0.260628,
		-0.265245,
		0,
		0.344523,
		-0.871218,
		0.34969,
		0,
		-0.139947,
		-0.415996,
		-0.898533,
		0,
		-0.055919,
		-0.454457,
		-0.312126,
		1
	},
	[0.9] = {
		0.913308,
		0.284239,
		-0.29168,
		0,
		0.375195,
		-0.865795,
		0.331102,
		0,
		-0.158423,
		-0.411835,
		-0.897382,
		0,
		-0.048646,
		-0.463636,
		-0.308524,
		1
	},
	[1.01666666667] = {
		0.936655,
		0.247111,
		-0.248219,
		0,
		0.326683,
		-0.871939,
		0.364692,
		0,
		-0.126313,
		-0.42268,
		-0.897434,
		0,
		-0.057637,
		-0.452165,
		-0.311996,
		1
	},
	[1.03333333333] = {
		0.940625,
		0.240407,
		-0.239644,
		0,
		0.317731,
		-0.87202,
		0.372327,
		0,
		-0.119464,
		-0.426362,
		-0.896629,
		0,
		-0.058291,
		-0.451286,
		-0.311744,
		1
	},
	[1.05] = {
		0.944256,
		0.234058,
		-0.231511,
		0,
		0.309199,
		-0.871975,
		0.379547,
		0,
		-0.113036,
		-0.429973,
		-0.895738,
		0,
		-0.058822,
		-0.450563,
		-0.311428,
		1
	},
	[1.06666666667] = {
		0.947422,
		0.228301,
		-0.22421,
		0,
		0.301438,
		-0.871866,
		0.385984,
		0,
		-0.107361,
		-0.433276,
		-0.894844,
		0,
		-0.059243,
		-0.449982,
		-0.311098,
		1
	},
	[1.08333333333] = {
		0.950011,
		0.223368,
		-0.218143,
		0,
		0.294817,
		-0.871771,
		0.391277,
		0,
		-0.102772,
		-0.43603,
		-0.894045,
		0,
		-0.059563,
		-0.449528,
		-0.310799,
		1
	},
	{
		0.93249,
		0.253931,
		-0.256869,
		0,
		0.335719,
		-0.871683,
		0.357018,
		0,
		-0.13325,
		-0.419152,
		-0.898085,
		0,
		-0.056851,
		-0.453217,
		-0.31214,
		1
	},
	[1.11666666667] = {
		0.953039,
		0.216897,
		-0.211358,
		0,
		0.286489,
		-0.871956,
		0.397009,
		0,
		-0.098185,
		-0.438917,
		-0.893147,
		0,
		-0.059944,
		-0.448942,
		-0.310482,
		1
	},
	[1.13333333333] = {
		0.953285,
		0.215717,
		-0.211458,
		0,
		0.285441,
		-0.872358,
		0.396883,
		0,
		-0.098852,
		-0.438701,
		-0.89318,
		0,
		-0.060048,
		-0.448824,
		-0.310489,
		1
	},
	[1.1] = {
		0.951918,
		0.219489,
		-0.213722,
		0,
		0.28971,
		-0.871773,
		0.39507,
		0,
		-0.099603,
		-0.437992,
		-0.893444,
		0,
		-0.059793,
		-0.449186,
		-0.310578,
		1
	}
}

return spline_matrices
