-- chunkname: @content/characters/player/human/first_person/animations/combat_sword/swing_left_diagonal_up.lua

local spline_matrices = {
	[0.0166666666667] = {
		0.904446,
		-0.393482,
		-0.164774,
		0,
		-0.385385,
		-0.588052,
		-0.711107,
		0,
		0.182912,
		0.706659,
		-0.683503,
		0,
		-0.091182,
		0.063492,
		-0.752914,
		1,
	},
	[0.0333333333333] = {
		0.83703,
		-0.543037,
		-0.067017,
		0,
		-0.394382,
		-0.513877,
		-0.761836,
		0,
		0.379266,
		0.66411,
		-0.644294,
		0,
		-0.056319,
		0.081061,
		-0.736665,
		1,
	},
	[0.05] = {
		0.385546,
		-0.917003,
		-0.102268,
		0,
		-0.489891,
		-0.109516,
		-0.864878,
		0,
		0.781896,
		0.383551,
		-0.491455,
		0,
		-0.003508,
		0.118214,
		-0.710075,
		1,
	},
	[0.0666666666667] = {
		-0.216444,
		-0.931684,
		-0.291749,
		0,
		-0.377679,
		0.355472,
		-0.854985,
		0,
		0.900284,
		-0.074869,
		-0.428817,
		0,
		0.061196,
		0.153622,
		-0.672588,
		1,
	},
	[0.0833333333333] = {
		-0.445892,
		-0.724378,
		-0.525792,
		0,
		-0.245708,
		0.663911,
		-0.706293,
		0,
		0.860702,
		-0.18574,
		-0.474018,
		0,
		0.124536,
		0.196877,
		-0.625956,
		1,
	},
	[0] = {
		0.9078,
		-0.352677,
		-0.226976,
		0,
		-0.401116,
		-0.572022,
		-0.715469,
		0,
		0.122494,
		0.740547,
		-0.660747,
		0,
		-0.104649,
		0.057568,
		-0.750889,
		1,
	},
	[0.116666666667] = {
		-0.918467,
		-0.24591,
		-0.309753,
		0,
		-0.012677,
		0.8011,
		-0.598397,
		0,
		0.395294,
		-0.545681,
		-0.738901,
		0,
		0.259091,
		0.262212,
		-0.551027,
		1,
	},
	[0.133333333333] = {
		-0.64446,
		-0.331667,
		-0.688961,
		0,
		0.155963,
		0.82507,
		-0.543079,
		0,
		0.748563,
		-0.457445,
		-0.479997,
		0,
		0.360337,
		0.313265,
		-0.490189,
		1,
	},
	[0.15] = {
		-0.631291,
		-0.168798,
		-0.756954,
		0,
		0.27787,
		0.862,
		-0.423964,
		0,
		0.724058,
		-0.477979,
		-0.497269,
		0,
		0.441046,
		0.360484,
		-0.441309,
		1,
	},
	[0.166666666667] = {
		-0.610452,
		-0.030047,
		-0.791483,
		0,
		0.340038,
		0.892564,
		-0.296148,
		0,
		0.715348,
		-0.449919,
		-0.534651,
		0,
		0.501706,
		0.411115,
		-0.39479,
		1,
	},
	[0.183333333333] = {
		-0.26821,
		-0.148132,
		-0.951904,
		0,
		0.332445,
		0.913176,
		-0.235775,
		0,
		0.904181,
		-0.379693,
		-0.195677,
		0,
		0.533209,
		0.466301,
		-0.356675,
		1,
	},
	[0.1] = {
		-0.542078,
		-0.636638,
		-0.548492,
		0,
		-0.109249,
		0.700564,
		-0.705177,
		0,
		0.833196,
		-0.322339,
		-0.449312,
		0,
		0.194479,
		0.228878,
		-0.5846,
		1,
	},
	[0.216666666667] = {
		-0.522655,
		0.249831,
		-0.815117,
		0,
		-0.028388,
		0.950469,
		0.309519,
		0,
		0.852071,
		0.184912,
		-0.489675,
		0,
		0.429716,
		0.594389,
		-0.282714,
		1,
	},
	[0.233333333333] = {
		-0.59178,
		0.175829,
		-0.78669,
		0,
		-0.387097,
		0.794047,
		0.468663,
		0,
		0.707073,
		0.581871,
		-0.401838,
		0,
		0.293681,
		0.667382,
		-0.218738,
		1,
	},
	[0.25] = {
		-0.663128,
		0.176681,
		-0.727355,
		0,
		-0.50058,
		0.617777,
		0.606441,
		0,
		0.55649,
		0.766248,
		-0.321222,
		0,
		0.174134,
		0.712057,
		-0.141964,
		1,
	},
	[0.266666666667] = {
		-0.703343,
		0.166625,
		-0.691046,
		0,
		-0.630732,
		0.302072,
		0.714793,
		0,
		0.327848,
		0.93861,
		-0.107365,
		0,
		0.056408,
		0.716544,
		-0.055654,
		1,
	},
	[0.283333333333] = {
		-0.682758,
		0.02268,
		-0.730293,
		0,
		-0.730603,
		-0.031895,
		0.682057,
		0,
		-0.007824,
		0.999234,
		0.038347,
		0,
		-0.098732,
		0.670623,
		0.011544,
		1,
	},
	[0.2] = {
		-0.491659,
		0.234763,
		-0.838545,
		0,
		0.329134,
		0.941637,
		0.070646,
		0,
		0.80619,
		-0.24126,
		-0.540233,
		0,
		0.518895,
		0.517372,
		-0.337234,
		1,
	},
	[0.316666666667] = {
		-0.691981,
		-0.104355,
		-0.714333,
		0,
		-0.539728,
		-0.582352,
		0.607914,
		0,
		-0.479432,
		0.806211,
		0.346654,
		0,
		-0.347592,
		0.494345,
		0.10866,
		1,
	},
	[0.333333333333] = {
		-0.689991,
		-0.154419,
		-0.707154,
		0,
		-0.418064,
		-0.712517,
		0.563508,
		0,
		-0.590876,
		0.684452,
		0.427074,
		0,
		-0.409839,
		0.384741,
		0.138777,
		1,
	},
	[0.35] = {
		-0.625041,
		-0.179971,
		-0.759562,
		0,
		-0.328853,
		-0.821783,
		0.465325,
		0,
		-0.70794,
		0.540632,
		0.454464,
		0,
		-0.432086,
		0.247706,
		0.144334,
		1,
	},
	[0.366666666667] = {
		-0.564217,
		-0.135642,
		-0.814408,
		0,
		-0.262733,
		-0.905637,
		0.332857,
		0,
		-0.782707,
		0.401776,
		0.475338,
		0,
		-0.44105,
		0.114251,
		0.134453,
		1,
	},
	[0.383333333333] = {
		-0.508826,
		-0.063539,
		-0.858522,
		0,
		-0.210131,
		-0.95794,
		0.195437,
		0,
		-0.83483,
		0.279845,
		0.474073,
		0,
		-0.449074,
		0.012655,
		0.114748,
		1,
	},
	[0.3] = {
		-0.694682,
		-0.019324,
		-0.719058,
		0,
		-0.665468,
		-0.362227,
		0.652643,
		0,
		-0.273073,
		0.93189,
		0.238773,
		0,
		-0.24483,
		0.589357,
		0.066106,
		1,
	},
	[0.416666666667] = {
		-0.368341,
		0.014588,
		-0.929576,
		0,
		-0.111185,
		-0.993392,
		0.028467,
		0,
		-0.923018,
		0.113841,
		0.367529,
		0,
		-0.453475,
		-0.105279,
		0.063823,
		1,
	},
	[0.433333333333] = {
		-0.239157,
		0.029944,
		-0.970519,
		0,
		-0.054979,
		-0.998338,
		-0.017254,
		0,
		-0.969423,
		0.049232,
		0.240406,
		0,
		-0.451727,
		-0.144563,
		0.021291,
		1,
	},
	[0.45] = {
		-0.065073,
		0.043379,
		-0.996937,
		0,
		0.006816,
		-0.999012,
		-0.043914,
		0,
		-0.997857,
		-0.009653,
		0.064713,
		0,
		-0.447327,
		-0.174626,
		-0.028239,
		1,
	},
	[0.466666666667] = {
		0.143159,
		0.059424,
		-0.987914,
		0,
		0.069944,
		-0.996307,
		-0.049793,
		0,
		-0.987225,
		-0.06197,
		-0.146787,
		0,
		-0.439537,
		-0.193711,
		-0.077873,
		1,
	},
	[0.483333333333] = {
		0.360679,
		0.079925,
		-0.929259,
		0,
		0.126469,
		-0.991311,
		-0.036175,
		0,
		-0.924076,
		-0.104474,
		-0.367653,
		0,
		-0.428116,
		-0.204994,
		-0.125169,
		1,
	},
	[0.4] = {
		-0.451689,
		-0.009151,
		-0.892128,
		0,
		-0.16194,
		-0.982496,
		0.092069,
		0,
		-0.877355,
		0.186058,
		0.442301,
		0,
		-0.453081,
		-0.058309,
		0.092874,
		1,
	},
	[0.516666666667] = {
		0.699138,
		0.125321,
		-0.703918,
		0,
		0.192314,
		-0.981198,
		0.016323,
		0,
		-0.688637,
		-0.146786,
		-0.710093,
		0,
		-0.396737,
		-0.217504,
		-0.21695,
		1,
	},
	[0.533333333333] = {
		0.785666,
		0.142215,
		-0.602083,
		0,
		0.200766,
		-0.979158,
		0.0307,
		0,
		-0.585169,
		-0.144998,
		-0.797843,
		0,
		-0.379666,
		-0.218971,
		-0.25938,
		1,
	},
	[0.55] = {
		0.819724,
		0.152537,
		-0.552074,
		0,
		0.198765,
		-0.979743,
		0.024427,
		0,
		-0.537165,
		-0.129756,
		-0.833437,
		0,
		-0.363487,
		-0.217578,
		-0.299391,
		1,
	},
	[0.566666666667] = {
		0.803292,
		0.15846,
		-0.574119,
		0,
		0.188297,
		-0.982083,
		-0.0076,
		0,
		-0.565037,
		-0.102,
		-0.818737,
		0,
		-0.349073,
		-0.213582,
		-0.336877,
		1,
	},
	[0.583333333333] = {
		0.721209,
		0.165892,
		-0.67256,
		0,
		0.163974,
		-0.984192,
		-0.066923,
		0,
		-0.67303,
		-0.062017,
		-0.73701,
		0,
		-0.336915,
		-0.207117,
		-0.370932,
		1,
	},
	[0.5] = {
		0.554773,
		0.103238,
		-0.825572,
		0,
		0.168396,
		-0.985668,
		-0.010099,
		0,
		-0.814782,
		-0.13342,
		-0.564207,
		0,
		-0.413461,
		-0.212891,
		-0.171951,
		1,
	},
	[0.616666666667] = {
		0.539488,
		0.178773,
		-0.822796,
		0,
		0.067294,
		-0.983229,
		-0.169508,
		0,
		-0.8393,
		0.036079,
		-0.54247,
		0,
		-0.310501,
		-0.187938,
		-0.432017,
		1,
	},
	[0.633333333333] = {
		0.553695,
		0.171765,
		-0.814812,
		0,
		0.020443,
		-0.981004,
		-0.192907,
		0,
		-0.832469,
		0.090154,
		-0.546688,
		0,
		-0.29368,
		-0.17569,
		-0.462884,
		1,
	},
	[0.65] = {
		0.579346,
		0.162426,
		-0.798734,
		0,
		-0.027549,
		-0.975482,
		-0.21835,
		0,
		-0.814616,
		0.148505,
		-0.560666,
		0,
		-0.276186,
		-0.161853,
		-0.491945,
		1,
	},
	[0.666666666667] = {
		0.613406,
		0.14987,
		-0.775417,
		0,
		-0.075959,
		-0.966082,
		-0.24681,
		0,
		-0.786106,
		0.210294,
		-0.581217,
		0,
		-0.258151,
		-0.146636,
		-0.518877,
		1,
	},
	[0.683333333333] = {
		0.652683,
		0.133474,
		-0.745782,
		0,
		-0.123976,
		-0.952275,
		-0.278931,
		0,
		-0.747419,
		0.274512,
		-0.604986,
		0,
		-0.239707,
		-0.130272,
		-0.543566,
		1,
	},
	[0.6] = {
		0.53945,
		0.184483,
		-0.821559,
		0,
		0.112341,
		-0.982749,
		-0.146913,
		0,
		-0.83449,
		-0.013042,
		-0.550869,
		0,
		-0.326502,
		-0.198409,
		-0.399646,
		1,
	},
	[0.716666666667] = {
		0.734406,
		0.088515,
		-0.672913,
		0,
		-0.215492,
		-0.909749,
		-0.354853,
		0,
		-0.643592,
		0.405614,
		-0.649051,
		0,
		-0.202206,
		-0.095161,
		-0.586465,
		1,
	},
	[0.733333333333] = {
		0.771377,
		0.060731,
		-0.633474,
		0,
		-0.257565,
		-0.880466,
		-0.398045,
		0,
		-0.581925,
		0.470204,
		-0.663529,
		0,
		-0.183533,
		-0.076979,
		-0.604607,
		1,
	},
	[0.75] = {
		0.802979,
		0.030675,
		-0.595217,
		0,
		-0.296632,
		-0.845631,
		-0.443753,
		0,
		-0.516947,
		0.532885,
		-0.669925,
		0,
		-0.165234,
		-0.05877,
		-0.620504,
		1,
	},
	[0.766666666667] = {
		0.827939,
		-0.000202,
		-0.560817,
		0,
		-0.332731,
		-0.805161,
		-0.490924,
		0,
		-0.451449,
		0.593057,
		-0.666692,
		0,
		-0.147597,
		-0.040828,
		-0.634138,
		1,
	},
	[0.783333333333] = {
		0.84107,
		-0.044642,
		-0.539081,
		0,
		-0.36988,
		-0.774653,
		-0.512934,
		0,
		-0.394702,
		0.630809,
		-0.66805,
		0,
		-0.131306,
		-0.02504,
		-0.644531,
		1,
	},
	[0.7] = {
		0.694,
		0.112969,
		-0.711057,
		0,
		-0.170753,
		-0.93361,
		-0.314985,
		0,
		-0.699434,
		0.340015,
		-0.628636,
		0,
		-0.221001,
		-0.113022,
		-0.566105,
		1,
	},
	[0.816666666667] = {
		0.854184,
		-0.115307,
		-0.507024,
		0,
		-0.423841,
		-0.719263,
		-0.550472,
		0,
		-0.301211,
		0.685102,
		-0.663255,
		0,
		-0.102317,
		0.00175,
		-0.659849,
		1,
	},
	[0.833333333333] = {
		0.856639,
		-0.141524,
		-0.496126,
		0,
		-0.442595,
		-0.69573,
		-0.565746,
		0,
		-0.265103,
		0.704223,
		-0.658627,
		0,
		-0.091027,
		0.012279,
		-0.665128,
		1,
	},
	[0.85] = {
		0.857577,
		-0.162038,
		-0.488165,
		0,
		-0.457053,
		-0.675404,
		-0.578733,
		0,
		-0.235932,
		0.719425,
		-0.653271,
		0,
		-0.081921,
		0.020824,
		-0.669053,
		1,
	},
	[0.866666666667] = {
		0.857616,
		-0.177299,
		-0.482762,
		0,
		-0.467974,
		-0.658345,
		-0.589561,
		0,
		-0.213295,
		0.731537,
		-0.647579,
		0,
		-0.074829,
		0.027637,
		-0.671797,
		1,
	},
	[0.883333333333] = {
		0.857176,
		-0.187832,
		-0.479551,
		0,
		-0.476001,
		-0.644464,
		-0.598405,
		0,
		-0.196654,
		0.741205,
		-0.641827,
		0,
		-0.069573,
		0.032832,
		-0.673524,
		1,
	},
	[0.8] = {
		0.849364,
		-0.083058,
		-0.521232,
		0,
		-0.399922,
		-0.745743,
		-0.532851,
		0,
		-0.344447,
		0.661036,
		-0.666624,
		0,
		-0.115937,
		-0.010768,
		-0.653043,
		1,
	},
	[0.916666666667] = {
		0.855788,
		-0.196989,
		-0.478353,
		0,
		-0.485443,
		-0.625381,
		-0.610936,
		0,
		-0.178805,
		0.755045,
		-0.630821,
		0,
		-0.063795,
		0.038844,
		-0.674571,
		1,
	},
	[0.933333333333] = {
		0.855049,
		-0.196796,
		-0.479753,
		0,
		-0.48769,
		-0.619584,
		-0.61504,
		0,
		-0.17621,
		0.75986,
		-0.62575,
		0,
		-0.062874,
		0.039908,
		-0.6742,
		1,
	},
	[0.95] = {
		0.854308,
		-0.194189,
		-0.482129,
		0,
		-0.488747,
		-0.615777,
		-0.618017,
		0,
		-0.176871,
		0.763616,
		-0.620972,
		0,
		-0.062991,
		0.039896,
		-0.673429,
		1,
	},
	[0.966666666667] = {
		0.853547,
		-0.189712,
		-0.485248,
		0,
		-0.488914,
		-0.613506,
		-0.62014,
		0,
		-0.180054,
		0.766564,
		-0.616409,
		0,
		-0.063941,
		0.039017,
		-0.672401,
		1,
	},
	[0.983333333333] = {
		0.852738,
		-0.18393,
		-0.488883,
		0,
		-0.488472,
		-0.612334,
		-0.621645,
		0,
		-0.18502,
		0.768906,
		-0.612005,
		0,
		-0.065518,
		0.037459,
		-0.671256,
		1,
	},
	[0.9] = {
		0.856518,
		-0.1942,
		-0.478188,
		0,
		-0.481674,
		-0.633567,
		-0.605461,
		0,
		-0.185383,
		0.748919,
		-0.636203,
		0,
		-0.065961,
		0.036527,
		-0.674397,
		1,
	},
	[1.01666666667] = {
		0.850902,
		-0.170699,
		-0.496818,
		0,
		-0.486848,
		-0.611521,
		-0.623716,
		0,
		-0.197347,
		0.772596,
		-0.603449,
		0,
		-0.069734,
		0.033053,
		-0.669186,
		1,
	},
	[1.03333333333] = {
		0.849878,
		-0.164368,
		-0.500689,
		0,
		-0.486212,
		-0.610999,
		-0.624723,
		0,
		-0.203236,
		0.774379,
		-0.599193,
		0,
		-0.071971,
		0.030585,
		-0.668545,
		1,
	},
	[1.05] = {
		0.848819,
		-0.158968,
		-0.504217,
		0,
		-0.486061,
		-0.609817,
		-0.625993,
		0,
		-0.207967,
		0.776435,
		-0.594893,
		0,
		-0.074028,
		0.028196,
		-0.668359,
		1,
	},
	[1.06666666667] = {
		0.847769,
		-0.155051,
		-0.507195,
		0,
		-0.48667,
		-0.607537,
		-0.627735,
		0,
		-0.210809,
		0.77901,
		-0.59051,
		0,
		-0.075705,
		0.026079,
		-0.668772,
		1,
	},
	[1.08333333333] = {
		0.846773,
		-0.15317,
		-0.509425,
		0,
		-0.488305,
		-0.603716,
		-0.630147,
		0,
		-0.211028,
		0.782347,
		-0.586004,
		0,
		-0.076806,
		0.024427,
		-0.669929,
		1,
	},
	{
		0.851859,
		-0.177406,
		-0.492812,
		0,
		-0.487692,
		-0.611819,
		-0.622763,
		0,
		-0.19103,
		0.770847,
		-0.607703,
		0,
		-0.067516,
		0.035407,
		-0.670137,
		1,
	},
	[1.11666666667] = {
		0.845057,
		-0.15773,
		-0.510881,
		0,
		-0.495612,
		-0.589595,
		-0.637767,
		0,
		-0.200618,
		0.792149,
		-0.576414,
		0,
		-0.076473,
		0.023293,
		-0.675055,
		1,
	},
	[1.13333333333] = {
		0.844292,
		-0.165227,
		-0.509775,
		0,
		-0.501595,
		-0.578474,
		-0.643251,
		0,
		-0.188609,
		0.798792,
		-0.571278,
		0,
		-0.07466,
		0.024091,
		-0.679308,
		1,
	},
	[1.15] = {
		0.844292,
		-0.165227,
		-0.509775,
		0,
		-0.501595,
		-0.578474,
		-0.643251,
		0,
		-0.188609,
		0.798792,
		-0.571278,
		0,
		-0.07466,
		0.024091,
		-0.679308,
		1,
	},
	[1.16666666667] = {
		0.844292,
		-0.165227,
		-0.509775,
		0,
		-0.501595,
		-0.578474,
		-0.643251,
		0,
		-0.188609,
		0.798792,
		-0.571278,
		0,
		-0.07466,
		0.024091,
		-0.679308,
		1,
	},
	[1.1] = {
		0.845868,
		-0.153877,
		-0.510714,
		0,
		-0.491214,
		-0.597895,
		-0.633427,
		0,
		-0.207884,
		0.786666,
		-0.581327,
		0,
		-0.07713,
		0.023434,
		-0.671976,
		1,
	},
}

return spline_matrices
