local spline_matrices = {
	[0] = {
		0.345032,
		-0.769406,
		-0.537556,
		0,
		-0.911923,
		-0.13925,
		-0.386012,
		0,
		0.222146,
		0.623397,
		-0.749685,
		0,
		-0.098527,
		0.017497,
		-0.658434,
		1
	},
	{
		0.213153,
		-0.918845,
		-0.332099,
		0,
		0.123118,
		-0.31194,
		0.942091,
		0,
		-0.969231,
		-0.241697,
		0.046635,
		0,
		-0.038571,
		0.020855,
		-0.542263,
		1
	},
	[0.0166666666667] = {
		0.318451,
		-0.700468,
		-0.638697,
		0,
		-0.81975,
		0.134854,
		-0.556619,
		0,
		0.476025,
		0.700827,
		-0.531264,
		0,
		-0.063045,
		0.044306,
		-0.659475,
		1
	},
	[0.0333333333333] = {
		0.259352,
		-0.627989,
		-0.733735,
		0,
		-0.666165,
		0.433747,
		-0.606703,
		0,
		0.699258,
		0.646138,
		-0.305851,
		0,
		-0.02292,
		0.06501,
		-0.639657,
		1
	},
	[0.05] = {
		0.182041,
		-0.532254,
		-0.826781,
		0,
		-0.459391,
		0.697386,
		-0.550103,
		0,
		0.86938,
		0.479957,
		-0.11756,
		0,
		0.020287,
		0.076154,
		-0.602157,
		1
	},
	[0.0666666666667] = {
		0.108901,
		-0.402169,
		-0.909066,
		0,
		-0.220965,
		0.881831,
		-0.416591,
		0,
		0.969183,
		0.246239,
		0.007167,
		0,
		0.063993,
		0.07619,
		-0.551156,
		1
	},
	[0.0833333333333] = {
		0.062751,
		-0.242774,
		-0.968051,
		0,
		0.01709,
		0.970082,
		-0.242176,
		0,
		0.997883,
		-0.001347,
		0.065022,
		0,
		0.105142,
		0.066091,
		-0.490864,
		1
	},
	[0.116666666667] = {
		0.103907,
		0.093817,
		-0.990152,
		0,
		0.376266,
		0.917842,
		0.126451,
		0,
		0.920667,
		-0.3857,
		0.06007,
		0,
		0.170746,
		0.028556,
		-0.353746,
		1
	},
	[0.133333333333] = {
		0.138144,
		0.298988,
		-0.944205,
		0,
		0.426017,
		0.842705,
		0.329177,
		0,
		0.894106,
		-0.447722,
		-0.010959,
		0,
		0.191428,
		0.009595,
		-0.278936,
		1
	},
	[0.15] = {
		0.221842,
		0.455864,
		-0.861959,
		0,
		0.453108,
		0.734553,
		0.505099,
		0,
		0.863411,
		-0.502613,
		-0.043601,
		0,
		0.20796,
		-0.009143,
		-0.2028,
		1
	},
	[0.166666666667] = {
		0.340923,
		0.558411,
		-0.756273,
		0,
		0.447117,
		0.61134,
		0.652954,
		0,
		0.826957,
		-0.560749,
		-0.041255,
		0,
		0.219387,
		-0.025515,
		-0.126615,
		1
	},
	[0.183333333333] = {
		0.478798,
		0.606285,
		-0.634957,
		0,
		0.404034,
		0.489933,
		0.772478,
		0,
		0.779428,
		-0.626405,
		-0.010381,
		0,
		0.225203,
		-0.03745,
		-0.05172,
		1
	},
	[0.1] = {
		0.059051,
		-0.071163,
		-0.995715,
		0,
		0.22348,
		0.973082,
		-0.056292,
		0,
		0.972918,
		-0.219198,
		0.073365,
		0,
		0.141219,
		0.04893,
		-0.424478,
		1
	},
	[0.216666666667] = {
		0.742376,
		0.559869,
		-0.368,
		0,
		0.224611,
		0.309505,
		0.923989,
		0,
		0.631211,
		-0.768605,
		0.104016,
		0,
		0.220723,
		-0.040467,
		0.088409,
		1
	},
	[0.233333333333] = {
		0.84041,
		0.48799,
		-0.235747,
		0,
		0.112415,
		0.268569,
		0.956679,
		0,
		0.530164,
		-0.830504,
		0.17085,
		0,
		0.212121,
		-0.028657,
		0.150923,
		1
	},
	[0.25] = {
		0.907616,
		0.403636,
		-0.11537,
		0,
		0.006027,
		0.262264,
		0.964977,
		0,
		0.419758,
		-0.876524,
		0.235603,
		0,
		0.200864,
		-0.00697,
		0.206995,
		1
	},
	[0.266666666667] = {
		0.94687,
		0.321263,
		-0.015096,
		0,
		-0.081293,
		0.284483,
		0.955228,
		0,
		0.311174,
		-0.90325,
		0.295485,
		0,
		0.18797,
		0.024652,
		0.255921,
		1
	},
	[0.283333333333] = {
		0.95585,
		0.26916,
		0.117915,
		0,
		-0.212389,
		0.355484,
		0.910232,
		0,
		0.203081,
		-0.895089,
		0.396956,
		0,
		0.168271,
		0.068465,
		0.295561,
		1
	},
	[0.2] = {
		0.617983,
		0.603756,
		-0.503564,
		0,
		0.326676,
		0.385403,
		0.862988,
		0,
		0.715108,
		-0.697814,
		0.04094,
		0,
		0.225443,
		-0.042996,
		0.020436,
		1
	},
	[0.316666666667] = {
		0.985564,
		0.161827,
		-0.049763,
		0,
		-0.031703,
		0.465125,
		0.884677,
		0,
		0.166311,
		-0.870328,
		0.463541,
		0,
		0.15518,
		0.200799,
		0.355017,
		1
	},
	[0.333333333333] = {
		0.986858,
		0.158991,
		-0.028853,
		0,
		-0.055656,
		0.502072,
		0.863033,
		0,
		0.151701,
		-0.850085,
		0.504323,
		0,
		0.133445,
		0.282081,
		0.367586,
		1
	},
	[0.35] = {
		0.981467,
		0.190474,
		-0.02102,
		0,
		-0.086278,
		0.537165,
		0.839053,
		0,
		0.171108,
		-0.82169,
		0.543643,
		0,
		0.107613,
		0.363574,
		0.368906,
		1
	},
	[0.366666666667] = {
		0.957986,
		0.281578,
		-0.054561,
		0,
		-0.187914,
		0.759903,
		0.622283,
		0,
		0.216682,
		-0.585885,
		0.780889,
		0,
		0.073268,
		0.477913,
		0.290243,
		1
	},
	[0.383333333333] = {
		0.938075,
		0.316945,
		-0.139861,
		0,
		-0.295203,
		0.942599,
		0.156085,
		0,
		0.181304,
		-0.105132,
		0.977792,
		0,
		0.035053,
		0.60729,
		0.103115,
		1
	},
	[0.3] = {
		0.977576,
		0.193883,
		-0.082192,
		0,
		-0.009382,
		0.430011,
		0.902775,
		0,
		0.210376,
		-0.881759,
		0.422188,
		0,
		0.173182,
		0.12813,
		0.331787,
		1
	},
	[0.416666666667] = {
		0.929907,
		0.232072,
		-0.285333,
		0,
		-0.367778,
		0.59394,
		-0.715524,
		0,
		0.003418,
		0.77031,
		0.63766,
		0,
		-0.029049,
		0.719927,
		-0.304268,
		1
	},
	[0.433333333333] = {
		0.935851,
		0.194003,
		-0.294186,
		0,
		-0.345524,
		0.341113,
		-0.874217,
		0,
		-0.06925,
		0.919785,
		0.386264,
		0,
		-0.060501,
		0.68153,
		-0.437201,
		1
	},
	[0.45] = {
		0.943569,
		0.158616,
		-0.29072,
		0,
		-0.30665,
		0.086927,
		-0.947845,
		0,
		-0.125072,
		0.983506,
		0.130661,
		0,
		-0.08999,
		0.600208,
		-0.552503,
		1
	},
	[0.466666666667] = {
		0.933418,
		0.083766,
		-0.348875,
		0,
		-0.328705,
		-0.190116,
		-0.9251,
		0,
		-0.143819,
		0.978182,
		-0.149923,
		0,
		-0.106904,
		0.498536,
		-0.634945,
		1
	},
	[0.483333333333] = {
		0.848601,
		-0.16036,
		-0.504144,
		0,
		-0.501536,
		-0.547089,
		-0.67019,
		0,
		-0.16834,
		0.821571,
		-0.544686,
		0,
		-0.116483,
		0.354318,
		-0.677927,
		1
	},
	[0.4] = {
		0.930771,
		0.284536,
		-0.229576,
		0,
		-0.355158,
		0.852716,
		-0.383064,
		0,
		0.086767,
		0.438081,
		0.894738,
		0,
		-0.000217,
		0.698356,
		-0.123213,
		1
	},
	[0.516666666667] = {
		0.428602,
		-0.871684,
		-0.23763,
		0,
		-0.695605,
		-0.486208,
		0.5289,
		0,
		-0.576571,
		-0.061391,
		-0.814737,
		0,
		-0.118415,
		0.07799,
		-0.666745,
		1
	},
	[0.533333333333] = {
		0.365742,
		-0.92573,
		-0.096215,
		0,
		-0.647986,
		-0.32748,
		0.687656,
		0,
		-0.668092,
		-0.189159,
		-0.719633,
		0,
		-0.112147,
		0.037021,
		-0.664816,
		1
	},
	[0.55] = {
		0.357616,
		-0.923299,
		-0.140108,
		0,
		-0.569043,
		-0.334403,
		0.751242,
		0,
		-0.740473,
		-0.188929,
		-0.644985,
		0,
		-0.107961,
		0.023124,
		-0.652846,
		1
	},
	[0.566666666667] = {
		0.323699,
		-0.916967,
		-0.233217,
		0,
		-0.361506,
		-0.347649,
		0.865132,
		0,
		-0.874375,
		-0.195734,
		-0.444023,
		0,
		-0.095762,
		-0.013933,
		-0.627405,
		1
	},
	[0.583333333333] = {
		0.259674,
		-0.909623,
		-0.324276,
		0,
		-0.100026,
		-0.359324,
		0.927837,
		0,
		-0.960502,
		-0.208499,
		-0.184293,
		0,
		-0.078559,
		-0.059941,
		-0.603006,
		1
	},
	[0.5] = {
		0.628431,
		-0.597248,
		-0.498367,
		0,
		-0.698717,
		-0.714988,
		-0.024219,
		0,
		-0.341862,
		0.363437,
		-0.866628,
		0,
		-0.124436,
		0.190181,
		-0.678857,
		1
	},
	[0.616666666667] = {
		0.190218,
		-0.903754,
		-0.383466,
		0,
		0.121129,
		-0.366008,
		0.922695,
		0,
		-0.974241,
		-0.221962,
		0.039849,
		0,
		-0.064033,
		-0.121062,
		-0.581552,
		1
	},
	[0.633333333333] = {
		0.190505,
		-0.903631,
		-0.383612,
		0,
		0.121025,
		-0.366169,
		0.922645,
		0,
		-0.974197,
		-0.222195,
		0.039605,
		0,
		-0.064827,
		-0.124225,
		-0.580292,
		1
	},
	[0.65] = {
		0.190934,
		-0.903543,
		-0.383607,
		0,
		0.120954,
		-0.366162,
		0.922657,
		0,
		-0.974122,
		-0.222566,
		0.039374,
		0,
		-0.066736,
		-0.122794,
		-0.581527,
		1
	},
	[0.666666666667] = {
		0.191495,
		-0.903541,
		-0.383332,
		0,
		0.120912,
		-0.365868,
		0.922779,
		0,
		-0.974017,
		-0.223057,
		0.039187,
		0,
		-0.069054,
		-0.116684,
		-0.583543,
		1
	},
	[0.683333333333] = {
		0.192176,
		-0.903699,
		-0.382618,
		0,
		0.120897,
		-0.365114,
		0.923079,
		0,
		-0.973885,
		-0.223651,
		0.039088,
		0,
		-0.069755,
		-0.10421,
		-0.581596,
		1
	},
	[0.6] = {
		0.198009,
		-0.904493,
		-0.377736,
		0,
		0.09809,
		-0.365147,
		0.925768,
		0,
		-0.97528,
		-0.220363,
		0.016419,
		0,
		-0.064858,
		-0.100646,
		-0.587737,
		1
	},
	[0.716666666667] = {
		0.193854,
		-0.90444,
		-0.380012,
		0,
		0.120942,
		-0.362372,
		0.924153,
		0,
		-0.973547,
		-0.22511,
		0.039138,
		0,
		-0.069222,
		-0.069504,
		-0.575087,
		1
	},
	[0.733333333333] = {
		0.194828,
		-0.904994,
		-0.378189,
		0,
		0.120998,
		-0.360457,
		0.924895,
		0,
		-0.973346,
		-0.225956,
		0.039275,
		0,
		-0.067901,
		-0.049529,
		-0.571152,
		1
	},
	[0.75] = {
		0.195878,
		-0.905652,
		-0.376067,
		0,
		0.121073,
		-0.358227,
		0.925751,
		0,
		-0.973125,
		-0.226866,
		0.039481,
		0,
		-0.065768,
		-0.029235,
		-0.567054,
		1
	},
	[0.766666666667] = {
		0.196992,
		-0.906398,
		-0.373679,
		0,
		0.121165,
		-0.355718,
		0.926706,
		0,
		-0.972889,
		-0.227831,
		0.03975,
		0,
		-0.062725,
		-0.009688,
		-0.562977,
		1
	},
	[0.783333333333] = {
		0.19816,
		-0.907219,
		-0.371061,
		0,
		0.121272,
		-0.352967,
		0.927743,
		0,
		-0.972639,
		-0.228841,
		0.040076,
		0,
		-0.058671,
		0.008047,
		-0.559093,
		1
	},
	[0.7] = {
		0.192966,
		-0.904003,
		-0.3815,
		0,
		0.120908,
		-0.363937,
		0.923543,
		0,
		-0.973728,
		-0.224339,
		0.039074,
		0,
		-0.069817,
		-0.088095,
		-0.578652,
		1
	},
	[0.816666666667] = {
		0.200611,
		-0.909027,
		-0.365274,
		0,
		0.121523,
		-0.346883,
		0.930002,
		0,
		-0.972105,
		-0.230958,
		0.040879,
		0,
		-0.048293,
		0.033826,
		-0.552492,
		1
	},
	[0.833333333333] = {
		0.201872,
		-0.909988,
		-0.362174,
		0,
		0.121663,
		-0.343624,
		0.931193,
		0,
		-0.971826,
		-0.232045,
		0.041344,
		0,
		-0.044168,
		0.039925,
		-0.55001,
		1
	},
	[0.85] = {
		0.203142,
		-0.910968,
		-0.358985,
		0,
		0.121811,
		-0.340269,
		0.932405,
		0,
		-0.971543,
		-0.233139,
		0.041843,
		0,
		-0.041008,
		0.041807,
		-0.548093,
		1
	},
	[0.866666666667] = {
		0.20441,
		-0.911957,
		-0.35574,
		0,
		0.121963,
		-0.336855,
		0.933624,
		0,
		-0.971258,
		-0.234229,
		0.042368,
		0,
		-0.038695,
		0.040668,
		-0.546614,
		1
	},
	[0.883333333333] = {
		0.205665,
		-0.912942,
		-0.352476,
		0,
		0.122118,
		-0.333419,
		0.934836,
		0,
		-0.970973,
		-0.235307,
		0.042914,
		0,
		-0.037116,
		0.03771,
		-0.545475,
		1
	},
	[0.8] = {
		0.19937,
		-0.9081,
		-0.368248,
		0,
		0.121392,
		-0.35001,
		0.928847,
		0,
		-0.972376,
		-0.229887,
		0.040454,
		0,
		-0.053497,
		0.022902,
		-0.555554,
		1
	},
	[0.916666666667] = {
		0.208091,
		-0.914855,
		-0.346034,
		0,
		0.122429,
		-0.326634,
		0.937188,
		0,
		-0.970417,
		-0.237385,
		0.044035,
		0,
		-0.035746,
		0.031138,
		-0.54389,
		1
	},
	[0.933333333333] = {
		0.20924,
		-0.915762,
		-0.342926,
		0,
		0.122581,
		-0.323359,
		0.938303,
		0,
		-0.970151,
		-0.238367,
		0.044595,
		0,
		-0.035767,
		0.028874,
		-0.543348,
		1
	},
	[0.95] = {
		0.210332,
		-0.916624,
		-0.339943,
		0,
		0.122727,
		-0.320214,
		0.939362,
		0,
		-0.969896,
		-0.239298,
		0.045144,
		0,
		-0.036148,
		0.026695,
		-0.542947,
		1
	},
	[0.966666666667] = {
		0.211355,
		-0.917431,
		-0.33712,
		0,
		0.122867,
		-0.317237,
		0.940353,
		0,
		-0.969656,
		-0.240169,
		0.045672,
		0,
		-0.036801,
		0.02462,
		-0.542655,
		1
	},
	[0.983333333333] = {
		0.212299,
		-0.918174,
		-0.334493,
		0,
		0.122998,
		-0.314466,
		0.941266,
		0,
		-0.969433,
		-0.240972,
		0.046172,
		0,
		-0.037638,
		0.022667,
		-0.542437,
		1
	},
	[0.9] = {
		0.206896,
		-0.913911,
		-0.349229,
		0,
		0.122274,
		-0.33,
		0.936028,
		0,
		-0.970692,
		-0.236362,
		0.043472,
		0,
		-0.036167,
		0.034132,
		-0.544589,
		1
	},
	[1.01666666667] = {
		0.213906,
		-0.919435,
		-0.329974,
		0,
		0.123224,
		-0.309697,
		0.942817,
		0,
		-0.969051,
		-0.242335,
		0.047051,
		0,
		-0.039512,
		0.019203,
		-0.542099,
		1
	},
	[1.03333333333] = {
		0.214546,
		-0.919938,
		-0.328154,
		0,
		0.123316,
		-0.307775,
		0.943434,
		0,
		-0.968898,
		-0.242877,
		0.047411,
		0,
		-0.040374,
		0.017734,
		-0.541913,
		1
	},
	[1.05] = {
		0.215064,
		-0.920343,
		-0.326675,
		0,
		0.123391,
		-0.306214,
		0.943932,
		0,
		-0.968774,
		-0.243314,
		0.047706,
		0,
		-0.041068,
		0.016468,
		-0.541672,
		1
	},
	[1.06666666667] = {
		0.215447,
		-0.920643,
		-0.325574,
		0,
		0.123447,
		-0.305051,
		0.944301,
		0,
		-0.968681,
		-0.243638,
		0.047928,
		0,
		-0.041508,
		0.015427,
		-0.541344,
		1
	},
	[1.08333333333] = {
		0.215685,
		-0.92083,
		-0.324887,
		0,
		0.123482,
		-0.304326,
		0.944531,
		0,
		-0.968624,
		-0.243838,
		0.048067,
		0,
		-0.041605,
		0.014632,
		-0.540897,
		1
	},
	[1.1] = {
		0.215766,
		-0.920895,
		-0.32465,
		0,
		0.123494,
		-0.304076,
		0.94461,
		0,
		-0.968604,
		-0.243907,
		0.048115,
		0,
		-0.041271,
		0.014104,
		-0.540297,
		1
	}
}

return spline_matrices
