local spline_matrices = {
	[0] = {
		0.633371,
		-0.576988,
		-0.515681,
		0,
		-0.773711,
		-0.484742,
		-0.407918,
		0,
		-0.014608,
		0.657351,
		-0.753443,
		0,
		-0.015848,
		0.014111,
		-0.583358,
		1
	},
	{
		0.595868,
		-0.589017,
		-0.545894,
		0,
		-0.800488,
		-0.490223,
		-0.34482,
		0,
		-0.064505,
		0.642449,
		-0.763609,
		0,
		-0.045687,
		0.02739,
		-0.57949,
		1
	},
	[0.0166666666667] = {
		0.616715,
		-0.711712,
		-0.336345,
		0,
		-0.786014,
		-0.533442,
		-0.312444,
		0,
		0.04295,
		0.457061,
		-0.888398,
		0,
		-0.043918,
		-0.002166,
		-0.535004,
		1
	},
	[0.0333333333333] = {
		0.582952,
		-0.806349,
		-0.099842,
		0,
		-0.806413,
		-0.559172,
		-0.19242,
		0,
		0.099328,
		0.192685,
		-0.97622,
		0,
		-0.071556,
		-0.019909,
		-0.48395,
		1
	},
	[0.05] = {
		0.530421,
		-0.828838,
		0.177989,
		0,
		-0.835119,
		-0.546968,
		-0.058334,
		0,
		0.145704,
		-0.1177,
		-0.982302,
		0,
		-0.098639,
		-0.036858,
		-0.431082,
		1
	},
	[0.0666666666667] = {
		0.464404,
		-0.760158,
		0.454411,
		0,
		-0.868777,
		-0.490631,
		0.067134,
		0,
		0.171916,
		-0.425959,
		-0.888259,
		0,
		-0.124868,
		-0.050638,
		-0.37829,
		1
	},
	[0.0833333333333] = {
		0.397054,
		-0.618506,
		0.678084,
		0,
		-0.901075,
		-0.403084,
		0.159959,
		0,
		0.17439,
		-0.674517,
		-0.717366,
		0,
		-0.149649,
		-0.059735,
		-0.328381,
		1
	},
	[0.116666666667] = {
		0.300279,
		-0.32692,
		0.896078,
		0,
		-0.94303,
		-0.242858,
		0.22741,
		0,
		0.143275,
		-0.913314,
		-0.38122,
		0,
		-0.191828,
		-0.064031,
		-0.247184,
		1
	},
	[0.133333333333] = {
		0.27884,
		-0.254815,
		0.925914,
		0,
		-0.950394,
		-0.211607,
		0.227977,
		0,
		0.137838,
		-0.943553,
		-0.301179,
		0,
		-0.210352,
		-0.062804,
		-0.215639,
		1
	},
	[0.15] = {
		0.270894,
		-0.225456,
		0.935834,
		0,
		-0.951362,
		-0.210884,
		0.224584,
		0,
		0.146719,
		-0.951156,
		-0.271618,
		0,
		-0.229375,
		-0.061888,
		-0.186656,
		1
	},
	[0.166666666667] = {
		0.268555,
		-0.225559,
		0.936484,
		0,
		-0.949341,
		-0.226676,
		0.217646,
		0,
		0.163186,
		-0.947492,
		-0.275007,
		0,
		-0.247902,
		-0.059515,
		-0.160588,
		1
	},
	[0.183333333333] = {
		0.26521,
		-0.242411,
		0.933221,
		0,
		-0.947269,
		-0.246044,
		0.205291,
		0,
		0.179848,
		-0.938456,
		-0.294882,
		0,
		-0.26493,
		-0.053879,
		-0.13793,
		1
	},
	[0.1] = {
		0.34046,
		-0.455711,
		0.822444,
		0,
		-0.926477,
		-0.311803,
		0.210757,
		0,
		0.160396,
		-0.83373,
		-0.528363,
		0,
		-0.172204,
		-0.064008,
		-0.284078,
		1
	},
	[0.216666666667] = {
		0.225848,
		-0.27729,
		0.933864,
		0,
		-0.956755,
		-0.243551,
		0.159067,
		0,
		0.183336,
		-0.929405,
		-0.320305,
		0,
		-0.290629,
		-0.025611,
		-0.10467,
		1
	},
	[0.233333333333] = {
		0.173119,
		-0.267536,
		0.947868,
		0,
		-0.9731,
		-0.194996,
		0.12269,
		0,
		0.152006,
		-0.943611,
		-0.294096,
		0,
		-0.296559,
		0.000608,
		-0.095619,
		1
	},
	[0.25] = {
		0.079204,
		-0.22292,
		0.971614,
		0,
		-0.991985,
		-0.113883,
		0.054736,
		0,
		0.098448,
		-0.968162,
		-0.230154,
		0,
		-0.300334,
		0.059359,
		-0.092124,
		1
	},
	[0.266666666667] = {
		-0.045364,
		-0.148847,
		0.987819,
		0,
		-0.998846,
		-0.008841,
		-0.047203,
		0,
		0.015759,
		-0.988821,
		-0.148274,
		0,
		-0.302487,
		0.158877,
		-0.091586,
		1
	},
	[0.283333333333] = {
		-0.164056,
		-0.054389,
		0.984951,
		0,
		-0.97938,
		0.128318,
		-0.156042,
		0,
		-0.1179,
		-0.990241,
		-0.074319,
		0,
		-0.29673,
		0.27784,
		-0.091684,
		1
	},
	[0.2] = {
		0.253721,
		-0.263862,
		0.930593,
		0,
		-0.948587,
		-0.256087,
		0.186015,
		0,
		0.18923,
		-0.929944,
		-0.315271,
		0,
		-0.279494,
		-0.043175,
		-0.119151,
		1
	},
	[0.316666666667] = {
		-0.236,
		0.142776,
		0.961207,
		0,
		-0.748382,
		0.604253,
		-0.273501,
		0,
		-0.619861,
		-0.783896,
		-0.035753,
		0,
		-0.219165,
		0.518151,
		-0.083624,
		1
	},
	[0.333333333333] = {
		-0.101402,
		0.208091,
		0.972839,
		0,
		-0.276154,
		0.933562,
		-0.228474,
		0,
		-0.955749,
		-0.291821,
		-0.0372,
		0,
		-0.037252,
		0.624969,
		-0.076241,
		1
	},
	[0.35] = {
		0.055359,
		0.278835,
		0.958742,
		0,
		0.317866,
		0.905335,
		-0.281657,
		0,
		-0.946518,
		0.320343,
		-0.038514,
		0,
		0.198844,
		0.635137,
		-0.079118,
		1
	},
	[0.366666666667] = {
		0.231125,
		0.196413,
		0.952892,
		0,
		0.798651,
		0.521045,
		-0.301113,
		0,
		-0.555642,
		0.830623,
		-0.036439,
		0,
		0.447432,
		0.572134,
		-0.079101,
		1
	},
	[0.383333333333] = {
		0.28177,
		0.085258,
		0.955687,
		0,
		0.940024,
		0.175045,
		-0.292768,
		0,
		-0.192249,
		0.980862,
		-0.030823,
		0,
		0.560272,
		0.478894,
		-0.077198,
		1
	},
	[0.3] = {
		-0.240751,
		0.046973,
		0.96945,
		0,
		-0.91877,
		0.310964,
		-0.243232,
		0,
		-0.31289,
		-0.94926,
		-0.031707,
		0,
		-0.276455,
		0.395567,
		-0.090123,
		1
	},
	[0.416666666667] = {
		0.259518,
		-0.150693,
		0.953909,
		0,
		0.752522,
		-0.58752,
		-0.297542,
		0,
		0.605278,
		0.795055,
		-0.039072,
		0,
		0.721077,
		0.224228,
		-0.073934,
		1
	},
	[0.433333333333] = {
		0.229171,
		-0.230431,
		0.945718,
		0,
		0.605108,
		-0.727303,
		-0.323845,
		0,
		0.762447,
		0.646477,
		-0.027242,
		0,
		0.749718,
		0.137201,
		-0.081235,
		1
	},
	[0.45] = {
		0.206729,
		-0.29503,
		0.932856,
		0,
		0.505279,
		-0.784273,
		-0.360013,
		0,
		0.837828,
		0.545777,
		-0.01306,
		0,
		0.766885,
		0.0634,
		-0.102237,
		1
	},
	[0.466666666667] = {
		0.198345,
		-0.35143,
		0.914962,
		0,
		0.45805,
		-0.792062,
		-0.40352,
		0,
		0.866516,
		0.499134,
		0.003871,
		0,
		0.775275,
		0.000261,
		-0.134368,
		1
	},
	[0.483333333333] = {
		0.206354,
		-0.40296,
		0.891651,
		0,
		0.455093,
		-0.767177,
		-0.452029,
		0,
		0.866203,
		0.499062,
		0.025074,
		0,
		0.776216,
		-0.053757,
		-0.175043,
		1
	},
	[0.4] = {
		0.30936,
		0.00908,
		0.950902,
		0,
		0.947123,
		-0.092502,
		-0.307248,
		0,
		0.085171,
		0.995671,
		-0.037217,
		0,
		0.628768,
		0.376455,
		-0.076338,
		1
	},
	[0.516666666667] = {
		0.273236,
		-0.489015,
		0.828376,
		0,
		0.532809,
		-0.640047,
		-0.553583,
		0,
		0.80091,
		0.592625,
		0.085668,
		0,
		0.758883,
		-0.137496,
		-0.271628,
		1
	},
	[0.533333333333] = {
		0.329094,
		-0.517939,
		0.78958,
		0,
		0.586473,
		-0.543237,
		-0.600785,
		0,
		0.740099,
		0.660782,
		0.124981,
		0,
		0.741883,
		-0.168452,
		-0.322373,
		1
	},
	[0.55] = {
		0.394561,
		-0.533929,
		0.747825,
		0,
		0.632679,
		-0.432344,
		-0.642492,
		0,
		0.666362,
		0.726636,
		0.167219,
		0,
		0.720342,
		-0.19328,
		-0.371452,
		1
	},
	[0.566666666667] = {
		0.463589,
		-0.537034,
		0.704755,
		0,
		0.66191,
		-0.318861,
		-0.678382,
		0,
		0.589034,
		0.780975,
		0.207648,
		0,
		0.695429,
		-0.213159,
		-0.416607,
		1
	},
	[0.583333333333] = {
		0.529895,
		-0.530669,
		0.661515,
		0,
		0.669439,
		-0.217132,
		-0.710426,
		0,
		0.520637,
		0.819295,
		0.240193,
		0,
		0.668755,
		-0.22934,
		-0.45578,
		1
	},
	[0.5] = {
		0.231514,
		-0.449601,
		0.862706,
		0,
		0.484432,
		-0.715751,
		-0.503016,
		0,
		0.843639,
		0.534377,
		0.052095,
		0,
		0.770537,
		-0.099485,
		-0.221664,
		1
	},
	[0.616666666667] = {
		0.634032,
		-0.517557,
		0.574577,
		0,
		0.618731,
		-0.106178,
		-0.778395,
		0,
		0.463871,
		0.849035,
		0.252908,
		0,
		0.618025,
		-0.254994,
		-0.508559,
		1
	},
	[0.633333333333] = {
		0.674064,
		-0.517416,
		0.52718,
		0,
		0.564563,
		-0.099365,
		-0.819387,
		0,
		0.476347,
		0.849946,
		0.225135,
		0,
		0.59231,
		-0.262626,
		-0.524352,
		1
	},
	[0.65] = {
		0.716297,
		-0.51345,
		0.472532,
		0,
		0.495677,
		-0.102234,
		-0.862469,
		0,
		0.491143,
		0.852008,
		0.181276,
		0,
		0.560523,
		-0.263016,
		-0.53956,
		1
	},
	[0.666666666667] = {
		0.758546,
		-0.506894,
		0.409472,
		0,
		0.411593,
		-0.114449,
		-0.904153,
		0,
		0.505173,
		0.854377,
		0.121819,
		0,
		0.523296,
		-0.257077,
		-0.553897,
		1
	},
	[0.683333333333] = {
		0.798214,
		-0.499086,
		0.337294,
		0,
		0.312522,
		-0.135567,
		-0.940187,
		0,
		0.51496,
		0.855882,
		0.047764,
		0,
		0.481353,
		-0.245737,
		-0.567046,
		1
	},
	[0.6] = {
		0.588143,
		-0.521325,
		0.61831,
		0,
		0.654778,
		-0.14181,
		-0.742398,
		0,
		0.474714,
		0.841493,
		0.257948,
		0,
		0.642272,
		-0.24296,
		-0.487052,
		1
	},
	[0.716666666667] = {
		0.858134,
		-0.485493,
		0.167041,
		0,
		0.076497,
		-0.200814,
		-0.976638,
		0,
		0.507695,
		0.850865,
		-0.135186,
		0,
		0.386662,
		-0.210407,
		-0.588289,
		1
	},
	[0.733333333333] = {
		0.872911,
		-0.482455,
		0.072556,
		0,
		-0.053037,
		-0.241673,
		-0.968907,
		0,
		0.484989,
		0.841922,
		-0.236547,
		0,
		0.335903,
		-0.188074,
		-0.595682,
		1
	},
	[0.75] = {
		0.875137,
		-0.483285,
		-0.023902,
		0,
		-0.183038,
		-0.284913,
		-0.940915,
		0,
		0.44792,
		0.827804,
		-0.337798,
		0,
		0.284405,
		-0.163652,
		-0.600634,
		1
	},
	[0.766666666667] = {
		0.864585,
		-0.488367,
		-0.118285,
		0,
		-0.307401,
		-0.327843,
		-0.893322,
		0,
		0.39749,
		0.808713,
		-0.433573,
		0,
		0.233404,
		-0.137868,
		-0.603158,
		1
	},
	[0.783333333333] = {
		0.842514,
		-0.497457,
		-0.206657,
		0,
		-0.420654,
		-0.36794,
		-0.829259,
		0,
		0.336483,
		0.785593,
		-0.519251,
		0,
		0.184109,
		-0.11146,
		-0.603477,
		1
	},
	[0.7] = {
		0.832392,
		-0.491469,
		0.256089,
		0,
		0.199852,
		-0.164797,
		-0.965868,
		0,
		0.516897,
		0.855161,
		-0.038955,
		0,
		0.4355,
		-0.229895,
		-0.578637,
		1
	},
	[0.816666666667] = {
		0.774653,
		-0.524063,
		-0.353937,
		0,
		-0.600059,
		-0.432486,
		-0.672967,
		0,
		0.199605,
		0.733699,
		-0.649495,
		0,
		0.094875,
		-0.059918,
		-0.599194,
		1
	},
	[0.833333333333] = {
		0.735617,
		-0.539061,
		-0.410221,
		0,
		-0.664247,
		-0.455278,
		-0.592872,
		0,
		0.132829,
		0.708615,
		-0.69298,
		0,
		0.056665,
		-0.036515,
		-0.595619,
		1
	},
	[0.85] = {
		0.697543,
		-0.55345,
		-0.455111,
		0,
		-0.712868,
		-0.471771,
		-0.518894,
		0,
		0.072474,
		0.686386,
		-0.723618,
		0,
		0.023645,
		-0.015939,
		-0.591749,
		1
	},
	[0.866666666667] = {
		0.663121,
		-0.566103,
		-0.489691,
		0,
		-0.748202,
		-0.482489,
		-0.455409,
		0,
		0.021538,
		0.66838,
		-0.743508,
		0,
		-0.003608,
		0.000825,
		-0.587997,
		1
	},
	[0.883333333333] = {
		0.634468,
		-0.576097,
		-0.515328,
		0,
		-0.772746,
		-0.488051,
		-0.405795,
		0,
		-0.017729,
		0.655682,
		-0.754829,
		0,
		-0.024546,
		0.01278,
		-0.584694,
		1
	},
	[0.8] = {
		0.811443,
		-0.50975,
		-0.285859,
		0,
		-0.518856,
		-0.403226,
		-0.753789,
		0,
		0.268978,
		0.759976,
		-0.591681,
		0,
		0.137618,
		-0.085199,
		-0.601989,
		1
	},
	[0.916666666667] = {
		0.597929,
		-0.588172,
		-0.544549,
		0,
		-0.79898,
		-0.491702,
		-0.346209,
		0,
		-0.064125,
		0.642092,
		-0.763941,
		0,
		-0.048977,
		0.026143,
		-0.580322,
		1
	},
	[0.933333333333] = {
		0.589016,
		-0.591093,
		-0.551062,
		0,
		-0.80464,
		-0.492201,
		-0.332103,
		0,
		-0.074929,
		0.63902,
		-0.765531,
		0,
		-0.05428,
		0.029448,
		-0.579199,
		1
	},
	[0.95] = {
		0.585253,
		-0.592338,
		-0.553728,
		0,
		-0.806974,
		-0.492189,
		-0.326409,
		0,
		-0.079195,
		0.637876,
		-0.766057,
		0,
		-0.055934,
		0.030906,
		-0.578654,
		1
	},
	[0.966666666667] = {
		0.58575,
		-0.592209,
		-0.55334,
		0,
		-0.806719,
		-0.491805,
		-0.327618,
		0,
		-0.078117,
		0.638292,
		-0.765821,
		0,
		-0.054615,
		0.030833,
		-0.578586,
		1
	},
	[0.983333333333] = {
		0.589595,
		-0.591004,
		-0.550537,
		0,
		-0.804407,
		-0.49113,
		-0.334246,
		0,
		-0.072844,
		0.639926,
		-0.764976,
		0,
		-0.050982,
		0.029553,
		-0.578898,
		1
	},
	[0.9] = {
		0.612836,
		-0.583272,
		-0.533128,
		0,
		-0.788899,
		-0.490452,
		-0.370263,
		0,
		-0.04551,
		0.647495,
		-0.76071,
		0,
		-0.039317,
		0.020684,
		-0.582122,
		1
	},
	[1.01666666667] = {
		0.603645,
		-0.586541,
		-0.539984,
		0,
		-0.795407,
		-0.489143,
		-0.357865,
		0,
		-0.054227,
		0.64553,
		-0.761807,
		0,
		-0.039379,
		0.024673,
		-0.580262,
		1
	},
	[1.03333333333] = {
		0.612007,
		-0.583867,
		-0.53343,
		0,
		-0.789674,
		-0.487965,
		-0.371893,
		0,
		-0.043159,
		0.648837,
		-0.759703,
		0,
		-0.032714,
		0.021726,
		-0.581115,
		1
	},
	[1.05] = {
		0.620045,
		-0.581287,
		-0.526925,
		0,
		-0.783894,
		-0.486794,
		-0.385411,
		0,
		-0.032469,
		0.652026,
		-0.757501,
		0,
		-0.026354,
		0.018875,
		-0.58195,
		1
	},
	[1.06666666667] = {
		0.626868,
		-0.579089,
		-0.521241,
		0,
		-0.778775,
		-0.485761,
		-0.396919,
		0,
		-0.023347,
		0.654746,
		-0.755489,
		0,
		-0.02097,
		0.016442,
		-0.582667,
		1
	},
	[1.08333333333] = {
		0.6316,
		-0.577561,
		-0.517209,
		0,
		-0.775108,
		-0.485022,
		-0.40492,
		0,
		-0.016992,
		0.656641,
		-0.754012,
		0,
		-0.017242,
		0.014747,
		-0.583169,
		1
	},
	[1.1] = {
		0.633371,
		-0.576988,
		-0.515681,
		0,
		-0.773711,
		-0.484742,
		-0.407918,
		0,
		-0.014608,
		0.657351,
		-0.753443,
		0,
		-0.015848,
		0.014111,
		-0.583358,
		1
	}
}

return spline_matrices
