local spline_matrices = {
	[0] = {
		0.633371,
		-0.576988,
		-0.515681,
		0,
		-0.773711,
		-0.484742,
		-0.407918,
		0,
		-0.014608,
		0.657351,
		-0.753443,
		0,
		-0.014531,
		0.014112,
		-0.620254,
		1
	},
	{
		0.656402,
		-0.653385,
		-0.377127,
		0,
		-0.730297,
		-0.675709,
		-0.100418,
		0,
		-0.189216,
		0.34133,
		-0.920701,
		0,
		0.004248,
		0.023357,
		-0.642074,
		1
	},
	[0.0333333333333] = {
		0.295671,
		-0.767211,
		-0.56918,
		0,
		-0.757591,
		0.174632,
		-0.628935,
		0,
		0.581923,
		0.617164,
		-0.529598,
		0,
		0.037881,
		-0.007247,
		-0.642742,
		1
	},
	[0.0666666666667] = {
		0.059596,
		-0.897022,
		-0.437949,
		0,
		-0.397426,
		0.381136,
		-0.834738,
		0,
		0.915697,
		0.223799,
		-0.333786,
		0,
		0.181311,
		-0.08535,
		-0.604032,
		1
	},
	[0.133333333333] = {
		-0.279312,
		-0.738693,
		-0.613447,
		0,
		0.32564,
		0.528139,
		-0.784237,
		0,
		0.903296,
		-0.41881,
		0.093032,
		0,
		0.411715,
		-0.094352,
		-0.407534,
		1
	},
	[0.166666666667] = {
		-0.072698,
		-0.506229,
		-0.85933,
		0,
		0.609767,
		0.659261,
		-0.439954,
		0,
		0.78924,
		-0.555975,
		0.260755,
		0,
		0.49341,
		-0.004789,
		-0.203016,
		1
	},
	[0.1] = {
		-0.2742,
		-0.878895,
		-0.390331,
		0,
		-0.005356,
		0.407277,
		-0.913289,
		0,
		0.961658,
		-0.248333,
		-0.116383,
		0,
		0.319905,
		-0.133452,
		-0.534754,
		1
	},
	[0.233333333333] = {
		0.368397,
		0.021106,
		-0.929429,
		0,
		0.702707,
		0.648233,
		0.293252,
		0,
		0.608676,
		-0.761149,
		0.223976,
		0,
		0.605106,
		0.212665,
		-0.055763,
		1
	},
	[0.266666666667] = {
		0.354092,
		0.186171,
		-0.916493,
		0,
		0.697847,
		0.599808,
		0.391458,
		0,
		0.622598,
		-0.778184,
		0.082468,
		0,
		0.647079,
		0.328906,
		-0.053808,
		1
	},
	[0.2] = {
		0.29605,
		-0.205942,
		-0.932707,
		0,
		0.70551,
		0.705413,
		0.06818,
		0,
		0.643903,
		-0.678218,
		0.354132,
		0,
		0.543197,
		0.096059,
		-0.069294,
		1
	},
	[0.333333333333] = {
		0.098135,
		0.293848,
		-0.950801,
		0,
		-0.172057,
		0.946035,
		0.274617,
		0,
		0.980187,
		0.136642,
		0.143398,
		0,
		0.383904,
		0.601194,
		-0.053669,
		1
	},
	[0.366666666667] = {
		-0.118203,
		0.116607,
		-0.986119,
		0,
		-0.936159,
		0.318055,
		0.149824,
		0,
		0.33111,
		0.940874,
		0.071568,
		0,
		0.037691,
		0.67524,
		-0.06176,
		1
	},
	[0.3] = {
		0.361669,
		0.214557,
		-0.907282,
		0,
		0.635863,
		0.654924,
		0.408353,
		0,
		0.681816,
		-0.724596,
		0.100437,
		0,
		0.60589,
		0.424366,
		-0.050613,
		1
	},
	[0.433333333333] = {
		-0.056006,
		-0.17061,
		-0.983746,
		0,
		0.08598,
		-0.982456,
		0.165491,
		0,
		-0.994721,
		-0.075314,
		0.069692,
		0,
		-0.400506,
		0.174544,
		-0.071115,
		1
	},
	[0.466666666667] = {
		0.13391,
		-0.255342,
		-0.957533,
		0,
		0.817161,
		-0.51818,
		0.25246,
		0,
		-0.560638,
		-0.816266,
		0.139267,
		0,
		-0.322388,
		0.025097,
		-0.058469,
		1
	},
	[0.4] = {
		-0.097666,
		0.051062,
		-0.993908,
		0,
		-0.870308,
		-0.488789,
		0.06041,
		0,
		-0.482727,
		0.870907,
		0.092178,
		0,
		-0.341631,
		0.470298,
		-0.077874,
		1
	},
	[0.533333333333] = {
		0.223586,
		-0.126198,
		-0.96648,
		0,
		0.896995,
		-0.361295,
		0.254688,
		0,
		-0.381325,
		-0.923872,
		0.032418,
		0,
		-0.280924,
		-0.008198,
		-0.10329,
		1
	},
	[0.566666666667] = {
		0.237774,
		-0.048625,
		-0.970103,
		0,
		0.831075,
		-0.506782,
		0.2291,
		0,
		-0.50277,
		-0.860702,
		-0.080088,
		0,
		-0.260028,
		-0.024772,
		-0.152997,
		1
	},
	[0.5] = {
		0.201076,
		-0.19644,
		-0.959677,
		0,
		0.903083,
		-0.342355,
		0.259296,
		0,
		-0.379487,
		-0.918806,
		0.108562,
		0,
		-0.301394,
		0.00856,
		-0.070129,
		1
	},
	[0.633333333333] = {
		0.327414,
		0.093573,
		-0.940236,
		0,
		0.441304,
		-0.89503,
		0.064599,
		0,
		-0.835494,
		-0.436081,
		-0.334339,
		0,
		-0.223154,
		-0.039222,
		-0.280656,
		1
	},
	[0.666666666667] = {
		0.40951,
		0.112862,
		-0.905297,
		0,
		0.178454,
		-0.983058,
		-0.041833,
		0,
		-0.894682,
		-0.144423,
		-0.422713,
		0,
		-0.202904,
		-0.032848,
		-0.343959,
		1
	},
	[0.6] = {
		0.267886,
		0.031397,
		-0.962939,
		0,
		0.680541,
		-0.713645,
		0.166055,
		0,
		-0.681983,
		-0.699803,
		-0.212543,
		0,
		-0.240877,
		-0.036796,
		-0.214281,
		1
	},
	[0.733333333333] = {
		0.586713,
		-0.010905,
		-0.809721,
		0,
		-0.155301,
		-0.982864,
		-0.099293,
		0,
		-0.794763,
		0.184007,
		-0.578353,
		0,
		-0.14759,
		-0.019665,
		-0.445142,
		1
	},
	[0.766666666667] = {
		0.667483,
		-0.169102,
		-0.725169,
		0,
		-0.323512,
		-0.943014,
		-0.077875,
		0,
		-0.670676,
		0.286581,
		-0.684153,
		0,
		-0.111521,
		-0.00853,
		-0.496883,
		1
	},
	[0.7] = {
		0.49518,
		0.082369,
		-0.864877,
		0,
		-0.010811,
		-0.994834,
		-0.100936,
		0,
		-0.868723,
		0.059332,
		-0.491732,
		0,
		-0.178022,
		-0.026077,
		-0.39676,
		1
	},
	[0.833333333333] = {
		0.697189,
		-0.510041,
		-0.503772,
		0,
		-0.620016,
		-0.781759,
		-0.066577,
		0,
		-0.359871,
		0.358764,
		-0.861267,
		0,
		-0.038144,
		0.015701,
		-0.591623,
		1
	},
	[0.866666666667] = {
		0.671173,
		-0.607588,
		-0.424692,
		0,
		-0.697486,
		-0.711636,
		-0.084183,
		0,
		-0.251077,
		0.352718,
		-0.901416,
		0,
		-0.012106,
		0.022597,
		-0.622972,
		1
	},
	[0.8] = {
		0.705468,
		-0.351854,
		-0.615235,
		0,
		-0.488846,
		-0.870097,
		-0.062932,
		0,
		-0.513172,
		0.345151,
		-0.785828,
		0,
		-0.073398,
		0.004396,
		-0.547567,
		1
	},
	[0.933333333333] = {
		0.646503,
		-0.668082,
		-0.368376,
		0,
		-0.743405,
		-0.660157,
		-0.107429,
		0,
		-0.171415,
		0.343306,
		-0.923449,
		0,
		0.008579,
		0.025934,
		-0.647387,
		1
	},
	[0.966666666667] = {
		0.648456,
		-0.66676,
		-0.367337,
		0,
		-0.741499,
		-0.662438,
		-0.106557,
		0,
		-0.17229,
		0.341478,
		-0.923964,
		0,
		0.008504,
		0.025109,
		-0.647197,
		1
	},
	[0.9] = {
		0.653795,
		-0.651085,
		-0.385539,
		0,
		-0.731178,
		-0.674755,
		-0.100426,
		0,
		-0.194759,
		0.347556,
		-0.91721,
		0,
		0.002361,
		0.025306,
		-0.640153,
		1
	},
	[1.03333333333] = {
		0.666537,
		-0.633719,
		-0.392593,
		0,
		-0.714037,
		-0.694042,
		-0.091964,
		0,
		-0.214196,
		0.341624,
		-0.915103,
		0,
		-0.002039,
		0.021188,
		-0.634501,
		1
	},
	[1.06666666667] = {
		0.675539,
		-0.613883,
		-0.408405,
		0,
		-0.697488,
		-0.711656,
		-0.084001,
		0,
		-0.239077,
		0.341604,
		-0.908927,
		0,
		-0.008244,
		0.01915,
		-0.626973,
		1
	},
	[1.13333333333] = {
		0.681734,
		-0.59861,
		-0.4206,
		0,
		-0.684607,
		-0.724701,
		-0.078236,
		0,
		-0.257977,
		0.341283,
		-0.903866,
		0,
		-0.012916,
		0.017643,
		-0.621264,
		1
	},
	[1.1] = {
		0.680963,
		-0.600598,
		-0.419012,
		0,
		-0.68629,
		-0.723028,
		-0.078969,
		0,
		-0.255529,
		0.341338,
		-0.90454,
		0,
		-0.012313,
		0.017836,
		-0.622003,
		1
	}
}

return spline_matrices
