local spline_matrices = {
	[0] = {
		0.258301,
		-0.600363,
		-0.756865,
		0,
		-0.963733,
		-0.214529,
		-0.158731,
		0,
		-0.067073,
		0.770416,
		-0.634003,
		0,
		0.112549,
		-0.111186,
		-0.674608,
		1
	},
	{
		0.936265,
		-0.251741,
		-0.245019,
		0,
		-0.342079,
		-0.494632,
		-0.79895,
		0,
		0.079934,
		0.831845,
		-0.549222,
		0,
		0.203494,
		-0.167196,
		-0.618686,
		1
	},
	[0.0333333333333] = {
		0.155114,
		-0.950416,
		-0.269535,
		0,
		-0.985582,
		-0.130215,
		-0.108038,
		0,
		0.067583,
		0.282407,
		-0.956911,
		0,
		0.155858,
		-0.298835,
		-0.621728,
		1
	},
	[0.0666666666667] = {
		-0.452677,
		-0.760176,
		0.466064,
		0,
		-0.867404,
		0.496535,
		-0.032614,
		0,
		-0.206625,
		-0.419029,
		-0.88415,
		0,
		0.229776,
		-0.58873,
		-0.446686,
		1
	},
	[0.133333333333] = {
		0.033542,
		0.675241,
		0.736834,
		0,
		0.909566,
		0.284919,
		-0.302507,
		0,
		-0.414203,
		0.680346,
		-0.60462,
		0,
		0.434378,
		-0.785212,
		-0.208026,
		1
	},
	[0.166666666667] = {
		0.157288,
		0.489624,
		0.85763,
		0,
		0.952013,
		0.155706,
		-0.263491,
		0,
		-0.262549,
		0.857918,
		-0.441638,
		0,
		0.460598,
		-0.808516,
		-0.151808,
		1
	},
	[0.1] = {
		-0.490206,
		0.519577,
		0.699813,
		0,
		0.55162,
		0.806585,
		-0.212451,
		0,
		-0.674843,
		0.281886,
		-0.682002,
		0,
		0.382192,
		-0.703788,
		-0.274849,
		1
	},
	[0.233333333333] = {
		0.156331,
		-0.050626,
		0.986406,
		0,
		0.985503,
		0.074636,
		-0.152357,
		0,
		-0.065909,
		0.995925,
		0.06156,
		0,
		0.524255,
		-0.472163,
		-0.079898,
		1
	},
	[0.266666666667] = {
		0.175431,
		-0.061541,
		0.982566,
		0,
		0.978805,
		0.118017,
		-0.167368,
		0,
		-0.10566,
		0.991103,
		0.08094,
		0,
		0.267957,
		0.334821,
		-0.080412,
		1
	},
	[0.2] = {
		0.149555,
		0.20702,
		0.966838,
		0,
		0.975926,
		0.126093,
		-0.17796,
		0,
		-0.158753,
		0.970177,
		-0.183178,
		0,
		0.497554,
		-0.76596,
		-0.105557,
		1
	},
	[0.333333333333] = {
		0.109302,
		-0.045641,
		0.99296,
		0,
		0.980458,
		0.169333,
		-0.100142,
		0,
		-0.163571,
		0.984501,
		0.063258,
		0,
		0.20071,
		0.627006,
		-0.045956,
		1
	},
	[0.366666666667] = {
		0.116623,
		-0.042818,
		0.992253,
		0,
		0.979334,
		0.17118,
		-0.107718,
		0,
		-0.165241,
		0.984309,
		0.061896,
		0,
		0.205296,
		0.624507,
		-0.043111,
		1
	},
	[0.3] = {
		0.134519,
		-0.03298,
		0.990362,
		0,
		0.97307,
		0.193195,
		-0.125737,
		0,
		-0.187186,
		0.980606,
		0.05808,
		0,
		0.176724,
		0.635698,
		-0.056751,
		1
	},
	[0.433333333333] = {
		0.1186,
		-0.044533,
		0.991943,
		0,
		0.97952,
		0.168952,
		-0.10953,
		0,
		-0.162713,
		0.984618,
		0.063659,
		0,
		0.204872,
		0.622937,
		-0.050228,
		1
	},
	[0.466666666667] = {
		0.119465,
		-0.055218,
		0.991302,
		0,
		0.980839,
		0.161326,
		-0.109218,
		0,
		-0.153892,
		0.985355,
		0.073432,
		0,
		0.207351,
		0.621271,
		-0.057501,
		1
	},
	[0.4] = {
		0.118282,
		-0.042682,
		0.992062,
		0,
		0.979207,
		0.170835,
		-0.1094,
		0,
		-0.164809,
		0.984375,
		0.062001,
		0,
		0.203466,
		0.623947,
		-0.044919,
		1
	},
	[0.533333333333] = {
		0.134946,
		-0.084237,
		0.987266,
		0,
		0.980594,
		0.154364,
		-0.120863,
		0,
		-0.142217,
		0.984417,
		0.103433,
		0,
		0.211873,
		0.617783,
		-0.073405,
		1
	},
	[0.566666666667] = {
		0.138356,
		-0.082921,
		0.986905,
		0,
		0.979426,
		0.15927,
		-0.123925,
		0,
		-0.146908,
		0.983746,
		0.103251,
		0,
		0.206943,
		0.629358,
		-0.069333,
		1
	},
	[0.5] = {
		0.126806,
		-0.071721,
		0.989331,
		0,
		0.981146,
		0.15572,
		-0.114468,
		0,
		-0.145849,
		0.985194,
		0.090115,
		0,
		0.209894,
		0.619501,
		-0.065758,
		1
	},
	[0.633333333333] = {
		0.365341,
		-0.017577,
		0.930708,
		0,
		0.913489,
		0.199099,
		-0.354821,
		0,
		-0.179066,
		0.979822,
		0.088795,
		0,
		0.219981,
		0.636184,
		-0.046043,
		1
	},
	[0.666666666667] = {
		0.659603,
		0.044948,
		0.750269,
		0,
		0.719283,
		0.251869,
		-0.647451,
		0,
		-0.218071,
		0.966717,
		0.133803,
		0,
		0.298518,
		0.502364,
		-0.099629,
		1
	},
	[0.6] = {
		0.131156,
		-0.058005,
		0.989663,
		0,
		0.977746,
		0.172455,
		-0.119469,
		0,
		-0.163743,
		0.983308,
		0.079333,
		0,
		0.203661,
		0.645578,
		-0.050675,
		1
	},
	[0.733333333333] = {
		0.881055,
		0.111946,
		0.459576,
		0,
		0.408066,
		0.311477,
		-0.858175,
		0,
		-0.239216,
		0.943637,
		0.228747,
		0,
		0.548769,
		0.108224,
		-0.276531,
		1
	},
	[0.766666666667] = {
		0.879034,
		0.055341,
		0.473537,
		0,
		0.450036,
		0.231548,
		-0.862469,
		0,
		-0.157377,
		0.971248,
		0.178633,
		0,
		0.617152,
		0.01549,
		-0.303969,
		1
	},
	[0.7] = {
		0.845034,
		0.12511,
		0.51987,
		0,
		0.453018,
		0.348991,
		-0.820354,
		0,
		-0.284065,
		0.928737,
		0.238232,
		0,
		0.474911,
		0.216276,
		-0.240277,
		1
	},
	[0.833333333333] = {
		0.912342,
		-0.024383,
		0.408702,
		0,
		0.409293,
		0.080001,
		-0.908889,
		0,
		-0.010535,
		0.996497,
		0.082968,
		0,
		0.670115,
		-0.106891,
		-0.348133,
		1
	},
	[0.866666666667] = {
		0.948328,
		-0.04667,
		0.31384,
		0,
		0.312845,
		-0.027462,
		-0.949407,
		0,
		0.052927,
		0.998533,
		-0.011443,
		0,
		0.64373,
		-0.137375,
		-0.376342,
		1
	},
	[0.8] = {
		0.876427,
		0.003184,
		0.481525,
		0,
		0.475052,
		0.157821,
		-0.865689,
		0,
		-0.078751,
		0.987463,
		0.136806,
		0,
		0.662134,
		-0.056645,
		-0.325033,
		1
	},
	[0.933333333333] = {
		0.990639,
		-0.123289,
		0.058597,
		0,
		0.020976,
		-0.286681,
		-0.957797,
		0,
		0.134884,
		0.95006,
		-0.281411,
		0,
		0.484177,
		-0.181124,
		-0.464258,
		1
	},
	[0.966666666667] = {
		0.977486,
		-0.188548,
		-0.09471,
		0,
		-0.163489,
		-0.393044,
		-0.904869,
		0,
		0.133386,
		0.899981,
		-0.41502,
		0,
		0.347893,
		-0.188929,
		-0.536056,
		1
	},
	[0.9] = {
		0.97674,
		-0.082585,
		0.197885,
		0,
		0.181793,
		-0.170461,
		-0.96845,
		0,
		0.113711,
		0.981898,
		-0.151482,
		0,
		0.583499,
		-0.160491,
		-0.413752,
		1
	},
	[1.03333333333] = {
		0.868644,
		-0.335802,
		-0.364272,
		0,
		-0.49543,
		-0.585262,
		-0.641885,
		0,
		0.002351,
		0.738041,
		-0.674751,
		0,
		0.085748,
		-0.106843,
		-0.689837,
		1
	},
	[1.06666666667] = {
		0.751838,
		-0.421611,
		-0.506935,
		0,
		-0.644322,
		-0.632998,
		-0.429141,
		0,
		-0.139959,
		0.649275,
		-0.747565,
		0,
		0.018502,
		-0.030592,
		-0.724977,
		1
	},
	[1.13333333333] = {
		0.637044,
		-0.527006,
		-0.562529,
		0,
		-0.728314,
		-0.650527,
		-0.215343,
		0,
		-0.252453,
		0.546881,
		-0.798241,
		0,
		0.01388,
		0.042095,
		-0.710834,
		1
	},
	[1.1] = {
		0.68352,
		-0.491838,
		-0.539348,
		0,
		-0.701952,
		-0.645529,
		-0.300923,
		0,
		-0.200159,
		0.584283,
		-0.786479,
		0,
		0.002246,
		0.027308,
		-0.723523,
		1
	}
}

return spline_matrices
