local spline_matrices = {
	[0] = {
		0.787215,
		-0.458595,
		-0.41229,
		0,
		-0.615612,
		-0.545092,
		-0.569119,
		0,
		0.036259,
		0.70183,
		-0.711422,
		0,
		-0.205659,
		0.013001,
		-0.688494,
		1
	},
	{
		0.060624,
		0.305949,
		-0.950116,
		0,
		-0.826266,
		-0.518654,
		-0.219734,
		0,
		-0.560009,
		0.798369,
		0.221353,
		0,
		0.184756,
		-0.25409,
		-0.695484,
		1
	},
	[0.0166666666667] = {
		0.662642,
		-0.643592,
		-0.383008,
		0,
		-0.7059,
		-0.365853,
		-0.606512,
		0,
		0.250222,
		0.672266,
		-0.696741,
		0,
		-0.205044,
		0.028421,
		-0.697869,
		1
	},
	[0.0333333333333] = {
		0.455811,
		-0.815935,
		-0.35565,
		0,
		-0.746642,
		-0.132996,
		-0.651796,
		0,
		0.484523,
		0.562639,
		-0.669832,
		0,
		-0.191147,
		0.046058,
		-0.711935,
		1
	},
	[0.05] = {
		0.15236,
		-0.927678,
		-0.34088,
		0,
		-0.696574,
		0.143884,
		-0.70291,
		0,
		0.701121,
		0.344544,
		-0.624274,
		0,
		-0.161387,
		0.062596,
		-0.727939,
		1
	},
	[0.0666666666667] = {
		-0.213577,
		-0.911055,
		-0.352652,
		0,
		-0.519778,
		0.411619,
		-0.748599,
		0,
		0.827173,
		0.023418,
		-0.561459,
		0,
		-0.101354,
		0.070685,
		-0.717538,
		1
	},
	[0.0833333333333] = {
		-0.544397,
		-0.739471,
		-0.395998,
		0,
		-0.238307,
		0.588975,
		-0.772217,
		0,
		0.804265,
		-0.326023,
		-0.496857,
		0,
		-0.034366,
		0.06784,
		-0.70286,
		1
	},
	[0.116666666667] = {
		-0.823564,
		-0.228962,
		-0.518959,
		0,
		0.297281,
		0.604963,
		-0.738677,
		0,
		0.48308,
		-0.762624,
		-0.43016,
		0,
		0.081084,
		0.041312,
		-0.666944,
		1
	},
	[0.133333333333] = {
		-0.819955,
		-0.053577,
		-0.569915,
		0,
		0.450723,
		0.553322,
		-0.700488,
		0,
		0.352877,
		-0.831243,
		-0.42955,
		0,
		0.12085,
		0.030883,
		-0.650206,
		1
	},
	[0.15] = {
		-0.780789,
		0.06767,
		-0.62112,
		0,
		0.563576,
		0.505441,
		-0.653385,
		0,
		0.269725,
		-0.860204,
		-0.432779,
		0,
		0.157643,
		0.024847,
		-0.63311,
		1
	},
	[0.166666666667] = {
		-0.713949,
		0.170311,
		-0.679169,
		0,
		0.670265,
		0.446803,
		-0.592547,
		0,
		0.202538,
		-0.878272,
		-0.433148,
		0,
		0.199788,
		0.021112,
		-0.613595,
		1
	},
	[0.183333333333] = {
		-0.625171,
		0.25467,
		-0.73777,
		0,
		0.766015,
		0.381397,
		-0.517452,
		0,
		0.149604,
		-0.888639,
		-0.433519,
		0,
		0.244773,
		0.020271,
		-0.592484,
		1
	},
	[0.1] = {
		-0.749587,
		-0.478028,
		-0.45783,
		0,
		0.060231,
		0.639554,
		-0.766383,
		0,
		0.65916,
		-0.602046,
		-0.450609,
		0,
		0.028715,
		0.055759,
		-0.68517,
		1
	},
	[0.216666666667] = {
		-0.407662,
		0.37118,
		-0.834288,
		0,
		0.908936,
		0.252452,
		-0.33182,
		0,
		0.087453,
		-0.893585,
		-0.440294,
		0,
		0.333411,
		0.030578,
		-0.548414,
		1
	},
	[0.233333333333] = {
		-0.294883,
		0.408144,
		-0.86398,
		0,
		0.952064,
		0.202483,
		-0.229293,
		0,
		0.081356,
		-0.890179,
		-0.448288,
		0,
		0.371827,
		0.044704,
		-0.527713,
		1
	},
	[0.25] = {
		-0.191672,
		0.43625,
		-0.879174,
		0,
		0.976837,
		0.171632,
		-0.127799,
		0,
		0.095142,
		-0.883305,
		-0.459042,
		0,
		0.403271,
		0.068258,
		-0.509502,
		1
	},
	[0.266666666667] = {
		-0.107924,
		0.460657,
		-0.880992,
		0,
		0.985386,
		0.167034,
		-0.033373,
		0,
		0.131782,
		-0.871719,
		-0.471952,
		0,
		0.426275,
		0.103703,
		-0.49342,
		1
	},
	[0.283333333333] = {
		-0.117477,
		0.572815,
		-0.811222,
		0,
		0.97002,
		0.241187,
		0.029832,
		0,
		0.212745,
		-0.783397,
		-0.583976,
		0,
		0.43136,
		0.147246,
		-0.485037,
		1
	},
	[0.2] = {
		-0.520618,
		0.321084,
		-0.791115,
		0,
		0.846562,
		0.314443,
		-0.429486,
		0,
		0.110859,
		-0.893326,
		-0.435522,
		0,
		0.290166,
		0.023042,
		-0.570471,
		1
	},
	[0.316666666667] = {
		-0.404003,
		0.732198,
		-0.548331,
		0,
		0.851208,
		0.520433,
		0.067787,
		0,
		0.335003,
		-0.439358,
		-0.833509,
		0,
		0.364425,
		0.244378,
		-0.484858,
		1
	},
	[0.333333333333] = {
		-0.684944,
		0.618966,
		-0.38436,
		0,
		0.654447,
		0.75453,
		0.048831,
		0,
		0.320236,
		-0.218096,
		-0.921891,
		0,
		0.247617,
		0.349981,
		-0.490479,
		1
	},
	[0.35] = {
		-0.92357,
		0.305471,
		-0.231744,
		0,
		0.290781,
		0.951964,
		0.095974,
		0,
		0.249929,
		0.021252,
		-0.968031,
		0,
		0.056231,
		0.543505,
		-0.422579,
		1
	},
	[0.366666666667] = {
		-0.988246,
		0.031429,
		-0.149606,
		0,
		-0.032469,
		0.913156,
		0.406315,
		0,
		0.149384,
		0.406397,
		-0.901402,
		0,
		-0.013968,
		0.589241,
		-0.303447,
		1
	},
	[0.383333333333] = {
		-0.997783,
		0.050996,
		-0.042772,
		0,
		-0.010814,
		0.50987,
		0.860184,
		0,
		0.065674,
		0.858739,
		-0.508187,
		0,
		-0.007448,
		0.70892,
		-0.164785,
		1
	},
	[0.3] = {
		-0.226941,
		0.671184,
		-0.705698,
		0,
		0.928072,
		0.36872,
		0.052234,
		0,
		0.295264,
		-0.643084,
		-0.706585,
		0,
		0.410644,
		0.19345,
		-0.483927,
		1
	},
	[0.416666666667] = {
		-0.996043,
		0.054421,
		-0.070267,
		0,
		-0.065629,
		0.082764,
		0.994406,
		0,
		0.059932,
		0.995082,
		-0.078865,
		0,
		-0.041964,
		0.659715,
		0.135419,
		1
	},
	[0.433333333333] = {
		-0.997085,
		0.006203,
		-0.076045,
		0,
		-0.076143,
		-0.017529,
		0.996943,
		0,
		0.004851,
		0.999827,
		0.01795,
		0,
		-0.068815,
		0.538917,
		0.251792,
		1
	},
	[0.45] = {
		-0.997103,
		0.001122,
		0.076049,
		0,
		0.075883,
		-0.053036,
		0.995705,
		0,
		0.00515,
		0.998592,
		0.052797,
		0,
		-0.092304,
		0.427055,
		0.345471,
		1
	},
	[0.466666666667] = {
		-0.986021,
		0.144175,
		0.083527,
		0,
		0.04429,
		-0.256476,
		0.965535,
		0,
		0.160629,
		0.955737,
		0.246506,
		0,
		-0.148142,
		0.275505,
		0.398413,
		1
	},
	[0.483333333333] = {
		-0.967031,
		0.242211,
		0.078642,
		0,
		-0.060894,
		-0.519788,
		0.852122,
		0,
		0.247271,
		0.81924,
		0.5174,
		0,
		-0.139849,
		0.104586,
		0.440365,
		1
	},
	[0.4] = {
		-0.99854,
		0.027097,
		-0.04672,
		0,
		-0.033094,
		0.376658,
		0.925761,
		0,
		0.042683,
		0.925956,
		-0.375211,
		0,
		-0.013736,
		0.735719,
		-0.081181,
		1
	},
	[0.516666666667] = {
		-0.971698,
		0.005012,
		-0.236172,
		0,
		-0.13702,
		-0.826364,
		0.546213,
		0,
		-0.192427,
		0.563114,
		0.803663,
		0,
		-0.062607,
		-0.351335,
		0.485726,
		1
	},
	[0.533333333333] = {
		-0.927983,
		-0.098527,
		-0.35936,
		0,
		-0.069997,
		-0.901148,
		0.427824,
		0,
		-0.365988,
		0.422168,
		0.829353,
		0,
		-0.020176,
		-0.488553,
		0.465074,
		1
	},
	[0.55] = {
		-0.916532,
		-0.114763,
		-0.383144,
		0,
		-0.01197,
		-0.94965,
		0.313084,
		0,
		-0.399783,
		0.291538,
		0.86901,
		0,
		0.029206,
		-0.529338,
		0.393459,
		1
	},
	[0.566666666667] = {
		-0.928173,
		-0.079143,
		-0.363636,
		0,
		-0.015866,
		-0.967821,
		0.251139,
		0,
		-0.371811,
		0.23887,
		0.89705,
		0,
		0.074442,
		-0.583004,
		0.252091,
		1
	},
	[0.583333333333] = {
		-0.938142,
		-0.038371,
		-0.344117,
		0,
		-0.027076,
		-0.982668,
		0.183387,
		0,
		-0.34519,
		0.181361,
		0.920843,
		0,
		0.111125,
		-0.62786,
		0.088507,
		1
	},
	[0.5] = {
		-0.986453,
		0.159931,
		-0.036505,
		0,
		-0.139218,
		-0.698473,
		0.701965,
		0,
		0.086768,
		0.697537,
		0.711276,
		0,
		-0.092051,
		-0.115502,
		0.483245,
		1
	},
	[0.616666666667] = {
		-0.936562,
		0.021856,
		-0.349819,
		0,
		-0.068429,
		-0.99025,
		0.121334,
		0,
		-0.343756,
		0.137574,
		0.928927,
		0,
		0.135035,
		-0.63497,
		-0.085073,
		1
	},
	[0.633333333333] = {
		-0.930347,
		0.04937,
		-0.363342,
		0,
		-0.093467,
		-0.990092,
		0.104794,
		0,
		-0.354568,
		0.131455,
		0.925743,
		0,
		0.127777,
		-0.612569,
		-0.133115,
		1
	},
	[0.65] = {
		-0.921722,
		0.077633,
		-0.380003,
		0,
		-0.1206,
		-0.988561,
		0.090565,
		0,
		-0.368625,
		0.129304,
		0.920541,
		0,
		0.11852,
		-0.590593,
		-0.174276,
		1
	},
	[0.666666666667] = {
		-0.910424,
		0.10654,
		-0.399722,
		0,
		-0.149725,
		-0.985621,
		0.078318,
		0,
		-0.385631,
		0.131151,
		0.913284,
		0,
		0.108115,
		-0.569457,
		-0.210942,
		1
	},
	[0.683333333333] = {
		-0.896168,
		0.135936,
		-0.42238,
		0,
		-0.180742,
		-0.981198,
		0.0677,
		0,
		-0.405236,
		0.137012,
		0.903887,
		0,
		0.097999,
		-0.548513,
		-0.245307,
		1
	},
	[0.6] = {
		-0.940598,
		-0.00484,
		-0.339489,
		0,
		-0.045595,
		-0.989041,
		0.140427,
		0,
		-0.336448,
		0.147564,
		0.930069,
		0,
		0.137123,
		-0.653539,
		-0.026823,
		1
	},
	[0.716666666667] = {
		-0.857559,
		0.195235,
		-0.475895,
		0,
		-0.248056,
		-0.967449,
		0.0501,
		0,
		-0.450623,
		0.161012,
		0.878074,
		0,
		0.097084,
		-0.503819,
		-0.297243,
		1
	},
	[0.733333333333] = {
		-0.832602,
		0.224516,
		-0.506327,
		0,
		-0.284111,
		-0.957851,
		0.042459,
		0,
		-0.475453,
		0.179204,
		0.861296,
		0,
		0.096373,
		-0.484765,
		-0.321499,
		1
	},
	[0.75] = {
		-0.803508,
		0.253041,
		-0.538837,
		0,
		-0.321552,
		-0.94624,
		0.035135,
		0,
		-0.500978,
		0.201495,
		0.841677,
		0,
		0.096114,
		-0.467612,
		-0.345484,
		1
	},
	[0.766666666667] = {
		-0.770049,
		0.280367,
		-0.573078,
		0,
		-0.360173,
		-0.932472,
		0.027774,
		0,
		-0.526593,
		0.227795,
		0.81903,
		0,
		0.096691,
		-0.452135,
		-0.369571,
		1
	},
	[0.783333333333] = {
		-0.732065,
		0.306011,
		-0.608636,
		0,
		-0.399721,
		-0.916418,
		0.020025,
		0,
		-0.551637,
		0.257944,
		0.793197,
		0,
		0.098414,
		-0.438117,
		-0.39394,
		1
	},
	[0.7] = {
		-0.878648,
		0.165595,
		-0.447835,
		0,
		-0.213554,
		-0.975184,
		0.0584,
		0,
		-0.42705,
		0.14695,
		0.892207,
		0,
		0.097797,
		-0.525,
		-0.27213,
		1
	},
	[0.816666666667] = {
		-0.642262,
		0.350331,
		-0.681739,
		0,
		-0.480675,
		-0.876896,
		0.002224,
		0,
		-0.597035,
		0.329123,
		0.731592,
		0,
		0.105985,
		-0.4136,
		-0.443515,
		1
	},
	[0.833333333333] = {
		-0.590593,
		0.367976,
		-0.718188,
		0,
		-0.521336,
		-0.853309,
		-0.008493,
		0,
		-0.615961,
		0.369401,
		0.695798,
		0,
		0.11189,
		-0.402697,
		-0.46845,
		1
	},
	[0.85] = {
		-0.534738,
		0.381922,
		-0.753784,
		0,
		-0.561434,
		-0.827258,
		-0.020865,
		0,
		-0.631543,
		0.412043,
		0.65679,
		0,
		0.119026,
		-0.391974,
		-0.49345,
		1
	},
	[0.866666666667] = {
		-0.475089,
		0.391754,
		-0.787921,
		0,
		-0.600506,
		-0.798849,
		-0.035103,
		0,
		-0.643182,
		0.456474,
		0.614775,
		0,
		0.127064,
		-0.38074,
		-0.5185,
		1
	},
	[0.883333333333] = {
		-0.412161,
		0.397135,
		-0.820005,
		0,
		-0.638081,
		-0.768255,
		-0.051352,
		0,
		-0.650366,
		0.502064,
		0.570049,
		0,
		0.135634,
		-0.368786,
		-0.543347,
		1
	},
	[0.8] = {
		-0.689476,
		0.329459,
		-0.645043,
		0,
		-0.43989,
		-0.897977,
		0.011546,
		0,
		-0.57543,
		0.291709,
		0.764059,
		0,
		0.101489,
		-0.425347,
		-0.418624,
		1
	},
	[0.916666666667] = {
		-0.279055,
		0.393747,
		-0.875838,
		0,
		-0.706924,
		-0.701521,
		-0.090144,
		0,
		-0.649912,
		0.593996,
		0.474112,
		0,
		0.152952,
		-0.341999,
		-0.591607,
		1
	},
	[0.933333333333] = {
		-0.210356,
		0.384875,
		-0.898678,
		0,
		-0.73738,
		-0.666021,
		-0.112635,
		0,
		-0.641889,
		0.638973,
		0.423901,
		0,
		0.161068,
		-0.326898,
		-0.614657,
		1
	},
	[0.95] = {
		-0.141281,
		0.371357,
		-0.917678,
		0,
		-0.764744,
		-0.629592,
		-0.137041,
		0,
		-0.628655,
		0.682428,
		0.372942,
		0,
		0.168473,
		-0.310551,
		-0.636755,
		1
	},
	[0.966666666667] = {
		-0.072608,
		0.353448,
		-0.932632,
		0,
		-0.788774,
		-0.592627,
		-0.163185,
		0,
		-0.61038,
		0.723787,
		0.32182,
		0,
		0.174976,
		-0.292934,
		-0.657719,
		1
	},
	[0.983333333333] = {
		-0.005081,
		0.3315,
		-0.943442,
		0,
		-0.809307,
		-0.555521,
		-0.190836,
		0,
		-0.587364,
		0.762564,
		0.271108,
		0,
		0.180434,
		-0.274083,
		-0.67736,
		1
	},
	[0.9] = {
		-0.346578,
		0.397837,
		-0.849476,
		0,
		-0.673697,
		-0.735714,
		-0.069697,
		0,
		-0.652699,
		0.548134,
		0.523004,
		0,
		0.144376,
		-0.355924,
		-0.567779,
		1
	},
	[1.01666666667] = {
		0.123931,
		0.277291,
		-0.95276,
		0,
		-0.839648,
		-0.482377,
		-0.249609,
		0,
		-0.528803,
		0.830917,
		0.173045,
		0,
		0.184023,
		-0.230133,
		-0.704577,
		1
	},
	[1.03333333333] = {
		0.184368,
		0.246052,
		-0.95156,
		0,
		-0.849525,
		-0.446997,
		-0.280181,
		0,
		-0.494283,
		0.860031,
		0.126615,
		0,
		0.181348,
		-0.205025,
		-0.708979,
		1
	},
	[1.05] = {
		0.241572,
		0.212771,
		-0.946769,
		0,
		-0.856023,
		-0.412783,
		-0.311184,
		0,
		-0.457021,
		0.885629,
		0.08242,
		0,
		0.178576,
		-0.180457,
		-0.712013,
		1
	},
	[1.06666666667] = {
		0.295295,
		0.177975,
		-0.938683,
		0,
		-0.859318,
		-0.379946,
		-0.342366,
		0,
		-0.417581,
		0.907726,
		0.040741,
		0,
		0.175709,
		-0.15666,
		-0.713917,
		1
	},
	[1.08333333333] = {
		0.345396,
		0.142165,
		-0.927626,
		0,
		-0.859616,
		-0.348646,
		-0.373505,
		0,
		-0.376513,
		0.92641,
		0.001787,
		0,
		0.17261,
		-0.133769,
		-0.714718,
		1
	},
	[1.11666666667] = {
		0.434638,
		0.069301,
		-0.897935,
		0,
		-0.852124,
		-0.291072,
		-0.434928,
		0,
		-0.291504,
		0.954188,
		-0.067457,
		0,
		0.165867,
		-0.089743,
		-0.711971,
		1
	},
	[1.13333333333] = {
		0.473921,
		0.033025,
		-0.879948,
		0,
		-0.844792,
		-0.264894,
		-0.464928,
		0,
		-0.248447,
		0.963712,
		-0.09764,
		0,
		0.161502,
		-0.068787,
		-0.708604,
		1
	},
	[1.15] = {
		0.509841,
		-0.002721,
		-0.860264,
		0,
		-0.835359,
		-0.240463,
		-0.494321,
		0,
		-0.205517,
		0.970655,
		-0.124871,
		0,
		0.159831,
		-0.046687,
		-0.696679,
		1
	},
	[1.16666666667] = {
		0.542603,
		-0.037676,
		-0.839144,
		0,
		-0.82402,
		-0.217744,
		-0.523048,
		0,
		-0.163012,
		0.975278,
		-0.149194,
		0,
		0.160492,
		-0.025999,
		-0.675129,
		1
	},
	[1.18333333333] = {
		0.572433,
		-0.071629,
		-0.816817,
		0,
		-0.810947,
		-0.196685,
		-0.551071,
		0,
		-0.121183,
		0.977847,
		-0.170676,
		0,
		0.160093,
		-0.008189,
		-0.655124,
		1
	},
	[1.1] = {
		0.391831,
		0.105802,
		-0.913934,
		0,
		-0.857141,
		-0.319,
		-0.404411,
		0,
		-0.334332,
		0.941831,
		-0.034306,
		0,
		0.169403,
		-0.111505,
		-0.714127,
		1
	},
	[1.21666666667] = {
		0.62431,
		-0.135903,
		-0.769264,
		0,
		-0.780138,
		-0.159251,
		-0.605,
		0,
		-0.040285,
		0.977839,
		-0.205445,
		0,
		0.158705,
		0.01803,
		-0.624799,
		1
	},
	[1.23333333333] = {
		0.646876,
		-0.165996,
		-0.74431,
		0,
		-0.762594,
		-0.142704,
		-0.63094,
		0,
		-0.001483,
		0.975746,
		-0.218899,
		0,
		0.159037,
		0.025766,
		-0.616801,
		1
	},
	[1.25] = {
		0.667543,
		-0.19462,
		-0.718686,
		0,
		-0.743695,
		-0.127475,
		-0.656252,
		0,
		0.036106,
		0.97256,
		-0.229833,
		0,
		0.160788,
		0.029539,
		-0.615069,
		1
	},
	[1.2] = {
		0.599582,
		-0.104415,
		-0.793473,
		0,
		-0.796283,
		-0.177215,
		-0.578385,
		0,
		-0.080223,
		0.978618,
		-0.189399,
		0,
		0.159272,
		0.00661,
		-0.637951,
		1
	}
}

return spline_matrices
