-- chunkname: @content/characters/player/human/first_person/animations/combat_sword/swing_right_diagonal.lua

local spline_matrices = {
	[0.0166666666667] = {
		0.642347,
		-0.546545,
		-0.537289,
		0,
		-0.735312,
		-0.241798,
		-0.633127,
		0,
		0.216117,
		0.801762,
		-0.557199,
		0,
		-0.007848,
		0.035972,
		-0.5965,
		1,
	},
	[0.0333333333333] = {
		0.562312,
		-0.748402,
		-0.351709,
		0,
		-0.748345,
		-0.279595,
		-0.601503,
		0,
		0.35183,
		0.601432,
		-0.717283,
		0,
		-0.045066,
		0.032127,
		-0.568544,
		1,
	},
	[0.05] = {
		0.4171,
		-0.904962,
		-0.084086,
		0,
		-0.775083,
		-0.305865,
		-0.552895,
		0,
		0.47463,
		0.295786,
		-0.828997,
		0,
		-0.083664,
		0.0272,
		-0.540347,
		1,
	},
	[0.0666666666667] = {
		0.205196,
		-0.946566,
		0.248811,
		0,
		-0.816033,
		-0.305823,
		-0.490471,
		0,
		0.540356,
		-0.102395,
		-0.835183,
		0,
		-0.123489,
		0.020243,
		-0.510177,
		1,
	},
	[0.0833333333333] = {
		-0.031428,
		-0.818744,
		0.573299,
		0,
		-0.86257,
		-0.267562,
		-0.429399,
		0,
		0.504961,
		-0.508005,
		-0.697815,
		0,
		-0.164728,
		0.012048,
		-0.476271,
		1,
	},
	[0] = {
		0.642527,
		-0.546291,
		-0.537332,
		0,
		-0.735245,
		-0.242036,
		-0.633114,
		0,
		0.215811,
		0.801863,
		-0.557172,
		0,
		-0.00788,
		0.035994,
		-0.596498,
		1,
	},
	[0.116666666667] = {
		-0.321914,
		-0.279942,
		0.904435,
		0,
		-0.922429,
		-0.12248,
		-0.366229,
		0,
		0.213298,
		-0.952172,
		-0.218799,
		0,
		-0.247158,
		-0.000695,
		-0.398464,
		1,
	},
	[0.133333333333] = {
		-0.345894,
		-0.077449,
		0.935072,
		0,
		-0.934776,
		-0.057525,
		-0.350549,
		0,
		0.08094,
		-0.995335,
		-0.0525,
		0,
		-0.283604,
		-0.005489,
		-0.357758,
		1,
	},
	[0.15] = {
		-0.334817,
		0.024167,
		0.941973,
		0,
		-0.941214,
		-0.056174,
		-0.333106,
		0,
		0.044864,
		-0.998128,
		0.041554,
		0,
		-0.314695,
		-0.015615,
		-0.316501,
		1,
	},
	[0.166666666667] = {
		-0.2943,
		0.079089,
		0.952435,
		0,
		-0.953059,
		-0.098502,
		-0.286314,
		0,
		0.071173,
		-0.991989,
		0.104366,
		0,
		-0.343654,
		-0.03083,
		-0.272055,
		1,
	},
	[0.183333333333] = {
		-0.23169,
		0.106856,
		0.966903,
		0,
		-0.9629,
		-0.166559,
		-0.212324,
		0,
		0.138359,
		-0.980224,
		0.141482,
		0,
		-0.369222,
		-0.048876,
		-0.225458,
		1,
	},
	[0.1] = {
		-0.220764,
		-0.558602,
		0.799517,
		0,
		-0.90026,
		-0.198664,
		-0.387383,
		0,
		0.375228,
		-0.805293,
		-0.459029,
		0,
		-0.206673,
		0.004738,
		-0.438496,
		1,
	},
	[0.216666666667] = {
		-0.052014,
		0.136392,
		0.989288,
		0,
		-0.948496,
		-0.316729,
		-0.006202,
		0,
		0.31249,
		-0.938659,
		0.145842,
		0,
		-0.407478,
		-0.084884,
		-0.131307,
		1,
	},
	[0.233333333333] = {
		0.055111,
		0.154531,
		0.98645,
		0,
		-0.924565,
		-0.365143,
		0.108855,
		0,
		0.377017,
		-0.918036,
		0.122751,
		0,
		-0.420858,
		-0.099375,
		-0.086217,
		1,
	},
	[0.25] = {
		0.164742,
		0.176765,
		0.970368,
		0,
		-0.901285,
		-0.372678,
		0.220901,
		0,
		0.400682,
		-0.910969,
		0.09792,
		0,
		-0.431951,
		-0.110065,
		-0.04318,
		1,
	},
	[0.266666666667] = {
		0.271361,
		0.197496,
		0.941997,
		0,
		-0.890425,
		-0.320038,
		0.323603,
		0,
		0.365386,
		-0.926591,
		0.08901,
		0,
		-0.442195,
		-0.116048,
		-0.001843,
		1,
	},
	[0.283333333333] = {
		0.370701,
		0.206744,
		0.905449,
		0,
		-0.894611,
		-0.182417,
		0.407916,
		0,
		0.249503,
		-0.961239,
		0.117334,
		0,
		-0.452775,
		-0.115984,
		0.038565,
		1,
	},
	[0.2] = {
		-0.149672,
		0.122395,
		0.981131,
		0,
		-0.962577,
		-0.244784,
		-0.116305,
		0,
		0.22593,
		-0.961821,
		0.154452,
		0,
		-0.390522,
		-0.067554,
		-0.178073,
		1,
	},
	[0.316666666667] = {
		0.58706,
		-0.013088,
		0.809438,
		0,
		-0.681764,
		0.531167,
		0.503051,
		0,
		-0.436531,
		-0.847166,
		0.302904,
		0,
		-0.339289,
		0.240096,
		0.103437,
		1,
	},
	[0.333333333333] = {
		0.586019,
		-0.128184,
		0.800094,
		0,
		-0.347248,
		0.852416,
		0.390904,
		0,
		-0.73212,
		-0.506908,
		0.455021,
		0,
		-0.237143,
		0.477907,
		0.115,
		1,
	},
	[0.35] = {
		0.536593,
		-0.078597,
		0.840173,
		0,
		0.144068,
		0.989568,
		0.000561,
		0,
		-0.831452,
		0.120741,
		0.542318,
		0,
		-0.120628,
		0.658883,
		0.07045,
		1,
	},
	[0.366666666667] = {
		0.531042,
		0.01717,
		0.847172,
		0,
		0.58348,
		0.717585,
		-0.380293,
		0,
		-0.614448,
		0.696259,
		0.371049,
		0,
		0.026427,
		0.767692,
		-0.021446,
		1,
	},
	[0.383333333333] = {
		0.540763,
		-0.020413,
		0.840927,
		0,
		0.784124,
		0.374129,
		-0.495153,
		0,
		-0.304508,
		0.927152,
		0.218321,
		0,
		0.174133,
		0.778748,
		-0.104292,
		1,
	},
	[0.3] = {
		0.495584,
		0.140881,
		0.857058,
		0,
		-0.867726,
		0.123539,
		0.481445,
		0,
		-0.038053,
		-0.982289,
		0.18347,
		0,
		-0.424042,
		-0.003722,
		0.075484,
		1,
	},
	[0.416666666667] = {
		0.531006,
		-0.017488,
		0.847187,
		0,
		0.846431,
		-0.036051,
		-0.531276,
		0,
		0.039833,
		0.999197,
		-0.004341,
		0,
		0.448167,
		0.63731,
		-0.228994,
		1,
	},
	[0.433333333333] = {
		0.536476,
		0.033733,
		0.843241,
		0,
		0.840778,
		-0.107441,
		-0.530611,
		0,
		0.072699,
		0.993639,
		-0.086002,
		0,
		0.54502,
		0.518825,
		-0.265311,
		1,
	},
	[0.45] = {
		0.545083,
		0.035203,
		0.837643,
		0,
		0.816107,
		-0.251058,
		-0.520518,
		0,
		0.191973,
		0.967332,
		-0.165577,
		0,
		0.586033,
		0.43911,
		-0.301028,
		1,
	},
	[0.466666666667] = {
		0.547497,
		0.010495,
		0.836742,
		0,
		0.766019,
		-0.408784,
		-0.496095,
		0,
		0.336841,
		0.912571,
		-0.231848,
		0,
		0.614616,
		0.361436,
		-0.330337,
		1,
	},
	[0.483333333333] = {
		0.545808,
		-0.024351,
		0.837556,
		0,
		0.682092,
		-0.567651,
		-0.461001,
		0,
		0.486666,
		0.822909,
		-0.293219,
		0,
		0.634418,
		0.28415,
		-0.359054,
		1,
	},
	[0.4] = {
		0.533837,
		-0.063495,
		0.8432,
		0,
		0.844901,
		0.080224,
		-0.528873,
		0,
		-0.034063,
		0.994752,
		0.096474,
		0,
		0.312627,
		0.739135,
		-0.180451,
		1,
	},
	[0.516666666667] = {
		0.56142,
		-0.073738,
		0.824239,
		0,
		0.412826,
		-0.838276,
		-0.356185,
		0,
		0.717205,
		0.540237,
		-0.440184,
		0,
		0.663301,
		0.127123,
		-0.437027,
		1,
	},
	[0.533333333333] = {
		0.603124,
		-0.075399,
		0.794076,
		0,
		0.242631,
		-0.931006,
		-0.272686,
		0,
		0.75985,
		0.357131,
		-0.543218,
		0,
		0.68107,
		0.046829,
		-0.496503,
		1,
	},
	[0.55] = {
		0.708358,
		-0.061204,
		0.703195,
		0,
		0.033634,
		-0.992175,
		-0.120238,
		0,
		0.705052,
		0.108823,
		-0.700757,
		0,
		0.713713,
		-0.038691,
		-0.598164,
		1,
	},
	[0.566666666667] = {
		0.811953,
		-0.080284,
		0.578175,
		0,
		-0.140681,
		-0.988214,
		0.060343,
		0,
		0.566517,
		-0.130334,
		-0.813678,
		0,
		0.720952,
		-0.11211,
		-0.682348,
		1,
	},
	[0.583333333333] = {
		0.8596,
		-0.122728,
		0.49601,
		0,
		-0.229806,
		-0.959867,
		0.160761,
		0,
		0.456373,
		-0.252177,
		-0.853305,
		0,
		0.670587,
		-0.161163,
		-0.695498,
		1,
	},
	[0.5] = {
		0.546728,
		-0.055578,
		0.835464,
		0,
		0.562674,
		-0.71453,
		-0.415747,
		0,
		0.62007,
		0.697394,
		-0.359381,
		0,
		0.649276,
		0.206157,
		-0.392826,
		1,
	},
	[0.616666666667] = {
		0.903022,
		-0.223341,
		0.366974,
		0,
		-0.327529,
		-0.910697,
		0.251706,
		0,
		0.277986,
		-0.347491,
		-0.89553,
		0,
		0.554186,
		-0.220317,
		-0.709541,
		1,
	},
	[0.633333333333] = {
		0.90954,
		-0.277761,
		0.309168,
		0,
		-0.359448,
		-0.899151,
		0.249648,
		0,
		0.208647,
		-0.338195,
		-0.917655,
		0,
		0.501171,
		-0.225669,
		-0.714404,
		1,
	},
	[0.65] = {
		0.908943,
		-0.337525,
		0.244745,
		0,
		-0.390665,
		-0.894536,
		0.217224,
		0,
		0.145615,
		-0.293058,
		-0.944941,
		0,
		0.448885,
		-0.215603,
		-0.713641,
		1,
	},
	[0.666666666667] = {
		0.901211,
		-0.398381,
		0.170621,
		0,
		-0.425046,
		-0.889338,
		0.168567,
		0,
		0.084586,
		-0.224436,
		-0.970811,
		0,
		0.394497,
		-0.197424,
		-0.710257,
		1,
	},
	[0.683333333333] = {
		0.885833,
		-0.455805,
		0.086839,
		0,
		-0.463182,
		-0.879772,
		0.107065,
		0,
		0.027598,
		-0.135064,
		-0.990453,
		0,
		0.339134,
		-0.172422,
		-0.704361,
		1,
	},
	[0.6] = {
		0.887098,
		-0.171343,
		0.428602,
		0,
		-0.285556,
		-0.933252,
		0.217942,
		0,
		0.362651,
		-0.315726,
		-0.876813,
		0,
		0.609816,
		-0.198348,
		-0.701929,
		1,
	},
	[0.716666666667] = {
		0.833521,
		-0.542962,
		-0.102153,
		0,
		-0.548625,
		-0.835248,
		-0.037034,
		0,
		-0.065215,
		0.086912,
		-0.994079,
		0,
		0.230202,
		-0.107858,
		-0.685572,
		1,
	},
	[0.733333333333] = {
		0.799372,
		-0.566625,
		-0.199851,
		0,
		-0.59287,
		-0.797845,
		-0.109309,
		0,
		-0.097513,
		0.205864,
		-0.97371,
		0,
		0.178964,
		-0.071854,
		-0.673221,
		1,
	},
	[0.75] = {
		0.762905,
		-0.576157,
		-0.293291,
		0,
		-0.635333,
		-0.752123,
		-0.175107,
		0,
		-0.119702,
		0.319928,
		-0.93985,
		0,
		0.13131,
		-0.035965,
		-0.659624,
		1,
	},
	[0.766666666667] = {
		0.726695,
		-0.57366,
		-0.377925,
		0,
		-0.673991,
		-0.701779,
		-0.230743,
		0,
		-0.132852,
		0.422399,
		-0.896621,
		0,
		0.088167,
		-0.002149,
		-0.645627,
		1,
	},
	[0.783333333333] = {
		0.693065,
		-0.562943,
		-0.450284,
		0,
		-0.707322,
		-0.651601,
		-0.274064,
		0,
		-0.139124,
		0.50844,
		-0.849784,
		0,
		0.050348,
		0.027745,
		-0.632258,
		1,
	},
	[0.7] = {
		0.862945,
		-0.505271,
		-0.005125,
		0,
		-0.504771,
		-0.862466,
		0.036861,
		0,
		-0.023045,
		-0.029223,
		-0.999307,
		0,
		0.283973,
		-0.142005,
		-0.696072,
		1,
	},
	[0.816666666667] = {
		0.640143,
		-0.535696,
		-0.550678,
		0,
		-0.75493,
		-0.57155,
		-0.321578,
		0,
		-0.142472,
		0.621579,
		-0.770286,
		0,
		-0.00642,
		0.069134,
		-0.611855,
		1,
	},
	[0.833333333333] = {
		0.621786,
		-0.52543,
		-0.58078,
		0,
		-0.769979,
		-0.54573,
		-0.330622,
		0,
		-0.14323,
		0.652765,
		-0.743897,
		0,
		-0.02539,
		0.080641,
		-0.60558,
		1,
	},
	[0.85] = {
		0.607656,
		-0.516893,
		-0.602972,
		0,
		-0.781241,
		-0.525622,
		-0.336725,
		0,
		-0.142885,
		0.675679,
		-0.723216,
		0,
		-0.039831,
		0.089321,
		-0.600722,
		1,
	},
	[0.866666666667] = {
		0.597393,
		-0.510494,
		-0.61848,
		0,
		-0.789276,
		-0.510833,
		-0.340724,
		0,
		-0.142002,
		0.691698,
		-0.708089,
		0,
		-0.050208,
		0.095473,
		-0.597193,
		1,
	},
	[0.883333333333] = {
		0.590604,
		-0.506356,
		-0.628324,
		0,
		-0.794558,
		-0.500892,
		-0.343197,
		0,
		-0.140943,
		0.701934,
		-0.698158,
		0,
		-0.056969,
		0.099378,
		-0.594879,
		1,
	},
	[0.8] = {
		0.663807,
		-0.548698,
		-0.508223,
		0,
		-0.734428,
		-0.606639,
		-0.30431,
		0,
		-0.141334,
		0.575256,
		-0.80567,
		0,
		0.018588,
		0.052025,
		-0.620633,
		1,
	},
	[0.916666666667] = {
		0.585853,
		-0.504448,
		-0.634277,
		0,
		-0.798404,
		-0.493518,
		-0.344949,
		0,
		-0.139019,
		0.7085,
		-0.691883,
		0,
		-0.061343,
		0.1015,
		-0.593372,
		1,
	},
	[0.933333333333] = {
		0.587116,
		-0.506186,
		-0.63172,
		0,
		-0.797604,
		-0.495043,
		-0.344618,
		0,
		-0.138288,
		0.706193,
		-0.694383,
		0,
		-0.059779,
		0.100222,
		-0.593895,
		1,
	},
	[0.95] = {
		0.590299,
		-0.509282,
		-0.626242,
		0,
		-0.795351,
		-0.49934,
		-0.343622,
		0,
		-0.137707,
		0.700922,
		-0.699818,
		0,
		-0.056253,
		0.097712,
		-0.595076,
		1,
	},
	[0.966666666667] = {
		0.595033,
		-0.513368,
		-0.618376,
		0,
		-0.791897,
		-0.505882,
		-0.342027,
		0,
		-0.13724,
		0.693208,
		-0.707551,
		0,
		-0.051162,
		0.094217,
		-0.596769,
		1,
	},
	[0.983333333333] = {
		0.600921,
		-0.518103,
		-0.608657,
		0,
		-0.787514,
		-0.514095,
		-0.339894,
		0,
		-0.136807,
		0.683575,
		-0.716944,
		0,
		-0.044898,
		0.089986,
		-0.598831,
		1,
	},
	[0.9] = {
		0.586888,
		-0.504408,
		-0.633352,
		0,
		-0.797488,
		-0.495294,
		-0.344525,
		0,
		-0.139914,
		0.707288,
		-0.692941,
		0,
		-0.060542,
		0.101302,
		-0.593652,
		1,
	},
	[1.01666666667] = {
		0.614547,
		-0.528265,
		-0.585891,
		0,
		-0.77711,
		-0.533199,
		-0.334364,
		0,
		-0.135763,
		0.660784,
		-0.738196,
		0,
		-0.030423,
		0.080336,
		-0.603508,
		1,
	},
	[1.03333333333] = {
		0.621514,
		-0.533098,
		-0.574044,
		0,
		-0.771663,
		-0.542978,
		-0.331226,
		0,
		-0.135118,
		0.64883,
		-0.748841,
		0,
		-0.023013,
		0.07543,
		-0.605856,
		1,
	},
	[1.05] = {
		0.628067,
		-0.537436,
		-0.562755,
		0,
		-0.766462,
		-0.552177,
		-0.328082,
		0,
		-0.134417,
		0.637388,
		-0.758728,
		0,
		-0.016028,
		0.070817,
		-0.608041,
		1,
	},
	[1.06666666667] = {
		0.633825,
		-0.541082,
		-0.552717,
		0,
		-0.76183,
		-0.560253,
		-0.325166,
		0,
		-0.13372,
		0.627174,
		-0.767314,
		0,
		-0.009876,
		0.066764,
		-0.609944,
		1,
	},
	[1.08333333333] = {
		0.638407,
		-0.543871,
		-0.544648,
		0,
		-0.758102,
		-0.566674,
		-0.322741,
		0,
		-0.133108,
		0.618939,
		-0.774078,
		0,
		-0.004971,
		0.063538,
		-0.611446,
		1,
	},
	{
		0.607554,
		-0.523174,
		-0.597635,
		0,
		-0.782492,
		-0.523386,
		-0.337303,
		0,
		-0.136325,
		0.672574,
		-0.727365,
		0,
		-0.037852,
		0.085274,
		-0.601123,
		1,
	},
	[1.11666666667] = {
		0.642526,
		-0.546291,
		-0.537332,
		0,
		-0.754718,
		-0.572444,
		-0.320482,
		0,
		-0.132516,
		0.611452,
		-0.780106,
		0,
		-0.000551,
		0.060637,
		-0.612789,
		1,
	},
	[1.13333333333] = {
		0.642526,
		-0.546291,
		-0.537332,
		0,
		-0.754718,
		-0.572444,
		-0.320482,
		0,
		-0.132516,
		0.611452,
		-0.780106,
		0,
		-0.000551,
		0.060637,
		-0.612789,
		1,
	},
	[1.1] = {
		0.641433,
		-0.545658,
		-0.539278,
		0,
		-0.755619,
		-0.570913,
		-0.321089,
		0,
		-0.132677,
		0.613446,
		-0.778512,
		0,
		-0.001725,
		0.061407,
		-0.612434,
		1,
	},
}

return spline_matrices
