-- chunkname: @content/characters/player/human/first_person/animations/combat_sword/swing_right.lua

local spline_matrices = {
	[0.0166666666667] = {
		0.90028,
		-0.354089,
		-0.253212,
		0,
		-0.420268,
		-0.858589,
		-0.293596,
		0,
		-0.113445,
		0.370735,
		-0.921784,
		0,
		0.00666,
		-0.024078,
		-0.581276,
		1,
	},
	[0.0333333333333] = {
		0.88703,
		-0.444788,
		-0.123865,
		0,
		-0.456781,
		-0.884491,
		-0.095004,
		0,
		-0.067301,
		0.140851,
		-0.987741,
		0,
		-0.024554,
		-0.039915,
		-0.522707,
		1,
	},
	[0.05] = {
		0.861401,
		-0.506016,
		0.044013,
		0,
		-0.506977,
		-0.851263,
		0.135368,
		0,
		-0.031032,
		-0.13892,
		-0.989817,
		0,
		-0.0577,
		-0.054293,
		-0.459692,
		1,
	},
	[0.0666666666667] = {
		0.822596,
		-0.51609,
		0.238721,
		0,
		-0.568446,
		-0.735779,
		0.368101,
		0,
		-0.014327,
		-0.438498,
		-0.898618,
		0,
		-0.092161,
		-0.063969,
		-0.394811,
		1,
	},
	[0.0833333333333] = {
		0.774814,
		-0.463105,
		0.430345,
		0,
		-0.631682,
		-0.539862,
		0.556351,
		0,
		-0.025322,
		-0.70291,
		-0.710828,
		0,
		-0.126839,
		-0.066968,
		-0.332194,
		1,
	},
	[0] = {
		0.90028,
		-0.354089,
		-0.253212,
		0,
		-0.420268,
		-0.858589,
		-0.293596,
		0,
		-0.113445,
		0.370735,
		-0.921784,
		0,
		0.00666,
		-0.024078,
		-0.581103,
		1,
	},
	[0.116666666667] = {
		0.686941,
		-0.247592,
		0.683235,
		0,
		-0.71768,
		-0.083357,
		0.691366,
		0,
		-0.114224,
		-0.965272,
		-0.234953,
		0,
		-0.191063,
		-0.057237,
		-0.228713,
		1,
	},
	[0.133333333333] = {
		0.658404,
		-0.160521,
		0.735348,
		0,
		-0.734468,
		0.076509,
		0.674317,
		0,
		-0.164503,
		-0.984063,
		-0.067523,
		0,
		-0.218393,
		-0.049339,
		-0.190185,
		1,
	},
	[0.15] = {
		0.642532,
		-0.113238,
		0.757846,
		0,
		-0.739768,
		0.166137,
		0.652029,
		0,
		-0.19974,
		-0.979579,
		0.022979,
		0,
		-0.244114,
		-0.043174,
		-0.156895,
		1,
	},
	[0.166666666667] = {
		0.635814,
		-0.094617,
		0.766021,
		0,
		-0.739991,
		0.207439,
		0.63983,
		0,
		-0.219442,
		-0.973661,
		0.061877,
		0,
		-0.269782,
		-0.039149,
		-0.125823,
		1,
	},
	[0.183333333333] = {
		0.632535,
		-0.096911,
		0.768445,
		0,
		-0.739291,
		0.220321,
		0.636323,
		0,
		-0.230971,
		-0.970601,
		0.067715,
		0,
		-0.294153,
		-0.03493,
		-0.097654,
		1,
	},
	[0.1] = {
		0.72685,
		-0.361282,
		0.584092,
		0,
		-0.68393,
		-0.303144,
		0.663584,
		0,
		-0.062677,
		-0.881804,
		-0.467432,
		0,
		-0.160256,
		-0.063889,
		-0.276068,
		1,
	},
	[0.216666666667] = {
		0.616753,
		-0.134969,
		0.7755,
		0,
		-0.742917,
		0.225821,
		0.630142,
		0,
		-0.260174,
		-0.964774,
		0.039004,
		0,
		-0.333626,
		-0.01713,
		-0.053933,
		1,
	},
	[0.233333333333] = {
		0.593087,
		-0.156362,
		0.78981,
		0,
		-0.749445,
		0.251288,
		0.612525,
		0,
		-0.294245,
		-0.955199,
		0.031851,
		0,
		-0.346075,
		0.000875,
		-0.040232,
		1,
	},
	[0.25] = {
		0.549932,
		-0.167346,
		0.818273,
		0,
		-0.756818,
		0.314553,
		0.57296,
		0,
		-0.353273,
		-0.934372,
		0.046332,
		0,
		-0.35176,
		0.027974,
		-0.033216,
		1,
	},
	[0.266666666667] = {
		0.46662,
		-0.155362,
		0.870706,
		0,
		-0.767502,
		0.41812,
		0.485918,
		0,
		-0.439553,
		-0.895008,
		0.075862,
		0,
		-0.352804,
		0.092942,
		-0.032905,
		1,
	},
	[0.283333333333] = {
		0.352127,
		-0.127758,
		0.927192,
		0,
		-0.75465,
		0.547228,
		0.362002,
		0,
		-0.553634,
		-0.827176,
		0.096282,
		0,
		-0.350616,
		0.199565,
		-0.03587,
		1,
	},
	[0.2] = {
		0.627885,
		-0.112694,
		0.770104,
		0,
		-0.739756,
		0.221134,
		0.635501,
		0,
		-0.241913,
		-0.96871,
		0.05548,
		0,
		-0.315878,
		-0.02832,
		-0.073369,
		1,
	},
	[0.316666666667] = {
		0.164014,
		-0.107807,
		0.980549,
		0,
		-0.515908,
		0.837859,
		0.178414,
		0,
		-0.840796,
		-0.535136,
		0.081802,
		0,
		-0.319174,
		0.434911,
		-0.035779,
		1,
	},
	[0.333333333333] = {
		0.086957,
		-0.120878,
		0.988851,
		0,
		-0.20324,
		0.969582,
		0.136395,
		0,
		-0.97526,
		-0.212834,
		0.059745,
		0,
		-0.245248,
		0.550287,
		-0.032833,
		1,
	},
	[0.35] = {
		-0.016432,
		-0.127513,
		0.991701,
		0,
		0.482887,
		0.867485,
		0.119543,
		0,
		-0.875528,
		0.480844,
		0.04732,
		0,
		-0.041604,
		0.625693,
		-0.031571,
		1,
	},
	[0.366666666667] = {
		-0.095999,
		-0.07538,
		0.992523,
		0,
		0.943437,
		0.311017,
		0.114872,
		0,
		-0.31735,
		0.94741,
		0.041259,
		0,
		0.206989,
		0.626626,
		-0.032602,
		1,
	},
	[0.383333333333] = {
		-0.119804,
		-0.008319,
		0.992763,
		0,
		0.965301,
		-0.234686,
		0.114523,
		0,
		0.232035,
		0.972036,
		0.036147,
		0,
		0.404031,
		0.550695,
		-0.032735,
		1,
	},
	[0.3] = {
		0.246964,
		-0.107499,
		0.963043,
		0,
		-0.675461,
		0.693498,
		0.250627,
		0,
		-0.69481,
		-0.712394,
		0.098658,
		0,
		-0.342964,
		0.31328,
		-0.037765,
		1,
	},
	[0.416666666667] = {
		-0.11074,
		0.066032,
		0.991653,
		0,
		0.629788,
		-0.767219,
		0.121417,
		0,
		0.768833,
		0.637977,
		0.043375,
		0,
		0.650635,
		0.323465,
		-0.028149,
		1,
	},
	[0.433333333333] = {
		-0.0737,
		0.0933,
		0.992907,
		0,
		0.241204,
		-0.964387,
		0.108524,
		0,
		0.967672,
		0.247492,
		0.048571,
		0,
		0.692953,
		0.202384,
		-0.026725,
		1,
	},
	[0.45] = {
		-0.047672,
		0.069059,
		0.996473,
		0,
		0.101607,
		-0.992097,
		0.073617,
		0,
		0.993682,
		0.104759,
		0.040279,
		0,
		0.717622,
		0.130146,
		-0.035218,
		1,
	},
	[0.466666666667] = {
		-0.029593,
		0.029142,
		0.999137,
		0,
		0.023613,
		-0.999276,
		0.029846,
		0,
		0.999283,
		0.024476,
		0.028883,
		0,
		0.735671,
		0.066263,
		-0.057615,
		1,
	},
	[0.483333333333] = {
		-0.015876,
		-0.021422,
		0.999644,
		0,
		-0.004561,
		-0.999759,
		-0.021497,
		0,
		0.999864,
		-0.004901,
		0.015774,
		0,
		0.748033,
		0.008706,
		-0.091457,
		1,
	},
	[0.4] = {
		-0.11783,
		0.02709,
		0.992664,
		0,
		0.854434,
		-0.506617,
		0.115247,
		0,
		0.506022,
		0.861746,
		0.036548,
		0,
		0.554784,
		0.448354,
		-0.031078,
		1,
	},
	[0.516666666667] = {
		0.015399,
		-0.142075,
		0.989736,
		0,
		0.045081,
		-0.988748,
		-0.142635,
		0,
		0.998865,
		0.046815,
		-0.008821,
		0,
		0.756669,
		-0.090956,
		-0.183694,
		1,
	},
	[0.533333333333] = {
		0.04054,
		-0.20613,
		0.977684,
		0,
		0.105478,
		-0.972139,
		-0.209335,
		0,
		0.993595,
		0.11161,
		-0.017668,
		0,
		0.753233,
		-0.13218,
		-0.237194,
		1,
	},
	[0.55] = {
		0.074954,
		-0.267734,
		0.960573,
		0,
		0.177018,
		-0.944411,
		-0.277042,
		0,
		0.981349,
		0.190804,
		-0.023393,
		0,
		0.744969,
		-0.167496,
		-0.292036,
		1,
	},
	[0.566666666667] = {
		0.118737,
		-0.32284,
		0.938976,
		0,
		0.249438,
		-0.905641,
		-0.342921,
		0,
		0.961084,
		0.274933,
		-0.027005,
		0,
		0.732278,
		-0.197169,
		-0.345526,
		1,
	},
	[0.583333333333] = {
		0.170244,
		-0.368005,
		0.914106,
		0,
		0.31277,
		-0.8595,
		-0.404272,
		0,
		0.934447,
		0.35473,
		-0.031224,
		0,
		0.715724,
		-0.221663,
		-0.395029,
		1,
	},
	[0.5] = {
		-0.002271,
		-0.079425,
		0.996838,
		0,
		0.005618,
		-0.996826,
		-0.079411,
		0,
		0.999982,
		0.00542,
		0.00271,
		0,
		0.755004,
		-0.043755,
		-0.134271,
		1,
	},
	[0.616666666667] = {
		0.284252,
		-0.422049,
		0.860858,
		0,
		0.378958,
		-0.77532,
		-0.505243,
		0,
		0.880677,
		0.469845,
		-0.060447,
		0,
		0.663498,
		-0.253914,
		-0.462839,
		1,
	},
	[0.633333333333] = {
		0.340235,
		-0.431963,
		0.835253,
		0,
		0.368552,
		-0.755923,
		-0.541063,
		0,
		0.865106,
		0.491923,
		-0.097991,
		0,
		0.639311,
		-0.265335,
		-0.482643,
		1,
	},
	[0.65] = {
		0.39882,
		-0.432877,
		0.80843,
		0,
		0.334689,
		-0.752054,
		-0.567801,
		0,
		0.853771,
		0.497024,
		-0.155055,
		0,
		0.616477,
		-0.273389,
		-0.499986,
		1,
	},
	[0.666666666667] = {
		0.465104,
		-0.426085,
		0.77597,
		0,
		0.289654,
		-0.755053,
		-0.588214,
		0,
		0.836528,
		0.498344,
		-0.227761,
		0,
		0.590563,
		-0.276184,
		-0.52029,
		1,
	},
	[0.683333333333] = {
		0.537335,
		-0.412899,
		0.735381,
		0,
		0.234352,
		-0.764515,
		-0.600496,
		0,
		0.810154,
		0.495006,
		-0.314037,
		0,
		0.560848,
		-0.27428,
		-0.543019,
		1,
	},
	[0.6] = {
		0.226551,
		-0.401172,
		0.887545,
		0,
		0.358307,
		-0.813012,
		-0.458943,
		0,
		0.905699,
		0.421987,
		-0.040446,
		0,
		0.691527,
		-0.240316,
		-0.434727,
		1,
	},
	[0.716666666667] = {
		0.689283,
		-0.373508,
		0.62079,
		0,
		0.09976,
		-0.799769,
		-0.591961,
		0,
		0.717591,
		0.469958,
		-0.514006,
		0,
		0.474607,
		-0.249886,
		-0.570455,
		1,
	},
	[0.733333333333] = {
		0.762033,
		-0.351029,
		0.544136,
		0,
		0.025944,
		-0.823089,
		-0.567319,
		0,
		0.647018,
		0.446434,
		-0.618114,
		0,
		0.425607,
		-0.231646,
		-0.58051,
		1,
	},
	[0.75] = {
		0.827291,
		-0.329446,
		0.455033,
		0,
		-0.047319,
		-0.84798,
		-0.527911,
		0,
		0.559777,
		0.415205,
		-0.717115,
		0,
		0.374524,
		-0.210671,
		-0.588268,
		1,
	},
	[0.766666666667] = {
		0.88134,
		-0.310752,
		0.355912,
		0,
		-0.115977,
		-0.872518,
		-0.474617,
		0,
		0.458028,
		0.377022,
		-0.805025,
		0,
		0.322559,
		-0.187711,
		-0.59359,
		1,
	},
	[0.783333333333] = {
		0.921524,
		-0.296549,
		0.250705,
		0,
		-0.176427,
		-0.894861,
		-0.409997,
		0,
		0.34593,
		0.333591,
		-0.876954,
		0,
		0.270954,
		-0.163445,
		-0.596523,
		1,
	},
	[0.7] = {
		0.613114,
		-0.394795,
		0.684272,
		0,
		0.170286,
		-0.779766,
		-0.602468,
		0,
		0.771423,
		0.485904,
		-0.410857,
		0,
		0.520406,
		-0.264572,
		-0.558346,
		1,
	},
	[0.816666666667] = {
		0.957803,
		-0.284408,
		0.041536,
		0,
		-0.264127,
		-0.92792,
		-0.26306,
		0,
		0.113359,
		0.240989,
		-0.963885,
		0,
		0.173584,
		-0.113797,
		-0.596337,
		1,
	},
	[0.833333333333] = {
		0.956769,
		-0.285938,
		-0.053227,
		0,
		-0.290817,
		-0.93774,
		-0.189919,
		0,
		0.004392,
		0.197188,
		-0.980356,
		0,
		0.129893,
		-0.089943,
		-0.594106,
		1,
	},
	[0.85] = {
		0.946814,
		-0.291194,
		-0.136927,
		0,
		-0.30789,
		-0.943504,
		-0.122487,
		0,
		-0.093524,
		0.158131,
		-0.982979,
		0,
		0.090663,
		-0.067871,
		-0.591122,
		1,
	},
	[0.866666666667] = {
		0.931429,
		-0.298813,
		-0.207726,
		0,
		-0.317731,
		-0.94603,
		-0.063825,
		0,
		-0.177443,
		0.12545,
		-0.976103,
		0,
		0.056577,
		-0.048511,
		-0.587854,
		1,
	},
	[0.883333333333] = {
		0.913976,
		-0.30743,
		-0.264831,
		0,
		-0.322961,
		-0.946275,
		-0.016105,
		0,
		-0.245652,
		0.100249,
		-0.96416,
		0,
		0.028238,
		-0.032836,
		-0.584696,
		1,
	},
	[0.8] = {
		0.946782,
		-0.287736,
		0.144265,
		0,
		-0.226154,
		-0.91359,
		-0.337945,
		0,
		0.229038,
		0.287334,
		-0.930043,
		0,
		0.220925,
		-0.138564,
		-0.597306,
		1,
	},
	[0.916666666667] = {
		0.883785,
		-0.323002,
		-0.338517,
		0,
		-0.328217,
		-0.943602,
		0.043461,
		0,
		-0.333463,
		0.072697,
		-0.939956,
		0,
		-0.009625,
		-0.014749,
		-0.579876,
		1,
	},
	[0.933333333333] = {
		0.873842,
		-0.328522,
		-0.358432,
		0,
		-0.329667,
		-0.942198,
		0.05986,
		0,
		-0.35738,
		0.065855,
		-0.931635,
		0,
		-0.020293,
		-0.009956,
		-0.578426,
		1,
	},
	[0.95] = {
		0.867572,
		-0.332464,
		-0.369846,
		0,
		-0.330957,
		-0.941075,
		0.069608,
		0,
		-0.371195,
		0.062013,
		-0.926482,
		0,
		-0.026542,
		-0.00718,
		-0.577538,
		1,
	},
	[0.966666666667] = {
		0.864664,
		-0.334973,
		-0.374366,
		0,
		-0.332316,
		-0.940277,
		0.073795,
		0,
		-0.376727,
		0.0606,
		-0.92434,
		0,
		-0.029076,
		-0.006123,
		-0.577125,
		1,
	},
	[0.983333333333] = {
		0.864612,
		-0.33626,
		-0.373329,
		0,
		-0.333783,
		-0.939784,
		0.073446,
		0,
		-0.375546,
		0.061109,
		-0.924787,
		0,
		-0.028571,
		-0.006495,
		-0.577104,
		1,
	},
	[0.9] = {
		0.897389,
		-0.315842,
		-0.308117,
		0,
		-0.326067,
		-0.945152,
		0.019179,
		0,
		-0.297275,
		0.083256,
		-0.951155,
		0,
		0.00621,
		-0.021839,
		-0.581964,
		1,
	},
	[1.01666666667] = {
		0.87061,
		-0.336126,
		-0.359246,
		0,
		-0.336724,
		-0.939494,
		0.063,
		0,
		-0.358685,
		0.066118,
		-0.931114,
		0,
		-0.021061,
		-0.010355,
		-0.577899,
		1,
	},
	[1.03333333333] = {
		0.875352,
		-0.33518,
		-0.348443,
		0,
		-0.337969,
		-0.939563,
		0.05476,
		0,
		-0.345739,
		0.069829,
		-0.935729,
		0,
		-0.015351,
		-0.013217,
		-0.57855,
		1,
	},
	[1.05] = {
		0.88041,
		-0.333957,
		-0.336677,
		0,
		-0.338943,
		-0.939693,
		0.045766,
		0,
		-0.331657,
		0.073822,
		-0.940507,
		0,
		-0.009199,
		-0.016275,
		-0.57926,
		1,
	},
	[1.06666666667] = {
		0.885203,
		-0.33267,
		-0.325185,
		0,
		-0.339611,
		-0.939838,
		0.036997,
		0,
		-0.317929,
		0.077687,
		-0.944926,
		0,
		-0.00326,
		-0.019211,
		-0.579949,
		1,
	},
	[1.08333333333] = {
		0.889209,
		-0.33152,
		-0.31528,
		0,
		-0.339997,
		-0.939965,
		0.029459,
		0,
		-0.306119,
		0.080999,
		-0.948541,
		0,
		0.001807,
		-0.021703,
		-0.580537,
		1,
	},
	{
		0.866812,
		-0.336564,
		-0.367915,
		0,
		-0.33529,
		-0.939545,
		0.069538,
		0,
		-0.369077,
		0.063082,
		-0.927255,
		0,
		-0.025683,
		-0.00801,
		-0.57739,
		1,
	},
	[1.11666666667] = {
		0.89297,
		-0.330377,
		-0.305705,
		0,
		-0.340211,
		-0.940087,
		0.022195,
		0,
		-0.294722,
		0.084185,
		-0.951867,
		0,
		0.006661,
		-0.024078,
		-0.581102,
		1,
	},
	[1.13333333333] = {
		0.89297,
		-0.330377,
		-0.305705,
		0,
		-0.340211,
		-0.940087,
		0.022195,
		0,
		-0.294722,
		0.084185,
		-0.951867,
		0,
		0.006661,
		-0.024078,
		-0.581102,
		1,
	},
	[1.1] = {
		0.891951,
		-0.330694,
		-0.308326,
		0,
		-0.340169,
		-0.940053,
		0.024182,
		0,
		-0.29784,
		0.083314,
		-0.950973,
		0,
		0.005336,
		-0.023431,
		-0.580948,
		1,
	},
}

return spline_matrices
