local spline_matrices = {
	[0] = {
		0.633371,
		-0.576988,
		-0.515681,
		0,
		-0.773711,
		-0.484742,
		-0.407918,
		0,
		-0.014608,
		0.657351,
		-0.753443,
		0,
		-0.015848,
		0.014111,
		-0.583358,
		1
	},
	{
		0.606697,
		-0.560633,
		-0.563568,
		0,
		-0.794763,
		-0.442443,
		-0.415447,
		0,
		-0.016434,
		0.699954,
		-0.713999,
		0,
		-0.047654,
		0.030733,
		-0.576918,
		1
	},
	[0.0166666666667] = {
		0.548834,
		-0.77048,
		-0.324255,
		0,
		-0.828883,
		-0.451331,
		-0.330535,
		0,
		0.108325,
		0.450178,
		-0.886344,
		0,
		-0.055915,
		0.015386,
		-0.551615,
		1
	},
	[0.0333333333333] = {
		0.400199,
		-0.9149,
		-0.052906,
		0,
		-0.890106,
		-0.374319,
		-0.259995,
		0,
		0.218065,
		0.151141,
		-0.96416,
		0,
		-0.095689,
		0.018254,
		-0.521742,
		1
	},
	[0.05] = {
		0.187332,
		-0.941678,
		0.279553,
		0,
		-0.943364,
		-0.251796,
		-0.216017,
		0,
		0.273809,
		-0.223253,
		-0.935514,
		0,
		-0.134204,
		0.021882,
		-0.49344,
		1
	},
	[0.0666666666667] = {
		-0.047084,
		-0.799938,
		0.598232,
		0,
		-0.970176,
		-0.105945,
		-0.218024,
		0,
		0.237786,
		-0.590656,
		-0.771092,
		0,
		-0.170569,
		0.025187,
		-0.466219,
		1
	},
	[0.0833333333333] = {
		-0.232233,
		-0.530786,
		0.815067,
		0,
		-0.965116,
		0.021583,
		-0.260931,
		0,
		0.120907,
		-0.847231,
		-0.517282,
		0,
		-0.204186,
		0.027092,
		-0.439168,
		1
	},
	[0.116666666667] = {
		-0.351158,
		-0.04623,
		0.935174,
		0,
		-0.928545,
		0.145609,
		-0.34147,
		0,
		-0.120383,
		-0.988262,
		-0.094058,
		0,
		-0.261628,
		0.024409,
		-0.381142,
		1
	},
	[0.133333333333] = {
		-0.33904,
		0.057591,
		0.939007,
		0,
		-0.930585,
		0.125957,
		-0.343725,
		0,
		-0.13807,
		-0.990363,
		0.010889,
		0,
		-0.286599,
		0.01571,
		-0.349462,
		1
	},
	[0.15] = {
		-0.295563,
		0.119353,
		0.947838,
		0,
		-0.948986,
		0.07741,
		-0.305668,
		0,
		-0.109855,
		-0.98983,
		0.090384,
		0,
		-0.312662,
		0.002303,
		-0.314474,
		1
	},
	[0.166666666667] = {
		-0.228542,
		0.155098,
		0.9611,
		0,
		-0.972438,
		0.010462,
		-0.232926,
		0,
		-0.046181,
		-0.987844,
		0.148432,
		0,
		-0.338425,
		-0.014218,
		-0.276256,
		1
	},
	[0.183333333333] = {
		-0.141538,
		0.176469,
		0.974077,
		0,
		-0.989022,
		-0.067412,
		-0.131497,
		0,
		0.042459,
		-0.981995,
		0.184073,
		0,
		-0.362499,
		-0.032367,
		-0.234974,
		1
	},
	[0.1] = {
		-0.329477,
		-0.248762,
		0.910803,
		0,
		-0.944008,
		0.104325,
		-0.312995,
		0,
		-0.017159,
		-0.96293,
		-0.269206,
		0,
		-0.23468,
		0.026946,
		-0.41115,
		1
	},
	[0.216666666667] = {
		0.071689,
		0.206607,
		0.975794,
		0,
		-0.968487,
		-0.219533,
		0.117635,
		0,
		0.238523,
		-0.953477,
		0.184358,
		0,
		-0.401384,
		-0.067026,
		-0.145082,
		1
	},
	[0.233333333333] = {
		0.180056,
		0.221854,
		0.958311,
		0,
		-0.932706,
		-0.270974,
		0.237977,
		0,
		0.312474,
		-0.936672,
		0.158134,
		0,
		-0.414839,
		-0.079994,
		-0.098445,
		1
	},
	[0.25] = {
		0.275296,
		0.235106,
		0.932168,
		0,
		-0.895325,
		-0.290464,
		0.337674,
		0,
		0.350151,
		-0.927554,
		0.130533,
		0,
		-0.423745,
		-0.087701,
		-0.052419,
		1
	},
	[0.266666666667] = {
		0.348015,
		0.241642,
		0.905812,
		0,
		-0.873481,
		-0.267319,
		0.406906,
		0,
		0.340466,
		-0.932818,
		0.118039,
		0,
		-0.428553,
		-0.088408,
		-0.007492,
		1
	},
	[0.283333333333] = {
		0.413531,
		0.207207,
		0.886598,
		0,
		-0.856473,
		-0.241885,
		0.456011,
		0,
		0.308944,
		-0.947922,
		0.07744,
		0,
		-0.414637,
		-0.019251,
		0.053403,
		1
	},
	[0.2] = {
		-0.03895,
		0.191909,
		0.98064,
		0,
		-0.988982,
		-0.147671,
		-0.010382,
		0,
		0.14282,
		-0.970239,
		0.195546,
		0,
		-0.383711,
		-0.050551,
		-0.191034,
		1
	},
	[0.316666666667] = {
		0.484073,
		0.085231,
		0.870867,
		0,
		-0.872917,
		0.116116,
		0.473849,
		0,
		-0.060735,
		-0.989572,
		0.130608,
		0,
		-0.309467,
		0.350188,
		0.144025,
		1
	},
	[0.333333333333] = {
		0.42103,
		0.117626,
		0.899388,
		0,
		-0.580208,
		0.797086,
		0.167366,
		0,
		-0.697203,
		-0.592298,
		0.403845,
		0,
		-0.174766,
		0.623665,
		0.057085,
		1
	},
	[0.35] = {
		0.543678,
		0.221768,
		0.809465,
		0,
		-0.134239,
		0.97502,
		-0.176963,
		0,
		-0.828489,
		-0.012451,
		0.559867,
		0,
		0.050734,
		0.747624,
		-0.093444,
		1
	},
	[0.366666666667] = {
		0.525903,
		0.084875,
		0.846299,
		0,
		0.258428,
		0.932023,
		-0.254063,
		0,
		-0.810334,
		0.352319,
		0.46822,
		0,
		0.272507,
		0.734671,
		-0.208359,
		1
	},
	[0.383333333333] = {
		0.592598,
		0.07283,
		0.802199,
		0,
		0.705226,
		0.434301,
		-0.560392,
		0,
		-0.38921,
		0.897818,
		0.206004,
		0,
		0.47214,
		0.626524,
		-0.319517,
		1
	},
	[0.3] = {
		0.469795,
		0.139599,
		0.871668,
		0,
		-0.856235,
		-0.168241,
		0.488422,
		0,
		0.214834,
		-0.975811,
		0.040491,
		0,
		-0.373168,
		0.144486,
		0.11873,
		1
	},
	[0.416666666667] = {
		0.573497,
		0.044396,
		0.818004,
		0,
		0.81871,
		0.003722,
		-0.574195,
		0,
		-0.028537,
		0.999007,
		-0.034213,
		0,
		0.657415,
		0.33382,
		-0.425931,
		1
	},
	[0.433333333333] = {
		0.565873,
		-0.018412,
		0.824287,
		0,
		0.809838,
		-0.175243,
		-0.559869,
		0,
		0.154758,
		0.984353,
		-0.084255,
		0,
		0.675947,
		0.258929,
		-0.440403,
		1
	},
	[0.45] = {
		0.549093,
		-0.089559,
		0.830949,
		0,
		0.767733,
		-0.338855,
		-0.543841,
		0,
		0.330277,
		0.936566,
		-0.117306,
		0,
		0.682891,
		0.205358,
		-0.449002,
		1
	},
	[0.466666666667] = {
		0.526615,
		-0.150641,
		0.83665,
		0,
		0.695412,
		-0.489734,
		-0.525893,
		0,
		0.488957,
		0.85876,
		-0.153144,
		0,
		0.683036,
		0.162086,
		-0.456351,
		1
	},
	[0.483333333333] = {
		0.508286,
		-0.185225,
		0.841033,
		0,
		0.595001,
		-0.630492,
		-0.498451,
		0,
		0.622591,
		0.753771,
		-0.210261,
		0,
		0.678007,
		0.118481,
		-0.46453,
		1
	},
	[0.4] = {
		0.575529,
		0.0803,
		0.813829,
		0,
		0.790612,
		0.19975,
		-0.57882,
		0,
		-0.209041,
		0.976551,
		0.051476,
		0,
		0.616627,
		0.43857,
		-0.397032,
		1
	},
	[0.516666666667] = {
		0.575367,
		-0.100912,
		0.811646,
		0,
		0.314124,
		-0.888987,
		-0.333207,
		0,
		0.755168,
		0.446674,
		-0.479795,
		0,
		0.646,
		-0.015955,
		-0.49152,
		1
	},
	[0.533333333333] = {
		0.686514,
		-0.069113,
		0.723825,
		0,
		0.098406,
		-0.977482,
		-0.186667,
		0,
		0.720427,
		0.199378,
		-0.664254,
		0,
		0.606697,
		-0.087805,
		-0.508129,
		1
	},
	[0.55] = {
		0.783601,
		-0.093312,
		0.614216,
		0,
		-0.094198,
		-0.995071,
		-0.030996,
		0,
		0.614081,
		-0.03357,
		-0.788529,
		0,
		0.559104,
		-0.143951,
		-0.520746,
		1
	},
	[0.566666666667] = {
		0.836362,
		-0.136548,
		0.530898,
		0,
		-0.205757,
		-0.975866,
		0.073148,
		0,
		0.508097,
		-0.170414,
		-0.844273,
		0,
		0.517857,
		-0.1815,
		-0.530151,
		1
	},
	[0.583333333333] = {
		0.862356,
		-0.177709,
		0.47409,
		0,
		-0.263054,
		-0.957335,
		0.119638,
		0,
		0.432602,
		-0.227882,
		-0.87231,
		0,
		0.485486,
		-0.204451,
		-0.540829,
		1
	},
	[0.5] = {
		0.508798,
		-0.180304,
		0.841792,
		0,
		0.468821,
		-0.762076,
		-0.446596,
		0,
		0.722033,
		0.621877,
		-0.303213,
		0,
		0.667743,
		0.064256,
		-0.473828,
		1
	},
	[0.616666666667] = {
		0.88883,
		-0.28291,
		0.360477,
		0,
		-0.353802,
		-0.923617,
		0.147498,
		0,
		0.291214,
		-0.258638,
		-0.921032,
		0,
		0.41656,
		-0.230113,
		-0.575814,
		1
	},
	[0.633333333333] = {
		0.890004,
		-0.3453,
		0.297761,
		0,
		-0.390745,
		-0.914163,
		0.107819,
		0,
		0.234972,
		-0.212307,
		-0.948532,
		0,
		0.383684,
		-0.226453,
		-0.596214,
		1
	},
	[0.65] = {
		0.884305,
		-0.409326,
		0.224626,
		0,
		-0.430634,
		-0.900935,
		0.05358,
		0,
		0.180442,
		-0.144113,
		-0.972971,
		0,
		0.346845,
		-0.217178,
		-0.61763,
		1
	},
	[0.666666666667] = {
		0.871119,
		-0.470375,
		0.141061,
		0,
		-0.473667,
		-0.88063,
		-0.011387,
		0,
		0.129579,
		-0.056896,
		-0.989935,
		0,
		0.305563,
		-0.202097,
		-0.639016,
		1
	},
	[0.683333333333] = {
		0.850455,
		-0.523803,
		0.048552,
		0,
		-0.519215,
		-0.850652,
		-0.082507,
		0,
		0.084519,
		0.044959,
		-0.995407,
		0,
		0.256409,
		-0.178264,
		-0.645272,
		1
	},
	[0.6] = {
		0.879609,
		-0.227504,
		0.417768,
		0,
		-0.311134,
		-0.939472,
		0.143484,
		0,
		0.359838,
		-0.256192,
		-0.897152,
		0,
		0.451971,
		-0.22032,
		-0.5562,
		1
	},
	[0.716666666667] = {
		0.790825,
		-0.593506,
		-0.149488,
		0,
		-0.611755,
		-0.75903,
		-0.222774,
		0,
		0.018752,
		0.267625,
		-0.963341,
		0,
		0.154109,
		-0.116546,
		-0.629295,
		1
	},
	[0.733333333333] = {
		0.755806,
		-0.607012,
		-0.245548,
		0,
		-0.654795,
		-0.700994,
		-0.282579,
		0,
		-0.000599,
		0.374359,
		-0.927284,
		0,
		0.107202,
		-0.084692,
		-0.619946,
		1
	},
	[0.75] = {
		0.720602,
		-0.608019,
		-0.333235,
		0,
		-0.693246,
		-0.640072,
		-0.331235,
		0,
		-0.011897,
		0.469703,
		-0.882745,
		0,
		0.064462,
		-0.05432,
		-0.610286,
		1
	},
	[0.766666666667] = {
		0.687566,
		-0.60009,
		-0.408833,
		0,
		-0.72592,
		-0.58134,
		-0.367538,
		0,
		-0.017115,
		0.549487,
		-0.835327,
		0,
		0.026811,
		-0.027053,
		-0.600946,
		1
	},
	[0.783333333333] = {
		0.658608,
		-0.587724,
		-0.469911,
		0,
		-0.752252,
		-0.529835,
		-0.391654,
		0,
		-0.018791,
		0.611438,
		-0.79107,
		0,
		-0.004883,
		-0.004464,
		-0.592659,
		1
	},
	[0.7] = {
		0.823136,
		-0.565659,
		-0.049778,
		0,
		-0.565882,
		-0.80985,
		-0.154661,
		0,
		0.047173,
		0.155475,
		-0.986713,
		0,
		0.204193,
		-0.148255,
		-0.637849,
		1
	},
	[0.816666666667] = {
		0.616883,
		-0.565372,
		-0.547549,
		0,
		-0.786796,
		-0.46085,
		-0.410573,
		0,
		-0.020212,
		0.684084,
		-0.729123,
		0,
		-0.04858,
		0.023408,
		-0.581397,
		1
	},
	[0.833333333333] = {
		0.602746,
		-0.556576,
		-0.57177,
		0,
		-0.797684,
		-0.438211,
		-0.414332,
		0,
		-0.019949,
		0.705828,
		-0.708102,
		0,
		-0.062766,
		0.03227,
		-0.577561,
		1
	},
	[0.85] = {
		0.592385,
		-0.549666,
		-0.589022,
		0,
		-0.805424,
		-0.421567,
		-0.416623,
		0,
		-0.019309,
		0.721213,
		-0.692444,
		0,
		-0.072808,
		0.038784,
		-0.574658,
		1
	},
	[0.866666666667] = {
		0.58543,
		-0.54484,
		-0.600351,
		0,
		-0.81051,
		-0.410312,
		-0.417993,
		0,
		-0.018592,
		0.731296,
		-0.681807,
		0,
		-0.07915,
		0.043195,
		-0.572626,
		1
	},
	[0.883333333333] = {
		0.581498,
		-0.542088,
		-0.606631,
		0,
		-0.813349,
		-0.403838,
		-0.418782,
		0,
		-0.017964,
		0.736924,
		-0.675737,
		0,
		-0.082225,
		0.045743,
		-0.571389,
		1
	},
	[0.8] = {
		0.635125,
		-0.575558,
		-0.51512,
		0,
		-0.77216,
		-0.490041,
		-0.404511,
		0,
		-0.019611,
		0.65467,
		-0.75566,
		0,
		-0.029793,
		0.011948,
		-0.5862,
		1
	},
	[0.916666666667] = {
		0.581169,
		-0.54212,
		-0.606917,
		0,
		-0.813601,
		-0.402819,
		-0.419273,
		0,
		-0.017181,
		0.737457,
		-0.675175,
		0,
		-0.080278,
		0.046177,
		-0.570938,
		1
	},
	[0.933333333333] = {
		0.584014,
		-0.544365,
		-0.602158,
		0,
		-0.811565,
		-0.407094,
		-0.41909,
		0,
		-0.016998,
		0.733445,
		-0.679537,
		0,
		-0.076094,
		0.044522,
		-0.571527,
		1
	},
	[0.95] = {
		0.588365,
		-0.547669,
		-0.594882,
		0,
		-0.808419,
		-0.413782,
		-0.418621,
		0,
		-0.016886,
		0.727216,
		-0.686201,
		0,
		-0.070325,
		0.041922,
		-0.572522,
		1
	},
	[0.966666666667] = {
		0.593847,
		-0.551696,
		-0.585643,
		0,
		-0.804403,
		-0.422296,
		-0.417854,
		0,
		-0.016786,
		0.719234,
		-0.694565,
		0,
		-0.063385,
		0.038604,
		-0.573821,
		1
	},
	[0.983333333333] = {
		0.600083,
		-0.556118,
		-0.575007,
		0,
		-0.799765,
		-0.432048,
		-0.416787,
		0,
		-0.016647,
		0.709977,
		-0.704028,
		0,
		-0.055689,
		0.034797,
		-0.57532,
		1
	},
	[0.9] = {
		0.580205,
		-0.541261,
		-0.608604,
		0,
		-0.814283,
		-0.401538,
		-0.419179,
		0,
		-0.017492,
		0.738785,
		-0.673714,
		0,
		-0.082461,
		0.04666,
		-0.570858,
		1
	},
	[1.01666666667] = {
		0.613313,
		-0.564968,
		-0.551959,
		0,
		-0.789675,
		-0.452882,
		-0.413897,
		0,
		-0.016133,
		0.689717,
		-0.723899,
		0,
		-0.039698,
		0.026644,
		-0.578519,
		1
	},
	[1.03333333333] = {
		0.619554,
		-0.568891,
		-0.540847,
		0,
		-0.784796,
		-0.462764,
		-0.412245,
		0,
		-0.015762,
		0.679862,
		-0.733171,
		0,
		-0.032241,
		0.022766,
		-0.580028,
		1
	},
	[1.05] = {
		0.625049,
		-0.57221,
		-0.530933,
		0,
		-0.780434,
		-0.471488,
		-0.410636,
		0,
		-0.015359,
		0.671026,
		-0.741275,
		0,
		-0.025704,
		0.019336,
		-0.581354,
		1
	},
	[1.06666666667] = {
		0.629428,
		-0.574762,
		-0.522943,
		0,
		-0.776915,
		-0.478455,
		-0.409248,
		0,
		-0.014985,
		0.663875,
		-0.747694,
		0,
		-0.020511,
		0.016591,
		-0.582409,
		1
	},
	[1.08333333333] = {
		0.632324,
		-0.576403,
		-0.517616,
		0,
		-0.774565,
		-0.483071,
		-0.408279,
		0,
		-0.014712,
		0.659091,
		-0.751919,
		0,
		-0.017084,
		0.014771,
		-0.583106,
		1
	},
	[1.1] = {
		0.633371,
		-0.576988,
		-0.515681,
		0,
		-0.773711,
		-0.484742,
		-0.407918,
		0,
		-0.014608,
		0.657351,
		-0.753443,
		0,
		-0.015848,
		0.014111,
		-0.583358,
		1
	}
}

return spline_matrices
