local spline_matrices = {
	[0] = {
		0.633371,
		-0.576988,
		-0.515681,
		0,
		-0.773711,
		-0.484742,
		-0.407918,
		0,
		-0.014608,
		0.657351,
		-0.753443,
		0,
		-0.015845,
		0.014118,
		-0.583355,
		1
	},
	{
		0.612438,
		-0.685208,
		-0.39422,
		0,
		-0.721308,
		-0.688432,
		0.076005,
		0,
		-0.323473,
		0.237806,
		-0.915868,
		0,
		-0.021,
		0.043518,
		-0.621612,
		1
	},
	[0.0333333333333] = {
		0.556997,
		-0.699113,
		-0.448325,
		0,
		-0.795234,
		-0.293288,
		-0.530645,
		0,
		0.239492,
		0.652091,
		-0.719319,
		0,
		0.04531,
		-0.022839,
		-0.587424,
		1
	},
	[0.0666666666667] = {
		0.191868,
		-0.923463,
		-0.33227,
		0,
		-0.570492,
		0.17054,
		-0.803402,
		0,
		0.798577,
		0.343704,
		-0.494107,
		0,
		0.198365,
		-0.104609,
		-0.602976,
		1
	},
	[0.133333333333] = {
		-0.507835,
		-0.447134,
		-0.736325,
		0,
		0.685102,
		0.308549,
		-0.659874,
		0,
		0.522244,
		-0.839565,
		0.14964,
		0,
		0.514259,
		-0.330813,
		-0.515209,
		1
	},
	[0.166666666667] = {
		-0.364257,
		-0.234936,
		-0.901178,
		0,
		0.86606,
		0.270344,
		-0.420541,
		0,
		0.342429,
		-0.933659,
		0.104994,
		0,
		0.584105,
		-0.363343,
		-0.361786,
		1
	},
	[0.1] = {
		-0.359025,
		-0.813255,
		-0.457949,
		0,
		0.131806,
		0.441566,
		-0.887495,
		0,
		0.923974,
		-0.378993,
		-0.051341,
		0,
		0.381732,
		-0.216023,
		-0.586595,
		1
	},
	[0.233333333333] = {
		0.127052,
		0.075595,
		-0.989011,
		0,
		0.890378,
		0.430729,
		0.147304,
		0,
		0.437131,
		-0.89931,
		-0.012583,
		0,
		0.626416,
		-0.290691,
		0.036965,
		1
	},
	[0.266666666667] = {
		0.358554,
		0.205271,
		-0.910661,
		0,
		0.71324,
		0.569137,
		0.409111,
		0,
		0.60227,
		-0.796208,
		0.057659,
		0,
		0.576955,
		-0.051949,
		0.111848,
		1
	},
	[0.2] = {
		-0.131241,
		-0.071614,
		-0.98876,
		0,
		0.932789,
		0.328801,
		-0.147626,
		0,
		0.335678,
		-0.94168,
		0.023649,
		0,
		0.623096,
		-0.362742,
		-0.109364,
		1
	},
	[0.333333333333] = {
		0.370042,
		0.110297,
		-0.922444,
		0,
		-0.928845,
		0.062931,
		-0.365085,
		0,
		0.017782,
		0.991904,
		0.125736,
		0,
		-0.050397,
		0.763765,
		-0.101459,
		1
	},
	[0.366666666667] = {
		0.448219,
		0.075028,
		-0.890769,
		0,
		-0.768693,
		-0.476297,
		-0.42691,
		0,
		-0.456301,
		0.876077,
		-0.155812,
		0,
		-0.351864,
		0.584767,
		-0.237618,
		1
	},
	[0.3] = {
		0.556903,
		0.279079,
		-0.782288,
		0,
		0.037144,
		0.932549,
		0.359126,
		0,
		0.829747,
		-0.229056,
		0.508973,
		0,
		0.419514,
		0.605431,
		0.144634,
		1
	},
	[0.433333333333] = {
		0.506401,
		0.086388,
		-0.85796,
		0,
		0.259027,
		-0.964257,
		0.055797,
		0,
		-0.822474,
		-0.250491,
		-0.510678,
		0,
		-0.542162,
		0.131071,
		-0.323797,
		1
	},
	[0.466666666667] = {
		0.317222,
		0.181152,
		-0.930889,
		0,
		-0.322192,
		-0.902615,
		-0.285444,
		0,
		-0.891943,
		0.390474,
		-0.227963,
		0,
		-0.541547,
		-0.068343,
		-0.349341,
		1
	},
	[0.4] = {
		0.377031,
		0.264841,
		-0.887529,
		0,
		-0.606251,
		-0.653879,
		-0.45266,
		0,
		-0.700219,
		0.708732,
		-0.085973,
		0,
		-0.505701,
		0.324495,
		-0.409449,
		1
	},
	[0.533333333333] = {
		0.355933,
		0.650017,
		-0.671408,
		0,
		0.177559,
		-0.752411,
		-0.634311,
		0,
		-0.917488,
		0.106557,
		-0.383224,
		0,
		-0.452637,
		-0.203859,
		-0.470261,
		1
	},
	[0.566666666667] = {
		0.276412,
		0.812845,
		-0.512718,
		0,
		0.553065,
		-0.570848,
		-0.606838,
		0,
		-0.785949,
		-0.115829,
		-0.607345,
		0,
		-0.387151,
		-0.244601,
		-0.531246,
		1
	},
	[0.5] = {
		0.344411,
		0.413249,
		-0.842975,
		0,
		-0.216177,
		-0.838872,
		-0.499561,
		0,
		-0.913591,
		0.354286,
		-0.199582,
		0,
		-0.50413,
		-0.137054,
		-0.400366,
		1
	},
	[0.633333333333] = {
		0.30833,
		0.850036,
		-0.427049,
		0,
		0.709118,
		-0.504619,
		-0.492454,
		0,
		-0.634101,
		-0.150989,
		-0.758365,
		0,
		-0.295027,
		-0.248678,
		-0.584031,
		1
	},
	[0.666666666667] = {
		0.388615,
		0.813853,
		-0.431997,
		0,
		0.67864,
		-0.569949,
		-0.463256,
		0,
		-0.623238,
		-0.113142,
		-0.773804,
		0,
		-0.259678,
		-0.234442,
		-0.596695,
		1
	},
	[0.6] = {
		0.280495,
		0.855101,
		-0.436033,
		0,
		0.700244,
		-0.492994,
		-0.516349,
		0,
		-0.656492,
		-0.160496,
		-0.737062,
		0,
		-0.333408,
		-0.2542,
		-0.566444,
		1
	},
	[0.733333333333] = {
		0.651355,
		0.588158,
		-0.479381,
		0,
		0.468111,
		-0.80871,
		-0.356174,
		0,
		-0.597167,
		0.007592,
		-0.802081,
		0,
		-0.197167,
		-0.185685,
		-0.60963,
		1
	},
	[0.766666666667] = {
		0.774194,
		0.373619,
		-0.510914,
		0,
		0.276131,
		-0.9257,
		-0.258518,
		0,
		-0.56954,
		0.059063,
		-0.819839,
		0,
		-0.169464,
		-0.154012,
		-0.610713,
		1
	},
	[0.7] = {
		0.516871,
		0.712654,
		-0.474308,
		0,
		0.599216,
		-0.696879,
		-0.394081,
		0,
		-0.611379,
		-0.080524,
		-0.78723,
		0,
		-0.227131,
		-0.215934,
		-0.603149,
		1
	},
	[0.833333333333] = {
		0.871243,
		-0.126367,
		-0.474307,
		0,
		-0.197364,
		-0.974927,
		-0.102789,
		0,
		-0.449425,
		0.183165,
		-0.874338,
		0,
		-0.113859,
		-0.074036,
		-0.615088,
		1
	},
	[0.866666666667] = {
		0.786516,
		-0.351392,
		-0.507855,
		0,
		-0.418855,
		-0.907821,
		-0.020548,
		0,
		-0.453821,
		0.228879,
		-0.861198,
		0,
		-0.092653,
		-0.033107,
		-0.610768,
		1
	},
	[0.8] = {
		0.829346,
		0.124459,
		-0.544698,
		0,
		0.03214,
		-0.983888,
		-0.175875,
		0,
		-0.55781,
		0.128354,
		-0.819983,
		0,
		-0.145938,
		-0.115064,
		-0.609226,
		1
	},
	[0.933333333333] = {
		0.663942,
		-0.619955,
		-0.418134,
		0,
		-0.662062,
		-0.747299,
		0.05673,
		0,
		-0.347641,
		0.239166,
		-0.906612,
		0,
		-0.040864,
		0.026499,
		-0.617692,
		1
	},
	[0.966666666667] = {
		0.622199,
		-0.671193,
		-0.40295,
		0,
		-0.710082,
		-0.70058,
		0.07051,
		0,
		-0.329624,
		0.242256,
		-0.912502,
		0,
		-0.025695,
		0.040764,
		-0.620436,
		1
	},
	[0.9] = {
		0.725678,
		-0.51214,
		-0.459461,
		0,
		-0.566562,
		-0.82369,
		0.023294,
		0,
		-0.390383,
		0.24341,
		-0.887892,
		0,
		-0.06497,
		0.000874,
		-0.614254,
		1
	},
	[1.03333333333] = {
		0.615338,
		-0.68246,
		-0.394472,
		0,
		-0.718132,
		-0.691694,
		0.076456,
		0,
		-0.325032,
		0.236237,
		-0.915722,
		0,
		-0.021919,
		0.042035,
		-0.621337,
		1
	},
	[1.06666666667] = {
		0.624652,
		-0.670795,
		-0.399806,
		0,
		-0.707456,
		-0.702876,
		0.073965,
		0,
		-0.330629,
		0.236643,
		-0.913611,
		0,
		-0.025802,
		0.038438,
		-0.620359,
		1
	},
	[1.13333333333] = {
		0.637038,
		-0.653648,
		-0.408567,
		0,
		-0.692488,
		-0.718108,
		0.069142,
		0,
		-0.33859,
		0.238882,
		-0.910106,
		0,
		-0.031417,
		0.03375,
		-0.619248,
		1
	},
	[1.1] = {
		0.6341,
		-0.657972,
		-0.406189,
		0,
		-0.696134,
		-0.714436,
		0.070559,
		0,
		-0.336622,
		0.238021,
		-0.911061,
		0,
		-0.030009,
		0.034858,
		-0.619442,
		1
	}
}

return spline_matrices
