local spline_matrices = {
	[0] = {
		0.823483,
		-0.316437,
		-0.470896,
		0,
		-0.556278,
		-0.613454,
		-0.560562,
		0,
		-0.11149,
		0.723562,
		-0.681196,
		0,
		-0.019763,
		0.006016,
		-0.676746,
		1
	},
	{
		0.969652,
		0.156184,
		0.188101,
		0,
		0.237448,
		-0.418268,
		-0.876738,
		0,
		-0.058256,
		0.894795,
		-0.44266,
		0,
		0.239671,
		-0.21281,
		-0.580274,
		1
	},
	[0.0333333333333] = {
		0.940798,
		-0.158038,
		-0.299872,
		0,
		-0.335067,
		-0.567408,
		-0.752182,
		0,
		-0.051276,
		0.808129,
		-0.58677,
		0,
		0.046566,
		-0.075122,
		-0.618721,
		1
	},
	[0.0666666666667] = {
		0.998116,
		-0.011428,
		-0.060281,
		0,
		-0.058583,
		-0.469439,
		-0.881019,
		0,
		-0.01823,
		0.882891,
		-0.469224,
		0,
		0.174961,
		-0.263988,
		-0.469805,
		1
	},
	[0.133333333333] = {
		0.925621,
		0.151932,
		0.346616,
		0,
		0.368586,
		-0.154148,
		-0.916724,
		0,
		-0.085849,
		0.976297,
		-0.198682,
		0,
		0.377147,
		-0.52943,
		-0.205463,
		1
	},
	[0.166666666667] = {
		0.929695,
		0.187503,
		0.317033,
		0,
		0.320406,
		0.01286,
		-0.947193,
		0,
		-0.181679,
		0.98218,
		-0.048121,
		0,
		0.379333,
		-0.303119,
		-0.212671,
		1
	},
	[0.1] = {
		0.97896,
		0.095817,
		0.180154,
		0,
		0.201758,
		-0.322567,
		-0.924794,
		0,
		-0.0305,
		0.941684,
		-0.335113,
		0,
		0.308592,
		-0.453616,
		-0.299364,
		1
	},
	[0.233333333333] = {
		0.349472,
		-0.020989,
		0.936712,
		0,
		0.913041,
		0.232024,
		-0.335442,
		0,
		-0.210299,
		0.972484,
		0.10025,
		0,
		0.163567,
		0.676131,
		-0.088539,
		1
	},
	[0.266666666667] = {
		0.403971,
		-0.012957,
		0.91468,
		0,
		0.889401,
		0.23942,
		-0.389415,
		0,
		-0.213947,
		0.97083,
		0.108243,
		0,
		0.152881,
		0.659648,
		-0.06966,
		1
	},
	[0.2] = {
		0.828834,
		0.133854,
		0.543248,
		0,
		0.523722,
		0.156008,
		-0.837483,
		0,
		-0.196851,
		0.978644,
		0.059202,
		0,
		0.31157,
		0.104407,
		-0.18199,
		1
	},
	[0.333333333333] = {
		0.340121,
		-0.038867,
		0.939578,
		0,
		0.92065,
		0.217365,
		-0.324277,
		0,
		-0.191628,
		0.975316,
		0.109713,
		0,
		0.149217,
		0.654814,
		-0.074812,
		1
	},
	[0.366666666667] = {
		0.323082,
		-0.042001,
		0.945438,
		0,
		0.929546,
		0.201627,
		-0.308694,
		0,
		-0.17766,
		0.978562,
		0.104184,
		0,
		0.149506,
		0.652103,
		-0.073979,
		1
	},
	[0.3] = {
		0.366409,
		-0.033707,
		0.929843,
		0,
		0.910481,
		0.218937,
		-0.350842,
		0,
		-0.191751,
		0.975157,
		0.11091,
		0,
		0.157747,
		0.655956,
		-0.074639,
		1
	},
	[0.433333333333] = {
		0.296348,
		-0.042738,
		0.954123,
		0,
		0.942441,
		0.175073,
		-0.284877,
		0,
		-0.154866,
		0.983627,
		0.092161,
		0,
		0.149381,
		0.650371,
		-0.073784,
		1
	},
	[0.466666666667] = {
		0.286512,
		-0.044003,
		0.957065,
		0,
		0.945909,
		0.171693,
		-0.275279,
		0,
		-0.152209,
		0.984167,
		0.090815,
		0,
		0.147912,
		0.652976,
		-0.0738,
		1
	},
	[0.4] = {
		0.308518,
		-0.042741,
		0.950258,
		0,
		0.936962,
		0.185964,
		-0.295837,
		0,
		-0.164069,
		0.981627,
		0.09742,
		0,
		0.149939,
		0.650297,
		-0.073792,
		1
	},
	[0.533333333333] = {
		0.310519,
		-0.050592,
		0.94922,
		0,
		0.93094,
		0.21806,
		-0.292917,
		0,
		-0.192168,
		0.974623,
		0.11481,
		0,
		0.141511,
		0.679748,
		-0.052891,
		1
	},
	[0.566666666667] = {
		0.440809,
		-0.017735,
		0.897426,
		0,
		0.877018,
		0.221389,
		-0.42641,
		0,
		-0.191118,
		0.975024,
		0.113145,
		0,
		0.191276,
		0.620171,
		-0.071555,
		1
	},
	[0.5] = {
		0.289254,
		-0.048057,
		0.956045,
		0,
		0.942388,
		0.189619,
		-0.27559,
		0,
		-0.16804,
		0.980681,
		0.100136,
		0,
		0.143868,
		0.662836,
		-0.069383,
		1
	},
	[0.633333333333] = {
		0.658186,
		0.062857,
		0.750227,
		0,
		0.730911,
		0.185497,
		-0.656781,
		0,
		-0.180448,
		0.980632,
		0.076149,
		0,
		0.360816,
		0.250313,
		-0.175456,
		1
	},
	[0.666666666667] = {
		0.667163,
		0.095007,
		0.738829,
		0,
		0.721407,
		0.164782,
		-0.672621,
		0,
		-0.185649,
		0.981744,
		0.041398,
		0,
		0.456164,
		-0.091917,
		-0.232164,
		1
	},
	[0.6] = {
		0.589305,
		0.027062,
		0.807458,
		0,
		0.787082,
		0.206247,
		-0.581347,
		0,
		-0.182268,
		0.978126,
		0.100242,
		0,
		0.298968,
		0.452092,
		-0.125178,
		1
	},
	[0.733333333333] = {
		0.69052,
		0.150099,
		0.707568,
		0,
		0.702075,
		0.096223,
		-0.705572,
		0,
		-0.17399,
		0.983977,
		-0.038937,
		0,
		0.533131,
		-0.428512,
		-0.314291,
		1
	},
	[0.766666666667] = {
		0.725374,
		0.171592,
		0.666625,
		0,
		0.670088,
		0.045597,
		-0.74088,
		0,
		-0.157525,
		0.984112,
		-0.081907,
		0,
		0.517673,
		-0.423031,
		-0.34803,
		1
	},
	[0.7] = {
		0.665753,
		0.124918,
		0.735641,
		0,
		0.722635,
		0.137727,
		-0.67737,
		0,
		-0.185933,
		0.982561,
		0.001422,
		0,
		0.529038,
		-0.3784,
		-0.281035,
		1
	},
	[0.833333333333] = {
		0.803689,
		0.200743,
		0.560167,
		0,
		0.582705,
		-0.074748,
		-0.809239,
		0,
		-0.120577,
		0.976788,
		-0.177048,
		0,
		0.462036,
		-0.386675,
		-0.418979,
		1
	},
	[0.866666666667] = {
		0.843725,
		0.206253,
		0.495568,
		0,
		0.526897,
		-0.141917,
		-0.837997,
		0,
		-0.10251,
		0.968153,
		-0.228413,
		0,
		0.424339,
		-0.358675,
		-0.454414,
		1
	},
	[0.8] = {
		0.763646,
		0.188858,
		0.617396,
		0,
		0.630425,
		-0.011766,
		-0.776161,
		0,
		-0.13932,
		0.981934,
		-0.128046,
		0,
		0.493577,
		-0.408595,
		-0.38324,
		1
	},
	[0.933333333333] = {
		0.916608,
		0.195647,
		0.348642,
		0,
		0.393073,
		-0.281885,
		-0.875234,
		0,
		-0.07296,
		0.939288,
		-0.335282,
		0,
		0.33597,
		-0.289742,
		-0.521661,
		1
	},
	[0.966666666667] = {
		0.946233,
		0.179354,
		0.269212,
		0,
		0.317211,
		-0.351343,
		-0.880872,
		0,
		-0.063403,
		0.918907,
		-0.389345,
		0,
		0.288113,
		-0.251598,
		-0.552271,
		1
	},
	[0.9] = {
		0.881939,
		0.204667,
		0.424611,
		0,
		0.463398,
		-0.211567,
		-0.860524,
		0,
		-0.086287,
		0.955694,
		-0.281432,
		0,
		0.381849,
		-0.325926,
		-0.488844,
		1
	},
	[1.03333333333] = {
		0.986118,
		0.126863,
		0.107132,
		0,
		0.155626,
		-0.48117,
		-0.862703,
		0,
		-0.057897,
		0.867399,
		-0.494233,
		0,
		0.192018,
		-0.174641,
		-0.605325,
		1
	},
	[1.06666666667] = {
		0.995328,
		0.092403,
		0.028009,
		0,
		0.073642,
		-0.538886,
		-0.839154,
		0,
		-0.062447,
		0.837295,
		-0.543173,
		0,
		0.146519,
		-0.138361,
		-0.627092,
		1
	},
	[1.13333333333] = {
		0.992794,
		0.01261,
		-0.119166,
		0,
		-0.08399,
		-0.636075,
		-0.767042,
		0,
		-0.085471,
		0.771524,
		-0.630433,
		0,
		0.067381,
		-0.076666,
		-0.659514,
		1
	},
	[1.16666666667] = {
		0.9822,
		-0.030787,
		-0.1853,
		0,
		-0.157151,
		-0.675057,
		-0.720834,
		0,
		-0.102896,
		0.737123,
		-0.667878,
		0,
		0.036377,
		-0.053853,
		-0.669566,
		1
	},
	[1.1] = {
		0.997397,
		0.053985,
		-0.047803,
		0,
		-0.006703,
		-0.590651,
		-0.806899,
		0,
		-0.071795,
		0.805119,
		-0.588752,
		0,
		0.104533,
		-0.105262,
		-0.645256,
		1
	},
	[1.23333333333] = {
		0.946324,
		-0.119451,
		-0.300336,
		0,
		-0.287725,
		-0.734666,
		-0.614394,
		0,
		-0.147257,
		0.66783,
		-0.729602,
		0,
		-0.001968,
		-0.030508,
		-0.675715,
		1
	},
	[1.2] = {
		0.96642,
		-0.075122,
		-0.245742,
		0,
		-0.225272,
		-0.707781,
		-0.669551,
		0,
		-0.123633,
		0.702426,
		-0.700937,
		0,
		0.012837,
		-0.038056,
		-0.675084,
		1
	}
}

return spline_matrices
