local spline_matrices = {
	[0] = {
		0.633371,
		-0.576988,
		-0.515681,
		0,
		-0.773711,
		-0.484742,
		-0.407918,
		0,
		-0.014608,
		0.657351,
		-0.753443,
		0,
		-0.015848,
		0.014111,
		-0.583358,
		1
	},
	{
		0.618407,
		-0.621723,
		-0.480658,
		0,
		-0.783997,
		-0.446029,
		-0.431748,
		0,
		0.05404,
		0.643831,
		-0.763257,
		0,
		0.000924,
		0.017775,
		-0.601456,
		1
	},
	[0.0166666666667] = {
		0.29431,
		-0.767226,
		-0.569865,
		0,
		-0.755858,
		0.178037,
		-0.630064,
		0,
		0.584859,
		0.616171,
		-0.527516,
		0,
		0.035357,
		-0.007253,
		-0.606218,
		1
	},
	[0.0333333333333] = {
		0.213267,
		-0.825222,
		-0.522997,
		0,
		-0.575911,
		0.326234,
		-0.749598,
		0,
		0.789204,
		0.461065,
		-0.40568,
		0,
		0.096134,
		-0.045269,
		-0.591253,
		1
	},
	[0.05] = {
		0.057172,
		-0.894623,
		-0.443148,
		0,
		-0.374566,
		0.392229,
		-0.840153,
		0,
		0.925436,
		0.214021,
		-0.31267,
		0,
		0.16993,
		-0.085985,
		-0.570312,
		1
	},
	[0.0666666666667] = {
		-0.141586,
		-0.914708,
		-0.3785,
		0,
		-0.152838,
		0.397966,
		-0.904579,
		0,
		0.978056,
		-0.070226,
		-0.196149,
		0,
		0.241731,
		-0.120699,
		-0.541302,
		1
	},
	[0.0833333333333] = {
		-0.271626,
		-0.875326,
		-0.400029,
		0,
		0.05755,
		0.40014,
		-0.914645,
		0,
		0.960681,
		-0.271464,
		-0.058313,
		0,
		0.294033,
		-0.136048,
		-0.505883,
		1
	},
	[0.116666666667] = {
		-0.26588,
		-0.736796,
		-0.621642,
		0,
		0.431745,
		0.485551,
		-0.760155,
		0,
		0.861919,
		-0.470501,
		0.189009,
		0,
		0.370432,
		-0.100029,
		-0.384196,
		1
	},
	[0.133333333333] = {
		-0.183097,
		-0.636737,
		-0.749027,
		0,
		0.604063,
		0.528243,
		-0.596714,
		0,
		0.775618,
		-0.561716,
		0.28791,
		0,
		0.40781,
		-0.060962,
		-0.285986,
		1
	},
	[0.15] = {
		-0.044632,
		-0.514645,
		-0.856241,
		0,
		0.742655,
		0.556177,
		-0.373003,
		0,
		0.668186,
		-0.652539,
		0.35738,
		0,
		0.43985,
		-0.014089,
		-0.184799,
		1
	},
	[0.166666666667] = {
		0.137467,
		-0.376946,
		-0.915978,
		0,
		0.82394,
		0.556775,
		-0.105471,
		0,
		0.54975,
		-0.740212,
		0.387119,
		0,
		0.464236,
		0.034832,
		-0.100595,
		1
	},
	[0.183333333333] = {
		0.336293,
		-0.237454,
		-0.91133,
		0,
		0.83429,
		0.524031,
		0.171324,
		0,
		0.436883,
		-0.817929,
		0.374333,
		0,
		0.482443,
		0.083882,
		-0.054491,
		1
	},
	[0.1] = {
		-0.293527,
		-0.815239,
		-0.499227,
		0,
		0.245981,
		0.440235,
		-0.863531,
		0,
		0.923762,
		-0.37627,
		0.071313,
		0,
		0.331675,
		-0.126332,
		-0.460767,
		1
	},
	[0.216666666667] = {
		0.423896,
		-0.036459,
		-0.904977,
		0,
		0.845571,
		0.373958,
		0.381005,
		0,
		0.324532,
		-0.926729,
		0.189348,
		0,
		0.549891,
		0.196104,
		-0.041999,
		1
	},
	[0.233333333333] = {
		0.420839,
		0.048358,
		-0.905845,
		0,
		0.857127,
		0.305778,
		0.414529,
		0,
		0.297033,
		-0.950874,
		0.087235,
		0,
		0.582014,
		0.254154,
		-0.041124,
		1
	},
	[0.25] = {
		0.422811,
		0.115341,
		-0.898848,
		0,
		0.855355,
		0.276826,
		0.437875,
		0,
		0.299329,
		-0.953973,
		0.018388,
		0,
		0.59297,
		0.309631,
		-0.040284,
		1
	},
	[0.266666666667] = {
		0.424477,
		0.15254,
		-0.892497,
		0,
		0.836008,
		0.312518,
		0.451025,
		0,
		0.34772,
		-0.937584,
		0.005132,
		0,
		0.587369,
		0.362185,
		-0.03912,
		1
	},
	[0.283333333333] = {
		0.41498,
		0.170194,
		-0.89377,
		0,
		0.802416,
		0.39458,
		0.447701,
		0,
		0.42886,
		-0.902962,
		0.027176,
		0,
		0.573656,
		0.413203,
		-0.038623,
		1
	},
	[0.2] = {
		0.405716,
		-0.132077,
		-0.904406,
		0,
		0.834833,
		0.456375,
		0.307857,
		0,
		0.372087,
		-0.87993,
		0.295421,
		0,
		0.511791,
		0.138487,
		-0.045621,
		1
	},
	[0.316666666667] = {
		0.420391,
		0.238292,
		-0.875493,
		0,
		0.684289,
		0.550366,
		0.478378,
		0,
		0.595835,
		-0.800196,
		0.068308,
		0,
		0.487861,
		0.510551,
		-0.033983,
		1
	},
	[0.333333333333] = {
		0.271541,
		0.440888,
		-0.855502,
		0,
		0.304516,
		0.803875,
		0.510936,
		0,
		0.912982,
		-0.399254,
		0.084028,
		0,
		0.384152,
		0.58308,
		-0.030003,
		1
	},
	[0.35] = {
		-0.079487,
		0.250854,
		-0.964756,
		0,
		-0.47182,
		0.843076,
		0.258088,
		0,
		0.878105,
		0.475706,
		0.051344,
		0,
		0.034058,
		0.679975,
		-0.046597,
		1
	},
	[0.366666666667] = {
		-0.276889,
		0.023532,
		-0.960614,
		0,
		-0.960752,
		-0.024437,
		0.276331,
		0,
		-0.016972,
		0.999424,
		0.029375,
		0,
		-0.302364,
		0.550404,
		-0.042617,
		1
	},
	[0.383333333333] = {
		-0.254071,
		-0.084266,
		-0.963508,
		0,
		-0.844705,
		-0.465882,
		0.263489,
		0,
		-0.471084,
		0.880825,
		0.047187,
		0,
		-0.404675,
		0.401921,
		-0.041375,
		1
	},
	[0.3] = {
		0.410565,
		0.193236,
		-0.891121,
		0,
		0.753944,
		0.477713,
		0.450954,
		0,
		0.51284,
		-0.857001,
		0.050443,
		0,
		0.543274,
		0.461932,
		-0.037372,
		1
	},
	[0.416666666667] = {
		-0.05208,
		-0.377181,
		-0.924674,
		0,
		0.082667,
		-0.924381,
		0.372406,
		0,
		-0.995215,
		-0.057045,
		0.079322,
		0,
		-0.395835,
		0.122463,
		-0.03128,
		1
	},
	[0.433333333333] = {
		0.098385,
		-0.359301,
		-0.928021,
		0,
		0.52231,
		-0.77513,
		0.355479,
		0,
		-0.847061,
		-0.519689,
		0.111405,
		0,
		-0.334331,
		0.019939,
		-0.037555,
		1
	},
	[0.45] = {
		0.160393,
		-0.314962,
		-0.935453,
		0,
		0.661612,
		-0.668999,
		0.338689,
		0,
		-0.732491,
		-0.673231,
		0.10108,
		0,
		-0.3019,
		0.013533,
		-0.050801,
		1
	},
	[0.466666666667] = {
		0.19473,
		-0.267817,
		-0.943586,
		0,
		0.73359,
		-0.598814,
		0.321353,
		0,
		-0.651096,
		-0.754782,
		0.079861,
		0,
		-0.275412,
		0.007448,
		-0.066071,
		1
	},
	[0.483333333333] = {
		0.211102,
		-0.223454,
		-0.95158,
		0,
		0.763599,
		-0.570043,
		0.30326,
		0,
		-0.610206,
		-0.790645,
		0.050292,
		0,
		-0.253187,
		0.000588,
		-0.083147,
		1
	},
	[0.4] = {
		-0.211432,
		-0.273639,
		-0.938306,
		0,
		-0.496467,
		-0.796871,
		0.344263,
		0,
		-0.841912,
		0.538627,
		0.032631,
		0,
		-0.44213,
		0.268489,
		-0.034495,
		1
	},
	[0.516666666667] = {
		0.216165,
		-0.144103,
		-0.965664,
		0,
		0.740557,
		-0.620348,
		0.258347,
		0,
		-0.636277,
		-0.770975,
		-0.027381,
		0,
		-0.218327,
		-0.015772,
		-0.122353,
		1
	},
	[0.533333333333] = {
		0.213493,
		-0.106841,
		-0.971085,
		0,
		0.691409,
		-0.685726,
		0.227451,
		0,
		-0.690199,
		-0.719976,
		-0.072527,
		0,
		-0.205287,
		-0.024621,
		-0.144377,
		1
	},
	[0.55] = {
		0.211721,
		-0.069973,
		-0.974822,
		0,
		0.614688,
		-0.76592,
		0.188482,
		0,
		-0.759825,
		-0.639117,
		-0.11915,
		0,
		-0.195232,
		-0.033133,
		-0.16791,
		1
	},
	[0.566666666667] = {
		0.213646,
		-0.033614,
		-0.976333,
		0,
		0.508962,
		-0.849227,
		0.140612,
		0,
		-0.833854,
		-0.526958,
		-0.164325,
		0,
		-0.188111,
		-0.040501,
		-0.192775,
		1
	},
	[0.583333333333] = {
		0.221559,
		0.000983,
		-0.975147,
		0,
		0.376389,
		-0.922592,
		0.084587,
		0,
		-0.899579,
		-0.385776,
		-0.204778,
		0,
		-0.183556,
		-0.045882,
		-0.218666,
		1
	},
	[0.5] = {
		0.216604,
		-0.182554,
		-0.95904,
		0,
		0.764469,
		-0.57926,
		0.282922,
		0,
		-0.607182,
		-0.794438,
		0.014087,
		0,
		-0.234281,
		-0.007223,
		-0.101926,
		1
	},
	[0.616666666667] = {
		0.259523,
		0.055443,
		-0.964144,
		0,
		0.06561,
		-0.997056,
		-0.039675,
		0,
		-0.963506,
		-0.05296,
		-0.262397,
		0,
		-0.178746,
		-0.048616,
		-0.271646,
		1
	},
	[0.633333333333] = {
		0.288615,
		0.070349,
		-0.954857,
		0,
		-0.085703,
		-0.991395,
		-0.098946,
		0,
		-0.953602,
		0.110392,
		-0.280102,
		0,
		-0.175887,
		-0.046285,
		-0.297634,
		1
	},
	[0.65] = {
		0.322475,
		0.075045,
		-0.943599,
		0,
		-0.216666,
		-0.964535,
		-0.150756,
		0,
		-0.921448,
		0.253061,
		-0.294778,
		0,
		-0.17089,
		-0.042644,
		-0.322643,
		1
	},
	[0.666666666667] = {
		0.359671,
		0.069483,
		-0.930488,
		0,
		-0.318482,
		-0.928194,
		-0.192418,
		0,
		-0.877044,
		0.365551,
		-0.311716,
		0,
		-0.163223,
		-0.038964,
		-0.34639,
		1
	},
	[0.683333333333] = {
		0.39971,
		0.054539,
		-0.915018,
		0,
		-0.38643,
		-0.895163,
		-0.222161,
		0,
		-0.831206,
		0.44239,
		-0.33673,
		0,
		-0.152703,
		-0.036527,
		-0.368682,
		1
	},
	[0.6] = {
		0.236822,
		0.031562,
		-0.97104,
		0,
		0.224462,
		-0.974209,
		0.023078,
		0,
		-0.945268,
		-0.223427,
		-0.237799,
		0,
		-0.180794,
		-0.048637,
		-0.245136,
		1
	},
	[0.716666666667] = {
		0.494306,
		-0.024162,
		-0.868952,
		0,
		-0.494346,
		-0.830055,
		-0.258129,
		0,
		-0.715041,
		0.557157,
		-0.422246,
		0,
		-0.12503,
		-0.030478,
		-0.415031,
		1
	},
	[0.733333333333] = {
		0.542401,
		-0.08985,
		-0.835301,
		0,
		-0.550597,
		-0.788987,
		-0.27266,
		0,
		-0.634543,
		0.607805,
		-0.477418,
		0,
		-0.108949,
		-0.025398,
		-0.440027,
		1
	},
	[0.75] = {
		0.584323,
		-0.168107,
		-0.793918,
		0,
		-0.604844,
		-0.74246,
		-0.287954,
		0,
		-0.541046,
		0.648454,
		-0.535515,
		0,
		-0.091899,
		-0.019351,
		-0.465536,
		1
	},
	[0.766666666667] = {
		0.616109,
		-0.253593,
		-0.745722,
		0,
		-0.654325,
		-0.691832,
		-0.305331,
		0,
		-0.438485,
		0.676061,
		-0.592176,
		0,
		-0.074329,
		-0.012733,
		-0.490932,
		1
	},
	[0.783333333333] = {
		0.635615,
		-0.340123,
		-0.693044,
		0,
		-0.696703,
		-0.639437,
		-0.325156,
		0,
		-0.332565,
		0.689519,
		-0.6434,
		0,
		-0.056784,
		-0.005987,
		-0.515504,
		1
	},
	[0.7] = {
		0.445008,
		0.02491,
		-0.89518,
		0,
		-0.438818,
		-0.865313,
		-0.242222,
		0,
		-0.780645,
		0.500612,
		-0.37414,
		0,
		-0.139742,
		-0.03427,
		-0.391092,
		1
	},
	[0.816666666667] = {
		0.640802,
		-0.492296,
		-0.589082,
		0,
		-0.755331,
		-0.541516,
		-0.369102,
		0,
		-0.13729,
		0.681473,
		-0.71885,
		0,
		-0.024512,
		0.006132,
		-0.559031,
		1
	},
	[0.833333333333] = {
		0.633021,
		-0.548472,
		-0.546317,
		0,
		-0.771784,
		-0.502086,
		-0.390204,
		0,
		-0.060282,
		0.668646,
		-0.741133,
		0,
		-0.011397,
		0.01075,
		-0.576358,
		1
	},
	[0.85] = {
		0.624463,
		-0.587165,
		-0.515057,
		0,
		-0.781047,
		-0.472392,
		-0.408425,
		0,
		-0.003496,
		0.65733,
		-0.753595,
		0,
		-0.001448,
		0.01401,
		-0.589661,
		1
	},
	[0.866666666667] = {
		0.617537,
		-0.612098,
		-0.493948,
		0,
		-0.785734,
		-0.451626,
		-0.422677,
		0,
		0.03564,
		0.64913,
		-0.759842,
		0,
		0.005448,
		0.016171,
		-0.599187,
		1
	},
	[0.883333333333] = {
		0.61204,
		-0.629415,
		-0.478794,
		0,
		-0.788287,
		-0.437075,
		-0.433092,
		0,
		0.063326,
		0.642497,
		-0.763667,
		0,
		0.010111,
		0.017729,
		-0.605913,
		1
	},
	[0.8] = {
		0.643029,
		-0.421487,
		-0.639424,
		0,
		-0.730501,
		-0.588271,
		-0.346851,
		0,
		-0.229962,
		0.690135,
		-0.686172,
		0,
		-0.039922,
		0.000438,
		-0.538474,
		1
	},
	[0.916666666667] = {
		0.606687,
		-0.645904,
		-0.463399,
		0,
		-0.789777,
		-0.423407,
		-0.443822,
		0,
		0.09046,
		0.635243,
		-0.766996,
		0,
		0.01364,
		0.019359,
		-0.612255,
		1
	},
	[0.933333333333] = {
		0.606766,
		-0.646999,
		-0.461764,
		0,
		-0.789461,
		-0.422797,
		-0.444965,
		0,
		0.092659,
		0.634535,
		-0.76732,
		0,
		0.013014,
		0.019571,
		-0.612509,
		1
	},
	[0.95] = {
		0.608351,
		-0.64441,
		-0.463298,
		0,
		-0.788668,
		-0.425412,
		-0.443877,
		0,
		0.088946,
		0.635422,
		-0.767025,
		0,
		0.011153,
		0.01946,
		-0.611242,
		1
	},
	[0.966666666667] = {
		0.611079,
		-0.638863,
		-0.467372,
		0,
		-0.787465,
		-0.43059,
		-0.44101,
		0,
		0.080499,
		0.637531,
		-0.766207,
		0,
		0.008331,
		0.019085,
		-0.608768,
		1
	},
	[0.983333333333] = {
		0.61456,
		-0.631064,
		-0.473366,
		0,
		-0.785893,
		-0.437681,
		-0.436816,
		0,
		0.068475,
		0.640464,
		-0.764929,
		0,
		0.004829,
		0.018504,
		-0.605401,
		1
	},
	[0.9] = {
		0.608397,
		-0.640339,
		-0.468849,
		0,
		-0.789476,
		-0.427925,
		-0.440008,
		0,
		0.081121,
		0.637845,
		-0.765881,
		0,
		0.012759,
		0.018767,
		-0.610162,
		1
	},
	[1.01666666667] = {
		0.622273,
		-0.61158,
		-0.488617,
		0,
		-0.781859,
		-0.454973,
		-0.426258,
		0,
		0.038383,
		0.647279,
		-0.761287,
		0,
		-0.00311,
		0.016963,
		-0.597249,
		1
	},
	[1.03333333333] = {
		0.625859,
		-0.601405,
		-0.496601,
		0,
		-0.779605,
		-0.463839,
		-0.420796,
		0,
		0.022725,
		0.650511,
		-0.759156,
		0,
		-0.007,
		0.016135,
		-0.593095,
		1
	},
	[1.05] = {
		0.628928,
		-0.592009,
		-0.503959,
		0,
		-0.777419,
		-0.471943,
		-0.4158,
		0,
		0.008318,
		0.653295,
		-0.757057,
		0,
		-0.010481,
		0.015361,
		-0.589311,
		1
	},
	[1.06666666667] = {
		0.631298,
		-0.584235,
		-0.510032,
		0,
		-0.775532,
		-0.478591,
		-0.411705,
		0,
		-0.003564,
		0.655455,
		-0.755226,
		0,
		-0.013289,
		0.014716,
		-0.586216,
		1
	},
	[1.08333333333] = {
		0.632826,
		-0.578941,
		-0.514159,
		0,
		-0.774207,
		-0.483089,
		-0.408936,
		0,
		-0.011635,
		0.656851,
		-0.753931,
		0,
		-0.015165,
		0.014275,
		-0.584125,
		1
	},
	[1.1] = {
		0.633371,
		-0.576988,
		-0.515681,
		0,
		-0.773711,
		-0.484742,
		-0.407918,
		0,
		-0.014608,
		0.657351,
		-0.753443,
		0,
		-0.015848,
		0.014111,
		-0.583358,
		1
	}
}

return spline_matrices
