local spline_matrices = {
	[0] = {
		0.566922,
		0.156589,
		-0.808752,
		0,
		-0.157873,
		-0.942916,
		-0.293232,
		0,
		-0.808502,
		0.29392,
		-0.509839,
		0,
		-0.068591,
		-0.025096,
		-0.783953,
		1
	},
	{
		0.93249,
		0.253931,
		-0.256869,
		0,
		0.335719,
		-0.871683,
		0.357018,
		0,
		-0.13325,
		-0.419152,
		-0.898085,
		0,
		-0.056851,
		-0.453217,
		-0.31214,
		1
	},
	[0.0333333333333] = {
		0.267254,
		0.913226,
		-0.307562,
		0,
		0.332293,
		-0.386933,
		-0.860154,
		0,
		-0.90452,
		0.127679,
		-0.406868,
		0,
		-0.090143,
		-0.007682,
		-0.794935,
		1
	},
	[0.0666666666667] = {
		-0.229103,
		0.750092,
		0.620381,
		0,
		0.397677,
		0.653845,
		-0.643692,
		0,
		-0.888462,
		0.09924,
		-0.448093,
		0,
		-0.181434,
		0.090316,
		-0.742207,
		1
	},
	[0.133333333333] = {
		0.057501,
		-0.791834,
		0.608023,
		0,
		-0.704411,
		0.3994,
		0.586758,
		0,
		-0.70746,
		-0.462037,
		-0.534811,
		0,
		-0.445806,
		0.221276,
		-0.518725,
		1
	},
	[0.166666666667] = {
		0.330452,
		-0.917093,
		0.223028,
		0,
		-0.81454,
		-0.157739,
		0.55825,
		0,
		-0.476787,
		-0.36614,
		-0.799134,
		0,
		-0.490992,
		0.279273,
		-0.44961,
		1
	},
	[0.1] = {
		-0.466027,
		-0.233175,
		0.853492,
		0,
		-0.142444,
		0.971837,
		0.18773,
		0,
		-0.873229,
		-0.034088,
		-0.486116,
		0,
		-0.317164,
		0.186516,
		-0.624409,
		1
	},
	[0.233333333333] = {
		-0.772857,
		-0.249017,
		0.58368,
		0,
		-0.103677,
		0.95698,
		0.271,
		0,
		-0.626054,
		0.14893,
		-0.765426,
		0,
		-0.115293,
		0.670822,
		-0.309189,
		1
	},
	[0.266666666667] = {
		-0.939571,
		-0.101891,
		0.32684,
		0,
		0.287712,
		0.282415,
		0.91513,
		0,
		-0.185548,
		0.953866,
		-0.236034,
		0,
		0.036514,
		0.776267,
		0.013169,
		1
	},
	[0.2] = {
		-0.464241,
		-0.633312,
		0.61919,
		0,
		-0.640363,
		0.722965,
		0.259339,
		0,
		-0.611895,
		-0.27611,
		-0.741179,
		0,
		-0.381318,
		0.453694,
		-0.422042,
		1
	},
	[0.333333333333] = {
		-0.953888,
		-0.104255,
		0.281476,
		0,
		0.289366,
		-0.568645,
		0.770006,
		0,
		0.079783,
		0.815949,
		0.572592,
		0,
		0.313299,
		0.47955,
		0.327014,
		1
	},
	[0.366666666667] = {
		-0.920087,
		0.310956,
		0.238217,
		0,
		-0.183222,
		-0.879149,
		0.439917,
		0,
		0.346223,
		0.361116,
		0.865867,
		0,
		0.638312,
		0.080218,
		0.353225,
		1
	},
	[0.3] = {
		-0.840417,
		-0.153075,
		0.519872,
		0,
		0.54162,
		-0.270179,
		0.796022,
		0,
		0.018607,
		0.950564,
		0.309971,
		0,
		0.204923,
		0.688982,
		0.225801,
		1
	},
	[0.433333333333] = {
		-0.057271,
		0.589457,
		0.805767,
		0,
		-0.703157,
		-0.596762,
		0.386582,
		0,
		0.708725,
		-0.544441,
		0.448658,
		0,
		0.784422,
		-0.295026,
		0.161481,
		1
	},
	[0.466666666667] = {
		0.270886,
		0.366898,
		0.889947,
		0,
		-0.786344,
		-0.448917,
		0.424425,
		0,
		0.555233,
		-0.814776,
		0.166903,
		0,
		0.707017,
		-0.406687,
		0.055343,
		1
	},
	[0.4] = {
		-0.588406,
		0.627799,
		0.509556,
		0,
		-0.587708,
		-0.764885,
		0.263726,
		0,
		0.555318,
		-0.144292,
		0.819025,
		0,
		0.8067,
		-0.19199,
		0.241324,
		1
	},
	[0.533333333333] = {
		0.601129,
		0.093478,
		0.793666,
		0,
		-0.669476,
		-0.483427,
		0.564004,
		0,
		0.436401,
		-0.87038,
		-0.22802,
		0,
		0.511318,
		-0.482182,
		-0.029498,
		1
	},
	[0.566666666667] = {
		0.724737,
		0.062002,
		0.686231,
		0,
		-0.540588,
		-0.56636,
		0.622094,
		0,
		0.427225,
		-0.821822,
		-0.376944,
		0,
		0.403149,
		-0.490045,
		-0.115814,
		1
	},
	[0.5] = {
		0.474225,
		0.163182,
		0.865148,
		0,
		-0.777146,
		-0.384176,
		0.49845,
		0,
		0.413708,
		-0.908725,
		-0.05537,
		0,
		0.613816,
		-0.445968,
		0.013422,
		1
	},
	[0.633333333333] = {
		0.925929,
		0.071549,
		0.370858,
		0,
		-0.210215,
		-0.718134,
		0.663395,
		0,
		0.313791,
		-0.692217,
		-0.649901,
		0,
		0.175816,
		-0.498433,
		-0.237791,
		1
	},
	[0.666666666667] = {
		0.97522,
		0.109003,
		0.192523,
		0,
		-0.038217,
		-0.774122,
		0.631881,
		0,
		0.217913,
		-0.623581,
		-0.750774,
		0,
		0.072188,
		-0.498264,
		-0.262498,
		1
	},
	[0.6] = {
		0.838746,
		0.054462,
		0.541792,
		0,
		-0.383743,
		-0.646796,
		0.659088,
		0,
		0.386325,
		-0.760716,
		-0.521598,
		0,
		0.294797,
		-0.495432,
		-0.187098,
		1
	},
	[0.733333333333] = {
		0.973299,
		0.205696,
		-0.101873,
		0,
		0.228818,
		-0.834259,
		0.501651,
		0,
		0.018199,
		-0.511567,
		-0.859051,
		0,
		-0.015346,
		-0.490368,
		-0.281019,
		1
	},
	[0.766666666667] = {
		0.951313,
		0.242416,
		-0.190365,
		0,
		0.303257,
		-0.846594,
		0.437394,
		0,
		-0.05513,
		-0.473828,
		-0.87889,
		0,
		-0.028224,
		-0.484898,
		-0.288866,
		1
	},
	[0.7] = {
		0.987077,
		0.157593,
		0.029043,
		0,
		0.112806,
		-0.812073,
		0.572549,
		0,
		0.113814,
		-0.561874,
		-0.819356,
		0,
		0.009809,
		-0.495174,
		-0.272128,
		1
	},
	[0.833333333333] = {
		0.920213,
		0.279542,
		-0.27398,
		0,
		0.367183,
		-0.858978,
		0.356838,
		0,
		-0.135592,
		-0.428967,
		-0.893086,
		0,
		-0.038935,
		-0.473663,
		-0.300986,
		1
	},
	[0.866666666667] = {
		0.913849,
		0.28535,
		-0.288888,
		0,
		0.376229,
		-0.862657,
		0.338046,
		0,
		-0.15275,
		-0.417611,
		-0.895695,
		0,
		-0.044279,
		-0.468432,
		-0.305296,
		1
	},
	[0.8] = {
		0.932985,
		0.265561,
		-0.242933,
		0,
		0.344546,
		-0.854136,
		0.389538,
		0,
		-0.104052,
		-0.447135,
		-0.888394,
		0,
		-0.034268,
		-0.479213,
		-0.29553,
		1
	},
	[0.933333333333] = {
		0.917296,
		0.277603,
		-0.285492,
		0,
		0.366664,
		-0.868477,
		0.333625,
		0,
		-0.155328,
		-0.410713,
		-0.898437,
		0,
		-0.052129,
		-0.459415,
		-0.310713,
		1
	},
	[0.966666666667] = {
		0.924227,
		0.266953,
		-0.273023,
		0,
		0.352799,
		-0.870519,
		0.343118,
		0,
		-0.146075,
		-0.413441,
		-0.898737,
		0,
		-0.05483,
		-0.455905,
		-0.311899,
		1
	},
	[0.9] = {
		0.913308,
		0.284239,
		-0.29168,
		0,
		0.375195,
		-0.865795,
		0.331102,
		0,
		-0.158423,
		-0.411835,
		-0.897382,
		0,
		-0.048646,
		-0.463636,
		-0.308524,
		1
	},
	[1.03333333333] = {
		0.940625,
		0.240407,
		-0.239644,
		0,
		0.317731,
		-0.87202,
		0.372327,
		0,
		-0.119464,
		-0.426362,
		-0.896629,
		0,
		-0.058291,
		-0.451286,
		-0.311744,
		1
	},
	[1.06666666667] = {
		0.947422,
		0.228301,
		-0.22421,
		0,
		0.301438,
		-0.871866,
		0.385984,
		0,
		-0.107361,
		-0.433276,
		-0.894844,
		0,
		-0.059243,
		-0.449982,
		-0.311098,
		1
	},
	[1.13333333333] = {
		0.953285,
		0.215717,
		-0.211458,
		0,
		0.285441,
		-0.872358,
		0.396883,
		0,
		-0.098852,
		-0.438701,
		-0.89318,
		0,
		-0.060048,
		-0.448824,
		-0.310489,
		1
	},
	[1.1] = {
		0.951918,
		0.219489,
		-0.213722,
		0,
		0.28971,
		-0.871773,
		0.39507,
		0,
		-0.099603,
		-0.437992,
		-0.893444,
		0,
		-0.059793,
		-0.449186,
		-0.310578,
		1
	}
}

return spline_matrices
