local spline_matrices = {
	[0] = {
		0.90028,
		-0.354089,
		-0.253212,
		0,
		-0.420268,
		-0.858589,
		-0.293596,
		0,
		-0.113445,
		0.370735,
		-0.921784,
		0,
		0.00666,
		-0.024078,
		-0.581103,
		1
	},
	{
		0.866812,
		-0.336564,
		-0.367915,
		0,
		-0.33529,
		-0.939545,
		0.069538,
		0,
		-0.369077,
		0.063082,
		-0.927255,
		0,
		-0.025683,
		-0.00801,
		-0.57739,
		1
	},
	[0.0333333333333] = {
		0.88703,
		-0.444788,
		-0.123865,
		0,
		-0.456781,
		-0.884491,
		-0.095004,
		0,
		-0.067301,
		0.140851,
		-0.987741,
		0,
		-0.024554,
		-0.039915,
		-0.522707,
		1
	},
	[0.0666666666667] = {
		0.822596,
		-0.51609,
		0.238721,
		0,
		-0.568446,
		-0.735779,
		0.368101,
		0,
		-0.014327,
		-0.438498,
		-0.898618,
		0,
		-0.092161,
		-0.063969,
		-0.394811,
		1
	},
	[0.133333333333] = {
		0.658404,
		-0.160521,
		0.735348,
		0,
		-0.734468,
		0.076509,
		0.674317,
		0,
		-0.164503,
		-0.984063,
		-0.067523,
		0,
		-0.218393,
		-0.049339,
		-0.190185,
		1
	},
	[0.166666666667] = {
		0.635814,
		-0.094617,
		0.766021,
		0,
		-0.739991,
		0.207439,
		0.63983,
		0,
		-0.219442,
		-0.973661,
		0.061877,
		0,
		-0.269782,
		-0.039149,
		-0.125823,
		1
	},
	[0.1] = {
		0.72685,
		-0.361282,
		0.584092,
		0,
		-0.68393,
		-0.303144,
		0.663584,
		0,
		-0.062677,
		-0.881804,
		-0.467432,
		0,
		-0.160256,
		-0.063889,
		-0.276068,
		1
	},
	[0.233333333333] = {
		0.593087,
		-0.156362,
		0.78981,
		0,
		-0.749445,
		0.251288,
		0.612525,
		0,
		-0.294245,
		-0.955199,
		0.031851,
		0,
		-0.346075,
		0.000875,
		-0.040232,
		1
	},
	[0.266666666667] = {
		0.46662,
		-0.155362,
		0.870706,
		0,
		-0.767502,
		0.41812,
		0.485918,
		0,
		-0.439553,
		-0.895008,
		0.075862,
		0,
		-0.352804,
		0.092942,
		-0.032905,
		1
	},
	[0.2] = {
		0.627885,
		-0.112694,
		0.770104,
		0,
		-0.739756,
		0.221134,
		0.635501,
		0,
		-0.241913,
		-0.96871,
		0.05548,
		0,
		-0.315878,
		-0.02832,
		-0.073369,
		1
	},
	[0.333333333333] = {
		0.086957,
		-0.120878,
		0.988851,
		0,
		-0.20324,
		0.969582,
		0.136395,
		0,
		-0.97526,
		-0.212834,
		0.059745,
		0,
		-0.245248,
		0.550287,
		-0.032833,
		1
	},
	[0.366666666667] = {
		-0.095999,
		-0.07538,
		0.992523,
		0,
		0.943437,
		0.311017,
		0.114872,
		0,
		-0.31735,
		0.94741,
		0.041259,
		0,
		0.206989,
		0.626626,
		-0.032602,
		1
	},
	[0.3] = {
		0.246964,
		-0.107499,
		0.963043,
		0,
		-0.675461,
		0.693498,
		0.250627,
		0,
		-0.69481,
		-0.712394,
		0.098658,
		0,
		-0.342964,
		0.31328,
		-0.037765,
		1
	},
	[0.433333333333] = {
		-0.0737,
		0.0933,
		0.992907,
		0,
		0.241204,
		-0.964387,
		0.108524,
		0,
		0.967672,
		0.247492,
		0.048571,
		0,
		0.692953,
		0.202384,
		-0.026725,
		1
	},
	[0.466666666667] = {
		-0.029593,
		0.029142,
		0.999137,
		0,
		0.023613,
		-0.999276,
		0.029846,
		0,
		0.999283,
		0.024476,
		0.028883,
		0,
		0.735671,
		0.066263,
		-0.057615,
		1
	},
	[0.4] = {
		-0.11783,
		0.02709,
		0.992664,
		0,
		0.854434,
		-0.506617,
		0.115247,
		0,
		0.506022,
		0.861746,
		0.036548,
		0,
		0.554784,
		0.448354,
		-0.031078,
		1
	},
	[0.533333333333] = {
		0.04054,
		-0.20613,
		0.977684,
		0,
		0.105478,
		-0.972139,
		-0.209335,
		0,
		0.993595,
		0.11161,
		-0.017668,
		0,
		0.753233,
		-0.13218,
		-0.237194,
		1
	},
	[0.566666666667] = {
		0.118737,
		-0.32284,
		0.938976,
		0,
		0.249438,
		-0.905641,
		-0.342921,
		0,
		0.961084,
		0.274933,
		-0.027005,
		0,
		0.732278,
		-0.197169,
		-0.345526,
		1
	},
	[0.5] = {
		-0.002271,
		-0.079425,
		0.996838,
		0,
		0.005618,
		-0.996826,
		-0.079411,
		0,
		0.999982,
		0.00542,
		0.00271,
		0,
		0.755004,
		-0.043755,
		-0.134271,
		1
	},
	[0.633333333333] = {
		0.340235,
		-0.431963,
		0.835253,
		0,
		0.368552,
		-0.755923,
		-0.541063,
		0,
		0.865106,
		0.491923,
		-0.097991,
		0,
		0.639311,
		-0.265335,
		-0.482643,
		1
	},
	[0.666666666667] = {
		0.465104,
		-0.426085,
		0.77597,
		0,
		0.289654,
		-0.755053,
		-0.588214,
		0,
		0.836528,
		0.498344,
		-0.227761,
		0,
		0.590563,
		-0.276184,
		-0.52029,
		1
	},
	[0.6] = {
		0.226551,
		-0.401172,
		0.887545,
		0,
		0.358307,
		-0.813012,
		-0.458943,
		0,
		0.905699,
		0.421987,
		-0.040446,
		0,
		0.691527,
		-0.240316,
		-0.434727,
		1
	},
	[0.733333333333] = {
		0.762033,
		-0.351029,
		0.544136,
		0,
		0.025944,
		-0.823089,
		-0.567319,
		0,
		0.647018,
		0.446434,
		-0.618114,
		0,
		0.425607,
		-0.231646,
		-0.58051,
		1
	},
	[0.766666666667] = {
		0.88134,
		-0.310752,
		0.355912,
		0,
		-0.115977,
		-0.872518,
		-0.474617,
		0,
		0.458028,
		0.377022,
		-0.805025,
		0,
		0.322559,
		-0.187711,
		-0.59359,
		1
	},
	[0.7] = {
		0.613114,
		-0.394795,
		0.684272,
		0,
		0.170286,
		-0.779766,
		-0.602468,
		0,
		0.771423,
		0.485904,
		-0.410857,
		0,
		0.520406,
		-0.264572,
		-0.558346,
		1
	},
	[0.833333333333] = {
		0.956769,
		-0.285938,
		-0.053227,
		0,
		-0.290817,
		-0.93774,
		-0.189919,
		0,
		0.004392,
		0.197188,
		-0.980356,
		0,
		0.129893,
		-0.089943,
		-0.594106,
		1
	},
	[0.866666666667] = {
		0.931429,
		-0.298813,
		-0.207726,
		0,
		-0.317731,
		-0.94603,
		-0.063825,
		0,
		-0.177443,
		0.12545,
		-0.976103,
		0,
		0.056577,
		-0.048511,
		-0.587854,
		1
	},
	[0.8] = {
		0.946782,
		-0.287736,
		0.144265,
		0,
		-0.226154,
		-0.91359,
		-0.337945,
		0,
		0.229038,
		0.287334,
		-0.930043,
		0,
		0.220925,
		-0.138564,
		-0.597306,
		1
	},
	[0.933333333333] = {
		0.873842,
		-0.328522,
		-0.358432,
		0,
		-0.329667,
		-0.942198,
		0.05986,
		0,
		-0.35738,
		0.065855,
		-0.931635,
		0,
		-0.020293,
		-0.009956,
		-0.578426,
		1
	},
	[0.966666666667] = {
		0.864664,
		-0.334973,
		-0.374366,
		0,
		-0.332316,
		-0.940277,
		0.073795,
		0,
		-0.376727,
		0.0606,
		-0.92434,
		0,
		-0.029076,
		-0.006123,
		-0.577125,
		1
	},
	[0.9] = {
		0.897389,
		-0.315842,
		-0.308117,
		0,
		-0.326067,
		-0.945152,
		0.019179,
		0,
		-0.297275,
		0.083256,
		-0.951155,
		0,
		0.00621,
		-0.021839,
		-0.581964,
		1
	},
	[1.03333333333] = {
		0.875352,
		-0.33518,
		-0.348443,
		0,
		-0.337969,
		-0.939563,
		0.05476,
		0,
		-0.345739,
		0.069829,
		-0.935729,
		0,
		-0.015351,
		-0.013217,
		-0.57855,
		1
	},
	[1.06666666667] = {
		0.885203,
		-0.33267,
		-0.325185,
		0,
		-0.339611,
		-0.939838,
		0.036997,
		0,
		-0.317929,
		0.077687,
		-0.944926,
		0,
		-0.00326,
		-0.019211,
		-0.579949,
		1
	},
	[1.13333333333] = {
		0.89297,
		-0.330377,
		-0.305705,
		0,
		-0.340211,
		-0.940087,
		0.022195,
		0,
		-0.294722,
		0.084185,
		-0.951867,
		0,
		0.006661,
		-0.024078,
		-0.581102,
		1
	},
	[1.1] = {
		0.891951,
		-0.330694,
		-0.308326,
		0,
		-0.340169,
		-0.940053,
		0.024182,
		0,
		-0.29784,
		0.083314,
		-0.950973,
		0,
		0.005336,
		-0.023431,
		-0.580948,
		1
	}
}

return spline_matrices
