local spline_matrices = {
	[0] = {
		0.804125,
		-0.537752,
		-0.253386,
		0,
		-0.594357,
		-0.735201,
		-0.325913,
		0,
		-0.011029,
		0.412677,
		-0.910811,
		0,
		-0.190332,
		0.021434,
		-0.691447,
		1
	},
	{
		0.615683,
		0.185069,
		-0.765953,
		0,
		-0.257819,
		-0.871218,
		-0.417741,
		0,
		-0.744623,
		0.454673,
		-0.48868,
		0,
		0.00231,
		-0.255173,
		-0.775431,
		1
	},
	[0.0333333333333] = {
		0.372262,
		-0.907068,
		-0.196592,
		0,
		-0.866459,
		-0.26372,
		-0.423911,
		0,
		0.33267,
		0.328145,
		-0.88411,
		0,
		-0.164874,
		0.042315,
		-0.716881,
		1
	},
	[0.0666666666667] = {
		-0.310824,
		-0.933362,
		-0.17951,
		0,
		-0.752514,
		0.357032,
		-0.553399,
		0,
		0.580612,
		-0.036926,
		-0.813342,
		0,
		-0.089429,
		0.043529,
		-0.715929,
		1
	},
	[0.133333333333] = {
		-0.882737,
		0.049847,
		-0.467217,
		0,
		0.313906,
		0.80246,
		-0.507465,
		0,
		0.349627,
		-0.59462,
		-0.724008,
		0,
		0.107372,
		-0.000896,
		-0.650076,
		1
	},
	[0.166666666667] = {
		-0.749694,
		0.281097,
		-0.599119,
		0,
		0.586556,
		0.701453,
		-0.404864,
		0,
		0.306448,
		-0.654941,
		-0.690754,
		0,
		0.19247,
		-0.01139,
		-0.611867,
		1
	},
	[0.1] = {
		-0.851339,
		-0.410471,
		-0.326703,
		0,
		-0.150504,
		0.787666,
		-0.597437,
		0,
		0.502563,
		-0.459452,
		-0.732348,
		0,
		0.015476,
		0.022047,
		-0.686005,
		1
	},
	[0.233333333333] = {
		-0.359171,
		0.533648,
		-0.765648,
		0,
		0.880556,
		0.465595,
		-0.08856,
		0,
		0.309222,
		-0.706004,
		-0.637135,
		0,
		0.371235,
		0.028833,
		-0.537172,
		1
	},
	[0.266666666667] = {
		-0.202525,
		0.615996,
		-0.761271,
		0,
		0.874242,
		0.463993,
		0.142869,
		0,
		0.441231,
		-0.6366,
		-0.632499,
		0,
		0.430696,
		0.099433,
		-0.522293,
		1
	},
	[0.2] = {
		-0.564477,
		0.439541,
		-0.698691,
		0,
		0.776243,
		0.570534,
		-0.268213,
		0,
		0.280736,
		-0.693754,
		-0.663244,
		0,
		0.282324,
		-0.004331,
		-0.573983,
		1
	},
	[0.333333333333] = {
		-0.417281,
		0.613998,
		-0.669987,
		0,
		0.605598,
		0.737564,
		0.298749,
		0,
		0.67759,
		-0.28108,
		-0.679608,
		0,
		0.293146,
		0.406296,
		-0.468456,
		1
	},
	[0.366666666667] = {
		-0.911674,
		0.053108,
		-0.407469,
		0,
		-0.267234,
		0.676646,
		0.686103,
		0,
		0.312149,
		0.734391,
		-0.602688,
		0,
		0.113241,
		0.660876,
		-0.293236,
		1
	},
	[0.3] = {
		-0.180457,
		0.677479,
		-0.713062,
		0,
		0.78788,
		0.533545,
		0.307529,
		0,
		0.588795,
		-0.506312,
		-0.630054,
		0,
		0.429801,
		0.21635,
		-0.515807,
		1
	},
	[0.433333333333] = {
		-0.953352,
		0.065331,
		-0.294705,
		0,
		-0.294701,
		-0.412797,
		0.861829,
		0,
		-0.065349,
		0.908477,
		0.412794,
		0,
		-0.174758,
		0.571185,
		0.219832,
		1
	},
	[0.466666666667] = {
		-0.867106,
		-0.003029,
		-0.498115,
		0,
		-0.216246,
		-0.898549,
		0.381899,
		0,
		-0.448737,
		0.438862,
		0.778483,
		0,
		-0.306141,
		0.278804,
		0.37715,
		1
	},
	[0.4] = {
		-0.910391,
		0.061623,
		-0.409135,
		0,
		-0.379774,
		0.267965,
		0.885419,
		0,
		0.164196,
		0.961456,
		-0.220549,
		0,
		-0.016388,
		0.730047,
		-0.057656,
		1
	},
	[0.533333333333] = {
		-0.591904,
		0.223946,
		-0.774273,
		0,
		0.086161,
		-0.937541,
		-0.337036,
		0,
		-0.80139,
		-0.266205,
		0.535638,
		0,
		-0.232392,
		-0.488219,
		0.347151,
		1
	},
	[0.566666666667] = {
		-0.690027,
		0.276683,
		-0.668812,
		0,
		0.054334,
		-0.90164,
		-0.42906,
		0,
		-0.721741,
		-0.332402,
		0.607123,
		0,
		-0.144141,
		-0.614983,
		0.136377,
		1
	},
	[0.5] = {
		-0.721502,
		0.319711,
		-0.614183,
		0,
		-0.190707,
		-0.944466,
		-0.267609,
		0,
		-0.665632,
		-0.075952,
		0.742405,
		0,
		-0.309517,
		-0.124492,
		0.422971,
		1
	},
	[0.633333333333] = {
		-0.617166,
		0.461098,
		-0.63757,
		0,
		-0.031368,
		-0.824073,
		-0.565615,
		0,
		-0.786207,
		-0.329079,
		0.523053,
		0,
		-0.057794,
		-0.658943,
		-0.261868,
		1
	},
	[0.666666666667] = {
		-0.537337,
		0.507024,
		-0.673941,
		0,
		-0.042369,
		-0.814326,
		-0.578859,
		0,
		-0.842303,
		-0.282488,
		0.45905,
		0,
		-0.066752,
		-0.599529,
		-0.329657,
		1
	},
	[0.6] = {
		-0.647921,
		0.387775,
		-0.655613,
		0,
		0.009992,
		-0.856315,
		-0.516358,
		0,
		-0.761642,
		-0.34111,
		0.55095,
		0,
		-0.088343,
		-0.6454,
		-0.098432,
		1
	},
	[0.733333333333] = {
		-0.362522,
		0.56366,
		-0.742203,
		0,
		-0.070326,
		-0.81065,
		-0.581292,
		0,
		-0.929318,
		-0.158535,
		0.333518,
		0,
		-0.062674,
		-0.521027,
		-0.421539,
		1
	},
	[0.766666666667] = {
		-0.262492,
		0.574352,
		-0.775382,
		0,
		-0.088128,
		-0.814471,
		-0.573472,
		0,
		-0.960901,
		-0.082199,
		0.264409,
		0,
		-0.055023,
		-0.484377,
		-0.469229,
		1
	},
	[0.7] = {
		-0.446973,
		0.539175,
		-0.713797,
		0,
		-0.049759,
		-0.811692,
		-0.581963,
		0,
		-0.893162,
		-0.224604,
		0.389633,
		0,
		-0.067336,
		-0.557342,
		-0.377541,
		1
	},
	[0.833333333333] = {
		-0.021749,
		0.546086,
		-0.837446,
		0,
		-0.123255,
		-0.832719,
		-0.539803,
		0,
		-0.992137,
		0.091479,
		0.085419,
		0,
		-0.035579,
		-0.418699,
		-0.572599,
		1
	},
	[0.866666666667] = {
		0.112638,
		0.504407,
		-0.856088,
		0,
		-0.143694,
		-0.844245,
		-0.516335,
		0,
		-0.983191,
		0.181173,
		-0.022613,
		0,
		-0.024779,
		-0.391512,
		-0.621809,
		1
	},
	[0.8] = {
		-0.148155,
		0.569164,
		-0.808766,
		0,
		-0.104945,
		-0.822221,
		-0.559409,
		0,
		-0.98338,
		0.001997,
		0.181547,
		0,
		-0.045828,
		-0.449032,
		-0.52156,
		1
	},
	[0.933333333333] = {
		0.383505,
		0.368904,
		-0.846661,
		0,
		-0.194175,
		-0.864057,
		-0.464437,
		0,
		-0.902895,
		0.342515,
		-0.259738,
		0,
		-0.004403,
		-0.331758,
		-0.714063,
		1
	},
	[0.966666666667] = {
		0.507101,
		0.280849,
		-0.814845,
		0,
		-0.224712,
		-0.869641,
		-0.439579,
		0,
		-0.832078,
		0.406016,
		-0.377886,
		0,
		0.001323,
		-0.297019,
		-0.752404,
		1
	},
	[0.9] = {
		0.249858,
		0.444632,
		-0.860159,
		0,
		-0.167148,
		-0.855193,
		-0.490618,
		0,
		-0.953747,
		0.266359,
		-0.139358,
		0,
		-0.013701,
		-0.362891,
		-0.669696,
		1
	},
	[1.03333333333] = {
		0.706048,
		0.086412,
		-0.702872,
		0,
		-0.292167,
		-0.868574,
		-0.400272,
		0,
		-0.645085,
		0.487967,
		-0.588009,
		0,
		0.001292,
		-0.209123,
		-0.783547,
		1
	},
	[1.06666666667] = {
		0.776966,
		-0.010723,
		-0.629452,
		0,
		-0.326287,
		-0.861939,
		-0.38807,
		0,
		-0.538387,
		0.506899,
		-0.673195,
		0,
		0.000393,
		-0.164418,
		-0.78619,
		1
	},
	[1.13333333333] = {
		0.857824,
		-0.1794,
		-0.481616,
		0,
		-0.39518,
		-0.829375,
		-0.394931,
		0,
		-0.328589,
		0.529106,
		-0.782353,
		0,
		-0.001319,
		-0.080572,
		-0.772241,
		1
	},
	[1.16666666667] = {
		0.876194,
		-0.250146,
		-0.411961,
		0,
		-0.423364,
		-0.807949,
		-0.409856,
		0,
		-0.230319,
		0.533522,
		-0.813822,
		0,
		-0.001381,
		-0.042858,
		-0.750316,
		1
	},
	[1.1] = {
		0.826227,
		-0.100848,
		-0.554237,
		0,
		-0.362831,
		-0.847871,
		-0.386611,
		0,
		-0.430933,
		0.520523,
		-0.737125,
		0,
		-0.000564,
		-0.121293,
		-0.783543,
		1
	},
	[1.23333333333] = {
		0.881961,
		-0.383006,
		-0.274685,
		0,
		-0.469879,
		-0.760084,
		-0.448872,
		0,
		-0.036863,
		0.524956,
		-0.850331,
		0,
		0.000456,
		-0.003162,
		-0.697482,
		1
	},
	[1.26666666667] = {
		0.869483,
		-0.450961,
		-0.201577,
		0,
		-0.489898,
		-0.735009,
		-0.468788,
		0,
		0.063245,
		0.506356,
		-0.860002,
		0,
		0.003349,
		0.009741,
		-0.672569,
		1
	},
	[1.2] = {
		0.883953,
		-0.316889,
		-0.343816,
		0,
		-0.447983,
		-0.784603,
		-0.428613,
		0,
		-0.133936,
		0.532898,
		-0.835512,
		0,
		-0.00099,
		-0.016938,
		-0.724655,
		1
	}
}

return spline_matrices
