local spline_matrices = {
	[0] = {
		0.262423,
		-0.037004,
		-0.964243,
		0,
		-0.935838,
		0.233853,
		-0.263667,
		0,
		0.235248,
		0.971568,
		0.026738,
		0,
		-0.239353,
		0.42134,
		-0.143826,
		1
	},
	{
		0.291459,
		-0.065694,
		-0.954325,
		0,
		-0.91536,
		0.270559,
		-0.298184,
		0,
		0.27779,
		0.960459,
		0.018723,
		0,
		-0.239353,
		0.421339,
		-0.136628,
		1
	},
	[0.0166666666667] = {
		0.516227,
		-0.184069,
		-0.836438,
		0,
		-0.838861,
		0.088254,
		-0.537144,
		0,
		0.172691,
		0.978943,
		-0.108849,
		0,
		-0.259274,
		0.404078,
		-0.167175,
		1
	},
	[0.0333333333333] = {
		0.761641,
		-0.287568,
		-0.580696,
		0,
		-0.629772,
		-0.117442,
		-0.767851,
		0,
		0.152612,
		0.950533,
		-0.270551,
		0,
		-0.289823,
		0.357979,
		-0.210777,
		1
	},
	[0.05] = {
		0.900461,
		-0.310715,
		-0.304345,
		0,
		-0.397557,
		-0.30419,
		-0.865689,
		0,
		0.176404,
		0.900514,
		-0.397438,
		0,
		-0.315492,
		0.307441,
		-0.251268,
		1
	},
	[0.0666666666667] = {
		0.938499,
		-0.301948,
		-0.167475,
		0,
		-0.282957,
		-0.394599,
		-0.874201,
		0,
		0.197878,
		0.867825,
		-0.455769,
		0,
		-0.324833,
		0.27985,
		-0.265459,
		1
	},
	[0.0833333333333] = {
		0.913063,
		-0.306977,
		-0.26848,
		0,
		-0.375586,
		-0.376449,
		-0.846889,
		0,
		0.158907,
		0.8741,
		-0.459018,
		0,
		-0.323996,
		0.27786,
		-0.25397,
		1
	},
	[0.116666666667] = {
		0.456457,
		-0.243619,
		-0.855743,
		0,
		-0.889666,
		-0.137799,
		-0.435322,
		0,
		-0.011868,
		0.960032,
		-0.279639,
		0,
		-0.318015,
		0.299157,
		-0.201287,
		1
	},
	[0.133333333333] = {
		0.081943,
		-0.135667,
		-0.98736,
		0,
		-0.996636,
		-0.012814,
		-0.080953,
		0,
		-0.001669,
		0.990672,
		-0.13626,
		0,
		-0.304665,
		0.318666,
		-0.168928,
		1
	},
	[0.15] = {
		-0.148787,
		-0.045255,
		-0.987833,
		0,
		-0.985968,
		0.083259,
		0.144692,
		0,
		0.075698,
		0.9955,
		-0.057008,
		0,
		-0.286536,
		0.343814,
		-0.139653,
		1
	},
	[0.166666666667] = {
		-0.151078,
		-0.030147,
		-0.988062,
		0,
		-0.97131,
		0.190235,
		0.142713,
		0,
		0.183662,
		0.981276,
		-0.058022,
		0,
		-0.265816,
		0.375559,
		-0.113144,
		1
	},
	[0.183333333333] = {
		0.225806,
		-0.225672,
		-0.947673,
		0,
		-0.868828,
		0.393351,
		-0.300689,
		0,
		0.440625,
		0.891262,
		-0.107249,
		0,
		-0.168383,
		0.494524,
		-0.064009,
		1
	},
	[0.1] = {
		0.774364,
		-0.302529,
		-0.555731,
		0,
		-0.629492,
		-0.279455,
		-0.725014,
		0,
		0.064035,
		0.911253,
		-0.406839,
		0,
		-0.323593,
		0.28493,
		-0.23185,
		1
	},
	[0.216666666667] = {
		0.394781,
		-0.236683,
		-0.887766,
		0,
		-0.754447,
		0.46795,
		-0.460253,
		0,
		0.524364,
		0.851472,
		0.006172,
		0,
		-0.059663,
		0.629398,
		-0.014571,
		1
	},
	[0.233333333333] = {
		0.090088,
		-0.00592,
		-0.995916,
		0,
		-0.92529,
		0.369405,
		-0.085896,
		0,
		0.368405,
		0.92925,
		0.027801,
		0,
		-0.054697,
		0.653602,
		-0.019709,
		1
	},
	[0.25] = {
		-0.070793,
		0.070389,
		-0.995004,
		0,
		-0.946112,
		0.311275,
		0.089335,
		0,
		0.316008,
		0.94771,
		0.04456,
		0,
		-0.049453,
		0.673176,
		-0.018653,
		1
	},
	[0.266666666667] = {
		-0.196888,
		0.108062,
		-0.974453,
		0,
		-0.940064,
		0.261435,
		0.218932,
		0,
		0.278414,
		0.959153,
		0.050112,
		0,
		-0.050116,
		0.679791,
		-0.020984,
		1
	},
	[0.283333333333] = {
		-0.297085,
		0.119152,
		-0.947388,
		0,
		-0.922329,
		0.220933,
		0.317014,
		0,
		0.247082,
		0.967983,
		0.044262,
		0,
		-0.054515,
		0.678392,
		-0.023152,
		1
	},
	[0.2] = {
		0.527469,
		-0.431384,
		-0.731905,
		0,
		-0.573471,
		0.454831,
		-0.681366,
		0,
		0.626824,
		0.779125,
		-0.007477,
		0,
		-0.07322,
		0.606003,
		-0.014521,
		1
	},
	[0.316666666667] = {
		-0.438933,
		0.083503,
		-0.894631,
		0,
		-0.876476,
		0.179401,
		0.446771,
		0,
		0.197805,
		0.980226,
		-0.005557,
		0,
		-0.061474,
		0.679162,
		-0.034431,
		1
	},
	[0.333333333333] = {
		-0.475541,
		0.055206,
		-0.877959,
		0,
		-0.859648,
		0.182678,
		0.47711,
		0,
		0.186723,
		0.981622,
		-0.039413,
		0,
		-0.064172,
		0.680436,
		-0.042899,
		1
	},
	[0.35] = {
		-0.486586,
		0.031301,
		-0.873072,
		0,
		-0.852631,
		0.200793,
		0.482392,
		0,
		0.190406,
		0.979133,
		-0.071015,
		0,
		-0.066064,
		0.681902,
		-0.051579,
		1
	},
	[0.366666666667] = {
		-0.468896,
		0.016568,
		-0.883098,
		0,
		-0.857371,
		0.231727,
		0.459584,
		0,
		0.212252,
		0.97264,
		-0.094451,
		0,
		-0.066926,
		0.68333,
		-0.059847,
		1
	},
	[0.383333333333] = {
		-0.428565,
		0.007238,
		-0.903482,
		0,
		-0.869352,
		0.269056,
		0.414531,
		0,
		0.246087,
		0.963097,
		-0.109015,
		0,
		-0.067841,
		0.682961,
		-0.067746,
		1
	},
	[0.3] = {
		-0.378765,
		0.108982,
		-0.919054,
		0,
		-0.899152,
		0.191901,
		0.393318,
		0,
		0.219232,
		0.975345,
		0.025306,
		0,
		-0.058309,
		0.678371,
		-0.02675,
		1
	},
	[0.416666666667] = {
		-0.323153,
		-0.014188,
		-0.94624,
		0,
		-0.894002,
		0.332511,
		0.300328,
		0,
		0.310374,
		0.942993,
		-0.120136,
		0,
		-0.073924,
		0.673466,
		-0.083703,
		1
	},
	[0.433333333333] = {
		-0.268963,
		-0.0242,
		-0.962846,
		0,
		-0.904835,
		0.348916,
		0.243989,
		0,
		0.330048,
		0.936841,
		-0.115743,
		0,
		-0.079477,
		0.665378,
		-0.091665,
		1
	},
	[0.45] = {
		-0.213412,
		-0.034058,
		-0.976368,
		0,
		-0.914855,
		0.357614,
		0.187492,
		0,
		0.342777,
		0.933248,
		-0.107477,
		0,
		-0.086821,
		0.654662,
		-0.099695,
		1
	},
	[0.466666666667] = {
		-0.151108,
		-0.046224,
		-0.987436,
		0,
		-0.922647,
		0.365131,
		0.124101,
		0,
		0.354807,
		0.929808,
		-0.097823,
		0,
		-0.095673,
		0.641111,
		-0.107814,
		1
	},
	[0.483333333333] = {
		-0.08333,
		-0.059761,
		-0.994729,
		0,
		-0.926903,
		0.371197,
		0.055347,
		0,
		0.365933,
		0.926629,
		-0.086324,
		0,
		-0.105622,
		0.625789,
		-0.115874,
		1
	},
	[0.4] = {
		-0.378229,
		-0.003076,
		-0.925707,
		0,
		-0.882149,
		0.304352,
		0.35942,
		0,
		0.280635,
		0.952555,
		-0.117828,
		0,
		-0.070104,
		0.679501,
		-0.075718,
		1
	},
	[0.516666666667] = {
		0.0624,
		-0.08721,
		-0.994234,
		0,
		-0.920899,
		0.37902,
		-0.091044,
		0,
		0.384774,
		0.92127,
		-0.056661,
		0,
		-0.127107,
		0.594076,
		-0.131252,
		1
	},
	[0.533333333333] = {
		0.136447,
		-0.100212,
		-0.985566,
		0,
		-0.909852,
		0.380849,
		-0.164689,
		0,
		0.391856,
		0.919191,
		-0.039212,
		0,
		-0.138086,
		0.579032,
		-0.138108,
		1
	},
	[0.55] = {
		0.208084,
		-0.112887,
		-0.971575,
		0,
		-0.894096,
		0.380816,
		-0.235737,
		0,
		0.396603,
		0.917734,
		-0.02169,
		0,
		-0.149128,
		0.564545,
		-0.144104,
		1
	},
	[0.566666666667] = {
		0.27542,
		-0.124838,
		-0.953184,
		0,
		-0.874675,
		0.378849,
		-0.302353,
		0,
		0.398857,
		0.917,
		-0.00485,
		0,
		-0.159934,
		0.551097,
		-0.149348,
		1
	},
	[0.583333333333] = {
		0.336912,
		-0.135751,
		-0.931699,
		0,
		-0.852979,
		0.374966,
		-0.363079,
		0,
		0.398644,
		0.917045,
		0.010538,
		0,
		-0.170193,
		0.539167,
		-0.153948,
		1
	},
	[0.5] = {
		-0.011599,
		-0.07371,
		-0.997212,
		0,
		-0.926557,
		0.37577,
		-0.016998,
		0,
		0.375976,
		0.923777,
		-0.072655,
		0,
		-0.116239,
		0.60976,
		-0.123726,
		1
	},
	[0.616666666667] = {
		0.438035,
		-0.153779,
		-0.885707,
		0,
		-0.809172,
		0.361767,
		-0.462995,
		0,
		0.391619,
		0.919498,
		0.034033,
		0,
		-0.187768,
		0.52174,
		-0.160619,
		1
	},
	[0.633333333333] = {
		0.428566,
		-0.15022,
		-0.890935,
		0,
		-0.819239,
		0.351235,
		-0.4533,
		0,
		0.381022,
		0.924158,
		0.027462,
		0,
		-0.19457,
		0.515301,
		-0.163573,
		1
	},
	[0.65] = {
		0.418738,
		-0.146859,
		-0.896153,
		0,
		-0.829165,
		0.340603,
		-0.443254,
		0,
		0.370329,
		0.928667,
		0.020854,
		0,
		-0.201079,
		0.508013,
		-0.165231,
		1
	},
	[0.666666666667] = {
		0.40865,
		-0.143688,
		-0.90131,
		0,
		-0.838841,
		0.330015,
		-0.432938,
		0,
		0.359654,
		0.932976,
		0.014329,
		0,
		-0.20719,
		0.499855,
		-0.165504,
		1
	},
	[0.683333333333] = {
		0.398408,
		-0.140693,
		-0.906353,
		0,
		-0.848168,
		0.319613,
		-0.422444,
		0,
		0.349117,
		0.937045,
		0.008005,
		0,
		-0.212937,
		0.491357,
		-0.164935,
		1
	},
	[0.6] = {
		0.391391,
		-0.145424,
		-0.908661,
		0,
		-0.830595,
		0.369243,
		-0.41686,
		0,
		0.396138,
		0.917884,
		0.023731,
		0,
		-0.179581,
		0.529224,
		-0.15778,
		1
	},
	[0.716666666667] = {
		0.37793,
		-0.135137,
		-0.915919,
		0,
		-0.865426,
		0.299928,
		-0.401348,
		0,
		0.328946,
		0.944342,
		-0.003599,
		0,
		-0.223398,
		0.475174,
		-0.163128,
		1
	},
	[0.733333333333] = {
		0.367943,
		-0.132515,
		-0.920357,
		0,
		-0.873212,
		0.290918,
		-0.390982,
		0,
		0.319559,
		0.947527,
		-0.008672,
		0,
		-0.227936,
		0.467622,
		-0.161927,
		1
	},
	[0.75] = {
		0.358299,
		-0.129946,
		-0.924519,
		0,
		-0.880354,
		0.282641,
		-0.380909,
		0,
		0.310804,
		0.950383,
		-0.013128,
		0,
		-0.231892,
		0.460518,
		-0.160555,
		1
	},
	[0.766666666667] = {
		0.349133,
		-0.127387,
		-0.928374,
		0,
		-0.886801,
		0.275224,
		-0.371264,
		0,
		0.302805,
		0.952903,
		-0.016877,
		0,
		-0.235179,
		0.453928,
		-0.159029,
		1
	},
	[0.783333333333] = {
		0.340586,
		-0.124791,
		-0.931895,
		0,
		-0.892508,
		0.268794,
		-0.362186,
		0,
		0.295685,
		0.95508,
		-0.019829,
		0,
		-0.237705,
		0.447918,
		-0.157373,
		1
	},
	[0.7] = {
		0.388128,
		-0.137852,
		-0.911238,
		0,
		-0.857056,
		0.309538,
		-0.411876,
		0,
		0.33884,
		0.940842,
		0.001994,
		0,
		-0.218369,
		0.483108,
		-0.164137,
		1
	},
	[0.816666666667] = {
		0.325908,
		-0.119291,
		-0.937845,
		0,
		-0.901554,
		0.259389,
		-0.34629,
		0,
		0.284576,
		0.958377,
		-0.023011,
		0,
		-0.240114,
		0.4379,
		-0.15375,
		1
	},
	[0.833333333333] = {
		0.319908,
		-0.115801,
		-0.940345,
		0,
		-0.904891,
		0.256776,
		-0.339467,
		0,
		0.280769,
		0.959508,
		-0.022643,
		0,
		-0.240293,
		0.433983,
		-0.151793,
		1
	},
	[0.85] = {
		0.314705,
		-0.111393,
		-0.94263,
		0,
		-0.907536,
		0.255651,
		-0.333199,
		0,
		0.2781,
		0.96033,
		-0.020639,
		0,
		-0.24037,
		0.430743,
		-0.149752,
		1
	},
	[0.866666666667] = {
		0.310318,
		-0.106462,
		-0.944653,
		0,
		-0.909525,
		0.255808,
		-0.327608,
		0,
		0.276528,
		0.960848,
		-0.017448,
		0,
		-0.240353,
		0.428115,
		-0.147693,
		1
	},
	[0.883333333333] = {
		0.30676,
		-0.101409,
		-0.946369,
		0,
		-0.91089,
		0.257054,
		-0.322805,
		0,
		0.276003,
		0.961062,
		-0.013519,
		0,
		-0.240253,
		0.426033,
		-0.145679,
		1
	},
	[0.8] = {
		0.332797,
		-0.122109,
		-0.935059,
		0,
		-0.897439,
		0.263475,
		-0.353815,
		0,
		0.289569,
		0.956907,
		-0.021902,
		0,
		-0.23938,
		0.442554,
		-0.155606,
		1
	},
	[0.916666666667] = {
		0.301126,
		-0.090226,
		-0.949306,
		0,
		-0.91264,
		0.261311,
		-0.314331,
		0,
		0.276425,
		0.961029,
		-0.003657,
		0,
		-0.239937,
		0.42325,
		-0.141931,
		1
	},
	[0.933333333333] = {
		0.29875,
		-0.084231,
		-0.950607,
		0,
		-0.913294,
		0.263727,
		-0.310391,
		0,
		0.276845,
		0.960913,
		0.001861,
		0,
		-0.23977,
		0.422421,
		-0.140288,
		1
	},
	[0.95] = {
		0.296628,
		-0.07843,
		-0.951767,
		0,
		-0.913852,
		0.26606,
		-0.306736,
		0,
		0.277284,
		0.960761,
		0.007248,
		0,
		-0.239614,
		0.421878,
		-0.138877,
		1
	},
	[0.966666666667] = {
		0.294728,
		-0.073172,
		-0.952775,
		0,
		-0.914355,
		0.268108,
		-0.303434,
		0,
		0.27765,
		0.960606,
		0.012114,
		0,
		-0.239484,
		0.42156,
		-0.137758,
		1
	},
	[0.983333333333] = {
		0.293017,
		-0.06881,
		-0.953628,
		0,
		-0.914845,
		0.269674,
		-0.300558,
		0,
		0.27785,
		0.96049,
		0.016068,
		0,
		-0.239392,
		0.421401,
		-0.136989,
		1
	},
	[0.9] = {
		0.303786,
		-0.096068,
		-0.947884,
		0,
		-0.911852,
		0.259017,
		-0.31849,
		0,
		0.276114,
		0.961083,
		-0.008914,
		0,
		-0.240103,
		0.424432,
		-0.143748,
		1
	}
}

return spline_matrices
