local spline_matrices = {
	[0] = {
		0.880291,
		-0.437841,
		0.18271,
		0,
		0.205442,
		0.004656,
		-0.978658,
		0,
		0.427646,
		0.89904,
		0.094049,
		0,
		-0.262326,
		0.446796,
		-0.200791,
		1
	},
	[0.0166666666667] = {
		0.862861,
		-0.372212,
		0.341949,
		0,
		0.333786,
		-0.088407,
		-0.938494,
		0,
		0.379549,
		0.923928,
		0.047956,
		0,
		-0.265826,
		0.43833,
		-0.204883,
		1
	},
	[0.0333333333333] = {
		0.802073,
		-0.270172,
		0.532622,
		0,
		0.495523,
		-0.196766,
		-0.846014,
		0,
		0.333371,
		0.942492,
		-0.023944,
		0,
		-0.270134,
		0.413497,
		-0.211256,
		1
	},
	[0.05] = {
		0.69266,
		-0.136928,
		0.708147,
		0,
		0.655639,
		-0.289653,
		-0.697308,
		0,
		0.300598,
		0.947286,
		-0.110856,
		0,
		-0.274264,
		0.377309,
		-0.217817,
		1
	},
	[0.0666666666667] = {
		0.555655,
		0.002568,
		0.831409,
		0,
		0.780667,
		-0.345626,
		-0.520675,
		0,
		0.28602,
		0.938369,
		-0.194054,
		0,
		-0.277631,
		0.335294,
		-0.222025,
		1
	},
	[0.0833333333333] = {
		0.430343,
		0.115174,
		0.895288,
		0,
		0.856798,
		-0.364262,
		-0.364981,
		0,
		0.284083,
		0.924147,
		-0.255438,
		0,
		-0.280166,
		0.293513,
		-0.221508,
		1
	},
	[0.116666666667] = {
		0.364472,
		0.159543,
		0.917445,
		0,
		0.890034,
		-0.349423,
		-0.292818,
		0,
		0.27386,
		0.923282,
		-0.269354,
		0,
		-0.282877,
		0.235383,
		-0.199217,
		1
	},
	[0.133333333333] = {
		0.550607,
		0.003709,
		0.834756,
		0,
		0.79744,
		-0.298013,
		-0.524669,
		0,
		0.246822,
		0.954555,
		-0.167046,
		0,
		-0.28239,
		0.234936,
		-0.173255,
		1
	},
	[0.15] = {
		0.80065,
		-0.223609,
		0.555841,
		0,
		0.539078,
		-0.135977,
		-0.831207,
		0,
		0.261447,
		0.965147,
		0.011673,
		0,
		-0.266795,
		0.252684,
		-0.140603,
		1
	},
	[0.166666666667] = {
		0.895123,
		-0.360795,
		0.261882,
		0,
		0.295163,
		0.03937,
		-0.954636,
		0,
		0.334117,
		0.931814,
		0.141735,
		0,
		-0.235704,
		0.277212,
		-0.112513,
		1
	},
	[0.183333333333] = {
		0.884285,
		-0.448408,
		0.130267,
		0,
		0.203097,
		0.11814,
		-0.972006,
		0,
		0.420465,
		0.885987,
		0.195539,
		0,
		-0.181629,
		0.34485,
		-0.084483,
		1
	},
	[0.1] = {
		0.355939,
		0.174072,
		0.918154,
		0,
		0.890552,
		-0.360967,
		-0.276804,
		0,
		0.283239,
		0.916189,
		-0.283503,
		0,
		-0.281979,
		0.258203,
		-0.21444,
		1
	},
	[0.216666666667] = {
		0.947505,
		-0.149229,
		0.28278,
		0,
		0.279799,
		-0.041054,
		-0.95918,
		0,
		0.154747,
		0.98795,
		0.002855,
		0,
		-0.078366,
		0.613624,
		-0.017047,
		1
	},
	[0.233333333333] = {
		0.964962,
		-0.168886,
		0.200814,
		0,
		0.206992,
		0.019626,
		-0.978146,
		0,
		0.161254,
		0.98544,
		0.053896,
		0,
		-0.058537,
		0.613761,
		-0.00856,
		1
	},
	[0.25] = {
		0.966109,
		-0.195928,
		0.168064,
		0,
		0.17558,
		0.021518,
		-0.98423,
		0,
		0.189222,
		0.980382,
		0.05519,
		0,
		-0.043938,
		0.643676,
		-0.010531,
		1
	},
	[0.266666666667] = {
		0.973943,
		-0.209376,
		0.087161,
		0,
		0.096068,
		0.032735,
		-0.994836,
		0,
		0.205441,
		0.977287,
		0.051997,
		0,
		-0.056636,
		0.662498,
		-0.015138,
		1
	},
	[0.283333333333] = {
		0.959564,
		-0.205482,
		-0.192388,
		0,
		-0.174337,
		0.102781,
		-0.979307,
		0,
		0.221004,
		0.973249,
		0.062802,
		0,
		-0.076019,
		0.658231,
		-0.014497,
		1
	},
	[0.2] = {
		0.922302,
		-0.224451,
		0.314612,
		0,
		0.306881,
		-0.069478,
		-0.949208,
		0,
		0.234909,
		0.972005,
		0.0048,
		0,
		-0.074621,
		0.612748,
		-0.027612,
		1
	},
	[0.316666666667] = {
		0.83975,
		-0.181486,
		-0.511745,
		0,
		-0.469342,
		0.231279,
		-0.85219,
		0,
		0.273016,
		0.95581,
		0.109037,
		0,
		-0.125317,
		0.638705,
		-0.031114,
		1
	},
	[0.333333333333] = {
		0.827968,
		-0.20556,
		-0.521741,
		0,
		-0.467479,
		0.260867,
		-0.844637,
		0,
		0.309729,
		0.943236,
		0.119895,
		0,
		-0.157658,
		0.625531,
		-0.04874,
		1
	},
	[0.35] = {
		0.836423,
		-0.224989,
		-0.499777,
		0,
		-0.442444,
		0.261011,
		-0.857973,
		0,
		0.323481,
		0.938751,
		0.11877,
		0,
		-0.183389,
		0.575634,
		-0.070486,
		1
	},
	[0.366666666667] = {
		0.864642,
		-0.219722,
		-0.451792,
		0,
		-0.39979,
		0.243669,
		-0.883625,
		0,
		0.30424,
		0.944641,
		0.122843,
		0,
		-0.208214,
		0.496548,
		-0.091866,
		1
	},
	[0.383333333333] = {
		0.927632,
		-0.163921,
		-0.335601,
		0,
		-0.300173,
		0.207479,
		-0.931047,
		0,
		0.222248,
		0.964408,
		0.14326,
		0,
		-0.234709,
		0.407083,
		-0.110745,
		1
	},
	[0.3] = {
		0.880169,
		-0.177837,
		-0.440087,
		0,
		-0.410115,
		0.18187,
		-0.893717,
		0,
		0.238974,
		0.967108,
		0.087143,
		0,
		-0.094579,
		0.65,
		-0.017767,
		1
	},
	[0.416666666667] = {
		0.910773,
		-0.356548,
		-0.208247,
		0,
		-0.164011,
		0.15046,
		-0.974916,
		0,
		0.378937,
		0.922082,
		0.078557,
		0,
		-0.268831,
		0.28312,
		-0.149664,
		1
	},
	[0.433333333333] = {
		0.815477,
		-0.547076,
		-0.188958,
		0,
		-0.154732,
		0.108526,
		-0.981978,
		0,
		0.557724,
		0.830018,
		0.00385,
		0,
		-0.283705,
		0.231419,
		-0.171141,
		1
	},
	[0.45] = {
		0.777748,
		-0.614996,
		-0.129955,
		0,
		-0.114987,
		0.064056,
		-0.9913,
		0,
		0.61797,
		0.785924,
		-0.020897,
		0,
		-0.305545,
		0.18244,
		-0.18843,
		1
	},
	[0.466666666667] = {
		0.756247,
		-0.651407,
		-0.06131,
		0,
		-0.068244,
		0.014662,
		-0.997561,
		0,
		0.650717,
		0.758587,
		-0.033366,
		0,
		-0.327402,
		0.137901,
		-0.20088,
		1
	},
	[0.483333333333] = {
		0.749156,
		-0.662294,
		0.011514,
		0,
		-0.014854,
		-0.034175,
		-0.999305,
		0,
		0.662227,
		0.748465,
		-0.03544,
		0,
		-0.34684,
		0.100662,
		-0.208727,
		1
	},
	[0.4] = {
		0.962164,
		-0.158513,
		-0.221617,
		0,
		-0.192725,
		0.179036,
		-0.964781,
		0,
		0.192608,
		0.970989,
		0.141713,
		0,
		-0.256863,
		0.33088,
		-0.129267,
		1
	},
	[0.516666666667] = {
		0.762027,
		-0.62924,
		0.152882,
		0,
		0.107456,
		-0.109943,
		-0.988112,
		0,
		0.638568,
		0.769396,
		-0.016164,
		0,
		-0.37252,
		0.059527,
		-0.216795,
		1
	},
	[0.533333333333] = {
		0.773741,
		-0.59593,
		0.214922,
		0,
		0.171422,
		-0.129651,
		-0.97663,
		0,
		0.609868,
		0.792501,
		0.001839,
		0,
		-0.382082,
		0.058226,
		-0.218012,
		1
	},
	[0.55] = {
		0.784969,
		-0.55788,
		0.269431,
		0,
		0.233631,
		-0.136227,
		-0.962735,
		0,
		0.573795,
		0.818665,
		0.023404,
		0,
		-0.389695,
		0.066517,
		-0.217785,
		1
	},
	[0.566666666667] = {
		0.793878,
		-0.51935,
		0.31628,
		0,
		0.291493,
		-0.131443,
		-0.947499,
		0,
		0.533656,
		0.844392,
		0.047037,
		0,
		-0.394805,
		0.083901,
		-0.216333,
		1
	},
	[0.583333333333] = {
		0.799525,
		-0.483856,
		0.35587,
		0,
		0.342955,
		-0.118648,
		-0.931829,
		0,
		0.493094,
		0.867067,
		0.071079,
		0,
		-0.396862,
		0.109936,
		-0.213892,
		1
	},
	[0.5] = {
		0.752578,
		-0.653097,
		0.084207,
		0,
		0.044417,
		-0.07724,
		-0.996023,
		0,
		0.657004,
		0.753325,
		-0.029121,
		0,
		-0.361525,
		0.073497,
		-0.213873,
		1
	},
	[0.616666666667] = {
		0.844167,
		-0.458527,
		0.277732,
		0,
		0.276899,
		-0.070662,
		-0.958297,
		0,
		0.45903,
		0.885867,
		0.067315,
		0,
		-0.393315,
		0.175187,
		-0.208332,
		1
	},
	[0.633333333333] = {
		0.859303,
		-0.449422,
		0.24417,
		0,
		0.246955,
		-0.053485,
		-0.96755,
		0,
		0.447898,
		0.891717,
		0.065027,
		0,
		-0.390364,
		0.210392,
		-0.20485,
		1
	},
	[0.65] = {
		0.868583,
		-0.44583,
		0.216329,
		0,
		0.220116,
		-0.044007,
		-0.974481,
		0,
		0.443973,
		0.894035,
		0.05991,
		0,
		-0.386513,
		0.245823,
		-0.201187,
		1
	},
	[0.666666666667] = {
		0.87379,
		-0.445257,
		0.195544,
		0,
		0.199958,
		-0.03758,
		-0.979083,
		0,
		0.443293,
		0.894614,
		0.056195,
		0,
		-0.382004,
		0.280424,
		-0.197243,
		1
	},
	[0.683333333333] = {
		0.877587,
		-0.443762,
		0.181426,
		0,
		0.188381,
		-0.028799,
		-0.981674,
		0,
		0.440855,
		0.895682,
		0.058323,
		0,
		-0.377245,
		0.313696,
		-0.193519,
		1
	},
	[0.6] = {
		0.823938,
		-0.470746,
		0.315474,
		0,
		0.309126,
		-0.093209,
		-0.946442,
		0,
		0.474939,
		0.877331,
		0.068721,
		0,
		-0.395453,
		0.141328,
		-0.211419,
		1
	},
	[0.716666666667] = {
		0.882304,
		-0.439292,
		0.169004,
		0,
		0.184146,
		-0.008274,
		-0.982864,
		0,
		0.433163,
		0.898306,
		0.073594,
		0,
		-0.367261,
		0.373688,
		-0.189564,
		1
	},
	[0.733333333333] = {
		0.883485,
		-0.437084,
		0.168561,
		0,
		0.188111,
		0.001469,
		-0.982147,
		0,
		0.429033,
		0.89942,
		0.083518,
		0,
		-0.361973,
		0.398344,
		-0.189826,
		1
	},
	[0.75] = {
		0.883929,
		-0.435429,
		0.170504,
		0,
		0.193913,
		0.00952,
		-0.980973,
		0,
		0.42552,
		0.900173,
		0.09285,
		0,
		-0.356436,
		0.418068,
		-0.191902,
		1
	},
	[0.766666666667] = {
		0.883658,
		-0.434706,
		0.173722,
		0,
		0.199907,
		0.014846,
		-0.979702,
		0,
		0.423303,
		0.90045,
		0.100019,
		0,
		-0.350606,
		0.431834,
		-0.194981,
		1
	},
	[0.783333333333] = {
		0.882717,
		-0.435254,
		0.177102,
		0,
		0.204451,
		0.016393,
		-0.97874,
		0,
		0.423097,
		0.900159,
		0.103458,
		0,
		-0.344444,
		0.438618,
		-0.198039,
		1
	},
	[0.7] = {
		0.880363,
		-0.441651,
		0.172932,
		0,
		0.183677,
		-0.018696,
		-0.982809,
		0,
		0.437292,
		0.896992,
		0.064662,
		0,
		-0.37234,
		0.345128,
		-0.190876,
		1
	},
	[0.816666666667] = {
		0.882856,
		-0.436405,
		0.173542,
		0,
		0.199958,
		0.014933,
		-0.979691,
		0,
		0.42495,
		0.899626,
		0.100447,
		0,
		-0.331715,
		0.443616,
		-0.203816,
		1
	},
	[0.833333333333] = {
		0.88239,
		-0.436935,
		0.174574,
		0,
		0.200053,
		0.012574,
		-0.979704,
		0,
		0.425872,
		0.899405,
		0.098505,
		0,
		-0.325405,
		0.445322,
		-0.206229,
		1
	},
	[0.85] = {
		0.881545,
		-0.43742,
		0.177601,
		0,
		0.201848,
		0.009144,
		-0.979374,
		0,
		0.426774,
		0.899211,
		0.096354,
		0,
		-0.319186,
		0.446405,
		-0.208165,
		1
	},
	[0.866666666667] = {
		0.880291,
		-0.437841,
		0.18271,
		0,
		0.205442,
		0.004656,
		-0.978658,
		0,
		0.427646,
		0.89904,
		0.09405,
		0,
		-0.313097,
		0.446796,
		-0.209501,
		1
	},
	[0.8] = {
		0.882961,
		-0.435844,
		0.174415,
		0,
		0.201459,
		0.016211,
		-0.979363,
		0,
		0.424022,
		0.899876,
		0.102118,
		0,
		-0.338074,
		0.441358,
		-0.201045,
		1
	}
}

return spline_matrices
