local spline_matrices = {
	[0] = {
		0.976321,
		0.123617,
		0.177526,
		0,
		0.128253,
		0.330092,
		-0.935195,
		0,
		-0.174206,
		0.935819,
		0.306422,
		0,
		0.260625,
		-0.471896,
		-0.189234,
		1
	},
	{
		0.857798,
		0.046293,
		0.511898,
		0,
		0.426851,
		0.490637,
		-0.759653,
		0,
		-0.286323,
		0.870133,
		0.401107,
		0,
		0.313875,
		0.342049,
		-0.213035,
		1
	},
	[0.0166666666667] = {
		0.986532,
		0.082793,
		0.14107,
		0,
		0.11411,
		0.269556,
		-0.9562,
		0,
		-0.117193,
		0.959419,
		0.256478,
		0,
		0.272873,
		-0.462964,
		-0.20587,
		1
	},
	[0.0333333333333] = {
		0.994476,
		0.03292,
		0.099664,
		0,
		0.091225,
		0.198528,
		-0.97584,
		0,
		-0.05191,
		0.979542,
		0.194428,
		0,
		0.300273,
		-0.435909,
		-0.242228,
		1
	},
	[0.05] = {
		0.997734,
		-0.016518,
		0.065217,
		0,
		0.066836,
		0.132575,
		-0.988917,
		0,
		0.007689,
		0.991035,
		0.133379,
		0,
		0.332634,
		-0.394827,
		-0.284665,
		1
	},
	[0.0666666666667] = {
		0.997448,
		-0.053636,
		0.047114,
		0,
		0.051647,
		0.086511,
		-0.994911,
		0,
		0.049287,
		0.994806,
		0.089061,
		0,
		0.359949,
		-0.343651,
		-0.319695,
		1
	},
	[0.0833333333333] = {
		0.996406,
		-0.066098,
		0.052973,
		0,
		0.057842,
		0.07407,
		-0.995574,
		0,
		0.061882,
		0.99506,
		0.077627,
		0,
		0.372263,
		-0.286228,
		-0.333959,
		1
	},
	[0.116666666667] = {
		0.996497,
		-0.013049,
		0.082609,
		0,
		0.083616,
		0.135655,
		-0.987221,
		0,
		0.001676,
		0.99067,
		0.136271,
		0,
		0.361512,
		-0.153024,
		-0.317345,
		1
	},
	[0.133333333333] = {
		0.994936,
		0.040652,
		0.091928,
		0,
		0.082937,
		0.18468,
		-0.979293,
		0,
		-0.056787,
		0.981958,
		0.180373,
		0,
		0.347772,
		-0.078761,
		-0.299956,
		1
	},
	[0.15] = {
		0.989467,
		0.10514,
		0.099504,
		0,
		0.072973,
		0.231376,
		-0.970124,
		0,
		-0.125021,
		0.967166,
		0.221267,
		0,
		0.330227,
		-0.00246,
		-0.278869,
		1
	},
	[0.166666666667] = {
		0.979477,
		0.172327,
		0.104537,
		0,
		0.055814,
		0.266468,
		-0.962226,
		0,
		-0.193674,
		0.948313,
		0.251381,
		0,
		0.310513,
		0.073663,
		-0.256002,
		1
	},
	[0.183333333333] = {
		0.966951,
		0.232755,
		0.104068,
		0,
		0.034571,
		0.28471,
		-0.95799,
		0,
		-0.252607,
		0.929927,
		0.267255,
		0,
		0.290573,
		0.147653,
		-0.233284,
		1
	},
	[0.1] = {
		0.996263,
		-0.050139,
		0.07033,
		0,
		0.074873,
		0.095372,
		-0.992622,
		0,
		0.043061,
		0.994178,
		0.09877,
		0,
		0.37009,
		-0.222932,
		-0.329241,
		1
	},
	[0.216666666667] = {
		0.947807,
		0.308838,
		0.079258,
		0,
		-0.012869,
		0.285428,
		-0.958314,
		0,
		-0.318586,
		0.907276,
		0.274505,
		0,
		0.262588,
		0.259759,
		-0.192926,
		1
	},
	[0.233333333333] = {
		0.951715,
		0.30161,
		0.057186,
		0,
		-0.032268,
		0.283538,
		-0.958418,
		0,
		-0.305283,
		0.910295,
		0.279579,
		0,
		0.234745,
		0.354876,
		-0.160412,
		1
	},
	[0.25] = {
		0.980708,
		0.195466,
		0.002056,
		0,
		-0.050799,
		0.265002,
		-0.962909,
		0,
		-0.188761,
		0.944228,
		0.269819,
		0,
		0.049692,
		0.744923,
		-0.077494,
		1
	},
	[0.266666666667] = {
		0.981212,
		0.192593,
		-0.011478,
		0,
		-0.060902,
		0.252733,
		-0.965618,
		0,
		-0.183071,
		0.948174,
		0.259713,
		0,
		0.051066,
		0.745822,
		-0.076246,
		1
	},
	[0.283333333333] = {
		0.982077,
		0.188174,
		-0.010735,
		0,
		-0.059111,
		0.253413,
		-0.965551,
		0,
		-0.178971,
		0.94888,
		0.259994,
		0,
		0.052682,
		0.746406,
		-0.075254,
		1
	},
	[0.2] = {
		0.956248,
		0.277106,
		0.093823,
		0,
		0.011287,
		0.285513,
		-0.958308,
		0,
		-0.292341,
		0.917439,
		0.269893,
		0,
		0.272571,
		0.217868,
		-0.212515,
		1
	},
	[0.316666666667] = {
		0.983067,
		0.182876,
		-0.011651,
		0,
		-0.05876,
		0.254366,
		-0.965321,
		0,
		-0.17357,
		0.94966,
		0.260804,
		0,
		0.05303,
		0.746975,
		-0.073943,
		1
	},
	[0.333333333333] = {
		0.983208,
		0.181999,
		-0.013387,
		0,
		-0.060278,
		0.254641,
		-0.965155,
		0,
		-0.172248,
		0.949755,
		0.261335,
		0,
		0.051758,
		0.747036,
		-0.073615,
		1
	},
	[0.35] = {
		0.983342,
		0.181121,
		-0.015265,
		0,
		-0.061932,
		0.254917,
		-0.964978,
		0,
		-0.170887,
		0.949849,
		0.261888,
		0,
		0.050476,
		0.746933,
		-0.073409,
		1
	},
	[0.366666666667] = {
		0.983658,
		0.179274,
		-0.01667,
		0,
		-0.06288,
		0.255304,
		-0.964814,
		0,
		-0.16871,
		0.950095,
		0.262405,
		0,
		0.049967,
		0.746653,
		-0.07325,
		1
	},
	[0.383333333333] = {
		0.98363,
		0.179811,
		-0.01182,
		0,
		-0.05819,
		0.254868,
		-0.965223,
		0,
		-0.170546,
		0.95011,
		0.26116,
		0,
		0.050035,
		0.746169,
		-0.073285,
		1
	},
	[0.3] = {
		0.982733,
		0.184719,
		-0.010669,
		0,
		-0.058221,
		0.253981,
		-0.965455,
		0,
		-0.175628,
		0.949406,
		0.26035,
		0,
		0.053509,
		0.746766,
		-0.074472,
		1
	},
	[0.416666666667] = {
		0.983502,
		0.180887,
		-0.002019,
		0,
		-0.048702,
		0.25402,
		-0.965972,
		0,
		-0.174219,
		0.950133,
		0.258639,
		0,
		0.050188,
		0.745036,
		-0.073641,
		1
	},
	[0.433333333333] = {
		0.9834,
		0.181426,
		0.002925,
		0,
		-0.043914,
		0.253612,
		-0.966309,
		0,
		-0.176056,
		0.95014,
		0.25737,
		0,
		0.050272,
		0.744455,
		-0.073947,
		1
	},
	[0.45] = {
		0.983273,
		0.181966,
		0.007892,
		0,
		-0.039103,
		0.253219,
		-0.966618,
		0,
		-0.17789,
		0.950141,
		0.256099,
		0,
		0.050362,
		0.74391,
		-0.074328,
		1
	},
	[0.466666666667] = {
		0.98312,
		0.182507,
		0.012878,
		0,
		-0.034273,
		0.252842,
		-0.9669,
		0,
		-0.179722,
		0.950138,
		0.25483,
		0,
		0.050456,
		0.743436,
		-0.074778,
		1
	},
	[0.483333333333] = {
		0.982941,
		0.183049,
		0.017878,
		0,
		-0.029428,
		0.252485,
		-0.967153,
		0,
		-0.181551,
		0.950128,
		0.253565,
		0,
		0.050554,
		0.743071,
		-0.075288,
		1
	},
	[0.4] = {
		0.983578,
		0.180349,
		-0.006935,
		0,
		-0.053463,
		0.25444,
		-0.96561,
		0,
		-0.172382,
		0.950124,
		0.259903,
		0,
		0.050108,
		0.745619,
		-0.073418,
		1
	},
	[0.516666666667] = {
		0.982504,
		0.184137,
		0.027907,
		0,
		-0.019716,
		0.251839,
		-0.967568,
		0,
		-0.185193,
		0.95009,
		0.251064,
		0,
		0.050758,
		0.742807,
		-0.076459,
		1
	},
	[0.533333333333] = {
		0.982247,
		0.184682,
		0.032927,
		0,
		-0.014857,
		0.251555,
		-0.967729,
		0,
		-0.187005,
		0.950059,
		0.249833,
		0,
		0.050863,
		0.74298,
		-0.077105,
		1
	},
	[0.55] = {
		0.981963,
		0.185228,
		0.037945,
		0,
		-0.010003,
		0.251301,
		-0.967857,
		0,
		-0.18881,
		0.95002,
		0.248621,
		0,
		0.050969,
		0.743403,
		-0.077781,
		1
	},
	[0.566666666667] = {
		0.981653,
		0.185775,
		0.042958,
		0,
		-0.005158,
		0.251078,
		-0.967953,
		0,
		-0.190607,
		0.949972,
		0.24743,
		0,
		0.051077,
		0.744109,
		-0.07848,
		1
	},
	[0.583333333333] = {
		0.981317,
		0.186323,
		0.04796,
		0,
		-0.000327,
		0.25089,
		-0.968015,
		0,
		-0.192396,
		0.949915,
		0.246264,
		0,
		0.051186,
		0.745131,
		-0.079194,
		1
	},
	[0.5] = {
		0.982736,
		0.183592,
		0.02289,
		0,
		-0.024574,
		0.25215,
		-0.967376,
		0,
		-0.183375,
		0.950113,
		0.252309,
		0,
		0.050655,
		0.742849,
		-0.075851,
		1
	},
	[0.616666666667] = {
		0.941794,
		0.09479,
		0.322552,
		0,
		0.279666,
		0.311567,
		-0.908137,
		0,
		-0.186579,
		0.945484,
		0.266923,
		0,
		0.056812,
		0.753147,
		-0.085839,
		1
	},
	[0.633333333333] = {
		0.933274,
		0.070568,
		0.352163,
		0,
		0.317708,
		0.295101,
		-0.901098,
		0,
		-0.167513,
		0.952856,
		0.252991,
		0,
		0.066,
		0.71642,
		-0.102953,
		1
	},
	[0.65] = {
		0.93799,
		0.055237,
		0.342233,
		0,
		0.317179,
		0.261662,
		-0.911554,
		0,
		-0.139901,
		0.963578,
		0.227917,
		0,
		0.083519,
		0.647813,
		-0.118247,
		1
	},
	[0.666666666667] = {
		0.928627,
		0.039368,
		0.36892,
		0,
		0.345969,
		0.267261,
		-0.899376,
		0,
		-0.134004,
		0.96282,
		0.234565,
		0,
		0.106611,
		0.566049,
		-0.131548,
		1
	},
	[0.683333333333] = {
		0.882515,
		0.016347,
		0.47,
		0,
		0.439668,
		0.326023,
		-0.8369,
		0,
		-0.166912,
		0.94522,
		0.280533,
		0,
		0.131885,
		0.489273,
		-0.142765,
		1
	},
	[0.6] = {
		0.971836,
		0.142767,
		0.187489,
		0,
		0.141133,
		0.284535,
		-0.94822,
		0,
		-0.188722,
		0.947975,
		0.256373,
		0,
		0.054149,
		0.753095,
		-0.078625,
		1
	},
	[0.716666666667] = {
		0.708736,
		-0.039964,
		0.704341,
		0,
		0.649165,
		0.427804,
		-0.628942,
		0,
		-0.276185,
		0.902987,
		0.329144,
		0,
		0.169673,
		0.403459,
		-0.157337,
		1
	},
	[0.733333333333] = {
		0.660228,
		-0.049763,
		0.749415,
		0,
		0.688967,
		0.437404,
		-0.577929,
		0,
		-0.299037,
		0.897887,
		0.323071,
		0,
		0.177511,
		0.378409,
		-0.160457,
		1
	},
	[0.75] = {
		0.656927,
		-0.046206,
		0.752537,
		0,
		0.692394,
		0.431996,
		-0.577901,
		0,
		-0.29839,
		0.900691,
		0.315783,
		0,
		0.182081,
		0.362467,
		-0.162198,
		1
	},
	[0.766666666667] = {
		0.649161,
		-0.043837,
		0.759386,
		0,
		0.69796,
		0.431213,
		-0.571758,
		0,
		-0.302392,
		0.901185,
		0.310523,
		0,
		0.185036,
		0.352358,
		-0.162955,
		1
	},
	[0.783333333333] = {
		0.638405,
		-0.042384,
		0.768533,
		0,
		0.704576,
		0.434138,
		-0.561335,
		0,
		-0.309858,
		0.899849,
		0.307018,
		0,
		0.186817,
		0.343836,
		-0.162961,
		1
	},
	[0.7] = {
		0.801839,
		-0.013131,
		0.597396,
		0,
		0.554676,
		0.388182,
		-0.735968,
		0,
		-0.222234,
		0.921489,
		0.318543,
		0,
		0.15446,
		0.43592,
		-0.151584,
		1
	},
	[0.816666666667] = {
		0.613987,
		-0.041096,
		0.788246,
		0,
		0.716744,
		0.447307,
		-0.534971,
		0,
		-0.330602,
		0.893436,
		0.304096,
		0,
		0.188543,
		0.331845,
		-0.16176,
		1
	},
	[0.833333333333] = {
		0.60352,
		-0.040575,
		0.796315,
		0,
		0.720444,
		0.455675,
		-0.522801,
		0,
		-0.341648,
		0.889221,
		0.304241,
		0,
		0.189336,
		0.328528,
		-0.161081,
		1
	},
	[0.85] = {
		0.596434,
		-0.039558,
		0.801687,
		0,
		0.721519,
		0.46403,
		-0.513894,
		0,
		-0.351678,
		0.884936,
		0.305304,
		0,
		0.190658,
		0.327105,
		-0.160704,
		1
	},
	[0.866666666667] = {
		0.594415,
		-0.037532,
		0.803282,
		0,
		0.719277,
		0.471501,
		-0.510223,
		0,
		-0.359598,
		0.881067,
		0.307263,
		0,
		0.192946,
		0.327657,
		-0.160898,
		1
	},
	[0.883333333333] = {
		0.599116,
		-0.033956,
		0.799942,
		0,
		0.712984,
		0.477213,
		-0.513732,
		0,
		-0.364299,
		0.878131,
		0.310116,
		0,
		0.196636,
		0.330267,
		-0.16193,
		1
	},
	[0.8] = {
		0.626158,
		-0.041573,
		0.778587,
		0,
		0.711167,
		0.43982,
		-0.548453,
		0,
		-0.319637,
		0.897123,
		0.304962,
		0,
		0.187846,
		0.336973,
		-0.162476,
		1
	},
	[0.916666666667] = {
		0.634739,
		-0.020306,
		0.77246,
		0,
		0.684004,
		0.479848,
		-0.54944,
		0,
		-0.359506,
		0.877117,
		0.318468,
		0,
		0.209859,
		0.342065,
		-0.167433,
		1
	},
	[0.933333333333] = {
		0.66903,
		-0.010207,
		0.743165,
		0,
		0.655125,
		0.48033,
		-0.583176,
		0,
		-0.351013,
		0.877028,
		0.328042,
		0,
		0.222551,
		0.348557,
		-0.172601,
		1
	},
	[0.95] = {
		0.713048,
		0.001582,
		0.701113,
		0,
		0.612642,
		0.484858,
		-0.624166,
		0,
		-0.340928,
		0.874592,
		0.344758,
		0,
		0.241355,
		0.351713,
		-0.179808,
		1
	},
	[0.966666666667] = {
		0.761983,
		0.015198,
		0.647419,
		0,
		0.558679,
		0.49016,
		-0.669045,
		0,
		-0.327507,
		0.8715,
		0.365003,
		0,
		0.264219,
		0.35161,
		-0.188969,
		1
	},
	[0.983333333333] = {
		0.811424,
		0.030367,
		0.583668,
		0,
		0.495784,
		0.493071,
		-0.714899,
		0,
		-0.309499,
		0.869459,
		0.385034,
		0,
		0.289086,
		0.348347,
		-0.200039,
		1
	},
	[0.9] = {
		0.612103,
		-0.028345,
		0.79027,
		0,
		0.70168,
		0.48031,
		-0.526258,
		0,
		-0.364658,
		0.876641,
		0.313888,
		0,
		0.202143,
		0.335036,
		-0.164036,
		1
	},
	[1.01666666667] = {
		0.898604,
		0.061675,
		0.434405,
		0,
		0.354859,
		0.480119,
		-0.802223,
		0,
		-0.258043,
		0.875033,
		0.409551,
		0,
		0.336458,
		0.332864,
		-0.228035,
		1
	},
	[1.03333333333] = {
		0.932446,
		0.074774,
		0.353487,
		0,
		0.282558,
		0.458823,
		-0.842403,
		0,
		-0.225178,
		0.885376,
		0.406699,
		0,
		0.354652,
		0.320952,
		-0.245174,
		1
	},
	[1.05] = {
		0.958878,
		0.08347,
		0.271267,
		0,
		0.212216,
		0.423793,
		-0.880548,
		0,
		-0.18846,
		0.901905,
		0.388652,
		0,
		0.366209,
		0.30645,
		-0.264625,
		1
	},
	[1.06666666667] = {
		0.978142,
		0.08523,
		0.189667,
		0,
		0.145462,
		0.371336,
		-0.917034,
		0,
		-0.148589,
		0.924579,
		0.350822,
		0,
		0.368829,
		0.289434,
		-0.286585,
		1
	},
	[1.08333333333] = {
		0.991624,
		0.077038,
		0.103671,
		0,
		0.076638,
		0.295149,
		-0.952373,
		0,
		-0.103968,
		0.95234,
		0.286773,
		0,
		0.358312,
		0.264597,
		-0.313805,
		1
	},
	[1.11666666667] = {
		0.995898,
		0.016751,
		-0.088914,
		0,
		-0.089909,
		0.073121,
		-0.993262,
		0,
		-0.010137,
		0.997182,
		0.074327,
		0,
		0.298245,
		0.183228,
		-0.385007,
		1
	},
	[1.13333333333] = {
		0.982084,
		-0.039673,
		-0.184221,
		0,
		-0.186377,
		-0.060088,
		-0.980639,
		0,
		0.027836,
		0.997404,
		-0.066406,
		0,
		0.254428,
		0.132049,
		-0.424303,
		1
	},
	[1.15] = {
		0.956361,
		-0.112653,
		-0.269599,
		0,
		-0.287355,
		-0.195484,
		-0.937664,
		0,
		0.052929,
		0.974215,
		-0.219324,
		0,
		0.205465,
		0.077725,
		-0.463006,
		1
	},
	[1.16666666667] = {
		0.919709,
		-0.198194,
		-0.338902,
		0,
		-0.387689,
		-0.322358,
		-0.863587,
		0,
		0.06191,
		0.925637,
		-0.373313,
		0,
		0.154562,
		0.023327,
		-0.499046,
		1
	},
	[1.18333333333] = {
		0.874478,
		-0.290581,
		-0.388396,
		0,
		-0.482056,
		-0.431544,
		-0.762491,
		0,
		0.053955,
		0.85401,
		-0.517452,
		0,
		0.105012,
		-0.028037,
		-0.530628,
		1
	},
	[1.1] = {
		0.99843,
		0.055244,
		0.00921,
		0,
		-0.001691,
		0.194103,
		-0.98098,
		0,
		-0.055981,
		0.979424,
		0.193892,
		0,
		0.333848,
		0.228328,
		-0.347389,
		1
	},
	[1.21666666667] = {
		0.770221,
		-0.472949,
		-0.427877,
		0,
		-0.637753,
		-0.576942,
		-0.510303,
		0,
		-0.005512,
		0.665926,
		-0.745998,
		0,
		0.023146,
		-0.10972,
		-0.574428,
		1
	},
	[1.23333333333] = {
		0.716173,
		-0.554763,
		-0.423479,
		0,
		-0.696075,
		-0.611885,
		-0.375601,
		0,
		-0.050751,
		0.563768,
		-0.824372,
		0,
		-0.002737,
		-0.134466,
		-0.583954,
		1
	},
	[1.25] = {
		0.662576,
		-0.627867,
		-0.408381,
		0,
		-0.741984,
		-0.624653,
		-0.243453,
		0,
		-0.10224,
		0.464318,
		-0.879747,
		0,
		-0.014432,
		-0.145002,
		-0.583415,
		1
	},
	[1.2] = {
		0.82369,
		-0.38382,
		-0.417394,
		0,
		-0.566219,
		-0.517128,
		-0.641852,
		0,
		0.03051,
		0.765024,
		-0.643279,
		0,
		0.060121,
		-0.073342,
		-0.556212,
		1
	}
}

return spline_matrices
