local spline_matrices = {
	[0] = {
		-0.940751,
		-0.239758,
		0.239798,
		0,
		0.321742,
		-0.854451,
		0.407917,
		0,
		0.107094,
		0.460901,
		0.880966,
		0,
		0.469739,
		-0.24034,
		0.266254,
		1
	},
	{
		-0.429707,
		0.306627,
		0.849313,
		0,
		0.818735,
		0.528989,
		0.223255,
		0,
		-0.380821,
		0.791297,
		-0.478357,
		0,
		0.061213,
		-0.067041,
		-0.570642,
		1
	},
	[0.0333333333333] = {
		-0.930954,
		-0.27231,
		0.243251,
		0,
		0.359384,
		-0.801124,
		0.478584,
		0,
		0.064551,
		0.532961,
		0.843674,
		0,
		0.471285,
		-0.229227,
		0.277446,
		1
	},
	[0.0666666666667] = {
		-0.918292,
		-0.309707,
		0.246618,
		0,
		0.395702,
		-0.737826,
		0.546839,
		0,
		0.012601,
		0.599745,
		0.800092,
		0,
		0.468399,
		-0.197378,
		0.297113,
		1
	},
	[0.133333333333] = {
		-0.88784,
		-0.378761,
		0.261304,
		0,
		0.448968,
		-0.588603,
		0.672291,
		0,
		-0.100833,
		0.714204,
		0.692637,
		0,
		0.45114,
		-0.093988,
		0.347194,
		1
	},
	[0.166666666667] = {
		-0.866962,
		-0.42678,
		0.257362,
		0,
		0.46108,
		-0.490861,
		0.73923,
		0,
		-0.18916,
		0.759549,
		0.622338,
		0,
		0.436207,
		-0.034967,
		0.370641,
		1
	},
	[0.1] = {
		-0.903374,
		-0.346888,
		0.252158,
		0,
		0.426566,
		-0.66616,
		0.611778,
		0,
		-0.044241,
		0.660226,
		0.749763,
		0,
		0.461519,
		-0.1504,
		0.321599,
		1
	},
	[0.233333333333] = {
		-0.788436,
		-0.567172,
		0.238085,
		0,
		0.435744,
		-0.241797,
		0.866984,
		0,
		-0.434161,
		0.787306,
		0.437783,
		0,
		0.352101,
		0.056477,
		0.399598,
		1
	},
	[0.266666666667] = {
		-0.783412,
		-0.567734,
		0.252872,
		0,
		0.413899,
		-0.173067,
		0.89372,
		0,
		-0.463631,
		0.804814,
		0.370567,
		0,
		0.296221,
		0.093909,
		0.405616,
		1
	},
	[0.2] = {
		-0.828121,
		-0.507001,
		0.239094,
		0,
		0.45673,
		-0.363,
		0.812175,
		0,
		-0.324982,
		0.781781,
		0.53217,
		0,
		0.401755,
		0.015809,
		0.38908,
		1
	},
	[0.333333333333] = {
		-0.888694,
		-0.300127,
		0.346623,
		0,
		0.410949,
		-0.186131,
		0.892455,
		0,
		-0.203332,
		0.935564,
		0.28875,
		0,
		0.18175,
		0.195908,
		0.399988,
		1
	},
	[0.366666666667] = {
		-0.91786,
		-0.026561,
		0.396014,
		0,
		0.391976,
		-0.217391,
		0.893921,
		0,
		0.062346,
		0.975723,
		0.209946,
		0,
		0.115447,
		0.2743,
		0.387366,
		1
	},
	[0.3] = {
		-0.822293,
		-0.49388,
		0.282695,
		0,
		0.401504,
		-0.151479,
		0.903243,
		0,
		-0.403272,
		0.856234,
		0.322855,
		0,
		0.24171,
		0.13613,
		0.406855,
		1
	},
	[0.433333333333] = {
		-0.998398,
		0.056589,
		-0.000327,
		0,
		0.019192,
		0.344036,
		0.93876,
		0,
		0.053236,
		0.93725,
		-0.34457,
		0,
		0.020907,
		0.423048,
		0.361498,
		1
	},
	[0.466666666667] = {
		-0.992042,
		-0.054218,
		-0.113632,
		0,
		-0.12204,
		0.635969,
		0.762003,
		0,
		0.030952,
		0.769807,
		-0.637525,
		0,
		-0.00681,
		0.575691,
		0.203002,
		1
	},
	[0.4] = {
		-0.931079,
		0.176492,
		0.319285,
		0,
		0.307893,
		-0.089299,
		0.947221,
		0,
		0.195689,
		0.980243,
		0.028804,
		0,
		0.059173,
		0.359375,
		0.373284,
		1
	},
	[0.533333333333] = {
		-0.999866,
		0.004681,
		-0.01568,
		0,
		0.008557,
		0.96633,
		-0.257165,
		0,
		0.013948,
		-0.257265,
		-0.96624,
		0,
		-0.045592,
		0.430881,
		-0.427956,
		1
	},
	[0.566666666667] = {
		-0.857015,
		-0.37544,
		0.352945,
		0,
		-0.51229,
		0.694601,
		-0.505062,
		0,
		-0.055536,
		-0.613656,
		-0.787618,
		0,
		-0.144886,
		0.262865,
		-0.564248,
		1
	},
	[0.5] = {
		-0.989552,
		0.037599,
		0.139185,
		0,
		0.075733,
		0.957037,
		0.279901,
		0,
		-0.122681,
		0.287517,
		-0.949886,
		0,
		0.011479,
		0.605137,
		-0.154094,
		1
	},
	[0.633333333333] = {
		-0.852652,
		-0.374621,
		0.364202,
		0,
		-0.519807,
		0.678637,
		-0.518895,
		0,
		-0.052772,
		-0.631752,
		-0.773372,
		0,
		-0.147284,
		0.261774,
		-0.565265,
		1
	},
	[0.666666666667] = {
		-0.855034,
		-0.37349,
		0.359753,
		0,
		-0.514961,
		0.693262,
		-0.504186,
		0,
		-0.061095,
		-0.616355,
		-0.785095,
		0,
		-0.148298,
		0.261021,
		-0.56423,
		1
	},
	[0.6] = {
		-0.841798,
		-0.371652,
		0.391473,
		0,
		-0.538269,
		0.632396,
		-0.557084,
		0,
		-0.040524,
		-0.679669,
		-0.732398,
		0,
		-0.147263,
		0.261709,
		-0.568109,
		1
	},
	[0.733333333333] = {
		-0.800304,
		-0.360796,
		0.478895,
		0,
		-0.55317,
		0.752437,
		-0.357548,
		0,
		-0.231337,
		-0.551058,
		-0.80176,
		0,
		-0.129782,
		0.228015,
		-0.569804,
		1
	},
	[0.766666666667] = {
		-0.753725,
		-0.33769,
		0.563794,
		0,
		-0.500983,
		0.850472,
		-0.160356,
		0,
		-0.42534,
		-0.403316,
		-0.810199,
		0,
		-0.106783,
		0.193648,
		-0.572362,
		1
	},
	[0.7] = {
		-0.834403,
		-0.369556,
		0.408901,
		0,
		-0.541383,
		0.68864,
		-0.482368,
		0,
		-0.103324,
		-0.623861,
		-0.774675,
		0,
		-0.144539,
		0.251467,
		-0.56704,
		1
	},
	[0.833333333333] = {
		-0.635045,
		-0.221136,
		0.740146,
		0,
		-0.071826,
		0.970902,
		0.228453,
		0,
		-0.769128,
		0.091916,
		-0.63245,
		0,
		-0.046736,
		0.104824,
		-0.575719,
		1
	},
	[0.866666666667] = {
		-0.573183,
		-0.126508,
		0.809603,
		0,
		0.24433,
		0.916683,
		0.316221,
		0,
		-0.782153,
		0.379063,
		-0.494517,
		0,
		-0.014927,
		0.057277,
		-0.576006,
		1
	},
	[0.8] = {
		-0.697166,
		-0.292322,
		0.654605,
		0,
		-0.340303,
		0.938604,
		0.056717,
		0,
		-0.630994,
		-0.183223,
		-0.753841,
		0,
		-0.078225,
		0.151473,
		-0.574436,
		1
	},
	[0.933333333333] = {
		-0.473236,
		0.099459,
		0.875303,
		0,
		0.71112,
		0.629589,
		0.312931,
		0,
		-0.519957,
		0.770536,
		-0.368671,
		0,
		0.038959,
		-0.025487,
		-0.573862,
		1
	},
	[0.966666666667] = {
		-0.443403,
		0.209828,
		0.871416,
		0,
		0.803003,
		0.524931,
		0.282194,
		0,
		-0.398221,
		0.824875,
		-0.401249,
		0,
		0.055477,
		-0.053215,
		-0.572126,
		1
	},
	[0.9] = {
		-0.517589,
		-0.016133,
		0.855477,
		0,
		0.523598,
		0.784788,
		0.331592,
		0,
		-0.676717,
		0.619555,
		-0.397751,
		0,
		0.01455,
		0.012578,
		-0.575303,
		1
	}
}

return spline_matrices
