-- chunkname: @content/characters/player/human/first_person/animations/combat_knife/heavy_swing_left.lua

local spline_matrices = {
	[0.0166666666667] = {
		0.256514,
		0.780073,
		-0.57069,
		0,
		0.070671,
		0.573728,
		0.815991,
		0,
		0.963953,
		-0.249644,
		0.092041,
		0,
		0.371158,
		0.277657,
		-0.175641,
		1,
	},
	[0.0333333333333] = {
		0.287328,
		0.767064,
		-0.573634,
		0,
		0.111432,
		0.568052,
		0.815414,
		0,
		0.951328,
		-0.298212,
		0.077742,
		0,
		0.396828,
		0.278331,
		-0.184106,
		1,
	},
	[0.05] = {
		0.311803,
		0.74996,
		-0.583385,
		0,
		0.149852,
		0.567496,
		0.809625,
		0,
		0.938255,
		-0.339865,
		0.064564,
		0,
		0.418329,
		0.27985,
		-0.190632,
		1,
	},
	[0.0666666666667] = {
		0.328803,
		0.728759,
		-0.600666,
		0,
		0.185886,
		0.573647,
		0.797732,
		0,
		0.925924,
		-0.373952,
		0.053151,
		0,
		0.434385,
		0.282368,
		-0.194723,
		1,
	},
	[0.0833333333333] = {
		0.342171,
		0.696539,
		-0.630677,
		0,
		0.233126,
		0.587276,
		0.775087,
		0,
		0.910259,
		-0.412239,
		0.038568,
		0,
		0.447149,
		0.287089,
		-0.197919,
		1,
	},
	[0] = {
		0.220526,
		0.788844,
		-0.573667,
		0,
		0.027625,
		0.582859,
		0.812104,
		0,
		0.97499,
		-0.194938,
		0.106743,
		0,
		0.342588,
		0.277645,
		-0.165734,
		1,
	},
	[0.116666666667] = {
		0.355921,
		0.589086,
		-0.725464,
		0,
		0.373389,
		0.621997,
		0.688259,
		0,
		0.85668,
		-0.515846,
		0.001424,
		0,
		0.470107,
		0.30436,
		-0.207378,
		1,
	},
	[0.133333333333] = {
		0.34876,
		0.522926,
		-0.777763,
		0,
		0.446845,
		0.636694,
		0.628451,
		0,
		0.82383,
		-0.566718,
		-0.011613,
		0,
		0.479132,
		0.315788,
		-0.213341,
		1,
	},
	[0.15] = {
		0.331193,
		0.455899,
		-0.826116,
		0,
		0.510677,
		0.649606,
		0.563223,
		0,
		0.793423,
		-0.608414,
		-0.017672,
		0,
		0.485857,
		0.328686,
		-0.219692,
		1,
	},
	[0.166666666667] = {
		0.305347,
		0.39355,
		-0.867111,
		0,
		0.557948,
		0.663972,
		0.49783,
		0,
		0.771659,
		-0.635814,
		-0.016838,
		0,
		0.489966,
		0.343012,
		-0.22601,
		1,
	},
	[0.183333333333] = {
		0.274545,
		0.34072,
		-0.899186,
		0,
		0.582892,
		0.684751,
		0.437439,
		0,
		0.764763,
		-0.644225,
		-0.010608,
		0,
		0.491224,
		0.358902,
		-0.231888,
		1,
	},
	[0.1] = {
		0.352807,
		0.648658,
		-0.674366,
		0,
		0.298912,
		0.604815,
		0.73814,
		0,
		0.886667,
		-0.461997,
		0.019491,
		0,
		0.459254,
		0.29464,
		-0.20216,
		1,
	},
	[0.216666666667] = {
		0.173712,
		0.295699,
		-0.939354,
		0,
		0.558141,
		0.756306,
		0.341292,
		0,
		0.811359,
		-0.583578,
		-0.033662,
		0,
		0.484444,
		0.395403,
		-0.239863,
		1,
	},
	[0.233333333333] = {
		0.121881,
		0.296762,
		-0.947142,
		0,
		0.479964,
		0.817644,
		0.31795,
		0,
		0.86878,
		-0.493346,
		-0.04278,
		0,
		0.475982,
		0.414911,
		-0.242037,
		1,
	},
	[0.25] = {
		0.062571,
		0.314987,
		-0.947031,
		0,
		0.282812,
		0.904401,
		0.319494,
		0,
		0.957132,
		-0.287822,
		-0.032493,
		0,
		0.428103,
		0.443849,
		-0.225994,
		1,
	},
	[0.266666666667] = {
		-0.014032,
		0.333589,
		-0.942614,
		0,
		-0.055843,
		0.940974,
		0.33384,
		0,
		0.998341,
		0.057323,
		0.005425,
		0,
		0.327606,
		0.479682,
		-0.18683,
		1,
	},
	[0.283333333333] = {
		-0.101696,
		0.334152,
		-0.937017,
		0,
		-0.41536,
		0.84161,
		0.345208,
		0,
		0.903955,
		0.424305,
		0.053205,
		0,
		0.209947,
		0.508566,
		-0.141549,
		1,
	},
	[0.2] = {
		0.224859,
		0.310426,
		-0.92362,
		0,
		0.588081,
		0.712554,
		0.382658,
		0,
		0.776916,
		-0.629208,
		-0.022332,
		0,
		0.489399,
		0.376475,
		-0.236426,
		1,
	},
	[0.316666666667] = {
		-0.319461,
		0.311964,
		-0.894775,
		0,
		-0.815162,
		0.390993,
		0.427358,
		0,
		0.483172,
		0.865911,
		0.129394,
		0,
		-0.00676,
		0.517854,
		-0.08836,
		1,
	},
	[0.333333333333] = {
		-0.442019,
		0.243548,
		-0.863309,
		0,
		-0.879877,
		0.069462,
		0.470098,
		0,
		0.174459,
		0.967398,
		0.183589,
		0,
		-0.115515,
		0.496498,
		-0.080317,
		1,
	},
	[0.35] = {
		-0.453742,
		0.10098,
		-0.885393,
		0,
		-0.872196,
		-0.254061,
		0.418003,
		0,
		-0.182734,
		0.961902,
		0.203352,
		0,
		-0.184911,
		0.449728,
		-0.071615,
		1,
	},
	[0.366666666667] = {
		-0.39637,
		-0.003127,
		-0.918086,
		0,
		-0.796975,
		-0.495252,
		0.345769,
		0,
		-0.455765,
		0.868744,
		0.193811,
		0,
		-0.237802,
		0.379964,
		-0.070722,
		1,
	},
	[0.383333333333] = {
		-0.349734,
		0.013032,
		-0.936758,
		0,
		-0.733543,
		-0.625784,
		0.265159,
		0,
		-0.582753,
		0.779888,
		0.228417,
		0,
		-0.297709,
		0.294914,
		-0.086475,
		1,
	},
	[0.3] = {
		-0.18748,
		0.325151,
		-0.926892,
		0,
		-0.670195,
		0.64752,
		0.362707,
		0,
		0.718116,
		0.689198,
		0.096518,
		0,
		0.104768,
		0.523175,
		-0.10542,
		1,
	},
	[0.416666666667] = {
		-0.271978,
		0.120633,
		-0.954712,
		0,
		-0.580574,
		-0.81178,
		0.062821,
		0,
		-0.767439,
		0.571367,
		0.290822,
		0,
		-0.391282,
		0.114386,
		-0.151071,
		1,
	},
	[0.433333333333] = {
		-0.262726,
		0.146733,
		-0.953648,
		0,
		-0.503696,
		-0.863861,
		0.005848,
		0,
		-0.822961,
		0.481885,
		0.300868,
		0,
		-0.412631,
		0.054046,
		-0.182068,
		1,
	},
	[0.45] = {
		-0.296913,
		0.112602,
		-0.948242,
		0,
		-0.465973,
		-0.883851,
		0.04095,
		0,
		-0.833494,
		0.454013,
		0.314897,
		0,
		-0.424873,
		0.029438,
		-0.196084,
		1,
	},
	[0.466666666667] = {
		-0.344015,
		0.043971,
		-0.937934,
		0,
		-0.440342,
		-0.889802,
		0.119794,
		0,
		-0.829308,
		0.454223,
		0.325467,
		0,
		-0.433742,
		0.004964,
		-0.206191,
		1,
	},
	[0.483333333333] = {
		-0.398743,
		-0.048527,
		-0.915778,
		0,
		-0.421024,
		-0.877453,
		0.229816,
		0,
		-0.814704,
		0.477202,
		0.329448,
		0,
		-0.439266,
		-0.01851,
		-0.213081,
		1,
	},
	[0.4] = {
		-0.314243,
		0.069498,
		-0.946795,
		0,
		-0.670672,
		-0.722106,
		0.169592,
		0,
		-0.671901,
		0.688282,
		0.273527,
		0,
		-0.354042,
		0.204158,
		-0.113252,
		1,
	},
	[0.516666666667] = {
		-0.501969,
		-0.260162,
		-0.824829,
		0,
		-0.386421,
		-0.785742,
		0.482999,
		0,
		-0.773761,
		0.561181,
		0.293886,
		0,
		-0.43904,
		-0.058575,
		-0.220119,
		1,
	},
	[0.533333333333] = {
		-0.545739,
		-0.355095,
		-0.758997,
		0,
		-0.362377,
		-0.716684,
		0.595858,
		0,
		-0.755547,
		0.600226,
		0.262444,
		0,
		-0.430955,
		-0.073613,
		-0.222544,
		1,
	},
	[0.55] = {
		-0.58624,
		-0.428877,
		-0.687304,
		0,
		-0.316459,
		-0.659747,
		0.681607,
		0,
		-0.745772,
		0.617089,
		0.251048,
		0,
		-0.417625,
		-0.08494,
		-0.226084,
		1,
	},
	[0.566666666667] = {
		-0.622763,
		-0.477337,
		-0.619932,
		0,
		-0.240044,
		-0.63756,
		0.73205,
		0,
		-0.744678,
		0.604704,
		0.282466,
		0,
		-0.399569,
		-0.092818,
		-0.2319,
		1,
	},
	[0.583333333333] = {
		-0.654689,
		-0.499835,
		-0.567051,
		0,
		-0.139045,
		-0.657736,
		0.740304,
		0,
		-0.743,
		0.563515,
		0.361113,
		0,
		-0.377378,
		-0.097714,
		-0.241038,
		1,
	},
	[0.5] = {
		-0.456776,
		-0.152417,
		-0.876428,
		0,
		-0.402252,
		-0.843349,
		0.356309,
		0,
		-0.793442,
		0.515298,
		0.323911,
		0,
		-0.441504,
		-0.039957,
		-0.217513,
		1,
	},
	[0.616666666667] = {
		-0.709787,
		-0.468773,
		-0.525788,
		0,
		0.105333,
		-0.808657,
		0.578774,
		0,
		-0.696496,
		0.355424,
		0.623352,
		0,
		-0.323542,
		-0.101307,
		-0.272117,
		1,
	},
	[0.633333333333] = {
		-0.74134,
		-0.421372,
		-0.522361,
		0,
		0.224559,
		-0.889208,
		0.3986,
		0,
		-0.632446,
		0.178197,
		0.753828,
		0,
		-0.293862,
		-0.102579,
		-0.29359,
		1,
	},
	[0.65] = {
		-0.775689,
		-0.354466,
		-0.522168,
		0,
		0.322366,
		-0.933833,
		0.155038,
		0,
		-0.542574,
		-0.048068,
		0.838632,
		0,
		-0.263313,
		-0.103624,
		-0.31822,
		1,
	},
	[0.666666666667] = {
		-0.81091,
		-0.268734,
		-0.519815,
		0,
		0.387449,
		-0.912277,
		-0.132791,
		0,
		-0.43853,
		-0.309083,
		0.843895,
		0,
		-0.232526,
		-0.104087,
		-0.345406,
		1,
	},
	[0.683333333333] = {
		-0.8443,
		-0.165933,
		-0.509532,
		0,
		0.416415,
		-0.801626,
		-0.428947,
		0,
		-0.337278,
		-0.574337,
		0.74591,
		0,
		-0.202084,
		-0.103563,
		-0.374463,
		1,
	},
	[0.6] = {
		-0.682166,
		-0.496229,
		-0.537035,
		0,
		-0.020574,
		-0.721143,
		0.692481,
		0,
		-0.730908,
		0.483436,
		0.48173,
		0,
		-0.351701,
		-0.100066,
		-0.254369,
		1,
	},
	[0.716666666667] = {
		-0.892504,
		0.074877,
		-0.444781,
		0,
		0.402231,
		-0.314048,
		-0.859991,
		0,
		-0.204076,
		-0.94645,
		0.250172,
		0,
		-0.144144,
		-0.098083,
		-0.434881,
		1,
	},
	[0.733333333333] = {
		-0.901243,
		0.200302,
		-0.38424,
		0,
		0.393115,
		0.004957,
		-0.919476,
		0,
		-0.182268,
		-0.979722,
		-0.083209,
		0,
		-0.117353,
		-0.092714,
		-0.464353,
		1,
	},
	[0.75] = {
		-0.89732,
		0.319043,
		-0.305004,
		0,
		0.402951,
		0.310131,
		-0.861074,
		0,
		-0.180128,
		-0.895562,
		-0.406845,
		0,
		-0.092391,
		-0.085655,
		-0.492043,
		1,
	},
	[0.766666666667] = {
		-0.880802,
		0.424194,
		-0.210351,
		0,
		0.436691,
		0.556081,
		-0.70716,
		0,
		-0.183001,
		-0.714726,
		-0.675039,
		0,
		-0.069533,
		-0.077221,
		-0.517101,
		1,
	},
	[0.783333333333] = {
		-0.853241,
		0.510765,
		-0.105349,
		0,
		0.490016,
		0.716033,
		-0.497173,
		0,
		-0.178505,
		-0.475831,
		-0.861232,
		0,
		-0.049082,
		-0.067878,
		-0.538855,
		1,
	},
	[0.7] = {
		-0.872608,
		-0.049566,
		-0.4859,
		0,
		0.416159,
		-0.596211,
		-0.686545,
		0,
		-0.25567,
		-0.801296,
		0.540886,
		0,
		-0.172489,
		-0.10166,
		-0.404592,
		1,
	},
	[0.816666666667] = {
		-0.776008,
		0.620419,
		0.113537,
		0,
		0.61628,
		0.784154,
		-0.072808,
		0,
		-0.134202,
		0.01347,
		-0.990862,
		0,
		-0.017045,
		-0.048517,
		-0.570673,
		1,
	},
	[0.833333333333] = {
		-0.732491,
		0.64486,
		0.218203,
		0,
		0.672502,
		0.735235,
		0.084684,
		0,
		-0.105821,
		0.208772,
		-0.972222,
		0,
		-0.006514,
		-0.0394,
		-0.580181,
		1,
	},
	[0.85] = {
		-0.689328,
		0.652047,
		0.315692,
		0,
		0.719118,
		0.668639,
		0.189186,
		0,
		-0.087726,
		0.357431,
		-0.92981,
		0,
		-0.000461,
		-0.031103,
		-0.585159,
		1,
	},
	[0.866666666667] = {
		-0.64853,
		0.644723,
		0.40465,
		0,
		0.75563,
		0.609419,
		0.240066,
		0,
		-0.091825,
		0.461455,
		-0.882398,
		0,
		0.000446,
		-0.023846,
		-0.585412,
		1,
	},
	[0.883333333333] = {
		-0.649309,
		0.643668,
		0.40508,
		0,
		0.754889,
		0.610191,
		0.240436,
		0,
		-0.092415,
		0.461907,
		-0.882101,
		0,
		0.000459,
		-0.023471,
		-0.585427,
		1,
	},
	[0.8] = {
		-0.817273,
		0.576235,
		0.004342,
		0,
		0.553208,
		0.786678,
		-0.274042,
		0,
		-0.161328,
		-0.221565,
		-0.961708,
		0,
		-0.031425,
		-0.058146,
		-0.556821,
		1,
	},
	[0.916666666667] = {
		-0.650978,
		0.641463,
		0.405898,
		0,
		0.753295,
		0.611876,
		0.241153,
		0,
		-0.093668,
		0.462746,
		-0.881528,
		0,
		0.000494,
		-0.022751,
		-0.585456,
		1,
	},
	[0.933333333333] = {
		-0.651867,
		0.640317,
		0.40628,
		0,
		0.752443,
		0.612789,
		0.241494,
		0,
		-0.094331,
		0.463124,
		-0.881259,
		0,
		0.000515,
		-0.022412,
		-0.585469,
		1,
	},
	[0.95] = {
		-0.652792,
		0.639145,
		0.40664,
		0,
		0.751555,
		0.61375,
		0.241819,
		0,
		-0.095018,
		0.463469,
		-0.881004,
		0,
		0.000539,
		-0.02209,
		-0.585481,
		1,
	},
	[0.966666666667] = {
		-0.653751,
		0.637951,
		0.406974,
		0,
		0.75063,
		0.61476,
		0.242124,
		0,
		-0.095728,
		0.463776,
		-0.880766,
		0,
		0.000565,
		-0.02179,
		-0.585492,
		1,
	},
	[0.983333333333] = {
		-0.654744,
		0.636736,
		0.40728,
		0,
		0.74967,
		0.61582,
		0.242407,
		0,
		-0.096462,
		0.46404,
		-0.880546,
		0,
		0.000594,
		-0.021513,
		-0.585503,
		1,
	},
	[0.9] = {
		-0.650125,
		0.642581,
		0.405497,
		0,
		0.754111,
		0.61101,
		0.240799,
		0,
		-0.09303,
		0.462339,
		-0.88181,
		0,
		0.000475,
		-0.023105,
		-0.585442,
		1,
	},
	[1.01666666667] = {
		-0.656828,
		0.634255,
		0.407796,
		0,
		0.747645,
		0.618087,
		0.242889,
		0,
		-0.098,
		0.464423,
		-0.880175,
		0,
		0.000656,
		-0.021044,
		-0.585519,
		1,
	},
	[1.03333333333] = {
		-0.657918,
		0.632993,
		0.407999,
		0,
		0.74658,
		0.619297,
		0.243083,
		0,
		-0.098803,
		0.464532,
		-0.880027,
		0,
		0.00069,
		-0.020857,
		-0.585526,
		1,
	},
	[1.05] = {
		-0.659039,
		0.631721,
		0.408162,
		0,
		0.745481,
		0.620558,
		0.24324,
		0,
		-0.099628,
		0.464581,
		-0.879908,
		0,
		0.000726,
		-0.020706,
		-0.585531,
		1,
	},
	[1.06666666667] = {
		-0.660189,
		0.630441,
		0.408282,
		0,
		0.744349,
		0.621871,
		0.243356,
		0,
		-0.100477,
		0.464565,
		-0.87982,
		0,
		0.000763,
		-0.020594,
		-0.585535,
		1,
	},
	[1.08333333333] = {
		-0.661369,
		0.629156,
		0.408356,
		0,
		0.743183,
		0.623235,
		0.243429,
		0,
		-0.101347,
		0.464479,
		-0.879766,
		0,
		0.000801,
		-0.020524,
		-0.585538,
		1,
	},
	{
		-0.65577,
		0.635503,
		0.407555,
		0,
		0.748675,
		0.616928,
		0.242663,
		0,
		-0.097219,
		0.464257,
		-0.880349,
		0,
		0.000624,
		-0.021264,
		-0.585512,
		1,
	},
	[1.1] = {
		-0.662576,
		0.627867,
		0.408381,
		0,
		0.741984,
		0.624653,
		0.243454,
		0,
		-0.10224,
		0.464319,
		-0.879747,
		0,
		0.00084,
		-0.020499,
		-0.585539,
		1,
	},
}

return spline_matrices
