-- chunkname: @content/characters/player/human/first_person/animations/combat_knife/heavy_swing_down_left.lua

local spline_matrices = {
	[0.0166666666667] = {
		-0.936092,
		-0.255321,
		0.241955,
		0,
		0.34081,
		-0.828573,
		0.444201,
		0,
		0.087064,
		0.498274,
		0.862637,
		0,
		0.462773,
		-0.222499,
		0.247276,
		1
	},
	[0.0333333333333] = {
		-0.930472,
		-0.27306,
		0.244256,
		0,
		0.360764,
		-0.799028,
		0.481045,
		0,
		0.063814,
		0.535717,
		0.841983,
		0,
		0.463968,
		-0.215254,
		0.255407,
		1
	},
	[0.05] = {
		-0.923875,
		-0.29227,
		0.247051,
		0,
		0.380817,
		-0.765999,
		0.517904,
		0,
		0.037873,
		0.572559,
		0.818988,
		0,
		0.464564,
		-0.203333,
		0.266295,
		1
	},
	[0.0666666666667] = {
		-0.916356,
		-0.31222,
		0.250621,
		0,
		0.400244,
		-0.729822,
		0.554225,
		0,
		0.009869,
		0.608176,
		0.793741,
		0,
		0.46445,
		-0.187101,
		0.279242,
		1
	},
	[0.0833333333333] = {
		-0.90805,
		-0.332162,
		0.255173,
		0,
		0.418408,
		-0.690988,
		0.589466,
		0,
		-0.019477,
		0.642032,
		0.766431,
		0,
		0.463504,
		-0.166955,
		0.293502,
		1
	},
	[0] = {
		-0.940751,
		-0.239758,
		0.239798,
		0,
		0.321742,
		-0.854451,
		0.407917,
		0,
		0.107094,
		0.460901,
		0.880966,
		0,
		0.461059,
		-0.224654,
		0.242521,
		1
	},
	[0.116666666667] = {
		-0.890058,
		-0.36902,
		0.267621,
		0,
		0.44897,
		-0.608063,
		0.654741,
		0,
		-0.078882,
		0.702911,
		0.70689,
		0,
		0.458746,
		-0.116969,
		0.322923,
		1
	},
	[0.133333333333] = {
		-0.881061,
		-0.384487,
		0.275503,
		0,
		0.46071,
		-0.565643,
		0.683955,
		0,
		-0.107136,
		0.729533,
		0.675503,
		0,
		0.454864,
		-0.088472,
		0.336685,
		1
	},
	[0.15] = {
		-0.872628,
		-0.397074,
		0.284345,
		0,
		0.46988,
		-0.523849,
		0.710489,
		0,
		-0.133163,
		0.753601,
		0.643703,
		0,
		0.450036,
		-0.058737,
		0.349071,
		1
	},
	[0.166666666667] = {
		-0.865231,
		-0.406159,
		0.293955,
		0,
		0.476484,
		-0.483695,
		0.734168,
		0,
		-0.156004,
		0.77529,
		0.612036,
		0,
		0.444378,
		-0.028682,
		0.359727,
		1
	},
	[0.183333333333] = {
		-0.859247,
		-0.411271,
		0.304222,
		0,
		0.480756,
		-0.445945,
		0.754988,
		0,
		-0.174838,
		0.794978,
		0.580898,
		0,
		0.438077,
		0.000932,
		0.368472,
		1
	},
	[0.1] = {
		-0.899182,
		-0.351341,
		0.260828,
		0,
		0.434783,
		-0.650141,
		0.623121,
		0,
		-0.049353,
		0.673703,
		0.737352,
		0,
		0.461623,
		-0.143376,
		0.308309,
		1
	},
	[0.216666666667] = {
		-0.852921,
		-0.407675,
		0.326077,
		0,
		0.483377,
		-0.380836,
		0.788233,
		0,
		-0.197161,
		0.829919,
		0.521884,
		0,
		0.424345,
		0.055865,
		0.380281,
		1
	},
	[0.233333333333] = {
		-0.855962,
		-0.39328,
		0.335648,
		0,
		0.481904,
		-0.371618,
		0.793517,
		0,
		-0.187342,
		0.84097,
		0.507614,
		0,
		0.416293,
		0.079974,
		0.38039,
		1
	},
	[0.25] = {
		-0.864829,
		-0.366589,
		0.343051,
		0,
		0.478179,
		-0.393163,
		0.785346,
		0,
		-0.153024,
		0.84323,
		0.515313,
		0,
		0.407188,
		0.102165,
		0.377397,
		1
	},
	[0.266666666667] = {
		-0.876239,
		-0.331229,
		0.349989,
		0,
		0.470838,
		-0.433943,
		0.768118,
		0,
		-0.102548,
		0.837843,
		0.536193,
		0,
		0.397125,
		0.123333,
		0.371965,
		1
	},
	[0.283333333333] = {
		-0.88734,
		-0.290794,
		0.357864,
		0,
		0.458982,
		-0.482429,
		0.746054,
		0,
		-0.044304,
		0.826257,
		0.561548,
		0,
		0.386215,
		0.144368,
		0.364745,
		1
	},
	[0.2] = {
		-0.855016,
		-0.41196,
		0.315018,
		0,
		0.482988,
		-0.411339,
		0.772996,
		0,
		-0.188864,
		0.813074,
		0.550673,
		0,
		0.431335,
		0.029384,
		0.375278,
		1
	},
	[0.316666666667] = {
		-0.902041,
		-0.208703,
		0.377842,
		0,
		0.426747,
		-0.562736,
		0.707966,
		0,
		0.064871,
		0.799857,
		0.596674,
		0,
		0.362541,
		0.188879,
		0.347426,
		1
	},
	[0.333333333333] = {
		-0.904968,
		-0.17309,
		0.388681,
		0,
		0.412789,
		-0.578623,
		0.703421,
		0,
		0.103145,
		0.797017,
		0.595085,
		0,
		0.350158,
		0.213416,
		0.338441,
		1
	},
	[0.35] = {
		-0.905718,
		-0.14426,
		0.398578,
		0,
		0.405539,
		-0.568524,
		0.715765,
		0,
		0.123345,
		0.80992,
		0.573425,
		0,
		0.337637,
		0.24014,
		0.329924,
		1
	},
	[0.366666666667] = {
		-0.905153,
		-0.124267,
		0.406516,
		0,
		0.407989,
		-0.522447,
		0.748728,
		0,
		0.119341,
		0.843568,
		0.523595,
		0,
		0.32512,
		0.269794,
		0.322402,
		1
	},
	[0.383333333333] = {
		-0.904135,
		-0.11456,
		0.411602,
		0,
		0.418792,
		-0.42835,
		0.800706,
		0,
		0.084581,
		0.896321,
		0.435263,
		0,
		0.313402,
		0.301785,
		0.31751,
		1
	},
	[0.3] = {
		-0.896212,
		-0.248856,
		0.367253,
		0,
		0.443411,
		-0.528244,
		0.724116,
		0,
		0.013798,
		0.811806,
		0.583764,
		0,
		0.374622,
		0.166023,
		0.356371,
		1
	},
	[0.416666666667] = {
		-0.889071,
		-0.169055,
		0.425409,
		0,
		0.405668,
		0.139611,
		0.903295,
		0,
		-0.212099,
		0.975668,
		-0.055544,
		0,
		0.264181,
		0.440716,
		0.295163,
		1
	},
	[0.433333333333] = {
		-0.859251,
		-0.2061,
		0.4682,
		0,
		0.268417,
		0.59749,
		0.755618,
		0,
		-0.435478,
		0.774938,
		-0.458073,
		0,
		0.193127,
		0.577792,
		0.237031,
		1
	},
	[0.45] = {
		-0.838393,
		-0.148548,
		0.524433,
		0,
		0.110528,
		0.895825,
		0.430443,
		0,
		-0.533742,
		0.418845,
		-0.734635,
		0,
		0.106953,
		0.685727,
		0.143299,
		1
	},
	[0.466666666667] = {
		-0.837589,
		-0.085697,
		0.539538,
		0,
		-0.038832,
		0.994461,
		0.097671,
		0,
		-0.544919,
		0.060857,
		-0.836277,
		0,
		0.014059,
		0.741425,
		0.028342,
		1
	},
	[0.483333333333] = {
		-0.853356,
		-0.14149,
		0.501761,
		0,
		-0.109222,
		0.989628,
		0.093307,
		0,
		-0.509759,
		0.02482,
		-0.859959,
		0,
		-0.057625,
		0.732575,
		-0.062119,
		1
	},
	[0.4] = {
		-0.90203,
		-0.118181,
		0.41518,
		0,
		0.431607,
		-0.263599,
		0.862688,
		0,
		0.007488,
		0.957366,
		0.288782,
		0,
		0.302729,
		0.338264,
		0.31607,
		1
	},
	[0.516666666667] = {
		-0.795138,
		-0.056835,
		0.603759,
		0,
		-0.326542,
		0.879065,
		-0.347298,
		0,
		-0.511005,
		-0.473303,
		-0.717537,
		0,
		-0.230491,
		0.617619,
		-0.364123,
		1
	},
	[0.533333333333] = {
		-0.752546,
		0.131912,
		0.645193,
		0,
		-0.468923,
		0.580546,
		-0.665641,
		0,
		-0.46237,
		-0.803471,
		-0.375031,
		0,
		-0.303531,
		0.532519,
		-0.517156,
		1
	},
	[0.55] = {
		-0.743295,
		0.199023,
		0.638673,
		0,
		-0.514457,
		0.440199,
		-0.735907,
		0,
		-0.427606,
		-0.875565,
		-0.224809,
		0,
		-0.303963,
		0.490678,
		-0.539932,
		1
	},
	[0.566666666667] = {
		-0.74032,
		0.226226,
		0.633047,
		0,
		-0.530813,
		0.38112,
		-0.756958,
		0,
		-0.41251,
		-0.896421,
		-0.162067,
		0,
		-0.298753,
		0.453404,
		-0.553506,
		1
	},
	[0.583333333333] = {
		-0.74006,
		0.226306,
		0.633323,
		0,
		-0.529587,
		0.384351,
		-0.756182,
		0,
		-0.414547,
		-0.895019,
		-0.164594,
		0,
		-0.289169,
		0.421003,
		-0.560541,
		1
	},
	[0.5] = {
		-0.851592,
		-0.187265,
		0.489615,
		0,
		-0.17114,
		0.982156,
		0.077984,
		0,
		-0.495482,
		-0.017382,
		-0.868445,
		0,
		-0.124816,
		0.698009,
		-0.164068,
		1
	},
	[0.616666666667] = {
		-0.74468,
		0.181169,
		0.642363,
		0,
		-0.49724,
		0.491404,
		-0.715035,
		0,
		-0.445202,
		-0.85188,
		-0.275854,
		0,
		-0.261851,
		0.367494,
		-0.561859,
		1
	},
	[0.633333333333] = {
		-0.748488,
		0.152757,
		0.645315,
		0,
		-0.47656,
		0.552786,
		-0.683607,
		0,
		-0.461147,
		-0.819203,
		-0.340956,
		0,
		-0.246698,
		0.344593,
		-0.559389,
		1
	},
	[0.65] = {
		-0.751391,
		0.132704,
		0.646376,
		0,
		-0.462586,
		0.592617,
		-0.659409,
		0,
		-0.470559,
		-0.794478,
		-0.3839,
		0,
		-0.232466,
		0.323493,
		-0.557395,
		1
	},
	[0.666666666667] = {
		-0.751216,
		0.130757,
		0.646976,
		0,
		-0.464183,
		0.592203,
		-0.658658,
		0,
		-0.469265,
		-0.795109,
		-0.384177,
		0,
		-0.220668,
		0.303914,
		-0.558026,
		1
	},
	[0.683333333333] = {
		-0.74794,
		0.141821,
		0.648438,
		0,
		-0.468388,
		0.579429,
		-0.666989,
		0,
		-0.470317,
		-0.802589,
		-0.366951,
		0,
		-0.210111,
		0.284591,
		-0.56079,
		1
	},
	[0.6] = {
		-0.741609,
		0.208583,
		0.637581,
		0,
		-0.516843,
		0.428244,
		-0.74127,
		0,
		-0.427657,
		-0.879261,
		-0.209785,
		0,
		-0.276449,
		0.392696,
		-0.562813,
		1
	},
	[0.716666666667] = {
		-0.736445,
		0.168884,
		0.655078,
		0,
		-0.430679,
		0.629708,
		-0.646516,
		0,
		-0.521694,
		-0.758252,
		-0.391011,
		0,
		-0.186641,
		0.243673,
		-0.566961,
		1
	},
	[0.733333333333] = {
		-0.728554,
		0.186457,
		0.659123,
		0,
		-0.387162,
		0.681707,
		-0.620791,
		0,
		-0.565079,
		-0.707467,
		-0.424471,
		0,
		-0.174034,
		0.221625,
		-0.570486,
		1
	},
	[0.75] = {
		-0.71953,
		0.207174,
		0.662839,
		0,
		-0.32526,
		0.742769,
		-0.585235,
		0,
		-0.613582,
		-0.636689,
		-0.467059,
		0,
		-0.16102,
		0.19869,
		-0.574119,
		1
	},
	[0.766666666667] = {
		-0.709651,
		0.231125,
		0.665564,
		0,
		-0.24419,
		0.805424,
		-0.540059,
		0,
		-0.660883,
		-0.545778,
		-0.515131,
		0,
		-0.147723,
		0.175117,
		-0.577682,
		1
	},
	[0.783333333333] = {
		-0.699241,
		0.258242,
		0.666613,
		0,
		-0.144681,
		0.862058,
		-0.485719,
		0,
		-0.700092,
		-0.436081,
		-0.565424,
		0,
		-0.134268,
		0.151173,
		-0.581009,
		1
	},
	[0.7] = {
		-0.742965,
		0.154256,
		0.651312,
		0,
		-0.457315,
		0.593547,
		-0.662243,
		0,
		-0.488739,
		-0.789878,
		-0.370441,
		0,
		-0.198717,
		0.264595,
		-0.563734,
		1
	},
	[0.816666666667] = {
		-0.678286,
		0.320728,
		0.661107,
		0,
		0.096387,
		0.930774,
		-0.352661,
		0,
		-0.728449,
		-0.175483,
		-0.662245,
		0,
		-0.107393,
		0.103356,
		-0.586417,
		1
	},
	[0.833333333333] = {
		-0.668501,
		0.354987,
		0.653521,
		0,
		0.226247,
		0.934153,
		-0.275991,
		0,
		-0.708462,
		-0.036643,
		-0.704797,
		0,
		-0.094243,
		0.080134,
		-0.588311,
		1
	},
	[0.85] = {
		-0.659663,
		0.39024,
		0.642306,
		0,
		0.352375,
		0.915466,
		-0.194304,
		0,
		-0.663835,
		0.098157,
		-0.74141,
		0,
		-0.081476,
		0.057836,
		-0.589607,
		1
	},
	[0.866666666667] = {
		-0.652086,
		0.42559,
		0.627421,
		0,
		0.467298,
		0.877302,
		-0.10942,
		0,
		-0.597006,
		0.221841,
		-0.770954,
		0,
		-0.069253,
		0.036829,
		-0.590313,
		1
	},
	[0.883333333333] = {
		-0.646061,
		0.460249,
		0.608914,
		0,
		0.564889,
		0.824815,
		-0.024088,
		0,
		-0.513328,
		0.328407,
		-0.79287,
		0,
		-0.057758,
		0.017278,
		-0.590488,
		1
	},
	[0.8] = {
		-0.68866,
		0.288263,
		0.665321,
		0,
		-0.029506,
		0.905676,
		-0.422942,
		0,
		-0.724484,
		-0.310893,
		-0.615197,
		0,
		-0.120781,
		0.127148,
		-0.583958,
		1
	},
	[0.916666666667] = {
		-0.639653,
		0.524622,
		0.561797,
		0,
		0.69587,
		0.705685,
		0.133318,
		0,
		-0.32651,
		0.476215,
		-0.816462,
		0,
		-0.037747,
		-0.017144,
		-0.589524,
		1
	},
	[0.933333333333] = {
		-0.639609,
		0.552906,
		0.534036,
		0,
		0.730165,
		0.654195,
		0.197199,
		0,
		-0.240332,
		0.516065,
		-0.822142,
		0,
		-0.029622,
		-0.031662,
		-0.58854,
		1
	},
	[0.95] = {
		-0.641824,
		0.577791,
		0.504203,
		0,
		0.74793,
		0.616814,
		0.245237,
		0,
		-0.169304,
		0.534507,
		-0.828033,
		0,
		-0.02302,
		-0.044166,
		-0.587339,
		1
	},
	[0.966666666667] = {
		-0.646365,
		0.59881,
		0.472905,
		0,
		0.753597,
		0.598131,
		0.272637,
		0,
		-0.119602,
		0.532603,
		-0.837872,
		0,
		-0.018147,
		-0.054509,
		-0.586015,
		1
	},
	[0.983333333333] = {
		-0.653275,
		0.615597,
		0.440764,
		0,
		0.751005,
		0.600716,
		0.274102,
		0,
		-0.096037,
		0.51008,
		-0.854749,
		0,
		-0.01521,
		-0.062555,
		-0.584661,
		1
	},
	[0.9] = {
		-0.641852,
		0.493512,
		0.586918,
		0,
		0.64137,
		0.765026,
		0.058126,
		0,
		-0.420322,
		0.41374,
		-0.807557,
		0,
		-0.047191,
		-0.000773,
		-0.590201,
		1
	},
	{
		-0.662576,
		0.627867,
		0.408381,
		0,
		0.741984,
		0.624653,
		0.243454,
		0,
		-0.10224,
		0.464319,
		-0.879747,
		0,
		-0.014417,
		-0.068183,
		-0.583364,
		1
	}
}

return spline_matrices
