local spline_matrices = {
	[0] = {
		-0.877477,
		0.377366,
		-0.296022,
		0,
		-0.344217,
		-0.065695,
		0.936589,
		0,
		0.333989,
		0.923731,
		0.187541,
		0,
		-0.279873,
		0.097219,
		-0.027522,
		1
	},
	{
		-0.544276,
		0.475758,
		-0.690954,
		0,
		0.728569,
		0.676375,
		-0.108186,
		0,
		0.415873,
		-0.562291,
		-0.714757,
		0,
		0.412049,
		0.208221,
		-0.30532,
		1
	},
	[0.0333333333333] = {
		-0.869653,
		0.310652,
		-0.383665,
		0,
		-0.433075,
		-0.107044,
		0.894979,
		0,
		0.236958,
		0.944477,
		0.227627,
		0,
		-0.284819,
		0.083128,
		-0.030452,
		1
	},
	[0.0666666666667] = {
		-0.840459,
		0.245573,
		-0.483035,
		0,
		-0.526202,
		-0.157029,
		0.835735,
		0,
		0.129384,
		0.956575,
		0.261198,
		0,
		-0.295541,
		0.05798,
		-0.02684,
		1
	},
	[0.133333333333] = {
		-0.602759,
		0.137733,
		-0.785946,
		0,
		-0.797924,
		-0.104009,
		0.593717,
		0,
		2.9e-05,
		0.984993,
		0.172592,
		0,
		-0.322216,
		0.012283,
		-0.013092,
		1
	},
	[0.166666666667] = {
		-0.485166,
		0.085843,
		-0.870198,
		0,
		-0.874221,
		-0.068944,
		0.480608,
		0,
		-0.018738,
		0.99392,
		0.108496,
		0,
		-0.330649,
		0.003214,
		-0.002285,
		1
	},
	[0.1] = {
		-0.735266,
		0.188779,
		-0.650958,
		0,
		-0.675965,
		-0.13403,
		0.724643,
		0,
		0.04955,
		0.97283,
		0.226155,
		0,
		-0.309922,
		0.033008,
		-0.021481,
		1
	},
	[0.233333333333] = {
		-0.46182,
		-0.081543,
		-0.883218,
		0,
		-0.885911,
		-0.006331,
		0.463812,
		0,
		-0.043412,
		0.99665,
		-0.069316,
		0,
		-0.341855,
		0.005529,
		0.043038,
		1
	},
	[0.266666666667] = {
		-0.527475,
		-0.130706,
		-0.839456,
		0,
		-0.847812,
		0.017447,
		0.530009,
		0,
		-0.054629,
		0.991268,
		-0.120017,
		0,
		-0.350506,
		0.020931,
		0.071692,
		1
	},
	[0.2] = {
		-0.437365,
		0.008253,
		-0.899246,
		0,
		-0.89887,
		-0.034362,
		0.436867,
		0,
		-0.027294,
		0.999375,
		0.022447,
		0,
		-0.336072,
		0.002105,
		0.016073,
		1
	},
	[0.333333333333] = {
		-0.760444,
		0.036193,
		-0.648394,
		0,
		-0.646486,
		-0.136724,
		0.750575,
		0,
		-0.061485,
		0.989948,
		0.127369,
		0,
		-0.374073,
		0.215704,
		0.113028,
		1
	},
	[0.366666666667] = {
		-0.647992,
		0.197137,
		-0.735693,
		0,
		-0.743015,
		0.048727,
		0.667498,
		0,
		0.167437,
		0.979164,
		0.114901,
		0,
		-0.298439,
		0.384044,
		0.11296,
		1
	},
	[0.3] = {
		-0.645373,
		-0.077017,
		-0.759975,
		0,
		-0.758754,
		-0.050301,
		0.649433,
		0,
		-0.088245,
		0.99576,
		-0.025974,
		0,
		-0.363574,
		0.093736,
		0.097715,
		1
	},
	[0.433333333333] = {
		-0.517298,
		-0.209028,
		-0.829886,
		0,
		-0.46654,
		0.881828,
		0.0687,
		0,
		0.717457,
		0.422713,
		-0.553687,
		0,
		0.369466,
		0.558178,
		-0.241991,
		1
	},
	[0.466666666667] = {
		-0.60187,
		-0.089167,
		-0.7936,
		0,
		-0.068718,
		0.995844,
		-0.059774,
		0,
		0.795632,
		0.018559,
		-0.605496,
		0,
		0.506888,
		0.461934,
		-0.330374,
		1
	},
	[0.4] = {
		-0.735944,
		0.034521,
		-0.676162,
		0,
		-0.654475,
		0.219428,
		0.723543,
		0,
		0.173346,
		0.975018,
		-0.138894,
		0,
		-0.117537,
		0.511107,
		0.075318,
		1
	},
	[0.533333333333] = {
		-0.629105,
		-0.07508,
		-0.773686,
		0,
		0.049854,
		0.989378,
		-0.136549,
		0,
		0.77572,
		-0.124475,
		-0.61868,
		0,
		0.584807,
		0.331364,
		-0.401352,
		1
	},
	[0.566666666667] = {
		-0.643254,
		-0.095407,
		-0.759686,
		0,
		0.015001,
		0.990445,
		-0.13709,
		0,
		0.765506,
		-0.099579,
		-0.635676,
		0,
		0.603088,
		0.272822,
		-0.422685,
		1
	},
	[0.5] = {
		-0.617348,
		-0.063273,
		-0.784141,
		0,
		0.046157,
		0.99213,
		-0.116395,
		0,
		0.785335,
		-0.10805,
		-0.609569,
		0,
		0.552123,
		0.401935,
		-0.369026,
		1
	},
	[0.633333333333] = {
		-0.679057,
		-0.048165,
		-0.732504,
		0,
		0.087037,
		0.985524,
		-0.145488,
		0,
		0.728908,
		-0.16255,
		-0.665035,
		0,
		0.607794,
		0.233792,
		-0.426568,
		1
	},
	[0.666666666667] = {
		-0.693071,
		0.002295,
		-0.720866,
		0,
		0.161809,
		0.974973,
		-0.152467,
		0,
		0.702474,
		-0.222313,
		-0.676097,
		0,
		0.598384,
		0.224273,
		-0.419234,
		1
	},
	[0.6] = {
		-0.661058,
		-0.088294,
		-0.745122,
		0,
		0.02306,
		0.990193,
		-0.137793,
		0,
		0.74998,
		-0.108272,
		-0.652539,
		0,
		0.609849,
		0.24338,
		-0.429775,
		1
	},
	[0.733333333333] = {
		-0.70044,
		0.123473,
		-0.70295,
		0,
		0.3292,
		0.929784,
		-0.164709,
		0,
		0.633254,
		-0.34678,
		-0.691905,
		0,
		0.563006,
		0.20798,
		-0.395724,
		1
	},
	[0.766666666667] = {
		-0.691699,
		0.187905,
		-0.697312,
		0,
		0.413606,
		0.894594,
		-0.169211,
		0,
		0.592016,
		-0.405456,
		-0.696508,
		0,
		0.539824,
		0.202367,
		-0.381291,
		1
	},
	[0.7] = {
		-0.70072,
		0.060518,
		-0.710865,
		0,
		0.243868,
		0.956695,
		-0.158942,
		0,
		0.670462,
		-0.284731,
		-0.685134,
		0,
		0.582992,
		0.215465,
		-0.408661,
		1
	},
	[0.833333333333] = {
		-0.651782,
		0.310452,
		-0.691954,
		0,
		0.565019,
		0.80738,
		-0.169977,
		0,
		0.505899,
		-0.501755,
		-0.701647,
		0,
		0.489683,
		0.198585,
		-0.35108,
		1
	},
	[0.866666666667] = {
		-0.623221,
		0.364338,
		-0.691992,
		0,
		0.628245,
		0.760196,
		-0.165561,
		0,
		0.46573,
		-0.537922,
		-0.702664,
		0,
		0.466171,
		0.199236,
		-0.337239,
		1
	},
	[0.8] = {
		-0.675065,
		0.250664,
		-0.69387,
		0,
		0.493108,
		0.852868,
		-0.171641,
		0,
		0.548755,
		-0.458021,
		-0.699346,
		0,
		0.514848,
		0.199093,
		-0.366225,
		1
	},
	[0.933333333333] = {
		-0.56827,
		0.442467,
		-0.693752,
		0,
		0.70402,
		0.697884,
		-0.131578,
		0,
		0.42594,
		-0.563187,
		-0.708093,
		0,
		0.427746,
		0.205169,
		-0.314937,
		1
	},
	[0.966666666667] = {
		-0.551826,
		0.464201,
		-0.692824,
		0,
		0.720078,
		0.684288,
		-0.115051,
		0,
		0.420684,
		-0.562376,
		-0.71187,
		0,
		0.415972,
		0.207382,
		-0.308003,
		1
	},
	[0.9] = {
		-0.591594,
		0.412,
		-0.693017,
		0,
		0.681017,
		0.715455,
		-0.156011,
		0,
		0.431546,
		-0.564252,
		-0.703838,
		0,
		0.445796,
		0.201913,
		-0.325245,
		1
	}
}

return spline_matrices
