-- chunkname: @content/characters/player/human/first_person/animations/combat_knife/heavy_swing_down.lua

local spline_matrices = {
	[0.0166666666667] = {
		-0.936212,
		-0.25512,
		0.241705,
		0,
		0.340434,
		-0.829099,
		0.443509,
		0,
		0.08725,
		0.497503,
		0.863063,
		0,
		0.471095,
		-0.237723,
		0.270567,
		1
	},
	[0.0333333333333] = {
		-0.930954,
		-0.27231,
		0.243251,
		0,
		0.359384,
		-0.801124,
		0.478584,
		0,
		0.064551,
		0.532961,
		0.843674,
		0,
		0.471285,
		-0.229227,
		0.277446,
		1
	},
	[0.05] = {
		-0.924967,
		-0.290716,
		0.244786,
		0,
		0.37799,
		-0.770643,
		0.513062,
		0,
		0.039487,
		0.567093,
		0.822707,
		0,
		0.470368,
		-0.215546,
		0.286446,
		1
	},
	[0.0666666666667] = {
		-0.918292,
		-0.309707,
		0.246618,
		0,
		0.395702,
		-0.737826,
		0.546839,
		0,
		0.012601,
		0.599745,
		0.800092,
		0,
		0.468399,
		-0.197378,
		0.297113,
		1
	},
	[0.0833333333333] = {
		-0.911037,
		-0.328645,
		0.249007,
		0,
		0.412033,
		-0.702903,
		0.57979,
		0,
		-0.015518,
		0.630809,
		0.775783,
		0,
		0.46543,
		-0.175426,
		0.308985,
		1
	},
	[0] = {
		-0.940751,
		-0.239758,
		0.239798,
		0,
		0.321742,
		-0.854451,
		0.407917,
		0,
		0.107094,
		0.460901,
		0.880966,
		0,
		0.469739,
		-0.24034,
		0.266254,
		1
	},
	[0.116666666667] = {
		-0.895543,
		-0.363801,
		0.256226,
		0,
		0.438962,
		-0.627935,
		0.642659,
		0,
		-0.072907,
		0.688002,
		0.722037,
		0,
		0.456731,
		-0.123013,
		0.334491,
		1
	},
	[0.133333333333] = {
		-0.88784,
		-0.378761,
		0.261304,
		0,
		0.448968,
		-0.588603,
		0.672291,
		0,
		-0.100833,
		0.714204,
		0.692637,
		0,
		0.45114,
		-0.093988,
		0.347194,
		1
	},
	[0.15] = {
		-0.880611,
		-0.391162,
		0.267427,
		0,
		0.456414,
		-0.548569,
		0.700541,
		0,
		-0.127323,
		0.738962,
		0.661608,
		0,
		0.444837,
		-0.064051,
		0.359248,
		1
	},
	[0.166666666667] = {
		-0.866962,
		-0.42678,
		0.257362,
		0,
		0.46108,
		-0.490861,
		0.73923,
		0,
		-0.18916,
		0.759549,
		0.622338,
		0,
		0.436207,
		-0.034967,
		0.370641,
		1
	},
	[0.183333333333] = {
		-0.849168,
		-0.466857,
		0.246898,
		0,
		0.461342,
		-0.428189,
		0.777057,
		0,
		-0.257055,
		0.773756,
		0.578985,
		0,
		0.421467,
		-0.008302,
		0.380741,
		1
	},
	[0.1] = {
		-0.903374,
		-0.346888,
		0.252158,
		0,
		0.426566,
		-0.66616,
		0.611778,
		0,
		-0.044241,
		0.660226,
		0.749763,
		0,
		0.461519,
		-0.1504,
		0.321599,
		1
	},
	[0.216666666667] = {
		-0.806019,
		-0.542749,
		0.23613,
		0,
		0.447631,
		-0.29795,
		0.843121,
		0,
		-0.387248,
		0.78527,
		0.483105,
		0,
		0.378232,
		0.037171,
		0.395173,
		1
	},
	[0.233333333333] = {
		-0.788436,
		-0.567172,
		0.238085,
		0,
		0.435744,
		-0.241797,
		0.866984,
		0,
		-0.434161,
		0.787306,
		0.437783,
		0,
		0.352101,
		0.056477,
		0.399598,
		1
	},
	[0.25] = {
		-0.780421,
		-0.575799,
		0.243718,
		0,
		0.423893,
		-0.200704,
		0.883195,
		0,
		-0.459628,
		0.792574,
		0.40071,
		0,
		0.324441,
		0.075096,
		0.403133,
		1
	},
	[0.266666666667] = {
		-0.783412,
		-0.567734,
		0.252872,
		0,
		0.413899,
		-0.173067,
		0.89372,
		0,
		-0.463631,
		0.804814,
		0.370567,
		0,
		0.296221,
		0.093909,
		0.405616,
		1
	},
	[0.283333333333] = {
		-0.797689,
		-0.541349,
		0.26577,
		0,
		0.40652,
		-0.157159,
		0.900024,
		0,
		-0.445459,
		0.82598,
		0.345433,
		0,
		0.268356,
		0.113901,
		0.406901,
		1
	},
	[0.2] = {
		-0.828121,
		-0.507001,
		0.239094,
		0,
		0.45673,
		-0.363,
		0.812175,
		0,
		-0.324982,
		0.781781,
		0.53217,
		0,
		0.401755,
		0.015809,
		0.38908,
		1
	},
	[0.316666666667] = {
		-0.855813,
		-0.414129,
		0.309971,
		0,
		0.404228,
		-0.161496,
		0.900288,
		0,
		-0.322776,
		0.895777,
		0.305613,
		0,
		0.213534,
		0.163115,
		0.404587,
		1
	},
	[0.333333333333] = {
		-0.888694,
		-0.300127,
		0.346623,
		0,
		0.410949,
		-0.186131,
		0.892455,
		0,
		-0.203332,
		0.935564,
		0.28875,
		0,
		0.18175,
		0.195908,
		0.399988,
		1
	},
	[0.35] = {
		-0.91006,
		-0.165134,
		0.38016,
		0,
		0.40913,
		-0.211052,
		0.887733,
		0,
		-0.066362,
		0.963425,
		0.259631,
		0,
		0.148333,
		0.233409,
		0.394009,
		1
	},
	[0.366666666667] = {
		-0.91786,
		-0.026561,
		0.396014,
		0,
		0.391976,
		-0.217391,
		0.893921,
		0,
		0.062346,
		0.975723,
		0.209946,
		0,
		0.115447,
		0.2743,
		0.387366,
		1
	},
	[0.383333333333] = {
		-0.920277,
		0.095343,
		0.379473,
		0,
		0.358381,
		-0.183798,
		0.915304,
		0,
		0.157014,
		0.978329,
		0.134976,
		0,
		0.085147,
		0.316933,
		0.380452,
		1
	},
	[0.3] = {
		-0.822293,
		-0.49388,
		0.282695,
		0,
		0.401504,
		-0.151479,
		0.903243,
		0,
		-0.403272,
		0.856234,
		0.322855,
		0,
		0.24171,
		0.13613,
		0.406855,
		1
	},
	[0.416666666667] = {
		-0.969998,
		0.168644,
		0.175112,
		0,
		0.194465,
		0.105946,
		0.975171,
		0,
		0.145904,
		0.979967,
		-0.135562,
		0,
		0.038376,
		0.392768,
		0.370925,
		1
	},
	[0.433333333333] = {
		-0.998398,
		0.056589,
		-0.000327,
		0,
		0.019192,
		0.344036,
		0.93876,
		0,
		0.053236,
		0.93725,
		-0.34457,
		0,
		0.020907,
		0.423048,
		0.361498,
		1
	},
	[0.45] = {
		-0.993406,
		-0.064383,
		-0.094861,
		0,
		-0.114556,
		0.524616,
		0.843596,
		0,
		-0.004548,
		0.848901,
		-0.528532,
		0,
		0.00538,
		0.472856,
		0.323263,
		1
	},
	[0.466666666667] = {
		-0.992042,
		-0.054218,
		-0.113632,
		0,
		-0.12204,
		0.635969,
		0.762003,
		0,
		0.030952,
		0.769807,
		-0.637525,
		0,
		-0.00681,
		0.575691,
		0.203002,
		1
	},
	[0.483333333333] = {
		-0.99769,
		-0.010173,
		-0.067171,
		0,
		-0.051419,
		0.759279,
		0.648731,
		0,
		0.044402,
		0.650686,
		-0.758048,
		0,
		0.004283,
		0.653034,
		0.067238,
		1
	},
	[0.4] = {
		-0.931079,
		0.176492,
		0.319285,
		0,
		0.307893,
		-0.089299,
		0.947221,
		0,
		0.195689,
		0.980243,
		0.028804,
		0,
		0.059173,
		0.359375,
		0.373284,
		1
	},
	[0.516666666667] = {
		-0.982562,
		0.185633,
		-0.010553,
		0,
		0.185648,
		0.982616,
		-0.000423,
		0,
		0.010291,
		-0.002375,
		-0.999944,
		0,
		0.019361,
		0.549741,
		-0.292453,
		1
	},
	[0.533333333333] = {
		-0.999866,
		0.004681,
		-0.01568,
		0,
		0.008557,
		0.96633,
		-0.257165,
		0,
		0.013948,
		-0.257265,
		-0.96624,
		0,
		-0.045592,
		0.430881,
		-0.427956,
		1
	},
	[0.55] = {
		-0.960772,
		-0.231261,
		0.153088,
		0,
		-0.275884,
		0.85343,
		-0.442204,
		0,
		-0.028385,
		-0.467092,
		-0.883753,
		0,
		-0.111859,
		0.31741,
		-0.527409,
		1
	},
	[0.566666666667] = {
		-0.857015,
		-0.37544,
		0.352945,
		0,
		-0.51229,
		0.694601,
		-0.505062,
		0,
		-0.055536,
		-0.613656,
		-0.787618,
		0,
		-0.144886,
		0.262865,
		-0.564248,
		1
	},
	[0.583333333333] = {
		-0.843945,
		-0.37231,
		0.38619,
		0,
		-0.534717,
		0.64136,
		-0.550213,
		0,
		-0.042838,
		-0.670852,
		-0.740353,
		0,
		-0.146584,
		0.26204,
		-0.567578,
		1
	},
	[0.5] = {
		-0.989552,
		0.037599,
		0.139185,
		0,
		0.075733,
		0.957037,
		0.279901,
		0,
		-0.122681,
		0.287517,
		-0.949886,
		0,
		0.011479,
		0.605137,
		-0.154094,
		1
	},
	[0.616666666667] = {
		-0.846127,
		-0.37317,
		0.380543,
		0,
		-0.531051,
		0.650985,
		-0.542405,
		0,
		-0.045318,
		-0.661031,
		-0.748989,
		0,
		-0.147359,
		0.261734,
		-0.566995,
		1
	},
	[0.633333333333] = {
		-0.852652,
		-0.374621,
		0.364202,
		0,
		-0.519807,
		0.678637,
		-0.518895,
		0,
		-0.052772,
		-0.631752,
		-0.773372,
		0,
		-0.147284,
		0.261774,
		-0.565265,
		1
	},
	[0.65] = {
		-0.857094,
		-0.374774,
		0.353459,
		0,
		-0.51176,
		0.698107,
		-0.500749,
		0,
		-0.059085,
		-0.610075,
		-0.790137,
		0,
		-0.147453,
		0.261581,
		-0.563973,
		1
	},
	[0.666666666667] = {
		-0.855034,
		-0.37349,
		0.359753,
		0,
		-0.514961,
		0.693262,
		-0.504186,
		0,
		-0.061095,
		-0.616355,
		-0.785095,
		0,
		-0.148298,
		0.261021,
		-0.56423,
		1
	},
	[0.683333333333] = {
		-0.846432,
		-0.371546,
		0.381453,
		0,
		-0.527732,
		0.68092,
		-0.507786,
		0,
		-0.071073,
		-0.631112,
		-0.772429,
		0,
		-0.147968,
		0.258166,
		-0.565637,
		1
	},
	[0.6] = {
		-0.841798,
		-0.371652,
		0.391473,
		0,
		-0.538269,
		0.632396,
		-0.557084,
		0,
		-0.040524,
		-0.679669,
		-0.732398,
		0,
		-0.147263,
		0.261709,
		-0.568109,
		1
	},
	[0.716666666667] = {
		-0.819,
		-0.366378,
		0.441596,
		0,
		-0.551837,
		0.713795,
		-0.431246,
		0,
		-0.15721,
		-0.596879,
		-0.786778,
		0,
		-0.138361,
		0.241294,
		-0.568434,
		1
	},
	[0.733333333333] = {
		-0.800304,
		-0.360796,
		0.478895,
		0,
		-0.55317,
		0.752437,
		-0.357548,
		0,
		-0.231337,
		-0.551058,
		-0.80176,
		0,
		-0.129782,
		0.228015,
		-0.569804,
		1
	},
	[0.75] = {
		-0.778463,
		-0.351603,
		0.519973,
		0,
		-0.538464,
		0.799783,
		-0.265337,
		0,
		-0.322572,
		-0.486541,
		-0.811927,
		0,
		-0.119143,
		0.212006,
		-0.571124,
		1
	},
	[0.766666666667] = {
		-0.753725,
		-0.33769,
		0.563794,
		0,
		-0.500983,
		0.850472,
		-0.160356,
		0,
		-0.42534,
		-0.403316,
		-0.810199,
		0,
		-0.106783,
		0.193648,
		-0.572362,
		1
	},
	[0.783333333333] = {
		-0.72646,
		-0.318141,
		0.609132,
		0,
		-0.435619,
		0.898734,
		-0.050129,
		0,
		-0.5315,
		-0.301766,
		-0.791483,
		0,
		-0.093034,
		0.173334,
		-0.573479,
		1
	},
	[0.7] = {
		-0.834403,
		-0.369556,
		0.408901,
		0,
		-0.541383,
		0.68864,
		-0.482368,
		0,
		-0.103324,
		-0.623861,
		-0.774675,
		0,
		-0.144539,
		0.251467,
		-0.56704,
		1
	},
	[0.816666666667] = {
		-0.666458,
		-0.259951,
		0.698756,
		0,
		-0.216992,
		0.964302,
		0.151778,
		0,
		-0.713266,
		-0.05047,
		-0.699074,
		0,
		-0.062684,
		0.12849,
		-0.575194,
		1
	},
	[0.833333333333] = {
		-0.635045,
		-0.221136,
		0.740146,
		0,
		-0.071826,
		0.970902,
		0.228453,
		0,
		-0.769128,
		0.091916,
		-0.63245,
		0,
		-0.046736,
		0.104824,
		-0.575719,
		1
	},
	[0.85] = {
		-0.603695,
		-0.176373,
		0.777461,
		0,
		0.085687,
		0.955215,
		0.283234,
		0,
		-0.792597,
		0.237605,
		-0.561545,
		0,
		-0.030707,
		0.080931,
		-0.575993,
		1
	},
	[0.866666666667] = {
		-0.573183,
		-0.126508,
		0.809603,
		0,
		0.24433,
		0.916683,
		0.316221,
		0,
		-0.782153,
		0.379063,
		-0.494517,
		0,
		-0.014927,
		0.057277,
		-0.576006,
		1
	},
	[0.883333333333] = {
		-0.544256,
		-0.072661,
		0.835767,
		0,
		0.393207,
		0.85794,
		0.330647,
		0,
		-0.741062,
		0.508586,
		-0.438368,
		0,
		0.000272,
		0.034334,
		-0.575768,
		1
	},
	[0.8] = {
		-0.697166,
		-0.292322,
		0.654605,
		0,
		-0.340303,
		0.938604,
		0.056717,
		0,
		-0.630994,
		-0.183223,
		-0.753841,
		0,
		-0.078225,
		0.151473,
		-0.574436,
		1
	},
	[0.916666666667] = {
		-0.49376,
		0.041696,
		0.868598,
		0,
		0.630147,
		0.705489,
		0.324346,
		0,
		-0.599262,
		0.707494,
		-0.374617,
		0,
		0.027562,
		-0.007518,
		-0.574651,
		1
	},
	[0.933333333333] = {
		-0.473236,
		0.099459,
		0.875303,
		0,
		0.71112,
		0.629589,
		0.312931,
		0,
		-0.519957,
		0.770536,
		-0.368671,
		0,
		0.038959,
		-0.025487,
		-0.573862,
		1
	},
	[0.95] = {
		-0.456368,
		0.155881,
		0.87603,
		0,
		0.767768,
		0.566607,
		0.299147,
		0,
		-0.449734,
		0.809109,
		-0.378262,
		0,
		0.048383,
		-0.040869,
		-0.572998,
		1
	},
	[0.966666666667] = {
		-0.443403,
		0.209828,
		0.871416,
		0,
		0.803003,
		0.524931,
		0.282194,
		0,
		-0.398221,
		0.824875,
		-0.401249,
		0,
		0.055477,
		-0.053215,
		-0.572126,
		1
	},
	[0.983333333333] = {
		-0.43449,
		0.260339,
		0.862231,
		0,
		0.819683,
		0.511049,
		0.258745,
		0,
		-0.373281,
		0.819178,
		-0.435441,
		0,
		0.059875,
		-0.062082,
		-0.571317,
		1
	},
	[0.9] = {
		-0.517589,
		-0.016133,
		0.855477,
		0,
		0.523598,
		0.784788,
		0.331592,
		0,
		-0.676717,
		0.619555,
		-0.397751,
		0,
		0.01455,
		0.012578,
		-0.575303,
		1
	},
	{
		-0.429707,
		0.306627,
		0.849313,
		0,
		0.818735,
		0.528989,
		0.223255,
		0,
		-0.380821,
		0.791297,
		-0.478357,
		0,
		0.061213,
		-0.067041,
		-0.570642,
		1
	}
}

return spline_matrices
