local spline_matrices = {
	[0] = {
		-0.940751,
		-0.239758,
		0.239798,
		0,
		0.321742,
		-0.854451,
		0.407917,
		0,
		0.107094,
		0.460901,
		0.880966,
		0,
		0.461059,
		-0.224654,
		0.242521,
		1
	},
	{
		-0.662576,
		0.627867,
		0.408381,
		0,
		0.741984,
		0.624653,
		0.243454,
		0,
		-0.10224,
		0.464319,
		-0.879747,
		0,
		-0.014417,
		-0.068183,
		-0.583364,
		1
	},
	[0.0333333333333] = {
		-0.930472,
		-0.27306,
		0.244256,
		0,
		0.360764,
		-0.799028,
		0.481045,
		0,
		0.063814,
		0.535717,
		0.841983,
		0,
		0.463968,
		-0.215254,
		0.255407,
		1
	},
	[0.0666666666667] = {
		-0.916356,
		-0.31222,
		0.250621,
		0,
		0.400244,
		-0.729822,
		0.554225,
		0,
		0.009869,
		0.608176,
		0.793741,
		0,
		0.46445,
		-0.187101,
		0.279242,
		1
	},
	[0.133333333333] = {
		-0.881061,
		-0.384487,
		0.275503,
		0,
		0.46071,
		-0.565643,
		0.683955,
		0,
		-0.107136,
		0.729533,
		0.675503,
		0,
		0.454864,
		-0.088472,
		0.336685,
		1
	},
	[0.166666666667] = {
		-0.865231,
		-0.406159,
		0.293955,
		0,
		0.476484,
		-0.483695,
		0.734168,
		0,
		-0.156004,
		0.77529,
		0.612036,
		0,
		0.444378,
		-0.028682,
		0.359727,
		1
	},
	[0.1] = {
		-0.899182,
		-0.351341,
		0.260828,
		0,
		0.434783,
		-0.650141,
		0.623121,
		0,
		-0.049353,
		0.673703,
		0.737352,
		0,
		0.461623,
		-0.143376,
		0.308309,
		1
	},
	[0.233333333333] = {
		-0.855962,
		-0.39328,
		0.335648,
		0,
		0.481904,
		-0.371618,
		0.793517,
		0,
		-0.187342,
		0.84097,
		0.507614,
		0,
		0.416293,
		0.079974,
		0.38039,
		1
	},
	[0.266666666667] = {
		-0.876239,
		-0.331229,
		0.349989,
		0,
		0.470838,
		-0.433943,
		0.768118,
		0,
		-0.102548,
		0.837843,
		0.536193,
		0,
		0.397125,
		0.123333,
		0.371965,
		1
	},
	[0.2] = {
		-0.855016,
		-0.41196,
		0.315018,
		0,
		0.482988,
		-0.411339,
		0.772996,
		0,
		-0.188864,
		0.813074,
		0.550673,
		0,
		0.431335,
		0.029384,
		0.375278,
		1
	},
	[0.333333333333] = {
		-0.904968,
		-0.17309,
		0.388681,
		0,
		0.412789,
		-0.578623,
		0.703421,
		0,
		0.103145,
		0.797017,
		0.595085,
		0,
		0.350158,
		0.213416,
		0.338441,
		1
	},
	[0.366666666667] = {
		-0.905153,
		-0.124267,
		0.406516,
		0,
		0.407989,
		-0.522447,
		0.748728,
		0,
		0.119341,
		0.843568,
		0.523595,
		0,
		0.32512,
		0.269794,
		0.322402,
		1
	},
	[0.3] = {
		-0.896212,
		-0.248856,
		0.367253,
		0,
		0.443411,
		-0.528244,
		0.724116,
		0,
		0.013798,
		0.811806,
		0.583764,
		0,
		0.374622,
		0.166023,
		0.356371,
		1
	},
	[0.433333333333] = {
		-0.859251,
		-0.2061,
		0.4682,
		0,
		0.268417,
		0.59749,
		0.755618,
		0,
		-0.435478,
		0.774938,
		-0.458073,
		0,
		0.193127,
		0.577792,
		0.237031,
		1
	},
	[0.466666666667] = {
		-0.837589,
		-0.085697,
		0.539538,
		0,
		-0.038832,
		0.994461,
		0.097671,
		0,
		-0.544919,
		0.060857,
		-0.836277,
		0,
		0.014059,
		0.741425,
		0.028342,
		1
	},
	[0.4] = {
		-0.90203,
		-0.118181,
		0.41518,
		0,
		0.431607,
		-0.263599,
		0.862688,
		0,
		0.007488,
		0.957366,
		0.288782,
		0,
		0.302729,
		0.338264,
		0.31607,
		1
	},
	[0.533333333333] = {
		-0.752546,
		0.131912,
		0.645193,
		0,
		-0.468923,
		0.580546,
		-0.665641,
		0,
		-0.46237,
		-0.803471,
		-0.375031,
		0,
		-0.303531,
		0.532519,
		-0.517156,
		1
	},
	[0.566666666667] = {
		-0.74032,
		0.226226,
		0.633047,
		0,
		-0.530813,
		0.38112,
		-0.756958,
		0,
		-0.41251,
		-0.896421,
		-0.162067,
		0,
		-0.298753,
		0.453404,
		-0.553506,
		1
	},
	[0.5] = {
		-0.851592,
		-0.187265,
		0.489615,
		0,
		-0.17114,
		0.982156,
		0.077984,
		0,
		-0.495482,
		-0.017382,
		-0.868445,
		0,
		-0.124816,
		0.698009,
		-0.164068,
		1
	},
	[0.633333333333] = {
		-0.748488,
		0.152757,
		0.645315,
		0,
		-0.47656,
		0.552786,
		-0.683607,
		0,
		-0.461147,
		-0.819203,
		-0.340956,
		0,
		-0.246698,
		0.344593,
		-0.559389,
		1
	},
	[0.666666666667] = {
		-0.751216,
		0.130757,
		0.646976,
		0,
		-0.464183,
		0.592203,
		-0.658658,
		0,
		-0.469265,
		-0.795109,
		-0.384177,
		0,
		-0.220668,
		0.303914,
		-0.558026,
		1
	},
	[0.6] = {
		-0.741609,
		0.208583,
		0.637581,
		0,
		-0.516843,
		0.428244,
		-0.74127,
		0,
		-0.427657,
		-0.879261,
		-0.209785,
		0,
		-0.276449,
		0.392696,
		-0.562813,
		1
	},
	[0.733333333333] = {
		-0.728554,
		0.186457,
		0.659123,
		0,
		-0.387162,
		0.681707,
		-0.620791,
		0,
		-0.565079,
		-0.707467,
		-0.424471,
		0,
		-0.174034,
		0.221625,
		-0.570486,
		1
	},
	[0.766666666667] = {
		-0.709651,
		0.231125,
		0.665564,
		0,
		-0.24419,
		0.805424,
		-0.540059,
		0,
		-0.660883,
		-0.545778,
		-0.515131,
		0,
		-0.147723,
		0.175117,
		-0.577682,
		1
	},
	[0.7] = {
		-0.742965,
		0.154256,
		0.651312,
		0,
		-0.457315,
		0.593547,
		-0.662243,
		0,
		-0.488739,
		-0.789878,
		-0.370441,
		0,
		-0.198717,
		0.264595,
		-0.563734,
		1
	},
	[0.833333333333] = {
		-0.668501,
		0.354987,
		0.653521,
		0,
		0.226247,
		0.934153,
		-0.275991,
		0,
		-0.708462,
		-0.036643,
		-0.704797,
		0,
		-0.094243,
		0.080134,
		-0.588311,
		1
	},
	[0.866666666667] = {
		-0.652086,
		0.42559,
		0.627421,
		0,
		0.467298,
		0.877302,
		-0.10942,
		0,
		-0.597006,
		0.221841,
		-0.770954,
		0,
		-0.069253,
		0.036829,
		-0.590313,
		1
	},
	[0.8] = {
		-0.68866,
		0.288263,
		0.665321,
		0,
		-0.029506,
		0.905676,
		-0.422942,
		0,
		-0.724484,
		-0.310893,
		-0.615197,
		0,
		-0.120781,
		0.127148,
		-0.583958,
		1
	},
	[0.933333333333] = {
		-0.639609,
		0.552906,
		0.534036,
		0,
		0.730165,
		0.654195,
		0.197199,
		0,
		-0.240332,
		0.516065,
		-0.822142,
		0,
		-0.029622,
		-0.031662,
		-0.58854,
		1
	},
	[0.966666666667] = {
		-0.646365,
		0.59881,
		0.472905,
		0,
		0.753597,
		0.598131,
		0.272637,
		0,
		-0.119602,
		0.532603,
		-0.837872,
		0,
		-0.018147,
		-0.054509,
		-0.586015,
		1
	},
	[0.9] = {
		-0.641852,
		0.493512,
		0.586918,
		0,
		0.64137,
		0.765026,
		0.058126,
		0,
		-0.420322,
		0.41374,
		-0.807557,
		0,
		-0.047191,
		-0.000773,
		-0.590201,
		1
	}
}

return spline_matrices
