-- chunkname: @content/characters/player/human/first_person/animations/combat_knife/push_follow_up.lua

local spline_matrices = {
	[0.0166666666667] = {
		0.802374,
		0.235532,
		-0.54838,
		0,
		0.592131,
		-0.429134,
		0.682074,
		0,
		-0.074678,
		-0.871991,
		-0.483792,
		0,
		0.445646,
		-0.221057,
		0.290663,
		1,
	},
	[0.0333333333333] = {
		0.79919,
		0.238727,
		-0.551639,
		0,
		0.600568,
		-0.35499,
		0.71645,
		0,
		-0.024791,
		-0.903876,
		-0.427076,
		0,
		0.44335,
		-0.195522,
		0.304139,
		1,
	},
	[0.05] = {
		0.795774,
		0.242911,
		-0.554741,
		0,
		0.604951,
		-0.276675,
		0.746649,
		0,
		0.027887,
		-0.929755,
		-0.36712,
		0,
		0.438309,
		-0.158599,
		0.32118,
		1,
	},
	[0.0666666666667] = {
		0.792339,
		0.246163,
		-0.558213,
		0,
		0.604761,
		-0.196342,
		0.771825,
		0,
		0.080394,
		-0.949133,
		-0.30444,
		0,
		0.430934,
		-0.113647,
		0.339888,
		1,
	},
	[0.0833333333333] = {
		0.789314,
		0.246544,
		-0.562316,
		0,
		0.600136,
		-0.11634,
		0.791393,
		0,
		0.129693,
		-0.962123,
		-0.239789,
		0,
		0.421675,
		-0.064058,
		0.358367,
		1,
	},
	[0] = {
		0.805324,
		0.235196,
		-0.544184,
		0,
		0.580766,
		-0.497269,
		0.644542,
		0,
		-0.119012,
		-0.835108,
		-0.537057,
		0,
		0.4448,
		-0.23188,
		0.282634,
		1,
	},
	[0.116666666667] = {
		0.786958,
		0.231082,
		-0.5721,
		0,
		0.581285,
		0.033242,
		0.813021,
		0,
		0.206892,
		-0.972366,
		-0.108165,
		0,
		0.399583,
		0.035325,
		0.387122,
		1,
	},
	[0.133333333333] = {
		0.788881,
		0.211533,
		-0.576993,
		0,
		0.570153,
		0.098443,
		0.815619,
		0,
		0.229331,
		-0.972401,
		-0.042946,
		0,
		0.387947,
		0.078229,
		0.393715,
		1,
	},
	[0.15] = {
		0.792538,
		0.174649,
		-0.584278,
		0,
		0.570389,
		0.126639,
		0.811553,
		0,
		0.21573,
		-0.976453,
		0.000749,
		0,
		0.376553,
		0.113421,
		0.395262,
		1,
	},
	[0.166666666667] = {
		0.794594,
		0.119872,
		-0.59519,
		0,
		0.585715,
		0.106784,
		0.803452,
		0,
		0.159868,
		-0.98703,
		0.014639,
		0,
		0.365121,
		0.143174,
		0.393996,
		1,
	},
	[0.183333333333] = {
		0.79241,
		0.057389,
		-0.607284,
		0,
		0.603959,
		0.065826,
		0.794292,
		0,
		0.085559,
		-0.996179,
		0.017501,
		0,
		0.353132,
		0.1707,
		0.39018,
		1,
	},
	[0.1] = {
		0.787298,
		0.24214,
		-0.567036,
		0,
		0.591862,
		-0.039052,
		0.805092,
		0,
		0.172802,
		-0.969455,
		-0.174059,
		0,
		0.411035,
		-0.013253,
		0.374731,
		1,
	},
	[0.216666666667] = {
		0.78131,
		-0.06184,
		-0.621072,
		0,
		0.623194,
		0.022456,
		0.781745,
		0,
		-0.034397,
		-0.997833,
		0.056084,
		0,
		0.326131,
		0.231053,
		0.375405,
		1,
	},
	[0.233333333333] = {
		0.782259,
		-0.110829,
		-0.613015,
		0,
		0.621346,
		0.068175,
		0.780565,
		0,
		-0.044717,
		-0.991498,
		0.122194,
		0,
		0.310694,
		0.269557,
		0.364428,
		1,
	},
	[0.25] = {
		0.797008,
		-0.146982,
		-0.585811,
		0,
		0.603966,
		0.196396,
		0.772433,
		0,
		0.001517,
		-0.969446,
		0.245301,
		0,
		0.293307,
		0.318307,
		0.350545,
		1,
	},
	[0.266666666667] = {
		0.833369,
		-0.154666,
		-0.530637,
		0,
		0.538768,
		0.441646,
		0.71741,
		0,
		0.123394,
		-0.883757,
		0.451383,
		0,
		0.271959,
		0.382886,
		0.331681,
		1,
	},
	[0.283333333333] = {
		0.899864,
		-0.010174,
		-0.436052,
		0,
		0.193612,
		0.905155,
		0.378429,
		0,
		0.390845,
		-0.42496,
		0.816486,
		0,
		0.20618,
		0.553316,
		0.255715,
		1,
	},
	[0.2] = {
		0.786684,
		-0.004806,
		-0.617338,
		0,
		0.617185,
		0.029721,
		0.786257,
		0,
		0.014569,
		-0.999547,
		0.026347,
		0,
		0.340204,
		0.199061,
		0.383962,
		1,
	},
	[0.316666666667] = {
		0.871706,
		0.2118,
		-0.441892,
		0,
		-0.450339,
		0.701769,
		-0.55201,
		0,
		0.193191,
		0.680192,
		0.707118,
		0,
		0.002942,
		0.692214,
		-0.065161,
		1,
	},
	[0.333333333333] = {
		0.902242,
		0.111969,
		-0.416439,
		0,
		-0.42517,
		0.392292,
		-0.815682,
		0,
		0.072034,
		0.913001,
		0.401548,
		0,
		-0.059796,
		0.661348,
		-0.238299,
		1,
	},
	[0.35] = {
		0.948052,
		0.132954,
		-0.288999,
		0,
		-0.309651,
		0.177526,
		-0.934131,
		0,
		-0.072891,
		0.975094,
		0.209474,
		0,
		-0.120183,
		0.552234,
		-0.380234,
		1,
	},
	[0.366666666667] = {
		0.955359,
		0.183786,
		-0.231328,
		0,
		-0.234374,
		-0.005277,
		-0.972132,
		0,
		-0.179885,
		0.982952,
		0.038033,
		0,
		-0.172302,
		0.418336,
		-0.511101,
		1,
	},
	[0.383333333333] = {
		0.96262,
		0.108052,
		-0.24837,
		0,
		-0.221598,
		-0.213102,
		-0.951568,
		0,
		-0.155747,
		0.971037,
		-0.181192,
		0,
		-0.204365,
		0.303464,
		-0.608856,
		1,
	},
	[0.3] = {
		0.896555,
		0.167624,
		-0.40999,
		0,
		-0.257799,
		0.950168,
		-0.175273,
		0,
		0.360179,
		0.262837,
		0.895091,
		0,
		0.092729,
		0.683859,
		0.110194,
		1,
	},
	[0.416666666667] = {
		0.968377,
		0.07244,
		-0.238744,
		0,
		-0.159618,
		-0.555575,
		-0.816002,
		0,
		-0.191751,
		0.828305,
		-0.526443,
		0,
		-0.22318,
		0.199444,
		-0.654986,
		1,
	},
	[0.433333333333] = {
		0.965943,
		0.1023,
		-0.237676,
		0,
		-0.104956,
		-0.684677,
		-0.72125,
		0,
		-0.236515,
		0.721632,
		-0.650621,
		0,
		-0.224326,
		0.178794,
		-0.655715,
		1,
	},
	[0.45] = {
		0.958955,
		0.137781,
		-0.247833,
		0,
		-0.061491,
		-0.752168,
		-0.656096,
		0,
		-0.27681,
		0.644406,
		-0.712823,
		0,
		-0.22374,
		0.161417,
		-0.654098,
		1,
	},
	[0.466666666667] = {
		0.950465,
		0.16177,
		-0.265418,
		0,
		-0.05833,
		-0.745899,
		-0.6635,
		0,
		-0.30531,
		0.646115,
		-0.699515,
		0,
		-0.223,
		0.140122,
		-0.651168,
		1,
	},
	[0.483333333333] = {
		0.943488,
		0.169588,
		-0.284728,
		0,
		-0.097647,
		-0.678756,
		-0.727843,
		0,
		-0.316695,
		0.714514,
		-0.623838,
		0,
		-0.218231,
		0.112945,
		-0.647199,
		1,
	},
	[0.4] = {
		0.966041,
		0.066711,
		-0.24963,
		0,
		-0.20404,
		-0.395798,
		-0.895383,
		0,
		-0.158535,
		0.915911,
		-0.368746,
		0,
		-0.21959,
		0.231695,
		-0.650769,
		1,
	},
	[0.516666666667] = {
		0.93799,
		0.153871,
		-0.310641,
		0,
		-0.239806,
		-0.35909,
		-0.901969,
		0,
		-0.250335,
		0.920531,
		-0.299924,
		0,
		-0.185703,
		0.055656,
		-0.635535,
		1,
	},
	[0.533333333333] = {
		0.942357,
		0.126503,
		-0.309774,
		0,
		-0.296658,
		-0.112378,
		-0.948349,
		0,
		-0.154781,
		0.98558,
		-0.068372,
		0,
		-0.161192,
		0.0271,
		-0.628557,
		1,
	},
	[0.55] = {
		0.950738,
		0.084172,
		-0.298351,
		0,
		-0.30853,
		0.163406,
		-0.937074,
		0,
		-0.030123,
		0.982962,
		0.181326,
		0,
		-0.133392,
		-0.000496,
		-0.621201,
		1,
	},
	[0.566666666667] = {
		0.960214,
		0.028234,
		-0.277834,
		0,
		-0.262575,
		0.430055,
		-0.863775,
		0,
		0.095096,
		0.902361,
		0.420358,
		0,
		-0.103978,
		-0.026661,
		-0.613711,
		1,
	},
	[0.583333333333] = {
		0.967369,
		-0.036645,
		-0.250706,
		0,
		-0.167305,
		0.650702,
		-0.740672,
		0,
		0.190277,
		0.758448,
		0.623339,
		0,
		-0.07456,
		-0.050936,
		-0.606304,
		1,
	},
	[0.5] = {
		0.938661,
		0.16759,
		-0.30138,
		0,
		-0.164375,
		-0.550843,
		-0.818262,
		0,
		-0.303145,
		0.81761,
		-0.489507,
		0,
		-0.20526,
		0.084519,
		-0.641856,
		1,
	},
	[0.616666666667] = {
		0.968576,
		-0.164661,
		-0.186404,
		0,
		0.06532,
		0.891565,
		-0.448157,
		0,
		0.239985,
		0.421899,
		0.874305,
		0,
		-0.022022,
		-0.091424,
		-0.592459,
		1,
	},
	[0.633333333333] = {
		0.96537,
		-0.211372,
		-0.152913,
		0,
		0.150027,
		0.929314,
		-0.337441,
		0,
		0.21343,
		0.302815,
		0.928844,
		0,
		-0.002027,
		-0.106334,
		-0.586304,
		1,
	},
	[0.65] = {
		0.964041,
		-0.236686,
		-0.120847,
		0,
		0.194742,
		0.938604,
		-0.284777,
		0,
		0.18083,
		0.251003,
		0.950946,
		0,
		0.01173,
		-0.116734,
		-0.58079,
		1,
	},
	[0.666666666667] = {
		0.967555,
		-0.234796,
		-0.09332,
		0,
		0.195875,
		0.930357,
		-0.309949,
		0,
		0.159596,
		0.281613,
		0.946162,
		0,
		0.017737,
		-0.121839,
		-0.57596,
		1,
	},
	[0.6] = {
		0.970078,
		-0.103691,
		-0.219537,
		0,
		-0.048045,
		0.804352,
		-0.592207,
		0,
		0.237991,
		0.585035,
		0.775303,
		0,
		-0.046718,
		-0.072733,
		-0.599167,
		1,
	},
}

return spline_matrices
