local spline_matrices = {
	[0] = {
		0.805324,
		0.235196,
		-0.544184,
		0,
		0.580766,
		-0.497269,
		0.644542,
		0,
		-0.119012,
		-0.835108,
		-0.537057,
		0,
		0.4448,
		-0.23188,
		0.282634,
		1
	},
	{
		0.967555,
		-0.234796,
		-0.09332,
		0,
		0.195875,
		0.930357,
		-0.309949,
		0,
		0.159596,
		0.281613,
		0.946162,
		0,
		0.017737,
		-0.121839,
		-0.57596,
		1
	},
	[0.0166666666667] = {
		0.803571,
		0.2351,
		-0.546811,
		0,
		0.587982,
		-0.456272,
		0.667902,
		0,
		-0.092471,
		-0.858221,
		-0.504881,
		0,
		0.445736,
		-0.227257,
		0.286856,
		1
	},
	[0.0333333333333] = {
		0.801806,
		0.236577,
		-0.54876,
		0,
		0.594215,
		-0.413006,
		0.69017,
		0,
		-0.063362,
		-0.879464,
		-0.471728,
		0,
		0.445454,
		-0.216769,
		0.293464,
		1
	},
	[0.05] = {
		0.799987,
		0.239134,
		-0.550305,
		0,
		0.599145,
		-0.367803,
		0.711158,
		0,
		-0.032341,
		-0.89863,
		-0.437513,
		0,
		0.444026,
		-0.201121,
		0.302015,
		1
	},
	[0.0666666666667] = {
		0.798097,
		0.242261,
		-0.55168,
		0,
		0.602529,
		-0.321037,
		0.730681,
		0,
		-9.4e-05,
		-0.915557,
		-0.402188,
		0,
		0.441525,
		-0.181021,
		0.312062,
		1
	},
	[0.0833333333333] = {
		0.796157,
		0.245436,
		-0.553078,
		0,
		0.604208,
		-0.273116,
		0.748559,
		0,
		0.032669,
		-0.930144,
		-0.365738,
		0,
		0.438026,
		-0.157183,
		0.323155,
		1
	},
	[0.116666666667] = {
		0.792404,
		0.24981,
		-0.556498,
		0,
		0.602261,
		-0.175573,
		0.778753,
		0,
		0.096834,
		-0.952244,
		-0.289576,
		0,
		0.428357,
		-0.101168,
		0.346669,
		1
	},
	[0.133333333333] = {
		0.790823,
		0.249943,
		-0.558684,
		0,
		0.59877,
		-0.126863,
		0.79081,
		0,
		0.126781,
		-0.959914,
		-0.249984,
		0,
		0.42237,
		-0.070441,
		0.358188,
		1
	},
	[0.15] = {
		0.78964,
		0.247997,
		-0.561218,
		0,
		0.593839,
		-0.078802,
		0.800716,
		0,
		0.15435,
		-0.96555,
		-0.209496,
		0,
		0.41575,
		-0.038874,
		0.368953,
		1
	},
	[0.166666666667] = {
		0.789029,
		0.243449,
		-0.564062,
		0,
		0.587745,
		-0.031832,
		0.80842,
		0,
		0.178854,
		-0.969391,
		-0.168203,
		0,
		0.408612,
		-0.007202,
		0.37852,
		1
	},
	[0.183333333333] = {
		0.789162,
		0.235777,
		-0.567127,
		0,
		0.580838,
		0.013625,
		0.813905,
		0,
		0.199627,
		-0.971712,
		-0.126196,
		0,
		0.401083,
		0.02384,
		0.386452,
		1
	},
	[0.1] = {
		0.794226,
		0.24813,
		-0.554649,
		0,
		0.604111,
		-0.224477,
		0.76463,
		0,
		0.065222,
		-0.942359,
		-0.328184,
		0,
		0.433608,
		-0.130325,
		0.334841,
		1
	},
	[0.216666666667] = {
		0.792234,
		0.208979,
		-0.573318,
		0,
		0.566246,
		0.098424,
		0.818338,
		0,
		0.227444,
		-0.972955,
		-0.040359,
		0,
		0.385402,
		0.081089,
		0.395689,
		1
	},
	[0.233333333333] = {
		0.795144,
		0.187575,
		-0.576681,
		0,
		0.561698,
		0.13061,
		0.816968,
		0,
		0.228563,
		-0.973528,
		-0.001507,
		0,
		0.377752,
		0.106633,
		0.397322,
		1
	},
	[0.25] = {
		0.798375,
		0.159844,
		-0.580557,
		0,
		0.561665,
		0.149913,
		0.81367,
		0,
		0.217094,
		-0.975692,
		0.029908,
		0,
		0.370444,
		0.131037,
		0.39814,
		1
	},
	[0.266666666667] = {
		0.801392,
		0.127284,
		-0.58444,
		0,
		0.564825,
		0.160503,
		0.809451,
		0,
		0.196835,
		-0.978794,
		0.056732,
		0,
		0.363209,
		0.154818,
		0.397954,
		1
	},
	[0.283333333333] = {
		0.803812,
		0.091327,
		-0.587831,
		0,
		0.569647,
		0.16659,
		0.804829,
		0,
		0.171429,
		-0.981788,
		0.081884,
		0,
		0.355759,
		0.178514,
		0.396549,
		1
	},
	[0.2] = {
		0.790192,
		0.22446,
		-0.570276,
		0,
		0.573522,
		0.05717,
		0.817193,
		0,
		0.21603,
		-0.972805,
		-0.083558,
		0,
		0.393298,
		0.053515,
		0.392317,
		1
	},
	[0.316666666667] = {
		0.806735,
		0.014324,
		-0.59074,
		0,
		0.578808,
		0.182156,
		0.794859,
		0,
		0.118992,
		-0.983165,
		0.138661,
		0,
		0.339025,
		0.227829,
		0.389104,
		1
	},
	[0.333333333333] = {
		0.807971,
		-0.024508,
		-0.588713,
		0,
		0.580933,
		0.200138,
		0.788962,
		0,
		0.098488,
		-0.979461,
		0.175943,
		0,
		0.329141,
		0.254545,
		0.382513,
		1
	},
	[0.35] = {
		0.810054,
		-0.062216,
		-0.583046,
		0,
		0.580029,
		0.230696,
		0.781246,
		0,
		0.085901,
		-0.971035,
		0.222963,
		0,
		0.317825,
		0.283397,
		0.373588,
		1
	},
	[0.366666666667] = {
		0.814066,
		-0.097676,
		-0.5725,
		0,
		0.574646,
		0.278277,
		0.769639,
		0,
		0.084139,
		-0.955521,
		0.282665,
		0,
		0.304718,
		0.315004,
		0.361941,
		1
	},
	[0.383333333333] = {
		0.821333,
		-0.129153,
		-0.555637,
		0,
		0.562351,
		0.346856,
		0.750634,
		0,
		0.095779,
		-0.928984,
		0.357513,
		0,
		0.289392,
		0.349859,
		0.34727,
		1
	},
	[0.3] = {
		0.805525,
		0.053283,
		-0.590162,
		0,
		0.574707,
		0.172397,
		0.799995,
		0,
		0.144368,
		-0.983585,
		0.108248,
		0,
		0.347797,
		0.20267,
		0.393686,
		1
	},
	[0.416666666667] = {
		0.851037,
		-0.156226,
		-0.501328,
		0,
		0.493793,
		0.56285,
		0.662848,
		0,
		0.178619,
		-0.811661,
		0.556149,
		0,
		0.247136,
		0.444709,
		0.301301,
		1
	},
	[0.433333333333] = {
		0.872523,
		-0.132983,
		-0.470126,
		0,
		0.416674,
		0.704998,
		0.573899,
		0,
		0.25512,
		-0.69663,
		0.670538,
		0,
		0.213353,
		0.520376,
		0.258663,
		1
	},
	[0.45] = {
		0.895346,
		-0.101247,
		-0.43371,
		0,
		0.308926,
		0.842648,
		0.441031,
		0,
		0.320812,
		-0.52886,
		0.78574,
		0,
		0.169005,
		0.599397,
		0.201501,
		1
	},
	[0.466666666667] = {
		0.920883,
		-0.074147,
		-0.382724,
		0,
		0.181229,
		0.950636,
		0.251889,
		0,
		0.345154,
		-0.301321,
		0.888861,
		0,
		0.113595,
		0.665182,
		0.129353,
		1
	},
	[0.483333333333] = {
		0.925353,
		0.051897,
		-0.375538,
		0,
		-0.092795,
		0.991459,
		-0.091639,
		0,
		0.367575,
		0.119647,
		0.922265,
		0,
		0.072338,
		0.712517,
		0.036193,
		1
	},
	[0.4] = {
		0.833257,
		-0.154099,
		-0.530977,
		0,
		0.539059,
		0.439875,
		0.71828,
		0,
		0.122878,
		-0.884739,
		0.449597,
		0,
		0.271292,
		0.388603,
		0.329116,
		1
	},
	[0.516666666667] = {
		0.948347,
		-0.065195,
		-0.310463,
		0,
		-0.24046,
		0.490615,
		-0.837541,
		0,
		0.206921,
		0.868934,
		0.449597,
		0,
		-0.127112,
		0.548456,
		-0.366449,
		1
	},
	[0.533333333333] = {
		0.951832,
		-0.165112,
		-0.258366,
		0,
		-0.229025,
		0.177411,
		-0.957117,
		0,
		0.203869,
		0.970187,
		0.13105,
		0,
		-0.167635,
		0.410037,
		-0.507234,
		1
	},
	[0.55] = {
		0.932494,
		-0.182806,
		-0.311506,
		0,
		-0.326375,
		-0.057064,
		-0.943516,
		0,
		0.154705,
		0.981492,
		-0.112875,
		0,
		-0.201869,
		0.301889,
		-0.604324,
		1
	},
	[0.566666666667] = {
		0.918468,
		-0.200754,
		-0.340756,
		0,
		-0.381025,
		-0.218231,
		-0.89844,
		0,
		0.106002,
		0.955025,
		-0.276931,
		0,
		-0.216485,
		0.252214,
		-0.64295,
		1
	},
	[0.583333333333] = {
		0.916034,
		-0.205753,
		-0.344308,
		0,
		-0.393368,
		-0.293089,
		-0.871413,
		0,
		0.078383,
		0.933683,
		-0.349416,
		0,
		-0.218477,
		0.246931,
		-0.644179,
		1
	},
	[0.5] = {
		0.939637,
		0.036955,
		-0.340172,
		0,
		-0.248101,
		0.758225,
		-0.602944,
		0,
		0.235644,
		0.650945,
		0.721625,
		0,
		-0.074242,
		0.665485,
		-0.21762,
		1
	},
	[0.616666666667] = {
		0.915098,
		-0.206972,
		-0.346061,
		0,
		-0.394277,
		-0.279412,
		-0.875485,
		0,
		0.084508,
		0.937599,
		-0.337294,
		0,
		-0.218696,
		0.2478,
		-0.643809,
		1
	},
	[0.633333333333] = {
		0.915708,
		-0.205364,
		-0.345405,
		0,
		-0.389324,
		-0.240504,
		-0.889148,
		0,
		0.099528,
		0.948675,
		-0.300184,
		0,
		-0.218071,
		0.250394,
		-0.643104,
		1
	},
	[0.65] = {
		0.916474,
		-0.203778,
		-0.344311,
		0,
		-0.384656,
		-0.212024,
		-0.898379,
		0,
		0.110068,
		0.955783,
		-0.272699,
		0,
		-0.217693,
		0.252109,
		-0.642561,
		1
	},
	[0.666666666667] = {
		0.916934,
		-0.203246,
		-0.343401,
		0,
		-0.384462,
		-0.219486,
		-0.896669,
		0,
		0.106872,
		0.95421,
		-0.279394,
		0,
		-0.218185,
		0.251218,
		-0.642789,
		1
	},
	[0.683333333333] = {
		0.91757,
		-0.202412,
		-0.342192,
		0,
		-0.384888,
		-0.236545,
		-0.892136,
		0,
		0.099635,
		0.950303,
		-0.294953,
		0,
		-0.217649,
		0.2461,
		-0.643474,
		1
	},
	[0.6] = {
		0.915071,
		-0.207485,
		-0.345826,
		0,
		-0.396387,
		-0.304704,
		-0.866044,
		0,
		0.074317,
		0.929573,
		-0.36107,
		0,
		-0.219005,
		0.246056,
		-0.644257,
		1
	},
	[0.716666666667] = {
		0.921297,
		-0.195247,
		-0.336289,
		0,
		-0.370733,
		-0.180059,
		-0.911118,
		0,
		0.117341,
		0.964084,
		-0.238272,
		0,
		-0.207527,
		0.223233,
		-0.643985,
		1
	},
	[0.733333333333] = {
		0.924123,
		-0.19041,
		-0.33127,
		0,
		-0.355849,
		-0.11311,
		-0.927673,
		0,
		0.139168,
		0.975167,
		-0.172285,
		0,
		-0.198577,
		0.206371,
		-0.643668,
		1
	},
	[0.75] = {
		0.927434,
		-0.18599,
		-0.32446,
		0,
		-0.334553,
		-0.024831,
		-0.94205,
		0,
		0.167155,
		0.982238,
		-0.085253,
		0,
		-0.187446,
		0.186512,
		-0.642869,
		1
	},
	[0.766666666667] = {
		0.931107,
		-0.182939,
		-0.315551,
		0,
		-0.30569,
		0.080564,
		-0.948716,
		0,
		0.198979,
		0.979818,
		0.019091,
		0,
		-0.174437,
		0.164146,
		-0.641518,
		1
	},
	[0.783333333333] = {
		0.935001,
		-0.18208,
		-0.304336,
		0,
		-0.268342,
		0.197849,
		-0.942787,
		0,
		0.231875,
		0.963173,
		0.136129,
		0,
		-0.159856,
		0.139783,
		-0.639558,
		1
	},
	[0.7] = {
		0.919071,
		-0.199532,
		-0.339845,
		0,
		-0.380228,
		-0.222251,
		-0.897792,
		0,
		0.103608,
		0.954354,
		-0.280132,
		0,
		-0.21399,
		0.236626,
		-0.643896,
		1
	},
	[0.816666666667] = {
		0.94271,
		-0.188947,
		-0.274951,
		0,
		-0.168001,
		0.443162,
		-0.880558,
		0,
		0.288226,
		0.876303,
		0.38603,
		0,
		-0.127222,
		0.087192,
		-0.633689,
		1
	},
	[0.833333333333] = {
		0.946105,
		-0.196808,
		-0.2572,
		0,
		-0.10751,
		0.558273,
		-0.822662,
		0,
		0.305494,
		0.805976,
		0.507026,
		0,
		-0.109813,
		0.060051,
		-0.629789,
		1
	},
	[0.85] = {
		0.948946,
		-0.207076,
		-0.237952,
		0,
		-0.043664,
		0.660858,
		-0.749239,
		0,
		0.312402,
		0.721378,
		0.618077,
		0,
		-0.092126,
		0.033071,
		-0.6253,
		1
	},
	[0.866666666667] = {
		0.951138,
		-0.218909,
		-0.217753,
		0,
		0.019859,
		0.747142,
		-0.664367,
		0,
		0.308128,
		0.62758,
		0.714982,
		0,
		-0.074515,
		0.006786,
		-0.620302,
		1
	},
	[0.883333333333] = {
		0.952707,
		-0.231217,
		-0.197201,
		0,
		0.079163,
		0.815345,
		-0.573539,
		0,
		0.293399,
		0.530803,
		0.795088,
		0,
		-0.057347,
		-0.018292,
		-0.614894,
		1
	},
	[0.8] = {
		0.938937,
		-0.183996,
		-0.290762,
		0,
		-0.22222,
		0.320905,
		-0.920673,
		0,
		0.262707,
		0.929067,
		0.260422,
		0,
		-0.144012,
		0.113952,
		-0.636951,
		1
	},
	[0.916666666667] = {
		0.954744,
		-0.252341,
		-0.157444,
		0,
		0.171974,
		0.90024,
		-0.399991,
		0,
		0.242672,
		0.354813,
		0.902895,
		0,
		-0.025867,
		-0.062887,
		-0.603336,
		1
	},
	[0.933333333333] = {
		0.955841,
		-0.258736,
		-0.13937,
		0,
		0.201348,
		0.921991,
		-0.330743,
		0,
		0.214073,
		0.288076,
		0.933373,
		0,
		-0.012339,
		-0.081499,
		-0.597444,
		1
	},
	[0.95] = {
		0.957461,
		-0.260928,
		-0.123228,
		0,
		0.218365,
		0.934322,
		-0.281707,
		0,
		0.18864,
		0.242815,
		0.951554,
		0,
		-0.000816,
		-0.097091,
		-0.591647,
		1
	},
	[0.966666666667] = {
		0.95989,
		-0.258058,
		-0.109623,
		0,
		0.223135,
		0.939852,
		-0.258628,
		0,
		0.169771,
		0.223794,
		0.959737,
		0,
		0.008302,
		-0.109265,
		-0.586064,
		1
	},
	[0.983333333333] = {
		0.963274,
		-0.249479,
		-0.099312,
		0,
		0.21579,
		0.939334,
		-0.266621,
		0,
		0.159804,
		0.235399,
		0.958671,
		0,
		0.014618,
		-0.117638,
		-0.580804,
		1
	},
	[0.9] = {
		0.953816,
		-0.242777,
		-0.176905,
		0,
		0.130742,
		0.865718,
		-0.483154,
		0,
		0.270448,
		0.437711,
		0.857477,
		0,
		-0.041001,
		-0.041672,
		-0.609196,
		1
	}
}

return spline_matrices
