local spline_matrices = {
	[0] = {
		0.805324,
		0.235196,
		-0.544184,
		0,
		0.580766,
		-0.497269,
		0.644542,
		0,
		-0.119012,
		-0.835108,
		-0.537057,
		0,
		0.4448,
		-0.23188,
		0.282634,
		1
	},
	[0.0333333333333] = {
		0.799456,
		0.238513,
		-0.551345,
		0,
		0.600213,
		-0.355003,
		0.716741,
		0,
		-0.024777,
		-0.903927,
		-0.426968,
		0,
		0.443198,
		-0.195323,
		0.304457,
		1
	},
	[0.0666666666667] = {
		0.79327,
		0.245427,
		-0.557214,
		0,
		0.60356,
		-0.196375,
		0.772756,
		0,
		0.080232,
		-0.949317,
		-0.303909,
		0,
		0.430311,
		-0.112845,
		0.340834,
		1
	},
	[0.133333333333] = {
		0.791402,
		0.209502,
		-0.574275,
		0,
		0.567273,
		0.098356,
		0.817635,
		0,
		0.22778,
		-0.972849,
		-0.041006,
		0,
		0.385882,
		0.081098,
		0.395207,
		1
	},
	[0.166666666667] = {
		0.798332,
		0.121696,
		-0.589794,
		0,
		0.575247,
		0.135711,
		0.806643,
		0,
		0.178207,
		-0.983246,
		0.038337,
		0,
		0.363398,
		0.149114,
		0.396249,
		1
	},
	[0.1] = {
		0.78907,
		0.240745,
		-0.565164,
		0,
		0.589702,
		-0.039101,
		0.806674,
		0,
		0.172104,
		-0.969801,
		-0.172821,
		0,
		0.409693,
		-0.01151,
		0.376162,
		1
	},
	[0.233333333333] = {
		0.793294,
		-0.110922,
		-0.59865,
		0,
		0.608819,
		0.152553,
		0.778503,
		0,
		0.004972,
		-0.982051,
		0.188551,
		0,
		0.311819,
		0.281257,
		0.366582,
		1
	},
	[0.266666666667] = {
		0.833301,
		-0.153718,
		-0.531019,
		0,
		0.539253,
		0.43752,
		0.719571,
		0,
		0.12172,
		-0.885972,
		0.447479,
		0,
		0.271587,
		0.387496,
		0.330173,
		1
	},
	[0.2] = {
		0.795221,
		-0.001847,
		-0.606316,
		0,
		0.603213,
		0.103508,
		0.790835,
		0,
		0.061298,
		-0.994627,
		0.083425,
		0,
		0.340222,
		0.208945,
		0.387289,
		1
	},
	[0.333333333333] = {
		0.939508,
		0.037718,
		-0.340445,
		0,
		-0.257229,
		0.734011,
		-0.628539,
		0,
		0.226183,
		0.67809,
		0.699311,
		0,
		-0.074421,
		0.665752,
		-0.218565,
		1
	},
	[0.366666666667] = {
		0.923925,
		0.111216,
		-0.366051,
		0,
		-0.327438,
		-0.264954,
		-0.906964,
		0,
		-0.197855,
		0.957826,
		-0.208382,
		0,
		-0.226146,
		0.240472,
		-0.639859,
		1
	},
	[0.3] = {
		0.910908,
		0.074689,
		-0.405794,
		0,
		0.004923,
		0.981443,
		0.191691,
		0,
		0.412581,
		-0.176611,
		0.893636,
		0,
		0.10617,
		0.668158,
		0.126655,
		1
	},
	[0.433333333333] = {
		0.983255,
		0.045101,
		-0.176564,
		0,
		-0.134395,
		-0.474884,
		-0.869726,
		0,
		-0.123073,
		0.878892,
		-0.460871,
		0,
		-0.214247,
		0.209366,
		-0.654996,
		1
	},
	[0.466666666667] = {
		0.983375,
		0.047499,
		-0.175264,
		0,
		-0.134317,
		-0.459252,
		-0.878092,
		0,
		-0.122199,
		0.887035,
		-0.445237,
		0,
		-0.201337,
		0.180458,
		-0.654278,
		1
	},
	[0.4] = {
		0.95743,
		0.07617,
		-0.278434,
		0,
		-0.208096,
		-0.486364,
		-0.848614,
		0,
		-0.20006,
		0.87043,
		-0.449809,
		0,
		-0.220387,
		0.213664,
		-0.649802,
		1
	},
	[0.533333333333] = {
		0.972146,
		0.026582,
		-0.232862,
		0,
		-0.233004,
		0.216874,
		-0.947985,
		0,
		0.025302,
		0.975838,
		0.217027,
		0,
		-0.126548,
		0.066003,
		-0.635676,
		1
	},
	[0.566666666667] = {
		0.970543,
		-0.052547,
		-0.235129,
		0,
		-0.150662,
		0.629199,
		-0.762502,
		0,
		0.18801,
		0.775466,
		0.602748,
		0,
		-0.078593,
		0.000162,
		-0.620457,
		1
	},
	[0.5] = {
		0.977253,
		0.05414,
		-0.205051,
		0,
		-0.190385,
		-0.202024,
		-0.960697,
		0,
		-0.093437,
		0.977883,
		-0.187122,
		0,
		-0.169772,
		0.129473,
		-0.647494,
		1
	},
	[0.633333333333] = {
		0.960102,
		-0.236271,
		-0.149598,
		0,
		0.185658,
		0.938585,
		-0.290842,
		0,
		0.209128,
		0.251464,
		0.945004,
		0,
		0.001402,
		-0.101824,
		-0.588861,
		1
	},
	[0.666666666667] = {
		0.967555,
		-0.234796,
		-0.09332,
		0,
		0.195875,
		0.930357,
		-0.309949,
		0,
		0.159596,
		0.281613,
		0.946162,
		0,
		0.017737,
		-0.121839,
		-0.57596,
		1
	},
	[0.6] = {
		0.965902,
		-0.158468,
		-0.204746,
		0,
		0.038612,
		0.870132,
		-0.491303,
		0,
		0.256012,
		0.466645,
		0.846582,
		0,
		-0.033332,
		-0.058579,
		-0.604128,
		1
	}
}

return spline_matrices
