local spline_matrices = {
	[0] = {
		0.856958,
		-0.424876,
		-0.291725,
		0,
		-0.512385,
		-0.641355,
		-0.571074,
		0,
		0.055537,
		0.638862,
		-0.767314,
		0,
		0.315921,
		0.041745,
		-0.622372,
		1
	},
	[0.0166666666667] = {
		0.498334,
		-0.709532,
		0.498225,
		0,
		-0.864507,
		-0.450088,
		0.223717,
		0,
		0.06551,
		-0.542204,
		-0.837689,
		0,
		0.18371,
		0.08562,
		-0.564005,
		1
	},
	[0.0333333333333] = {
		0.24873,
		0.052823,
		0.967131,
		0,
		-0.913708,
		0.344088,
		0.216197,
		0,
		-0.321358,
		-0.93745,
		0.13385,
		0,
		-0.02469,
		0.1899,
		-0.458416,
		1
	},
	[0.05] = {
		0.11714,
		0.255974,
		0.95956,
		0,
		-0.986659,
		0.139995,
		0.083103,
		0,
		-0.113061,
		-0.956493,
		0.268958,
		0,
		-0.05918,
		-0.131945,
		-0.551958,
		1
	},
	[0.0666666666667] = {
		-0.018461,
		0.161758,
		0.986658,
		0,
		-0.946095,
		-0.321984,
		0.035086,
		0,
		0.323364,
		-0.932824,
		0.158982,
		0,
		-0.070129,
		-0.267681,
		-0.376213,
		1
	},
	[0.0833333333333] = {
		-0.027963,
		0.01079,
		0.999551,
		0,
		-0.753194,
		-0.657651,
		-0.013972,
		0,
		0.657204,
		-0.753246,
		0.026517,
		0,
		-0.13503,
		-0.321143,
		-0.218842,
		1
	},
	[0.116666666667] = {
		-0.015593,
		0.029135,
		0.999454,
		0,
		-0.632377,
		-0.774556,
		0.012713,
		0,
		0.774504,
		-0.631834,
		0.030502,
		0,
		-0.213201,
		-0.258603,
		-0.111906,
		1
	},
	[0.133333333333] = {
		-0.027326,
		0.082526,
		0.996214,
		0,
		-0.671179,
		-0.740053,
		0.042895,
		0,
		0.740791,
		-0.667466,
		0.075612,
		0,
		-0.255772,
		-0.19852,
		-0.068464,
		1
	},
	[0.15] = {
		-0.038262,
		0.126075,
		0.991283,
		0,
		-0.768401,
		-0.637896,
		0.05147,
		0,
		0.638824,
		-0.759733,
		0.121283,
		0,
		-0.302921,
		-0.138475,
		-0.037255,
		1
	},
	[0.166666666667] = {
		-0.046694,
		0.131591,
		0.990204,
		0,
		-0.899489,
		-0.436665,
		0.015613,
		0,
		0.434442,
		-0.889948,
		0.138754,
		0,
		-0.354617,
		-0.090622,
		-0.022883,
		1
	},
	[0.183333333333] = {
		-0.096214,
		0.079578,
		0.992174,
		0,
		-0.987961,
		0.11368,
		-0.104923,
		0,
		-0.12114,
		-0.990325,
		0.067682,
		0,
		-0.32707,
		-0.05841,
		-0.063108,
		1
	},
	[0.1] = {
		-0.013495,
		-0.006204,
		0.99989,
		0,
		-0.660943,
		-0.750313,
		-0.013576,
		0,
		0.750315,
		-0.661053,
		0.006025,
		0,
		-0.17101,
		-0.30395,
		-0.163994,
		1
	},
	[0.216666666667] = {
		-0.1715,
		-0.0639,
		0.98311,
		0,
		-0.523184,
		0.851462,
		-0.035925,
		0,
		-0.834785,
		-0.520508,
		-0.179457,
		0,
		-0.175134,
		0.022517,
		-0.137532,
		1
	},
	[0.233333333333] = {
		-0.166279,
		-0.142355,
		0.975749,
		0,
		-0.438745,
		0.89686,
		0.056078,
		0,
		-0.883093,
		-0.418781,
		-0.211587,
		0,
		-0.142747,
		0.108031,
		-0.137085,
		1
	},
	[0.25] = {
		-0.148682,
		-0.034561,
		0.988281,
		0,
		-0.666192,
		0.742073,
		-0.074274,
		0,
		-0.730809,
		-0.669428,
		-0.133357,
		0,
		-0.168478,
		0.345763,
		-0.130776,
		1
	},
	[0.266666666667] = {
		-0.131229,
		0.041512,
		0.990483,
		0,
		-0.769898,
		0.625157,
		-0.128205,
		0,
		-0.624529,
		-0.779395,
		-0.050078,
		0,
		-0.179236,
		0.565426,
		-0.119426,
		1
	},
	[0.283333333333] = {
		-0.064241,
		-0.228207,
		0.971491,
		0,
		-0.156227,
		0.963798,
		0.216069,
		0,
		-0.98563,
		-0.137892,
		-0.097567,
		0,
		-0.085632,
		0.670687,
		-0.080105,
		1
	},
	[0.2] = {
		-0.163431,
		0.034707,
		0.985944,
		0,
		-0.73684,
		0.660251,
		-0.145381,
		0,
		-0.656017,
		-0.750242,
		-0.082332,
		0,
		-0.232681,
		-0.015811,
		-0.117823,
		1
	},
	[0.316666666667] = {
		-0.342192,
		-0.33096,
		0.879415,
		0,
		0.797328,
		0.392926,
		0.458125,
		0,
		-0.497165,
		0.857948,
		0.129427,
		0,
		0.17225,
		0.650419,
		-0.040907,
		1
	},
	[0.333333333333] = {
		-0.329333,
		-0.191041,
		0.924685,
		0,
		0.893262,
		0.254316,
		0.370684,
		0,
		-0.305978,
		0.948065,
		0.086895,
		0,
		0.237499,
		0.567184,
		-0.049868,
		1
	},
	[0.35] = {
		-0.122823,
		-0.179204,
		0.976115,
		0,
		0.977067,
		0.150547,
		0.150582,
		0,
		-0.173936,
		0.972225,
		0.156603,
		0,
		0.26409,
		0.477016,
		-0.083883,
		1
	},
	[0.366666666667] = {
		0.066222,
		-0.210163,
		0.975421,
		0,
		0.9971,
		-0.022794,
		-0.072605,
		0,
		0.037492,
		0.977401,
		0.208044,
		0,
		0.276106,
		0.313631,
		-0.142517,
		1
	},
	[0.383333333333] = {
		0.000243,
		-0.205876,
		0.978578,
		0,
		0.827784,
		-0.548986,
		-0.115703,
		0,
		0.561046,
		0.81008,
		0.170288,
		0,
		0.300516,
		-0.097791,
		-0.197895,
		1
	},
	[0.3] = {
		-0.23908,
		-0.433102,
		0.869059,
		0,
		0.615385,
		0.624733,
		0.480634,
		0,
		-0.751094,
		0.649716,
		0.117164,
		0,
		0.073837,
		0.693021,
		-0.03881,
		1
	},
	[0.416666666667] = {
		-0.036369,
		-0.120123,
		0.992093,
		0,
		0.140419,
		-0.983515,
		-0.113937,
		0,
		0.989424,
		0.135165,
		0.052637,
		0,
		0.275836,
		-0.411558,
		-0.272679,
		1
	},
	[0.433333333333] = {
		0.025941,
		-0.133911,
		0.990654,
		0,
		-0.046302,
		-0.990085,
		-0.132621,
		0,
		0.998591,
		-0.042429,
		-0.031884,
		0,
		0.246444,
		-0.408065,
		-0.308173,
		1
	},
	[0.45] = {
		0.101953,
		-0.171187,
		0.979949,
		0,
		-0.177512,
		-0.972403,
		-0.1514,
		0,
		0.978823,
		-0.158517,
		-0.129527,
		0,
		0.214255,
		-0.395444,
		-0.342639,
		1
	},
	[0.466666666667] = {
		0.183573,
		-0.224115,
		0.957117,
		0,
		-0.277009,
		-0.945999,
		-0.168382,
		0,
		0.943169,
		-0.234219,
		-0.235741,
		0,
		0.183242,
		-0.378007,
		-0.374608,
		1
	},
	[0.483333333333] = {
		0.260818,
		-0.283988,
		0.922672,
		0,
		-0.362757,
		-0.914542,
		-0.178943,
		0,
		0.89464,
		-0.288035,
		-0.341548,
		0,
		0.157402,
		-0.359222,
		-0.402351,
		1
	},
	[0.4] = {
		-0.073224,
		-0.136506,
		0.987929,
		0,
		0.407229,
		-0.908338,
		-0.095325,
		0,
		0.910386,
		0.395333,
		0.122102,
		0,
		0.29734,
		-0.399752,
		-0.23744,
		1
	},
	[0.516666666667] = {
		0.416061,
		-0.426568,
		0.803077,
		0,
		-0.494196,
		-0.847409,
		-0.194081,
		0,
		0.763324,
		-0.316128,
		-0.563382,
		0,
		0.113131,
		-0.312415,
		-0.45574,
		1
	},
	[0.533333333333] = {
		0.49677,
		-0.505453,
		0.705504,
		0,
		-0.540317,
		-0.81627,
		-0.204355,
		0,
		0.679174,
		-0.279679,
		-0.678604,
		0,
		0.09094,
		-0.283302,
		-0.483288,
		1
	},
	[0.55] = {
		0.572083,
		-0.57915,
		0.580782,
		0,
		-0.578032,
		-0.787053,
		-0.215467,
		0,
		0.581894,
		-0.212445,
		-0.785026,
		0,
		0.069158,
		-0.252082,
		-0.509837,
		1
	},
	[0.566666666667] = {
		0.635804,
		-0.639296,
		0.432496,
		0,
		-0.609696,
		-0.759588,
		-0.226486,
		0,
		0.473311,
		-0.119691,
		-0.872726,
		0,
		0.048279,
		-0.220163,
		-0.534257,
		1
	},
	[0.583333333333] = {
		0.68273,
		-0.679296,
		0.269141,
		0,
		-0.636938,
		-0.733795,
		-0.236336,
		0,
		0.358037,
		-0.010073,
		-0.933653,
		0,
		0.028917,
		-0.189065,
		-0.555597,
		1
	},
	[0.5] = {
		0.335779,
		-0.35057,
		0.874273,
		0,
		-0.436446,
		-0.880419,
		-0.185411,
		0,
		0.834726,
		-0.319316,
		-0.448631,
		0,
		0.135373,
		-0.338128,
		-0.428381,
		1
	},
	[0.616666666667] = {
		0.718922,
		-0.693045,
		-0.053296,
		0,
		-0.681764,
		-0.68812,
		-0.248372,
		0,
		0.135459,
		0.214896,
		-0.967197,
		0,
		-0.002631,
		-0.135491,
		-0.586569,
		1
	},
	[0.633333333333] = {
		0.712721,
		-0.675654,
		-0.188467,
		0,
		-0.700183,
		-0.66915,
		-0.248961,
		0,
		0.042099,
		0.309401,
		-0.949999,
		0,
		-0.013687,
		-0.11581,
		-0.595563,
		1
	},
	[0.65] = {
		0.697098,
		-0.65325,
		-0.295497,
		0,
		-0.716221,
		-0.653377,
		-0.245205,
		0,
		-0.03289,
		0.382573,
		-0.92334,
		0,
		-0.02106,
		-0.102434,
		-0.599972,
		1
	},
	[0.666666666667] = {
		0.677703,
		-0.635052,
		-0.370712,
		0,
		-0.730127,
		-0.641033,
		-0.236625,
		0,
		-0.08737,
		0.431028,
		-0.898099,
		0,
		-0.024494,
		-0.09636,
		-0.599552,
		1
	},
	[0.683333333333] = {
		0.663533,
		-0.625468,
		-0.410504,
		0,
		-0.738973,
		-0.633588,
		-0.229095,
		0,
		-0.116799,
		0.455364,
		-0.882611,
		0,
		-0.025193,
		-0.094845,
		-0.597511,
		1
	},
	[0.6] = {
		0.71019,
		-0.696454,
		0.102871,
		0,
		-0.660775,
		-0.709838,
		-0.243938,
		0,
		0.242914,
		0.105267,
		-0.964319,
		0,
		0.011739,
		-0.160347,
		-0.573171,
		1
	},
	[0.716666666667] = {
		0.662321,
		-0.625345,
		-0.412643,
		0,
		-0.740112,
		-0.631709,
		-0.230603,
		0,
		-0.116464,
		0.458135,
		-0.88122,
		0,
		-0.024071,
		-0.094229,
		-0.597482,
		1
	},
	[0.733333333333] = {
		0.668617,
		-0.63017,
		-0.394762,
		0,
		-0.736564,
		-0.634143,
		-0.235235,
		0,
		-0.102097,
		0.44805,
		-0.88816,
		0,
		-0.023067,
		-0.094582,
		-0.598466,
		1
	},
	[0.75] = {
		0.674685,
		-0.634701,
		-0.37677,
		0,
		-0.73284,
		-0.636893,
		-0.2394,
		0,
		-0.088014,
		0.437632,
		-0.894836,
		0,
		-0.022269,
		-0.095046,
		-0.599417,
		1
	},
	[0.766666666667] = {
		0.677368,
		-0.63667,
		-0.368542,
		0,
		-0.731097,
		-0.638227,
		-0.241172,
		0,
		-0.081667,
		0.432802,
		-0.897782,
		0,
		-0.021957,
		-0.095286,
		-0.59984,
		1
	},
	[0.7] = {
		0.659384,
		-0.622883,
		-0.420986,
		0,
		-0.741547,
		-0.631048,
		-0.227786,
		0,
		-0.123778,
		0.462379,
		-0.878,
		0,
		-0.024903,
		-0.094236,
		-0.596988,
		1
	}
}

return spline_matrices
