-- chunkname: @content/characters/player/human/first_person/animations/combat_knife/swing_left_diagonal_up.lua

local spline_matrices = {
	[0.0166666666667] = {
		0.396048,
		-0.862084,
		-0.316161,
		0,
		-0.894808,
		-0.285075,
		-0.343585,
		0,
		0.206069,
		0.41898,
		-0.884303,
		0,
		0.053102,
		0.020785,
		-0.579321,
		1,
	},
	[0.0333333333333] = {
		-0.108636,
		-0.90857,
		-0.403359,
		0,
		-0.777832,
		0.330358,
		-0.534641,
		0,
		0.619011,
		0.255665,
		-0.742604,
		0,
		0.215825,
		0.045691,
		-0.537376,
		1,
	},
	[0.05] = {
		-0.569798,
		-0.523005,
		-0.633874,
		0,
		-0.121224,
		0.816393,
		-0.56463,
		0,
		0.812795,
		-0.244884,
		-0.52858,
		0,
		0.416772,
		0.031884,
		-0.468528,
		1,
	},
	[0.0666666666667] = {
		-0.580694,
		-0.009158,
		-0.81407,
		0,
		0.533019,
		0.75155,
		-0.388669,
		0,
		0.615373,
		-0.659613,
		-0.431539,
		0,
		0.559195,
		-0.010097,
		-0.401474,
		1,
	},
	[0.0833333333333] = {
		-0.443483,
		0.238668,
		-0.863921,
		0,
		0.780746,
		0.576255,
		-0.241589,
		0,
		0.440179,
		-0.781644,
		-0.441899,
		0,
		0.60801,
		-0.032977,
		-0.36538,
		1,
	},
	[0] = {
		0.683658,
		-0.652933,
		-0.326023,
		0,
		-0.722514,
		-0.668518,
		-0.176229,
		0,
		-0.102887,
		0.356037,
		-0.928791,
		0,
		-0.013174,
		-0.009431,
		-0.589664,
		1,
	},
	[0.116666666667] = {
		-0.33541,
		0.381245,
		-0.861483,
		0,
		0.847857,
		0.520778,
		-0.099637,
		0,
		0.410655,
		-0.763834,
		-0.497916,
		0,
		0.603101,
		-0.006271,
		-0.343463,
		1,
	},
	[0.133333333333] = {
		-0.328286,
		0.40922,
		-0.851333,
		0,
		0.824896,
		0.5633,
		-0.047323,
		0,
		0.46019,
		-0.717797,
		-0.522487,
		0,
		0.599587,
		0.033772,
		-0.338117,
		1,
	},
	[0.15] = {
		-0.3442,
		0.419656,
		-0.83989,
		0,
		0.770118,
		0.637894,
		0.003121,
		0,
		0.53707,
		-0.64574,
		-0.542748,
		0,
		0.594264,
		0.087408,
		-0.334566,
		1,
	},
	[0.166666666667] = {
		-0.377326,
		0.413502,
		-0.828638,
		0,
		0.678727,
		0.732227,
		0.056328,
		0,
		0.630043,
		-0.541165,
		-0.556943,
		0,
		0.585893,
		0.151961,
		-0.331623,
		1,
	},
	[0.183333333333] = {
		-0.420909,
		0.3902,
		-0.818889,
		0,
		0.545901,
		0.829938,
		0.114871,
		0,
		0.72445,
		-0.398683,
		-0.562339,
		0,
		0.573055,
		0.22453,
		-0.328201,
		1,
	},
	[0.1] = {
		-0.371694,
		0.329913,
		-0.867756,
		0,
		0.838119,
		0.521239,
		-0.16083,
		0,
		0.399248,
		-0.787063,
		-0.470247,
		0,
		0.605765,
		-0.029786,
		-0.351962,
		1,
	},
	[0.216666666667] = {
		-0.506082,
		0.300114,
		-0.808587,
		0,
		0.172226,
		0.953791,
		0.246214,
		0,
		0.845115,
		-0.014655,
		-0.534383,
		0,
		0.529431,
		0.37902,
		-0.316314,
		1,
	},
	[0.233333333333] = {
		-0.533363,
		0.248776,
		-0.808476,
		0,
		-0.031734,
		0.949217,
		0.313018,
		0,
		0.845291,
		0.192609,
		-0.498383,
		0,
		0.498601,
		0.452397,
		-0.306564,
		1,
	},
	[0.25] = {
		-0.548429,
		0.209652,
		-0.809488,
		0,
		-0.210752,
		0.902152,
		0.376437,
		0,
		0.809203,
		0.37705,
		-0.450582,
		0,
		0.463724,
		0.518004,
		-0.2938,
		1,
	},
	[0.266666666667] = {
		-0.556342,
		0.194839,
		-0.807788,
		0,
		-0.342698,
		0.8318,
		0.436654,
		0,
		0.756995,
		0.519756,
		-0.395995,
		0,
		0.427113,
		0.573243,
		-0.277704,
		1,
	},
	[0.283333333333] = {
		-0.549743,
		0.207813,
		-0.809071,
		0,
		-0.423618,
		0.76542,
		0.484438,
		0,
		0.719952,
		0.609053,
		-0.332751,
		0,
		0.333573,
		0.64052,
		-0.225475,
		1,
	},
	[0.2] = {
		-0.466684,
		0.350672,
		-0.811933,
		0,
		0.372851,
		0.910477,
		0.178925,
		0,
		0.80199,
		-0.219229,
		-0.555653,
		0,
		0.554443,
		0.30161,
		-0.323352,
		1,
	},
	[0.316666666667] = {
		-0.690649,
		0.128009,
		-0.71177,
		0,
		-0.697058,
		0.144347,
		0.702334,
		0,
		0.192647,
		0.981212,
		-0.010463,
		0,
		-0.066242,
		0.64375,
		-0.025779,
		1,
	},
	[0.333333333333] = {
		-0.741929,
		-0.018618,
		-0.67022,
		0,
		-0.611681,
		-0.390557,
		0.687976,
		0,
		-0.274568,
		0.92039,
		0.278378,
		0,
		-0.284526,
		0.516851,
		0.079106,
		1,
	},
	[0.35] = {
		-0.705817,
		-0.045003,
		-0.706963,
		0,
		-0.529609,
		-0.629262,
		0.568808,
		0,
		-0.470463,
		0.775889,
		0.42031,
		0,
		-0.408807,
		0.293909,
		0.144693,
		1,
	},
	[0.366666666667] = {
		-0.666661,
		-0.020154,
		-0.745089,
		0,
		-0.413145,
		-0.822029,
		0.391892,
		0,
		-0.620383,
		0.569089,
		0.539688,
		0,
		-0.459152,
		0.027642,
		0.171903,
		1,
	},
	[0.383333333333] = {
		-0.675161,
		0.008064,
		-0.737626,
		0,
		-0.025889,
		-0.999583,
		0.012768,
		0,
		-0.737216,
		0.027717,
		0.675089,
		0,
		-0.407665,
		-0.279539,
		0.125988,
		1,
	},
	[0.3] = {
		-0.574157,
		0.214719,
		-0.790088,
		0,
		-0.546266,
		0.618346,
		0.565016,
		0,
		0.609867,
		0.756006,
		-0.237734,
		0,
		0.168773,
		0.683278,
		-0.137882,
		1,
	},
	[0.416666666667] = {
		-0.620468,
		0.019664,
		-0.783985,
		0,
		0.491423,
		-0.769324,
		-0.408222,
		0,
		-0.611166,
		-0.638556,
		0.467677,
		0,
		-0.311724,
		-0.53227,
		-0.000913,
		1,
	},
	[0.433333333333] = {
		-0.528366,
		0.026348,
		-0.848608,
		0,
		0.581391,
		-0.717169,
		-0.384257,
		0,
		-0.618719,
		-0.696401,
		0.363609,
		0,
		-0.302915,
		-0.560289,
		-0.044172,
		1,
	},
	[0.45] = {
		-0.408973,
		0.031828,
		-0.911991,
		0,
		0.62691,
		-0.716425,
		-0.306134,
		0,
		-0.663117,
		-0.696937,
		0.273045,
		0,
		-0.301397,
		-0.574967,
		-0.083019,
		1,
	},
	[0.466666666667] = {
		-0.27564,
		0.034097,
		-0.960656,
		0,
		0.635608,
		-0.743252,
		-0.208755,
		0,
		-0.721127,
		-0.668142,
		0.183197,
		0,
		-0.299516,
		-0.580787,
		-0.119717,
		1,
	},
	[0.483333333333] = {
		-0.149373,
		0.040507,
		-0.987951,
		0,
		0.622511,
		-0.772435,
		-0.125792,
		0,
		-0.768224,
		-0.6338,
		0.090165,
		0,
		-0.288753,
		-0.582016,
		-0.155757,
		1,
	},
	[0.4] = {
		-0.677628,
		0.015955,
		-0.735232,
		0,
		0.338267,
		-0.880961,
		-0.330882,
		0,
		-0.65299,
		-0.472919,
		0.591567,
		0,
		-0.334967,
		-0.483908,
		0.04921,
		1,
	},
	[0.516666666667] = {
		0.11269,
		0.050903,
		-0.992325,
		0,
		0.515248,
		-0.856917,
		0.014555,
		0,
		-0.8496,
		-0.512934,
		-0.122794,
		0,
		-0.197252,
		-0.475957,
		-0.25578,
		1,
	},
	[0.533333333333] = {
		0.263769,
		0.030111,
		-0.964116,
		0,
		0.397451,
		-0.914113,
		0.080188,
		0,
		-0.878896,
		-0.40434,
		-0.253082,
		0,
		-0.208332,
		-0.475127,
		-0.287614,
		1,
	},
	[0.55] = {
		0.415693,
		-0.018656,
		-0.909313,
		0,
		0.236448,
		-0.963195,
		0.127854,
		0,
		-0.878232,
		-0.268154,
		-0.395983,
		0,
		-0.191427,
		-0.423912,
		-0.334791,
		1,
	},
	[0.566666666667] = {
		0.551696,
		-0.098262,
		-0.828237,
		0,
		0.043175,
		-0.98834,
		0.146016,
		0,
		-0.832927,
		-0.116316,
		-0.54102,
		0,
		-0.162267,
		-0.349685,
		-0.3864,
		1,
	},
	[0.583333333333] = {
		0.654555,
		-0.203261,
		-0.728177,
		0,
		-0.160702,
		-0.978576,
		0.128702,
		0,
		-0.738737,
		0.032777,
		-0.673196,
		0,
		-0.131506,
		-0.270664,
		-0.437266,
		1,
	},
	[0.5] = {
		-0.026532,
		0.051441,
		-0.998324,
		0,
		0.588896,
		-0.806182,
		-0.057191,
		0,
		-0.807773,
		-0.589427,
		-0.008904,
		0,
		-0.187835,
		-0.464089,
		-0.231367,
		1,
	},
	[0.616666666667] = {
		0.734005,
		-0.433584,
		-0.522725,
		0,
		-0.502929,
		-0.864262,
		0.010671,
		0,
		-0.456398,
		0.255061,
		-0.852434,
		0,
		-0.069014,
		-0.12186,
		-0.525611,
		1,
	},
	[0.633333333333] = {
		0.724949,
		-0.530556,
		-0.439272,
		0,
		-0.613936,
		-0.78685,
		-0.062841,
		0,
		-0.3123,
		0.315241,
		-0.896154,
		0,
		-0.042216,
		-0.064155,
		-0.557895,
		1,
	},
	[0.65] = {
		0.702762,
		-0.604866,
		-0.374517,
		0,
		-0.685332,
		-0.716852,
		-0.128231,
		0,
		-0.19091,
		0.346784,
		-0.91831,
		0,
		-0.022677,
		-0.024775,
		-0.579705,
		1,
	},
	[0.666666666667] = {
		0.681162,
		-0.654838,
		-0.327423,
		0,
		-0.724985,
		-0.665641,
		-0.176972,
		0,
		-0.102059,
		0.357923,
		-0.928157,
		0,
		-0.01349,
		-0.008418,
		-0.589672,
		1,
	},
	[0.683333333333] = {
		0.6695,
		-0.678284,
		-0.302821,
		0,
		-0.740587,
		-0.641043,
		-0.201484,
		0,
		-0.057458,
		0.359158,
		-0.931506,
		0,
		-0.011436,
		-0.006447,
		-0.591929,
		1,
	},
	[0.6] = {
		0.714545,
		-0.320342,
		-0.621938,
		0,
		-0.349321,
		-0.933621,
		0.079545,
		0,
		-0.606136,
		0.160418,
		-0.779016,
		0,
		-0.099767,
		-0.192653,
		-0.484613,
		1,
	},
	[0.716666666667] = {
		0.673988,
		-0.671447,
		-0.308056,
		0,
		-0.735515,
		-0.64885,
		-0.194963,
		0,
		-0.068975,
		0.357983,
		-0.931177,
		0,
		-0.011781,
		-0.007503,
		-0.591373,
		1,
	},
	[0.733333333333] = {
		0.680555,
		-0.659151,
		-0.319945,
		0,
		-0.726958,
		-0.661994,
		-0.182472,
		0,
		-0.091525,
		0.356769,
		-0.929698,
		0,
		-0.012712,
		-0.008793,
		-0.590242,
		1,
	},
	[0.75] = {
		0.683658,
		-0.652933,
		-0.326023,
		0,
		-0.722514,
		-0.668518,
		-0.176229,
		0,
		-0.102887,
		0.356037,
		-0.928791,
		0,
		-0.013174,
		-0.009431,
		-0.589664,
		1,
	},
	[0.7] = {
		0.668561,
		-0.680687,
		-0.299485,
		0,
		-0.741826,
		-0.638689,
		-0.204378,
		0,
		-0.05216,
		0.358805,
		-0.931954,
		0,
		-0.0111,
		-0.006447,
		-0.592201,
		1,
	},
}

return spline_matrices
