-- chunkname: @content/characters/player/human/first_person/animations/combat_knife/swing_right_diagonal.lua

local spline_matrices = {
	[0.0166666666667] = {
		0.896608,
		0.061102,
		0.43859,
		0,
		-0.440373,
		0.018946,
		0.897615,
		0,
		0.046537,
		-0.997952,
		0.043895,
		0,
		-0.489412,
		-0.106094,
		0.104841,
		1
	},
	[0.0333333333333] = {
		0.884164,
		0.100163,
		0.456313,
		0,
		-0.466039,
		0.120987,
		0.876453,
		0,
		0.03258,
		-0.987588,
		0.153652,
		0,
		-0.491322,
		-0.058318,
		0.118094,
		1
	},
	[0.05] = {
		0.862422,
		0.121465,
		0.491401,
		0,
		-0.506102,
		0.225017,
		0.832603,
		0,
		-0.009442,
		-0.966754,
		0.255533,
		0,
		-0.489122,
		-0.004368,
		0.118608,
		1
	},
	[0.0666666666667] = {
		0.829332,
		0.125804,
		0.54441,
		0,
		-0.554363,
		0.307195,
		0.773507,
		0,
		-0.06993,
		-0.943295,
		0.324507,
		0,
		-0.479922,
		0.051813,
		0.116829,
		1
	},
	[0.0833333333333] = {
		0.786487,
		0.117302,
		0.606365,
		0,
		-0.599781,
		0.379246,
		0.704581,
		0,
		-0.147313,
		-0.91783,
		0.368628,
		0,
		-0.464212,
		0.109993,
		0.113429,
		1
	},
	[0] = {
		0.904354,
		-0.006032,
		0.426741,
		0,
		-0.426003,
		-0.07324,
		0.901753,
		0,
		0.025815,
		-0.997296,
		-0.068804,
		0,
		-0.483201,
		-0.14323,
		0.066095,
		1
	},
	[0.116666666667] = {
		0.684287,
		0.076215,
		0.725219,
		0,
		-0.64123,
		0.536465,
		0.548661,
		0,
		-0.347238,
		-0.840474,
		0.415968,
		0,
		-0.415874,
		0.232665,
		0.103841,
		1
	},
	[0.133333333333] = {
		0.633849,
		0.050702,
		0.771793,
		0,
		-0.615242,
		0.637775,
		0.46338,
		0,
		-0.468736,
		-0.768552,
		0.435447,
		0,
		-0.384889,
		0.297756,
		0.098093,
		1
	},
	[0.15] = {
		0.591,
		0.025064,
		0.806282,
		0,
		-0.537708,
		0.757317,
		0.370595,
		0,
		-0.601323,
		-0.652566,
		0.461052,
		0,
		-0.350333,
		0.365993,
		0.091985,
		1
	},
	[0.166666666667] = {
		0.56184,
		-0.000521,
		0.827246,
		0,
		-0.385944,
		0.884334,
		0.262679,
		0,
		-0.731698,
		-0.466854,
		0.496653,
		0,
		-0.312332,
		0.438029,
		0.085503,
		1
	},
	[0.183333333333] = {
		0.551109,
		-0.065549,
		0.831854,
		0,
		-0.053216,
		0.992119,
		0.113433,
		0,
		-0.832734,
		-0.106782,
		0.543278,
		0,
		-0.238039,
		0.551857,
		0.073144,
		1
	},
	[0.1] = {
		0.736772,
		0.09957,
		0.668769,
		0,
		-0.63212,
		0.452493,
		0.629026,
		0,
		-0.239981,
		-0.886192,
		0.396325,
		0,
		-0.442603,
		0.170206,
		0.108982,
		1
	},
	[0.216666666667] = {
		0.469196,
		-0.112478,
		0.875902,
		0,
		0.699317,
		0.653009,
		-0.290749,
		0,
		-0.539269,
		0.748951,
		0.385047,
		0,
		0.030869,
		0.669023,
		-0.048487,
		1
	},
	[0.233333333333] = {
		0.461596,
		-0.077449,
		0.883703,
		0,
		0.879728,
		0.168044,
		-0.444792,
		0,
		-0.114052,
		0.982732,
		0.145703,
		0,
		0.214823,
		0.647407,
		-0.157708,
		1
	},
	[0.25] = {
		0.537136,
		-0.176891,
		0.824739,
		0,
		0.588135,
		-0.622338,
		-0.516519,
		0,
		0.604634,
		0.762499,
		-0.230245,
		0,
		0.508557,
		0.209495,
		-0.3101,
		1
	},
	[0.266666666667] = {
		0.522627,
		-0.305787,
		0.795836,
		0,
		-0.092921,
		-0.948334,
		-0.303361,
		0,
		0.847483,
		0.084595,
		-0.524039,
		0,
		0.651676,
		-0.241645,
		-0.420768,
		1
	},
	[0.283333333333] = {
		0.511707,
		-0.281617,
		0.811694,
		0,
		-0.381879,
		-0.920852,
		-0.078745,
		0,
		0.769626,
		-0.269674,
		-0.57875,
		0,
		0.642029,
		-0.244517,
		-0.454519,
		1
	},
	[0.2] = {
		0.522068,
		-0.130155,
		0.842915,
		0,
		0.366207,
		0.92676,
		-0.083713,
		0,
		-0.770284,
		0.352385,
		0.531495,
		0,
		-0.114531,
		0.646848,
		0.033731,
		1
	},
	[0.316666666667] = {
		0.560181,
		-0.107582,
		0.821355,
		0,
		-0.598743,
		-0.737793,
		0.311719,
		0,
		0.572454,
		-0.666399,
		-0.477711,
		0,
		0.60361,
		-0.231377,
		-0.485784,
		1
	},
	[0.333333333333] = {
		0.608876,
		-0.009944,
		0.793203,
		0,
		-0.62332,
		-0.624475,
		0.470642,
		0,
		0.490655,
		-0.780982,
		-0.386426,
		0,
		0.570187,
		-0.22275,
		-0.486939,
		1
	},
	[0.35] = {
		0.662443,
		0.060717,
		0.746648,
		0,
		-0.62106,
		-0.512804,
		0.59272,
		0,
		0.418872,
		-0.856356,
		-0.301995,
		0,
		0.53483,
		-0.212598,
		-0.486527,
		1
	},
	[0.366666666667] = {
		0.708974,
		0.073421,
		0.701402,
		0,
		-0.614286,
		-0.424254,
		0.665327,
		0,
		0.346422,
		-0.902562,
		-0.255684,
		0,
		0.499057,
		-0.201938,
		-0.489944,
		1
	},
	[0.383333333333] = {
		0.745369,
		0.036602,
		0.665647,
		0,
		-0.608129,
		-0.371766,
		0.701405,
		0,
		0.273138,
		-0.927604,
		-0.254844,
		0,
		0.461058,
		-0.190991,
		-0.497739,
		1
	},
	[0.3] = {
		0.526401,
		-0.203689,
		0.825477,
		0,
		-0.525021,
		-0.841537,
		0.127151,
		0,
		0.668771,
		-0.500326,
		-0.549927,
		0,
		0.628054,
		-0.235994,
		-0.475274,
		1
	},
	[0.416666666667] = {
		0.802941,
		-0.091117,
		0.589052,
		0,
		-0.578792,
		-0.355326,
		0.733992,
		0,
		0.142426,
		-0.930291,
		-0.338044,
		0,
		0.373926,
		-0.167635,
		-0.516317,
		1
	},
	[0.433333333333] = {
		0.822558,
		-0.173956,
		0.541422,
		0,
		-0.56291,
		-0.384358,
		0.731711,
		0,
		0.080814,
		-0.906647,
		-0.414078,
		0,
		0.326963,
		-0.155349,
		-0.526466,
		1
	},
	[0.45] = {
		0.835199,
		-0.263592,
		0.482661,
		0,
		-0.54958,
		-0.432146,
		0.714991,
		0,
		0.020115,
		-0.862421,
		-0.505793,
		0,
		0.279166,
		-0.142584,
		-0.536914,
		1
	},
	[0.466666666667] = {
		0.840386,
		-0.354566,
		0.40992,
		0,
		-0.540527,
		-0.492788,
		0.681902,
		0,
		-0.039775,
		-0.794634,
		-0.605785,
		0,
		0.231557,
		-0.129279,
		-0.547456,
		1
	},
	[0.483333333333] = {
		0.837822,
		-0.440691,
		0.322252,
		0,
		-0.53707,
		-0.559314,
		0.631446,
		0,
		-0.098032,
		-0.702111,
		-0.705287,
		0,
		0.185279,
		-0.115457,
		-0.55775,
		1
	},
	[0.4] = {
		0.776967,
		-0.019609,
		0.629236,
		0,
		-0.594906,
		-0.34983,
		0.723675,
		0,
		0.205935,
		-0.936608,
		-0.283472,
		0,
		0.418997,
		-0.179514,
		-0.506649,
		1
	},
	[0.516666666667] = {
		0.81077,
		-0.574931,
		0.110027,
		0,
		-0.548716,
		-0.681001,
		0.484921,
		0,
		-0.203868,
		-0.453533,
		-0.867609,
		0,
		0.1014,
		-0.087133,
		-0.575933,
		1
	},
	[0.533333333333] = {
		0.788263,
		-0.615314,
		-0.005515,
		0,
		-0.562786,
		-0.724536,
		0.397894,
		0,
		-0.248825,
		-0.310541,
		-0.917415,
		0,
		0.066137,
		-0.073516,
		-0.583024,
		1
	},
	[0.55] = {
		0.761553,
		-0.636914,
		-0.119903,
		0,
		-0.580666,
		-0.752705,
		0.310261,
		0,
		-0.287862,
		-0.166657,
		-0.94306,
		0,
		0.036837,
		-0.061088,
		-0.588379,
		1
	},
	[0.566666666667] = {
		0.731815,
		-0.642128,
		-0.228296,
		0,
		-0.600788,
		-0.766003,
		0.228677,
		0,
		-0.321715,
		-0.030192,
		-0.946355,
		0,
		0.014579,
		-0.050541,
		-0.591827,
		1
	},
	[0.583333333333] = {
		0.699713,
		-0.63498,
		-0.327417,
		0,
		-0.621685,
		-0.766985,
		0.158877,
		0,
		-0.352007,
		0.092382,
		-0.931427,
		0,
		0.000397,
		-0.042546,
		-0.593279,
		1
	},
	[0.5] = {
		0.827696,
		-0.515806,
		0.221049,
		0,
		-0.539849,
		-0.624303,
		0.564632,
		0,
		-0.153239,
		-0.586677,
		-0.795191,
		0,
		0.141501,
		-0.10129,
		-0.567383,
		1
	},
	[0.616666666667] = {
		0.664348,
		-0.622758,
		-0.413296,
		0,
		-0.644383,
		-0.757398,
		0.105446,
		0,
		-0.378697,
		0.196268,
		-0.904471,
		0,
		-0.003637,
		-0.038729,
		-0.592624,
		1
	},
	[0.633333333333] = {
		0.663616,
		-0.62487,
		-0.41128,
		0,
		-0.646293,
		-0.755769,
		0.105444,
		0,
		-0.376722,
		0.195833,
		-0.905389,
		0,
		-0.002727,
		-0.039573,
		-0.592573,
		1
	},
	[0.65] = {
		0.663057,
		-0.62648,
		-0.409729,
		0,
		-0.647755,
		-0.75452,
		0.105418,
		0,
		-0.375191,
		0.195506,
		-0.906095,
		0,
		-0.00202,
		-0.040214,
		-0.592533,
		1
	},
	[0.666666666667] = {
		0.662701,
		-0.627507,
		-0.408733,
		0,
		-0.648691,
		-0.75372,
		0.105388,
		0,
		-0.374202,
		0.195301,
		-0.906549,
		0,
		-0.001562,
		-0.040621,
		-0.592506,
		1
	},
	[0.683333333333] = {
		0.662576,
		-0.627867,
		-0.408381,
		0,
		-0.649021,
		-0.753437,
		0.105374,
		0,
		-0.373851,
		0.195229,
		-0.906709,
		0,
		-0.001399,
		-0.040764,
		-0.592497,
		1
	},
	[0.6] = {
		0.665225,
		-0.620226,
		-0.415687,
		0,
		-0.642106,
		-0.759335,
		0.105404,
		0,
		-0.38102,
		0.196798,
		-0.903379,
		0,
		-0.004704,
		-0.037714,
		-0.592682,
		1
	}
}

return spline_matrices
