-- chunkname: @content/characters/player/human/first_person/animations/combat_knife/swing_right_diagonal_up.lua

local spline_matrices = {
	[0.0166666666667] = {
		0.479628,
		-0.737139,
		0.476008,
		0,
		-0.874889,
		-0.443329,
		0.195009,
		0,
		0.067279,
		-0.509986,
		-0.857548,
		0,
		-0.15097,
		0.019194,
		-0.544668,
		1
	},
	[0.0333333333333] = {
		0.215113,
		0.026013,
		0.976243,
		0,
		-0.924703,
		0.326927,
		0.195045,
		0,
		-0.314087,
		-0.944691,
		0.09438,
		0,
		-0.358019,
		0.11996,
		-0.441054,
		1
	},
	[0.05] = {
		0.088863,
		0.219348,
		0.971591,
		0,
		-0.990561,
		0.121665,
		0.063131,
		0,
		-0.104361,
		-0.968031,
		0.228089,
		0,
		-0.390538,
		-0.200492,
		-0.535942,
		1
	},
	[0.0666666666667] = {
		-0.029585,
		0.114445,
		0.992989,
		0,
		-0.942017,
		-0.335398,
		0.010589,
		0,
		0.334259,
		-0.935099,
		0.117732,
		0,
		-0.401188,
		-0.3346,
		-0.362248,
		1
	},
	[0.0833333333333] = {
		-0.024746,
		-0.036347,
		0.999033,
		0,
		-0.744957,
		-0.665746,
		-0.042674,
		0,
		0.666654,
		-0.745292,
		-0.010602,
		0,
		-0.466936,
		-0.387299,
		-0.207978,
		1
	},
	[0] = {
		0.845718,
		-0.420054,
		-0.329115,
		0,
		-0.532136,
		-0.617723,
		-0.579007,
		0,
		0.039912,
		0.66481,
		-0.745945,
		0,
		-0.012534,
		-0.020894,
		-0.62147,
		1
	},
	[0.116666666667] = {
		-0.048368,
		-0.318943,
		0.946539,
		0,
		-0.50709,
		-0.808598,
		-0.298376,
		0,
		0.860535,
		-0.494413,
		-0.122623,
		0,
		-0.43179,
		-0.504609,
		-0.32411,
		1
	},
	[0.133333333333] = {
		-0.109769,
		-0.447285,
		0.88763,
		0,
		-0.425437,
		-0.785946,
		-0.448657,
		0,
		0.898306,
		-0.426879,
		-0.104019,
		0,
		-0.413762,
		-0.551149,
		-0.396677,
		1
	},
	[0.15] = {
		-0.230555,
		-0.540862,
		0.808896,
		0,
		-0.289387,
		-0.755566,
		-0.587686,
		0,
		0.929031,
		-0.369578,
		0.017681,
		0,
		-0.391984,
		-0.565993,
		-0.428339,
		1
	},
	[0.166666666667] = {
		-0.498115,
		-0.569543,
		0.653837,
		0,
		-0.031597,
		-0.741618,
		-0.670078,
		0,
		0.866535,
		-0.354436,
		0.351415,
		0,
		-0.365647,
		-0.436834,
		-0.407893,
		1
	},
	[0.183333333333] = {
		-0.543595,
		-0.653377,
		0.52688,
		0,
		-0.100171,
		-0.572739,
		-0.813595,
		0,
		0.833349,
		-0.495044,
		0.245888,
		0,
		-0.362538,
		-0.346445,
		-0.433198,
		1
	},
	[0.1] = {
		-0.030096,
		-0.174262,
		0.984239,
		0,
		-0.599249,
		-0.784957,
		-0.157302,
		0,
		0.799997,
		-0.594538,
		-0.080802,
		0,
		-0.448814,
		-0.444654,
		-0.248977,
		1
	},
	[0.216666666667] = {
		-0.590611,
		-0.709231,
		0.384929,
		0,
		-0.575229,
		0.035481,
		-0.817223,
		0,
		0.565942,
		-0.704083,
		-0.428925,
		0,
		-0.382032,
		-0.118334,
		-0.499731,
		1
	},
	[0.233333333333] = {
		-0.62951,
		-0.529117,
		0.568992,
		0,
		-0.776021,
		0.464756,
		-0.426373,
		0,
		-0.038841,
		-0.709955,
		-0.703175,
		0,
		-0.392115,
		0.189736,
		-0.342021,
		1
	},
	[0.25] = {
		-0.490631,
		-0.401524,
		0.773343,
		0,
		-0.645881,
		0.763319,
		-0.013447,
		0,
		-0.584909,
		-0.506085,
		-0.633845,
		0,
		-0.390905,
		0.421687,
		-0.170476,
		1
	},
	[0.266666666667] = {
		-0.476252,
		-0.415978,
		0.774691,
		0,
		-0.708614,
		0.703205,
		-0.058038,
		0,
		-0.520624,
		-0.576598,
		-0.629671,
		0,
		-0.417162,
		0.381971,
		-0.193637,
		1
	},
	[0.283333333333] = {
		-0.475281,
		-0.295214,
		0.828829,
		0,
		-0.154912,
		0.95539,
		0.251461,
		0,
		-0.866089,
		-0.008881,
		-0.499811,
		0,
		-0.308421,
		0.547955,
		-0.13273,
		1
	},
	[0.2] = {
		-0.543796,
		-0.72607,
		0.420843,
		0,
		-0.320705,
		-0.283617,
		-0.90372,
		0,
		0.775522,
		-0.626405,
		-0.078625,
		0,
		-0.370611,
		-0.253878,
		-0.478017,
		1
	},
	[0.316666666667] = {
		-0.797128,
		-0.1023,
		0.595082,
		0,
		0.59689,
		0.015282,
		0.802177,
		0,
		-0.091156,
		0.994636,
		0.04888,
		0,
		0.298847,
		0.598422,
		0.132802,
		1
	},
	[0.333333333333] = {
		-0.774878,
		-0.043679,
		0.6306,
		0,
		0.623119,
		-0.220451,
		0.750416,
		0,
		0.106239,
		0.97442,
		0.19804,
		0,
		0.441854,
		0.513708,
		0.185628,
		1
	},
	[0.35] = {
		-0.667234,
		-0.08294,
		0.740216,
		0,
		0.677765,
		-0.479772,
		0.557183,
		0,
		0.308922,
		0.873464,
		0.376334,
		0,
		0.575253,
		0.383858,
		0.254348,
		1
	},
	[0.366666666667] = {
		-0.580696,
		-0.23006,
		0.780938,
		0,
		0.299657,
		-0.952299,
		-0.057721,
		0,
		0.756967,
		0.200495,
		0.621935,
		0,
		0.680304,
		-0.269689,
		0.336536,
		1
	},
	[0.383333333333] = {
		-0.525086,
		-0.324585,
		0.786721,
		0,
		0.040397,
		-0.932877,
		-0.357924,
		0,
		0.85009,
		-0.15616,
		0.502952,
		0,
		0.662998,
		-0.277514,
		0.302657,
		1
	},
	[0.3] = {
		-0.483244,
		-0.226182,
		0.845764,
		0,
		0.568632,
		0.653456,
		0.499653,
		0,
		-0.665682,
		0.722383,
		-0.187164,
		0,
		-0.064784,
		0.686257,
		-0.028612,
		1
	},
	[0.416666666667] = {
		-0.432022,
		-0.484345,
		0.760767,
		0,
		-0.321158,
		-0.70563,
		-0.63162,
		0,
		0.842742,
		-0.5172,
		0.149297,
		0,
		0.602513,
		-0.259162,
		0.210997,
		1
	},
	[0.433333333333] = {
		-0.381281,
		-0.552277,
		0.741361,
		0,
		-0.433577,
		-0.60144,
		-0.67103,
		0,
		0.816478,
		-0.577287,
		-0.010137,
		0,
		0.56387,
		-0.242926,
		0.155784,
		1
	},
	[0.45] = {
		-0.322632,
		-0.615851,
		0.718774,
		0,
		-0.517979,
		-0.520706,
		-0.678648,
		0,
		0.792216,
		-0.591264,
		-0.151001,
		0,
		0.520567,
		-0.224975,
		0.094894,
		1
	},
	[0.466666666667] = {
		-0.253923,
		-0.676245,
		0.691532,
		0,
		-0.583313,
		-0.463248,
		-0.667194,
		0,
		0.771537,
		-0.572796,
		-0.276833,
		0,
		0.47323,
		-0.206202,
		0.029194,
		1
	},
	[0.483333333333] = {
		-0.173714,
		-0.733233,
		0.657414,
		0,
		-0.635005,
		-0.426849,
		-0.643869,
		0,
		0.752723,
		-0.529311,
		-0.391457,
		0,
		0.422665,
		-0.187106,
		-0.040115,
		1
	},
	[0.4] = {
		-0.478164,
		-0.409486,
		0.776969,
		0,
		-0.167709,
		-0.825808,
		-0.538437,
		0,
		0.86211,
		-0.387765,
		0.326197,
		0,
		0.635947,
		-0.271902,
		0.260093,
		1
	},
	[0.516666666667] = {
		0.023071,
		-0.829547,
		0.55796,
		0,
		-0.707638,
		-0.407791,
		-0.577023,
		0,
		0.706199,
		-0.381521,
		-0.596426,
		0,
		0.315853,
		-0.149259,
		-0.183767,
		1
	},
	[0.533333333333] = {
		0.137584,
		-0.862237,
		0.487461,
		0,
		-0.730253,
		-0.420794,
		-0.538203,
		0,
		0.669179,
		-0.281922,
		-0.687546,
		0,
		0.26186,
		-0.131101,
		-0.254956,
		1
	},
	[0.55] = {
		0.258304,
		-0.879089,
		0.400601,
		0,
		-0.743722,
		-0.445609,
		-0.498308,
		0,
		0.616569,
		-0.169221,
		-0.7689,
		0,
		0.20909,
		-0.11388,
		-0.323493,
		1
	},
	[0.566666666667] = {
		0.37877,
		-0.876442,
		0.297291,
		0,
		-0.748148,
		-0.479056,
		-0.459108,
		0,
		0.544801,
		-0.048521,
		-0.837161,
		0,
		0.158814,
		-0.097968,
		-0.387643,
		1
	},
	[0.583333333333] = {
		0.490407,
		-0.852751,
		0.17977,
		0,
		-0.744586,
		-0.517174,
		-0.422046,
		0,
		0.452873,
		0.07312,
		-0.888572,
		0,
		0.112352,
		-0.08375,
		-0.445657,
		1
	},
	[0.5] = {
		-0.081286,
		-0.785272,
		0.613792,
		0,
		-0.676001,
		-0.409097,
		-0.612913,
		0,
		0.732404,
		-0.464745,
		-0.497591,
		0,
		0.369843,
		-0.168026,
		-0.111616,
		1
	},
	[0.616666666667] = {
		0.651212,
		-0.755,
		-0.076791,
		0,
		-0.725362,
		-0.589495,
		-0.355451,
		0,
		0.223098,
		0.287175,
		-0.931535,
		0,
		0.036192,
		-0.061687,
		-0.536355,
		1
	},
	[0.633333333333] = {
		0.687431,
		-0.697672,
		-0.201722,
		0,
		-0.719192,
		-0.615334,
		-0.322688,
		0,
		0.101004,
		0.366902,
		-0.92476,
		0,
		0.009039,
		-0.054226,
		-0.565608,
		1
	},
	[0.65] = {
		0.6912,
		-0.650262,
		-0.31528,
		0,
		-0.722547,
		-0.629671,
		-0.285378,
		0,
		-0.012952,
		0.425058,
		-0.905074,
		0,
		-0.00929,
		-0.049197,
		-0.581821,
		1
	},
	[0.666666666667] = {
		0.663582,
		-0.624467,
		-0.411947,
		0,
		-0.739934,
		-0.629024,
		-0.238384,
		0,
		-0.110262,
		0.463001,
		-0.879473,
		0,
		-0.017744,
		-0.046499,
		-0.583227,
		1
	},
	[0.683333333333] = {
		0.663262,
		-0.625568,
		-0.41079,
		0,
		-0.740602,
		-0.627613,
		-0.24002,
		0,
		-0.107668,
		0.463428,
		-0.879569,
		0,
		-0.016668,
		-0.046316,
		-0.583274,
		1
	},
	[0.6] = {
		0.583894,
		-0.810109,
		0.05283,
		0,
		-0.735596,
		-0.555474,
		-0.387746,
		0,
		0.343462,
		0.187541,
		-0.920251,
		0,
		0.07104,
		-0.071572,
		-0.4958,
		1
	},
	[0.716666666667] = {
		0.662768,
		-0.627231,
		-0.409047,
		0,
		-0.741603,
		-0.625474,
		-0.242501,
		0,
		-0.103744,
		0.464073,
		-0.879701,
		0,
		-0.01504,
		-0.046038,
		-0.58334,
		1
	},
	[0.733333333333] = {
		0.662627,
		-0.627701,
		-0.408556,
		0,
		-0.741884,
		-0.624868,
		-0.243204,
		0,
		-0.102634,
		0.464254,
		-0.879735,
		0,
		-0.01458,
		-0.04596,
		-0.583358,
		1
	},
	[0.75] = {
		0.662576,
		-0.627867,
		-0.408381,
		0,
		-0.741984,
		-0.624653,
		-0.243453,
		0,
		-0.10224,
		0.464318,
		-0.879747,
		0,
		-0.014417,
		-0.045932,
		-0.583364,
		1
	},
	[0.7] = {
		0.662985,
		-0.626505,
		-0.409808,
		0,
		-0.741167,
		-0.62641,
		-0.241416,
		0,
		-0.105459,
		0.463792,
		-0.879645,
		0,
		-0.015752,
		-0.04616,
		-0.583311,
		1
	}
}

return spline_matrices
