local spline_matrices = {
	[0] = {
		0.845718,
		-0.420054,
		-0.329115,
		0,
		-0.532136,
		-0.617723,
		-0.579007,
		0,
		0.039912,
		0.66481,
		-0.745945,
		0,
		-0.012534,
		0.004104,
		-0.62147,
		1
	},
	[0.0166666666667] = {
		0.629478,
		-0.72591,
		-0.27715,
		0,
		-0.649206,
		-0.295351,
		-0.700928,
		0,
		0.426954,
		0.621146,
		-0.657182,
		0,
		0.064163,
		0.03386,
		-0.608666,
		1
	},
	[0.0333333333333] = {
		0.120813,
		-0.937698,
		-0.32577,
		0,
		-0.532015,
		0.2159,
		-0.818747,
		0,
		0.838072,
		0.27223,
		-0.472786,
		0,
		0.235871,
		0.051207,
		-0.560531,
		1
	},
	[0.05] = {
		-0.466763,
		-0.680218,
		-0.565186,
		0,
		0.034251,
		0.624691,
		-0.78012,
		0,
		0.883719,
		-0.383489,
		-0.268284,
		0,
		0.434837,
		0.028242,
		-0.483675,
		1
	},
	[0.0666666666667] = {
		-0.583924,
		-0.159021,
		-0.796081,
		0,
		0.599257,
		0.577104,
		-0.554834,
		0,
		0.547652,
		-0.801039,
		-0.241691,
		0,
		0.5701,
		-0.012039,
		-0.409449,
		1
	},
	[0.0833333333333] = {
		-0.453643,
		0.129433,
		-0.881734,
		0,
		0.819953,
		0.448215,
		-0.356062,
		0,
		0.34912,
		-0.884506,
		-0.309459,
		0,
		0.616493,
		-0.026866,
		-0.363039,
		1
	},
	[0.116666666667] = {
		-0.287074,
		0.324562,
		-0.901248,
		0,
		0.87902,
		0.463151,
		-0.113201,
		0,
		0.380673,
		-0.824713,
		-0.418255,
		0,
		0.600471,
		0.022422,
		-0.312988,
		1
	},
	[0.133333333333] = {
		-0.267551,
		0.370139,
		-0.889614,
		0,
		0.850398,
		0.524809,
		-0.037401,
		0,
		0.453034,
		-0.766533,
		-0.455179,
		0,
		0.584713,
		0.07446,
		-0.293976,
		1
	},
	[0.15] = {
		-0.282193,
		0.394433,
		-0.874522,
		0,
		0.789069,
		0.613901,
		0.022267,
		0,
		0.545653,
		-0.683774,
		-0.484474,
		0,
		0.564249,
		0.140234,
		-0.277596,
		1
	},
	[0.166666666667] = {
		-0.315775,
		0.403099,
		-0.858951,
		0,
		0.68656,
		0.721922,
		0.086393,
		0,
		0.654921,
		-0.562441,
		-0.504717,
		0,
		0.538835,
		0.217991,
		-0.261848,
		1
	},
	[0.183333333333] = {
		-0.362403,
		0.393354,
		-0.844948,
		0,
		0.538675,
		0.828221,
		0.154527,
		0,
		0.760587,
		-0.399152,
		-0.51204,
		0,
		0.50835,
		0.303447,
		-0.246284,
		1
	},
	[0.1] = {
		-0.351478,
		0.249596,
		-0.902311,
		0,
		0.873876,
		0.433236,
		-0.22056,
		0,
		0.335863,
		-0.86603,
		-0.370389,
		0,
		0.611145,
		-0.013383,
		-0.335967,
		1
	},
	[0.216666666667] = {
		-0.45813,
		0.319695,
		-0.829405,
		0,
		0.149895,
		0.947507,
		0.282422,
		0,
		0.876156,
		0.005062,
		-0.482002,
		0,
		0.434992,
		0.477107,
		-0.21546,
		1
	},
	[0.233333333333] = {
		-0.490148,
		0.270184,
		-0.828707,
		0,
		-0.035914,
		0.943678,
		0.32891,
		0,
		0.870899,
		0.190977,
		-0.452838,
		0,
		0.396767,
		0.555321,
		-0.200758,
		1
	},
	[0.25] = {
		-0.508359,
		0.228466,
		-0.830286,
		0,
		-0.175317,
		0.916515,
		0.359534,
		0,
		0.84311,
		0.328335,
		-0.425865,
		0,
		0.362251,
		0.623052,
		-0.186902,
		1
	},
	[0.266666666667] = {
		-0.516447,
		0.206001,
		-0.831171,
		0,
		-0.248827,
		0.89265,
		0.375847,
		0,
		0.81937,
		0.400923,
		-0.409748,
		0,
		0.334257,
		0.676743,
		-0.173638,
		1
	},
	[0.283333333333] = {
		-0.514258,
		0.194144,
		-0.835372,
		0,
		-0.225972,
		0.90895,
		0.350352,
		0,
		0.82733,
		0.368942,
		-0.423564,
		0,
		0.297816,
		0.691196,
		-0.164212,
		1
	},
	[0.2] = {
		-0.413212,
		0.364147,
		-0.834657,
		0,
		0.352285,
		0.909125,
		0.222232,
		0,
		0.839733,
		-0.202208,
		-0.503945,
		0,
		0.473195,
		0.391595,
		-0.230756,
		1
	},
	[0.316666666667] = {
		-0.61346,
		0.270195,
		-0.742066,
		0,
		-0.68198,
		0.292555,
		0.67031,
		0,
		0.398209,
		0.917282,
		0.004796,
		0,
		-0.017231,
		0.715186,
		0.01074,
		1
	},
	[0.333333333333] = {
		-0.758018,
		0.142476,
		-0.636483,
		0,
		-0.63602,
		-0.377705,
		0.672918,
		0,
		-0.144528,
		0.914899,
		0.376924,
		0,
		-0.308467,
		0.565375,
		0.138789,
		1
	},
	[0.35] = {
		-0.693995,
		0.18419,
		-0.696021,
		0,
		-0.533629,
		-0.780566,
		0.325511,
		0,
		-0.483334,
		0.59732,
		0.639998,
		0,
		-0.480332,
		0.186041,
		0.229385,
		1
	},
	[0.366666666667] = {
		-0.669567,
		-0.201861,
		-0.714796,
		0,
		0.420765,
		-0.896134,
		-0.141069,
		0,
		-0.612076,
		-0.395216,
		0.684958,
		0,
		-0.393374,
		-0.559678,
		0.210209,
		1
	},
	[0.383333333333] = {
		-0.52647,
		-0.296088,
		-0.79697,
		0,
		0.7396,
		-0.621818,
		-0.257556,
		0,
		-0.419311,
		-0.725034,
		0.546355,
		0,
		-0.351657,
		-0.601506,
		0.186858,
		1
	},
	[0.3] = {
		-0.535608,
		0.243589,
		-0.808572,
		0,
		-0.457586,
		0.721025,
		0.520325,
		0,
		0.709746,
		0.648682,
		-0.274724,
		0,
		0.163086,
		0.715426,
		-0.090041,
		1
	},
	[0.416666666667] = {
		-0.324049,
		-0.288317,
		-0.901036,
		0,
		0.926219,
		-0.290632,
		-0.240108,
		0,
		-0.192643,
		-0.912363,
		0.361224,
		0,
		-0.319233,
		-0.64678,
		0.12166,
		1
	},
	[0.433333333333] = {
		-0.246856,
		-0.256356,
		-0.934529,
		0,
		0.948812,
		-0.260011,
		-0.179304,
		0,
		-0.197022,
		-0.930954,
		0.307419,
		0,
		-0.315475,
		-0.665959,
		0.080343,
		1
	},
	[0.45] = {
		-0.165755,
		-0.219483,
		-0.961433,
		0,
		0.946079,
		-0.310533,
		-0.092217,
		0,
		-0.278316,
		-0.924877,
		0.259121,
		0,
		-0.314684,
		-0.685886,
		0.033924,
		1
	},
	[0.466666666667] = {
		-0.067949,
		-0.185619,
		-0.98027,
		0,
		0.898242,
		-0.439006,
		0.020865,
		0,
		-0.434217,
		-0.879101,
		0.196561,
		0,
		-0.314584,
		-0.706962,
		-0.017343,
		1
	},
	[0.483333333333] = {
		0.051936,
		-0.169251,
		-0.984204,
		0,
		0.766204,
		-0.62533,
		0.147968,
		0,
		-0.640496,
		-0.761785,
		0.097204,
		0,
		-0.311701,
		-0.72544,
		-0.073872,
		1
	},
	[0.4] = {
		-0.412104,
		-0.307804,
		-0.85757,
		0,
		0.87137,
		-0.408172,
		-0.272232,
		0,
		-0.266242,
		-0.859449,
		0.43642,
		0,
		-0.329383,
		-0.62651,
		0.157251,
		1
	},
	[0.516666666667] = {
		0.267284,
		-0.2954,
		-0.917223,
		0,
		-0.08132,
		-0.955373,
		0.283989,
		0,
		-0.96018,
		-0.001317,
		-0.279378,
		0,
		-0.172355,
		-0.551927,
		-0.32518,
		1
	},
	[0.533333333333] = {
		0.334707,
		-0.351293,
		-0.874394,
		0,
		-0.315922,
		-0.916044,
		0.247096,
		0,
		-0.887787,
		0.193535,
		-0.417587,
		0,
		-0.15264,
		-0.471681,
		-0.36988,
		1
	},
	[0.55] = {
		0.394717,
		-0.402194,
		-0.826099,
		0,
		-0.476696,
		-0.85827,
		0.190087,
		0,
		-0.785468,
		0.318768,
		-0.530498,
		0,
		-0.129305,
		-0.390193,
		-0.412178,
		1
	},
	[0.566666666667] = {
		0.451409,
		-0.447573,
		-0.771951,
		0,
		-0.583064,
		-0.802827,
		0.12452,
		0,
		-0.675475,
		0.393887,
		-0.623367,
		0,
		-0.105041,
		-0.310717,
		-0.451103,
		1
	},
	[0.583333333333] = {
		0.505852,
		-0.487783,
		-0.711465,
		0,
		-0.651019,
		-0.756984,
		0.056115,
		0,
		-0.565939,
		0.434791,
		-0.700478,
		0,
		-0.081693,
		-0.236019,
		-0.486081,
		1
	},
	[0.5] = {
		0.185294,
		-0.238475,
		-0.953308,
		0,
		0.238681,
		-0.930135,
		0.27907,
		0,
		-0.953256,
		-0.279246,
		-0.115429,
		0,
		-0.184636,
		-0.624563,
		-0.279666,
		1
	},
	[0.616666666667] = {
		0.601306,
		-0.554434,
		-0.575356,
		0,
		-0.714989,
		-0.694805,
		-0.077696,
		0,
		-0.356682,
		0.458092,
		-0.814205,
		0,
		-0.04231,
		-0.111194,
		-0.542199,
		1
	},
	[0.633333333333] = {
		0.635624,
		-0.582208,
		-0.506967,
		0,
		-0.726933,
		-0.672462,
		-0.139148,
		0,
		-0.259903,
		0.456977,
		-0.85066,
		0,
		-0.027922,
		-0.06604,
		-0.562241,
		1
	},
	[0.65] = {
		0.655963,
		-0.607927,
		-0.447367,
		0,
		-0.734887,
		-0.649615,
		-0.194783,
		0,
		-0.172203,
		0.456535,
		-0.872881,
		0,
		-0.018075,
		-0.035634,
		-0.576146,
		1
	},
	[0.666666666667] = {
		0.659299,
		-0.633137,
		-0.405541,
		0,
		-0.7455,
		-0.620583,
		-0.243116,
		0,
		-0.097746,
		0.462617,
		-0.881153,
		0,
		-0.013523,
		-0.022392,
		-0.583331,
		1
	},
	[0.683333333333] = {
		0.655367,
		-0.648629,
		-0.387006,
		0,
		-0.753232,
		-0.599239,
		-0.271209,
		0,
		-0.055995,
		0.469247,
		-0.88129,
		0,
		-0.0125,
		-0.019811,
		-0.585612,
		1
	},
	[0.6] = {
		0.556786,
		-0.52324,
		-0.645142,
		0,
		-0.692118,
		-0.721685,
		-0.012008,
		0,
		-0.459306,
		0.4532,
		-0.763968,
		0,
		-0.060487,
		-0.168675,
		-0.516621,
		1
	},
	[0.716666666667] = {
		0.65837,
		-0.641819,
		-0.393214,
		0,
		-0.74953,
		-0.606883,
		-0.264382,
		0,
		-0.068949,
		0.468787,
		-0.880616,
		0,
		-0.013282,
		-0.019613,
		-0.585068,
		1
	},
	[0.733333333333] = {
		0.66129,
		-0.632474,
		-0.403327,
		0,
		-0.74457,
		-0.618781,
		-0.250451,
		0,
		-0.091167,
		0.465926,
		-0.880115,
		0,
		-0.014058,
		-0.020469,
		-0.583938,
		1
	},
	[0.75] = {
		0.662576,
		-0.627867,
		-0.408381,
		0,
		-0.741984,
		-0.624653,
		-0.243453,
		0,
		-0.10224,
		0.464318,
		-0.879747,
		0,
		-0.014417,
		-0.020933,
		-0.583364,
		1
	},
	[0.7] = {
		0.655617,
		-0.649326,
		-0.385411,
		0,
		-0.753308,
		-0.597526,
		-0.274752,
		0,
		-0.051889,
		0.470466,
		-0.880891,
		0,
		-0.01258,
		-0.019146,
		-0.585897,
		1
	}
}

return spline_matrices
