-- chunkname: @content/characters/player/human/first_person/animations/combat_knife/swing_ninja_right.lua

local spline_matrices = {
	[0.0166666666667] = {
		0.743715,
		-0.665277,
		-0.065533,
		0,
		-0.619934,
		-0.649685,
		-0.43999,
		0,
		0.250139,
		0.367853,
		-0.895608,
		0,
		0.098503,
		-0.093561,
		-0.552075,
		1,
	},
	[0.0333333333333] = {
		0.619449,
		-0.689474,
		0.375377,
		0,
		-0.603849,
		-0.72403,
		-0.333388,
		0,
		0.501647,
		-0.020154,
		-0.864838,
		0,
		0.047359,
		-0.171691,
		-0.486904,
		1,
	},
	[0.05] = {
		0.344031,
		-0.55384,
		0.758224,
		0,
		-0.638189,
		-0.730246,
		-0.243836,
		0,
		0.688736,
		-0.400003,
		-0.604682,
		0,
		-0.028163,
		-0.249711,
		-0.396713,
		1,
	},
	[0.0666666666667] = {
		0.030051,
		-0.329069,
		0.943828,
		0,
		-0.688942,
		-0.69095,
		-0.218967,
		0,
		0.724193,
		-0.643662,
		-0.247473,
		0,
		-0.102439,
		-0.304272,
		-0.316754,
		1,
	},
	[0.0833333333333] = {
		-0.17634,
		-0.139659,
		0.974371,
		0,
		-0.736262,
		-0.638288,
		-0.224734,
		0,
		0.653316,
		-0.757023,
		0.00973,
		0,
		-0.140261,
		-0.323711,
		-0.275552,
		1,
	},
	[0] = {
		0.730256,
		-0.54094,
		-0.417264,
		0,
		-0.682098,
		-0.543057,
		-0.489726,
		0,
		0.038314,
		0.642241,
		-0.765545,
		0,
		0.107942,
		-0.047315,
		-0.567392,
		1,
	},
	[0.116666666667] = {
		-0.331106,
		0.057566,
		0.941836,
		0,
		-0.899402,
		-0.321136,
		-0.29656,
		0,
		0.285386,
		-0.945282,
		0.158105,
		0,
		-0.162411,
		-0.276528,
		-0.263861,
		1,
	},
	[0.133333333333] = {
		-0.355576,
		0.114188,
		0.927646,
		0,
		-0.934602,
		-0.033666,
		-0.354099,
		0,
		-0.009204,
		-0.992889,
		0.118691,
		0,
		-0.17009,
		-0.222952,
		-0.26783,
		1,
	},
	[0.15] = {
		-0.357995,
		0.148071,
		0.921908,
		0,
		-0.881929,
		0.27065,
		-0.385941,
		0,
		-0.306661,
		-0.951222,
		0.033697,
		0,
		-0.177783,
		-0.159206,
		-0.270747,
		1,
	},
	[0.166666666667] = {
		-0.350086,
		0.161314,
		0.922723,
		0,
		-0.770799,
		0.510127,
		-0.381628,
		0,
		-0.532268,
		-0.844836,
		-0.054248,
		0,
		-0.191228,
		-0.097388,
		-0.267558,
		1,
	},
	[0.183333333333] = {
		-0.33898,
		0.162067,
		0.926729,
		0,
		-0.679418,
		0.639198,
		-0.360302,
		0,
		-0.650756,
		-0.751772,
		-0.106564,
		0,
		-0.210693,
		-0.046017,
		-0.258187,
		1,
	},
	[0.1] = {
		-0.274416,
		-0.0231,
		0.961333,
		0,
		-0.812449,
		-0.529226,
		-0.244634,
		0,
		0.514414,
		-0.848166,
		0.12646,
		0,
		-0.150561,
		-0.31096,
		-0.265343,
		1,
	},
	[0.216666666667] = {
		-0.297428,
		0.127567,
		0.946183,
		0,
		-0.890159,
		0.321254,
		-0.32313,
		0,
		-0.345186,
		-0.938362,
		0.018005,
		0,
		-0.237477,
		-0.007513,
		-0.220364,
		1,
	},
	[0.233333333333] = {
		-0.262658,
		0.101196,
		0.959568,
		0,
		-0.964807,
		-0.01461,
		-0.262552,
		0,
		-0.01255,
		-0.994759,
		0.101472,
		0,
		-0.207957,
		0.057783,
		-0.193188,
		1,
	},
	[0.25] = {
		-0.303714,
		0.126914,
		0.944273,
		0,
		-0.925721,
		0.195142,
		-0.323975,
		0,
		-0.225384,
		-0.972529,
		0.05822,
		0,
		-0.205955,
		0.315392,
		-0.156607,
		1,
	},
	[0.266666666667] = {
		-0.300202,
		0.16071,
		0.94024,
		0,
		-0.719214,
		0.609359,
		-0.333787,
		0,
		-0.626586,
		-0.776437,
		-0.067346,
		0,
		-0.183384,
		0.570202,
		-0.114251,
		1,
	},
	[0.283333333333] = {
		-0.158062,
		0.027458,
		0.987047,
		0,
		-0.06235,
		0.997341,
		-0.037729,
		0,
		-0.985459,
		-0.067506,
		-0.155929,
		0,
		-0.076781,
		0.680767,
		-0.07247,
		1,
	},
	[0.2] = {
		-0.325175,
		0.161907,
		0.931691,
		0,
		-0.679823,
		0.644834,
		-0.349327,
		0,
		-0.657345,
		-0.746977,
		-0.099616,
		0,
		-0.237062,
		-0.011183,
		-0.243666,
		1,
	},
	[0.316666666667] = {
		-0.12769,
		-0.190954,
		0.973258,
		0,
		0.888608,
		0.413835,
		0.197779,
		0,
		-0.440535,
		0.8901,
		0.11684,
		0,
		0.173741,
		0.643552,
		-0.057137,
		1,
	},
	[0.333333333333] = {
		-0.059598,
		-0.170582,
		0.983539,
		0,
		0.97728,
		0.190795,
		0.09231,
		0,
		-0.2034,
		0.966695,
		0.155335,
		0,
		0.237419,
		0.548958,
		-0.082388,
		1,
	},
	[0.35] = {
		0.123515,
		-0.170797,
		0.977534,
		0,
		0.986419,
		0.128607,
		-0.102167,
		0,
		-0.108268,
		0.976877,
		0.184363,
		0,
		0.269754,
		0.465188,
		-0.101782,
		1,
	},
	[0.366666666667] = {
		0.275729,
		-0.195414,
		0.941163,
		0,
		0.960317,
		0.013209,
		-0.278598,
		0,
		0.042011,
		0.980632,
		0.191301,
		0,
		0.281941,
		0.310913,
		-0.137482,
		1,
	},
	[0.383333333333] = {
		0.181156,
		-0.299571,
		0.936718,
		0,
		0.808028,
		-0.497604,
		-0.315406,
		0,
		0.560601,
		0.814031,
		0.151918,
		0,
		0.294675,
		-0.105699,
		-0.220388,
		1,
	},
	[0.3] = {
		-0.130681,
		-0.175268,
		0.975809,
		0,
		0.658413,
		0.720518,
		0.21759,
		0,
		-0.741225,
		0.670921,
		0.021241,
		0,
		0.076133,
		0.698583,
		-0.03899,
		1,
	},
	[0.416666666667] = {
		0.009073,
		-0.322928,
		0.94638,
		0,
		0.135975,
		-0.93723,
		-0.321109,
		0,
		0.990671,
		0.131597,
		0.035407,
		0,
		0.25883,
		-0.423844,
		-0.324867,
		1,
	},
	[0.433333333333] = {
		0.030703,
		-0.340479,
		0.939751,
		0,
		-0.059764,
		-0.939137,
		-0.338305,
		0,
		0.99774,
		-0.045776,
		-0.049183,
		0,
		0.23196,
		-0.418744,
		-0.345905,
		1,
	},
	[0.45] = {
		0.077002,
		-0.374937,
		0.923847,
		0,
		-0.20387,
		-0.912941,
		-0.353519,
		0,
		0.975965,
		-0.161123,
		-0.146737,
		0,
		0.204679,
		-0.404225,
		-0.362628,
		1,
	},
	[0.466666666667] = {
		0.135236,
		-0.422241,
		0.896339,
		0,
		-0.318018,
		-0.875283,
		-0.364341,
		0,
		0.93839,
		-0.23578,
		-0.25265,
		0,
		0.178679,
		-0.385166,
		-0.378689,
		1,
	},
	[0.483333333333] = {
		0.1919,
		-0.474935,
		0.858843,
		0,
		-0.417688,
		-0.831419,
		-0.366441,
		0,
		0.888094,
		-0.288409,
		-0.357924,
		0,
		0.155688,
		-0.365531,
		-0.397449,
		1,
	},
	[0.4] = {
		0.028165,
		-0.319134,
		0.947291,
		0,
		0.405259,
		-0.862646,
		-0.302667,
		0,
		0.913768,
		0.392423,
		0.105035,
		0,
		0.282514,
		-0.412632,
		-0.295648,
		1,
	},
	[0.516666666667] = {
		0.313899,
		-0.600543,
		0.735402,
		0,
		-0.577722,
		-0.735471,
		-0.354005,
		0,
		0.753462,
		-0.313736,
		-0.577811,
		0,
		0.1131,
		-0.318607,
		-0.446022,
		1,
	},
	[0.533333333333] = {
		0.381773,
		-0.670518,
		0.636125,
		0,
		-0.639066,
		-0.688724,
		-0.342423,
		0,
		0.667716,
		-0.275798,
		-0.691441,
		0,
		0.091485,
		-0.289739,
		-0.473058,
		1,
	},
	[0.55] = {
		0.445947,
		-0.735362,
		0.510269,
		0,
		-0.690937,
		-0.645229,
		-0.326015,
		0,
		0.568979,
		-0.207179,
		-0.795826,
		0,
		0.070098,
		-0.258875,
		-0.50012,
		1,
	},
	[0.566666666667] = {
		0.499899,
		-0.786945,
		0.361688,
		0,
		-0.734346,
		-0.606535,
		-0.304714,
		0,
		0.45917,
		-0.113278,
		-0.881097,
		0,
		0.049434,
		-0.227344,
		-0.52587,
		1,
	},
	[0.583333333333] = {
		0.538267,
		-0.818936,
		0.19903,
		0,
		-0.769829,
		-0.573878,
		-0.279333,
		0,
		0.342975,
		-0.002863,
		-0.93934,
		0,
		0.03011,
		-0.196594,
		-0.549117,
		1,
	},
	[0.5] = {
		0.248704,
		-0.533281,
		0.808553,
		0,
		-0.504985,
		-0.783738,
		-0.361586,
		0,
		0.82652,
		-0.31838,
		-0.464218,
		0,
		0.134587,
		-0.344259,
		-0.420383,
		1,
	},
	[0.616666666667] = {
		0.560808,
		-0.819327,
		-0.119155,
		0,
		-0.819266,
		-0.528367,
		-0.222783,
		0,
		0.119574,
		0.222558,
		-0.967559,
		0,
		-0.001793,
		-0.143421,
		-0.584551,
		1,
	},
	[0.633333333333] = {
		0.549447,
		-0.796896,
		-0.251129,
		0,
		-0.835117,
		-0.514348,
		-0.195001,
		0,
		0.026228,
		0.316865,
		-0.948108,
		0,
		-0.013143,
		-0.123781,
		-0.595543,
		1,
	},
	[0.65] = {
		0.529657,
		-0.770562,
		-0.354539,
		0,
		-0.84682,
		-0.504318,
		-0.168996,
		0,
		-0.048579,
		0.38974,
		-0.919643,
		0,
		-0.020796,
		-0.11037,
		-0.601447,
		1,
	},
	[0.666666666667] = {
		0.506941,
		-0.749437,
		-0.425858,
		0,
		-0.855828,
		-0.49653,
		-0.144971,
		0,
		-0.102804,
		0.437953,
		-0.8931,
		0,
		-0.024421,
		-0.104221,
		-0.601783,
		1,
	},
	[0.683333333333] = {
		0.49078,
		-0.738129,
		-0.462925,
		0,
		-0.86122,
		-0.491494,
		-0.129359,
		0,
		-0.132042,
		0.462167,
		-0.876907,
		0,
		-0.025212,
		-0.102642,
		-0.599956,
		1,
	},
	[0.6] = {
		0.558331,
		-0.828903,
		0.034456,
		0,
		-0.79788,
		-0.547885,
		-0.251415,
		0,
		0.227277,
		0.112881,
		-0.967266,
		0,
		0.012813,
		-0.168133,
		-0.568908,
		1,
	},
	[0.716666666667] = {
		0.48936,
		-0.737571,
		-0.465312,
		0,
		-0.862081,
		-0.489708,
		-0.130393,
		0,
		-0.131693,
		0.464946,
		-0.87549,
		0,
		-0.024104,
		-0.102019,
		-0.59995,
		1,
	},
	[0.733333333333] = {
		0.49648,
		-0.742953,
		-0.448919,
		0,
		-0.860071,
		-0.490979,
		-0.13863,
		0,
		-0.117414,
		0.45493,
		-0.882753,
		0,
		-0.023063,
		-0.1024,
		-0.600845,
		1,
	},
	[0.75] = {
		0.503409,
		-0.74812,
		-0.432315,
		0,
		-0.857837,
		-0.492617,
		-0.146436,
		0,
		-0.103414,
		0.444573,
		-0.889753,
		0,
		-0.022229,
		-0.102891,
		-0.601704,
		1,
	},
	[0.766666666667] = {
		0.506496,
		-0.750399,
		-0.424692,
		0,
		-0.856757,
		-0.493461,
		-0.149876,
		0,
		-0.097102,
		0.43977,
		-0.892846,
		0,
		-0.0219,
		-0.103143,
		-0.602084,
		1,
	},
	[0.7] = {
		0.486076,
		-0.734961,
		-0.472824,
		0,
		-0.862797,
		-0.48962,
		-0.125909,
		0,
		-0.138965,
		0.469153,
		-0.872115,
		0,
		-0.024951,
		-0.102014,
		-0.599494,
		1,
	},
}

return spline_matrices
