local spline_matrices = {
	[0] = {
		0.845718,
		-0.420054,
		-0.329115,
		0,
		-0.532136,
		-0.617723,
		-0.579007,
		0,
		0.039912,
		0.66481,
		-0.745945,
		0,
		-0.012534,
		0.004104,
		-0.62147,
		1
	},
	[0.0333333333333] = {
		0.120813,
		-0.937698,
		-0.32577,
		0,
		-0.532015,
		0.2159,
		-0.818747,
		0,
		0.838072,
		0.27223,
		-0.472786,
		0,
		0.235871,
		0.051207,
		-0.560531,
		1
	},
	[0.0666666666667] = {
		-0.583924,
		-0.159021,
		-0.796081,
		0,
		0.599257,
		0.577104,
		-0.554834,
		0,
		0.547652,
		-0.801039,
		-0.241691,
		0,
		0.5701,
		-0.012039,
		-0.409449,
		1
	},
	[0.133333333333] = {
		-0.267551,
		0.370139,
		-0.889614,
		0,
		0.850398,
		0.524809,
		-0.037401,
		0,
		0.453034,
		-0.766533,
		-0.455179,
		0,
		0.584713,
		0.07446,
		-0.293976,
		1
	},
	[0.166666666667] = {
		-0.315775,
		0.403099,
		-0.858951,
		0,
		0.68656,
		0.721922,
		0.086393,
		0,
		0.654921,
		-0.562441,
		-0.504717,
		0,
		0.538835,
		0.217991,
		-0.261848,
		1
	},
	[0.1] = {
		-0.351478,
		0.249596,
		-0.902311,
		0,
		0.873876,
		0.433236,
		-0.22056,
		0,
		0.335863,
		-0.86603,
		-0.370389,
		0,
		0.611145,
		-0.013383,
		-0.335967,
		1
	},
	[0.233333333333] = {
		-0.490148,
		0.270184,
		-0.828707,
		0,
		-0.035914,
		0.943678,
		0.32891,
		0,
		0.870899,
		0.190977,
		-0.452838,
		0,
		0.396767,
		0.555321,
		-0.200758,
		1
	},
	[0.266666666667] = {
		-0.516447,
		0.206001,
		-0.831171,
		0,
		-0.248827,
		0.89265,
		0.375847,
		0,
		0.81937,
		0.400923,
		-0.409748,
		0,
		0.334257,
		0.676743,
		-0.173638,
		1
	},
	[0.2] = {
		-0.413212,
		0.364147,
		-0.834657,
		0,
		0.352285,
		0.909125,
		0.222232,
		0,
		0.839733,
		-0.202208,
		-0.503945,
		0,
		0.473195,
		0.391595,
		-0.230756,
		1
	},
	[0.333333333333] = {
		-0.758018,
		0.142476,
		-0.636483,
		0,
		-0.63602,
		-0.377705,
		0.672918,
		0,
		-0.144528,
		0.914899,
		0.376924,
		0,
		-0.308467,
		0.565375,
		0.138789,
		1
	},
	[0.366666666667] = {
		-0.669567,
		-0.201861,
		-0.714796,
		0,
		0.420765,
		-0.896134,
		-0.141069,
		0,
		-0.612076,
		-0.395216,
		0.684958,
		0,
		-0.393374,
		-0.559678,
		0.210209,
		1
	},
	[0.3] = {
		-0.535608,
		0.243589,
		-0.808572,
		0,
		-0.457586,
		0.721025,
		0.520325,
		0,
		0.709746,
		0.648682,
		-0.274724,
		0,
		0.163086,
		0.715426,
		-0.090041,
		1
	},
	[0.433333333333] = {
		-0.246856,
		-0.256356,
		-0.934529,
		0,
		0.948812,
		-0.260011,
		-0.179304,
		0,
		-0.197022,
		-0.930954,
		0.307419,
		0,
		-0.315475,
		-0.665959,
		0.080343,
		1
	},
	[0.466666666667] = {
		-0.067949,
		-0.185619,
		-0.98027,
		0,
		0.898242,
		-0.439006,
		0.020865,
		0,
		-0.434217,
		-0.879101,
		0.196561,
		0,
		-0.314584,
		-0.706962,
		-0.017343,
		1
	},
	[0.4] = {
		-0.412104,
		-0.307804,
		-0.85757,
		0,
		0.87137,
		-0.408172,
		-0.272232,
		0,
		-0.266242,
		-0.859449,
		0.43642,
		0,
		-0.329383,
		-0.62651,
		0.157251,
		1
	},
	[0.533333333333] = {
		0.334707,
		-0.351293,
		-0.874394,
		0,
		-0.315922,
		-0.916044,
		0.247096,
		0,
		-0.887787,
		0.193535,
		-0.417587,
		0,
		-0.15264,
		-0.471681,
		-0.36988,
		1
	},
	[0.566666666667] = {
		0.451409,
		-0.447573,
		-0.771951,
		0,
		-0.583064,
		-0.802827,
		0.12452,
		0,
		-0.675475,
		0.393887,
		-0.623367,
		0,
		-0.105041,
		-0.310717,
		-0.451103,
		1
	},
	[0.5] = {
		0.185294,
		-0.238475,
		-0.953308,
		0,
		0.238681,
		-0.930135,
		0.27907,
		0,
		-0.953256,
		-0.279246,
		-0.115429,
		0,
		-0.184636,
		-0.624563,
		-0.279666,
		1
	},
	[0.633333333333] = {
		0.635624,
		-0.582208,
		-0.506967,
		0,
		-0.726933,
		-0.672462,
		-0.139148,
		0,
		-0.259903,
		0.456977,
		-0.85066,
		0,
		-0.027922,
		-0.06604,
		-0.562241,
		1
	},
	[0.666666666667] = {
		0.659299,
		-0.633137,
		-0.405541,
		0,
		-0.7455,
		-0.620583,
		-0.243116,
		0,
		-0.097746,
		0.462617,
		-0.881153,
		0,
		-0.013523,
		-0.022392,
		-0.583331,
		1
	},
	[0.6] = {
		0.556786,
		-0.52324,
		-0.645142,
		0,
		-0.692118,
		-0.721685,
		-0.012008,
		0,
		-0.459306,
		0.4532,
		-0.763968,
		0,
		-0.060487,
		-0.168675,
		-0.516621,
		1
	},
	[0.733333333333] = {
		0.66129,
		-0.632474,
		-0.403327,
		0,
		-0.74457,
		-0.618781,
		-0.250451,
		0,
		-0.091167,
		0.465926,
		-0.880115,
		0,
		-0.014058,
		-0.020469,
		-0.583938,
		1
	},
	[0.7] = {
		0.655617,
		-0.649326,
		-0.385411,
		0,
		-0.753308,
		-0.597526,
		-0.274752,
		0,
		-0.051889,
		0.470466,
		-0.880891,
		0,
		-0.01258,
		-0.019146,
		-0.585897,
		1
	}
}

return spline_matrices
