-- chunkname: @content/characters/player/human/first_person/animations/combat_knife/swing_ninja_right_01.lua

local spline_matrices = {
	[0.0166666666667] = {
		0.550991,
		-0.622276,
		0.55604,
		0,
		-0.834273,
		-0.394814,
		0.384852,
		0,
		-0.019952,
		-0.675939,
		-0.736687,
		0,
		-0.015217,
		-0.021184,
		-0.533056,
		1
	},
	[0.0333333333333] = {
		0.332506,
		0.095227,
		0.938281,
		0,
		-0.835431,
		0.491372,
		0.246188,
		0,
		-0.437602,
		-0.865728,
		0.24294,
		0,
		-0.044058,
		0.06635,
		-0.416202,
		1
	},
	[0.05] = {
		0.187556,
		0.287247,
		0.939315,
		0,
		-0.948162,
		0.3027,
		0.096756,
		0,
		-0.256538,
		-0.908769,
		0.32913,
		0,
		-0.040108,
		-0.254532,
		-0.50813,
		1
	},
	[0.0666666666667] = {
		0.039069,
		0.201998,
		0.978606,
		0,
		-0.984,
		-0.162594,
		0.072846,
		0,
		0.17383,
		-0.965795,
		0.192414,
		0,
		-0.0248,
		-0.387548,
		-0.334923,
		1
	},
	[0.0833333333333] = {
		0.016166,
		0.063462,
		0.997853,
		0,
		-0.845536,
		-0.531799,
		0.04752,
		0,
		0.533673,
		-0.844489,
		0.045062,
		0,
		-0.014927,
		-0.437728,
		-0.180088,
		1
	},
	[0] = {
		0.882509,
		-0.438659,
		-0.169573,
		0,
		-0.465142,
		-0.760902,
		-0.452406,
		0,
		0.069424,
		0.478128,
		-0.875542,
		0,
		-0.007542,
		-0.04243,
		-0.601256,
		1
	},
	[0.116666666667] = {
		0.018028,
		0.086975,
		0.996047,
		0,
		-0.742143,
		-0.666403,
		0.071623,
		0,
		0.669999,
		-0.740501,
		0.052534,
		0,
		-0.042982,
		-0.374748,
		-0.159702,
		1
	},
	[0.133333333333] = {
		0.009255,
		0.138079,
		0.990378,
		0,
		-0.775547,
		-0.62421,
		0.094275,
		0,
		0.631222,
		-0.768957,
		0.10131,
		0,
		-0.06768,
		-0.316712,
		-0.15134,
		1
	},
	[0.15] = {
		0.006546,
		0.175531,
		0.984452,
		0,
		-0.856494,
		-0.507128,
		0.096118,
		0,
		0.516115,
		-0.843807,
		0.147022,
		0,
		-0.098738,
		-0.256748,
		-0.146455,
		1
	},
	[0.166666666667] = {
		0.010654,
		0.168695,
		0.985611,
		0,
		-0.955574,
		-0.288634,
		0.059732,
		0,
		0.294557,
		-0.942461,
		0.158125,
		0,
		-0.135969,
		-0.20436,
		-0.147114,
		1
	},
	[0.183333333333] = {
		-0.004047,
		0.089992,
		0.995934,
		0,
		-0.941081,
		0.336445,
		-0.034225,
		0,
		-0.338157,
		-0.937393,
		0.083329,
		0,
		-0.190854,
		-0.157611,
		-0.161572,
		1
	},
	[0.1] = {
		0.022725,
		0.050924,
		0.998444,
		0,
		-0.767186,
		-0.639467,
		0.050077,
		0,
		0.641022,
		-0.76713,
		0.024536,
		0,
		-0.025049,
		-0.419407,
		-0.169822,
		1
	},
	[0.216666666667] = {
		-0.234772,
		-0.211441,
		0.948776,
		0,
		-0.864947,
		0.490832,
		-0.104643,
		0,
		-0.443564,
		-0.845208,
		-0.298119,
		0,
		-0.204344,
		0.001495,
		-0.207796,
		1
	},
	[0.233333333333] = {
		-0.222684,
		-0.412527,
		0.883308,
		0,
		-0.974413,
		0.122541,
		-0.188423,
		0,
		-0.030512,
		-0.902666,
		-0.42926,
		0,
		-0.185978,
		0.168954,
		-0.225089,
		1
	},
	[0.25] = {
		-0.172363,
		-0.35141,
		0.920219,
		0,
		-0.908916,
		0.416832,
		-0.011067,
		0,
		-0.379688,
		-0.838309,
		-0.391248,
		0,
		-0.18579,
		0.394826,
		-0.194831,
		1
	},
	[0.266666666667] = {
		-0.129098,
		-0.304316,
		0.943783,
		0,
		-0.554011,
		0.811493,
		0.185878,
		0,
		-0.822438,
		-0.49887,
		-0.273357,
		0,
		-0.154863,
		0.563678,
		-0.137902,
		1
	},
	[0.283333333333] = {
		-0.358565,
		-0.37064,
		0.856772,
		0,
		0.027132,
		0.913275,
		0.406438,
		0,
		-0.933111,
		0.16898,
		-0.317412,
		0,
		-0.066876,
		0.586194,
		-0.075075,
		1
	},
	[0.2] = {
		-0.101865,
		-0.008085,
		0.994765,
		0,
		-0.639732,
		0.766308,
		-0.059281,
		0,
		-0.761818,
		-0.642422,
		-0.083232,
		0,
		-0.211687,
		-0.100539,
		-0.182186,
		1
	},
	[0.316666666667] = {
		-0.596376,
		-0.124259,
		0.793029,
		0,
		0.714635,
		0.367727,
		0.595041,
		0,
		-0.365557,
		0.921595,
		-0.130504,
		0,
		0.126324,
		0.511305,
		0.031531,
		1
	},
	[0.333333333333] = {
		-0.543807,
		-0.052072,
		0.837593,
		0,
		0.823721,
		0.157753,
		0.544608,
		0,
		-0.160492,
		0.986105,
		-0.042894,
		0,
		0.190029,
		0.431465,
		0.058828,
		1
	},
	[0.35] = {
		-0.567784,
		-0.03802,
		0.822299,
		0,
		0.823177,
		-0.027481,
		0.567119,
		0,
		0.001035,
		0.998899,
		0.0469,
		0,
		0.24774,
		0.251304,
		0.100892,
		1
	},
	[0.366666666667] = {
		-0.606549,
		-0.044499,
		0.7938,
		0,
		0.773198,
		-0.265475,
		0.575924,
		0,
		0.185105,
		0.96309,
		0.19543,
		0,
		0.301632,
		0.047057,
		0.132379,
		1
	},
	[0.383333333333] = {
		-0.660459,
		-0.070531,
		0.747542,
		0,
		0.559078,
		-0.710773,
		0.426888,
		0,
		0.501224,
		0.699876,
		0.508869,
		0,
		0.346704,
		-0.139767,
		0.112841,
		1
	},
	[0.3] = {
		-0.599963,
		-0.253264,
		0.758882,
		0,
		0.505362,
		0.615383,
		0.604907,
		0,
		-0.620205,
		0.746432,
		-0.241217,
		0,
		0.048409,
		0.552968,
		-0.005607,
		1
	},
	[0.416666666667] = {
		-0.274597,
		-0.160826,
		0.948015,
		0,
		0.068482,
		-0.986681,
		-0.14755,
		0,
		0.959118,
		0.024405,
		0.281953,
		0,
		0.393917,
		-0.351792,
		-0.137576,
		1
	},
	[0.433333333333] = {
		0.150593,
		-0.29459,
		0.943684,
		0,
		-0.098293,
		-0.954301,
		-0.282219,
		0,
		0.983697,
		-0.050257,
		-0.172667,
		0,
		0.387226,
		-0.358938,
		-0.272695,
		1
	},
	[0.45] = {
		0.348865,
		-0.384697,
		0.854577,
		0,
		-0.225394,
		-0.919543,
		-0.321929,
		0,
		0.909665,
		-0.080307,
		-0.407505,
		0,
		0.363753,
		-0.353379,
		-0.319222,
		1
	},
	[0.466666666667] = {
		0.488223,
		-0.457866,
		0.742965,
		0,
		-0.327131,
		-0.885264,
		-0.330594,
		0,
		0.809088,
		-0.081643,
		-0.581989,
		0,
		0.334761,
		-0.340018,
		-0.359042,
		1
	},
	[0.483333333333] = {
		0.583696,
		-0.513177,
		0.629244,
		0,
		-0.404023,
		-0.855771,
		-0.323143,
		0,
		0.704318,
		-0.065611,
		-0.706846,
		0,
		0.30251,
		-0.320741,
		-0.393982,
		1
	},
	[0.4] = {
		-0.634269,
		-0.075,
		0.769466,
		0,
		0.248313,
		-0.962312,
		0.110887,
		0,
		0.73215,
		0.261401,
		0.628988,
		0,
		0.372316,
		-0.290794,
		0.028612,
		1
	},
	[0.516666666667] = {
		0.694472,
		-0.581293,
		0.424036,
		0,
		-0.502472,
		-0.813633,
		-0.292444,
		0,
		0.515005,
		-0.009972,
		-0.857129,
		0,
		0.232104,
		-0.270697,
		-0.453792,
		1
	},
	[0.533333333333] = {
		0.726685,
		-0.600226,
		0.334153,
		0,
		-0.533282,
		-0.79951,
		-0.276395,
		0,
		0.433059,
		0.022654,
		-0.901081,
		0,
		0.195362,
		-0.242382,
		-0.479669,
		1
	},
	[0.55] = {
		0.750033,
		-0.612109,
		0.250546,
		0,
		-0.55638,
		-0.788741,
		-0.261397,
		0,
		0.357619,
		0.056658,
		-0.932147,
		0,
		0.158641,
		-0.213249,
		-0.502967,
		1
	},
	[0.566666666667] = {
		0.766961,
		-0.61854,
		0.170819,
		0,
		-0.574294,
		-0.780398,
		-0.247317,
		0,
		0.286282,
		0.091582,
		-0.953758,
		0,
		0.122792,
		-0.184304,
		-0.523513,
		1
	},
	[0.583333333333] = {
		0.778553,
		-0.62072,
		0.09253,
		0,
		-0.589052,
		-0.773636,
		-0.233463,
		0,
		0.2165,
		0.127259,
		-0.967953,
		0,
		0.088725,
		-0.156557,
		-0.541012,
		1
	},
	[0.5] = {
		0.649101,
		-0.553186,
		0.522162,
		0,
		-0.460734,
		-0.83209,
		-0.308787,
		0,
		0.605303,
		-0.040144,
		-0.794983,
		0,
		0.268074,
		-0.297175,
		-0.425327,
		1
	},
	[0.616666666667] = {
		0.784891,
		-0.615835,
		-0.068503,
		0,
		-0.615433,
		-0.761941,
		-0.201712,
		0,
		0.072026,
		0.200481,
		-0.977046,
		0,
		0.029872,
		-0.108751,
		-0.565271,
		1
	},
	[0.633333333333] = {
		0.777053,
		-0.610178,
		-0.154505,
		0,
		-0.629401,
		-0.755785,
		-0.180674,
		0,
		-0.006529,
		0.237638,
		-0.971332,
		0,
		0.007221,
		-0.090781,
		-0.571088,
		1
	},
	[0.65] = {
		0.759003,
		-0.603241,
		-0.24498,
		0,
		-0.644739,
		-0.748783,
		-0.153738,
		0,
		-0.090696,
		0.274636,
		-0.957261,
		0,
		-0.009341,
		-0.078187,
		-0.572023,
		1
	},
	[0.666666666667] = {
		0.728168,
		-0.595718,
		-0.338956,
		0,
		-0.661312,
		-0.740602,
		-0.119062,
		0,
		-0.180105,
		0.310853,
		-0.933238,
		0,
		-0.01849,
		-0.072053,
		-0.567593,
		1
	},
	[0.683333333333] = {
		0.728318,
		-0.595728,
		-0.338617,
		0,
		-0.661316,
		-0.740507,
		-0.119627,
		0,
		-0.179483,
		0.311059,
		-0.933289,
		0,
		-0.01814,
		-0.071937,
		-0.567619,
		1
	},
	[0.6] = {
		0.784828,
		-0.619569,
		0.0134,
		0,
		-0.602316,
		-0.767704,
		-0.218739,
		0,
		0.145811,
		0.163602,
		-0.975691,
		0,
		0.057409,
		-0.131027,
		-0.555081,
		1
	},
	[0.716666666667] = {
		0.728561,
		-0.595717,
		-0.338112,
		0,
		-0.661295,
		-0.74039,
		-0.120465,
		0,
		-0.178572,
		0.311357,
		-0.933364,
		0,
		-0.017618,
		-0.071767,
		-0.567657,
		1
	},
	[0.733333333333] = {
		0.728634,
		-0.595708,
		-0.337971,
		0,
		-0.661282,
		-0.740364,
		-0.120697,
		0,
		-0.178322,
		0.311438,
		-0.933385,
		0,
		-0.017473,
		-0.07172,
		-0.567668,
		1
	},
	[0.75] = {
		0.728661,
		-0.595703,
		-0.337922,
		0,
		-0.661276,
		-0.740356,
		-0.120779,
		0,
		-0.178234,
		0.311466,
		-0.933392,
		0,
		-0.017421,
		-0.071704,
		-0.567672,
		1
	},
	[0.7] = {
		0.728452,
		-0.595726,
		-0.338331,
		0,
		-0.661308,
		-0.740437,
		-0.120101,
		0,
		-0.178966,
		0.311229,
		-0.933331,
		0,
		-0.017845,
		-0.071841,
		-0.567641,
		1
	}
}

return spline_matrices
