local spline_matrices = {
	[0] = {
		0.662576,
		-0.627867,
		-0.408381,
		0,
		-0.741984,
		-0.624653,
		-0.243453,
		0,
		-0.10224,
		0.464318,
		-0.879747,
		0,
		-0.014417,
		-0.017151,
		-0.583364,
		1
	},
	[0.0333333333333] = {
		0.703147,
		-0.583861,
		-0.405822,
		0,
		-0.32369,
		-0.771011,
		0.548422,
		0,
		-0.633095,
		-0.25426,
		-0.731124,
		0,
		0.162441,
		-0.072771,
		-0.278817,
		1
	},
	[0.0666666666667] = {
		0.717043,
		-0.529741,
		-0.453017,
		0,
		0.454654,
		-0.137175,
		0.880041,
		0,
		-0.528337,
		-0.836993,
		0.142488,
		0,
		0.480181,
		-0.074413,
		0.165858,
		1
	},
	[0.133333333333] = {
		0.710552,
		-0.277119,
		-0.646778,
		0,
		0.701899,
		0.343859,
		0.623778,
		0,
		0.04954,
		-0.897199,
		0.438839,
		0,
		0.491196,
		0.123922,
		0.226204,
		1
	},
	[0.166666666667] = {
		0.682247,
		-0.069496,
		-0.727811,
		0,
		0.65119,
		0.510347,
		0.561692,
		0,
		0.332401,
		-0.857156,
		0.393438,
		0,
		0.422233,
		0.303242,
		0.20407,
		1
	},
	[0.1] = {
		0.722089,
		-0.44417,
		-0.530378,
		0,
		0.671927,
		0.267856,
		0.690484,
		0,
		-0.164627,
		-0.854966,
		0.491865,
		0,
		0.547086,
		-0.025002,
		0.244987,
		1
	},
	[0.233333333333] = {
		0.541939,
		0.188118,
		-0.819093,
		0,
		-0.213436,
		0.973479,
		0.082359,
		0,
		0.812864,
		0.13019,
		0.567717,
		0,
		0.283343,
		0.611167,
		0.159152,
		1
	},
	[0.266666666667] = {
		0.516244,
		0.211306,
		-0.829965,
		0,
		-0.617002,
		0.763854,
		-0.189305,
		0,
		0.59397,
		0.609817,
		0.524712,
		0,
		0.169558,
		0.667269,
		0.081612,
		1
	},
	[0.2] = {
		0.628792,
		0.117851,
		-0.768591,
		0,
		0.264117,
		0.897309,
		0.353665,
		0,
		0.731343,
		-0.425379,
		0.533095,
		0,
		0.343273,
		0.493126,
		0.188055,
		1
	},
	[0.333333333333] = {
		0.310411,
		-0.347146,
		-0.884949,
		0,
		-0.609103,
		-0.787356,
		0.095209,
		0,
		-0.729821,
		0.509471,
		-0.455851,
		0,
		-0.698118,
		0.071359,
		-0.344058,
		1
	},
	[0.366666666667] = {
		0.495514,
		-0.565965,
		-0.6589,
		0,
		-0.187527,
		-0.810393,
		0.555065,
		0,
		-0.848115,
		-0.151481,
		-0.507695,
		0,
		-0.662293,
		0.027002,
		-0.354077,
		1
	},
	[0.3] = {
		0.44585,
		0.226234,
		-0.866046,
		0,
		-0.892201,
		0.190229,
		-0.409622,
		0,
		0.072077,
		0.955317,
		0.28666,
		0,
		-0.144973,
		0.671819,
		-0.107383,
		1
	},
	[0.433333333333] = {
		0.667878,
		-0.57957,
		-0.466944,
		0,
		-0.015629,
		-0.638168,
		0.769738,
		0,
		-0.744106,
		-0.506794,
		-0.435277,
		0,
		-0.522133,
		-0.009044,
		-0.397808,
		1
	},
	[0.466666666667] = {
		0.692175,
		-0.576676,
		-0.43398,
		0,
		-0.063662,
		-0.647746,
		0.759192,
		0,
		-0.718917,
		-0.497865,
		-0.485066,
		0,
		-0.43257,
		-0.023119,
		-0.42586,
		1
	},
	[0.4] = {
		0.611658,
		-0.586605,
		-0.530819,
		0,
		-0.036688,
		-0.691281,
		0.721654,
		0,
		-0.790271,
		-0.421931,
		-0.444349,
		0,
		-0.600385,
		0.006462,
		-0.372838,
		1
	},
	[0.533333333333] = {
		0.689025,
		-0.591126,
		-0.419302,
		0,
		-0.312728,
		-0.764427,
		0.563783,
		0,
		-0.653793,
		-0.257333,
		-0.711572,
		0,
		-0.245646,
		-0.042129,
		-0.488198,
		1
	},
	[0.566666666667] = {
		0.673206,
		-0.601109,
		-0.430653,
		0,
		-0.486775,
		-0.798656,
		0.353834,
		0,
		-0.556636,
		-0.028572,
		-0.830265,
		0,
		-0.160693,
		-0.041573,
		-0.521348,
		1
	},
	[0.5] = {
		0.697257,
		-0.581344,
		-0.419371,
		0,
		-0.164826,
		-0.699392,
		0.695473,
		0,
		-0.697614,
		-0.4158,
		-0.583477,
		0,
		-0.338149,
		-0.035055,
		-0.456007,
		1
	},
	[0.633333333333] = {
		0.652411,
		-0.614152,
		-0.444047,
		0,
		-0.725633,
		-0.675267,
		-0.13218,
		0,
		-0.218672,
		0.408451,
		-0.8862,
		0,
		-0.035306,
		-0.021666,
		-0.57304,
		1
	},
	[0.666666666667] = {
		0.659377,
		-0.631324,
		-0.408231,
		0,
		-0.745441,
		-0.619552,
		-0.245911,
		0,
		-0.097671,
		0.46646,
		-0.879133,
		0,
		-0.013433,
		-0.01606,
		-0.583419,
		1
	},
	[0.6] = {
		0.658269,
		-0.607422,
		-0.444658,
		0,
		-0.639634,
		-0.762777,
		0.095075,
		0,
		-0.396926,
		0.221834,
		-0.89064,
		0,
		-0.088183,
		-0.033047,
		-0.551443,
		1
	},
	[0.733333333333] = {
		0.662423,
		-0.628033,
		-0.408376,
		0,
		-0.74215,
		-0.62441,
		-0.243568,
		0,
		-0.102025,
		0.464421,
		-0.879718,
		0,
		-0.014372,
		-0.017099,
		-0.583367,
		1
	},
	[0.7] = {
		0.661309,
		-0.629236,
		-0.408328,
		0,
		-0.743357,
		-0.622641,
		-0.244414,
		0,
		-0.100448,
		0.465167,
		-0.879505,
		0,
		-0.014037,
		-0.01672,
		-0.583386,
		1
	}
}

return spline_matrices
