local spline_matrices = {
	[0] = {
		0.856958,
		-0.424876,
		-0.291725,
		0,
		-0.512385,
		-0.641355,
		-0.571074,
		0,
		0.055537,
		0.638862,
		-0.767314,
		0,
		-0.010164,
		-0.06122,
		-0.597316,
		1
	},
	[0.0166666666667] = {
		0.498585,
		-0.709458,
		0.498079,
		0,
		-0.864347,
		-0.45044,
		0.223624,
		0,
		0.065702,
		-0.542009,
		-0.837801,
		0,
		-0.151074,
		-0.021541,
		-0.515678,
		1
	},
	[0.0333333333333] = {
		0.248661,
		0.052415,
		0.967171,
		0,
		-0.91416,
		0.342722,
		0.216458,
		0,
		-0.320125,
		-0.937973,
		0.133137,
		0,
		-0.321877,
		0.068138,
		-0.382737,
		1
	},
	[0.05] = {
		0.116441,
		0.254788,
		0.959961,
		0,
		-0.987037,
		0.137169,
		0.083319,
		0,
		-0.110449,
		-0.957219,
		0.267457,
		0,
		-0.296105,
		-0.214063,
		-0.422348,
		1
	},
	[0.0666666666667] = {
		-0.01918,
		0.15917,
		0.987065,
		0,
		-0.944652,
		-0.32628,
		0.034259,
		0,
		0.327513,
		-0.931776,
		0.156618,
		0,
		-0.320039,
		-0.336629,
		-0.291168,
		1
	},
	[0.0833333333333] = {
		-0.028028,
		0.007041,
		0.999582,
		0,
		-0.74902,
		-0.662346,
		-0.016337,
		0,
		0.661954,
		-0.749165,
		0.023838,
		0,
		-0.326992,
		-0.363768,
		-0.153918,
		1
	},
	[0.116666666667] = {
		-0.015874,
		0.023516,
		0.999597,
		0,
		-0.624665,
		-0.780847,
		0.00845,
		0,
		0.780731,
		-0.62428,
		0.027084,
		0,
		-0.342337,
		-0.303232,
		-0.071915,
		1
	},
	[0.133333333333] = {
		-0.028251,
		0.076097,
		0.9967,
		0,
		-0.662747,
		-0.747862,
		0.038313,
		0,
		0.74831,
		-0.659478,
		0.07156,
		0,
		-0.356645,
		-0.256802,
		-0.040881,
		1
	},
	[0.15] = {
		-0.039745,
		0.119153,
		0.99208,
		0,
		-0.760494,
		-0.647618,
		0.047315,
		0,
		0.648127,
		-0.752591,
		0.116355,
		0,
		-0.372808,
		-0.211168,
		-0.02128,
		1
	},
	[0.166666666667] = {
		-0.048133,
		0.124471,
		0.991055,
		0,
		-0.893887,
		-0.448109,
		0.012866,
		0,
		0.445702,
		-0.885271,
		0.132832,
		0,
		-0.39217,
		-0.171053,
		-0.016614,
		1
	},
	[0.183333333333] = {
		-0.077586,
		0.088262,
		0.993071,
		0,
		-0.980477,
		0.173758,
		-0.092045,
		0,
		-0.180679,
		-0.980825,
		0.073058,
		0,
		-0.42281,
		-0.126665,
		-0.045239,
		1
	},
	[0.1] = {
		-0.013439,
		-0.010894,
		0.99985,
		0,
		-0.654772,
		-0.755635,
		-0.017034,
		0,
		0.755707,
		-0.654903,
		0.003022,
		0,
		-0.330958,
		-0.342398,
		-0.110817,
		1
	},
	[0.216666666667] = {
		-0.314701,
		-0.203171,
		0.927192,
		0,
		-0.893347,
		0.393508,
		-0.216986,
		0,
		-0.320772,
		-0.89659,
		-0.30534,
		0,
		-0.28051,
		0.019155,
		-0.169008,
		1
	},
	[0.233333333333] = {
		-0.291858,
		-0.425217,
		0.856744,
		0,
		-0.94847,
		0.013113,
		-0.316597,
		0,
		0.123387,
		-0.904996,
		-0.407133,
		0,
		-0.144969,
		0.183493,
		-0.211168,
		1
	},
	[0.25] = {
		-0.155714,
		-0.286835,
		0.94524,
		0,
		-0.987802,
		0.046145,
		-0.148722,
		0,
		-0.000959,
		-0.956868,
		-0.290521,
		0,
		-0.135936,
		0.387963,
		-0.169824,
		1
	},
	[0.266666666667] = {
		-0.01363,
		-0.17702,
		0.984113,
		0,
		-0.928678,
		0.367056,
		0.053163,
		0,
		-0.370635,
		-0.9132,
		-0.169398,
		0,
		-0.140823,
		0.534786,
		-0.109341,
		1
	},
	[0.283333333333] = {
		-0.242317,
		-0.369316,
		0.897155,
		0,
		-0.162342,
		0.927112,
		0.3378,
		0,
		-0.956518,
		-0.063791,
		-0.284611,
		0,
		-0.062215,
		0.582081,
		-0.062242,
		1
	},
	[0.2] = {
		-0.165079,
		0.026519,
		0.985924,
		0,
		-0.744938,
		0.651789,
		-0.142261,
		0,
		-0.646387,
		-0.757936,
		-0.087842,
		0,
		-0.420418,
		-0.082727,
		-0.099887,
		1
	},
	[0.316666666667] = {
		-0.54469,
		-0.154529,
		0.824278,
		0,
		0.792363,
		0.227146,
		0.566184,
		0,
		-0.274724,
		0.961522,
		-0.001281,
		0,
		0.146397,
		0.487777,
		0.002126,
		1
	},
	[0.333333333333] = {
		-0.52046,
		-0.134856,
		0.84317,
		0,
		0.836623,
		0.117016,
		0.535135,
		0,
		-0.170831,
		0.983931,
		0.051921,
		0,
		0.198266,
		0.41274,
		0.010543,
		1
	},
	[0.35] = {
		-0.599474,
		-0.036493,
		0.799562,
		0,
		0.799823,
		-0.065062,
		0.5967,
		0,
		0.030246,
		0.997214,
		0.068191,
		0,
		0.235402,
		0.248445,
		0.038527,
		1
	},
	[0.366666666667] = {
		-0.606896,
		0.074042,
		0.791325,
		0,
		0.745662,
		-0.291551,
		0.599155,
		0,
		0.275074,
		0.953685,
		0.121731,
		0,
		0.259264,
		0.045299,
		0.056317,
		1
	},
	[0.383333333333] = {
		-0.349751,
		0.040734,
		0.935957,
		0,
		0.662676,
		-0.695438,
		0.277897,
		0,
		0.662219,
		0.717431,
		0.216237,
		0,
		0.272289,
		-0.219719,
		-0.063291,
		1
	},
	[0.3] = {
		-0.554834,
		-0.215155,
		0.803659,
		0,
		0.668813,
		0.459183,
		0.58467,
		0,
		-0.494821,
		0.861893,
		-0.110872,
		0,
		0.076239,
		0.536214,
		-0.011833,
		1
	},
	[0.416666666667] = {
		0.059555,
		-0.255574,
		0.964953,
		0,
		0.216279,
		-0.940404,
		-0.26242,
		0,
		0.974514,
		0.224327,
		-0.000731,
		0,
		0.246584,
		-0.388383,
		-0.252613,
		1
	},
	[0.433333333333] = {
		0.168094,
		-0.360056,
		0.917662,
		0,
		0.04819,
		-0.926794,
		-0.372466,
		0,
		0.984592,
		0.106832,
		-0.138437,
		0,
		0.228258,
		-0.381875,
		-0.294556,
		1
	},
	[0.45] = {
		0.255421,
		-0.448328,
		0.856599,
		0,
		-0.09193,
		-0.893235,
		-0.440091,
		0,
		0.962449,
		0.033662,
		-0.269366,
		0,
		0.208364,
		-0.367882,
		-0.332852,
		1
	},
	[0.466666666667] = {
		0.329599,
		-0.520289,
		0.787822,
		0,
		-0.205219,
		-0.85398,
		-0.478124,
		0,
		0.921547,
		-0.004087,
		-0.388245,
		0,
		0.187703,
		-0.348428,
		-0.367989,
		1
	},
	[0.483333333333] = {
		0.396183,
		-0.577493,
		0.713821,
		0,
		-0.295809,
		-0.816265,
		-0.496193,
		0,
		0.869215,
		-0.014571,
		-0.494219,
		0,
		0.166678,
		-0.325024,
		-0.400349,
		1
	},
	[0.4] = {
		-0.079564,
		-0.140096,
		0.986936,
		0,
		0.404442,
		-0.909459,
		-0.096493,
		0,
		0.911096,
		0.391481,
		0.12902,
		0,
		0.261667,
		-0.384749,
		-0.206754,
		1
	},
	[0.516666666667] = {
		0.517896,
		-0.653897,
		0.551545,
		0,
		-0.426165,
		-0.756262,
		-0.496438,
		0,
		0.741732,
		0.022054,
		-0.670334,
		0,
		0.124532,
		-0.270989,
		-0.457353,
		1
	},
	[0.533333333333] = {
		0.574422,
		-0.675434,
		0.462415,
		0,
		-0.473227,
		-0.734962,
		-0.485682,
		0,
		0.667904,
		0.060159,
		-0.741813,
		0,
		0.103828,
		-0.242346,
		-0.481944,
		1
	},
	[0.55] = {
		0.626805,
		-0.687165,
		0.367314,
		0,
		-0.512274,
		-0.71864,
		-0.470247,
		0,
		0.587104,
		0.106588,
		-0.802463,
		0,
		0.083604,
		-0.213845,
		-0.503747,
		1
	},
	[0.566666666667] = {
		0.673082,
		-0.689988,
		0.266229,
		0,
		-0.545642,
		-0.706297,
		-0.45102,
		0,
		0.499235,
		0.158308,
		-0.851882,
		0,
		0.064153,
		-0.186326,
		-0.522545,
		1
	},
	[0.583333333333] = {
		0.710659,
		-0.685142,
		0.159825,
		0,
		-0.575418,
		-0.696755,
		-0.428283,
		0,
		0.404794,
		0.212397,
		-0.889398,
		0,
		0.045815,
		-0.160608,
		-0.538089,
		1
	},
	[0.5] = {
		0.458459,
		-0.621602,
		0.635159,
		0,
		-0.368164,
		-0.783322,
		-0.500862,
		0,
		0.80887,
		-0.004218,
		-0.587972,
		0,
		0.14554,
		-0.298869,
		-0.430128,
		1
	},
	[0.616666666667] = {
		0.748163,
		-0.660611,
		-0.062002,
		0,
		-0.631763,
		-0.680684,
		-0.37087,
		0,
		0.202797,
		0.316642,
		-0.926613,
		0,
		0.014076,
		-0.117716,
		-0.558366,
		1
	},
	[0.633333333333] = {
		0.742911,
		-0.646977,
		-0.171765,
		0,
		-0.661716,
		-0.671065,
		-0.33437,
		0,
		0.101064,
		0.362067,
		-0.926657,
		0,
		0.00158,
		-0.102013,
		-0.562607,
		1
	},
	[0.65] = {
		0.719338,
		-0.637577,
		-0.275771,
		0,
		-0.694649,
		-0.65791,
		-0.29089,
		0,
		0.004032,
		0.400812,
		-0.916151,
		0,
		-0.008012,
		-0.091031,
		-0.562642,
		1
	},
	[0.666666666667] = {
		0.676865,
		-0.636546,
		-0.36968,
		0,
		-0.731292,
		-0.638838,
		-0.238953,
		0,
		-0.084061,
		0.432083,
		-0.897908,
		0,
		-0.014183,
		-0.085361,
		-0.558329,
		1
	},
	[0.683333333333] = {
		0.677012,
		-0.636602,
		-0.369313,
		0,
		-0.731245,
		-0.638622,
		-0.239672,
		0,
		-0.083276,
		0.432319,
		-0.897867,
		0,
		-0.013771,
		-0.085222,
		-0.558361,
		1
	},
	[0.6] = {
		0.73663,
		-0.674474,
		0.049611,
		0,
		-0.603529,
		-0.688701,
		-0.401801,
		0,
		0.305172,
		0.266037,
		-0.914382,
		0,
		0.028978,
		-0.137485,
		-0.550116,
		1
	},
	[0.716666666667] = {
		0.677262,
		-0.636659,
		-0.368756,
		0,
		-0.731146,
		-0.638327,
		-0.240757,
		0,
		-0.082107,
		0.43267,
		-0.897806,
		0,
		-0.013144,
		-0.085015,
		-0.558407,
		1
	},
	[0.733333333333] = {
		0.67734,
		-0.636668,
		-0.368598,
		0,
		-0.731111,
		-0.638252,
		-0.241063,
		0,
		-0.081782,
		0.432768,
		-0.897788,
		0,
		-0.012966,
		-0.084957,
		-0.55842,
		1
	},
	[0.75] = {
		0.677368,
		-0.63667,
		-0.368542,
		0,
		-0.731097,
		-0.638227,
		-0.241171,
		0,
		-0.081667,
		0.432802,
		-0.897782,
		0,
		-0.012903,
		-0.084936,
		-0.558425,
		1
	},
	[0.7] = {
		0.677149,
		-0.636638,
		-0.369,
		0,
		-0.731194,
		-0.638451,
		-0.240283,
		0,
		-0.082615,
		0.432518,
		-0.897832,
		0,
		-0.013419,
		-0.085105,
		-0.558387,
		1
	}
}

return spline_matrices
