local spline_matrices = {
	[0] = {
		-0.053582,
		-0.122926,
		-0.990968,
		0,
		0.41838,
		0.898325,
		-0.134055,
		0,
		0.90669,
		-0.421784,
		0.003296,
		0,
		0.538439,
		0.015243,
		-0.2441,
		1
	},
	[0.0333333333333] = {
		-0.000936,
		0.008126,
		-0.999967,
		0,
		0.711309,
		0.702861,
		0.005046,
		0,
		0.702879,
		-0.711281,
		-0.006438,
		0,
		0.494442,
		-0.023581,
		-0.229305,
		1
	},
	[0.0666666666667] = {
		0.195619,
		0.122918,
		-0.972946,
		0,
		0.927369,
		0.299469,
		0.224289,
		0,
		0.318937,
		-0.946155,
		-0.055409,
		0,
		0.365727,
		-0.065541,
		-0.205474,
		1
	},
	[0.133333333333] = {
		0.469738,
		0.062529,
		-0.880589,
		0,
		0.873109,
		-0.180348,
		0.452941,
		0,
		-0.130491,
		-0.981613,
		-0.139311,
		0,
		0.099826,
		-0.091996,
		-0.154971,
		1
	},
	[0.166666666667] = {
		0.397306,
		0.182747,
		-0.899306,
		0,
		0.905781,
		0.079243,
		0.41627,
		0,
		0.147336,
		-0.979961,
		-0.134045,
		0,
		0.071122,
		-0.08078,
		-0.134926,
		1
	},
	[0.1] = {
		0.39785,
		0.093552,
		-0.912668,
		0,
		0.917319,
		-0.057378,
		0.393996,
		0,
		-0.015508,
		-0.99396,
		-0.108645,
		0,
		0.214124,
		-0.085174,
		-0.180051,
		1
	},
	[0.233333333333] = {
		-0.567007,
		0.251995,
		-0.784221,
		0,
		-0.609301,
		0.512363,
		0.605175,
		0,
		0.554307,
		0.820965,
		-0.136972,
		0,
		0.132567,
		0.535036,
		-0.069466,
		1
	},
	[0.266666666667] = {
		-0.253915,
		0.16561,
		-0.952943,
		0,
		-0.963369,
		0.044605,
		0.264445,
		0,
		0.0863,
		0.985182,
		0.148218,
		0,
		-0.01961,
		0.611647,
		-0.036443,
		1
	},
	[0.2] = {
		-0.27299,
		0.123291,
		-0.954084,
		0,
		-0.233661,
		0.953558,
		0.19008,
		0,
		0.933209,
		0.274822,
		-0.231504,
		0,
		0.164557,
		0.306256,
		-0.143861,
		1
	},
	[0.333333333333] = {
		-0.468847,
		0.211003,
		-0.857706,
		0,
		-0.742274,
		-0.620455,
		0.253111,
		0,
		-0.478761,
		0.755323,
		0.447521,
		0,
		-0.115613,
		0.013835,
		-0.275087,
		1
	},
	[0.366666666667] = {
		-0.393818,
		0.071782,
		-0.916381,
		0,
		-0.799741,
		-0.518214,
		0.303099,
		0,
		-0.453125,
		0.852233,
		0.261489,
		0,
		-0.211441,
		-0.236218,
		-0.338646,
		1
	},
	[0.3] = {
		-0.184783,
		0.191838,
		-0.963874,
		0,
		-0.959393,
		-0.247895,
		0.134586,
		0,
		-0.213121,
		0.949603,
		0.229854,
		0,
		-0.112669,
		0.471341,
		-0.098731,
		1
	},
	[0.433333333333] = {
		0.470622,
		-0.059441,
		-0.88033,
		0,
		0.48552,
		-0.815645,
		0.314631,
		0,
		-0.736739,
		-0.575491,
		-0.355001,
		0,
		-0.161216,
		-0.416247,
		-0.454083,
		1
	},
	[0.466666666667] = {
		0.543683,
		-0.317273,
		-0.777011,
		0,
		0.378841,
		-0.733344,
		0.564522,
		0,
		-0.748924,
		-0.601285,
		-0.278511,
		0,
		-0.118124,
		-0.402552,
		-0.461822,
		1
	},
	[0.4] = {
		-0.022764,
		-0.176904,
		-0.983965,
		0,
		-0.171676,
		-0.968908,
		0.178169,
		0,
		-0.98489,
		0.172979,
		-0.008314,
		0,
		-0.213173,
		-0.375302,
		-0.406904,
		1
	},
	[0.533333333333] = {
		0.344033,
		-0.679272,
		-0.648252,
		0,
		-0.053081,
		-0.703361,
		0.708848,
		0,
		-0.937456,
		-0.209457,
		-0.278036,
		0,
		0.001895,
		-0.360642,
		-0.456152,
		1
	},
	[0.566666666667] = {
		0.285889,
		-0.656192,
		-0.69834,
		0,
		-0.352337,
		-0.749689,
		0.560201,
		0,
		-0.891138,
		0.085896,
		-0.445529,
		0,
		0.024101,
		-0.309,
		-0.448475,
		1
	},
	[0.5] = {
		0.414745,
		-0.622495,
		-0.663691,
		0,
		0.160878,
		-0.667727,
		0.726814,
		0,
		-0.895603,
		-0.408216,
		-0.176791,
		0,
		-0.050986,
		-0.384943,
		-0.459235,
		1
	},
	[0.633333333333] = {
		0.356787,
		-0.419438,
		-0.834731,
		0,
		-0.863424,
		-0.489194,
		-0.12324,
		0,
		-0.356654,
		0.764697,
		-0.536691,
		0,
		0.078644,
		-0.147871,
		-0.427612,
		1
	},
	[0.666666666667] = {
		0.47392,
		-0.306292,
		-0.825582,
		0,
		-0.880477,
		-0.178274,
		-0.439293,
		0,
		-0.012628,
		0.935096,
		-0.354171,
		0,
		0.113683,
		-0.065039,
		-0.409772,
		1
	},
	[0.6] = {
		0.282633,
		-0.556672,
		-0.781175,
		0,
		-0.666252,
		-0.699809,
		0.257636,
		0,
		-0.690092,
		0.447643,
		-0.568673,
		0,
		0.048092,
		-0.234812,
		-0.439665,
		1
	},
	[0.733333333333] = {
		0.65081,
		-0.231729,
		-0.723013,
		0,
		-0.62355,
		0.380167,
		-0.683124,
		0,
		0.433165,
		0.895419,
		0.102922,
		0,
		0.166469,
		0.027204,
		-0.378222,
		1
	},
	[0.766666666667] = {
		0.650811,
		-0.23173,
		-0.723012,
		0,
		-0.623551,
		0.380161,
		-0.683126,
		0,
		0.433162,
		0.895421,
		0.102917,
		0,
		0.166469,
		0.027203,
		-0.378222,
		1
	},
	[0.7] = {
		0.580912,
		-0.246338,
		-0.775796,
		0,
		-0.774098,
		0.127439,
		-0.620106,
		0,
		0.251623,
		0.960769,
		-0.116659,
		0,
		0.145179,
		-0.00279,
		-0.390439,
		1
	}
}

return spline_matrices
