local spline_matrices = {
	[0] = {
		0.730256,
		-0.54094,
		-0.417264,
		0,
		-0.682098,
		-0.543057,
		-0.489726,
		0,
		0.038314,
		0.642241,
		-0.765545,
		0,
		0.107942,
		-0.047315,
		-0.567392,
		1
	},
	[0.0333333333333] = {
		0.619449,
		-0.689474,
		0.375377,
		0,
		-0.603849,
		-0.72403,
		-0.333388,
		0,
		0.501647,
		-0.020154,
		-0.864838,
		0,
		0.047359,
		-0.171691,
		-0.486904,
		1
	},
	[0.0666666666667] = {
		0.030051,
		-0.329069,
		0.943828,
		0,
		-0.688942,
		-0.69095,
		-0.218967,
		0,
		0.724193,
		-0.643662,
		-0.247473,
		0,
		-0.102439,
		-0.304272,
		-0.316754,
		1
	},
	[0.133333333333] = {
		-0.355576,
		0.114188,
		0.927646,
		0,
		-0.934602,
		-0.033666,
		-0.354099,
		0,
		-0.009204,
		-0.992889,
		0.118691,
		0,
		-0.17009,
		-0.222952,
		-0.26783,
		1
	},
	[0.166666666667] = {
		-0.350086,
		0.161314,
		0.922723,
		0,
		-0.770799,
		0.510127,
		-0.381628,
		0,
		-0.532268,
		-0.844836,
		-0.054248,
		0,
		-0.191228,
		-0.097388,
		-0.267558,
		1
	},
	[0.1] = {
		-0.274416,
		-0.0231,
		0.961333,
		0,
		-0.812449,
		-0.529226,
		-0.244634,
		0,
		0.514414,
		-0.848166,
		0.12646,
		0,
		-0.150561,
		-0.31096,
		-0.265343,
		1
	},
	[0.233333333333] = {
		-0.262658,
		0.101196,
		0.959568,
		0,
		-0.964807,
		-0.01461,
		-0.262552,
		0,
		-0.01255,
		-0.994759,
		0.101472,
		0,
		-0.207957,
		0.057783,
		-0.193188,
		1
	},
	[0.266666666667] = {
		-0.300202,
		0.16071,
		0.94024,
		0,
		-0.719214,
		0.609359,
		-0.333787,
		0,
		-0.626586,
		-0.776437,
		-0.067346,
		0,
		-0.183384,
		0.570202,
		-0.114251,
		1
	},
	[0.2] = {
		-0.325175,
		0.161907,
		0.931691,
		0,
		-0.679823,
		0.644834,
		-0.349327,
		0,
		-0.657345,
		-0.746977,
		-0.099616,
		0,
		-0.237062,
		-0.011183,
		-0.243666,
		1
	},
	[0.333333333333] = {
		-0.059598,
		-0.170582,
		0.983539,
		0,
		0.97728,
		0.190795,
		0.09231,
		0,
		-0.2034,
		0.966695,
		0.155335,
		0,
		0.237419,
		0.548958,
		-0.082388,
		1
	},
	[0.366666666667] = {
		0.275729,
		-0.195414,
		0.941163,
		0,
		0.960317,
		0.013209,
		-0.278598,
		0,
		0.042011,
		0.980632,
		0.191301,
		0,
		0.281941,
		0.310913,
		-0.137482,
		1
	},
	[0.3] = {
		-0.115163,
		-0.281607,
		0.952594,
		0,
		0.658738,
		0.696129,
		0.285428,
		0,
		-0.743506,
		0.66038,
		0.105337,
		0,
		0.076045,
		0.696544,
		-0.030709,
		1
	},
	[0.433333333333] = {
		0.030703,
		-0.340479,
		0.939751,
		0,
		-0.059764,
		-0.939137,
		-0.338305,
		0,
		0.99774,
		-0.045776,
		-0.049183,
		0,
		0.244952,
		-0.414251,
		-0.303047,
		1
	},
	[0.466666666667] = {
		0.135236,
		-0.422241,
		0.896339,
		0,
		-0.318018,
		-0.875283,
		-0.364341,
		0,
		0.93839,
		-0.23578,
		-0.25265,
		0,
		0.18148,
		-0.384213,
		-0.369592,
		1
	},
	[0.4] = {
		0.028165,
		-0.319134,
		0.947291,
		0,
		0.405259,
		-0.862646,
		-0.302667,
		0,
		0.913768,
		0.392423,
		0.105035,
		0,
		0.29789,
		-0.406111,
		-0.232338,
		1
	},
	[0.533333333333] = {
		0.381773,
		-0.670518,
		0.636125,
		0,
		-0.639066,
		-0.688724,
		-0.342423,
		0,
		0.667716,
		-0.275798,
		-0.691441,
		0,
		0.089932,
		-0.29038,
		-0.479331,
		1
	},
	[0.566666666667] = {
		0.499899,
		-0.786945,
		0.361688,
		0,
		-0.734346,
		-0.606535,
		-0.304714,
		0,
		0.45917,
		-0.113278,
		-0.881097,
		0,
		0.047989,
		-0.227936,
		-0.531755,
		1
	},
	[0.5] = {
		0.248704,
		-0.533281,
		0.808553,
		0,
		-0.504985,
		-0.783738,
		-0.361586,
		0,
		0.82652,
		-0.31838,
		-0.464218,
		0,
		0.133776,
		-0.344596,
		-0.423649,
		1
	},
	[0.633333333333] = {
		0.549447,
		-0.796896,
		-0.251129,
		0,
		-0.835117,
		-0.514348,
		-0.195001,
		0,
		0.026228,
		0.316865,
		-0.948108,
		0,
		-0.013424,
		-0.123895,
		-0.596721,
		1
	},
	[0.666666666667] = {
		0.506941,
		-0.749437,
		-0.425858,
		0,
		-0.855828,
		-0.49653,
		-0.144971,
		0,
		-0.102804,
		0.437953,
		-0.8931,
		0,
		-0.024421,
		-0.104221,
		-0.601783,
		1
	},
	[0.6] = {
		0.558331,
		-0.828903,
		0.034456,
		0,
		-0.79788,
		-0.547885,
		-0.251415,
		0,
		0.227277,
		0.112881,
		-0.967266,
		0,
		0.011925,
		-0.168494,
		-0.572571,
		1
	},
	[0.733333333333] = {
		0.49648,
		-0.742953,
		-0.448919,
		0,
		-0.860071,
		-0.490979,
		-0.13863,
		0,
		-0.117414,
		0.45493,
		-0.882753,
		0,
		-0.023063,
		-0.1024,
		-0.600845,
		1
	},
	[0.766666666667] = {
		0.506496,
		-0.750399,
		-0.424692,
		0,
		-0.856757,
		-0.493461,
		-0.149876,
		0,
		-0.097102,
		0.43977,
		-0.892846,
		0,
		-0.0219,
		-0.103143,
		-0.602084,
		1
	},
	[0.7] = {
		0.486076,
		-0.734961,
		-0.472824,
		0,
		-0.862797,
		-0.48962,
		-0.125909,
		0,
		-0.138965,
		0.469153,
		-0.872115,
		0,
		-0.024951,
		-0.102014,
		-0.599494,
		1
	}
}

return spline_matrices
