local spline_matrices = {
	[0] = {
		0.969174,
		-0.236568,
		0.068835,
		0,
		0.143462,
		0.314721,
		-0.93828,
		0,
		0.200303,
		0.919231,
		0.338958,
		0,
		0.302261,
		0.043151,
		-0.479841,
		1
	},
	{
		0.947365,
		-0.066413,
		0.313192,
		0,
		0.315044,
		0.367495,
		-0.87504,
		0,
		-0.056982,
		0.927651,
		0.369074,
		0,
		0.451342,
		0.108226,
		-0.543259,
		1
	},
	[0.0333333333333] = {
		0.943418,
		-0.329705,
		0.035463,
		0,
		0.102165,
		0.18725,
		-0.976985,
		0,
		0.315477,
		0.925328,
		0.210339,
		0,
		0.339029,
		0.053347,
		-0.515553,
		1
	},
	[0.0666666666667] = {
		0.912201,
		-0.409055,
		0.023747,
		0,
		0.063334,
		0.083502,
		-0.994493,
		0,
		0.404819,
		0.908681,
		0.102078,
		0,
		0.389939,
		0.07553,
		-0.549269,
		1
	},
	[0.133333333333] = {
		0.952026,
		-0.305662,
		-0.01474,
		0,
		0.0535,
		0.213673,
		-0.975439,
		0,
		0.301304,
		0.927855,
		0.219775,
		0,
		0.346979,
		0.118951,
		-0.417883,
		1
	},
	[0.166666666667] = {
		0.856706,
		-0.147244,
		-0.494342,
		0,
		-0.436664,
		0.303096,
		-0.847028,
		0,
		0.274553,
		0.941516,
		0.195368,
		0,
		0.231866,
		0.161193,
		-0.326795,
		1
	},
	[0.1] = {
		0.914086,
		-0.404083,
		0.034102,
		0,
		0.083237,
		0.104657,
		-0.991019,
		0,
		0.396885,
		0.908715,
		0.1293,
		0,
		0.386333,
		0.094312,
		-0.500837,
		1
	},
	[0.233333333333] = {
		0.357496,
		0.221625,
		-0.907237,
		0,
		-0.930398,
		0.00029,
		-0.366551,
		0,
		-0.080974,
		0.975132,
		0.206303,
		0,
		-0.012336,
		0.320373,
		-0.204359,
		1
	},
	[0.266666666667] = {
		-0.057909,
		0.151411,
		-0.986773,
		0,
		-0.998093,
		0.012398,
		0.060476,
		0,
		0.021391,
		0.988393,
		0.150404,
		0,
		-0.011755,
		0.649495,
		-0.037682,
		1
	},
	[0.2] = {
		0.561993,
		0.067411,
		-0.824391,
		0,
		-0.81952,
		0.180373,
		-0.543923,
		0,
		0.112031,
		0.981286,
		0.156613,
		0,
		0.084196,
		0.221374,
		-0.259704,
		1
	},
	[0.333333333333] = {
		0.069805,
		0.217602,
		-0.973538,
		0,
		-0.997547,
		0.020321,
		-0.066984,
		0,
		0.005207,
		0.975826,
		0.218486,
		0,
		-0.005403,
		0.657937,
		-0.041317,
		1
	},
	[0.366666666667] = {
		0.030422,
		0.204036,
		-0.97849,
		0,
		-0.999443,
		0.01962,
		-0.026982,
		0,
		0.013693,
		0.978767,
		0.20452,
		0,
		-0.004611,
		0.658686,
		-0.040292,
		1
	},
	[0.3] = {
		0.105946,
		0.196186,
		-0.974826,
		0,
		-0.994353,
		0.014899,
		-0.10507,
		0,
		-0.00609,
		0.980454,
		0.196656,
		0,
		-0.013711,
		0.657783,
		-0.042187,
		1
	},
	[0.433333333333] = {
		-0.005474,
		0.168393,
		-0.985705,
		0,
		-0.999938,
		0.008607,
		0.007023,
		0,
		0.009667,
		0.985682,
		0.168335,
		0,
		-0.006895,
		0.651628,
		-0.04184,
		1
	},
	[0.466666666667] = {
		0.028084,
		0.158282,
		-0.986995,
		0,
		-0.999604,
		0.006137,
		-0.027459,
		0,
		0.001711,
		0.987375,
		0.158391,
		0,
		-0.005536,
		0.650179,
		-0.046831,
		1
	},
	[0.4] = {
		0.007486,
		0.188681,
		-0.98201,
		0,
		-0.999875,
		0.01509,
		-0.004723,
		0,
		0.013927,
		0.981922,
		0.18877,
		0,
		-0.005941,
		0.656217,
		-0.040454,
		1
	},
	[0.533333333333] = {
		0.204968,
		0.187576,
		-0.960627,
		0,
		-0.977857,
		-0.003101,
		-0.20925,
		0,
		-0.042229,
		0.982245,
		0.182787,
		0,
		0.005751,
		0.656913,
		-0.066455,
		1
	},
	[0.566666666667] = {
		0.401126,
		0.223104,
		-0.888438,
		0,
		-0.913545,
		0.026141,
		-0.405897,
		0,
		-0.067333,
		0.974444,
		0.214301,
		0,
		0.020488,
		0.67049,
		-0.093635,
		1
	},
	[0.5] = {
		0.097915,
		0.166255,
		-0.981209,
		0,
		-0.995059,
		9.1e-05,
		-0.099281,
		0,
		-0.016417,
		0.986083,
		0.165442,
		0,
		-0.000647,
		0.652858,
		-0.055208,
		1
	},
	[0.633333333333] = {
		0.932247,
		0.287148,
		-0.220139,
		0,
		-0.282744,
		0.198513,
		-0.938429,
		0,
		-0.225768,
		0.93709,
		0.266253,
		0,
		0.098312,
		0.666079,
		-0.193193,
		1
	},
	[0.666666666667] = {
		0.959038,
		0.257585,
		0.117882,
		0,
		0.033039,
		0.311585,
		-0.949644,
		0,
		-0.281344,
		0.914639,
		0.290312,
		0,
		0.146858,
		0.619353,
		-0.234994,
		1
	},
	[0.6] = {
		0.73525,
		0.265398,
		-0.623675,
		0,
		-0.663882,
		0.096502,
		-0.741585,
		0,
		-0.136629,
		0.959297,
		0.247146,
		0,
		0.054373,
		0.685216,
		-0.144238,
		1
	},
	[0.733333333333] = {
		0.652962,
		-0.051387,
		0.755646,
		0,
		0.61381,
		0.620393,
		-0.488211,
		0,
		-0.443709,
		0.782606,
		0.436634,
		0,
		0.249539,
		0.444677,
		-0.289552,
		1
	},
	[0.766666666667] = {
		0.585877,
		-0.069598,
		0.807406,
		0,
		0.648304,
		0.638061,
		-0.415428,
		0,
		-0.486261,
		0.766834,
		0.418946,
		0,
		0.29411,
		0.370228,
		-0.316104,
		1
	},
	[0.7] = {
		0.85072,
		0.074994,
		0.520241,
		0,
		0.409168,
		0.526797,
		-0.745028,
		0,
		-0.329934,
		0.846677,
		0.417472,
		0,
		0.19975,
		0.53782,
		-0.26495,
		1
	},
	[0.833333333333] = {
		0.708058,
		-0.022043,
		0.70581,
		0,
		0.576547,
		0.595165,
		-0.559796,
		0,
		-0.407734,
		0.803301,
		0.434121,
		0,
		0.36971,
		0.206658,
		-0.402335,
		1
	},
	[0.866666666667] = {
		0.840007,
		0.007409,
		0.542526,
		0,
		0.465776,
		0.502998,
		-0.728042,
		0,
		-0.278283,
		0.864256,
		0.419071,
		0,
		0.401793,
		0.123472,
		-0.45636,
		1
	},
	[0.8] = {
		0.597744,
		-0.060045,
		0.799435,
		0,
		0.631912,
		0.648944,
		-0.423744,
		0,
		-0.493345,
		0.758463,
		0.425846,
		0,
		0.333209,
		0.301525,
		-0.35265,
		1
	},
	[0.933333333333] = {
		0.935282,
		-0.014529,
		0.353604,
		0,
		0.329852,
		0.397834,
		-0.856111,
		0,
		-0.128237,
		0.917343,
		0.376879,
		0,
		0.43035,
		0.096092,
		-0.509709,
		1
	},
	[0.966666666667] = {
		0.945842,
		-0.038761,
		0.322304,
		0,
		0.312505,
		0.377487,
		-0.87169,
		0,
		-0.087878,
		0.925203,
		0.369156,
		0,
		0.4407,
		0.101988,
		-0.527001,
		1
	},
	[0.9] = {
		0.91161,
		0.004571,
		0.41103,
		0,
		0.369175,
		0.430629,
		-0.823571,
		0,
		-0.180766,
		0.902518,
		0.390878,
		0,
		0.420473,
		0.090599,
		-0.491581,
		1
	},
	[1.03333333333] = {
		0.941861,
		-0.0966,
		0.321817,
		0,
		0.334322,
		0.365104,
		-0.868866,
		0,
		-0.033564,
		0.925942,
		0.376173,
		0,
		0.462056,
		0.114421,
		-0.558271,
		1
	},
	[1.06666666667] = {
		0.932427,
		-0.123803,
		0.339488,
		0,
		0.360867,
		0.367953,
		-0.856963,
		0,
		-0.018821,
		0.921566,
		0.387766,
		0,
		0.47235,
		0.120294,
		-0.571067,
		1
	},
	[1.13333333333] = {
		0.910117,
		-0.162389,
		0.381205,
		0,
		0.414171,
		0.383688,
		-0.825376,
		0,
		-0.012232,
		0.909073,
		0.416457,
		0,
		0.489873,
		0.129758,
		-0.588427,
		1
	},
	[1.16666666667] = {
		0.897656,
		-0.179263,
		0.402591,
		0,
		0.440483,
		0.393502,
		-0.806927,
		0,
		-0.013768,
		0.901677,
		0.432192,
		0,
		0.496665,
		0.132734,
		-0.593594,
		1
	},
	[1.1] = {
		0.921762,
		-0.144783,
		0.359713,
		0,
		0.387545,
		0.374629,
		-0.842296,
		0,
		-0.012809,
		0.915801,
		0.401428,
		0,
		0.481709,
		0.125537,
		-0.581021,
		1
	},
	[1.23333333333] = {
		0.871047,
		-0.220473,
		0.438941,
		0,
		0.491108,
		0.408207,
		-0.769532,
		0,
		-0.009518,
		0.885866,
		0.463843,
		0,
		0.505996,
		0.136408,
		-0.598355,
		1
	},
	[1.26666666667] = {
		0.858023,
		-0.247996,
		0.449772,
		0,
		0.513603,
		0.409413,
		-0.754051,
		0,
		0.002859,
		0.877997,
		0.478657,
		0,
		0.508718,
		0.136892,
		-0.598351,
		1
	},
	[1.2] = {
		0.884566,
		-0.197857,
		0.42237,
		0,
		0.466205,
		0.402303,
		-0.787912,
		0,
		-0.014027,
		0.893871,
		0.448105,
		0,
		0.502006,
		0.134972,
		-0.596806,
		1
	}
}

return spline_matrices
