local spline_matrices = {
	[0] = {
		-0.053716,
		-0.159086,
		-0.985802,
		0,
		0.385699,
		0.907305,
		-0.167435,
		0,
		0.92106,
		-0.389217,
		0.012623,
		0,
		0.537932,
		0.015154,
		-0.254979,
		1
	},
	[0.0166666666667] = {
		-0.048397,
		-0.100852,
		-0.993724,
		0,
		0.525208,
		0.843677,
		-0.111204,
		0,
		0.849597,
		-0.527293,
		0.012137,
		0,
		0.529142,
		-0.001084,
		-0.249593,
		1
	},
	[0.0333333333333] = {
		-0.010288,
		-0.009046,
		-0.999906,
		0,
		0.691132,
		0.722599,
		-0.013649,
		0,
		0.722655,
		-0.691208,
		-0.001182,
		0,
		0.494716,
		-0.023226,
		-0.240232,
		1
	},
	[0.05] = {
		0.075274,
		0.083361,
		-0.993672,
		0,
		0.837134,
		0.536151,
		0.108394,
		0,
		0.541794,
		-0.839996,
		-0.029426,
		0,
		0.43829,
		-0.046466,
		-0.228911,
		1
	},
	[0.0666666666667] = {
		0.197125,
		0.140517,
		-0.970256,
		0,
		0.921453,
		0.311383,
		0.232305,
		0,
		0.334764,
		-0.939838,
		-0.068098,
		0,
		0.366756,
		-0.065733,
		-0.216943,
		1
	},
	[0.0833333333333] = {
		0.322233,
		0.148469,
		-0.934945,
		0,
		0.93591,
		0.098457,
		0.3382,
		0,
		0.142264,
		-0.984004,
		-0.107228,
		0,
		0.28945,
		-0.07862,
		-0.204613,
		1
	},
	[0.116666666667] = {
		0.478859,
		0.092604,
		-0.872994,
		0,
		0.872525,
		-0.15999,
		0.461631,
		0,
		-0.096921,
		-0.982765,
		-0.157412,
		0,
		0.150494,
		-0.090242,
		-0.17844,
		1
	},
	[0.133333333333] = {
		0.494618,
		0.083913,
		-0.86505,
		0,
		0.860052,
		-0.190591,
		0.473272,
		0,
		-0.125158,
		-0.978077,
		-0.166439,
		0,
		0.100927,
		-0.092742,
		-0.165222,
		1
	},
	[0.15] = {
		0.472234,
		0.110876,
		-0.874472,
		0,
		0.879206,
		-0.130351,
		0.458263,
		0,
		-0.063178,
		-0.985249,
		-0.159039,
		0,
		0.072845,
		-0.091354,
		-0.152266,
		1
	},
	[0.166666666667] = {
		0.399063,
		0.176428,
		-0.89979,
		0,
		0.905242,
		0.080333,
		0.417232,
		0,
		0.145894,
		-0.98103,
		-0.127652,
		0,
		0.072914,
		-0.079789,
		-0.14016,
		1
	},
	[0.183333333333] = {
		0.040408,
		0.208159,
		-0.97726,
		0,
		0.590525,
		0.783991,
		0.191409,
		0,
		0.806007,
		-0.584831,
		-0.091244,
		0,
		0.129531,
		0.137108,
		-0.127496,
		1
	},
	[0.1] = {
		0.420476,
		0.122806,
		-0.898954,
		0,
		0.907285,
		-0.063261,
		0.41573,
		0,
		-0.005815,
		-0.990412,
		-0.13802,
		0,
		0.215144,
		-0.086052,
		-0.191746,
		1
	},
	[0.216666666667] = {
		-0.288138,
		0.068139,
		-0.955161,
		0,
		-0.601726,
		0.763054,
		0.235954,
		0,
		0.744918,
		0.642732,
		-0.178865,
		0,
		0.140534,
		0.511971,
		-0.081578,
		1
	},
	[0.233333333333] = {
		-0.344805,
		0.206256,
		-0.915734,
		0,
		-0.767976,
		0.498966,
		0.401554,
		0,
		0.539743,
		0.841719,
		-0.013647,
		0,
		0.131467,
		0.537286,
		-0.054482,
		1
	},
	[0.25] = {
		-0.336055,
		0.162216,
		-0.927768,
		0,
		-0.881793,
		0.291914,
		0.370442,
		0,
		0.33092,
		0.942588,
		0.044942,
		0,
		0.084341,
		0.586108,
		-0.037866,
		1
	},
	[0.266666666667] = {
		-0.262173,
		0.104383,
		-0.959359,
		0,
		-0.952942,
		0.128794,
		0.274432,
		0,
		0.152205,
		0.986163,
		0.065704,
		0,
		-0.007203,
		0.617847,
		-0.028112,
		1
	},
	[0.283333333333] = {
		-0.197191,
		0.130453,
		-0.971647,
		0,
		-0.980306,
		-0.01541,
		0.19688,
		0,
		0.01071,
		0.991335,
		0.130923,
		0,
		-0.093604,
		0.567121,
		-0.048285,
		1
	},
	[0.2] = {
		-0.235641,
		-0.018251,
		-0.971669,
		0,
		-0.265124,
		0.963106,
		0.046206,
		0,
		0.934977,
		0.268501,
		-0.231786,
		0,
		0.143954,
		0.409542,
		-0.115034,
		1
	},
	[0.316666666667] = {
		-0.248824,
		0.172456,
		-0.953072,
		0,
		-0.921453,
		-0.345263,
		0.178094,
		0,
		-0.298347,
		0.922525,
		0.244819,
		0,
		-0.134015,
		0.261341,
		-0.129886,
		1
	},
	[0.333333333333] = {
		-0.388578,
		0.076495,
		-0.918235,
		0,
		-0.823215,
		-0.476485,
		0.308673,
		0,
		-0.413913,
		0.875849,
		0.248124,
		0,
		-0.144741,
		0.025796,
		-0.165745,
		1
	},
	[0.35] = {
		-0.417263,
		0.081476,
		-0.905126,
		0,
		-0.815139,
		-0.473897,
		0.333121,
		0,
		-0.401795,
		0.876803,
		0.264154,
		0,
		-0.208702,
		-0.117048,
		-0.191661,
		1
	},
	[0.366666666667] = {
		-0.397473,
		0.076874,
		-0.914388,
		0,
		-0.798815,
		-0.519364,
		0.303571,
		0,
		-0.451564,
		0.851088,
		0.267841,
		0,
		-0.258134,
		-0.235037,
		-0.206362,
		1
	},
	[0.383333333333] = {
		-0.29683,
		-0.046314,
		-0.953807,
		0,
		-0.610462,
		-0.758871,
		0.226828,
		0,
		-0.734322,
		0.649592,
		0.196982,
		0,
		-0.268116,
		-0.34137,
		-0.190798,
		1
	},
	[0.3] = {
		-0.128039,
		0.202779,
		-0.970818,
		0,
		-0.982546,
		-0.15912,
		0.09635,
		0,
		-0.134938,
		0.96621,
		0.219613,
		0,
		-0.136887,
		0.478039,
		-0.088402,
		1
	},
	[0.416666666667] = {
		0.271831,
		-0.131233,
		-0.953355,
		0,
		0.249167,
		-0.947279,
		0.201441,
		0,
		-0.929529,
		-0.292302,
		-0.224801,
		0,
		-0.231854,
		-0.52781,
		-0.104824,
		1
	},
	[0.433333333333] = {
		0.466242,
		-0.063915,
		-0.882345,
		0,
		0.486046,
		-0.814857,
		0.315859,
		0,
		-0.739173,
		-0.576127,
		-0.348855,
		0,
		-0.204102,
		-0.605192,
		-0.080127,
		1
	},
	[0.45] = {
		0.538712,
		-0.079442,
		-0.838736,
		0,
		0.614778,
		-0.643637,
		0.455829,
		0,
		-0.576053,
		-0.761197,
		-0.297896,
		0,
		-0.149129,
		-0.734627,
		-0.071617,
		1
	},
	[0.466666666667] = {
		0.518756,
		-0.178686,
		-0.83604,
		0,
		0.715456,
		-0.44458,
		0.538954,
		0,
		-0.46799,
		-0.877736,
		-0.102786,
		0,
		-0.052922,
		-0.887423,
		-0.070315,
		1
	},
	[0.483333333333] = {
		0.517802,
		-0.346191,
		-0.782325,
		0,
		0.664776,
		-0.412765,
		0.622654,
		0,
		-0.538474,
		-0.842483,
		0.016409,
		0,
		0.053566,
		-0.897665,
		-0.089817,
		1
	},
	[0.4] = {
		-0.038199,
		-0.154371,
		-0.987274,
		0,
		-0.194923,
		-0.967865,
		0.158878,
		0,
		-0.980074,
		0.198511,
		0.006881,
		0,
		-0.259693,
		-0.442818,
		-0.15001,
		1
	},
	[0.516666666667] = {
		0.311517,
		-0.723468,
		-0.616078,
		0,
		-0.135065,
		-0.675467,
		0.724915,
		0,
		-0.940593,
		-0.142613,
		-0.308134,
		0,
		0.148612,
		-0.77949,
		-0.310755,
		1
	},
	[0.533333333333] = {
		0.225627,
		-0.776842,
		-0.587885,
		0,
		-0.359018,
		-0.627278,
		0.691107,
		0,
		-0.905648,
		0.055129,
		-0.420431,
		0,
		0.137425,
		-0.705397,
		-0.316712,
		1
	},
	[0.55] = {
		0.162631,
		-0.804555,
		-0.571177,
		0,
		-0.517679,
		-0.562385,
		0.644772,
		0,
		-0.839976,
		0.190826,
		-0.507962,
		0,
		0.131049,
		-0.63057,
		-0.321696,
		1
	},
	[0.566666666667] = {
		0.122505,
		-0.819625,
		-0.559649,
		0,
		-0.628423,
		-0.500513,
		0.595459,
		0,
		-0.768165,
		0.27875,
		-0.576386,
		0,
		0.12737,
		-0.556481,
		-0.325558,
		1
	},
	[0.583333333333] = {
		0.101729,
		-0.82932,
		-0.549436,
		0,
		-0.706504,
		-0.449055,
		0.546994,
		0,
		-0.70036,
		0.332533,
		-0.6316,
		0,
		0.12508,
		-0.483883,
		-0.328382,
		1
	},
	[0.5] = {
		0.409043,
		-0.625735,
		-0.664183,
		0,
		0.161656,
		-0.666657,
		0.727623,
		0,
		-0.898082,
		-0.404999,
		-0.171538,
		0,
		0.165437,
		-0.827272,
		-0.293751,
		1
	},
	[0.616666666667] = {
		0.103043,
		-0.844833,
		-0.525013,
		0,
		-0.804647,
		-0.381093,
		0.455315,
		0,
		-0.584744,
		0.375533,
		-0.719062,
		0,
		0.122214,
		-0.346384,
		-0.332027,
		1
	},
	[0.633333333333] = {
		0.118579,
		-0.85264,
		-0.508866,
		0,
		-0.836793,
		-0.361691,
		0.411043,
		0,
		-0.534524,
		0.377075,
		-0.756372,
		0,
		0.121165,
		-0.283216,
		-0.333414,
		1
	},
	[0.65] = {
		0.140067,
		-0.860614,
		-0.489617,
		0,
		-0.862508,
		-0.348902,
		0.366533,
		0,
		-0.486272,
		0.37096,
		-0.791156,
		0,
		0.120316,
		-0.224986,
		-0.33484,
		1
	},
	[0.666666666667] = {
		0.164424,
		-0.868604,
		-0.467431,
		0,
		-0.88411,
		-0.33991,
		0.320641,
		0,
		-0.437395,
		0.360539,
		-0.823831,
		0,
		0.119722,
		-0.172618,
		-0.336514,
		1
	},
	[0.683333333333] = {
		0.188207,
		-0.876553,
		-0.442981,
		0,
		-0.903357,
		-0.331492,
		0.272138,
		0,
		-0.385388,
		0.348952,
		-0.85423,
		0,
		0.119481,
		-0.127018,
		-0.338615,
		1
	},
	[0.6] = {
		0.096401,
		-0.837215,
		-0.53831,
		0,
		-0.762819,
		-0.40956,
		0.500368,
		0,
		-0.639386,
		0.362397,
		-0.678125,
		0,
		0.123475,
		-0.41357,
		-0.330441,
		1
	},
	[0.716666666667] = {
		0.218032,
		-0.893095,
		-0.393502,
		0,
		-0.939735,
		-0.300927,
		0.162298,
		0,
		-0.263363,
		0.334402,
		-0.904884,
		0,
		0.12057,
		-0.059565,
		-0.344619,
		1
	},
	[0.733333333333] = {
		0.215338,
		-0.902151,
		-0.373836,
		0,
		-0.957853,
		-0.26966,
		0.099005,
		0,
		-0.190126,
		0.33676,
		-0.922196,
		0,
		0.122223,
		-0.039377,
		-0.348644,
		1
	},
	[0.75] = {
		0.195442,
		-0.911178,
		-0.362708,
		0,
		-0.974797,
		-0.221058,
		0.030069,
		0,
		-0.107578,
		0.347689,
		-0.931418,
		0,
		0.124895,
		-0.029361,
		-0.353282,
		1
	},
	[0.7] = {
		0.207512,
		-0.884614,
		-0.417608,
		0,
		-0.921605,
		-0.319929,
		0.21975,
		0,
		-0.327999,
		0.339269,
		-0.881654,
		0,
		0.119715,
		-0.089054,
		-0.341285,
		1
	}
}

return spline_matrices
