local spline_matrices = {
	[0] = {
		0.627234,
		-0.176722,
		0.758516,
		0,
		0.761806,
		0.341737,
		-0.550335,
		0,
		-0.161957,
		0.923031,
		0.348977,
		0,
		0.333293,
		-0.014992,
		-0.413816,
		1
	},
	{
		0.667903,
		-0.202868,
		-0.716066,
		0,
		-0.653781,
		0.299822,
		-0.69475,
		0,
		0.355635,
		0.932176,
		0.067621,
		0,
		0.454156,
		0.123927,
		-0.586435,
		1
	},
	[0.0166666666667] = {
		0.858398,
		-0.260101,
		0.442154,
		0,
		0.506666,
		0.295013,
		-0.810097,
		0,
		0.080266,
		0.91941,
		0.385022,
		0,
		0.31167,
		-0.013324,
		-0.412249,
		1
	},
	[0.0333333333333] = {
		0.895346,
		-0.309027,
		0.320715,
		0,
		0.404623,
		0.2635,
		-0.875698,
		0,
		0.186106,
		0.913822,
		0.360963,
		0,
		0.273549,
		-0.007791,
		-0.41245,
		1
	},
	[0.05] = {
		0.891865,
		-0.331369,
		0.307851,
		0,
		0.394119,
		0.235404,
		-0.8884,
		0,
		0.221919,
		0.913663,
		0.340548,
		0,
		0.231034,
		0.006632,
		-0.413059,
		1
	},
	[0.0666666666667] = {
		0.900436,
		-0.322868,
		0.2915,
		0,
		0.371872,
		0.223706,
		-0.900925,
		0,
		0.22567,
		0.919626,
		0.321498,
		0,
		0.196733,
		0.035308,
		-0.412119,
		1
	},
	[0.0833333333333] = {
		0.925807,
		-0.258868,
		0.275443,
		0,
		0.336781,
		0.23402,
		-0.912038,
		0,
		0.171638,
		0.937135,
		0.303839,
		0,
		0.174091,
		0.078603,
		-0.389023,
		1
	},
	[0.116666666667] = {
		0.917981,
		-0.036008,
		0.394986,
		0,
		0.388971,
		0.276423,
		-0.878801,
		0,
		-0.07754,
		0.960361,
		0.267757,
		0,
		0.138065,
		0.205611,
		-0.272498,
		1
	},
	[0.133333333333] = {
		0.902315,
		0.03609,
		0.429563,
		0,
		0.403769,
		0.278274,
		-0.871513,
		0,
		-0.150989,
		0.959823,
		0.236519,
		0,
		0.118254,
		0.294642,
		-0.214353,
		1
	},
	[0.15] = {
		0.915026,
		0.03351,
		0.402001,
		0,
		0.382488,
		0.244591,
		-0.890998,
		0,
		-0.128183,
		0.969047,
		0.21099,
		0,
		0.087562,
		0.532127,
		-0.151184,
		1
	},
	[0.166666666667] = {
		0.809818,
		-0.029149,
		0.585957,
		0,
		0.579575,
		0.194732,
		-0.79131,
		0,
		-0.091039,
		0.980423,
		0.174592,
		0,
		0.049224,
		0.685477,
		-0.09325,
		1
	},
	[0.183333333333] = {
		0.775392,
		-0.034175,
		0.630555,
		0,
		0.625221,
		0.181795,
		-0.758979,
		0,
		-0.088694,
		0.982742,
		0.162329,
		0,
		0.041955,
		0.697395,
		-0.070517,
		1
	},
	[0.1] = {
		0.933424,
		-0.148295,
		0.326692,
		0,
		0.355343,
		0.256478,
		-0.898861,
		0,
		0.049508,
		0.955106,
		0.292098,
		0,
		0.156057,
		0.134629,
		-0.336245,
		1
	},
	[0.216666666667] = {
		0.879913,
		-0.002313,
		0.475129,
		0,
		0.465787,
		0.201577,
		-0.861632,
		0,
		-0.093782,
		0.97947,
		0.178447,
		0,
		0.031016,
		0.708024,
		-0.061969,
		1
	},
	[0.233333333333] = {
		0.957266,
		0.023238,
		0.288275,
		0,
		0.276088,
		0.22341,
		-0.934807,
		0,
		-0.086127,
		0.974447,
		0.207447,
		0,
		0.025585,
		0.705601,
		-0.063988,
		1
	},
	[0.25] = {
		0.988343,
		0.045053,
		0.145425,
		0,
		0.130665,
		0.239207,
		-0.962137,
		0,
		-0.078134,
		0.969923,
		0.230532,
		0,
		0.022633,
		0.699434,
		-0.068101,
		1
	},
	[0.266666666667] = {
		0.99237,
		0.050707,
		0.112389,
		0,
		0.096041,
		0.25373,
		-0.962495,
		0,
		-0.077322,
		0.965945,
		0.246924,
		0,
		0.023899,
		0.68876,
		-0.075184,
		1
	},
	[0.283333333333] = {
		0.989349,
		0.047677,
		0.137536,
		0,
		0.119742,
		0.270697,
		-0.955188,
		0,
		-0.082771,
		0.961483,
		0.262105,
		0,
		0.028348,
		0.673058,
		-0.084986,
		1
	},
	[0.2] = {
		0.800876,
		-0.020148,
		0.598491,
		0,
		0.591125,
		0.186408,
		-0.784744,
		0,
		-0.095753,
		0.982266,
		0.1612,
		0,
		0.036629,
		0.70845,
		-0.061179,
		1
	},
	[0.316666666667] = {
		0.987873,
		0.059083,
		0.143583,
		0,
		0.120505,
		0.29137,
		-0.94899,
		0,
		-0.097905,
		0.954784,
		0.280717,
		0,
		0.040998,
		0.598505,
		-0.126374,
		1
	},
	[0.333333333333] = {
		0.994553,
		0.103602,
		0.011487,
		0,
		-0.017669,
		0.276167,
		-0.960947,
		0,
		-0.102728,
		0.955509,
		0.276493,
		0,
		0.053953,
		0.533614,
		-0.1605,
		1
	},
	[0.35] = {
		0.986796,
		0.133461,
		-0.091774,
		0,
		-0.122424,
		0.243592,
		-0.96212,
		0,
		-0.10605,
		0.960651,
		0.256715,
		0,
		0.06848,
		0.472751,
		-0.198206,
		1
	},
	[0.366666666667] = {
		0.969102,
		0.158561,
		-0.188943,
		0,
		-0.219614,
		0.205919,
		-0.953607,
		0,
		-0.112298,
		0.965637,
		0.234379,
		0,
		0.083271,
		0.435836,
		-0.2366,
		1
	},
	[0.383333333333] = {
		0.943537,
		0.178172,
		-0.279271,
		0,
		-0.308323,
		0.164047,
		-0.93703,
		0,
		-0.121139,
		0.970229,
		0.209719,
		0,
		0.098389,
		0.403545,
		-0.274086,
		1
	},
	[0.3] = {
		0.985038,
		0.046054,
		0.166069,
		0,
		0.146392,
		0.284867,
		-0.947323,
		0,
		-0.090936,
		0.95746,
		0.273862,
		0,
		0.033371,
		0.651216,
		-0.098078,
		1
	},
	[0.416666666667] = {
		0.876633,
		0.198724,
		-0.438206,
		0,
		-0.458825,
		0.070999,
		-0.885685,
		0,
		-0.144895,
		0.97748,
		0.153419,
		0,
		0.129767,
		0.343439,
		-0.339835,
		1
	},
	[0.433333333333] = {
		0.838815,
		0.198781,
		-0.50683,
		0,
		-0.520734,
		0.021351,
		-0.853452,
		0,
		-0.158829,
		0.979811,
		0.121422,
		0,
		0.14613,
		0.31623,
		-0.364796,
		1
	},
	[0.45] = {
		0.799729,
		0.191686,
		-0.568938,
		0,
		-0.574729,
		-0.029505,
		-0.817811,
		0,
		-0.173549,
		0.981013,
		0.086572,
		0,
		0.162566,
		0.291338,
		-0.387477,
		1
	},
	[0.466666666667] = {
		0.760017,
		0.177281,
		-0.625256,
		0,
		-0.621889,
		-0.081038,
		-0.778901,
		0,
		-0.188753,
		0.980818,
		0.048659,
		0,
		0.178553,
		0.269108,
		-0.411689,
		1
	},
	[0.483333333333] = {
		0.718763,
		0.160942,
		-0.67637,
		0,
		-0.662996,
		-0.134231,
		-0.736491,
		0,
		-0.209322,
		0.977793,
		0.010224,
		0,
		0.191333,
		0.249978,
		-0.435338,
		1
	},
	[0.4] = {
		0.912096,
		0.191719,
		-0.362387,
		0,
		-0.38809,
		0.118814,
		-0.913931,
		0,
		-0.132161,
		0.974232,
		0.182774,
		0,
		0.113873,
		0.372641,
		-0.309043,
		1
	},
	[0.516666666667] = {
		0.630127,
		0.12585,
		-0.766226,
		0,
		-0.72701,
		-0.251004,
		-0.639104,
		0,
		-0.272757,
		0.95977,
		-0.066671,
		0,
		0.209763,
		0.221094,
		-0.477636,
		1
	},
	[0.533333333333] = {
		0.588088,
		0.089719,
		-0.803805,
		0,
		-0.747706,
		-0.318601,
		-0.582606,
		0,
		-0.308364,
		0.943633,
		-0.120282,
		0,
		0.219679,
		0.207742,
		-0.501143,
		1
	},
	[0.55] = {
		0.548191,
		0.042014,
		-0.835297,
		0,
		-0.761736,
		-0.387282,
		-0.519394,
		0,
		-0.345317,
		0.921004,
		-0.1803,
		0,
		0.230234,
		0.194403,
		-0.526373,
		1
	},
	[0.566666666667] = {
		0.562834,
		-0.004451,
		-0.826558,
		0,
		-0.757109,
		-0.404029,
		-0.513368,
		0,
		-0.331668,
		0.914735,
		-0.230771,
		0,
		0.241153,
		0.180461,
		-0.553806,
		1
	},
	[0.583333333333] = {
		0.659465,
		-0.029123,
		-0.751171,
		0,
		-0.7065,
		-0.365408,
		-0.606081,
		0,
		-0.256833,
		0.930392,
		-0.26155,
		0,
		0.2526,
		0.165617,
		-0.58305,
		1
	},
	[0.5] = {
		0.6742,
		0.148365,
		-0.723493,
		0,
		-0.698504,
		-0.190095,
		-0.689896,
		0,
		-0.239889,
		0.97049,
		-0.024529,
		0,
		0.20069,
		0.234573,
		-0.456534,
		1
	},
	[0.616666666667] = {
		0.818347,
		-0.031998,
		-0.573833,
		0,
		-0.549535,
		-0.335916,
		-0.764965,
		0,
		-0.168283,
		0.941348,
		-0.29248,
		0,
		0.276012,
		0.136151,
		-0.63788,
		1
	},
	[0.633333333333] = {
		0.857887,
		-0.021165,
		-0.513402,
		0,
		-0.484441,
		-0.366418,
		-0.794389,
		0,
		-0.171307,
		0.93021,
		-0.324599,
		0,
		0.28772,
		0.123016,
		-0.661634,
		1
	},
	[0.65] = {
		0.843178,
		-0.036719,
		-0.536379,
		0,
		-0.504605,
		-0.398348,
		-0.765959,
		0,
		-0.185541,
		0.916499,
		-0.354407,
		0,
		0.298899,
		0.112324,
		-0.681115,
		1
	},
	[0.666666666667] = {
		0.829855,
		-0.057887,
		-0.554968,
		0,
		-0.527096,
		-0.407633,
		-0.745658,
		0,
		-0.18306,
		0.911309,
		-0.368789,
		0,
		0.309433,
		0.102981,
		-0.697627,
		1
	},
	[0.683333333333] = {
		0.817184,
		-0.083307,
		-0.570325,
		0,
		-0.551308,
		-0.401622,
		-0.731272,
		0,
		-0.168135,
		0.912009,
		-0.374127,
		0,
		0.319403,
		0.094952,
		-0.711181,
		1
	},
	[0.6] = {
		0.749762,
		-0.037881,
		-0.660622,
		0,
		-0.631637,
		-0.338515,
		-0.697454,
		0,
		-0.19721,
		0.940198,
		-0.277733,
		0,
		0.264263,
		0.150615,
		-0.61141,
		1
	},
	[0.716666666667] = {
		0.789394,
		-0.129484,
		-0.600076,
		0,
		-0.602116,
		-0.353807,
		-0.715735,
		0,
		-0.119635,
		0.926312,
		-0.357257,
		0,
		0.338256,
		0.083501,
		-0.72837,
		1
	},
	[0.733333333333] = {
		0.774292,
		-0.149519,
		-0.614911,
		0,
		-0.626809,
		-0.314901,
		-0.712704,
		0,
		-0.087074,
		0.937273,
		-0.337545,
		0,
		0.34683,
		0.079954,
		-0.731523,
		1
	},
	[0.75] = {
		0.758564,
		-0.167107,
		-0.629806,
		0,
		-0.649686,
		-0.267961,
		-0.71141,
		0,
		-0.049882,
		0.948827,
		-0.311833,
		0,
		0.354609,
		0.077764,
		-0.731286,
		1
	},
	[0.766666666667] = {
		0.742469,
		-0.18202,
		-0.644677,
		0,
		-0.66982,
		-0.214643,
		-0.710823,
		0,
		-0.008992,
		0.959582,
		-0.281287,
		0,
		0.361408,
		0.076856,
		-0.728018,
		1
	},
	[0.783333333333] = {
		0.726344,
		-0.194128,
		-0.659347,
		0,
		-0.686467,
		-0.156808,
		-0.710052,
		0,
		0.03445,
		0.968362,
		-0.24716,
		0,
		0.367014,
		0.077163,
		-0.722097,
		1
	},
	[0.7] = {
		0.803711,
		-0.107298,
		-0.585266,
		0,
		-0.576616,
		-0.383187,
		-0.721583,
		0,
		-0.146842,
		0.917417,
		-0.369841,
		0,
		0.32906,
		0.088479,
		-0.721535,
		1
	},
	[0.816666666667] = {
		0.695622,
		-0.210049,
		-0.687015,
		0,
		-0.70771,
		-0.035936,
		-0.705589,
		0,
		0.123519,
		0.97703,
		-0.173652,
		0,
		0.379672,
		0.083399,
		-0.703964,
		1
	},
	[0.833333333333] = {
		0.681862,
		-0.214268,
		-0.699395,
		0,
		-0.712357,
		0.02269,
		-0.701451,
		0,
		0.166168,
		0.976511,
		-0.137164,
		0,
		0.38812,
		0.088035,
		-0.692615,
		1
	},
	[0.85] = {
		0.669686,
		-0.216481,
		-0.710392,
		0,
		-0.713626,
		0.077201,
		-0.69626,
		0,
		0.20557,
		0.97323,
		-0.102786,
		0,
		0.396384,
		0.092484,
		-0.680302,
		1
	},
	[0.866666666667] = {
		0.659413,
		-0.217174,
		-0.719729,
		0,
		-0.712329,
		0.125565,
		-0.690522,
		0,
		0.240336,
		0.968023,
		-0.0719,
		0,
		0.404307,
		0.096715,
		-0.667463,
		1
	},
	[0.883333333333] = {
		0.651299,
		-0.216885,
		-0.727166,
		0,
		-0.709463,
		0.165923,
		-0.684931,
		0,
		0.269205,
		0.961993,
		-0.045807,
		0,
		0.411734,
		0.100718,
		-0.654536,
		1
	},
	[0.8] = {
		0.710588,
		-0.203427,
		-0.67356,
		0,
		-0.699147,
		-0.096511,
		-0.708434,
		0,
		0.079109,
		0.974322,
		-0.210805,
		0,
		0.371195,
		0.078636,
		-0.713918,
		1
	},
	[0.916666666667] = {
		0.642243,
		-0.215595,
		-0.735556,
		0,
		-0.70323,
		0.216046,
		-0.677342,
		0,
		0.304945,
		0.952283,
		-0.012859,
		0,
		0.424542,
		0.107989,
		-0.630164,
		1
	},
	[0.933333333333] = {
		0.641577,
		-0.215555,
		-0.736149,
		0,
		-0.701722,
		0.22265,
		-0.676767,
		0,
		0.309784,
		0.95077,
		-0.008413,
		0,
		0.429662,
		0.111228,
		-0.619586,
		1
	},
	[0.95] = {
		0.647322,
		-0.214815,
		-0.73132,
		0,
		-0.690861,
		0.239973,
		-0.682,
		0,
		0.322001,
		0.946714,
		0.006932,
		0,
		0.435766,
		0.114581,
		-0.609448,
		1
	},
	[0.966666666667] = {
		0.653609,
		-0.212142,
		-0.726492,
		0,
		-0.679261,
		0.258894,
		-0.686716,
		0,
		0.333765,
		0.942322,
		0.025116,
		0,
		0.441946,
		0.11785,
		-0.600302,
		1
	},
	[0.983333333333] = {
		0.660469,
		-0.207999,
		-0.721468,
		0,
		-0.666902,
		0.278986,
		-0.690948,
		0,
		0.344996,
		0.937498,
		0.045547,
		0,
		0.448106,
		0.120982,
		-0.592509,
		1
	},
	[0.9] = {
		0.645528,
		-0.216182,
		-0.732502,
		0,
		-0.706093,
		0.196606,
		-0.680278,
		0,
		0.291078,
		0.956353,
		-0.02573,
		0,
		0.418524,
		0.104481,
		-0.641958,
		1
	},
	[1.01666666667] = {
		0.675877,
		-0.197247,
		-0.710129,
		0,
		-0.639908,
		0.320988,
		-0.698201,
		0,
		0.365661,
		0.926316,
		0.090728,
		0,
		0.460006,
		0.126641,
		-0.582451,
		1
	},
	[1.03333333333] = {
		0.684327,
		-0.191654,
		-0.703538,
		0,
		-0.625297,
		0.342087,
		-0.701413,
		0,
		0.3751,
		0.919916,
		0.114259,
		0,
		0.465571,
		0.129086,
		-0.580933,
		1
	},
	[1.05] = {
		0.693153,
		-0.186623,
		-0.696211,
		0,
		-0.609965,
		0.362752,
		-0.704524,
		0,
		0.384032,
		0.913008,
		0.137609,
		0,
		0.470771,
		0.131228,
		-0.582264,
		1
	},
	[1.06666666667] = {
		0.702353,
		-0.177672,
		-0.689299,
		0,
		-0.595091,
		0.384801,
		-0.705546,
		0,
		0.390599,
		0.905738,
		0.164535,
		0,
		0.475377,
		0.132781,
		-0.583863,
		1
	},
	[1.08333333333] = {
		0.71093,
		-0.17015,
		-0.68237,
		0,
		-0.580539,
		0.405656,
		-0.705987,
		0,
		0.396931,
		0.898049,
		0.189614,
		0,
		0.479497,
		0.134109,
		-0.585108,
		1
	},
	[1.11666666667] = {
		0.726001,
		-0.160253,
		-0.668761,
		0,
		-0.552495,
		0.443123,
		-0.705968,
		0,
		0.409477,
		0.882021,
		0.233169,
		0,
		0.485068,
		0.135269,
		-0.583842,
		1
	},
	[1.13333333333] = {
		0.732352,
		-0.15832,
		-0.662265,
		0,
		-0.539044,
		0.459454,
		-0.705927,
		0,
		0.416043,
		0.873977,
		0.251141,
		0,
		0.486368,
		0.135027,
		-0.581078,
		1
	},
	[1.15] = {
		0.737794,
		-0.158694,
		-0.656107,
		0,
		-0.526003,
		0.47401,
		-0.706141,
		0,
		0.423062,
		0.866101,
		0.266248,
		0,
		0.48746,
		0.134829,
		-0.578966,
		1
	},
	[1.16666666667] = {
		0.740618,
		-0.162274,
		-0.652036,
		0,
		-0.515093,
		0.486013,
		-0.706025,
		0,
		0.431467,
		0.858754,
		0.276364,
		0,
		0.488197,
		0.134595,
		-0.577811,
		1
	},
	[1.1] = {
		0.718834,
		-0.16427,
		-0.675495,
		0,
		-0.566333,
		0.425146,
		-0.706058,
		0,
		0.403168,
		0.890093,
		0.212578,
		0,
		0.483109,
		0.135213,
		-0.586039,
		1
	}
}

return spline_matrices
