local spline_matrices = {
	[0] = {
		0.662576,
		-0.627867,
		-0.408381,
		0,
		-0.741984,
		-0.624653,
		-0.243453,
		0,
		-0.10224,
		0.464318,
		-0.879747,
		0,
		-0.01942,
		-0.04285,
		-0.605276,
		1
	},
	[0.0166666666667] = {
		0.764479,
		-0.63054,
		-0.134135,
		0,
		-0.635683,
		-0.771929,
		0.005711,
		0,
		-0.107143,
		0.080901,
		-0.990947,
		0,
		-0.299312,
		-0.251629,
		-0.683015,
		1
	},
	[0.0333333333333] = {
		0.897146,
		-0.303241,
		0.321206,
		0,
		-0.439333,
		-0.688239,
		0.577333,
		0,
		0.045995,
		-0.659069,
		-0.750675,
		0,
		-0.403863,
		-0.260782,
		-0.192917,
		1
	},
	[0.05] = {
		0.906563,
		-0.065809,
		0.416908,
		0,
		-0.391615,
		-0.499558,
		0.772709,
		0,
		0.157419,
		-0.863777,
		-0.478653,
		0,
		-0.458551,
		-0.212104,
		0.013859,
		1
	},
	[0.0666666666667] = {
		0.897802,
		0.054245,
		0.437045,
		0,
		-0.387062,
		-0.376199,
		0.841818,
		0,
		0.21008,
		-0.92495,
		-0.316756,
		0,
		-0.505684,
		-0.153252,
		0.153634,
		1
	},
	[0.0833333333333] = {
		0.883811,
		0.117873,
		0.452752,
		0,
		-0.411205,
		-0.265841,
		0.871917,
		0,
		0.223135,
		-0.956784,
		-0.186483,
		0,
		-0.527012,
		-0.091759,
		0.207797,
		1
	},
	[0.116666666667] = {
		0.843543,
		0.163282,
		0.511638,
		0,
		-0.516316,
		-0.015665,
		0.856255,
		0,
		0.147825,
		-0.986455,
		0.071091,
		0,
		-0.505094,
		0.052475,
		0.201739,
		1
	},
	[0.133333333333] = {
		0.816458,
		0.150298,
		0.557501,
		0,
		-0.573751,
		0.10272,
		0.812563,
		0,
		0.064861,
		-0.98329,
		0.1701,
		0,
		-0.478517,
		0.13333,
		0.189707,
		1
	},
	[0.15] = {
		0.781219,
		0.124997,
		0.611615,
		0,
		-0.6231,
		0.215772,
		0.75179,
		0,
		-0.037998,
		-0.96841,
		0.246451,
		0,
		-0.445751,
		0.214147,
		0.174088,
		1
	},
	[0.166666666667] = {
		0.737242,
		0.094903,
		0.66893,
		0,
		-0.658686,
		0.321295,
		0.680369,
		0,
		-0.150354,
		-0.942212,
		0.299383,
		0,
		-0.410219,
		0.290561,
		0.156874,
		1
	},
	[0.183333333333] = {
		0.686848,
		0.06667,
		0.723737,
		0,
		-0.678313,
		0.416422,
		0.605379,
		0,
		-0.261019,
		-0.906724,
		0.331242,
		0,
		-0.375633,
		0.358295,
		0.139892,
		1
	},
	[0.1] = {
		0.865097,
		0.155594,
		0.476862,
		0,
		-0.458856,
		-0.138556,
		0.877641,
		0,
		0.202628,
		-0.978056,
		-0.048469,
		0,
		-0.522277,
		-0.024054,
		0.208349,
		1
	},
	[0.216666666667] = {
		0.590353,
		0.034874,
		0.806392,
		0,
		-0.67817,
		0.56319,
		0.472126,
		0,
		-0.437687,
		-0.825591,
		0.356131,
		0,
		-0.325375,
		0.450295,
		0.113863,
		1
	},
	[0.233333333333] = {
		0.560224,
		0.036685,
		0.827528,
		0,
		-0.668576,
		0.609825,
		0.425582,
		0,
		-0.489035,
		-0.791687,
		0.366165,
		0,
		-0.318223,
		0.465635,
		0.108871,
		1
	},
	[0.25] = {
		0.562271,
		0.037214,
		0.826115,
		0,
		-0.668618,
		0.608313,
		0.427673,
		0,
		-0.486622,
		-0.792824,
		0.366919,
		0,
		-0.355226,
		0.429478,
		0.1273,
		1
	},
	[0.266666666667] = {
		0.563073,
		-0.08691,
		0.821825,
		0,
		0.111326,
		0.993367,
		0.028776,
		0,
		-0.818875,
		0.075287,
		0.569013,
		0,
		-0.155676,
		0.675117,
		0.027611,
		1
	},
	[0.283333333333] = {
		0.494173,
		-0.135965,
		0.858666,
		0,
		0.778333,
		0.509196,
		-0.367312,
		0,
		-0.387287,
		0.849843,
		0.357457,
		0,
		0.067687,
		0.693785,
		-0.101002,
		1
	},
	[0.2] = {
		0.63533,
		0.045542,
		0.770897,
		0,
		-0.683387,
		0.49805,
		0.533786,
		0,
		-0.359636,
		-0.865951,
		0.347549,
		0,
		-0.345954,
		0.413031,
		0.124876,
		1
	},
	[0.316666666667] = {
		0.2067,
		-0.155352,
		0.965992,
		0,
		0.959473,
		0.225465,
		-0.169046,
		0,
		-0.191536,
		0.961786,
		0.195659,
		0,
		0.401176,
		0.616031,
		-0.257797,
		1
	},
	[0.333333333333] = {
		0.252058,
		0.15498,
		0.955221,
		0,
		0.273966,
		-0.958137,
		0.083161,
		0,
		0.928122,
		0.240737,
		-0.283965,
		0,
		0.697946,
		-0.278809,
		-0.402727,
		1
	},
	[0.35] = {
		0.387389,
		0.170719,
		0.905972,
		0,
		-0.227976,
		-0.934446,
		0.273566,
		0,
		0.893284,
		-0.312516,
		-0.323074,
		0,
		0.655761,
		-0.297152,
		-0.40899,
		1
	},
	[0.366666666667] = {
		0.471429,
		0.131568,
		0.872035,
		0,
		-0.486067,
		-0.786301,
		0.381405,
		0,
		0.735863,
		-0.603672,
		-0.306734,
		0,
		0.623227,
		-0.294921,
		-0.421117,
		1
	},
	[0.383333333333] = {
		0.521244,
		0.082581,
		0.849403,
		0,
		-0.611421,
		-0.658231,
		0.439199,
		0,
		0.595373,
		-0.748273,
		-0.292608,
		0,
		0.588665,
		-0.284118,
		-0.434043,
		1
	},
	[0.3] = {
		0.362356,
		-0.163411,
		0.917603,
		0,
		0.86619,
		0.422525,
		-0.266808,
		0,
		-0.344111,
		0.891498,
		0.29465,
		0,
		0.220542,
		0.683155,
		-0.173714,
		1
	},
	[0.416666666667] = {
		0.575994,
		-0.014137,
		0.817332,
		0,
		-0.706339,
		-0.511901,
		0.48892,
		0,
		0.411481,
		-0.858928,
		-0.304837,
		0,
		0.512833,
		-0.256419,
		-0.461372,
		1
	},
	[0.433333333333] = {
		0.593952,
		-0.062589,
		0.802062,
		0,
		-0.722276,
		-0.480566,
		0.497367,
		0,
		0.354314,
		-0.874722,
		-0.33064,
		0,
		0.471488,
		-0.241956,
		-0.475371,
		1
	},
	[0.45] = {
		0.609478,
		-0.113143,
		0.784688,
		0,
		-0.728886,
		-0.469316,
		0.498466,
		0,
		0.311869,
		-0.875752,
		-0.368505,
		0,
		0.427896,
		-0.227398,
		-0.489175,
		1
	},
	[0.466666666667] = {
		0.623989,
		-0.167245,
		0.763327,
		0,
		-0.729595,
		-0.474545,
		0.492441,
		0,
		0.279874,
		-0.864197,
		-0.418132,
		0,
		0.382548,
		-0.212833,
		-0.502668,
		1
	},
	[0.483333333333] = {
		0.638418,
		-0.226067,
		0.735742,
		0,
		-0.72617,
		-0.493781,
		0.478392,
		0,
		0.255147,
		-0.839687,
		-0.479401,
		0,
		0.336138,
		-0.198311,
		-0.515849,
		1
	},
	[0.4] = {
		0.553221,
		0.033804,
		0.832348,
		0,
		-0.674205,
		-0.568693,
		0.471207,
		0,
		0.489279,
		-0.821855,
		-0.291822,
		0,
		0.551788,
		-0.270629,
		-0.447456,
		1
	},
	[0.516666666667] = {
		0.669453,
		-0.359901,
		0.64985,
		0,
		-0.710334,
		-0.566143,
		0.418219,
		0,
		0.217391,
		-0.741588,
		-0.634656,
		0,
		0.243314,
		-0.169323,
		-0.541605,
		1
	},
	[0.533333333333] = {
		0.68675,
		-0.433311,
		0.583623,
		0,
		-0.698962,
		-0.614083,
		0.366544,
		0,
		0.199566,
		-0.659654,
		-0.72459,
		0,
		0.198464,
		-0.154582,
		-0.55438,
		1
	},
	[0.55] = {
		0.704984,
		-0.506869,
		0.496066,
		0,
		-0.68625,
		-0.6641,
		0.296701,
		0,
		0.179049,
		-0.549595,
		-0.816019,
		0,
		0.15566,
		-0.139381,
		-0.567033,
		1
	},
	[0.566666666667] = {
		0.722936,
		-0.574282,
		0.38414,
		0,
		-0.673712,
		-0.709232,
		0.207609,
		0,
		0.153218,
		-0.408888,
		-0.899631,
		0,
		0.11562,
		-0.123517,
		-0.579233,
		1
	},
	[0.583333333333] = {
		0.738203,
		-0.627168,
		0.24843,
		0,
		-0.663814,
		-0.740897,
		0.102092,
		0,
		0.120032,
		-0.240275,
		-0.963255,
		0,
		0.079036,
		-0.106966,
		-0.590338,
		1
	},
	[0.5] = {
		0.653418,
		-0.290313,
		0.699116,
		0,
		-0.719561,
		-0.525032,
		0.454503,
		0,
		0.23511,
		-0.800037,
		-0.551963,
		0,
		0.28946,
		-0.183836,
		-0.52879,
		1
	},
	[0.616666666667] = {
		0.746359,
		-0.662664,
		-0.061849,
		0,
		-0.664772,
		-0.737792,
		-0.117224,
		0,
		0.032048,
		0.128606,
		-0.991178,
		0,
		0.019241,
		-0.073908,
		-0.605724,
		1
	},
	[0.633333333333] = {
		0.732545,
		-0.648291,
		-0.207596,
		0,
		-0.680502,
		-0.70512,
		-0.199306,
		0,
		-0.017172,
		0.28727,
		-0.957696,
		0,
		-0.002183,
		-0.059744,
		-0.608644,
		1
	},
	[0.65] = {
		0.704758,
		-0.629232,
		-0.327695,
		0,
		-0.706463,
		-0.664769,
		-0.242883,
		0,
		-0.065012,
		0.402678,
		-0.91303,
		0,
		-0.016582,
		-0.049096,
		-0.608293,
		1
	},
	[0.666666666667] = {
		0.663582,
		-0.624219,
		-0.412322,
		0,
		-0.739934,
		-0.628881,
		-0.238761,
		0,
		-0.110262,
		0.463529,
		-0.879195,
		0,
		-0.022899,
		-0.043101,
		-0.605137,
		1
	},
	[0.683333333333] = {
		0.663262,
		-0.625394,
		-0.411055,
		0,
		-0.740602,
		-0.627512,
		-0.240286,
		0,
		-0.107668,
		0.4638,
		-0.879373,
		0,
		-0.021774,
		-0.04301,
		-0.605185,
		1
	},
	[0.6] = {
		0.747284,
		-0.657609,
		0.095482,
		0,
		-0.65979,
		-0.751369,
		-0.011071,
		0,
		0.079022,
		-0.054724,
		-0.99537,
		0,
		0.046635,
		-0.090115,
		-0.599459,
		1
	},
	[0.716666666667] = {
		0.662768,
		-0.62718,
		-0.409125,
		0,
		-0.741603,
		-0.625444,
		-0.242579,
		0,
		-0.103744,
		0.464182,
		-0.879643,
		0,
		-0.020072,
		-0.04289,
		-0.605252,
		1
	},
	[0.733333333333] = {
		0.662627,
		-0.627687,
		-0.408577,
		0,
		-0.741884,
		-0.62486,
		-0.243225,
		0,
		-0.102634,
		0.464284,
		-0.87972,
		0,
		-0.019591,
		-0.04286,
		-0.60527,
		1
	},
	[0.75] = {
		0.662576,
		-0.627867,
		-0.408381,
		0,
		-0.741984,
		-0.624653,
		-0.243453,
		0,
		-0.10224,
		0.464318,
		-0.879747,
		0,
		-0.01942,
		-0.04285,
		-0.605276,
		1
	},
	[0.7] = {
		0.662985,
		-0.626399,
		-0.40997,
		0,
		-0.741167,
		-0.626347,
		-0.241579,
		0,
		-0.105459,
		0.46402,
		-0.879525,
		0,
		-0.020815,
		-0.042939,
		-0.605223,
		1
	}
}

return spline_matrices
