-- chunkname: @content/characters/player/human/first_person/animations/combat_knife/swing_left_diagonal.lua

local spline_matrices = {
	[0.0166666666667] = {
		0.685662,
		-0.607764,
		-0.400613,
		0,
		-0.616885,
		-0.777314,
		0.123434,
		0,
		-0.38642,
		0.162498,
		-0.907895,
		0,
		0.032306,
		-0.044113,
		-0.535673,
		1
	},
	[0.0333333333333] = {
		0.705552,
		-0.580355,
		-0.406674,
		0,
		-0.315678,
		-0.771174,
		0.552846,
		0,
		-0.634463,
		-0.261684,
		-0.727309,
		0,
		0.162103,
		-0.071826,
		-0.436851,
		1
	},
	[0.05] = {
		0.718504,
		-0.546186,
		-0.43062,
		0,
		0.121945,
		-0.510615,
		0.851118,
		0,
		-0.68475,
		-0.664043,
		-0.300274,
		0,
		0.331869,
		-0.084198,
		-0.316295,
		1
	},
	[0.0666666666667] = {
		0.72078,
		-0.510481,
		-0.46892,
		0,
		0.480882,
		-0.118967,
		0.868677,
		0,
		-0.499229,
		-0.85162,
		0.159732,
		0,
		0.482798,
		-0.077151,
		-0.211179,
		1
	},
	[0.0833333333333] = {
		0.719338,
		-0.468981,
		-0.512455,
		0,
		0.643899,
		0.173334,
		0.745218,
		0,
		-0.260667,
		-0.866032,
		0.426662,
		0,
		0.553206,
		-0.063632,
		-0.141977,
		1
	},
	[0] = {
		0.662576,
		-0.627867,
		-0.408381,
		0,
		-0.741984,
		-0.624653,
		-0.243453,
		0,
		-0.10224,
		0.464318,
		-0.879747,
		0,
		-0.014417,
		-0.017151,
		-0.583364,
		1
	},
	[0.116666666667] = {
		0.696895,
		-0.340229,
		-0.631333,
		0,
		0.713053,
		0.422936,
		0.559179,
		0,
		0.076765,
		-0.839863,
		0.537343,
		0,
		0.550204,
		0.039303,
		-0.047966,
		1
	},
	[0.133333333333] = {
		0.674711,
		-0.246975,
		-0.695535,
		0,
		0.705635,
		0.492184,
		0.50974,
		0,
		0.216438,
		-0.834721,
		0.506356,
		0,
		0.533209,
		0.126696,
		-0.005266,
		1
	},
	[0.15] = {
		0.652189,
		-0.132218,
		-0.746436,
		0,
		0.671392,
		0.557935,
		0.487792,
		0,
		0.351968,
		-0.819285,
		0.452649,
		0,
		0.510038,
		0.218351,
		0.031734,
		1
	},
	[0.166666666667] = {
		0.635297,
		-0.004007,
		-0.772257,
		0,
		0.59931,
		0.633235,
		0.489736,
		0,
		0.487058,
		-0.773949,
		0.404694,
		0,
		0.482637,
		0.299576,
		0.06132,
		1
	},
	[0.183333333333] = {
		0.641155,
		0.18568,
		-0.744609,
		0,
		0.463913,
		0.679144,
		0.568813,
		0,
		0.611314,
		-0.710131,
		0.349297,
		0,
		0.45081,
		0.368266,
		0.082307,
		1
	},
	[0.1] = {
		0.713364,
		-0.412676,
		-0.566401,
		0,
		0.696517,
		0.328362,
		0.637999,
		0,
		-0.077302,
		-0.849634,
		0.521677,
		0,
		0.558138,
		-0.029125,
		-0.094179,
		1
	},
	[0.216666666667] = {
		0.608172,
		0.370483,
		-0.702047,
		0,
		0.086742,
		0.848094,
		0.522697,
		0,
		0.789052,
		-0.378787,
		0.483651,
		0,
		0.387887,
		0.48905,
		0.090926,
		1
	},
	[0.233333333333] = {
		0.600618,
		0.323751,
		-0.731056,
		0,
		-0.134952,
		0.942282,
		0.30642,
		0,
		0.788065,
		-0.085384,
		0.609642,
		0,
		0.345843,
		0.545043,
		0.085098,
		1
	},
	[0.25] = {
		0.593171,
		0.286323,
		-0.752441,
		0,
		-0.395972,
		0.917518,
		0.036983,
		0,
		0.700967,
		0.276008,
		0.657621,
		0,
		0.278866,
		0.601345,
		0.071356,
		1
	},
	[0.266666666667] = {
		0.555974,
		0.278357,
		-0.783205,
		0,
		-0.7235,
		0.625931,
		-0.291131,
		0,
		0.409194,
		0.728511,
		0.549393,
		0,
		0.157636,
		0.672271,
		0.01282,
		1
	},
	[0.283333333333] = {
		0.520579,
		0.260244,
		-0.813186,
		0,
		-0.853732,
		0.145473,
		-0.49998,
		0,
		-0.01182,
		0.954521,
		0.297909,
		0,
		0.007944,
		0.701722,
		-0.072861,
		1
	},
	[0.2] = {
		0.631103,
		0.348577,
		-0.692967,
		0,
		0.284214,
		0.727311,
		0.624693,
		0,
		0.721756,
		-0.591196,
		0.359938,
		0,
		0.418883,
		0.431159,
		0.09088,
		1
	},
	[0.316666666667] = {
		0.477471,
		0.250962,
		-0.842045,
		0,
		-0.750667,
		-0.381546,
		-0.539372,
		0,
		-0.456641,
		0.88963,
		0.006212,
		0,
		-0.302905,
		0.568314,
		-0.226632,
		1
	},
	[0.333333333333] = {
		0.465993,
		0.329898,
		-0.820986,
		0,
		-0.464011,
		-0.698935,
		-0.544227,
		0,
		-0.753355,
		0.634553,
		-0.172622,
		0,
		-0.396956,
		0.276076,
		-0.351146,
		1
	},
	[0.35] = {
		0.437977,
		0.395931,
		-0.807103,
		0,
		-0.139357,
		-0.857038,
		-0.496049,
		0,
		-0.888119,
		0.329734,
		-0.320187,
		0,
		-0.428738,
		0.053171,
		-0.437201,
		1
	},
	[0.366666666667] = {
		0.438318,
		0.396607,
		-0.806586,
		0,
		0.010657,
		-0.899613,
		-0.436559,
		0,
		-0.898757,
		0.182756,
		-0.398543,
		0,
		-0.418745,
		0.031661,
		-0.45202,
		1
	},
	[0.383333333333] = {
		0.44807,
		0.386499,
		-0.806134,
		0,
		0.119852,
		-0.919547,
		-0.374258,
		0,
		-0.885928,
		0.071077,
		-0.458344,
		0,
		-0.403746,
		0.013799,
		-0.464722,
		1
	},
	[0.3] = {
		0.494047,
		0.239034,
		-0.835931,
		0,
		-0.832994,
		-0.145305,
		-0.533861,
		0,
		-0.249076,
		0.960078,
		0.127326,
		0,
		-0.155934,
		0.669142,
		-0.150787,
		1
	},
	[0.416666666667] = {
		0.49412,
		0.342047,
		-0.799281,
		0,
		0.23184,
		-0.937904,
		-0.258045,
		0,
		-0.837912,
		-0.0578,
		-0.542737,
		0,
		-0.363257,
		-0.013228,
		-0.486179,
		1
	},
	[0.433333333333] = {
		0.528014,
		0.309298,
		-0.790909,
		0,
		0.244318,
		-0.94727,
		-0.207338,
		0,
		-0.813333,
		-0.083756,
		-0.575738,
		0,
		-0.339151,
		-0.023009,
		-0.49571,
		1
	},
	[0.45] = {
		0.567038,
		0.269135,
		-0.778482,
		0,
		0.232984,
		-0.958924,
		-0.161814,
		0,
		-0.790054,
		-0.089619,
		-0.606451,
		0,
		-0.313116,
		-0.030739,
		-0.504741,
		1
	},
	[0.466666666667] = {
		0.60914,
		0.220891,
		-0.761679,
		0,
		0.200524,
		-0.972119,
		-0.121553,
		0,
		-0.767293,
		-0.078692,
		-0.636451,
		0,
		-0.285671,
		-0.036556,
		-0.51333,
		1
	},
	[0.483333333333] = {
		0.651934,
		0.163945,
		-0.74034,
		0,
		0.149186,
		-0.984996,
		-0.086752,
		0,
		-0.743455,
		-0.053892,
		-0.666611,
		0,
		-0.257346,
		-0.040525,
		-0.521499,
		1
	},
	[0.4] = {
		0.466991,
		0.367817,
		-0.804133,
		0,
		0.19193,
		-0.929866,
		-0.313867,
		0,
		-0.863181,
		-0.007764,
		-0.504834,
		0,
		-0.384979,
		-0.001119,
		-0.475955,
		1
	},
	[0.516666666667] = {
		0.72931,
		0.023407,
		-0.683783,
		0,
		-0.000469,
		-0.999397,
		-0.034712,
		0,
		-0.684183,
		0.025637,
		-0.728859,
		0,
		-0.199642,
		-0.043076,
		-0.53682,
		1
	},
	[0.533333333333] = {
		0.758512,
		-0.058728,
		-0.649007,
		0,
		-0.092558,
		-0.995543,
		-0.01809,
		0,
		-0.645052,
		0.073793,
		-0.760567,
		0,
		-0.171013,
		-0.04184,
		-0.544025,
		1
	},
	[0.55] = {
		0.778271,
		-0.146341,
		-0.610638,
		0,
		-0.19073,
		-0.981611,
		-0.007843,
		0,
		-0.598262,
		0.122571,
		-0.791871,
		0,
		-0.143045,
		-0.039185,
		-0.550907,
		1
	},
	[0.566666666667] = {
		0.787206,
		-0.236573,
		-0.569508,
		0,
		-0.290167,
		-0.956969,
		-0.00356,
		0,
		-0.544159,
		0.168055,
		-0.821978,
		0,
		-0.116188,
		-0.035427,
		-0.557408,
		1
	},
	[0.583333333333] = {
		0.785145,
		-0.326064,
		-0.526526,
		0,
		-0.385981,
		-0.922497,
		-0.004289,
		0,
		-0.48432,
		0.206597,
		-0.850148,
		0,
		-0.090994,
		-0.030975,
		-0.563443,
		1
	},
	[0.5] = {
		0.692896,
		0.098012,
		-0.714345,
		0,
		0.081272,
		-0.995021,
		-0.05769,
		0,
		-0.716442,
		-0.018084,
		-0.697412,
		0,
		-0.228543,
		-0.042679,
		-0.529315,
		1
	},
	[0.616666666667] = {
		0.753996,
		-0.489538,
		-0.437998,
		0,
		-0.550303,
		-0.834843,
		-0.014245,
		0,
		-0.358687,
		0.251773,
		-0.898863,
		0,
		-0.048448,
		-0.021838,
		-0.573722,
		1
	},
	[0.633333333333] = {
		0.73069,
		-0.558124,
		-0.393179,
		0,
		-0.613377,
		-0.789559,
		-0.019118,
		0,
		-0.299768,
		0.255136,
		-0.919263,
		0,
		-0.032826,
		-0.018068,
		-0.577778,
		1
	},
	[0.65] = {
		0.707225,
		-0.615504,
		-0.347833,
		0,
		-0.662087,
		-0.749146,
		-0.020531,
		0,
		-0.24794,
		0.244816,
		-0.937332,
		0,
		-0.022262,
		-0.015372,
		-0.581005,
		1
	},
	[0.666666666667] = {
		0.687636,
		-0.660524,
		-0.301438,
		0,
		-0.696226,
		-0.717651,
		-0.015673,
		0,
		-0.205975,
		0.220646,
		-0.953357,
		0,
		-0.017752,
		-0.014095,
		-0.583324,
		1
	},
	[0.683333333333] = {
		0.688579,
		-0.659866,
		-0.300724,
		0,
		-0.695246,
		-0.718613,
		-0.015107,
		0,
		-0.206136,
		0.219479,
		-0.953591,
		0,
		-0.017648,
		-0.014661,
		-0.583314,
		1
	},
	[0.6] = {
		0.773266,
		-0.411396,
		-0.482506,
		0,
		-0.473808,
		-0.880587,
		-0.008517,
		0,
		-0.421385,
		0.235201,
		-0.875851,
		0,
		-0.068143,
		-0.026288,
		-0.568914,
		1
	},
	[0.716666666667] = {
		0.690197,
		-0.658644,
		-0.299695,
		0,
		-0.693547,
		-0.72027,
		-0.01429,
		0,
		-0.20645,
		0.217716,
		-0.953928,
		0,
		-0.017489,
		-0.015484,
		-0.583297,
		1
	},
	[0.733333333333] = {
		0.690841,
		-0.658095,
		-0.299417,
		0,
		-0.69286,
		-0.720935,
		-0.014069,
		0,
		-0.206601,
		0.217173,
		-0.954019,
		0,
		-0.01744,
		-0.015712,
		-0.583292,
		1
	},
	[0.75] = {
		0.691355,
		-0.657598,
		-0.29932,
		0,
		-0.692302,
		-0.721472,
		-0.013992,
		0,
		-0.20675,
		0.216893,
		-0.95405,
		0,
		-0.017416,
		-0.015799,
		-0.583291,
		1
	},
	[0.7] = {
		0.689438,
		-0.659237,
		-0.300137,
		0,
		-0.694347,
		-0.719491,
		-0.014641,
		0,
		-0.206295,
		0.218493,
		-0.953784,
		0,
		-0.017559,
		-0.015129,
		-0.583304,
		1
	}
}

return spline_matrices
