local spline_matrices = {
	[0] = {
		0.845718,
		-0.420054,
		-0.329115,
		0,
		-0.532136,
		-0.617723,
		-0.579007,
		0,
		0.039912,
		0.66481,
		-0.745945,
		0,
		-0.012534,
		-0.020894,
		-0.62147,
		1
	},
	[0.0333333333333] = {
		0.215113,
		0.026013,
		0.976243,
		0,
		-0.924703,
		0.326927,
		0.195045,
		0,
		-0.314087,
		-0.944691,
		0.09438,
		0,
		-0.358019,
		0.11996,
		-0.441054,
		1
	},
	[0.0666666666667] = {
		-0.029585,
		0.114445,
		0.992989,
		0,
		-0.942017,
		-0.335398,
		0.010589,
		0,
		0.334259,
		-0.935099,
		0.117732,
		0,
		-0.401188,
		-0.3346,
		-0.362248,
		1
	},
	[0.133333333333] = {
		-0.109769,
		-0.447285,
		0.88763,
		0,
		-0.425437,
		-0.785946,
		-0.448657,
		0,
		0.898306,
		-0.426879,
		-0.104019,
		0,
		-0.413762,
		-0.551149,
		-0.396677,
		1
	},
	[0.166666666667] = {
		-0.498115,
		-0.569543,
		0.653837,
		0,
		-0.031597,
		-0.741618,
		-0.670078,
		0,
		0.866535,
		-0.354436,
		0.351415,
		0,
		-0.365647,
		-0.436834,
		-0.407893,
		1
	},
	[0.1] = {
		-0.030096,
		-0.174262,
		0.984239,
		0,
		-0.599249,
		-0.784957,
		-0.157302,
		0,
		0.799997,
		-0.594538,
		-0.080802,
		0,
		-0.448814,
		-0.444654,
		-0.248977,
		1
	},
	[0.233333333333] = {
		-0.62951,
		-0.529117,
		0.568992,
		0,
		-0.776021,
		0.464756,
		-0.426373,
		0,
		-0.038841,
		-0.709955,
		-0.703175,
		0,
		-0.392115,
		0.189736,
		-0.342021,
		1
	},
	[0.266666666667] = {
		-0.476252,
		-0.415978,
		0.774691,
		0,
		-0.708614,
		0.703205,
		-0.058038,
		0,
		-0.520624,
		-0.576598,
		-0.629671,
		0,
		-0.417162,
		0.381971,
		-0.193637,
		1
	},
	[0.2] = {
		-0.543796,
		-0.72607,
		0.420843,
		0,
		-0.320705,
		-0.283617,
		-0.90372,
		0,
		0.775522,
		-0.626405,
		-0.078625,
		0,
		-0.370611,
		-0.253878,
		-0.478017,
		1
	},
	[0.333333333333] = {
		-0.774878,
		-0.043679,
		0.6306,
		0,
		0.623119,
		-0.220451,
		0.750416,
		0,
		0.106239,
		0.97442,
		0.19804,
		0,
		0.441854,
		0.513708,
		0.185628,
		1
	},
	[0.366666666667] = {
		-0.580696,
		-0.23006,
		0.780938,
		0,
		0.299657,
		-0.952299,
		-0.057721,
		0,
		0.756967,
		0.200495,
		0.621935,
		0,
		0.680304,
		-0.269689,
		0.336536,
		1
	},
	[0.3] = {
		-0.483244,
		-0.226182,
		0.845764,
		0,
		0.568632,
		0.653456,
		0.499653,
		0,
		-0.665682,
		0.722383,
		-0.187164,
		0,
		-0.064784,
		0.686257,
		-0.028612,
		1
	},
	[0.433333333333] = {
		-0.381281,
		-0.552277,
		0.741361,
		0,
		-0.433577,
		-0.60144,
		-0.67103,
		0,
		0.816478,
		-0.577287,
		-0.010137,
		0,
		0.56387,
		-0.242926,
		0.155784,
		1
	},
	[0.466666666667] = {
		-0.253923,
		-0.676245,
		0.691532,
		0,
		-0.583313,
		-0.463248,
		-0.667194,
		0,
		0.771537,
		-0.572796,
		-0.276833,
		0,
		0.47323,
		-0.206202,
		0.029194,
		1
	},
	[0.4] = {
		-0.478164,
		-0.409486,
		0.776969,
		0,
		-0.167709,
		-0.825808,
		-0.538437,
		0,
		0.86211,
		-0.387765,
		0.326197,
		0,
		0.635947,
		-0.271902,
		0.260093,
		1
	},
	[0.533333333333] = {
		0.137584,
		-0.862237,
		0.487461,
		0,
		-0.730253,
		-0.420794,
		-0.538203,
		0,
		0.669179,
		-0.281922,
		-0.687546,
		0,
		0.26186,
		-0.131101,
		-0.254956,
		1
	},
	[0.566666666667] = {
		0.37877,
		-0.876442,
		0.297291,
		0,
		-0.748148,
		-0.479056,
		-0.459108,
		0,
		0.544801,
		-0.048521,
		-0.837161,
		0,
		0.158814,
		-0.097968,
		-0.387643,
		1
	},
	[0.5] = {
		-0.081286,
		-0.785272,
		0.613792,
		0,
		-0.676001,
		-0.409097,
		-0.612913,
		0,
		0.732404,
		-0.464745,
		-0.497591,
		0,
		0.369843,
		-0.168026,
		-0.111616,
		1
	},
	[0.633333333333] = {
		0.687431,
		-0.697672,
		-0.201722,
		0,
		-0.719192,
		-0.615334,
		-0.322688,
		0,
		0.101004,
		0.366902,
		-0.92476,
		0,
		0.009039,
		-0.054226,
		-0.565608,
		1
	},
	[0.666666666667] = {
		0.663582,
		-0.624467,
		-0.411947,
		0,
		-0.739934,
		-0.629024,
		-0.238384,
		0,
		-0.110262,
		0.463001,
		-0.879473,
		0,
		-0.017744,
		-0.046499,
		-0.583227,
		1
	},
	[0.6] = {
		0.583894,
		-0.810109,
		0.05283,
		0,
		-0.735596,
		-0.555474,
		-0.387746,
		0,
		0.343462,
		0.187541,
		-0.920251,
		0,
		0.07104,
		-0.071572,
		-0.4958,
		1
	},
	[0.733333333333] = {
		0.662627,
		-0.627701,
		-0.408556,
		0,
		-0.741884,
		-0.624868,
		-0.243204,
		0,
		-0.102634,
		0.464254,
		-0.879735,
		0,
		-0.01458,
		-0.04596,
		-0.583358,
		1
	},
	[0.7] = {
		0.662985,
		-0.626505,
		-0.409808,
		0,
		-0.741167,
		-0.62641,
		-0.241416,
		0,
		-0.105459,
		0.463792,
		-0.879645,
		0,
		-0.015752,
		-0.04616,
		-0.583311,
		1
	}
}

return spline_matrices
