-- chunkname: @content/characters/player/human/first_person/animations/combat_knife/swing_stab_01.lua

local spline_matrices = {
	[0.0166666666667] = {
		0.958625,
		-0.279853,
		0.052155,
		0,
		0.126725,
		0.255465,
		-0.958477,
		0,
		0.254909,
		0.92543,
		0.28036,
		0,
		0.31385,
		0.045691,
		-0.497465,
		1
	},
	[0.0333333333333] = {
		0.943418,
		-0.329705,
		0.035463,
		0,
		0.102165,
		0.18725,
		-0.976985,
		0,
		0.315477,
		0.925328,
		0.210339,
		0,
		0.33903,
		0.053363,
		-0.521187,
		1
	},
	[0.05] = {
		0.926244,
		-0.376098,
		0.024955,
		0,
		0.077458,
		0.125131,
		-0.989112,
		0,
		0.36888,
		0.918092,
		0.145034,
		0,
		0.367696,
		0.064069,
		-0.544387,
		1
	},
	[0.0666666666667] = {
		0.912201,
		-0.409055,
		0.023747,
		0,
		0.063334,
		0.083502,
		-0.994493,
		0,
		0.404819,
		0.908681,
		0.102078,
		0,
		0.389944,
		0.075587,
		-0.554902,
		1
	},
	[0.0833333333333] = {
		0.907119,
		-0.419554,
		0.033321,
		0,
		0.071683,
		0.076001,
		-0.994528,
		0,
		0.414726,
		0.904543,
		0.099017,
		0,
		0.396025,
		0.085377,
		-0.540699,
		1
	},
	[0] = {
		0.969174,
		-0.236568,
		0.068835,
		0,
		0.143462,
		0.314721,
		-0.93828,
		0,
		0.200303,
		0.919231,
		0.338958,
		0,
		0.302261,
		0.043151,
		-0.485475,
		1
	},
	[0.116666666667] = {
		0.930595,
		-0.365802,
		0.01349,
		0,
		0.075133,
		0.154809,
		-0.985083,
		0,
		0.358257,
		0.917727,
		0.171548,
		0,
		0.369268,
		0.105589,
		-0.466569,
		1
	},
	[0.133333333333] = {
		0.952026,
		-0.305662,
		-0.01474,
		0,
		0.0535,
		0.213673,
		-0.975439,
		0,
		0.301304,
		0.927855,
		0.219775,
		0,
		0.346992,
		0.119095,
		-0.423516,
		1
	},
	[0.15] = {
		0.933139,
		-0.247709,
		-0.260561,
		0,
		-0.188421,
		0.280281,
		-0.941244,
		0,
		0.306184,
		0.927407,
		0.214867,
		0,
		0.300176,
		0.13824,
		-0.375381,
		1
	},
	[0.166666666667] = {
		0.856706,
		-0.147244,
		-0.494342,
		0,
		-0.436664,
		0.303096,
		-0.847028,
		0,
		0.274553,
		0.941516,
		0.195368,
		0,
		0.231881,
		0.161353,
		-0.332426,
		1
	},
	[0.183333333333] = {
		0.725067,
		-0.03195,
		-0.687937,
		0,
		-0.657248,
		0.266233,
		-0.705085,
		0,
		0.205679,
		0.963379,
		0.172038,
		0,
		0.155543,
		0.188591,
		-0.295481,
		1
	},
	[0.1] = {
		0.914086,
		-0.404083,
		0.034102,
		0,
		0.083237,
		0.104657,
		-0.991019,
		0,
		0.396885,
		0.908715,
		0.1293,
		0,
		0.386341,
		0.094416,
		-0.50647,
		1
	},
	[0.216666666667] = {
		0.453975,
		0.165616,
		-0.875487,
		0,
		-0.891014,
		0.083617,
		-0.446208,
		0,
		-0.000693,
		0.982639,
		0.185526,
		0,
		0.033908,
		0.24977,
		-0.244427,
		1
	},
	[0.233333333333] = {
		0.357496,
		0.221625,
		-0.907237,
		0,
		-0.930398,
		0.00029,
		-0.366551,
		0,
		-0.080974,
		0.975132,
		0.206303,
		0,
		-0.012337,
		0.320432,
		-0.209992,
		1
	},
	[0.25] = {
		0.106727,
		0.174857,
		-0.978792,
		0,
		-0.993638,
		-0.016841,
		-0.111354,
		0,
		-0.035955,
		0.98445,
		0.171948,
		0,
		-0.028832,
		0.51533,
		-0.112798,
		1
	},
	[0.266666666667] = {
		-0.057909,
		0.151411,
		-0.986773,
		0,
		-0.998093,
		0.012398,
		0.060476,
		0,
		0.021391,
		0.988393,
		0.150404,
		0,
		-0.011774,
		0.649519,
		-0.043316,
		1
	},
	[0.283333333333] = {
		0.009116,
		0.173022,
		-0.984876,
		0,
		-0.99995,
		0.005589,
		-0.008274,
		0,
		0.004073,
		0.984902,
		0.173064,
		0,
		-0.011146,
		0.653425,
		-0.044027,
		1
	},
	[0.2] = {
		0.561993,
		0.067411,
		-0.824391,
		0,
		-0.81952,
		0.180373,
		-0.543923,
		0,
		0.112031,
		0.981286,
		0.156613,
		0,
		0.084212,
		0.221499,
		-0.265336,
		1
	},
	[0.316666666667] = {
		0.106151,
		0.211578,
		-0.97158,
		0,
		-0.994346,
		0.019932,
		-0.104297,
		0,
		-0.002702,
		0.977158,
		0.212497,
		0,
		-0.00948,
		0.65798,
		-0.048419,
		1
	},
	[0.333333333333] = {
		0.069805,
		0.217602,
		-0.973538,
		0,
		-0.997547,
		0.020321,
		-0.066984,
		0,
		0.005207,
		0.975826,
		0.218486,
		0,
		-0.005416,
		0.658047,
		-0.04695,
		1
	},
	[0.35] = {
		0.043555,
		0.211311,
		-0.976448,
		0,
		-0.999,
		0.019108,
		-0.040426,
		0,
		0.010116,
		0.977232,
		0.211932,
		0,
		-0.004535,
		0.65837,
		-0.046071,
		1
	},
	[0.366666666667] = {
		0.030422,
		0.204036,
		-0.97849,
		0,
		-0.999443,
		0.01962,
		-0.026982,
		0,
		0.013693,
		0.978767,
		0.20452,
		0,
		-0.004638,
		0.658772,
		-0.045925,
		1
	},
	[0.383333333333] = {
		0.01991,
		0.197537,
		-0.980093,
		0,
		-0.999696,
		0.018177,
		-0.016644,
		0,
		0.014527,
		0.980127,
		0.197839,
		0,
		-0.005243,
		0.658174,
		-0.046008,
		1
	},
	[0.3] = {
		0.105946,
		0.196186,
		-0.974826,
		0,
		-0.994353,
		0.014899,
		-0.10507,
		0,
		-0.00609,
		0.980454,
		0.196656,
		0,
		-0.013684,
		0.657903,
		-0.04782,
		1
	},
	[0.416666666667] = {
		-0.002468,
		0.178475,
		-0.983941,
		0,
		-0.999922,
		0.011596,
		0.004611,
		0,
		0.012233,
		0.983876,
		0.178432,
		0,
		-0.006588,
		0.653839,
		-0.046476,
		1
	},
	[0.433333333333] = {
		-0.005474,
		0.168393,
		-0.985705,
		0,
		-0.999938,
		0.008607,
		0.007023,
		0,
		0.009667,
		0.985682,
		0.168335,
		0,
		-0.006915,
		0.651636,
		-0.047474,
		1
	},
	[0.45] = {
		0.003171,
		0.160876,
		-0.986969,
		0,
		-0.999975,
		0.006684,
		-0.002123,
		0,
		0.006255,
		0.986952,
		0.160894,
		0,
		-0.006611,
		0.650217,
		-0.049367,
		1
	},
	[0.466666666667] = {
		0.028084,
		0.158282,
		-0.986995,
		0,
		-0.999604,
		0.006137,
		-0.027459,
		0,
		0.001711,
		0.987375,
		0.158391,
		0,
		-0.005551,
		0.650143,
		-0.052464,
		1
	},
	[0.483333333333] = {
		0.06168,
		0.160574,
		-0.985095,
		0,
		-0.998079,
		0.004225,
		-0.061804,
		0,
		-0.005763,
		0.987015,
		0.160526,
		0,
		-0.003538,
		0.65122,
		-0.056425,
		1
	},
	[0.4] = {
		0.007486,
		0.188681,
		-0.98201,
		0,
		-0.999875,
		0.01509,
		-0.004723,
		0,
		0.013927,
		0.981922,
		0.18877,
		0,
		-0.005965,
		0.656267,
		-0.046088,
		1
	},
	[0.516666666667] = {
		0.143504,
		0.1753,
		-0.974,
		0,
		-0.989228,
		-0.003331,
		-0.146347,
		0,
		-0.028899,
		0.984509,
		0.172934,
		0,
		0.002592,
		0.65468,
		-0.065969,
		1
	},
	[0.533333333333] = {
		0.204968,
		0.187576,
		-0.960627,
		0,
		-0.977857,
		-0.003101,
		-0.20925,
		0,
		-0.042229,
		0.982245,
		0.182787,
		0,
		0.005747,
		0.656798,
		-0.072088,
		1
	},
	[0.55] = {
		0.28882,
		0.20429,
		-0.935333,
		0,
		-0.955807,
		0.005481,
		-0.293945,
		0,
		-0.054923,
		0.978895,
		0.196845,
		0,
		0.011283,
		0.661583,
		-0.08249,
		1
	},
	[0.566666666667] = {
		0.401126,
		0.223104,
		-0.888438,
		0,
		-0.913545,
		0.026141,
		-0.405897,
		0,
		-0.067333,
		0.974444,
		0.214301,
		0,
		0.020489,
		0.670351,
		-0.099267,
		1
	},
	[0.583333333333] = {
		0.559192,
		0.243051,
		-0.79261,
		0,
		-0.823959,
		0.057264,
		-0.563749,
		0,
		-0.091631,
		0.968322,
		0.232286,
		0,
		0.03529,
		0.681222,
		-0.122846,
		1
	},
	[0.5] = {
		0.097915,
		0.166255,
		-0.981209,
		0,
		-0.995059,
		9.1e-05,
		-0.099281,
		0,
		-0.016417,
		0.986083,
		0.165442,
		0,
		-0.000656,
		0.652779,
		-0.060841,
		1
	},
	[0.616666666667] = {
		0.861157,
		0.280419,
		-0.423997,
		0,
		-0.475134,
		0.147506,
		-0.867462,
		0,
		-0.18071,
		0.948476,
		0.260262,
		0,
		0.075107,
		0.678749,
		-0.174971,
		1
	},
	[0.633333333333] = {
		0.932247,
		0.287148,
		-0.220139,
		0,
		-0.282744,
		0.198513,
		-0.938429,
		0,
		-0.225768,
		0.93709,
		0.266253,
		0,
		0.098323,
		0.665936,
		-0.198825,
		1
	},
	[0.65] = {
		0.957015,
		0.285815,
		-0.04931,
		0,
		-0.119804,
		0.234724,
		-0.964651,
		0,
		-0.264138,
		0.929093,
		0.258876,
		0,
		0.122261,
		0.646092,
		-0.220489,
		1
	},
	[0.666666666667] = {
		0.959038,
		0.257585,
		0.117882,
		0,
		0.033039,
		0.311585,
		-0.949644,
		0,
		-0.281344,
		0.914639,
		0.290312,
		0,
		0.146873,
		0.619228,
		-0.240627,
		1
	},
	[0.683333333333] = {
		0.931505,
		0.17875,
		0.316776,
		0,
		0.215386,
		0.430721,
		-0.876407,
		0,
		-0.2931,
		0.884606,
		0.362718,
		0,
		0.172895,
		0.582602,
		-0.257367,
		1
	},
	[0.6] = {
		0.73525,
		0.265398,
		-0.623675,
		0,
		-0.663882,
		0.096502,
		-0.741585,
		0,
		-0.136629,
		0.959297,
		0.247146,
		0,
		0.054379,
		0.685068,
		-0.14987,
		1
	},
	[0.716666666667] = {
		0.736402,
		-0.012864,
		0.676422,
		0,
		0.553393,
		0.586609,
		-0.591309,
		0,
		-0.389188,
		0.809768,
		0.439099,
		0,
		0.226172,
		0.491969,
		-0.283444,
		1
	},
	[0.733333333333] = {
		0.652962,
		-0.051387,
		0.755646,
		0,
		0.61381,
		0.620393,
		-0.488211,
		0,
		-0.443709,
		0.782606,
		0.436634,
		0,
		0.249561,
		0.444608,
		-0.295185,
		1
	},
	[0.75] = {
		0.618514,
		-0.058165,
		0.783618,
		0,
		0.637165,
		0.620738,
		-0.456843,
		0,
		-0.459849,
		0.781858,
		0.420996,
		0,
		0.272156,
		0.400267,
		-0.307325,
		1
	},
	[0.766666666667] = {
		0.585877,
		-0.069598,
		0.807406,
		0,
		0.648304,
		0.638061,
		-0.415428,
		0,
		-0.486261,
		0.766834,
		0.418946,
		0,
		0.294133,
		0.370193,
		-0.321738,
		1
	},
	[0.783333333333] = {
		0.581317,
		-0.067914,
		0.810838,
		0,
		0.642118,
		0.650339,
		-0.405886,
		0,
		-0.499754,
		0.756602,
		0.421662,
		0,
		0.314494,
		0.341434,
		-0.339248,
		1
	},
	[0.7] = {
		0.85072,
		0.074994,
		0.520241,
		0,
		0.409168,
		0.526797,
		-0.745028,
		0,
		-0.329934,
		0.846677,
		0.417472,
		0,
		0.199769,
		0.537721,
		-0.270584,
		1
	},
	[0.816666666667] = {
		0.642896,
		-0.043148,
		0.764737,
		0,
		0.612065,
		0.629198,
		-0.479047,
		0,
		-0.460501,
		0.776047,
		0.430918,
		0,
		0.351349,
		0.255028,
		-0.381112,
		1
	},
	[0.833333333333] = {
		0.708058,
		-0.022043,
		0.70581,
		0,
		0.576547,
		0.595165,
		-0.559796,
		0,
		-0.407734,
		0.803301,
		0.434121,
		0,
		0.369732,
		0.206687,
		-0.407969,
		1
	},
	[0.85] = {
		0.77811,
		-0.003601,
		0.628118,
		0,
		0.525756,
		0.550897,
		-0.648146,
		0,
		-0.343694,
		0.834565,
		0.430552,
		0,
		0.38696,
		0.161251,
		-0.435915,
		1
	},
	[0.866666666667] = {
		0.840007,
		0.007409,
		0.542526,
		0,
		0.465776,
		0.502998,
		-0.728042,
		0,
		-0.278283,
		0.864256,
		0.419071,
		0,
		0.401814,
		0.123527,
		-0.461994,
		1
	},
	[0.883333333333] = {
		0.88552,
		0.009611,
		0.464502,
		0,
		0.408543,
		0.459985,
		-0.788357,
		0,
		-0.22124,
		0.887875,
		0.403399,
		0,
		0.413283,
		0.098377,
		-0.483337,
		1
	},
	[0.8] = {
		0.597744,
		-0.060045,
		0.799435,
		0,
		0.631912,
		0.648944,
		-0.423744,
		0,
		-0.493345,
		0.758463,
		0.425846,
		0,
		0.333231,
		0.301523,
		-0.358284,
		1
	},
	[0.916666666667] = {
		0.925449,
		-0.004185,
		0.37885,
		0,
		0.346703,
		0.41258,
		-0.842363,
		0,
		-0.15278,
		0.910912,
		0.383273,
		0,
		0.425362,
		0.093381,
		-0.506373,
		1
	},
	[0.933333333333] = {
		0.935282,
		-0.014529,
		0.353604,
		0,
		0.329852,
		0.397834,
		-0.856111,
		0,
		-0.128237,
		0.917343,
		0.376879,
		0,
		0.430367,
		0.096171,
		-0.515343,
		1
	},
	[0.95] = {
		0.941886,
		-0.026127,
		0.334914,
		0,
		0.318528,
		0.386194,
		-0.865676,
		0,
		-0.106724,
		0.922048,
		0.372073,
		0,
		0.435492,
		0.099051,
		-0.524107,
		1
	},
	[0.966666666667] = {
		0.945842,
		-0.038761,
		0.322304,
		0,
		0.312505,
		0.377487,
		-0.87169,
		0,
		-0.087878,
		0.925203,
		0.369156,
		0,
		0.440714,
		0.102064,
		-0.532634,
		1
	},
	[0.983333333333] = {
		0.947571,
		-0.052233,
		0.315247,
		0,
		0.311469,
		0.37137,
		-0.874684,
		0,
		-0.071386,
		0.927015,
		0.368168,
		0,
		0.446011,
		0.105163,
		-0.540904,
		1
	},
	[0.9] = {
		0.91161,
		0.004571,
		0.41103,
		0,
		0.369175,
		0.430629,
		-0.823571,
		0,
		-0.180766,
		0.902518,
		0.390878,
		0,
		0.420492,
		0.090671,
		-0.497215,
		1
	},
	[1.01666666667] = {
		0.945419,
		-0.081219,
		0.315573,
		0,
		0.322812,
		0.365518,
		-0.873034,
		0,
		-0.04444,
		0.927254,
		0.371786,
		0,
		0.456717,
		0.111419,
		-0.55657,
		1
	},
	[1.03333333333] = {
		0.941861,
		-0.0966,
		0.321817,
		0,
		0.334322,
		0.365104,
		-0.868866,
		0,
		-0.033564,
		0.925942,
		0.376173,
		0,
		0.462066,
		0.114482,
		-0.563904,
		1
	},
	[1.05] = {
		0.937323,
		-0.111165,
		0.330254,
		0,
		0.347571,
		0.365969,
		-0.863285,
		0,
		-0.024896,
		0.923964,
		0.381669,
		0,
		0.467311,
		0.117466,
		-0.570675,
		1
	},
	[1.06666666667] = {
		0.932427,
		-0.123803,
		0.339488,
		0,
		0.360867,
		0.367953,
		-0.856963,
		0,
		-0.018821,
		0.921566,
		0.387766,
		0,
		0.472358,
		0.120345,
		-0.576701,
		1
	},
	[1.08333333333] = {
		0.927228,
		-0.134888,
		0.34936,
		0,
		0.374198,
		0.370898,
		-0.849947,
		0,
		-0.014929,
		0.918825,
		0.394382,
		0,
		0.477171,
		0.123065,
		-0.582016,
		1
	},
	{
		0.947365,
		-0.066413,
		0.313192,
		0,
		0.315044,
		0.367495,
		-0.87504,
		0,
		-0.056982,
		0.927651,
		0.369074,
		0,
		0.451355,
		0.108297,
		-0.548892,
		1
	},
	[1.11666666667] = {
		0.916051,
		-0.153837,
		0.370383,
		0,
		0.40088,
		0.378958,
		-0.834078,
		0,
		-0.012048,
		0.912537,
		0.408816,
		0,
		0.485959,
		0.127832,
		-0.590657,
		1
	},
	[1.13333333333] = {
		0.910117,
		-0.162389,
		0.381205,
		0,
		0.414171,
		0.383688,
		-0.825376,
		0,
		-0.012232,
		0.909073,
		0.416457,
		0,
		0.489876,
		0.129785,
		-0.594061,
		1
	},
	[1.15] = {
		0.903978,
		-0.17076,
		0.392002,
		0,
		0.427384,
		0.388608,
		-0.816288,
		0,
		-0.012946,
		0.905442,
		0.424273,
		0,
		0.493451,
		0.131395,
		-0.596906,
		1
	},
	[1.16666666667] = {
		0.897656,
		-0.179263,
		0.402591,
		0,
		0.440483,
		0.393502,
		-0.806927,
		0,
		-0.013768,
		0.901677,
		0.432192,
		0,
		0.496667,
		0.132751,
		-0.599228,
		1
	},
	[1.18333333333] = {
		0.891176,
		-0.188199,
		0.412779,
		0,
		0.453433,
		0.398144,
		-0.797421,
		0,
		-0.014272,
		0.89781,
		0.440152,
		0,
		0.499515,
		0.133954,
		-0.601059,
		1
	},
	[1.1] = {
		0.921762,
		-0.144783,
		0.359713,
		0,
		0.387545,
		0.374629,
		-0.842296,
		0,
		-0.012809,
		0.915801,
		0.401428,
		0,
		0.481715,
		0.125577,
		-0.586655,
		1
	},
	[1.21666666667] = {
		0.877849,
		-0.208523,
		0.43116,
		0,
		0.478771,
		0.405739,
		-0.778559,
		0,
		-0.012591,
		0.889885,
		0.456012,
		0,
		0.504159,
		0.135806,
		-0.6034,
		1
	},
	[1.23333333333] = {
		0.871047,
		-0.220473,
		0.438941,
		0,
		0.491108,
		0.408207,
		-0.769532,
		0,
		-0.009518,
		0.885866,
		0.463843,
		0,
		0.505995,
		0.13641,
		-0.603984,
		1
	},
	[1.25] = {
		0.864163,
		-0.233982,
		0.445505,
		0,
		0.503193,
		0.409455,
		-0.761015,
		0,
		-0.00435,
		0.881816,
		0.471574,
		0,
		0.507367,
		0.136722,
		-0.603826,
		1
	},
	[1.26666666667] = {
		0.858023,
		-0.247996,
		0.449772,
		0,
		0.513603,
		0.409413,
		-0.754051,
		0,
		0.002859,
		0.877997,
		0.478657,
		0,
		0.508265,
		0.136764,
		-0.602927,
		1
	},
	[1.2] = {
		0.884566,
		-0.197857,
		0.42237,
		0,
		0.466205,
		0.402303,
		-0.787912,
		0,
		-0.014027,
		0.893871,
		0.448105,
		0,
		0.502006,
		0.13498,
		-0.602438,
		1
	}
}

return spline_matrices
