-- chunkname: @content/characters/player/human/first_person/animations/combat_knife/swing_ninja_left.lua

local spline_matrices = {
	[0.0166666666667] = {
		-0.824264,
		-0.501393,
		-0.263046,
		0,
		-0.407322,
		0.847791,
		-0.339617,
		0,
		0.39329,
		-0.17279,
		-0.903032,
		0,
		0.213623,
		0.119644,
		-0.60324,
		1
	},
	[0.0333333333333] = {
		-0.859564,
		-0.19536,
		-0.472212,
		0,
		0.0385,
		0.89666,
		-0.441042,
		0,
		0.509576,
		-0.397284,
		-0.763216,
		0,
		0.251773,
		0.076888,
		-0.552955,
		1
	},
	[0.05] = {
		-0.652381,
		0.122575,
		-0.747913,
		0,
		0.569879,
		0.729904,
		-0.377463,
		0,
		0.499637,
		-0.67247,
		-0.546029,
		0,
		0.274549,
		0.013621,
		-0.47072,
		1
	},
	[0.0666666666667] = {
		-0.218138,
		0.260096,
		-0.94062,
		0,
		0.920296,
		0.375563,
		-0.109576,
		0,
		0.324762,
		-0.889552,
		-0.32129,
		0,
		0.266716,
		-0.04669,
		-0.375582,
		1
	},
	[0.0833333333333] = {
		0.181283,
		0.193626,
		-0.964181,
		0,
		0.977469,
		0.072317,
		0.198304,
		0,
		0.108123,
		-0.978406,
		-0.176154,
		0,
		0.24285,
		-0.081058,
		-0.294276,
		1
	},
	[0] = {
		-0.687513,
		-0.711658,
		-0.144457,
		0,
		-0.690157,
		0.702227,
		-0.174819,
		0,
		0.225853,
		-0.020492,
		-0.973946,
		0,
		0.176357,
		0.13645,
		-0.616665,
		1
	},
	[0.116666666667] = {
		0.482579,
		0.043566,
		-0.874768,
		0,
		0.871805,
		-0.119799,
		0.474978,
		0,
		-0.084103,
		-0.991842,
		-0.095793,
		0,
		0.193289,
		-0.089036,
		-0.200917,
		1
	},
	[0.133333333333] = {
		0.499419,
		0.035251,
		-0.865643,
		0,
		0.85614,
		-0.173103,
		0.486887,
		0,
		-0.132682,
		-0.984273,
		-0.116631,
		0,
		0.134536,
		-0.091605,
		-0.171707,
		1
	},
	[0.15] = {
		0.473146,
		0.079644,
		-0.877376,
		0,
		0.876357,
		-0.144484,
		0.459481,
		0,
		-0.090172,
		-0.986297,
		-0.138159,
		0,
		0.082604,
		-0.092046,
		-0.149703,
		1
	},
	[0.166666666667] = {
		0.397306,
		0.182747,
		-0.899306,
		0,
		0.905781,
		0.079243,
		0.41627,
		0,
		0.147336,
		-0.979961,
		-0.134045,
		0,
		0.071122,
		-0.08078,
		-0.134926,
		1
	},
	[0.183333333333] = {
		0.055617,
		0.281831,
		-0.957851,
		0,
		0.5715,
		0.777654,
		0.261995,
		0,
		0.818715,
		-0.561983,
		-0.117816,
		0,
		0.14413,
		0.08525,
		-0.138494,
		1
	},
	[0.1] = {
		0.39785,
		0.093552,
		-0.912668,
		0,
		0.917319,
		-0.057378,
		0.393996,
		0,
		-0.015508,
		-0.99396,
		-0.108645,
		0,
		0.226191,
		-0.089329,
		-0.238322,
		1
	},
	[0.216666666667] = {
		-0.448026,
		0.183918,
		-0.874898,
		0,
		-0.496885,
		0.762318,
		0.414702,
		0,
		0.743221,
		0.620521,
		-0.250152,
		0,
		0.144837,
		0.457803,
		-0.108589,
		1
	},
	[0.233333333333] = {
		-0.567007,
		0.251995,
		-0.784221,
		0,
		-0.609301,
		0.512363,
		0.605175,
		0,
		0.554307,
		0.820965,
		-0.136972,
		0,
		0.132567,
		0.535066,
		-0.069466,
		1
	},
	[0.25] = {
		-0.455937,
		0.193205,
		-0.868788,
		0,
		-0.828011,
		0.26588,
		0.493665,
		0,
		0.326372,
		0.944447,
		0.038751,
		0,
		0.064629,
		0.583354,
		-0.043937,
		1
	},
	[0.266666666667] = {
		-0.253915,
		0.16561,
		-0.952943,
		0,
		-0.963369,
		0.044605,
		0.264445,
		0,
		0.0863,
		0.985182,
		0.148218,
		0,
		-0.01961,
		0.611647,
		-0.036443,
		1
	},
	[0.283333333333] = {
		-0.242844,
		0.152708,
		-0.95797,
		0,
		-0.967536,
		-0.109398,
		0.22783,
		0,
		-0.070009,
		0.982198,
		0.174317,
		0,
		-0.071834,
		0.561822,
		-0.050385,
		1
	},
	[0.2] = {
		-0.27299,
		0.123291,
		-0.954084,
		0,
		-0.233661,
		0.953558,
		0.19008,
		0,
		0.933209,
		0.274822,
		-0.231504,
		0,
		0.164558,
		0.306258,
		-0.143861,
		1
	},
	[0.316666666667] = {
		-0.02594,
		0.278186,
		-0.960177,
		0,
		-0.885733,
		-0.451709,
		-0.106942,
		0,
		-0.46347,
		0.847686,
		0.258116,
		0,
		-0.124934,
		0.250394,
		-0.209126,
		1
	},
	[0.333333333333] = {
		0.094347,
		0.320781,
		-0.942443,
		0,
		-0.767409,
		-0.57961,
		-0.274108,
		0,
		-0.634178,
		0.7491,
		0.191486,
		0,
		-0.1398,
		0.013072,
		-0.317316,
		1
	},
	[0.35] = {
		0.10094,
		0.239589,
		-0.965613,
		0,
		-0.847684,
		-0.487366,
		-0.209538,
		0,
		-0.52081,
		0.839685,
		0.153901,
		0,
		-0.191898,
		-0.129242,
		-0.354834,
		1
	},
	[0.366666666667] = {
		0.053217,
		0.135994,
		-0.989279,
		0,
		-0.897526,
		-0.427762,
		-0.107085,
		0,
		-0.437739,
		0.893602,
		0.099294,
		0,
		-0.23,
		-0.230505,
		-0.369785,
		1
	},
	[0.383333333333] = {
		0.059623,
		0.034855,
		-0.997612,
		0,
		-0.722487,
		-0.688108,
		-0.067222,
		0,
		-0.688808,
		0.72477,
		-0.015845,
		0,
		-0.237034,
		-0.305873,
		-0.391936,
		1
	},
	[0.3] = {
		-0.184783,
		0.191838,
		-0.963874,
		0,
		-0.959393,
		-0.247895,
		0.134586,
		0,
		-0.213121,
		0.949603,
		0.229854,
		0,
		-0.112669,
		0.47134,
		-0.098731,
		1
	},
	[0.416666666667] = {
		0.336246,
		-0.068932,
		-0.939248,
		0,
		0.262869,
		-0.950811,
		0.163887,
		0,
		-0.904344,
		-0.302006,
		-0.301586,
		0,
		-0.187752,
		-0.411754,
		-0.432195,
		1
	},
	[0.433333333333] = {
		0.470622,
		-0.059441,
		-0.88033,
		0,
		0.48552,
		-0.815645,
		0.314631,
		0,
		-0.736739,
		-0.575491,
		-0.355001,
		0,
		-0.16117,
		-0.416238,
		-0.445406,
		1
	},
	[0.45] = {
		0.550623,
		-0.15992,
		-0.819292,
		0,
		0.467604,
		-0.753943,
		0.461428,
		0,
		-0.691491,
		-0.637178,
		-0.340359,
		0,
		-0.143238,
		-0.409816,
		-0.453502,
		1
	},
	[0.466666666667] = {
		0.531367,
		-0.334428,
		-0.778336,
		0,
		0.388968,
		-0.719888,
		0.574861,
		0,
		-0.752564,
		-0.60821,
		-0.252443,
		0,
		-0.117254,
		-0.401467,
		-0.456804,
		1
	},
	[0.483333333333] = {
		0.473255,
		-0.516156,
		-0.713871,
		0,
		0.268363,
		-0.687373,
		0.674907,
		0,
		-0.839053,
		-0.51098,
		-0.186785,
		0,
		-0.086685,
		-0.393017,
		-0.458268,
		1
	},
	[0.4] = {
		0.164169,
		-0.057061,
		-0.98478,
		0,
		-0.252035,
		-0.967616,
		0.014051,
		0,
		-0.953691,
		0.245892,
		-0.173234,
		0,
		-0.222483,
		-0.375661,
		-0.414572,
		1
	},
	[0.516666666667] = {
		0.379897,
		-0.660787,
		-0.647332,
		0,
		0.065737,
		-0.678742,
		0.731429,
		0,
		-0.92269,
		-0.320422,
		-0.214414,
		0,
		-0.018226,
		-0.376505,
		-0.458621,
		1
	},
	[0.533333333333] = {
		0.344033,
		-0.679272,
		-0.648252,
		0,
		-0.053081,
		-0.703361,
		0.708848,
		0,
		-0.937456,
		-0.209457,
		-0.278036,
		0,
		0.001895,
		-0.360642,
		-0.456152,
		1
	},
	[0.55] = {
		0.310955,
		-0.67791,
		-0.666142,
		0,
		-0.194321,
		-0.731431,
		0.653643,
		0,
		-0.930348,
		-0.073808,
		-0.359174,
		0,
		0.013117,
		-0.33797,
		-0.452561,
		1
	},
	[0.566666666667] = {
		0.285889,
		-0.656192,
		-0.69834,
		0,
		-0.352337,
		-0.749689,
		0.560201,
		0,
		-0.891138,
		0.085896,
		-0.445529,
		0,
		0.024101,
		-0.309,
		-0.448475,
		1
	},
	[0.583333333333] = {
		0.274814,
		-0.614687,
		-0.739349,
		0,
		-0.515365,
		-0.743335,
		0.426441,
		0,
		-0.811712,
		0.263842,
		-0.521067,
		0,
		0.035499,
		-0.274308,
		-0.444217,
		1
	},
	[0.5] = {
		0.414745,
		-0.622495,
		-0.663691,
		0,
		0.160878,
		-0.667727,
		0.726814,
		0,
		-0.895603,
		-0.408216,
		-0.176791,
		0,
		-0.050986,
		-0.384943,
		-0.459235,
		1
	},
	[0.616666666667] = {
		0.310934,
		-0.488721,
		-0.815151,
		0,
		-0.786672,
		-0.613633,
		0.06783,
		0,
		-0.533354,
		0.620166,
		-0.575263,
		0,
		0.062458,
		-0.191986,
		-0.434317,
		1
	},
	[0.633333333333] = {
		0.356787,
		-0.419438,
		-0.834731,
		0,
		-0.863424,
		-0.489194,
		-0.12324,
		0,
		-0.356654,
		0.764697,
		-0.536691,
		0,
		0.078644,
		-0.147871,
		-0.427612,
		1
	},
	[0.65] = {
		0.413665,
		-0.356866,
		-0.837573,
		0,
		-0.892841,
		-0.338973,
		-0.296535,
		0,
		-0.178091,
		0.870485,
		-0.458846,
		0,
		0.096061,
		-0.104802,
		-0.419322,
		1
	},
	[0.666666666667] = {
		0.47392,
		-0.306292,
		-0.825582,
		0,
		-0.880477,
		-0.178274,
		-0.439293,
		0,
		-0.012628,
		0.935096,
		-0.354171,
		0,
		0.113683,
		-0.065039,
		-0.409772,
		1
	},
	[0.683333333333] = {
		0.531088,
		-0.269653,
		-0.803264,
		0,
		-0.837083,
		-0.02008,
		-0.546707,
		0,
		0.131292,
		0.962748,
		-0.236386,
		0,
		0.130381,
		-0.030513,
		-0.399781,
		1
	},
	[0.6] = {
		0.282633,
		-0.556672,
		-0.781175,
		0,
		-0.666252,
		-0.699809,
		0.257636,
		0,
		-0.690092,
		0.447643,
		-0.568673,
		0,
		0.048092,
		-0.234812,
		-0.439665,
		1
	},
	[0.716666666667] = {
		0.62115,
		-0.234439,
		-0.747804,
		0,
		-0.700837,
		0.260851,
		-0.663916,
		0,
		0.350713,
		0.93648,
		-0.002276,
		0,
		0.157362,
		0.016835,
		-0.382897,
		1
	},
	[0.733333333333] = {
		0.65081,
		-0.231729,
		-0.723013,
		0,
		-0.62355,
		0.380167,
		-0.683124,
		0,
		0.433165,
		0.895419,
		0.102922,
		0,
		0.166469,
		0.027204,
		-0.378222,
		1
	},
	[0.75] = {
		0.650811,
		-0.23173,
		-0.723012,
		0,
		-0.623551,
		0.380161,
		-0.683126,
		0,
		0.433162,
		0.895421,
		0.102917,
		0,
		0.166469,
		0.027203,
		-0.378222,
		1
	},
	[0.766666666667] = {
		0.650811,
		-0.23173,
		-0.723012,
		0,
		-0.623551,
		0.380161,
		-0.683126,
		0,
		0.433162,
		0.895421,
		0.102917,
		0,
		0.166469,
		0.027203,
		-0.378222,
		1
	},
	[0.7] = {
		0.580912,
		-0.246338,
		-0.775796,
		0,
		-0.774098,
		0.127439,
		-0.620106,
		0,
		0.251623,
		0.960769,
		-0.116659,
		0,
		0.145179,
		-0.00279,
		-0.390439,
		1
	}
}

return spline_matrices
