local spline_matrices = {
	[0] = {
		0.856958,
		-0.424876,
		-0.291725,
		0,
		-0.512385,
		-0.641355,
		-0.571074,
		0,
		0.055537,
		0.638862,
		-0.767314,
		0,
		-0.010164,
		-0.06122,
		-0.597316,
		1
	},
	[0.0333333333333] = {
		0.246205,
		0.052818,
		0.967777,
		0,
		-0.914394,
		0.343722,
		0.213865,
		0,
		-0.32135,
		-0.937585,
		0.132923,
		0,
		-0.358596,
		0.083057,
		-0.410993,
		1
	},
	[0.0666666666667] = {
		-0.027331,
		0.161393,
		0.986512,
		0,
		-0.945918,
		-0.323306,
		0.026686,
		0,
		0.323252,
		-0.93243,
		0.161501,
		0,
		-0.402144,
		-0.373333,
		-0.331489,
		1
	},
	[0.133333333333] = {
		-0.030512,
		-0.024659,
		0.99923,
		0,
		-0.593177,
		-0.804177,
		-0.037959,
		0,
		0.804494,
		-0.593878,
		0.00991,
		0,
		-0.567706,
		-0.554286,
		-0.095679,
		1
	},
	[0.166666666667] = {
		-0.072164,
		0.130324,
		0.988842,
		0,
		-0.896806,
		-0.442367,
		-0.007146,
		0,
		0.4365,
		-0.887315,
		0.148798,
		0,
		-0.655232,
		-0.184922,
		0.000308,
		1
	},
	[0.1] = {
		-0.022969,
		-0.034686,
		0.999134,
		0,
		-0.631142,
		-0.774561,
		-0.041399,
		0,
		0.775327,
		-0.631547,
		-0.004101,
		0,
		-0.499131,
		-0.470504,
		-0.13815,
		1
	},
	[0.233333333333] = {
		-0.216304,
		-0.026092,
		0.975977,
		0,
		-0.536661,
		0.838258,
		-0.096529,
		0,
		-0.815602,
		-0.544648,
		-0.195322,
		0,
		-0.355658,
		0.374418,
		-0.073137,
		1
	},
	[0.266666666667] = {
		0.082323,
		-0.355841,
		0.930914,
		0,
		-0.675458,
		0.666896,
		0.314653,
		0,
		-0.732789,
		-0.654696,
		-0.185455,
		0,
		-0.324845,
		0.485923,
		-0.049434,
		1
	},
	[0.2] = {
		-0.146685,
		0.079275,
		0.986001,
		0,
		-0.921321,
		0.351888,
		-0.165355,
		0,
		-0.360071,
		-0.932679,
		0.02142,
		0,
		-0.54138,
		0.122225,
		-0.039128,
		1
	},
	[0.333333333333] = {
		0.032124,
		-0.273704,
		0.961277,
		0,
		0.995149,
		-0.080722,
		-0.05624,
		0,
		0.092989,
		0.95842,
		0.269784,
		0,
		0.422863,
		0.562443,
		-0.06018,
		1
	},
	[0.366666666667] = {
		-0.081449,
		-0.138842,
		0.98696,
		0,
		0.398169,
		-0.912329,
		-0.095484,
		0,
		0.913689,
		0.3852,
		0.129591,
		0,
		0.789788,
		-0.182789,
		-0.136947,
		1
	},
	[0.3] = {
		-0.138701,
		-0.20605,
		0.968662,
		0,
		0.906963,
		0.366382,
		0.207802,
		0,
		-0.397718,
		0.907363,
		0.136062,
		0,
		0.072277,
		0.65965,
		-0.032057,
		1
	},
	[0.433333333333] = {
		0.193056,
		-0.061951,
		0.97923,
		0,
		-0.443985,
		-0.895502,
		0.030878,
		0,
		0.87499,
		-0.440724,
		-0.200387,
		0,
		0.640897,
		-0.203697,
		-0.258506,
		1
	},
	[0.466666666667] = {
		0.328628,
		-0.171064,
		0.928838,
		0,
		-0.560325,
		-0.826998,
		0.045938,
		0,
		0.760289,
		-0.535548,
		-0.367626,
		0,
		0.534248,
		-0.191285,
		-0.323464,
		1
	},
	[0.4] = {
		0.043104,
		-0.028652,
		0.99866,
		0,
		-0.165037,
		-0.98606,
		-0.021167,
		0,
		0.985345,
		-0.163904,
		-0.047232,
		0,
		0.730234,
		-0.207119,
		-0.195967,
		1
	},
	[0.533333333333] = {
		0.579589,
		-0.476263,
		0.661249,
		0,
		-0.605166,
		-0.794983,
		-0.042152,
		0,
		0.545757,
		-0.375735,
		-0.748981,
		0,
		0.296424,
		-0.156819,
		-0.448558,
		1
	},
	[0.566666666667] = {
		0.685048,
		-0.600428,
		0.412548,
		0,
		-0.604655,
		-0.784492,
		-0.137713,
		0,
		0.406327,
		-0.155109,
		-0.900466,
		0,
		0.182209,
		-0.13546,
		-0.500781,
		1
	},
	[0.5] = {
		0.456581,
		-0.319354,
		0.83039,
		0,
		-0.599757,
		-0.799875,
		0.022152,
		0,
		0.657134,
		-0.508146,
		-0.556742,
		0,
		0.416762,
		-0.175429,
		-0.387952,
		1
	},
	[0.633333333333] = {
		0.744726,
		-0.646136,
		-0.167006,
		0,
		-0.664222,
		-0.693351,
		-0.279415,
		0,
		0.064746,
		0.319017,
		-0.945535,
		0,
		0.014287,
		-0.095449,
		-0.55897,
		1
	},
	[0.666666666667] = {
		0.678667,
		-0.633153,
		-0.372193,
		0,
		-0.728957,
		-0.642535,
		-0.236158,
		0,
		-0.089623,
		0.431585,
		-0.897609,
		0,
		-0.015857,
		-0.085474,
		-0.558267,
		1
	},
	[0.6] = {
		0.746942,
		-0.65494,
		0.114592,
		0,
		-0.620753,
		-0.74867,
		-0.232721,
		0,
		0.23821,
		0.102696,
		-0.965769,
		0,
		0.08431,
		-0.113514,
		-0.539056,
		1
	},
	[0.733333333333] = {
		0.677433,
		-0.636498,
		-0.368721,
		0,
		-0.730993,
		-0.638439,
		-0.240924,
		0,
		-0.082058,
		0.432742,
		-0.897775,
		0,
		-0.013048,
		-0.084963,
		-0.558418,
		1
	},
	[0.7] = {
		0.677895,
		-0.635261,
		-0.370002,
		0,
		-0.730245,
		-0.639958,
		-0.239157,
		0,
		-0.084859,
		0.432315,
		-0.897721,
		0,
		-0.014088,
		-0.085152,
		-0.558363,
		1
	}
}

return spline_matrices
