local spline_matrices = {
	[0] = {
		0.882509,
		-0.438659,
		-0.169573,
		0,
		-0.465142,
		-0.760902,
		-0.452406,
		0,
		0.069424,
		0.478128,
		-0.875542,
		0,
		-0.007542,
		-0.04243,
		-0.601256,
		1
	},
	[0.0333333333333] = {
		0.332506,
		0.095227,
		0.938281,
		0,
		-0.835431,
		0.491372,
		0.246188,
		0,
		-0.437602,
		-0.865728,
		0.24294,
		0,
		-0.044058,
		0.06635,
		-0.416202,
		1
	},
	[0.0666666666667] = {
		0.039069,
		0.201998,
		0.978606,
		0,
		-0.984,
		-0.162594,
		0.072846,
		0,
		0.17383,
		-0.965795,
		0.192414,
		0,
		-0.0248,
		-0.387548,
		-0.334923,
		1
	},
	[0.133333333333] = {
		0.009255,
		0.138079,
		0.990378,
		0,
		-0.775547,
		-0.62421,
		0.094275,
		0,
		0.631222,
		-0.768957,
		0.10131,
		0,
		-0.06768,
		-0.316712,
		-0.15134,
		1
	},
	[0.166666666667] = {
		0.010654,
		0.168695,
		0.985611,
		0,
		-0.955574,
		-0.288634,
		0.059732,
		0,
		0.294557,
		-0.942461,
		0.158125,
		0,
		-0.135969,
		-0.20436,
		-0.147114,
		1
	},
	[0.1] = {
		0.022725,
		0.050924,
		0.998444,
		0,
		-0.767186,
		-0.639467,
		0.050077,
		0,
		0.641022,
		-0.76713,
		0.024536,
		0,
		-0.025049,
		-0.419407,
		-0.169822,
		1
	},
	[0.233333333333] = {
		-0.222684,
		-0.412527,
		0.883308,
		0,
		-0.974413,
		0.122541,
		-0.188423,
		0,
		-0.030512,
		-0.902666,
		-0.42926,
		0,
		-0.185978,
		0.168954,
		-0.225089,
		1
	},
	[0.266666666667] = {
		-0.129098,
		-0.304316,
		0.943783,
		0,
		-0.554011,
		0.811493,
		0.185878,
		0,
		-0.822438,
		-0.49887,
		-0.273357,
		0,
		-0.154863,
		0.563678,
		-0.137902,
		1
	},
	[0.2] = {
		-0.101865,
		-0.008085,
		0.994765,
		0,
		-0.639732,
		0.766308,
		-0.059281,
		0,
		-0.761818,
		-0.642422,
		-0.083232,
		0,
		-0.211687,
		-0.100539,
		-0.182186,
		1
	},
	[0.333333333333] = {
		-0.54428,
		-0.121064,
		0.830122,
		0,
		0.827643,
		0.084094,
		0.554919,
		0,
		-0.136989,
		0.989076,
		0.054427,
		0,
		0.188165,
		0.430808,
		0.046597,
		1
	},
	[0.366666666667] = {
		-0.753676,
		0.057063,
		0.654765,
		0,
		0.63718,
		-0.180852,
		0.749196,
		0,
		0.161167,
		0.981853,
		0.099944,
		0,
		0.298649,
		0.048798,
		0.139886,
		1
	},
	[0.3] = {
		-0.544591,
		-0.308499,
		0.779903,
		0,
		0.507525,
		0.619095,
		0.599283,
		0,
		-0.667712,
		0.722185,
		-0.180583,
		0,
		0.044008,
		0.553593,
		-0.01809,
		1
	},
	[0.433333333333] = {
		0.150593,
		-0.29459,
		0.943684,
		0,
		-0.098293,
		-0.954301,
		-0.282219,
		0,
		0.983697,
		-0.050257,
		-0.172667,
		0,
		0.387226,
		-0.358938,
		-0.272695,
		1
	},
	[0.466666666667] = {
		0.488223,
		-0.457866,
		0.742965,
		0,
		-0.327131,
		-0.885264,
		-0.330594,
		0,
		0.809088,
		-0.081643,
		-0.581989,
		0,
		0.334761,
		-0.340018,
		-0.359042,
		1
	},
	[0.4] = {
		-0.634269,
		-0.075,
		0.769466,
		0,
		0.248313,
		-0.962312,
		0.110887,
		0,
		0.73215,
		0.261401,
		0.628988,
		0,
		0.372316,
		-0.290794,
		0.028612,
		1
	},
	[0.533333333333] = {
		0.726685,
		-0.600226,
		0.334153,
		0,
		-0.533282,
		-0.79951,
		-0.276395,
		0,
		0.433059,
		0.022654,
		-0.901081,
		0,
		0.195362,
		-0.242382,
		-0.479669,
		1
	},
	[0.566666666667] = {
		0.766961,
		-0.61854,
		0.170819,
		0,
		-0.574294,
		-0.780398,
		-0.247317,
		0,
		0.286282,
		0.091582,
		-0.953758,
		0,
		0.122792,
		-0.184304,
		-0.523513,
		1
	},
	[0.5] = {
		0.649101,
		-0.553186,
		0.522162,
		0,
		-0.460734,
		-0.83209,
		-0.308787,
		0,
		0.605303,
		-0.040144,
		-0.794983,
		0,
		0.268074,
		-0.297175,
		-0.425327,
		1
	},
	[0.633333333333] = {
		0.777053,
		-0.610178,
		-0.154505,
		0,
		-0.629401,
		-0.755785,
		-0.180674,
		0,
		-0.006529,
		0.237638,
		-0.971332,
		0,
		0.007221,
		-0.090781,
		-0.571088,
		1
	},
	[0.666666666667] = {
		0.728168,
		-0.595718,
		-0.338956,
		0,
		-0.661312,
		-0.740602,
		-0.119062,
		0,
		-0.180105,
		0.310853,
		-0.933238,
		0,
		-0.01849,
		-0.072053,
		-0.567593,
		1
	},
	[0.6] = {
		0.784828,
		-0.619569,
		0.0134,
		0,
		-0.602316,
		-0.767704,
		-0.218739,
		0,
		0.145811,
		0.163602,
		-0.975691,
		0,
		0.057409,
		-0.131027,
		-0.555081,
		1
	},
	[0.733333333333] = {
		0.728634,
		-0.595708,
		-0.337971,
		0,
		-0.661282,
		-0.740364,
		-0.120697,
		0,
		-0.178322,
		0.311438,
		-0.933385,
		0,
		-0.017473,
		-0.07172,
		-0.567668,
		1
	},
	[0.766666666667] = {
		0.728661,
		-0.595703,
		-0.337922,
		0,
		-0.661276,
		-0.740356,
		-0.120779,
		0,
		-0.178234,
		0.311466,
		-0.933392,
		0,
		-0.017421,
		-0.071704,
		-0.567672,
		1
	},
	[0.7] = {
		0.728452,
		-0.595726,
		-0.338331,
		0,
		-0.661308,
		-0.740437,
		-0.120101,
		0,
		-0.178966,
		0.311229,
		-0.933331,
		0,
		-0.017845,
		-0.071841,
		-0.567641,
		1
	}
}

return spline_matrices
