local spline_matrices = {
	[0] = {
		0.995249,
		-0.005075,
		0.097228,
		0,
		0.09476,
		0.279743,
		-0.955387,
		0,
		-0.02235,
		0.960061,
		0.278895,
		0,
		0.315264,
		0.051807,
		-0.46735,
		1
	},
	{
		0.956703,
		-0.077813,
		0.280472,
		0,
		0.284246,
		0.457137,
		-0.842751,
		0,
		-0.062637,
		0.885986,
		0.459462,
		0,
		0.433772,
		0.105543,
		-0.507608,
		1
	},
	[0.0166666666667] = {
		0.996555,
		-0.049332,
		0.066674,
		0,
		0.076015,
		0.221679,
		-0.972152,
		0,
		0.033178,
		0.973871,
		0.224665,
		0,
		0.327696,
		0.054004,
		-0.48028,
		1
	},
	[0.0333333333333] = {
		0.99414,
		-0.102723,
		0.03368,
		0,
		0.04941,
		0.154671,
		-0.98673,
		0,
		0.09615,
		0.982611,
		0.15884,
		0,
		0.353876,
		0.060592,
		-0.505179,
		1
	},
	[0.05] = {
		0.987983,
		-0.154343,
		0.008233,
		0,
		0.022916,
		0.093596,
		-0.995346,
		0,
		0.152854,
		0.983574,
		0.096009,
		0,
		0.383464,
		0.069649,
		-0.529531,
		1
	},
	[0.0666666666667] = {
		0.981389,
		-0.192011,
		-0.002622,
		0,
		0.007563,
		0.052291,
		-0.998603,
		0,
		0.19188,
		0.979999,
		0.05277,
		0,
		0.406344,
		0.079405,
		-0.540881,
		1
	},
	[0.0833333333333] = {
		0.978966,
		-0.203923,
		0.006359,
		0,
		0.015584,
		0.043664,
		-0.998925,
		0,
		0.203426,
		0.978013,
		0.045923,
		0,
		0.412554,
		0.088011,
		-0.526885,
		1
	},
	[0.116666666667] = {
		0.990995,
		-0.13244,
		-0.019707,
		0,
		-0.003947,
		0.118222,
		-0.992979,
		0,
		0.13384,
		0.984115,
		0.116634,
		0,
		0.382939,
		0.108844,
		-0.451224,
		1
	},
	[0.133333333333] = {
		0.99684,
		-0.057387,
		-0.054927,
		0,
		-0.044355,
		0.171534,
		-0.984179,
		0,
		0.065901,
		0.983505,
		0.168446,
		0,
		0.358184,
		0.123285,
		-0.40684,
		1
	},
	[0.15] = {
		0.996261,
		0.033537,
		-0.079616,
		0,
		-0.085031,
		0.21774,
		-0.972296,
		0,
		-0.015272,
		0.97543,
		0.219778,
		0,
		0.330446,
		0.140179,
		-0.361795,
		1
	},
	[0.166666666667] = {
		0.988905,
		0.126579,
		-0.077752,
		0,
		-0.107752,
		0.2509,
		-0.961997,
		0,
		-0.102261,
		0.959701,
		0.261756,
		0,
		0.302478,
		0.15991,
		-0.318962,
		1
	},
	[0.183333333333] = {
		0.978162,
		0.20447,
		-0.037296,
		0,
		-0.093368,
		0.271965,
		-0.957767,
		0,
		-0.185691,
		0.940334,
		0.285117,
		0,
		0.276789,
		0.183944,
		-0.280883,
		1
	},
	[0.1] = {
		0.983099,
		-0.182934,
		0.007194,
		0,
		0.020435,
		0.070602,
		-0.997295,
		0,
		0.181932,
		0.980587,
		0.073147,
		0,
		0.40197,
		0.096957,
		-0.492139,
		1
	},
	[0.216666666667] = {
		0.927677,
		0.211236,
		0.307888,
		0,
		0.224254,
		0.344094,
		-0.911762,
		0,
		-0.298539,
		0.914865,
		0.271837,
		0,
		0.250889,
		0.243959,
		-0.225085,
		1
	},
	[0.233333333333] = {
		0.853171,
		0.129113,
		0.5054,
		0,
		0.433757,
		0.362583,
		-0.824857,
		0,
		-0.28975,
		0.922964,
		0.253342,
		0,
		0.227774,
		0.315898,
		-0.190893,
		1
	},
	[0.25] = {
		0.939529,
		0.103453,
		0.32647,
		0,
		0.287359,
		0.280453,
		-0.915845,
		0,
		-0.186306,
		0.954277,
		0.233765,
		0,
		0.119855,
		0.525195,
		-0.114855,
		1
	},
	[0.266666666667] = {
		0.978143,
		0.079453,
		0.192156,
		0,
		0.170085,
		0.225883,
		-0.959191,
		0,
		-0.119615,
		0.970909,
		0.207433,
		0,
		0.039395,
		0.674723,
		-0.060405,
		1
	},
	[0.283333333333] = {
		0.936063,
		0.069323,
		0.344936,
		0,
		0.318101,
		0.252137,
		-0.913914,
		0,
		-0.150326,
		0.965205,
		0.213964,
		0,
		0.041926,
		0.679121,
		-0.056708,
		1
	},
	[0.2] = {
		0.967184,
		0.248834,
		0.051358,
		0,
		-0.023349,
		0.288326,
		-0.957248,
		0,
		-0.253004,
		0.924635,
		0.284674,
		0,
		0.255936,
		0.214785,
		-0.249614,
		1
	},
	[0.316666666667] = {
		0.84935,
		0.04831,
		0.525615,
		0,
		0.493231,
		0.281963,
		-0.822934,
		0,
		-0.187959,
		0.958208,
		0.215657,
		0,
		0.047609,
		0.682946,
		-0.055456,
		1
	},
	[0.333333333333] = {
		0.852348,
		0.047755,
		0.52079,
		0,
		0.488926,
		0.280683,
		-0.825935,
		0,
		-0.185619,
		0.958612,
		0.215891,
		0,
		0.048971,
		0.682889,
		-0.058019,
		1
	},
	[0.35] = {
		0.864003,
		0.050111,
		0.500987,
		0,
		0.469921,
		0.276972,
		-0.838129,
		0,
		-0.180759,
		0.95957,
		0.215757,
		0,
		0.050265,
		0.682816,
		-0.06083,
		1
	},
	[0.366666666667] = {
		0.870089,
		0.052495,
		0.490092,
		0,
		0.459299,
		0.274458,
		-0.844818,
		0,
		-0.178859,
		0.960165,
		0.214691,
		0,
		0.052041,
		0.682725,
		-0.063192,
		1
	},
	[0.383333333333] = {
		0.87681,
		0.057614,
		0.477372,
		0,
		0.44562,
		0.275581,
		-0.85175,
		0,
		-0.180628,
		0.95955,
		0.215958,
		0,
		0.053971,
		0.681792,
		-0.065027,
		1
	},
	[0.3] = {
		0.871025,
		0.05457,
		0.488197,
		0,
		0.456502,
		0.277147,
		-0.845455,
		0,
		-0.181439,
		0.959277,
		0.216491,
		0,
		0.045446,
		0.682986,
		-0.05396,
		1
	},
	[0.416666666667] = {
		0.897021,
		0.073511,
		0.435831,
		0,
		0.401077,
		0.278946,
		-0.87254,
		0,
		-0.185715,
		0.957489,
		0.220737,
		0,
		0.057942,
		0.676835,
		-0.06821,
		1
	},
	[0.433333333333] = {
		0.907315,
		0.08206,
		0.412365,
		0,
		0.376232,
		0.279362,
		-0.883406,
		0,
		-0.187692,
		0.956673,
		0.222596,
		0,
		0.059871,
		0.674313,
		-0.069935,
		1
	},
	[0.45] = {
		0.915869,
		0.089485,
		0.391378,
		0,
		0.35413,
		0.279212,
		-0.892543,
		0,
		-0.189146,
		0.956051,
		0.224032,
		0,
		0.061661,
		0.672646,
		-0.071933,
		1
	},
	[0.466666666667] = {
		0.921646,
		0.094638,
		0.376315,
		0,
		0.338292,
		0.279077,
		-0.898707,
		0,
		-0.190072,
		0.955594,
		0.225195,
		0,
		0.063243,
		0.672469,
		-0.074342,
		1
	},
	[0.483333333333] = {
		0.924818,
		0.096498,
		0.367968,
		0,
		0.329733,
		0.279029,
		-0.901897,
		0,
		-0.189705,
		0.955422,
		0.226232,
		0,
		0.064439,
		0.673711,
		-0.07717,
		1
	},
	[0.4] = {
		0.886346,
		0.064979,
		0.458442,
		0,
		0.425248,
		0.277467,
		-0.861497,
		0,
		-0.183181,
		0.958535,
		0.2183,
		0,
		0.055955,
		0.679578,
		-0.066634,
		1
	},
	[0.516666666667] = {
		0.92655,
		0.093852,
		0.364275,
		0,
		0.325933,
		0.283178,
		-0.901985,
		0,
		-0.187808,
		0.954464,
		0.231789,
		0,
		0.065732,
		0.678175,
		-0.083309,
		1
	},
	[0.533333333333] = {
		0.925562,
		0.09221,
		0.367194,
		0,
		0.327692,
		0.290623,
		-0.898975,
		0,
		-0.189609,
		0.952384,
		0.238773,
		0,
		0.066124,
		0.680867,
		-0.086274,
		1
	},
	[0.55] = {
		0.923714,
		0.09066,
		0.3722,
		0,
		0.329971,
		0.30527,
		-0.893269,
		0,
		-0.194605,
		0.94794,
		0.252067,
		0,
		0.069395,
		0.686089,
		-0.091835,
		1
	},
	[0.566666666667] = {
		0.921235,
		0.091327,
		0.378133,
		0,
		0.330772,
		0.327682,
		-0.884994,
		0,
		-0.204732,
		0.940364,
		0.271664,
		0,
		0.077157,
		0.694909,
		-0.101536,
		1
	},
	[0.583333333333] = {
		0.916956,
		0.09979,
		0.386307,
		0,
		0.329133,
		0.358099,
		-0.873748,
		0,
		-0.225528,
		0.928336,
		0.295517,
		0,
		0.089794,
		0.704962,
		-0.113889,
		1
	},
	[0.5] = {
		0.926368,
		0.095758,
		0.364242,
		0,
		0.32611,
		0.27985,
		-0.90296,
		0,
		-0.188398,
		0.955256,
		0.228017,
		0,
		0.065219,
		0.675701,
		-0.080216,
		1
	},
	[0.616666666667] = {
		0.913848,
		0.13335,
		0.383536,
		0,
		0.301721,
		0.40912,
		-0.861153,
		0,
		-0.271747,
		0.902684,
		0.333639,
		0,
		0.116406,
		0.697929,
		-0.142048,
		1
	},
	[0.633333333333] = {
		0.920463,
		0.152093,
		0.360021,
		0,
		0.268351,
		0.423757,
		-0.865111,
		0,
		-0.284139,
		0.892915,
		0.349239,
		0,
		0.130748,
		0.682317,
		-0.159272,
		1
	},
	[0.65] = {
		0.926599,
		0.172196,
		0.334309,
		0,
		0.23459,
		0.430123,
		-0.871758,
		0,
		-0.293907,
		0.886196,
		0.358156,
		0,
		0.14658,
		0.660286,
		-0.177827,
		1
	},
	[0.666666666667] = {
		0.91824,
		0.154956,
		0.364451,
		0,
		0.253384,
		0.477374,
		-0.841374,
		0,
		-0.304355,
		0.864929,
		0.399081,
		0,
		0.165067,
		0.632211,
		-0.197149,
		1
	},
	[0.683333333333] = {
		0.881964,
		0.07727,
		0.46494,
		0,
		0.34863,
		0.556887,
		-0.75388,
		0,
		-0.317171,
		0.826986,
		0.464215,
		0,
		0.187208,
		0.591529,
		-0.216366,
		1
	},
	[0.6] = {
		0.910387,
		0.11651,
		0.397015,
		0,
		0.325469,
		0.390805,
		-0.861012,
		0,
		-0.255472,
		0.91307,
		0.317864,
		0,
		0.103517,
		0.706997,
		-0.127103,
		1
	},
	[0.716666666667] = {
		0.732408,
		-0.102031,
		0.673178,
		0,
		0.56113,
		0.650441,
		-0.511917,
		0,
		-0.385631,
		0.752672,
		0.533641,
		0,
		0.229336,
		0.502928,
		-0.250524,
		1
	},
	[0.733333333333] = {
		0.690968,
		-0.12544,
		0.711919,
		0,
		0.585059,
		0.675473,
		-0.448823,
		0,
		-0.424581,
		0.726637,
		0.54012,
		0,
		0.241434,
		0.476917,
		-0.261711,
		1
	},
	[0.75] = {
		0.682869,
		-0.119744,
		0.720661,
		0,
		0.589383,
		0.673169,
		-0.446622,
		0,
		-0.431646,
		0.72973,
		0.530261,
		0,
		0.251736,
		0.459414,
		-0.269857,
		1
	},
	[0.766666666667] = {
		0.671043,
		-0.116872,
		0.732149,
		0,
		0.592602,
		0.67799,
		-0.434915,
		0,
		-0.445561,
		0.72572,
		0.524219,
		0,
		0.261876,
		0.448127,
		-0.277768,
		1
	},
	[0.783333333333] = {
		0.658024,
		-0.115993,
		0.74401,
		0,
		0.593961,
		0.687274,
		-0.418169,
		0,
		-0.462834,
		0.717077,
		0.521138,
		0,
		0.27199,
		0.437119,
		-0.285795,
		1
	},
	[0.7] = {
		0.812793,
		-0.02249,
		0.582118,
		0,
		0.47066,
		0.614194,
		-0.633439,
		0,
		-0.343287,
		0.788834,
		0.509798,
		0,
		0.210186,
		0.542633,
		-0.234484,
		1
	},
	[0.816666666667] = {
		0.639231,
		-0.11608,
		0.760204,
		0,
		0.58946,
		0.70883,
		-0.387423,
		0,
		-0.493883,
		0.695762,
		0.52153,
		0,
		0.292566,
		0.409587,
		-0.303512,
		1
	},
	[0.833333333333] = {
		0.63903,
		-0.11432,
		0.760639,
		0,
		0.583952,
		0.715749,
		-0.383018,
		0,
		-0.50064,
		0.688937,
		0.524143,
		0,
		0.303499,
		0.389585,
		-0.314177,
		1
	},
	[0.85] = {
		0.648586,
		-0.10944,
		0.753232,
		0,
		0.576574,
		0.71668,
		-0.392342,
		0,
		-0.496888,
		0.688762,
		0.527929,
		0,
		0.315224,
		0.359542,
		-0.326734,
		1
	},
	[0.866666666667] = {
		0.670329,
		-0.10033,
		0.735251,
		0,
		0.56682,
		0.708705,
		-0.420062,
		0,
		-0.478931,
		0.698334,
		0.531934,
		0,
		0.327937,
		0.318417,
		-0.341646,
		1
	},
	[0.883333333333] = {
		0.712021,
		-0.084694,
		0.697031,
		0,
		0.54796,
		0.687746,
		-0.476178,
		0,
		-0.439051,
		0.720994,
		0.536099,
		0,
		0.343169,
		0.270869,
		-0.362049,
		1
	},
	[0.8] = {
		0.646494,
		-0.116154,
		0.754025,
		0,
		0.592898,
		0.69848,
		-0.400747,
		0,
		-0.480123,
		0.70614,
		0.52043,
		0,
		0.282142,
		0.424854,
		-0.294212,
		1
	},
	[0.916666666667] = {
		0.831913,
		-0.049787,
		0.552669,
		0,
		0.463782,
		0.609227,
		-0.643233,
		0,
		-0.304676,
		0.791431,
		0.529914,
		0,
		0.379325,
		0.175087,
		-0.417492,
		1
	},
	[0.933333333333] = {
		0.884384,
		-0.041964,
		0.46487,
		0,
		0.405747,
		0.561429,
		-0.721226,
		0,
		-0.230726,
		0.82646,
		0.513545,
		0,
		0.396434,
		0.13635,
		-0.44561,
		1
	},
	[0.95] = {
		0.921415,
		-0.043174,
		0.386173,
		0,
		0.351097,
		0.518347,
		-0.779774,
		0,
		-0.166506,
		0.85408,
		0.492771,
		0,
		0.410569,
		0.110168,
		-0.469414,
		1
	},
	[0.966666666667] = {
		0.941492,
		-0.051581,
		0.333065,
		0,
		0.31465,
		0.488662,
		-0.81376,
		0,
		-0.120781,
		0.870947,
		0.476302,
		0,
		0.420149,
		0.10145,
		-0.485602,
		1
	},
	[0.983333333333] = {
		0.951023,
		-0.063779,
		0.302468,
		0,
		0.295921,
		0.470699,
		-0.831187,
		0,
		-0.089359,
		0.879985,
		0.46652,
		0,
		0.426953,
		0.103313,
		-0.496758,
		1
	},
	[0.9] = {
		0.770588,
		-0.065555,
		0.633953,
		0,
		0.513313,
		0.653417,
		-0.556378,
		0,
		-0.377762,
		0.754155,
		0.537165,
		0,
		0.360962,
		0.221526,
		-0.388486,
		1
	},
	[1.01666666667] = {
		0.959367,
		-0.09321,
		0.26632,
		0,
		0.279312,
		0.447508,
		-0.849542,
		0,
		-0.039994,
		0.889409,
		0.455359,
		0,
		0.440584,
		0.108067,
		-0.518117,
		1
	},
	[1.03333333333] = {
		0.959583,
		-0.109665,
		0.259181,
		0,
		0.28065,
		0.441298,
		-0.852345,
		0,
		-0.020904,
		0.890635,
		0.454239,
		0,
		0.447358,
		0.110809,
		-0.528243,
		1
	},
	[1.05] = {
		0.958165,
		-0.125545,
		0.257213,
		0,
		0.28616,
		0.438089,
		-0.852168,
		0,
		-0.005697,
		0.890122,
		0.455687,
		0,
		0.454014,
		0.113704,
		-0.537738,
		1
	},
	[1.06666666667] = {
		0.955795,
		-0.139601,
		0.25878,
		0,
		0.293983,
		0.437563,
		-0.849772,
		0,
		0.005397,
		0.888285,
		0.459261,
		0,
		0.460469,
		0.116681,
		-0.546397,
		1
	},
	[1.08333333333] = {
		0.952614,
		-0.152205,
		0.263365,
		0,
		0.303907,
		0.439326,
		-0.84536,
		0,
		0.012965,
		0.88534,
		0.464764,
		0,
		0.46668,
		0.11966,
		-0.554229,
		1
	},
	[1.11666666667] = {
		0.944094,
		-0.174559,
		0.279669,
		0,
		0.329082,
		0.44809,
		-0.831216,
		0,
		0.01978,
		0.876781,
		0.480483,
		0,
		0.478168,
		0.125294,
		-0.567463,
		1
	},
	[1.13333333333] = {
		0.938828,
		-0.185037,
		0.290453,
		0,
		0.343797,
		0.454255,
		-0.821861,
		0,
		0.020135,
		0.871443,
		0.490083,
		0,
		0.483347,
		0.127789,
		-0.572899,
		1
	},
	[1.15] = {
		0.932928,
		-0.195508,
		0.302359,
		0,
		0.359549,
		0.46105,
		-0.811269,
		0,
		0.019207,
		0.865569,
		0.500421,
		0,
		0.488095,
		0.129968,
		-0.577573,
		1
	},
	[1.16666666667] = {
		0.926435,
		-0.20629,
		0.314901,
		0,
		0.376044,
		0.468058,
		-0.799696,
		0,
		0.017577,
		0.859283,
		0.511199,
		0,
		0.49191,
		0.131766,
		-0.580721,
		1
	},
	[1.18333333333] = {
		0.919407,
		-0.217681,
		0.327576,
		0,
		0.392988,
		0.474869,
		-0.787439,
		0,
		0.015855,
		0.85271,
		0.522144,
		0,
		0.492721,
		0.132708,
		-0.578895,
		1
	},
	[1.1] = {
		0.948699,
		-0.163735,
		0.270484,
		0,
		0.315693,
		0.442974,
		-0.839114,
		0,
		0.017575,
		0.881456,
		0.471938,
		0,
		0.472597,
		0.122558,
		-0.561246,
		1
	},
	[1.21666666667] = {
		0.904087,
		-0.243377,
		0.351275,
		0,
		0.427096,
		0.486322,
		-0.762286,
		0,
		0.01469,
		0.839201,
		0.543622,
		0,
		0.49438,
		0.134285,
		-0.575587,
		1
	},
	[1.23333333333] = {
		0.896008,
		-0.258177,
		0.361268,
		0,
		0.443728,
		0.490199,
		-0.750206,
		0,
		0.016593,
		0.832496,
		0.553783,
		0,
		0.495299,
		0.134829,
		-0.574276,
		1
	},
	[1.25] = {
		0.887799,
		-0.274584,
		0.369346,
		0,
		0.459748,
		0.492354,
		-0.739067,
		0,
		0.021087,
		0.825949,
		0.563351,
		0,
		0.496339,
		0.135157,
		-0.573302,
		1
	},
	[1.26666666667] = {
		0.880322,
		-0.291397,
		0.374326,
		0,
		0.473532,
		0.49274,
		-0.730051,
		0,
		0.028289,
		0.819936,
		0.571756,
		0,
		0.497458,
		0.135239,
		-0.572557,
		1
	},
	[1.2] = {
		0.911924,
		-0.229958,
		0.339873,
		0,
		0.410096,
		0.481086,
		-0.77484,
		0,
		0.014672,
		0.845976,
		0.533019,
		0,
		0.493534,
		0.133564,
		-0.577155,
		1
	}
}

return spline_matrices
