local spline_matrices = {
	[0] = {
		0.845718,
		-0.420054,
		-0.329115,
		0,
		-0.532136,
		-0.617723,
		-0.579007,
		0,
		0.039912,
		0.66481,
		-0.745945,
		0,
		-0.012534,
		-0.043145,
		-0.62147,
		1
	},
	[0.0166666666667] = {
		0.903647,
		-0.22677,
		-0.363314,
		0,
		-0.341921,
		-0.892831,
		-0.293158,
		0,
		-0.257899,
		0.389137,
		-0.884342,
		0,
		0.033109,
		-0.08844,
		-0.574825,
		1
	},
	[0.0333333333333] = {
		0.872484,
		-0.003102,
		-0.488632,
		0,
		0.074519,
		-0.987439,
		0.139327,
		0,
		-0.482926,
		-0.157973,
		-0.861294,
		0,
		0.179607,
		-0.135572,
		-0.453717,
		1
	},
	[0.05] = {
		0.714397,
		0.14305,
		-0.684963,
		0,
		0.603756,
		-0.620833,
		0.500044,
		0,
		-0.353716,
		-0.770781,
		-0.529889,
		0,
		0.385493,
		-0.141729,
		-0.296739,
		1
	},
	[0.0666666666667] = {
		0.535279,
		0.142036,
		-0.832648,
		0,
		0.841029,
		0.001868,
		0.540986,
		0,
		0.078395,
		-0.98986,
		-0.118456,
		0,
		0.561461,
		-0.090549,
		-0.17097,
		1
	},
	[0.0833333333333] = {
		0.446477,
		0.115983,
		-0.887247,
		0,
		0.788738,
		0.417238,
		0.451448,
		0,
		0.422553,
		-0.901366,
		0.094807,
		0,
		0.631679,
		-0.025895,
		-0.109271,
		1
	},
	[0.116666666667] = {
		0.375951,
		0.126014,
		-0.918031,
		0,
		0.570644,
		0.749082,
		0.336513,
		0,
		0.730086,
		-0.650381,
		0.209709,
		0,
		0.615135,
		0.092495,
		-0.070084,
		1
	},
	[0.133333333333] = {
		0.338493,
		0.123795,
		-0.93279,
		0,
		0.496802,
		0.81837,
		0.28889,
		0,
		0.799131,
		-0.561199,
		0.215511,
		0,
		0.595027,
		0.150208,
		-0.058196,
		1
	},
	[0.15] = {
		0.300794,
		0.119215,
		-0.946209,
		0,
		0.443928,
		0.860611,
		0.249553,
		0,
		0.844068,
		-0.495112,
		0.205944,
		0,
		0.569869,
		0.208726,
		-0.049687,
		1
	},
	[0.166666666667] = {
		0.266297,
		0.123243,
		-0.955979,
		0,
		0.390894,
		0.892768,
		0.223982,
		0,
		0.881072,
		-0.433332,
		0.189567,
		0,
		0.539204,
		0.269597,
		-0.043855,
		1
	},
	[0.183333333333] = {
		0.231664,
		0.136798,
		-0.963129,
		0,
		0.329542,
		0.920488,
		0.210007,
		0,
		0.915278,
		-0.366043,
		0.168164,
		0,
		0.503531,
		0.332494,
		-0.040276,
		1
	},
	[0.1] = {
		0.410038,
		0.120866,
		-0.904024,
		0,
		0.675157,
		0.626181,
		0.38995,
		0,
		0.613214,
		-0.770253,
		0.175154,
		0,
		0.628883,
		0.03385,
		-0.086476,
		1
	},
	[0.216666666667] = {
		0.146412,
		0.193901,
		-0.970034,
		0,
		0.140002,
		0.966669,
		0.21436,
		0,
		0.979267,
		-0.167191,
		0.114386,
		0,
		0.417852,
		0.46228,
		-0.037975,
		1
	},
	[0.233333333333] = {
		0.084714,
		0.234526,
		-0.968412,
		0,
		-0.013693,
		0.972088,
		0.234218,
		0,
		0.996311,
		-0.006581,
		0.085561,
		0,
		0.367322,
		0.527473,
		-0.038098,
		1
	},
	[0.25] = {
		0.000991,
		0.274397,
		-0.961616,
		0,
		-0.220432,
		0.938023,
		0.267437,
		0,
		0.975402,
		0.211706,
		0.061416,
		0,
		0.310748,
		0.590682,
		-0.038124,
		1
	},
	[0.266666666667] = {
		-0.107901,
		0.297183,
		-0.948704,
		0,
		-0.470532,
		0.825359,
		0.312061,
		0,
		0.875761,
		0.480067,
		0.050777,
		0,
		0.247534,
		0.647615,
		-0.037457,
		1
	},
	[0.283333333333] = {
		-0.3013,
		0.288455,
		-0.908852,
		0,
		-0.802037,
		0.438834,
		0.405168,
		0,
		0.515708,
		0.85101,
		0.09913,
		0,
		-0.021223,
		0.679188,
		-0.05868,
		1
	},
	[0.2] = {
		0.193274,
		0.160445,
		-0.967937,
		0,
		0.249943,
		0.945939,
		0.206707,
		0,
		0.948775,
		-0.28188,
		0.142723,
		0,
		0.463101,
		0.396941,
		-0.038492,
		1
	},
	[0.316666666667] = {
		-0.163562,
		0.093053,
		-0.982135,
		0,
		-0.803291,
		-0.590479,
		0.077832,
		0,
		-0.572688,
		0.80167,
		0.171329,
		0,
		-0.442373,
		0.463789,
		-0.088221,
		1
	},
	[0.333333333333] = {
		-0.059255,
		0.197086,
		-0.978594,
		0,
		-0.885097,
		-0.463702,
		-0.039795,
		0,
		-0.461618,
		0.863793,
		0.201917,
		0,
		-0.483705,
		0.345819,
		-0.115215,
		1
	},
	[0.35] = {
		0.011175,
		0.239579,
		-0.970813,
		0,
		-0.751971,
		-0.637931,
		-0.166085,
		0,
		-0.659102,
		0.731879,
		0.173027,
		0,
		-0.513731,
		0.197634,
		-0.116896,
		1
	},
	[0.366666666667] = {
		0.063679,
		0.290226,
		-0.954837,
		0,
		-0.36235,
		-0.88476,
		-0.293092,
		0,
		-0.929864,
		0.364649,
		0.048822,
		0,
		-0.532969,
		0.032703,
		-0.113268,
		1
	},
	[0.383333333333] = {
		0.074917,
		0.339004,
		-0.937797,
		0,
		0.223073,
		-0.922305,
		-0.315583,
		0,
		-0.971919,
		-0.185555,
		-0.144719,
		0,
		-0.527442,
		-0.125304,
		-0.102581,
		1
	},
	[0.3] = {
		-0.233939,
		0.139511,
		-0.96219,
		0,
		-0.971498,
		-0.072491,
		0.225692,
		0,
		-0.038264,
		0.987564,
		0.152493,
		0,
		-0.308122,
		0.594882,
		-0.066343,
		1
	},
	[0.416666666667] = {
		0.049354,
		0.326541,
		-0.943893,
		0,
		0.842348,
		-0.521405,
		-0.136337,
		0,
		-0.53667,
		-0.788358,
		-0.300795,
		0,
		-0.50376,
		-0.372415,
		-0.0718,
		1
	},
	[0.433333333333] = {
		0.031494,
		0.239221,
		-0.970454,
		0,
		0.901177,
		-0.426745,
		-0.075948,
		0,
		-0.432305,
		-0.87216,
		-0.22902,
		0,
		-0.469188,
		-0.484992,
		-0.066137,
		1
	},
	[0.45] = {
		0.010532,
		0.094058,
		-0.995511,
		0,
		0.918208,
		-0.395134,
		-0.027619,
		0,
		-0.395958,
		-0.913795,
		-0.090527,
		0,
		-0.424388,
		-0.612597,
		-0.059016,
		1
	},
	[0.466666666667] = {
		0.011228,
		-0.057495,
		-0.998283,
		0,
		0.889797,
		-0.454918,
		0.036208,
		0,
		-0.456218,
		-0.888676,
		0.046051,
		0,
		-0.366498,
		-0.7163,
		-0.059909,
		1
	},
	[0.483333333333] = {
		0.052043,
		-0.165641,
		-0.984812,
		0,
		0.766215,
		-0.625835,
		0.145754,
		0,
		-0.640473,
		-0.762163,
		0.094347,
		0,
		-0.313082,
		-0.772404,
		-0.076154,
		1
	},
	[0.4] = {
		0.058844,
		0.352524,
		-0.933951,
		0,
		0.66195,
		-0.714085,
		-0.227828,
		0,
		-0.747235,
		-0.604822,
		-0.275373,
		0,
		-0.513484,
		-0.257515,
		-0.084855,
		1
	},
	[0.516666666667] = {
		0.267371,
		-0.292273,
		-0.918199,
		0,
		-0.081306,
		-0.956335,
		0.280737,
		0,
		-0.960157,
		-0.000406,
		-0.279459,
		0,
		-0.173622,
		-0.598056,
		-0.326687,
		1
	},
	[0.533333333333] = {
		0.334782,
		-0.348496,
		-0.875483,
		0,
		-0.315906,
		-0.916838,
		0.244156,
		0,
		-0.887764,
		0.194831,
		-0.417033,
		0,
		-0.153829,
		-0.517739,
		-0.371034,
		1
	},
	[0.55] = {
		0.394782,
		-0.399759,
		-0.827248,
		0,
		-0.476679,
		-0.858839,
		0.187542,
		0,
		-0.785445,
		0.320294,
		-0.529611,
		0,
		-0.130401,
		-0.436223,
		-0.412998,
		1
	},
	[0.566666666667] = {
		0.451464,
		-0.445517,
		-0.773107,
		0,
		-0.583046,
		-0.803171,
		0.122366,
		0,
		-0.675454,
		0.395513,
		-0.62236,
		0,
		-0.106031,
		-0.356764,
		-0.45163,
		1
	},
	[0.583333333333] = {
		0.505898,
		-0.486106,
		-0.712579,
		0,
		-0.651002,
		-0.75713,
		0.054318,
		0,
		-0.565919,
		0.436411,
		-0.699486,
		0,
		-0.08257,
		-0.282125,
		-0.48637,
		1
	},
	[0.5] = {
		0.185391,
		-0.235073,
		-0.954134,
		0,
		0.238694,
		-0.931113,
		0.27578,
		0,
		-0.953234,
		-0.278873,
		-0.116509,
		0,
		-0.185964,
		-0.670799,
		-0.281507,
		1
	},
	[0.616666666667] = {
		0.601334,
		-0.553451,
		-0.576272,
		0,
		-0.714973,
		-0.694687,
		-0.078891,
		0,
		-0.356666,
		0.459459,
		-0.813441,
		0,
		-0.042945,
		-0.157524,
		-0.542195,
		1
	},
	[0.633333333333] = {
		0.635645,
		-0.581505,
		-0.507747,
		0,
		-0.72692,
		-0.672283,
		-0.140084,
		0,
		-0.25989,
		0.458135,
		-0.850041,
		0,
		-0.028437,
		-0.112519,
		-0.562175,
		1
	},
	[0.65] = {
		0.655978,
		-0.607446,
		-0.447999,
		0,
		-0.734876,
		-0.649418,
		-0.195483,
		0,
		-0.172193,
		0.457456,
		-0.872401,
		0,
		-0.018474,
		-0.082273,
		-0.576063,
		1
	},
	[0.666666666667] = {
		0.659309,
		-0.632817,
		-0.406021,
		0,
		-0.745492,
		-0.620402,
		-0.243604,
		0,
		-0.097739,
		0.463296,
		-0.880797,
		0,
		-0.013815,
		-0.06919,
		-0.58326,
		1
	},
	[0.683333333333] = {
		0.655374,
		-0.648425,
		-0.387336,
		0,
		-0.753226,
		-0.599103,
		-0.271526,
		0,
		-0.05599,
		0.469703,
		-0.881047,
		0,
		-0.012696,
		-0.066756,
		-0.585563,
		1
	},
	[0.6] = {
		0.556822,
		-0.521927,
		-0.646174,
		0,
		-0.692101,
		-0.721675,
		-0.013487,
		0,
		-0.459288,
		0.454727,
		-0.763071,
		0,
		-0.061244,
		-0.214878,
		-0.516733,
		1
	},
	[0.716666666667] = {
		0.658372,
		-0.641762,
		-0.393304,
		0,
		-0.749528,
		-0.606847,
		-0.26447,
		0,
		-0.068948,
		0.468912,
		-0.88055,
		0,
		-0.013336,
		-0.066779,
		-0.585055,
		1
	},
	[0.733333333333] = {
		0.66129,
		-0.632459,
		-0.40335,
		0,
		-0.74457,
		-0.618772,
		-0.250474,
		0,
		-0.091167,
		0.465958,
		-0.880098,
		0,
		-0.014072,
		-0.067697,
		-0.583935,
		1
	},
	[0.75] = {
		0.662576,
		-0.627867,
		-0.408381,
		0,
		-0.741984,
		-0.624653,
		-0.243453,
		0,
		-0.10224,
		0.464318,
		-0.879747,
		0,
		-0.014417,
		-0.068183,
		-0.583364,
		1
	},
	[0.7] = {
		0.655621,
		-0.649206,
		-0.385606,
		0,
		-0.753305,
		-0.597445,
		-0.274938,
		0,
		-0.051887,
		0.470734,
		-0.880748,
		0,
		-0.012695,
		-0.066216,
		-0.585868,
		1
	}
}

return spline_matrices
