local spline_matrices = {
	[0] = {
		0.845718,
		-0.420054,
		-0.329115,
		0,
		-0.532136,
		-0.617723,
		-0.579007,
		0,
		0.039912,
		0.66481,
		-0.745945,
		0,
		-0.012534,
		-0.043145,
		-0.62147,
		1
	},
	[0.0333333333333] = {
		0.872484,
		-0.003102,
		-0.488632,
		0,
		0.074519,
		-0.987439,
		0.139327,
		0,
		-0.482926,
		-0.157973,
		-0.861294,
		0,
		0.179607,
		-0.135572,
		-0.453717,
		1
	},
	[0.0666666666667] = {
		0.535279,
		0.142036,
		-0.832648,
		0,
		0.841029,
		0.001868,
		0.540986,
		0,
		0.078395,
		-0.98986,
		-0.118456,
		0,
		0.561461,
		-0.090549,
		-0.17097,
		1
	},
	[0.133333333333] = {
		0.338493,
		0.123795,
		-0.93279,
		0,
		0.496802,
		0.81837,
		0.28889,
		0,
		0.799131,
		-0.561199,
		0.215511,
		0,
		0.595027,
		0.150208,
		-0.058196,
		1
	},
	[0.166666666667] = {
		0.266297,
		0.123243,
		-0.955979,
		0,
		0.390894,
		0.892768,
		0.223982,
		0,
		0.881072,
		-0.433332,
		0.189567,
		0,
		0.539204,
		0.269597,
		-0.043855,
		1
	},
	[0.1] = {
		0.410038,
		0.120866,
		-0.904024,
		0,
		0.675157,
		0.626181,
		0.38995,
		0,
		0.613214,
		-0.770253,
		0.175154,
		0,
		0.628883,
		0.03385,
		-0.086476,
		1
	},
	[0.233333333333] = {
		0.084714,
		0.234526,
		-0.968412,
		0,
		-0.013693,
		0.972088,
		0.234218,
		0,
		0.996311,
		-0.006581,
		0.085561,
		0,
		0.367322,
		0.527473,
		-0.038098,
		1
	},
	[0.266666666667] = {
		-0.107901,
		0.297183,
		-0.948704,
		0,
		-0.470532,
		0.825359,
		0.312061,
		0,
		0.875761,
		0.480067,
		0.050777,
		0,
		0.247534,
		0.647615,
		-0.037457,
		1
	},
	[0.2] = {
		0.193274,
		0.160445,
		-0.967937,
		0,
		0.249943,
		0.945939,
		0.206707,
		0,
		0.948775,
		-0.28188,
		0.142723,
		0,
		0.463101,
		0.396941,
		-0.038492,
		1
	},
	[0.333333333333] = {
		-0.059255,
		0.197086,
		-0.978594,
		0,
		-0.885097,
		-0.463702,
		-0.039795,
		0,
		-0.461618,
		0.863793,
		0.201917,
		0,
		-0.483705,
		0.345819,
		-0.115215,
		1
	},
	[0.366666666667] = {
		0.063679,
		0.290226,
		-0.954837,
		0,
		-0.36235,
		-0.88476,
		-0.293092,
		0,
		-0.929864,
		0.364649,
		0.048822,
		0,
		-0.532969,
		0.032703,
		-0.113268,
		1
	},
	[0.3] = {
		-0.233939,
		0.139511,
		-0.96219,
		0,
		-0.971498,
		-0.072491,
		0.225692,
		0,
		-0.038264,
		0.987564,
		0.152493,
		0,
		-0.308122,
		0.594882,
		-0.066343,
		1
	},
	[0.433333333333] = {
		0.031494,
		0.239221,
		-0.970454,
		0,
		0.901177,
		-0.426745,
		-0.075948,
		0,
		-0.432305,
		-0.87216,
		-0.22902,
		0,
		-0.469188,
		-0.484992,
		-0.066137,
		1
	},
	[0.466666666667] = {
		0.011228,
		-0.057495,
		-0.998283,
		0,
		0.889797,
		-0.454918,
		0.036208,
		0,
		-0.456218,
		-0.888676,
		0.046051,
		0,
		-0.366498,
		-0.7163,
		-0.059909,
		1
	},
	[0.4] = {
		0.058844,
		0.352524,
		-0.933951,
		0,
		0.66195,
		-0.714085,
		-0.227828,
		0,
		-0.747235,
		-0.604822,
		-0.275373,
		0,
		-0.513484,
		-0.257515,
		-0.084855,
		1
	},
	[0.533333333333] = {
		0.334782,
		-0.348496,
		-0.875483,
		0,
		-0.315906,
		-0.916838,
		0.244156,
		0,
		-0.887764,
		0.194831,
		-0.417033,
		0,
		-0.153829,
		-0.517739,
		-0.371034,
		1
	},
	[0.566666666667] = {
		0.451464,
		-0.445517,
		-0.773107,
		0,
		-0.583046,
		-0.803171,
		0.122366,
		0,
		-0.675454,
		0.395513,
		-0.62236,
		0,
		-0.106031,
		-0.356764,
		-0.45163,
		1
	},
	[0.5] = {
		0.185391,
		-0.235073,
		-0.954134,
		0,
		0.238694,
		-0.931113,
		0.27578,
		0,
		-0.953234,
		-0.278873,
		-0.116509,
		0,
		-0.185964,
		-0.670799,
		-0.281507,
		1
	},
	[0.633333333333] = {
		0.635645,
		-0.581505,
		-0.507747,
		0,
		-0.72692,
		-0.672283,
		-0.140084,
		0,
		-0.25989,
		0.458135,
		-0.850041,
		0,
		-0.028437,
		-0.112519,
		-0.562175,
		1
	},
	[0.666666666667] = {
		0.659309,
		-0.632817,
		-0.406021,
		0,
		-0.745492,
		-0.620402,
		-0.243604,
		0,
		-0.097739,
		0.463296,
		-0.880797,
		0,
		-0.013815,
		-0.06919,
		-0.58326,
		1
	},
	[0.6] = {
		0.556822,
		-0.521927,
		-0.646174,
		0,
		-0.692101,
		-0.721675,
		-0.013487,
		0,
		-0.459288,
		0.454727,
		-0.763071,
		0,
		-0.061244,
		-0.214878,
		-0.516733,
		1
	},
	[0.733333333333] = {
		0.66129,
		-0.632459,
		-0.40335,
		0,
		-0.74457,
		-0.618772,
		-0.250474,
		0,
		-0.091167,
		0.465958,
		-0.880098,
		0,
		-0.014072,
		-0.067697,
		-0.583935,
		1
	},
	[0.7] = {
		0.655621,
		-0.649206,
		-0.385606,
		0,
		-0.753305,
		-0.597445,
		-0.274938,
		0,
		-0.051887,
		0.470734,
		-0.880748,
		0,
		-0.012695,
		-0.066216,
		-0.585868,
		1
	}
}

return spline_matrices
