local spline_matrices = {
	[0] = {
		0.99945,
		0.032756,
		0.005162,
		0,
		-0.032844,
		0.999298,
		0.018044,
		0,
		-0.004568,
		-0.018204,
		0.999824,
		0,
		0.141855,
		0.409713,
		-0.123464,
		1
	},
	{
		0.995948,
		0.081075,
		-0.038923,
		0,
		-0.074909,
		0.987335,
		0.139849,
		0,
		0.049768,
		-0.136367,
		0.989408,
		0,
		0.136075,
		0.428217,
		-0.120772,
		1
	},
	[0.0166666666667] = {
		0.99811,
		0.053849,
		-0.029594,
		0,
		-0.055449,
		0.996876,
		-0.056239,
		0,
		0.026473,
		0.057773,
		0.997979,
		0,
		0.168284,
		0.416211,
		-0.096809,
		1
	},
	[0.0333333333333] = {
		0.99521,
		0.072917,
		-0.065124,
		0,
		-0.080764,
		0.988563,
		-0.12736,
		0,
		0.055093,
		0.132009,
		0.989716,
		0,
		0.19411,
		0.422281,
		-0.069585,
		1
	},
	[0.05] = {
		0.991549,
		0.077462,
		-0.10407,
		0,
		-0.088419,
		0.990517,
		-0.10516,
		0,
		0.094937,
		0.113473,
		0.988995,
		0,
		0.217124,
		0.430885,
		-0.032925,
		1
	},
	[0.0666666666667] = {
		0.985492,
		0.066285,
		-0.156242,
		0,
		-0.058935,
		0.996947,
		0.05122,
		0,
		0.15916,
		-0.041269,
		0.98639,
		0,
		0.243744,
		0.439959,
		0.020019,
		1
	},
	[0.0833333333333] = {
		0.971834,
		0.055085,
		-0.229139,
		0,
		0.018037,
		0.952062,
		0.305372,
		0,
		0.234976,
		-0.300904,
		0.924253,
		0,
		0.280145,
		0.440374,
		0.085999,
		1
	},
	[0.116666666667] = {
		0.913833,
		0.108612,
		-0.391296,
		0,
		0.291804,
		0.494492,
		0.818736,
		0,
		0.282417,
		-0.86237,
		0.420189,
		0,
		0.36432,
		0.391206,
		0.207436,
		1
	},
	[0.133333333333] = {
		0.885185,
		0.171896,
		-0.432319,
		0,
		0.409291,
		0.154079,
		0.8993,
		0,
		0.221198,
		-0.972991,
		0.066032,
		0,
		0.394797,
		0.355374,
		0.237126,
		1
	},
	[0.15] = {
		0.869807,
		0.230702,
		-0.436133,
		0,
		0.471797,
		-0.130253,
		0.872033,
		0,
		0.144372,
		-0.964267,
		-0.222139,
		0,
		0.408528,
		0.329934,
		0.248966,
		1
	},
	[0.166666666667] = {
		0.868825,
		0.269972,
		-0.41504,
		0,
		0.48711,
		-0.315907,
		0.814203,
		0,
		0.088698,
		-0.90957,
		-0.405974,
		0,
		0.404283,
		0.319059,
		0.25296,
		1
	},
	[0.183333333333] = {
		0.899296,
		0.270857,
		-0.343371,
		0,
		0.436911,
		-0.521625,
		0.732814,
		0,
		0.019377,
		-0.809039,
		-0.587436,
		0,
		0.374508,
		0.303273,
		0.243222,
		1
	},
	[0.1] = {
		0.946677,
		0.065093,
		-0.315541,
		0,
		0.144836,
		0.788857,
		0.597266,
		0,
		0.287795,
		-0.61112,
		0.737365,
		0,
		0.322932,
		0.423955,
		0.15394,
		1
	},
	[0.216666666667] = {
		0.964911,
		0.194616,
		-0.17627,
		0,
		0.261843,
		-0.763334,
		0.590559,
		0,
		-0.019621,
		-0.615992,
		-0.787508,
		0,
		0.265651,
		0.298566,
		0.210168,
		1
	},
	[0.233333333333] = {
		0.948222,
		0.260533,
		-0.18165,
		0,
		0.298636,
		-0.536663,
		0.789183,
		0,
		0.108123,
		-0.802568,
		-0.58668,
		0,
		0.218871,
		0.351645,
		0.238425,
		1
	},
	[0.25] = {
		0.785501,
		0.309,
		-0.536198,
		0,
		0.178502,
		0.716477,
		0.674387,
		0,
		0.592559,
		-0.625444,
		0.507636,
		0,
		0.087178,
		0.716807,
		0.105635,
		1
	},
	[0.266666666667] = {
		0.780583,
		0.216901,
		-0.586211,
		0,
		-0.07337,
		0.963173,
		0.25868,
		0,
		0.620731,
		-0.158911,
		0.76775,
		0,
		-0.000513,
		0.796428,
		-0.024491,
		1
	},
	[0.283333333333] = {
		0.814551,
		0.201708,
		-0.543894,
		0,
		-0.241677,
		0.970355,
		-0.002077,
		0,
		0.527351,
		0.133139,
		0.839151,
		0,
		-0.061222,
		0.803992,
		-0.103443,
		1
	},
	[0.2] = {
		0.942767,
		0.226044,
		-0.245141,
		0,
		0.331568,
		-0.713513,
		0.617221,
		0,
		-0.035393,
		-0.663177,
		-0.747625,
		0,
		0.322469,
		0.289369,
		0.220646,
		1
	},
	[0.316666666667] = {
		0.85955,
		0.343693,
		-0.378219,
		0,
		-0.46394,
		0.835145,
		-0.295454,
		0,
		0.214322,
		0.429428,
		0.877301,
		0,
		-0.15972,
		0.769334,
		-0.179773,
		1
	},
	[0.333333333333] = {
		0.847771,
		0.419506,
		-0.324497,
		0,
		-0.525831,
		0.744643,
		-0.411106,
		0,
		0.069173,
		0.519155,
		0.851876,
		0,
		-0.191224,
		0.74964,
		-0.208788,
		1
	},
	[0.35] = {
		0.830616,
		0.463106,
		-0.309207,
		0,
		-0.556173,
		0.662685,
		-0.501518,
		0,
		-0.02735,
		0.588542,
		0.808004,
		0,
		-0.20697,
		0.735747,
		-0.236567,
		1
	},
	[0.366666666667] = {
		0.812125,
		0.500163,
		-0.300483,
		0,
		-0.574921,
		0.598032,
		-0.558412,
		0,
		-0.099598,
		0.626254,
		0.773231,
		0,
		-0.215227,
		0.723003,
		-0.258199,
		1
	},
	[0.383333333333] = {
		0.791375,
		0.535153,
		-0.295527,
		0,
		-0.591587,
		0.548524,
		-0.590886,
		0,
		-0.154111,
		0.642442,
		0.750678,
		0,
		-0.221049,
		0.711157,
		-0.27462,
		1
	},
	[0.3] = {
		0.8479,
		0.254015,
		-0.46534,
		0,
		-0.366339,
		0.915202,
		-0.16793,
		0,
		0.383224,
		0.312861,
		0.869056,
		0,
		-0.113507,
		0.79089,
		-0.14906,
		1
	},
	[0.416666666667] = {
		0.744799,
		0.601192,
		-0.289556,
		0,
		-0.62825,
		0.485522,
		-0.607923,
		0,
		-0.224893,
		0.634694,
		0.739315,
		0,
		-0.228121,
		0.688458,
		-0.295905,
		1
	},
	[0.433333333333] = {
		0.719283,
		0.633136,
		-0.285957,
		0,
		-0.649165,
		0.465947,
		-0.60123,
		0,
		-0.247419,
		0.618088,
		0.746158,
		0,
		-0.229765,
		0.675886,
		-0.302097,
		1
	},
	[0.45] = {
		0.692448,
		0.664543,
		-0.280888,
		0,
		-0.671016,
		0.450181,
		-0.58913,
		0,
		-0.265052,
		0.596422,
		0.757647,
		0,
		-0.231022,
		0.662827,
		-0.306169,
		1
	},
	[0.466666666667] = {
		0.664513,
		0.695196,
		-0.27409,
		0,
		-0.692623,
		0.435295,
		-0.575145,
		0,
		-0.280529,
		0.572032,
		0.770767,
		0,
		-0.232304,
		0.649294,
		-0.308737,
		1
	},
	[0.483333333333] = {
		0.635805,
		0.724639,
		-0.265799,
		0,
		-0.712513,
		0.41862,
		-0.563101,
		0,
		-0.296776,
		0.547408,
		0.782476,
		0,
		-0.233944,
		0.635299,
		-0.310435,
		1
	},
	[0.4] = {
		0.768866,
		0.568646,
		-0.292382,
		0,
		-0.609027,
		0.512002,
		-0.605756,
		0,
		-0.194761,
		0.643813,
		0.739982,
		0,
		-0.225433,
		0.700251,
		-0.286958,
		1
	},
	[0.516666666667] = {
		0.580811,
		0.775283,
		-0.248182,
		0,
		-0.738509,
		0.373584,
		-0.561284,
		0,
		-0.342437,
		0.509285,
		0.789535,
		0,
		-0.237092,
		0.607008,
		-0.313792,
		1
	},
	[0.533333333333] = {
		0.554798,
		0.796448,
		-0.240561,
		0,
		-0.744072,
		0.345618,
		-0.571756,
		0,
		-0.372232,
		0.496203,
		0.784363,
		0,
		-0.235033,
		0.592539,
		-0.315499,
		1
	},
	[0.55] = {
		0.528026,
		0.816634,
		-0.233018,
		0,
		-0.748515,
		0.317933,
		-0.581931,
		0,
		-0.401141,
		0.481692,
		0.77914,
		0,
		-0.227346,
		0.577267,
		-0.31615,
		1
	},
	[0.566666666667] = {
		0.502018,
		0.835116,
		-0.224855,
		0,
		-0.751359,
		0.292386,
		-0.591582,
		0,
		-0.428295,
		0.465932,
		0.774255,
		0,
		-0.215103,
		0.561713,
		-0.315886,
		1
	},
	[0.583333333333] = {
		0.478414,
		0.851328,
		-0.215316,
		0,
		-0.752338,
		0.27091,
		-0.600496,
		0,
		-0.452888,
		0.449276,
		0.770093,
		0,
		-0.19942,
		0.546384,
		-0.314861,
		1
	},
	[0.5] = {
		0.607366,
		0.751784,
		-0.256765,
		0,
		-0.72864,
		0.398393,
		-0.557106,
		0,
		-0.31653,
		0.525456,
		0.78975,
		0,
		-0.23572,
		0.621074,
		-0.311909,
		1
	},
	[0.616666666667] = {
		0.443895,
		0.875948,
		-0.18887,
		0,
		-0.748767,
		0.246802,
		-0.615172,
		0,
		-0.492246,
		0.414492,
		0.765435,
		0,
		-0.163247,
		0.518045,
		-0.311135,
		1
	},
	[0.633333333333] = {
		0.435898,
		0.883709,
		-0.170446,
		0,
		-0.744272,
		0.247473,
		-0.620336,
		0,
		-0.506015,
		0.397261,
		0.765593,
		0,
		-0.145423,
		0.505844,
		-0.308818,
		1
	},
	[0.65] = {
		0.436079,
		0.887728,
		-0.147562,
		0,
		-0.737817,
		0.258812,
		-0.623411,
		0,
		-0.515229,
		0.38073,
		0.767844,
		0,
		-0.129475,
		0.495516,
		-0.306416,
		1
	},
	[0.666666666667] = {
		0.464893,
		0.878615,
		-0.109138,
		0,
		-0.724004,
		0.306313,
		-0.618054,
		0,
		-0.509601,
		0.366345,
		0.778523,
		0,
		-0.110925,
		0.490689,
		-0.296355,
		1
	},
	[0.683333333333] = {
		0.515055,
		0.85511,
		-0.059201,
		0,
		-0.701171,
		0.380593,
		-0.602916,
		0,
		-0.493028,
		0.352045,
		0.795605,
		0,
		-0.090042,
		0.49,
		-0.279579,
		1
	},
	[0.6] = {
		0.458611,
		0.864999,
		-0.203599,
		0,
		-0.751443,
		0.255191,
		-0.60845,
		0,
		-0.474352,
		0.432035,
		0.767031,
		0,
		-0.181654,
		0.531696,
		-0.313226,
		1
	},
	[0.716666666667] = {
		0.63357,
		0.771712,
		0.055223,
		0,
		-0.625758,
		0.5531,
		-0.550007,
		0,
		-0.454991,
		0.313911,
		0.833333,
		0,
		-0.039346,
		0.492268,
		-0.237502,
		1
	},
	[0.733333333333] = {
		0.693662,
		0.711547,
		0.111952,
		0,
		-0.574141,
		0.640044,
		-0.510593,
		0,
		-0.434965,
		0.289903,
		0.852503,
		0,
		-0.011665,
		0.494087,
		-0.214035,
		1
	},
	[0.75] = {
		0.749348,
		0.641759,
		0.163169,
		0,
		-0.515998,
		0.720352,
		-0.463507,
		0,
		-0.414999,
		0.263133,
		0.87094,
		0,
		0.015866,
		0.495556,
		-0.190432,
		1
	},
	[0.766666666667] = {
		0.798007,
		0.566464,
		0.205678,
		0,
		-0.454892,
		0.790049,
		-0.41097,
		0,
		-0.395296,
		0.234396,
		0.888144,
		0,
		0.041727,
		0.496176,
		-0.168003,
		1
	},
	[0.783333333333] = {
		0.838395,
		0.49073,
		0.237228,
		0,
		-0.394956,
		0.846894,
		-0.356062,
		0,
		-0.375638,
		0.204826,
		0.903849,
		0,
		0.064345,
		0.495607,
		-0.148217,
		1
	},
	[0.7] = {
		0.572663,
		0.819785,
		-0.003164,
		0,
		-0.668458,
		0.464712,
		-0.580695,
		0,
		-0.474574,
		0.334657,
		0.814115,
		0,
		-0.065851,
		0.490703,
		-0.259678,
		1
	},
	[0.816666666667] = {
		0.894955,
		0.35997,
		0.263586,
		0,
		-0.296103,
		0.921145,
		-0.252615,
		0,
		-0.333735,
		0.148031,
		0.930972,
		0,
		0.09307,
		0.490543,
		-0.122828,
		1
	},
	[0.833333333333] = {
		0.914978,
		0.309996,
		0.2583,
		0,
		-0.261521,
		0.943081,
		-0.20544,
		0,
		-0.307283,
		0.120422,
		0.943968,
		0,
		0.099621,
		0.486398,
		-0.117413,
		1
	},
	[0.85] = {
		0.932902,
		0.266478,
		0.242246,
		0,
		-0.233158,
		0.959574,
		-0.157658,
		0,
		-0.274466,
		0.090598,
		0.957319,
		0,
		0.105115,
		0.481565,
		-0.113836,
		1
	},
	[0.866666666667] = {
		0.948764,
		0.229251,
		0.217464,
		0,
		-0.209479,
		0.971571,
		-0.110307,
		0,
		-0.236569,
		0.059101,
		0.969815,
		0,
		0.109785,
		0.476176,
		-0.111853,
		1
	},
	[0.883333333333] = {
		0.962391,
		0.197998,
		0.186013,
		0,
		-0.189154,
		0.979838,
		-0.064327,
		0,
		-0.194999,
		0.026723,
		0.980439,
		0,
		0.113847,
		0.470353,
		-0.111205,
		1
	},
	[0.8] = {
		0.870431,
		0.420108,
		0.25663,
		0,
		-0.340609,
		0.890316,
		-0.302196,
		0,
		-0.355437,
		0.175631,
		0.918051,
		0,
		0.082027,
		0.493712,
		-0.132635,
		1
	},
	[0.916666666667] = {
		0.982166,
		0.151268,
		0.111658,
		0,
		-0.154388,
		0.987812,
		0.019791,
		0,
		-0.107303,
		-0.036676,
		0.99355,
		0,
		0.120846,
		0.457887,
		-0.112847,
		1
	},
	[0.933333333333] = {
		0.988249,
		0.134212,
		0.073158,
		0,
		-0.138432,
		0.988787,
		0.056014,
		0,
		-0.06482,
		-0.065483,
		0.995746,
		0,
		0.124033,
		0.451502,
		-0.114587,
		1
	},
	[0.95] = {
		0.992098,
		0.119966,
		0.036727,
		0,
		-0.122767,
		0.98861,
		0.087055,
		0,
		-0.025865,
		-0.090876,
		0.995526,
		0,
		0.127117,
		0.4452,
		-0.11656,
		1
	},
	[0.966666666667] = {
		0.994219,
		0.107272,
		0.004524,
		0,
		-0.107102,
		0.987923,
		0.111966,
		0,
		0.007541,
		-0.111804,
		0.993702,
		0,
		0.130136,
		0.439127,
		-0.118461,
		1
	},
	[0.983333333333] = {
		0.99527,
		0.094767,
		-0.021365,
		0,
		-0.091223,
		0.987329,
		0.129846,
		0,
		0.0334,
		-0.127283,
		0.991304,
		0,
		0.133114,
		0.433423,
		-0.119975,
		1
	},
	[0.9] = {
		0.973566,
		0.172232,
		0.150016,
		0,
		-0.171081,
		0.985041,
		-0.020646,
		0,
		-0.151328,
		-0.005565,
		0.988468,
		0,
		0.117485,
		0.464216,
		-0.111627,
		1
	},
	[1.01666666667] = {
		0.996623,
		0.068259,
		-0.045643,
		0,
		-0.061396,
		0.988557,
		0.137786,
		0,
		0.054526,
		-0.134519,
		0.98941,
		0,
		0.138404,
		0.423919,
		-0.121059,
		1
	},
	[1.03333333333] = {
		0.997384,
		0.058544,
		-0.042411,
		0,
		-0.052941,
		0.990999,
		0.122958,
		0,
		0.049228,
		-0.120391,
		0.991505,
		0,
		0.139697,
		0.420634,
		-0.12128,
		1
	},
	[1.05] = {
		0.998169,
		0.051064,
		-0.032415,
		0,
		-0.047611,
		0.993888,
		0.0996,
		0,
		0.037303,
		-0.097874,
		0.994499,
		0,
		0.140336,
		0.417966,
		-0.12149,
		1
	},
	[1.06666666667] = {
		0.998809,
		0.044977,
		-0.018928,
		0,
		-0.043509,
		0.996464,
		0.071878,
		0,
		0.022094,
		-0.070969,
		0.997234,
		0,
		0.140698,
		0.415522,
		-0.121747,
		1
	},
	[1.08333333333] = {
		0.999216,
		0.039247,
		-0.005268,
		0,
		-0.038978,
		0.998269,
		0.044037,
		0,
		0.006987,
		-0.043797,
		0.999016,
		0,
		0.141129,
		0.412953,
		-0.122083,
		1
	},
	[1.1] = {
		0.99945,
		0.032756,
		0.005161,
		0,
		-0.032844,
		0.999298,
		0.018044,
		0,
		-0.004566,
		-0.018204,
		0.999824,
		0,
		0.141856,
		0.409713,
		-0.123464,
		1
	}
}

return spline_matrices
