local spline_matrices = {
	[0] = {
		0.99945,
		0.032756,
		0.005162,
		0,
		-0.032844,
		0.999298,
		0.018044,
		0,
		-0.004568,
		-0.018204,
		0.999824,
		0,
		0.141855,
		0.409713,
		-0.123464,
		1
	},
	{
		0.995495,
		0.094222,
		0.010591,
		0,
		-0.094499,
		0.995082,
		0.029702,
		0,
		-0.00774,
		-0.030569,
		0.999503,
		0,
		0.125736,
		0.42002,
		-0.136222,
		1
	},
	[0.0333333333333] = {
		0.995531,
		0.068407,
		-0.065109,
		0,
		-0.076261,
		0.988968,
		-0.12699,
		0,
		0.055704,
		0.131388,
		0.989765,
		0,
		0.195977,
		0.40093,
		-0.069483,
		1
	},
	[0.0666666666667] = {
		0.986167,
		0.055274,
		-0.156268,
		0,
		-0.047651,
		0.997504,
		0.052117,
		0,
		0.158759,
		-0.043949,
		0.986339,
		0,
		0.248449,
		0.387782,
		0.020009,
		1
	},
	[0.133333333333] = {
		0.886565,
		0.164217,
		-0.432476,
		0,
		0.410657,
		0.15105,
		0.899191,
		0,
		0.212988,
		-0.97479,
		0.066479,
		0,
		0.397934,
		0.283672,
		0.236228,
		1
	},
	[0.166666666667] = {
		0.868622,
		0.268746,
		-0.416259,
		0,
		0.487345,
		-0.311838,
		0.81563,
		0,
		0.089392,
		-0.911336,
		-0.401841,
		0,
		0.404499,
		0.25887,
		0.251318,
		1
	},
	[0.1] = {
		0.947396,
		0.053033,
		-0.315639,
		0,
		0.15513,
		0.786513,
		0.597773,
		0,
		0.279956,
		-0.615292,
		0.736912,
		0,
		0.328217,
		0.35325,
		0.153409,
		1
	},
	[0.233333333333] = {
		0.945428,
		0.268645,
		-0.184378,
		0,
		0.304261,
		-0.525436,
		0.79457,
		0,
		0.116579,
		-0.807308,
		-0.578501,
		0,
		0.215151,
		0.356337,
		0.234818,
		1
	},
	[0.266666666667] = {
		0.736727,
		0.260099,
		-0.624166,
		0,
		-0.117011,
		0.958174,
		0.261172,
		0,
		0.66599,
		-0.119378,
		0.736347,
		0,
		-0.03628,
		0.828683,
		-0.039417,
		1
	},
	[0.2] = {
		0.940343,
		0.233709,
		-0.247256,
		0,
		0.339044,
		-0.704276,
		0.623735,
		0,
		-0.028364,
		-0.670355,
		-0.741498,
		0,
		0.322659,
		0.268869,
		0.218087,
		1
	},
	[0.333333333333] = {
		0.587411,
		0.469881,
		-0.658909,
		0,
		-0.777991,
		0.552101,
		-0.299857,
		0,
		0.222887,
		0.688765,
		0.689873,
		0,
		-0.283961,
		0.732897,
		-0.351951,
		1
	},
	[0.366666666667] = {
		0.59715,
		0.530689,
		-0.601482,
		0,
		-0.800993,
		0.434413,
		-0.411941,
		0,
		0.042679,
		0.727773,
		0.684489,
		0,
		-0.292351,
		0.641494,
		-0.411636,
		1
	},
	[0.3] = {
		0.637699,
		0.394851,
		-0.661387,
		0,
		-0.596619,
		0.796287,
		-0.099863,
		0,
		0.487223,
		0.458279,
		0.743367,
		0,
		-0.227457,
		0.816139,
		-0.232229,
		1
	},
	[0.433333333333] = {
		0.613866,
		0.696272,
		-0.371987,
		0,
		-0.763373,
		0.403554,
		-0.504386,
		0,
		-0.201073,
		0.59359,
		0.779243,
		0,
		-0.29644,
		0.499375,
		-0.428664,
		1
	},
	[0.466666666667] = {
		0.602749,
		0.756137,
		-0.254853,
		0,
		-0.741758,
		0.413252,
		-0.528222,
		0,
		-0.29409,
		0.507425,
		0.809958,
		0,
		-0.288328,
		0.467056,
		-0.425653,
		1
	},
	[0.4] = {
		0.606683,
		0.618349,
		-0.49958,
		0,
		-0.789147,
		0.392717,
		-0.47225,
		0,
		-0.095822,
		0.680748,
		0.726223,
		0,
		-0.299035,
		0.551419,
		-0.426087,
		1
	},
	[0.533333333333] = {
		0.533615,
		0.827405,
		-0.175086,
		0,
		-0.728578,
		0.344614,
		-0.591959,
		0,
		-0.429453,
		0.443442,
		0.786721,
		0,
		-0.243272,
		0.396766,
		-0.408466,
		1
	},
	[0.566666666667] = {
		0.493902,
		0.852747,
		-0.169953,
		0,
		-0.734244,
		0.304319,
		-0.606857,
		0,
		-0.465775,
		0.424515,
		0.776428,
		0,
		-0.211828,
		0.365693,
		-0.393392,
		1
	},
	[0.5] = {
		0.573199,
		0.795519,
		-0.19645,
		0,
		-0.729226,
		0.385886,
		-0.565086,
		0,
		-0.373729,
		0.467163,
		0.801302,
		0,
		-0.269577,
		0.431703,
		-0.419622,
		1
	},
	[0.633333333333] = {
		0.447128,
		0.88187,
		-0.149604,
		0,
		-0.739048,
		0.270015,
		-0.61717,
		0,
		-0.503869,
		0.386519,
		0.772476,
		0,
		-0.142559,
		0.328313,
		-0.359831,
		1
	},
	[0.666666666667] = {
		0.475108,
		0.874662,
		-0.096114,
		0,
		-0.720343,
		0.323884,
		-0.613355,
		0,
		-0.505349,
		0.360645,
		0.783937,
		0,
		-0.104815,
		0.332016,
		-0.339928,
		1
	},
	[0.6] = {
		0.462231,
		0.87103,
		-0.166282,
		0,
		-0.739844,
		0.275436,
		-0.613813,
		0,
		-0.48885,
		0.406746,
		0.771741,
		0,
		-0.177558,
		0.341707,
		-0.376446,
		1
	},
	[0.733333333333] = {
		0.666622,
		0.699047,
		0.258744,
		0,
		-0.513074,
		0.682125,
		-0.521019,
		0,
		-0.540713,
		0.214568,
		0.813382,
		0,
		0.021153,
		0.395634,
		-0.284666,
		1
	},
	[0.766666666667] = {
		0.731788,
		0.526319,
		0.432984,
		0,
		-0.36642,
		0.839512,
		-0.401193,
		0,
		-0.574651,
		0.134934,
		0.807198,
		0,
		0.075219,
		0.433018,
		-0.247278,
		1
	},
	[0.7] = {
		0.571304,
		0.818524,
		0.06025,
		0,
		-0.641127,
		0.490908,
		-0.589886,
		0,
		-0.512413,
		0.298376,
		0.805236,
		0,
		-0.045838,
		0.358667,
		-0.315492,
		1
	},
	[0.833333333333] = {
		0.808884,
		0.237798,
		0.537734,
		0,
		-0.173087,
		0.970344,
		-0.168741,
		0,
		-0.561914,
		0.043417,
		0.826056,
		0,
		0.122782,
		0.477791,
		-0.177787,
		1
	},
	[0.866666666667] = {
		0.865355,
		0.169622,
		0.471581,
		0,
		-0.1391,
		0.985302,
		-0.099151,
		0,
		-0.481468,
		0.020204,
		0.876231,
		0,
		0.129023,
		0.481982,
		-0.157755,
		1
	},
	[0.8] = {
		0.769651,
		0.353843,
		0.531444,
		0,
		-0.243387,
		0.932127,
		-0.268144,
		0,
		-0.590254,
		0.07703,
		0.803534,
		0,
		0.106885,
		0.46181,
		-0.208909,
		1
	},
	[0.933333333333] = {
		0.967589,
		0.119765,
		0.222324,
		0,
		-0.119399,
		0.992731,
		-0.015138,
		0,
		-0.222521,
		-0.011898,
		0.974855,
		0,
		0.129101,
		0.454759,
		-0.14436,
		1
	},
	[0.966666666667] = {
		0.989202,
		0.111043,
		0.095648,
		0,
		-0.112576,
		0.993585,
		0.010759,
		0,
		-0.093839,
		-0.02141,
		0.995357,
		0,
		0.126214,
		0.434648,
		-0.141418,
		1
	},
	[0.9] = {
		0.923978,
		0.134579,
		0.357985,
		0,
		-0.124865,
		0.990901,
		-0.050229,
		0,
		-0.361488,
		0.001711,
		0.932375,
		0,
		0.131083,
		0.473052,
		-0.148496,
		1
	},
	[1.03333333333] = {
		0.997341,
		0.071411,
		-0.01451,
		0,
		-0.070877,
		0.99689,
		0.034452,
		0,
		0.016925,
		-0.033332,
		0.999301,
		0,
		0.129091,
		0.413868,
		-0.131048,
		1
	},
	[1.06666666667] = {
		0.998648,
		0.051772,
		-0.004766,
		0,
		-0.05163,
		0.998324,
		0.026148,
		0,
		0.006112,
		-0.025867,
		0.999647,
		0,
		0.135255,
		0.411773,
		-0.127074,
		1
	},
	[1.1] = {
		0.99945,
		0.032756,
		0.005161,
		0,
		-0.032844,
		0.999298,
		0.018044,
		0,
		-0.004566,
		-0.018204,
		0.999824,
		0,
		0.141856,
		0.409713,
		-0.123464,
		1
	}
}

return spline_matrices
