local spline_matrices = {
	[0] = {
		0.193293,
		0.44974,
		0.871993,
		0,
		-0.762721,
		0.62793,
		-0.154791,
		0,
		-0.617166,
		-0.635168,
		0.4644,
		0,
		-0.249214,
		0.606774,
		-0.315612,
		1
	},
	{
		0.976758,
		0.038999,
		0.210766,
		0,
		-0.031148,
		0.998696,
		-0.040446,
		0,
		-0.212069,
		0.032941,
		0.976699,
		0,
		0.147452,
		0.435463,
		-0.155383,
		1
	},
	[0.0333333333333] = {
		0.145106,
		0.263626,
		0.953649,
		0,
		-0.840032,
		0.54209,
		-0.022037,
		0,
		-0.522773,
		-0.797897,
		0.300115,
		0,
		-0.289358,
		0.540394,
		-0.293695,
		1
	},
	[0.0666666666667] = {
		0.122595,
		0.055458,
		0.990906,
		0,
		-0.905466,
		0.415026,
		0.088796,
		0,
		-0.406327,
		-0.908118,
		0.101095,
		0,
		-0.363778,
		0.402947,
		-0.255547,
		1
	},
	[0.133333333333] = {
		0.30111,
		-0.275177,
		0.913023,
		0,
		-0.950106,
		-0.168342,
		0.262603,
		0,
		0.081438,
		-0.94654,
		-0.312137,
		0,
		-0.440917,
		0.153892,
		-0.152772,
		1
	},
	[0.166666666667] = {
		0.483049,
		-0.313181,
		0.817668,
		0,
		-0.810244,
		-0.513879,
		0.281838,
		0,
		0.331917,
		-0.798652,
		-0.501982,
		0,
		-0.427934,
		0.153826,
		-0.102971,
		1
	},
	[0.1] = {
		0.158262,
		-0.130771,
		0.978699,
		0,
		-0.957041,
		0.223569,
		0.184632,
		0,
		-0.242951,
		-0.965876,
		-0.089771,
		0,
		-0.423442,
		0.266702,
		-0.206906,
		1
	},
	[0.233333333333] = {
		0.490017,
		-0.314176,
		0.813128,
		0,
		-0.776312,
		0.267017,
		0.571,
		0,
		-0.396514,
		-0.911041,
		-0.113055,
		0,
		-0.263131,
		0.585702,
		0.048216,
		1
	},
	[0.266666666667] = {
		0.395251,
		-0.365771,
		0.842608,
		0,
		-0.409475,
		0.750959,
		0.518064,
		0,
		-0.822257,
		-0.549792,
		0.147044,
		0,
		-0.000146,
		0.681418,
		-0.006799,
		1
	},
	[0.2] = {
		0.54024,
		-0.318072,
		0.779083,
		0,
		-0.823325,
		-0.391217,
		0.411199,
		0,
		0.174,
		-0.863585,
		-0.473228,
		0,
		-0.417702,
		0.370169,
		-0.023658,
		1
	},
	[0.333333333333] = {
		0.20148,
		-0.286776,
		0.936571,
		0,
		0.665519,
		0.741648,
		0.083921,
		0,
		-0.718673,
		0.606398,
		0.340282,
		0,
		0.418714,
		0.592848,
		-0.334622,
		1
	},
	[0.366666666667] = {
		0.193451,
		-0.299964,
		0.93413,
		0,
		0.752911,
		0.655847,
		0.054681,
		0,
		-0.629049,
		0.692738,
		0.35272,
		0,
		0.538629,
		0.568579,
		-0.489801,
		1
	},
	[0.3] = {
		0.388034,
		-0.22003,
		0.894995,
		0,
		0.301168,
		0.948046,
		0.102499,
		0,
		-0.87105,
		0.229771,
		0.43414,
		0,
		0.339638,
		0.660363,
		-0.233782,
		1
	},
	[0.433333333333] = {
		0.360414,
		-0.327658,
		0.873351,
		0,
		0.723625,
		0.689026,
		-0.04012,
		0,
		-0.588616,
		0.646438,
		0.485436,
		0,
		0.525103,
		0.541878,
		-0.516684,
		1
	},
	[0.466666666667] = {
		0.497937,
		-0.318669,
		0.806541,
		0,
		0.631935,
		0.770256,
		-0.085807,
		0,
		-0.593899,
		0.552409,
		0.584917,
		0,
		0.49694,
		0.532872,
		-0.516611,
		1
	},
	[0.4] = {
		0.252098,
		-0.316159,
		0.914598,
		0,
		0.766103,
		0.642625,
		0.010976,
		0,
		-0.591213,
		0.697909,
		0.404215,
		0,
		0.53783,
		0.551867,
		-0.509823,
		1
	},
	[0.533333333333] = {
		0.753883,
		-0.215215,
		0.62076,
		0,
		0.367154,
		0.921532,
		-0.1264,
		0,
		-0.544847,
		0.323205,
		0.773744,
		0,
		0.417844,
		0.497073,
		-0.494422,
		1
	},
	[0.566666666667] = {
		0.833195,
		-0.147175,
		0.533035,
		0,
		0.25441,
		0.957881,
		-0.133194,
		0,
		-0.490981,
		0.246586,
		0.835544,
		0,
		0.381951,
		0.469502,
		-0.476312,
		1
	},
	[0.5] = {
		0.637713,
		-0.279312,
		0.717849,
		0,
		0.504154,
		0.855946,
		-0.114828,
		0,
		-0.582367,
		0.435133,
		0.686664,
		0,
		0.458638,
		0.518898,
		-0.508901,
		1
	},
	[0.633333333333] = {
		0.895457,
		-0.080405,
		0.437826,
		0,
		0.19208,
		0.957068,
		-0.217087,
		0,
		-0.401574,
		0.27849,
		0.872457,
		0,
		0.341671,
		0.411325,
		-0.444511,
		1
	},
	[0.666666666667] = {
		0.901871,
		-0.06985,
		0.426322,
		0,
		0.216307,
		0.927242,
		-0.305668,
		0,
		-0.373953,
		0.367889,
		0.851362,
		0,
		0.329155,
		0.383942,
		-0.433097,
		1
	},
	[0.6] = {
		0.876875,
		-0.101093,
		0.469969,
		0,
		0.195216,
		0.968281,
		-0.155956,
		0,
		-0.439296,
		0.2285,
		0.868796,
		0,
		0.357005,
		0.440054,
		-0.458452,
		1
	},
	[0.733333333333] = {
		0.906756,
		-0.05906,
		0.417499,
		0,
		0.263332,
		0.852628,
		-0.451311,
		0,
		-0.329317,
		0.51917,
		0.788678,
		0,
		0.302152,
		0.340444,
		-0.402296,
		1
	},
	[0.766666666667] = {
		0.915644,
		-0.052478,
		0.398549,
		0,
		0.250641,
		0.84966,
		-0.463958,
		0,
		-0.314284,
		0.524713,
		0.79114,
		0,
		0.283189,
		0.331143,
		-0.376429,
		1
	},
	[0.7] = {
		0.903577,
		-0.064021,
		0.423616,
		0,
		0.246769,
		0.886051,
		-0.392453,
		0,
		-0.35022,
		0.459147,
		0.816413,
		0,
		0.316831,
		0.359296,
		-0.420286,
		1
	},
	[0.833333333333] = {
		0.933987,
		-0.030409,
		0.356012,
		0,
		0.179803,
		0.901025,
		-0.394746,
		0,
		-0.308772,
		0.4327,
		0.847013,
		0,
		0.239744,
		0.352574,
		-0.311596,
		1
	},
	[0.866666666667] = {
		0.942483,
		-0.015851,
		0.333878,
		0,
		0.131831,
		0.93553,
		-0.327724,
		0,
		-0.307158,
		0.35289,
		0.883811,
		0,
		0.2175,
		0.381053,
		-0.276249,
		1
	},
	[0.8] = {
		0.925073,
		-0.042851,
		0.377364,
		0,
		0.220667,
		0.869333,
		-0.442228,
		0,
		-0.309105,
		0.492365,
		0.813652,
		0,
		0.261959,
		0.333523,
		-0.345513,
		1
	},
	[0.933333333333] = {
		0.958977,
		0.015156,
		0.283077,
		0,
		0.033958,
		0.985238,
		-0.167789,
		0,
		-0.281441,
		0.170519,
		0.944306,
		0,
		0.176863,
		0.431686,
		-0.208062,
		1
	},
	[0.966666666667] = {
		0.967584,
		0.02885,
		0.250895,
		0,
		-0.005095,
		0.995481,
		-0.09482,
		0,
		-0.252497,
		0.090468,
		0.963359,
		0,
		0.160347,
		0.438837,
		-0.178869,
		1
	},
	[0.9] = {
		0.950722,
		-0.00023,
		0.310045,
		0,
		0.081411,
		0.965096,
		-0.248923,
		0,
		-0.299166,
		0.261898,
		0.917556,
		0,
		0.196213,
		0.410194,
		-0.241146,
		1
	},
	[1.03333333333] = {
		0.987387,
		0.040884,
		0.152955,
		0,
		-0.039702,
		0.999153,
		-0.010777,
		0,
		-0.153267,
		0.004568,
		0.988174,
		0,
		0.141519,
		0.427032,
		-0.140455,
		1
	},
	[1.06666666667] = {
		0.996178,
		0.036616,
		0.0793,
		0,
		-0.037044,
		0.999306,
		0.003928,
		0,
		-0.079101,
		-0.006851,
		0.996843,
		0,
		0.141386,
		0.417474,
		-0.131822,
		1
	},
	[1.1] = {
		0.99945,
		0.032756,
		0.005161,
		0,
		-0.032844,
		0.999298,
		0.018044,
		0,
		-0.004566,
		-0.018204,
		0.999824,
		0,
		0.141856,
		0.409713,
		-0.123464,
		1
	}
}

return spline_matrices
