local spline_matrices = {
	[0] = {
		0.197557,
		0.854301,
		0.480771,
		0,
		-0.832207,
		0.40535,
		-0.378315,
		0,
		-0.518075,
		-0.325363,
		0.791035,
		0,
		-0.255705,
		0.56939,
		-0.319219,
		1
	},
	{
		0.995948,
		0.081075,
		-0.038923,
		0,
		-0.074909,
		0.987335,
		0.139849,
		0,
		0.049768,
		-0.136367,
		0.989408,
		0,
		0.136075,
		0.428217,
		-0.120772,
		1
	},
	[0.0166666666667] = {
		0.1678,
		0.748501,
		0.641552,
		0,
		-0.854074,
		0.435393,
		-0.284588,
		0,
		-0.492342,
		-0.500179,
		0.712335,
		0,
		-0.265887,
		0.555621,
		-0.304881,
		1
	},
	[0.0333333333333] = {
		0.14283,
		0.597786,
		0.788829,
		0,
		-0.873242,
		0.451268,
		-0.183863,
		0,
		-0.465884,
		-0.662578,
		0.586466,
		0,
		-0.290586,
		0.514466,
		-0.272821,
		1
	},
	[0.05] = {
		0.124762,
		0.411915,
		0.902641,
		0,
		-0.892782,
		0.443508,
		-0.078993,
		0,
		-0.432867,
		-0.796007,
		0.423083,
		0,
		-0.324213,
		0.455747,
		-0.229721,
		1
	},
	[0.0666666666667] = {
		0.11791,
		0.211567,
		0.970225,
		0,
		-0.913786,
		0.405567,
		0.022613,
		0,
		-0.388707,
		-0.889244,
		0.241148,
		0,
		-0.361042,
		0.389051,
		-0.18292,
		1
	},
	[0.0833333333333] = {
		0.12728,
		0.023149,
		0.991597,
		0,
		-0.935291,
		0.335617,
		0.112218,
		0,
		-0.330199,
		-0.941714,
		0.064368,
		0,
		-0.395138,
		0.32404,
		-0.14035,
		1
	},
	[0.116666666667] = {
		0.212152,
		-0.254747,
		0.943449,
		0,
		-0.967146,
		0.083643,
		0.240066,
		0,
		-0.140069,
		-0.963383,
		-0.228633,
		0,
		-0.437632,
		0.223376,
		-0.092717,
		1
	},
	[0.133333333333] = {
		0.289556,
		-0.345857,
		0.892491,
		0,
		-0.957058,
		-0.090957,
		0.275257,
		0,
		-0.014022,
		-0.933868,
		-0.357342,
		0,
		-0.444344,
		0.183084,
		-0.087163,
		1
	},
	[0.15] = {
		0.381163,
		-0.392612,
		0.837001,
		0,
		-0.917261,
		-0.273733,
		0.289313,
		0,
		0.115528,
		-0.878024,
		-0.464465,
		0,
		-0.443663,
		0.148192,
		-0.085992,
		1
	},
	[0.166666666667] = {
		0.469919,
		-0.385516,
		0.794074,
		0,
		-0.851461,
		-0.435206,
		0.292591,
		0,
		0.232787,
		-0.813617,
		-0.532763,
		0,
		-0.437135,
		0.120822,
		-0.083157,
		1
	},
	[0.183333333333] = {
		0.537092,
		-0.324939,
		0.778426,
		0,
		-0.776236,
		-0.551567,
		0.305339,
		0,
		0.330138,
		-0.768237,
		-0.548472,
		0,
		-0.427623,
		0.102565,
		-0.071351,
		1
	},
	[0.1] = {
		0.156763,
		-0.128487,
		0.979243,
		0,
		-0.954298,
		0.235731,
		0.1837,
		0,
		-0.254441,
		-0.963287,
		-0.085661,
		0,
		-0.420251,
		0.270674,
		-0.110178,
		1
	},
	[0.216666666667] = {
		0.493808,
		0.167707,
		0.853246,
		0,
		-0.502307,
		-0.745947,
		0.437322,
		0,
		0.709818,
		-0.644544,
		-0.284114,
		0,
		-0.337694,
		0.114297,
		0.040902,
		1
	},
	[0.233333333333] = {
		0.522409,
		0.217351,
		0.824528,
		0,
		-0.592654,
		-0.602673,
		0.534366,
		0,
		0.613066,
		-0.767818,
		-0.186028,
		0,
		-0.290198,
		0.214111,
		0.084351,
		1
	},
	[0.25] = {
		0.530841,
		-0.370019,
		0.762426,
		0,
		-0.752049,
		0.209056,
		0.625074,
		0,
		-0.390679,
		-0.905197,
		-0.167297,
		0,
		-0.126147,
		0.648771,
		0.033171,
		1
	},
	[0.266666666667] = {
		0.436105,
		-0.407462,
		0.802363,
		0,
		-0.511391,
		0.621442,
		0.59354,
		0,
		-0.740467,
		-0.669167,
		0.062641,
		0,
		-0.000402,
		0.703128,
		-0.028124,
		1
	},
	[0.283333333333] = {
		0.482892,
		-0.252844,
		0.838383,
		0,
		-0.269335,
		0.868112,
		0.416941,
		0,
		-0.833231,
		-0.427143,
		0.351105,
		0,
		0.121983,
		0.722291,
		-0.11226,
		1
	},
	[0.2] = {
		0.556805,
		-0.105895,
		0.823865,
		0,
		-0.640601,
		-0.68613,
		0.344755,
		0,
		0.528771,
		-0.71973,
		-0.449877,
		0,
		-0.395891,
		0.089094,
		-0.027928,
		1
	},
	[0.316666666667] = {
		0.778336,
		0.170364,
		0.604292,
		0,
		-0.074514,
		0.980745,
		-0.18052,
		0,
		-0.62341,
		0.095477,
		0.776044,
		0,
		0.269847,
		0.709242,
		-0.276267,
		1
	},
	[0.333333333333] = {
		0.851128,
		0.241198,
		0.466266,
		0,
		-0.057525,
		0.925701,
		-0.373855,
		0,
		-0.521796,
		0.291377,
		0.801766,
		0,
		0.2904,
		0.696727,
		-0.314471,
		1
	},
	[0.35] = {
		0.879828,
		0.235007,
		0.413128,
		0,
		-0.014514,
		0.882087,
		-0.470863,
		0,
		-0.475071,
		0.408283,
		0.779495,
		0,
		0.298578,
		0.68542,
		-0.32874,
		1
	},
	[0.366666666667] = {
		0.900064,
		0.215696,
		0.37863,
		0,
		0.022036,
		0.845258,
		-0.533905,
		0,
		-0.435201,
		0.488892,
		0.756033,
		0,
		0.309354,
		0.671448,
		-0.339536,
		1
	},
	[0.383333333333] = {
		0.913251,
		0.192138,
		0.359244,
		0,
		0.052302,
		0.819209,
		-0.571105,
		0,
		-0.404027,
		0.540351,
		0.738094,
		0,
		0.319542,
		0.657235,
		-0.347186,
		1
	},
	[0.3] = {
		0.632428,
		-0.021604,
		0.774318,
		0,
		-0.117265,
		0.98542,
		0.12327,
		0,
		-0.765692,
		-0.16876,
		0.620674,
		0,
		0.215201,
		0.721208,
		-0.202376,
		1
	},
	[0.416666666667] = {
		0.924838,
		0.140986,
		0.353266,
		0,
		0.103433,
		0.800546,
		-0.590278,
		0,
		-0.366027,
		0.582451,
		0.725793,
		0,
		0.337985,
		0.629704,
		-0.355209,
		1
	},
	[0.433333333333] = {
		0.925113,
		0.11504,
		0.361845,
		0,
		0.126211,
		0.805636,
		-0.57881,
		0,
		-0.358101,
		0.581133,
		0.730786,
		0,
		0.345929,
		0.616852,
		-0.356249,
		1
	},
	[0.45] = {
		0.922492,
		0.089198,
		0.375569,
		0,
		0.147212,
		0.818114,
		-0.555893,
		0,
		-0.356843,
		0.568095,
		0.741573,
		0,
		0.352735,
		0.604824,
		-0.355588,
		1
	},
	[0.466666666667] = {
		0.917445,
		0.063581,
		0.39275,
		0,
		0.165908,
		0.836089,
		-0.522905,
		0,
		-0.36162,
		0.544896,
		0.756517,
		0,
		0.358155,
		0.593749,
		-0.353389,
		1
	},
	[0.483333333333] = {
		0.910488,
		0.038393,
		0.411749,
		0,
		0.181476,
		0.857589,
		-0.481257,
		0,
		-0.371589,
		0.512901,
		0.773857,
		0,
		0.361939,
		0.583737,
		-0.349826,
		1
	},
	[0.4] = {
		0.921132,
		0.166848,
		0.351679,
		0,
		0.078971,
		0.804584,
		-0.588565,
		0,
		-0.381156,
		0.569918,
		0.727952,
		0,
		0.329126,
		0.643229,
		-0.352277,
		1
	},
	[0.516666666667] = {
		0.893589,
		-0.01198,
		0.448726,
		0,
		0.202741,
		0.902647,
		-0.379638,
		0,
		-0.400493,
		0.430216,
		0.809024,
		0,
		0.365736,
		0.565968,
		-0.339568,
		1
	},
	[0.533333333333] = {
		0.885263,
		-0.037051,
		0.463613,
		0,
		0.208836,
		0.922348,
		-0.325057,
		0,
		-0.415569,
		0.38458,
		0.824258,
		0,
		0.366438,
		0.557696,
		-0.333541,
		1
	},
	[0.55] = {
		0.878253,
		-0.060948,
		0.474296,
		0,
		0.212379,
		0.938372,
		-0.272679,
		0,
		-0.428447,
		0.340211,
		0.837072,
		0,
		0.36663,
		0.549701,
		-0.327494,
		1
	},
	[0.566666666667] = {
		0.873541,
		-0.082426,
		0.47972,
		0,
		0.214154,
		0.950127,
		-0.226708,
		0,
		-0.437109,
		0.300773,
		0.847627,
		0,
		0.366568,
		0.541978,
		-0.321938,
		1
	},
	[0.583333333333] = {
		0.872051,
		-0.100089,
		0.479072,
		0,
		0.215169,
		0.957595,
		-0.191607,
		0,
		-0.439579,
		0.270172,
		0.856608,
		0,
		0.36653,
		0.534596,
		-0.317417,
		1
	},
	[0.5] = {
		0.902282,
		0.01334,
		0.43094,
		0,
		0.193654,
		0.880484,
		-0.432719,
		0,
		-0.385209,
		0.473887,
		0.791862,
		0,
		0.364301,
		0.574601,
		-0.345121,
		1
	},
	[0.616666666667] = {
		0.880154,
		-0.120081,
		0.459249,
		0,
		0.215247,
		0.963254,
		-0.160657,
		0,
		-0.423081,
		0.240255,
		0.873659,
		0,
		0.365595,
		0.521686,
		-0.311826,
		1
	},
	[0.633333333333] = {
		0.887101,
		-0.12565,
		0.444144,
		0,
		0.211313,
		0.966031,
		-0.148768,
		0,
		-0.410364,
		0.225825,
		0.883518,
		0,
		0.362614,
		0.515978,
		-0.307998,
		1
	},
	[0.65] = {
		0.895214,
		-0.128962,
		0.426568,
		0,
		0.204533,
		0.96934,
		-0.136187,
		0,
		-0.395926,
		0.209164,
		0.894144,
		0,
		0.357798,
		0.510643,
		-0.3031,
		1
	},
	[0.666666666667] = {
		0.904243,
		-0.130041,
		0.406735,
		0,
		0.195215,
		0.973029,
		-0.122902,
		0,
		-0.379783,
		0.190534,
		0.905241,
		0,
		0.351322,
		0.50564,
		-0.297214,
		1
	},
	[0.683333333333] = {
		0.913922,
		-0.12891,
		0.384874,
		0,
		0.183661,
		0.976938,
		-0.108904,
		0,
		-0.36196,
		0.170216,
		0.916521,
		0,
		0.343362,
		0.500926,
		-0.290426,
		1
	},
	[0.6] = {
		0.874595,
		-0.112297,
		0.471671,
		0,
		0.216069,
		0.961142,
		-0.171814,
		0,
		-0.434048,
		0.252181,
		0.864874,
		0,
		0.366593,
		0.527803,
		-0.31447,
		1
	},
	[0.716666666667] = {
		0.934136,
		-0.120189,
		0.336072,
		0,
		0.155056,
		0.984757,
		-0.078812,
		0,
		-0.321477,
		0.125731,
		0.938533,
		0,
		0.32369,
		0.492206,
		-0.274493,
		1
	},
	[0.733333333333] = {
		0.944134,
		-0.112741,
		0.309678,
		0,
		0.138617,
		0.988353,
		-0.062792,
		0,
		-0.298992,
		0.102211,
		0.948766,
		0,
		0.312329,
		0.488122,
		-0.265531,
		1
	},
	[0.75] = {
		0.953725,
		-0.103378,
		0.282351,
		0,
		0.121162,
		0.991556,
		-0.046218,
		0,
		-0.275189,
		0.07829,
		0.958197,
		0,
		0.30018,
		0.484175,
		-0.256034,
		1
	},
	[0.766666666667] = {
		0.962691,
		-0.092232,
		0.254399,
		0,
		0.102955,
		0.994259,
		-0.029133,
		0,
		-0.250252,
		0.054238,
		0.96666,
		0,
		0.287397,
		0.480362,
		-0.24607,
		1
	},
	[0.783333333333] = {
		0.970835,
		-0.079601,
		0.226147,
		0,
		0.084413,
		0.996363,
		-0.011673,
		0,
		-0.224395,
		0.030422,
		0.974023,
		0,
		0.274203,
		0.476621,
		-0.23574,
		1
	},
	[0.7] = {
		0.923978,
		-0.125607,
		0.361232,
		0,
		0.170173,
		0.980901,
		-0.094199,
		0,
		-0.342501,
		0.14851,
		0.927706,
		0,
		0.334093,
		0.496461,
		-0.282822,
		1
	},
	[0.816666666667] = {
		0.984122,
		-0.050852,
		0.170054,
		0,
		0.047522,
		0.998591,
		0.0236,
		0,
		-0.171015,
		-0.015144,
		0.985152,
		0,
		0.247257,
		0.469249,
		-0.214443,
		1
	},
	[0.833333333333] = {
		0.989114,
		-0.035307,
		0.142851,
		0,
		0.029734,
		0.998718,
		0.040963,
		0,
		-0.144114,
		-0.036269,
		0.988896,
		0,
		0.23383,
		0.465579,
		-0.203709,
		1
	},
	[0.85] = {
		0.992988,
		-0.019409,
		0.116609,
		0,
		0.012723,
		0.998247,
		0.057807,
		0,
		-0.117527,
		-0.055918,
		0.991494,
		0,
		0.220642,
		0.461902,
		-0.193074,
		1
	},
	[0.866666666667] = {
		0.99579,
		-0.003504,
		0.091602,
		0,
		-0.003285,
		0.997263,
		0.07386,
		0,
		-0.09161,
		-0.07385,
		0.993053,
		0,
		0.207842,
		0.458213,
		-0.182655,
		1
	},
	[0.883333333333] = {
		0.997607,
		0.012047,
		0.068078,
		0,
		-0.018089,
		0.995881,
		0.088842,
		0,
		-0.066727,
		-0.089861,
		0.993717,
		0,
		0.195575,
		0.454509,
		-0.172569,
		1
	},
	[0.8] = {
		0.978012,
		-0.065717,
		0.197924,
		0,
		0.065838,
		0.997812,
		0.005976,
		0,
		-0.197884,
		0.007187,
		0.980199,
		0,
		0.260768,
		0.472924,
		-0.225159,
		1
	},
	[0.916666666667] = {
		0.998827,
		0.040635,
		0.026339,
		0,
		-0.043395,
		0.992481,
		0.114446,
		0,
		-0.02149,
		-0.115455,
		0.99308,
		0,
		0.173195,
		0.447055,
		-0.153853,
		1
	},
	[0.933333333333] = {
		0.998561,
		0.052952,
		0.008498,
		0,
		-0.053598,
		0.990771,
		0.124496,
		0,
		-0.001827,
		-0.124772,
		0.992184,
		0,
		0.163352,
		0.443309,
		-0.145449,
		1
	},
	[0.95] = {
		0.997958,
		0.063482,
		-0.007104,
		0,
		-0.061987,
		0.989265,
		0.132334,
		0,
		0.015428,
		-0.131624,
		0.99118,
		0,
		0.154585,
		0.439553,
		-0.137829,
		1
	},
	[0.966666666667] = {
		0.997206,
		0.071891,
		-0.020313,
		0,
		-0.06843,
		0.988109,
		0.137686,
		0,
		0.02997,
		-0.135911,
		0.990268,
		0,
		0.147026,
		0.435788,
		-0.131102,
		1
	},
	[0.983333333333] = {
		0.996483,
		0.077857,
		-0.030975,
		0,
		-0.072789,
		0.987433,
		0.140279,
		0,
		0.041507,
		-0.137531,
		0.989627,
		0,
		0.14081,
		0.432011,
		-0.12538,
		1
	},
	[0.9] = {
		0.998568,
		0.026881,
		0.046257,
		0,
		-0.031511,
		0.994237,
		0.102466,
		0,
		-0.043236,
		-0.103777,
		0.99366,
		0,
		0.18398,
		0.450789,
		-0.162931,
		1
	},
	[1.01666666667] = {
		0.995962,
		0.07969,
		-0.041351,
		0,
		-0.073593,
		0.988462,
		0.132393,
		0,
		0.051424,
		-0.128815,
		0.990334,
		0,
		0.1336,
		0.4247,
		-0.118037,
		1
	},
	[1.03333333333] = {
		0.996628,
		0.073231,
		-0.037,
		0,
		-0.068502,
		0.990882,
		0.116021,
		0,
		0.045159,
		-0.113095,
		0.992557,
		0,
		0.133549,
		0.42163,
		-0.117416,
		1
	},
	[1.05] = {
		0.997588,
		0.063541,
		-0.027959,
		0,
		-0.060671,
		0.993753,
		0.093673,
		0,
		0.033736,
		-0.091751,
		0.99521,
		0,
		0.135151,
		0.418797,
		-0.118239,
		1
	},
	[1.06666666667] = {
		0.99849,
		0.052431,
		-0.016366,
		0,
		-0.051199,
		0.99635,
		0.068311,
		0,
		0.019887,
		-0.06737,
		0.99753,
		0,
		0.137628,
		0.416006,
		-0.119827,
		1
	},
	[1.08333333333] = {
		0.999124,
		0.041594,
		-0.004492,
		0,
		-0.041364,
		0.998222,
		0.042906,
		0,
		0.006269,
		-0.042682,
		0.999069,
		0,
		0.140171,
		0.413102,
		-0.121485,
		1
	},
	[1.1] = {
		0.99945,
		0.032756,
		0.005161,
		0,
		-0.032844,
		0.999298,
		0.018044,
		0,
		-0.004566,
		-0.018204,
		0.999824,
		0,
		0.141856,
		0.409713,
		-0.123464,
		1
	}
}

return spline_matrices
