-- chunkname: @content/characters/player/human/first_person/animations/bolt_pistol/push.lua

local spline_matrices = {
	[0.0333333333333] = {
		0.973683,
		0.014866,
		0.22742,
		0,
		-0.008032,
		0.999489,
		-0.030945,
		0,
		-0.227763,
		0.028304,
		0.973305,
		0,
		0.169746,
		0.496104,
		-0.147834,
		1,
	},
	[0.0666666666667] = {
		0.872728,
		-0.084138,
		0.480902,
		0,
		0.083756,
		0.996237,
		0.022302,
		0,
		-0.480969,
		0.020815,
		0.876491,
		0,
		0.173939,
		0.419589,
		-0.174715,
		1,
	},
	[0] = {
		0.973683,
		0.014866,
		0.22742,
		0,
		-0.008032,
		0.999489,
		-0.030945,
		0,
		-0.227763,
		0.028304,
		0.973305,
		0,
		0.169746,
		0.496104,
		-0.147834,
		1,
	},
	[0.133333333333] = {
		-0.12693,
		-0.047407,
		0.990778,
		0,
		-0.066925,
		0.99699,
		0.03913,
		0,
		-0.989651,
		-0.061341,
		-0.129721,
		0,
		0.209998,
		0.1683,
		-0.096025,
		1,
	},
	[0.166666666667] = {
		-0.354192,
		-0.187145,
		0.916256,
		0,
		-0.145963,
		0.978827,
		0.143501,
		0,
		-0.923712,
		-0.082912,
		-0.374008,
		0,
		0.100091,
		0.509751,
		-0.033122,
		1,
	},
	[0.1] = {
		0.511042,
		-0.168545,
		0.842869,
		0,
		0.092603,
		0.985676,
		0.140955,
		0,
		-0.854553,
		0.006018,
		0.519329,
		0,
		0.176637,
		0.286268,
		-0.202332,
		1,
	},
	[0.233333333333] = {
		-0.195582,
		-0.1335,
		0.971558,
		0,
		-0.075362,
		0.989808,
		0.120837,
		0,
		-0.977787,
		-0.049585,
		-0.20365,
		0,
		0.081043,
		0.512447,
		-0.065581,
		1,
	},
	[0.266666666667] = {
		-0.196082,
		-0.128849,
		0.972085,
		0,
		-0.078772,
		0.990195,
		0.11536,
		0,
		-0.977418,
		-0.053953,
		-0.204309,
		0,
		0.061564,
		0.52636,
		-0.071057,
		1,
	},
	[0.2] = {
		-0.307172,
		-0.057694,
		0.949903,
		0,
		-0.101411,
		0.994462,
		0.027606,
		0,
		-0.946235,
		-0.08785,
		-0.311322,
		0,
		0.117161,
		0.461044,
		-0.035437,
		1,
	},
	[0.333333333333] = {
		-0.198633,
		-0.080294,
		0.976779,
		0,
		-0.10685,
		0.992472,
		0.059855,
		0,
		-0.974232,
		-0.09248,
		-0.205717,
		0,
		0.023674,
		0.553767,
		-0.083292,
		1,
	},
	[0.366666666667] = {
		-0.199776,
		-0.05349,
		0.978381,
		0,
		-0.132116,
		0.990861,
		0.027196,
		0,
		-0.970894,
		-0.123827,
		-0.205017,
		0,
		0.013902,
		0.562329,
		-0.091604,
		1,
	},
	[0.3] = {
		-0.197255,
		-0.110099,
		0.97415,
		0,
		-0.089178,
		0.991569,
		0.094011,
		0,
		-0.976288,
		-0.068329,
		-0.20541,
		0,
		0.041505,
		0.540091,
		-0.074172,
		1,
	},
	[0.433333333333] = {
		-0.200022,
		-0.039154,
		0.979009,
		0,
		-0.239534,
		0.970835,
		-0.010113,
		0,
		-0.95006,
		-0.236528,
		-0.203567,
		0,
		-0.009879,
		0.562557,
		-0.121695,
		1,
	},
	[0.466666666667] = {
		-0.199832,
		-0.038917,
		0.979057,
		0,
		-0.318112,
		0.947661,
		-0.02726,
		0,
		-0.926754,
		-0.316897,
		-0.201752,
		0,
		-0.02088,
		0.557578,
		-0.148422,
		1,
	},
	[0.4] = {
		-0.200233,
		-0.039003,
		0.978972,
		0,
		-0.16536,
		0.986218,
		0.00547,
		0,
		-0.965693,
		-0.160787,
		-0.203923,
		0,
		0.005608,
		0.564403,
		-0.103233,
		1,
	},
	[0.533333333333] = {
		-0.369482,
		4.4e-05,
		0.929238,
		0,
		-0.355832,
		0.923771,
		-0.141529,
		0,
		-0.858409,
		-0.382945,
		-0.341301,
		0,
		-0.022764,
		0.541609,
		-0.234249,
		1,
	},
	[0.566666666667] = {
		-0.461183,
		0.026623,
		0.886905,
		0,
		-0.347001,
		0.914534,
		-0.20789,
		0,
		-0.81664,
		-0.403633,
		-0.412529,
		0,
		-0.027643,
		0.531789,
		-0.28611,
		1,
	},
	[0.5] = {
		-0.256021,
		-0.024721,
		0.966355,
		0,
		-0.351051,
		0.933802,
		-0.069117,
		0,
		-0.900675,
		-0.356936,
		-0.247752,
		0,
		-0.019331,
		0.550378,
		-0.186481,
		1,
	},
	[0.633333333333] = {
		-0.544943,
		0.069311,
		0.835604,
		0,
		-0.334362,
		0.895947,
		-0.292372,
		0,
		-0.768921,
		-0.43872,
		-0.465065,
		0,
		-0.037168,
		0.511022,
		-0.379439,
		1,
	},
	[0.666666666667] = {
		-0.555221,
		0.10782,
		0.824684,
		0,
		-0.316032,
		0.889838,
		-0.329108,
		0,
		-0.76932,
		-0.443355,
		-0.459983,
		0,
		-0.039525,
		0.498637,
		-0.409399,
		1,
	},
	[0.6] = {
		-0.511739,
		0.047104,
		0.857849,
		0,
		-0.34245,
		0.904564,
		-0.253954,
		0,
		-0.787941,
		-0.423729,
		-0.446769,
		0,
		-0.032822,
		0.521396,
		-0.336438,
		1,
	},
	[0.733333333333] = {
		-0.328625,
		0.270169,
		0.904994,
		0,
		-0.241456,
		0.902337,
		-0.357054,
		0,
		-0.913074,
		-0.335853,
		-0.231297,
		0,
		-0.022254,
		0.464042,
		-0.417049,
		1,
	},
	[0.766666666667] = {
		-0.124183,
		0.34765,
		0.929364,
		0,
		-0.213031,
		0.905433,
		-0.367163,
		0,
		-0.969122,
		-0.243579,
		-0.038379,
		0,
		-0.002046,
		0.444146,
		-0.406711,
		1,
	},
	[0.7] = {
		-0.489912,
		0.179625,
		0.853066,
		0,
		-0.281346,
		0.893604,
		-0.349737,
		0,
		-0.825124,
		-0.411347,
		-0.387251,
		0,
		-0.035379,
		0.482577,
		-0.420752,
		1,
	},
	[0.833333333333] = {
		0.226616,
		0.375187,
		0.898821,
		0,
		-0.175183,
		0.923481,
		-0.341312,
		0,
		-0.9581,
		-0.080112,
		0.275002,
		0,
		0.05189,
		0.404685,
		-0.372708,
		1,
	},
	[0.866666666667] = {
		0.393007,
		0.35284,
		0.849146,
		0,
		-0.131217,
		0.93552,
		-0.328,
		0,
		-0.910125,
		0.017483,
		0.413965,
		0,
		0.081744,
		0.387306,
		-0.35233,
		1,
	},
	[0.8] = {
		0.062487,
		0.381917,
		0.922082,
		0,
		-0.200147,
		0.909914,
		-0.363314,
		0,
		-0.977771,
		-0.16185,
		0.133298,
		0,
		0.023314,
		0.423995,
		-0.391384,
		1,
	},
	[0.933333333333] = {
		0.69445,
		0.279758,
		0.662929,
		0,
		-0.063285,
		0.941499,
		-0.331021,
		0,
		-0.716753,
		0.187924,
		0.671528,
		0,
		0.137934,
		0.362877,
		-0.304757,
		1,
	},
	[0.966666666667] = {
		0.810521,
		0.23766,
		0.535325,
		0,
		-0.067271,
		0.945702,
		-0.317996,
		0,
		-0.581833,
		0.221731,
		0.7825,
		0,
		0.160717,
		0.358757,
		-0.27836,
		1,
	},
	[0.9] = {
		0.552288,
		0.319741,
		0.769899,
		0,
		-0.088078,
		0.940735,
		-0.327507,
		0,
		-0.828988,
		0.113067,
		0.547718,
		0,
		0.110943,
		0.372892,
		-0.329895,
		1,
	},
	[1.03333333333] = {
		0.948527,
		0.112235,
		0.296141,
		0,
		-0.036672,
		0.967731,
		-0.249304,
		0,
		-0.314565,
		0.225612,
		0.922035,
		0,
		0.183681,
		0.372065,
		-0.227336,
		1,
	},
	[1.06666666667] = {
		0.963297,
		0.063891,
		0.260723,
		0,
		-0.004317,
		0.974824,
		-0.222934,
		0,
		-0.268403,
		0.213627,
		0.939321,
		0,
		0.18366,
		0.38777,
		-0.205253,
		1,
	},
	{
		0.901966,
		0.177844,
		0.393483,
		0,
		-0.066223,
		0.957438,
		-0.280938,
		0,
		-0.426699,
		0.227339,
		0.875354,
		0,
		0.176794,
		0.361933,
		-0.252134,
		1,
	},
	[1.13333333333] = {
		0.974691,
		0.029597,
		0.221589,
		0,
		0.010005,
		0.984429,
		-0.175495,
		0,
		-0.223332,
		0.17327,
		0.959218,
		0,
		0.178269,
		0.427471,
		-0.174189,
		1,
	},
	[1.16666666667] = {
		0.976559,
		0.023723,
		0.213937,
		0,
		0.00913,
		0.988449,
		-0.15128,
		0,
		-0.215055,
		0.149687,
		0.965062,
		0,
		0.174639,
		0.447133,
		-0.166165,
		1,
	},
	[1.1] = {
		0.970925,
		0.037283,
		0.236463,
		0,
		0.010709,
		0.980044,
		-0.198493,
		0,
		-0.239144,
		0.195254,
		0.95115,
		0,
		0.181459,
		0.40701,
		-0.18714,
		1,
	},
	[1.23333333333] = {
		0.977403,
		0.016298,
		0.210755,
		0,
		0.006313,
		0.994328,
		-0.106167,
		0,
		-0.211289,
		0.105098,
		0.971757,
		0,
		0.168193,
		0.477244,
		-0.156665,
		1,
	},
	[1.26666666667] = {
		0.977055,
		0.01427,
		0.212509,
		0,
		0.004168,
		0.996281,
		-0.086062,
		0,
		-0.212947,
		0.084973,
		0.973362,
		0,
		0.16654,
		0.485677,
		-0.153475,
		1,
	},
	[1.2] = {
		0.977266,
		0.019395,
		0.21113,
		0,
		0.007878,
		0.991797,
		-0.127577,
		0,
		-0.211872,
		0.12634,
		0.969097,
		0,
		0.171098,
		0.464271,
		-0.160838,
		1,
	},
	[1.33333333333] = {
		0.975063,
		0.012888,
		0.221555,
		0,
		-0.001922,
		0.998765,
		-0.049644,
		0,
		-0.221921,
		0.047981,
		0.973883,
		0,
		0.168352,
		0.493851,
		-0.149958,
		1,
	},
	[1.36666666667] = {
		0.974117,
		0.013047,
		0.225668,
		0,
		-0.004669,
		0.999281,
		-0.03762,
		0,
		-0.225997,
		0.035593,
		0.973478,
		0,
		0.170042,
		0.495131,
		-0.149142,
		1,
	},
	[1.3] = {
		0.976162,
		0.013216,
		0.216639,
		0,
		0.001251,
		0.997785,
		-0.066505,
		0,
		-0.217039,
		0.06519,
		0.973984,
		0,
		0.166784,
		0.490956,
		-0.151321,
		1,
	},
	[1.43333333333] = {
		0.973695,
		0.014265,
		0.227408,
		0,
		-0.00723,
		0.99947,
		-0.031737,
		0,
		-0.227741,
		0.029258,
		0.973282,
		0,
		0.170144,
		0.49585,
		-0.148227,
		1,
	},
	[1.4] = {
		0.973707,
		0.013603,
		0.227398,
		0,
		-0.006361,
		0.99945,
		-0.032549,
		0,
		-0.227716,
		0.030247,
		0.973258,
		0,
		0.170576,
		0.495581,
		-0.148629,
		1,
	},
}

return spline_matrices
