-- chunkname: @content/characters/player/human/first_person/animations/saw/heavy_swing_right.lua

local spline_matrices = {
	[0.016666666666666666] = {
		-0.086538,
		0.312092,
		0.946102,
		0,
		-0.987422,
		-0.153001,
		-0.039847,
		0,
		0.132319,
		-0.937651,
		0.321407,
		0,
		-0.436042,
		0.059139,
		-0.144432,
		1,
	},
	[0.03333333333333333] = {
		-0.102375,
		0.27641,
		0.955572,
		0,
		-0.979125,
		-0.197572,
		-0.047748,
		0,
		0.175596,
		-0.940512,
		0.290866,
		0,
		-0.443159,
		0.097258,
		-0.131277,
		1,
	},
	[0.05] = {
		-0.069914,
		0.23484,
		0.969517,
		0,
		-0.970595,
		-0.240432,
		-0.011753,
		0,
		0.230342,
		-0.94183,
		0.244744,
		0,
		-0.444894,
		0.154173,
		-0.111416,
		1,
	},
	[0.06666666666666667] = {
		-0.025334,
		0.198456,
		0.979782,
		0,
		-0.970982,
		-0.238035,
		0.023108,
		0,
		0.237809,
		-0.950765,
		0.198727,
		0,
		-0.437287,
		0.222729,
		-0.091823,
		1,
	},
	[0.08333333333333333] = {
		0.035534,
		0.158004,
		0.986799,
		0,
		-0.987892,
		-0.143659,
		0.058576,
		0,
		0.151018,
		-0.976932,
		0.150987,
		0,
		-0.428525,
		0.306922,
		-0.075325,
		1,
	},
	[0] = {
		-0.083975,
		0.342167,
		0.935879,
		0,
		-0.987004,
		-0.157696,
		-0.030908,
		0,
		0.137008,
		-0.926312,
		0.350962,
		0,
		-0.427322,
		0.043625,
		-0.149015,
		1,
	},
	[0.11666666666666667] = {
		0.136391,
		-0.112621,
		0.984233,
		0,
		-0.635958,
		0.751816,
		0.174155,
		0,
		-0.759575,
		-0.649684,
		0.030918,
		0,
		-0.340618,
		0.572103,
		-0.061753,
		1,
	},
	[0.13333333333333333] = {
		-0.025232,
		-0.256839,
		0.966125,
		0,
		0.158272,
		0.953217,
		0.257541,
		0,
		-0.987073,
		0.159409,
		0.016599,
		0,
		-0.156946,
		0.688703,
		-0.056643,
		1,
	},
	[0.15] = {
		-0.165294,
		-0.209931,
		0.963643,
		0,
		0.703753,
		0.659424,
		0.264371,
		0,
		-0.690948,
		0.721865,
		0.038741,
		0,
		0.089279,
		0.701212,
		-0.053716,
		1,
	},
	[0.16666666666666666] = {
		-0.189418,
		-0.091929,
		0.977584,
		0,
		0.961357,
		0.185209,
		0.20369,
		0,
		-0.199782,
		0.97839,
		0.053295,
		0,
		0.323965,
		0.668081,
		-0.056732,
		1,
	},
	[0.18333333333333332] = {
		-0.194104,
		-0.028005,
		0.980581,
		0,
		0.974605,
		-0.119285,
		0.189514,
		0,
		0.111661,
		0.992465,
		0.050448,
		0,
		0.482865,
		0.535797,
		-0.057566,
		1,
	},
	[0.1] = {
		0.109998,
		0.086251,
		0.990182,
		0,
		-0.98827,
		0.115669,
		0.09971,
		0,
		-0.105933,
		-0.989536,
		0.097963,
		0,
		-0.417174,
		0.409038,
		-0.065481,
		1,
	},
	[0.21666666666666667] = {
		-0.189325,
		0.032449,
		0.981378,
		0,
		0.852859,
		-0.489866,
		0.180729,
		0,
		0.486608,
		0.871194,
		0.06507,
		0,
		0.628812,
		0.164782,
		-0.059104,
		1,
	},
	[0.23333333333333334] = {
		-0.189791,
		0.04201,
		0.980925,
		0,
		0.762431,
		-0.623178,
		0.174205,
		0,
		0.61861,
		0.780951,
		0.086244,
		0,
		0.655846,
		-0.029477,
		-0.061433,
		1,
	},
	[0.25] = {
		-0.182286,
		0.046894,
		0.982127,
		0,
		0.681802,
		-0.713686,
		0.160621,
		0,
		0.708462,
		0.698895,
		0.098122,
		0,
		0.667672,
		-0.184058,
		-0.066807,
		1,
	},
	[0.26666666666666666] = {
		-0.152206,
		0.051359,
		0.987014,
		0,
		0.636539,
		-0.758862,
		0.137647,
		0,
		0.756076,
		0.649223,
		0.082811,
		0,
		0.668647,
		-0.248598,
		-0.076822,
		1,
	},
	[0.2833333333333333] = {
		-0.096396,
		0.056579,
		0.993734,
		0,
		0.632942,
		-0.767036,
		0.105069,
		0,
		0.768175,
		0.639104,
		0.038128,
		0,
		0.65391,
		-0.250184,
		-0.111014,
		1,
	},
	[0.2] = {
		-0.193311,
		0.010896,
		0.981077,
		0,
		0.928527,
		-0.321011,
		0.186521,
		0,
		0.316969,
		0.947013,
		0.051938,
		0,
		0.582305,
		0.34819,
		-0.057979,
		1,
	},
	[0.31666666666666665] = {
		0.058242,
		0.073304,
		0.995608,
		0,
		0.699366,
		-0.714668,
		0.011707,
		0,
		0.712387,
		0.695612,
		-0.09289,
		0,
		0.570008,
		-0.247209,
		-0.271925,
		1,
	},
	[0.3333333333333333] = {
		0.147502,
		0.091134,
		0.984854,
		0,
		0.749586,
		-0.659923,
		-0.051199,
		0,
		0.645262,
		0.745785,
		-0.165653,
		0,
		0.511003,
		-0.243135,
		-0.374951,
		1,
	},
	[0.35] = {
		0.237199,
		0.117815,
		0.964291,
		0,
		0.797437,
		-0.590523,
		-0.124007,
		0,
		0.554826,
		0.798375,
		-0.234021,
		0,
		0.447442,
		-0.237671,
		-0.477096,
		1,
	},
	[0.36666666666666664] = {
		0.321805,
		0.153049,
		0.934354,
		0,
		0.834727,
		-0.511607,
		-0.20369,
		0,
		0.446847,
		0.845479,
		-0.292392,
		0,
		0.378645,
		-0.231527,
		-0.503549,
		1,
	},
	[0.38333333333333336] = {
		0.397135,
		0.194804,
		0.896847,
		0,
		0.856564,
		-0.429539,
		-0.285997,
		0,
		0.329518,
		0.881786,
		-0.337447,
		0,
		0.328357,
		-0.222629,
		-0.51728,
		1,
	},
	[0.3] = {
		-0.024789,
		0.062766,
		0.99772,
		0,
		0.656976,
		-0.751226,
		0.063582,
		0,
		0.753504,
		0.657054,
		-0.022614,
		0,
		0.619328,
		-0.249636,
		-0.179991,
		1,
	},
	[0.4166666666666667] = {
		0.518432,
		0.294534,
		0.802794,
		0,
		0.851671,
		-0.262061,
		-0.45385,
		0,
		0.076706,
		0.919007,
		-0.386707,
		0,
		0.265218,
		-0.188706,
		-0.533596,
		1,
	},
	[0.43333333333333335] = {
		0.5669,
		0.365137,
		0.738444,
		0,
		0.819003,
		-0.153352,
		-0.552917,
		0,
		-0.088649,
		0.918236,
		-0.385984,
		0,
		0.241002,
		-0.142162,
		-0.543393,
		1,
	},
	[0.45] = {
		0.597338,
		0.445424,
		0.666922,
		0,
		0.757512,
		-0.040277,
		-0.651577,
		0,
		-0.263366,
		0.894413,
		-0.361473,
		0,
		0.218977,
		-0.083827,
		-0.55177,
		1,
	},
	[0.4666666666666667] = {
		0.606528,
		0.525104,
		0.596983,
		0,
		0.673014,
		0.060668,
		-0.737138,
		0,
		-0.423292,
		0.848873,
		-0.316605,
		0,
		0.199782,
		-0.025233,
		-0.556392,
		1,
	},
	[0.48333333333333334] = {
		0.59945,
		0.593011,
		0.537585,
		0,
		0.5827,
		0.137137,
		-0.801033,
		0,
		-0.548744,
		0.79343,
		-0.263341,
		0,
		0.184549,
		0.021205,
		-0.557084,
		1,
	},
	[0.4] = {
		0.46109,
		0.239938,
		0.854298,
		0,
		0.861688,
		-0.350946,
		-0.366512,
		0,
		0.211872,
		0.905134,
		-0.368569,
		0,
		0.292576,
		-0.212882,
		-0.52551,
		1,
	},
	[0.5166666666666667] = {
		0.574865,
		0.674902,
		0.462642,
		0,
		0.45164,
		0.20976,
		-0.867192,
		0,
		-0.682313,
		0.707466,
		-0.184229,
		0,
		0.16583,
		0.048187,
		-0.554762,
		1,
	},
	[0.5333333333333333] = {
		0.560922,
		0.704982,
		0.434012,
		0,
		0.398227,
		0.229847,
		-0.888023,
		0,
		-0.725797,
		0.670948,
		-0.151817,
		0,
		0.158439,
		0.052569,
		-0.55328,
		1,
	},
	[0.55] = {
		0.546296,
		0.730938,
		0.409011,
		0,
		0.349274,
		0.245039,
		-0.904414,
		0,
		-0.761294,
		0.636934,
		-0.121434,
		0,
		0.151685,
		0.056336,
		-0.5516,
		1,
	},
	[0.5666666666666667] = {
		0.531712,
		0.753192,
		0.387278,
		0,
		0.305024,
		0.256284,
		-0.917212,
		0,
		-0.79009,
		0.605822,
		-0.093472,
		0,
		0.145528,
		0.05956,
		-0.549781,
		1,
	},
	[0.5833333333333334] = {
		0.517697,
		0.772163,
		0.368449,
		0,
		0.26551,
		0.264391,
		-0.927147,
		0,
		-0.813323,
		0.577808,
		-0.068142,
		0,
		0.139924,
		0.062304,
		-0.547873,
		1,
	},
	[0.5] = {
		0.587159,
		0.640311,
		0.495224,
		0,
		0.508961,
		0.183696,
		-0.84096,
		0,
		-0.629447,
		0.745827,
		-0.218034,
		0,
		0.17389,
		0.043101,
		-0.555972,
		1,
	},
	[0.6166666666666667] = {
		0.492716,
		0.801802,
		0.338147,
		0,
		0.200159,
		0.273744,
		-0.940745,
		0,
		-0.846857,
		0.531204,
		-0.02561,
		0,
		0.130187,
		0.066552,
		-0.543926,
		1,
	},
	[0.6333333333333333] = {
		0.482146,
		0.81315,
		0.326072,
		0,
		0.173875,
		0.27597,
		-0.945308,
		0,
		-0.858663,
		0.512472,
		-0.008329,
		0,
		0.125967,
		0.068137,
		-0.541939,
		1,
	},
	[0.65] = {
		0.472985,
		0.822567,
		0.315705,
		0,
		0.151497,
		0.277055,
		-0.948836,
		0,
		-0.867948,
		0.496613,
		0.006426,
		0,
		0.122127,
		0.069408,
		-0.539965,
		1,
	},
	[0.6666666666666666] = {
		0.465262,
		0.830293,
		0.30683,
		0,
		0.132744,
		0.277266,
		-0.951579,
		0,
		-0.875163,
		0.483463,
		0.018785,
		0,
		0.118629,
		0.070394,
		-0.538016,
		1,
	},
	[0.6833333333333333] = {
		0.458968,
		0.836535,
		0.299261,
		0,
		0.117336,
		0.27681,
		-0.953734,
		0,
		-0.880671,
		0.472847,
		0.028891,
		0,
		0.11544,
		0.071121,
		-0.5361,
		1,
	},
	[0.6] = {
		0.504617,
		0.788246,
		0.352178,
		0,
		0.230621,
		0.27003,
		-0.934825,
		0,
		-0.831971,
		0.552948,
		-0.045525,
		0,
		0.134825,
		0.06462,
		-0.545912,
		1,
	},
	[0.7166666666666667] = {
		0.450497,
		0.845244,
		0.287429,
		0,
		0.095494,
		0.274481,
		-0.956839,
		0,
		-0.887656,
		0.458501,
		0.042937,
		0,
		0.109874,
		0.071887,
		-0.532389,
		1,
	},
	[0.7333333333333333] = {
		0.448192,
		0.847988,
		0.282914,
		0,
		0.088554,
		0.272808,
		-0.957984,
		0,
		-0.88954,
		0.454414,
		0.047177,
		0,
		0.107442,
		0.071968,
		-0.530597,
		1,
	},
	[0.75] = {
		0.447067,
		0.849813,
		0.279192,
		0,
		0.083951,
		0.270881,
		-0.958945,
		0,
		-0.890552,
		0.452151,
		0.04976,
		0,
		0.105213,
		0.071874,
		-0.52885,
		1,
	},
	[0.7666666666666667] = {
		0.447032,
		0.850817,
		0.276176,
		0,
		0.081457,
		0.268741,
		-0.959762,
		0,
		-0.890802,
		0.451541,
		0.050831,
		0,
		0.103165,
		0.071624,
		-0.527146,
		1,
	},
	[0.7833333333333333] = {
		0.44799,
		0.851085,
		0.273787,
		0,
		0.080856,
		0.266412,
		-0.960462,
		0,
		-0.890375,
		0.452414,
		0.050535,
		0,
		0.101277,
		0.071234,
		-0.525484,
		1,
	},
	[0.7] = {
		0.454065,
		0.841469,
		0.292839,
		0,
		0.105006,
		0.275843,
		-0.95545,
		0,
		-0.884759,
		0.464587,
		0.036892,
		0,
		0.112531,
		0.071611,
		-0.534224,
		1,
	},
	[0.8166666666666667] = {
		0.452475,
		0.849727,
		0.270611,
		0,
		0.084482,
		0.261243,
		-0.961569,
		0,
		-0.887766,
		0.457948,
		0.04642,
		0,
		0.097904,
		0.070106,
		-0.522276,
		1,
	},
	[0.8333333333333334] = {
		0.455789,
		0.848247,
		0.269693,
		0,
		0.088291,
		0.258416,
		-0.961991,
		0,
		-0.885698,
		0.462276,
		0.04289,
		0,
		0.096381,
		0.069401,
		-0.520725,
		1,
	},
	[0.85] = {
		0.459668,
		0.846327,
		0.269139,
		0,
		0.093154,
		0.255433,
		-0.962329,
		0,
		-0.883192,
		0.467423,
		0.038576,
		0,
		0.094944,
		0.068624,
		-0.519206,
		1,
	},
	[0.8666666666666667] = {
		0.464001,
		0.844041,
		0.268883,
		0,
		0.09886,
		0.2523,
		-0.962586,
		0,
		-0.880301,
		0.473222,
		0.033625,
		0,
		0.093574,
		0.06779,
		-0.517716,
		1,
	},
	[0.8833333333333333] = {
		0.468671,
		0.841464,
		0.26886,
		0,
		0.105197,
		0.249026,
		-0.962767,
		0,
		-0.877087,
		0.479504,
		0.028192,
		0,
		0.092255,
		0.066916,
		-0.516252,
		1,
	},
	[0.8] = {
		0.449839,
		0.850697,
		0.271955,
		0,
		0.081934,
		0.26391,
		-0.961061,
		0,
		-0.889343,
		0.454605,
		0.049016,
		0,
		0.09953,
		0.070723,
		-0.523861,
		1,
	},
	[0.9166666666666666] = {
		0.478557,
		0.835762,
		0.26923,
		0,
		0.118889,
		0.242121,
		-0.962935,
		0,
		-0.86997,
		0.492828,
		0.016506,
		0,
		0.089693,
		0.06511,
		-0.513388,
		1,
	},
	[0.9333333333333333] = {
		0.483539,
		0.832812,
		0.26947,
		0,
		0.125797,
		0.238539,
		-0.962951,
		0,
		-0.866236,
		0.499523,
		0.010577,
		0,
		0.088415,
		0.06421,
		-0.511983,
		1,
	},
	[0.95] = {
		0.488389,
		0.829923,
		0.269636,
		0,
		0.132442,
		0.234916,
		-0.96295,
		0,
		-0.862517,
		0.506006,
		0.004814,
		0,
		0.087115,
		0.063333,
		-0.510593,
		1,
	},
	[0.9666666666666667] = {
		0.492989,
		0.827198,
		0.269639,
		0,
		0.13859,
		0.231297,
		-0.962961,
		0,
		-0.858926,
		0.512099,
		-0.000614,
		0,
		0.085773,
		0.062496,
		-0.509214,
		1,
	},
	[0.9833333333333333] = {
		0.497221,
		0.824745,
		0.269383,
		0,
		0.144001,
		0.227731,
		-0.963017,
		0,
		-0.85559,
		0.517624,
		-0.005532,
		0,
		0.084372,
		0.061714,
		-0.507844,
		1,
	},
	[0.9] = {
		0.473562,
		0.838676,
		0.269,
		0,
		0.111946,
		0.245626,
		-0.962879,
		0,
		-0.873617,
		0.486096,
		0.022432,
		0,
		0.090967,
		0.066017,
		-0.51481,
		1,
	},
	[1.0166666666666666] = {
		0.5041,
		0.821108,
		0.267701,
		0,
		0.151651,
		0.220993,
		-0.963413,
		0,
		-0.850226,
		0.526254,
		-0.013119,
		0,
		0.081316,
		0.06038,
		-0.505122,
		1,
	},
	[1.0333333333333334] = {
		0.506503,
		0.820159,
		0.26607,
		0,
		0.153402,
		0.217943,
		-0.96383,
		0,
		-0.848482,
		0.528999,
		-0.015425,
		0,
		0.079623,
		0.05986,
		-0.503764,
		1,
	},
	[1.05] = {
		0.508046,
		0.819946,
		0.263777,
		0,
		0.153443,
		0.215187,
		-0.964443,
		0,
		-0.847552,
		0.530456,
		-0.016489,
		0,
		0.077796,
		0.059459,
		-0.502406,
		1,
	},
	[1.0666666666666667] = {
		0.508594,
		0.820582,
		0.260723,
		0,
		0.151529,
		0.21278,
		-0.965279,
		0,
		-0.847568,
		0.530443,
		-0.016123,
		0,
		0.075818,
		0.059192,
		-0.501043,
		1,
	},
	[1.0833333333333333] = {
		0.508007,
		0.822176,
		0.256817,
		0,
		0.147419,
		0.210767,
		-0.966357,
		0,
		-0.848644,
		0.528776,
		-0.014133,
		0,
		0.073671,
		0.059074,
		-0.499673,
		1,
	},
	{
		0.500965,
		0.822676,
		0.268771,
		0,
		0.148436,
		0.224276,
		-0.963155,
		0,
		-0.852643,
		0.522402,
		-0.00976,
		0,
		0.082893,
		0.061003,
		-0.506481,
		1,
	},
	[1.1166666666666667] = {
		0.50281,
		0.828611,
		0.246141,
		0,
		0.131659,
		0.208017,
		-0.969224,
		0,
		-0.854311,
		0.519742,
		-0.004501,
		0,
		0.068808,
		0.059337,
		-0.496889,
		1,
	},
	[1.1333333333333333] = {
		0.50281,
		0.828611,
		0.246141,
		0,
		0.131659,
		0.208017,
		-0.969224,
		0,
		-0.854311,
		0.519742,
		-0.004501,
		0,
		0.068808,
		0.059337,
		-0.496889,
		1,
	},
	[1.1] = {
		0.506134,
		0.824825,
		0.251978,
		0,
		0.140873,
		0.209176,
		-0.967678,
		0,
		-0.850872,
		0.525271,
		-0.010324,
		0,
		0.071339,
		0.059118,
		-0.498289,
		1,
	},
}

return spline_matrices
