-- chunkname: @content/characters/player/human/first_person/animations/saw/heavy_swing_left.lua

local spline_matrices = {
	[0.016666666666666666] = {
		0.033941,
		0.051793,
		-0.998081,
		0,
		-0.952138,
		0.305222,
		-0.01654,
		0,
		0.30378,
		0.950872,
		0.059673,
		0,
		-0.103132,
		0.692889,
		-0.030883,
		1,
	},
	[0.03333333333333333] = {
		0.033342,
		0.053105,
		-0.998032,
		0,
		-0.959782,
		0.280221,
		-0.017154,
		0,
		0.278759,
		0.958465,
		0.060312,
		0,
		-0.103106,
		0.694406,
		-0.030657,
		1,
	},
	[0.05] = {
		0.03183,
		0.055038,
		-0.997977,
		0,
		-0.970349,
		0.241063,
		-0.017654,
		0,
		0.239604,
		0.968948,
		0.061079,
		0,
		-0.10352,
		0.695096,
		-0.030422,
		1,
	},
	[0.06666666666666667] = {
		0.033105,
		0.053992,
		-0.997992,
		0,
		-0.967072,
		0.253839,
		-0.018347,
		0,
		0.252339,
		0.965738,
		0.060618,
		0,
		-0.114804,
		0.699637,
		-0.029934,
		1,
	},
	[0.08333333333333333] = {
		0.034717,
		0.052883,
		-0.997997,
		0,
		-0.960494,
		0.27767,
		-0.018699,
		0,
		0.276125,
		0.95922,
		0.060434,
		0,
		-0.142994,
		0.700027,
		-0.030546,
		1,
	},
	[0] = {
		0.030517,
		0.052887,
		-0.998134,
		0,
		-0.968496,
		0.248487,
		-0.016444,
		0,
		0.247154,
		0.96719,
		0.058804,
		0,
		-0.069083,
		0.690391,
		-0.029734,
		1,
	},
	[0.11666666666666667] = {
		0.0283,
		0.08289,
		-0.996157,
		0,
		-0.977113,
		0.212482,
		-0.010078,
		0,
		0.21083,
		0.973643,
		0.087006,
		0,
		-0.205382,
		0.553575,
		-0.078291,
		1,
	},
	[0.13333333333333333] = {
		0.018094,
		0.10977,
		-0.993792,
		0,
		-0.988457,
		0.151496,
		-0.001263,
		0,
		0.150417,
		0.982344,
		0.111244,
		0,
		-0.232759,
		0.440619,
		-0.127232,
		1,
	},
	[0.15] = {
		0.006534,
		0.129599,
		-0.991545,
		0,
		-0.995256,
		0.097101,
		0.006133,
		0,
		0.097075,
		0.986801,
		0.129618,
		0,
		-0.283153,
		0.36374,
		-0.16193,
		1,
	},
	[0.16666666666666666] = {
		-0.009641,
		0.143467,
		-0.989608,
		0,
		-0.999948,
		-0.00458,
		0.009078,
		0,
		-0.00323,
		0.989645,
		0.143504,
		0,
		-0.358817,
		0.306088,
		-0.178891,
		1,
	},
	[0.18333333333333332] = {
		-0.018274,
		0.146038,
		-0.98911,
		0,
		-0.990674,
		-0.136241,
		-0.001812,
		0,
		-0.135022,
		0.979853,
		0.147165,
		0,
		-0.419703,
		0.231491,
		-0.201829,
		1,
	},
	[0.1] = {
		0.031812,
		0.059556,
		-0.997718,
		0,
		-0.969357,
		0.245118,
		-0.016276,
		0,
		0.243589,
		0.967662,
		0.065528,
		0,
		-0.178239,
		0.659893,
		-0.040744,
		1,
	},
	[0.21666666666666667] = {
		0.032174,
		0.120682,
		-0.99217,
		0,
		-0.932969,
		-0.352451,
		-0.073125,
		0,
		-0.358516,
		0.928016,
		0.101253,
		0,
		-0.429449,
		0.104617,
		-0.273761,
		1,
	},
	[0.23333333333333334] = {
		0.099362,
		0.09462,
		-0.990542,
		0,
		-0.898852,
		-0.418483,
		-0.13014,
		0,
		-0.426839,
		0.903282,
		0.043468,
		0,
		-0.404356,
		0.075735,
		-0.309311,
		1,
	},
	[0.25] = {
		0.183199,
		0.064982,
		-0.980926,
		0,
		-0.859068,
		-0.474538,
		-0.191877,
		0,
		-0.477955,
		0.877833,
		-0.03111,
		0,
		-0.386899,
		0.052111,
		-0.345633,
		1,
	},
	[0.26666666666666666] = {
		0.27981,
		0.031368,
		-0.959543,
		0,
		-0.815765,
		-0.519207,
		-0.254857,
		0,
		-0.506196,
		0.854072,
		-0.119691,
		0,
		-0.37971,
		0.029704,
		-0.383392,
		1,
	},
	[0.2833333333333333] = {
		0.384475,
		-0.007235,
		-0.923107,
		0,
		-0.771859,
		-0.551038,
		-0.317161,
		0,
		-0.506372,
		0.834449,
		-0.217445,
		0,
		-0.37528,
		0.009745,
		-0.420594,
		1,
	},
	[0.2] = {
		-0.007823,
		0.138584,
		-0.99032,
		0,
		-0.965187,
		-0.259974,
		-0.028755,
		0,
		-0.261442,
		0.955619,
		0.135793,
		0,
		-0.442403,
		0.155836,
		-0.236673,
		1,
	},
	[0.31666666666666665] = {
		0.573237,
		-0.09761,
		-0.813555,
		0,
		-0.7038,
		-0.567097,
		-0.427862,
		0,
		-0.419601,
		0.817847,
		-0.393779,
		0,
		-0.371675,
		-0.023133,
		-0.490914,
		1,
	},
	[0.3333333333333333] = {
		0.652175,
		-0.150011,
		-0.743078,
		0,
		-0.674576,
		-0.562052,
		-0.478587,
		0,
		-0.345855,
		0.813385,
		-0.46775,
		0,
		-0.330755,
		-0.023036,
		-0.52105,
		1,
	},
	[0.35] = {
		0.723424,
		-0.207688,
		-0.658425,
		0,
		-0.6414,
		-0.55506,
		-0.529635,
		0,
		-0.255466,
		0.805465,
		-0.534755,
		0,
		-0.285589,
		-0.01933,
		-0.551298,
		1,
	},
	[0.36666666666666664] = {
		0.782454,
		-0.268382,
		-0.561905,
		0,
		-0.603775,
		-0.547796,
		-0.579116,
		0,
		-0.152385,
		0.792396,
		-0.590667,
		0,
		-0.237463,
		-0.013003,
		-0.581257,
		1,
	},
	[0.38333333333333336] = {
		0.826037,
		-0.329285,
		-0.457421,
		0,
		-0.562051,
		-0.541696,
		-0.625032,
		0,
		-0.04197,
		0.773393,
		-0.632536,
		0,
		-0.18759,
		-0.004953,
		-0.610375,
		1,
	},
	[0.3] = {
		0.491613,
		-0.051993,
		-0.86926,
		0,
		-0.730258,
		-0.568403,
		-0.379001,
		0,
		-0.474385,
		0.821106,
		-0.317403,
		0,
		-0.3745,
		-0.008344,
		-0.456316,
		1,
	},
	[0.4166666666666667] = {
		0.863967,
		-0.440107,
		-0.244676,
		0,
		-0.471589,
		-0.536843,
		-0.699574,
		0,
		0.176534,
		0.719795,
		-0.671365,
		0,
		-0.088035,
		0.012935,
		-0.664015,
		1,
	},
	[0.43333333333333335] = {
		0.862045,
		-0.485246,
		-0.146338,
		0,
		-0.426659,
		-0.53893,
		-0.726303,
		0,
		0.27357,
		0.688542,
		-0.671617,
		0,
		-0.04127,
		0.021226,
		-0.687683,
		1,
	},
	[0.45] = {
		0.851232,
		-0.521513,
		-0.058557,
		0,
		-0.384571,
		-0.543971,
		-0.745788,
		0,
		0.357085,
		0.657358,
		-0.663604,
		0,
		0.001503,
		0.028136,
		-0.708833,
		1,
	},
	[0.4666666666666667] = {
		0.836156,
		-0.548251,
		0.016243,
		0,
		-0.346977,
		-0.551657,
		-0.758474,
		0,
		0.424795,
		0.628566,
		-0.651501,
		0,
		0.038826,
		0.033001,
		-0.727249,
		1,
	},
	[0.48333333333333334] = {
		0.821352,
		-0.565246,
		0.076669,
		0,
		-0.315108,
		-0.561645,
		-0.765024,
		0,
		0.475488,
		0.604195,
		-0.639421,
		0,
		0.069293,
		0.035163,
		-0.742756,
		1,
	},
	[0.4] = {
		0.852904,
		-0.387426,
		-0.349936,
		0,
		-0.517398,
		-0.537834,
		-0.665608,
		0,
		0.069666,
		0.748756,
		-0.659174,
		0,
		-0.137304,
		0.003961,
		-0.638119,
		1,
	},
	[0.5166666666666667] = {
		0.8041,
		-0.573601,
		0.156223,
		0,
		-0.269603,
		-0.58605,
		-0.764107,
		0,
		0.529847,
		0.5723,
		-0.625888,
		0,
		0.108022,
		0.031015,
		-0.765234,
		1,
	},
	[0.5333333333333333] = {
		0.798546,
		-0.572985,
		0.184427,
		0,
		-0.252616,
		-0.597113,
		-0.761341,
		0,
		0.546361,
		0.561377,
		-0.621567,
		0,
		0.122119,
		0.028427,
		-0.77377,
		1,
	},
	[0.55] = {
		0.794449,
		-0.570918,
		0.207133,
		0,
		-0.238506,
		-0.606938,
		-0.758117,
		0,
		0.558539,
		0.552883,
		-0.618348,
		0,
		0.133971,
		0.02618,
		-0.780911,
		1,
	},
	[0.5666666666666667] = {
		0.79196,
		-0.567661,
		0.224856,
		0,
		-0.226988,
		-0.615604,
		-0.754658,
		0,
		0.566812,
		0.546619,
		-0.616386,
		0,
		0.143713,
		0.024258,
		-0.786758,
		1,
	},
	[0.5833333333333334] = {
		0.791138,
		-0.563411,
		0.238052,
		0,
		-0.217802,
		-0.6232,
		-0.751122,
		0,
		0.571545,
		0.542392,
		-0.615749,
		0,
		0.151476,
		0.022641,
		-0.791407,
		1,
	},
	[0.5] = {
		0.81084,
		-0.572422,
		0.12195,
		0,
		-0.28978,
		-0.573686,
		-0.766102,
		0,
		0.508494,
		0.585847,
		-0.631044,
		0,
		0.091547,
		0.033956,
		-0.75519,
		1,
	},
	[0.6166666666666667] = {
		0.794395,
		-0.552464,
		0.252428,
		0,
		-0.205519,
		-0.635553,
		-0.7442,
		0,
		0.571575,
		0.53931,
		-0.618423,
		0,
		0.161602,
		0.020244,
		-0.797465,
		1,
	},
	[0.6333333333333333] = {
		0.798308,
		-0.545938,
		0.254275,
		0,
		-0.202023,
		-0.640498,
		-0.740911,
		0,
		0.567354,
		0.540106,
		-0.621607,
		0,
		0.164226,
		0.019421,
		-0.799038,
		1,
	},
	[0.65] = {
		0.803574,
		-0.538782,
		0.252947,
		0,
		-0.200058,
		-0.644742,
		-0.737757,
		0,
		0.560575,
		0.542238,
		-0.625886,
		0,
		0.165398,
		0.018817,
		-0.799744,
		1,
	},
	[0.6666666666666666] = {
		0.810038,
		-0.531024,
		0.2487,
		0,
		-0.199466,
		-0.648374,
		-0.734728,
		0,
		0.551409,
		0.54555,
		-0.631129,
		0,
		0.165247,
		0.018412,
		-0.79966,
		1,
	},
	[0.6833333333333333] = {
		0.817524,
		-0.522685,
		0.241775,
		0,
		-0.2001,
		-0.651479,
		-0.731803,
		0,
		0.540014,
		0.549887,
		-0.637189,
		0,
		0.163903,
		0.018181,
		-0.798857,
		1,
	},
	[0.6] = {
		0.791971,
		-0.558312,
		0.247125,
		0,
		-0.210716,
		-0.629818,
		-0.747615,
		0,
		0.573046,
		0.540016,
		-0.616443,
		0,
		0.157396,
		0.02131,
		-0.794948,
		1,
	},
	[0.7166666666666667] = {
		0.834814,
		-0.504311,
		0.220805,
		0,
		-0.204491,
		-0.656434,
		-0.726139,
		0,
		0.511144,
		0.561039,
		-0.651127,
		0,
		0.158149,
		0.018154,
		-0.795391,
		1,
	},
	[0.7333333333333333] = {
		0.844231,
		-0.494303,
		0.207217,
		0,
		-0.207979,
		-0.658438,
		-0.723329,
		0,
		0.493983,
		0.56756,
		-0.658678,
		0,
		0.153997,
		0.018313,
		-0.792871,
		1,
	},
	[0.75] = {
		0.853903,
		-0.483771,
		0.191873,
		0,
		-0.21215,
		-0.660224,
		-0.720483,
		0,
		0.475228,
		0.574517,
		-0.6664,
		0,
		0.149167,
		0.018559,
		-0.789923,
		1,
	},
	[0.7666666666666667] = {
		0.863644,
		-0.472743,
		0.175023,
		0,
		-0.216871,
		-0.661861,
		-0.71757,
		0,
		0.455067,
		0.581767,
		-0.674137,
		0,
		0.143789,
		0.01887,
		-0.786619,
		1,
	},
	[0.7833333333333333] = {
		0.873278,
		-0.461259,
		0.156928,
		0,
		-0.222004,
		-0.663413,
		-0.714561,
		0,
		0.433705,
		0.589171,
		-0.681745,
		0,
		0.137991,
		0.019226,
		-0.783034,
		1,
	},
	[0.7] = {
		0.825847,
		-0.513777,
		0.232401,
		0,
		-0.20182,
		-0.654139,
		-0.728952,
		0,
		0.526541,
		0.5551,
		-0.643909,
		0,
		0.161494,
		0.018102,
		-0.797411,
		1,
	},
	[0.8166666666666667] = {
		0.891603,
		-0.437137,
		0.118133,
		0,
		-0.232942,
		-0.666497,
		-0.708181,
		0,
		0.388307,
		0.603898,
		-0.696078,
		0,
		0.125657,
		0.019992,
		-0.775323,
		1,
	},
	[0.8333333333333334] = {
		0.900037,
		-0.424643,
		0.098038,
		0,
		-0.238459,
		-0.668133,
		-0.704795,
		0,
		0.364789,
		0.610963,
		-0.702605,
		0,
		0.11938,
		0.020366,
		-0.771351,
		1,
	},
	[0.85] = {
		0.907857,
		-0.411978,
		0.077906,
		0,
		-0.243812,
		-0.669893,
		-0.701284,
		0,
		0.341103,
		0.617672,
		-0.708612,
		0,
		0.113202,
		0.02071,
		-0.767408,
		1,
	},
	[0.8666666666666667] = {
		0.915002,
		-0.399247,
		0.058076,
		0,
		-0.248853,
		-0.671813,
		-0.697667,
		0,
		0.317557,
		0.623915,
		-0.714064,
		0,
		0.107252,
		0.021008,
		-0.763573,
		1,
	},
	[0.8833333333333333] = {
		0.921441,
		-0.386566,
		0.038893,
		0,
		-0.253435,
		-0.673925,
		-0.693971,
		0,
		0.294476,
		0.629596,
		-0.718952,
		0,
		0.101658,
		0.021244,
		-0.75993,
		1,
	},
	[0.8] = {
		0.882644,
		-0.449369,
		0.137866,
		0,
		-0.227408,
		-0.66494,
		-0.711435,
		0,
		0.411369,
		0.596592,
		-0.689096,
		0,
		0.131904,
		0.019606,
		-0.779244,
		1,
	},
	[0.9166666666666666] = {
		0.932222,
		-0.361867,
		0.003893,
		0,
		-0.260638,
		-0.678827,
		-0.686485,
		0,
		0.251059,
		0.638941,
		-0.727134,
		0,
		0.092048,
		0.021476,
		-0.753557,
		1,
	},
	[0.9333333333333333] = {
		0.936638,
		-0.350119,
		-0.011209,
		0,
		-0.262975,
		-0.681652,
		-0.682784,
		0,
		0.231415,
		0.64247,
		-0.730534,
		0,
		0.088286,
		0.021445,
		-0.750996,
		1,
	},
	[0.95] = {
		0.94049,
		-0.338957,
		-0.024235,
		0,
		-0.264286,
		-0.684743,
		-0.679176,
		0,
		0.213617,
		0.645162,
		-0.733576,
		0,
		0.085385,
		0.021298,
		-0.748967,
		1,
	},
	[0.9666666666666667] = {
		0.943855,
		-0.328519,
		-0.034831,
		0,
		-0.26444,
		-0.68811,
		-0.675705,
		0,
		0.198014,
		0.646978,
		-0.736349,
		0,
		0.083471,
		0.021023,
		-0.747556,
		1,
	},
	[0.9833333333333333] = {
		0.946815,
		-0.318938,
		-0.042649,
		0,
		-0.26331,
		-0.691758,
		-0.672413,
		0,
		0.184955,
		0.647881,
		-0.738947,
		0,
		0.082668,
		0.020609,
		-0.746849,
		1,
	},
	[0.9] = {
		0.927173,
		-0.374061,
		0.020713,
		0,
		-0.257411,
		-0.676257,
		-0.690229,
		0,
		0.272195,
		0.63463,
		-0.723295,
		0,
		0.096548,
		0.021405,
		-0.756563,
		1,
	},
}

return spline_matrices
