-- chunkname: @content/characters/player/human/first_person/animations/saw/heavy_swing_right_diagonal.lua

local spline_matrices = {
	[0.016666666666666666] = {
		0.609724,
		0.093266,
		0.787107,
		0,
		-0.644171,
		-0.520302,
		0.560651,
		0,
		0.461824,
		-0.848874,
		-0.257161,
		0,
		-0.331393,
		0.116719,
		0.131123,
		1,
	},
	[0.03333333333333333] = {
		0.666336,
		0.034826,
		0.744838,
		0,
		-0.665508,
		-0.422745,
		0.615131,
		0,
		0.336299,
		-0.90558,
		-0.258513,
		0,
		-0.366727,
		0.138359,
		0.146079,
		1,
	},
	[0.05] = {
		0.71372,
		-0.03401,
		0.699605,
		0,
		-0.670365,
		-0.322673,
		0.668202,
		0,
		0.203018,
		-0.9459,
		-0.253096,
		0,
		-0.400539,
		0.166705,
		0.161523,
		1,
	},
	[0.06666666666666667] = {
		0.74705,
		-0.107589,
		0.656004,
		0,
		-0.661409,
		-0.219378,
		0.717225,
		0,
		0.066747,
		-0.96969,
		-0.235046,
		0,
		-0.416193,
		0.198234,
		0.17182,
		1,
	},
	[0.08333333333333333] = {
		0.763763,
		-0.179493,
		0.620039,
		0,
		-0.641957,
		-0.11076,
		0.758698,
		0,
		-0.067506,
		-0.977504,
		-0.199821,
		0,
		-0.414063,
		0.230378,
		0.177387,
		1,
	},
	[0] = {
		0.550607,
		0.136835,
		0.823473,
		0,
		-0.60452,
		-0.614922,
		0.506386,
		0,
		0.575663,
		-0.776626,
		-0.25586,
		0,
		-0.311306,
		0.105327,
		0.122089,
		1,
	},
	[0.11666666666666667] = {
		0.768697,
		-0.317938,
		0.554996,
		0,
		-0.551934,
		0.108766,
		0.826764,
		0,
		-0.323225,
		-0.941852,
		-0.091873,
		0,
		-0.38772,
		0.305379,
		0.180891,
		1,
	},
	[0.13333333333333333] = {
		0.756925,
		-0.362221,
		0.543931,
		0,
		-0.505517,
		0.202938,
		0.838611,
		0,
		-0.414147,
		-0.909732,
		-0.0295,
		0,
		-0.362443,
		0.364687,
		0.174703,
		1,
	},
	[0.15] = {
		0.720933,
		-0.398793,
		0.566762,
		0,
		-0.458442,
		0.338866,
		0.821584,
		0,
		-0.519699,
		-0.852135,
		0.061476,
		0,
		-0.329312,
		0.42996,
		0.16198,
		1,
	},
	[0.16666666666666666] = {
		0.642542,
		-0.420067,
		0.640846,
		0,
		-0.37054,
		0.561712,
		0.739716,
		0,
		-0.670701,
		-0.712758,
		0.205272,
		0,
		-0.286987,
		0.501446,
		0.140313,
		1,
	},
	[0.18333333333333332] = {
		0.495673,
		-0.360211,
		0.790288,
		0,
		-0.061122,
		0.893213,
		0.44546,
		0,
		-0.866356,
		-0.269106,
		0.420725,
		0,
		-0.183664,
		0.583539,
		0.072524,
		1,
	},
	[0.1] = {
		0.770076,
		-0.254157,
		0.585139,
		0,
		-0.603583,
		0.00673,
		0.797272,
		0,
		-0.20657,
		-0.96714,
		-0.148222,
		0,
		-0.405067,
		0.26039,
		0.181375,
		1,
	},
	[0.21666666666666667] = {
		0.571019,
		-0.041906,
		0.819867,
		0,
		0.546478,
		0.764672,
		-0.341524,
		0,
		-0.612618,
		0.643056,
		0.459542,
		0,
		0.08614,
		0.561393,
		-0.110921,
		1,
	},
	[0.23333333333333334] = {
		0.550453,
		-0.042896,
		0.833764,
		0,
		0.723854,
		0.522122,
		-0.451027,
		0,
		-0.415979,
		0.851792,
		0.318454,
		0,
		0.225218,
		0.495523,
		-0.197339,
		1,
	},
	[0.25] = {
		0.500133,
		-0.067871,
		0.863285,
		0,
		0.843866,
		0.261906,
		-0.468291,
		0,
		-0.194316,
		0.962704,
		0.188262,
		0,
		0.332134,
		0.405284,
		-0.267852,
		1,
	},
	[0.26666666666666666] = {
		0.453348,
		-0.0912,
		0.886655,
		0,
		0.890598,
		0.005946,
		-0.454752,
		0,
		0.036202,
		0.995815,
		0.083918,
		0,
		0.417509,
		0.316753,
		-0.325211,
		1,
	},
	[0.2833333333333333] = {
		0.42955,
		-0.114903,
		0.895703,
		0,
		0.867395,
		-0.223436,
		-0.444637,
		0,
		0.251223,
		0.967923,
		0.003689,
		0,
		0.486062,
		0.231067,
		-0.375785,
		1,
	},
	[0.2] = {
		0.551814,
		-0.12608,
		0.824382,
		0,
		0.289501,
		0.955995,
		-0.047572,
		0,
		-0.782108,
		0.26491,
		0.564031,
		0,
		-0.049598,
		0.6206,
		0.007337,
		1,
	},
	[0.31666666666666665] = {
		0.354753,
		-0.269753,
		0.8952,
		0,
		0.713384,
		-0.540803,
		-0.445663,
		0,
		0.604346,
		0.796722,
		0.000587,
		0,
		0.583055,
		0.088328,
		-0.456349,
		1,
	},
	[0.3333333333333333] = {
		0.280087,
		-0.390545,
		0.876941,
		0,
		0.612637,
		-0.630577,
		-0.476496,
		0,
		0.739072,
		0.670707,
		0.062646,
		0,
		0.6229,
		0.02814,
		-0.491692,
		1,
	},
	[0.35] = {
		0.227979,
		-0.448769,
		0.864079,
		0,
		0.557568,
		-0.66736,
		-0.493709,
		0,
		0.798213,
		0.594338,
		0.098075,
		0,
		0.640343,
		-0.006947,
		-0.513117,
		1,
	},
	[0.36666666666666664] = {
		0.221814,
		-0.432715,
		0.873817,
		0,
		0.569746,
		-0.669736,
		-0.476281,
		0,
		0.791321,
		0.603499,
		0.097981,
		0,
		0.643215,
		-0.016025,
		-0.519198,
		1,
	},
	[0.38333333333333336] = {
		0.23661,
		-0.376295,
		0.895778,
		0,
		0.624441,
		-0.647441,
		-0.436913,
		0,
		0.744372,
		0.662739,
		0.081783,
		0,
		0.636737,
		-0.010001,
		-0.513142,
		1,
	},
	[0.3] = {
		0.404661,
		-0.163717,
		0.899692,
		0,
		0.804176,
		-0.404695,
		-0.435342,
		0,
		0.435374,
		0.899677,
		-0.032107,
		0,
		0.537533,
		0.155765,
		-0.417613,
		1,
	},
	[0.4166666666666667] = {
		0.288704,
		-0.171412,
		0.941949,
		0,
		0.788997,
		-0.514715,
		-0.33549,
		0,
		0.542343,
		0.840052,
		-0.013357,
		0,
		0.622914,
		0.026861,
		-0.488405,
		1,
	},
	[0.43333333333333335] = {
		0.309203,
		-0.04716,
		0.949826,
		0,
		0.859792,
		-0.412942,
		-0.300396,
		0,
		0.40639,
		0.909536,
		-0.087135,
		0,
		0.60817,
		0.05333,
		-0.474065,
		1,
	},
	[0.45] = {
		0.326123,
		0.068136,
		0.942869,
		0,
		0.905085,
		-0.31042,
		-0.290621,
		0,
		0.272883,
		0.948155,
		-0.162904,
		0,
		0.590281,
		0.079876,
		-0.46308,
		1,
	},
	[0.4666666666666667] = {
		0.349485,
		0.157532,
		0.923604,
		0,
		0.922646,
		-0.229409,
		-0.309994,
		0,
		0.163049,
		0.960498,
		-0.225521,
		0,
		0.570329,
		0.102585,
		-0.458176,
		1,
	},
	[0.48333333333333334] = {
		0.392711,
		0.207144,
		0.89603,
		0,
		0.914879,
		-0.187231,
		-0.357688,
		0,
		0.093672,
		0.960227,
		-0.263039,
		0,
		0.549597,
		0.117906,
		-0.461947,
		1,
	},
	[0.4] = {
		0.262407,
		-0.286108,
		0.921566,
		0,
		0.704266,
		-0.596094,
		-0.385594,
		0,
		0.659662,
		0.75021,
		0.045077,
		0,
		0.632406,
		0.004759,
		-0.502546,
		1,
	},
	[0.5166666666666667] = {
		0.532586,
		0.158388,
		0.831424,
		0,
		0.840425,
		-0.215256,
		-0.497344,
		0,
		0.100195,
		0.963628,
		-0.247755,
		0,
		0.513169,
		0.131478,
		-0.484542,
		1,
	},
	[0.5333333333333333] = {
		0.561147,
		0.146243,
		0.814695,
		0,
		0.821508,
		-0.218733,
		-0.526575,
		0,
		0.101193,
		0.964764,
		-0.242881,
		0,
		0.502688,
		0.134482,
		-0.485872,
		1,
	},
	[0.55] = {
		0.590135,
		0.133805,
		0.796139,
		0,
		0.800815,
		-0.221822,
		-0.556319,
		0,
		0.102163,
		0.965863,
		-0.238057,
		0,
		0.491318,
		0.137276,
		-0.487448,
		1,
	},
	[0.5666666666666667] = {
		0.619317,
		0.121229,
		0.775726,
		0,
		0.778356,
		-0.224418,
		-0.586344,
		0,
		0.103005,
		0.966923,
		-0.233345,
		0,
		0.479114,
		0.139962,
		-0.489309,
		1,
	},
	[0.5833333333333334] = {
		0.648376,
		0.108617,
		0.753532,
		0,
		0.754219,
		-0.226517,
		-0.616315,
		0,
		0.103745,
		0.967932,
		-0.228789,
		0,
		0.466212,
		0.142591,
		-0.491419,
		1,
	},
	[0.5] = {
		0.504845,
		0.170091,
		0.846286,
		0,
		0.857486,
		-0.211537,
		-0.469009,
		0,
		0.099246,
		0.962456,
		-0.252644,
		0,
		0.522628,
		0.12814,
		-0.483504,
		1,
	},
	[0.6166666666666667] = {
		0.704296,
		0.083641,
		0.704962,
		0,
		0.702062,
		-0.229284,
		-0.674194,
		0,
		0.105246,
		0.969759,
		-0.220205,
		0,
		0.439351,
		0.147862,
		-0.495815,
		1,
	},
	[0.6333333333333333] = {
		0.730371,
		0.07145,
		0.679304,
		0,
		0.674753,
		-0.230021,
		-0.701283,
		0,
		0.106147,
		0.970559,
		-0.216212,
		0,
		0.425919,
		0.150589,
		-0.497852,
		1,
	},
	[0.65] = {
		0.754763,
		0.059568,
		0.653288,
		0,
		0.647176,
		-0.230392,
		-0.726693,
		0,
		0.107224,
		0.971273,
		-0.212442,
		0,
		0.412842,
		0.153432,
		-0.499643,
		1,
	},
	[0.6666666666666666] = {
		0.777229,
		0.048072,
		0.627379,
		0,
		0.61979,
		-0.230458,
		-0.750167,
		0,
		0.108523,
		0.971894,
		-0.208913,
		0,
		0.400387,
		0.15643,
		-0.501104,
		1,
	},
	[0.6833333333333333] = {
		0.797816,
		0.037061,
		0.601761,
		0,
		0.592785,
		-0.230298,
		-0.771731,
		0,
		0.109983,
		0.972414,
		-0.205704,
		0,
		0.388629,
		0.159616,
		-0.502315,
		1,
	},
	[0.6] = {
		0.676843,
		0.096058,
		0.729833,
		0,
		0.728678,
		-0.22813,
		-0.645745,
		0,
		0.104467,
		0.968881,
		-0.224403,
		0,
		0.45287,
		0.14521,
		-0.493632,
		1,
	},
	[0.7166666666666667] = {
		0.834269,
		0.016523,
		0.55111,
		0,
		0.539635,
		-0.229494,
		-0.810017,
		0,
		0.113092,
		0.97317,
		-0.200376,
		0,
		0.366468,
		0.166789,
		-0.504429,
		1,
	},
	[0.7333333333333333] = {
		0.851065,
		0.006481,
		0.525021,
		0,
		0.512372,
		-0.228757,
		-0.827735,
		0,
		0.114738,
		0.973462,
		-0.198007,
		0,
		0.3546,
		0.170924,
		-0.50544,
		1,
	},
	[0.75] = {
		0.86702,
		-0.003509,
		0.498261,
		0,
		0.484475,
		-0.227762,
		-0.844635,
		0,
		0.116449,
		0.973711,
		-0.195774,
		0,
		0.342068,
		0.175382,
		-0.506433,
		1,
	},
	[0.7666666666666667] = {
		0.882101,
		-0.013452,
		0.470868,
		0,
		0.455983,
		-0.226499,
		-0.860685,
		0,
		0.118229,
		0.973919,
		-0.193661,
		0,
		0.328961,
		0.179919,
		-0.507367,
		1,
	},
	[0.7833333333333333] = {
		0.896273,
		-0.023351,
		0.442889,
		0,
		0.426939,
		-0.224955,
		-0.875853,
		0,
		0.120082,
		0.97409,
		-0.191651,
		0,
		0.315368,
		0.184325,
		-0.508207,
		1,
	},
	[0.7] = {
		0.816674,
		0.026624,
		0.576485,
		0,
		0.566225,
		-0.229984,
		-0.791515,
		0,
		0.11151,
		0.97283,
		-0.202897,
		0,
		0.377562,
		0.163032,
		-0.503405,
		1,
	},
	[0.8166666666666667] = {
		0.92177,
		-0.043014,
		0.385344,
		0,
		0.367372,
		-0.220968,
		-0.903444,
		0,
		0.124009,
		0.974332,
		-0.18788,
		0,
		0.287183,
		0.192716,
		-0.509627,
		1,
	},
	[0.8333333333333334] = {
		0.933044,
		-0.052773,
		0.355871,
		0,
		0.336944,
		-0.218497,
		-0.915821,
		0,
		0.126088,
		0.97441,
		-0.186086,
		0,
		0.272818,
		0.196689,
		-0.510215,
		1,
	},
	[0.85] = {
		0.943306,
		-0.062478,
		0.325993,
		0,
		0.306152,
		-0.215686,
		-0.927227,
		0,
		0.128243,
		0.974462,
		-0.18433,
		0,
		0.258423,
		0.200504,
		-0.510727,
		1,
	},
	[0.8666666666666667] = {
		0.952537,
		-0.072118,
		0.295758,
		0,
		0.275045,
		-0.21252,
		-0.937649,
		0,
		0.130476,
		0.974492,
		-0.182597,
		0,
		0.244114,
		0.204154,
		-0.511162,
		1,
	},
	[0.8833333333333333] = {
		0.960725,
		-0.081685,
		0.265211,
		0,
		0.243674,
		-0.208983,
		-0.947074,
		0,
		0.132786,
		0.974502,
		-0.180871,
		0,
		0.230002,
		0.207632,
		-0.51152,
		1,
	},
	[0.8] = {
		0.909505,
		-0.033205,
		0.414366,
		0,
		0.397386,
		-0.223116,
		-0.890114,
		0,
		0.122008,
		0.974226,
		-0.18973,
		0,
		0.301405,
		0.188593,
		-0.508958,
		1,
	},
	[0.9166666666666666] = {
		0.973926,
		-0.100541,
		0.203373,
		0,
		0.180349,
		-0.200733,
		-0.962902,
		0,
		0.137634,
		0.974473,
		-0.177367,
		0,
		0.202836,
		0.214043,
		-0.512002,
		1,
	},
	[0.9333333333333333] = {
		0.978929,
		-0.109797,
		0.172172,
		0,
		0.148496,
		-0.195989,
		-0.969297,
		0,
		0.14017,
		0.97444,
		-0.175555,
		0,
		0.190012,
		0.216963,
		-0.512118,
		1,
	},
	[0.95] = {
		0.982865,
		-0.118914,
		0.140844,
		0,
		0.116585,
		-0.190813,
		-0.974678,
		0,
		0.142778,
		0.974397,
		-0.17368,
		0,
		0.177846,
		0.219683,
		-0.512147,
		1,
	},
	[0.9666666666666667] = {
		0.985736,
		-0.127869,
		0.109431,
		0,
		0.084666,
		-0.185191,
		-0.979048,
		0,
		0.145456,
		0.974348,
		-0.171724,
		0,
		0.166457,
		0.222197,
		-0.512081,
		1,
	},
	[0.9833333333333333] = {
		0.987548,
		-0.136638,
		0.077975,
		0,
		0.052788,
		-0.17911,
		-0.982412,
		0,
		0.148201,
		0.974295,
		-0.169667,
		0,
		0.155961,
		0.224498,
		-0.511916,
		1,
	},
	[0.9] = {
		0.967857,
		-0.091164,
		0.234401,
		0,
		0.212092,
		-0.205059,
		-0.955493,
		0,
		0.135173,
		0.974495,
		-0.179133,
		0,
		0.216205,
		0.21093,
		-0.511801,
		1,
	},
	[1.0166666666666666] = {
		0.988032,
		-0.153513,
		0.01509,
		0,
		-0.010656,
		-0.165525,
		-0.986148,
		0,
		0.153884,
		0.974185,
		-0.16518,
		0,
		0.138118,
		0.228436,
		-0.511256,
		1,
	},
	[1.0333333333333334] = {
		0.986729,
		-0.16156,
		-0.016264,
		0,
		-0.042131,
		-0.158,
		-0.98654,
		0,
		0.156816,
		0.974133,
		-0.162709,
		0,
		0.131007,
		0.230061,
		-0.510746,
		1,
	},
	[1.05] = {
		0.984418,
		-0.169307,
		-0.047513,
		0,
		-0.073382,
		-0.149975,
		-0.985963,
		0,
		0.159804,
		0.974086,
		-0.160062,
		0,
		0.125264,
		0.231449,
		-0.510105,
		1,
	},
	[1.0666666666666667] = {
		0.981116,
		-0.176719,
		-0.078625,
		0,
		-0.104368,
		-0.141445,
		-0.984429,
		0,
		0.162846,
		0.974045,
		-0.157218,
		0,
		0.121008,
		0.232594,
		-0.509326,
		1,
	},
	[1.0833333333333333] = {
		0.976845,
		-0.183761,
		-0.109571,
		0,
		-0.135051,
		-0.132404,
		-0.981952,
		0,
		0.165937,
		0.974013,
		-0.154155,
		0,
		0.118359,
		0.23349,
		-0.508398,
		1,
	},
	{
		0.988309,
		-0.145196,
		0.046515,
		0,
		0.020998,
		-0.172559,
		-0.984775,
		0,
		0.151012,
		0.974239,
		-0.167492,
		0,
		0.146475,
		0.226579,
		-0.511643,
		1,
	},
}

return spline_matrices
