-- chunkname: @content/characters/player/human/first_person/animations/saw/heavy_swing_down_left.lua

local spline_matrices = {
	[0.016666666666666666] = {
		0.97832,
		0.102918,
		-0.179715,
		0,
		0.145525,
		0.275787,
		0.950139,
		0,
		0.147349,
		-0.955693,
		0.25483,
		0,
		0.183583,
		0.027734,
		0.120732,
		1,
	},
	[0.03333333333333333] = {
		0.964515,
		0.134159,
		-0.227405,
		0,
		0.187231,
		0.259736,
		0.947355,
		0,
		0.186161,
		-0.956315,
		0.2254,
		0,
		0.198584,
		0.03807,
		0.122745,
		1,
	},
	[0.05] = {
		0.946216,
		0.164755,
		-0.278443,
		0,
		0.232597,
		0.251803,
		0.939412,
		0,
		0.224886,
		-0.953651,
		0.199938,
		0,
		0.215694,
		0.055648,
		0.124736,
		1,
	},
	[0.06666666666666667] = {
		0.923829,
		0.192534,
		-0.330865,
		0,
		0.279836,
		0.25012,
		0.926894,
		0,
		0.261214,
		-0.948879,
		0.17719,
		0,
		0.234133,
		0.077986,
		0.126341,
		1,
	},
	[0.08333333333333333] = {
		0.898454,
		0.216731,
		-0.381849,
		0,
		0.325824,
		0.253847,
		0.910714,
		0,
		0.294311,
		-0.94265,
		0.157454,
		0,
		0.252774,
		0.103139,
		0.12776,
		1,
	},
	[0] = {
		0.987787,
		0.072355,
		-0.137992,
		0,
		0.110282,
		0.300963,
		0.947238,
		0,
		0.110068,
		-0.950887,
		0.289308,
		0,
		0.171588,
		0.02689,
		0.118945,
		1,
	},
	[0.11666666666666667] = {
		0.84315,
		0.253857,
		-0.473978,
		0,
		0.418243,
		0.244324,
		0.874859,
		0,
		0.337893,
		-0.935875,
		0.099828,
		0,
		0.270065,
		0.161978,
		0.133372,
		1,
	},
	[0.13333333333333333] = {
		0.824802,
		0.251215,
		-0.50655,
		0,
		0.444914,
		0.264508,
		0.855621,
		0,
		0.348931,
		-0.931089,
		0.106398,
		0,
		0.253027,
		0.213615,
		0.154616,
		1,
	},
	[0.15] = {
		0.837413,
		0.20511,
		-0.506626,
		0,
		0.40703,
		0.384602,
		0.828497,
		0,
		0.364782,
		-0.900006,
		0.238584,
		0,
		0.224539,
		0.28009,
		0.179545,
		1,
	},
	[0.16666666666666666] = {
		0.866881,
		0.145894,
		-0.47669,
		0,
		0.329543,
		0.549785,
		0.767553,
		0,
		0.374058,
		-0.822466,
		0.42852,
		0,
		0.194622,
		0.362327,
		0.191665,
		1,
	},
	[0.18333333333333332] = {
		0.900278,
		0.100152,
		-0.423639,
		0,
		0.228048,
		0.720444,
		0.654946,
		0,
		0.370803,
		-0.686243,
		0.62576,
		0,
		0.160159,
		0.469318,
		0.18704,
		1,
	},
	[0.1] = {
		0.871775,
		0.236082,
		-0.429271,
		0,
		0.368874,
		0.260317,
		0.892282,
		0,
		0.322399,
		-0.936216,
		0.139853,
		0,
		0.268322,
		0.128079,
		0.12645,
		1,
	},
	[0.21666666666666667] = {
		0.938235,
		0.083595,
		-0.335747,
		0,
		-0.032261,
		0.987283,
		0.155665,
		0,
		0.34449,
		-0.135219,
		0.929001,
		0,
		0.046507,
		0.640454,
		0.070795,
		1,
	},
	[0.23333333333333334] = {
		0.940767,
		0.062726,
		-0.333201,
		0,
		-0.130468,
		0.974039,
		-0.185002,
		0,
		0.312946,
		0.217516,
		0.924528,
		0,
		-0.00997,
		0.707074,
		-0.064921,
		1,
	},
	[0.25] = {
		0.960019,
		-0.013018,
		-0.279633,
		0,
		-0.145334,
		0.830569,
		-0.537618,
		0,
		0.239254,
		0.556764,
		0.795469,
		0,
		-0.051655,
		0.760661,
		-0.203866,
		1,
	},
	[0.26666666666666666] = {
		0.971895,
		-0.023453,
		-0.234243,
		0,
		-0.175362,
		0.591727,
		-0.786834,
		0,
		0.157062,
		0.805797,
		0.570984,
		0,
		-0.098307,
		0.767372,
		-0.347111,
		1,
	},
	[0.2833333333333333] = {
		0.986708,
		-0.034311,
		-0.158839,
		0,
		-0.146539,
		0.234617,
		-0.960979,
		0,
		0.070238,
		0.971482,
		0.226471,
		0,
		-0.158886,
		0.624629,
		-0.555335,
		1,
	},
	[0.2] = {
		0.931845,
		0.079533,
		-0.354033,
		0,
		0.092238,
		0.891714,
		0.443101,
		0,
		0.350937,
		-0.445556,
		0.823603,
		0,
		0.107416,
		0.565419,
		0.166186,
		1,
	},
	[0.31666666666666665] = {
		0.927389,
		-0.238615,
		-0.288118,
		0,
		-0.372961,
		-0.64974,
		-0.662373,
		0,
		-0.02915,
		0.721735,
		-0.691556,
		0,
		-0.243885,
		0.261253,
		-0.674233,
		1,
	},
	[0.3333333333333333] = {
		0.920345,
		-0.290878,
		-0.261447,
		0,
		-0.352755,
		-0.906058,
		-0.233714,
		0,
		-0.168904,
		0.307324,
		-0.936495,
		0,
		-0.252323,
		0.078575,
		-0.642382,
		1,
	},
	[0.35] = {
		0.94164,
		-0.250492,
		-0.224871,
		0,
		-0.277638,
		-0.95567,
		-0.098042,
		0,
		-0.190344,
		0.154753,
		-0.969444,
		0,
		-0.235768,
		-0.06033,
		-0.626665,
		1,
	},
	[0.36666666666666664] = {
		0.959215,
		-0.186948,
		-0.212033,
		0,
		-0.205709,
		-0.976108,
		-0.069982,
		0,
		-0.193884,
		0.110745,
		-0.974754,
		0,
		-0.202492,
		-0.107241,
		-0.608009,
		1,
	},
	[0.38333333333333336] = {
		0.960644,
		-0.159303,
		-0.227564,
		0,
		-0.168628,
		-0.985434,
		-0.022012,
		0,
		-0.220743,
		0.05952,
		-0.973514,
		0,
		-0.191312,
		-0.118362,
		-0.599196,
		1,
	},
	[0.3] = {
		0.964653,
		-0.140301,
		-0.223068,
		0,
		-0.246269,
		-0.17872,
		-0.952581,
		0,
		0.093782,
		0.973845,
		-0.206955,
		0,
		-0.211146,
		0.434368,
		-0.681092,
		1,
	},
	[0.4166666666666667] = {
		0.937336,
		-0.26999,
		-0.22024,
		0,
		-0.275285,
		-0.961338,
		0.006888,
		0,
		-0.213585,
		0.054173,
		-0.975421,
		0,
		-0.156334,
		-0.126333,
		-0.614993,
		1,
	},
	[0.43333333333333335] = {
		0.907378,
		-0.36256,
		-0.212639,
		0,
		-0.372726,
		-0.927904,
		-0.008382,
		0,
		-0.194269,
		0.086861,
		-0.977095,
		0,
		-0.141968,
		-0.129437,
		-0.632282,
		1,
	},
	[0.45] = {
		0.86387,
		-0.456579,
		-0.212753,
		0,
		-0.474134,
		-0.879658,
		-0.037402,
		0,
		-0.170073,
		0.133184,
		-0.97639,
		0,
		-0.130124,
		-0.130865,
		-0.649314,
		1,
	},
	[0.4666666666666667] = {
		0.81456,
		-0.536032,
		-0.221725,
		0,
		-0.562012,
		-0.823917,
		-0.072822,
		0,
		-0.143648,
		0.183929,
		-0.972386,
		0,
		-0.120569,
		-0.13202,
		-0.662354,
		1,
	},
	[0.48333333333333334] = {
		0.771495,
		-0.588307,
		-0.242263,
		0,
		-0.625788,
		-0.770384,
		-0.122056,
		0,
		-0.114829,
		0.24577,
		-0.962503,
		0,
		-0.11245,
		-0.131199,
		-0.672617,
		1,
	},
	[0.4] = {
		0.953501,
		-0.196567,
		-0.228469,
		0,
		-0.200823,
		-0.979616,
		0.004707,
		0,
		-0.224737,
		0.041393,
		-0.97354,
		0,
		-0.173066,
		-0.122658,
		-0.600903,
		1,
	},
	[0.5166666666666667] = {
		0.724535,
		-0.618682,
		-0.30378,
		0,
		-0.68816,
		-0.673998,
		-0.268632,
		0,
		-0.038549,
		0.403682,
		-0.914087,
		0,
		-0.088329,
		-0.124793,
		-0.686718,
		1,
	},
	[0.5333333333333333] = {
		0.709001,
		-0.617788,
		-0.340082,
		0,
		-0.705134,
		-0.614116,
		-0.354468,
		0,
		0.010136,
		0.491122,
		-0.871032,
		0,
		-0.074562,
		-0.11857,
		-0.689543,
		1,
	},
	[0.55] = {
		0.695402,
		-0.61027,
		-0.379456,
		0,
		-0.715828,
		-0.541747,
		-0.440569,
		0,
		0.063297,
		0.577997,
		-0.81358,
		0,
		-0.061691,
		-0.110837,
		-0.689331,
		1,
	},
	[0.5666666666666667] = {
		0.684679,
		-0.596121,
		-0.419349,
		0,
		-0.719143,
		-0.458981,
		-0.521699,
		0,
		0.118523,
		0.658769,
		-0.742951,
		0,
		-0.050294,
		-0.101694,
		-0.687403,
		1,
	},
	[0.5833333333333334] = {
		0.677357,
		-0.576321,
		-0.457211,
		0,
		-0.715043,
		-0.369694,
		-0.59333,
		0,
		0.172921,
		0.728821,
		-0.662509,
		0,
		-0.041137,
		-0.084324,
		-0.683946,
		1,
	},
	[0.5] = {
		0.740852,
		-0.613819,
		-0.272698,
		0,
		-0.666742,
		-0.721159,
		-0.188109,
		0,
		-0.081193,
		0.32118,
		-0.943531,
		0,
		-0.102058,
		-0.128944,
		-0.680879,
		1,
	},
	[0.6166666666666667] = {
		0.672292,
		-0.52765,
		-0.519239,
		0,
		-0.689891,
		-0.192199,
		-0.697933,
		0,
		0.268467,
		0.827433,
		-0.493234,
		0,
		-0.030682,
		-0.033226,
		-0.674335,
		1,
	},
	[0.6333333333333333] = {
		0.673072,
		-0.503573,
		-0.541653,
		0,
		-0.673343,
		-0.114311,
		-0.730439,
		0,
		0.305913,
		0.856357,
		-0.416017,
		0,
		-0.026721,
		-0.018806,
		-0.669334,
		1,
	},
	[0.65] = {
		0.67464,
		-0.482705,
		-0.558441,
		0,
		-0.657553,
		-0.04926,
		-0.751796,
		0,
		0.335387,
		0.874397,
		-0.350637,
		0,
		-0.023189,
		-0.013698,
		-0.664925,
		1,
	},
	[0.6666666666666666] = {
		0.675883,
		-0.466905,
		-0.570248,
		0,
		-0.644854,
		-4e-06,
		-0.764306,
		0,
		0.356856,
		0.884307,
		-0.301089,
		0,
		-0.020272,
		-0.010139,
		-0.661642,
		1,
	},
	[0.6833333333333333] = {
		0.677844,
		-0.456576,
		-0.576252,
		0,
		-0.630435,
		0.042295,
		-0.775089,
		0,
		0.378259,
		0.888679,
		-0.259172,
		0,
		-0.017562,
		-0.007432,
		-0.659442,
		1,
	},
	[0.6] = {
		0.67341,
		-0.552714,
		-0.490944,
		0,
		-0.704624,
		-0.278964,
		-0.652444,
		0,
		0.223659,
		0.785294,
		-0.577313,
		0,
		-0.034969,
		-0.058269,
		-0.679395,
		1,
	},
	[0.7166666666666667] = {
		0.68152,
		-0.444407,
		-0.581406,
		0,
		-0.610139,
		0.093601,
		-0.786746,
		0,
		0.404056,
		0.890922,
		-0.207359,
		0,
		-0.013931,
		-0.004933,
		-0.656029,
		1,
	},
	[0.7333333333333333] = {
		0.683048,
		-0.44192,
		-0.581508,
		0,
		-0.604097,
		0.105656,
		-0.789876,
		0,
		0.410502,
		0.890811,
		-0.194794,
		0,
		-0.012902,
		-0.00462,
		-0.654835,
		1,
	},
	[0.75] = {
		0.684354,
		-0.441364,
		-0.580394,
		0,
		-0.600437,
		0.110481,
		-0.792003,
		0,
		0.413684,
		0.890501,
		-0.189403,
		0,
		-0.012315,
		-0.004803,
		-0.653958,
		1,
	},
	[0.7666666666666667] = {
		0.685472,
		-0.442386,
		-0.578293,
		0,
		-0.598796,
		0.109323,
		-0.793405,
		0,
		0.414212,
		0.890136,
		-0.189961,
		0,
		-0.01211,
		-0.005515,
		-0.653365,
		1,
	},
	[0.7833333333333333] = {
		0.686453,
		-0.444638,
		-0.575395,
		0,
		-0.598771,
		0.103372,
		-0.794221,
		0,
		0.412621,
		0.889725,
		-0.195277,
		0,
		-0.012226,
		-0.006637,
		-0.653017,
		1,
	},
	[0.7] = {
		0.679768,
		-0.449178,
		-0.579788,
		0,
		-0.618858,
		0.072969,
		-0.782106,
		0,
		0.393612,
		0.890457,
		-0.228375,
		0,
		-0.015466,
		-0.005786,
		-0.657563,
		1,
	},
	[0.8166666666666667] = {
		0.688233,
		-0.451465,
		-0.567903,
		0,
		-0.601884,
		0.081734,
		-0.79439,
		0,
		0.405056,
		0.888538,
		-0.215477,
		0,
		-0.013175,
		-0.009651,
		-0.652882,
		1,
	},
	[0.8333333333333334] = {
		0.689136,
		-0.455375,
		-0.563671,
		0,
		-0.604174,
		0.068397,
		-0.793911,
		0,
		0.400081,
		0.887669,
		-0.227991,
		0,
		-0.013885,
		-0.011309,
		-0.653011,
		1,
	},
	[0.85] = {
		0.690098,
		-0.459188,
		-0.559384,
		0,
		-0.606406,
		0.054994,
		-0.793251,
		0,
		0.395014,
		0.886635,
		-0.240502,
		0,
		-0.014668,
		-0.012907,
		-0.653217,
		1,
	},
	[0.8666666666666667] = {
		0.691142,
		-0.462595,
		-0.555274,
		0,
		-0.608188,
		0.042776,
		-0.79264,
		0,
		0.390424,
		0.885537,
		-0.251781,
		0,
		-0.015462,
		-0.01432,
		-0.653466,
		1,
	},
	[0.8833333333333333] = {
		0.692274,
		-0.465303,
		-0.551588,
		0,
		-0.609148,
		0.03302,
		-0.792369,
		0,
		0.386906,
		0.884535,
		-0.260579,
		0,
		-0.016203,
		-0.015419,
		-0.653723,
		1,
	},
	[0.8] = {
		0.687355,
		-0.447777,
		-0.571874,
		0,
		-0.599943,
		0.093787,
		-0.794527,
		0,
		0.409405,
		0.889213,
		-0.204175,
		0,
		-0.012601,
		-0.008054,
		-0.65287,
		1,
	},
	[0.9166666666666666] = {
		0.6948,
		-0.467496,
		-0.546535,
		0,
		-0.607145,
		0.026082,
		-0.794163,
		0,
		0.385522,
		0.88361,
		-0.265716,
		0,
		-0.017276,
		-0.016157,
		-0.654141,
		1,
	},
	[0.9333333333333333] = {
		0.694099,
		-0.467843,
		-0.547128,
		0,
		-0.607676,
		0.026692,
		-0.793736,
		0,
		0.385948,
		0.883408,
		-0.26577,
		0,
		-0.017739,
		-0.015988,
		-0.654132,
		1,
	},
	[0.95] = {
		0.693523,
		-0.46812,
		-0.547622,
		0,
		-0.608112,
		0.027208,
		-0.793385,
		0,
		0.386299,
		0.883246,
		-0.2658,
		0,
		-0.01812,
		-0.015837,
		-0.654126,
		1,
	},
	[0.9666666666666667] = {
		0.693088,
		-0.468322,
		-0.547999,
		0,
		-0.608439,
		0.027603,
		-0.79312,
		0,
		0.386562,
		0.883126,
		-0.265814,
		0,
		-0.018406,
		-0.015717,
		-0.654121,
		1,
	},
	[0.9833333333333333] = {
		0.692814,
		-0.468447,
		-0.548239,
		0,
		-0.608646,
		0.027858,
		-0.792953,
		0,
		0.386729,
		0.883052,
		-0.265818,
		0,
		-0.018587,
		-0.015638,
		-0.654117,
		1,
	},
	[0.9] = {
		0.693495,
		-0.467029,
		-0.548589,
		0,
		-0.608922,
		0.027023,
		-0.79277,
		0,
		0.385071,
		0.883829,
		-0.265643,
		0,
		-0.016829,
		-0.016075,
		-0.653959,
		1,
	},
	{
		0.692718,
		-0.468512,
		-0.548304,
		0,
		-0.608717,
		0.027915,
		-0.792896,
		0,
		0.386787,
		0.883016,
		-0.265854,
		0,
		-0.01865,
		-0.015636,
		-0.654116,
		1,
	},
}

return spline_matrices
