-- chunkname: @content/characters/player/human/first_person/animations/saw/heavy_swing_left_diagonal.lua

local spline_matrices = {
	[0.016666666666666666] = {
		0.770508,
		0.181104,
		-0.611161,
		0,
		0.628164,
		-0.052847,
		0.776284,
		0,
		0.10829,
		-0.982043,
		-0.154483,
		0,
		0.417944,
		0.147639,
		0.137338,
		1,
	},
	[0.03333333333333333] = {
		0.790157,
		0.027316,
		-0.612296,
		0,
		0.612538,
		-0.000636,
		0.790441,
		0,
		0.021203,
		-0.999627,
		-0.017235,
		0,
		0.417414,
		0.1818,
		0.139047,
		1,
	},
	[0.05] = {
		0.786076,
		-0.132157,
		-0.603837,
		0,
		0.615319,
		0.074239,
		0.784775,
		0,
		-0.058885,
		-0.988445,
		0.139676,
		0,
		0.418381,
		0.222679,
		0.137685,
		1,
	},
	[0.06666666666666667] = {
		0.763556,
		-0.25967,
		-0.59123,
		0,
		0.639362,
		0.175636,
		0.748577,
		0,
		-0.090542,
		-0.949591,
		0.300131,
		0,
		0.421098,
		0.268054,
		0.132054,
		1,
	},
	[0.08333333333333333] = {
		0.740964,
		-0.320282,
		-0.590247,
		0,
		0.670404,
		0.301573,
		0.677948,
		0,
		-0.039132,
		-0.898039,
		0.438173,
		0,
		0.424378,
		0.31463,
		0.123383,
		1,
	},
	[0] = {
		0.743844,
		0.295587,
		-0.599436,
		0,
		0.648252,
		-0.100776,
		0.754727,
		0,
		0.162679,
		-0.949986,
		-0.266576,
		0,
		0.418588,
		0.120601,
		0.134346,
		1,
	},
	[0.11666666666666667] = {
		0.670965,
		-0.039199,
		-0.740452,
		0,
		0.552387,
		0.69259,
		0.463883,
		0,
		0.494646,
		-0.720265,
		0.486357,
		0,
		0.421741,
		0.406521,
		0.102119,
		1,
	},
	[0.13333333333333333] = {
		0.51529,
		0.182303,
		-0.837402,
		0,
		0.277744,
		0.888854,
		0.364412,
		0,
		0.810762,
		-0.420361,
		0.407384,
		0,
		0.406556,
		0.452676,
		0.093647,
		1,
	},
	[0.15] = {
		0.467324,
		0.129961,
		-0.874482,
		0,
		-0.021847,
		0.990532,
		0.135533,
		0,
		0.883816,
		-0.044233,
		0.465738,
		0,
		0.325326,
		0.537997,
		0.067988,
		1,
	},
	[0.16666666666666666] = {
		0.517447,
		0.019067,
		-0.855503,
		0,
		-0.281842,
		0.947766,
		-0.149348,
		0,
		0.807969,
		0.318396,
		0.495792,
		0,
		0.188181,
		0.602411,
		0.023586,
		1,
	},
	[0.18333333333333332] = {
		0.574093,
		0.000761,
		-0.81879,
		0,
		-0.51356,
		0.779179,
		-0.359357,
		0,
		0.63771,
		0.626802,
		0.447711,
		0,
		0.03494,
		0.626241,
		-0.032992,
		1,
	},
	[0.1] = {
		0.730057,
		-0.28711,
		-0.620149,
		0,
		0.672484,
		0.463275,
		0.577185,
		0,
		0.121584,
		-0.838418,
		0.531293,
		0,
		0.425488,
		0.361196,
		0.112647,
		1,
	},
	[0.21666666666666667] = {
		0.555134,
		0.030978,
		-0.831184,
		0,
		-0.773809,
		0.385713,
		-0.502439,
		0,
		0.305033,
		0.922099,
		0.238094,
		0,
		-0.190445,
		0.57234,
		-0.14671,
		1,
	},
	[0.23333333333333334] = {
		0.483935,
		0.047053,
		-0.873838,
		0,
		-0.860479,
		0.20738,
		-0.46537,
		0,
		0.15932,
		0.977128,
		0.140847,
		0,
		-0.252644,
		0.475273,
		-0.18258,
		1,
	},
	[0.25] = {
		0.471942,
		0.067867,
		-0.879014,
		0,
		-0.881158,
		0.068926,
		-0.467771,
		0,
		0.02884,
		0.995311,
		0.09233,
		0,
		-0.315509,
		0.331125,
		-0.196281,
		1,
	},
	[0.26666666666666666] = {
		0.477668,
		0.065772,
		-0.876075,
		0,
		-0.873294,
		-0.073268,
		-0.481652,
		0,
		-0.095868,
		0.995141,
		0.02244,
		0,
		-0.380509,
		0.184472,
		-0.22767,
		1,
	},
	[0.2833333333333333] = {
		0.489568,
		0.05128,
		-0.870456,
		0,
		-0.859135,
		-0.142251,
		-0.491581,
		0,
		-0.149031,
		0.988501,
		-0.025585,
		0,
		-0.420205,
		0.100975,
		-0.266064,
		1,
	},
	[0.2] = {
		0.608664,
		0.008354,
		-0.793384,
		0,
		-0.664816,
		0.551158,
		-0.504226,
		0,
		0.433068,
		0.834359,
		0.341024,
		0,
		-0.103455,
		0.618613,
		-0.098779,
		1,
	},
	[0.31666666666666665] = {
		0.535224,
		0.03857,
		-0.843829,
		0,
		-0.816843,
		-0.23084,
		-0.528659,
		0,
		-0.21518,
		0.972227,
		-0.092046,
		0,
		-0.414406,
		0.040548,
		-0.338323,
		1,
	},
	[0.3333333333333333] = {
		0.562867,
		0.035246,
		-0.825795,
		0,
		-0.79336,
		-0.257227,
		-0.551738,
		0,
		-0.231864,
		0.965708,
		-0.116822,
		0,
		-0.406916,
		0.020045,
		-0.376976,
		1,
	},
	[0.35] = {
		0.590449,
		0.03163,
		-0.806455,
		0,
		-0.770743,
		-0.274335,
		-0.575062,
		0,
		-0.239428,
		0.961114,
		-0.137602,
		0,
		-0.395483,
		-0.000788,
		-0.418205,
		1,
	},
	[0.36666666666666664] = {
		0.615898,
		0.025653,
		-0.787408,
		0,
		-0.750724,
		-0.283996,
		-0.596456,
		0,
		-0.238922,
		0.958482,
		-0.155655,
		0,
		-0.356273,
		-0.01493,
		-0.453138,
		1,
	},
	[0.38333333333333336] = {
		0.637315,
		0.015279,
		-0.770452,
		0,
		-0.735112,
		-0.287875,
		-0.61379,
		0,
		-0.231172,
		0.957546,
		-0.172235,
		0,
		-0.319833,
		-0.027439,
		-0.484665,
		1,
	},
	[0.3] = {
		0.509878,
		0.04347,
		-0.859147,
		0,
		-0.839435,
		-0.193209,
		-0.507956,
		0,
		-0.188076,
		0.980194,
		-0.062023,
		0,
		-0.418067,
		0.06115,
		-0.302214,
		1,
	},
	[0.4166666666666667] = {
		0.666972,
		-0.019886,
		-0.744818,
		0,
		-0.718485,
		-0.281877,
		-0.635865,
		0,
		-0.197302,
		0.959244,
		-0.202292,
		0,
		-0.275653,
		-0.049418,
		-0.53271,
		1,
	},
	[0.43333333333333335] = {
		0.679841,
		-0.040594,
		-0.732235,
		0,
		-0.712607,
		-0.272413,
		-0.646515,
		0,
		-0.173226,
		0.961324,
		-0.214125,
		0,
		-0.260728,
		-0.060248,
		-0.553028,
		1,
	},
	[0.45] = {
		0.691618,
		-0.062741,
		-0.719533,
		0,
		-0.70746,
		-0.259512,
		-0.657384,
		0,
		-0.145483,
		0.9637,
		-0.22387,
		0,
		-0.248021,
		-0.071787,
		-0.571781,
		1,
	},
	[0.4666666666666667] = {
		0.702185,
		-0.086038,
		-0.706777,
		0,
		-0.702671,
		-0.243864,
		-0.668419,
		0,
		-0.114848,
		0.965985,
		-0.231694,
		0,
		-0.237192,
		-0.084581,
		-0.588947,
		1,
	},
	[0.48333333333333334] = {
		0.711472,
		-0.110094,
		-0.694037,
		0,
		-0.69789,
		-0.226232,
		-0.679536,
		0,
		-0.0822,
		0.967832,
		-0.237791,
		0,
		-0.227225,
		-0.086484,
		-0.603982,
		1,
	},
	[0.4] = {
		0.653152,
		-0.000874,
		-0.757226,
		0,
		-0.725488,
		-0.287205,
		-0.625445,
		0,
		-0.216933,
		0.957869,
		-0.188223,
		0,
		-0.293144,
		-0.038745,
		-0.510844,
		1,
	},
	[0.5166666666666667] = {
		0.726219,
		-0.158718,
		-0.66889,
		0,
		-0.68731,
		-0.188178,
		-0.701566,
		0,
		-0.01452,
		0.969225,
		-0.245747,
		0,
		-0.209938,
		-0.085258,
		-0.62882,
		1,
	},
	[0.5333333333333333] = {
		0.731849,
		-0.182336,
		-0.65662,
		0,
		-0.681211,
		-0.169382,
		-0.712222,
		0,
		0.018644,
		0.968537,
		-0.248172,
		0,
		-0.201959,
		-0.082586,
		-0.638614,
		1,
	},
	[0.55] = {
		0.736543,
		-0.204833,
		-0.644631,
		0,
		-0.674533,
		-0.151841,
		-0.722461,
		0,
		0.050103,
		0.966948,
		-0.250004,
		0,
		-0.194,
		-0.078835,
		-0.646653,
		1,
	},
	[0.5666666666666667] = {
		0.740547,
		-0.225708,
		-0.632966,
		0,
		-0.667353,
		-0.136376,
		-0.732148,
		0,
		0.07893,
		0.964602,
		-0.25162,
		0,
		-0.185752,
		-0.074217,
		-0.652934,
		1,
	},
	[0.5833333333333334] = {
		0.744161,
		-0.244466,
		-0.62166,
		0,
		-0.65982,
		-0.1238,
		-0.741156,
		0,
		0.104226,
		0.961723,
		-0.25343,
		0,
		-0.176965,
		-0.068935,
		-0.658269,
		1,
	},
	[0.5] = {
		0.719467,
		-0.134475,
		-0.681384,
		0,
		-0.692835,
		-0.207401,
		-0.690626,
		0,
		-0.048448,
		0.968969,
		-0.242387,
		0,
		-0.218252,
		-0.086632,
		-0.617275,
		1,
	},
	[0.6166666666666667] = {
		0.751557,
		-0.273674,
		-0.600221,
		0,
		-0.644475,
		-0.110456,
		-0.756605,
		0,
		0.140765,
		0.955459,
		-0.25939,
		0,
		-0.158182,
		-0.05716,
		-0.668505,
		1,
	},
	[0.6333333333333333] = {
		0.756022,
		-0.28315,
		-0.590132,
		0,
		-0.637045,
		-0.11121,
		-0.762762,
		0,
		0.150348,
		0.952606,
		-0.264457,
		0,
		-0.150403,
		-0.050995,
		-0.672417,
		1,
	},
	[0.65] = {
		0.761027,
		-0.290979,
		-0.579801,
		0,
		-0.629469,
		-0.115104,
		-0.768453,
		0,
		0.156866,
		0.94978,
		-0.27076,
		0,
		-0.143647,
		-0.044677,
		-0.675643,
		1,
	},
	[0.6666666666666666] = {
		0.76567,
		-0.297603,
		-0.570247,
		0,
		-0.622329,
		-0.118562,
		-0.773725,
		0,
		0.162653,
		0.947299,
		-0.275986,
		0,
		-0.13754,
		-0.038126,
		-0.678333,
		1,
	},
	[0.6833333333333333] = {
		0.769996,
		-0.303068,
		-0.561476,
		0,
		-0.615608,
		-0.121551,
		-0.778622,
		0,
		0.167727,
		0.945185,
		-0.280166,
		0,
		-0.131743,
		-0.031497,
		-0.680716,
		1,
	},
	[0.6] = {
		0.747715,
		-0.260616,
		-0.610739,
		0,
		-0.652126,
		-0.114903,
		-0.749353,
		0,
		0.125118,
		0.958581,
		-0.255869,
		0,
		-0.167404,
		-0.063195,
		-0.663624,
		1,
	},
	[0.7166666666666667] = {
		0.777849,
		-0.310702,
		-0.546275,
		0,
		-0.603353,
		-0.126006,
		-0.787456,
		0,
		0.175831,
		0.942118,
		-0.285477,
		0,
		-0.119713,
		-0.018638,
		-0.680778,
		1,
	},
	[0.7333333333333333] = {
		0.781439,
		-0.312952,
		-0.539828,
		0,
		-0.597784,
		-0.127418,
		-0.791467,
		0,
		0.178908,
		0.941183,
		-0.286647,
		0,
		-0.112792,
		-0.012695,
		-0.678552,
		1,
	},
	[0.75] = {
		0.784841,
		-0.314209,
		-0.534132,
		0,
		-0.592561,
		-0.128253,
		-0.79525,
		0,
		0.18137,
		0.940651,
		-0.286846,
		0,
		-0.109463,
		-0.007157,
		-0.676548,
		1,
	},
	[0.7666666666666667] = {
		0.788079,
		-0.314506,
		-0.529167,
		0,
		-0.587667,
		-0.128491,
		-0.798835,
		0,
		0.183245,
		0.940519,
		-0.286086,
		0,
		-0.106062,
		-0.002282,
		-0.674977,
		1,
	},
	[0.7833333333333333] = {
		0.791094,
		-0.314246,
		-0.524804,
		0,
		-0.583096,
		-0.128146,
		-0.802233,
		0,
		0.184847,
		0.940653,
		-0.284611,
		0,
		-0.10211,
		0.000617,
		-0.674055,
		1,
	},
	[0.7] = {
		0.774044,
		-0.307421,
		-0.553487,
		0,
		-0.609289,
		-0.124042,
		-0.783186,
		0,
		0.172112,
		0.943454,
		-0.283322,
		0,
		-0.125915,
		-0.024944,
		-0.683012,
		1,
	},
	[0.8166666666666667] = {
		0.796325,
		-0.313315,
		-0.517398,
		0,
		-0.57486,
		-0.125935,
		-0.808503,
		0,
		0.188157,
		0.941262,
		-0.280397,
		0,
		-0.091931,
		0.004693,
		-0.674279,
		1,
	},
	[0.8333333333333334] = {
		0.798593,
		-0.312713,
		-0.514256,
		0,
		-0.571131,
		-0.12416,
		-0.811415,
		0,
		0.18989,
		0.941698,
		-0.277754,
		0,
		-0.087909,
		0.005997,
		-0.674233,
		1,
	},
	[0.85] = {
		0.800665,
		-0.312067,
		-0.51142,
		0,
		-0.567618,
		-0.122,
		-0.814202,
		0,
		0.191693,
		0.942194,
		-0.274816,
		0,
		-0.084878,
		0.006872,
		-0.673903,
		1,
	},
	[0.8666666666666667] = {
		0.802563,
		-0.311408,
		-0.50884,
		0,
		-0.564288,
		-0.1195,
		-0.816884,
		0,
		0.193578,
		0.942732,
		-0.27163,
		0,
		-0.08271,
		0.007364,
		-0.673326,
		1,
	},
	[0.8833333333333333] = {
		0.804312,
		-0.310769,
		-0.506464,
		0,
		-0.561105,
		-0.116706,
		-0.819476,
		0,
		0.19556,
		0.943293,
		-0.268242,
		0,
		-0.081279,
		0.007519,
		-0.672543,
		1,
	},
	[0.8] = {
		0.793834,
		-0.313837,
		-0.520897,
		0,
		-0.578837,
		-0.127279,
		-0.805449,
		0,
		0.18648,
		0.940907,
		-0.282699,
		0,
		-0.097071,
		0.00292,
		-0.674001,
		1,
	},
	[0.9166666666666666] = {
		0.807453,
		-0.309672,
		-0.502119,
		0,
		-0.555042,
		-0.110414,
		-0.824462,
		0,
		0.199872,
		0.944411,
		-0.261035,
		0,
		-0.080127,
		0.007021,
		-0.670514,
		1,
	},
	[0.9333333333333333] = {
		0.808888,
		-0.309277,
		-0.500048,
		0,
		-0.55209,
		-0.107007,
		-0.826889,
		0,
		0.202229,
		0.944932,
		-0.257306,
		0,
		-0.080157,
		0.006471,
		-0.669347,
		1,
	},
	[0.95] = {
		0.810262,
		-0.309026,
		-0.497975,
		0,
		-0.549142,
		-0.103488,
		-0.829296,
		0,
		0.204739,
		0.945406,
		-0.253552,
		0,
		-0.080427,
		0.00579,
		-0.66813,
		1,
	},
	[0.9666666666666667] = {
		0.811594,
		-0.308949,
		-0.495849,
		0,
		-0.546163,
		-0.099903,
		-0.8317,
		0,
		0.207416,
		0.945817,
		-0.249817,
		0,
		-0.080811,
		0.005032,
		-0.666903,
		1,
	},
	[0.9833333333333333] = {
		0.812903,
		-0.309077,
		-0.49362,
		0,
		-0.543116,
		-0.096297,
		-0.834118,
		0,
		0.210272,
		0.946149,
		-0.246145,
		0,
		-0.081188,
		0.00425,
		-0.665705,
		1,
	},
	[0.9] = {
		0.805934,
		-0.31018,
		-0.504241,
		0,
		-0.558035,
		-0.113662,
		-0.821996,
		0,
		0.197654,
		0.943859,
		-0.264695,
		0,
		-0.08046,
		0.007388,
		-0.671593,
		1,
	},
	[1.0166666666666666] = {
		0.815524,
		-0.310074,
		-0.488646,
		0,
		-0.53667,
		-0.089211,
		-0.839063,
		0,
		0.216579,
		0.946518,
		-0.239161,
		0,
		-0.081423,
		0.002832,
		-0.663555,
		1,
	},
	[1.0333333333333334] = {
		0.816869,
		-0.311005,
		-0.4858,
		0,
		-0.533199,
		-0.085825,
		-0.841625,
		0,
		0.220055,
		0.946525,
		-0.235935,
		0,
		-0.081034,
		0.002303,
		-0.662681,
		1,
	},
	[1.05] = {
		0.818257,
		-0.312264,
		-0.482645,
		0,
		-0.529513,
		-0.082609,
		-0.84427,
		0,
		0.223765,
		0.946397,
		-0.232943,
		0,
		-0.080142,
		0.001965,
		-0.661994,
		1,
	},
	[1.0666666666666667] = {
		0.819702,
		-0.313883,
		-0.47913,
		0,
		-0.525577,
		-0.079609,
		-0.847013,
		0,
		0.22772,
		0.946118,
		-0.230226,
		0,
		-0.078624,
		0.001872,
		-0.661533,
		1,
	},
	[1.0833333333333333] = {
		0.821216,
		-0.315891,
		-0.475203,
		0,
		-0.521355,
		-0.076877,
		-0.84987,
		0,
		0.231934,
		0.945676,
		-0.227823,
		0,
		-0.076355,
		0.002077,
		-0.661338,
		1,
	},
	{
		0.814207,
		-0.309442,
		-0.491236,
		0,
		-0.539964,
		-0.092717,
		-0.836566,
		0,
		0.213322,
		0.946388,
		-0.242578,
		0,
		-0.081433,
		0.003499,
		-0.664576,
		1,
	},
	[1.1] = {
		0.821206,
		-0.31591,
		-0.475206,
		0,
		-0.521361,
		-0.076864,
		-0.849868,
		0,
		0.231955,
		0.945671,
		-0.227825,
		0,
		-0.076358,
		0.002079,
		-0.661337,
		1,
	},
}

return spline_matrices
