-- chunkname: @content/characters/player/human/first_person/animations/saw/heavy_swing_down_right.lua

local spline_matrices = {
	[0.016666666666666666] = {
		0.582063,
		0.111765,
		0.805426,
		0,
		-0.619546,
		-0.580575,
		0.528295,
		0,
		0.526655,
		-0.8065,
		-0.268688,
		0,
		-0.310781,
		0.081823,
		0.118486,
		1,
	},
	[0.03333333333333333] = {
		0.637879,
		0.108343,
		0.762478,
		0,
		-0.617625,
		-0.519459,
		0.590509,
		0,
		0.460053,
		-0.8476,
		-0.264436,
		0,
		-0.334761,
		0.054744,
		0.134019,
		1,
	},
	[0.05] = {
		0.689961,
		0.100127,
		0.716888,
		0,
		-0.608359,
		-0.456461,
		0.649262,
		0,
		0.39224,
		-0.884092,
		-0.254027,
		0,
		-0.356959,
		0.027255,
		0.153753,
		1,
	},
	[0.06666666666666667] = {
		0.736956,
		0.087768,
		0.670218,
		0,
		-0.592271,
		-0.393989,
		0.702842,
		0,
		0.325745,
		-0.914915,
		-0.238371,
		0,
		-0.364702,
		0.014931,
		0.175161,
		1,
	},
	[0.08333333333333333] = {
		0.780389,
		0.070652,
		0.621289,
		0,
		-0.569375,
		-0.330409,
		0.752756,
		0,
		0.258463,
		-0.94119,
		-0.21762,
		0,
		-0.354454,
		0.031159,
		0.195438,
		1,
	},
	[0] = {
		0.524285,
		0.110325,
		0.844366,
		0,
		-0.614368,
		-0.637596,
		0.464783,
		0,
		0.589641,
		-0.762431,
		-0.266502,
		0,
		-0.297682,
		0.092805,
		0.109557,
		1,
	},
	[0.11666666666666667] = {
		0.856888,
		0.020199,
		0.515106,
		0,
		-0.501428,
		-0.19923,
		0.841948,
		0,
		0.119631,
		-0.979745,
		-0.160589,
		0,
		-0.302142,
		0.13846,
		0.223097,
		1,
	},
	[0.13333333333333333] = {
		0.886904,
		-0.009513,
		0.461856,
		0,
		-0.458507,
		-0.140028,
		0.877589,
		0,
		0.056325,
		-0.990102,
		-0.128553,
		0,
		-0.265644,
		0.215506,
		0.226949,
		1,
	},
	[0.15] = {
		0.929394,
		0.056536,
		0.364732,
		0,
		-0.361999,
		-0.053104,
		0.930664,
		0,
		0.071985,
		-0.996988,
		-0.028889,
		0,
		-0.222774,
		0.298592,
		0.231015,
		1,
	},
	[0.16666666666666666] = {
		0.953672,
		0.112852,
		0.278879,
		0,
		-0.283024,
		0.022229,
		0.958855,
		0,
		0.102009,
		-0.993364,
		0.053139,
		0,
		-0.181368,
		0.382974,
		0.231464,
		1,
	},
	[0.18333333333333332] = {
		0.969758,
		0.137212,
		0.201844,
		0,
		-0.223085,
		0.162868,
		0.961097,
		0,
		0.099,
		-0.977061,
		0.188553,
		0,
		-0.145463,
		0.468251,
		0.226777,
		1,
	},
	[0.1] = {
		0.820987,
		0.047773,
		0.568945,
		0,
		-0.53888,
		-0.264419,
		0.799807,
		0,
		0.188649,
		-0.963224,
		-0.191341,
		0,
		-0.332753,
		0.074559,
		0.212088,
		1,
	},
	[0.21666666666666667] = {
		0.975041,
		-0.111304,
		0.19211,
		0,
		0.018086,
		0.902208,
		0.430922,
		0,
		-0.221286,
		-0.416693,
		0.881703,
		0,
		-0.084586,
		0.640296,
		0.157816,
		1,
	},
	[0.23333333333333334] = {
		0.880319,
		-0.23246,
		0.413521,
		0,
		0.33249,
		0.924112,
		-0.188331,
		0,
		-0.338359,
		0.303284,
		0.890804,
		0,
		-0.004757,
		0.731436,
		-0.039447,
		1,
	},
	[0.25] = {
		0.871868,
		-0.141159,
		0.468956,
		0,
		0.396188,
		0.76619,
		-0.505952,
		0,
		-0.28789,
		0.626919,
		0.723942,
		0,
		0.073587,
		0.730528,
		-0.220482,
		1,
	},
	[0.26666666666666666] = {
		0.821003,
		-0.161419,
		0.547629,
		0,
		0.529466,
		0.574114,
		-0.624547,
		0,
		-0.213588,
		0.802706,
		0.556815,
		0,
		0.108478,
		0.718076,
		-0.296998,
		1,
	},
	[0.2833333333333333] = {
		0.820127,
		-0.111115,
		0.561288,
		0,
		0.558231,
		0.37067,
		-0.742281,
		0,
		-0.125574,
		0.922094,
		0.366025,
		0,
		0.150657,
		0.664699,
		-0.377736,
		1,
	},
	[0.2] = {
		0.984392,
		0.098621,
		0.145756,
		0,
		-0.174415,
		0.436319,
		0.882726,
		0,
		0.023459,
		-0.894372,
		0.44671,
		0,
		-0.117078,
		0.533476,
		0.224251,
		1,
	},
	[0.31666666666666665] = {
		0.863209,
		-0.051948,
		0.502166,
		0,
		0.504833,
		0.096012,
		-0.857861,
		0,
		-0.00365,
		0.994024,
		0.109103,
		0,
		0.253868,
		0.378783,
		-0.610507,
		1,
	},
	[0.3333333333333333] = {
		0.854886,
		-0.022247,
		0.518338,
		0,
		0.518764,
		0.022655,
		-0.854617,
		0,
		0.00727,
		0.999496,
		0.030908,
		0,
		0.259503,
		0.272695,
		-0.693444,
		1,
	},
	[0.35] = {
		0.833029,
		-0.078414,
		0.547643,
		0,
		0.538981,
		-0.108172,
		-0.835343,
		0,
		0.124742,
		0.991035,
		-0.047847,
		0,
		0.268781,
		0.198122,
		-0.701032,
		1,
	},
	[0.36666666666666664] = {
		0.822726,
		-0.088219,
		0.56155,
		0,
		0.525914,
		-0.25677,
		-0.810854,
		0,
		0.215721,
		0.962438,
		-0.164855,
		0,
		0.272195,
		0.114116,
		-0.706414,
		1,
	},
	[0.38333333333333336] = {
		0.828933,
		-0.08087,
		0.55347,
		0,
		0.48004,
		-0.405045,
		-0.778139,
		0,
		0.287108,
		0.910714,
		-0.296934,
		0,
		0.266791,
		0.033347,
		-0.705652,
		1,
	},
	[0.3] = {
		0.860171,
		-0.052347,
		0.507312,
		0,
		0.507728,
		0.181805,
		-0.842116,
		0,
		-0.048149,
		0.981941,
		0.182961,
		0,
		0.211228,
		0.530587,
		-0.491719,
		1,
	},
	[0.4166666666666667] = {
		0.868032,
		-0.104459,
		0.485394,
		0,
		0.321419,
		-0.626901,
		-0.709708,
		0,
		0.378429,
		0.772065,
		-0.510595,
		0,
		0.224172,
		-0.069791,
		-0.689489,
		1,
	},
	[0.43333333333333335] = {
		0.887609,
		-0.143938,
		0.437528,
		0,
		0.234537,
		-0.676299,
		-0.698293,
		0,
		0.39641,
		0.722428,
		-0.56653,
		0,
		0.18117,
		-0.063955,
		-0.671152,
		1,
	},
	[0.45] = {
		0.90347,
		-0.189701,
		0.384389,
		0,
		0.155953,
		-0.689819,
		-0.706986,
		0,
		0.399275,
		0.698687,
		-0.593646,
		0,
		0.13419,
		-0.0403,
		-0.658965,
		1,
	},
	[0.4666666666666667] = {
		0.916381,
		-0.2291,
		0.328265,
		0,
		0.087684,
		-0.685245,
		-0.723016,
		0,
		0.390584,
		0.691342,
		-0.607857,
		0,
		0.087616,
		-0.018466,
		-0.647496,
		1,
	},
	[0.48333333333333334] = {
		0.925836,
		-0.259172,
		0.275058,
		0,
		0.0341,
		-0.667555,
		-0.743779,
		0,
		0.376383,
		0.697997,
		-0.609209,
		0,
		0.047877,
		-0.001434,
		-0.638955,
		1,
	},
	[0.4] = {
		0.846568,
		-0.082897,
		0.525786,
		0,
		0.407954,
		-0.533446,
		-0.740952,
		0,
		0.341901,
		0.841763,
		-0.41778,
		0,
		0.251694,
		-0.031687,
		-0.699232,
		1,
	},
	[0.5166666666666667] = {
		0.93703,
		-0.289573,
		0.195249,
		0,
		-0.021495,
		-0.605813,
		-0.795317,
		0,
		0.348586,
		0.741039,
		-0.573889,
		0,
		0.006333,
		0.01399,
		-0.633031,
		1,
	},
	[0.5333333333333333] = {
		0.941095,
		-0.296411,
		0.162728,
		0,
		-0.034283,
		-0.562401,
		-0.826154,
		0,
		0.336399,
		0.771911,
		-0.539435,
		0,
		0.002172,
		0.019573,
		-0.630334,
		1,
	},
	[0.55] = {
		0.945009,
		-0.298595,
		0.133408,
		0,
		-0.041432,
		-0.513942,
		-0.856824,
		0,
		0.324407,
		0.80418,
		-0.498051,
		0,
		0.00467,
		0.02474,
		-0.627029,
		1,
	},
	[0.5666666666666667] = {
		0.949333,
		-0.295609,
		0.106684,
		0,
		-0.045527,
		-0.465244,
		-0.884011,
		0,
		0.310955,
		0.834364,
		-0.45513,
		0,
		0.008041,
		0.028827,
		-0.623721,
		1,
	},
	[0.5833333333333334] = {
		0.953442,
		-0.289742,
		0.08365,
		0,
		-0.047732,
		-0.418867,
		-0.906792,
		0,
		0.297773,
		0.860582,
		-0.413195,
		0,
		0.012222,
		0.031825,
		-0.620441,
		1,
	},
	[0.5] = {
		0.932208,
		-0.278466,
		0.231179,
		0,
		-0.000975,
		-0.640686,
		-0.767803,
		0,
		0.36192,
		0.715527,
		-0.597524,
		0,
		0.020868,
		0.008438,
		-0.634839,
		1,
	},
	[0.6166666666666667] = {
		0.958737,
		-0.279517,
		0.051899,
		0,
		-0.049641,
		-0.344343,
		-0.937531,
		0,
		0.279927,
		0.896269,
		-0.344009,
		0,
		0.022767,
		0.034619,
		-0.614113,
		1,
	},
	[0.6333333333333333] = {
		0.958811,
		-0.280538,
		0.044493,
		0,
		-0.05048,
		-0.322443,
		-0.945242,
		0,
		0.279523,
		0.904063,
		-0.323324,
		0,
		0.028928,
		0.034397,
		-0.610911,
		1,
	},
	[0.65] = {
		0.957632,
		-0.28501,
		0.041349,
		0,
		-0.051308,
		-0.31012,
		-0.949312,
		0,
		0.283387,
		0.906971,
		-0.311604,
		0,
		0.035599,
		0.03286,
		-0.607876,
		1,
	},
	[0.6666666666666666] = {
		0.95631,
		-0.289579,
		0.040187,
		0,
		-0.051768,
		-0.303017,
		-0.951578,
		0,
		0.287734,
		0.907924,
		-0.304769,
		0,
		0.042039,
		0.03152,
		-0.6035,
		1,
	},
	[0.6833333333333333] = {
		0.954869,
		-0.294222,
		0.040726,
		0,
		-0.052033,
		-0.300687,
		-0.952302,
		0,
		0.292434,
		0.907205,
		-0.302426,
		0,
		0.04827,
		0.030063,
		-0.598304,
		1,
	},
	[0.6] = {
		0.956752,
		-0.283511,
		0.06517,
		0,
		-0.048904,
		-0.377589,
		-0.924681,
		0,
		0.286764,
		0.881504,
		-0.375124,
		0,
		0.017153,
		0.033747,
		-0.617228,
		1,
	},
	[0.7166666666666667] = {
		0.951753,
		-0.30343,
		0.045786,
		0,
		-0.052629,
		-0.308399,
		-0.9498,
		0,
		0.302318,
		0.901566,
		-0.309488,
		0,
		0.060779,
		0.025122,
		-0.58814,
		1,
	},
	[0.7333333333333333] = {
		0.950149,
		-0.3078,
		0.049746,
		0,
		-0.053252,
		-0.317402,
		-0.946795,
		0,
		0.307212,
		0.896948,
		-0.317971,
		0,
		0.066929,
		0.021821,
		-0.583232,
		1,
	},
	[0.75] = {
		0.948567,
		-0.311887,
		0.054284,
		0,
		-0.054262,
		-0.329113,
		-0.94273,
		0,
		0.311891,
		0.891298,
		-0.32911,
		0,
		0.072916,
		0.018115,
		-0.578453,
		1,
	},
	[0.7666666666666667] = {
		0.94704,
		-0.315624,
		0.059122,
		0,
		-0.055765,
		-0.342972,
		-0.937689,
		0,
		0.316234,
		0.884733,
		-0.342409,
		0,
		0.078672,
		0.014122,
		-0.573815,
		1,
	},
	[0.7833333333333333] = {
		0.945601,
		-0.318972,
		0.063985,
		0,
		-0.057851,
		-0.358413,
		-0.931769,
		0,
		0.320141,
		0.877381,
		-0.357369,
		0,
		0.084132,
		0.00996,
		-0.569337,
		1,
	},
	[0.7] = {
		0.953338,
		-0.298871,
		0.042686,
		0,
		-0.052269,
		-0.30265,
		-0.951667,
		0,
		0.297344,
		0.90503,
		-0.30415,
		0,
		0.054537,
		0.027904,
		-0.593169,
		1,
	},
	[0.8166666666666667] = {
		0.943065,
		-0.324557,
		0.072734,
		0,
		-0.064048,
		-0.391791,
		-0.917822,
		0,
		0.326382,
		0.860908,
		-0.390272,
		0,
		0.09391,
		0.0016,
		-0.560981,
		1,
	},
	[0.8333333333333334] = {
		0.941979,
		-0.326924,
		0.076133,
		0,
		-0.068262,
		-0.408636,
		-0.910141,
		0,
		0.328657,
		0.852137,
		-0.407243,
		0,
		0.098102,
		-0.002363,
		-0.557184,
		1,
	},
	[0.85] = {
		0.940997,
		-0.329162,
		0.078592,
		0,
		-0.07327,
		-0.42489,
		-0.902275,
		0,
		0.330387,
		0.84328,
		-0.423938,
		0,
		0.101746,
		-0.006028,
		-0.553708,
		1,
	},
	[0.8666666666666667] = {
		0.940088,
		-0.33143,
		0.079923,
		0,
		-0.0791,
		-0.440064,
		-0.894475,
		0,
		0.331627,
		0.834565,
		-0.439915,
		0,
		0.104776,
		-0.009281,
		-0.550612,
		1,
	},
	[0.8833333333333333] = {
		0.939206,
		-0.333911,
		0.079966,
		0,
		-0.085778,
		-0.453698,
		-0.887017,
		0,
		0.332465,
		0.826234,
		-0.454759,
		0,
		0.107128,
		-0.012012,
		-0.547958,
		1,
	},
	[0.8] = {
		0.944272,
		-0.321935,
		0.068606,
		0,
		-0.060593,
		-0.374871,
		-0.925095,
		0,
		0.323539,
		0.869385,
		-0.373487,
		0,
		0.089232,
		0.005747,
		-0.565047,
		1,
	},
	[0.9166666666666666] = {
		0.937263,
		-0.340313,
		0.075659,
		0,
		-0.101761,
		-0.474634,
		-0.874281,
		0,
		0.333439,
		0.811733,
		-0.479488,
		0,
		0.109518,
		-0.015476,
		-0.544244,
		1,
	},
	[0.9333333333333333] = {
		0.93604,
		-0.344637,
		0.071088,
		0,
		-0.111103,
		-0.481127,
		-0.869582,
		0,
		0.333892,
		0.806066,
		-0.488645,
		0,
		0.109409,
		-0.015979,
		-0.543313,
		1,
	},
	[0.9] = {
		0.938289,
		-0.336804,
		0.078583,
		0,
		-0.093326,
		-0.465359,
		-0.880188,
		0,
		0.33302,
		0.818538,
		-0.468074,
		0,
		0.108731,
		-0.014113,
		-0.545814,
		1,
	},
}

return spline_matrices
