-- chunkname: @content/characters/player/human/first_person/animations/saw/heavy_swing_right_up.lua

local spline_matrices = {
	[0.016666666666666666] = {
		-0.174973,
		-0.21431,
		0.960966,
		0,
		-0.819389,
		0.572837,
		-0.021443,
		0,
		-0.545882,
		-0.791157,
		-0.275834,
		0,
		-0.410214,
		0.243983,
		-0.184876,
		1,
	},
	[0.03333333333333333] = {
		-0.21384,
		-0.225625,
		0.950455,
		0,
		-0.816759,
		0.575041,
		-0.047254,
		0,
		-0.535889,
		-0.786398,
		-0.307248,
		0,
		-0.429355,
		0.222366,
		-0.193505,
		1,
	},
	[0.05] = {
		-0.253077,
		-0.23516,
		0.938431,
		0,
		-0.815641,
		0.573512,
		-0.076247,
		0,
		-0.520271,
		-0.784719,
		-0.336949,
		0,
		-0.452457,
		0.196113,
		-0.205031,
		1,
	},
	[0.06666666666666667] = {
		-0.291858,
		-0.244298,
		0.924737,
		0,
		-0.813904,
		0.571255,
		-0.105963,
		0,
		-0.502374,
		-0.783573,
		-0.36556,
		0,
		-0.471493,
		0.174085,
		-0.217921,
		1,
	},
	[0.08333333333333333] = {
		-0.329517,
		-0.254093,
		0.909316,
		0,
		-0.80975,
		0.571319,
		-0.133791,
		0,
		-0.485514,
		-0.780405,
		-0.394011,
		0,
		-0.478453,
		0.165138,
		-0.230641,
		1,
	},
	[0] = {
		-0.137478,
		-0.199528,
		0.9702,
		0,
		-0.825861,
		0.563873,
		-0.001061,
		0,
		-0.546858,
		-0.801396,
		-0.242303,
		0,
		-0.403067,
		0.252097,
		-0.180668,
		1,
	},
	[0.11666666666666667] = {
		-0.399737,
		-0.278306,
		0.873359,
		0,
		-0.788302,
		0.590581,
		-0.17261,
		0,
		-0.467751,
		-0.757469,
		-0.455466,
		0,
		-0.416251,
		0.209629,
		-0.249433,
		1,
	},
	[0.13333333333333333] = {
		-0.432005,
		-0.293343,
		0.852832,
		0,
		-0.76801,
		0.615387,
		-0.177367,
		0,
		-0.472792,
		-0.731606,
		-0.491141,
		0,
		-0.359438,
		0.254189,
		-0.252398,
		1,
	},
	[0.15] = {
		-0.462638,
		-0.31031,
		0.830466,
		0,
		-0.738532,
		0.65311,
		-0.167383,
		0,
		-0.490446,
		-0.690764,
		-0.531327,
		0,
		-0.301712,
		0.304484,
		-0.251176,
		1,
	},
	[0.16666666666666666] = {
		-0.492202,
		-0.328814,
		0.805989,
		0,
		-0.696424,
		0.704239,
		-0.13799,
		0,
		-0.522235,
		-0.629229,
		-0.575622,
		0,
		-0.25513,
		0.353583,
		-0.244141,
		1,
	},
	[0.18333333333333332] = {
		-0.517376,
		-0.363612,
		0.774667,
		0,
		-0.633951,
		0.77092,
		-0.061542,
		0,
		-0.574829,
		-0.522942,
		-0.629368,
		0,
		-0.22642,
		0.407941,
		-0.228339,
		1,
	},
	[0.1] = {
		-0.365568,
		-0.265282,
		0.89218,
		0,
		-0.801679,
		0.576772,
		-0.156987,
		0,
		-0.472939,
		-0.772631,
		-0.42352,
		0,
		-0.459993,
		0.177668,
		-0.241659,
		1,
	},
	[0.21666666666666667] = {
		-0.585638,
		-0.387606,
		0.711891,
		0,
		-0.390024,
		0.904654,
		0.171707,
		0,
		-0.71057,
		-0.177097,
		-0.680976,
		0,
		-0.178643,
		0.526346,
		-0.179704,
		1,
	},
	[0.23333333333333334] = {
		-0.630256,
		-0.286496,
		0.721594,
		0,
		-0.163739,
		0.957569,
		0.237172,
		0,
		-0.758925,
		0.031326,
		-0.650424,
		0,
		-0.150208,
		0.569807,
		-0.15233,
		1,
	},
	[0.25] = {
		-0.65068,
		-0.138764,
		0.746565,
		0,
		0.12457,
		0.950336,
		0.285209,
		0,
		-0.749064,
		0.278579,
		-0.601079,
		0,
		-0.09264,
		0.600198,
		-0.110447,
		1,
	},
	[0.26666666666666666] = {
		-0.598712,
		-0.039784,
		0.799976,
		0,
		0.473389,
		0.788083,
		0.393483,
		0,
		-0.646101,
		0.614283,
		-0.453001,
		0,
		0.012748,
		0.618397,
		-0.044763,
		1,
	},
	[0.2833333333333333] = {
		-0.524783,
		0.006251,
		0.851213,
		0,
		0.735627,
		0.506487,
		0.449804,
		0,
		-0.428317,
		0.862225,
		-0.270395,
		0,
		0.131972,
		0.615988,
		0.022291,
		1,
	},
	[0.2] = {
		-0.545569,
		-0.398192,
		0.737426,
		0,
		-0.536669,
		0.84183,
		0.057524,
		0,
		-0.643693,
		-0.364371,
		-0.672974,
		0,
		-0.205352,
		0.469803,
		-0.205773,
		1,
	},
	[0.31666666666666665] = {
		-0.553043,
		0.036143,
		0.832369,
		0,
		0.832499,
		0.06356,
		0.550369,
		0,
		-0.033013,
		0.997323,
		-0.065241,
		0,
		0.366003,
		0.503922,
		0.139709,
		1,
	},
	[0.3333333333333333] = {
		-0.404593,
		-0.089996,
		0.910058,
		0,
		0.9103,
		-0.134866,
		0.391364,
		0,
		0.087514,
		0.986768,
		0.136489,
		0,
		0.485399,
		0.416219,
		0.167949,
		1,
	},
	[0.35] = {
		-0.282699,
		-0.255671,
		0.924507,
		0,
		0.939148,
		-0.269862,
		0.212546,
		0,
		0.195147,
		0.928336,
		0.316402,
		0,
		0.591489,
		0.333785,
		0.174071,
		1,
	},
	[0.36666666666666664] = {
		-0.409508,
		-0.322399,
		0.853441,
		0,
		0.882204,
		-0.378265,
		0.280414,
		0,
		0.232422,
		0.867741,
		0.439324,
		0,
		0.660087,
		0.243626,
		0.160245,
		1,
	},
	[0.38333333333333336] = {
		-0.518503,
		-0.344643,
		0.782544,
		0,
		0.818575,
		-0.464599,
		0.337761,
		0,
		0.247162,
		0.815702,
		0.523012,
		0,
		0.705287,
		0.142422,
		0.123477,
		1,
	},
	[0.3] = {
		-0.547411,
		0.031515,
		0.836271,
		0,
		0.810237,
		0.270027,
		0.520194,
		0,
		-0.209421,
		0.962337,
		-0.17335,
		0,
		0.251996,
		0.577879,
		0.085541,
		1,
	},
	[0.4166666666666667] = {
		-0.236875,
		-0.455316,
		0.858241,
		0,
		0.847722,
		-0.528411,
		-0.046362,
		0,
		0.474613,
		0.716568,
		0.511149,
		0,
		0.750724,
		-0.053923,
		-0.007802,
		1,
	},
	[0.43333333333333335] = {
		-0.013038,
		-0.519844,
		0.854162,
		0,
		0.807012,
		-0.509846,
		-0.297975,
		0,
		0.590391,
		0.685434,
		0.426168,
		0,
		0.737845,
		-0.078092,
		-0.064573,
		1,
	},
	[0.45] = {
		0.154611,
		-0.568174,
		0.808254,
		0,
		0.738449,
		-0.477026,
		-0.476591,
		0,
		0.656344,
		0.670541,
		0.345814,
		0,
		0.71269,
		-0.088552,
		-0.117966,
		1,
	},
	[0.4666666666666667] = {
		0.266079,
		-0.602865,
		0.752167,
		0,
		0.674026,
		-0.441471,
		-0.592277,
		0,
		0.689123,
		0.664573,
		0.288881,
		0,
		0.678784,
		-0.090354,
		-0.16841,
		1,
	},
	[0.48333333333333334] = {
		0.367242,
		-0.630377,
		0.683929,
		0,
		0.60243,
		-0.399032,
		-0.691268,
		0,
		0.708669,
		0.665881,
		0.233217,
		0,
		0.636896,
		-0.087644,
		-0.218769,
		1,
	},
	[0.4] = {
		-0.429887,
		-0.391523,
		0.813577,
		0,
		0.835641,
		-0.513761,
		0.194305,
		0,
		0.341909,
		0.763387,
		0.548032,
		0,
		0.73923,
		0.028223,
		0.060481,
		1,
	},
	[0.5166666666666667] = {
		0.539696,
		-0.661828,
		0.520301,
		0,
		0.445081,
		-0.300288,
		-0.843641,
		0,
		0.714585,
		0.686885,
		0.132503,
		0,
		0.533634,
		-0.079285,
		-0.316878,
		1,
	},
	[0.5333333333333333] = {
		0.611383,
		-0.665192,
		0.428639,
		0,
		0.361753,
		-0.246817,
		-0.899008,
		0,
		0.703808,
		0.704699,
		0.089735,
		0,
		0.475336,
		-0.074388,
		-0.36357,
		1,
	},
	[0.55] = {
		0.673452,
		-0.660185,
		0.332593,
		0,
		0.276505,
		-0.192294,
		-0.941577,
		0,
		0.685571,
		0.726071,
		0.053043,
		0,
		0.414622,
		-0.06919,
		-0.407969,
		1,
	},
	[0.5666666666666667] = {
		0.725841,
		-0.646928,
		0.233751,
		0,
		0.190121,
		-0.137906,
		-0.972027,
		0,
		0.661067,
		0.749978,
		0.022897,
		0,
		0.353008,
		-0.063813,
		-0.449534,
		1,
	},
	[0.5833333333333334] = {
		0.76846,
		-0.625765,
		0.133744,
		0,
		0.103423,
		-0.084803,
		-0.991016,
		0,
		0.631485,
		0.775388,
		-0.000449,
		0,
		0.292014,
		-0.058371,
		-0.487726,
		1,
	},
	[0.5] = {
		0.458364,
		-0.650152,
		0.605974,
		0,
		0.525649,
		-0.351471,
		-0.774701,
		0,
		0.716656,
		0.673625,
		0.18065,
		0,
		0.587997,
		-0.08375,
		-0.268433,
		1,
	},
	[0.6166666666666667] = {
		0.824406,
		-0.562488,
		-0.062951,
		0,
		-0.067167,
		0.01321,
		-0.997654,
		0,
		0.562,
		0.8267,
		-0.02689,
		0,
		0.177991,
		-0.047691,
		-0.551902,
		1,
	},
	[0.6333333333333333] = {
		0.838194,
		-0.522522,
		-0.156211,
		0,
		-0.148948,
		0.05621,
		-0.987246,
		0,
		0.524639,
		0.850771,
		-0.030714,
		0,
		0.128013,
		-0.04261,
		-0.576879,
		1,
	},
	[0.65] = {
		0.843276,
		-0.478937,
		-0.243936,
		0,
		-0.226895,
		0.094217,
		-0.969351,
		0,
		0.487241,
		0.872778,
		-0.029218,
		0,
		0.084754,
		-0.037769,
		-0.596471,
		1,
	},
	[0.6666666666666666] = {
		0.840604,
		-0.433487,
		-0.324767,
		0,
		-0.299916,
		0.126779,
		-0.945504,
		0,
		0.451037,
		0.892197,
		-0.023439,
		0,
		0.04972,
		-0.033189,
		-0.610213,
		1,
	},
	[0.6833333333333333] = {
		0.831427,
		-0.388076,
		-0.39765,
		0,
		-0.367029,
		0.153719,
		-0.91742,
		0,
		0.417156,
		0.908717,
		-0.014629,
		0,
		0.024401,
		-0.028864,
		-0.617646,
		1,
	},
	[0.6] = {
		0.801276,
		-0.597312,
		0.034267,
		0,
		0.017322,
		-0.03409,
		-0.999269,
		0,
		0.598044,
		0.801284,
		-0.016969,
		0,
		0.233166,
		-0.052968,
		-0.52202,
		1,
	},
	[0.7166666666666667] = {
		0.799654,
		-0.305141,
		-0.517148,
		0,
		-0.480488,
		0.191349,
		-0.855872,
		0,
		0.360117,
		0.932885,
		0.006396,
		0,
		-0.01108,
		-0.020851,
		-0.624591,
		1,
	},
	[0.7333333333333333] = {
		0.780365,
		-0.271292,
		-0.56341,
		0,
		-0.525845,
		0.202886,
		-0.826029,
		0,
		0.338403,
		0.940871,
		0.015668,
		0,
		-0.025618,
		-0.017062,
		-0.627367,
		1,
	},
	[0.75] = {
		0.760961,
		-0.244686,
		-0.600889,
		0,
		-0.563308,
		0.210347,
		-0.799023,
		0,
		0.321905,
		0.946511,
		0.022232,
		0,
		-0.038168,
		-0.013343,
		-0.629905,
		1,
	},
	[0.7666666666666667] = {
		0.743982,
		-0.224902,
		-0.629214,
		0,
		-0.591873,
		0.215235,
		-0.776763,
		0,
		0.310124,
		0.950312,
		0.027017,
		0,
		-0.048839,
		-0.009638,
		-0.63236,
		1,
	},
	[0.7833333333333333] = {
		0.73113,
		-0.210139,
		-0.649069,
		0,
		-0.611792,
		0.21909,
		-0.760072,
		0,
		0.301925,
		0.952807,
		0.031622,
		0,
		-0.057806,
		-0.005925,
		-0.634775,
		1,
	},
	[0.7] = {
		0.817232,
		-0.344659,
		-0.46189,
		0,
		-0.427421,
		0.175131,
		-0.886928,
		0,
		0.386579,
		0.922247,
		-0.004192,
		0,
		0.00556,
		-0.024767,
		-0.621412,
		1,
	},
	[0.8166666666666667] = {
		0.717361,
		-0.193136,
		-0.669396,
		0,
		-0.631543,
		0.225444,
		-0.741841,
		0,
		0.294188,
		0.954921,
		0.039751,
		0,
		-0.071365,
		0.001446,
		-0.639407,
		1,
	},
	[0.8333333333333334] = {
		0.715714,
		-0.189728,
		-0.672128,
		0,
		-0.633613,
		0.228388,
		-0.739171,
		0,
		0.293748,
		0.954904,
		0.043246,
		0,
		-0.076266,
		0.005039,
		-0.641579,
		1,
	},
	[0.85] = {
		0.716889,
		-0.188995,
		-0.671082,
		0,
		-0.631672,
		0.231297,
		-0.739927,
		0,
		0.295063,
		0.954349,
		0.046431,
		0,
		-0.080096,
		0.008518,
		-0.643627,
		1,
	},
	[0.8666666666666667] = {
		0.720312,
		-0.190422,
		-0.667001,
		0,
		-0.626487,
		0.23419,
		-0.743418,
		0,
		0.297768,
		0.95336,
		0.049393,
		0,
		-0.082978,
		0.011837,
		-0.645529,
		1,
	},
	[0.8833333333333333] = {
		0.725389,
		-0.193498,
		-0.660583,
		0,
		-0.618791,
		0.237055,
		-0.748934,
		0,
		0.301512,
		0.952031,
		0.052222,
		0,
		-0.085035,
		0.014951,
		-0.647266,
		1,
	},
	[0.8] = {
		0.722354,
		-0.199751,
		-0.662045,
		0,
		-0.624605,
		0.222397,
		-0.748604,
		0,
		0.296772,
		0.954274,
		0.035884,
		0,
		-0.06526,
		-0.002221,
		-0.637132,
		1,
	},
	[0.9166666666666666] = {
		0.738127,
		-0.202529,
		-0.643545,
		0,
		-0.598848,
		0.24264,
		-0.763221,
		0,
		0.310724,
		0.94874,
		0.057815,
		0,
		-0.087167,
		0.020375,
		-0.650161,
		1,
	},
	[0.9333333333333333] = {
		0.744644,
		-0.207414,
		-0.634417,
		0,
		-0.588192,
		0.245358,
		-0.770604,
		0,
		0.315493,
		0.946984,
		0.060705,
		0,
		-0.087494,
		0.022593,
		-0.651278,
		1,
	},
	[0.95] = {
		0.750544,
		-0.211803,
		-0.625958,
		0,
		-0.57823,
		0.248057,
		-0.77725,
		0,
		0.319898,
		0.945308,
		0.063707,
		0,
		-0.087504,
		0.024422,
		-0.652148,
		1,
	},
	[0.9666666666666667] = {
		0.755326,
		-0.215121,
		-0.619036,
		0,
		-0.569893,
		0.250788,
		-0.782514,
		0,
		0.323582,
		0.943837,
		0.066831,
		0,
		-0.087333,
		0.025818,
		-0.652752,
		1,
	},
	[0.9833333333333333] = {
		0.758513,
		-0.216777,
		-0.614545,
		0,
		-0.564143,
		0.253611,
		-0.785764,
		0,
		0.326191,
		0.942703,
		0.070074,
		0,
		-0.087123,
		0.026737,
		-0.653068,
		1,
	},
	[0.9] = {
		0.731522,
		-0.197709,
		-0.652524,
		0,
		-0.609321,
		0.239875,
		-0.755769,
		0,
		0.305947,
		0.950458,
		0.055006,
		0,
		-0.08639,
		0.017812,
		-0.648816,
		1,
	},
	[1.0166666666666666] = {
		0.759629,
		-0.216179,
		-0.613376,
		0,
		-0.561949,
		0.256582,
		-0.786371,
		0,
		0.327378,
		0.942036,
		0.073425,
		0,
		-0.087011,
		0.027136,
		-0.653079,
		1,
	},
	{
		0.759629,
		-0.216179,
		-0.613376,
		0,
		-0.561949,
		0.256582,
		-0.786371,
		0,
		0.327378,
		0.942036,
		0.073425,
		0,
		-0.087011,
		0.027136,
		-0.653079,
		1,
	},
}

return spline_matrices
