-- chunkname: @content/characters/player/human/first_person/animations/saw/heavy_swing_down.lua

local spline_matrices = {
	[0.016666666666666666] = {
		-0.326258,
		0.842436,
		-0.428785,
		0,
		0.940209,
		0.242275,
		-0.239397,
		0,
		-0.097793,
		-0.481252,
		-0.87111,
		0,
		0.027448,
		0.076148,
		0.27067,
		1,
	},
	[0.03333333333333333] = {
		-0.318403,
		0.845323,
		-0.429009,
		0,
		0.942656,
		0.234557,
		-0.237449,
		0,
		-0.100094,
		-0.480013,
		-0.871533,
		0,
		0.033085,
		0.106662,
		0.307158,
		1,
	},
	[0.05] = {
		-0.318197,
		0.836603,
		-0.445922,
		0,
		0.942791,
		0.22989,
		-0.241447,
		0,
		-0.099482,
		-0.497239,
		-0.861891,
		0,
		0.046505,
		0.151197,
		0.352022,
		1,
	},
	[0.06666666666666667] = {
		-0.330302,
		0.806095,
		-0.491031,
		0,
		0.938961,
		0.227604,
		-0.257969,
		0,
		-0.096187,
		-0.546267,
		-0.83207,
		0,
		0.063733,
		0.204578,
		0.389668,
		1,
	},
	[0.08333333333333333] = {
		-0.341756,
		0.780292,
		-0.523782,
		0,
		0.824016,
		-0.019192,
		-0.566242,
		0,
		-0.451886,
		-0.625121,
		-0.636414,
		0,
		0.08609,
		0.256812,
		0.369463,
		1,
	},
	[0] = {
		-0.336939,
		0.836266,
		-0.432586,
		0,
		0.937039,
		0.253042,
		-0.24068,
		0,
		-0.09181,
		-0.486445,
		-0.868874,
		0,
		0.024563,
		0.064827,
		0.235544,
		1,
	},
	[0.11666666666666667] = {
		-0.19949,
		0.2702,
		-0.941911,
		0,
		0.979886,
		0.049827,
		-0.193239,
		0,
		-0.00528,
		-0.961514,
		-0.274705,
		0,
		0.090843,
		0.398822,
		0.296752,
		1,
	},
	[0.13333333333333333] = {
		-0.293075,
		-0.321087,
		-0.900561,
		0,
		0.955741,
		-0.123798,
		-0.266894,
		0,
		-0.025792,
		-0.938924,
		0.343158,
		0,
		0.075701,
		0.48812,
		0.225123,
		1,
	},
	[0.15] = {
		-0.199176,
		-0.839454,
		-0.505615,
		0,
		0.91598,
		0.023901,
		-0.400511,
		0,
		0.348295,
		-0.542906,
		0.764162,
		0,
		0.059452,
		0.560611,
		0.123636,
		1,
	},
	[0.16666666666666666] = {
		-0.23932,
		-0.968855,
		-0.063616,
		0,
		0.970529,
		-0.240612,
		0.013378,
		0,
		-0.028268,
		-0.05854,
		0.997885,
		0,
		0.042012,
		0.625634,
		0.007805,
		1,
	},
	[0.18333333333333332] = {
		-0.290323,
		-0.894729,
		0.339372,
		0,
		0.956641,
		-0.262679,
		0.125845,
		0,
		-0.023451,
		0.361193,
		0.932196,
		0,
		0.027374,
		0.669834,
		-0.130022,
		1,
	},
	[0.1] = {
		-0.347311,
		0.639182,
		-0.686164,
		0,
		0.934091,
		0.171232,
		-0.313295,
		0,
		-0.082759,
		-0.749751,
		-0.656524,
		0,
		0.096525,
		0.31807,
		0.338985,
		1,
	},
	[0.21666666666666667] = {
		-0.161832,
		-0.356429,
		0.920201,
		0,
		0.98396,
		0.012643,
		0.177942,
		0,
		-0.075058,
		0.934237,
		0.348665,
		0,
		0.027071,
		0.641995,
		-0.417719,
		1,
	},
	[0.23333333333333334] = {
		-0.250867,
		-0.128357,
		0.959474,
		0,
		0.967998,
		-0.026319,
		0.249575,
		0,
		-0.006782,
		0.991379,
		0.130852,
		0,
		0.036837,
		0.56182,
		-0.534805,
		1,
	},
	[0.25] = {
		-0.244397,
		-0.092969,
		0.965208,
		0,
		0.968837,
		0.017967,
		0.247047,
		0,
		-0.040309,
		0.995507,
		0.085681,
		0,
		0.031521,
		0.470805,
		-0.621679,
		1,
	},
	[0.26666666666666666] = {
		-0.197187,
		0.05364,
		0.978897,
		0,
		0.978981,
		0.063837,
		0.193705,
		0,
		-0.0521,
		0.996518,
		-0.065101,
		0,
		0.024885,
		0.37922,
		-0.684386,
		1,
	},
	[0.2833333333333333] = {
		-0.175811,
		0.133645,
		0.97531,
		0,
		0.982038,
		0.092747,
		0.164315,
		0,
		-0.068497,
		0.98668,
		-0.14755,
		0,
		0.024926,
		0.309263,
		-0.725952,
		1,
	},
	[0.2] = {
		-0.240566,
		-0.585063,
		0.774487,
		0,
		0.97056,
		-0.135235,
		0.199309,
		0,
		-0.01187,
		0.799633,
		0.600372,
		0,
		0.019531,
		0.684065,
		-0.277328,
		1,
	},
	[0.31666666666666665] = {
		-0.140384,
		0.269094,
		0.952828,
		0,
		0.986059,
		0.124825,
		0.110027,
		0,
		-0.08933,
		0.954991,
		-0.282866,
		0,
		0.031616,
		0.205818,
		-0.752555,
		1,
	},
	[0.3333333333333333] = {
		-0.125277,
		0.325007,
		0.937377,
		0,
		0.987601,
		0.130942,
		0.086589,
		0,
		-0.0946,
		0.936603,
		-0.337381,
		0,
		0.037291,
		0.174629,
		-0.746883,
		1,
	},
	[0.35] = {
		-0.111055,
		0.400714,
		0.909448,
		0,
		0.989175,
		0.132888,
		0.062239,
		0,
		-0.095915,
		0.906515,
		-0.411134,
		0,
		0.043871,
		0.154466,
		-0.74409,
		1,
	},
	[0.36666666666666664] = {
		-0.098278,
		0.443657,
		0.890792,
		0,
		0.990461,
		0.130486,
		0.044286,
		0,
		-0.096588,
		0.886646,
		-0.452249,
		0,
		0.05087,
		0.134889,
		-0.740482,
		1,
	},
	[0.38333333333333336] = {
		-0.086562,
		0.478325,
		0.873906,
		0,
		0.991614,
		0.125859,
		0.029333,
		0,
		-0.095958,
		0.869117,
		-0.485209,
		0,
		0.057801,
		0.116242,
		-0.73653,
		1,
	},
	[0.3] = {
		-0.157077,
		0.205441,
		0.965982,
		0,
		0.984276,
		0.112584,
		0.136108,
		0,
		-0.080792,
		0.972172,
		-0.219895,
		0,
		0.027332,
		0.252409,
		-0.749407,
		1,
	},
	[0.4166666666666667] = {
		-0.066567,
		0.523896,
		0.849177,
		0,
		0.993397,
		0.114504,
		0.00723,
		0,
		-0.093446,
		0.844051,
		-0.528058,
		0,
		0.069712,
		0.083113,
		-0.729216,
		1,
	},
	[0.43333333333333335] = {
		-0.058565,
		0.535205,
		0.84269,
		0,
		0.993948,
		0.109849,
		-0.00069,
		0,
		-0.092938,
		0.83755,
		-0.538399,
		0,
		0.074486,
		0.069319,
		-0.72599,
		1,
	},
	[0.45] = {
		-0.051668,
		0.553645,
		0.831149,
		0,
		0.994271,
		0.106499,
		-0.009133,
		0,
		-0.093573,
		0.825915,
		-0.555975,
		0,
		0.078553,
		0.057829,
		-0.723021,
		1,
	},
	[0.4666666666666667] = {
		-0.044676,
		0.567511,
		0.822153,
		0,
		0.994632,
		0.102154,
		-0.016466,
		0,
		-0.093331,
		0.817004,
		-0.569028,
		0,
		0.08197,
		0.048988,
		-0.720309,
		1,
	},
	[0.48333333333333334] = {
		-0.036953,
		0.577211,
		0.815759,
		0,
		0.995016,
		0.09691,
		-0.023498,
		0,
		-0.092619,
		0.810824,
		-0.577915,
		0,
		0.084793,
		0.041398,
		-0.717851,
		1,
	},
	[0.4] = {
		-0.075952,
		0.504991,
		0.859776,
		0,
		0.992606,
		0.120173,
		0.017102,
		0,
		-0.094685,
		0.854718,
		-0.510385,
		0,
		0.064176,
		0.098869,
		-0.732699,
		1,
	},
	[0.5166666666666667] = {
		-0.021562,
		0.585318,
		0.810517,
		0,
		0.995852,
		0.084256,
		-0.034354,
		0,
		-0.088399,
		0.806414,
		-0.584706,
		0,
		0.088883,
		0.025303,
		-0.713697,
		1,
	},
	[0.5333333333333333] = {
		-0.01368,
		0.584299,
		0.811423,
		0,
		0.996281,
		0.077003,
		-0.038653,
		0,
		-0.085067,
		0.807877,
		-0.583179,
		0,
		0.090262,
		0.016934,
		-0.711999,
		1,
	},
	[0.55] = {
		-0.005742,
		0.580222,
		0.814438,
		0,
		0.996704,
		0.069225,
		-0.04229,
		0,
		-0.080917,
		0.811511,
		-0.578708,
		0,
		0.091268,
		0.008442,
		-0.710553,
		1,
	},
	[0.5666666666666667] = {
		0.002191,
		0.573305,
		0.819339,
		0,
		0.997109,
		0.060979,
		-0.045334,
		0,
		-0.075953,
		0.81707,
		-0.571514,
		0,
		0.09193,
		-0.000105,
		-0.709357,
		1,
	},
	[0.5833333333333334] = {
		0.010054,
		0.563752,
		0.825883,
		0,
		0.997483,
		0.052316,
		-0.047854,
		0,
		-0.070184,
		0.824286,
		-0.561807,
		0,
		0.092268,
		-0.008638,
		-0.708375,
		1,
	},
	[0.5] = {
		-0.029335,
		0.583043,
		0.811912,
		0,
		0.995427,
		0.090918,
		-0.029324,
		0,
		-0.090915,
		0.807338,
		-0.583043,
		0,
		0.087079,
		0.033481,
		-0.715647,
		1,
	},
	[0.6166666666666667] = {
		0.025292,
		0.537536,
		0.842862,
		0,
		0.998093,
		0.033911,
		-0.051576,
		0,
		-0.056306,
		0.842559,
		-0.535653,
		0,
		0.092053,
		-0.025388,
		-0.70692,
		1,
	},
	[0.6333333333333333] = {
		0.032525,
		0.521283,
		0.852764,
		0,
		0.998305,
		0.024249,
		-0.052899,
		0,
		-0.048254,
		0.853039,
		-0.519611,
		0,
		0.09154,
		-0.033468,
		-0.706429,
		1,
	},
	[0.65] = {
		0.039408,
		0.503223,
		0.863258,
		0,
		0.998442,
		0.014332,
		-0.053934,
		0,
		-0.039513,
		0.864038,
		-0.501874,
		0,
		0.090785,
		-0.04126,
		-0.706085,
		1,
	},
	[0.6666666666666666] = {
		0.045876,
		0.48359,
		0.874091,
		0,
		0.998493,
		0.004195,
		-0.054726,
		0,
		-0.030132,
		0.875284,
		-0.482669,
		0,
		0.089808,
		-0.048696,
		-0.705877,
		1,
	},
	[0.6833333333333333] = {
		0.051869,
		0.462636,
		0.885029,
		0,
		0.99845,
		-0.006124,
		-0.055315,
		0,
		-0.020171,
		0.886527,
		-0.462237,
		0,
		0.088628,
		-0.055707,
		-0.705799,
		1,
	},
	[0.6] = {
		0.017778,
		0.551761,
		0.833813,
		0,
		0.997815,
		0.043279,
		-0.049914,
		0,
		-0.063627,
		0.832878,
		-0.549787,
		0,
		0.092302,
		-0.017088,
		-0.707566,
		1,
	},
	[0.7166666666666667] = {
		0.062229,
		0.417853,
		0.906381,
		0,
		0.998061,
		-0.027165,
		-0.056001,
		0,
		0.001221,
		0.908109,
		-0.418733,
		0,
		0.085743,
		-0.068182,
		-0.705992,
		1,
	},
	[0.7333333333333333] = {
		0.066519,
		0.394607,
		0.916439,
		0,
		0.997707,
		-0.037814,
		-0.056136,
		0,
		0.012503,
		0.918071,
		-0.396218,
		0,
		0.084079,
		-0.073508,
		-0.706247,
		1,
	},
	[0.75] = {
		0.070183,
		0.371204,
		0.925895,
		0,
		0.997244,
		-0.048503,
		-0.056146,
		0,
		0.024067,
		0.927284,
		-0.373585,
		0,
		0.082544,
		-0.076699,
		-0.704686,
		1,
	},
	[0.7666666666666667] = {
		0.073208,
		0.347966,
		0.934645,
		0,
		0.996673,
		-0.059196,
		-0.056028,
		0,
		0.035832,
		0.935637,
		-0.351141,
		0,
		0.080971,
		-0.07883,
		-0.702864,
		1,
	},
	[0.7833333333333333] = {
		0.077973,
		0.321348,
		0.943745,
		0,
		0.995785,
		-0.070954,
		-0.058113,
		0,
		0.048288,
		0.944299,
		-0.325526,
		0,
		0.07929,
		-0.080364,
		-0.701461,
		1,
	},
	[0.7] = {
		0.057335,
		0.440629,
		0.895856,
		0,
		0.998308,
		-0.016589,
		-0.055732,
		0,
		-0.009696,
		0.897536,
		-0.440835,
		0,
		0.087267,
		-0.062225,
		-0.70584,
		1,
	},
	[0.8166666666666667] = {
		0.086333,
		0.269965,
		0.958992,
		0,
		0.993609,
		-0.093589,
		-0.063103,
		0,
		0.072716,
		0.958311,
		-0.27632,
		0,
		0.075645,
		-0.081555,
		-0.700019,
		1,
	},
	[0.8333333333333334] = {
		0.08998,
		0.245146,
		0.965301,
		0,
		0.992336,
		-0.10449,
		-0.065964,
		0,
		0.084694,
		0.963839,
		-0.252669,
		0,
		0.073701,
		-0.081155,
		-0.700034,
		1,
	},
	[0.85] = {
		0.093302,
		0.220858,
		0.970833,
		0,
		0.990948,
		-0.115131,
		-0.069044,
		0,
		0.096524,
		0.968487,
		-0.229601,
		0,
		0.071686,
		-0.080045,
		-0.700574,
		1,
	},
	[0.8666666666666667] = {
		0.096319,
		0.197055,
		0.97565,
		0,
		0.98945,
		-0.125527,
		-0.072328,
		0,
		0.108218,
		0.972323,
		-0.207066,
		0,
		0.069609,
		-0.07818,
		-0.701667,
		1,
	},
	[0.8833333333333333] = {
		0.099046,
		0.173683,
		0.979808,
		0,
		0.987847,
		-0.135694,
		-0.075805,
		0,
		0.119788,
		0.975408,
		-0.185012,
		0,
		0.067476,
		-0.075507,
		-0.703338,
		1,
	},
	[0.8] = {
		0.082339,
		0.295356,
		0.951833,
		0,
		0.994761,
		-0.082415,
		-0.060479,
		0,
		0.060582,
		0.951826,
		-0.300594,
		0,
		0.077511,
		-0.081281,
		-0.700504,
		1,
	},
	[0.9166666666666666] = {
		0.103684,
		0.128002,
		0.986339,
		0,
		0.984333,
		-0.155401,
		-0.083306,
		0,
		0.142614,
		0.979523,
		-0.142109,
		0,
		0.063403,
		-0.068218,
		-0.708036,
		1,
	},
	[0.9333333333333333] = {
		0.105613,
		0.105565,
		0.988788,
		0,
		0.982425,
		-0.164972,
		-0.087321,
		0,
		0.153904,
		0.980633,
		-0.121133,
		0,
		0.06207,
		-0.064955,
		-0.710159,
		1,
	},
	[0.95] = {
		0.10729,
		0.08331,
		0.990731,
		0,
		0.980418,
		-0.174376,
		-0.09151,
		0,
		0.165136,
		0.981149,
		-0.100387,
		0,
		0.061213,
		-0.062114,
		-0.712029,
		1,
	},
	[0.9666666666666667] = {
		0.108716,
		0.061165,
		0.992189,
		0,
		0.978309,
		-0.183626,
		-0.095875,
		0,
		0.176328,
		0.981091,
		-0.079802,
		0,
		0.060744,
		-0.059628,
		-0.713694,
		1,
	},
	[0.9833333333333333] = {
		0.109891,
		0.039062,
		0.993176,
		0,
		0.976098,
		-0.192736,
		-0.100421,
		0,
		0.187499,
		0.980473,
		-0.059308,
		0,
		0.060573,
		-0.057425,
		-0.715195,
		1,
	},
	[0.9] = {
		0.101498,
		0.150686,
		0.983357,
		0,
		0.98614,
		-0.145646,
		-0.079467,
		0,
		0.131248,
		0.977794,
		-0.16338,
		0,
		0.065296,
		-0.071963,
		-0.705614,
		1,
	},
	[1.0166666666666666] = {
		0.111469,
		-0.005308,
		0.993754,
		0,
		0.971358,
		-0.210583,
		-0.110082,
		0,
		0.209852,
		0.977562,
		-0.018317,
		0,
		0.060788,
		-0.053459,
		-0.717738,
		1,
	},
	[1.0333333333333334] = {
		0.111856,
		-0.027717,
		0.993338,
		0,
		0.968822,
		-0.21934,
		-0.115215,
		0,
		0.221072,
		0.975255,
		0.002318,
		0,
		0.061084,
		-0.051181,
		-0.718334,
		1,
	},
	[1.05] = {
		0.111959,
		-0.050367,
		0.992436,
		0,
		0.966169,
		-0.227995,
		-0.120566,
		0,
		0.232343,
		0.972359,
		0.023137,
		0,
		0.061325,
		-0.048825,
		-0.718867,
		1,
	},
	[1.0666666666666667] = {
		0.111762,
		-0.073328,
		0.991026,
		0,
		0.963394,
		-0.236556,
		-0.126149,
		0,
		0.243683,
		0.968847,
		0.044206,
		0,
		0.061428,
		-0.046274,
		-0.719327,
		1,
	},
	[1.0833333333333333] = {
		0.111247,
		-0.096666,
		0.98908,
		0,
		0.960492,
		-0.245025,
		-0.131979,
		0,
		0.255107,
		0.964686,
		0.065588,
		0,
		0.06131,
		-0.04341,
		-0.719704,
		1,
	},
	{
		0.110811,
		0.016928,
		0.993697,
		0,
		0.973782,
		-0.201718,
		-0.105154,
		0,
		0.198667,
		0.979297,
		-0.038836,
		0,
		0.060609,
		-0.055427,
		-0.716577,
		1,
	},
	[1.1] = {
		0.111247,
		-0.096666,
		0.98908,
		0,
		0.960492,
		-0.245025,
		-0.131979,
		0,
		0.255107,
		0.964686,
		0.065588,
		0,
		0.06131,
		-0.04341,
		-0.719704,
		1,
	},
}

return spline_matrices
