-- chunkname: @content/characters/player/human/first_person/animations/saw/heavy_swing_left_up.lua

local spline_matrices = {
	[0.016666666666666666] = {
		-0.342008,
		-0.02431,
		-0.939382,
		0,
		0.761124,
		0.579112,
		-0.292095,
		0,
		0.551109,
		-0.814885,
		-0.179559,
		0,
		0.33138,
		0.164458,
		-0.300022,
		1,
	},
	[0.03333333333333333] = {
		-0.390114,
		-0.02969,
		-0.920288,
		0,
		0.72306,
		0.60894,
		-0.326154,
		0,
		0.570083,
		-0.792661,
		-0.216088,
		0,
		0.324923,
		0.196606,
		-0.303403,
		1,
	},
	[0.05] = {
		-0.429144,
		-0.028357,
		-0.902791,
		0,
		0.681797,
		0.645418,
		-0.344367,
		0,
		0.592443,
		-0.763303,
		-0.257644,
		0,
		0.321531,
		0.246087,
		-0.305866,
		1,
	},
	[0.06666666666666667] = {
		-0.456936,
		-0.006702,
		-0.889474,
		0,
		0.644942,
		0.686169,
		-0.336486,
		0,
		0.612584,
		-0.727412,
		-0.309213,
		0,
		0.32088,
		0.310863,
		-0.303782,
		1,
	},
	[0.08333333333333333] = {
		-0.45463,
		0.017043,
		-0.890518,
		0,
		0.570291,
		0.773565,
		-0.276342,
		0,
		0.684164,
		-0.633487,
		-0.361405,
		0,
		0.331989,
		0.420759,
		-0.29869,
		1,
	},
	[0] = {
		-0.285429,
		-0.01392,
		-0.958299,
		0,
		0.794874,
		0.555193,
		-0.244818,
		0,
		0.535449,
		-0.831605,
		-0.147404,
		0,
		0.340076,
		0.144161,
		-0.295924,
		1,
	},
	[0.11666666666666667] = {
		-0.324083,
		0.066573,
		-0.943683,
		0,
		0.072508,
		0.996335,
		0.045386,
		0,
		0.943246,
		-0.053716,
		-0.327722,
		0,
		0.187215,
		0.625835,
		-0.195899,
		1,
	},
	[0.13333333333333333] = {
		-0.439022,
		0.175465,
		-0.881176,
		0,
		-0.322672,
		0.884525,
		0.336894,
		0,
		0.838536,
		0.432234,
		-0.331708,
		0,
		0.067539,
		0.673122,
		-0.098148,
		1,
	},
	[0.15] = {
		-0.60054,
		0.198442,
		-0.774579,
		0,
		-0.569804,
		0.573397,
		0.588676,
		0,
		0.560959,
		0.794882,
		-0.231275,
		0,
		-0.061055,
		0.683819,
		0.001569,
		1,
	},
	[0.16666666666666666] = {
		-0.684922,
		0.169295,
		-0.708675,
		0,
		-0.606478,
		0.406587,
		0.68328,
		0,
		0.403814,
		0.89779,
		-0.175807,
		0,
		-0.192872,
		0.683761,
		0.070255,
		1,
	},
	[0.18333333333333332] = {
		-0.721389,
		0.139999,
		-0.678231,
		0,
		-0.627605,
		0.281852,
		0.725721,
		0,
		0.292761,
		0.949189,
		-0.115461,
		0,
		-0.309918,
		0.654219,
		0.117801,
		1,
	},
	[0.1] = {
		-0.379646,
		0.016487,
		-0.924985,
		0,
		0.376674,
		0.915968,
		-0.138273,
		0,
		0.844977,
		-0.400913,
		-0.353954,
		0,
		0.277639,
		0.531082,
		-0.262042,
		1,
	},
	[0.21666666666666667] = {
		-0.624329,
		0.157561,
		-0.765106,
		0,
		-0.780148,
		-0.175631,
		0.600435,
		0,
		-0.039771,
		0.971766,
		0.232573,
		0,
		-0.422315,
		0.450538,
		0.139508,
		1,
	},
	[0.23333333333333334] = {
		-0.573666,
		0.207441,
		-0.792386,
		0,
		-0.780858,
		-0.430608,
		0.45259,
		0,
		-0.247322,
		0.878376,
		0.409007,
		0,
		-0.469159,
		0.234346,
		0.124494,
		1,
	},
	[0.25] = {
		-0.531596,
		0.282338,
		-0.798555,
		0,
		-0.706486,
		-0.667862,
		0.234176,
		0,
		-0.467208,
		0.688655,
		0.554501,
		0,
		-0.50756,
		0.037323,
		0.087775,
		1,
	},
	[0.26666666666666666] = {
		-0.501144,
		0.361437,
		-0.786268,
		0,
		-0.576042,
		-0.817375,
		-0.008585,
		0,
		-0.645779,
		0.448621,
		0.617826,
		0,
		-0.53477,
		-0.003261,
		0.035174,
		1,
	},
	[0.2833333333333333] = {
		-0.471593,
		0.42661,
		-0.771754,
		0,
		-0.449414,
		-0.869272,
		-0.205894,
		0,
		-0.758701,
		0.249739,
		0.601667,
		0,
		-0.55446,
		0.007599,
		-0.022695,
		1,
	},
	[0.2] = {
		-0.68735,
		0.132577,
		-0.714124,
		0,
		-0.712913,
		0.064931,
		0.69824,
		0,
		0.138939,
		0.989044,
		0.049886,
		0,
		-0.376479,
		0.576365,
		0.138218,
		1,
	},
	[0.31666666666666665] = {
		-0.366789,
		0.522257,
		-0.769878,
		0,
		-0.316684,
		-0.848225,
		-0.424529,
		0,
		-0.874744,
		0.088095,
		0.47651,
		0,
		-0.589395,
		-0.139249,
		-0.156599,
		1,
	},
	[0.3333333333333333] = {
		-0.295,
		0.563433,
		-0.771699,
		0,
		-0.28127,
		-0.823062,
		-0.493412,
		0,
		-0.913161,
		0.071499,
		0.40128,
		0,
		-0.609234,
		-0.234648,
		-0.228504,
		1,
	},
	[0.35] = {
		-0.222042,
		0.601946,
		-0.767045,
		0,
		-0.244187,
		-0.795943,
		-0.553938,
		0,
		-0.943965,
		0.064305,
		0.32372,
		0,
		-0.588899,
		-0.245897,
		-0.293643,
		1,
	},
	[0.36666666666666664] = {
		-0.155281,
		0.634125,
		-0.757478,
		0,
		-0.206454,
		-0.770678,
		-0.602853,
		0,
		-0.966056,
		0.062773,
		0.250589,
		0,
		-0.595891,
		-0.183923,
		-0.339003,
		1,
	},
	[0.38333333333333336] = {
		-0.064198,
		0.658755,
		-0.749614,
		0,
		-0.19222,
		-0.74526,
		-0.638466,
		0,
		-0.97925,
		0.103102,
		0.17447,
		0,
		-0.576602,
		-0.11438,
		-0.365326,
		1,
	},
	[0.3] = {
		-0.427269,
		0.47728,
		-0.767883,
		0,
		-0.367308,
		-0.867698,
		-0.334941,
		0,
		-0.826151,
		0.138939,
		0.546049,
		0,
		-0.571886,
		-0.042972,
		-0.085625,
		1,
	},
	[0.4166666666666667] = {
		0.244096,
		0.665431,
		-0.705421,
		0,
		-0.215613,
		-0.671976,
		-0.708491,
		0,
		-0.945478,
		0.325038,
		-0.020551,
		0,
		-0.477885,
		-0.07526,
		-0.404473,
		1,
	},
	[0.43333333333333335] = {
		0.433575,
		0.622628,
		-0.65142,
		0,
		-0.230657,
		-0.622136,
		-0.74816,
		0,
		-0.871097,
		0.474638,
		-0.126129,
		0,
		-0.426054,
		-0.060929,
		-0.431127,
		1,
	},
	[0.45] = {
		0.620107,
		0.537481,
		-0.571474,
		0,
		-0.23824,
		-0.565024,
		-0.78993,
		0,
		-0.747468,
		0.625989,
		-0.222326,
		0,
		-0.37436,
		-0.048041,
		-0.468078,
		1,
	},
	[0.4666666666666667] = {
		0.778904,
		0.4142,
		-0.4709,
		0,
		-0.233346,
		-0.505546,
		-0.830646,
		0,
		-0.582115,
		0.756876,
		-0.29712,
		0,
		-0.319486,
		-0.036787,
		-0.517026,
		1,
	},
	[0.48333333333333334] = {
		0.892469,
		0.269416,
		-0.361821,
		0,
		-0.215348,
		-0.450333,
		-0.866502,
		0,
		-0.39639,
		0.851243,
		-0.34389,
		0,
		-0.260079,
		-0.02828,
		-0.576407,
		1,
	},
	[0.4] = {
		0.073624,
		0.673197,
		-0.735789,
		0,
		-0.200374,
		-0.712761,
		-0.672177,
		0,
		-0.976949,
		0.196921,
		0.082415,
		0,
		-0.530533,
		-0.092264,
		-0.38397,
		1,
	},
	[0.5166666666666667] = {
		0.985264,
		0.003899,
		-0.170994,
		0,
		-0.15722,
		-0.373023,
		-0.914405,
		0,
		-0.06735,
		0.927814,
		-0.366913,
		0,
		-0.09843,
		-0.00553,
		-0.624574,
		1,
	},
	[0.5333333333333333] = {
		0.990938,
		-0.082929,
		-0.105668,
		0,
		-0.128436,
		-0.354623,
		-0.926146,
		0,
		0.039332,
		0.931325,
		-0.36206,
		0,
		-0.050761,
		0.000379,
		-0.631511,
		1,
	},
	[0.55] = {
		0.988769,
		-0.133203,
		-0.067771,
		0,
		-0.110604,
		-0.34722,
		-0.931239,
		0,
		0.100513,
		0.928276,
		-0.358053,
		0,
		-0.035091,
		0.000542,
		-0.632844,
		1,
	},
	[0.5666666666666667] = {
		0.986885,
		-0.152345,
		-0.053371,
		0,
		-0.103658,
		-0.344636,
		-0.932996,
		0,
		0.123744,
		0.926292,
		-0.355908,
		0,
		-0.043791,
		-0.004983,
		-0.633326,
		1,
	},
	[0.5833333333333334] = {
		0.987189,
		-0.149626,
		-0.055416,
		0,
		-0.10465,
		-0.344995,
		-0.932752,
		0,
		0.120446,
		0.926602,
		-0.356233,
		0,
		-0.069462,
		-0.01426,
		-0.633259,
		1,
	},
	[0.5] = {
		0.957838,
		0.125876,
		-0.258268,
		0,
		-0.188009,
		-0.405128,
		-0.89472,
		0,
		-0.217255,
		0.905553,
		-0.364381,
		0,
		-0.174246,
		-0.015877,
		-0.608485,
		1,
	},
	[0.6166666666666667] = {
		0.99022,
		-0.111038,
		-0.084465,
		0,
		-0.118539,
		-0.350374,
		-0.929078,
		0,
		0.073569,
		0.930005,
		-0.360109,
		0,
		-0.141895,
		-0.036857,
		-0.632267,
		1,
	},
	[0.6333333333333333] = {
		0.990853,
		-0.091406,
		-0.099269,
		0,
		-0.125471,
		-0.353312,
		-0.927053,
		0,
		0.049665,
		0.931029,
		-0.361549,
		0,
		-0.173746,
		-0.046567,
		-0.63174,
		1,
	},
	[0.65] = {
		0.990938,
		-0.082929,
		-0.105668,
		0,
		-0.128436,
		-0.354623,
		-0.926146,
		0,
		0.039332,
		0.931325,
		-0.36206,
		0,
		-0.18976,
		-0.051429,
		-0.627599,
		1,
	},
	[0.6666666666666666] = {
		0.990938,
		-0.082929,
		-0.105668,
		0,
		-0.128436,
		-0.354623,
		-0.926146,
		0,
		0.039332,
		0.931325,
		-0.36206,
		0,
		-0.195211,
		-0.053018,
		-0.622791,
		1,
	},
	[0.6833333333333333] = {
		0.990938,
		-0.082929,
		-0.105668,
		0,
		-0.128436,
		-0.354623,
		-0.926146,
		0,
		0.039332,
		0.931325,
		-0.36206,
		0,
		-0.199467,
		-0.054253,
		-0.618946,
		1,
	},
	[0.6] = {
		0.988769,
		-0.133203,
		-0.067771,
		0,
		-0.110604,
		-0.34722,
		-0.931239,
		0,
		0.100513,
		0.928276,
		-0.358053,
		0,
		-0.10465,
		-0.025481,
		-0.632844,
		1,
	},
	[0.7166666666666667] = {
		0.990938,
		-0.082929,
		-0.105668,
		0,
		-0.128436,
		-0.354623,
		-0.926146,
		0,
		0.039332,
		0.931325,
		-0.36206,
		0,
		-0.20502,
		-0.055856,
		-0.613805,
		1,
	},
	[0.7333333333333333] = {
		0.990938,
		-0.082929,
		-0.105668,
		0,
		-0.128436,
		-0.354623,
		-0.926146,
		0,
		0.039332,
		0.931325,
		-0.36206,
		0,
		-0.206569,
		-0.056301,
		-0.612345,
		1,
	},
	[0.75] = {
		0.990938,
		-0.082929,
		-0.105668,
		0,
		-0.128436,
		-0.354623,
		-0.926146,
		0,
		0.039332,
		0.931325,
		-0.36206,
		0,
		-0.207436,
		-0.05655,
		-0.611522,
		1,
	},
	[0.7666666666666667] = {
		0.990938,
		-0.082929,
		-0.105668,
		0,
		-0.128436,
		-0.354623,
		-0.926146,
		0,
		0.039332,
		0.931325,
		-0.36206,
		0,
		-0.207708,
		-0.056628,
		-0.611264,
		1,
	},
	[0.7833333333333333] = {
		0.990938,
		-0.082929,
		-0.105668,
		0,
		-0.128436,
		-0.354623,
		-0.926146,
		0,
		0.039332,
		0.931325,
		-0.36206,
		0,
		-0.207461,
		-0.056557,
		-0.611499,
		1,
	},
	[0.7] = {
		0.990938,
		-0.082929,
		-0.105668,
		0,
		-0.128436,
		-0.354623,
		-0.926146,
		0,
		0.039332,
		0.931325,
		-0.36206,
		0,
		-0.202691,
		-0.055184,
		-0.615979,
		1,
	},
	[0.8166666666666667] = {
		0.990938,
		-0.082929,
		-0.105668,
		0,
		-0.128436,
		-0.354623,
		-0.926146,
		0,
		0.039332,
		0.931325,
		-0.36206,
		0,
		-0.205697,
		-0.05605,
		-0.613168,
		1,
	},
	[0.8333333333333334] = {
		0.990938,
		-0.082929,
		-0.105668,
		0,
		-0.128436,
		-0.354623,
		-0.926146,
		0,
		0.039332,
		0.931325,
		-0.36206,
		0,
		-0.204315,
		-0.055653,
		-0.614465,
		1,
	},
	[0.85] = {
		0.990938,
		-0.082929,
		-0.105668,
		0,
		-0.128436,
		-0.354623,
		-0.926146,
		0,
		0.039332,
		0.931325,
		-0.36206,
		0,
		-0.202691,
		-0.055184,
		-0.615979,
		1,
	},
	[0.8666666666666667] = {
		0.990938,
		-0.082929,
		-0.105668,
		0,
		-0.128436,
		-0.354623,
		-0.926146,
		0,
		0.039332,
		0.931325,
		-0.36206,
		0,
		-0.200894,
		-0.054666,
		-0.617639,
		1,
	},
	[0.8833333333333333] = {
		0.990938,
		-0.082929,
		-0.105668,
		0,
		-0.128436,
		-0.354623,
		-0.926146,
		0,
		0.039332,
		0.931325,
		-0.36206,
		0,
		-0.198997,
		-0.054117,
		-0.619375,
		1,
	},
	[0.8] = {
		0.990938,
		-0.082929,
		-0.105668,
		0,
		-0.128436,
		-0.354623,
		-0.926146,
		0,
		0.039332,
		0.931325,
		-0.36206,
		0,
		-0.206768,
		-0.056358,
		-0.612156,
		1,
	},
	[0.9166666666666666] = {
		0.990938,
		-0.082929,
		-0.105668,
		0,
		-0.128436,
		-0.354623,
		-0.926146,
		0,
		0.039332,
		0.931325,
		-0.36206,
		0,
		-0.195211,
		-0.053018,
		-0.622791,
		1,
	},
	[0.9333333333333333] = {
		0.990938,
		-0.082929,
		-0.105668,
		0,
		-0.128436,
		-0.354623,
		-0.926146,
		0,
		0.039332,
		0.931325,
		-0.36206,
		0,
		-0.193487,
		-0.052516,
		-0.624326,
		1,
	},
	[0.95] = {
		0.990938,
		-0.082929,
		-0.105668,
		0,
		-0.128436,
		-0.354623,
		-0.926146,
		0,
		0.039332,
		0.931325,
		-0.36206,
		0,
		-0.19199,
		-0.05208,
		-0.625648,
		1,
	},
	[0.9666666666666667] = {
		0.990938,
		-0.082929,
		-0.105668,
		0,
		-0.128436,
		-0.354623,
		-0.926146,
		0,
		0.039332,
		0.931325,
		-0.36206,
		0,
		-0.19081,
		-0.051736,
		-0.626683,
		1,
	},
	[0.9833333333333333] = {
		0.990938,
		-0.082929,
		-0.105668,
		0,
		-0.128436,
		-0.354623,
		-0.926146,
		0,
		0.039332,
		0.931325,
		-0.36206,
		0,
		-0.190037,
		-0.05151,
		-0.627358,
		1,
	},
	[0.9] = {
		0.990938,
		-0.082929,
		-0.105668,
		0,
		-0.128436,
		-0.354623,
		-0.926146,
		0,
		0.039332,
		0.931325,
		-0.36206,
		0,
		-0.197076,
		-0.05356,
		-0.621116,
		1,
	},
	[1.0166666666666666] = {
		0.990938,
		-0.082929,
		-0.105668,
		0,
		-0.128436,
		-0.354623,
		-0.926146,
		0,
		0.039332,
		0.931325,
		-0.36206,
		0,
		-0.18976,
		-0.051429,
		-0.627599,
		1,
	},
	{
		0.990938,
		-0.082929,
		-0.105668,
		0,
		-0.128436,
		-0.354623,
		-0.926146,
		0,
		0.039332,
		0.931325,
		-0.36206,
		0,
		-0.18976,
		-0.051429,
		-0.627599,
		1,
	},
}

return spline_matrices
