-- chunkname: @content/characters/player/human/first_person/animations/saw/parry_stab_special.lua

local spline_matrices = {
	[0.0166666666667] = {
		0.789765,
		0.342954,
		0.50858,
		0,
		-0.154616,
		0.913631,
		-0.375995,
		0,
		-0.593604,
		0.218313,
		0.77458,
		0,
		0.33209,
		0.503045,
		-0.281148,
		1,
	},
	[0.0333333333333] = {
		0.582268,
		0.276443,
		0.764554,
		0,
		0.108488,
		0.905584,
		-0.410058,
		0,
		-0.805726,
		0.321709,
		0.497302,
		0,
		0.349893,
		0.495464,
		-0.283225,
		1,
	},
	[0.05] = {
		0.395957,
		0.190501,
		0.898291,
		0,
		0.199566,
		0.937011,
		-0.286679,
		0,
		-0.896321,
		0.292781,
		0.332999,
		0,
		0.356691,
		0.49957,
		-0.261953,
		1,
	},
	[0.0666666666667] = {
		0.219271,
		0.047101,
		0.974526,
		0,
		0.190415,
		0.977561,
		-0.090091,
		0,
		-0.956903,
		0.205319,
		0.205382,
		0,
		0.355971,
		0.505663,
		-0.230815,
		1,
	},
	[0.0833333333333] = {
		0.084973,
		-0.123516,
		0.988698,
		0,
		0.11169,
		0.987213,
		0.113732,
		0,
		-0.990104,
		0.100763,
		0.097682,
		0,
		0.349418,
		0.510167,
		-0.197148,
		1,
	},
	[0] = {
		0.890897,
		0.413774,
		0.187331,
		0,
		-0.381356,
		0.905456,
		-0.186328,
		0,
		-0.246718,
		0.094559,
		0.964463,
		0,
		0.321715,
		0.515514,
		-0.260614,
		1,
	},
	[0.116666666667] = {
		-0.00907,
		-0.322574,
		0.946501,
		0,
		-0.022276,
		0.94637,
		0.322316,
		0,
		-0.999711,
		-0.018161,
		-0.015769,
		0,
		0.334818,
		0.516132,
		-0.147354,
		1,
	},
	[0.133333333333] = {
		-0.007766,
		-0.320496,
		0.947218,
		0,
		-0.021114,
		0.947088,
		0.320279,
		0,
		-0.999747,
		-0.017512,
		-0.014122,
		0,
		0.331233,
		0.516983,
		-0.133878,
		1,
	},
	[0.15] = {
		-0.0041,
		-0.314673,
		0.949191,
		0,
		-0.017872,
		0.949071,
		0.314556,
		0,
		-0.999832,
		-0.015674,
		-0.009515,
		0,
		0.327667,
		0.517814,
		-0.121824,
		1,
	},
	[0.166666666667] = {
		0.00157,
		-0.305718,
		0.952121,
		0,
		-0.012935,
		0.952036,
		0.305712,
		0,
		-0.999915,
		-0.012796,
		-0.002459,
		0,
		0.324059,
		0.518609,
		-0.11112,
		1,
	},
	[0.183333333333] = {
		0.008894,
		-0.294243,
		0.955689,
		0,
		-0.006695,
		0.955688,
		0.294305,
		0,
		-0.999938,
		-0.009016,
		0.00653,
		0,
		0.320346,
		0.519355,
		-0.101692,
		1,
	},
	[0.1] = {
		0.011567,
		-0.265063,
		0.964162,
		0,
		0.020117,
		0.964093,
		0.264803,
		0,
		-0.999731,
		0.016333,
		0.016484,
		0,
		0.340907,
		0.512109,
		-0.167634,
		1,
	},
	[0.216666666667] = {
		0.027056,
		-0.266213,
		0.963534,
		0,
		0.008147,
		0.963914,
		0.266089,
		0,
		-0.999601,
		0.000651,
		0.028248,
		0,
		0.31236,
		0.52064,
		-0.08638,
		1,
	},
	[0.233333333333] = {
		0.037129,
		-0.250916,
		0.967297,
		0,
		0.016008,
		0.967989,
		0.250481,
		0,
		-0.999182,
		0.006184,
		0.039957,
		0,
		0.307966,
		0.521155,
		-0.08146,
		1,
	},
	[0.25] = {
		0.047321,
		-0.235612,
		0.970694,
		0,
		0.023704,
		0.971774,
		0.234718,
		0,
		-0.998598,
		0.011902,
		0.05157,
		0,
		0.303228,
		0.521575,
		-0.079238,
		1,
	},
	[0.266666666667] = {
		0.057199,
		-0.22094,
		0.973609,
		0,
		0.030924,
		0.97513,
		0.219468,
		0,
		-0.997884,
		0.017554,
		0.062609,
		0,
		0.298088,
		0.521894,
		-0.078868,
		1,
	},
	[0.283333333333] = {
		0.066316,
		-0.207534,
		0.975977,
		0,
		0.037385,
		0.97796,
		0.205416,
		0,
		-0.997098,
		0.022864,
		0.072613,
		0,
		0.292491,
		0.522109,
		-0.079506,
		1,
	},
	[0.2] = {
		0.017514,
		-0.280866,
		0.959587,
		0,
		0.000459,
		0.959737,
		0.280901,
		0,
		-0.999847,
		-0.004479,
		0.016937,
		0,
		0.316466,
		0.520036,
		-0.09347,
		1,
	},
	[0.316666666667] = {
		0.080423,
		-0.187041,
		0.979055,
		0,
		0.047012,
		0.981855,
		0.183714,
		0,
		-0.995652,
		0.031253,
		0.087757,
		0,
		0.279717,
		0.496196,
		-0.086566,
		1,
	},
	[0.333333333333] = {
		0.084484,
		-0.181195,
		0.979812,
		0,
		0.049703,
		0.982869,
		0.177475,
		0,
		-0.995184,
		0.033705,
		0.092043,
		0,
		0.262385,
		0.478273,
		-0.092444,
		1,
	},
	[0.35] = {
		0.085938,
		-0.179109,
		0.980069,
		0,
		0.050657,
		0.983221,
		0.175243,
		0,
		-0.995012,
		0.034587,
		0.093569,
		0,
		0.238873,
		0.47012,
		-0.098413,
		1,
	},
	[0.366666666667] = {
		0.195564,
		-0.156472,
		0.968128,
		0,
		0.029551,
		0.987681,
		0.153663,
		0,
		-0.980246,
		-0.001441,
		0.197779,
		0,
		0.215265,
		0.469463,
		-0.104038,
		1,
	},
	[0.383333333333] = {
		0.432686,
		-0.086154,
		0.897419,
		0,
		-0.012665,
		0.994744,
		0.101604,
		0,
		-0.901456,
		-0.055328,
		0.429321,
		0,
		0.187331,
		0.468341,
		-0.109524,
		1,
	},
	[0.3] = {
		0.074212,
		-0.196027,
		0.977786,
		0,
		0.042828,
		0.980212,
		0.193262,
		0,
		-0.996322,
		0.027534,
		0.081139,
		0,
		0.286385,
		0.514078,
		-0.081884,
		1,
	},
	[0.416666666667] = {
		0.773539,
		0.067263,
		0.630169,
		0,
		-0.009238,
		0.995443,
		-0.094912,
		0,
		-0.633681,
		0.067597,
		0.770636,
		0,
		0.13909,
		0.471888,
		-0.12894,
		1,
	},
	[0.433333333333] = {
		0.82125,
		0.082974,
		0.564504,
		0,
		0.112562,
		0.946365,
		-0.302859,
		0,
		-0.559356,
		0.312265,
		0.767862,
		0,
		0.125164,
		0.476026,
		-0.151801,
		1,
	},
	[0.45] = {
		0.839922,
		0.072636,
		0.537825,
		0,
		0.295454,
		0.770075,
		-0.565413,
		0,
		-0.455235,
		0.633805,
		0.625342,
		0,
		0.118962,
		0.473539,
		-0.179189,
		1,
	},
	[0.466666666667] = {
		0.842274,
		0.056337,
		0.536098,
		0,
		0.44508,
		0.488374,
		-0.750596,
		0,
		-0.304103,
		0.870814,
		0.38627,
		0,
		0.114429,
		0.462644,
		-0.198023,
		1,
	},
	[0.483333333333] = {
		0.844375,
		0.042673,
		0.53405,
		0,
		0.50684,
		0.259411,
		-0.822082,
		0,
		-0.17362,
		0.964824,
		0.197412,
		0,
		0.106735,
		0.571095,
		-0.2054,
		1,
	},
	[0.4] = {
		0.653816,
		0.007027,
		0.756621,
		0,
		-0.040761,
		0.998832,
		0.025946,
		0,
		-0.755555,
		-0.047805,
		0.653339,
		0,
		0.160706,
		0.468619,
		-0.116444,
		1,
	},
	[0.516666666667] = {
		0.851388,
		0.029158,
		0.523726,
		0,
		0.505156,
		0.223322,
		-0.833634,
		0,
		-0.141266,
		0.974309,
		0.175404,
		0,
		0.093561,
		0.689457,
		-0.200463,
		1,
	},
	[0.533333333333] = {
		0.842197,
		0.026661,
		0.538511,
		0,
		0.521336,
		0.214494,
		-0.825955,
		0,
		-0.137528,
		0.976361,
		0.166747,
		0,
		0.095017,
		0.688838,
		-0.196902,
		1,
	},
	[0.55] = {
		0.827675,
		0.026235,
		0.560595,
		0,
		0.543732,
		0.209854,
		-0.812599,
		0,
		-0.138961,
		0.977381,
		0.159426,
		0,
		0.096913,
		0.688501,
		-0.192474,
		1,
	},
	[0.566666666667] = {
		0.816847,
		0.026395,
		0.57625,
		0,
		0.559516,
		0.206823,
		-0.802599,
		0,
		-0.140367,
		0.978022,
		0.154175,
		0,
		0.098248,
		0.688276,
		-0.188232,
		1,
	},
	[0.583333333333] = {
		0.813177,
		0.024827,
		0.581487,
		0,
		0.565002,
		0.206137,
		-0.798925,
		0,
		-0.139701,
		0.978208,
		0.153599,
		0,
		0.098735,
		0.688244,
		-0.184373,
		1,
	},
	[0.5] = {
		0.850635,
		0.033174,
		0.524709,
		0,
		0.507741,
		0.207184,
		-0.836226,
		0,
		-0.136452,
		0.977739,
		0.159395,
		0,
		0.097487,
		0.688217,
		-0.204151,
		1,
	},
	[0.616666666667] = {
		0.814672,
		0.020014,
		0.579576,
		0,
		0.563253,
		0.210586,
		-0.798999,
		0,
		-0.138042,
		0.97737,
		0.160285,
		0,
		0.098614,
		0.688631,
		-0.176831,
		1,
	},
	[0.633333333333] = {
		0.817541,
		0.021796,
		0.575458,
		0,
		0.559019,
		0.209936,
		-0.802138,
		0,
		-0.138293,
		0.977472,
		0.159447,
		0,
		0.098242,
		0.683897,
		-0.173587,
		1,
	},
	[0.65] = {
		0.82027,
		0.029676,
		0.571206,
		0,
		0.554538,
		0.203452,
		-0.806905,
		0,
		-0.140159,
		0.978635,
		0.15043,
		0,
		0.097817,
		0.675018,
		-0.170986,
		1,
	},
	[0.666666666667] = {
		0.820088,
		0.051974,
		0.569872,
		0,
		0.555545,
		0.166465,
		-0.814653,
		0,
		-0.137205,
		0.984677,
		0.107641,
		0,
		0.097963,
		0.664431,
		-0.170408,
		1,
	},
	[0.683333333333] = {
		0.827563,
		0.074982,
		0.556343,
		0,
		0.540312,
		0.162524,
		-0.82562,
		0,
		-0.152326,
		0.983851,
		0.093985,
		0,
		0.096348,
		0.655774,
		-0.170757,
		1,
	},
	[0.6] = {
		0.81283,
		0.02186,
		0.582091,
		0,
		0.565742,
		0.208353,
		-0.797825,
		0,
		-0.138721,
		0.977809,
		0.156988,
		0,
		0.098817,
		0.688444,
		-0.180499,
		1,
	},
	[0.716666666667] = {
		0.873541,
		0.107594,
		0.474709,
		0,
		0.411212,
		0.358702,
		-0.837996,
		0,
		-0.260442,
		0.927231,
		0.269097,
		0,
		0.121222,
		0.652182,
		-0.176928,
		1,
	},
	[0.733333333333] = {
		0.898455,
		0.135171,
		0.417741,
		0,
		0.302319,
		0.499517,
		-0.811841,
		0,
		-0.318406,
		0.855693,
		0.407929,
		0,
		0.151089,
		0.652164,
		-0.182628,
		1,
	},
	[0.75] = {
		0.917683,
		0.174903,
		0.356746,
		0,
		0.168301,
		0.642234,
		-0.747804,
		0,
		-0.359907,
		0.746287,
		0.55993,
		0,
		0.186831,
		0.651078,
		-0.18842,
		1,
	},
	[0.766666666667] = {
		0.9271,
		0.22562,
		0.299302,
		0,
		0.022417,
		0.763726,
		-0.645151,
		0,
		-0.374144,
		0.604829,
		0.702992,
		0,
		0.224829,
		0.647315,
		-0.194137,
		1,
	},
	[0.783333333333] = {
		0.925736,
		0.281798,
		0.252197,
		0,
		-0.117388,
		0.848071,
		-0.516716,
		0,
		-0.359491,
		0.448738,
		0.818169,
		0,
		0.261595,
		0.640134,
		-0.200601,
		1,
	},
	[0.7] = {
		0.848295,
		0.089211,
		0.521955,
		0,
		0.490033,
		0.241264,
		-0.837651,
		0,
		-0.200656,
		0.96635,
		0.160947,
		0,
		0.101402,
		0.652907,
		-0.172445,
		1,
	},
	[0.816666666667] = {
		0.902982,
		0.381278,
		0.198118,
		0,
		-0.32411,
		0.907114,
		-0.26851,
		0,
		-0.282093,
		0.178247,
		0.942683,
		0,
		0.314958,
		0.618141,
		-0.220394,
		1,
	},
	[0.833333333333] = {
		0.890897,
		0.413774,
		0.187331,
		0,
		-0.381356,
		0.905456,
		-0.186328,
		0,
		-0.246718,
		0.094559,
		0.964463,
		0,
		0.321715,
		0.606117,
		-0.234997,
		1,
	},
	[0.85] = {
		0.881672,
		0.435389,
		0.181906,
		0,
		-0.416653,
		0.899288,
		-0.132976,
		0,
		-0.221482,
		0.04145,
		0.974283,
		0,
		0.319637,
		0.594685,
		-0.251504,
		1,
	},
	[0.866666666667] = {
		0.874613,
		0.450633,
		0.178837,
		0,
		-0.440563,
		0.8927,
		-0.094826,
		0,
		-0.202379,
		0.004147,
		0.979298,
		0,
		0.318284,
		0.583854,
		-0.267973,
		1,
	},
	[0.883333333333] = {
		0.869789,
		0.460512,
		0.177187,
		0,
		-0.455618,
		0.887429,
		-0.069868,
		0,
		-0.189416,
		-0.019959,
		0.981694,
		0,
		0.317457,
		0.573759,
		-0.283505,
		1,
	},
	[0.8] = {
		0.91616,
		0.335881,
		0.218713,
		0,
		-0.235629,
		0.892759,
		-0.384004,
		0,
		-0.324238,
		0.300274,
		0.897054,
		0,
		0.29319,
		0.62998,
		-0.209042,
		1,
	},
	[0.916666666667] = {
		0.866234,
		0.467547,
		0.176176,
		0,
		-0.466127,
		0.883189,
		-0.051981,
		0,
		-0.1799,
		-0.037093,
		0.982985,
		0,
		0.316894,
		0.555995,
		-0.308319,
		1,
	},
	[0.933333333333] = {
		0.86697,
		0.466107,
		0.176372,
		0,
		-0.46399,
		0.884091,
		-0.055651,
		0,
		-0.181868,
		-0.033587,
		0.982749,
		0,
		0.317008,
		0.548355,
		-0.315948,
		1,
	},
	[0.95] = {
		0.868958,
		0.462176,
		0.176935,
		0,
		-0.45812,
		0.886463,
		-0.065646,
		0,
		-0.187187,
		-0.024014,
		0.982031,
		0,
		0.317322,
		0.541536,
		-0.319315,
		1,
	},
	[0.966666666667] = {
		0.871855,
		0.45633,
		0.177852,
		0,
		-0.449287,
		0.889757,
		-0.080457,
		0,
		-0.19496,
		-0.00976,
		0.980763,
		0,
		0.317803,
		0.535522,
		-0.317525,
		1,
	},
	[0.983333333333] = {
		0.875321,
		0.449147,
		0.179108,
		0,
		-0.438268,
		0.893424,
		-0.098565,
		0,
		-0.20429,
		0.007778,
		0.97888,
		0,
		0.318412,
		0.530299,
		-0.311203,
		1,
	},
	[0.9] = {
		0.867075,
		0.465901,
		0.1764,
		0,
		-0.463683,
		0.884218,
		-0.056176,
		0,
		-0.182149,
		-0.033085,
		0.982714,
		0,
		0.317024,
		0.564464,
		-0.297233,
		1,
	},
	[1.01666666667] = {
		0.882643,
		0.433213,
		0.182396,
		0,
		-0.413172,
		0.900076,
		-0.138387,
		0,
		-0.224121,
		0.046786,
		0.973438,
		0,
		0.319838,
		0.522189,
		-0.290884,
		1,
	},
	[1.03333333333] = {
		0.885894,
		0.425762,
		0.184168,
		0,
		-0.401132,
		0.902492,
		-0.156846,
		0,
		-0.232989,
		0.065073,
		0.9703,
		0,
		0.32054,
		0.519303,
		-0.279829,
		1,
	},
	[1.05] = {
		0.888514,
		0.419569,
		0.185754,
		0,
		-0.390978,
		0.904165,
		-0.17211,
		0,
		-0.240164,
		0.080296,
		0.967406,
		0,
		0.32114,
		0.517214,
		-0.270127,
		1,
	},
	[1.06666666667] = {
		0.890261,
		0.415338,
		0.186897,
		0,
		-0.383964,
		0.905133,
		-0.182496,
		0,
		-0.244964,
		0.090707,
		0.96528,
		0,
		0.321559,
		0.515943,
		-0.263236,
		1,
	},
	[1.08333333333] = {
		0.890897,
		0.413774,
		0.187331,
		0,
		-0.381356,
		0.905456,
		-0.186328,
		0,
		-0.246718,
		0.094559,
		0.964463,
		0,
		0.321715,
		0.515514,
		-0.260614,
		1,
	},
	{
		0.879022,
		0.44123,
		0.180656,
		0,
		-0.42591,
		0.896983,
		-0.11841,
		0,
		-0.214291,
		0.027142,
		0.976393,
		0,
		0.319107,
		0.525856,
		-0.301831,
		1,
	},
}

return spline_matrices
