-- chunkname: @content/characters/player/human/first_person/animations/saw/swing_stab_02.lua

local spline_matrices = {
	[0.016666666666666666] = {
		0.947743,
		-0.15832,
		-0.276981,
		0,
		-0.315168,
		-0.599384,
		-0.735804,
		0,
		-0.049526,
		0.784649,
		-0.617959,
		0,
		0.001619,
		-0.004099,
		-0.652596,
		1,
	},
	[0.03333333333333333] = {
		0.982164,
		-0.083554,
		-0.16844,
		0,
		-0.186226,
		-0.555899,
		-0.810121,
		0,
		-0.025947,
		0.82704,
		-0.561544,
		0,
		0.044573,
		-0.06316,
		-0.606507,
		1,
	},
	[0.05] = {
		0.998914,
		-0.013398,
		-0.044616,
		0,
		-0.045353,
		-0.498409,
		-0.865755,
		0,
		-0.010638,
		0.866839,
		-0.498475,
		0,
		0.102903,
		-0.148918,
		-0.539095,
		1,
	},
	[0.06666666666666667] = {
		0.995136,
		0.047694,
		0.086191,
		0,
		0.098322,
		-0.427223,
		-0.898785,
		0,
		-0.006044,
		0.902888,
		-0.429834,
		0,
		0.170081,
		-0.251038,
		-0.459544,
		1,
	},
	[0.08333333333333333] = {
		0.972103,
		0.096001,
		0.214008,
		0,
		0.234168,
		-0.344943,
		-0.908944,
		0,
		-0.013439,
		0.933701,
		-0.357801,
		0,
		0.239947,
		-0.354164,
		-0.374222,
		1,
	},
	[0] = {
		0.901387,
		-0.233617,
		-0.364589,
		0,
		-0.425861,
		-0.630692,
		-0.648745,
		0,
		-0.078386,
		0.740034,
		-0.667986,
		0,
		-0.017912,
		0.017792,
		-0.665922,
		1,
	},
	[0.11666666666666667] = {
		0.893934,
		0.148886,
		0.422747,
		0,
		0.443984,
		-0.165108,
		-0.880692,
		0,
		-0.061324,
		0.974973,
		-0.213698,
		0,
		0.350237,
		-0.500323,
		-0.232707,
		1,
	},
	[0.13333333333333333] = {
		0.857738,
		0.156554,
		0.48967,
		0,
		0.504876,
		-0.077015,
		-0.85975,
		0,
		-0.096886,
		0.984662,
		-0.145099,
		0,
		0.371609,
		-0.519714,
		-0.203128,
		1,
	},
	[0.15] = {
		0.855091,
		0.16126,
		0.492762,
		0,
		0.498014,
		0.008918,
		-0.867123,
		0,
		-0.144227,
		0.986872,
		-0.072684,
		0,
		0.373437,
		-0.451302,
		-0.203023,
		1,
	},
	[0.16666666666666666] = {
		0.871188,
		0.166536,
		0.461842,
		0,
		0.452465,
		0.092752,
		-0.886946,
		0,
		-0.190545,
		0.981663,
		0.005453,
		0,
		0.371422,
		-0.296168,
		-0.20603,
		1,
	},
	[0.18333333333333332] = {
		0.856218,
		0.154401,
		0.493003,
		0,
		0.468614,
		0.169587,
		-0.866972,
		0,
		-0.217468,
		0.973345,
		0.072849,
		0,
		0.363738,
		-0.122913,
		-0.200699,
		1,
	},
	[0.1] = {
		0.935423,
		0.129587,
		0.328923,
		0,
		0.352033,
		-0.25591,
		-0.900324,
		0,
		-0.032496,
		0.957975,
		-0.285003,
		0,
		0.303242,
		-0.4414,
		-0.294208,
		1,
	},
	[0.21666666666666667] = {
		0.284795,
		-0.060349,
		0.956687,
		0,
		0.928667,
		0.264777,
		-0.259751,
		0,
		-0.237633,
		0.962419,
		0.131451,
		0,
		0.135996,
		0.669757,
		-0.08321,
		1,
	},
	[0.23333333333333334] = {
		0.211342,
		-0.079965,
		0.974135,
		0,
		0.947825,
		0.260132,
		-0.18428,
		0,
		-0.238668,
		0.962256,
		0.13077,
		0,
		0.146509,
		0.674411,
		-0.088482,
		1,
	},
	[0.25] = {
		0.265603,
		-0.062158,
		0.962077,
		0,
		0.935983,
		0.2558,
		-0.241872,
		0,
		-0.231065,
		0.964729,
		0.12612,
		0,
		0.145602,
		0.65407,
		-0.081227,
		1,
	},
	[0.26666666666666666] = {
		0.270684,
		-0.060447,
		0.960769,
		0,
		0.936242,
		0.248771,
		-0.248122,
		0,
		-0.224014,
		0.966674,
		0.123931,
		0,
		0.146596,
		0.653981,
		-0.080787,
		1,
	},
	[0.2833333333333333] = {
		0.254381,
		-0.065687,
		0.964871,
		0,
		0.942458,
		0.240638,
		-0.23209,
		0,
		-0.216939,
		0.96839,
		0.123121,
		0,
		0.146654,
		0.653081,
		-0.083965,
		1,
	},
	[0.2] = {
		0.741974,
		0.087152,
		0.66474,
		0,
		0.635781,
		0.223156,
		-0.738907,
		0,
		-0.212738,
		0.970879,
		0.110166,
		0,
		0.296593,
		0.107471,
		-0.1728,
		1,
	},
	[0.31666666666666665] = {
		0.21191,
		-0.0776,
		0.974203,
		0,
		0.955744,
		0.224614,
		-0.190004,
		0,
		-0.204075,
		0.971353,
		0.121764,
		0,
		0.146681,
		0.649794,
		-0.089873,
		1,
	},
	[0.3333333333333333] = {
		0.201572,
		-0.07874,
		0.976304,
		0,
		0.959204,
		0.217604,
		-0.180491,
		0,
		-0.198236,
		0.972856,
		0.11939,
		0,
		0.146581,
		0.648444,
		-0.08956,
		1,
	},
	[0.35] = {
		0.191916,
		-0.07886,
		0.978238,
		0,
		0.962443,
		0.210148,
		-0.171876,
		0,
		-0.192021,
		0.974484,
		0.116229,
		0,
		0.146447,
		0.647171,
		-0.089398,
		1,
	},
	[0.36666666666666664] = {
		0.182944,
		-0.07823,
		0.980006,
		0,
		0.965423,
		0.202597,
		-0.164049,
		0,
		-0.185713,
		0.976132,
		0.112589,
		0,
		0.146278,
		0.646061,
		-0.089344,
		1,
	},
	[0.38333333333333336] = {
		0.174654,
		-0.077127,
		0.981604,
		0,
		0.968112,
		0.195293,
		-0.156909,
		0,
		-0.179599,
		0.977707,
		0.108777,
		0,
		0.146072,
		0.645197,
		-0.089367,
		1,
	},
	[0.3] = {
		0.230201,
		-0.072986,
		0.970402,
		0,
		0.95018,
		0.232202,
		-0.20794,
		0,
		-0.210153,
		0.969925,
		0.122803,
		0,
		0.14665,
		0.651442,
		-0.088067,
		1,
	},
	[0.4166666666666667] = {
		0.1601,
		-0.074684,
		0.984272,
		0,
		0.972512,
		0.182734,
		-0.144322,
		0,
		-0.169081,
		0.980322,
		0.101887,
		0,
		0.145561,
		0.644542,
		-0.089507,
		1,
	},
	[0.43333333333333335] = {
		0.153817,
		-0.073959,
		0.985328,
		0,
		0.974184,
		0.178116,
		-0.138707,
		0,
		-0.165244,
		0.981226,
		0.099447,
		0,
		0.14526,
		0.644919,
		-0.089553,
		1,
	},
	[0.45] = {
		0.148183,
		-0.073991,
		0.986188,
		0,
		0.97548,
		0.175021,
		-0.133443,
		0,
		-0.162731,
		0.98178,
		0.098112,
		0,
		0.144935,
		0.645874,
		-0.08954,
		1,
	},
	[0.4666666666666667] = {
		0.143193,
		-0.075102,
		0.986841,
		0,
		0.976377,
		0.173746,
		-0.128452,
		0,
		-0.161812,
		0.981923,
		0.098207,
		0,
		0.144595,
		0.647489,
		-0.089435,
		1,
	},
	[0.48333333333333334] = {
		0.147686,
		-0.076762,
		0.986051,
		0,
		0.975,
		0.178658,
		-0.132122,
		0,
		-0.166024,
		0.980912,
		0.101229,
		0,
		0.143807,
		0.650005,
		-0.089628,
		1,
	},
	[0.4] = {
		0.167042,
		-0.075844,
		0.983028,
		0,
		0.970482,
		0.188563,
		-0.150362,
		0,
		-0.173958,
		0.979128,
		0.105103,
		0,
		0.145833,
		0.644662,
		-0.089433,
		1,
	},
	[0.5166666666666667] = {
		0.146523,
		-0.091004,
		0.985012,
		0,
		0.970797,
		0.204445,
		-0.12552,
		0,
		-0.189958,
		0.974639,
		0.118302,
		0,
		0.140125,
		0.667562,
		-0.074529,
		1,
	},
	[0.5333333333333333] = {
		0.169004,
		-0.091666,
		0.981343,
		0,
		0.965419,
		0.215923,
		-0.146093,
		0,
		-0.198503,
		0.972098,
		0.124988,
		0,
		0.140569,
		0.673931,
		-0.067169,
		1,
	},
	[0.55] = {
		0.226296,
		-0.081411,
		0.97065,
		0,
		0.953666,
		0.221357,
		-0.203771,
		0,
		-0.198271,
		0.971789,
		0.127731,
		0,
		0.1484,
		0.663578,
		-0.066008,
		1,
	},
	[0.5666666666666667] = {
		0.306258,
		-0.064755,
		0.949744,
		0,
		0.932105,
		0.223042,
		-0.285363,
		0,
		-0.193354,
		0.972656,
		0.128666,
		0,
		0.188847,
		0.612815,
		-0.081745,
		1,
	},
	[0.5833333333333334] = {
		0.391856,
		-0.04465,
		0.918942,
		0,
		0.900991,
		0.22075,
		-0.373476,
		0,
		-0.186181,
		0.974308,
		0.126731,
		0,
		0.255728,
		0.509372,
		-0.111972,
		1,
	},
	[0.5] = {
		0.146265,
		-0.082963,
		0.98576,
		0,
		0.973447,
		0.189448,
		-0.128494,
		0,
		-0.17609,
		0.97838,
		0.10847,
		0,
		0.141764,
		0.657143,
		-0.084547,
		1,
	},
	[0.6166666666666667] = {
		0.518573,
		-0.005694,
		0.855014,
		0,
		0.836872,
		0.208388,
		-0.506182,
		0,
		-0.175293,
		0.97803,
		0.11283,
		0,
		0.32332,
		0.369387,
		-0.152307,
		1,
	},
	[0.6333333333333333] = {
		0.544169,
		0.011032,
		0.838903,
		0,
		0.82046,
		0.201913,
		-0.534861,
		0,
		-0.175286,
		0.979341,
		0.100824,
		0,
		0.350039,
		0.238802,
		-0.175186,
		1,
	},
	[0.65] = {
		0.554158,
		0.027871,
		0.831945,
		0,
		0.813175,
		0.195494,
		-0.548205,
		0,
		-0.17792,
		0.980309,
		0.085671,
		0,
		0.391097,
		0.073234,
		-0.199923,
		1,
	},
	[0.6666666666666666] = {
		0.555006,
		0.044719,
		0.830644,
		0,
		0.81186,
		0.188457,
		-0.552601,
		0,
		-0.181252,
		0.981063,
		0.068289,
		0,
		0.438269,
		-0.104961,
		-0.227977,
		1,
	},
	[0.6833333333333333] = {
		0.552835,
		0.061403,
		0.831026,
		0,
		0.812834,
		0.179881,
		-0.554024,
		0,
		-0.183505,
		0.98177,
		0.049534,
		0,
		0.479442,
		-0.270131,
		-0.253923,
		1,
	},
	[0.6] = {
		0.46711,
		-0.024109,
		0.88387,
		0,
		0.865819,
		0.215235,
		-0.451699,
		0,
		-0.17935,
		0.976265,
		0.121412,
		0,
		0.292626,
		0.441865,
		-0.129456,
		1,
	},
	[0.7166666666666667] = {
		0.563783,
		0.093085,
		0.82066,
		0,
		0.806327,
		0.153124,
		-0.571305,
		0,
		-0.178843,
		0.983813,
		0.011271,
		0,
		0.513736,
		-0.440282,
		-0.291772,
		1,
	},
	[0.7333333333333333] = {
		0.581195,
		0.107727,
		0.806603,
		0,
		0.795425,
		0.13404,
		-0.591043,
		0,
		-0.171788,
		0.985103,
		-0.007785,
		0,
		0.510074,
		-0.440416,
		-0.307768,
		1,
	},
	[0.75] = {
		0.60003,
		0.121994,
		0.790621,
		0,
		0.782993,
		0.11301,
		-0.611679,
		0,
		-0.163969,
		0.986076,
		-0.027711,
		0,
		0.504048,
		-0.437857,
		-0.324331,
		1,
	},
	[0.7666666666666667] = {
		0.620135,
		0.135742,
		0.772662,
		0,
		0.768925,
		0.090085,
		-0.632961,
		0,
		-0.155525,
		0.98664,
		-0.048511,
		0,
		0.49579,
		-0.432792,
		-0.34135,
		1,
	},
	[0.7833333333333333] = {
		0.641336,
		0.148818,
		0.752689,
		0,
		0.753126,
		0.065326,
		-0.654625,
		0,
		-0.14659,
		0.986704,
		-0.070183,
		0,
		0.48543,
		-0.425423,
		-0.358703,
		1,
	},
	[0.7] = {
		0.553725,
		0.077665,
		0.82907,
		0,
		0.812312,
		0.168588,
		-0.558326,
		0,
		-0.183133,
		0.982622,
		0.030263,
		0,
		0.505989,
		-0.39184,
		-0.274799,
		1,
	},
	[0.8166666666666667] = {
		0.686281,
		0.172343,
		0.706624,
		0,
		0.716015,
		0.010666,
		-0.698003,
		0,
		-0.127833,
		0.984979,
		-0.11608,
		0,
		0.458949,
		-0.404583,
		-0.393915,
		1,
	},
	[0.8333333333333334] = {
		0.709616,
		0.182488,
		0.680546,
		0,
		0.694586,
		-0.019006,
		-0.719159,
		0,
		-0.118303,
		0.983024,
		-0.140241,
		0,
		0.443119,
		-0.391512,
		-0.41155,
		1,
	},
	[0.85] = {
		0.733241,
		0.191359,
		0.652487,
		0,
		0.671197,
		-0.05006,
		-0.739586,
		0,
		-0.108863,
		0.980243,
		-0.165145,
		0,
		0.425766,
		-0.376933,
		-0.429068,
		1,
	},
	[0.8666666666666667] = {
		0.756932,
		0.198827,
		0.622513,
		0,
		0.645849,
		-0.082325,
		-0.759013,
		0,
		-0.099664,
		0.976571,
		-0.190726,
		0,
		0.407053,
		-0.361033,
		-0.446381,
		1,
	},
	[0.8833333333333333] = {
		0.780463,
		0.20477,
		0.590717,
		0,
		0.618567,
		-0.115625,
		-0.777178,
		0,
		-0.090841,
		0.971957,
		-0.216904,
		0,
		0.387144,
		-0.343995,
		-0.463412,
		1,
	},
	[0.8] = {
		0.663452,
		0.161071,
		0.730676,
		0,
		0.735512,
		0.038819,
		-0.676399,
		0,
		-0.137313,
		0.986179,
		-0.092715,
		0,
		0.473103,
		-0.415951,
		-0.376263,
		1,
	},
	[0.9166666666666666] = {
		0.826157,
		0.211696,
		0.522158,
		0,
		0.558445,
		-0.184524,
		-0.808758,
		0,
		-0.07486,
		0.959758,
		-0.270667,
		0,
		0.344417,
		-0.307225,
		-0.496345,
		1,
	},
	[0.9333333333333333] = {
		0.847891,
		0.212536,
		0.485704,
		0,
		0.525798,
		-0.219698,
		-0.821748,
		0,
		-0.067943,
		0.952135,
		-0.298031,
		0,
		0.321942,
		-0.287842,
		-0.512127,
		1,
	},
	[0.95] = {
		0.86862,
		0.21157,
		0.448037,
		0,
		0.491599,
		-0.255061,
		-0.832631,
		0,
		-0.061883,
		0.943495,
		-0.325559,
		0,
		0.298954,
		-0.268021,
		-0.527382,
		1,
	},
	[0.9666666666666667] = {
		0.888162,
		0.208787,
		0.409361,
		0,
		0.456011,
		-0.290389,
		-0.841266,
		0,
		-0.056771,
		0.933853,
		-0.353122,
		0,
		0.275627,
		-0.247927,
		-0.542066,
		1,
	},
	[0.9833333333333333] = {
		0.90636,
		0.204198,
		0.369884,
		0,
		0.419208,
		-0.325465,
		-0.847547,
		0,
		-0.052683,
		0.923242,
		-0.38059,
		0,
		0.252131,
		-0.227721,
		-0.556135,
		1,
	},
	[0.9] = {
		0.803611,
		0.209087,
		0.557218,
		0,
		0.589404,
		-0.14976,
		-0.793835,
		0,
		-0.082532,
		0.966361,
		-0.243586,
		0,
		0.366209,
		-0.326001,
		-0.480087,
		1,
	},
	[1.0166666666666666] = {
		0.938205,
		0.189767,
		0.289412,
		0,
		0.342764,
		-0.394037,
		-0.852788,
		0,
		-0.047792,
		0.89929,
		-0.434733,
		0,
		0.205318,
		-0.187614,
		-0.582258,
		1,
	},
	[1.0333333333333334] = {
		0.951656,
		0.180064,
		0.248854,
		0,
		0.30354,
		-0.427154,
		-0.851706,
		0,
		-0.047062,
		0.886068,
		-0.461161,
		0,
		0.18234,
		-0.168025,
		-0.594231,
		1,
	},
	[1.05] = {
		0.963369,
		0.168827,
		0.20837,
		0,
		0.26394,
		-0.459268,
		-0.848179,
		0,
		-0.047498,
		0.872107,
		-0.487005,
		0,
		0.159876,
		-0.148955,
		-0.605422,
		1,
	},
	[1.0666666666666667] = {
		0.973311,
		0.156167,
		0.168159,
		0,
		0.224176,
		-0.490238,
		-0.842266,
		0,
		-0.049096,
		0.857484,
		-0.512163,
		0,
		0.138097,
		-0.130562,
		-0.615792,
		1,
	},
	[1.0833333333333333] = {
		0.981473,
		0.142208,
		0.128408,
		0,
		0.184456,
		-0.519946,
		-0.834046,
		0,
		-0.051843,
		0.842278,
		-0.536544,
		0,
		0.117175,
		-0.113003,
		-0.6253,
		1,
	},
	{
		0.923078,
		0.197838,
		0.329828,
		0,
		0.381391,
		-0.360081,
		-0.851401,
		0,
		-0.049675,
		0.911703,
		-0.407836,
		0,
		0.228638,
		-0.207565,
		-0.569545,
		1,
	},
	[1.1166666666666667] = {
		0.99252,
		0.110939,
		0.05096,
		0,
		0.105941,
		-0.575212,
		-0.811115,
		0,
		-0.060671,
		0.810446,
		-0.582663,
		0,
		0.078586,
		-0.081025,
		-0.641569,
		1,
	},
	[1.1333333333333333] = {
		0.995489,
		0.093906,
		0.013548,
		0,
		0.067502,
		-0.600648,
		-0.796659,
		0,
		-0.066674,
		0.79398,
		-0.604277,
		0,
		0.061257,
		-0.066922,
		-0.648252,
		1,
	},
	[1.15] = {
		0.996836,
		0.076133,
		-0.022835,
		0,
		0.029824,
		-0.624572,
		-0.780397,
		0,
		-0.073676,
		0.777247,
		-0.624867,
		0,
		0.045461,
		-0.054284,
		-0.653916,
		1,
	},
	[1.1666666666666667] = {
		0.996639,
		0.057756,
		-0.058096,
		0,
		-0.006954,
		-0.646977,
		-0.762478,
		0,
		-0.081624,
		0.760319,
		-0.644401,
		0,
		0.031362,
		-0.043267,
		-0.658519,
		1,
	},
	[1.1833333333333333] = {
		0.994983,
		0.038909,
		-0.092164,
		0,
		-0.04271,
		-0.667872,
		-0.74305,
		0,
		-0.090465,
		0.743258,
		-0.66286,
		0,
		0.01912,
		-0.034024,
		-0.662015,
		1,
	},
	[1.1] = {
		0.987865,
		0.127085,
		0.089291,
		0,
		0.144982,
		-0.548295,
		-0.823622,
		0,
		-0.055712,
		0.826572,
		-0.560067,
		0,
		0.097281,
		-0.096439,
		-0.633905,
		1,
	},
	[1.2166666666666666] = {
		0.987672,
		0.000315,
		-0.156537,
		0,
		-0.110759,
		-0.705247,
		-0.700257,
		0,
		-0.110617,
		0.708962,
		-0.696518,
		0,
		0.000837,
		-0.021477,
		-0.66551,
		1,
	},
	[1.2333333333333334] = {
		0.982211,
		-0.019203,
		-0.186795,
		0,
		-0.142895,
		-0.721817,
		-0.677171,
		0,
		-0.121828,
		0.691817,
		-0.711721,
		0,
		-0.004893,
		-0.018486,
		-0.66541,
		1,
	},
	[1.25] = {
		0.975679,
		-0.038728,
		-0.215758,
		0,
		-0.173687,
		-0.737055,
		-0.653133,
		0,
		-0.133731,
		0.674722,
		-0.725856,
		0,
		-0.00814,
		-0.017896,
		-0.664017,
		1,
	},
	[1.2] = {
		0.991962,
		0.019723,
		-0.12499,
		0,
		-0.077342,
		-0.687282,
		-0.722261,
		0,
		-0.100148,
		0.726123,
		-0.680232,
		0,
		0.008893,
		-0.026709,
		-0.664361,
		1,
	},
}

return spline_matrices
