-- chunkname: @content/characters/player/human/first_person/animations/saw/swing_up_right.lua

local spline_matrices = {
	[0.016666666666666666] = {
		0.444145,
		0.200016,
		0.873343,
		0,
		0.600411,
		0.657061,
		-0.455826,
		0,
		-0.665012,
		0.726818,
		0.171739,
		0,
		-0.01313,
		0.011215,
		-0.754256,
		1,
	},
	[0.03333333333333333] = {
		0.389749,
		-0.064046,
		0.918691,
		0,
		0.388283,
		0.916003,
		-0.100868,
		0,
		-0.835064,
		0.396026,
		0.381879,
		0,
		-0.046692,
		0.023035,
		-0.737723,
		1,
	},
	[0.05] = {
		0.380025,
		-0.382921,
		0.841993,
		0,
		0.156325,
		0.92378,
		0.34956,
		0,
		-0.911671,
		-0.001217,
		0.41092,
		0,
		-0.09648,
		0.039657,
		-0.710876,
		1,
	},
	[0.06666666666666667] = {
		0.457177,
		-0.65688,
		0.599581,
		0,
		-0.108619,
		0.627874,
		0.770698,
		0,
		-0.882718,
		-0.417471,
		0.2157,
		0,
		-0.153394,
		0.061069,
		-0.672125,
		1,
	},
	[0.08333333333333333] = {
		0.641785,
		-0.713528,
		0.281052,
		0,
		-0.28235,
		0.120892,
		0.951664,
		0,
		-0.713015,
		-0.690118,
		-0.123878,
		0,
		-0.211649,
		0.087449,
		-0.628054,
		1,
	},
	[0] = {
		0.558981,
		0.3454,
		0.753816,
		0,
		0.729675,
		0.226907,
		-0.645049,
		0,
		-0.393846,
		0.910611,
		-0.125193,
		0,
		-0.00062,
		0.00599,
		-0.759209,
		1,
	},
	[0.11666666666666667] = {
		0.985803,
		-0.137725,
		-0.096043,
		0,
		-0.007223,
		-0.606262,
		0.795232,
		0,
		-0.16775,
		-0.783249,
		-0.59865,
		0,
		-0.324818,
		0.151433,
		-0.551115,
		1,
	},
	[0.13333333333333333] = {
		0.94995,
		0.28343,
		-0.131389,
		0,
		0.299753,
		-0.708477,
		0.638912,
		0,
		0.088001,
		-0.646319,
		-0.757976,
		0,
		-0.370799,
		0.187719,
		-0.509407,
		1,
	},
	[0.15] = {
		0.830445,
		0.557062,
		-0.00656,
		0,
		0.501075,
		-0.741732,
		0.445822,
		0,
		0.243484,
		-0.373517,
		-0.895098,
		0,
		-0.405047,
		0.226012,
		-0.469077,
		1,
	},
	[0.16666666666666666] = {
		0.778429,
		0.606161,
		0.163147,
		0,
		0.538565,
		-0.778422,
		0.322501,
		0,
		0.322485,
		-0.163179,
		-0.932403,
		0,
		-0.419246,
		0.26572,
		-0.435268,
		1,
	},
	[0.18333333333333332] = {
		0.920282,
		0.323768,
		0.21967,
		0,
		0.16505,
		-0.830302,
		0.532312,
		0,
		0.354739,
		-0.453621,
		-0.81755,
		0,
		-0.397501,
		0.323795,
		-0.410481,
		1,
	},
	[0.1] = {
		0.84809,
		-0.527368,
		0.05125,
		0,
		-0.26148,
		-0.332439,
		0.906153,
		0,
		-0.460838,
		-0.7819,
		-0.419834,
		0,
		-0.270254,
		0.117794,
		-0.58913,
		1,
	},
	[0.21666666666666667] = {
		0.884655,
		-0.361006,
		0.295059,
		0,
		-0.449537,
		-0.49253,
		0.745205,
		0,
		-0.123698,
		-0.79189,
		-0.598005,
		0,
		-0.203656,
		0.506009,
		-0.348093,
		1,
	},
	[0.23333333333333334] = {
		0.709422,
		-0.652835,
		0.265569,
		0,
		-0.617176,
		-0.3935,
		0.68136,
		0,
		-0.340315,
		-0.647275,
		-0.682071,
		0,
		-0.090953,
		0.6064,
		-0.274425,
		1,
	},
	[0.25] = {
		0.323748,
		-0.941671,
		-0.09189,
		0,
		-0.809085,
		-0.325888,
		0.489059,
		0,
		-0.490479,
		-0.083985,
		-0.867397,
		0,
		-0.034651,
		0.683185,
		-0.164775,
		1,
	},
	[0.26666666666666666] = {
		0.161632,
		-0.860915,
		-0.482391,
		0,
		-0.92319,
		-0.304634,
		0.234346,
		0,
		-0.348705,
		0.40746,
		-0.844027,
		0,
		0.025915,
		0.704378,
		-0.011055,
		1,
	},
	[0.2833333333333333] = {
		-0.078738,
		-0.768832,
		-0.634585,
		0,
		-0.927027,
		-0.177645,
		0.330248,
		0,
		-0.366636,
		0.61428,
		-0.69874,
		0,
		0.082097,
		0.674968,
		0.121401,
		1,
	},
	[0.2] = {
		0.967112,
		-0.084825,
		0.239789,
		0,
		-0.236542,
		-0.646497,
		0.72532,
		0,
		0.093498,
		-0.758186,
		-0.6453,
		0,
		-0.330032,
		0.405787,
		-0.3894,
		1,
	},
	[0.31666666666666665] = {
		-0.131006,
		-0.217697,
		-0.967184,
		0,
		-0.924033,
		-0.326633,
		0.19868,
		0,
		-0.359166,
		0.919739,
		-0.158369,
		0,
		0.214732,
		0.585695,
		0.234453,
		1,
	},
	[0.3333333333333333] = {
		-0.034066,
		-0.166592,
		-0.985437,
		0,
		-0.986389,
		-0.1531,
		0.059981,
		0,
		-0.160863,
		0.974067,
		-0.159109,
		0,
		0.28991,
		0.434985,
		0.280814,
		1,
	},
	[0.35] = {
		0.001806,
		0.019517,
		-0.999808,
		0,
		-0.995516,
		0.094594,
		4.8e-05,
		0,
		0.094577,
		0.995325,
		0.019601,
		0,
		0.435473,
		0.240991,
		0.297888,
		1,
	},
	[0.36666666666666664] = {
		0.076986,
		0.266561,
		-0.960739,
		0,
		-0.922224,
		0.385247,
		0.032989,
		0,
		0.378915,
		0.883476,
		0.275487,
		0,
		0.612044,
		0.07248,
		0.284079,
		1,
	},
	[0.38333333333333336] = {
		0.145529,
		0.414681,
		-0.898254,
		0,
		-0.769035,
		0.618602,
		0.160986,
		0,
		0.62242,
		0.667361,
		0.408929,
		0,
		0.734804,
		-0.075213,
		0.222202,
		1,
	},
	[0.3] = {
		-0.167923,
		-0.47517,
		-0.863722,
		0,
		-0.899631,
		-0.284377,
		0.331352,
		0,
		-0.403071,
		0.832672,
		-0.379724,
		0,
		0.170424,
		0.637056,
		0.190877,
		1,
	},
	[0.4166666666666667] = {
		0.011088,
		0.571544,
		-0.820497,
		0,
		-0.31708,
		0.78021,
		0.539196,
		0,
		0.948334,
		0.254185,
		0.189876,
		0,
		0.788516,
		-0.225467,
		0.150013,
		1,
	},
	[0.43333333333333335] = {
		-0.042951,
		0.682051,
		-0.730042,
		0,
		-0.060636,
		0.72759,
		0.683328,
		0,
		0.997235,
		0.073617,
		0.010106,
		0,
		0.767148,
		-0.257156,
		0.115088,
		1,
	},
	[0.45] = {
		-0.003377,
		0.770239,
		-0.637746,
		0,
		0.140527,
		0.631786,
		0.762298,
		0,
		0.990071,
		-0.087047,
		-0.110373,
		0,
		0.737041,
		-0.312914,
		0.06565,
		1,
	},
	[0.4666666666666667] = {
		0.053434,
		0.827188,
		-0.559378,
		0,
		0.291521,
		0.522854,
		0.801024,
		0,
		0.955071,
		-0.205872,
		-0.213205,
		0,
		0.705302,
		-0.358177,
		0.022126,
		1,
	},
	[0.48333333333333334] = {
		0.092534,
		0.867307,
		-0.489096,
		0,
		0.415686,
		0.412701,
		0.810483,
		0,
		0.904789,
		-0.278308,
		-0.322339,
		0,
		0.666622,
		-0.375876,
		0.001788,
		1,
	},
	[0.4] = {
		0.112101,
		0.4862,
		-0.866627,
		0,
		-0.56617,
		0.747972,
		0.346395,
		0,
		0.81663,
		0.451827,
		0.35912,
		0,
		0.784943,
		-0.171263,
		0.175361,
		1,
	},
	[0.5166666666666667] = {
		0.064225,
		0.921923,
		-0.382012,
		0,
		0.560839,
		0.283285,
		0.777952,
		0,
		0.82543,
		-0.264211,
		-0.498856,
		0,
		0.574254,
		-0.415468,
		-0.017718,
		1,
	},
	[0.5333333333333333] = {
		-0.005208,
		0.943853,
		-0.330325,
		0,
		0.604328,
		0.266154,
		0.750965,
		0,
		0.796718,
		-0.195714,
		-0.571783,
		0,
		0.516287,
		-0.423583,
		-0.046995,
		1,
	},
	[0.55] = {
		-0.057396,
		0.957024,
		-0.284273,
		0,
		0.654291,
		0.251127,
		0.713329,
		0,
		0.754061,
		-0.145055,
		-0.640586,
		0,
		0.458106,
		-0.423127,
		-0.088707,
		1,
	},
	[0.5666666666666667] = {
		-0.109427,
		0.966028,
		-0.234129,
		0,
		0.7048,
		0.241501,
		0.667034,
		0,
		0.700915,
		-0.092023,
		-0.707283,
		0,
		0.406129,
		-0.422506,
		-0.127446,
		1,
	},
	[0.5833333333333334] = {
		-0.159943,
		0.970635,
		-0.179681,
		0,
		0.753927,
		0.237614,
		0.612482,
		0,
		0.637191,
		-0.037504,
		-0.769793,
		0,
		0.354242,
		-0.42173,
		-0.162519,
		1,
	},
	[0.5] = {
		0.107617,
		0.894513,
		-0.433896,
		0,
		0.505508,
		0.326571,
		0.798632,
		0,
		0.856084,
		-0.305284,
		-0.417039,
		0,
		0.623119,
		-0.394639,
		-0.010423,
		1,
	},
	[0.6166666666666667] = {
		-0.250605,
		0.966283,
		-0.059114,
		0,
		0.840198,
		0.247425,
		0.482544,
		0,
		0.4809,
		0.07126,
		-0.873875,
		0,
		0.236571,
		-0.419757,
		-0.218884,
		1,
	},
	[0.6333333333333333] = {
		-0.288039,
		0.957604,
		0.005282,
		0,
		0.873895,
		0.260597,
		0.410363,
		0,
		0.391588,
		0.122816,
		-0.911907,
		0,
		0.177237,
		-0.41858,
		-0.238787,
		1,
	},
	[0.65] = {
		-0.318842,
		0.945172,
		0.070633,
		0,
		0.899709,
		0.278381,
		0.336194,
		0,
		0.298099,
		0.170742,
		-0.93914,
		0,
		0.121871,
		-0.417289,
		-0.252243,
		1,
	},
	[0.6666666666666666] = {
		-0.342516,
		0.92972,
		0.135293,
		0,
		0.917221,
		0.299722,
		0.262434,
		0,
		0.20344,
		0.213981,
		-0.955418,
		0,
		0.073696,
		-0.415896,
		-0.258559,
		1,
	},
	[0.6833333333333333] = {
		-0.359077,
		0.912158,
		0.197563,
		0,
		0.926713,
		0.323341,
		0.19145,
		0,
		0.110752,
		0.251829,
		-0.961413,
		0,
		0.035939,
		-0.41441,
		-0.260983,
		1,
	},
	[0.6] = {
		-0.207482,
		0.970711,
		-0.121127,
		0,
		0.799685,
		0.239623,
		0.550531,
		0,
		0.563431,
		0.017362,
		-0.825981,
		0,
		0.296648,
		-0.42081,
		-0.19323,
		1,
	},
	[0.7166666666666667] = {
		-0.373319,
		0.874792,
		0.308823,
		0,
		0.925944,
		0.37185,
		0.065996,
		0,
		-0.057103,
		0.31059,
		-0.948827,
		0,
		-0.002213,
		-0.411201,
		-0.265319,
		1,
	},
	[0.7333333333333333] = {
		-0.373128,
		0.857004,
		0.355415,
		0,
		0.918976,
		0.394042,
		0.014632,
		0,
		-0.127508,
		0.332078,
		-0.934594,
		0,
		-0.012357,
		-0.409499,
		-0.267244,
		1,
	},
	[0.75] = {
		-0.369799,
		0.841016,
		0.394893,
		0,
		0.910189,
		0.413259,
		-0.027781,
		0,
		-0.186558,
		0.349154,
		-0.918307,
		0,
		-0.019321,
		-0.407746,
		-0.269015,
		1,
	},
	[0.7666666666666667] = {
		-0.364653,
		0.82758,
		0.426777,
		0,
		0.901508,
		0.428494,
		-0.060631,
		0,
		-0.233048,
		0.362634,
		-0.902322,
		0,
		-0.02382,
		-0.405951,
		-0.270638,
		1,
	},
	[0.7833333333333333] = {
		-0.358923,
		0.816606,
		0.452027,
		0,
		0.893742,
		0.440305,
		-0.085773,
		0,
		-0.269073,
		0.373209,
		-0.887871,
		0,
		-0.026567,
		-0.404125,
		-0.27212,
		1,
	},
	[0.7] = {
		-0.369037,
		0.893504,
		0.255857,
		0,
		0.929129,
		0.347848,
		0.125381,
		0,
		0.023029,
		0.283994,
		-0.958549,
		0,
		0.011823,
		-0.412842,
		-0.263235,
		1,
	},
	[0.8166666666666667] = {
		-0.348225,
		0.800307,
		0.488106,
		0,
		0.880905,
		0.457421,
		-0.121541,
		0,
		-0.32054,
		0.387652,
		-0.86428,
		0,
		-0.029659,
		-0.400422,
		-0.274686,
		1,
	},
	[0.8333333333333334] = {
		-0.343808,
		0.794799,
		0.500091,
		0,
		0.876272,
		0.462983,
		-0.133393,
		0,
		-0.337555,
		0.392354,
		-0.855637,
		0,
		-0.031431,
		-0.398565,
		-0.275784,
		1,
	},
	[0.85] = {
		-0.340186,
		0.790886,
		0.508696,
		0,
		0.872931,
		0.466749,
		-0.141905,
		0,
		-0.349664,
		0.395782,
		-0.849171,
		0,
		-0.033522,
		-0.396719,
		-0.276766,
		1,
	},
	[0.8666666666666667] = {
		-0.337388,
		0.788432,
		0.514339,
		0,
		0.870859,
		0.468881,
		-0.147497,
		0,
		-0.357455,
		0.398153,
		-0.844808,
		0,
		-0.035395,
		-0.394893,
		-0.277639,
		1,
	},
	[0.8833333333333333] = {
		-0.335385,
		0.78729,
		0.517388,
		0,
		0.869983,
		0.469541,
		-0.150536,
		0,
		-0.361451,
		0.399631,
		-0.842406,
		0,
		-0.037062,
		-0.393098,
		-0.278409,
		1,
	},
	[0.8] = {
		-0.353332,
		0.807541,
		0.472266,
		0,
		0.886778,
		0.449909,
		-0.105857,
		0,
		-0.297961,
		0.381392,
		-0.875077,
		0,
		-0.028276,
		-0.402279,
		-0.273467,
		1,
	},
	[0.9166666666666666] = {
		-0.333481,
		0.78835,
		0.517005,
		0,
		0.871349,
		0.467104,
		-0.150218,
		0,
		-0.359919,
		0.400397,
		-0.842698,
		0,
		-0.039827,
		-0.389643,
		-0.279668,
		1,
	},
	[0.9333333333333333] = {
		-0.333379,
		0.79025,
		0.514162,
		0,
		0.873302,
		0.464337,
		-0.147427,
		0,
		-0.355249,
		0.39987,
		-0.844927,
		0,
		-0.040948,
		-0.388002,
		-0.280169,
		1,
	},
	[0.95] = {
		-0.333689,
		0.792861,
		0.509924,
		0,
		0.875891,
		0.460757,
		-0.143238,
		0,
		-0.348519,
		0.398841,
		-0.84821,
		0,
		-0.041912,
		-0.386434,
		-0.280593,
		1,
	},
	[0.9666666666666667] = {
		-0.334293,
		0.796029,
		0.504565,
		0,
		0.878952,
		0.456534,
		-0.137913,
		0,
		-0.340134,
		0.397385,
		-0.852288,
		0,
		-0.042729,
		-0.384948,
		-0.280947,
		1,
	},
	[0.9833333333333333] = {
		-0.335074,
		0.799601,
		0.498361,
		0,
		0.882323,
		0.451835,
		-0.13172,
		0,
		-0.3305,
		0.395579,
		-0.856905,
		0,
		-0.043411,
		-0.383555,
		-0.281237,
		1,
	},
	[0.9] = {
		-0.334114,
		0.787313,
		0.518176,
		0,
		0.870191,
		0.468894,
		-0.151345,
		0,
		-0.362125,
		0.400345,
		-0.841777,
		0,
		-0.038536,
		-0.391345,
		-0.279084,
		1,
	},
	[1.0166666666666666] = {
		-0.336743,
		0.807341,
		0.484567,
		0,
		0.889388,
		0.441701,
		-0.117854,
		0,
		-0.309182,
		0.391281,
		-0.866779,
		0,
		-0.044421,
		-0.381087,
		-0.281649,
		1,
	},
	[1.0333333333333334] = {
		-0.33745,
		0.811202,
		0.477577,
		0,
		0.892803,
		0.436613,
		-0.110778,
		0,
		-0.298379,
		0.389,
		-0.871578,
		0,
		-0.044772,
		-0.380034,
		-0.281785,
		1,
	},
	[1.05] = {
		-0.337972,
		0.814854,
		0.470943,
		0,
		0.895977,
		0.431744,
		-0.104031,
		0,
		-0.288097,
		0.386795,
		-0.876008,
		0,
		-0.045036,
		-0.379114,
		-0.281882,
		1,
	},
	[1.0666666666666667] = {
		-0.338254,
		0.818148,
		0.464992,
		0,
		0.898803,
		0.427269,
		-0.097948,
		0,
		-0.278813,
		0.384805,
		-0.87988,
		0,
		-0.045226,
		-0.378338,
		-0.281947,
		1,
	},
	[1.0833333333333333] = {
		-0.33825,
		0.820934,
		0.460058,
		0,
		0.901186,
		0.423365,
		-0.092876,
		0,
		-0.271018,
		0.383183,
		-0.883018,
		0,
		-0.045353,
		-0.377717,
		-0.281987,
		1,
	},
	{
		-0.335923,
		0.803423,
		0.491597,
		0,
		0.88585,
		0.446833,
		-0.124936,
		0,
		-0.320039,
		0.393512,
		-0.861814,
		0,
		-0.043971,
		-0.382264,
		-0.281469,
		1,
	},
	[1.1166666666666667] = {
		-0.337231,
		0.824395,
		0.454587,
		0,
		0.904267,
		0.417974,
		-0.087176,
		0,
		-0.261873,
		0.381669,
		-0.886426,
		0,
		-0.045465,
		-0.376979,
		-0.282015,
		1,
	},
	[1.1333333333333333] = {
		-0.336133,
		0.824772,
		0.454714,
		0,
		0.904782,
		0.416843,
		-0.087249,
		0,
		-0.261505,
		0.38209,
		-0.886353,
		0,
		-0.045475,
		-0.376883,
		-0.282016,
		1,
	},
	[1.1] = {
		-0.337921,
		0.823066,
		0.456478,
		0,
		0.903036,
		0.420207,
		-0.089168,
		0,
		-0.265206,
		0.382084,
		-0.885256,
		0,
		-0.045428,
		-0.377261,
		-0.282007,
		1,
	},
}

return spline_matrices
