-- chunkname: @content/characters/player/human/first_person/animations/saw/swing_up_left.lua

local spline_matrices = {
	[0.016666666666666666] = {
		-0.250354,
		0.458053,
		-0.852942,
		0,
		0.957903,
		0.245062,
		-0.149557,
		0,
		0.140519,
		-0.854478,
		-0.500122,
		0,
		0.439654,
		0.083775,
		-0.503175,
		1,
	},
	[0.03333333333333333] = {
		-0.199357,
		0.497157,
		-0.844448,
		0,
		0.956095,
		0.287577,
		-0.056407,
		0,
		0.214801,
		-0.818617,
		-0.532659,
		0,
		0.447738,
		0.133326,
		-0.503194,
		1,
	},
	[0.05] = {
		-0.201368,
		0.522453,
		-0.828549,
		0,
		0.930526,
		0.366195,
		0.004757,
		0,
		0.305896,
		-0.770029,
		-0.559896,
		0,
		0.437738,
		0.199072,
		-0.499941,
		1,
	},
	[0.06666666666666667] = {
		-0.268007,
		0.518891,
		-0.811741,
		0,
		0.875831,
		0.48224,
		0.019096,
		0,
		0.401362,
		-0.705831,
		-0.583705,
		0,
		0.390302,
		0.284109,
		-0.487259,
		1,
	},
	[0.08333333333333333] = {
		-0.404108,
		0.459881,
		-0.7907,
		0,
		0.773276,
		0.633506,
		-0.026748,
		0,
		0.488612,
		-0.622238,
		-0.611619,
		0,
		0.301836,
		0.39167,
		-0.459299,
		1,
	},
	[0] = {
		-0.329175,
		0.415129,
		-0.848122,
		0,
		0.941045,
		0.218383,
		-0.258349,
		0,
		0.077967,
		-0.883163,
		-0.462541,
		0,
		0.416704,
		0.045463,
		-0.505973,
		1,
	},
	[0.11666666666666667] = {
		-0.821449,
		0.036732,
		-0.569098,
		0,
		-0.217511,
		0.902306,
		0.372199,
		0,
		0.527172,
		0.429528,
		-0.733209,
		0,
		0.125184,
		0.649295,
		-0.290716,
		1,
	},
	[0.13333333333333333] = {
		-0.830622,
		0.123282,
		-0.543018,
		0,
		-0.221396,
		0.821673,
		0.525202,
		0,
		0.510931,
		0.556466,
		-0.655206,
		0,
		0.069281,
		0.708482,
		-0.182554,
		1,
	},
	[0.15] = {
		-0.833561,
		0.13535,
		-0.535589,
		0,
		-0.369523,
		0.584077,
		0.722708,
		0,
		0.410644,
		0.800334,
		-0.436849,
		0,
		-0.012483,
		0.721064,
		-0.038383,
		1,
	},
	[0.16666666666666666] = {
		-0.848927,
		0.034032,
		-0.527414,
		0,
		-0.494192,
		0.302624,
		0.81498,
		0,
		0.187344,
		0.952502,
		-0.240088,
		0,
		-0.098652,
		0.674975,
		0.110442,
		1,
	},
	[0.18333333333333332] = {
		-0.909318,
		0.210849,
		-0.358725,
		0,
		-0.379803,
		-0.068422,
		0.922533,
		0,
		0.16997,
		0.975121,
		0.142298,
		0,
		-0.172356,
		0.556546,
		0.225312,
		1,
	},
	[0.1] = {
		-0.688647,
		0.278189,
		-0.669609,
		0,
		0.251831,
		0.957751,
		0.138906,
		0,
		0.67996,
		-0.072971,
		-0.729609,
		0,
		0.20118,
		0.539978,
		-0.389735,
		1,
	},
	[0.21666666666666667] = {
		-0.8707,
		0.171789,
		-0.460836,
		0,
		-0.439016,
		-0.69385,
		0.570822,
		0,
		-0.22169,
		0.699329,
		0.679553,
		0,
		-0.297898,
		0.263944,
		0.377831,
		1,
	},
	[0.23333333333333334] = {
		-0.576023,
		0.32692,
		-0.749214,
		0,
		-0.528512,
		-0.848152,
		0.036248,
		0,
		-0.623597,
		0.416848,
		0.661336,
		0,
		-0.3274,
		0.070184,
		0.412574,
		1,
	},
	[0.25] = {
		-0.760074,
		0.440951,
		-0.477336,
		0,
		-0.466627,
		-0.881572,
		-0.071353,
		0,
		-0.452269,
		0.168504,
		0.875819,
		0,
		-0.296872,
		-0.14606,
		0.414879,
		1,
	},
	[0.26666666666666666] = {
		-0.725482,
		0.386847,
		-0.569232,
		0,
		-0.356902,
		-0.918647,
		-0.169438,
		0,
		-0.588469,
		0.080236,
		0.804528,
		0,
		-0.257764,
		-0.353186,
		0.400203,
		1,
	},
	[0.2833333333333333] = {
		-0.688763,
		0.327086,
		-0.647008,
		0,
		-0.235506,
		-0.944986,
		-0.22702,
		0,
		-0.685669,
		-0.003989,
		0.727902,
		0,
		-0.207575,
		-0.506767,
		0.330517,
		1,
	},
	[0.2] = {
		-0.926205,
		0.14591,
		-0.347641,
		0,
		-0.362044,
		-0.601511,
		0.712116,
		0,
		-0.105205,
		0.785427,
		0.609948,
		0,
		-0.24587,
		0.401781,
		0.303535,
		1,
	},
	[0.31666666666666665] = {
		-0.777209,
		0.359053,
		-0.516747,
		0,
		-0.244311,
		-0.928983,
		-0.278034,
		0,
		-0.579878,
		-0.089843,
		0.809734,
		0,
		-0.113578,
		-0.6242,
		0.112805,
		1,
	},
	[0.3333333333333333] = {
		-0.763391,
		0.41031,
		-0.498878,
		0,
		-0.271015,
		-0.904522,
		-0.329227,
		0,
		-0.586331,
		-0.116125,
		0.801705,
		0,
		-0.082415,
		-0.635022,
		-0.010077,
		1,
	},
	[0.35] = {
		-0.739587,
		0.460792,
		-0.490593,
		0,
		-0.297796,
		-0.8777,
		-0.375447,
		0,
		-0.603596,
		-0.131579,
		0.786358,
		0,
		-0.057605,
		-0.645115,
		-0.123357,
		1,
	},
	[0.36666666666666664] = {
		-0.731513,
		0.497649,
		-0.466084,
		0,
		-0.324494,
		-0.855301,
		-0.403937,
		0,
		-0.59966,
		-0.144244,
		0.787148,
		0,
		-0.037051,
		-0.658896,
		-0.217952,
		1,
	},
	[0.38333333333333336] = {
		-0.709256,
		0.529586,
		-0.46529,
		0,
		-0.344083,
		-0.836136,
		-0.427181,
		0,
		-0.615275,
		-0.142882,
		0.775256,
		0,
		-0.028411,
		-0.65214,
		-0.287603,
		1,
	},
	[0.3] = {
		-0.911242,
		0.33039,
		-0.245927,
		0,
		-0.301899,
		-0.941963,
		-0.146843,
		0,
		-0.28017,
		-0.059564,
		0.958101,
		0,
		-0.149149,
		-0.589377,
		0.230912,
		1,
	},
	[0.4166666666666667] = {
		-0.636826,
		0.582192,
		-0.505475,
		0,
		-0.368045,
		-0.805632,
		-0.46422,
		0,
		-0.677492,
		-0.109591,
		0.72732,
		0,
		-0.039753,
		-0.591345,
		-0.351962,
		1,
	},
	[0.43333333333333335] = {
		-0.593969,
		0.603901,
		-0.531511,
		0,
		-0.37645,
		-0.792526,
		-0.479779,
		0,
		-0.710975,
		-0.084886,
		0.698075,
		0,
		-0.042149,
		-0.567845,
		-0.374754,
		1,
	},
	[0.45] = {
		-0.552776,
		0.623893,
		-0.552446,
		0,
		-0.385499,
		-0.779185,
		-0.494228,
		0,
		-0.738803,
		-0.06023,
		0.671225,
		0,
		-0.04198,
		-0.54852,
		-0.396809,
		1,
	},
	[0.4666666666666667] = {
		-0.513445,
		0.6424,
		-0.568943,
		0,
		-0.398646,
		-0.765685,
		-0.504784,
		0,
		-0.759905,
		-0.032372,
		0.649228,
		0,
		-0.040776,
		-0.530211,
		-0.417577,
		1,
	},
	[0.48333333333333334] = {
		-0.470004,
		0.658354,
		-0.587934,
		0,
		-0.410334,
		-0.752708,
		-0.514837,
		0,
		-0.781487,
		-0.000727,
		0.623921,
		0,
		-0.038634,
		-0.51187,
		-0.43805,
		1,
	},
	[0.4] = {
		-0.676567,
		0.557616,
		-0.480959,
		0,
		-0.357973,
		-0.819823,
		-0.446928,
		0,
		-0.643516,
		-0.130206,
		0.754277,
		0,
		-0.035275,
		-0.61887,
		-0.324396,
		1,
	},
	[0.5166666666666667] = {
		-0.370802,
		0.681263,
		-0.631178,
		0,
		-0.429469,
		-0.728379,
		-0.533873,
		0,
		-0.823445,
		0.07311,
		0.562666,
		0,
		-0.03227,
		-0.475014,
		-0.482624,
		1,
	},
	[0.5333333333333333] = {
		-0.315191,
		0.687496,
		-0.65422,
		0,
		-0.436986,
		-0.717067,
		-0.543009,
		0,
		-0.842436,
		0.114734,
		0.526439,
		0,
		-0.028571,
		-0.456823,
		-0.507092,
		1,
	},
	[0.55] = {
		-0.255802,
		0.689768,
		-0.677337,
		0,
		-0.443183,
		-0.706357,
		-0.55195,
		0,
		-0.859159,
		0.158994,
		0.486381,
		0,
		-0.024367,
		-0.439615,
		-0.531625,
		1,
	},
	[0.5666666666666667] = {
		-0.192764,
		0.687702,
		-0.699935,
		0,
		-0.448449,
		-0.696203,
		-0.560531,
		0,
		-0.872775,
		0.205835,
		0.442602,
		0,
		-0.019923,
		-0.423728,
		-0.555836,
		1,
	},
	[0.5833333333333334] = {
		-0.126636,
		0.681046,
		-0.721207,
		0,
		-0.452492,
		-0.68667,
		-0.568978,
		0,
		-0.882731,
		0.254287,
		0.395125,
		0,
		-0.015482,
		-0.409594,
		-0.579344,
		1,
	},
	[0.5] = {
		-0.422443,
		0.671427,
		-0.608874,
		0,
		-0.420596,
		-0.740267,
		-0.524504,
		0,
		-0.802895,
		0.034517,
		0.595121,
		0,
		-0.035655,
		-0.493446,
		-0.459401,
		1,
	},
	[0.6166666666666667] = {
		0.012751,
		0.653222,
		-0.757059,
		0,
		-0.45711,
		-0.669568,
		-0.585431,
		0,
		-0.889319,
		0.353524,
		0.290056,
		0,
		-0.006408,
		-0.383057,
		-0.625285,
		1,
	},
	[0.6333333333333333] = {
		0.084703,
		0.631926,
		-0.770386,
		0,
		-0.457809,
		-0.662042,
		-0.59339,
		0,
		-0.885007,
		0.402951,
		0.233225,
		0,
		-0.001917,
		-0.369409,
		-0.647896,
		1,
	},
	[0.65] = {
		0.157161,
		0.605809,
		-0.779933,
		0,
		-0.457531,
		-0.655216,
		-0.601131,
		0,
		-0.875195,
		0.451318,
		0.174202,
		0,
		0.002216,
		-0.355353,
		-0.669962,
		1,
	},
	[0.6666666666666666] = {
		0.22932,
		0.575098,
		-0.785286,
		0,
		-0.456359,
		-0.649089,
		-0.608621,
		0,
		-0.859738,
		0.497941,
		0.113602,
		0,
		0.005746,
		-0.340739,
		-0.691209,
		1,
	},
	[0.6833333333333333] = {
		0.300366,
		0.540134,
		-0.786153,
		0,
		-0.45438,
		-0.643653,
		-0.615833,
		0,
		-0.838641,
		0.542187,
		0.052095,
		0,
		0.008459,
		-0.325411,
		-0.711335,
		1,
	},
	[0.6] = {
		-0.057928,
		0.669592,
		-0.740467,
		0,
		-0.455359,
		-0.677784,
		-0.577284,
		0,
		-0.888421,
		0.303738,
		0.344167,
		0,
		-0.011005,
		-0.396419,
		-0.602366,
		1,
	},
	[0.7166666666666667] = {
		0.436005,
		0.459317,
		-0.773904,
		0,
		-0.448369,
		-0.634749,
		-0.629332,
		0,
		-0.780297,
		0.621387,
		-0.07081,
		0,
		0.01093,
		-0.2921,
		-0.747023,
		1,
	},
	[0.7333333333333333] = {
		0.499212,
		0.414591,
		-0.760855,
		0,
		-0.444518,
		-0.631202,
		-0.6356,
		0,
		-0.743768,
		0.655514,
		-0.13081,
		0,
		0.010538,
		-0.273682,
		-0.761375,
		1,
	},
	[0.75] = {
		0.55858,
		0.367818,
		-0.743437,
		0,
		-0.440216,
		-0.628187,
		-0.641553,
		0,
		-0.702993,
		0.685631,
		-0.188974,
		0,
		0.008541,
		-0.251947,
		-0.767794,
		1,
	},
	[0.7666666666666667] = {
		0.61368,
		0.31964,
		-0.72196,
		0,
		-0.435536,
		-0.625642,
		-0.64721,
		0,
		-0.658563,
		0.711619,
		-0.244729,
		0,
		0.006352,
		-0.229714,
		-0.771661,
		1,
	},
	[0.7833333333333333] = {
		0.664212,
		0.270688,
		-0.696815,
		0,
		-0.43054,
		-0.623496,
		-0.652601,
		0,
		-0.611112,
		0.733472,
		-0.297591,
		0,
		0.004229,
		-0.207623,
		-0.774166,
		1,
	},
	[0.7] = {
		0.369506,
		0.501363,
		-0.782369,
		0,
		-0.451686,
		-0.638884,
		-0.622741,
		0,
		-0.812062,
		0.583492,
		-0.009613,
		0,
		0.010205,
		-0.309227,
		-0.730029,
		1,
	},
	[0.8166666666666667] = {
		0.750976,
		0.172783,
		-0.637324,
		0,
		-0.419787,
		-0.620102,
		-0.662761,
		0,
		-0.50972,
		0.765258,
		-0.393149,
		0,
		0.000322,
		-0.164418,
		-0.775645,
		1,
	},
	[0.8333333333333334] = {
		0.786403,
		0.125079,
		-0.604918,
		0,
		-0.416347,
		-0.616091,
		-0.668646,
		0,
		-0.456318,
		0.777681,
		-0.432419,
		0,
		-0.001533,
		-0.143263,
		-0.774612,
		1,
	},
	[0.85] = {
		0.816438,
		0.080387,
		-0.57181,
		0,
		-0.41286,
		-0.611059,
		-0.675392,
		0,
		-0.403703,
		0.787493,
		-0.465703,
		0,
		-0.003252,
		-0.122597,
		-0.772387,
		1,
	},
	[0.8666666666666667] = {
		0.841794,
		0.03839,
		-0.538432,
		0,
		-0.409192,
		-0.605169,
		-0.682886,
		0,
		-0.352058,
		0.795171,
		-0.493718,
		0,
		-0.004811,
		-0.102473,
		-0.768029,
		1,
	},
	[0.8833333333333333] = {
		0.8631,
		-0.001304,
		-0.505031,
		0,
		-0.405231,
		-0.59859,
		-0.690997,
		0,
		-0.301405,
		0.801054,
		-0.517172,
		0,
		-0.006183,
		-0.082956,
		-0.760918,
		1,
	},
	[0.8] = {
		0.709997,
		0.221554,
		-0.668445,
		0,
		-0.425279,
		-0.621674,
		-0.657768,
		0,
		-0.561286,
		0.751289,
		-0.347164,
		0,
		0.002213,
		-0.18583,
		-0.775486,
		1,
	},
	[0.9166666666666666] = {
		0.895591,
		-0.075542,
		-0.438417,
		0,
		-0.396092,
		-0.584084,
		-0.708489,
		0,
		-0.202552,
		0.80817,
		-0.553022,
		0,
		-0.00803,
		-0.045978,
		-0.739157,
		1,
	},
	[0.9333333333333333] = {
		0.907528,
		-0.111,
		-0.405058,
		0,
		-0.390785,
		-0.57654,
		-0.717558,
		0,
		-0.153883,
		0.809494,
		-0.566603,
		0,
		-0.0087,
		-0.030995,
		-0.726931,
		1,
	},
	[0.95] = {
		0.916918,
		-0.14595,
		-0.371429,
		0,
		-0.384927,
		-0.569075,
		-0.726625,
		0,
		-0.105321,
		0.809229,
		-0.577976,
		0,
		-0.009078,
		-0.020322,
		-0.713902,
		1,
	},
	[0.9666666666666667] = {
		0.923877,
		-0.180813,
		-0.337281,
		0,
		-0.378492,
		-0.561914,
		-0.735524,
		0,
		-0.056531,
		0.807192,
		-0.587576,
		0,
		-0.009122,
		-0.012547,
		-0.700529,
		1,
	},
	[0.9833333333333333] = {
		0.928416,
		-0.215972,
		-0.302323,
		0,
		-0.371472,
		-0.555293,
		-0.744082,
		0,
		-0.007177,
		0.803122,
		-0.595771,
		0,
		-0.008793,
		-0.006256,
		-0.687282,
		1,
	},
	[0.9] = {
		0.88089,
		-0.039129,
		-0.471701,
		0,
		-0.400888,
		-0.5915,
		-0.699583,
		0,
		-0.251637,
		0.805355,
		-0.536733,
		0,
		-0.007135,
		-0.064007,
		-0.750297,
		1,
	},
	[1.0166666666666666] = {
		0.929792,
		-0.288422,
		-0.228692,
		0,
		-0.355754,
		-0.544675,
		-0.759453,
		0,
		0.09448,
		0.787491,
		-0.609042,
		0,
		-0.006843,
		0.007489,
		-0.663029,
		1,
	},
	{
		0.93045,
		-0.251756,
		-0.266237,
		0,
		-0.36388,
		-0.549461,
		-0.75212,
		0,
		0.043064,
		0.796688,
		-0.602855,
		0,
		-0.008047,
		-4.5e-05,
		-0.674627,
		1,
	},
}

return spline_matrices
