-- chunkname: @content/characters/player/human/first_person/animations/saw/swing_left.lua

local spline_matrices = {
	[0.016666666666666666] = {
		0.744952,
		-0.509397,
		-0.430768,
		0,
		-0.666713,
		-0.546006,
		-0.507317,
		0,
		0.023224,
		0.665126,
		-0.74637,
		0,
		-0.008086,
		0.025885,
		-0.611358,
		1,
	},
	[0.03333333333333333] = {
		0.394579,
		-0.798327,
		-0.454952,
		0,
		-0.681477,
		0.077869,
		-0.727685,
		0,
		0.616358,
		0.597169,
		-0.513316,
		0,
		0.047123,
		-0.003555,
		-0.629894,
		1,
	},
	[0.05] = {
		0.282517,
		-0.875049,
		-0.39303,
		0,
		-0.509057,
		0.210507,
		-0.834595,
		0,
		0.813047,
		0.435862,
		-0.385978,
		0,
		0.109481,
		-0.043258,
		-0.611936,
		1,
	},
	[0.06666666666666667] = {
		0.094312,
		-0.948391,
		-0.302755,
		0,
		-0.328999,
		0.257333,
		-0.908592,
		0,
		0.939609,
		0.185297,
		-0.28775,
		0,
		0.186757,
		-0.084457,
		-0.587838,
		1,
	},
	[0.08333333333333333] = {
		-0.137525,
		-0.962816,
		-0.232533,
		0,
		-0.137913,
		0.25109,
		-0.958089,
		0,
		0.98085,
		-0.099692,
		-0.167316,
		0,
		0.26327,
		-0.119217,
		-0.555208,
		1,
	},
	[0] = {
		0.744952,
		-0.509397,
		-0.430768,
		0,
		-0.666713,
		-0.546006,
		-0.507317,
		0,
		0.023224,
		0.665126,
		-0.74637,
		0,
		-0.008086,
		0.025885,
		-0.611358,
		1,
	},
	[0.11666666666666667] = {
		-0.34739,
		-0.863257,
		-0.366207,
		0,
		0.233034,
		0.298802,
		-0.925425,
		0,
		0.908304,
		-0.406822,
		0.097368,
		0,
		0.363598,
		-0.126344,
		-0.466594,
		1,
	},
	[0.13333333333333333] = {
		-0.34633,
		-0.789726,
		-0.506348,
		0,
		0.419591,
		0.352352,
		-0.836535,
		0,
		0.839046,
		-0.502176,
		0.209332,
		0,
		0.407148,
		-0.101557,
		-0.38629,
		1,
	},
	[0.15] = {
		-0.287648,
		-0.694408,
		-0.659588,
		0,
		0.599981,
		0.406153,
		-0.689248,
		0,
		0.746513,
		-0.594001,
		0.299802,
		0,
		0.44863,
		-0.064374,
		-0.285111,
		1,
	},
	[0.16666666666666666] = {
		-0.167927,
		-0.575215,
		-0.80058,
		0,
		0.754064,
		0.448144,
		-0.48016,
		0,
		0.63497,
		-0.68432,
		0.358494,
		0,
		0.484093,
		-0.019505,
		-0.182149,
		1,
	},
	[0.18333333333333332] = {
		0.003957,
		-0.436922,
		-0.899491,
		0,
		0.856902,
		0.465144,
		-0.222172,
		0,
		0.515465,
		-0.769896,
		0.376239,
		0,
		0.511474,
		0.027679,
		-0.0976,
		1,
	},
	[0.1] = {
		-0.298022,
		-0.919457,
		-0.256478,
		0,
		0.05039,
		0.253159,
		-0.966111,
		0,
		0.953228,
		-0.300847,
		-0.029116,
		0,
		0.320766,
		-0.134968,
		-0.515776,
		1,
	},
	[0.21666666666666667] = {
		0.273394,
		-0.176316,
		-0.945605,
		0,
		0.897218,
		0.401148,
		0.184607,
		0,
		0.346778,
		-0.898884,
		0.267865,
		0,
		0.562566,
		0.130321,
		-0.043359,
		1,
	},
	[0.23333333333333334] = {
		0.290339,
		-0.067197,
		-0.954562,
		0,
		0.905616,
		0.341546,
		0.251408,
		0,
		0.309133,
		-0.93746,
		0.160019,
		0,
		0.598301,
		0.188451,
		-0.039543,
		1,
	},
	[0.25] = {
		0.285575,
		0.027888,
		-0.957951,
		0,
		0.915217,
		0.288589,
		0.281237,
		0,
		0.284297,
		-0.957047,
		0.05689,
		0,
		0.629382,
		0.246849,
		-0.038546,
		1,
	},
	[0.26666666666666666] = {
		0.290043,
		0.097016,
		-0.952084,
		0,
		0.917692,
		0.254048,
		0.305453,
		0,
		0.271508,
		-0.962314,
		-0.015346,
		0,
		0.645178,
		0.30195,
		-0.037783,
		1,
	},
	[0.2833333333333333] = {
		0.309796,
		0.109538,
		-0.944472,
		0,
		0.92075,
		0.21321,
		0.326742,
		0,
		0.237161,
		-0.970847,
		-0.034805,
		0,
		0.640972,
		0.347412,
		-0.036645,
		1,
	},
	[0.2] = {
		0.20268,
		-0.292601,
		-0.934508,
		0,
		0.891639,
		0.449683,
		0.052583,
		0,
		0.404847,
		-0.843901,
		0.352037,
		0,
		0.53257,
		0.075661,
		-0.052442,
		1,
	},
	[0.31666666666666665] = {
		0.259924,
		0.161899,
		-0.95196,
		0,
		0.742494,
		0.596782,
		0.304226,
		0,
		0.617366,
		-0.785901,
		0.034909,
		0,
		0.529484,
		0.47881,
		-0.036501,
		1,
	},
	[0.3333333333333333] = {
		0.149394,
		0.184742,
		-0.971366,
		0,
		0.313597,
		0.92282,
		0.22374,
		0,
		0.937731,
		-0.338042,
		0.079929,
		0,
		0.399901,
		0.574183,
		-0.040079,
		1,
	},
	[0.35] = {
		0.04509,
		0.147412,
		-0.988047,
		0,
		-0.256496,
		0.957604,
		0.131165,
		0,
		0.965493,
		0.247516,
		0.080989,
		0,
		0.234618,
		0.643766,
		-0.045374,
		1,
	},
	[0.36666666666666664] = {
		-0.001258,
		0.100382,
		-0.994948,
		0,
		-0.67629,
		0.732829,
		0.074792,
		0,
		0.736635,
		0.672967,
		0.066966,
		0,
		0.065897,
		0.662505,
		-0.049006,
		1,
	},
	[0.38333333333333336] = {
		0.002127,
		0.106434,
		-0.994318,
		0,
		-0.924959,
		0.378113,
		0.038496,
		0,
		0.380062,
		0.919621,
		0.099251,
		0,
		-0.147073,
		0.589685,
		-0.056947,
		1,
	},
	[0.3] = {
		0.311746,
		0.114856,
		-0.943198,
		0,
		0.898861,
		0.286127,
		0.331934,
		0,
		0.307999,
		-0.951283,
		-0.01404,
		0,
		0.608225,
		0.397969,
		-0.035957,
		1,
	},
	[0.4166666666666667] = {
		-0.062538,
		0.059429,
		-0.996272,
		0,
		-0.848224,
		-0.529194,
		0.021678,
		0,
		-0.525933,
		0.846417,
		0.083504,
		0,
		-0.39727,
		0.332692,
		-0.066551,
		1,
	},
	[0.43333333333333335] = {
		-0.083842,
		-0.069911,
		-0.994024,
		0,
		-0.368578,
		-0.924614,
		0.096118,
		0,
		-0.925808,
		0.374434,
		0.051753,
		0,
		-0.393772,
		0.184952,
		-0.060458,
		1,
	},
	[0.45] = {
		-0.02646,
		-0.185984,
		-0.982196,
		0,
		0.204548,
		-0.962759,
		0.176793,
		0,
		-0.978499,
		-0.196228,
		0.063517,
		0,
		-0.354955,
		0.074654,
		-0.052691,
		1,
	},
	[0.4666666666666667] = {
		0.041835,
		-0.22005,
		-0.974591,
		0,
		0.514784,
		-0.831257,
		0.209784,
		0,
		-0.856299,
		-0.51048,
		0.078503,
		0,
		-0.328014,
		0.028135,
		-0.04913,
		1,
	},
	[0.48333333333333334] = {
		0.079577,
		-0.206564,
		-0.975192,
		0,
		0.625907,
		-0.751048,
		0.210161,
		0,
		-0.775827,
		-0.627103,
		0.069524,
		0,
		-0.318614,
		0.018283,
		-0.052097,
		1,
	},
	[0.4] = {
		-0.01098,
		0.119804,
		-0.992737,
		0,
		-0.998698,
		-0.050778,
		0.004918,
		0,
		-0.04982,
		0.991498,
		0.120205,
		0,
		-0.331247,
		0.466189,
		-0.066324,
		1,
	},
	[0.5166666666666667] = {
		0.115053,
		-0.147965,
		-0.982278,
		0,
		0.692716,
		-0.696787,
		0.186097,
		0,
		-0.711974,
		-0.701851,
		0.02233,
		0,
		-0.299108,
		-5.5e-05,
		-0.075027,
		1,
	},
	[0.5333333333333333] = {
		0.12224,
		-0.109016,
		-0.986495,
		0,
		0.678397,
		-0.716335,
		0.163223,
		0,
		-0.724455,
		-0.689188,
		-0.013608,
		0,
		-0.288234,
		-0.008933,
		-0.093654,
		1,
	},
	[0.55] = {
		0.12791,
		-0.064636,
		-0.989677,
		0,
		0.638369,
		-0.758322,
		0.132031,
		0,
		-0.759028,
		-0.648668,
		-0.055735,
		0,
		-0.276832,
		-0.017415,
		-0.116282,
		1,
	},
	[0.5666666666666667] = {
		0.135884,
		-0.015424,
		-0.990605,
		0,
		0.572708,
		-0.814666,
		0.091244,
		0,
		-0.808419,
		-0.579726,
		-0.101867,
		0,
		-0.2653,
		-0.025162,
		-0.142349,
		1,
	},
	[0.5833333333333334] = {
		0.149797,
		0.037112,
		-0.98802,
		0,
		0.481177,
		-0.875708,
		0.040059,
		0,
		-0.86373,
		-0.481413,
		-0.149036,
		0,
		-0.254017,
		-0.031704,
		-0.171251,
		1,
	},
	[0.5] = {
		0.102328,
		-0.180995,
		-0.978146,
		0,
		0.678324,
		-0.706537,
		0.201699,
		0,
		-0.727602,
		-0.68414,
		0.050475,
		0,
		-0.309204,
		0.009021,
		-0.060969,
		1,
	},
	[0.6166666666666667] = {
		0.206304,
		0.13908,
		-0.968553,
		0,
		0.231709,
		-0.968637,
		-0.089737,
		0,
		-0.950657,
		-0.20591,
		-0.23206,
		0,
		-0.232748,
		-0.039076,
		-0.234622,
		1,
	},
	[0.6333333333333333] = {
		0.250279,
		0.179222,
		-0.951441,
		0,
		0.089628,
		-0.982786,
		-0.161549,
		0,
		-0.964016,
		-0.044843,
		-0.262034,
		0,
		-0.222337,
		-0.039245,
		-0.267299,
		1,
	},
	[0.65] = {
		0.302073,
		0.206199,
		-0.930717,
		0,
		-0.047755,
		-0.971827,
		-0.230806,
		0,
		-0.952088,
		0.114167,
		-0.283716,
		0,
		-0.211483,
		-0.037284,
		-0.299308,
		1,
	},
	[0.6666666666666666] = {
		0.357688,
		0.217686,
		-0.908115,
		0,
		-0.1679,
		-0.941613,
		-0.291848,
		0,
		-0.918624,
		0.256863,
		-0.300254,
		0,
		-0.199814,
		-0.033956,
		-0.329682,
		1,
	},
	[0.6833333333333333] = {
		0.413036,
		0.213764,
		-0.885272,
		0,
		-0.261422,
		-0.903324,
		-0.340093,
		0,
		-0.872387,
		0.371901,
		-0.317223,
		0,
		-0.187254,
		-0.030365,
		-0.357577,
		1,
	},
	[0.6] = {
		0.172697,
		0.090053,
		-0.98085,
		0,
		0.365599,
		-0.930534,
		-0.021063,
		0,
		-0.914611,
		-0.35496,
		-0.193624,
		0,
		-0.243191,
		-0.036499,
		-0.202287,
		1,
	},
	[0.7166666666666667] = {
		0.519025,
		0.162468,
		-0.839176,
		0,
		-0.368481,
		-0.843329,
		-0.391176,
		0,
		-0.771255,
		0.512251,
		-0.377842,
		0,
		-0.159662,
		-0.025043,
		-0.405931,
		1,
	},
	[0.7333333333333333] = {
		0.576981,
		0.108291,
		-0.809547,
		0,
		-0.415528,
		-0.814392,
		-0.405095,
		0,
		-0.703157,
		0.570122,
		-0.424891,
		0,
		-0.143545,
		-0.020756,
		-0.430998,
		1,
	},
	[0.75] = {
		0.63351,
		0.036642,
		-0.772866,
		0,
		-0.462653,
		-0.782696,
		-0.41634,
		0,
		-0.620175,
		0.621325,
		-0.478893,
		0,
		-0.126055,
		-0.015162,
		-0.45699,
		1,
	},
	[0.7666666666666667] = {
		0.683288,
		-0.048397,
		-0.728543,
		0,
		-0.50815,
		-0.748028,
		-0.426894,
		0,
		-0.52431,
		0.661901,
		-0.535712,
		0,
		-0.107577,
		-0.00863,
		-0.483375,
		1,
	},
	[0.7833333333333333] = {
		0.722001,
		-0.141329,
		-0.677304,
		0,
		-0.550157,
		-0.710897,
		-0.438124,
		0,
		-0.419575,
		0.688949,
		-0.591021,
		0,
		-0.088556,
		-0.001591,
		-0.509539,
		1,
	},
	[0.7] = {
		0.46518,
		0.196409,
		-0.863152,
		0,
		-0.322912,
		-0.870234,
		-0.372049,
		0,
		-0.824218,
		0.451792,
		-0.341393,
		0,
		-0.174045,
		-0.027719,
		-0.382255,
		1,
	},
	[0.8166666666666667] = {
		0.758903,
		-0.324814,
		-0.564414,
		0,
		-0.61729,
		-0.634875,
		-0.464636,
		0,
		-0.207412,
		0.701021,
		-0.682312,
		0,
		-0.051175,
		0.012141,
		-0.558378,
		1,
	},
	[0.8333333333333334] = {
		0.759498,
		-0.402928,
		-0.510698,
		0,
		-0.640577,
		-0.599918,
		-0.479332,
		0,
		-0.113241,
		0.691193,
		-0.713743,
		0,
		-0.034247,
		0.017969,
		-0.579517,
		1,
	},
	[0.85] = {
		0.753185,
		-0.465519,
		-0.464763,
		0,
		-0.656884,
		-0.56972,
		-0.493885,
		0,
		-0.034872,
		0.677282,
		-0.734896,
		0,
		-0.019594,
		0.022638,
		-0.597429,
		1,
	},
	[0.8666666666666667] = {
		0.744952,
		-0.509397,
		-0.430768,
		0,
		-0.666713,
		-0.546006,
		-0.507317,
		0,
		0.023224,
		0.665126,
		-0.74637,
		0,
		-0.008086,
		0.025885,
		-0.611358,
		1,
	},
	[0.8833333333333333] = {
		0.73765,
		-0.538335,
		-0.407516,
		0,
		-0.67218,
		-0.528652,
		-0.518364,
		0,
		0.063619,
		0.656295,
		-0.751818,
		0,
		0.000362,
		0.027998,
		-0.621534,
		1,
	},
	[0.8] = {
		0.747206,
		-0.235671,
		-0.621403,
		0,
		-0.586954,
		-0.672567,
		-0.450709,
		0,
		-0.311716,
		0.701508,
		-0.640874,
		0,
		-0.069535,
		0.005486,
		-0.534791,
		1,
	},
	[0.9166666666666666] = {
		0.726988,
		-0.572062,
		-0.379782,
		0,
		-0.677562,
		-0.507961,
		-0.531869,
		0,
		0.111348,
		0.643988,
		-0.756889,
		0,
		0.010643,
		0.030464,
		-0.633761,
		1,
	},
	[0.9333333333333333] = {
		0.724376,
		-0.579321,
		-0.373719,
		0,
		-0.678575,
		-0.503439,
		-0.534869,
		0,
		0.121716,
		0.641043,
		-0.757793,
		0,
		0.012924,
		0.030996,
		-0.636452,
		1,
	},
	[0.95] = {
		0.723554,
		-0.581542,
		-0.371857,
		0,
		-0.678875,
		-0.502051,
		-0.535793,
		0,
		0.124895,
		0.64012,
		-0.758055,
		0,
		0.013627,
		0.031158,
		-0.637279,
		1,
	},
	[0.9666666666666667] = {
		0.724274,
		-0.579599,
		-0.373486,
		0,
		-0.678613,
		-0.503266,
		-0.534984,
		0,
		0.122114,
		0.640928,
		-0.757826,
		0,
		0.013012,
		0.031016,
		-0.636555,
		1,
	},
	[0.9833333333333333] = {
		0.726194,
		-0.574302,
		-0.377914,
		0,
		-0.677881,
		-0.506568,
		-0.532791,
		0,
		0.114544,
		0.64309,
		-0.757175,
		0,
		0.011344,
		0.030628,
		-0.634589,
		1,
	},
	[0.9] = {
		0.731471,
		-0.558779,
		-0.390788,
		0,
		-0.675574,
		-0.516171,
		-0.526467,
		0,
		0.092465,
		0.649102,
		-0.755061,
		0,
		0.006534,
		0.029493,
		-0.628895,
		1,
	},
	[1.0166666666666666] = {
		0.732113,
		-0.556784,
		-0.392432,
		0,
		-0.67526,
		-0.517398,
		-0.525665,
		0,
		0.089638,
		0.649839,
		-0.754767,
		0,
		0.005924,
		0.029347,
		-0.62817,
		1,
	},
	[1.0333333333333334] = {
		0.735386,
		-0.546162,
		-0.401141,
		0,
		-0.673526,
		-0.523896,
		-0.521437,
		0,
		0.074633,
		0.653636,
		-0.75312,
		0,
		0.002704,
		0.02857,
		-0.624334,
		1,
	},
	[1.05] = {
		0.738461,
		-0.535419,
		-0.40988,
		0,
		-0.671664,
		-0.530417,
		-0.517229,
		0,
		0.059527,
		0.657255,
		-0.751314,
		0,
		-0.000504,
		0.027785,
		-0.620496,
		1,
	},
	[1.0666666666666667] = {
		0.741108,
		-0.525442,
		-0.417935,
		0,
		-0.669839,
		-0.536428,
		-0.513383,
		0,
		0.045561,
		0.660421,
		-0.749512,
		0,
		-0.003442,
		0.027057,
		-0.616967,
		1,
	},
	[1.0833333333333333] = {
		0.743157,
		-0.517153,
		-0.424584,
		0,
		-0.668253,
		-0.54139,
		-0.510231,
		0,
		0.034002,
		0.662911,
		-0.747926,
		0,
		-0.005853,
		0.026451,
		-0.614059,
		1,
	},
	{
		0.728933,
		-0.566435,
		-0.384458,
		0,
		-0.676741,
		-0.511449,
		-0.529567,
		0,
		0.103334,
		0.646197,
		-0.756142,
		0,
		0.008892,
		0.030053,
		-0.631691,
		1,
	},
	[1.1166666666666667] = {
		0.744952,
		-0.509397,
		-0.430768,
		0,
		-0.666713,
		-0.546006,
		-0.507317,
		0,
		0.023224,
		0.665126,
		-0.74637,
		0,
		-0.008086,
		0.025885,
		-0.611358,
		1,
	},
	[1.1333333333333333] = {
		0.744952,
		-0.509397,
		-0.430768,
		0,
		-0.666713,
		-0.546006,
		-0.507317,
		0,
		0.023224,
		0.665126,
		-0.74637,
		0,
		-0.008086,
		0.025885,
		-0.611358,
		1,
	},
	[1.1] = {
		0.744479,
		-0.51149,
		-0.429102,
		0,
		-0.667134,
		-0.544762,
		-0.5081,
		0,
		0.02613,
		0.664539,
		-0.746797,
		0,
		-0.007486,
		0.026038,
		-0.612085,
		1,
	},
}

return spline_matrices
