-- chunkname: @content/characters/player/human/first_person/animations/saw/swing_right.lua

local spline_matrices = {
	[0.016666666666666666] = {
		0.956385,
		-0.225657,
		-0.185489,
		0,
		-0.279767,
		-0.89023,
		-0.359475,
		0,
		-0.08401,
		0.39569,
		-0.914534,
		0,
		0.006001,
		-0.008848,
		-0.575918,
		1,
	},
	[0.03333333333333333] = {
		0.948084,
		-0.306088,
		-0.086291,
		0,
		-0.316029,
		-0.93711,
		-0.148159,
		0,
		-0.035515,
		0.167738,
		-0.985192,
		0,
		-0.024536,
		-0.023619,
		-0.520689,
		1,
	},
	[0.05] = {
		0.930128,
		-0.364375,
		0.045756,
		0,
		-0.367176,
		-0.924989,
		0.097865,
		0,
		0.006664,
		-0.107827,
		-0.994147,
		0,
		-0.056681,
		-0.037782,
		-0.461396,
		1,
	},
	[0.06666666666666667] = {
		0.901442,
		-0.382606,
		0.202522,
		0,
		-0.431572,
		-0.83088,
		0.351261,
		0,
		0.033877,
		-0.404045,
		-0.914112,
		0,
		-0.089842,
		-0.048852,
		-0.400156,
		1,
	},
	[0.08333333333333333] = {
		0.864738,
		-0.349526,
		0.360639,
		0,
		-0.500758,
		-0.654882,
		0.566013,
		0,
		0.03834,
		-0.670046,
		-0.741329,
		0,
		-0.123099,
		-0.055083,
		-0.340269,
		1,
	},
	[0] = {
		0.956385,
		-0.225657,
		-0.185489,
		0,
		-0.279767,
		-0.89023,
		-0.359475,
		0,
		-0.08401,
		0.39569,
		-0.914534,
		0,
		0.006001,
		-0.008848,
		-0.575918,
		1,
	},
	[0.11666666666666667] = {
		0.793957,
		-0.185835,
		0.578876,
		0,
		-0.607903,
		-0.228114,
		0.760538,
		0,
		-0.009285,
		-0.955735,
		-0.294082,
		0,
		-0.185102,
		-0.054515,
		-0.23738,
		1,
	},
	[0.13333333333333333] = {
		0.770041,
		-0.114931,
		0.627557,
		0,
		-0.636935,
		-0.081827,
		0.766563,
		0,
		-0.036751,
		-0.989997,
		-0.136214,
		0,
		-0.211824,
		-0.050578,
		-0.197262,
		1,
	},
	[0.15] = {
		0.756611,
		-0.072281,
		0.649858,
		0,
		-0.652052,
		-0.009439,
		0.758116,
		0,
		-0.048663,
		-0.99734,
		-0.054273,
		0,
		-0.23719,
		-0.04735,
		-0.162038,
		1,
	},
	[0.16666666666666666] = {
		0.750945,
		-0.049923,
		0.658475,
		0,
		-0.658859,
		0.010651,
		0.752191,
		0,
		-0.044566,
		-0.998696,
		-0.024894,
		0,
		-0.262634,
		-0.045538,
		-0.129039,
		1,
	},
	[0.18333333333333332] = {
		0.748289,
		-0.043463,
		0.661947,
		0,
		-0.662603,
		-0.000915,
		0.748971,
		0,
		-0.031947,
		-0.999055,
		-0.029483,
		0,
		-0.286864,
		-0.043027,
		-0.098998,
		1,
	},
	[0.1] = {
		0.826643,
		-0.274424,
		0.491276,
		0,
		-0.562354,
		-0.434613,
		0.70347,
		0,
		0.020466,
		-0.85779,
		-0.513593,
		0,
		-0.155242,
		-0.056489,
		-0.285261,
		1,
	},
	[0.21666666666666667] = {
		0.735734,
		-0.061301,
		0.674491,
		0,
		-0.677153,
		-0.048041,
		0.734272,
		0,
		-0.012608,
		-0.996963,
		-0.076856,
		0,
		-0.326322,
		-0.027741,
		-0.051593,
		1,
	},
	[0.23333333333333334] = {
		0.716556,
		-0.077522,
		0.693208,
		0,
		-0.697167,
		-0.047543,
		0.715331,
		0,
		-0.022497,
		-0.995856,
		-0.088113,
		0,
		-0.338922,
		-0.010862,
		-0.036072,
		1,
	},
	[0.25] = {
		0.680862,
		-0.091036,
		0.726732,
		0,
		-0.730088,
		-0.005379,
		0.683332,
		0,
		-0.058299,
		-0.995833,
		-0.070127,
		0,
		-0.344899,
		0.01494,
		-0.027257,
		1,
	},
	[0.26666666666666666] = {
		0.60883,
		-0.091299,
		0.788029,
		0,
		-0.783685,
		0.084973,
		0.615319,
		0,
		-0.123139,
		-0.992192,
		-0.019815,
		0,
		-0.34715,
		0.078256,
		-0.024953,
		1,
	},
	[0.2833333333333333] = {
		0.506522,
		-0.084793,
		0.858047,
		0,
		-0.831929,
		0.213424,
		0.512195,
		0,
		-0.226559,
		-0.973273,
		0.037562,
		0,
		-0.347455,
		0.183189,
		-0.025841,
		1,
	},
	[0.2] = {
		0.744624,
		-0.048557,
		0.665716,
		0,
		-0.667225,
		-0.026326,
		0.744391,
		0,
		-0.01862,
		-0.998473,
		-0.052002,
		0,
		-0.308533,
		-0.037775,
		-0.072866,
		1,
	},
	[0.31666666666666665] = {
		0.327602,
		-0.132043,
		0.935543,
		0,
		-0.750893,
		0.564592,
		0.34263,
		0,
		-0.573442,
		-0.814739,
		0.085812,
		0,
		-0.322313,
		0.416579,
		-0.023189,
		1,
	},
	[0.3333333333333333] = {
		0.232933,
		-0.200275,
		0.951647,
		0,
		-0.527456,
		0.79611,
		0.296647,
		0,
		-0.817027,
		-0.571051,
		0.079804,
		0,
		-0.252282,
		0.532402,
		-0.01999,
		1,
	},
	[0.35] = {
		0.034702,
		-0.283851,
		0.95824,
		0,
		0.127106,
		0.952285,
		0.277484,
		0,
		-0.991282,
		0.112169,
		0.069126,
		0,
		-0.052405,
		0.612115,
		-0.018955,
		1,
	},
	[0.36666666666666664] = {
		-0.172279,
		-0.225939,
		0.958787,
		0,
		0.742042,
		0.610371,
		0.277168,
		0,
		-0.647838,
		0.75921,
		0.062502,
		0,
		0.193911,
		0.620033,
		-0.018704,
		1,
	},
	[0.38333333333333336] = {
		-0.264135,
		-0.100421,
		0.959244,
		0,
		0.952296,
		0.130472,
		0.27588,
		0,
		-0.152859,
		0.986353,
		0.061168,
		0,
		0.386284,
		0.553715,
		-0.01882,
		1,
	},
	[0.3] = {
		0.409752,
		-0.094223,
		0.907318,
		0,
		-0.828587,
		0.377545,
		0.413404,
		0,
		-0.381505,
		-0.921185,
		0.076628,
		0,
		-0.342766,
		0.295535,
		-0.026081,
		1,
	},
	[0.4166666666666667] = {
		-0.277662,
		0.078103,
		0.957499,
		0,
		0.836019,
		-0.471357,
		0.280882,
		0,
		0.473261,
		0.878478,
		0.065582,
		0,
		0.638585,
		0.333937,
		-0.018413,
		1,
	},
	[0.43333333333333335] = {
		-0.216719,
		0.179898,
		0.959515,
		0,
		0.543786,
		-0.794028,
		0.271692,
		0,
		0.810759,
		0.580652,
		0.074254,
		0,
		0.688506,
		0.208161,
		-0.018847,
		1,
	},
	[0.45] = {
		-0.175667,
		0.178257,
		0.968176,
		0,
		0.42111,
		-0.875343,
		0.237572,
		0,
		0.889836,
		0.449442,
		0.078703,
		0,
		0.715107,
		0.13161,
		-0.028525,
		1,
	},
	[0.4666666666666667] = {
		-0.148078,
		0.150661,
		0.977432,
		0,
		0.347233,
		-0.917488,
		0.194026,
		0,
		0.926014,
		0.368127,
		0.083545,
		0,
		0.733366,
		0.063282,
		-0.051865,
		1,
	},
	[0.48333333333333334] = {
		-0.131283,
		0.105258,
		0.985741,
		0,
		0.318183,
		-0.937265,
		0.142457,
		0,
		0.938895,
		0.332348,
		0.089555,
		0,
		0.744548,
		0.001978,
		-0.086339,
		1,
	},
	[0.4] = {
		-0.280162,
		-0.021359,
		0.959715,
		0,
		0.950077,
		-0.149209,
		0.274027,
		0,
		0.137345,
		0.988575,
		0.062095,
		0,
		0.535986,
		0.459219,
		-0.019068,
		1,
	},
	[0.5166666666666667] = {
		-0.109876,
		-0.020591,
		0.993732,
		0,
		0.363728,
		-0.93127,
		0.02092,
		0,
		0.925002,
		0.363746,
		0.109814,
		0,
		0.748622,
		-0.101429,
		-0.178537,
		1,
	},
	[0.5333333333333333] = {
		-0.095001,
		-0.093692,
		0.991058,
		0,
		0.421024,
		-0.905919,
		-0.045285,
		0,
		0.902061,
		0.412957,
		0.12551,
		0,
		0.742644,
		-0.143799,
		-0.231163,
		1,
	},
	[0.55] = {
		-0.071998,
		-0.167852,
		0.983179,
		0,
		0.488683,
		-0.865251,
		-0.111933,
		0,
		0.869486,
		0.472404,
		0.144323,
		0,
		0.732019,
		-0.180108,
		-0.284755,
		1,
	},
	[0.5666666666666667] = {
		-0.038966,
		-0.237967,
		0.970491,
		0,
		0.556782,
		-0.811655,
		-0.176664,
		0,
		0.829744,
		0.533468,
		0.164123,
		0,
		0.717328,
		-0.210655,
		-0.336832,
		1,
	},
	[0.5833333333333334] = {
		0.00389,
		-0.299043,
		0.954232,
		0,
		0.616141,
		-0.750873,
		-0.237825,
		0,
		0.787626,
		0.588867,
		0.181331,
		0,
		0.699231,
		-0.235891,
		-0.38496,
		1,
	},
	[0.5] = {
		-0.120338,
		0.046968,
		0.991621,
		0,
		0.326461,
		-0.941452,
		0.084209,
		0,
		0.937519,
		0.333859,
		0.097959,
		0,
		0.749433,
		-0.052862,
		-0.129411,
		1,
	},
	[0.6166666666666667] = {
		0.110069,
		-0.379832,
		0.918484,
		0,
		0.680597,
		-0.644654,
		-0.348152,
		0,
		0.724343,
		0.663438,
		0.187556,
		0,
		0.645343,
		-0.268475,
		-0.45085,
		1,
	},
	[0.6333333333333333] = {
		0.167532,
		-0.396479,
		0.902628,
		0,
		0.675297,
		-0.620899,
		-0.398068,
		0,
		0.718267,
		0.676231,
		0.16372,
		0,
		0.620774,
		-0.279644,
		-0.470312,
		1,
	},
	[0.65] = {
		0.230645,
		-0.40053,
		0.88678,
		0,
		0.649486,
		-0.615245,
		-0.446813,
		0,
		0.724549,
		0.679006,
		0.118236,
		0,
		0.597831,
		-0.287181,
		-0.487519,
		1,
	},
	[0.6666666666666666] = {
		0.303819,
		-0.396059,
		0.866505,
		0,
		0.612383,
		-0.615549,
		-0.496071,
		0,
		0.72985,
		0.681349,
		0.055524,
		0,
		0.572185,
		-0.289192,
		-0.507612,
		1,
	},
	[0.6833333333333333] = {
		0.385567,
		-0.384226,
		0.838873,
		0,
		0.563413,
		-0.621947,
		-0.543827,
		0,
		0.730687,
		0.682314,
		-0.023325,
		0,
		0.543096,
		-0.286228,
		-0.530123,
		1,
	},
	[0.6] = {
		0.054562,
		-0.347113,
		0.936235,
		0,
		0.659282,
		-0.691668,
		-0.294861,
		0,
		0.749914,
		0.63333,
		0.191107,
		0,
		0.673994,
		-0.254904,
		-0.423513,
		1,
	},
	[0.7166666666666667] = {
		0.565039,
		-0.343939,
		0.749958,
		0,
		0.43022,
		-0.652792,
		-0.623517,
		0,
		0.704019,
		0.674958,
		-0.220884,
		0,
		0.459289,
		-0.258233,
		-0.557512,
		1,
	},
	[0.7333333333333333] = {
		0.655623,
		-0.318933,
		0.684427,
		0,
		0.348492,
		-0.676303,
		-0.648974,
		0,
		0.669859,
		0.664,
		-0.332254,
		0,
		0.411904,
		-0.237833,
		-0.567737,
		1,
	},
	[0.75] = {
		0.740859,
		-0.293423,
		0.604177,
		0,
		0.260277,
		-0.703823,
		-0.660976,
		0,
		0.61918,
		0.646944,
		-0.445062,
		0,
		0.362599,
		-0.214539,
		-0.575831,
		1,
	},
	[0.7666666666666667] = {
		0.816247,
		-0.26953,
		0.510974,
		0,
		0.169566,
		-0.733755,
		-0.657915,
		0,
		0.552257,
		0.623665,
		-0.553221,
		0,
		0.312491,
		-0.189152,
		-0.581665,
		1,
	},
	[0.7833333333333333] = {
		0.878155,
		-0.249084,
		0.408412,
		0,
		0.080803,
		-0.764246,
		-0.639843,
		0,
		0.471502,
		0.594883,
		-0.651,
		0,
		0.262739,
		-0.162447,
		-0.585267,
		1,
	},
	[0.7] = {
		0.473681,
		-0.36633,
		0.800892,
		0,
		0.50246,
		-0.634449,
		-0.587374,
		0,
		0.723298,
		0.680644,
		-0.116461,
		0,
		0.503712,
		-0.274879,
		-0.545365,
		1,
	},
	[0.8166666666666667] = {
		0.955105,
		-0.222786,
		0.195297,
		0,
		-0.075193,
		-0.81989,
		-0.567562,
		0,
		0.286567,
		0.527396,
		-0.799833,
		0,
		0.168748,
		-0.108226,
		-0.586732,
		1,
	},
	[0.8333333333333334] = {
		0.971481,
		-0.217215,
		0.095087,
		0,
		-0.137386,
		-0.842484,
		-0.520909,
		0,
		0.193258,
		0.49299,
		-0.8483,
		0,
		0.126463,
		-0.082371,
		-0.585378,
		1,
	},
	[0.85] = {
		0.976418,
		-0.215838,
		0.004719,
		0,
		-0.187982,
		-0.860746,
		-0.473053,
		0,
		0.106165,
		0.46101,
		-0.881021,
		0,
		0.088402,
		-0.058545,
		-0.583231,
		1,
	},
	[0.8666666666666667] = {
		0.973307,
		-0.217555,
		-0.073094,
		0,
		-0.227641,
		-0.874622,
		-0.428037,
		0,
		0.029192,
		0.43325,
		-0.900801,
		0,
		0.055237,
		-0.037696,
		-0.580712,
		1,
	},
	[0.8833333333333333] = {
		0.965594,
		-0.221187,
		-0.136763,
		0,
		-0.257708,
		-0.884341,
		-0.389265,
		0,
		-0.034845,
		0.411117,
		-0.910916,
		0,
		0.027575,
		-0.020802,
		-0.578176,
		1,
	},
	[0.8] = {
		0.924508,
		-0.233335,
		0.301395,
		0,
		-0.00185,
		-0.793466,
		-0.608612,
		0,
		0.381157,
		0.562109,
		-0.733998,
		0,
		0.214477,
		-0.135203,
		-0.58684,
		1,
	},
	[0.9166666666666666] = {
		0.94807,
		-0.229705,
		-0.219997,
		0,
		-0.295029,
		-0.893536,
		-0.338453,
		0,
		-0.118831,
		0.385783,
		-0.914905,
		0,
		-0.009562,
		-0.001031,
		-0.574171,
		1,
	},
	[0.9333333333333333] = {
		0.941753,
		-0.232617,
		-0.242879,
		0,
		-0.304788,
		-0.895603,
		-0.324037,
		0,
		-0.142147,
		0.37919,
		-0.914335,
		0,
		-0.020088,
		0.004308,
		-0.572978,
		1,
	},
	[0.95] = {
		0.937777,
		-0.234397,
		-0.256186,
		0,
		-0.310327,
		-0.896757,
		-0.315475,
		0,
		-0.155791,
		0.375347,
		-0.913698,
		0,
		-0.026293,
		0.007475,
		-0.57227,
		1,
	},
	[0.9666666666666667] = {
		0.936083,
		-0.235145,
		-0.261641,
		0,
		-0.312568,
		-0.89722,
		-0.311926,
		0,
		-0.161402,
		0.373769,
		-0.913371,
		0,
		-0.028855,
		0.008787,
		-0.571977,
		1,
	},
	[0.9833333333333333] = {
		0.936367,
		-0.23502,
		-0.260734,
		0,
		-0.312196,
		-0.897143,
		-0.312518,
		0,
		-0.160468,
		0.374031,
		-0.913428,
		0,
		-0.028428,
		0.008569,
		-0.572026,
		1,
	},
	[0.9] = {
		0.956385,
		-0.225657,
		-0.185489,
		0,
		-0.279767,
		-0.89023,
		-0.359475,
		0,
		-0.08401,
		0.39569,
		-0.914534,
		0,
		0.006002,
		-0.008848,
		-0.575917,
		1,
	},
	[1.0166666666666666] = {
		0.94108,
		-0.232921,
		-0.245186,
		0,
		-0.305755,
		-0.895805,
		-0.322563,
		0,
		-0.144507,
		0.378524,
		-0.914241,
		0,
		-0.021159,
		0.004854,
		-0.572856,
		1,
	},
	[1.0333333333333334] = {
		0.944523,
		-0.231354,
		-0.233134,
		0,
		-0.300667,
		-0.894735,
		-0.330225,
		0,
		-0.132194,
		0.382001,
		-0.914659,
		0,
		-0.015583,
		0.002018,
		-0.57349,
		1,
	},
	[1.05] = {
		0.94807,
		-0.229705,
		-0.219997,
		0,
		-0.295029,
		-0.893536,
		-0.338453,
		0,
		-0.118831,
		0.385783,
		-0.914905,
		0,
		-0.009562,
		-0.001031,
		-0.574171,
		1,
	},
	[1.0666666666666667] = {
		0.951327,
		-0.228153,
		-0.207178,
		0,
		-0.289435,
		-0.892334,
		-0.346362,
		0,
		-0.105849,
		0.389468,
		-0.914937,
		0,
		-0.003739,
		-0.003966,
		-0.574827,
		1,
	},
	[1.0833333333333333] = {
		0.953971,
		-0.226863,
		-0.196143,
		0,
		-0.284548,
		-0.891274,
		-0.353076,
		0,
		-0.094717,
		0.392636,
		-0.914804,
		0,
		0.001234,
		-0.006463,
		-0.575385,
		1,
	},
	{
		0.938197,
		-0.234211,
		-0.254818,
		0,
		-0.309762,
		-0.89664,
		-0.316361,
		0,
		-0.154385,
		0.375742,
		-0.913774,
		0,
		-0.025652,
		0.007148,
		-0.572343,
		1,
	},
	[1.1166666666666667] = {
		0.956385,
		-0.225657,
		-0.185489,
		0,
		-0.279767,
		-0.89023,
		-0.359475,
		0,
		-0.08401,
		0.39569,
		-0.914534,
		0,
		0.006002,
		-0.008848,
		-0.575917,
		1,
	},
	[1.1333333333333333] = {
		0.956385,
		-0.225657,
		-0.185489,
		0,
		-0.279767,
		-0.89023,
		-0.359475,
		0,
		-0.08401,
		0.39569,
		-0.914534,
		0,
		0.006002,
		-0.008848,
		-0.575917,
		1,
	},
	[1.1] = {
		0.955738,
		-0.225983,
		-0.188404,
		0,
		-0.281081,
		-0.890518,
		-0.357732,
		0,
		-0.086936,
		0.394855,
		-0.914621,
		0,
		0.0047,
		-0.008198,
		-0.575772,
		1,
	},
}

return spline_matrices
