-- chunkname: @content/characters/player/human/first_person/animations/saw/swing_stab_01.lua

local spline_matrices = {
	[0.016666666666666666] = {
		0.449269,
		-0.75745,
		-0.473738,
		0,
		-0.830866,
		-0.15935,
		-0.53317,
		0,
		0.328359,
		0.633149,
		-0.70093,
		0,
		0.112753,
		-0.17871,
		-0.653032,
		1,
	},
	[0.03333333333333333] = {
		0.360061,
		-0.905272,
		-0.225474,
		0,
		-0.840335,
		-0.209738,
		-0.499848,
		0,
		0.405208,
		0.369449,
		-0.83625,
		0,
		0.138495,
		-0.284896,
		-0.623137,
		1,
	},
	[0.05] = {
		0.094938,
		-0.98592,
		0.137653,
		0,
		-0.912659,
		-0.141424,
		-0.383475,
		0,
		0.397543,
		-0.089224,
		-0.913235,
		0,
		0.171915,
		-0.450811,
		-0.550829,
		1,
	},
	[0.06666666666666667] = {
		-0.254617,
		-0.841756,
		0.476043,
		0,
		-0.956007,
		0.144946,
		-0.255034,
		0,
		0.145676,
		-0.520036,
		-0.84163,
		0,
		0.207055,
		-0.603808,
		-0.452084,
		1,
	},
	[0.08333333333333333] = {
		-0.67523,
		-0.315641,
		0.666659,
		0,
		-0.585374,
		0.779215,
		-0.223968,
		0,
		-0.448778,
		-0.541475,
		-0.710917,
		0,
		0.25956,
		-0.670413,
		-0.351399,
		1,
	},
	[0] = {
		0.458325,
		-0.552935,
		-0.695845,
		0,
		-0.848226,
		-0.038314,
		-0.528247,
		0,
		0.265426,
		0.832343,
		-0.486574,
		0,
		0.091453,
		-0.087615,
		-0.665774,
		1,
	},
	[0.11666666666666667] = {
		-0.346136,
		0.544108,
		0.764288,
		0,
		0.500279,
		0.796206,
		-0.340261,
		0,
		-0.793669,
		0.26458,
		-0.547802,
		0,
		0.34496,
		-0.75714,
		-0.2307,
		1,
	},
	[0.13333333333333333] = {
		-0.154185,
		0.588546,
		0.793625,
		0,
		0.684053,
		0.64318,
		-0.34408,
		0,
		-0.712951,
		0.48983,
		-0.501765,
		0,
		0.362287,
		-0.781625,
		-0.203407,
		1,
	},
	[0.15] = {
		-0.067322,
		0.533873,
		0.84288,
		0,
		0.763037,
		0.571853,
		-0.301262,
		0,
		-0.642839,
		0.622868,
		-0.445863,
		0,
		0.375392,
		-0.797181,
		-0.181135,
		1,
	},
	[0.16666666666666666] = {
		-0.044669,
		0.431907,
		0.900811,
		0,
		0.80281,
		0.552176,
		-0.22494,
		0,
		-0.594559,
		0.713132,
		-0.371405,
		0,
		0.389616,
		-0.797231,
		-0.171566,
		1,
	},
	[0.18333333333333332] = {
		-0.04526,
		0.301762,
		0.952308,
		0,
		0.836516,
		0.532542,
		-0.128993,
		0,
		-0.546069,
		0.790783,
		-0.276532,
		0,
		0.408907,
		-0.793266,
		-0.169028,
		1,
	},
	[0.1] = {
		-0.585724,
		0.331739,
		0.739511,
		0,
		0.157367,
		0.941585,
		-0.297747,
		0,
		-0.795087,
		-0.058023,
		-0.603714,
		0,
		0.317284,
		-0.720914,
		-0.273799,
		1,
	},
	[0.21666666666666667] = {
		-0.055747,
		0.023,
		0.99818,
		0,
		0.888083,
		0.458021,
		0.039045,
		0,
		-0.45629,
		0.888644,
		-0.045959,
		0,
		0.439532,
		-0.644526,
		-0.165766,
		1,
	},
	[0.23333333333333334] = {
		-0.055786,
		-0.080831,
		0.995165,
		0,
		0.904316,
		0.418381,
		0.084676,
		0,
		-0.423202,
		0.904668,
		0.049757,
		0,
		0.440404,
		-0.445179,
		-0.155348,
		1,
	},
	[0.25] = {
		-0.066641,
		-0.101843,
		0.992566,
		0,
		0.891768,
		0.440134,
		0.105034,
		0,
		-0.447559,
		0.892138,
		0.061489,
		0,
		0.339316,
		-0.044754,
		-0.113526,
		1,
	},
	[0.26666666666666666] = {
		-0.079242,
		-0.09305,
		0.992503,
		0,
		0.873347,
		0.47354,
		0.114125,
		0,
		-0.480609,
		0.875843,
		0.043741,
		0,
		0.20013,
		0.352572,
		-0.065312,
		1,
	},
	[0.2833333333333333] = {
		-0.087081,
		-0.093707,
		0.991784,
		0,
		0.8745,
		0.469649,
		0.121157,
		0,
		-0.477144,
		0.877866,
		0.04105,
		0,
		0.135548,
		0.558655,
		-0.048715,
		1,
	},
	[0.2] = {
		-0.058924,
		0.16035,
		0.9853,
		0,
		0.860588,
		0.508341,
		-0.031263,
		0,
		-0.505881,
		0.846096,
		-0.167949,
		0,
		0.427832,
		-0.75009,
		-0.168504,
		1,
	},
	[0.31666666666666665] = {
		-0.117032,
		-0.069578,
		0.990688,
		0,
		0.87348,
		0.467475,
		0.136018,
		0,
		-0.472585,
		0.881264,
		0.006065,
		0,
		0.10983,
		0.624569,
		-0.03636,
		1,
	},
	[0.3333333333333333] = {
		-0.139973,
		-0.055505,
		0.988598,
		0,
		0.868113,
		0.47332,
		0.149489,
		0,
		-0.476221,
		0.87914,
		-0.018067,
		0,
		0.111653,
		0.616043,
		-0.032732,
		1,
	},
	[0.35] = {
		-0.14897,
		-0.060815,
		0.98697,
		0,
		0.863909,
		0.477616,
		0.159825,
		0,
		-0.481112,
		0.876461,
		-0.018612,
		0,
		0.114307,
		0.614089,
		-0.029493,
		1,
	},
	[0.36666666666666664] = {
		-0.158393,
		-0.072383,
		0.984719,
		0,
		0.86194,
		0.476343,
		0.173658,
		0,
		-0.481634,
		0.876275,
		-0.01306,
		0,
		0.117039,
		0.614014,
		-0.027558,
		1,
	},
	[0.38333333333333336] = {
		-0.167554,
		-0.077664,
		0.982799,
		0,
		0.859918,
		0.476029,
		0.184222,
		0,
		-0.482148,
		0.875994,
		-0.012975,
		0,
		0.118913,
		0.614503,
		-0.027294,
		1,
	},
	[0.3] = {
		-0.097424,
		-0.088224,
		0.991325,
		0,
		0.878493,
		0.460479,
		0.127316,
		0,
		-0.467717,
		0.883275,
		0.032642,
		0,
		0.11062,
		0.632603,
		-0.04156,
		1,
	},
	[0.4166666666666667] = {
		-0.184077,
		-0.08496,
		0.979233,
		0,
		0.857279,
		0.473472,
		0.202231,
		0,
		-0.480822,
		0.876702,
		-0.014321,
		0,
		0.122244,
		0.616835,
		-0.028052,
		1,
	},
	[0.43333333333333335] = {
		-0.194179,
		-0.087762,
		0.977032,
		0,
		0.855712,
		0.471828,
		0.212449,
		0,
		-0.479637,
		0.877312,
		-0.01652,
		0,
		0.123947,
		0.61831,
		-0.027844,
		1,
	},
	[0.45] = {
		-0.207314,
		-0.090526,
		0.974077,
		0,
		0.853255,
		0.470311,
		0.225307,
		0,
		-0.478516,
		0.877845,
		-0.02026,
		0,
		0.125834,
		0.619741,
		-0.026828,
		1,
	},
	[0.4666666666666667] = {
		-0.224809,
		-0.093653,
		0.969892,
		0,
		0.849255,
		0.469179,
		0.242151,
		0,
		-0.477731,
		0.878123,
		-0.02594,
		0,
		0.128766,
		0.620931,
		-0.025183,
		1,
	},
	[0.48333333333333334] = {
		-0.245894,
		-0.096812,
		0.96445,
		0,
		0.843669,
		0.46852,
		0.262131,
		0,
		-0.477241,
		0.878132,
		-0.033529,
		0,
		0.132826,
		0.621732,
		-0.023021,
		1,
	},
	[0.4] = {
		-0.175656,
		-0.081726,
		0.981053,
		0,
		0.858514,
		0.474969,
		0.193283,
		0,
		-0.481766,
		0.876199,
		-0.013268,
		0,
		0.120607,
		0.615505,
		-0.027663,
		1,
	},
	[0.5166666666666667] = {
		-0.297233,
		-0.102635,
		0.949273,
		0,
		0.827802,
		0.467745,
		0.309771,
		0,
		-0.475811,
		0.877884,
		-0.054067,
		0,
		0.13742,
		0.621939,
		-0.017461,
		1,
	},
	[0.5333333333333333] = {
		-0.329634,
		-0.106102,
		0.938128,
		0,
		0.816341,
		0.46713,
		0.339673,
		0,
		-0.474267,
		0.8778,
		-0.067367,
		0,
		0.139814,
		0.620942,
		-0.014009,
		1,
	},
	[0.55] = {
		-0.367861,
		-0.110447,
		0.923298,
		0,
		0.801388,
		0.465971,
		0.37503,
		0,
		-0.471652,
		0.877879,
		-0.082902,
		0,
		0.143496,
		0.618154,
		-0.009451,
		1,
	},
	[0.5666666666666667] = {
		-0.421868,
		-0.114705,
		0.899372,
		0,
		0.777602,
		0.464312,
		0.423968,
		0,
		-0.46622,
		0.878212,
		-0.106684,
		0,
		0.149394,
		0.612658,
		-0.003158,
		1,
	},
	[0.5833333333333334] = {
		-0.489527,
		-0.118541,
		0.863893,
		0,
		0.742797,
		0.462247,
		0.484336,
		0,
		-0.456745,
		0.878792,
		-0.138231,
		0,
		0.158266,
		0.603561,
		0.004065,
		1,
	},
	[0.5] = {
		-0.269672,
		-0.099671,
		0.95778,
		0,
		0.836685,
		0.46812,
		0.284291,
		0,
		-0.476692,
		0.878026,
		-0.042846,
		0,
		0.135399,
		0.622048,
		-0.020457,
		1,
	},
	[0.6166666666666667] = {
		-0.602878,
		-0.130245,
		0.787131,
		0,
		0.668694,
		0.455655,
		0.587561,
		0,
		-0.435187,
		0.880576,
		-0.18761,
		0,
		0.193906,
		0.571132,
		0.015043,
		1,
	},
	[0.6333333333333333] = {
		-0.623088,
		-0.140952,
		0.769347,
		0,
		0.651609,
		0.450524,
		0.610274,
		0,
		-0.432628,
		0.881567,
		-0.18887,
		0,
		0.231099,
		0.546034,
		0.016602,
		1,
	},
	[0.65] = {
		-0.615347,
		-0.157169,
		0.772429,
		0,
		0.652566,
		0.448098,
		0.611036,
		0,
		-0.44216,
		0.88006,
		-0.173172,
		0,
		0.278884,
		0.502664,
		0.014629,
		1,
	},
	[0.6666666666666666] = {
		-0.589049,
		-0.177962,
		0.788258,
		0,
		0.663776,
		0.449787,
		0.597572,
		0,
		-0.460893,
		0.875226,
		-0.14682,
		0,
		0.333614,
		0.435492,
		0.007686,
		1,
	},
	[0.6833333333333333] = {
		-0.546727,
		-0.200961,
		0.812837,
		0,
		0.684554,
		0.451728,
		0.572125,
		0,
		-0.482156,
		0.869228,
		-0.109403,
		0,
		0.391902,
		0.353873,
		-0.004845,
		1,
	},
	[0.6] = {
		-0.554517,
		-0.123269,
		0.822992,
		0,
		0.703176,
		0.459477,
		0.542609,
		0,
		-0.445033,
		0.879594,
		-0.168108,
		0,
		0.170899,
		0.590021,
		0.01066,
		1,
	},
	[0.7166666666666667] = {
		-0.424585,
		-0.246862,
		0.871084,
		0,
		0.751571,
		0.440375,
		0.491133,
		0,
		-0.504846,
		0.863208,
		-0.001442,
		0,
		0.505676,
		0.184514,
		-0.041147,
		1,
	},
	[0.7333333333333333] = {
		-0.351001,
		-0.268698,
		0.896995,
		0,
		0.79646,
		0.418063,
		0.436892,
		0,
		-0.492392,
		0.86777,
		0.067266,
		0,
		0.554473,
		0.115374,
		-0.062331,
		1,
	},
	[0.75] = {
		-0.261397,
		-0.300083,
		0.9174,
		0,
		0.854964,
		0.369161,
		0.36436,
		0,
		-0.448006,
		0.879586,
		0.160063,
		0,
		0.596618,
		0.063516,
		-0.085673,
		1,
	},
	[0.7666666666666667] = {
		-0.153819,
		-0.343577,
		0.926442,
		0,
		0.916768,
		0.300152,
		0.263526,
		0,
		-0.368614,
		0.889867,
		0.268811,
		0,
		0.633931,
		0.023128,
		-0.11218,
		1,
	},
	[0.7833333333333333] = {
		-0.040768,
		-0.384827,
		0.922088,
		0,
		0.961593,
		0.235593,
		0.140838,
		0,
		-0.271435,
		0.892415,
		0.360442,
		0,
		0.666152,
		-0.010954,
		-0.140981,
		1,
	},
	[0.7] = {
		-0.490941,
		-0.224276,
		0.84183,
		0,
		0.714055,
		0.449996,
		0.536311,
		0,
		-0.499101,
		0.86441,
		-0.060776,
		0,
		0.450374,
		0.267111,
		-0.021566,
		1,
	},
	[0.8166666666666667] = {
		0.190481,
		-0.402312,
		0.895468,
		0,
		0.975442,
		0.180324,
		-0.126477,
		0,
		-0.110591,
		0.897568,
		0.42678,
		0,
		0.709375,
		-0.074337,
		-0.203391,
		1,
	},
	[0.8333333333333334] = {
		0.321466,
		-0.385081,
		0.865085,
		0,
		0.945869,
		0.173635,
		-0.274194,
		0,
		-0.044623,
		0.906401,
		0.420054,
		0,
		0.710342,
		-0.094785,
		-0.238075,
		1,
	},
	[0.85] = {
		0.458269,
		-0.355181,
		0.814761,
		0,
		0.888723,
		0.170016,
		-0.425754,
		0,
		0.012698,
		0.919207,
		0.393571,
		0,
		0.69484,
		-0.108867,
		-0.272056,
		1,
	},
	[0.8666666666666667] = {
		0.592671,
		-0.314929,
		0.741324,
		0,
		0.803295,
		0.163912,
		-0.572582,
		0,
		0.058811,
		0.934854,
		0.350127,
		0,
		0.661697,
		-0.121114,
		-0.305286,
		1,
	},
	[0.8833333333333333] = {
		0.715611,
		-0.268118,
		0.644991,
		0,
		0.692426,
		0.1508,
		-0.705553,
		0,
		0.091906,
		0.95151,
		0.293566,
		0,
		0.615219,
		-0.130482,
		-0.337749,
		1,
	},
	[0.8] = {
		0.071426,
		-0.405701,
		0.911211,
		0,
		0.980565,
		0.195919,
		0.010367,
		0,
		-0.182729,
		0.892761,
		0.41181,
		0,
		0.69336,
		-0.044019,
		-0.170797,
		1,
	},
	[0.9166666666666666] = {
		0.898077,
		-0.175549,
		0.403286,
		0,
		0.423165,
		0.094803,
		-0.901079,
		0,
		0.119951,
		0.979895,
		0.159427,
		0,
		0.500689,
		-0.138726,
		-0.401376,
		1,
	},
	[0.9333333333333333] = {
		0.951339,
		-0.140561,
		0.274221,
		0,
		0.283782,
		0.052827,
		-0.957432,
		0,
		0.120091,
		0.988662,
		0.090145,
		0,
		0.441897,
		-0.141487,
		-0.433704,
		1,
	},
	[0.95] = {
		0.981275,
		-0.118971,
		0.151475,
		0,
		0.15312,
		0.004757,
		-0.988196,
		0,
		0.116846,
		0.992886,
		0.022884,
		0,
		0.379469,
		-0.143208,
		-0.471006,
		1,
	},
	[0.9666666666666667] = {
		0.992609,
		-0.113693,
		0.042448,
		0,
		0.037388,
		-0.046274,
		-0.998229,
		0,
		0.115456,
		0.992438,
		-0.041682,
		0,
		0.309678,
		-0.143057,
		-0.514872,
		1,
	},
	[0.9833333333333333] = {
		0.991074,
		-0.122647,
		-0.052248,
		0,
		-0.064975,
		-0.102177,
		-0.992642,
		0,
		0.116406,
		0.987177,
		-0.109234,
		0,
		0.23714,
		-0.140656,
		-0.561959,
		1,
	},
	[0.9] = {
		0.819103,
		-0.219799,
		0.529867,
		0,
		0.562662,
		0.127945,
		-0.816726,
		0,
		0.111722,
		0.967119,
		0.228472,
		0,
		0.560003,
		-0.135761,
		-0.369635,
		1,
	},
	[1.0166666666666666] = {
		0.962701,
		-0.169198,
		-0.211138,
		0,
		-0.246795,
		-0.229266,
		-0.941557,
		0,
		0.110903,
		0.958545,
		-0.262471,
		0,
		0.101572,
		-0.12,
		-0.650901,
		1,
	},
	[1.0333333333333334] = {
		0.939374,
		-0.20349,
		-0.275985,
		0,
		-0.327411,
		-0.293183,
		-0.898246,
		0,
		0.10187,
		0.934149,
		-0.342034,
		0,
		0.048057,
		-0.089903,
		-0.685173,
		1,
	},
	[1.05] = {
		0.911918,
		-0.242041,
		-0.331394,
		0,
		-0.400866,
		-0.352584,
		-0.845571,
		0,
		0.087818,
		0.903936,
		-0.418553,
		0,
		0.010213,
		-0.051261,
		-0.707638,
		1,
	},
	[1.0666666666666667] = {
		0.881839,
		-0.281904,
		-0.378008,
		0,
		-0.466481,
		-0.404291,
		-0.78673,
		0,
		0.068958,
		0.870103,
		-0.488022,
		0,
		-0.013021,
		-0.009959,
		-0.714605,
		1,
	},
	[1.0833333333333333] = {
		0.850726,
		-0.319807,
		-0.417119,
		0,
		-0.523573,
		-0.445832,
		-0.72602,
		0,
		0.046222,
		0.836036,
		-0.546724,
		0,
		-0.025248,
		0.028088,
		-0.712204,
		1,
	},
	{
		0.980449,
		-0.141615,
		-0.136619,
		0,
		-0.159385,
		-0.164382,
		-0.973435,
		0,
		0.115395,
		0.976178,
		-0.18374,
		0,
		0.166196,
		-0.135676,
		-0.608568,
		1,
	},
	[1.1166666666666667] = {
		0.798227,
		-0.371766,
		-0.473945,
		0,
		-0.602356,
		-0.491078,
		-0.629293,
		0,
		0.001206,
		0.787802,
		-0.615928,
		0,
		-0.02456,
		0.069817,
		-0.706916,
		1,
	},
	[1.1333333333333333] = {
		0.781189,
		-0.385079,
		-0.491384,
		0,
		-0.624109,
		-0.500907,
		-0.59965,
		0,
		-0.015225,
		0.775117,
		-0.631635,
		0,
		-0.018574,
		0.071294,
		-0.704945,
		1,
	},
	[1.1] = {
		0.820177,
		-0.352364,
		-0.450722,
		0,
		-0.571719,
		-0.475647,
		-0.668504,
		0,
		0.021172,
		0.805977,
		-0.591568,
		0,
		-0.030072,
		0.056925,
		-0.709261,
		1,
	},
}

return spline_matrices
