-- chunkname: @content/characters/player/human/first_person/animations/saw/swing_right_diagonal_pushfollow.lua

local spline_matrices = {
	[0.016666666666666666] = {
		-0.081227,
		-0.161279,
		0.98356,
		0,
		-0.901581,
		0.432595,
		-0.003522,
		0,
		-0.424915,
		-0.887046,
		-0.180545,
		0,
		-0.367732,
		0.078763,
		-0.123297,
		1,
	},
	[0.03333333333333333] = {
		0.309579,
		-0.360576,
		0.879855,
		0,
		-0.933646,
		0.060074,
		0.353124,
		0,
		-0.180185,
		-0.930794,
		-0.318052,
		0,
		-0.421601,
		0.022601,
		-0.078304,
		1,
	},
	[0.05] = {
		0.875629,
		-0.174912,
		0.450198,
		0,
		-0.457508,
		-0.599112,
		0.657078,
		0,
		0.154789,
		-0.781326,
		-0.604623,
		0,
		-0.439326,
		-0.051091,
		-0.024267,
		1,
	},
	[0.06666666666666667] = {
		0.936808,
		0.109546,
		0.332249,
		0,
		-0.143357,
		-0.746108,
		0.650209,
		0,
		0.319121,
		-0.656752,
		-0.683256,
		0,
		-0.442489,
		-0.086199,
		0.009566,
		1,
	},
	[0.08333333333333333] = {
		0.841928,
		0.083256,
		0.533128,
		0,
		-0.430967,
		-0.490777,
		0.757235,
		0,
		0.324691,
		-0.867298,
		-0.377318,
		0,
		-0.463427,
		-0.080375,
		0.047562,
		1,
	},
	[0] = {
		-0.122377,
		-0.036243,
		0.991821,
		0,
		-0.838935,
		0.537731,
		-0.083863,
		0,
		-0.530294,
		-0.842337,
		-0.096212,
		0,
		-0.314145,
		0.129025,
		-0.143907,
		1,
	},
	[0.11666666666666667] = {
		0.674696,
		0.080798,
		0.733659,
		0,
		-0.678624,
		0.458808,
		0.573555,
		0,
		-0.290267,
		-0.884854,
		0.364387,
		0,
		-0.326882,
		0.292269,
		0.083781,
		1,
	},
	[0.13333333333333333] = {
		0.637033,
		-0.010037,
		0.770771,
		0,
		-0.436021,
		0.819886,
		0.371042,
		0,
		-0.635669,
		-0.572439,
		0.517918,
		0,
		-0.205116,
		0.517506,
		0.077242,
		1,
	},
	[0.15] = {
		0.578262,
		-0.011843,
		0.815765,
		0,
		-0.194603,
		0.969031,
		0.152014,
		0,
		-0.792302,
		-0.246655,
		0.558049,
		0,
		-0.089335,
		0.656825,
		0.03281,
		1,
	},
	[0.16666666666666666] = {
		0.549123,
		0.041109,
		0.83473,
		0,
		0.070977,
		0.992887,
		-0.09559,
		0,
		-0.832722,
		0.111737,
		0.542299,
		0,
		0.036547,
		0.738558,
		-0.029672,
		1,
	},
	[0.18333333333333332] = {
		0.523287,
		0.021976,
		0.851873,
		0,
		0.376527,
		0.890827,
		-0.254274,
		0,
		-0.764459,
		0.453812,
		0.457883,
		0,
		0.172666,
		0.745613,
		-0.097788,
		1,
	},
	[0.1] = {
		0.742883,
		0.098163,
		0.662185,
		0,
		-0.662448,
		-0.034603,
		0.748308,
		0,
		0.09637,
		-0.994569,
		0.039322,
		0,
		-0.429923,
		0.046043,
		0.073963,
		1,
	},
	[0.21666666666666667] = {
		0.435283,
		-0.038707,
		0.899461,
		0,
		0.739417,
		0.58533,
		-0.332643,
		0,
		-0.513606,
		0.809871,
		0.283404,
		0,
		0.476697,
		0.602079,
		-0.24646,
		1,
	},
	[0.23333333333333334] = {
		0.401554,
		-0.03294,
		0.915242,
		0,
		0.859033,
		0.360019,
		-0.363935,
		0,
		-0.317517,
		0.932363,
		0.172864,
		0,
		0.64183,
		0.469578,
		-0.310078,
		1,
	},
	[0.25] = {
		0.391212,
		-0.01508,
		0.920176,
		0,
		0.920256,
		0.016222,
		-0.39098,
		0,
		-0.009031,
		0.999755,
		0.020224,
		0,
		0.744646,
		0.372869,
		-0.371529,
		1,
	},
	[0.26666666666666666] = {
		0.388452,
		-0.013679,
		0.921367,
		0,
		0.863891,
		-0.342499,
		-0.369305,
		0,
		0.320619,
		0.939419,
		-0.121227,
		0,
		0.794746,
		0.282859,
		-0.40801,
		1,
	},
	[0.2833333333333333] = {
		0.390894,
		-0.028994,
		0.919979,
		0,
		0.723534,
		-0.608141,
		-0.326592,
		0,
		0.568946,
		0.793299,
		-0.21674,
		0,
		0.783737,
		0.205961,
		-0.420924,
		1,
	},
	[0.2] = {
		0.508077,
		0.001853,
		0.861309,
		0,
		0.603578,
		0.712623,
		-0.357577,
		0,
		-0.614452,
		0.701545,
		0.360949,
		0,
		0.315035,
		0.702703,
		-0.180846,
		1,
	},
	[0.31666666666666665] = {
		0.426642,
		-0.081509,
		0.90074,
		0,
		0.430223,
		-0.857744,
		-0.281397,
		0,
		0.79554,
		0.507575,
		-0.330882,
		0,
		0.691909,
		0.082061,
		-0.444388,
		1,
	},
	[0.3333333333333333] = {
		0.479567,
		-0.109769,
		0.870612,
		0,
		0.300749,
		-0.911494,
		-0.280588,
		0,
		0.824357,
		0.396397,
		-0.404109,
		0,
		0.660574,
		0.024665,
		-0.480424,
		1,
	},
	[0.35] = {
		0.607693,
		-0.14492,
		0.780837,
		0,
		0.102031,
		-0.960815,
		-0.25773,
		0,
		0.78759,
		0.236291,
		-0.569094,
		0,
		0.674775,
		-0.037977,
		-0.568167,
		1,
	},
	[0.36666666666666664] = {
		0.732563,
		-0.222691,
		0.643242,
		0,
		-0.119405,
		-0.97236,
		-0.200646,
		0,
		0.670145,
		0.07018,
		-0.738905,
		0,
		0.685607,
		-0.093159,
		-0.648689,
		1,
	},
	[0.38333333333333336] = {
		0.77684,
		-0.315985,
		0.544676,
		0,
		-0.242886,
		-0.948408,
		-0.203789,
		0,
		0.580969,
		0.026017,
		-0.813509,
		0,
		0.639356,
		-0.131785,
		-0.663508,
		1,
	},
	[0.3] = {
		0.401071,
		-0.053605,
		0.914477,
		0,
		0.567334,
		-0.769251,
		-0.293913,
		0,
		0.719218,
		0.636694,
		-0.278113,
		0,
		0.740834,
		0.140344,
		-0.428559,
		1,
	},
	[0.4166666666666667] = {
		0.798731,
		-0.439756,
		0.410663,
		0,
		-0.406071,
		-0.897621,
		-0.171413,
		0,
		0.444,
		-0.029845,
		-0.895529,
		0,
		0.529977,
		-0.183857,
		-0.676936,
		1,
	},
	[0.43333333333333335] = {
		0.801763,
		-0.469433,
		0.369876,
		0,
		-0.453825,
		-0.880914,
		-0.134287,
		0,
		0.388868,
		-0.060193,
		-0.919325,
		0,
		0.479791,
		-0.191402,
		-0.678427,
		1,
	},
	[0.45] = {
		0.809018,
		-0.495212,
		0.31663,
		0,
		-0.475836,
		-0.868028,
		-0.1418,
		0,
		0.345065,
		-0.035945,
		-0.93789,
		0,
		0.430927,
		-0.185402,
		-0.674859,
		1,
	},
	[0.4666666666666667] = {
		0.817135,
		-0.516192,
		0.256584,
		0,
		-0.489058,
		-0.856418,
		-0.165438,
		0,
		0.305141,
		0.009701,
		-0.952257,
		0,
		0.380281,
		-0.172876,
		-0.668877,
		1,
	},
	[0.48333333333333334] = {
		0.82573,
		-0.530768,
		0.190932,
		0,
		-0.495931,
		-0.844404,
		-0.202568,
		0,
		0.26874,
		0.072577,
		-0.960474,
		0,
		0.328752,
		-0.155011,
		-0.660937,
		1,
	},
	[0.4] = {
		0.793976,
		-0.394164,
		0.462857,
		0,
		-0.328878,
		-0.918798,
		-0.218286,
		0,
		0.511313,
		0.02109,
		-0.859135,
		0,
		0.582524,
		-0.162948,
		-0.671473,
		1,
	},
	[0.5166666666666667] = {
		0.842623,
		-0.536094,
		0.050891,
		0,
		-0.498092,
		-0.81182,
		-0.304717,
		0,
		0.204671,
		0.231413,
		-0.951082,
		0,
		0.226749,
		-0.108017,
		-0.640982,
		1,
	},
	[0.5333333333333333] = {
		0.850044,
		-0.526396,
		-0.018227,
		0,
		-0.496297,
		-0.788892,
		-0.362407,
		0,
		0.176391,
		0.317108,
		-0.931841,
		0,
		0.178165,
		-0.081339,
		-0.629872,
		1,
	},
	[0.55] = {
		0.856267,
		-0.509815,
		-0.08303,
		0,
		-0.494106,
		-0.761589,
		-0.419335,
		0,
		0.150549,
		0.400089,
		-0.904026,
		0,
		0.132471,
		-0.054246,
		-0.618637,
		1,
	},
	[0.5666666666666667] = {
		0.86097,
		-0.488701,
		-0.141073,
		0,
		-0.492491,
		-0.731544,
		-0.471483,
		0,
		0.127213,
		0.475411,
		-0.870518,
		0,
		0.090529,
		-0.02835,
		-0.607787,
		1,
	},
	[0.5833333333333334] = {
		0.863887,
		-0.46621,
		-0.190648,
		0,
		-0.492282,
		-0.701426,
		-0.515422,
		0,
		0.10657,
		0.539119,
		-0.835459,
		0,
		0.053193,
		-0.005295,
		-0.597891,
		1,
	},
	[0.5] = {
		0.834375,
		-0.537628,
		0.121546,
		0,
		-0.49841,
		-0.830066,
		-0.250158,
		0,
		0.235383,
		0.148146,
		-0.960545,
		0,
		0.277261,
		-0.13299,
		-0.651489,
		1,
	},
	[0.6166666666666667] = {
		0.863703,
		-0.430852,
		-0.261504,
		0,
		-0.498438,
		-0.653315,
		-0.569859,
		0,
		0.07468,
		0.622532,
		-0.779022,
		0,
		-0.003864,
		0.026796,
		-0.583383,
		1,
	},
	[0.6333333333333333] = {
		0.861474,
		-0.420858,
		-0.284149,
		0,
		-0.503785,
		-0.638102,
		-0.582259,
		0,
		0.063733,
		0.644752,
		-0.76173,
		0,
		-0.023204,
		0.035647,
		-0.579022,
		1,
	},
	[0.65] = {
		0.859437,
		-0.413159,
		-0.301109,
		0,
		-0.508193,
		-0.626202,
		-0.591279,
		0,
		0.055737,
		0.661189,
		-0.748146,
		0,
		-0.038067,
		0.042341,
		-0.575659,
		1,
	},
	[0.6666666666666666] = {
		0.857707,
		-0.407791,
		-0.313122,
		0,
		-0.511671,
		-0.617427,
		-0.597475,
		0,
		0.050315,
		0.672674,
		-0.738226,
		0,
		-0.048867,
		0.047074,
		-0.573216,
		1,
	},
	[0.6833333333333333] = {
		0.856336,
		-0.404667,
		-0.320833,
		0,
		-0.514264,
		-0.611529,
		-0.601302,
		0,
		0.047128,
		0.67991,
		-0.73178,
		0,
		-0.056017,
		0.050042,
		-0.57161,
		1,
	},
	[0.6] = {
		0.86485,
		-0.445782,
		-0.230895,
		0,
		-0.494085,
		-0.674297,
		-0.54882,
		0,
		0.088963,
		0.588729,
		-0.80342,
		0,
		0.021414,
		0.013546,
		-0.589552,
		1,
	},
	[0.7166666666666667] = {
		0.854669,
		-0.404392,
		-0.325588,
		0,
		-0.517109,
		-0.607202,
		-0.603245,
		0,
		0.046249,
		0.68394,
		-0.728071,
		0,
		-0.061016,
		0.051446,
		-0.570531,
		1,
	},
	[0.7333333333333333] = {
		0.854305,
		-0.406734,
		-0.323621,
		0,
		-0.51755,
		-0.608139,
		-0.601921,
		0,
		0.048015,
		0.681715,
		-0.730041,
		0,
		-0.059686,
		0.050266,
		-0.570866,
		1,
	},
	[0.75] = {
		0.854183,
		-0.41034,
		-0.319363,
		0,
		-0.517474,
		-0.610704,
		-0.599384,
		0,
		0.050915,
		0.677246,
		-0.733992,
		0,
		-0.056349,
		0.04809,
		-0.571651,
		1,
	},
	[0.7666666666666667] = {
		0.854241,
		-0.414903,
		-0.313252,
		0,
		-0.516989,
		-0.614558,
		-0.595852,
		0,
		0.054709,
		0.67095,
		-0.739481,
		0,
		-0.051412,
		0.045115,
		-0.572791,
		1,
	},
	[0.7833333333333333] = {
		0.854422,
		-0.420115,
		-0.305722,
		0,
		-0.5162,
		-0.619366,
		-0.591543,
		0,
		0.059162,
		0.663242,
		-0.746063,
		0,
		-0.045281,
		0.041541,
		-0.574187,
		1,
	},
	[0.7] = {
		0.855331,
		-0.403611,
		-0.324817,
		0,
		-0.516047,
		-0.608224,
		-0.603124,
		0,
		0.045866,
		0.683492,
		-0.728515,
		0,
		-0.05993,
		0.051435,
		-0.570746,
		1,
	},
	[0.8166666666666667] = {
		0.854938,
		-0.431296,
		-0.288208,
		0,
		-0.514108,
		-0.630502,
		-0.581516,
		0,
		0.06909,
		0.645331,
		-0.760772,
		0,
		-0.031059,
		0.033416,
		-0.577373,
		1,
	},
	[0.8333333333333334] = {
		0.855192,
		-0.43671,
		-0.27916,
		0,
		-0.512989,
		-0.636176,
		-0.5763,
		0,
		0.074081,
		0.636054,
		-0.76808,
		0,
		-0.023774,
		0.029283,
		-0.578982,
		1,
	},
	[0.85] = {
		0.855407,
		-0.441667,
		-0.270571,
		0,
		-0.511933,
		-0.641499,
		-0.571318,
		0,
		0.078762,
		0.627224,
		-0.774846,
		0,
		-0.016909,
		0.025389,
		-0.580485,
		1,
	},
	[0.8666666666666667] = {
		0.855567,
		-0.445939,
		-0.262951,
		0,
		-0.511014,
		-0.646163,
		-0.566867,
		0,
		0.082879,
		0.619364,
		-0.780717,
		0,
		-0.010867,
		0.02195,
		-0.581798,
		1,
	},
	[0.8833333333333333] = {
		0.855665,
		-0.449312,
		-0.25682,
		0,
		-0.510304,
		-0.649868,
		-0.563259,
		0,
		0.08618,
		0.613018,
		-0.785355,
		0,
		-0.006048,
		0.019185,
		-0.582838,
		1,
	},
	[0.8] = {
		0.854669,
		-0.425675,
		-0.297222,
		0,
		-0.515208,
		-0.62479,
		-0.586683,
		0,
		0.064035,
		0.654552,
		-0.7533,
		0,
		-0.038362,
		0.037572,
		-0.575745,
		1,
	},
	[0.9166666666666666] = {
		0.855656,
		-0.452534,
		-0.251129,
		0,
		-0.509782,
		-0.653221,
		-0.559843,
		0,
		0.089306,
		0.607055,
		-0.789626,
		0,
		-0.00168,
		0.016553,
		-0.583774,
		1,
	},
	[0.9333333333333333] = {
		0.855615,
		-0.452649,
		-0.25106,
		0,
		-0.509836,
		-0.653234,
		-0.559778,
		0,
		0.089382,
		0.606955,
		-0.789694,
		0,
		-0.001667,
		0.016486,
		-0.583776,
		1,
	},
	[0.9] = {
		0.855696,
		-0.451579,
		-0.252706,
		0,
		-0.509871,
		-0.65232,
		-0.560812,
		0,
		0.088406,
		0.608733,
		-0.788434,
		0,
		-0.002852,
		0.017313,
		-0.583524,
		1,
	},
}

return spline_matrices
