-- chunkname: @content/characters/player/human/first_person/animations/saw/swing_left_diagonal.lua

local spline_matrices = {
	[0.016666666666666666] = {
		0.701919,
		-0.604804,
		-0.376194,
		0,
		-0.687787,
		-0.438294,
		-0.57866,
		0,
		0.185092,
		0.664914,
		-0.723623,
		0,
		0.029044,
		0.001649,
		-0.576137,
		1,
	},
	[0.03333333333333333] = {
		0.667528,
		-0.659093,
		-0.346414,
		0,
		-0.689754,
		-0.372144,
		-0.621086,
		0,
		0.280438,
		0.653533,
		-0.703029,
		0,
		0.052996,
		-0.013098,
		-0.576888,
		1,
	},
	[0.05] = {
		0.507415,
		-0.825902,
		-0.245796,
		0,
		-0.633666,
		-0.164332,
		-0.755951,
		0,
		0.58395,
		0.539334,
		-0.606731,
		0,
		0.125145,
		-0.055452,
		-0.583632,
		1,
	},
	[0.06666666666666667] = {
		0.261203,
		-0.944942,
		-0.197122,
		0,
		-0.475242,
		0.051858,
		-0.878325,
		0,
		0.840189,
		0.323102,
		-0.435531,
		0,
		0.204798,
		-0.101172,
		-0.587042,
		1,
	},
	[0.08333333333333333] = {
		-0.080904,
		-0.973977,
		-0.211715,
		0,
		-0.169259,
		0.222751,
		-0.960069,
		0,
		0.982245,
		-0.041839,
		-0.182876,
		0,
		0.293049,
		-0.154537,
		-0.58385,
		1,
	},
	[0] = {
		0.744952,
		-0.509397,
		-0.430768,
		0,
		-0.666714,
		-0.546006,
		-0.507317,
		0,
		0.023224,
		0.665126,
		-0.74637,
		0,
		-0.009403,
		0.025891,
		-0.574465,
		1,
	},
	[0.11666666666666667] = {
		-0.563409,
		-0.675341,
		-0.475904,
		0,
		0.489728,
		0.190927,
		-0.850714,
		0,
		0.665385,
		-0.712363,
		0.223163,
		0,
		0.446404,
		-0.275081,
		-0.541353,
		1,
	},
	[0.13333333333333333] = {
		-0.608812,
		-0.476418,
		-0.63433,
		0,
		0.693339,
		0.069034,
		-0.717297,
		0,
		0.385523,
		-0.876505,
		0.28829,
		0,
		0.499659,
		-0.323524,
		-0.499229,
		1,
	},
	[0.15] = {
		-0.566032,
		-0.35208,
		-0.745418,
		0,
		0.79672,
		-0.001356,
		-0.604347,
		0,
		0.211768,
		-0.935969,
		0.281277,
		0,
		0.536584,
		-0.34425,
		-0.435134,
		1,
	},
	[0.16666666666666666] = {
		-0.488044,
		-0.264972,
		-0.831626,
		0,
		0.866492,
		-0.032577,
		-0.498126,
		0,
		0.104898,
		-0.963706,
		0.245495,
		0,
		0.564205,
		-0.350089,
		-0.348594,
		1,
	},
	[0.18333333333333332] = {
		-0.384513,
		-0.187094,
		-0.903961,
		0,
		0.922613,
		-0.045453,
		-0.38304,
		0,
		0.030577,
		-0.98129,
		0.190093,
		0,
		0.584705,
		-0.353997,
		-0.223283,
		1,
	},
	[0.1] = {
		-0.389394,
		-0.863496,
		-0.320542,
		0,
		0.193386,
		0.263608,
		-0.945046,
		0,
		0.900541,
		-0.429983,
		0.06434,
		0,
		0.376869,
		-0.215417,
		-0.567572,
		1,
	},
	[0.21666666666666667] = {
		-0.14377,
		-0.055726,
		-0.988041,
		0,
		0.989584,
		-0.000701,
		-0.143955,
		0,
		0.00733,
		-0.998446,
		0.055247,
		0,
		0.601096,
		-0.321482,
		-0.015062,
		1,
	},
	[0.23333333333333334] = {
		-0.026202,
		0.006078,
		-0.999638,
		0,
		0.99672,
		0.076746,
		-0.025659,
		0,
		0.076563,
		-0.997032,
		-0.008069,
		0,
		0.592452,
		-0.269153,
		0.048679,
		1,
	},
	[0.25] = {
		0.077946,
		0.075748,
		-0.994076,
		0,
		0.982358,
		0.164183,
		0.089538,
		0,
		0.169992,
		-0.983517,
		-0.061614,
		0,
		0.570103,
		-0.184724,
		0.09615,
		1,
	},
	[0.26666666666666666] = {
		0.19238,
		0.101129,
		-0.976096,
		0,
		0.930504,
		0.297136,
		0.214179,
		0,
		0.311693,
		-0.949465,
		-0.036938,
		0,
		0.526161,
		-0.032717,
		0.12898,
		1,
	},
	[0.2833333333333333] = {
		0.392413,
		0.056608,
		-0.918046,
		0,
		0.781665,
		0.505533,
		0.365289,
		0,
		0.484781,
		-0.860948,
		0.154129,
		0,
		0.453764,
		0.282452,
		0.157995,
		1,
	},
	[0.2] = {
		-0.265306,
		-0.120264,
		-0.956634,
		0,
		0.964153,
		-0.037822,
		-0.262637,
		0,
		-0.004596,
		-0.992021,
		0.125987,
		0,
		0.597212,
		-0.344925,
		-0.098898,
		1,
	},
	[0.31666666666666665] = {
		0.709658,
		0.110048,
		-0.695898,
		0,
		-0.04279,
		0.992635,
		0.113338,
		0,
		0.703245,
		-0.050654,
		0.709141,
		0,
		0.158685,
		0.691399,
		0.040374,
		1,
	},
	[0.3333333333333333] = {
		0.770065,
		0.066774,
		-0.634461,
		0,
		-0.568211,
		0.523959,
		-0.634511,
		0,
		0.290062,
		0.849122,
		0.441424,
		0,
		-0.046509,
		0.687562,
		-0.118534,
		1,
	},
	[0.35] = {
		0.799801,
		0.160484,
		-0.578415,
		0,
		-0.585838,
		-0.001304,
		-0.810427,
		0,
		-0.130815,
		0.987038,
		0.092975,
		0,
		-0.168918,
		0.64037,
		-0.231997,
		1,
	},
	[0.36666666666666664] = {
		0.779645,
		0.239983,
		-0.578413,
		0,
		-0.437738,
		-0.451662,
		-0.777423,
		0,
		-0.447815,
		0.859308,
		-0.247087,
		0,
		-0.281797,
		0.558831,
		-0.363007,
		1,
	},
	[0.38333333333333336] = {
		0.720903,
		0.338528,
		-0.604729,
		0,
		-0.225372,
		-0.710638,
		-0.666484,
		0,
		-0.655367,
		0.61676,
		-0.436006,
		0,
		-0.393789,
		0.434814,
		-0.47594,
		1,
	},
	[0.3] = {
		0.623605,
		0.027127,
		-0.781269,
		0,
		0.542266,
		0.704853,
		0.457308,
		0,
		0.563085,
		-0.708835,
		0.42484,
		0,
		0.36224,
		0.53128,
		0.184724,
		1,
	},
	[0.4166666666666667] = {
		0.518472,
		0.470337,
		-0.714121,
		0,
		0.460486,
		-0.857273,
		-0.230294,
		0,
		-0.720513,
		-0.209442,
		-0.661056,
		0,
		-0.473928,
		0.249278,
		-0.459189,
		1,
	},
	[0.43333333333333335] = {
		0.4575,
		0.400668,
		-0.793826,
		0,
		0.691031,
		-0.722033,
		0.033825,
		0,
		-0.559616,
		-0.564033,
		-0.607204,
		0,
		-0.482646,
		0.194133,
		-0.356451,
		1,
	},
	[0.45] = {
		0.444076,
		0.364157,
		-0.818649,
		0,
		0.339103,
		-0.914025,
		-0.222637,
		0,
		-0.82934,
		-0.178739,
		-0.529384,
		0,
		-0.489676,
		0.044741,
		-0.358066,
		1,
	},
	[0.4666666666666667] = {
		0.420297,
		0.385505,
		-0.821424,
		0,
		-0.225504,
		-0.832485,
		-0.506079,
		0,
		-0.878919,
		0.397938,
		-0.262958,
		0,
		-0.483706,
		-0.081885,
		-0.380787,
		1,
	},
	[0.48333333333333334] = {
		0.403414,
		0.4662,
		-0.787347,
		0,
		-0.430773,
		-0.662387,
		-0.612926,
		0,
		-0.807274,
		0.586431,
		-0.06639,
		0,
		-0.471272,
		-0.124508,
		-0.392121,
		1,
	},
	[0.4] = {
		0.641376,
		0.435551,
		-0.631611,
		0,
		-0.001703,
		-0.822429,
		-0.568865,
		0,
		-0.767225,
		0.365932,
		-0.526744,
		0,
		-0.465109,
		0.316966,
		-0.546317,
		1,
	},
	[0.5166666666666667] = {
		0.353188,
		0.682887,
		-0.639472,
		0,
		-0.458599,
		-0.469397,
		-0.754555,
		0,
		-0.815442,
		0.559761,
		0.147386,
		0,
		-0.434141,
		-0.172995,
		-0.423418,
		1,
	},
	[0.5333333333333333] = {
		0.302858,
		0.780669,
		-0.546657,
		0,
		-0.319623,
		-0.457175,
		-0.829959,
		0,
		-0.897841,
		0.426084,
		0.111061,
		0,
		-0.409284,
		-0.198155,
		-0.448419,
		1,
	},
	[0.55] = {
		0.230728,
		0.856165,
		-0.462328,
		0,
		-0.126599,
		-0.444694,
		-0.88669,
		0,
		-0.964747,
		0.263114,
		0.005786,
		0,
		-0.381409,
		-0.217245,
		-0.475358,
		1,
	},
	[0.5666666666666667] = {
		0.159539,
		0.902585,
		-0.399859,
		0,
		0.04943,
		-0.411842,
		-0.909913,
		0,
		-0.985953,
		0.125402,
		-0.11032,
		0,
		-0.353409,
		-0.229591,
		-0.497943,
		1,
	},
	[0.5833333333333334] = {
		0.137514,
		0.92111,
		-0.364206,
		0,
		0.167547,
		-0.384032,
		-0.907991,
		0,
		-0.976226,
		0.06384,
		-0.20714,
		0,
		-0.32905,
		-0.235809,
		-0.514497,
		1,
	},
	[0.5] = {
		0.384098,
		0.572815,
		-0.724122,
		0,
		-0.493277,
		-0.535658,
		-0.685382,
		0,
		-0.780478,
		0.620446,
		0.076811,
		0,
		-0.455067,
		-0.144142,
		-0.405272,
		1,
	},
	[0.6166666666666667] = {
		0.146114,
		0.929576,
		-0.338435,
		0,
		0.266974,
		-0.366466,
		-0.891307,
		0,
		-0.952563,
		0.039879,
		-0.301719,
		0,
		-0.28779,
		-0.23704,
		-0.536357,
		1,
	},
	[0.6333333333333333] = {
		0.166262,
		0.925218,
		-0.34107,
		0,
		0.266849,
		-0.375195,
		-0.887705,
		0,
		-0.949288,
		0.056577,
		-0.309274,
		0,
		-0.269765,
		-0.233572,
		-0.543667,
		1,
	},
	[0.65] = {
		0.201255,
		0.917552,
		-0.34292,
		0,
		0.266869,
		-0.388201,
		-0.882089,
		0,
		-0.942485,
		0.086009,
		-0.322994,
		0,
		-0.25178,
		-0.228272,
		-0.550334,
		1,
	},
	[0.6666666666666666] = {
		0.250823,
		0.901569,
		-0.352507,
		0,
		0.259638,
		-0.41346,
		-0.872719,
		0,
		-0.932564,
		0.127373,
		-0.337787,
		0,
		-0.234325,
		-0.221459,
		-0.555706,
		1,
	},
	[0.6833333333333333] = {
		0.316551,
		0.868824,
		-0.38071,
		0,
		0.24491,
		-0.462599,
		-0.852069,
		0,
		-0.916414,
		0.176484,
		-0.35922,
		0,
		-0.217495,
		-0.213873,
		-0.559189,
		1,
	},
	[0.6] = {
		0.139897,
		0.92844,
		-0.344133,
		0,
		0.242823,
		-0.369107,
		-0.897105,
		0,
		-0.95993,
		0.041939,
		-0.277084,
		0,
		-0.307198,
		-0.238052,
		-0.527063,
		1,
	},
	[0.7166666666666667] = {
		0.467378,
		0.781091,
		-0.414072,
		0,
		0.183775,
		-0.543986,
		-0.818722,
		0,
		-0.864745,
		0.306557,
		-0.397792,
		0,
		-0.185801,
		-0.192353,
		-0.565141,
		1,
	},
	[0.7333333333333333] = {
		0.546623,
		0.723821,
		-0.421055,
		0,
		0.1393,
		-0.574419,
		-0.806621,
		0,
		-0.825711,
		0.382265,
		-0.414819,
		0,
		-0.170772,
		-0.17873,
		-0.567732,
		1,
	},
	[0.75] = {
		0.62826,
		0.638341,
		-0.444759,
		0,
		0.084809,
		-0.624451,
		-0.776446,
		0,
		-0.773367,
		0.45009,
		-0.446455,
		0,
		-0.156364,
		-0.164817,
		-0.568518,
		1,
	},
	[0.7666666666666667] = {
		0.701837,
		0.534592,
		-0.470784,
		0,
		0.015153,
		-0.671954,
		-0.740438,
		0,
		-0.712177,
		0.512533,
		-0.479702,
		0,
		-0.142772,
		-0.14969,
		-0.568473,
		1,
	},
	[0.7833333333333333] = {
		0.75584,
		0.421531,
		-0.501017,
		0,
		-0.077826,
		-0.701931,
		-0.70798,
		0,
		-0.650115,
		0.574112,
		-0.497742,
		0,
		-0.130416,
		-0.132796,
		-0.567843,
		1,
	},
	[0.7] = {
		0.391008,
		0.825023,
		-0.407982,
		0,
		0.219481,
		-0.514065,
		-0.829195,
		0,
		-0.893835,
		0.234677,
		-0.382081,
		0,
		-0.201363,
		-0.204521,
		-0.561873,
		1,
	},
	[0.8166666666666667] = {
		0.851661,
		0.178149,
		-0.492887,
		0,
		-0.22926,
		-0.719064,
		-0.656038,
		0,
		-0.47129,
		0.671721,
		-0.571556,
		0,
		-0.103659,
		-0.095868,
		-0.569279,
		1,
	},
	[0.8333333333333334] = {
		0.884042,
		0.054131,
		-0.464262,
		0,
		-0.29084,
		-0.713851,
		-0.637046,
		0,
		-0.365898,
		0.698202,
		-0.615331,
		0,
		-0.089579,
		-0.077079,
		-0.570974,
		1,
	},
	[0.85] = {
		0.865088,
		-0.062689,
		-0.497688,
		0,
		-0.396526,
		-0.693136,
		-0.601938,
		0,
		-0.307231,
		0.718075,
		-0.624482,
		0,
		-0.078792,
		-0.058387,
		-0.569015,
		1,
	},
	[0.8666666666666667] = {
		0.840578,
		-0.178215,
		-0.511535,
		0,
		-0.485925,
		-0.665401,
		-0.566673,
		0,
		-0.239387,
		0.7249,
		-0.645921,
		0,
		-0.066682,
		-0.039443,
		-0.56788,
		1,
	},
	[0.8833333333333333] = {
		0.828541,
		-0.265169,
		-0.493159,
		0,
		-0.533859,
		-0.639723,
		-0.552945,
		0,
		-0.168861,
		0.721415,
		-0.6716,
		0,
		-0.054103,
		-0.023296,
		-0.569046,
		1,
	},
	[0.8] = {
		0.799717,
		0.301286,
		-0.519307,
		0,
		-0.169763,
		-0.716191,
		-0.676942,
		0,
		-0.575877,
		0.629521,
		-0.521603,
		0,
		-0.117937,
		-0.114611,
		-0.567458,
		1,
	},
	[0.9166666666666666] = {
		0.789417,
		-0.411506,
		-0.455504,
		0,
		-0.611682,
		-0.589736,
		-0.527311,
		0,
		-0.051636,
		0.694892,
		-0.717258,
		0,
		-0.030033,
		0.005402,
		-0.571632,
		1,
	},
	[0.9333333333333333] = {
		0.766323,
		-0.470639,
		-0.437319,
		0,
		-0.642435,
		-0.566677,
		-0.515901,
		0,
		-0.005016,
		0.676296,
		-0.736613,
		0,
		-0.0187,
		0.017961,
		-0.57303,
		1,
	},
	[0.95] = {
		0.750939,
		-0.500141,
		-0.431218,
		0,
		-0.660123,
		-0.550623,
		-0.510933,
		0,
		0.0181,
		0.668336,
		-0.743639,
		0,
		-0.01145,
		0.024794,
		-0.574301,
		1,
	},
	[0.9] = {
		0.808766,
		-0.350955,
		-0.471941,
		0,
		-0.579655,
		-0.6114,
		-0.538693,
		0,
		-0.099487,
		0.70924,
		-0.697912,
		0,
		-0.041232,
		-0.007138,
		-0.570306,
		1,
	},
}

return spline_matrices
