-- chunkname: @content/characters/player/human/first_person/animations/saw/swing_down_left.lua

local spline_matrices = {
	[0.016666666666666666] = {
		0.750704,
		-0.568673,
		-0.336236,
		0,
		-0.620406,
		-0.431948,
		-0.654613,
		0,
		0.227024,
		0.700023,
		-0.677073,
		0,
		-0.070998,
		0.142757,
		-0.637186,
		1,
	},
	[0.03333333333333333] = {
		0.819085,
		-0.541609,
		-0.189104,
		0,
		-0.512261,
		-0.542134,
		-0.666093,
		0,
		0.258243,
		0.642457,
		-0.721498,
		0,
		-0.004618,
		0.142695,
		-0.621025,
		1,
	},
	[0.05] = {
		0.899425,
		-0.434156,
		-0.050424,
		0,
		-0.408071,
		-0.792808,
		-0.452697,
		0,
		0.156565,
		0.427743,
		-0.890238,
		0,
		0.073519,
		0.128721,
		-0.582447,
		1,
	},
	[0.06666666666666667] = {
		0.977545,
		-0.210642,
		-0.006026,
		0,
		-0.209849,
		-0.975678,
		0.063375,
		0,
		-0.019229,
		-0.060687,
		-0.997972,
		0,
		0.162111,
		0.109636,
		-0.513335,
		1,
	},
	[0.08333333333333333] = {
		0.989568,
		0.009658,
		-0.14374,
		0,
		0.100196,
		-0.763052,
		0.638524,
		0,
		-0.103515,
		-0.646265,
		-0.75606,
		0,
		0.258546,
		0.112001,
		-0.423117,
		1,
	},
	[0] = {
		0.669101,
		-0.571096,
		-0.475556,
		0,
		-0.742914,
		-0.497146,
		-0.448246,
		0,
		0.01957,
		0.653219,
		-0.756916,
		0,
		-0.117497,
		0.130029,
		-0.63034,
		1,
	},
	[0.11666666666666667] = {
		0.887351,
		0.06261,
		-0.456823,
		0,
		0.455101,
		0.040281,
		0.889528,
		0,
		0.074095,
		-0.997225,
		0.007249,
		0,
		0.401856,
		0.162793,
		-0.287284,
		1,
	},
	[0.13333333333333333] = {
		0.860367,
		0.048542,
		-0.507357,
		0,
		0.483577,
		0.236707,
		0.842688,
		0,
		0.161001,
		-0.970368,
		0.180181,
		0,
		0.423829,
		0.177259,
		-0.241155,
		1,
	},
	[0.15] = {
		0.852065,
		0.045668,
		-0.521439,
		0,
		0.480401,
		0.327337,
		0.813674,
		0,
		0.207846,
		-0.943803,
		0.256974,
		0,
		0.420716,
		0.183166,
		-0.195755,
		1,
	},
	[0.16666666666666666] = {
		0.854372,
		0.034701,
		-0.518502,
		0,
		0.47449,
		0.354788,
		0.805596,
		0,
		0.211913,
		-0.934303,
		0.286656,
		0,
		0.408853,
		0.184695,
		-0.143973,
		1,
	},
	[0.18333333333333332] = {
		0.863732,
		0.018612,
		-0.503608,
		0,
		0.467886,
		0.341627,
		0.815091,
		0,
		0.187217,
		-0.939651,
		0.286366,
		0,
		0.389845,
		0.18332,
		-0.087527,
		1,
	},
	[0.1] = {
		0.938315,
		0.079545,
		-0.336508,
		0,
		0.344062,
		-0.311706,
		0.885698,
		0,
		-0.034438,
		-0.946843,
		-0.319847,
		0,
		0.344178,
		0.137664,
		-0.345248,
		1,
	},
	[0.21666666666666667] = {
		0.891214,
		-0.02686,
		-0.452786,
		0,
		0.443504,
		0.260863,
		0.85747,
		0,
		0.095083,
		-0.965002,
		0.244398,
		0,
		0.335176,
		0.177378,
		0.030236,
		1,
	},
	[0.23333333333333334] = {
		0.904944,
		-0.054219,
		-0.422062,
		0,
		0.423193,
		0.218503,
		0.879298,
		0,
		0.044548,
		-0.974329,
		0.220678,
		0,
		0.301977,
		0.175191,
		0.087443,
		1,
	},
	[0.25] = {
		0.917117,
		-0.082219,
		-0.390047,
		0,
		0.398619,
		0.189011,
		0.897429,
		0,
		-6.2e-05,
		-0.978527,
		0.206119,
		0,
		0.266667,
		0.1745,
		0.14111,
		1,
	},
	[0.26666666666666666] = {
		0.927587,
		-0.108455,
		-0.35752,
		0,
		0.37212,
		0.182858,
		0.909995,
		0,
		-0.033318,
		-0.977139,
		0.209975,
		0,
		0.230656,
		0.175667,
		0.189498,
		1,
	},
	[0.2833333333333333] = {
		0.936855,
		-0.129978,
		-0.324668,
		0,
		0.346116,
		0.21168,
		0.914,
		0,
		-0.050074,
		-0.968657,
		0.243301,
		0,
		0.195354,
		0.178955,
		0.230833,
		1,
	},
	[0.2] = {
		0.876873,
		-0.0021,
		-0.480717,
		0,
		0.458282,
		0.305613,
		0.834613,
		0,
		0.14516,
		-0.952154,
		0.268946,
		0,
		0.364898,
		0.180423,
		-0.028716,
		1,
	},
	[0.31666666666666665] = {
		0.955485,
		-0.142702,
		-0.258232,
		0,
		0.29495,
		0.440505,
		0.847915,
		0,
		-0.007246,
		-0.886336,
		0.462986,
		0,
		0.130204,
		0.301147,
		0.279288,
		1,
	},
	[0.3333333333333333] = {
		0.965618,
		-0.119239,
		-0.231006,
		0,
		0.250248,
		0.667017,
		0.701758,
		0,
		0.070408,
		-0.735439,
		0.673923,
		0,
		0.100641,
		0.490479,
		0.276354,
		1,
	},
	[0.35] = {
		0.965649,
		-0.017804,
		-0.25924,
		0,
		0.060122,
		0.985887,
		0.156241,
		0,
		0.252799,
		-0.16646,
		0.953092,
		0,
		0.082233,
		0.673421,
		0.192091,
		1,
	},
	[0.36666666666666664] = {
		0.941986,
		0.06215,
		-0.329847,
		0,
		-0.225294,
		0.845518,
		-0.484088,
		0,
		0.248805,
		0.530317,
		0.810469,
		0,
		0.051443,
		0.779365,
		0.033,
		1,
	},
	[0.38333333333333336] = {
		0.956462,
		0.048815,
		-0.287744,
		0,
		-0.26139,
		0.581842,
		-0.770153,
		0,
		0.129826,
		0.811836,
		0.569269,
		0,
		-0.021945,
		0.786421,
		-0.150698,
		1,
	},
	[0.3] = {
		0.945846,
		-0.143249,
		-0.2913,
		0,
		0.321591,
		0.291255,
		0.900972,
		0,
		-0.04422,
		-0.94586,
		0.32155,
		0,
		0.162109,
		0.185198,
		0.262821,
		1,
	},
	[0.4166666666666667] = {
		0.967133,
		0.118688,
		-0.22487,
		0,
		-0.234122,
		0.070647,
		-0.969637,
		0,
		-0.099198,
		0.990415,
		0.096112,
		0,
		-0.12362,
		0.717601,
		-0.515818,
		1,
	},
	[0.43333333333333335] = {
		0.969221,
		0.150709,
		-0.194675,
		0,
		-0.175327,
		-0.13259,
		-0.975541,
		0,
		-0.172835,
		0.979646,
		-0.102086,
		0,
		-0.129303,
		0.625457,
		-0.64347,
		1,
	},
	[0.45] = {
		0.974162,
		0.097669,
		-0.20364,
		0,
		-0.157545,
		-0.352193,
		-0.922572,
		0,
		-0.161827,
		0.930817,
		-0.327706,
		0,
		-0.097162,
		0.541958,
		-0.714077,
		1,
	},
	[0.4666666666666667] = {
		0.972882,
		0.012053,
		-0.230987,
		0,
		-0.179408,
		-0.590984,
		-0.78648,
		0,
		-0.145989,
		0.806593,
		-0.572795,
		0,
		-0.050415,
		0.450672,
		-0.771655,
		1,
	},
	[0.48333333333333334] = {
		0.961639,
		-0.092579,
		-0.258224,
		0,
		-0.226916,
		-0.797405,
		-0.559156,
		0,
		-0.154143,
		0.596301,
		-0.787823,
		0,
		-0.007275,
		0.359342,
		-0.817975,
		1,
	},
	[0.4] = {
		0.959437,
		0.087718,
		-0.26793,
		0,
		-0.281912,
		0.307242,
		-0.908916,
		0,
		0.002591,
		0.94758,
		0.319508,
		0,
		-0.101892,
		0.776227,
		-0.343907,
		1,
	},
	[0.5166666666666667] = {
		0.878649,
		-0.359873,
		-0.313794,
		0,
		-0.360859,
		-0.930869,
		0.057126,
		0,
		-0.31266,
		0.063042,
		-0.947771,
		0,
		0.01673,
		0.211036,
		-0.878712,
		1,
	},
	[0.5333333333333333] = {
		0.818415,
		-0.486531,
		-0.305754,
		0,
		-0.381005,
		-0.857764,
		0.345075,
		0,
		-0.430154,
		-0.16592,
		-0.887377,
		0,
		0.017789,
		0.15695,
		-0.877071,
		1,
	},
	[0.55] = {
		0.781435,
		-0.48513,
		-0.39244,
		0,
		-0.340246,
		-0.858476,
		0.383734,
		0,
		-0.523061,
		-0.166337,
		-0.835906,
		0,
		0.018806,
		0.103203,
		-0.853931,
		1,
	},
	[0.5666666666666667] = {
		0.653541,
		-0.480859,
		-0.584516,
		0,
		-0.223057,
		-0.860322,
		0.458357,
		0,
		-0.723277,
		-0.169174,
		-0.669515,
		0,
		0.023998,
		0.050558,
		-0.794661,
		1,
	},
	[0.5833333333333334] = {
		0.42765,
		-0.476408,
		-0.768213,
		0,
		-0.05379,
		-0.861751,
		0.504472,
		0,
		-0.902343,
		-0.174415,
		-0.394154,
		0,
		0.03485,
		0.003024,
		-0.720473,
		1,
	},
	[0.5] = {
		0.94202,
		-0.198376,
		-0.270639,
		0,
		-0.272511,
		-0.922885,
		-0.27207,
		0,
		-0.195797,
		0.330047,
		-0.923435,
		0,
		0.015138,
		0.277197,
		-0.85685,
		1,
	},
	[0.6166666666666667] = {
		-0.016621,
		-0.472833,
		-0.880995,
		0,
		0.218047,
		-0.861624,
		0.458322,
		0,
		-0.975797,
		-0.184481,
		0.117421,
		0,
		0.056263,
		-0.061135,
		-0.59891,
		1,
	},
	[0.6333333333333333] = {
		-0.035618,
		-0.472676,
		-0.880516,
		0,
		0.227593,
		-0.861759,
		0.453401,
		0,
		-0.973105,
		-0.18425,
		0.138272,
		0,
		0.053578,
		-0.070303,
		-0.575711,
		1,
	},
	[0.65] = {
		-0.03588,
		-0.472208,
		-0.880756,
		0,
		0.226976,
		-0.862142,
		0.452982,
		0,
		-0.973239,
		-0.183658,
		0.138114,
		0,
		0.049549,
		-0.06737,
		-0.570713,
		1,
	},
	[0.6666666666666666] = {
		-0.036107,
		-0.472305,
		-0.880695,
		0,
		0.226411,
		-0.862221,
		0.453115,
		0,
		-0.973362,
		-0.183039,
		0.138067,
		0,
		0.045594,
		-0.060226,
		-0.566598,
		1,
	},
	[0.6833333333333333] = {
		-0.036303,
		-0.472574,
		-0.880543,
		0,
		0.225867,
		-0.862203,
		0.45342,
		0,
		-0.973482,
		-0.182425,
		0.13804,
		0,
		0.041891,
		-0.049349,
		-0.563276,
		1,
	},
	[0.6] = {
		0.168597,
		-0.473706,
		-0.864395,
		0,
		0.112287,
		-0.862009,
		0.4943,
		0,
		-0.979268,
		-0.180398,
		-0.092141,
		0,
		0.047899,
		-0.035465,
		-0.650585,
		1,
	},
	[0.7166666666666667] = {
		-0.036614,
		-0.473083,
		-0.880257,
		0,
		0.22482,
		-0.862167,
		0.45401,
		0,
		-0.973712,
		-0.181276,
		0.137926,
		0,
		0.03594,
		-0.018999,
		-0.558564,
		1,
	},
	[0.7333333333333333] = {
		-0.036733,
		-0.473347,
		-0.88011,
		0,
		0.224314,
		-0.862136,
		0.454318,
		0,
		-0.973824,
		-0.180733,
		0.137847,
		0,
		0.034037,
		-0.001015,
		-0.55693,
		1,
	},
	[0.75] = {
		-0.03683,
		-0.473635,
		-0.879951,
		0,
		0.22382,
		-0.862088,
		0.454652,
		0,
		-0.973934,
		-0.180206,
		0.13776,
		0,
		0.033079,
		0.017848,
		-0.555615,
		1,
	},
	[0.7666666666666667] = {
		-0.036909,
		-0.473958,
		-0.879774,
		0,
		0.223335,
		-0.862018,
		0.455023,
		0,
		-0.974043,
		-0.17969,
		0.137667,
		0,
		0.033242,
		0.036845,
		-0.554499,
		1,
	},
	[0.7833333333333333] = {
		-0.03697,
		-0.474328,
		-0.879572,
		0,
		0.222858,
		-0.86192,
		0.455442,
		0,
		-0.97415,
		-0.179182,
		0.137573,
		0,
		0.034699,
		0.055233,
		-0.553464,
		1,
	},
	[0.7] = {
		-0.036472,
		-0.47283,
		-0.880399,
		0,
		0.225337,
		-0.862187,
		0.453714,
		0,
		-0.973598,
		-0.181838,
		0.137991,
		0,
		0.038616,
		-0.035359,
		-0.560639,
		1,
	},
	[0.8166666666666667] = {
		-0.037051,
		-0.475262,
		-0.879064,
		0,
		0.221925,
		-0.861615,
		0.456474,
		0,
		-0.97436,
		-0.178173,
		0.137396,
		0,
		0.042195,
		0.087203,
		-0.551161,
		1,
	},
	[0.8333333333333334] = {
		-0.037076,
		-0.475869,
		-0.878734,
		0,
		0.221466,
		-0.861385,
		0.45713,
		0,
		-0.974463,
		-0.177661,
		0.137325,
		0,
		0.047124,
		0.099291,
		-0.549655,
		1,
	},
	[0.85] = {
		-0.037092,
		-0.476721,
		-0.878272,
		0,
		0.221011,
		-0.861026,
		0.458026,
		0,
		-0.974566,
		-0.177118,
		0.137298,
		0,
		0.051065,
		0.107083,
		-0.547781,
		1,
	},
	[0.8666666666666667] = {
		-0.037103,
		-0.477814,
		-0.877677,
		0,
		0.220558,
		-0.860538,
		0.45916,
		0,
		-0.974668,
		-0.176542,
		0.137314,
		0,
		0.054109,
		0.110511,
		-0.545917,
		1,
	},
	[0.8833333333333333] = {
		-0.03711,
		-0.479115,
		-0.876967,
		0,
		0.220106,
		-0.859939,
		0.460498,
		0,
		-0.97477,
		-0.175937,
		0.137368,
		0,
		0.056347,
		0.110793,
		-0.544472,
		1,
	},
	[0.8] = {
		-0.037017,
		-0.474759,
		-0.879337,
		0,
		0.222389,
		-0.861788,
		0.455922,
		0,
		-0.974255,
		-0.178678,
		0.137482,
		0,
		0.037624,
		0.072267,
		-0.55239,
		1,
	},
	[0.9166666666666666] = {
		-0.037124,
		-0.482205,
		-0.875271,
		0,
		0.219201,
		-0.858473,
		0.463653,
		0,
		-0.974973,
		-0.174648,
		0.13757,
		0,
		0.058777,
		0.106744,
		-0.542564,
		1,
	},
	[0.9333333333333333] = {
		-0.037135,
		-0.483928,
		-0.87432,
		0,
		0.218746,
		-0.857641,
		0.465405,
		0,
		-0.975075,
		-0.173971,
		0.137705,
		0,
		0.059152,
		0.104826,
		-0.541971,
		1,
	},
	[0.95] = {
		-0.037151,
		-0.485723,
		-0.873323,
		0,
		0.218287,
		-0.856766,
		0.467229,
		0,
		-0.975177,
		-0.173277,
		0.137857,
		0,
		0.059084,
		0.10353,
		-0.541561,
		1,
	},
	[0.9666666666666667] = {
		-0.037175,
		-0.48756,
		-0.872298,
		0,
		0.217824,
		-0.855866,
		0.469092,
		0,
		-0.97528,
		-0.172569,
		0.138019,
		0,
		0.058661,
		0.102214,
		-0.54131,
		1,
	},
	[0.9833333333333333] = {
		-0.03721,
		-0.489403,
		-0.871264,
		0,
		0.217355,
		-0.854958,
		0.470961,
		0,
		-0.975383,
		-0.171849,
		0.138187,
		0,
		0.05797,
		0.100895,
		-0.541181,
		1,
	},
	[0.9] = {
		-0.037116,
		-0.48059,
		-0.87616,
		0,
		0.219654,
		-0.859245,
		0.462007,
		0,
		-0.974872,
		-0.175304,
		0.137456,
		0,
		0.057872,
		0.109135,
		-0.543377,
		1,
	},
	[1.0166666666666666] = {
		-0.037319,
		-0.492979,
		-0.86924,
		0,
		0.216394,
		-0.853194,
		0.474588,
		0,
		-0.975593,
		-0.170387,
		0.138518,
		0,
		0.056139,
		0.098329,
		-0.541144,
		1,
	},
	[1.0333333333333334] = {
		-0.037398,
		-0.494647,
		-0.868289,
		0,
		0.215901,
		-0.852375,
		0.476281,
		0,
		-0.975699,
		-0.169652,
		0.138672,
		0,
		0.055175,
		0.097119,
		-0.541161,
		1,
	},
	[1.05] = {
		-0.037496,
		-0.49619,
		-0.867404,
		0,
		0.215397,
		-0.851623,
		0.477852,
		0,
		-0.975806,
		-0.168918,
		0.13881,
		0,
		0.054296,
		0.095984,
		-0.541155,
		1,
	},
	[1.0666666666666667] = {
		-0.037616,
		-0.497577,
		-0.866604,
		0,
		0.214881,
		-0.850958,
		0.479267,
		0,
		-0.975916,
		-0.168189,
		0.138929,
		0,
		0.053589,
		0.094944,
		-0.541088,
		1,
	},
	[1.0833333333333333] = {
		-0.037759,
		-0.498776,
		-0.865908,
		0,
		0.214353,
		-0.850398,
		0.480495,
		0,
		-0.976026,
		-0.167467,
		0.139024,
		0,
		0.053144,
		0.094018,
		-0.540925,
		1,
	},
	{
		-0.037257,
		-0.49122,
		-0.870238,
		0,
		0.216879,
		-0.854061,
		0.472804,
		0,
		-0.975487,
		-0.171121,
		0.138355,
		0,
		0.0571,
		0.099594,
		-0.541138,
		1,
	},
	[1.1166666666666667] = {
		-0.038127,
		-0.500478,
		-0.864909,
		0,
		0.213253,
		-0.849674,
		0.482262,
		0,
		-0.976253,
		-0.166058,
		0.139124,
		0,
		0.053388,
		0.092592,
		-0.540165,
		1,
	},
	[1.1333333333333333] = {
		-0.038355,
		-0.500917,
		-0.864645,
		0,
		0.21268,
		-0.849549,
		0.482736,
		0,
		-0.976369,
		-0.165377,
		0.13912,
		0,
		0.053394,
		0.092521,
		-0.540275,
		1,
	},
	[1.1] = {
		-0.037929,
		-0.499754,
		-0.865337,
		0,
		0.213811,
		-0.849964,
		0.481504,
		0,
		-0.976139,
		-0.166755,
		0.139091,
		0,
		0.053047,
		0.093228,
		-0.540629,
		1,
	},
}

return spline_matrices
