-- chunkname: @content/characters/player/human/first_person/animations/saw/swing_down.lua

local spline_matrices = {
	[0.016666666666666666] = {
		0.750703,
		-0.569288,
		-0.335195,
		0,
		-0.620407,
		-0.433144,
		-0.653821,
		0,
		0.227025,
		0.698783,
		-0.678353,
		0,
		-0.070986,
		0.141572,
		-0.637365,
		1,
	},
	[0.03333333333333333] = {
		0.819076,
		-0.541963,
		-0.188126,
		0,
		-0.512272,
		-0.543332,
		-0.665107,
		0,
		0.258248,
		0.641144,
		-0.722663,
		0,
		-0.004607,
		0.141551,
		-0.621487,
		1,
	},
	[0.05] = {
		0.899403,
		-0.434289,
		-0.049672,
		0,
		-0.408117,
		-0.793586,
		-0.45129,
		0,
		0.156571,
		0.426164,
		-0.890994,
		0,
		0.073528,
		0.127671,
		-0.583232,
		1,
	},
	[0.06666666666666667] = {
		0.97752,
		-0.210765,
		-0.005711,
		0,
		-0.20996,
		-0.975546,
		0.065015,
		0,
		-0.019274,
		-0.062355,
		-0.997868,
		0,
		0.162116,
		0.108739,
		-0.514399,
		1,
	},
	[0.08333333333333333] = {
		0.98956,
		0.009214,
		-0.143829,
		0,
		0.100071,
		-0.762102,
		0.639677,
		0,
		-0.103718,
		-0.647392,
		-0.755067,
		0,
		0.258552,
		0.111279,
		-0.424367,
		1,
	},
	[0] = {
		0.669101,
		-0.571966,
		-0.474509,
		0,
		-0.742914,
		-0.497967,
		-0.447335,
		0,
		0.01957,
		0.651832,
		-0.758111,
		0,
		-0.117484,
		0.128855,
		-0.630378,
		1,
	},
	[0.11666666666666667] = {
		0.887296,
		0.061609,
		-0.457066,
		0,
		0.455309,
		0.040871,
		0.889395,
		0,
		0.073476,
		-0.997263,
		0.008214,
		0,
		0.401911,
		0.162242,
		-0.28815,
		1,
	},
	[0.13333333333333333] = {
		0.860256,
		0.047457,
		-0.507648,
		0,
		0.484055,
		0.236732,
		0.842406,
		0,
		0.160154,
		-0.970415,
		0.180678,
		0,
		0.423932,
		0.176711,
		-0.241187,
		1,
	},
	[0.15] = {
		0.850316,
		0.050295,
		-0.523863,
		0,
		0.481144,
		0.329001,
		0.812563,
		0,
		0.213219,
		-0.942989,
		0.255556,
		0,
		0.421452,
		0.18258,
		-0.194443,
		1,
	},
	[0.16666666666666666] = {
		0.848524,
		0.053469,
		-0.526448,
		0,
		0.475043,
		0.361306,
		0.802366,
		0,
		0.23311,
		-0.930913,
		0.281177,
		0,
		0.411142,
		0.184011,
		-0.140893,
		1,
	},
	[0.18333333333333332] = {
		0.852979,
		0.056604,
		-0.518866,
		0,
		0.468638,
		0.35461,
		0.809092,
		0,
		0.229793,
		-0.9333,
		0.275948,
		0,
		0.394336,
		0.182429,
		-0.082335,
		1,
	},
	[0.1] = {
		0.938303,
		0.078741,
		-0.336732,
		0,
		0.344055,
		-0.310692,
		0.886057,
		0,
		-0.034851,
		-0.947243,
		-0.318615,
		0,
		0.344199,
		0.137063,
		-0.34648,
		1,
	},
	[0.21666666666666667] = {
		0.873945,
		0.055482,
		-0.482848,
		0,
		0.45029,
		0.281465,
		0.847359,
		0,
		0.182917,
		-0.957966,
		0.221002,
		0,
		0.34535,
		0.174862,
		0.041043,
		1,
	},
	[0.23333333333333334] = {
		0.887531,
		0.047722,
		-0.45827,
		0,
		0.435436,
		0.238256,
		0.868118,
		0,
		0.150614,
		-0.970029,
		0.19068,
		0,
		0.315108,
		0.170832,
		0.101497,
		1,
	},
	[0.25] = {
		0.901552,
		0.033643,
		-0.43136,
		0,
		0.416166,
		0.205307,
		0.885808,
		0,
		0.118362,
		-0.978119,
		0.171094,
		0,
		0.282366,
		0.167804,
		0.158379,
		1,
	},
	[0.26666666666666666] = {
		0.915133,
		0.01275,
		-0.40295,
		0,
		0.393053,
		0.194093,
		0.898798,
		0,
		0.089669,
		-0.9809,
		0.17261,
		0,
		0.248156,
		0.166636,
		0.20972,
		1,
	},
	[0.2833333333333333] = {
		0.927761,
		-0.0151,
		-0.37287,
		0,
		0.367033,
		0.217467,
		0.904431,
		0,
		0.06743,
		-0.975951,
		0.207299,
		0,
		0.213511,
		0.168277,
		0.253489,
		1,
	},
	[0.2] = {
		0.861967,
		0.057923,
		-0.503645,
		0,
		0.460964,
		0.323951,
		0.826176,
		0,
		0.211011,
		-0.944299,
		0.252535,
		0,
		0.372084,
		0.179036,
		-0.020948,
		1,
	},
	[0.31666666666666665] = {
		0.950232,
		-0.089517,
		-0.298407,
		0,
		0.307101,
		0.430337,
		0.848822,
		0,
		0.052431,
		-0.898219,
		0.436411,
		0,
		0.146777,
		0.269015,
		0.308094,
		1,
	},
	[0.3333333333333333] = {
		0.972719,
		-0.115153,
		-0.20139,
		0,
		0.227142,
		0.649251,
		0.725865,
		0,
		0.047167,
		-0.751807,
		0.657695,
		0,
		0.116344,
		0.43822,
		0.310142,
		1,
	},
	[0.35] = {
		0.994549,
		-0.081055,
		-0.065597,
		0,
		0.094563,
		0.966198,
		0.239832,
		0,
		0.04394,
		-0.244727,
		0.968596,
		0,
		0.073516,
		0.645318,
		0.20967,
		1,
	},
	[0.36666666666666664] = {
		0.999377,
		0.034005,
		-0.00949,
		0,
		-0.03475,
		0.900024,
		-0.434453,
		0,
		-0.006232,
		0.434512,
		0.900645,
		0,
		0.029811,
		0.780403,
		0.016807,
		1,
	},
	[0.38333333333333336] = {
		0.994703,
		0.080216,
		-0.064279,
		0,
		-0.097838,
		0.547016,
		-0.831385,
		0,
		-0.031529,
		0.83327,
		0.551966,
		0,
		0.015218,
		0.786765,
		-0.197803,
		1,
	},
	[0.3] = {
		0.939337,
		-0.049659,
		-0.339382,
		0,
		0.338685,
		0.29067,
		0.894876,
		0,
		0.054209,
		-0.955534,
		0.289856,
		0,
		0.179423,
		0.173923,
		0.287349,
		1,
	},
	[0.4166666666666667] = {
		0.987266,
		0.129794,
		-0.09198,
		0,
		-0.075371,
		-0.127543,
		-0.988965,
		0,
		-0.140093,
		0.983304,
		-0.116137,
		0,
		-0.039319,
		0.663069,
		-0.600923,
		1,
	},
	[0.43333333333333335] = {
		0.980372,
		0.178566,
		-0.083581,
		0,
		-0.027176,
		-0.297492,
		-0.954337,
		0,
		-0.195276,
		0.937877,
		-0.2868,
		0,
		-0.053452,
		0.527391,
		-0.733572,
		1,
	},
	[0.45] = {
		0.978078,
		0.132317,
		-0.160797,
		0,
		-0.074176,
		-0.500151,
		-0.862755,
		0,
		-0.19458,
		0.855769,
		-0.479372,
		0,
		-0.034476,
		0.443664,
		-0.792454,
		1,
	},
	[0.4666666666666667] = {
		0.964461,
		0.019844,
		-0.263479,
		0,
		-0.175033,
		-0.699017,
		-0.693354,
		0,
		-0.197935,
		0.71483,
		-0.670701,
		0,
		-0.012619,
		0.36386,
		-0.835776,
		1,
	},
	[0.48333333333333334] = {
		0.928465,
		-0.149095,
		-0.34018,
		0,
		-0.299207,
		-0.842901,
		-0.447207,
		0,
		-0.220062,
		0.517,
		-0.827214,
		0,
		0.006316,
		0.292816,
		-0.864355,
		1,
	},
	[0.4] = {
		0.987503,
		0.095509,
		-0.125364,
		0,
		-0.13623,
		0.117332,
		-0.983704,
		0,
		-0.079243,
		0.988489,
		0.128877,
		0,
		-0.002572,
		0.766195,
		-0.410494,
		1,
	},
	[0.5166666666666667] = {
		0.806992,
		-0.485247,
		-0.336601,
		0,
		-0.466029,
		-0.873344,
		0.141729,
		0,
		-0.362742,
		0.042491,
		-0.93092,
		0,
		0.01895,
		0.184462,
		-0.883644,
		1,
	},
	[0.5333333333333333] = {
		0.750218,
		-0.594799,
		-0.288769,
		0,
		-0.468208,
		-0.786282,
		0.403165,
		0,
		-0.466856,
		-0.167258,
		-0.868372,
		0,
		0.019414,
		0.141061,
		-0.879579,
		1,
	},
	[0.55] = {
		0.72629,
		-0.579173,
		-0.370218,
		0,
		-0.409645,
		-0.797187,
		0.44349,
		0,
		-0.551991,
		-0.170445,
		-0.816244,
		0,
		0.01891,
		0.091675,
		-0.853746,
		1,
	},
	[0.5666666666666667] = {
		0.614494,
		-0.56251,
		-0.553154,
		0,
		-0.268192,
		-0.80834,
		0.52408,
		0,
		-0.741937,
		-0.173692,
		-0.64758,
		0,
		0.022618,
		0.041133,
		-0.792294,
		1,
	},
	[0.5833333333333334] = {
		0.406215,
		-0.545719,
		-0.732926,
		0,
		-0.074076,
		-0.81911,
		0.568834,
		0,
		-0.91077,
		-0.176777,
		-0.373159,
		0,
		0.031853,
		-0.006144,
		-0.717127,
		1,
	},
	[0.5] = {
		0.875654,
		-0.331225,
		-0.351456,
		0,
		-0.405561,
		-0.899458,
		-0.162775,
		0,
		-0.262205,
		0.285071,
		-0.921945,
		0,
		0.016496,
		0.233696,
		-0.877365,
		1,
	},
	[0.6166666666666667] = {
		-0.016506,
		-0.515622,
		-0.856657,
		0,
		0.221753,
		-0.837325,
		0.499712,
		0,
		-0.974963,
		-0.181718,
		0.128162,
		0,
		0.049034,
		-0.072876,
		-0.595655,
		1,
	},
	[0.6333333333333333] = {
		-0.033033,
		-0.504338,
		-0.862874,
		0,
		0.230939,
		-0.843833,
		0.484368,
		0,
		-0.972407,
		-0.183271,
		0.144346,
		0,
		0.044229,
		-0.083307,
		-0.572896,
		1,
	},
	[0.65] = {
		-0.031857,
		-0.496939,
		-0.8672,
		0,
		0.229761,
		-0.848046,
		0.477523,
		0,
		-0.972726,
		-0.184036,
		0.141194,
		0,
		0.038751,
		-0.081196,
		-0.568364,
		1,
	},
	[0.6666666666666666] = {
		-0.031582,
		-0.494445,
		-0.868635,
		0,
		0.228966,
		-0.849537,
		0.475249,
		0,
		-0.972922,
		-0.183879,
		0.140041,
		0,
		0.034229,
		-0.074253,
		-0.564587,
		1,
	},
	[0.6833333333333333] = {
		-0.031821,
		-0.494736,
		-0.868461,
		0,
		0.228385,
		-0.849512,
		0.475573,
		0,
		-0.973051,
		-0.18321,
		0.140022,
		0,
		0.030455,
		-0.063332,
		-0.561548,
		1,
	},
	[0.6] = {
		0.161248,
		-0.529757,
		-0.832681,
		0,
		0.109351,
		-0.828936,
		0.54855,
		0,
		-0.980837,
		-0.179507,
		-0.075735,
		0,
		0.042929,
		-0.045653,
		-0.647081,
		1,
	},
	[0.7166666666666667] = {
		-0.0323,
		-0.495316,
		-0.868112,
		0,
		0.227222,
		-0.849461,
		0.47622,
		0,
		-0.973307,
		-0.181872,
		0.139984,
		0,
		0.024302,
		-0.03296,
		-0.557617,
		1,
	},
	[0.7333333333333333] = {
		-0.03254,
		-0.495606,
		-0.867938,
		0,
		0.22664,
		-0.849435,
		0.476544,
		0,
		-0.973435,
		-0.181203,
		0.139965,
		0,
		0.022279,
		-0.014975,
		-0.556445,
		1,
	},
	[0.75] = {
		-0.03278,
		-0.495896,
		-0.867763,
		0,
		0.226059,
		-0.849408,
		0.476867,
		0,
		-0.973562,
		-0.180534,
		0.139945,
		0,
		0.021198,
		0.003899,
		-0.555612,
		1,
	},
	[0.7666666666666667] = {
		-0.03302,
		-0.496185,
		-0.867589,
		0,
		0.225477,
		-0.849381,
		0.477191,
		0,
		-0.973689,
		-0.179865,
		0.139925,
		0,
		0.021235,
		0.022929,
		-0.55498,
		1,
	},
	[0.7833333333333333] = {
		-0.03326,
		-0.496475,
		-0.867414,
		0,
		0.224896,
		-0.849354,
		0.477514,
		0,
		-0.973815,
		-0.179196,
		0.139905,
		0,
		0.02257,
		0.041381,
		-0.554407,
		1,
	},
	[0.7] = {
		-0.03206,
		-0.495026,
		-0.868286,
		0,
		0.227803,
		-0.849487,
		0.475897,
		0,
		-0.973179,
		-0.182541,
		0.140004,
		0,
		0.027086,
		-0.049323,
		-0.559272,
		1,
	},
	[0.8166666666666667] = {
		-0.033742,
		-0.497052,
		-0.867064,
		0,
		0.223733,
		-0.849297,
		0.478161,
		0,
		-0.974066,
		-0.177857,
		0.139864,
		0,
		0.029845,
		0.073619,
		-0.552877,
		1,
	},
	[0.8333333333333334] = {
		-0.033983,
		-0.497341,
		-0.866889,
		0,
		0.223151,
		-0.849268,
		0.478484,
		0,
		-0.974191,
		-0.177187,
		0.139843,
		0,
		0.034681,
		0.085939,
		-0.551638,
		1,
	},
	[0.85] = {
		-0.034224,
		-0.497629,
		-0.866714,
		0,
		0.22257,
		-0.849239,
		0.478807,
		0,
		-0.974316,
		-0.176518,
		0.139822,
		0,
		0.038542,
		0.094121,
		-0.549896,
		1,
	},
	[0.8666666666666667] = {
		-0.034465,
		-0.497918,
		-0.866539,
		0,
		0.221988,
		-0.849209,
		0.47913,
		0,
		-0.97444,
		-0.175848,
		0.1398,
		0,
		0.041519,
		0.098084,
		-0.548028,
		1,
	},
	[0.8833333333333333] = {
		-0.034707,
		-0.498206,
		-0.866364,
		0,
		0.221406,
		-0.849178,
		0.479453,
		0,
		-0.974564,
		-0.175178,
		0.139778,
		0,
		0.043699,
		0.099015,
		-0.546482,
		1,
	},
	[0.8] = {
		-0.033501,
		-0.496764,
		-0.867239,
		0,
		0.224314,
		-0.849326,
		0.477838,
		0,
		-0.973941,
		-0.178526,
		0.139884,
		0,
		0.02538,
		0.058522,
		-0.553753,
		1,
	},
	[0.9166666666666666] = {
		-0.035191,
		-0.498781,
		-0.866013,
		0,
		0.220243,
		-0.849116,
		0.480099,
		0,
		-0.97481,
		-0.173838,
		0.139734,
		0,
		0.046025,
		0.096536,
		-0.544227,
		1,
	},
	[0.9333333333333333] = {
		-0.035433,
		-0.499068,
		-0.865838,
		0,
		0.219661,
		-0.849084,
		0.480422,
		0,
		-0.974932,
		-0.173168,
		0.139712,
		0,
		0.046347,
		0.095502,
		-0.543451,
		1,
	},
	[0.95] = {
		-0.035676,
		-0.499355,
		-0.865662,
		0,
		0.21908,
		-0.849052,
		0.480745,
		0,
		-0.975055,
		-0.172498,
		0.139689,
		0,
		0.046227,
		0.095132,
		-0.542864,
		1,
	},
	[0.9666666666666667] = {
		-0.035918,
		-0.499642,
		-0.865487,
		0,
		0.218498,
		-0.849019,
		0.481068,
		0,
		-0.975176,
		-0.171828,
		0.139666,
		0,
		0.045754,
		0.094764,
		-0.542435,
		1,
	},
	[0.9833333333333333] = {
		-0.036161,
		-0.499929,
		-0.865311,
		0,
		0.217916,
		-0.848985,
		0.48139,
		0,
		-0.975297,
		-0.171158,
		0.139643,
		0,
		0.045016,
		0.094397,
		-0.542129,
		1,
	},
	[0.9] = {
		-0.034949,
		-0.498493,
		-0.866189,
		0,
		0.220825,
		-0.849147,
		0.479776,
		0,
		-0.974687,
		-0.174508,
		0.139756,
		0,
		0.045172,
		0.098103,
		-0.545226,
		1,
	},
	[1.0166666666666666] = {
		-0.036647,
		-0.500502,
		-0.864959,
		0,
		0.216753,
		-0.848917,
		0.482035,
		0,
		-0.975538,
		-0.169817,
		0.139596,
		0,
		0.043098,
		0.09367,
		-0.541756,
		1,
	},
	[1.0333333333333334] = {
		-0.036891,
		-0.500788,
		-0.864783,
		0,
		0.216171,
		-0.848882,
		0.482358,
		0,
		-0.975658,
		-0.169147,
		0.139572,
		0,
		0.042095,
		0.093307,
		-0.541622,
		1,
	},
	[1.05] = {
		-0.037134,
		-0.501074,
		-0.864607,
		0,
		0.215589,
		-0.848847,
		0.48268,
		0,
		-0.975778,
		-0.168476,
		0.139547,
		0,
		0.041182,
		0.092945,
		-0.541479,
		1,
	},
	[1.0666666666666667] = {
		-0.037378,
		-0.501359,
		-0.864431,
		0,
		0.215007,
		-0.848811,
		0.483003,
		0,
		-0.975897,
		-0.167805,
		0.139523,
		0,
		0.040447,
		0.092583,
		-0.541294,
		1,
	},
	[1.0833333333333333] = {
		-0.037622,
		-0.501645,
		-0.864255,
		0,
		0.214426,
		-0.848775,
		0.483325,
		0,
		-0.976015,
		-0.167135,
		0.139498,
		0,
		0.039978,
		0.092222,
		-0.541034,
		1,
	},
	{
		-0.036404,
		-0.500216,
		-0.865135,
		0,
		0.217334,
		-0.848951,
		0.481713,
		0,
		-0.975418,
		-0.170487,
		0.139619,
		0,
		0.044101,
		0.094033,
		-0.541914,
		1,
	},
	[1.1166666666666667] = {
		-0.038111,
		-0.502215,
		-0.863903,
		0,
		0.213262,
		-0.848701,
		0.48397,
		0,
		-0.976251,
		-0.165793,
		0.139448,
		0,
		0.040193,
		0.091495,
		-0.540154,
		1,
	},
	[1.1333333333333333] = {
		-0.038355,
		-0.5025,
		-0.863726,
		0,
		0.21268,
		-0.848663,
		0.484292,
		0,
		-0.976369,
		-0.165122,
		0.139423,
		0,
		0.040196,
		0.091519,
		-0.540249,
		1,
	},
	[1.1] = {
		-0.037866,
		-0.50193,
		-0.864079,
		0,
		0.213844,
		-0.848738,
		0.483648,
		0,
		-0.976134,
		-0.166464,
		0.139473,
		0,
		0.039864,
		0.091859,
		-0.540665,
		1,
	},
}

return spline_matrices
