-- chunkname: @content/characters/player/human/first_person/animations/saw/swing_down_right.lua

local spline_matrices = {
	[0.016666666666666666] = {
		0.027031,
		0.798081,
		0.601943,
		0,
		-0.596332,
		0.496156,
		-0.631045,
		0,
		-0.802283,
		-0.3419,
		0.489333,
		0,
		-0.186045,
		0.414571,
		-0.363159,
		1,
	},
	[0.03333333333333333] = {
		-0.071638,
		0.747377,
		0.660527,
		0,
		-0.797886,
		0.35445,
		-0.48759,
		0,
		-0.598537,
		-0.561955,
		0.570929,
		0,
		-0.213605,
		0.360117,
		-0.322367,
		1,
	},
	[0.05] = {
		-0.11599,
		0.694431,
		0.710149,
		0,
		-0.936434,
		0.161892,
		-0.311259,
		0,
		-0.331115,
		-0.701111,
		0.631511,
		0,
		-0.235605,
		0.292543,
		-0.265458,
		1,
	},
	[0.06666666666666667] = {
		-0.06963,
		0.636178,
		0.768394,
		0,
		-0.993167,
		0.028104,
		-0.113266,
		0,
		-0.093652,
		-0.77103,
		0.629875,
		0,
		-0.255122,
		0.234482,
		-0.191568,
		1,
	},
	[0.08333333333333333] = {
		0.097221,
		0.507738,
		0.856008,
		0,
		-0.987711,
		-0.056528,
		0.145708,
		0,
		0.12237,
		-0.859655,
		0.496003,
		0,
		-0.271847,
		0.189105,
		-0.105448,
		1,
	},
	[0] = {
		0.184663,
		0.87785,
		0.441905,
		0,
		-0.357222,
		0.478837,
		-0.80194,
		0,
		-0.915583,
		-0.009769,
		0.40201,
		0,
		-0.154815,
		0.432973,
		-0.391109,
		1,
	},
	[0.11666666666666667] = {
		0.484599,
		0.278919,
		0.829077,
		0,
		-0.814687,
		-0.201205,
		0.543877,
		0,
		0.318512,
		-0.939,
		0.129728,
		0,
		-0.28799,
		0.123974,
		0.043914,
		1,
	},
	[0.13333333333333333] = {
		0.635782,
		0.167548,
		0.753465,
		0,
		-0.696561,
		-0.296013,
		0.65359,
		0,
		0.332543,
		-0.940374,
		-0.071493,
		0,
		-0.292897,
		0.090008,
		0.093818,
		1,
	},
	[0.15] = {
		0.757275,
		0.075805,
		0.648682,
		0,
		-0.573882,
		-0.396893,
		0.716334,
		0,
		0.311759,
		-0.914729,
		-0.257054,
		0,
		-0.289492,
		0.078492,
		0.1361,
		1,
	},
	[0.16666666666666666] = {
		0.843065,
		0.019441,
		0.53746,
		0,
		-0.470507,
		-0.457407,
		0.754587,
		0,
		0.260508,
		-0.889045,
		-0.376477,
		0,
		-0.277112,
		0.092441,
		0.17004,
		1,
	},
	[0.18333333333333332] = {
		0.898121,
		-0.01279,
		0.439562,
		0,
		-0.398411,
		-0.446768,
		0.801041,
		0,
		0.186136,
		-0.894558,
		-0.406348,
		0,
		-0.258137,
		0.123216,
		0.195036,
		1,
	},
	[0.1] = {
		0.300029,
		0.389713,
		0.870693,
		0,
		-0.918022,
		-0.130112,
		0.374574,
		0,
		0.259264,
		-0.911699,
		0.318728,
		0,
		-0.281088,
		0.156679,
		-0.02247,
		1,
	},
	[0.21666666666666667] = {
		0.934646,
		-0.017186,
		0.355165,
		0,
		-0.351721,
		0.102072,
		0.930523,
		0,
		-0.052244,
		-0.994629,
		0.089357,
		0,
		-0.18819,
		0.29733,
		0.214986,
		1,
	},
	[0.23333333333333334] = {
		0.936057,
		-0.000547,
		0.351849,
		0,
		-0.278192,
		0.611106,
		0.741053,
		0,
		-0.215422,
		-0.791549,
		0.571877,
		0,
		-0.131693,
		0.438158,
		0.18203,
		1,
	},
	[0.25] = {
		0.938129,
		-0.05679,
		0.341597,
		0,
		-0.060792,
		0.944132,
		0.323913,
		0,
		-0.340908,
		-0.324639,
		0.882265,
		0,
		-0.067762,
		0.561804,
		0.09503,
		1,
	},
	[0.26666666666666666] = {
		0.925625,
		-0.105003,
		0.363582,
		0,
		0.177809,
		0.968758,
		-0.172895,
		0,
		-0.334068,
		0.224684,
		0.915377,
		0,
		-0.004806,
		0.648981,
		-0.018398,
		1,
	},
	[0.2833333333333333] = {
		0.929032,
		-0.071247,
		0.363075,
		0,
		0.269324,
		0.803064,
		-0.531558,
		0,
		-0.253701,
		0.591619,
		0.76526,
		0,
		0.0258,
		0.680215,
		-0.115087,
		1,
	},
	[0.2] = {
		0.928956,
		-0.029416,
		0.369019,
		0,
		-0.358763,
		-0.317293,
		0.877846,
		0,
		0.091264,
		-0.947871,
		-0.305305,
		0,
		-0.231477,
		0.18075,
		0.210873,
		1,
	},
	[0.31666666666666665] = {
		0.904689,
		0.00272,
		0.426065,
		0,
		0.390332,
		0.395619,
		-0.83134,
		0,
		-0.170821,
		0.918411,
		0.35685,
		0,
		0.174848,
		0.655449,
		-0.369998,
		1,
	},
	[0.3333333333333333] = {
		0.886319,
		0.04123,
		0.461236,
		0,
		0.448848,
		0.168501,
		-0.877578,
		0,
		-0.113901,
		0.984839,
		0.130839,
		0,
		0.254382,
		0.613801,
		-0.516257,
		1,
	},
	[0.35] = {
		0.959431,
		0.032179,
		0.280101,
		0,
		0.264588,
		-0.445934,
		-0.855065,
		0,
		0.097391,
		0.894487,
		-0.436357,
		0,
		0.2609,
		0.54953,
		-0.595198,
		1,
	},
	[0.36666666666666664] = {
		0.975969,
		-0.098367,
		0.194444,
		0,
		0.02365,
		-0.839229,
		-0.543264,
		0,
		0.216622,
		0.534807,
		-0.816735,
		0,
		0.274927,
		0.49521,
		-0.648048,
		1,
	},
	[0.38333333333333336] = {
		0.884662,
		-0.130912,
		0.447477,
		0,
		0.128624,
		-0.853996,
		-0.504129,
		0,
		0.44814,
		0.50354,
		-0.738659,
		0,
		0.386338,
		0.39191,
		-0.72836,
		1,
	},
	[0.3] = {
		0.934693,
		-0.026589,
		0.354459,
		0,
		0.306342,
		0.566031,
		-0.765352,
		0,
		-0.180284,
		0.823955,
		0.53721,
		0,
		0.074528,
		0.680271,
		-0.221099,
		1,
	},
	[0.4166666666666667] = {
		0.400384,
		-0.231941,
		0.886508,
		0,
		0.562619,
		-0.701396,
		-0.437611,
		0,
		0.723293,
		0.673979,
		-0.150333,
		0,
		0.654548,
		0.241027,
		-0.776863,
		1,
	},
	[0.43333333333333335] = {
		0.384077,
		-0.192259,
		0.903062,
		0,
		0.49346,
		-0.783929,
		-0.376767,
		0,
		0.780373,
		0.590332,
		-0.206216,
		0,
		0.702002,
		0.151069,
		-0.765565,
		1,
	},
	[0.45] = {
		0.48822,
		-0.113137,
		0.865356,
		0,
		0.31809,
		-0.900285,
		-0.297164,
		0,
		0.812687,
		0.420342,
		-0.403549,
		0,
		0.719084,
		0.045859,
		-0.745865,
		1,
	},
	[0.4666666666666667] = {
		0.654044,
		-0.061848,
		0.753924,
		0,
		0.09697,
		-0.981574,
		-0.164647,
		0,
		0.750215,
		0.180794,
		-0.635996,
		0,
		0.712169,
		-0.055364,
		-0.717347,
		1,
	},
	[0.48333333333333334] = {
		0.796186,
		-0.076636,
		0.60018,
		0,
		-0.087075,
		-0.996133,
		-0.011682,
		0,
		0.598754,
		-0.042959,
		-0.79978,
		0,
		0.688045,
		-0.135251,
		-0.685196,
		1,
	},
	[0.4] = {
		0.624024,
		-0.178547,
		0.760733,
		0,
		0.410623,
		-0.753362,
		-0.513648,
		0,
		0.664817,
		0.632904,
		-0.396801,
		0,
		0.542228,
		0.293969,
		-0.771832,
		1,
	},
	[0.5166666666666667] = {
		0.897973,
		-0.20659,
		0.388543,
		0,
		-0.260533,
		-0.96116,
		0.091072,
		0,
		0.354637,
		-0.183008,
		-0.916919,
		0,
		0.601239,
		-0.198358,
		-0.644918,
		1,
	},
	[0.5333333333333333] = {
		0.910178,
		-0.296229,
		0.289524,
		0,
		-0.324732,
		-0.944218,
		0.054777,
		0,
		0.257147,
		-0.143874,
		-0.955602,
		0,
		0.528703,
		-0.194851,
		-0.632071,
		1,
	},
	[0.55] = {
		0.904274,
		-0.388797,
		0.176426,
		0,
		-0.392254,
		-0.919712,
		-0.016304,
		0,
		0.1686,
		-0.054461,
		-0.984179,
		0,
		0.44228,
		-0.175452,
		-0.621245,
		1,
	},
	[0.5666666666666667] = {
		0.880743,
		-0.471015,
		0.049364,
		0,
		-0.46397,
		-0.879051,
		-0.109552,
		0,
		0.094994,
		0.073584,
		-0.992755,
		0,
		0.349319,
		-0.144023,
		-0.611735,
		1,
	},
	[0.5833333333333334] = {
		0.842814,
		-0.531359,
		-0.085564,
		0,
		-0.536577,
		-0.817228,
		-0.210293,
		0,
		0.041816,
		0.223149,
		-0.973887,
		0,
		0.25733,
		-0.104712,
		-0.602946,
		1,
	},
	[0.5] = {
		0.868552,
		-0.132922,
		0.477441,
		0,
		-0.194231,
		-0.977591,
		0.081175,
		0,
		0.455952,
		-0.163239,
		-0.874906,
		0,
		0.652791,
		-0.182171,
		-0.660458,
		1,
	},
	[0.6166666666666667] = {
		0.750899,
		-0.570613,
		-0.332494,
		0,
		-0.660416,
		-0.647886,
		-0.379597,
		0,
		0.001185,
		0.504623,
		-0.863339,
		0,
		0.102273,
		-0.020682,
		-0.586918,
		1,
	},
	[0.6333333333333333] = {
		0.712496,
		-0.561086,
		-0.421345,
		0,
		-0.701663,
		-0.566113,
		-0.432649,
		0,
		0.004224,
		0.603903,
		-0.797047,
		0,
		0.044719,
		0.014256,
		-0.580441,
		1,
	},
	[0.65] = {
		0.686985,
		-0.547824,
		-0.47743,
		0,
		-0.726576,
		-0.507181,
		-0.463524,
		0,
		0.011786,
		0.665324,
		-0.746462,
		0,
		0.006368,
		0.038283,
		-0.576025,
		1,
	},
	[0.6666666666666666] = {
		0.677677,
		-0.542139,
		-0.49683,
		0,
		-0.735187,
		-0.484851,
		-0.47373,
		0,
		0.015939,
		0.686298,
		-0.727146,
		0,
		-0.00759,
		0.046977,
		-0.57445,
		1,
	},
	[0.6833333333333333] = {
		0.677292,
		-0.542996,
		-0.496418,
		0,
		-0.735533,
		-0.484772,
		-0.473273,
		0,
		0.016336,
		0.685676,
		-0.727724,
		0,
		-0.007597,
		0.046499,
		-0.574489,
		1,
	},
	[0.6] = {
		0.796838,
		-0.563832,
		-0.217124,
		0,
		-0.604086,
		-0.736689,
		-0.303924,
		0,
		0.011409,
		0.37334,
		-0.927624,
		0,
		0.173827,
		-0.061972,
		-0.594618,
		1,
	},
	[0.7166666666666667] = {
		0.676496,
		-0.544861,
		-0.495459,
		0,
		-0.736247,
		-0.484714,
		-0.472221,
		0,
		0.017139,
		0.684236,
		-0.729059,
		0,
		-0.007621,
		0.045391,
		-0.574577,
		1,
	},
	[0.7333333333333333] = {
		0.676089,
		-0.54585,
		-0.494925,
		0,
		-0.736611,
		-0.484727,
		-0.47164,
		0,
		0.017541,
		0.683438,
		-0.729798,
		0,
		-0.007636,
		0.044777,
		-0.574625,
		1,
	},
	[0.75] = {
		0.675681,
		-0.546865,
		-0.494362,
		0,
		-0.736976,
		-0.484765,
		-0.471031,
		0,
		0.017941,
		0.6826,
		-0.730572,
		0,
		-0.007654,
		0.044132,
		-0.574675,
		1,
	},
	[0.7666666666666667] = {
		0.675274,
		-0.547895,
		-0.493777,
		0,
		-0.737339,
		-0.484823,
		-0.470401,
		0,
		0.018336,
		0.681731,
		-0.731373,
		0,
		-0.007672,
		0.043463,
		-0.574726,
		1,
	},
	[0.7833333333333333] = {
		0.674871,
		-0.548933,
		-0.493175,
		0,
		-0.737698,
		-0.484901,
		-0.469758,
		0,
		0.018725,
		0.68084,
		-0.732192,
		0,
		-0.007692,
		0.042779,
		-0.574777,
		1,
	},
	[0.7] = {
		0.676898,
		-0.543907,
		-0.495959,
		0,
		-0.735887,
		-0.484728,
		-0.472768,
		0,
		0.016737,
		0.684985,
		-0.728365,
		0,
		-0.007608,
		0.045968,
		-0.574532,
		1,
	},
	[0.8166666666666667] = {
		0.674085,
		-0.550994,
		-0.49195,
		0,
		-0.738397,
		-0.485098,
		-0.468455,
		0,
		0.019472,
		0.679033,
		-0.73385,
		0,
		-0.007734,
		0.04139,
		-0.574878,
		1,
	},
	[0.8333333333333334] = {
		0.673709,
		-0.551999,
		-0.491338,
		0,
		-0.738731,
		-0.485212,
		-0.46781,
		0,
		0.019827,
		0.678134,
		-0.73467,
		0,
		-0.007755,
		0.040701,
		-0.574927,
		1,
	},
	[0.85] = {
		0.673347,
		-0.552974,
		-0.490737,
		0,
		-0.739051,
		-0.485333,
		-0.467178,
		0,
		0.020167,
		0.677253,
		-0.735474,
		0,
		-0.007776,
		0.040025,
		-0.574974,
		1,
	},
	[0.8666666666666667] = {
		0.673003,
		-0.553912,
		-0.490152,
		0,
		-0.739356,
		-0.485458,
		-0.466565,
		0,
		0.020488,
		0.676397,
		-0.736253,
		0,
		-0.007797,
		0.039369,
		-0.575019,
		1,
	},
	[0.8833333333333333] = {
		0.672678,
		-0.554803,
		-0.48959,
		0,
		-0.739643,
		-0.485583,
		-0.46598,
		0,
		0.02079,
		0.675576,
		-0.736997,
		0,
		-0.007817,
		0.038741,
		-0.575061,
		1,
	},
	[0.8] = {
		0.674473,
		-0.549969,
		-0.492564,
		0,
		-0.738052,
		-0.484993,
		-0.469107,
		0,
		0.019104,
		0.679938,
		-0.733021,
		0,
		-0.007713,
		0.042085,
		-0.574828,
		1,
	},
	[0.9166666666666666] = {
		0.672723,
		-0.554634,
		-0.48972,
		0,
		-0.739604,
		-0.485519,
		-0.466109,
		0,
		0.020751,
		0.675761,
		-0.736829,
		0,
		-0.007813,
		0.038883,
		-0.575052,
		1,
	},
	[0.9333333333333333] = {
		0.672319,
		-0.555767,
		-0.488988,
		0,
		-0.73996,
		-0.485703,
		-0.465351,
		0,
		0.021124,
		0.674696,
		-0.737793,
		0,
		-0.007839,
		0.038069,
		-0.575106,
		1,
	},
	[0.95] = {
		0.671966,
		-0.556766,
		-0.488338,
		0,
		-0.740271,
		-0.485871,
		-0.46468,
		0,
		0.021449,
		0.673752,
		-0.738646,
		0,
		-0.007863,
		0.037347,
		-0.575153,
		1,
	},
	[0.9666666666666667] = {
		0.671667,
		-0.557615,
		-0.487781,
		0,
		-0.740535,
		-0.486018,
		-0.464106,
		0,
		0.021723,
		0.672943,
		-0.739375,
		0,
		-0.007883,
		0.036729,
		-0.575192,
		1,
	},
	[0.9833333333333333] = {
		0.671426,
		-0.5583,
		-0.487327,
		0,
		-0.740746,
		-0.486139,
		-0.463641,
		0,
		0.021942,
		0.672287,
		-0.739965,
		0,
		-0.007899,
		0.036229,
		-0.575224,
		1,
	},
	[0.9] = {
		0.673171,
		-0.553379,
		-0.490522,
		0,
		-0.739207,
		-0.485322,
		-0.466942,
		0,
		0.020335,
		0.67693,
		-0.735767,
		0,
		-0.007785,
		0.039779,
		-0.574991,
		1,
	},
	[1.0166666666666666] = {
		0.671139,
		-0.559122,
		-0.486779,
		0,
		-0.740999,
		-0.48629,
		-0.46308,
		0,
		0.022202,
		0.671494,
		-0.740677,
		0,
		-0.00792,
		0.035624,
		-0.575261,
		1,
	},
	[1.0333333333333334] = {
		0.671102,
		-0.559231,
		-0.486707,
		0,
		-0.741032,
		-0.486311,
		-0.463005,
		0,
		0.022236,
		0.671389,
		-0.740772,
		0,
		-0.007922,
		0.035544,
		-0.575266,
		1,
	},
	{
		0.671249,
		-0.558807,
		-0.48699,
		0,
		-0.740902,
		-0.486232,
		-0.463295,
		0,
		0.022103,
		0.671798,
		-0.740404,
		0,
		-0.007912,
		0.035856,
		-0.575247,
		1,
	},
}

return spline_matrices
