-- chunkname: @content/characters/player/human/first_person/animations/saw/swing_right_diagonal_up.lua

local spline_matrices = {
	[0.016666666666666666] = {
		0.835694,
		0.198473,
		-0.512077,
		0,
		-0.481957,
		-0.182009,
		-0.857083,
		0,
		-0.263311,
		0.963058,
		-0.056448,
		0,
		-0.108636,
		0.0473,
		-0.648317,
		1,
	},
	[0.03333333333333333] = {
		0.787483,
		0.530078,
		-0.314465,
		0,
		-0.409263,
		0.068232,
		-0.909862,
		0,
		-0.460841,
		0.845199,
		0.270673,
		0,
		-0.13188,
		0.064811,
		-0.639315,
		1,
	},
	[0.05] = {
		0.635469,
		0.769845,
		0.059313,
		0,
		-0.349901,
		0.355599,
		-0.866671,
		0,
		-0.688294,
		0.529989,
		0.495341,
		0,
		-0.160429,
		0.087891,
		-0.62814,
		1,
	},
	[0.06666666666666667] = {
		0.3873,
		0.814601,
		0.431768,
		0,
		-0.394877,
		0.569755,
		-0.72073,
		0,
		-0.833109,
		0.108644,
		0.542334,
		0,
		-0.195989,
		0.114012,
		-0.611351,
		1,
	},
	[0.08333333333333333] = {
		0.193109,
		0.752741,
		0.629357,
		0,
		-0.548091,
		0.614781,
		-0.567134,
		0,
		-0.813822,
		-0.235426,
		0.53129,
		0,
		-0.239702,
		0.137829,
		-0.587922,
		1,
	},
	[0] = {
		0.801799,
		-0.17356,
		-0.571836,
		0,
		-0.59109,
		-0.371131,
		-0.716153,
		0,
		-0.08793,
		0.912217,
		-0.400161,
		0,
		-0.094399,
		0.036525,
		-0.652163,
		1,
	},
	[0.11666666666666667] = {
		-0.021441,
		0.515413,
		0.856674,
		0,
		-0.816746,
		0.485155,
		-0.312332,
		0,
		-0.576599,
		-0.706382,
		0.410559,
		0,
		-0.328404,
		0.187445,
		-0.537036,
		1,
	},
	[0.13333333333333333] = {
		-0.061141,
		0.383605,
		0.921471,
		0,
		-0.89889,
		0.380153,
		-0.217899,
		0,
		-0.433887,
		-0.841624,
		0.321575,
		0,
		-0.359252,
		0.212962,
		-0.506284,
		1,
	},
	[0.15] = {
		-0.084225,
		0.271553,
		0.958731,
		0,
		-0.957094,
		0.245679,
		-0.153668,
		0,
		-0.277269,
		-0.930538,
		0.239209,
		0,
		-0.384835,
		0.23805,
		-0.478333,
		1,
	},
	[0.16666666666666666] = {
		-0.095251,
		0.160338,
		0.982456,
		0,
		-0.984905,
		0.128117,
		-0.116397,
		0,
		-0.144532,
		-0.978712,
		0.145714,
		0,
		-0.408819,
		0.26625,
		-0.455976,
		1,
	},
	[0.18333333333333332] = {
		-0.10521,
		0.01136,
		0.994385,
		0,
		-0.99285,
		0.0555,
		-0.105682,
		0,
		-0.056389,
		-0.998394,
		0.00544,
		0,
		-0.432104,
		0.299876,
		-0.440041,
		1,
	},
	[0.1] = {
		0.055632,
		0.64801,
		0.759597,
		0,
		-0.70356,
		0.565253,
		-0.430688,
		0,
		-0.708455,
		-0.510462,
		0.48736,
		0,
		-0.284917,
		0.161281,
		-0.562597,
		1,
	},
	[0.21666666666666667] = {
		-0.125649,
		-0.303288,
		0.944579,
		0,
		-0.991859,
		0.018553,
		-0.125981,
		0,
		0.020684,
		-0.952718,
		-0.30315,
		0,
		-0.466269,
		0.376208,
		-0.414948,
		1,
	},
	[0.23333333333333334] = {
		-0.152542,
		-0.39465,
		0.90608,
		0,
		-0.988294,
		0.05873,
		-0.140803,
		0,
		0.002354,
		-0.916952,
		-0.39899,
		0,
		-0.466044,
		0.411346,
		-0.393169,
		1,
	},
	[0.25] = {
		-0.191631,
		-0.411137,
		0.891204,
		0,
		-0.980081,
		0.128408,
		-0.151504,
		0,
		-0.052149,
		-0.902484,
		-0.427554,
		0,
		-0.465603,
		0.448571,
		-0.368546,
		1,
	},
	[0.26666666666666666] = {
		-0.238467,
		-0.37854,
		0.894338,
		0,
		-0.959713,
		0.232776,
		-0.157374,
		0,
		-0.148608,
		-0.895837,
		-0.418799,
		0,
		-0.464421,
		0.491995,
		-0.341712,
		1,
	},
	[0.2833333333333333] = {
		-0.297819,
		-0.333158,
		0.8946,
		0,
		-0.906786,
		0.391661,
		-0.156017,
		0,
		-0.298402,
		-0.857675,
		-0.418747,
		0,
		-0.43405,
		0.54075,
		-0.312777,
		1,
	},
	[0.2] = {
		-0.112527,
		-0.156465,
		0.981252,
		0,
		-0.993649,
		0.017657,
		-0.111133,
		0,
		6.2e-05,
		-0.987526,
		-0.157458,
		0,
		-0.454412,
		0.337687,
		-0.42904,
		1,
	},
	[0.31666666666666665] = {
		-0.543747,
		-0.344985,
		0.765065,
		0,
		-0.367987,
		0.917307,
		0.152098,
		0,
		-0.754271,
		-0.198831,
		-0.625733,
		0,
		-0.263608,
		0.663754,
		-0.216539,
		1,
	},
	[0.3333333333333333] = {
		-0.729406,
		-0.290312,
		0.619424,
		0,
		0.057831,
		0.876074,
		0.478697,
		0,
		-0.681633,
		0.384986,
		-0.622224,
		0,
		-0.135311,
		0.701899,
		-0.143922,
		1,
	},
	[0.35] = {
		-0.754188,
		-0.237002,
		0.612398,
		0,
		0.354762,
		0.637725,
		0.683704,
		0,
		-0.55258,
		0.732897,
		-0.396885,
		0,
		-0.007899,
		0.709711,
		-0.073882,
		1,
	},
	[0.36666666666666664] = {
		-0.721536,
		-0.171717,
		0.670745,
		0,
		0.559425,
		0.426219,
		0.710902,
		0,
		-0.407958,
		0.888173,
		-0.211469,
		0,
		0.124042,
		0.704725,
		-0.020857,
		1,
	},
	[0.38333333333333336] = {
		-0.7587,
		-0.113134,
		0.641542,
		0,
		0.60443,
		0.245069,
		0.758028,
		0,
		-0.242981,
		0.962882,
		-0.117552,
		0,
		0.27988,
		0.670965,
		0.045984,
		1,
	},
	[0.3] = {
		-0.366612,
		-0.329834,
		0.869945,
		0,
		-0.754763,
		0.652165,
		-0.070808,
		0,
		-0.543993,
		-0.682562,
		-0.488038,
		0,
		-0.36641,
		0.599418,
		-0.27292,
		1,
	},
	[0.4166666666666667] = {
		-0.829695,
		0.013491,
		0.558055,
		0,
		0.550454,
		-0.14638,
		0.821933,
		0,
		0.092776,
		0.989136,
		0.114025,
		0,
		0.51314,
		0.51671,
		0.133363,
		1,
	},
	[0.43333333333333335] = {
		-0.835208,
		0.115672,
		0.537631,
		0,
		0.477572,
		-0.33218,
		0.813376,
		0,
		0.272675,
		0.936096,
		0.222198,
		0,
		0.600493,
		0.416855,
		0.146874,
		1,
	},
	[0.45] = {
		-0.794848,
		0.223293,
		0.564232,
		0,
		0.407333,
		-0.492867,
		0.768871,
		0,
		0.449774,
		0.840966,
		0.300799,
		0,
		0.639882,
		0.37132,
		0.116025,
		1,
	},
	[0.4666666666666667] = {
		-0.7246,
		0.291758,
		0.624366,
		0,
		0.352669,
		-0.621381,
		0.69965,
		0,
		0.592097,
		0.727161,
		0.347359,
		0,
		0.652727,
		0.31022,
		0.080629,
		1,
	},
	[0.48333333333333334] = {
		-0.62376,
		0.309803,
		0.717597,
		0,
		0.32915,
		-0.728604,
		0.600663,
		0,
		0.708932,
		0.610867,
		0.352502,
		0,
		0.650645,
		0.221491,
		0.040488,
		1,
	},
	[0.4] = {
		-0.804679,
		-0.060141,
		0.590657,
		0,
		0.58819,
		0.054599,
		0.806878,
		0,
		-0.080776,
		0.996696,
		-0.00856,
		0,
		0.410007,
		0.6196,
		0.097988,
		1,
	},
	[0.5166666666666667] = {
		-0.333878,
		0.222214,
		0.916049,
		0,
		0.316984,
		-0.88875,
		0.331125,
		0,
		0.88772,
		0.400929,
		0.226296,
		0,
		0.643173,
		0.006744,
		-0.05856,
		1,
	},
	[0.5333333333333333] = {
		-0.18407,
		0.138914,
		0.973047,
		0,
		0.309413,
		-0.931445,
		0.191506,
		0,
		0.932942,
		0.336324,
		0.128469,
		0,
		0.636534,
		-0.079093,
		-0.112729,
		1,
	},
	[0.55] = {
		-0.03824,
		0.04014,
		0.998462,
		0,
		0.307899,
		-0.950105,
		0.049988,
		0,
		0.95065,
		0.309337,
		0.023973,
		0,
		0.628216,
		-0.14929,
		-0.167909,
		1,
	},
	[0.5666666666666667] = {
		0.117299,
		-0.072599,
		0.990439,
		0,
		0.309691,
		-0.944917,
		-0.105939,
		0,
		0.943574,
		0.319157,
		-0.088354,
		0,
		0.61787,
		-0.218078,
		-0.224029,
		1,
	},
	[0.5833333333333334] = {
		0.275314,
		-0.183396,
		0.943699,
		0,
		0.302348,
		-0.915306,
		-0.266085,
		0,
		0.912572,
		0.358583,
		-0.196547,
		0,
		0.605173,
		-0.279706,
		-0.280643,
		1,
	},
	[0.5] = {
		-0.487921,
		0.284677,
		0.825162,
		0,
		0.322028,
		-0.819936,
		0.47329,
		0,
		0.811315,
		0.496653,
		0.30839,
		0,
		0.647817,
		0.113541,
		-0.006689,
		1,
	},
	[0.6166666666666667] = {
		0.552787,
		-0.347139,
		0.757576,
		0,
		0.234804,
		-0.807384,
		-0.541293,
		0,
		0.799559,
		0.477102,
		-0.364801,
		0,
		0.573777,
		-0.360198,
		-0.394061,
		1,
	},
	[0.6333333333333333] = {
		0.652394,
		-0.390604,
		0.649469,
		0,
		0.177609,
		-0.754294,
		-0.632057,
		0,
		0.736775,
		0.527702,
		-0.422722,
		0,
		0.556655,
		-0.368812,
		-0.451388,
		1,
	},
	[0.65] = {
		0.726216,
		-0.411512,
		0.550698,
		0,
		0.118084,
		-0.714481,
		-0.689618,
		0,
		0.677249,
		0.565841,
		-0.470275,
		0,
		0.54338,
		-0.346099,
		-0.526203,
		1,
	},
	[0.6666666666666666] = {
		0.783978,
		-0.415934,
		0.460845,
		0,
		0.063533,
		-0.684698,
		-0.726053,
		0,
		0.617529,
		0.598488,
		-0.510362,
		0,
		0.531929,
		-0.301005,
		-0.615506,
		1,
	},
	[0.6833333333333333] = {
		0.829678,
		-0.410801,
		0.377992,
		0,
		0.013457,
		-0.662195,
		-0.749211,
		0,
		0.558081,
		0.62669,
		-0.54388,
		0,
		0.513541,
		-0.254436,
		-0.69019,
		1,
	},
	[0.6] = {
		0.424411,
		-0.277823,
		0.861795,
		0,
		0.277876,
		-0.865876,
		-0.415985,
		0,
		0.861777,
		0.416021,
		-0.290286,
		0,
		0.590264,
		-0.328786,
		-0.33733,
		1,
	},
	[0.7166666666666667] = {
		0.893062,
		-0.388579,
		0.226818,
		0,
		-0.076904,
		-0.628527,
		-0.773977,
		0,
		0.443312,
		0.673766,
		-0.591197,
		0,
		0.419161,
		-0.217301,
		-0.703044,
		1,
	},
	[0.7333333333333333] = {
		0.915146,
		-0.370885,
		0.157964,
		0,
		-0.11665,
		-0.618722,
		-0.776901,
		0,
		0.385877,
		0.692551,
		-0.609485,
		0,
		0.336834,
		-0.208121,
		-0.664647,
		1,
	},
	[0.75] = {
		0.931608,
		-0.350917,
		0.09468,
		0,
		-0.152049,
		-0.61287,
		-0.775417,
		0,
		0.330134,
		0.707988,
		-0.624311,
		0,
		0.246264,
		-0.199621,
		-0.626071,
		1,
	},
	[0.7666666666666667] = {
		0.942861,
		-0.331008,
		0.038039,
		0,
		-0.182862,
		-0.609521,
		-0.771392,
		0,
		0.278523,
		0.720359,
		-0.635222,
		0,
		0.161183,
		-0.19165,
		-0.607606,
		1,
	},
	[0.7833333333333333] = {
		0.949569,
		-0.313373,
		-0.010791,
		0,
		-0.209062,
		-0.607094,
		-0.766636,
		0,
		0.233692,
		0.730229,
		-0.641992,
		0,
		0.095305,
		-0.184044,
		-0.60622,
		1,
	},
	[0.7] = {
		0.865208,
		-0.401536,
		0.300307,
		0,
		-0.033244,
		-0.64354,
		-0.76469,
		0,
		0.50031,
		0.651633,
		-0.570144,
		0,
		0.4795,
		-0.2273,
		-0.720978,
		1,
	},
	[0.8166666666666667] = {
		0.953264,
		-0.290597,
		-0.082708,
		0,
		-0.248873,
		-0.6,
		-0.760304,
		0,
		0.171318,
		0.745355,
		-0.64428,
		0,
		0.05113,
		-0.169437,
		-0.60517,
		1,
	},
	[0.8333333333333334] = {
		0.952893,
		-0.282874,
		-0.109441,
		0,
		-0.26408,
		-0.596286,
		-0.758093,
		0,
		0.149187,
		0.751283,
		-0.642898,
		0,
		0.041352,
		-0.162575,
		-0.605341,
		1,
	},
	[0.85] = {
		0.951901,
		-0.276817,
		-0.131368,
		0,
		-0.276746,
		-0.592703,
		-0.756383,
		0,
		0.131517,
		0.756357,
		-0.640803,
		0,
		0.032888,
		-0.156054,
		-0.605894,
		1,
	},
	[0.8666666666666667] = {
		0.950604,
		-0.272285,
		-0.149039,
		0,
		-0.287173,
		-0.589188,
		-0.755241,
		0,
		0.117829,
		0.760736,
		-0.638277,
		0,
		0.025631,
		-0.14988,
		-0.606781,
		1,
	},
	[0.8833333333333333] = {
		0.949211,
		-0.269125,
		-0.163002,
		0,
		-0.295656,
		-0.585693,
		-0.754686,
		0,
		0.107636,
		0.764549,
		-0.635515,
		0,
		0.019475,
		-0.144063,
		-0.607951,
		1,
	},
	[0.8] = {
		0.952563,
		-0.300101,
		-0.05062,
		0,
		-0.230807,
		-0.603935,
		-0.762883,
		0,
		0.19837,
		0.738378,
		-0.644552,
		0,
		0.062334,
		-0.176635,
		-0.605421,
		1,
	},
	[0.9166666666666666] = {
		0.946584,
		-0.266237,
		-0.181923,
		0,
		-0.307899,
		-0.578664,
		-0.755212,
		0,
		0.095793,
		0.770886,
		-0.629729,
		0,
		0.010071,
		-0.13354,
		-0.610914,
		1,
	},
	[0.9333333333333333] = {
		0.945437,
		-0.266151,
		-0.187916,
		0,
		-0.312195,
		-0.575105,
		-0.756167,
		0,
		0.093183,
		0.773575,
		-0.626816,
		0,
		0.006628,
		-0.12886,
		-0.612589,
		1,
	},
	[0.95] = {
		0.9444,
		-0.266721,
		-0.192271,
		0,
		-0.315621,
		-0.57151,
		-0.757469,
		0,
		0.092148,
		0.776039,
		-0.623917,
		0,
		0.003896,
		-0.124586,
		-0.614313,
		1,
	},
	[0.9666666666666667] = {
		0.943448,
		-0.267752,
		-0.195485,
		0,
		-0.318436,
		-0.567884,
		-0.759016,
		0,
		0.092215,
		0.778342,
		-0.621031,
		0,
		0.001782,
		-0.120732,
		-0.616025,
		1,
	},
	[0.9833333333333333] = {
		0.942544,
		-0.269046,
		-0.198051,
		0,
		-0.3209,
		-0.564232,
		-0.760701,
		0,
		0.092917,
		0.780549,
		-0.618151,
		0,
		0.00019,
		-0.117313,
		-0.61766,
		1,
	},
	[0.9] = {
		0.94785,
		-0.267167,
		-0.173789,
		0,
		-0.302474,
		-0.582191,
		-0.754694,
		0,
		0.100451,
		0.767903,
		-0.632641,
		0,
		0.014322,
		-0.138612,
		-0.609348,
		1,
	},
	[1.0166666666666666] = {
		0.940713,
		-0.271603,
		-0.203202,
		0,
		-0.325818,
		-0.556879,
		-0.764021,
		0,
		0.094352,
		0.784932,
		-0.612356,
		0,
		-0.001801,
		-0.111839,
		-0.620456,
		1,
	},
	[1.0333333333333334] = {
		0.939693,
		-0.272445,
		-0.206763,
		0,
		-0.328805,
		-0.553196,
		-0.765416,
		0,
		0.094153,
		0.787241,
		-0.609416,
		0,
		-0.00239,
		-0.109815,
		-0.62149,
		1,
	},
	[1.05] = {
		0.938534,
		-0.272705,
		-0.211629,
		0,
		-0.332501,
		-0.549525,
		-0.766463,
		0,
		0.092723,
		0.789718,
		-0.606423,
		0,
		-0.002834,
		-0.108286,
		-0.622197,
		1,
	},
	[1.0666666666666667] = {
		0.937168,
		-0.272161,
		-0.218277,
		0,
		-0.337177,
		-0.545881,
		-0.767024,
		0,
		0.0896,
		0.792428,
		-0.603349,
		0,
		-0.003225,
		-0.107269,
		-0.622512,
		1,
	},
	{
		0.941647,
		-0.270399,
		-0.200461,
		0,
		-0.323272,
		-0.560561,
		-0.762409,
		0,
		0.093784,
		0.782723,
		-0.615263,
		0,
		-0.000973,
		-0.114344,
		-0.619158,
		1,
	},
}

return spline_matrices
