-- chunkname: @content/characters/player/human/first_person/animations/saw/swing_right_diagonal.lua

local spline_matrices = {
	[0.016666666666666666] = {
		-0.531655,
		0.63668,
		0.558552,
		0,
		0.063526,
		0.687597,
		-0.723308,
		0,
		-0.844575,
		-0.349068,
		-0.406011,
		0,
		0.030508,
		0.217569,
		-0.494866,
		1,
	},
	[0.03333333333333333] = {
		-0.542906,
		0.593602,
		0.594045,
		0,
		-0.03167,
		0.692395,
		-0.720823,
		0,
		-0.839196,
		-0.410153,
		-0.357106,
		0,
		0.010156,
		0.207708,
		-0.485733,
		1,
	},
	[0.05] = {
		-0.543335,
		0.554805,
		0.630062,
		0,
		-0.136964,
		0.681871,
		-0.718536,
		0,
		-0.828268,
		-0.476701,
		-0.294496,
		0,
		-0.018579,
		0.191353,
		-0.471745,
		1,
	},
	[0.06666666666666667] = {
		-0.533237,
		0.522343,
		0.665444,
		0,
		-0.244344,
		0.657984,
		-0.712287,
		0,
		-0.80991,
		-0.542415,
		-0.22323,
		0,
		-0.053143,
		0.169895,
		-0.453864,
		1,
	},
	[0.08333333333333333] = {
		-0.515212,
		0.495665,
		0.699194,
		0,
		-0.34719,
		0.625166,
		-0.699018,
		0,
		-0.783591,
		-0.602896,
		-0.150003,
		0,
		-0.091032,
		0.144917,
		-0.433151,
		1,
	},
	[0] = {
		-0.511933,
		0.680371,
		0.524424,
		0,
		0.140307,
		0.668514,
		-0.730344,
		0,
		-0.84749,
		-0.300307,
		-0.437695,
		0,
		0.039955,
		0.219772,
		-0.498215,
		1,
	},
	[0.11666666666666667] = {
		-0.471521,
		0.442507,
		0.762794,
		0,
		-0.524159,
		0.554975,
		-0.645957,
		0,
		-0.709172,
		-0.704408,
		-0.029738,
		0,
		-0.167392,
		0.091187,
		-0.388145,
		1,
	},
	[0.13333333333333333] = {
		-0.45332,
		0.400688,
		0.79621,
		0,
		-0.596812,
		0.527035,
		-0.60502,
		0,
		-0.662055,
		-0.749455,
		0.00022,
		0,
		-0.201562,
		0.065805,
		-0.366517,
		1,
	},
	[0.15] = {
		-0.47457,
		0.332477,
		0.815011,
		0,
		-0.644932,
		0.498801,
		-0.579017,
		0,
		-0.599038,
		-0.80041,
		-0.02229,
		0,
		-0.2339,
		0.042273,
		-0.343525,
		1,
	},
	[0.16666666666666666] = {
		-0.526911,
		0.242094,
		0.814712,
		0,
		-0.668273,
		0.474268,
		-0.573132,
		0,
		-0.525144,
		-0.84644,
		-0.088112,
		0,
		-0.268063,
		0.021486,
		-0.315343,
		1,
	},
	[0.18333333333333332] = {
		-0.560942,
		0.140174,
		0.815902,
		0,
		-0.691439,
		0.462652,
		-0.554857,
		0,
		-0.455255,
		-0.875388,
		-0.162599,
		0,
		-0.304837,
		0.005252,
		-0.281329,
		1,
	},
	[0.1] = {
		-0.49324,
		0.471196,
		0.731224,
		0,
		-0.441093,
		0.589037,
		-0.677106,
		0,
		-0.749768,
		-0.656514,
		-0.082695,
		0,
		-0.129859,
		0.118111,
		-0.410807,
		1,
	},
	[0.21666666666666667] = {
		-0.431176,
		-0.144726,
		0.890585,
		0,
		-0.843479,
		0.415119,
		-0.34091,
		0,
		-0.32036,
		-0.898182,
		-0.301062,
		0,
		-0.386928,
		-0.010836,
		-0.194154,
		1,
	},
	[0.23333333333333334] = {
		0.050889,
		-0.435416,
		0.89879,
		0,
		-0.988384,
		0.107087,
		0.10784,
		0,
		-0.143204,
		-0.893837,
		-0.424909,
		0,
		-0.437275,
		-0.024711,
		-0.126258,
		1,
	},
	[0.25] = {
		0.798539,
		-0.324547,
		0.506956,
		0,
		-0.590218,
		-0.587579,
		0.553529,
		0,
		0.11823,
		-0.741229,
		-0.660758,
		0,
		-0.455357,
		-0.070165,
		-0.047878,
		1,
	},
	[0.26666666666666666] = {
		0.932406,
		0.027174,
		0.360391,
		0,
		-0.212921,
		-0.764447,
		0.608511,
		0,
		0.292035,
		-0.644114,
		-0.706988,
		0,
		-0.449649,
		-0.091247,
		0.001912,
		1,
	},
	[0.2833333333333333] = {
		0.841928,
		0.083255,
		0.533128,
		0,
		-0.430967,
		-0.490777,
		0.757235,
		0,
		0.324691,
		-0.867298,
		-0.377319,
		0,
		-0.463427,
		-0.080375,
		0.047562,
		1,
	},
	[0.2] = {
		-0.545066,
		0.020798,
		0.838135,
		0,
		-0.74094,
		0.455842,
		-0.493169,
		0,
		-0.392315,
		-0.889817,
		-0.233054,
		0,
		-0.344353,
		-0.005506,
		-0.241357,
		1,
	},
	[0.31666666666666665] = {
		0.674346,
		0.080171,
		0.734051,
		0,
		-0.68175,
		0.4495,
		0.577206,
		0,
		-0.28368,
		-0.889676,
		0.357775,
		0,
		-0.326962,
		0.291613,
		0.083002,
		1,
	},
	[0.3333333333333333] = {
		0.581767,
		0.015945,
		0.813199,
		0,
		-0.485822,
		0.808672,
		0.331703,
		0,
		-0.652322,
		-0.588044,
		0.478205,
		0,
		-0.207061,
		0.515655,
		0.069987,
		1,
	},
	[0.35] = {
		0.512455,
		-0.084021,
		0.854594,
		0,
		0.06759,
		0.996061,
		0.057399,
		0,
		-0.85605,
		0.028348,
		0.516115,
		0,
		-0.072985,
		0.665819,
		0.015903,
		1,
	},
	[0.36666666666666664] = {
		0.485948,
		-0.110607,
		0.866961,
		0,
		0.54483,
		0.813966,
		-0.201541,
		0,
		-0.683385,
		0.570285,
		0.455807,
		0,
		0.069928,
		0.740691,
		-0.063866,
		1,
	},
	[0.38333333333333336] = {
		0.525629,
		-0.014957,
		0.850582,
		0,
		0.535469,
		0.78275,
		-0.317136,
		0,
		-0.66105,
		0.622156,
		0.419446,
		0,
		0.185933,
		0.742622,
		-0.134848,
		1,
	},
	[0.3] = {
		0.742883,
		0.098163,
		0.662185,
		0,
		-0.662448,
		-0.034603,
		0.748308,
		0,
		0.09637,
		-0.994569,
		0.039322,
		0,
		-0.429924,
		0.046043,
		0.073963,
		1,
	},
	[0.4166666666666667] = {
		0.460638,
		-0.031463,
		0.88703,
		0,
		0.532085,
		0.809681,
		-0.247594,
		0,
		-0.710421,
		0.586027,
		0.38971,
		0,
		0.424887,
		0.617445,
		-0.230856,
		1,
	},
	[0.43333333333333335] = {
		0.409934,
		-0.076339,
		0.908915,
		0,
		0.650258,
		0.723253,
		-0.23253,
		0,
		-0.639624,
		0.686351,
		0.346126,
		0,
		0.523752,
		0.506571,
		-0.26583,
		1,
	},
	[0.45] = {
		0.389556,
		-0.09432,
		0.91616,
		0,
		0.831532,
		0.463703,
		-0.305833,
		0,
		-0.39598,
		0.880956,
		0.259069,
		0,
		0.618711,
		0.435192,
		-0.309916,
		1,
	},
	[0.4666666666666667] = {
		0.370521,
		-0.115452,
		0.921621,
		0,
		0.928628,
		0.025657,
		-0.370124,
		0,
		0.019086,
		0.992982,
		0.116718,
		0,
		0.741398,
		0.359804,
		-0.351522,
		1,
	},
	[0.48333333333333334] = {
		0.346518,
		-0.131852,
		0.92873,
		0,
		0.825384,
		-0.427585,
		-0.368663,
		0,
		0.44572,
		0.894307,
		-0.039337,
		0,
		0.804709,
		0.275196,
		-0.382561,
		1,
	},
	[0.4] = {
		0.519185,
		0.04985,
		0.853207,
		0,
		0.46214,
		0.823391,
		-0.329324,
		0,
		-0.71894,
		0.565281,
		0.404454,
		0,
		0.302113,
		0.705326,
		-0.180621,
		1,
	},
	[0.5166666666666667] = {
		0.357829,
		-0.136879,
		0.923701,
		0,
		0.278534,
		-0.928521,
		-0.245493,
		0,
		0.891279,
		0.345127,
		-0.294126,
		0,
		0.793745,
		0.111062,
		-0.443273,
		1,
	},
	[0.5333333333333333] = {
		0.417752,
		-0.144946,
		0.896925,
		0,
		0.018433,
		-0.985637,
		-0.167867,
		0,
		0.908374,
		0.086659,
		-0.40908,
		0,
		0.787752,
		0.040614,
		-0.491973,
		1,
	},
	[0.55] = {
		0.555487,
		-0.164925,
		0.815005,
		0,
		-0.191754,
		-0.979123,
		-0.067442,
		0,
		0.809113,
		-0.118817,
		-0.575515,
		0,
		0.78223,
		-0.026086,
		-0.56211,
		1,
	},
	[0.5666666666666667] = {
		0.691473,
		-0.231891,
		0.684172,
		0,
		-0.338014,
		-0.940867,
		0.022727,
		0,
		0.638444,
		-0.246975,
		-0.728967,
		0,
		0.733093,
		-0.073715,
		-0.589181,
		1,
	},
	[0.5833333333333334] = {
		0.745406,
		-0.322546,
		0.583381,
		0,
		-0.403378,
		-0.914984,
		0.009524,
		0,
		0.530713,
		-0.242422,
		-0.812143,
		0,
		0.688641,
		-0.110877,
		-0.614938,
		1,
	},
	[0.5] = {
		0.336058,
		-0.134678,
		0.932163,
		0,
		0.577782,
		-0.752131,
		-0.316966,
		0,
		0.743796,
		0.645106,
		-0.174945,
		0,
		0.803631,
		0.189056,
		-0.40882,
		1,
	},
	[0.6166666666666667] = {
		0.782608,
		-0.443368,
		0.436978,
		0,
		-0.482071,
		-0.875769,
		-0.025208,
		0,
		0.393869,
		-0.190926,
		-0.899119,
		0,
		0.580162,
		-0.173411,
		-0.667071,
		1,
	},
	[0.6333333333333333] = {
		0.791429,
		-0.471755,
		0.3887,
		0,
		-0.500888,
		-0.864993,
		-0.029967,
		0,
		0.35036,
		-0.170979,
		-0.920877,
		0,
		0.518376,
		-0.186792,
		-0.679378,
		1,
	},
	[0.65] = {
		0.80318,
		-0.497179,
		0.328198,
		0,
		-0.50183,
		-0.861531,
		-0.077012,
		0,
		0.321042,
		-0.102845,
		-0.941464,
		0,
		0.454134,
		-0.182841,
		-0.675379,
		1,
	},
	[0.6666666666666666] = {
		0.814549,
		-0.517498,
		0.262119,
		0,
		-0.500334,
		-0.855402,
		-0.133992,
		0,
		0.293558,
		-0.022004,
		-0.955688,
		0,
		0.391269,
		-0.171795,
		-0.66912,
		1,
	},
	[0.6833333333333333] = {
		0.825091,
		-0.531232,
		0.192401,
		0,
		-0.498658,
		-0.844791,
		-0.194082,
		0,
		0.265641,
		0.064193,
		-0.961932,
		0,
		0.331669,
		-0.154765,
		-0.661006,
		1,
	},
	[0.6] = {
		0.77071,
		-0.40009,
		0.495917,
		0,
		-0.443386,
		-0.895703,
		-0.033554,
		0,
		0.457619,
		-0.194023,
		-0.867721,
		0,
		0.636815,
		-0.145875,
		-0.642979,
		1,
	},
	[0.7166666666666667] = {
		0.842623,
		-0.536093,
		0.050891,
		0,
		-0.498092,
		-0.81182,
		-0.304717,
		0,
		0.204671,
		0.231413,
		-0.951082,
		0,
		0.226749,
		-0.108017,
		-0.640982,
		1,
	},
	[0.7333333333333333] = {
		0.850044,
		-0.526396,
		-0.018227,
		0,
		-0.496297,
		-0.788892,
		-0.362407,
		0,
		0.17639,
		0.317108,
		-0.931842,
		0,
		0.178165,
		-0.081339,
		-0.629873,
		1,
	},
	[0.75] = {
		0.856268,
		-0.509815,
		-0.08303,
		0,
		-0.494106,
		-0.761589,
		-0.419335,
		0,
		0.150549,
		0.400089,
		-0.904026,
		0,
		0.132471,
		-0.054246,
		-0.618637,
		1,
	},
	[0.7666666666666667] = {
		0.86097,
		-0.488701,
		-0.141074,
		0,
		-0.492491,
		-0.731543,
		-0.471484,
		0,
		0.127213,
		0.475411,
		-0.870518,
		0,
		0.090528,
		-0.02835,
		-0.607787,
		1,
	},
	[0.7833333333333333] = {
		0.863887,
		-0.46621,
		-0.190648,
		0,
		-0.492282,
		-0.701426,
		-0.515422,
		0,
		0.10657,
		0.539119,
		-0.83546,
		0,
		0.053193,
		-0.005295,
		-0.597891,
		1,
	},
	[0.7] = {
		0.834375,
		-0.537628,
		0.121546,
		0,
		-0.49841,
		-0.830065,
		-0.250158,
		0,
		0.235383,
		0.148146,
		-0.960545,
		0,
		0.277261,
		-0.13299,
		-0.651489,
		1,
	},
	[0.8166666666666667] = {
		0.863703,
		-0.430852,
		-0.261504,
		0,
		-0.498438,
		-0.653315,
		-0.569859,
		0,
		0.07468,
		0.622532,
		-0.779023,
		0,
		-0.003864,
		0.026796,
		-0.583383,
		1,
	},
	[0.8333333333333334] = {
		0.861475,
		-0.420857,
		-0.284149,
		0,
		-0.503785,
		-0.638102,
		-0.58226,
		0,
		0.063733,
		0.644752,
		-0.76173,
		0,
		-0.023204,
		0.035647,
		-0.579022,
		1,
	},
	[0.85] = {
		0.859438,
		-0.413159,
		-0.301109,
		0,
		-0.508193,
		-0.626202,
		-0.591279,
		0,
		0.055737,
		0.661189,
		-0.748146,
		0,
		-0.038067,
		0.04234,
		-0.575659,
		1,
	},
	[0.8666666666666667] = {
		0.857707,
		-0.407791,
		-0.313122,
		0,
		-0.511671,
		-0.617427,
		-0.597476,
		0,
		0.050315,
		0.672674,
		-0.738226,
		0,
		-0.048867,
		0.047074,
		-0.573217,
		1,
	},
	[0.8833333333333333] = {
		0.856336,
		-0.404666,
		-0.320833,
		0,
		-0.514264,
		-0.611529,
		-0.601302,
		0,
		0.047128,
		0.67991,
		-0.73178,
		0,
		-0.056017,
		0.050042,
		-0.57161,
		1,
	},
	[0.8] = {
		0.86485,
		-0.445782,
		-0.230895,
		0,
		-0.494085,
		-0.674297,
		-0.54882,
		0,
		0.088962,
		0.588729,
		-0.80342,
		0,
		0.021414,
		0.013546,
		-0.589552,
		1,
	},
	[0.9166666666666666] = {
		0.854669,
		-0.404391,
		-0.325589,
		0,
		-0.517109,
		-0.607202,
		-0.603245,
		0,
		0.046249,
		0.68394,
		-0.728071,
		0,
		-0.061016,
		0.051446,
		-0.570531,
		1,
	},
	[0.9333333333333333] = {
		0.854305,
		-0.406733,
		-0.323622,
		0,
		-0.51755,
		-0.608139,
		-0.601921,
		0,
		0.048014,
		0.681715,
		-0.730041,
		0,
		-0.059686,
		0.050266,
		-0.570866,
		1,
	},
	[0.95] = {
		0.854183,
		-0.41034,
		-0.319364,
		0,
		-0.517474,
		-0.610704,
		-0.599384,
		0,
		0.050914,
		0.677246,
		-0.733993,
		0,
		-0.056349,
		0.04809,
		-0.571652,
		1,
	},
	[0.9666666666666667] = {
		0.854242,
		-0.414903,
		-0.313252,
		0,
		-0.51699,
		-0.614558,
		-0.595852,
		0,
		0.054709,
		0.67095,
		-0.739482,
		0,
		-0.051412,
		0.045115,
		-0.572791,
		1,
	},
	[0.9833333333333333] = {
		0.854422,
		-0.420115,
		-0.305723,
		0,
		-0.5162,
		-0.619366,
		-0.591543,
		0,
		0.059162,
		0.663242,
		-0.746063,
		0,
		-0.045281,
		0.041541,
		-0.574187,
		1,
	},
	[0.9] = {
		0.855331,
		-0.403611,
		-0.324817,
		0,
		-0.516047,
		-0.608224,
		-0.603124,
		0,
		0.045866,
		0.683492,
		-0.728515,
		0,
		-0.05993,
		0.051435,
		-0.570747,
		1,
	},
	[1.0166666666666666] = {
		0.854938,
		-0.431296,
		-0.288209,
		0,
		-0.514108,
		-0.630502,
		-0.581516,
		0,
		0.06909,
		0.645331,
		-0.760773,
		0,
		-0.031059,
		0.033416,
		-0.577373,
		1,
	},
	[1.0333333333333334] = {
		0.855193,
		-0.43671,
		-0.27916,
		0,
		-0.512989,
		-0.636176,
		-0.5763,
		0,
		0.074081,
		0.636054,
		-0.76808,
		0,
		-0.023774,
		0.029283,
		-0.578982,
		1,
	},
	[1.05] = {
		0.855407,
		-0.441667,
		-0.270571,
		0,
		-0.511933,
		-0.641499,
		-0.571318,
		0,
		0.078761,
		0.627224,
		-0.774846,
		0,
		-0.01691,
		0.025389,
		-0.580485,
		1,
	},
	[1.0666666666666667] = {
		0.855567,
		-0.445939,
		-0.262951,
		0,
		-0.511014,
		-0.646163,
		-0.566867,
		0,
		0.082879,
		0.619364,
		-0.780717,
		0,
		-0.010867,
		0.02195,
		-0.581798,
		1,
	},
	[1.0833333333333333] = {
		0.855665,
		-0.449311,
		-0.25682,
		0,
		-0.510304,
		-0.649868,
		-0.563259,
		0,
		0.086179,
		0.613018,
		-0.785355,
		0,
		-0.006048,
		0.019185,
		-0.582839,
		1,
	},
	{
		0.85467,
		-0.425675,
		-0.297222,
		0,
		-0.515208,
		-0.62479,
		-0.586684,
		0,
		0.064035,
		0.654552,
		-0.7533,
		0,
		-0.038362,
		0.037572,
		-0.575745,
		1,
	},
	[1.1166666666666667] = {
		0.855656,
		-0.452534,
		-0.251129,
		0,
		-0.509782,
		-0.653221,
		-0.559844,
		0,
		0.089306,
		0.607055,
		-0.789626,
		0,
		-0.00168,
		0.016553,
		-0.583774,
		1,
	},
	[1.1333333333333333] = {
		0.855615,
		-0.452649,
		-0.25106,
		0,
		-0.509836,
		-0.653234,
		-0.559778,
		0,
		0.089382,
		0.606955,
		-0.789694,
		0,
		-0.001667,
		0.016486,
		-0.583776,
		1,
	},
	[1.1] = {
		0.855696,
		-0.451579,
		-0.252706,
		0,
		-0.509871,
		-0.652319,
		-0.560813,
		0,
		0.088406,
		0.608733,
		-0.788434,
		0,
		-0.002852,
		0.017313,
		-0.583525,
		1,
	},
}

return spline_matrices
