-- chunkname: @content/characters/player/human/first_person/animations/saw/swing_left_diagonal_up.lua

local spline_matrices = {
	[0.016666666666666666] = {
		0.937595,
		-0.347157,
		-0.019915,
		0,
		-0.172136,
		-0.413615,
		-0.894031,
		0,
		0.302132,
		0.841667,
		-0.447562,
		0,
		-0.096419,
		0.067251,
		-0.746341,
		1,
	},
	[0.03333333333333333] = {
		0.859837,
		-0.503874,
		0.082412,
		0,
		-0.134569,
		-0.379358,
		-0.915412,
		0,
		0.492516,
		0.776015,
		-0.393992,
		0,
		-0.06107,
		0.085179,
		-0.730767,
		1,
	},
	[0.05] = {
		0.399815,
		-0.914904,
		0.055655,
		0,
		-0.17751,
		-0.136856,
		-0.974557,
		0,
		0.899243,
		0.379763,
		-0.217122,
		0,
		-0.004133,
		0.12242,
		-0.704102,
		1,
	},
	[0.06666666666666667] = {
		-0.222129,
		-0.965545,
		-0.135577,
		0,
		-0.125983,
		0.166308,
		-0.977993,
		0,
		0.966844,
		-0.20016,
		-0.158585,
		0,
		0.066429,
		0.154542,
		-0.665707,
		1,
	},
	[0.08333333333333333] = {
		-0.466205,
		-0.796001,
		-0.386051,
		0,
		-0.040531,
		0.455135,
		-0.889499,
		0,
		0.883748,
		-0.399042,
		-0.244449,
		0,
		0.133998,
		0.191956,
		-0.618167,
		1,
	},
	[0] = {
		0.946797,
		-0.31118,
		-0.082109,
		0,
		-0.203848,
		-0.382428,
		-0.901219,
		0,
		0.249041,
		0.870009,
		-0.425515,
		0,
		-0.109665,
		0.060856,
		-0.743904,
		1,
	},
	[0.11666666666666667] = {
		-0.935577,
		-0.301156,
		-0.184391,
		0,
		-0.012733,
		0.550604,
		-0.83467,
		0,
		0.352892,
		-0.77855,
		-0.518967,
		0,
		0.279622,
		0.245653,
		-0.543799,
		1,
	},
	[0.13333333333333333] = {
		-0.707972,
		-0.403673,
		-0.579502,
		0,
		0.296931,
		0.574361,
		-0.76285,
		0,
		0.640786,
		-0.712149,
		-0.286769,
		0,
		0.381272,
		0.291676,
		-0.479798,
		1,
	},
	[0.15] = {
		-0.703013,
		-0.24481,
		-0.667714,
		0,
		0.413323,
		0.623395,
		-0.663734,
		0,
		0.578738,
		-0.742595,
		-0.337069,
		0,
		0.465552,
		0.332554,
		-0.428914,
		1,
	},
	[0.16666666666666666] = {
		-0.682488,
		-0.112003,
		-0.722264,
		0,
		0.478012,
		0.679154,
		-0.557005,
		0,
		0.552915,
		-0.7254,
		-0.409975,
		0,
		0.529837,
		0.377927,
		-0.380368,
		1,
	},
	[0.18333333333333332] = {
		-0.354268,
		-0.252215,
		-0.90049,
		0,
		0.579046,
		0.696966,
		-0.423017,
		0,
		0.734302,
		-0.671287,
		-0.100869,
		0,
		0.562295,
		0.431517,
		-0.340623,
		1,
	},
	[0.1] = {
		-0.580776,
		-0.702498,
		-0.411335,
		0,
		0.071759,
		0.45914,
		-0.885461,
		0,
		0.810895,
		-0.543771,
		-0.216247,
		0,
		0.207584,
		0.21958,
		-0.576541,
		1,
	},
	[0.21666666666666667] = {
		-0.532399,
		0.111919,
		-0.839062,
		0,
		0.181895,
		0.983192,
		0.015728,
		0,
		0.82672,
		-0.144247,
		-0.543808,
		0,
		0.466373,
		0.562543,
		-0.271645,
		1,
	},
	[0.23333333333333334] = {
		-0.544034,
		0.031296,
		-0.838479,
		0,
		-0.228586,
		0.955978,
		0.183996,
		0,
		0.807326,
		0.291764,
		-0.512931,
		0,
		0.326759,
		0.646908,
		-0.213903,
		1,
	},
	[0.25] = {
		-0.59556,
		0.029564,
		-0.802767,
		0,
		-0.42299,
		0.838022,
		0.344672,
		0,
		0.682926,
		0.544835,
		-0.486587,
		0,
		0.185599,
		0.702952,
		-0.144567,
		1,
	},
	[0.26666666666666666] = {
		-0.612091,
		0.040462,
		-0.789751,
		0,
		-0.630845,
		0.577223,
		0.518505,
		0,
		0.476842,
		0.815584,
		-0.327788,
		0,
		0.050858,
		0.711417,
		-0.064067,
		1,
	},
	[0.2833333333333333] = {
		-0.563327,
		-0.047494,
		-0.824868,
		0,
		-0.805067,
		0.256083,
		0.535059,
		0,
		0.185822,
		0.965487,
		-0.182494,
		0,
		-0.098042,
		0.666814,
		0.006574,
		1,
	},
	[0.2] = {
		-0.55083,
		0.126426,
		-0.824987,
		0,
		0.515246,
		0.829126,
		-0.216961,
		0,
		0.656588,
		-0.54458,
		-0.521848,
		0,
		0.553055,
		0.479792,
		-0.321961,
		1,
	},
	[0.31666666666666665] = {
		-0.585285,
		-0.074381,
		-0.807409,
		0,
		-0.740292,
		-0.3572,
		0.569539,
		0,
		-0.33077,
		0.931061,
		0.154001,
		0,
		-0.348503,
		0.486796,
		0.118336,
		1,
	},
	[0.3333333333333333] = {
		-0.599411,
		-0.100913,
		-0.794055,
		0,
		-0.640125,
		-0.535155,
		0.551224,
		0,
		-0.480569,
		0.838704,
		0.256181,
		0,
		-0.412476,
		0.369363,
		0.155006,
		1,
	},
	[0.35] = {
		-0.547478,
		-0.096784,
		-0.831204,
		0,
		-0.567959,
		-0.686501,
		0.454025,
		0,
		-0.614565,
		0.720659,
		0.320875,
		0,
		-0.430244,
		0.228703,
		0.164278,
		1,
	},
	[0.36666666666666664] = {
		-0.498911,
		-0.028116,
		-0.866197,
		0,
		-0.511142,
		-0.797587,
		0.320295,
		0,
		-0.699873,
		0.602548,
		0.383554,
		0,
		-0.434129,
		0.092693,
		0.154186,
		1,
	},
	[0.38333333333333336] = {
		-0.452646,
		0.06144,
		-0.889571,
		0,
		-0.465314,
		-0.867295,
		0.176867,
		0,
		-0.760654,
		0.493988,
		0.421167,
		0,
		-0.438387,
		-0.010788,
		0.132123,
		1,
	},
	[0.3] = {
		-0.576561,
		-0.026884,
		-0.816612,
		0,
		-0.812685,
		-0.084355,
		0.576566,
		0,
		-0.084385,
		0.996073,
		0.026788,
		0,
		-0.23999,
		0.586804,
		0.068718,
		1,
	},
	[0.4166666666666667] = {
		-0.320749,
		0.1636,
		-0.932928,
		0,
		-0.372432,
		-0.927415,
		-0.034588,
		0,
		-0.87087,
		0.336358,
		0.358398,
		0,
		-0.439259,
		-0.130074,
		0.074388,
		1,
	},
	[0.43333333333333335] = {
		-0.194159,
		0.192574,
		-0.961882,
		0,
		-0.310895,
		-0.942075,
		-0.125853,
		0,
		-0.930401,
		0.274609,
		0.242782,
		0,
		-0.437045,
		-0.168523,
		0.028177,
		1,
	},
	[0.45] = {
		-0.02446,
		0.221064,
		-0.974952,
		0,
		-0.231611,
		-0.949963,
		-0.209587,
		0,
		-0.972501,
		0.220684,
		0.074437,
		0,
		-0.432608,
		-0.197015,
		-0.024768,
		1,
	},
	[0.4666666666666667] = {
		0.175687,
		0.252007,
		-0.951644,
		0,
		-0.134512,
		-0.951468,
		-0.276793,
		0,
		-0.975213,
		0.176636,
		-0.133263,
		0,
		-0.425262,
		-0.214114,
		-0.077226,
		1,
	},
	[0.48333333333333334] = {
		0.380601,
		0.284954,
		-0.879741,
		0,
		-0.027729,
		-0.947395,
		-0.318863,
		0,
		-0.924324,
		0.145754,
		-0.352678,
		0,
		-0.414654,
		-0.223159,
		-0.126616,
		1,
	},
	[0.4] = {
		-0.401211,
		0.128204,
		-0.90697,
		0,
		-0.421743,
		-0.904816,
		0.058664,
		0,
		-0.813119,
		0.406044,
		0.417091,
		0,
		-0.43993,
		-0.082924,
		0.106992,
		1,
	},
	[0.5166666666666667] = {
		0.6881,
		0.341975,
		-0.639977,
		0,
		0.154283,
		-0.930764,
		-0.331474,
		0,
		-0.709024,
		0.12935,
		-0.69322,
		0,
		-0.385399,
		-0.230667,
		-0.220163,
		1,
	},
	[0.5333333333333333] = {
		0.764332,
		0.359056,
		-0.535608,
		0,
		0.204743,
		-0.922781,
		-0.326429,
		0,
		-0.611455,
		0.139838,
		-0.778825,
		0,
		-0.369158,
		-0.229759,
		-0.262824,
		1,
	},
	[0.55] = {
		0.794297,
		0.367915,
		-0.483457,
		0,
		0.221207,
		-0.916294,
		-0.333875,
		0,
		-0.565827,
		0.158251,
		-0.809195,
		0,
		-0.353533,
		-0.226206,
		-0.302498,
		1,
	},
	[0.5666666666666667] = {
		0.780829,
		0.371271,
		-0.502459,
		0,
		0.199783,
		-0.910418,
		-0.36225,
		0,
		-0.59194,
		0.182472,
		-0.785054,
		0,
		-0.339391,
		-0.220305,
		-0.338956,
		1,
	},
	[0.5833333333333334] = {
		0.709501,
		0.373801,
		-0.597395,
		0,
		0.131634,
		-0.903102,
		-0.408752,
		0,
		-0.692301,
		0.211373,
		-0.689957,
		0,
		-0.327049,
		-0.212323,
		-0.371341,
		1,
	},
	[0.5] = {
		0.558778,
		0.316406,
		-0.766586,
		0,
		0.073658,
		-0.93964,
		-0.334143,
		0,
		-0.82604,
		0.130247,
		-0.548356,
		0,
		-0.401022,
		-0.228582,
		-0.174605,
		1,
	},
	[0.6166666666666667] = {
		0.553258,
		0.371547,
		-0.745559,
		0,
		-0.040039,
		-0.882122,
		-0.469316,
		0,
		-0.832047,
		0.289504,
		-0.473165,
		0,
		-0.300823,
		-0.190644,
		-0.429332,
		1,
	},
	[0.6333333333333333] = {
		0.573932,
		0.359607,
		-0.735721,
		0,
		-0.08291,
		-0.868289,
		-0.489081,
		0,
		-0.814695,
		0.341698,
		-0.468524,
		0,
		-0.285432,
		-0.177132,
		-0.459067,
		1,
	},
	[0.65] = {
		0.605657,
		0.344796,
		-0.717144,
		0,
		-0.122346,
		-0.850177,
		-0.512084,
		0,
		-0.786264,
		0.397887,
		-0.472731,
		0,
		-0.269618,
		-0.162243,
		-0.487048,
		1,
	},
	[0.6666666666666666] = {
		0.645428,
		0.326086,
		-0.690717,
		0,
		-0.15819,
		-0.82762,
		-0.538536,
		0,
		-0.747261,
		0.456851,
		-0.482586,
		0,
		-0.253439,
		-0.146194,
		-0.512985,
		1,
	},
	[0.6833333333333333] = {
		0.690046,
		0.302721,
		-0.657416,
		0,
		-0.190249,
		-0.800519,
		-0.568308,
		0,
		-0.698313,
		0.517232,
		-0.494803,
		0,
		-0.236947,
		-0.129216,
		-0.536792,
		1,
	},
	[0.6] = {
		0.546284,
		0.381785,
		-0.745529,
		0,
		0.006202,
		-0.891897,
		-0.452196,
		0,
		-0.837577,
		0.242404,
		-0.489597,
		0,
		-0.315714,
		-0.202573,
		-0.398111,
		1,
	},
	[0.7166666666666667] = {
		0.781221,
		0.24105,
		-0.575837,
		0,
		-0.242641,
		-0.732655,
		-0.635879,
		0,
		-0.575169,
		0.636484,
		-0.513876,
		0,
		-0.203305,
		-0.093483,
		-0.578355,
		1,
	},
	[0.7333333333333333] = {
		0.822245,
		0.203468,
		-0.53152,
		0,
		-0.263283,
		-0.691988,
		-0.672187,
		0,
		-0.504574,
		0.692642,
		-0.515414,
		0,
		-0.186375,
		-0.075273,
		-0.596061,
		1,
	},
	[0.75] = {
		0.857457,
		0.162676,
		-0.488164,
		0,
		-0.280906,
		-0.646875,
		-0.708974,
		0,
		-0.431114,
		0.745043,
		-0.508971,
		0,
		-0.169588,
		-0.057212,
		-0.611668,
		1,
	},
	[0.7666666666666667] = {
		0.885642,
		0.120155,
		-0.448554,
		0,
		-0.296435,
		-0.597236,
		-0.745275,
		0,
		-0.357442,
		0.793014,
		-0.493319,
		0,
		-0.153165,
		-0.039583,
		-0.625145,
		1,
	},
	[0.7833333333333333] = {
		0.903006,
		0.06671,
		-0.424418,
		0,
		-0.3161,
		-0.565876,
		-0.761489,
		0,
		-0.290967,
		0.821787,
		-0.489903,
		0,
		-0.13767,
		-0.024047,
		-0.635515,
		1,
	},
	[0.7] = {
		0.736306,
		0.274339,
		-0.61854,
		0,
		-0.21839,
		-0.768852,
		-0.600976,
		0,
		-0.640437,
		0.577586,
		-0.506197,
		0,
		-0.220206,
		-0.111557,
		-0.558588,
		1,
	},
	[0.8166666666666667] = {
		0.921521,
		-0.020495,
		-0.387788,
		0,
		-0.343044,
		-0.510962,
		-0.788187,
		0,
		-0.181991,
		0.859359,
		-0.477893,
		0,
		-0.109634,
		0.001942,
		-0.650967,
		1,
	},
	[0.8333333333333334] = {
		0.92552,
		-0.054051,
		-0.374821,
		0,
		-0.351975,
		-0.487986,
		-0.798739,
		0,
		-0.139735,
		0.871177,
		-0.470665,
		0,
		-0.098528,
		0.011951,
		-0.65636,
		1,
	},
	[0.85] = {
		0.927463,
		-0.081227,
		-0.364985,
		0,
		-0.358799,
		-0.468063,
		-0.807577,
		0,
		-0.105239,
		0.879954,
		-0.463255,
		0,
		-0.089444,
		0.019957,
		-0.660408,
		1,
	},
	[0.8666666666666667] = {
		0.928111,
		-0.10247,
		-0.357924,
		0,
		-0.364051,
		-0.451081,
		-0.814858,
		0,
		-0.077955,
		0.886581,
		-0.455958,
		0,
		-0.082245,
		0.02626,
		-0.66327,
		1,
	},
	[0.8833333333333333] = {
		0.928004,
		-0.118315,
		-0.353285,
		0,
		-0.36815,
		-0.436846,
		-0.82075,
		0,
		-0.057224,
		0.891721,
		-0.448952,
		0,
		-0.076778,
		0.031019,
		-0.6651,
		1,
	},
	[0.8] = {
		0.914447,
		0.019737,
		-0.404225,
		0,
		-0.331345,
		-0.536985,
		-0.775795,
		0,
		-0.232374,
		0.843361,
		-0.484504,
		0,
		-0.122881,
		-0.010128,
		-0.644071,
		1,
	},
	[0.9166666666666666] = {
		0.926824,
		-0.136184,
		-0.34993,
		0,
		-0.374086,
		-0.415581,
		-0.829067,
		0,
		-0.032519,
		0.899303,
		-0.436115,
		0,
		-0.070366,
		0.036548,
		-0.666287,
		1,
	},
	[0.9333333333333333] = {
		0.926091,
		-0.139446,
		-0.350587,
		0,
		-0.376332,
		-0.40796,
		-0.831831,
		0,
		-0.02703,
		0.902288,
		-0.430286,
		0,
		-0.069063,
		0.037639,
		-0.665946,
		1,
	},
	[0.95] = {
		0.925351,
		-0.139762,
		-0.352409,
		0,
		-0.37828,
		-0.401923,
		-0.833884,
		0,
		-0.025096,
		0.904944,
		-0.424789,
		0,
		-0.06878,
		0.037828,
		-0.665182,
		1,
	},
	[0.9666666666666667] = {
		0.924614,
		-0.137762,
		-0.355122,
		0,
		-0.380022,
		-0.397141,
		-0.835382,
		0,
		-0.02595,
		0.907359,
		-0.419554,
		0,
		-0.069327,
		0.037273,
		-0.664143,
		1,
	},
	[0.9833333333333333] = {
		0.923866,
		-0.134075,
		-0.358462,
		0,
		-0.381628,
		-0.393279,
		-0.836476,
		0,
		-0.028825,
		0.909591,
		-0.414504,
		0,
		-0.07051,
		0.036134,
		-0.662977,
		1,
	},
	[0.9] = {
		0.927501,
		-0.129349,
		-0.350728,
		0,
		-0.371416,
		-0.425108,
		-0.825429,
		0,
		-0.042329,
		0.895853,
		-0.44233,
		0,
		-0.072877,
		0.034395,
		-0.666055,
		1,
	},
	[1.0166666666666666] = {
		0.922291,
		-0.124156,
		-0.366013,
		0,
		-0.384666,
		-0.386953,
		-0.838033,
		0,
		-0.037582,
		0.913703,
		-0.404642,
		0,
		-0.074012,
		0.032738,
		-0.66085,
		1,
	},
	[1.0333333333333334] = {
		0.921461,
		-0.119179,
		-0.369737,
		0,
		-0.3862,
		-0.383802,
		-0.838777,
		0,
		-0.041941,
		0.915692,
		-0.399685,
		0,
		-0.075943,
		0.030799,
		-0.660182,
		1,
	},
	[1.05] = {
		0.920627,
		-0.115025,
		-0.373115,
		0,
		-0.387809,
		-0.380196,
		-0.839676,
		0,
		-0.045273,
		0.917726,
		-0.394626,
		0,
		-0.077737,
		0.028913,
		-0.659971,
		1,
	},
	[1.0666666666666667] = {
		0.91982,
		-0.11232,
		-0.37592,
		0,
		-0.389538,
		-0.375784,
		-0.840861,
		0,
		-0.046819,
		0.919875,
		-0.389406,
		0,
		-0.079201,
		0.02724,
		-0.660364,
		1,
	},
	[1.0833333333333333] = {
		0.91907,
		-0.111692,
		-0.377935,
		0,
		-0.391421,
		-0.37021,
		-0.842457,
		0,
		-0.04582,
		0.922209,
		-0.383967,
		0,
		-0.080142,
		0.02594,
		-0.661506,
		1,
	},
	{
		0.923094,
		-0.129331,
		-0.362174,
		0,
		-0.383159,
		-0.389997,
		-0.837312,
		0,
		-0.032957,
		0.911689,
		-0.409558,
		0,
		-0.072136,
		0.034569,
		-0.661831,
		1,
	},
	[1.1166666666666667] = {
		0.917785,
		-0.119188,
		-0.378767,
		0,
		-0.395692,
		-0.354119,
		-0.847365,
		0,
		-0.033132,
		0.927574,
		-0.372167,
		0,
		-0.079668,
		0.0251,
		-0.666611,
		1,
	},
	[1.1333333333333333] = {
		0.917162,
		-0.128585,
		-0.377199,
		0,
		-0.398016,
		-0.342854,
		-0.850902,
		0,
		-0.01991,
		0.930547,
		-0.365632,
		0,
		-0.077854,
		0.02588,
		-0.670861,
		1,
	},
	[1.15] = {
		0.917162,
		-0.128585,
		-0.377199,
		0,
		-0.398016,
		-0.342854,
		-0.850902,
		0,
		-0.01991,
		0.930547,
		-0.365632,
		0,
		-0.077854,
		0.02588,
		-0.670861,
		1,
	},
	[1.1666666666666667] = {
		0.917162,
		-0.128585,
		-0.377199,
		0,
		-0.398016,
		-0.342854,
		-0.850902,
		0,
		-0.01991,
		0.930547,
		-0.365632,
		0,
		-0.077854,
		0.02588,
		-0.670861,
		1,
	},
	[1.1] = {
		0.918397,
		-0.11377,
		-0.37895,
		0,
		-0.393476,
		-0.363111,
		-0.844587,
		0,
		-0.041513,
		0.924774,
		-0.378246,
		0,
		-0.080363,
		0.025174,
		-0.66354,
		1,
	},
}

return spline_matrices
