-- chunkname: @content/characters/player/human/first_person/animations/saw/swing_up.lua

local spline_matrices = {
	[0.016666666666666666] = {
		0.740039,
		-0.619731,
		-0.261294,
		0,
		-0.592,
		-0.415848,
		-0.690368,
		0,
		0.319184,
		0.665585,
		-0.674624,
		0,
		-0.193388,
		0.039348,
		-0.690629,
		1,
	},
	[0.03333333333333333] = {
		0.520796,
		-0.821719,
		-0.231408,
		0,
		-0.654495,
		-0.210293,
		-0.726232,
		0,
		0.548095,
		0.529674,
		-0.64733,
		0,
		-0.176439,
		0.05093,
		-0.704578,
		1,
	},
	[0.05] = {
		0.219033,
		-0.953713,
		-0.206047,
		0,
		-0.640681,
		0.018692,
		-0.767579,
		0,
		0.735902,
		0.300135,
		-0.606932,
		0,
		-0.145107,
		0.057403,
		-0.712062,
		1,
	},
	[0.06666666666666667] = {
		-0.141266,
		-0.971966,
		-0.187953,
		0,
		-0.518913,
		0.234385,
		-0.822066,
		0,
		0.843074,
		-0.018599,
		-0.537476,
		0,
		-0.093831,
		0.056052,
		-0.703287,
		1,
	},
	[0.08333333333333333] = {
		-0.51367,
		-0.823225,
		-0.241752,
		0,
		-0.298147,
		0.435473,
		-0.849395,
		0,
		0.804519,
		-0.364231,
		-0.469131,
		0,
		-0.036181,
		0.048183,
		-0.689441,
		1,
	},
	[0] = {
		0.87155,
		-0.384103,
		-0.304738,
		0,
		-0.485166,
		-0.585852,
		-0.649146,
		0,
		0.070807,
		0.713612,
		-0.696953,
		0,
		-0.202554,
		0.024816,
		-0.678004,
		1,
	},
	[0.11666666666666667] = {
		-0.899506,
		0.046755,
		-0.4344,
		0,
		0.386912,
		0.547091,
		-0.742287,
		0,
		0.202951,
		-0.835766,
		-0.510202,
		0,
		0.078884,
		0.004727,
		-0.650033,
		1,
	},
	[0.13333333333333333] = {
		-0.869247,
		-0.123821,
		-0.47862,
		0,
		0.346493,
		0.537972,
		-0.768459,
		0,
		0.352635,
		-0.83382,
		-0.424727,
		0,
		0.117114,
		0.004045,
		-0.633661,
		1,
	},
	[0.15] = {
		-0.8312,
		0.013369,
		-0.555813,
		0,
		0.481954,
		0.515725,
		-0.708342,
		0,
		0.277176,
		-0.85665,
		-0.435114,
		0,
		0.161419,
		-0.004161,
		-0.612728,
		1,
	},
	[0.16666666666666666] = {
		-0.777183,
		0.10816,
		-0.61991,
		0,
		0.593221,
		0.45459,
		-0.664407,
		0,
		0.209943,
		-0.884109,
		-0.417462,
		0,
		0.203319,
		-0.010148,
		-0.592616,
		1,
	},
	[0.18333333333333332] = {
		-0.671974,
		-0.183194,
		-0.717559,
		0,
		0.60901,
		0.414608,
		-0.676171,
		0,
		0.421376,
		-0.89137,
		-0.167039,
		0,
		0.246187,
		0.000994,
		-0.570517,
		1,
	},
	[0.1] = {
		-0.762919,
		-0.560598,
		-0.322001,
		0,
		-0.030141,
		0.528375,
		-0.848476,
		0,
		0.645791,
		-0.637613,
		-0.420004,
		0,
		0.020551,
		0.03235,
		-0.672417,
		1,
	},
	[0.21666666666666667] = {
		-0.590849,
		0.331336,
		-0.735604,
		0,
		0.805605,
		0.291537,
		-0.515758,
		0,
		0.043566,
		-0.897342,
		-0.43918,
		0,
		0.337646,
		0.004476,
		-0.537788,
		1,
	},
	[0.23333333333333334] = {
		-0.432937,
		0.374708,
		-0.819853,
		0,
		0.899054,
		0.245406,
		-0.362599,
		0,
		0.065328,
		-0.894075,
		-0.443128,
		0,
		0.380482,
		0.022757,
		-0.513603,
		1,
	},
	[0.25] = {
		-0.344414,
		0.409353,
		-0.844872,
		0,
		0.934863,
		0.23206,
		-0.268663,
		0,
		0.086083,
		-0.882371,
		-0.462614,
		0,
		0.414494,
		0.050622,
		-0.502273,
		1,
	},
	[0.26666666666666666] = {
		-0.281311,
		0.434395,
		-0.855666,
		0,
		0.951966,
		0.238698,
		-0.191792,
		0,
		0.120932,
		-0.868518,
		-0.480678,
		0,
		0.437355,
		0.087925,
		-0.500863,
		1,
	},
	[0.2833333333333333] = {
		-0.313012,
		0.528892,
		-0.788858,
		0,
		0.931145,
		0.334488,
		-0.145212,
		0,
		0.187062,
		-0.779995,
		-0.597174,
		0,
		0.438617,
		0.131414,
		-0.50867,
		1,
	},
	[0.2] = {
		-0.624576,
		0.273656,
		-0.731449,
		0,
		0.773832,
		0.343151,
		-0.532383,
		0,
		0.105307,
		-0.898532,
		-0.426088,
		0,
		0.293124,
		-0.006596,
		-0.55219,
		1,
	},
	[0.31666666666666665] = {
		-0.60021,
		0.597121,
		-0.53216,
		0,
		0.748051,
		0.654594,
		-0.109207,
		0,
		0.28314,
		-0.46363,
		-0.839571,
		0,
		0.342409,
		0.242153,
		-0.514389,
		1,
	},
	[0.3333333333333333] = {
		-0.775178,
		0.496195,
		-0.391011,
		0,
		0.553824,
		0.831536,
		-0.042732,
		0,
		0.303937,
		-0.249676,
		-0.919393,
		0,
		0.238702,
		0.326601,
		-0.489091,
		1,
	},
	[0.35] = {
		-0.949725,
		0.177836,
		-0.257676,
		0,
		0.167656,
		0.983948,
		0.06114,
		0,
		0.264413,
		0.014866,
		-0.964295,
		0,
		0.129375,
		0.436114,
		-0.437359,
		1,
	},
	[0.36666666666666664] = {
		-0.972829,
		-0.1173,
		-0.199612,
		0,
		-0.18205,
		0.920225,
		0.346475,
		0,
		0.143047,
		0.3734,
		-0.916575,
		0,
		0.04185,
		0.537325,
		-0.350854,
		1,
	},
	[0.38333333333333336] = {
		-0.980566,
		0.135058,
		-0.142304,
		0,
		-0.065836,
		0.456755,
		0.887153,
		0,
		0.184815,
		0.879281,
		-0.438986,
		0,
		0.014609,
		0.680576,
		-0.201949,
		1,
	},
	[0.3] = {
		-0.431402,
		0.598347,
		-0.675183,
		0,
		0.86858,
		0.477761,
		-0.131579,
		0,
		0.243846,
		-0.643214,
		-0.72582,
		0,
		0.4093,
		0.179667,
		-0.517073,
		1,
	},
	[0.4166666666666667] = {
		-0.971435,
		0.039554,
		-0.233988,
		0,
		-0.221267,
		0.205383,
		0.953341,
		0,
		0.085765,
		0.977882,
		-0.190764,
		0,
		-0.020639,
		0.675382,
		0.04459,
		1,
	},
	[0.43333333333333335] = {
		-0.976246,
		-0.007761,
		-0.216524,
		0,
		-0.216442,
		-0.010272,
		0.976241,
		0,
		-0.009801,
		0.999917,
		0.008348,
		0,
		-0.076783,
		0.55792,
		0.154365,
		1,
	},
	[0.45] = {
		-0.992272,
		-0.09631,
		-0.078239,
		0,
		-0.062816,
		-0.153873,
		0.986092,
		0,
		-0.10701,
		0.983386,
		0.146634,
		0,
		-0.116799,
		0.415511,
		0.241832,
		1,
	},
	[0.4666666666666667] = {
		-0.986474,
		-0.163664,
		0.009144,
		0,
		0.061004,
		-0.314776,
		0.947203,
		0,
		-0.152145,
		0.934949,
		0.320503,
		0,
		-0.133486,
		0.270164,
		0.317295,
		1,
	},
	[0.48333333333333334] = {
		-0.998806,
		-0.024611,
		-0.042205,
		0,
		-0.022215,
		-0.540613,
		0.840978,
		0,
		-0.043514,
		0.840912,
		0.53942,
		0,
		-0.127116,
		0.149115,
		0.373107,
		1,
	},
	[0.4] = {
		-0.983617,
		-0.049597,
		-0.173315,
		0,
		-0.179303,
		0.368687,
		0.912097,
		0,
		0.018662,
		0.928229,
		-0.37154,
		0,
		-0.010409,
		0.730837,
		-0.126593,
		1,
	},
	[0.5166666666666667] = {
		-0.95171,
		0.109049,
		-0.286978,
		0,
		-0.246234,
		-0.829428,
		0.501415,
		0,
		-0.183349,
		0.547866,
		0.816227,
		0,
		-0.062468,
		0.033716,
		0.39354,
		1,
	},
	[0.5333333333333333] = {
		-0.903586,
		0.046304,
		-0.425897,
		0,
		-0.217868,
		-0.905652,
		0.363768,
		0,
		-0.368871,
		0.421485,
		0.828423,
		0,
		-0.011154,
		-0.046543,
		0.349454,
		1,
	},
	[0.55] = {
		-0.891814,
		0.044575,
		-0.450202,
		0,
		-0.162711,
		-0.960147,
		0.227252,
		0,
		-0.42213,
		0.275919,
		0.863525,
		0,
		0.04196,
		-0.200654,
		0.267505,
		1,
	},
	[0.5666666666666667] = {
		-0.912779,
		0.07656,
		-0.401215,
		0,
		-0.161259,
		-0.970029,
		0.181767,
		0,
		-0.375274,
		0.230613,
		0.897768,
		0,
		0.085615,
		-0.3902,
		0.165651,
		1,
	},
	[0.5833333333333334] = {
		-0.933637,
		0.111372,
		-0.340468,
		0,
		-0.166298,
		-0.976572,
		0.136574,
		0,
		-0.317281,
		0.18413,
		0.930284,
		0,
		0.120417,
		-0.555774,
		0.05548,
		1,
	},
	[0.5] = {
		-0.981911,
		0.137393,
		-0.130288,
		0,
		-0.189319,
		-0.723988,
		0.663325,
		0,
		-0.00319,
		0.675991,
		0.736903,
		0,
		-0.103351,
		0.081498,
		0.398331,
		1,
	},
	[0.6166666666666667] = {
		-0.935914,
		0.174652,
		-0.305879,
		0,
		-0.203162,
		-0.977069,
		0.063735,
		0,
		-0.287733,
		0.121794,
		0.949935,
		0,
		0.150885,
		-0.624989,
		-0.137244,
		1,
	},
	[0.6333333333333333] = {
		-0.925071,
		0.205147,
		-0.319623,
		0,
		-0.229681,
		-0.972418,
		0.04062,
		0,
		-0.302474,
		0.110988,
		0.946674,
		0,
		0.138401,
		-0.594897,
		-0.191745,
		1,
	},
	[0.65] = {
		-0.907064,
		0.236372,
		-0.348372,
		0,
		-0.260507,
		-0.965188,
		0.023403,
		0,
		-0.330713,
		0.111981,
		0.937064,
		0,
		0.12551,
		-0.568111,
		-0.229077,
		1,
	},
	[0.6666666666666666] = {
		-0.883346,
		0.267465,
		-0.384918,
		0,
		-0.293552,
		-0.955896,
		0.009454,
		0,
		-0.365413,
		0.121344,
		0.922902,
		0,
		0.11423,
		-0.544921,
		-0.25651,
		1,
	},
	[0.6833333333333333] = {
		-0.856262,
		0.297689,
		-0.422133,
		0,
		-0.326914,
		-0.945048,
		-0.003332,
		0,
		-0.399928,
		0.135148,
		0.906528,
		0,
		0.105514,
		-0.524483,
		-0.278462,
		1,
	},
	[0.6] = {
		-0.938207,
		0.145248,
		-0.314119,
		0,
		-0.183478,
		-0.978362,
		0.095618,
		0,
		-0.293434,
		0.147343,
		0.944556,
		0,
		0.147472,
		-0.637079,
		-0.052295,
		1,
	},
	[0.7166666666666667] = {
		-0.803301,
		0.355678,
		-0.477704,
		0,
		-0.391609,
		-0.919756,
		-0.026287,
		0,
		-0.44872,
		0.165957,
		0.878128,
		0,
		0.100103,
		-0.491588,
		-0.319192,
		1,
	},
	[0.7333333333333333] = {
		-0.773262,
		0.383129,
		-0.50525,
		0,
		-0.424799,
		-0.90458,
		-0.035803,
		0,
		-0.470756,
		0.186944,
		0.86223,
		0,
		0.099418,
		-0.474757,
		-0.33817,
		1,
	},
	[0.75] = {
		-0.739001,
		0.408834,
		-0.535474,
		0,
		-0.458234,
		-0.887674,
		-0.045336,
		0,
		-0.493861,
		0.211869,
		0.843334,
		0,
		0.099605,
		-0.457448,
		-0.357703,
		1,
	},
	[0.7666666666666667] = {
		-0.700366,
		0.432393,
		-0.567912,
		0,
		-0.491719,
		-0.869001,
		-0.055232,
		0,
		-0.517398,
		0.240571,
		0.821234,
		0,
		0.100582,
		-0.440093,
		-0.379055,
		1,
	},
	[0.7833333333333333] = {
		-0.657264,
		0.453372,
		-0.602045,
		0,
		-0.525023,
		-0.848539,
		-0.065817,
		0,
		-0.540698,
		0.272829,
		0.795745,
		0,
		0.102381,
		-0.422985,
		-0.401779,
		1,
	},
	[0.7] = {
		-0.829305,
		0.32684,
		-0.453242,
		0,
		-0.358833,
		-0.933257,
		-0.016422,
		0,
		-0.428359,
		0.149019,
		0.891236,
		0,
		0.101553,
		-0.5077,
		-0.299408,
		1,
	},
	[0.8166666666666667] = {
		-0.557597,
		0.485898,
		-0.673045,
		0,
		-0.590341,
		-0.80212,
		-0.090004,
		0,
		-0.583596,
		0.34714,
		0.734105,
		0,
		0.109335,
		-0.391796,
		-0.447771,
		1,
	},
	[0.8333333333333334] = {
		-0.501284,
		0.49657,
		-0.708613,
		0,
		-0.621748,
		-0.776263,
		-0.104142,
		0,
		-0.601784,
		0.388374,
		0.69787,
		0,
		0.114062,
		-0.378478,
		-0.470535,
		1,
	},
	[0.85] = {
		-0.441044,
		0.502965,
		-0.743308,
		0,
		-0.651773,
		-0.748862,
		-0.119991,
		0,
		-0.616987,
		0.431546,
		0.6581,
		0,
		0.119683,
		-0.366095,
		-0.493238,
		1,
	},
	[0.8666666666666667] = {
		-0.377299,
		0.504775,
		-0.776432,
		0,
		-0.680073,
		-0.720101,
		-0.137679,
		0,
		-0.628607,
		0.476084,
		0.614977,
		0,
		0.126408,
		-0.353599,
		-0.516168,
		1,
	},
	[0.8833333333333333] = {
		-0.310584,
		0.501787,
		-0.807309,
		0,
		-0.706315,
		-0.690207,
		-0.157272,
		0,
		-0.636127,
		0.521368,
		0.568786,
		0,
		0.134031,
		-0.340951,
		-0.539206,
		1,
	},
	[0.8] = {
		-0.609679,
		0.471323,
		-0.637296,
		0,
		-0.557887,
		-0.826301,
		-0.077393,
		0,
		-0.563076,
		0.308354,
		0.766723,
		0,
		0.105369,
		-0.406776,
		-0.424771,
		1,
	},
	[0.9166666666666666] = {
		-0.170872,
		0.481094,
		-0.859856,
		0,
		-0.751413,
		-0.628115,
		-0.202112,
		0,
		-0.637323,
		0.611572,
		0.468827,
		0,
		0.150796,
		-0.314893,
		-0.585037,
		1,
	},
	[0.9333333333333333] = {
		-0.099363,
		0.463529,
		-0.880493,
		0,
		-0.769768,
		-0.596531,
		-0.227172,
		0,
		-0.630542,
		0.655203,
		0.416083,
		0,
		0.159222,
		-0.301238,
		-0.607483,
		1,
	},
	[0.95] = {
		-0.027802,
		0.441448,
		-0.896856,
		0,
		-0.785083,
		-0.565016,
		-0.253773,
		0,
		-0.618766,
		0.697051,
		0.362283,
		0,
		0.16717,
		-0.286956,
		-0.629345,
		1,
	},
	[0.9666666666666667] = {
		0.043025,
		0.415211,
		-0.908707,
		0,
		-0.797255,
		-0.533885,
		-0.281693,
		0,
		-0.602107,
		0.736591,
		0.308058,
		0,
		0.174323,
		-0.271903,
		-0.650429,
		1,
	},
	[0.9833333333333333] = {
		0.112378,
		0.385269,
		-0.915936,
		0,
		-0.806247,
		-0.503433,
		-0.310678,
		0,
		-0.580807,
		0.773384,
		0.254047,
		0,
		0.180416,
		-0.255943,
		-0.670514,
		1,
	},
	[0.9] = {
		-0.241536,
		0.49389,
		-0.835304,
		0,
		-0.730187,
		-0.659446,
		-0.17877,
		0,
		-0.639131,
		0.566749,
		0.519911,
		0,
		0.142273,
		-0.328084,
		-0.562216,
		1,
	},
	[1.0166666666666666] = {
		0.244057,
		0.316414,
		-0.916689,
		0,
		-0.814867,
		-0.445576,
		-0.370748,
		0,
		-0.525764,
		0.837463,
		0.149089,
		0,
		0.183544,
		-0.216679,
		-0.696772,
		1,
	},
	[1.0333333333333334] = {
		0.305325,
		0.278665,
		-0.910562,
		0,
		-0.81472,
		-0.418571,
		-0.401286,
		0,
		-0.492959,
		0.864375,
		0.099233,
		0,
		0.18029,
		-0.193172,
		-0.699941,
		1,
	},
	[1.05] = {
		0.363024,
		0.239491,
		-0.900476,
		0,
		-0.811824,
		-0.393035,
		-0.431816,
		0,
		-0.457335,
		0.887788,
		0.051743,
		0,
		0.17731,
		-0.170008,
		-0.70197,
		1,
	},
	[1.0666666666666667] = {
		0.416905,
		0.199465,
		-0.886794,
		0,
		-0.806386,
		-0.369046,
		-0.462111,
		0,
		-0.419443,
		0.907755,
		0.006989,
		0,
		0.174659,
		-0.147314,
		-0.702961,
		1,
	},
	[1.0833333333333333] = {
		0.465655,
		0.160671,
		-0.870258,
		0,
		-0.800089,
		-0.343807,
		-0.491584,
		0,
		-0.378184,
		0.925193,
		-0.031544,
		0,
		0.172294,
		-0.125008,
		-0.702769,
		1,
	},
	{
		0.179583,
		0.352147,
		-0.918555,
		0,
		-0.812089,
		-0.473922,
		-0.340456,
		0,
		-0.555213,
		0.807088,
		0.200866,
		0,
		0.185247,
		-0.238961,
		-0.689337,
		1,
	},
	[1.1166666666666667] = {
		0.548389,
		0.089755,
		-0.831393,
		0,
		-0.782249,
		-0.296344,
		-0.547966,
		0,
		-0.295561,
		0.950854,
		-0.092301,
		0,
		0.168406,
		-0.082316,
		-0.697826,
		1,
	},
	[1.1333333333333333] = {
		0.583608,
		0.057126,
		-0.810023,
		0,
		-0.771058,
		-0.273893,
		-0.57485,
		0,
		-0.254699,
		0.960062,
		-0.115799,
		0,
		0.166855,
		-0.062007,
		-0.691556,
		1,
	},
	[1.15] = {
		0.615472,
		0.025893,
		-0.787733,
		0,
		-0.758489,
		-0.252187,
		-0.600913,
		0,
		-0.214216,
		0.967332,
		-0.135574,
		0,
		0.165495,
		-0.042422,
		-0.682671,
		1,
	},
	[1.1666666666666667] = {
		0.644452,
		-0.004385,
		-0.764632,
		0,
		-0.744578,
		-0.231186,
		-0.626224,
		0,
		-0.174027,
		0.9729,
		-0.152253,
		0,
		0.164514,
		-0.023697,
		-0.672393,
		1,
	},
	[1.1833333333333333] = {
		0.670935,
		-0.034185,
		-0.740728,
		0,
		-0.729314,
		-0.210894,
		-0.650864,
		0,
		-0.133965,
		0.976911,
		-0.166428,
		0,
		0.163855,
		-0.008043,
		-0.660867,
		1,
	},
	[1.1] = {
		0.509272,
		0.124168,
		-0.851601,
		0,
		-0.791974,
		-0.319614,
		-0.520215,
		0,
		-0.336778,
		0.939377,
		-0.064433,
		0,
		0.170218,
		-0.103331,
		-0.701365,
		1,
	},
	[1.2166666666666666] = {
		0.717523,
		-0.094343,
		-0.690116,
		0,
		-0.694495,
		-0.172663,
		-0.698473,
		0,
		-0.053261,
		0.980452,
		-0.189411,
		0,
		0.163597,
		0.01169,
		-0.635825,
		1,
	},
	[1.2333333333333334] = {
		0.737948,
		-0.125696,
		-0.663048,
		0,
		-0.67475,
		-0.154963,
		-0.721595,
		0,
		-0.012047,
		0.979891,
		-0.199168,
		0,
		0.164079,
		0.018619,
		-0.623272,
		1,
	},
	[1.25] = {
		0.756507,
		-0.158528,
		-0.634481,
		0,
		-0.65329,
		-0.138451,
		-0.744341,
		0,
		0.030154,
		0.977599,
		-0.208305,
		0,
		0.165032,
		0.025483,
		-0.611341,
		1,
	},
	[1.2666666666666666] = {
		0.773103,
		-0.193267,
		-0.604118,
		0,
		-0.62999,
		-0.123381,
		-0.76674,
		0,
		0.073649,
		0.973358,
		-0.217142,
		0,
		0.166505,
		0.033692,
		-0.600512,
		1,
	},
	[1.2] = {
		0.695223,
		-0.064004,
		-0.715939,
		0,
		-0.712648,
		-0.191355,
		-0.67492,
		0,
		-0.093801,
		0.979432,
		-0.178647,
		0,
		0.163536,
		0.003277,
		-0.648517,
		1,
	},
}

return spline_matrices
