local spline_matrices = {
	[0] = {
		0.458498,
		-0.153234,
		-0.875385,
		0,
		-0.784929,
		-0.53173,
		-0.318042,
		0,
		-0.416733,
		0.832936,
		-0.364075,
		0,
		0.129991,
		-0.133705,
		-0.631084,
		1
	},
	{
		0.770625,
		0.144771,
		-0.620627,
		0,
		-0.626851,
		-0.003334,
		-0.779132,
		0,
		-0.114865,
		0.98946,
		0.088181,
		0,
		0.045469,
		-0.459319,
		-0.31888,
		1
	},
	[0.0333333333333] = {
		0.455745,
		-0.425906,
		-0.781601,
		0,
		-0.847682,
		-0.475544,
		-0.235145,
		0,
		-0.271536,
		0.769715,
		-0.57776,
		0,
		0.065366,
		-0.113692,
		-0.623093,
		1
	},
	[0.0666666666667] = {
		0.243523,
		-0.927048,
		-0.285093,
		0,
		-0.968024,
		-0.214067,
		-0.130782,
		0,
		0.060212,
		0.307825,
		-0.949536,
		0,
		-0.06781,
		-0.074436,
		-0.614461,
		1
	},
	[0.133333333333] = {
		-0.410957,
		-0.532621,
		0.739885,
		0,
		-0.911525,
		0.226389,
		-0.343321,
		0,
		0.015358,
		-0.815514,
		-0.578533,
		0,
		-0.295097,
		-0.040356,
		-0.563413,
		1
	},
	[0.166666666667] = {
		-0.391432,
		-0.361916,
		0.846048,
		0,
		-0.919544,
		0.188718,
		-0.344708,
		0,
		-0.034909,
		-0.912909,
		-0.406668,
		0,
		-0.366218,
		-0.043929,
		-0.51318,
		1
	},
	[0.1] = {
		-0.189435,
		-0.893041,
		0.408156,
		0,
		-0.969336,
		0.103821,
		-0.222733,
		0,
		0.156535,
		-0.437834,
		-0.885324,
		0,
		-0.192939,
		-0.051316,
		-0.599361,
		1
	},
	[0.233333333333] = {
		-0.063466,
		-0.267267,
		0.96153,
		0,
		-0.997655,
		-0.007761,
		-0.068008,
		0,
		0.025639,
		-0.963591,
		-0.266148,
		0,
		-0.456397,
		-0.085262,
		-0.384025,
		1
	},
	[0.266666666667] = {
		0.178482,
		-0.265125,
		0.947551,
		0,
		-0.981941,
		-0.109401,
		0.154349,
		0,
		0.062742,
		-0.957988,
		-0.279863,
		0,
		-0.477733,
		-0.110116,
		-0.311101,
		1
	},
	[0.2] = {
		-0.264722,
		-0.289295,
		0.919908,
		0,
		-0.964073,
		0.101209,
		-0.245603,
		0,
		-0.022051,
		-0.951875,
		-0.305693,
		0,
		-0.419729,
		-0.060767,
		-0.452544,
		1
	},
	[0.333333333333] = {
		0.518687,
		-0.346135,
		0.781763,
		0,
		-0.851768,
		-0.13022,
		0.507478,
		0,
		-0.073855,
		-0.929104,
		-0.36237,
		0,
		-0.486147,
		-0.145079,
		-0.166736,
		1
	},
	[0.366666666667] = {
		0.502329,
		-0.484106,
		0.716455,
		0,
		-0.835026,
		-0.056473,
		0.547304,
		0,
		-0.224493,
		-0.873185,
		-0.43261,
		0,
		-0.476262,
		-0.024723,
		-0.039124,
		1
	},
	[0.3] = {
		0.400206,
		-0.276452,
		0.873733,
		0,
		-0.915596,
		-0.161161,
		0.36839,
		0,
		0.038969,
		-0.947418,
		-0.317616,
		0,
		-0.487169,
		-0.127704,
		-0.238369,
		1
	},
	[0.433333333333] = {
		0.233505,
		-0.211473,
		0.949081,
		0,
		-0.569337,
		0.761517,
		0.309755,
		0,
		-0.788246,
		-0.612676,
		0.057418,
		0,
		-0.322655,
		0.492943,
		-0.01112,
		1
	},
	[0.466666666667] = {
		0.05497,
		-0.078061,
		0.995432,
		0,
		0.493994,
		0.868506,
		0.040828,
		0,
		-0.867726,
		0.489494,
		0.086303,
		0,
		0.174515,
		0.682057,
		-0.071077,
		1
	},
	[0.4] = {
		0.434286,
		-0.438797,
		0.786672,
		0,
		-0.842942,
		0.109912,
		0.526658,
		0,
		-0.317561,
		-0.891839,
		-0.322147,
		0,
		-0.430876,
		0.230408,
		0.015387,
		1
	},
	[0.533333333333] = {
		0.007044,
		-0.194321,
		0.980913,
		0,
		0.944144,
		-0.321893,
		-0.070548,
		0,
		0.329457,
		0.92662,
		0.1812,
		0,
		0.656367,
		0.346281,
		-0.218298,
		1
	},
	[0.566666666667] = {
		0.013955,
		-0.079051,
		0.996773,
		0,
		0.813005,
		-0.579427,
		-0.057335,
		0,
		0.58209,
		0.811181,
		0.056183,
		0,
		0.698112,
		0.259272,
		-0.283113,
		1
	},
	[0.5] = {
		0.039856,
		-0.08085,
		0.995929,
		0,
		0.988532,
		0.148484,
		-0.027506,
		0,
		-0.145656,
		0.985604,
		0.085841,
		0,
		0.522477,
		0.481465,
		-0.100734,
		1
	},
	[0.633333333333] = {
		0.316288,
		-0.057199,
		0.946937,
		0,
		0.365369,
		-0.913834,
		-0.177236,
		0,
		0.875481,
		0.402039,
		-0.268137,
		0,
		0.691123,
		0.076862,
		-0.399839,
		1
	},
	[0.666666666667] = {
		0.409855,
		-0.019194,
		0.911949,
		0,
		0.144307,
		-0.985823,
		-0.085604,
		0,
		0.900663,
		0.166686,
		-0.401275,
		0,
		0.682845,
		0.000115,
		-0.431457,
		1
	},
	[0.6] = {
		0.176854,
		-0.043065,
		0.983294,
		0,
		0.607058,
		-0.781608,
		-0.143417,
		0,
		0.774728,
		0.622281,
		-0.112087,
		0,
		0.680769,
		0.159271,
		-0.341012,
		1
	},
	[0.733333333333] = {
		0.722316,
		0.109515,
		0.682837,
		0,
		-0.200055,
		-0.912077,
		0.357903,
		0,
		0.661995,
		-0.395124,
		-0.636898,
		0,
		0.556086,
		-0.177358,
		-0.492294,
		1
	},
	[0.766666666667] = {
		0.858255,
		0.074077,
		0.507849,
		0,
		-0.244386,
		-0.811152,
		0.531326,
		0,
		0.451302,
		-0.580125,
		-0.678072,
		0,
		0.461429,
		-0.257873,
		-0.494241,
		1
	},
	[0.7] = {
		0.55433,
		0.060892,
		0.830067,
		0,
		-0.065172,
		-0.991082,
		0.116227,
		0,
		0.829742,
		-0.118525,
		-0.545418,
		0,
		0.634301,
		-0.087579,
		-0.466893,
		1
	},
	[0.833333333333] = {
		0.963022,
		-0.156191,
		0.219527,
		0,
		-0.244537,
		-0.848746,
		0.468862,
		0,
		0.113091,
		-0.505207,
		-0.855556,
		0,
		0.32345,
		-0.381126,
		-0.483468,
		1
	},
	[0.866666666667] = {
		0.960443,
		-0.27838,
		0.007364,
		0,
		-0.275625,
		-0.946498,
		0.167848,
		0,
		-0.039755,
		-0.163238,
		-0.985785,
		0,
		0.255303,
		-0.424104,
		-0.468549,
		1
	},
	[0.8] = {
		0.93228,
		-0.026048,
		0.360799,
		0,
		-0.245957,
		-0.777018,
		0.579438,
		0,
		0.265254,
		-0.62894,
		-0.730805,
		0,
		0.385782,
		-0.325261,
		-0.491571,
		1
	},
	[0.933333333333] = {
		0.849334,
		-0.156333,
		-0.504175,
		0,
		-0.493399,
		-0.57456,
		-0.653023,
		0,
		-0.187589,
		0.803394,
		-0.565128,
		0,
		0.123485,
		-0.4454,
		-0.402241,
		1
	},
	[0.966666666667] = {
		0.799743,
		0.024516,
		-0.599842,
		0,
		-0.581074,
		-0.219501,
		-0.783692,
		0,
		-0.150879,
		0.975304,
		-0.161299,
		0,
		0.076128,
		-0.448877,
		-0.352602,
		1
	},
	[0.9] = {
		0.915434,
		-0.294436,
		-0.274388,
		0,
		-0.369855,
		-0.884283,
		-0.285045,
		0,
		-0.158709,
		0.362423,
		-0.918401,
		0,
		0.185632,
		-0.44358,
		-0.444407,
		1
	},
	[1.03333333333] = {
		0.758966,
		0.184504,
		-0.624442,
		0,
		-0.642879,
		0.060149,
		-0.763602,
		0,
		-0.103328,
		0.980989,
		0.164265,
		0,
		0.03883,
		-0.464308,
		-0.314561,
		1
	},
	[1.06666666667] = {
		0.762148,
		0.173509,
		-0.623718,
		0,
		-0.638622,
		0.04336,
		-0.768298,
		0,
		-0.106263,
		0.983877,
		0.143854,
		0,
		0.048858,
		-0.460136,
		-0.325936,
		1
	},
	[1.1] = {
		0.769187,
		0.149504,
		-0.621289,
		0,
		-0.628996,
		0.005573,
		-0.777388,
		0,
		-0.11276,
		0.988745,
		0.098324,
		0,
		0.060456,
		-0.454611,
		-0.337914,
		1
	}
}

return spline_matrices
