local spline_matrices = {
	[0] = {
		0.212471,
		-0.389595,
		0.896143,
		0,
		0.977042,
		0.099401,
		-0.188437,
		0,
		-0.015664,
		0.915606,
		0.401771,
		0,
		0.215887,
		-0.359014,
		-0.368952,
		1
	},
	{
		-0.045456,
		-0.180048,
		0.982607,
		0,
		0.991584,
		0.111229,
		0.066253,
		0,
		-0.121223,
		0.977349,
		0.173476,
		0,
		0.664572,
		-0.401499,
		-0.074552,
		1
	},
	[0.0333333333333] = {
		0.247205,
		-0.319466,
		0.914785,
		0,
		0.967068,
		0.022321,
		-0.253539,
		0,
		0.060578,
		0.947335,
		0.314463,
		0,
		0.219881,
		-0.361079,
		-0.376658,
		1
	},
	[0.0666666666667] = {
		0.303478,
		-0.243588,
		0.921176,
		0,
		0.942192,
		-0.067403,
		-0.328225,
		0,
		0.142041,
		0.967534,
		0.209051,
		0,
		0.224629,
		-0.363376,
		-0.385735,
		1
	},
	[0.133333333333] = {
		0.430373,
		-0.100929,
		0.896991,
		0,
		0.857627,
		-0.264205,
		-0.441215,
		0,
		0.281521,
		0.959171,
		-0.027147,
		0,
		0.231369,
		-0.370875,
		-0.403015,
		1
	},
	[0.166666666667] = {
		0.47358,
		-0.042577,
		0.879721,
		0,
		0.817188,
		-0.351325,
		-0.456919,
		0,
		0.328522,
		0.935285,
		-0.131587,
		0,
		0.232673,
		-0.375843,
		-0.408987,
		1
	},
	[0.1] = {
		0.369092,
		-0.168822,
		0.913931,
		0,
		0.903421,
		-0.165679,
		-0.395451,
		0,
		0.21818,
		0.971622,
		0.091367,
		0,
		0.22877,
		-0.366541,
		-0.394945,
		1
	},
	[0.233333333333] = {
		0.558621,
		0.130759,
		0.819051,
		0,
		0.814272,
		0.101427,
		-0.571554,
		0,
		-0.15781,
		0.986212,
		-0.049814,
		0,
		0.205998,
		-0.359484,
		-0.407805,
		1
	},
	[0.266666666667] = {
		0.429262,
		0.038016,
		0.902379,
		0,
		0.836864,
		0.359034,
		-0.413223,
		0,
		-0.339694,
		0.93255,
		0.122305,
		0,
		0.194734,
		-0.02176,
		-0.332896,
		1
	},
	[0.2] = {
		0.551927,
		0.062343,
		0.831559,
		0,
		0.83097,
		-0.124531,
		-0.5422,
		0,
		0.069752,
		0.990255,
		-0.120538,
		0,
		0.218532,
		-0.366338,
		-0.410666,
		1
	},
	[0.333333333333] = {
		0.15289,
		-0.099762,
		0.983195,
		0,
		0.795483,
		0.60274,
		-0.062542,
		0,
		-0.586372,
		0.791677,
		0.171512,
		0,
		0.167062,
		0.645882,
		-0.119159,
		1
	},
	[0.366666666667] = {
		0.215481,
		-0.096232,
		0.971755,
		0,
		0.79314,
		0.597758,
		-0.116679,
		0,
		-0.569646,
		0.79588,
		0.20513,
		0,
		0.141785,
		0.658356,
		-0.113793,
		1
	},
	[0.3] = {
		0.326261,
		-0.015699,
		0.945149,
		0,
		0.670044,
		0.709121,
		-0.219517,
		0,
		-0.666779,
		0.704912,
		0.241878,
		0,
		0.180358,
		0.413211,
		-0.221603,
		1
	},
	[0.433333333333] = {
		0.155678,
		-0.084418,
		0.984194,
		0,
		0.827102,
		0.555868,
		-0.083151,
		0,
		-0.540062,
		0.826973,
		0.156358,
		0,
		0.158919,
		0.648234,
		-0.116404,
		1
	},
	[0.466666666667] = {
		0.123801,
		-0.091751,
		0.988056,
		0,
		0.841012,
		0.538173,
		-0.055402,
		0,
		-0.526662,
		0.837826,
		0.14379,
		0,
		0.157856,
		0.647447,
		-0.112982,
		1
	},
	[0.4] = {
		0.184683,
		-0.09034,
		0.978637,
		0,
		0.799582,
		0.592807,
		-0.096169,
		0,
		-0.571455,
		0.800261,
		0.181716,
		0,
		0.161697,
		0.653763,
		-0.119906,
		1
	},
	[0.533333333333] = {
		0.051333,
		-0.119047,
		0.991561,
		0,
		0.849696,
		0.52692,
		0.019273,
		0,
		-0.524767,
		0.841536,
		0.128202,
		0,
		0.171937,
		0.651538,
		-0.10075,
		1
	},
	[0.566666666667] = {
		0.006894,
		-0.137009,
		0.990546,
		0,
		0.849538,
		0.523322,
		0.066471,
		0,
		-0.527482,
		0.841049,
		0.120002,
		0,
		0.179815,
		0.654582,
		-0.093449,
		1
	},
	[0.5] = {
		0.092038,
		-0.103127,
		0.990401,
		0,
		0.847294,
		0.530605,
		-0.023489,
		0,
		-0.523089,
		0.841323,
		0.136214,
		0,
		0.163814,
		0.648978,
		-0.107701,
		1
	},
	[0.633333333333] = {
		-0.070994,
		-0.163842,
		0.983929,
		0,
		0.851771,
		0.503368,
		0.145278,
		0,
		-0.519081,
		0.848396,
		0.10382,
		0,
		0.187818,
		0.659546,
		-0.088241,
		1
	},
	[0.666666666667] = {
		-0.087905,
		-0.165627,
		0.982263,
		0,
		0.860182,
		0.484665,
		0.158703,
		0,
		-0.502354,
		0.858876,
		0.099865,
		0,
		0.192943,
		0.662278,
		-0.096419,
		1
	},
	[0.6] = {
		-0.036109,
		-0.153011,
		0.987565,
		0,
		0.848791,
		0.516919,
		0.111125,
		0,
		-0.527494,
		0.842249,
		0.111209,
		0,
		0.185045,
		0.657523,
		-0.087522,
		1
	},
	[0.733333333333] = {
		-0.079622,
		-0.134185,
		0.987752,
		0,
		0.868155,
		0.477617,
		0.134866,
		0,
		-0.489865,
		0.86826,
		0.078464,
		0,
		0.201839,
		0.673708,
		-0.10294,
		1
	},
	[0.766666666667] = {
		-0.019715,
		-0.110367,
		0.993695,
		0,
		0.868939,
		0.489708,
		0.07163,
		0,
		-0.494526,
		0.864873,
		0.086248,
		0,
		0.196743,
		0.675947,
		-0.08277,
		1
	},
	[0.7] = {
		-0.083742,
		-0.153479,
		0.984597,
		0,
		0.865108,
		0.47917,
		0.148272,
		0,
		-0.494546,
		0.864199,
		0.092649,
		0,
		0.198462,
		0.67183,
		-0.104959,
		1
	},
	[0.833333333333] = {
		-0.186919,
		-0.090606,
		0.978188,
		0,
		0.85706,
		0.471604,
		0.207456,
		0,
		-0.480114,
		0.877143,
		-0.010497,
		0,
		0.360339,
		0.434589,
		-0.056002,
		1
	},
	[0.866666666667] = {
		-0.196253,
		-0.108965,
		0.97448,
		0,
		0.84971,
		0.47708,
		0.224472,
		0,
		-0.489364,
		0.872079,
		-0.00104,
		0,
		0.517069,
		0.189839,
		-0.051047,
		1
	},
	[0.8] = {
		-0.094845,
		-0.090982,
		0.991326,
		0,
		0.867992,
		0.480036,
		0.127102,
		0,
		-0.487436,
		0.872518,
		0.033442,
		0,
		0.239607,
		0.606714,
		-0.063123,
		1
	},
	[0.933333333333] = {
		-0.166467,
		-0.144431,
		0.975412,
		0,
		0.888171,
		0.407714,
		0.211949,
		0,
		-0.428301,
		0.901615,
		0.060408,
		0,
		0.720878,
		-0.230754,
		-0.046521,
		1
	},
	[0.966666666667] = {
		-0.11601,
		-0.156894,
		0.980778,
		0,
		0.944941,
		0.286765,
		0.157644,
		0,
		-0.305986,
		0.945066,
		0.114988,
		0,
		0.7088,
		-0.327648,
		-0.054323,
		1
	},
	[0.9] = {
		-0.191307,
		-0.129638,
		0.972931,
		0,
		0.855142,
		0.464555,
		0.230046,
		0,
		-0.481803,
		0.876004,
		0.021986,
		0,
		0.656126,
		-0.057631,
		-0.047727,
		1
	},
	[1.03333333333] = {
		0.031888,
		-0.220199,
		0.974934,
		0,
		0.993859,
		-0.09642,
		-0.054284,
		0,
		0.105957,
		0.970678,
		0.215772,
		0,
		0.602377,
		-0.456872,
		-0.102143,
		1
	},
	[1.06666666667] = {
		0.100953,
		-0.27684,
		0.955598,
		0,
		0.934672,
		-0.302703,
		-0.186437,
		0,
		0.340875,
		0.911993,
		0.228196,
		0,
		0.537044,
		-0.496541,
		-0.131256,
		1
	},
	[1.13333333333] = {
		0.179,
		-0.40918,
		0.894724,
		0,
		0.678695,
		-0.607027,
		-0.413389,
		0,
		0.712272,
		0.681241,
		0.169051,
		0,
		0.46187,
		-0.538519,
		-0.16872,
		1
	},
	[1.16666666667] = {
		0.178501,
		-0.409612,
		0.894626,
		0,
		0.675307,
		-0.610272,
		-0.414159,
		0,
		0.71561,
		0.678075,
		0.167679,
		0,
		0.459167,
		-0.540678,
		-0.16919,
		1
	},
	[1.1] = {
		0.151023,
		-0.34284,
		0.927175,
		0,
		0.82177,
		-0.477777,
		-0.310521,
		0,
		0.549442,
		0.80882,
		0.20958,
		0,
		0.484477,
		-0.522839,
		-0.155574,
		1
	},
	[1.23333333333] = {
		0.177879,
		-0.410435,
		0.894373,
		0,
		0.67109,
		-0.614135,
		-0.415302,
		0,
		0.719721,
		0.674078,
		0.166197,
		0,
		0.455805,
		-0.543282,
		-0.169942,
		1
	},
	[1.2] = {
		0.178106,
		-0.410084,
		0.894488,
		0,
		0.672631,
		-0.612753,
		-0.414852,
		0,
		0.718224,
		0.675548,
		0.1667,
		0,
		0.457033,
		-0.542344,
		-0.169638,
		1
	}
}

return spline_matrices
