-- chunkname: @content/characters/player/human/first_person/animations/chain_axe/attack_left_down.lua

local spline_matrices = {
	[0.0333333333333] = {
		0.177673,
		-0.906546,
		-0.382891,
		0,
		-0.482194,
		0.258976,
		-0.836912,
		0,
		0.857859,
		0.333325,
		-0.391118,
		0,
		0.458046,
		-0.28376,
		-0.270827,
		1,
	},
	[0.0666666666667] = {
		0.182371,
		-0.664937,
		-0.724292,
		0,
		-0.395595,
		0.624769,
		-0.673177,
		0,
		0.900136,
		0.409294,
		-0.149106,
		0,
		0.419031,
		-0.25291,
		-0.217807,
		1,
	},
	[0] = {
		0.353069,
		-0.935505,
		-0.013127,
		0,
		-0.410721,
		-0.142373,
		-0.900576,
		0,
		0.840625,
		0.323357,
		-0.434499,
		0,
		0.469677,
		-0.24014,
		-0.270656,
		1,
	},
	[0.133333333333] = {
		0.624438,
		0.173821,
		-0.761487,
		0,
		-0.115489,
		0.984754,
		0.130081,
		0,
		0.772489,
		0.006716,
		0.634993,
		0,
		0.324647,
		0.184635,
		0.042022,
		1,
	},
	[0.166666666667] = {
		0.591924,
		0.183375,
		-0.784856,
		0,
		-0.132767,
		0.982656,
		0.129459,
		0,
		0.794983,
		0.027573,
		0.606004,
		0,
		0.321803,
		0.212689,
		0.042855,
		1,
	},
	[0.1] = {
		0.51877,
		-0.039284,
		-0.854011,
		0,
		-0.145142,
		0.980395,
		-0.133265,
		0,
		0.842503,
		0.193087,
		0.502898,
		0,
		0.344758,
		0.102431,
		0.002148,
		1,
	},
	[0.233333333333] = {
		0.866404,
		0.240012,
		-0.437879,
		0,
		-0.093573,
		0.939413,
		0.329769,
		0,
		0.490498,
		-0.24474,
		0.83637,
		0,
		0.228758,
		0.488098,
		0.103626,
		1,
	},
	[0.266666666667] = {
		0.94789,
		0.164097,
		-0.273089,
		0,
		-0.084166,
		0.95568,
		0.282121,
		0,
		0.307281,
		-0.244435,
		0.91969,
		0,
		0.180581,
		0.597896,
		0.143163,
		1,
	},
	[0.2] = {
		0.692431,
		0.281025,
		-0.664503,
		0,
		-0.155938,
		0.957546,
		0.242465,
		0,
		0.704431,
		-0.064269,
		0.706856,
		0,
		0.286118,
		0.325657,
		0.076243,
		1,
	},
	[0.333333333333] = {
		0.949552,
		0.081619,
		-0.302803,
		0,
		-0.311217,
		0.364308,
		-0.877738,
		0,
		0.038673,
		0.927695,
		0.37133,
		0,
		-0.009136,
		0.762824,
		-0.183201,
		1,
	},
	[0.366666666667] = {
		0.94405,
		0.162728,
		-0.286861,
		0,
		-0.301212,
		0.071192,
		-0.950896,
		0,
		-0.134315,
		0.984099,
		0.116225,
		0,
		-0.055208,
		0.610253,
		-0.526393,
		1,
	},
	[0.3] = {
		0.96713,
		0.103347,
		-0.232332,
		0,
		-0.222418,
		0.786655,
		-0.575937,
		0,
		0.123243,
		0.608681,
		0.783785,
		0,
		0.071967,
		0.759974,
		0.024973,
		1,
	},
	[0.433333333333] = {
		0.945926,
		0.183423,
		-0.267546,
		0,
		-0.205888,
		-0.297866,
		-0.93214,
		0,
		-0.250669,
		0.93682,
		-0.243995,
		0,
		-0.066948,
		0.444428,
		-0.658661,
		1,
	},
	[0.466666666667] = {
		0.963764,
		0.084806,
		-0.252916,
		0,
		-0.213308,
		-0.324325,
		-0.921582,
		0,
		-0.160182,
		0.942137,
		-0.294483,
		0,
		-0.056468,
		0.384686,
		-0.661327,
		1,
	},
	[0.4] = {
		0.933319,
		0.244055,
		-0.263349,
		0,
		-0.214309,
		-0.209816,
		-0.953965,
		0,
		-0.288074,
		0.946792,
		-0.143523,
		0,
		-0.067934,
		0.503014,
		-0.645465,
		1,
	},
	[0.533333333333] = {
		0.96401,
		0.0692,
		-0.256702,
		0,
		-0.216208,
		-0.357843,
		-0.908406,
		0,
		-0.15472,
		0.931214,
		-0.330003,
		0,
		-0.034729,
		0.262291,
		-0.660443,
		1,
	},
	[0.566666666667] = {
		0.96458,
		0.060019,
		-0.256871,
		0,
		-0.22056,
		-0.350656,
		-0.910161,
		0,
		-0.1447,
		0.934579,
		-0.324998,
		0,
		-0.020751,
		0.200864,
		-0.656889,
		1,
	},
	[0.5] = {
		0.963745,
		0.077672,
		-0.255269,
		0,
		-0.213253,
		-0.350782,
		-0.911853,
		0,
		-0.160369,
		0.933231,
		-0.321501,
		0,
		-0.04715,
		0.323049,
		-0.661844,
		1,
	},
	[0.633333333333] = {
		0.966715,
		0.045461,
		-0.251783,
		0,
		-0.225284,
		-0.315227,
		-0.921889,
		0,
		-0.121278,
		0.947927,
		-0.294493,
		0,
		0.00553,
		0.068882,
		-0.643411,
		1,
	},
	[0.666666666667] = {
		0.968449,
		0.043106,
		-0.245454,
		0,
		-0.222327,
		-0.295533,
		-0.929102,
		0,
		-0.11259,
		0.954359,
		-0.276626,
		0,
		0.016064,
		-0.00935,
		-0.629147,
		1,
	},
	[0.6] = {
		0.965462,
		0.051668,
		-0.25537,
		0,
		-0.224228,
		-0.334374,
		-0.915378,
		0,
		-0.132685,
		0.941023,
		-0.31124,
		0,
		-0.006866,
		0.137136,
		-0.65113,
		1,
	},
	[0.733333333333] = {
		0.973606,
		0.051837,
		-0.222272,
		0,
		-0.208079,
		-0.198564,
		-0.957745,
		0,
		-0.093782,
		0.978716,
		-0.182537,
		0,
		0.041082,
		-0.221974,
		-0.522127,
		1,
	},
	[0.766666666667] = {
		0.976453,
		0.058537,
		-0.207639,
		0,
		-0.19869,
		-0.130921,
		-0.971279,
		0,
		-0.08404,
		0.989663,
		-0.116208,
		0,
		0.053204,
		-0.323237,
		-0.455906,
		1,
	},
	[0.7] = {
		0.970854,
		0.045917,
		-0.235234,
		0,
		-0.216198,
		-0.255846,
		-0.942232,
		0,
		-0.103448,
		0.965627,
		-0.238461,
		0,
		0.028169,
		-0.111184,
		-0.58526,
		1,
	},
	[0.833333333333] = {
		0.981736,
		0.066571,
		-0.178219,
		0,
		-0.178876,
		0.003995,
		-0.983863,
		0,
		-0.064785,
		0.997774,
		0.01583,
		0,
		0.066712,
		-0.423722,
		-0.379691,
		1,
	},
	[0.8] = {
		0.979208,
		0.06399,
		-0.192504,
		0,
		-0.188722,
		-0.060724,
		-0.980151,
		0,
		-0.074409,
		0.996101,
		-0.047385,
		0,
		0.062504,
		-0.396669,
		-0.402975,
		1,
	},
}

return spline_matrices
