-- chunkname: @content/characters/player/human/first_person/animations/chain_axe/attack_down.lua

local spline_matrices = {
	[0.0166666666667] = {
		0.269433,
		-0.939405,
		-0.211951,
		0,
		-0.455787,
		0.069486,
		-0.887373,
		0,
		0.84833,
		0.335692,
		-0.409447,
		0,
		0.465297,
		-0.249732,
		-0.268621,
		1
	},
	[0.0333333333333] = {
		0.184444,
		-0.903324,
		-0.38728,
		0,
		-0.500689,
		0.252717,
		-0.827916,
		0,
		0.845749,
		0.346611,
		-0.405672,
		0,
		0.453309,
		-0.284645,
		-0.271008,
		1
	},
	[0.05] = {
		0.129823,
		-0.832295,
		-0.538916,
		0,
		-0.477684,
		0.423785,
		-0.769561,
		0,
		0.868887,
		0.357338,
		-0.342557,
		0,
		0.441613,
		-0.322318,
		-0.269589,
		1
	},
	[0.0666666666667] = {
		0.151461,
		-0.636426,
		-0.756321,
		0,
		-0.282878,
		0.705239,
		-0.650091,
		0,
		0.947122,
		0.31241,
		-0.073214,
		0,
		0.435461,
		-0.287549,
		-0.219072,
		1
	},
	[0.0833333333333] = {
		0.369733,
		-0.190339,
		-0.909433,
		0,
		0.074862,
		0.981713,
		-0.175031,
		0,
		0.926117,
		-0.003367,
		0.377221,
		0,
		0.423069,
		-0.182702,
		-0.103758,
		1
	},
	[0] = {
		0.353069,
		-0.935505,
		-0.013127,
		0,
		-0.410721,
		-0.142373,
		-0.900576,
		0,
		0.840625,
		0.323357,
		-0.434499,
		0,
		0.469677,
		-0.24014,
		-0.270656,
		1
	},
	[0.116666666667] = {
		0.833898,
		0.28877,
		-0.470346,
		0,
		0.219533,
		0.608339,
		0.762711,
		0,
		0.506378,
		-0.73928,
		0.443899,
		0,
		0.355239,
		0.002507,
		0.066286,
		1
	},
	[0.133333333333] = {
		0.894075,
		0.293287,
		-0.338544,
		0,
		0.191529,
		0.432909,
		0.880856,
		0,
		0.404902,
		-0.852392,
		0.33088,
		0,
		0.332179,
		0.036911,
		0.104353,
		1
	},
	[0.15] = {
		0.94206,
		0.249267,
		-0.224474,
		0,
		0.161202,
		0.250435,
		0.954619,
		0,
		0.294171,
		-0.935494,
		0.195742,
		0,
		0.309551,
		0.058626,
		0.139273,
		1
	},
	[0.166666666667] = {
		0.980364,
		0.1552,
		-0.121654,
		0,
		0.108015,
		0.093505,
		0.989742,
		0,
		0.164984,
		-0.983448,
		0.074905,
		0,
		0.280026,
		0.090347,
		0.164682,
		1
	},
	[0.183333333333] = {
		0.998197,
		0.041256,
		-0.043596,
		0,
		0.04211,
		0.03624,
		0.998456,
		0,
		0.042772,
		-0.998491,
		0.034438,
		0,
		0.2433,
		0.149847,
		0.186187,
		1
	},
	[0.1] = {
		0.683461,
		0.185152,
		-0.706116,
		0,
		0.245891,
		0.852379,
		0.461506,
		0,
		0.687327,
		-0.489049,
		0.53704,
		0,
		0.388595,
		-0.076992,
		0.004737,
		1
	},
	[0.216666666667] = {
		0.999814,
		-0.011461,
		0.015525,
		0,
		-0.011752,
		0.276488,
		0.960945,
		0,
		-0.015306,
		-0.960949,
		0.276302,
		0,
		0.158725,
		0.327817,
		0.229705,
		1
	},
	[0.233333333333] = {
		0.999726,
		0.01665,
		0.01646,
		0,
		-0.022309,
		0.464113,
		0.885495,
		0,
		0.007104,
		-0.885619,
		0.464358,
		0,
		0.116354,
		0.42025,
		0.238669,
		1
	},
	[0.25] = {
		0.998315,
		0.052408,
		0.024923,
		0,
		-0.052926,
		0.646056,
		0.761453,
		0,
		0.023805,
		-0.761488,
		0.647741,
		0,
		0.07761,
		0.500516,
		0.219951,
		1
	},
	[0.266666666667] = {
		0.995946,
		0.077676,
		0.045368,
		0,
		-0.089642,
		0.814993,
		0.572495,
		0,
		0.007495,
		-0.574241,
		0.818652,
		0,
		0.047041,
		0.572699,
		0.169367,
		1
	},
	[0.283333333333] = {
		0.993664,
		0.077834,
		0.081078,
		0,
		-0.091346,
		0.979575,
		0.179131,
		0,
		-0.06548,
		-0.185402,
		0.980479,
		0,
		0.027984,
		0.654476,
		0.098558,
		1
	},
	[0.2] = {
		0.999877,
		-0.008312,
		0.013303,
		0,
		-0.012246,
		0.116311,
		0.993137,
		0,
		-0.009803,
		-0.993178,
		0.116195,
		0,
		0.201706,
		0.235185,
		0.2097,
		1
	},
	[0.316666666667] = {
		0.998117,
		0.047133,
		0.039264,
		0,
		-0.002894,
		0.67552,
		-0.737336,
		0,
		-0.061277,
		0.735833,
		0.674384,
		0,
		0.021701,
		0.778104,
		-0.102372,
		1
	},
	[0.333333333333] = {
		0.999525,
		0.022515,
		0.021065,
		0,
		0.006165,
		0.523476,
		-0.852018,
		0,
		-0.03021,
		0.851743,
		0.523089,
		0,
		0.026988,
		0.80906,
		-0.201147,
		1
	},
	[0.35] = {
		0.998735,
		0.010271,
		0.049226,
		0,
		0.042258,
		0.359208,
		-0.9323,
		0,
		-0.027258,
		0.933201,
		0.358319,
		0,
		0.031714,
		0.833661,
		-0.338316,
		1
	},
	[0.366666666667] = {
		0.998499,
		0.026456,
		0.047962,
		0,
		0.045749,
		0.07873,
		-0.995846,
		0,
		-0.030122,
		0.996545,
		0.077402,
		0,
		0.023311,
		0.8424,
		-0.513067,
		1
	},
	[0.383333333333] = {
		0.997053,
		0.071004,
		-0.029055,
		0,
		-0.002972,
		-0.342699,
		-0.93944,
		0,
		-0.076661,
		0.936758,
		-0.341478,
		0,
		-0.005825,
		0.777911,
		-0.72019,
		1
	},
	[0.3] = {
		0.994239,
		0.066808,
		0.083821,
		0,
		-0.028835,
		0.919879,
		-0.391141,
		0,
		-0.103237,
		0.386471,
		0.916506,
		0,
		0.021677,
		0.731826,
		0.003288,
		1
	},
	[0.416666666667] = {
		0.995831,
		0.089796,
		-0.016051,
		0,
		0.055891,
		-0.739697,
		-0.670615,
		0,
		-0.072091,
		0.666922,
		-0.741632,
		0,
		0.000569,
		0.663973,
		-0.747188,
		1
	},
	[0.433333333333] = {
		0.997301,
		0.069211,
		0.024501,
		0,
		0.070088,
		-0.798061,
		-0.598486,
		0,
		-0.021869,
		0.598588,
		-0.800758,
		0,
		0.009185,
		0.617066,
		-0.744735,
		1
	},
	[0.45] = {
		0.997848,
		0.038246,
		0.053265,
		0,
		0.062072,
		-0.812823,
		-0.579193,
		0,
		0.021143,
		0.581253,
		-0.813448,
		0,
		0.015053,
		0.573076,
		-0.740882,
		1
	},
	[0.466666666667] = {
		0.997463,
		0.01038,
		0.07043,
		0,
		0.04948,
		-0.812373,
		-0.581035,
		0,
		0.051185,
		0.583045,
		-0.810826,
		0,
		0.017977,
		0.528947,
		-0.736977,
		1
	},
	[0.483333333333] = {
		0.998863,
		0.009528,
		0.046703,
		0,
		0.035432,
		-0.803811,
		-0.593829,
		0,
		0.031882,
		0.594809,
		-0.803235,
		0,
		0.017222,
		0.483583,
		-0.732464,
		1
	},
	[0.4] = {
		0.994391,
		0.09688,
		-0.042448,
		0,
		0.024894,
		-0.60441,
		-0.796284,
		0,
		-0.1028,
		0.790761,
		-0.603432,
		0,
		-0.006581,
		0.71694,
		-0.746446,
		1
	},
	[0.516666666667] = {
		0.999851,
		0.007618,
		-0.015462,
		0,
		-0.004563,
		-0.748027,
		-0.663653,
		0,
		-0.016621,
		0.663625,
		-0.747881,
		0,
		0.013692,
		0.393162,
		-0.722441,
		1
	},
	[0.533333333333] = {
		0.99864,
		0.008416,
		-0.05145,
		0,
		-0.030701,
		-0.702672,
		-0.710852,
		0,
		-0.042135,
		0.711464,
		-0.701458,
		0,
		0.011609,
		0.347898,
		-0.71638,
		1
	},
	[0.55] = {
		0.995993,
		0.011518,
		-0.088689,
		0,
		-0.060181,
		-0.647239,
		-0.759908,
		0,
		-0.066156,
		0.7622,
		-0.643953,
		0,
		0.00963,
		0.302838,
		-0.709085,
		1
	},
	[0.566666666667] = {
		0.991953,
		0.017299,
		-0.125421,
		0,
		-0.091813,
		-0.583828,
		-0.806669,
		0,
		-0.087179,
		0.811693,
		-0.577542,
		0,
		0.007983,
		0.258331,
		-0.700259,
		1
	},
	[0.583333333333] = {
		0.986807,
		0.025563,
		-0.159871,
		0,
		-0.123953,
		-0.515949,
		-0.847604,
		0,
		-0.104152,
		0.856238,
		-0.505974,
		0,
		0.006872,
		0.21438,
		-0.689933,
		1
	},
	[0.5] = {
		0.999808,
		0.008348,
		0.0177,
		0,
		0.017558,
		-0.78206,
		-0.622955,
		0,
		0.008642,
		0.623147,
		-0.782057,
		0,
		0.015642,
		0.438354,
		-0.727705,
		1
	},
	[0.616666666667] = {
		0.975341,
		0.046174,
		-0.215817,
		0,
		-0.182043,
		-0.384546,
		-0.904978,
		0,
		-0.124778,
		0.92195,
		-0.366658,
		0,
		0.006875,
		0.128428,
		-0.665511,
		1
	},
	[0.633333333333] = {
		0.970359,
		0.05598,
		-0.235095,
		0,
		-0.204189,
		-0.330443,
		-0.921474,
		0,
		-0.129269,
		0.942164,
		-0.309218,
		0,
		0.00818,
		0.086753,
		-0.651993,
		1
	},
	[0.65] = {
		0.966772,
		0.063577,
		-0.247606,
		0,
		-0.219502,
		-0.290023,
		-0.931507,
		0,
		-0.131034,
		0.954906,
		-0.266431,
		0,
		0.010419,
		0.046269,
		-0.638051,
		1
	},
	[0.666666666667] = {
		0.964802,
		0.068747,
		-0.253832,
		0,
		-0.228447,
		-0.259022,
		-0.938467,
		0,
		-0.130265,
		0.963422,
		-0.2342,
		0,
		0.014134,
		0.005916,
		-0.621693,
		1
	},
	[0.683333333333] = {
		0.964197,
		0.072161,
		-0.255181,
		0,
		-0.232851,
		-0.230115,
		-0.944895,
		0,
		-0.126906,
		0.970484,
		-0.205074,
		0,
		0.019552,
		-0.034868,
		-0.601412,
		1
	},
	[0.6] = {
		0.981056,
		0.035573,
		-0.190433,
		0,
		-0.154686,
		-0.447945,
		-0.880578,
		0,
		-0.116628,
		0.893353,
		-0.433956,
		0,
		0.006464,
		0.171037,
		-0.678264,
		1
	},
	[0.716666666667] = {
		0.966203,
		0.074626,
		-0.246745,
		0,
		-0.23068,
		-0.176931,
		-0.956808,
		0,
		-0.115059,
		0.98139,
		-0.153737,
		0,
		0.033524,
		-0.113779,
		-0.553423,
		1
	},
	[0.733333333333] = {
		0.968293,
		0.074215,
		-0.23854,
		0,
		-0.225439,
		-0.151842,
		-0.962352,
		0,
		-0.107642,
		0.985615,
		-0.130296,
		0,
		0.041198,
		-0.15001,
		-0.527943,
		1
	},
	[0.75] = {
		0.970769,
		0.073047,
		-0.228629,
		0,
		-0.218301,
		-0.1272,
		-0.967556,
		0,
		-0.099759,
		0.989184,
		-0.107535,
		0,
		0.048803,
		-0.182874,
		-0.502985,
		1
	},
	[0.766666666667] = {
		0.973396,
		0.071406,
		-0.217718,
		0,
		-0.20995,
		-0.102588,
		-0.972315,
		0,
		-0.091764,
		0.992158,
		-0.084867,
		0,
		0.055951,
		-0.211486,
		-0.479702,
		1
	},
	[0.783333333333] = {
		0.975966,
		0.069596,
		-0.206512,
		0,
		-0.201091,
		-0.077586,
		-0.976495,
		0,
		-0.083983,
		0.994554,
		-0.061727,
		0,
		0.062264,
		-0.234982,
		-0.459257,
		1
	},
	[0.7] = {
		0.964753,
		0.074018,
		-0.252534,
		0,
		-0.233365,
		-0.202883,
		-0.950988,
		0,
		-0.121625,
		0.976401,
		-0.178459,
		0,
		0.026175,
		-0.075087,
		-0.578287,
		1
	},
	[0.816666666667] = {
		0.980265,
		0.066808,
		-0.186056,
		0,
		-0.18479,
		-0.024714,
		-0.982467,
		0,
		-0.070235,
		0.99746,
		-0.011881,
		0,
		0.070875,
		-0.263198,
		-0.431519,
		1
	},
	[0.833333333333] = {
		0.981736,
		0.066571,
		-0.178219,
		0,
		-0.178876,
		0.003995,
		-0.983863,
		0,
		-0.064785,
		0.997774,
		0.01583,
		0,
		0.072427,
		-0.266179,
		-0.426509,
		1
	},
	[0.8] = {
		0.978303,
		0.067945,
		-0.195721,
		0,
		-0.192453,
		-0.05177,
		-0.97994,
		0,
		-0.076715,
		0.996345,
		-0.03757,
		0,
		0.067364,
		-0.252506,
		-0.442812,
		1
	}
}

return spline_matrices
