-- chunkname: @content/characters/player/human/first_person/animations/chain_axe/attack_stab_01.lua

local spline_matrices = {
	[0.0333333333333] = {
		0.247205,
		-0.319466,
		0.914785,
		0,
		0.967068,
		0.022321,
		-0.253539,
		0,
		0.060578,
		0.947335,
		0.314463,
		0,
		0.219919,
		-0.36135,
		-0.376687,
		1,
	},
	[0.0666666666667] = {
		0.303478,
		-0.243588,
		0.921176,
		0,
		0.942192,
		-0.067403,
		-0.328225,
		0,
		0.142041,
		0.967534,
		0.209051,
		0,
		0.224668,
		-0.363647,
		-0.385763,
		1,
	},
	[0] = {
		0.212471,
		-0.389595,
		0.896143,
		0,
		0.977042,
		0.099401,
		-0.188437,
		0,
		-0.015664,
		0.915606,
		0.401771,
		0,
		0.215924,
		-0.359285,
		-0.36898,
		1,
	},
	[0.133333333333] = {
		0.430373,
		-0.100929,
		0.896991,
		0,
		0.857627,
		-0.264205,
		-0.441215,
		0,
		0.281521,
		0.959171,
		-0.027147,
		0,
		0.231411,
		-0.371145,
		-0.403045,
		1,
	},
	[0.166666666667] = {
		0.416855,
		-0.015553,
		0.90884,
		0,
		0.821099,
		-0.422449,
		-0.38384,
		0,
		0.389908,
		0.906253,
		-0.16333,
		0,
		0.232004,
		-0.368771,
		-0.397666,
		1,
	},
	[0.1] = {
		0.369092,
		-0.168822,
		0.913931,
		0,
		0.903421,
		-0.165679,
		-0.395451,
		0,
		0.21818,
		0.971622,
		0.091367,
		0,
		0.228811,
		-0.366811,
		-0.394975,
		1,
	},
	[0.233333333333] = {
		0.375519,
		0.130796,
		0.917539,
		0,
		0.92595,
		-0.095708,
		-0.365318,
		0,
		0.040034,
		0.986779,
		-0.15705,
		0,
		0.19563,
		-0.301656,
		-0.348857,
		1,
	},
	[0.266666666667] = {
		0.188175,
		-0.006671,
		0.982113,
		0,
		0.979968,
		0.067668,
		-0.187305,
		0,
		-0.065208,
		0.997686,
		0.019271,
		0,
		0.187138,
		0.050095,
		-0.261973,
		1,
	},
	[0.2] = {
		0.429711,
		0.088488,
		0.89862,
		0,
		0.880664,
		-0.260887,
		-0.395435,
		0,
		0.199447,
		0.961305,
		-0.190034,
		0,
		0.212773,
		-0.335026,
		-0.37534,
		1,
	},
	[0.333333333333] = {
		-0.044539,
		-0.145559,
		0.988346,
		0,
		0.952661,
		0.291651,
		0.085884,
		0,
		-0.300753,
		0.945385,
		0.125679,
		0,
		0.186807,
		0.628702,
		-0.074445,
		1,
	},
	[0.366666666667] = {
		0.018543,
		-0.140842,
		0.989858,
		0,
		0.957833,
		0.28642,
		0.02281,
		0,
		-0.286728,
		0.947696,
		0.140214,
		0,
		0.161889,
		0.641246,
		-0.070679,
		1,
	},
	[0.3] = {
		0.081291,
		-0.130625,
		0.988094,
		0,
		0.926741,
		0.37475,
		-0.026702,
		0,
		-0.3668,
		0.917878,
		0.15152,
		0,
		0.234724,
		0.438168,
		-0.159573,
		1,
	},
	[0.433333333333] = {
		-0.042926,
		-0.117306,
		0.992168,
		0,
		0.966602,
		0.246269,
		0.070937,
		0,
		-0.252662,
		0.962076,
		0.102817,
		0,
		0.174282,
		0.629767,
		-0.073271,
		1,
	},
	[0.466666666667] = {
		-0.074924,
		-0.119224,
		0.990036,
		0,
		0.968158,
		0.229121,
		0.10086,
		0,
		-0.238864,
		0.966069,
		0.098261,
		0,
		0.168874,
		0.628315,
		-0.070639,
		1,
	},
	[0.4] = {
		-0.012551,
		-0.133043,
		0.991031,
		0,
		0.95743,
		0.284253,
		0.050285,
		0,
		-0.288394,
		0.949473,
		0.123812,
		0,
		0.180145,
		0.636602,
		-0.076398,
		1,
	},
	[0.533333333333] = {
		-0.145777,
		-0.140995,
		0.979219,
		0,
		0.959341,
		0.22166,
		0.174734,
		0,
		-0.241691,
		0.964877,
		0.102949,
		0,
		0.172295,
		0.63196,
		-0.060492,
		1,
	},
	[0.566666666667] = {
		-0.188713,
		-0.1566,
		0.969466,
		0,
		0.950242,
		0.220032,
		0.220514,
		0,
		-0.247846,
		0.962841,
		0.107285,
		0,
		0.174865,
		0.634903,
		-0.05406,
		1,
	},
	[0.5] = {
		-0.106127,
		-0.127434,
		0.986153,
		0,
		0.965649,
		0.223361,
		0.132784,
		0,
		-0.237189,
		0.96637,
		0.099352,
		0,
		0.169659,
		0.629562,
		-0.066442,
		1,
	},
	[0.633333333333] = {
		-0.263177,
		-0.176032,
		0.948552,
		0,
		0.932902,
		0.204097,
		0.296712,
		0,
		-0.245828,
		0.962994,
		0.110507,
		0,
		0.174854,
		0.639855,
		-0.049887,
		1,
	},
	[0.666666666667] = {
		-0.279058,
		-0.172377,
		0.944676,
		0,
		0.932109,
		0.187888,
		0.30963,
		0,
		-0.230866,
		0.966946,
		0.108243,
		0,
		0.178436,
		0.64286,
		-0.058063,
		1,
	},
	[0.6] = {
		-0.229937,
		-0.169658,
		0.958303,
		0,
		0.940161,
		0.215692,
		0.26377,
		0,
		-0.251449,
		0.96161,
		0.10991,
		0,
		0.175476,
		0.637792,
		-0.048797,
		1,
	},
	[0.733333333333] = {
		-0.271238,
		-0.139497,
		0.95235,
		0,
		0.937755,
		0.184667,
		0.29413,
		0,
		-0.216898,
		0.972851,
		0.080725,
		0,
		0.187301,
		0.654718,
		-0.064448,
		1,
	},
	[0.766666666667] = {
		-0.213008,
		-0.118524,
		0.969835,
		0,
		0.951228,
		0.201542,
		0.233552,
		0,
		-0.223144,
		0.972282,
		0.069813,
		0,
		0.182634,
		0.656527,
		-0.045824,
		1,
	},
	[0.7] = {
		-0.275155,
		-0.159045,
		0.948153,
		0,
		0.93539,
		0.183564,
		0.302242,
		0,
		-0.222116,
		0.970056,
		0.098261,
		0,
		0.183921,
		0.652855,
		-0.066435,
		1,
	},
	[0.833333333333] = {
		-0.373726,
		-0.094933,
		0.922668,
		0,
		0.904111,
		0.184879,
		0.385232,
		0,
		-0.207153,
		0.978165,
		0.016736,
		0,
		0.344839,
		0.413404,
		-0.016139,
		1,
	},
	[0.866666666667] = {
		-0.382406,
		-0.114332,
		0.916894,
		0,
		0.897957,
		0.187927,
		0.397942,
		0,
		-0.217806,
		0.975506,
		0.030801,
		0,
		0.501512,
		0.168493,
		-0.011187,
		1,
	},
	[0.8] = {
		-0.285933,
		-0.097166,
		0.953311,
		0,
		0.934023,
		0.194026,
		0.299924,
		0,
		-0.21411,
		0.976172,
		0.035277,
		0,
		0.224946,
		0.586149,
		-0.024948,
		1,
	},
	[0.933333333333] = {
		-0.354584,
		-0.134524,
		0.925296,
		0,
		0.923027,
		0.107657,
		0.369366,
		0,
		-0.149303,
		0.985045,
		0.085995,
		0,
		0.705249,
		-0.254103,
		-0.007874,
		1,
	},
	[0.966666666667] = {
		-0.304368,
		-0.121988,
		0.944711,
		0,
		0.952392,
		-0.020647,
		0.304176,
		0,
		-0.0176,
		0.992317,
		0.122465,
		0,
		0.692653,
		-0.353769,
		-0.017366,
		1,
	},
	[0.9] = {
		-0.377844,
		-0.132098,
		0.916397,
		0,
		0.901932,
		0.171095,
		0.396542,
		0,
		-0.209174,
		0.976359,
		0.054496,
		0,
		0.640574,
		-0.079497,
		-0.008193,
		1,
	},
	[1.03333333333] = {
		-0.132152,
		-0.11533,
		0.984497,
		0,
		0.913055,
		-0.400766,
		0.075614,
		0,
		0.385832,
		0.908892,
		0.158265,
		0,
		0.581901,
		-0.490045,
		-0.070208,
		1,
	},
	[1.06666666667] = {
		-0.033805,
		-0.140146,
		0.989554,
		0,
		0.805672,
		-0.58971,
		-0.055995,
		0,
		0.591397,
		0.795363,
		0.132847,
		0,
		0.512537,
		-0.532507,
		-0.101785,
		1,
	},
	{
		-0.227277,
		-0.111426,
		0.967434,
		0,
		0.958824,
		-0.199332,
		0.202296,
		0,
		0.170299,
		0.973576,
		0.152142,
		0,
		0.646926,
		-0.431146,
		-0.039965,
		1,
	},
	[1.13333333333] = {
		0.119329,
		-0.237077,
		0.964134,
		0,
		0.476969,
		-0.83799,
		-0.265092,
		0,
		0.870782,
		0.491496,
		0.013082,
		0,
		0.428058,
		-0.576649,
		-0.142433,
		1,
	},
	[1.16666666667] = {
		0.119717,
		-0.23721,
		0.964053,
		0,
		0.472762,
		-0.840255,
		-0.265457,
		0,
		0.87302,
		0.487548,
		0.011551,
		0,
		0.425223,
		-0.578644,
		-0.142836,
		1,
	},
	[1.1] = {
		0.052956,
		-0.18341,
		0.981609,
		0,
		0.651332,
		-0.738768,
		-0.173174,
		0,
		0.756943,
		0.648524,
		0.080339,
		0,
		0.455304,
		-0.560453,
		-0.128021,
		1,
	},
	[1.23333333333] = {
		0.120194,
		-0.237693,
		0.963875,
		0,
		0.467536,
		-0.842948,
		-0.266173,
		0,
		0.875765,
		0.482639,
		0.009812,
		0,
		0.421697,
		-0.581051,
		-0.143517,
		1,
	},
	[1.2] = {
		0.120021,
		-0.237461,
		0.963954,
		0,
		0.469444,
		-0.841985,
		-0.265865,
		0,
		0.874767,
		0.484432,
		0.010419,
		0,
		0.422985,
		-0.580184,
		-0.143236,
		1,
	},
}

return spline_matrices
