-- chunkname: @content/characters/player/human/first_person/animations/chain_axe/attack_right_diagonal_down.lua

local spline_matrices = {
	[0.0166666666667] = {
		0.721042,
		-0.658038,
		-0.216988,
		0,
		-0.680369,
		-0.731666,
		-0.04199,
		0,
		-0.131132,
		0.177909,
		-0.975271,
		0,
		0.142117,
		-0.123942,
		-0.456626,
		1
	},
	[0.0333333333333] = {
		0.589366,
		-0.806944,
		0.038594,
		0,
		-0.80541,
		-0.583181,
		0.105898,
		0,
		-0.062946,
		-0.093496,
		-0.993628,
		0,
		0.067607,
		-0.106538,
		-0.438524,
		1
	},
	[0.05] = {
		0.394197,
		-0.846342,
		0.358211,
		0,
		-0.917623,
		-0.340938,
		0.204277,
		0,
		-0.050761,
		-0.409228,
		-0.911019,
		0,
		-0.008711,
		-0.085375,
		-0.420133,
		1
	},
	[0.0666666666667] = {
		0.175288,
		-0.721707,
		0.669637,
		0,
		-0.977116,
		-0.044288,
		0.208044,
		0,
		-0.12049,
		-0.690781,
		-0.712955,
		0,
		-0.082884,
		-0.061296,
		-0.402188,
		1
	},
	[0.0833333333333] = {
		0.001905,
		-0.468282,
		0.883577,
		0,
		-0.967842,
		0.221403,
		0.119426,
		0,
		-0.251552,
		-0.85539,
		-0.452802,
		0,
		-0.150739,
		-0.037072,
		-0.385216,
		1
	},
	[0] = {
		0.791437,
		-0.468351,
		-0.392779,
		0,
		-0.570204,
		-0.797194,
		-0.198365,
		0,
		-0.220217,
		0.380957,
		-0.897984,
		0,
		0.211628,
		-0.137449,
		-0.474618,
		1
	},
	[0.116666666667] = {
		-0.103391,
		-0.000119,
		0.994641,
		0,
		-0.871428,
		0.482098,
		-0.090525,
		0,
		-0.479504,
		-0.876117,
		-0.049948,
		0,
		-0.255531,
		-0.002886,
		-0.348413,
		1
	},
	[0.133333333333] = {
		-0.090381,
		0.11571,
		0.989163,
		0,
		-0.856482,
		0.497805,
		-0.136489,
		0,
		-0.508203,
		-0.859536,
		0.054111,
		0,
		-0.292544,
		0.00191,
		-0.325667,
		1
	},
	[0.15] = {
		-0.057208,
		0.198274,
		0.978476,
		0,
		-0.860448,
		0.487253,
		-0.149042,
		0,
		-0.506316,
		-0.850454,
		0.142729,
		0,
		-0.324686,
		0.001087,
		-0.299414,
		1
	},
	[0.166666666667] = {
		-0.011021,
		0.257159,
		0.966306,
		0,
		-0.877865,
		0.460217,
		-0.132488,
		0,
		-0.478781,
		-0.849747,
		0.220679,
		0,
		-0.352109,
		-0.004311,
		-0.270017,
		1
	},
	[0.183333333333] = {
		0.045025,
		0.299358,
		0.953078,
		0,
		-0.902261,
		0.421727,
		-0.089838,
		0,
		-0.428833,
		-0.85588,
		0.289087,
		0,
		-0.374842,
		-0.013353,
		-0.237872,
		1
	},
	[0.1] = {
		-0.086942,
		-0.197193,
		0.976502,
		0,
		-0.918203,
		0.396105,
		-0.001763,
		0,
		-0.38645,
		-0.896781,
		-0.215501,
		0,
		-0.209036,
		-0.016562,
		-0.368086,
		1
	},
	[0.216666666667] = {
		0.182487,
		0.351267,
		0.918319,
		0,
		-0.943619,
		0.32494,
		0.063222,
		0,
		-0.276191,
		-0.878081,
		0.390759,
		0,
		-0.40637,
		-0.037832,
		-0.167053,
		1
	},
	[0.233333333333] = {
		0.261761,
		0.366448,
		0.892859,
		0,
		-0.94735,
		0.274325,
		0.165148,
		0,
		-0.184415,
		-0.889079,
		0.418962,
		0,
		-0.415335,
		-0.051043,
		-0.129642,
		1
	},
	[0.25] = {
		0.345546,
		0.376113,
		0.859731,
		0,
		-0.93376,
		0.228824,
		0.275194,
		0,
		-0.093223,
		-0.897874,
		0.430269,
		0,
		-0.420184,
		-0.063459,
		-0.091951,
		1
	},
	[0.266666666667] = {
		0.431129,
		0.379735,
		0.818492,
		0,
		-0.902196,
		0.194561,
		0.384953,
		0,
		-0.013066,
		-0.904404,
		0.426477,
		0,
		-0.421576,
		-0.073997,
		-0.054787,
		1
	},
	[0.283333333333] = {
		0.515462,
		0.375051,
		0.770477,
		0,
		-0.855718,
		0.177845,
		0.485919,
		0,
		0.045219,
		-0.909785,
		0.41261,
		0,
		-0.420432,
		-0.081611,
		-0.018851,
		1
	},
	[0.2] = {
		0.109782,
		0.329623,
		0.937708,
		0,
		-0.92655,
		0.375436,
		-0.023498,
		0,
		-0.359795,
		-0.866254,
		0.346629,
		0,
		-0.392916,
		-0.024915,
		-0.203374,
		1
	},
	[0.316666666667] = {
		0.683819,
		0.298117,
		0.665972,
		0,
		-0.728467,
		0.226941,
		0.646401,
		0,
		0.041567,
		-0.927159,
		0.372355,
		0,
		-0.41041,
		-0.098621,
		0.052902,
		1
	},
	[0.333333333333] = {
		0.757997,
		0.204301,
		0.619437,
		0,
		-0.651892,
		0.269108,
		0.708956,
		0,
		-0.021855,
		-0.941192,
		0.337165,
		0,
		-0.395392,
		-0.063423,
		0.099901,
		1
	},
	[0.35] = {
		0.795578,
		0.132251,
		0.591241,
		0,
		-0.601115,
		0.294098,
		0.74308,
		0,
		-0.07561,
		-0.946581,
		0.313476,
		0,
		-0.377668,
		0.058253,
		0.170468,
		1
	},
	[0.366666666667] = {
		0.797724,
		0.123304,
		0.590282,
		0,
		-0.59238,
		0.343335,
		0.72884,
		0,
		-0.112796,
		-0.931084,
		0.346929,
		0,
		-0.348776,
		0.216489,
		0.194999,
		1
	},
	[0.383333333333] = {
		0.797759,
		0.111031,
		0.592666,
		0,
		-0.567722,
		0.469468,
		0.676233,
		0,
		-0.203155,
		-0.875941,
		0.437557,
		0,
		-0.316257,
		0.353159,
		0.208625,
		1
	},
	[0.3] = {
		0.595454,
		0.357965,
		0.719232,
		0,
		-0.800184,
		0.184368,
		0.570714,
		0,
		0.071692,
		-0.915352,
		0.396221,
		0,
		-0.417823,
		-0.085303,
		0.015307,
		1
	},
	[0.416666666667] = {
		0.584425,
		-0.140464,
		0.799198,
		0,
		-0.175366,
		0.939765,
		0.293408,
		0,
		-0.792272,
		-0.311627,
		0.52459,
		0,
		-0.226478,
		0.572534,
		0.163009,
		1
	},
	[0.433333333333] = {
		0.531084,
		0.073855,
		0.844094,
		0,
		0.155134,
		0.97088,
		-0.182555,
		0,
		-0.832996,
		0.2279,
		0.504161,
		0,
		-0.070691,
		0.708796,
		-0.00671,
		1
	},
	[0.45] = {
		0.573116,
		-0.045436,
		0.818214,
		0,
		0.599482,
		0.703991,
		-0.380812,
		0,
		-0.558713,
		0.708754,
		0.430707,
		0,
		0.163768,
		0.734065,
		-0.138567,
		1
	},
	[0.466666666667] = {
		0.562799,
		-0.044684,
		0.825385,
		0,
		0.778979,
		0.362679,
		-0.511522,
		0,
		-0.276493,
		0.930842,
		0.238923,
		0,
		0.31594,
		0.615392,
		-0.23969,
		1
	},
	[0.483333333333] = {
		0.583064,
		-0.039276,
		0.811476,
		0,
		0.811864,
		0.065333,
		-0.58018,
		0,
		-0.030229,
		0.99709,
		0.06998,
		0,
		0.404195,
		0.496781,
		-0.299587,
		1
	},
	[0.4] = {
		0.746181,
		-0.159591,
		0.646332,
		0,
		-0.361648,
		0.71794,
		0.594789,
		0,
		-0.55895,
		-0.677564,
		0.477997,
		0,
		-0.296557,
		0.463293,
		0.215544,
		1
	},
	[0.516666666667] = {
		0.523803,
		-0.102265,
		0.845679,
		0,
		0.771792,
		-0.363178,
		-0.521956,
		0,
		0.36051,
		0.92609,
		-0.111306,
		0,
		0.525196,
		0.396755,
		-0.385225,
		1
	},
	[0.533333333333] = {
		0.485944,
		-0.108205,
		0.867266,
		0,
		0.716518,
		-0.518888,
		-0.466217,
		0,
		0.500461,
		0.847966,
		-0.17462,
		0,
		0.591284,
		0.360395,
		-0.426426,
		1
	},
	[0.55] = {
		0.439208,
		-0.111341,
		0.891459,
		0,
		0.647192,
		-0.649004,
		-0.39992,
		0,
		0.623088,
		0.752593,
		-0.212989,
		0,
		0.63571,
		0.312082,
		-0.450694,
		1
	},
	[0.566666666667] = {
		0.390598,
		-0.107371,
		0.914278,
		0,
		0.568586,
		-0.752946,
		-0.331336,
		0,
		0.723977,
		0.649265,
		-0.23305,
		0,
		0.652941,
		0.257145,
		-0.453981,
		1
	},
	[0.583333333333] = {
		0.348127,
		-0.096144,
		0.932504,
		0,
		0.485418,
		-0.832498,
		-0.267052,
		0,
		0.801983,
		0.545623,
		-0.243145,
		0,
		0.662961,
		0.210409,
		-0.450546,
		1
	},
	[0.5] = {
		0.564124,
		-0.068046,
		0.822882,
		0,
		0.807152,
		-0.164551,
		-0.566947,
		0,
		0.173985,
		0.984019,
		-0.037903,
		0,
		0.462301,
		0.441375,
		-0.34317,
		1
	},
	[0.616666666667] = {
		0.315094,
		-0.062659,
		0.94699,
		0,
		0.328243,
		-0.929044,
		-0.170689,
		0,
		0.89049,
		0.364626,
		-0.272169,
		0,
		0.6671,
		0.137046,
		-0.439074,
		1
	},
	[0.633333333333] = {
		0.339816,
		-0.049065,
		0.939211,
		0,
		0.265081,
		-0.953154,
		-0.145703,
		0,
		0.902362,
		0.298479,
		-0.310891,
		0,
		0.663707,
		0.107909,
		-0.438065,
		1
	},
	[0.65] = {
		0.399425,
		-0.041561,
		0.915824,
		0,
		0.220895,
		-0.965177,
		-0.140141,
		0,
		0.889756,
		0.258277,
		-0.376335,
		0,
		0.657506,
		0.082677,
		-0.444524,
		1
	},
	[0.666666666667] = {
		0.488892,
		-0.04042,
		0.871408,
		0,
		0.196605,
		-0.96812,
		-0.155208,
		0,
		0.849901,
		0.247203,
		-0.465359,
		0,
		0.648223,
		0.06002,
		-0.459661,
		1
	},
	[0.683333333333] = {
		0.595076,
		-0.042378,
		0.802551,
		0,
		0.184381,
		-0.964774,
		-0.187658,
		0,
		0.782233,
		0.259646,
		-0.5663,
		0,
		0.635546,
		0.038334,
		-0.4817,
		1
	},
	[0.6] = {
		0.320245,
		-0.079918,
		0.943958,
		0,
		0.403318,
		-0.890118,
		-0.212189,
		0,
		0.857192,
		0.448667,
		-0.252824,
		0,
		0.667238,
		0.170742,
		-0.444336,
		1
	},
	[0.716666666667] = {
		0.802156,
		-0.039075,
		0.595834,
		0,
		0.167542,
		-0.943043,
		-0.287402,
		0,
		0.573127,
		0.330369,
		-0.749921,
		0,
		0.598479,
		-0.006304,
		-0.53702,
		1
	},
	[0.733333333333] = {
		0.882418,
		-0.031573,
		0.469406,
		0,
		0.151974,
		-0.925127,
		-0.347915,
		0,
		0.445244,
		0.378344,
		-0.81155,
		0,
		0.572783,
		-0.031994,
		-0.566612,
		1
	},
	[0.75] = {
		0.939765,
		-0.021703,
		0.341132,
		0,
		0.127691,
		-0.903445,
		-0.409246,
		0,
		0.317076,
		0.428155,
		-0.846254,
		0,
		0.542219,
		-0.06106,
		-0.594487,
		1
	},
	[0.766666666667] = {
		0.974941,
		-0.012964,
		0.222084,
		0,
		0.094679,
		-0.879194,
		-0.466962,
		0,
		0.201309,
		0.476288,
		-0.855935,
		0,
		0.503374,
		-0.092517,
		-0.611152,
		1
	},
	[0.783333333333] = {
		0.992533,
		-0.01052,
		0.12152,
		0,
		0.054375,
		-0.853642,
		-0.518015,
		0,
		0.109184,
		0.520754,
		-0.846696,
		0,
		0.4535,
		-0.120955,
		-0.601745,
		1
	},
	[0.7] = {
		0.703361,
		-0.042559,
		0.709558,
		0,
		0.176779,
		-0.956372,
		-0.232598,
		0,
		0.6885,
		0.289035,
		-0.665151,
		0,
		0.619234,
		0.016719,
		-0.508042,
		1
	},
	[0.816666666667] = {
		0.998455,
		-0.019463,
		-0.052052,
		0,
		-0.047779,
		-0.778993,
		-0.62521,
		0,
		-0.028379,
		0.626731,
		-0.778719,
		0,
		0.362624,
		-0.169221,
		-0.580019,
		1
	},
	[0.833333333333] = {
		0.990461,
		-0.022589,
		-0.135927,
		0,
		-0.110122,
		-0.72271,
		-0.682323,
		0,
		-0.082823,
		0.690783,
		-0.718303,
		0,
		0.316446,
		-0.189243,
		-0.566223,
		1
	},
	[0.85] = {
		0.975876,
		-0.021876,
		-0.217225,
		0,
		-0.17844,
		-0.653205,
		-0.735855,
		0,
		-0.125794,
		0.756865,
		-0.641351,
		0,
		0.270678,
		-0.206868,
		-0.550551,
		1
	},
	[0.866666666667] = {
		0.955462,
		-0.015764,
		-0.294694,
		0,
		-0.250443,
		-0.57155,
		-0.781415,
		0,
		-0.156114,
		0.820416,
		-0.550042,
		0,
		0.226055,
		-0.222481,
		-0.533138,
		1
	},
	[0.883333333333] = {
		0.930342,
		-0.003435,
		-0.366676,
		0,
		-0.323133,
		-0.480384,
		-0.815363,
		0,
		-0.173345,
		0.877051,
		-0.448032,
		0,
		0.183314,
		-0.236563,
		-0.51424,
		1
	},
	[0.8] = {
		0.999323,
		-0.014604,
		0.033761,
		0,
		0.007207,
		-0.822284,
		-0.569032,
		0,
		0.036071,
		0.568891,
		-0.821622,
		0,
		0.40852,
		-0.146521,
		-0.591875,
		1
	},
	[0.916666666667] = {
		0.872232,
		0.0387,
		-0.487559,
		0,
		-0.457646,
		-0.287096,
		-0.841508,
		0,
		-0.172543,
		0.95712,
		-0.232704,
		0,
		0.106214,
		-0.262275,
		-0.473792,
		1
	},
	[0.933333333333] = {
		0.842772,
		0.065855,
		-0.534227,
		0,
		-0.51409,
		-0.195657,
		-0.835123,
		0,
		-0.159522,
		0.978459,
		-0.131039,
		0,
		0.073006,
		-0.274902,
		-0.453507,
		1
	},
	[0.95] = {
		0.815234,
		0.09417,
		-0.571424,
		0,
		-0.561224,
		-0.115005,
		-0.819635,
		0,
		-0.142902,
		0.988891,
		-0.040905,
		0,
		0.043966,
		-0.288076,
		-0.434058,
		1
	},
	[0.966666666667] = {
		0.790885,
		0.121163,
		-0.59985,
		0,
		-0.598701,
		-0.04978,
		-0.799424,
		0,
		-0.126721,
		0.991384,
		0.03317,
		0,
		0.019451,
		-0.302217,
		-0.41606,
		1
	},
	[0.983333333333] = {
		0.770625,
		0.144771,
		-0.620627,
		0,
		-0.626851,
		-0.003334,
		-0.779132,
		0,
		-0.114865,
		0.98946,
		0.088181,
		0,
		-0.000214,
		-0.317472,
		-0.400189,
		1
	},
	[0.9] = {
		0.902017,
		0.015042,
		-0.431439,
		0,
		-0.393218,
		-0.383842,
		-0.835491,
		0,
		-0.178172,
		0.923276,
		-0.340317,
		0,
		0.143159,
		-0.249651,
		-0.494268,
		1
	},
	[1.01666666667] = {
		0.752245,
		0.166724,
		-0.637441,
		0,
		-0.650398,
		0.033129,
		-0.758871,
		0,
		-0.105404,
		0.985447,
		0.133358,
		0,
		-0.016478,
		-0.347914,
		-0.376915,
		1
	},
	[1.03333333333] = {
		0.752985,
		0.165816,
		-0.636803,
		0,
		-0.649505,
		0.031946,
		-0.759686,
		0,
		-0.105625,
		0.985639,
		0.131753,
		0,
		-0.014543,
		-0.362347,
		-0.368624,
		1
	},
	[1.05] = {
		0.757402,
		0.160482,
		-0.63292,
		0,
		-0.643991,
		0.023587,
		-0.76467,
		0,
		-0.107787,
		0.986757,
		0.121214,
		0,
		-0.008866,
		-0.376497,
		-0.361556,
		1
	},
	[1.06666666667] = {
		0.763287,
		0.153408,
		-0.627582,
		0,
		-0.636517,
		0.012223,
		-0.771166,
		0,
		-0.110632,
		0.988087,
		0.106976,
		0,
		-0.001676,
		-0.390551,
		-0.354969,
		1
	},
	[1.08333333333] = {
		0.768431,
		0.147252,
		-0.62276,
		0,
		-0.629872,
		0.002164,
		-0.776696,
		0,
		-0.113023,
		0.989097,
		0.094413,
		0,
		0.004784,
		-0.404682,
		-0.348128,
		1
	},
	{
		0.757391,
		0.160544,
		-0.632917,
		0,
		-0.643925,
		0.022943,
		-0.764745,
		0,
		-0.108255,
		0.986762,
		0.120755,
		0,
		-0.012457,
		-0.333,
		-0.387189,
		1
	},
	[1.1] = {
		0.770634,
		0.144624,
		-0.62065,
		0,
		-0.626995,
		-0.00218,
		-0.77902,
		0,
		-0.114018,
		0.989484,
		0.088999,
		0,
		0.008277,
		-0.419059,
		-0.340282,
		1
	}
}

return spline_matrices
