local spline_matrices = {
	[0] = {
		0.645723,
		0.110459,
		-0.75554,
		0,
		-0.758509,
		-0.02096,
		-0.651325,
		0,
		-0.087781,
		0.99366,
		0.07025,
		0,
		0.040336,
		-0.400153,
		-0.319481,
		1
	},
	{
		0.678109,
		-0.35667,
		-0.642616,
		0,
		-0.711954,
		-0.10172,
		-0.69482,
		0,
		0.182454,
		0.928676,
		-0.32291,
		0,
		0.287514,
		-0.285632,
		-0.54297,
		1
	},
	[0.0333333333333] = {
		0.576501,
		-0.32436,
		-0.749958,
		0,
		-0.315178,
		0.758529,
		-0.570348,
		0,
		0.753863,
		0.565176,
		0.335062,
		0,
		0.309252,
		-0.21276,
		-0.202329,
		1
	},
	[0.0666666666667] = {
		0.287496,
		-0.164394,
		-0.943568,
		0,
		0.732932,
		0.671954,
		0.106246,
		0,
		0.616568,
		-0.722116,
		0.313674,
		0,
		0.684579,
		0.021277,
		-0.011154,
		1
	},
	[0.133333333333] = {
		0.445637,
		0.016548,
		-0.895061,
		0,
		0.841798,
		0.332454,
		0.425265,
		0,
		0.304604,
		-0.942974,
		0.134224,
		0,
		0.692264,
		0.278707,
		0.047167,
		1
	},
	[0.166666666667] = {
		0.519231,
		-0.06619,
		-0.852067,
		0,
		0.750943,
		0.511326,
		0.417888,
		0,
		0.408024,
		-0.856834,
		0.315201,
		0,
		0.622622,
		0.329543,
		0.096856,
		1
	},
	[0.1] = {
		0.369622,
		0.03533,
		-0.92851,
		0,
		0.875511,
		0.321459,
		0.360755,
		0,
		0.311223,
		-0.946264,
		0.087887,
		0,
		0.732541,
		0.19391,
		0.013218,
		1
	},
	[0.233333333333] = {
		0.732905,
		-0.164241,
		-0.660208,
		0,
		0.448129,
		0.846702,
		0.286838,
		0,
		0.511889,
		-0.506084,
		0.694153,
		0,
		0.446639,
		0.38216,
		0.179848,
		1
	},
	[0.266666666667] = {
		0.709735,
		-0.071787,
		-0.700802,
		0,
		0.125071,
		0.991831,
		0.025067,
		0,
		0.693278,
		-0.105441,
		0.712915,
		0,
		0.344893,
		0.555321,
		0.107505,
		1
	},
	[0.2] = {
		0.637377,
		-0.143826,
		-0.75701,
		0,
		0.598282,
		0.711495,
		0.368555,
		0,
		0.485601,
		-0.687815,
		0.539539,
		0,
		0.534663,
		0.346104,
		0.155436,
		1
	},
	[0.333333333333] = {
		0.549227,
		0.137186,
		-0.824336,
		0,
		-0.716447,
		0.585083,
		-0.379976,
		0,
		0.430178,
		0.799286,
		0.41963,
		0,
		-0.057683,
		0.731172,
		-0.128577,
		1
	},
	[0.366666666667] = {
		0.460985,
		0.224689,
		-0.858492,
		0,
		-0.86994,
		-0.07658,
		-0.487175,
		0,
		-0.175207,
		0.971417,
		0.160164,
		0,
		-0.308631,
		0.619096,
		-0.282996,
		1
	},
	[0.3] = {
		0.534344,
		0.099947,
		-0.839337,
		0,
		-0.449043,
		0.874841,
		-0.181698,
		0,
		0.716126,
		0.473988,
		0.512347,
		0,
		0.174622,
		0.734655,
		-0.012931,
		1
	},
	[0.433333333333] = {
		0.440993,
		0.492639,
		-0.750221,
		0,
		-0.267881,
		-0.725543,
		-0.633899,
		0,
		-0.856601,
		0.480514,
		-0.187991,
		0,
		-0.353461,
		0.214715,
		-0.401108,
		1
	},
	[0.466666666667] = {
		0.388634,
		0.556984,
		-0.733984,
		0,
		-0.181748,
		-0.734611,
		-0.653693,
		0,
		-0.903289,
		0.387447,
		-0.184264,
		0,
		-0.339966,
		0.16478,
		-0.423821,
		1
	},
	[0.4] = {
		0.497438,
		0.196038,
		-0.845059,
		0,
		-0.676937,
		-0.521471,
		-0.519446,
		0,
		-0.542505,
		0.830444,
		-0.126694,
		0,
		-0.370648,
		0.376432,
		-0.384688,
		1
	},
	[0.533333333333] = {
		0.419636,
		0.512763,
		-0.748986,
		0,
		-0.169155,
		-0.766522,
		-0.619541,
		0,
		-0.891792,
		0.386676,
		-0.234924,
		0,
		-0.241068,
		0.054163,
		-0.526686,
		1
	},
	[0.566666666667] = {
		0.506165,
		0.414684,
		-0.756197,
		0,
		-0.229896,
		-0.780212,
		-0.581736,
		0,
		-0.831231,
		0.468302,
		-0.299581,
		0,
		-0.169415,
		0.00454,
		-0.591813,
		1
	},
	[0.5] = {
		0.377533,
		0.56079,
		-0.736874,
		0,
		-0.150152,
		-0.748158,
		-0.646307,
		0,
		-0.913741,
		0.354646,
		-0.198251,
		0,
		-0.300605,
		0.108741,
		-0.468181,
		1
	},
	[0.633333333333] = {
		0.681303,
		-0.002123,
		-0.731999,
		0,
		-0.607394,
		-0.559742,
		-0.563704,
		0,
		-0.408534,
		0.828664,
		-0.382643,
		0,
		0.103415,
		-0.23092,
		-0.642982,
		1
	},
	[0.666666666667] = {
		0.689413,
		-0.218776,
		-0.690541,
		0,
		-0.720275,
		-0.308252,
		-0.621438,
		0,
		-0.076905,
		0.925806,
		-0.370092,
		0,
		0.22794,
		-0.283982,
		-0.574842,
		1
	},
	[0.6] = {
		0.612845,
		0.237719,
		-0.753598,
		0,
		-0.391153,
		-0.73738,
		-0.550699,
		0,
		-0.6866,
		0.632266,
		-0.358915,
		0,
		-0.056347,
		-0.09563,
		-0.643359,
		1
	},
	[0.733333333333] = {
		0.657515,
		-0.372962,
		-0.654655,
		0,
		-0.718582,
		-0.049184,
		-0.693701,
		0,
		0.226526,
		0.926542,
		-0.300343,
		0,
		0.28118,
		-0.286192,
		-0.544501,
		1
	},
	[0.766666666667] = {
		0.636695,
		-0.381511,
		-0.670126,
		0,
		-0.720389,
		0.015708,
		-0.693393,
		0,
		0.275063,
		0.924231,
		-0.264835,
		0,
		0.284791,
		-0.281033,
		-0.542516,
		1
	},
	[0.7] = {
		0.6903,
		-0.354282,
		-0.630849,
		0,
		-0.708297,
		-0.152966,
		-0.689142,
		0,
		0.147653,
		0.922543,
		-0.356529,
		0,
		0.276911,
		-0.294016,
		-0.547145,
		1
	},
	[0.833333333333] = {
		0.624404,
		-0.383526,
		-0.680462,
		0,
		-0.719473,
		0.056767,
		-0.692196,
		0,
		0.304103,
		0.921784,
		-0.240491,
		0,
		0.289216,
		-0.27632,
		-0.540723,
		1
	},
	[0.866666666667] = {
		0.628934,
		-0.380819,
		-0.677804,
		0,
		-0.719452,
		0.045353,
		-0.69306,
		0,
		0.294671,
		0.923537,
		-0.245456,
		0,
		0.28992,
		-0.276252,
		-0.540741,
		1
	},
	[0.8] = {
		0.626384,
		-0.384103,
		-0.678312,
		0,
		-0.719903,
		0.048693,
		-0.692364,
		0,
		0.298968,
		0.922005,
		-0.246017,
		0,
		0.287548,
		-0.277811,
		-0.541275,
		1
	},
	[0.933333333333] = {
		0.650726,
		-0.370686,
		-0.662682,
		0,
		-0.718257,
		-0.017409,
		-0.69556,
		0,
		0.246298,
		0.928595,
		-0.277576,
		0,
		0.289327,
		-0.279549,
		-0.541748,
		1
	},
	[0.966666666667] = {
		0.664577,
		-0.363932,
		-0.652603,
		0,
		-0.715794,
		-0.059444,
		-0.695777,
		0,
		0.214422,
		0.929527,
		-0.300006,
		0,
		0.288473,
		-0.282455,
		-0.542378,
		1
	},
	[0.9] = {
		0.638274,
		-0.376399,
		-0.671513,
		0,
		-0.719301,
		0.019155,
		-0.694434,
		0,
		0.274247,
		0.92626,
		-0.258518,
		0,
		0.289882,
		-0.277361,
		-0.541163,
		1
	},
	[1.03333333333] = {
		0.689698,
		-0.349831,
		-0.633984,
		0,
		-0.707432,
		-0.138777,
		-0.693023,
		0,
		0.154458,
		0.926477,
		-0.343196,
		0,
		0.28665,
		-0.288575,
		-0.543445,
		1
	},
	[1.06666666667] = {
		0.697795,
		-0.344685,
		-0.627912,
		0,
		-0.703536,
		-0.165066,
		-0.691224,
		0,
		0.134607,
		0.924092,
		-0.357681,
		0,
		0.286055,
		-0.290741,
		-0.543744,
		1
	},
	[1.1] = {
		0.700855,
		-0.342643,
		-0.625618,
		0,
		-0.7019,
		-0.175074,
		-0.690424,
		0,
		0.127039,
		0.923009,
		-0.363202,
		0,
		0.285844,
		-0.291571,
		-0.543849,
		1
	}
}

return spline_matrices
