-- chunkname: @content/characters/player/human/first_person/animations/chain_axe/attack_left_up.lua

local spline_matrices = {
	[0.0333333333333] = {
		0.576844,
		-0.374656,
		-0.725867,
		0,
		-0.341554,
		0.696576,
		-0.630969,
		0,
		0.742019,
		0.611894,
		0.27385,
		0,
		0.29272,
		-0.223324,
		-0.226598,
		1
	},
	[0.0666666666667] = {
		0.178587,
		-0.177552,
		-0.967772,
		0,
		0.630154,
		0.776032,
		-0.02609,
		0,
		0.755654,
		-0.605186,
		0.250474,
		0,
		0.641328,
		0.001119,
		-0.083206,
		1
	},
	[0] = {
		0.645723,
		0.110459,
		-0.75554,
		0,
		-0.758509,
		-0.02096,
		-0.651325,
		0,
		-0.087781,
		0.99366,
		0.07025,
		0,
		0.039708,
		-0.402064,
		-0.319639,
		1
	},
	[0.133333333333] = {
		0.119281,
		0.392197,
		-0.912115,
		0,
		0.655385,
		0.658986,
		0.369063,
		0,
		0.745816,
		-0.641809,
		-0.178435,
		0,
		0.637478,
		0.244722,
		-0.200345,
		1
	},
	[0.166666666667] = {
		-0.055544,
		0.522713,
		-0.850698,
		0,
		0.416364,
		0.786523,
		0.456095,
		0,
		0.9075,
		-0.328866,
		-0.261325,
		0,
		0.594893,
		0.341081,
		-0.285744,
		1
	},
	[0.1] = {
		0.167159,
		0.192294,
		-0.966996,
		0,
		0.775973,
		0.579386,
		0.249353,
		0,
		0.608213,
		-0.792045,
		-0.052365,
		0,
		0.672336,
		0.160856,
		-0.126481,
		1
	},
	[0.233333333333] = {
		-0.39424,
		0.358959,
		-0.846004,
		0,
		0.525049,
		0.843507,
		0.113225,
		0,
		0.754254,
		-0.399555,
		-0.521016,
		0,
		0.488315,
		0.478428,
		-0.487338,
		1
	},
	[0.266666666667] = {
		-0.609713,
		0.238481,
		-0.755895,
		0,
		0.478518,
		0.871011,
		-0.111178,
		0,
		0.631879,
		-0.429496,
		-0.645184,
		0,
		0.373923,
		0.549997,
		-0.567144,
		1
	},
	[0.2] = {
		-0.245106,
		0.526911,
		-0.81381,
		0,
		0.279559,
		0.842173,
		0.461076,
		0,
		0.928315,
		-0.114496,
		-0.353725,
		0,
		0.544922,
		0.426284,
		-0.364717,
		1
	},
	[0.333333333333] = {
		-0.806856,
		0.197081,
		-0.556904,
		0,
		-0.477466,
		0.337559,
		0.811221,
		0,
		0.347864,
		0.920442,
		-0.178262,
		0,
		-0.048374,
		0.695246,
		-0.098164,
		1
	},
	[0.366666666667] = {
		-0.878988,
		0.034623,
		-0.475585,
		0,
		-0.45032,
		0.267724,
		0.851784,
		0,
		0.156817,
		0.962873,
		-0.219735,
		0,
		-0.099787,
		0.567863,
		0.057282,
		1
	},
	[0.3] = {
		-0.822673,
		0.141362,
		-0.55066,
		0,
		-0.382613,
		0.578741,
		0.720185,
		0,
		0.420497,
		0.803166,
		-0.422027,
		0,
		0.079344,
		0.702739,
		-0.286738,
		1
	},
	[0.433333333333] = {
		-0.696173,
		0.465174,
		-0.546769,
		0,
		-0.70984,
		-0.559691,
		0.427636,
		0,
		-0.107097,
		0.685827,
		0.719841,
		0,
		-0.263862,
		0.372261,
		0.096155,
		1
	},
	[0.466666666667] = {
		-0.605317,
		0.502809,
		-0.61707,
		0,
		-0.763881,
		-0.584891,
		0.272742,
		0,
		-0.223782,
		0.636463,
		0.73813,
		0,
		-0.376351,
		0.28941,
		0.012415,
		1
	},
	[0.4] = {
		-0.82096,
		0.18007,
		-0.541849,
		0,
		-0.570496,
		-0.219353,
		0.791466,
		0,
		0.023663,
		0.958884,
		0.282809,
		0,
		-0.205381,
		0.519935,
		0.139305,
		1
	},
	[0.533333333333] = {
		-0.42829,
		0.468716,
		-0.772576,
		0,
		-0.788151,
		-0.611972,
		0.065645,
		0,
		-0.442025,
		0.637021,
		0.63152,
		0,
		-0.415047,
		0.145613,
		-0.157141,
		1
	},
	[0.566666666667] = {
		-0.3075,
		0.383547,
		-0.870825,
		0,
		-0.782044,
		-0.623221,
		0.001659,
		0,
		-0.54208,
		0.681534,
		0.491591,
		0,
		-0.344757,
		0.073127,
		-0.254009,
		1
	},
	[0.5] = {
		-0.519855,
		0.5007,
		-0.692134,
		0,
		-0.785121,
		-0.599341,
		0.156125,
		0,
		-0.336652,
		0.624572,
		0.704681,
		0,
		-0.434184,
		0.211531,
		-0.07331,
		1
	},
	[0.633333333333] = {
		0.040158,
		0.174036,
		-0.98392,
		0,
		-0.913014,
		-0.393673,
		-0.106897,
		0,
		-0.405947,
		0.902626,
		0.143088,
		0,
		-0.010667,
		-0.240003,
		-0.394645,
		1
	},
	[0.666666666667] = {
		0.240711,
		0.097882,
		-0.965649,
		0,
		-0.943816,
		-0.208491,
		-0.256402,
		0,
		-0.226426,
		0.973114,
		0.042196,
		0,
		0.163136,
		-0.386364,
		-0.422601,
		1
	},
	[0.6] = {
		-0.149343,
		0.27321,
		-0.950291,
		0,
		-0.825377,
		-0.563655,
		-0.032339,
		0,
		-0.544471,
		0.779519,
		0.309679,
		0,
		-0.205175,
		-0.054618,
		-0.337098,
		1
	},
	[0.733333333333] = {
		0.427668,
		0.067556,
		-0.901408,
		0,
		-0.902072,
		-0.032115,
		-0.43039,
		0,
		-0.058024,
		0.997198,
		0.047206,
		0,
		0.225415,
		-0.375731,
		-0.409507,
		1
	},
	[0.766666666667] = {
		0.431841,
		0.079932,
		-0.898401,
		0,
		-0.901944,
		0.034773,
		-0.43045,
		0,
		-0.003167,
		0.996194,
		0.08711,
		0,
		0.228508,
		-0.370797,
		-0.408105,
		1
	},
	[0.7] = {
		0.422532,
		0.049347,
		-0.905003,
		0,
		-0.894647,
		-0.137222,
		-0.425179,
		0,
		-0.145168,
		0.98931,
		-0.013832,
		0,
		0.221456,
		-0.383014,
		-0.411931,
		1
	},
	[0.833333333333] = {
		0.435488,
		0.092514,
		-0.895428,
		0,
		-0.899593,
		0.08108,
		-0.429137,
		0,
		0.0329,
		0.992405,
		0.118534,
		0,
		0.231715,
		-0.365527,
		-0.408273,
		1
	},
	[0.866666666667] = {
		0.435164,
		0.094431,
		-0.895385,
		0,
		-0.900033,
		0.072059,
		-0.429824,
		0,
		0.023932,
		0.99292,
		0.116348,
		0,
		0.232038,
		-0.364496,
		-0.409542,
		1
	},
	[0.8] = {
		0.43446,
		0.087913,
		-0.896391,
		0,
		-0.900334,
		0.070422,
		-0.429465,
		0,
		0.02537,
		0.993636,
		0.109746,
		0,
		0.230589,
		-0.367539,
		-0.407734,
		1
	},
	[0.933333333333] = {
		0.43195,
		0.09224,
		-0.897168,
		0,
		-0.901476,
		0.013769,
		-0.432609,
		0,
		-0.027551,
		0.995642,
		0.0891,
		0,
		0.231047,
		-0.364706,
		-0.413422,
		1
	},
	[0.966666666667] = {
		0.42984,
		0.089112,
		-0.898497,
		0,
		-0.900764,
		-0.026162,
		-0.433519,
		0,
		-0.062139,
		0.995678,
		0.069023,
		0,
		0.230135,
		-0.365635,
		-0.415592,
		1
	},
	[0.9] = {
		0.433851,
		0.094183,
		-0.896048,
		0,
		-0.900981,
		0.048094,
		-0.431185,
		0,
		0.002484,
		0.994393,
		0.105723,
		0,
		0.231747,
		-0.364271,
		-0.411332,
		1
	},
	[1.03333333333] = {
		0.426193,
		0.081803,
		-0.900926,
		0,
		-0.895585,
		-0.102343,
		-0.432959,
		0,
		-0.127621,
		0.99138,
		0.029644,
		0,
		0.228366,
		-0.368084,
		-0.419319,
		1
	},
	[1.06666666667] = {
		0.425143,
		0.079095,
		-0.901664,
		0,
		-0.892708,
		-0.127809,
		-0.432132,
		0,
		-0.14942,
		0.98864,
		0.016271,
		0,
		0.22783,
		-0.369041,
		-0.420459,
		1
	},
	{
		0.427826,
		0.0854,
		-0.899818,
		0,
		-0.898642,
		-0.066642,
		-0.433592,
		0,
		-0.096994,
		0.994116,
		0.048233,
		0,
		0.229183,
		-0.366848,
		-0.417629,
		1
	},
	[1.1] = {
		0.424762,
		0.078067,
		-0.901933,
		0,
		-0.891446,
		-0.137591,
		-0.431732,
		0,
		-0.157802,
		0.987408,
		0.011149,
		0,
		0.22767,
		-0.369403,
		-0.420878,
		1
	}
}

return spline_matrices
