local spline_matrices = {
	[0] = {
		0.791437,
		-0.468351,
		-0.392779,
		0,
		-0.570204,
		-0.797194,
		-0.198365,
		0,
		-0.220217,
		0.380957,
		-0.897984,
		0,
		0.211628,
		-0.137449,
		-0.474618,
		1
	},
	{
		0.770625,
		0.144771,
		-0.620627,
		0,
		-0.626851,
		-0.003334,
		-0.779132,
		0,
		-0.114865,
		0.98946,
		0.088181,
		0,
		0.008691,
		-0.419326,
		-0.339943,
		1
	},
	[0.0333333333333] = {
		0.721042,
		-0.658038,
		-0.216988,
		0,
		-0.680369,
		-0.731666,
		-0.04199,
		0,
		-0.131132,
		0.177909,
		-0.975271,
		0,
		0.142117,
		-0.123942,
		-0.456626,
		1
	},
	[0.0666666666667] = {
		0.394197,
		-0.846342,
		0.358211,
		0,
		-0.917623,
		-0.340938,
		0.204277,
		0,
		-0.050761,
		-0.409228,
		-0.911019,
		0,
		-0.008711,
		-0.085375,
		-0.420133,
		1
	},
	[0.133333333333] = {
		-0.103391,
		-0.000119,
		0.994641,
		0,
		-0.871428,
		0.482098,
		-0.090525,
		0,
		-0.479504,
		-0.876117,
		-0.049948,
		0,
		-0.255531,
		-0.002886,
		-0.348413,
		1
	},
	[0.166666666667] = {
		-0.057208,
		0.198274,
		0.978476,
		0,
		-0.860448,
		0.487253,
		-0.149042,
		0,
		-0.506316,
		-0.850454,
		0.142729,
		0,
		-0.324686,
		0.001087,
		-0.299414,
		1
	},
	[0.1] = {
		0.001905,
		-0.468282,
		0.883577,
		0,
		-0.967842,
		0.221403,
		0.119426,
		0,
		-0.251552,
		-0.85539,
		-0.452802,
		0,
		-0.150739,
		-0.037072,
		-0.385216,
		1
	},
	[0.233333333333] = {
		0.182487,
		0.351267,
		0.918319,
		0,
		-0.943619,
		0.32494,
		0.063222,
		0,
		-0.276191,
		-0.878081,
		0.390759,
		0,
		-0.40637,
		-0.037832,
		-0.167053,
		1
	},
	[0.266666666667] = {
		0.345546,
		0.376113,
		0.859731,
		0,
		-0.93376,
		0.228824,
		0.275194,
		0,
		-0.093223,
		-0.897874,
		0.430269,
		0,
		-0.420184,
		-0.063459,
		-0.091951,
		1
	},
	[0.2] = {
		0.045025,
		0.299358,
		0.953078,
		0,
		-0.902261,
		0.421727,
		-0.089838,
		0,
		-0.428833,
		-0.85588,
		0.289087,
		0,
		-0.374842,
		-0.013353,
		-0.237872,
		1
	},
	[0.333333333333] = {
		0.683819,
		0.298117,
		0.665972,
		0,
		-0.728467,
		0.226941,
		0.646401,
		0,
		0.041567,
		-0.927159,
		0.372355,
		0,
		-0.41041,
		-0.098621,
		0.052902,
		1
	},
	[0.366666666667] = {
		0.795578,
		0.132251,
		0.591241,
		0,
		-0.601115,
		0.294098,
		0.74308,
		0,
		-0.07561,
		-0.946581,
		0.313476,
		0,
		-0.377668,
		0.058253,
		0.170468,
		1
	},
	[0.3] = {
		0.515462,
		0.375051,
		0.770477,
		0,
		-0.855718,
		0.177845,
		0.485919,
		0,
		0.045219,
		-0.909785,
		0.41261,
		0,
		-0.420432,
		-0.081611,
		-0.018851,
		1
	},
	[0.433333333333] = {
		0.584425,
		-0.140464,
		0.799198,
		0,
		-0.175366,
		0.939765,
		0.293408,
		0,
		-0.792272,
		-0.311627,
		0.52459,
		0,
		-0.226478,
		0.572534,
		0.163009,
		1
	},
	[0.466666666667] = {
		0.573116,
		-0.045436,
		0.818214,
		0,
		0.599482,
		0.703991,
		-0.380812,
		0,
		-0.558713,
		0.708754,
		0.430707,
		0,
		0.163768,
		0.734065,
		-0.138567,
		1
	},
	[0.4] = {
		0.797759,
		0.111031,
		0.592666,
		0,
		-0.567722,
		0.469468,
		0.676233,
		0,
		-0.203155,
		-0.875941,
		0.437557,
		0,
		-0.316257,
		0.353159,
		0.208625,
		1
	},
	[0.533333333333] = {
		0.531546,
		-0.105006,
		0.840495,
		0,
		0.773209,
		-0.344998,
		-0.532094,
		0,
		0.345842,
		0.932711,
		-0.102191,
		0,
		0.523416,
		0.399302,
		-0.382798,
		1
	},
	[0.566666666667] = {
		0.461404,
		-0.125518,
		0.878266,
		0,
		0.66765,
		-0.602793,
		-0.436904,
		0,
		0.584252,
		0.787963,
		-0.194329,
		0,
		0.634812,
		0.321669,
		-0.446773,
		1
	},
	[0.5] = {
		0.583064,
		-0.039276,
		0.811476,
		0,
		0.811864,
		0.065333,
		-0.58018,
		0,
		-0.030229,
		0.99709,
		0.06998,
		0,
		0.404195,
		0.496781,
		-0.299587,
		1
	},
	[0.633333333333] = {
		0.32961,
		-0.083299,
		0.940435,
		0,
		0.360889,
		-0.909339,
		-0.207032,
		0,
		0.87242,
		0.407633,
		-0.269666,
		0,
		0.668794,
		0.143114,
		-0.438928,
		1
	},
	[0.666666666667] = {
		0.379504,
		-0.005071,
		0.925176,
		0,
		0.161578,
		-0.984254,
		-0.071674,
		0,
		0.910972,
		0.176689,
		-0.372708,
		0,
		0.653456,
		0.073437,
		-0.44344,
		1
	},
	[0.6] = {
		0.376584,
		-0.124473,
		0.917982,
		0,
		0.530197,
		-0.783627,
		-0.323758,
		0,
		0.759655,
		0.608634,
		-0.229107,
		0,
		0.664217,
		0.222015,
		-0.448334,
		1
	},
	[0.733333333333] = {
		0.714831,
		0.117209,
		0.689404,
		0,
		-0.190416,
		-0.915977,
		0.353168,
		0,
		0.672873,
		-0.383729,
		-0.632451,
		0,
		0.564453,
		-0.065734,
		-0.508802,
		1
	},
	[0.766666666667] = {
		0.857011,
		0.069649,
		0.51057,
		0,
		-0.244348,
		-0.817418,
		0.521654,
		0,
		0.453681,
		-0.57182,
		-0.683517,
		0,
		0.503246,
		-0.134864,
		-0.542886,
		1
	},
	[0.7] = {
		0.531869,
		0.084022,
		0.842648,
		0,
		-0.044891,
		-0.990869,
		0.127136,
		0,
		0.845636,
		-0.105447,
		-0.52324,
		0,
		0.616763,
		0.003577,
		-0.471932,
		1
	},
	[0.833333333333] = {
		0.963022,
		-0.157526,
		0.218572,
		0,
		-0.244537,
		-0.851588,
		0.463681,
		0,
		0.113091,
		-0.499984,
		-0.858619,
		0,
		0.386554,
		-0.271983,
		-0.580131,
		1
	},
	[0.866666666667] = {
		0.960443,
		-0.278403,
		0.006428,
		0,
		-0.275625,
		-0.947057,
		0.164664,
		0,
		-0.039755,
		-0.159922,
		-0.986329,
		0,
		0.313598,
		-0.34368,
		-0.587663,
		1
	},
	[0.8] = {
		0.93228,
		-0.029384,
		0.360542,
		0,
		-0.245957,
		-0.782344,
		0.572226,
		0,
		0.265254,
		-0.622153,
		-0.736591,
		0,
		0.443967,
		-0.202566,
		-0.565405,
		1
	},
	[0.933333333333] = {
		0.849334,
		-0.156255,
		-0.504199,
		0,
		-0.493399,
		-0.574459,
		-0.653112,
		0,
		-0.187589,
		0.803481,
		-0.565003,
		0,
		0.130199,
		-0.391408,
		-0.472898,
		1
	},
	[0.966666666667] = {
		0.799743,
		0.024516,
		-0.599842,
		0,
		-0.581074,
		-0.219501,
		-0.783692,
		0,
		-0.150879,
		0.975304,
		-0.161299,
		0,
		0.058794,
		-0.402686,
		-0.396154,
		1
	},
	[0.9] = {
		0.915434,
		-0.294078,
		-0.274771,
		0,
		-0.369855,
		-0.883911,
		-0.286196,
		0,
		-0.158709,
		0.363618,
		-0.917929,
		0,
		0.219181,
		-0.379986,
		-0.544417,
		1
	},
	[1.03333333333] = {
		0.758966,
		0.184504,
		-0.624442,
		0,
		-0.642879,
		0.060149,
		-0.763602,
		0,
		-0.103328,
		0.980989,
		0.164265,
		0,
		-0.01096,
		-0.42847,
		-0.320266,
		1
	},
	[1.06666666667] = {
		0.762148,
		0.173509,
		-0.623718,
		0,
		-0.638622,
		0.04336,
		-0.768298,
		0,
		-0.106263,
		0.983877,
		0.143854,
		0,
		-0.005661,
		-0.425738,
		-0.325933,
		1
	},
	[1.1] = {
		0.769187,
		0.149504,
		-0.621289,
		0,
		-0.628996,
		0.005573,
		-0.777388,
		0,
		-0.11276,
		0.988745,
		0.098324,
		0,
		0.005949,
		-0.420154,
		-0.337891,
		1
	}
}

return spline_matrices
