local spline_matrices = {
	[0] = {
		-0.85041,
		-0.519661,
		-0.082192,
		0,
		-0.49529,
		0.843439,
		-0.208083,
		0,
		0.177456,
		-0.136247,
		-0.974652,
		0,
		-0.15421,
		-0.226499,
		-0.299424,
		1
	},
	[0.0333333333333] = {
		-0.301697,
		-0.89234,
		0.335721,
		0,
		-0.928702,
		0.195421,
		-0.315157,
		0,
		0.215621,
		-0.406866,
		-0.887675,
		0,
		-0.234255,
		-0.228979,
		-0.309259,
		1
	},
	[0.0666666666667] = {
		0.495175,
		-0.528961,
		0.689204,
		0,
		-0.86582,
		-0.366027,
		0.341145,
		0,
		0.071815,
		-0.765653,
		-0.639232,
		0,
		-0.326115,
		-0.187703,
		-0.258273,
		1
	},
	[0.133333333333] = {
		0.9403,
		-0.154426,
		0.303296,
		0,
		-0.340338,
		-0.432695,
		0.834832,
		0,
		0.002315,
		-0.888216,
		-0.45942,
		0,
		-0.272441,
		-0.073835,
		-0.143946,
		1
	},
	[0.166666666667] = {
		0.975098,
		-0.024222,
		0.220449,
		0,
		-0.195871,
		-0.560264,
		0.804822,
		0,
		0.104016,
		-0.82796,
		-0.551057,
		0,
		-0.215135,
		-0.026257,
		-0.052043,
		1
	},
	[0.1] = {
		0.871321,
		-0.297578,
		0.390188,
		0,
		-0.48459,
		-0.396573,
		0.779681,
		0,
		-0.077278,
		-0.868434,
		-0.489745,
		0,
		-0.331507,
		-0.11849,
		-0.200911,
		1
	},
	[0.233333333333] = {
		0.976247,
		-0.149266,
		0.157039,
		0,
		-0.215422,
		-0.591359,
		0.777103,
		0,
		-0.023129,
		-0.792474,
		-0.609467,
		0,
		-0.204369,
		0.106691,
		0.09893,
		1
	},
	[0.266666666667] = {
		0.87094,
		-0.252559,
		0.421518,
		0,
		-0.491335,
		-0.434833,
		0.754659,
		0,
		-0.007306,
		-0.864369,
		-0.502805,
		0,
		-0.205219,
		0.205224,
		0.108184,
		1
	},
	[0.2] = {
		0.998495,
		-0.023434,
		0.049585,
		0,
		-0.052513,
		-0.669304,
		0.741131,
		0,
		0.01582,
		-0.742619,
		-0.669527,
		0,
		-0.190898,
		0.032193,
		0.047119,
		1
	},
	[0.333333333333] = {
		0.86659,
		-0.155577,
		0.47415,
		0,
		-0.184088,
		0.783479,
		0.593525,
		0,
		-0.463825,
		-0.601629,
		0.650315,
		0,
		-0.023054,
		0.567934,
		0.02471,
		1
	},
	[0.366666666667] = {
		0.901149,
		-0.037009,
		0.431926,
		0,
		0.251103,
		0.856746,
		-0.450481,
		0,
		-0.353379,
		0.514409,
		0.781349,
		0,
		0.084184,
		0.717531,
		-0.156824,
		1
	},
	[0.3] = {
		0.935852,
		-0.109458,
		0.334962,
		0,
		-0.350569,
		-0.1926,
		0.916519,
		0,
		-0.035806,
		-0.975154,
		-0.218617,
		0,
		-0.16887,
		0.319418,
		0.116901,
		1
	},
	[0.433333333333] = {
		0.925577,
		0.079733,
		0.370067,
		0,
		0.332582,
		0.295675,
		-0.895525,
		0,
		-0.180822,
		0.951955,
		0.247153,
		0,
		0.279807,
		0.47831,
		-0.560311,
		1
	},
	[0.466666666667] = {
		0.911847,
		0.107475,
		0.396212,
		0,
		0.409123,
		-0.15805,
		-0.898687,
		0,
		-0.033965,
		0.981565,
		-0.188087,
		0,
		0.320837,
		0.348882,
		-0.73988,
		1
	},
	[0.4] = {
		0.925823,
		0.058896,
		0.373341,
		0,
		0.295106,
		0.504519,
		-0.811402,
		0,
		-0.236146,
		0.861389,
		0.449715,
		0,
		0.144718,
		0.619627,
		-0.303979,
		1
	},
	[0.533333333333] = {
		0.950324,
		0.140629,
		0.277684,
		0,
		0.294547,
		-0.11788,
		-0.948339,
		0,
		-0.10063,
		0.98302,
		-0.153446,
		0,
		0.272068,
		-0.059018,
		-0.605968,
		1
	},
	[0.566666666667] = {
		0.971699,
		0.086685,
		0.219742,
		0,
		0.21299,
		0.080776,
		-0.97371,
		0,
		-0.102156,
		0.992956,
		0.060027,
		0,
		0.21893,
		-0.392607,
		-0.424038,
		1
	},
	[0.5] = {
		0.930433,
		0.142977,
		0.337419,
		0,
		0.36271,
		-0.227881,
		-0.90361,
		0,
		-0.052304,
		0.963134,
		-0.263887,
		0,
		0.315264,
		0.234378,
		-0.751238,
		1
	},
	[0.633333333333] = {
		0.991276,
		-0.123984,
		-0.044714,
		0,
		-0.025042,
		0.155903,
		-0.987455,
		0,
		0.1294,
		0.97996,
		0.151438,
		0,
		0.174188,
		-0.539669,
		-0.314461,
		1
	},
	[0.666666666667] = {
		0.991119,
		-0.125299,
		-0.044533,
		0,
		-0.025449,
		0.149969,
		-0.988363,
		0,
		0.13052,
		0.980719,
		0.145448,
		0,
		0.173438,
		-0.541741,
		-0.311298,
		1
	},
	[0.6] = {
		0.988482,
		-0.018553,
		0.150199,
		0,
		0.149771,
		0.262493,
		-0.95324,
		0,
		-0.02174,
		0.964756,
		0.262248,
		0,
		0.18673,
		-0.532047,
		-0.318678,
		1
	},
	[0.733333333333] = {
		0.990509,
		-0.130226,
		-0.043959,
		0,
		-0.02602,
		0.136379,
		-0.990315,
		0,
		0.13496,
		0.98206,
		0.131697,
		0,
		0.170697,
		-0.54675,
		-0.303968,
		1
	},
	[0.766666666667] = {
		0.990119,
		-0.133262,
		-0.043664,
		0,
		-0.02615,
		0.130453,
		-0.99111,
		0,
		0.137773,
		0.982458,
		0.125679,
		0,
		0.169011,
		-0.549056,
		-0.300737,
		1
	},
	[0.7] = {
		0.990853,
		-0.127476,
		-0.044267,
		0,
		-0.025781,
		0.143173,
		-0.989362,
		0,
		0.132458,
		0.981454,
		0.138577,
		0,
		0.172223,
		-0.544208,
		-0.307647,
		1
	},
	[0.833333333333] = {
		0.989389,
		-0.138645,
		-0.04343,
		0,
		-0.026069,
		0.124668,
		-0.991856,
		0,
		0.14293,
		0.982464,
		0.119731,
		0,
		0.165987,
		-0.55171,
		-0.297548,
		1
	},
	[0.866666666667] = {
		0.989152,
		-0.140256,
		-0.043662,
		0,
		-0.025879,
		0.126201,
		-0.991667,
		0,
		0.144597,
		0.982039,
		0.121203,
		0,
		0.165045,
		-0.551543,
		-0.298381,
		1
	},
	[0.8] = {
		0.989722,
		-0.136245,
		-0.043457,
		0,
		-0.026161,
		0.126261,
		-0.991652,
		0,
		0.140595,
		0.982596,
		0.121399,
		0,
		0.167344,
		-0.55082,
		-0.298434,
		1
	},
	[0.9] = {
		0.989024,
		-0.141051,
		-0.043994,
		0,
		-0.025761,
		0.128574,
		-0.991365,
		0,
		0.14549,
		0.981618,
		0.123529,
		0,
		0.164545,
		-0.550984,
		-0.299686,
		1
	}
}

return spline_matrices
