-- chunkname: @content/characters/player/human/first_person/animations/chain_axe/heavy_attack_left_diagonal_down.lua

local spline_matrices = {
	[0.0166666666667] = {
		0.75255,
		0.048959,
		-0.656713,
		0,
		0.472642,
		0.654252,
		0.590393,
		0,
		0.45856,
		-0.75469,
		0.469218,
		0,
		0.330135,
		0.072884,
		-0.145788,
		1,
	},
	[0.0333333333333] = {
		0.754117,
		0.05591,
		-0.654355,
		0,
		0.473589,
		0.643997,
		0.600817,
		0,
		0.454995,
		-0.762982,
		0.459171,
		0,
		0.331425,
		0.068738,
		-0.143395,
		1,
	},
	[0.05] = {
		0.755559,
		0.063245,
		-0.65202,
		0,
		0.472199,
		0.637297,
		0.609,
		0,
		0.454047,
		-0.768019,
		0.451651,
		0,
		0.333492,
		0.063325,
		-0.139828,
		1,
	},
	[0.0666666666667] = {
		0.756133,
		0.069295,
		-0.650739,
		0,
		0.469428,
		0.635392,
		0.613118,
		0,
		0.45596,
		-0.769074,
		0.447912,
		0,
		0.336266,
		0.057341,
		-0.135257,
		1,
	},
	[0.0833333333333] = {
		0.755097,
		0.073672,
		-0.651461,
		0,
		0.4662,
		0.638311,
		0.612549,
		0,
		0.460963,
		-0.766245,
		0.447641,
		0,
		0.339667,
		0.051762,
		-0.129709,
		1,
	},
	[0] = {
		0.7516,
		0.045151,
		-0.658072,
		0,
		0.468378,
		0.665945,
		0.580637,
		0,
		0.464456,
		-0.744634,
		0.479376,
		0,
		0.329689,
		0.075319,
		-0.146666,
		1,
	},
	[0.116666666667] = {
		0.745141,
		0.074112,
		-0.662777,
		0,
		0.461716,
		0.65979,
		0.592871,
		0,
		0.481232,
		-0.747787,
		0.457417,
		0,
		0.347958,
		0.04534,
		-0.115952,
		1,
	},
	[0.133333333333] = {
		0.732844,
		0.065529,
		-0.677234,
		0,
		0.470072,
		0.670848,
		0.573582,
		0,
		0.491907,
		-0.738694,
		0.460823,
		0,
		0.35514,
		0.064975,
		-0.100973,
		1,
	},
	[0.15] = {
		0.721476,
		0.055135,
		-0.690241,
		0,
		0.475315,
		0.685448,
		0.551576,
		0,
		0.503535,
		-0.726031,
		0.468328,
		0,
		0.363906,
		0.109753,
		-0.078199,
		1,
	},
	[0.166666666667] = {
		0.717089,
		0.051881,
		-0.695048,
		0,
		0.451111,
		0.725628,
		0.51958,
		0,
		0.531303,
		-0.686129,
		0.496936,
		0,
		0.368702,
		0.162456,
		-0.061051,
		1,
	},
	[0.183333333333] = {
		0.707874,
		0.055612,
		-0.704146,
		0,
		0.389716,
		0.800676,
		0.455016,
		0,
		0.589097,
		-0.596511,
		0.545105,
		0,
		0.350134,
		0.245337,
		-0.054179,
		1,
	},
	[0.1] = {
		0.751697,
		0.075568,
		-0.655165,
		0,
		0.463374,
		0.646378,
		0.606201,
		0,
		0.469294,
		-0.759266,
		0.450865,
		0,
		0.343599,
		0.04747,
		-0.123248,
		1,
	},
	[0.216666666667] = {
		0.696211,
		0.019572,
		-0.71757,
		0,
		0.290024,
		0.906738,
		0.306123,
		0,
		0.65664,
		-0.421239,
		0.625605,
		0,
		0.303667,
		0.394967,
		-0.059851,
		1,
	},
	[0.233333333333] = {
		0.718843,
		-0.010402,
		-0.695095,
		0,
		0.159132,
		0.975801,
		0.149965,
		0,
		0.676714,
		-0.218413,
		0.703103,
		0,
		0.293604,
		0.480502,
		-0.062493,
		1,
	},
	[0.25] = {
		0.732011,
		0.002525,
		-0.681288,
		0,
		-0.283266,
		0.910588,
		-0.300981,
		0,
		0.619613,
		0.413307,
		0.667275,
		0,
		0.140244,
		0.62005,
		-0.113635,
		1,
	},
	[0.266666666667] = {
		0.70817,
		0.123102,
		-0.695227,
		0,
		-0.629793,
		0.555241,
		-0.543202,
		0,
		0.319149,
		0.822529,
		0.470734,
		0,
		-0.042831,
		0.690376,
		-0.170119,
		1,
	},
	[0.283333333333] = {
		0.61349,
		0.1604,
		-0.773241,
		0,
		-0.789194,
		0.159674,
		-0.593024,
		0,
		0.028345,
		0.974051,
		0.224546,
		0,
		-0.145242,
		0.663754,
		-0.219795,
		1,
	},
	[0.2] = {
		0.700715,
		0.064567,
		-0.710513,
		0,
		0.273995,
		0.89517,
		0.351564,
		0,
		0.658729,
		-0.441024,
		0.609568,
		0,
		0.301041,
		0.338105,
		-0.055116,
		1,
	},
	[0.316666666667] = {
		0.439116,
		0.153419,
		-0.885234,
		0,
		-0.776544,
		-0.43072,
		-0.459848,
		0,
		-0.451837,
		0.88935,
		-0.069999,
		0,
		-0.261096,
		0.525131,
		-0.325428,
		1,
	},
	[0.333333333333] = {
		0.417066,
		0.137078,
		-0.89848,
		0,
		-0.718493,
		-0.555693,
		-0.418298,
		0,
		-0.556618,
		0.820009,
		-0.133271,
		0,
		-0.315508,
		0.45247,
		-0.382071,
		1,
	},
	[0.35] = {
		0.474227,
		0.152996,
		-0.867007,
		0,
		-0.693647,
		-0.541536,
		-0.474966,
		0,
		-0.542183,
		0.826638,
		-0.150686,
		0,
		-0.342042,
		0.393383,
		-0.41712,
		1,
	},
	[0.366666666667] = {
		0.491841,
		0.131313,
		-0.860726,
		0,
		-0.636957,
		-0.619715,
		-0.458518,
		0,
		-0.593614,
		0.773764,
		-0.221161,
		0,
		-0.338222,
		0.324162,
		-0.420802,
		1,
	},
	[0.383333333333] = {
		0.521148,
		0.098243,
		-0.847793,
		0,
		-0.534037,
		-0.73732,
		-0.41372,
		0,
		-0.66574,
		0.668362,
		-0.331787,
		0,
		-0.329782,
		0.247362,
		-0.422874,
		1,
	},
	[0.3] = {
		0.516532,
		0.154796,
		-0.84216,
		0,
		-0.819215,
		-0.196856,
		-0.538642,
		0,
		-0.249164,
		0.968135,
		0.025129,
		0,
		-0.209279,
		0.599818,
		-0.27731,
		1,
	},
	[0.416666666667] = {
		0.61048,
		0.082562,
		-0.787717,
		0,
		-0.250422,
		-0.923411,
		-0.290861,
		0,
		-0.751401,
		0.374827,
		-0.543049,
		0,
		-0.292098,
		0.086802,
		-0.420102,
		1,
	},
	[0.433333333333] = {
		0.653953,
		0.1165,
		-0.747511,
		0,
		-0.135412,
		-0.954091,
		-0.267159,
		0,
		-0.744318,
		0.275931,
		-0.608155,
		0,
		-0.264193,
		0.01418,
		-0.417601,
		1,
	},
	[0.45] = {
		0.694163,
		0.168032,
		-0.69993,
		0,
		-0.04903,
		-0.959076,
		-0.278871,
		0,
		-0.718146,
		0.227899,
		-0.657517,
		0,
		-0.232225,
		-0.056465,
		-0.414257,
		1,
	},
	[0.466666666667] = {
		0.72876,
		0.223941,
		-0.647117,
		0,
		0.02614,
		-0.953423,
		-0.300503,
		0,
		-0.684271,
		0.202079,
		-0.70067,
		0,
		-0.197061,
		-0.130741,
		-0.407579,
		1,
	},
	[0.483333333333] = {
		0.758057,
		0.281138,
		-0.588482,
		0,
		0.091955,
		-0.939379,
		-0.33032,
		0,
		-0.645673,
		0.196288,
		-0.737955,
		0,
		-0.159934,
		-0.205107,
		-0.399065,
		1,
	},
	[0.4] = {
		0.565042,
		0.078423,
		-0.821327,
		0,
		-0.39329,
		-0.849496,
		-0.351681,
		0,
		-0.725294,
		0.521734,
		-0.449158,
		0,
		-0.314483,
		0.16631,
		-0.42276,
		1,
	},
	[0.516666666667] = {
		0.803595,
		0.386591,
		-0.452529,
		0,
		0.199505,
		-0.891305,
		-0.407153,
		0,
		-0.560743,
		0.236904,
		-0.793375,
		0,
		-0.084532,
		-0.339881,
		-0.382308,
		1,
	},
	[0.533333333333] = {
		0.821493,
		0.428835,
		-0.375831,
		0,
		0.241757,
		-0.858864,
		-0.451559,
		0,
		-0.516432,
		0.280093,
		-0.809225,
		0,
		-0.048697,
		-0.393375,
		-0.376917,
		1,
	},
	[0.55] = {
		0.837157,
		0.460749,
		-0.294753,
		0,
		0.276073,
		-0.82115,
		-0.499496,
		0,
		-0.472178,
		0.336783,
		-0.814632,
		0,
		-0.015332,
		-0.432134,
		-0.375245,
		1,
	},
	[0.566666666667] = {
		0.851125,
		0.480624,
		-0.211153,
		0,
		0.302082,
		-0.777361,
		-0.551776,
		0,
		-0.429339,
		0.405845,
		-0.806819,
		0,
		0.015819,
		-0.448107,
		-0.378033,
		1,
	},
	[0.583333333333] = {
		0.86916,
		0.479779,
		-0.11989,
		0,
		0.311539,
		-0.719486,
		-0.620712,
		0,
		-0.384063,
		0.502147,
		-0.774818,
		0,
		0.043152,
		-0.449271,
		-0.382825,
		1,
	},
	[0.5] = {
		0.782728,
		0.3364,
		-0.523614,
		0,
		0.149577,
		-0.918353,
		-0.366406,
		0,
		-0.604122,
		0.208476,
		-0.769139,
		0,
		-0.122023,
		-0.275993,
		-0.390162,
		1,
	},
	[0.616666666667] = {
		0.923125,
		0.37765,
		0.072254,
		0,
		0.277488,
		-0.52426,
		-0.805079,
		0,
		-0.266158,
		0.763238,
		-0.588751,
		0,
		0.090165,
		-0.434438,
		-0.382388,
		1,
	},
	[0.633333333333] = {
		0.944868,
		0.286198,
		0.159107,
		0,
		0.26404,
		-0.378533,
		-0.887128,
		0,
		-0.193667,
		0.880229,
		-0.433231,
		0,
		0.112791,
		-0.423206,
		-0.376584,
		1,
	},
	[0.65] = {
		0.957514,
		0.180382,
		0.22501,
		0,
		0.26197,
		-0.217821,
		-0.940173,
		0,
		-0.120578,
		0.959175,
		-0.255821,
		0,
		0.134547,
		-0.413209,
		-0.367411,
		1,
	},
	[0.666666666667] = {
		0.961197,
		0.076264,
		0.26511,
		0,
		0.270124,
		-0.065215,
		-0.960614,
		0,
		-0.055971,
		0.994953,
		-0.083285,
		0,
		0.15432,
		-0.405444,
		-0.356437,
		1,
	},
	[0.683333333333] = {
		0.95891,
		-0.010592,
		0.283511,
		0,
		0.283632,
		0.059134,
		-0.957108,
		0,
		-0.006627,
		0.998194,
		0.059709,
		0,
		0.170827,
		-0.398946,
		-0.345688,
		1,
	},
	[0.6] = {
		0.895388,
		0.444699,
		-0.02287,
		0,
		0.298706,
		-0.637939,
		-0.709795,
		0,
		-0.330234,
		0.62871,
		-0.704037,
		0,
		0.067455,
		-0.443971,
		-0.384489,
		1,
	},
	[0.716666666667] = {
		0.951028,
		-0.105416,
		0.290575,
		0,
		0.306332,
		0.195772,
		-0.931576,
		0,
		0.041317,
		0.974967,
		0.218477,
		0,
		0.190807,
		-0.39347,
		-0.331919,
		1,
	},
	[0.733333333333] = {
		0.948121,
		-0.130655,
		0.28982,
		0,
		0.313671,
		0.236106,
		-0.919709,
		0,
		0.051737,
		0.962904,
		0.26484,
		0,
		0.197704,
		-0.392275,
		-0.32762,
		1,
	},
	[0.75] = {
		0.946258,
		-0.146413,
		0.288374,
		0,
		0.318425,
		0.265755,
		-0.909934,
		0,
		0.056589,
		0.952857,
		0.298095,
		0,
		0.203358,
		-0.391492,
		-0.324542,
		1,
	},
	[0.766666666667] = {
		0.94549,
		-0.153983,
		0.286946,
		0,
		0.320658,
		0.286519,
		-0.902821,
		0,
		0.056803,
		0.94562,
		0.320277,
		0,
		0.207881,
		-0.390959,
		-0.322563,
		1,
	},
	[0.783333333333] = {
		0.945738,
		-0.15449,
		0.285853,
		0,
		0.320562,
		0.299857,
		-0.898513,
		0,
		0.053096,
		0.941392,
		0.33311,
		0,
		0.211378,
		-0.39058,
		-0.32156,
		1,
	},
	[0.7] = {
		0.95471,
		-0.069268,
		0.289364,
		0,
		0.296558,
		0.142595,
		-0.944309,
		0,
		0.024149,
		0.987354,
		0.156679,
		0,
		0.182548,
		-0.395315,
		-0.337538,
		1,
	},
	[0.816666666667] = {
		0.948585,
		-0.138147,
		0.284785,
		0,
		0.314462,
		0.308812,
		-0.897635,
		0,
		0.036061,
		0.941037,
		0.336376,
		0,
		0.215673,
		-0.390093,
		-0.322004,
		1,
	},
	[0.833333333333] = {
		0.950728,
		-0.123108,
		0.284534,
		0,
		0.309118,
		0.30625,
		-0.900365,
		0,
		0.023704,
		0.943957,
		0.329216,
		0,
		0.216603,
		-0.389979,
		-0.323226,
		1,
	},
	[0.85] = {
		0.953034,
		-0.104678,
		0.284197,
		0,
		0.302715,
		0.300057,
		-0.904616,
		0,
		0.009419,
		0.948161,
		0.317652,
		0,
		0.216792,
		-0.389975,
		-0.324968,
		1,
	},
	[0.866666666667] = {
		0.955294,
		-0.083615,
		0.283587,
		0,
		0.295587,
		0.29105,
		-0.9099,
		0,
		-0.006456,
		0.953047,
		0.302754,
		0,
		0.216358,
		-0.390069,
		-0.327115,
		1,
	},
	[0.883333333333] = {
		0.957325,
		-0.060713,
		0.282566,
		0,
		0.288054,
		0.280077,
		-0.915741,
		0,
		-0.023543,
		0.958056,
		0.285613,
		0,
		0.21542,
		-0.390245,
		-0.329549,
		1,
	},
	[0.8] = {
		0.94684,
		-0.148918,
		0.285164,
		0,
		0.318396,
		0.306958,
		-0.896884,
		0,
		0.046029,
		0.94,
		0.338055,
		0,
		0.213945,
		-0.390299,
		-0.321412,
		1,
	},
	[0.916666666667] = {
		0.960196,
		-0.012711,
		0.279039,
		0,
		0.272907,
		0.255653,
		-0.92745,
		0,
		-0.059549,
		0.966685,
		0.248946,
		0,
		0.212503,
		-0.390821,
		-0.334695,
		1,
	},
	[0.933333333333] = {
		0.960918,
		0.010627,
		0.276629,
		0,
		0.265786,
		0.24405,
		-0.932629,
		0,
		-0.077422,
		0.969704,
		0.231688,
		0,
		0.210764,
		-0.391197,
		-0.337093,
		1,
	},
	[0.95] = {
		0.961186,
		0.032286,
		0.274005,
		0,
		0.25924,
		0.234202,
		-0.936987,
		0,
		-0.094424,
		0.971652,
		0.216742,
		0,
		0.209,
		-0.391592,
		-0.339165,
		1,
	},
	[0.966666666667] = {
		0.961089,
		0.051317,
		0.271431,
		0,
		0.253429,
		0.227186,
		-0.940298,
		0,
		-0.109919,
		0.972498,
		0.205341,
		0,
		0.207334,
		-0.391964,
		-0.340758,
		1,
	},
	[0.983333333333] = {
		0.960763,
		0.066767,
		0.269216,
		0,
		0.248485,
		0.224099,
		-0.942356,
		0,
		-0.123249,
		0.972277,
		0.198716,
		0,
		0.205887,
		-0.392264,
		-0.341718,
		1,
	},
	[0.9] = {
		0.958988,
		-0.036791,
		0.281049,
		0,
		0.280407,
		0.267983,
		-0.921714,
		0,
		-0.041405,
		0.962721,
		0.267309,
		0,
		0.214095,
		-0.390497,
		-0.332128,
		1,
	},
	{
		0.960371,
		0.077688,
		0.267677,
		0,
		0.244532,
		0.226028,
		-0.942929,
		0,
		-0.133757,
		0.971018,
		0.198074,
		0,
		0.204781,
		-0.392444,
		-0.341895,
		1,
	},
}

return spline_matrices
