-- chunkname: @content/characters/player/human/first_person/animations/chain_axe/heavy_attack_right_diagonal_down.lua

local spline_matrices = {
	[0.0333333333333] = {
		0.575982,
		0.007128,
		0.817431,
		0,
		-0.815205,
		0.079268,
		0.573723,
		0,
		-0.060707,
		-0.996828,
		0.051467,
		0,
		-0.317953,
		-0.01524,
		0.077634,
		1,
	},
	[0.0666666666667] = {
		0.603294,
		-0.075515,
		0.793936,
		0,
		-0.791108,
		0.069308,
		0.607737,
		0,
		-0.10092,
		-0.994733,
		-0.017927,
		0,
		-0.331242,
		-0.007313,
		0.085119,
		1,
	},
	[0] = {
		0.543545,
		0.077146,
		0.835827,
		0,
		-0.839307,
		0.063129,
		0.539981,
		0,
		-0.011107,
		-0.995019,
		0.099063,
		0,
		-0.309451,
		-0.019353,
		0.074941,
		1,
	},
	[0.133333333333] = {
		0.632984,
		-0.190443,
		0.750375,
		0,
		-0.746603,
		0.106159,
		0.656745,
		0,
		-0.204732,
		-0.975941,
		-0.074988,
		0,
		-0.356119,
		0.047675,
		0.099712,
		1,
	},
	[0.166666666667] = {
		0.634126,
		-0.215694,
		0.742536,
		0,
		-0.709348,
		0.219929,
		0.669669,
		0,
		-0.307749,
		-0.951371,
		-0.01354,
		0,
		-0.36459,
		0.091397,
		0.096622,
		1,
	},
	[0.1] = {
		0.618109,
		-0.153294,
		0.771001,
		0,
		-0.770949,
		0.073374,
		0.632656,
		0,
		-0.153554,
		-0.985453,
		-0.072829,
		0,
		-0.345604,
		0.016057,
		0.095064,
		1,
	},
	[0.233333333333] = {
		0.565413,
		-0.197771,
		0.800747,
		0,
		-0.333813,
		0.832898,
		0.441419,
		0,
		-0.75424,
		-0.516883,
		0.404913,
		0,
		-0.232476,
		0.476901,
		0.081611,
		1,
	},
	[0.266666666667] = {
		0.512064,
		-0.141907,
		0.847144,
		0,
		0.206885,
		0.977599,
		0.038706,
		0,
		-0.83366,
		0.155441,
		0.529952,
		0,
		-0.107794,
		0.685522,
		0.009075,
		1,
	},
	[0.2] = {
		0.610651,
		-0.213339,
		0.762621,
		0,
		-0.603508,
		0.498145,
		0.622599,
		0,
		-0.512721,
		-0.840439,
		0.175441,
		0,
		-0.314303,
		0.23659,
		0.087206,
		1,
	},
	[0.333333333333] = {
		0.65498,
		-0.048927,
		0.75406,
		0,
		0.733251,
		-0.199994,
		-0.649881,
		0,
		0.182605,
		0.978575,
		-0.095117,
		0,
		0.459004,
		0.628482,
		-0.35069,
		1,
	},
	[0.366666666667] = {
		0.644063,
		-0.292393,
		0.706888,
		0,
		0.491195,
		-0.550332,
		-0.675176,
		0,
		0.586439,
		0.782075,
		-0.210826,
		0,
		0.601099,
		0.440211,
		-0.43308,
		1,
	},
	[0.3] = {
		0.504173,
		-0.077591,
		0.86011,
		0,
		0.787397,
		0.450366,
		-0.420923,
		0,
		-0.354705,
		0.889466,
		0.288157,
		0,
		0.209949,
		0.744675,
		-0.18003,
		1,
	},
	[0.433333333333] = {
		0.811782,
		-0.243331,
		0.530848,
		0,
		0.337296,
		-0.546693,
		-0.766393,
		0,
		0.476698,
		0.801197,
		-0.361721,
		0,
		0.476084,
		0.137843,
		-0.458041,
		1,
	},
	[0.466666666667] = {
		0.914835,
		-0.18807,
		0.357361,
		0,
		0.25902,
		-0.405642,
		-0.876563,
		0,
		0.309816,
		0.894474,
		-0.322382,
		0,
		0.349564,
		-0.013639,
		-0.457171,
		1,
	},
	[0.4] = {
		0.699719,
		-0.310042,
		0.643636,
		0,
		0.376957,
		-0.60508,
		-0.701271,
		0,
		0.606875,
		0.733316,
		-0.306513,
		0,
		0.569525,
		0.293141,
		-0.44825,
		1,
	},
	[0.533333333333] = {
		0.998268,
		0.057709,
		-0.011431,
		0,
		-0.008333,
		-0.053655,
		-0.998525,
		0,
		-0.058237,
		0.996891,
		-0.053081,
		0,
		0.10242,
		-0.251049,
		-0.422191,
		1,
	},
	[0.566666666667] = {
		0.972401,
		0.171601,
		-0.158077,
		0,
		-0.163962,
		0.02059,
		-0.986252,
		0,
		-0.165987,
		0.984951,
		0.048158,
		0,
		0.045065,
		-0.306853,
		-0.404141,
		1,
	},
	[0.5] = {
		0.983214,
		-0.079033,
		0.164452,
		0,
		0.143478,
		-0.221901,
		-0.964455,
		0,
		0.112716,
		0.971861,
		-0.206837,
		0,
		0.215184,
		-0.147807,
		-0.444145,
		1,
	},
	[0.633333333333] = {
		0.975886,
		0.18462,
		-0.116459,
		0,
		-0.126957,
		0.046058,
		-0.990838,
		0,
		-0.177565,
		0.98173,
		0.068386,
		0,
		0.042381,
		-0.345652,
		-0.396801,
		1,
	},
	[0.666666666667] = {
		0.976858,
		0.1917,
		-0.094867,
		0,
		-0.108437,
		0.061557,
		-0.992196,
		0,
		-0.184365,
		0.979521,
		0.08092,
		0,
		0.040304,
		-0.362601,
		-0.393408,
		1,
	},
	[0.6] = {
		0.974414,
		0.177631,
		-0.137712,
		0,
		-0.145571,
		0.031936,
		-0.988832,
		0,
		-0.171249,
		0.983579,
		0.056977,
		0,
		0.044193,
		-0.326794,
		-0.400445,
		1,
	},
	[0.733333333333] = {
		0.977467,
		0.20321,
		-0.057126,
		0,
		-0.076931,
		0.090934,
		-0.992881,
		0,
		-0.196568,
		0.974904,
		0.104518,
		0,
		0.036575,
		-0.387471,
		-0.388509,
		1,
	},
	[0.766666666667] = {
		0.977434,
		0.206451,
		-0.044739,
		0,
		-0.066979,
		0.102024,
		-0.992525,
		0,
		-0.200343,
		0.973123,
		0.113549,
		0,
		0.035387,
		-0.39376,
		-0.387703,
		1,
	},
	[0.7] = {
		0.977347,
		0.198111,
		-0.074467,
		0,
		-0.091254,
		0.076989,
		-0.992847,
		0,
		-0.190961,
		0.977151,
		0.093324,
		0,
		0.03829,
		-0.376816,
		-0.390535,
		1,
	},
	[0.833333333333] = {
		0.977503,
		0.207429,
		-0.038215,
		0,
		-0.062517,
		0.111896,
		-0.991752,
		0,
		-0.201442,
		0.97183,
		0.122346,
		0,
		0.035069,
		-0.39375,
		-0.389661,
		1,
	},
	[0.866666666667] = {
		0.977261,
		0.208742,
		-0.037249,
		0,
		-0.062305,
		0.114773,
		-0.991436,
		0,
		-0.202679,
		0.971213,
		0.125169,
		0,
		0.03569,
		-0.392544,
		-0.390819,
		1,
	},
	[0.8] = {
		0.977478,
		0.207331,
		-0.039371,
		0,
		-0.062932,
		0.108298,
		-0.992124,
		0,
		-0.201434,
		0.972258,
		0.118907,
		0,
		0.034925,
		-0.395158,
		-0.388246,
		1,
	},
	[0.933333333333] = {
		0.976318,
		0.213247,
		-0.036454,
		0,
		-0.062388,
		0.116177,
		-0.991267,
		0,
		-0.20715,
		0.970066,
		0.12673,
		0,
		0.037648,
		-0.391711,
		-0.391471,
		1,
	},
	[0.966666666667] = {
		0.976315,
		0.213262,
		-0.036434,
		0,
		-0.062373,
		0.116194,
		-0.991266,
		0,
		-0.207166,
		0.970061,
		0.126743,
		0,
		0.03766,
		-0.391704,
		-0.391477,
		1,
	},
	[0.9] = {
		0.97653,
		0.212238,
		-0.036676,
		0,
		-0.062415,
		0.115875,
		-0.991301,
		0,
		-0.206142,
		0.970324,
		0.126402,
		0,
		0.037191,
		-0.391894,
		-0.391331,
		1,
	},
}

return spline_matrices
