-- chunkname: @content/characters/player/human/first_person/animations/chain_axe/heavy_attack_left_down.lua

local spline_matrices = {
	[0.0333333333333] = {
		0.889637,
		-0.100211,
		-0.445538,
		0,
		0.414011,
		0.588714,
		0.69427,
		0,
		0.192721,
		-0.802106,
		0.56523,
		0,
		0.28715,
		0.094943,
		0.00794,
		1
	},
	[0.0666666666667] = {
		0.906466,
		-0.137604,
		-0.39923,
		0,
		0.400987,
		0.576906,
		0.71161,
		0,
		0.132399,
		-0.805136,
		0.578123,
		0,
		0.273137,
		0.083907,
		0.015573,
		1
	},
	[0] = {
		0.87468,
		-0.065172,
		-0.4803,
		0,
		0.41464,
		0.613783,
		0.671822,
		0,
		0.251016,
		-0.78678,
		0.563886,
		0,
		0.294546,
		0.101708,
		0.004091,
		1
	},
	[0.133333333333] = {
		0.908017,
		-0.229942,
		-0.350187,
		0,
		0.414703,
		0.611844,
		0.673549,
		0,
		0.059382,
		-0.756818,
		0.650922,
		0,
		0.247028,
		0.09542,
		0.046607,
		1
	},
	[0.166666666667] = {
		0.89985,
		-0.259872,
		-0.350337,
		0,
		0.429482,
		0.668248,
		0.607446,
		0,
		0.076254,
		-0.697074,
		0.712933,
		0,
		0.245215,
		0.194906,
		0.083914,
		1
	},
	[0.1] = {
		0.915504,
		-0.179718,
		-0.359937,
		0,
		0.393473,
		0.586473,
		0.707975,
		0,
		0.083858,
		-0.789779,
		0.607633,
		0,
		0.257304,
		0.075448,
		0.026064,
		1
	},
	[0.233333333333] = {
		0.916446,
		0.032167,
		-0.398863,
		0,
		-0.047036,
		0.998513,
		-0.027547,
		0,
		0.397384,
		0.044006,
		0.916597,
		0,
		0.074904,
		0.55342,
		0.022883,
		1
	},
	[0.266666666667] = {
		0.930435,
		0.108431,
		-0.350048,
		0,
		-0.306002,
		0.755459,
		-0.579348,
		0,
		0.201627,
		0.646161,
		0.736086,
		0,
		-0.015272,
		0.698757,
		-0.174723,
		1
	},
	[0.2] = {
		0.92307,
		-0.170279,
		-0.344887,
		0,
		0.313554,
		0.852456,
		0.418333,
		0,
		0.222768,
		-0.494291,
		0.840268,
		0,
		0.174021,
		0.367126,
		0.086325,
		1
	},
	[0.333333333333] = {
		0.903125,
		0.182698,
		-0.38857,
		0,
		-0.374523,
		-0.107406,
		-0.920976,
		0,
		-0.209995,
		0.977285,
		-0.028577,
		0,
		-0.158399,
		0.498962,
		-0.511141,
		1
	},
	[0.366666666667] = {
		0.966003,
		0.255407,
		-0.040067,
		0,
		0.010089,
		-0.192104,
		-0.981323,
		0,
		-0.258333,
		0.947557,
		-0.18815,
		0,
		-0.171712,
		0.372379,
		-0.560235,
		1
	},
	[0.3] = {
		0.946365,
		0.145703,
		-0.288381,
		0,
		-0.316947,
		0.245295,
		-0.916174,
		0,
		-0.062751,
		0.958437,
		0.278319,
		0,
		-0.107274,
		0.639643,
		-0.362451,
		1
	},
	[0.433333333333] = {
		0.955688,
		0.191972,
		0.223176,
		0,
		0.243394,
		-0.08883,
		-0.965851,
		0,
		-0.165592,
		0.977372,
		-0.131619,
		0,
		-0.111815,
		0.117633,
		-0.506738,
		1
	},
	[0.466666666667] = {
		0.939519,
		0.136169,
		0.314266,
		0,
		0.320141,
		-0.023063,
		-0.947089,
		0,
		-0.121716,
		0.990417,
		-0.065261,
		0,
		-0.068428,
		-0.012987,
		-0.462525,
		1
	},
	[0.4] = {
		0.966902,
		0.232167,
		0.105829,
		0,
		0.142671,
		-0.148092,
		-0.978629,
		0,
		-0.211533,
		0.961336,
		-0.176314,
		0,
		-0.146838,
		0.249179,
		-0.541649,
		1
	},
	[0.533333333333] = {
		0.90166,
		0.001768,
		0.432442,
		0,
		0.430629,
		0.087904,
		-0.898238,
		0,
		-0.039602,
		0.996127,
		0.078498,
		0,
		0.028113,
		-0.23841,
		-0.377377,
		1
	},
	[0.566666666667] = {
		0.879521,
		-0.059065,
		0.472181,
		0,
		0.475856,
		0.113782,
		-0.872132,
		0,
		-0.002213,
		0.991748,
		0.12818,
		0,
		0.073562,
		-0.317624,
		-0.35287,
		1
	},
	[0.5] = {
		0.921396,
		0.06988,
		0.38229,
		0,
		0.380406,
		0.039057,
		-0.923994,
		0,
		-0.0795,
		0.996791,
		0.009404,
		0,
		-0.020507,
		-0.134324,
		-0.4167,
		1
	},
	[0.633333333333] = {
		0.842111,
		-0.146914,
		0.518908,
		0,
		0.531598,
		0.064037,
		-0.844573,
		0,
		0.09085,
		0.987074,
		0.132026,
		0,
		0.164549,
		-0.383936,
		-0.351907,
		1
	},
	[0.666666666667] = {
		0.835212,
		-0.178373,
		0.520196,
		0,
		0.530559,
		0.012523,
		-0.847555,
		0,
		0.144667,
		0.983883,
		0.105097,
		0,
		0.208441,
		-0.396648,
		-0.358527,
		1
	},
	[0.6] = {
		0.855957,
		-0.10628,
		0.506006,
		0,
		0.515759,
		0.106484,
		-0.85009,
		0,
		0.036466,
		0.988618,
		0.145961,
		0,
		0.115686,
		-0.363693,
		-0.348553,
		1
	},
	[0.733333333333] = {
		0.82871,
		-0.198426,
		0.523324,
		0,
		0.528921,
		-0.028046,
		-0.848207,
		0,
		0.182984,
		0.979715,
		0.081709,
		0,
		0.248848,
		-0.401304,
		-0.363172,
		1
	},
	[0.766666666667] = {
		0.829858,
		-0.193306,
		0.523419,
		0,
		0.52887,
		-0.026504,
		-0.848289,
		0,
		0.177852,
		0.98078,
		0.080239,
		0,
		0.257926,
		-0.401338,
		-0.363788,
		1
	},
	[0.7] = {
		0.83096,
		-0.195387,
		0.520893,
		0,
		0.527666,
		-0.019877,
		-0.849219,
		0,
		0.17628,
		0.980525,
		0.086582,
		0,
		0.235962,
		-0.40036,
		-0.362358,
		1
	},
	[0.833333333333] = {
		0.839107,
		-0.165795,
		0.518085,
		0,
		0.525155,
		-0.001398,
		-0.851006,
		0,
		0.141816,
		0.986159,
		0.085895,
		0,
		0.266689,
		-0.39952,
		-0.364891,
		1
	},
	[0.866666666667] = {
		0.845303,
		-0.1474,
		0.513553,
		0,
		0.521467,
		0.0183,
		-0.853075,
		0,
		0.116345,
		0.988908,
		0.092334,
		0,
		0.26716,
		-0.398137,
		-0.365561,
		1
	},
	[0.8] = {
		0.833634,
		-0.181822,
		0.521532,
		0,
		0.527627,
		-0.017012,
		-0.849306,
		0,
		0.163295,
		0.983184,
		0.081752,
		0,
		0.263717,
		-0.40068,
		-0.364329,
		1
	},
	[0.933333333333] = {
		0.857002,
		-0.109034,
		0.503645,
		0,
		0.5116,
		0.062916,
		-0.856917,
		0,
		0.061746,
		0.992045,
		0.109702,
		0,
		0.263485,
		-0.395082,
		-0.367086,
		1
	},
	[0.966666666667] = {
		0.861593,
		-0.09128,
		0.499325,
		0,
		0.506278,
		0.08358,
		-0.858311,
		0,
		0.036613,
		0.992312,
		0.118225,
		0,
		0.26081,
		-0.393872,
		-0.367517,
		1
	},
	[0.9] = {
		0.85145,
		-0.128105,
		0.50855,
		0,
		0.516831,
		0.040424,
		-0.855132,
		0,
		0.088989,
		0.990937,
		0.100627,
		0,
		0.265846,
		-0.396589,
		-0.366353,
		1
	},
	{
		0.865008,
		-0.075977,
		0.495973,
		0,
		0.501517,
		0.100259,
		-0.859319,
		0,
		0.015563,
		0.992056,
		0.124828,
		0,
		0.258556,
		-0.393204,
		-0.367408,
		1
	}
}

return spline_matrices
