-- chunkname: @content/characters/player/human/first_person/animations/chain_axe/heavy_attack_left.lua

local spline_matrices = {
	[0.0166666666667] = {
		0.855699,
		-0.033597,
		-0.516381,
		0,
		0.42508,
		0.61471,
		0.664408,
		0,
		0.295102,
		-0.788037,
		0.540289,
		0,
		0.29864,
		0.099863,
		0.000949,
		1
	},
	[0.0333333333333] = {
		0.8251,
		-0.005543,
		-0.564959,
		0,
		0.448206,
		0.615218,
		0.648551,
		0,
		0.343978,
		-0.788337,
		0.510101,
		0,
		0.305018,
		0.095464,
		-0.005912,
		1
	},
	[0.05] = {
		0.78342,
		0.019538,
		-0.621185,
		0,
		0.478511,
		0.618839,
		0.622949,
		0,
		0.396585,
		-0.785274,
		0.475462,
		0,
		0.31314,
		0.08955,
		-0.016108,
		1
	},
	[0.0666666666667] = {
		0.731608,
		0.042154,
		-0.680421,
		0,
		0.51061,
		0.627424,
		0.587892,
		0,
		0.451694,
		-0.777536,
		0.437504,
		0,
		0.322459,
		0.083087,
		-0.028974,
		1
	},
	[0.0833333333333] = {
		0.671388,
		0.06318,
		-0.738408,
		0,
		0.539641,
		0.641239,
		0.545527,
		0,
		0.507962,
		-0.764736,
		0.396426,
		0,
		0.332445,
		0.077043,
		-0.043594,
		1
	},
	[0] = {
		0.87468,
		-0.065172,
		-0.4803,
		0,
		0.41464,
		0.613783,
		0.671822,
		0,
		0.251016,
		-0.78678,
		0.563886,
		0,
		0.294546,
		0.101708,
		0.004091,
		1
	},
	[0.116666666667] = {
		0.536449,
		0.098985,
		-0.838108,
		0,
		0.573533,
		0.685763,
		0.448094,
		0,
		0.619098,
		-0.721062,
		0.311105,
		0,
		0.352538,
		0.070012,
		-0.074451,
		1
	},
	[0.133333333333] = {
		0.476847,
		0.117624,
		-0.871081,
		0,
		0.579351,
		0.703222,
		0.412106,
		0,
		0.661037,
		-0.701173,
		0.267184,
		0,
		0.363823,
		0.089023,
		-0.081053,
		1
	},
	[0.15] = {
		0.430185,
		0.138115,
		-0.892113,
		0,
		0.569429,
		0.725313,
		0.386875,
		0,
		0.700494,
		-0.674423,
		0.233372,
		0,
		0.376092,
		0.133425,
		-0.077988,
		1
	},
	[0.166666666667] = {
		0.372482,
		0.141453,
		-0.917196,
		0,
		0.520666,
		0.786265,
		0.332708,
		0,
		0.768221,
		-0.60148,
		0.219219,
		0,
		0.385526,
		0.187842,
		-0.079953,
		1
	},
	[0.183333333333] = {
		0.243684,
		0.074933,
		-0.966956,
		0,
		0.408322,
		0.896417,
		0.172368,
		0,
		0.879711,
		-0.436832,
		0.187845,
		0,
		0.391201,
		0.274189,
		-0.108385,
		1
	},
	[0.1] = {
		0.605297,
		0.082349,
		-0.791729,
		0,
		0.561607,
		0.66069,
		0.498082,
		0,
		0.564104,
		-0.746128,
		0.353666,
		0,
		0.342612,
		0.072369,
		-0.059065,
		1
	},
	[0.216666666667] = {
		0.097197,
		0.029943,
		-0.994815,
		0,
		-0.108568,
		0.993902,
		0.019308,
		0,
		0.989326,
		0.106128,
		0.099855,
		0,
		0.345069,
		0.465188,
		-0.147373,
		1
	},
	[0.233333333333] = {
		0.096369,
		0.078422,
		-0.992251,
		0,
		-0.443709,
		0.895743,
		0.027701,
		0,
		0.890974,
		0.437602,
		0.121118,
		0,
		0.258676,
		0.549949,
		-0.15161,
		1
	},
	[0.25] = {
		0.143411,
		0.15884,
		-0.976833,
		0,
		-0.782328,
		0.622719,
		-0.013597,
		0,
		0.606133,
		0.766154,
		0.213569,
		0,
		0.110753,
		0.646032,
		-0.160712,
		1
	},
	[0.266666666667] = {
		0.137182,
		0.205495,
		-0.968996,
		0,
		-0.964105,
		0.252213,
		-0.083003,
		0,
		0.227337,
		0.9456,
		0.232718,
		0,
		-0.035982,
		0.698685,
		-0.161122,
		1
	},
	[0.283333333333] = {
		0.135576,
		0.18621,
		-0.973111,
		0,
		-0.990334,
		-0.003551,
		-0.138656,
		0,
		-0.029275,
		0.982504,
		0.183928,
		0,
		-0.147814,
		0.675491,
		-0.155204,
		1
	},
	[0.2] = {
		0.130874,
		-0.0015,
		-0.991398,
		0,
		0.197801,
		0.979933,
		0.024629,
		0,
		0.971466,
		-0.199323,
		0.128544,
		0,
		0.384723,
		0.376213,
		-0.141034,
		1
	},
	[0.316666666667] = {
		0.065473,
		0.174543,
		-0.98247,
		0,
		-0.891826,
		-0.431427,
		-0.136078,
		0,
		-0.447615,
		0.885102,
		0.127415,
		0,
		-0.351851,
		0.49541,
		-0.168018,
		1
	},
	[0.333333333333] = {
		0.053408,
		0.153958,
		-0.986633,
		0,
		-0.805822,
		-0.576881,
		-0.133639,
		0,
		-0.589744,
		0.802188,
		0.093253,
		0,
		-0.437941,
		0.374011,
		-0.185305,
		1
	},
	[0.35] = {
		0.113917,
		0.212215,
		-0.970561,
		0,
		-0.64573,
		-0.726612,
		-0.234666,
		0,
		-0.755021,
		0.653452,
		0.05426,
		0,
		-0.466955,
		0.300527,
		-0.19319,
		1
	},
	[0.366666666667] = {
		0.1692,
		0.261242,
		-0.950328,
		0,
		-0.53932,
		-0.782515,
		-0.311133,
		0,
		-0.824928,
		0.565174,
		0.008492,
		0,
		-0.45889,
		0.226078,
		-0.20006,
		1
	},
	[0.383333333333] = {
		0.222936,
		0.307164,
		-0.925176,
		0,
		-0.454224,
		-0.807008,
		-0.377384,
		0,
		-0.862543,
		0.504369,
		-0.04039,
		0,
		-0.430319,
		0.151957,
		-0.207104,
		1
	},
	[0.3] = {
		0.107245,
		0.194171,
		-0.975088,
		0,
		-0.956635,
		-0.247,
		-0.154401,
		0,
		-0.270827,
		0.949362,
		0.159261,
		0,
		-0.25358,
		0.616759,
		-0.152709,
		1
	},
	[0.416666666667] = {
		0.324113,
		0.384577,
		-0.864321,
		0,
		-0.349274,
		-0.800445,
		-0.48713,
		0,
		-0.879181,
		0.45977,
		-0.125112,
		0,
		-0.35859,
		0.013505,
		-0.217866,
		1
	},
	[0.433333333333] = {
		0.368975,
		0.414593,
		-0.831847,
		0,
		-0.325359,
		-0.780755,
		-0.533445,
		0,
		-0.870631,
		0.467477,
		-0.153188,
		0,
		-0.335295,
		-0.046804,
		-0.22004,
		1
	},
	[0.45] = {
		0.41269,
		0.438068,
		-0.798613,
		0,
		-0.323061,
		-0.749366,
		-0.577999,
		0,
		-0.851656,
		0.496535,
		-0.167733,
		0,
		-0.323115,
		-0.103754,
		-0.215309,
		1
	},
	[0.466666666667] = {
		0.459855,
		0.453172,
		-0.763655,
		0,
		-0.342822,
		-0.702704,
		-0.623442,
		0,
		-0.81915,
		0.548491,
		-0.167785,
		0,
		-0.314522,
		-0.161317,
		-0.201186,
		1
	},
	[0.483333333333] = {
		0.509603,
		0.458364,
		-0.728153,
		0,
		-0.377227,
		-0.64159,
		-0.667879,
		0,
		-0.773308,
		0.615032,
		-0.154049,
		0,
		-0.302843,
		-0.214148,
		-0.181102,
		1
	},
	[0.4] = {
		0.274886,
		0.348605,
		-0.896054,
		0,
		-0.391401,
		-0.810668,
		-0.435457,
		0,
		-0.878205,
		0.470417,
		-0.086397,
		0,
		-0.393512,
		0.080435,
		-0.213304,
		1
	},
	[0.516666666667] = {
		0.608951,
		0.437315,
		-0.661766,
		0,
		-0.460336,
		-0.484581,
		-0.743822,
		0,
		-0.645964,
		0.757586,
		-0.093774,
		0,
		-0.233897,
		-0.262099,
		-0.144709,
		1
	},
	[0.533333333333] = {
		0.653655,
		0.413536,
		-0.633816,
		0,
		-0.496308,
		-0.398016,
		-0.771532,
		0,
		-0.571325,
		0.818884,
		-0.054924,
		0,
		-0.20381,
		-0.277845,
		-0.127871,
		1
	},
	[0.55] = {
		0.692321,
		0.384758,
		-0.610453,
		0,
		-0.523004,
		-0.315295,
		-0.791869,
		0,
		-0.49715,
		0.867497,
		-0.017055,
		0,
		-0.177397,
		-0.290415,
		-0.114036,
		1
	},
	[0.566666666667] = {
		0.723988,
		0.354871,
		-0.59153,
		0,
		-0.538943,
		-0.244246,
		-0.806154,
		0,
		-0.43056,
		0.902447,
		0.014424,
		0,
		-0.155116,
		-0.301099,
		-0.104782,
		1
	},
	[0.583333333333] = {
		0.748642,
		0.327897,
		-0.576211,
		0,
		-0.544257,
		-0.192331,
		-0.816574,
		0,
		-0.378575,
		0.924928,
		0.034473,
		0,
		-0.137404,
		-0.310849,
		-0.101785,
		1
	},
	[0.5] = {
		0.560111,
		0.452908,
		-0.69365,
		0,
		-0.418744,
		-0.567687,
		-0.708791,
		0,
		-0.714793,
		0.687464,
		-0.128316,
		0,
		-0.267145,
		-0.241506,
		-0.162999,
		1
	},
	[0.616666666667] = {
		0.780254,
		0.275471,
		-0.561534,
		0,
		-0.54424,
		-0.143416,
		-0.82658,
		0,
		-0.308231,
		0.950551,
		0.038021,
		0,
		-0.106065,
		-0.331579,
		-0.103662,
		1
	},
	[0.633333333333] = {
		0.789417,
		0.248982,
		-0.561096,
		0,
		-0.544839,
		-0.136897,
		-0.827291,
		0,
		-0.282793,
		0.958784,
		0.027587,
		0,
		-0.090415,
		-0.342331,
		-0.10488,
		1
	},
	[0.65] = {
		0.795478,
		0.224373,
		-0.562913,
		0,
		-0.545997,
		-0.137586,
		-0.826413,
		0,
		-0.262874,
		0.964742,
		0.013061,
		0,
		-0.075604,
		-0.35272,
		-0.106111,
		1
	},
	[0.666666666667] = {
		0.799336,
		0.203115,
		-0.565514,
		0,
		-0.547401,
		-0.142001,
		-0.824735,
		0,
		-0.24782,
		0.968803,
		-0.002321,
		0,
		-0.062499,
		-0.362288,
		-0.107149,
		1
	},
	[0.683333333333] = {
		0.801826,
		0.186733,
		-0.567632,
		0,
		-0.548557,
		-0.146705,
		-0.823142,
		0,
		-0.236982,
		0.971395,
		-0.015198,
		0,
		-0.052153,
		-0.370503,
		-0.107769,
		1
	},
	[0.6] = {
		0.767016,
		0.30234,
		-0.565929,
		0,
		-0.544206,
		-0.160689,
		-0.823419,
		0,
		-0.339891,
		0.939558,
		0.041284,
		0,
		-0.121871,
		-0.320899,
		-0.102613,
		1
	},
	[0.716666666667] = {
		0.805087,
		0.172328,
		-0.567573,
		0,
		-0.548562,
		-0.147689,
		-0.822963,
		0,
		-0.225644,
		0.973905,
		-0.02437,
		0,
		-0.042143,
		-0.38188,
		-0.107252,
		1
	},
	[0.733333333333] = {
		0.80558,
		0.17103,
		-0.567265,
		0,
		-0.54819,
		-0.148086,
		-0.823139,
		0,
		-0.224786,
		0.974073,
		-0.025539,
		0,
		-0.039199,
		-0.386865,
		-0.10672,
		1
	},
	[0.75] = {
		0.805293,
		0.172599,
		-0.567197,
		0,
		-0.547785,
		-0.149354,
		-0.82318,
		0,
		-0.226793,
		0.973603,
		-0.025727,
		0,
		-0.03691,
		-0.39173,
		-0.106145,
		1
	},
	[0.766666666667] = {
		0.804292,
		0.176719,
		-0.567349,
		0,
		-0.547355,
		-0.151373,
		-0.823097,
		0,
		-0.231338,
		0.972552,
		-0.02502,
		0,
		-0.035244,
		-0.396456,
		-0.105537,
		1
	},
	[0.783333333333] = {
		0.802627,
		0.183069,
		-0.567693,
		0,
		-0.546904,
		-0.154025,
		-0.822905,
		0,
		-0.238088,
		0.970959,
		-0.023504,
		0,
		-0.034165,
		-0.401025,
		-0.104909,
		1
	},
	[0.7] = {
		0.803722,
		0.176806,
		-0.56813,
		0,
		-0.548884,
		-0.14828,
		-0.822641,
		0,
		-0.22969,
		0.973012,
		-0.02213,
		0,
		-0.045772,
		-0.376792,
		-0.107731,
		1
	},
	[0.816666666667] = {
		0.797478,
		0.201174,
		-0.568822,
		0,
		-0.545944,
		-0.160754,
		-0.822255,
		0,
		-0.256856,
		0.966275,
		-0.018368,
		0,
		-0.033618,
		-0.409625,
		-0.103636,
		1
	},
	[0.833333333333] = {
		0.794082,
		0.212282,
		-0.569534,
		0,
		-0.545437,
		-0.164591,
		-0.821832,
		0,
		-0.268201,
		0.963248,
		-0.014912,
		0,
		-0.03407,
		-0.413619,
		-0.103015,
		1
	},
	[0.85] = {
		0.790203,
		0.224374,
		-0.570295,
		0,
		-0.544909,
		-0.168613,
		-0.821367,
		0,
		-0.280452,
		0.959805,
		-0.010975,
		0,
		-0.034926,
		-0.417384,
		-0.102418,
		1
	},
	[0.866666666667] = {
		0.785901,
		0.23719,
		-0.571052,
		0,
		-0.544337,
		-0.172745,
		-0.820887,
		0,
		-0.293353,
		0.955981,
		-0.006649,
		0,
		-0.036108,
		-0.420901,
		-0.101858,
		1
	},
	[0.883333333333] = {
		0.781254,
		0.250496,
		-0.571747,
		0,
		-0.543701,
		-0.176883,
		-0.820428,
		0,
		-0.306646,
		0.951822,
		-0.001995,
		0,
		-0.037532,
		-0.424147,
		-0.10136,
		1
	},
	[0.8] = {
		0.800342,
		0.191328,
		-0.568196,
		0,
		-0.546433,
		-0.157192,
		-0.822619,
		0,
		-0.246706,
		0.968857,
		-0.021259,
		0,
		-0.033637,
		-0.405421,
		-0.104272,
		1
	},
	[0.916666666667] = {
		0.771239,
		0.277542,
		-0.572853,
		0,
		-0.542243,
		-0.184918,
		-0.81962,
		0,
		-0.33341,
		0.942749,
		0.007879,
		0,
		-0.040782,
		-0.429748,
		-0.100576,
		1
	},
	[0.933333333333] = {
		0.766065,
		0.290731,
		-0.573253,
		0,
		-0.541437,
		-0.188756,
		-0.819278,
		0,
		-0.346395,
		0.938001,
		0.012813,
		0,
		-0.042441,
		-0.432068,
		-0.100264,
		1
	},
	[0.95] = {
		0.760931,
		0.303338,
		-0.573559,
		0,
		-0.540598,
		-0.192435,
		-0.818976,
		0,
		-0.3588,
		0.933249,
		0.017554,
		0,
		-0.044012,
		-0.434046,
		-0.099988,
		1
	},
	[0.966666666667] = {
		0.755964,
		0.315102,
		-0.573785,
		0,
		-0.539744,
		-0.195929,
		-0.818711,
		0,
		-0.370398,
		0.928614,
		0.021959,
		0,
		-0.045411,
		-0.435662,
		-0.099733,
		1
	},
	[0.983333333333] = {
		0.7513,
		0.325765,
		-0.573956,
		0,
		-0.538898,
		-0.199209,
		-0.818477,
		0,
		-0.380968,
		0.924226,
		0.025888,
		0,
		-0.046553,
		-0.436898,
		-0.099487,
		1
	},
	[0.9] = {
		0.776336,
		0.264039,
		-0.57235,
		0,
		-0.543001,
		-0.18095,
		-0.820004,
		0,
		-0.32008,
		0.947386,
		0.002895,
		0,
		-0.039118,
		-0.427102,
		-0.100937,
		1
	},
	{
		0.747085,
		0.335076,
		-0.574097,
		0,
		-0.538084,
		-0.202253,
		-0.818266,
		0,
		-0.390294,
		0.920227,
		0.029199,
		0,
		-0.047357,
		-0.437734,
		-0.099234,
		1
	}
}

return spline_matrices
