-- chunkname: @content/characters/player/human/first_person/animations/chain_axe/heavy_attack_left_diagonal_down_v01.lua

local spline_matrices = {
	[0.0166666666667] = {
		0.874498,
		-0.065247,
		-0.480621,
		0,
		0.418861,
		0.601223,
		0.680505,
		0,
		0.244559,
		-0.796413,
		0.553098,
		0,
		0.294875,
		0.099069,
		0.004901,
		1,
	},
	[0.0333333333333] = {
		0.87486,
		-0.062629,
		-0.480309,
		0,
		0.420637,
		0.589917,
		0.689248,
		0,
		0.240175,
		-0.805031,
		0.542439,
		0,
		0.295932,
		0.094491,
		0.007196,
		1,
	},
	[0.05] = {
		0.875235,
		-0.059333,
		-0.480046,
		0,
		0.420932,
		0.582345,
		0.695479,
		0,
		0.238287,
		-0.810774,
		0.534664,
		0,
		0.297681,
		0.088821,
		0.010605,
		1,
	},
	[0.0666666666667] = {
		0.875084,
		-0.056579,
		-0.480653,
		0,
		0.42068,
		0.57995,
		0.697629,
		0,
		0.239284,
		-0.812685,
		0.531307,
		0,
		0.300085,
		0.082914,
		0.014966,
		1,
	},
	[0.0833333333333] = {
		0.873865,
		-0.054651,
		-0.483086,
		0,
		0.420768,
		0.582787,
		0.695207,
		0,
		0.243543,
		-0.810785,
		0.532273,
		0,
		0.303093,
		0.077612,
		0.020318,
		1,
	},
	[0] = {
		0.87468,
		-0.065172,
		-0.4803,
		0,
		0.41464,
		0.613783,
		0.671822,
		0,
		0.251016,
		-0.78678,
		0.563886,
		0,
		0.294546,
		0.101708,
		0.00409,
		1,
	},
	[0.116666666667] = {
		0.865932,
		-0.055757,
		-0.497044,
		0,
		0.42512,
		0.605604,
		0.672694,
		0,
		0.263504,
		-0.79381,
		0.548116,
		0,
		0.310651,
		0.072175,
		0.0339,
		1,
	},
	[0.133333333333] = {
		0.855572,
		-0.065145,
		-0.513568,
		0,
		0.438661,
		0.618038,
		0.652385,
		0,
		0.274905,
		-0.783445,
		0.557352,
		0,
		0.317551,
		0.092561,
		0.049033,
		1,
	},
	[0.15] = {
		0.846051,
		-0.075274,
		-0.527761,
		0,
		0.449017,
		0.634272,
		0.629351,
		0,
		0.28737,
		-0.769437,
		0.570426,
		0,
		0.326042,
		0.138057,
		0.071964,
		1,
	},
	[0.166666666667] = {
		0.845445,
		-0.070606,
		-0.529375,
		0,
		0.43036,
		0.677029,
		0.597011,
		0,
		0.31625,
		-0.732561,
		0.602777,
		0,
		0.330571,
		0.190953,
		0.089143,
		1,
	},
	[0.183333333333] = {
		0.845414,
		-0.045991,
		-0.532129,
		0,
		0.37636,
		0.758219,
		0.532407,
		0,
		0.378984,
		-0.650376,
		0.658318,
		0,
		0.312053,
		0.273424,
		0.096338,
		1,
	},
	[0.1] = {
		0.871018,
		-0.054155,
		-0.488258,
		0,
		0.422012,
		0.591251,
		0.687262,
		0,
		0.251464,
		-0.804667,
		0.537844,
		0,
		0.30664,
		0.073756,
		0.026639,
		1,
	},
	[0.216666666667] = {
		0.858584,
		0.077531,
		-0.506776,
		0,
		0.0796,
		0.956351,
		0.281169,
		0,
		0.506455,
		-0.281747,
		0.814937,
		0,
		0.19516,
		0.449727,
		0.080063,
		1,
	},
	[0.233333333333] = {
		0.855944,
		0.159495,
		-0.491855,
		0,
		-0.151242,
		0.986863,
		0.056817,
		0,
		0.494455,
		0.025757,
		0.868822,
		0,
		0.113645,
		0.549212,
		0.044022,
		1,
	},
	[0.25] = {
		0.84614,
		0.160047,
		-0.508362,
		0,
		-0.312478,
		0.921677,
		-0.229933,
		0,
		0.431745,
		0.353407,
		0.829879,
		0,
		0.029483,
		0.644849,
		-0.048034,
		1,
	},
	[0.266666666667] = {
		0.854511,
		0.119564,
		-0.505486,
		0,
		-0.399693,
		0.772873,
		-0.492861,
		0,
		0.331748,
		0.623195,
		0.708217,
		0,
		-0.045619,
		0.697364,
		-0.151176,
		1,
	},
	[0.283333333333] = {
		0.852226,
		0.136714,
		-0.504996,
		0,
		-0.48612,
		0.563727,
		-0.667757,
		0,
		0.193388,
		0.814568,
		0.546882,
		0,
		-0.100161,
		0.685696,
		-0.235536,
		1,
	},
	[0.2] = {
		0.848675,
		0.000869,
		-0.528914,
		0,
		0.268945,
		0.860361,
		0.432952,
		0,
		0.455433,
		-0.509684,
		0.729933,
		0,
		0.263223,
		0.364645,
		0.095911,
		1,
	},
	[0.316666666667] = {
		0.809048,
		0.265503,
		-0.524356,
		0,
		-0.554899,
		0.050993,
		-0.830354,
		0,
		-0.193723,
		0.96276,
		0.188583,
		0,
		-0.16036,
		0.568727,
		-0.405759,
		1,
	},
	[0.333333333333] = {
		0.806901,
		0.306789,
		-0.50477,
		0,
		-0.483773,
		-0.147103,
		-0.862742,
		0,
		-0.338933,
		0.940341,
		0.029718,
		0,
		-0.199473,
		0.491063,
		-0.482467,
		1,
	},
	[0.35] = {
		0.863464,
		0.314429,
		-0.394416,
		0,
		-0.360031,
		-0.16347,
		-0.918507,
		0,
		-0.35328,
		0.9351,
		-0.027946,
		0,
		-0.224829,
		0.428171,
		-0.52151,
		1,
	},
	[0.366666666667] = {
		0.863906,
		0.366623,
		-0.345332,
		0,
		-0.253368,
		-0.276222,
		-0.927096,
		0,
		-0.435283,
		0.888419,
		-0.145739,
		0,
		-0.223843,
		0.355013,
		-0.528433,
		1,
	},
	[0.383333333333] = {
		0.83304,
		0.441661,
		-0.333137,
		0,
		-0.132923,
		-0.424747,
		-0.895501,
		0,
		-0.537006,
		0.79027,
		-0.295124,
		0,
		-0.220452,
		0.273943,
		-0.530084,
		1,
	},
	[0.3] = {
		0.836228,
		0.196914,
		-0.511808,
		0,
		-0.548366,
		0.307217,
		-0.777761,
		0,
		0.004084,
		0.931044,
		0.364885,
		0,
		-0.137189,
		0.638685,
		-0.325462,
		1,
	},
	[0.416666666667] = {
		0.732119,
		0.564333,
		-0.381484,
		0,
		0.126979,
		-0.663286,
		-0.737515,
		0,
		-0.669237,
		0.491508,
		-0.557263,
		0,
		-0.197011,
		0.105513,
		-0.515703,
		1,
	},
	[0.433333333333] = {
		0.70278,
		0.590532,
		-0.396701,
		0,
		0.223229,
		-0.712519,
		-0.665196,
		0,
		-0.675477,
		0.378931,
		-0.632568,
		0,
		-0.177599,
		0.030113,
		-0.503436,
		1,
	},
	[0.45] = {
		0.696675,
		0.599662,
		-0.393764,
		0,
		0.285917,
		-0.735506,
		-0.614233,
		0,
		-0.657948,
		0.315337,
		-0.683862,
		0,
		-0.155082,
		-0.042686,
		-0.488725,
		1,
	},
	[0.466666666667] = {
		0.70239,
		0.59828,
		-0.385629,
		0,
		0.328207,
		-0.752962,
		-0.570375,
		0,
		-0.631608,
		0.27406,
		-0.725233,
		0,
		-0.130342,
		-0.119012,
		-0.469999,
		1,
	},
	[0.483333333333] = {
		0.717383,
		0.589784,
		-0.370833,
		0,
		0.3533,
		-0.766744,
		-0.535987,
		0,
		-0.60045,
		0.253493,
		-0.75842,
		0,
		-0.104284,
		-0.195353,
		-0.449325,
		1,
	},
	[0.4] = {
		0.782624,
		0.513766,
		-0.351487,
		0,
		2.1e-05,
		-0.564665,
		-0.82532,
		0,
		-0.622494,
		0.645908,
		-0.441931,
		0,
		-0.211759,
		0.188778,
		-0.525624,
		1,
	},
	[0.516666666667] = {
		0.76431,
		0.560644,
		-0.318604,
		0,
		0.365096,
		-0.783485,
		-0.502848,
		0,
		-0.53154,
		0.268011,
		-0.803514,
		0,
		-0.051282,
		-0.333889,
		-0.410031,
		1,
	},
	[0.533333333333] = {
		0.791212,
		0.543279,
		-0.28077,
		0,
		0.358377,
		-0.783932,
		-0.506967,
		0,
		-0.495529,
		0.300497,
		-0.814955,
		0,
		-0.025802,
		-0.389125,
		-0.395189,
		1,
	},
	[0.55] = {
		0.817499,
		0.525762,
		-0.235094,
		0,
		0.347719,
		-0.775979,
		-0.526259,
		0,
		-0.459115,
		0.348469,
		-0.817179,
		0,
		-0.001645,
		-0.429732,
		-0.385806,
		1,
	},
	[0.566666666667] = {
		0.841316,
		0.509192,
		-0.181412,
		0,
		0.336617,
		-0.756125,
		-0.561216,
		0,
		-0.422937,
		0.411094,
		-0.807544,
		0,
		0.021877,
		-0.448033,
		-0.382962,
		1,
	},
	[0.583333333333] = {
		0.866527,
		0.486537,
		-0.111412,
		0,
		0.320904,
		-0.714022,
		-0.622248,
		0,
		-0.382297,
		0.503442,
		-0.774851,
		0,
		0.04478,
		-0.449205,
		-0.384059,
		1,
	},
	[0.5] = {
		0.738903,
		0.576626,
		-0.348603,
		0,
		0.364501,
		-0.777188,
		-0.512949,
		0,
		-0.56671,
		0.251953,
		-0.784448,
		0,
		-0.077684,
		-0.268155,
		-0.428691,
		1,
	},
	[0.616666666667] = {
		0.923125,
		0.37765,
		0.072254,
		0,
		0.277488,
		-0.52426,
		-0.805079,
		0,
		-0.266158,
		0.763238,
		-0.588751,
		0,
		0.090165,
		-0.434438,
		-0.382388,
		1,
	},
	[0.633333333333] = {
		0.944868,
		0.286198,
		0.159107,
		0,
		0.26404,
		-0.378533,
		-0.887128,
		0,
		-0.193667,
		0.880229,
		-0.433231,
		0,
		0.112791,
		-0.423206,
		-0.376584,
		1,
	},
	[0.65] = {
		0.957514,
		0.180382,
		0.22501,
		0,
		0.26197,
		-0.217821,
		-0.940173,
		0,
		-0.120578,
		0.959175,
		-0.255821,
		0,
		0.134547,
		-0.413209,
		-0.367411,
		1,
	},
	[0.666666666667] = {
		0.961197,
		0.076264,
		0.26511,
		0,
		0.270124,
		-0.065215,
		-0.960614,
		0,
		-0.055971,
		0.994953,
		-0.083285,
		0,
		0.15432,
		-0.405444,
		-0.356437,
		1,
	},
	[0.683333333333] = {
		0.95891,
		-0.010592,
		0.283511,
		0,
		0.283632,
		0.059134,
		-0.957108,
		0,
		-0.006627,
		0.998194,
		0.059709,
		0,
		0.170827,
		-0.398946,
		-0.345688,
		1,
	},
	[0.6] = {
		0.895388,
		0.444699,
		-0.02287,
		0,
		0.298706,
		-0.637939,
		-0.709795,
		0,
		-0.330234,
		0.62871,
		-0.704037,
		0,
		0.067455,
		-0.443971,
		-0.384489,
		1,
	},
	[0.716666666667] = {
		0.951028,
		-0.105416,
		0.290575,
		0,
		0.306332,
		0.195772,
		-0.931576,
		0,
		0.041317,
		0.974967,
		0.218477,
		0,
		0.190807,
		-0.39347,
		-0.331919,
		1,
	},
	[0.733333333333] = {
		0.948121,
		-0.130655,
		0.28982,
		0,
		0.313671,
		0.236106,
		-0.919709,
		0,
		0.051737,
		0.962904,
		0.26484,
		0,
		0.197704,
		-0.392275,
		-0.32762,
		1,
	},
	[0.75] = {
		0.946258,
		-0.146413,
		0.288374,
		0,
		0.318425,
		0.265755,
		-0.909934,
		0,
		0.056589,
		0.952857,
		0.298095,
		0,
		0.203358,
		-0.391492,
		-0.324542,
		1,
	},
	[0.766666666667] = {
		0.94549,
		-0.153983,
		0.286946,
		0,
		0.320658,
		0.286519,
		-0.902821,
		0,
		0.056803,
		0.94562,
		0.320277,
		0,
		0.207881,
		-0.390959,
		-0.322563,
		1,
	},
	[0.783333333333] = {
		0.945738,
		-0.15449,
		0.285853,
		0,
		0.320562,
		0.299857,
		-0.898513,
		0,
		0.053096,
		0.941392,
		0.33311,
		0,
		0.211378,
		-0.39058,
		-0.32156,
		1,
	},
	[0.7] = {
		0.95471,
		-0.069268,
		0.289364,
		0,
		0.296558,
		0.142595,
		-0.944309,
		0,
		0.024149,
		0.987354,
		0.156679,
		0,
		0.182548,
		-0.395315,
		-0.337538,
		1,
	},
	[0.816666666667] = {
		0.948585,
		-0.138147,
		0.284785,
		0,
		0.314462,
		0.308812,
		-0.897635,
		0,
		0.036061,
		0.941037,
		0.336376,
		0,
		0.215673,
		-0.390093,
		-0.322004,
		1,
	},
	[0.833333333333] = {
		0.950728,
		-0.123108,
		0.284534,
		0,
		0.309118,
		0.30625,
		-0.900365,
		0,
		0.023704,
		0.943957,
		0.329216,
		0,
		0.216603,
		-0.389979,
		-0.323226,
		1,
	},
	[0.85] = {
		0.953034,
		-0.104678,
		0.284197,
		0,
		0.302715,
		0.300057,
		-0.904616,
		0,
		0.009419,
		0.948161,
		0.317652,
		0,
		0.216792,
		-0.389975,
		-0.324968,
		1,
	},
	[0.866666666667] = {
		0.955294,
		-0.083615,
		0.283587,
		0,
		0.295587,
		0.29105,
		-0.9099,
		0,
		-0.006456,
		0.953047,
		0.302754,
		0,
		0.216358,
		-0.390069,
		-0.327115,
		1,
	},
	[0.883333333333] = {
		0.957325,
		-0.060713,
		0.282566,
		0,
		0.288054,
		0.280077,
		-0.915741,
		0,
		-0.023543,
		0.958056,
		0.285613,
		0,
		0.21542,
		-0.390245,
		-0.329549,
		1,
	},
	[0.8] = {
		0.94684,
		-0.148918,
		0.285164,
		0,
		0.318396,
		0.306958,
		-0.896884,
		0,
		0.046029,
		0.94,
		0.338055,
		0,
		0.213945,
		-0.390299,
		-0.321412,
		1,
	},
	[0.916666666667] = {
		0.960196,
		-0.012711,
		0.279039,
		0,
		0.272907,
		0.255653,
		-0.92745,
		0,
		-0.059549,
		0.966685,
		0.248946,
		0,
		0.212503,
		-0.390821,
		-0.334695,
		1,
	},
	[0.933333333333] = {
		0.960918,
		0.010627,
		0.276629,
		0,
		0.265786,
		0.24405,
		-0.932629,
		0,
		-0.077422,
		0.969704,
		0.231688,
		0,
		0.210764,
		-0.391197,
		-0.337093,
		1,
	},
	[0.95] = {
		0.961186,
		0.032286,
		0.274005,
		0,
		0.25924,
		0.234202,
		-0.936987,
		0,
		-0.094424,
		0.971652,
		0.216742,
		0,
		0.209,
		-0.391592,
		-0.339165,
		1,
	},
	[0.966666666667] = {
		0.961089,
		0.051317,
		0.271431,
		0,
		0.253429,
		0.227186,
		-0.940298,
		0,
		-0.109919,
		0.972498,
		0.205341,
		0,
		0.207334,
		-0.391964,
		-0.340758,
		1,
	},
	[0.983333333333] = {
		0.960763,
		0.066767,
		0.269216,
		0,
		0.248485,
		0.224099,
		-0.942356,
		0,
		-0.123249,
		0.972277,
		0.198716,
		0,
		0.205887,
		-0.392264,
		-0.341718,
		1,
	},
	[0.9] = {
		0.958988,
		-0.036791,
		0.281049,
		0,
		0.280407,
		0.267983,
		-0.921714,
		0,
		-0.041405,
		0.962721,
		0.267309,
		0,
		0.214095,
		-0.390497,
		-0.332128,
		1,
	},
	{
		0.960371,
		0.077688,
		0.267677,
		0,
		0.244532,
		0.226028,
		-0.942929,
		0,
		-0.133757,
		0.971018,
		0.198074,
		0,
		0.204781,
		-0.392444,
		-0.341895,
		1,
	},
}

return spline_matrices
