local spline_matrices = {
	[0] = {
		0.87468,
		-0.065172,
		-0.4803,
		0,
		0.41464,
		0.613783,
		0.671822,
		0,
		0.251016,
		-0.78678,
		0.563886,
		0,
		0.294546,
		0.101708,
		0.00409,
		1
	},
	{
		0.960371,
		0.077688,
		0.267677,
		0,
		0.244532,
		0.226028,
		-0.942929,
		0,
		-0.133757,
		0.971018,
		0.198074,
		0,
		0.204781,
		-0.392444,
		-0.341895,
		1
	},
	[0.0333333333333] = {
		0.87486,
		-0.062629,
		-0.480309,
		0,
		0.420637,
		0.589917,
		0.689248,
		0,
		0.240175,
		-0.805031,
		0.542439,
		0,
		0.295932,
		0.094491,
		0.007196,
		1
	},
	[0.0666666666667] = {
		0.875084,
		-0.056579,
		-0.480653,
		0,
		0.42068,
		0.57995,
		0.697629,
		0,
		0.239284,
		-0.812685,
		0.531307,
		0,
		0.300085,
		0.082914,
		0.014966,
		1
	},
	[0.133333333333] = {
		0.855572,
		-0.065145,
		-0.513568,
		0,
		0.438661,
		0.618038,
		0.652385,
		0,
		0.274905,
		-0.783445,
		0.557352,
		0,
		0.317551,
		0.092561,
		0.049033,
		1
	},
	[0.166666666667] = {
		0.845445,
		-0.070606,
		-0.529375,
		0,
		0.43036,
		0.677029,
		0.597011,
		0,
		0.31625,
		-0.732561,
		0.602777,
		0,
		0.330571,
		0.190953,
		0.089143,
		1
	},
	[0.1] = {
		0.871018,
		-0.054155,
		-0.488258,
		0,
		0.422012,
		0.591251,
		0.687262,
		0,
		0.251464,
		-0.804667,
		0.537844,
		0,
		0.30664,
		0.073756,
		0.026639,
		1
	},
	[0.233333333333] = {
		0.855944,
		0.159495,
		-0.491855,
		0,
		-0.151242,
		0.986863,
		0.056817,
		0,
		0.494455,
		0.025757,
		0.868822,
		0,
		0.113645,
		0.549212,
		0.044022,
		1
	},
	[0.266666666667] = {
		0.854511,
		0.119564,
		-0.505486,
		0,
		-0.399693,
		0.772873,
		-0.492861,
		0,
		0.331748,
		0.623195,
		0.708217,
		0,
		-0.045619,
		0.697364,
		-0.151176,
		1
	},
	[0.2] = {
		0.848675,
		0.000869,
		-0.528914,
		0,
		0.268945,
		0.860361,
		0.432952,
		0,
		0.455433,
		-0.509684,
		0.729933,
		0,
		0.263223,
		0.364645,
		0.095911,
		1
	},
	[0.333333333333] = {
		0.806901,
		0.306789,
		-0.50477,
		0,
		-0.483773,
		-0.147103,
		-0.862742,
		0,
		-0.338933,
		0.940341,
		0.029718,
		0,
		-0.199473,
		0.491063,
		-0.482467,
		1
	},
	[0.366666666667] = {
		0.863906,
		0.366623,
		-0.345332,
		0,
		-0.253368,
		-0.276222,
		-0.927096,
		0,
		-0.435283,
		0.888419,
		-0.145739,
		0,
		-0.223843,
		0.355013,
		-0.528433,
		1
	},
	[0.3] = {
		0.836228,
		0.196914,
		-0.511808,
		0,
		-0.548366,
		0.307217,
		-0.777761,
		0,
		0.004084,
		0.931044,
		0.364885,
		0,
		-0.137189,
		0.638685,
		-0.325462,
		1
	},
	[0.433333333333] = {
		0.70278,
		0.590532,
		-0.396701,
		0,
		0.223229,
		-0.712519,
		-0.665196,
		0,
		-0.675477,
		0.378931,
		-0.632568,
		0,
		-0.177599,
		0.030113,
		-0.503436,
		1
	},
	[0.466666666667] = {
		0.70239,
		0.59828,
		-0.385629,
		0,
		0.328207,
		-0.752962,
		-0.570375,
		0,
		-0.631608,
		0.27406,
		-0.725233,
		0,
		-0.130342,
		-0.119012,
		-0.469999,
		1
	},
	[0.4] = {
		0.782624,
		0.513766,
		-0.351487,
		0,
		2.1e-05,
		-0.564665,
		-0.82532,
		0,
		-0.622494,
		0.645908,
		-0.441931,
		0,
		-0.211759,
		0.188778,
		-0.525624,
		1
	},
	[0.533333333333] = {
		0.791212,
		0.543279,
		-0.28077,
		0,
		0.358377,
		-0.783932,
		-0.506967,
		0,
		-0.495529,
		0.300497,
		-0.814955,
		0,
		-0.025802,
		-0.389125,
		-0.395189,
		1
	},
	[0.566666666667] = {
		0.841316,
		0.509192,
		-0.181412,
		0,
		0.336617,
		-0.756125,
		-0.561216,
		0,
		-0.422937,
		0.411094,
		-0.807544,
		0,
		0.021877,
		-0.448033,
		-0.382962,
		1
	},
	[0.5] = {
		0.738903,
		0.576626,
		-0.348603,
		0,
		0.364501,
		-0.777188,
		-0.512949,
		0,
		-0.56671,
		0.251953,
		-0.784448,
		0,
		-0.077684,
		-0.268155,
		-0.428691,
		1
	},
	[0.633333333333] = {
		0.944868,
		0.286198,
		0.159107,
		0,
		0.26404,
		-0.378533,
		-0.887128,
		0,
		-0.193667,
		0.880229,
		-0.433231,
		0,
		0.112791,
		-0.423206,
		-0.376584,
		1
	},
	[0.666666666667] = {
		0.961197,
		0.076264,
		0.26511,
		0,
		0.270124,
		-0.065215,
		-0.960614,
		0,
		-0.055971,
		0.994953,
		-0.083285,
		0,
		0.15432,
		-0.405444,
		-0.356437,
		1
	},
	[0.6] = {
		0.895388,
		0.444699,
		-0.02287,
		0,
		0.298706,
		-0.637939,
		-0.709795,
		0,
		-0.330234,
		0.62871,
		-0.704037,
		0,
		0.067455,
		-0.443971,
		-0.384489,
		1
	},
	[0.733333333333] = {
		0.948121,
		-0.130655,
		0.28982,
		0,
		0.313671,
		0.236106,
		-0.919709,
		0,
		0.051737,
		0.962904,
		0.26484,
		0,
		0.197704,
		-0.392275,
		-0.32762,
		1
	},
	[0.766666666667] = {
		0.94549,
		-0.153983,
		0.286946,
		0,
		0.320658,
		0.286519,
		-0.902821,
		0,
		0.056803,
		0.94562,
		0.320277,
		0,
		0.207881,
		-0.390959,
		-0.322563,
		1
	},
	[0.7] = {
		0.95471,
		-0.069268,
		0.289364,
		0,
		0.296558,
		0.142595,
		-0.944309,
		0,
		0.024149,
		0.987354,
		0.156679,
		0,
		0.182548,
		-0.395315,
		-0.337538,
		1
	},
	[0.833333333333] = {
		0.950728,
		-0.123108,
		0.284534,
		0,
		0.309118,
		0.30625,
		-0.900365,
		0,
		0.023704,
		0.943957,
		0.329216,
		0,
		0.216603,
		-0.389979,
		-0.323226,
		1
	},
	[0.866666666667] = {
		0.955294,
		-0.083615,
		0.283587,
		0,
		0.295587,
		0.29105,
		-0.9099,
		0,
		-0.006456,
		0.953047,
		0.302754,
		0,
		0.216358,
		-0.390069,
		-0.327115,
		1
	},
	[0.8] = {
		0.94684,
		-0.148918,
		0.285164,
		0,
		0.318396,
		0.306958,
		-0.896884,
		0,
		0.046029,
		0.94,
		0.338055,
		0,
		0.213945,
		-0.390299,
		-0.321412,
		1
	},
	[0.933333333333] = {
		0.960918,
		0.010627,
		0.276629,
		0,
		0.265786,
		0.24405,
		-0.932629,
		0,
		-0.077422,
		0.969704,
		0.231688,
		0,
		0.210764,
		-0.391197,
		-0.337093,
		1
	},
	[0.966666666667] = {
		0.961089,
		0.051317,
		0.271431,
		0,
		0.253429,
		0.227186,
		-0.940298,
		0,
		-0.109919,
		0.972498,
		0.205341,
		0,
		0.207334,
		-0.391964,
		-0.340758,
		1
	},
	[0.9] = {
		0.958988,
		-0.036791,
		0.281049,
		0,
		0.280407,
		0.267983,
		-0.921714,
		0,
		-0.041405,
		0.962721,
		0.267309,
		0,
		0.214095,
		-0.390497,
		-0.332128,
		1
	}
}

return spline_matrices
