local spline_matrices = {
	[0] = {
		0.87468,
		-0.065172,
		-0.4803,
		0,
		0.41464,
		0.613783,
		0.671822,
		0,
		0.251016,
		-0.78678,
		0.563886,
		0,
		0.294546,
		0.101708,
		0.004091,
		1
	},
	{
		0.747085,
		0.335076,
		-0.574097,
		0,
		-0.538084,
		-0.202253,
		-0.818266,
		0,
		-0.390294,
		0.920227,
		0.029199,
		0,
		-0.047357,
		-0.437734,
		-0.099234,
		1
	},
	[0.0333333333333] = {
		0.8251,
		-0.005543,
		-0.564959,
		0,
		0.448206,
		0.615218,
		0.648551,
		0,
		0.343978,
		-0.788337,
		0.510101,
		0,
		0.305018,
		0.095464,
		-0.005912,
		1
	},
	[0.0666666666667] = {
		0.731608,
		0.042154,
		-0.680421,
		0,
		0.51061,
		0.627424,
		0.587892,
		0,
		0.451694,
		-0.777536,
		0.437504,
		0,
		0.322459,
		0.083087,
		-0.028974,
		1
	},
	[0.133333333333] = {
		0.466228,
		0.113235,
		-0.877388,
		0,
		0.581349,
		0.708352,
		0.400337,
		0,
		0.666832,
		-0.696717,
		0.264425,
		0,
		0.364526,
		0.089521,
		-0.081832,
		1
	},
	[0.166666666667] = {
		0.372482,
		0.141453,
		-0.917196,
		0,
		0.520666,
		0.786265,
		0.332708,
		0,
		0.768221,
		-0.60148,
		0.219219,
		0,
		0.385526,
		0.187842,
		-0.079953,
		1
	},
	[0.1] = {
		0.605297,
		0.082349,
		-0.791729,
		0,
		0.561607,
		0.66069,
		0.498082,
		0,
		0.564104,
		-0.746128,
		0.353666,
		0,
		0.342612,
		0.072369,
		-0.059065,
		1
	},
	[0.233333333333] = {
		0.370524,
		0.11969,
		-0.921079,
		0,
		-0.404357,
		0.913545,
		-0.04395,
		0,
		0.836186,
		0.388729,
		0.386888,
		0,
		0.155301,
		0.560786,
		-0.156431,
		1
	},
	[0.266666666667] = {
		0.164328,
		0.212164,
		-0.963318,
		0,
		-0.947904,
		0.304152,
		-0.094712,
		0,
		0.272901,
		0.928697,
		0.251092,
		0,
		-0.032641,
		0.699496,
		-0.170218,
		1
	},
	[0.2] = {
		0.333024,
		0.132363,
		-0.933582,
		0,
		0.223835,
		0.950699,
		0.214635,
		0,
		0.915965,
		-0.280447,
		0.286978,
		0,
		0.318935,
		0.368155,
		-0.097585,
		1
	},
	[0.333333333333] = {
		0.053408,
		0.153958,
		-0.986633,
		0,
		-0.805822,
		-0.576881,
		-0.133639,
		0,
		-0.589744,
		0.802188,
		0.093253,
		0,
		-0.437941,
		0.374011,
		-0.185305,
		1
	},
	[0.366666666667] = {
		0.265802,
		0.148334,
		-0.952547,
		0,
		-0.752932,
		-0.585116,
		-0.301217,
		0,
		-0.602032,
		0.797268,
		-0.043839,
		0,
		-0.469504,
		0.255966,
		-0.231134,
		1
	},
	[0.3] = {
		0.222279,
		0.280649,
		-0.933717,
		0,
		-0.942582,
		-0.182981,
		-0.279388,
		0,
		-0.249262,
		0.942207,
		0.223861,
		0,
		-0.253858,
		0.616988,
		-0.169531,
		1
	},
	[0.433333333333] = {
		0.499668,
		0.224151,
		-0.836713,
		0,
		-0.676223,
		-0.502727,
		-0.538505,
		0,
		-0.541345,
		0.834878,
		-0.09962,
		0,
		-0.412391,
		0.004121,
		-0.194277,
		1
	},
	[0.466666666667] = {
		0.576168,
		0.269133,
		-0.77175,
		0,
		-0.642842,
		-0.433913,
		-0.631248,
		0,
		-0.504762,
		0.859818,
		-0.076997,
		0,
		-0.343957,
		-0.105224,
		-0.164327,
		1
	},
	[0.4] = {
		0.39913,
		0.180461,
		-0.89896,
		0,
		-0.713662,
		-0.55441,
		-0.428154,
		0,
		-0.575658,
		0.812443,
		-0.092494,
		0,
		-0.456894,
		0.131086,
		-0.220097,
		1
	},
	[0.533333333333] = {
		0.685701,
		0.329581,
		-0.648992,
		0,
		-0.58652,
		-0.277836,
		-0.76079,
		0,
		-0.431055,
		0.902321,
		0.002793,
		0,
		-0.206151,
		-0.252512,
		-0.114195,
		1
	},
	[0.566666666667] = {
		0.728602,
		0.333979,
		-0.597994,
		0,
		-0.558972,
		-0.21463,
		-0.800927,
		0,
		-0.395841,
		0.917819,
		0.030305,
		0,
		-0.155896,
		-0.295702,
		-0.102227,
		1
	},
	[0.5] = {
		0.636304,
		0.306363,
		-0.707996,
		0,
		-0.613653,
		-0.35515,
		-0.705194,
		0,
		-0.46749,
		0.883182,
		-0.037983,
		0,
		-0.271013,
		-0.190103,
		-0.136363,
		1
	},
	[0.633333333333] = {
		0.789369,
		0.264314,
		-0.554107,
		0,
		-0.531159,
		-0.158547,
		-0.832306,
		0,
		-0.307842,
		0.951315,
		0.015241,
		0,
		-0.089482,
		-0.345552,
		-0.105972,
		1
	},
	[0.666666666667] = {
		0.799758,
		0.209542,
		-0.562565,
		0,
		-0.541912,
		-0.15121,
		-0.82672,
		0,
		-0.258299,
		0.966037,
		-0.007378,
		0,
		-0.062047,
		-0.363583,
		-0.107604,
		1
	},
	[0.6] = {
		0.766168,
		0.313641,
		-0.560906,
		0,
		-0.53332,
		-0.176647,
		-0.827264,
		0,
		-0.358546,
		0.932966,
		0.03193,
		0,
		-0.121263,
		-0.323438,
		-0.103412,
		1
	},
	[0.733333333333] = {
		0.80558,
		0.17103,
		-0.567265,
		0,
		-0.54819,
		-0.148086,
		-0.823139,
		0,
		-0.224786,
		0.974073,
		-0.025539,
		0,
		-0.039199,
		-0.386865,
		-0.10672,
		1
	},
	[0.766666666667] = {
		0.804292,
		0.176719,
		-0.567349,
		0,
		-0.547355,
		-0.151373,
		-0.823097,
		0,
		-0.231338,
		0.972552,
		-0.02502,
		0,
		-0.035244,
		-0.396456,
		-0.105537,
		1
	},
	[0.7] = {
		0.803722,
		0.176806,
		-0.56813,
		0,
		-0.548884,
		-0.14828,
		-0.822641,
		0,
		-0.22969,
		0.973012,
		-0.02213,
		0,
		-0.045772,
		-0.376792,
		-0.107731,
		1
	},
	[0.833333333333] = {
		0.794082,
		0.212282,
		-0.569534,
		0,
		-0.545437,
		-0.164591,
		-0.821832,
		0,
		-0.268201,
		0.963248,
		-0.014912,
		0,
		-0.03407,
		-0.413619,
		-0.103015,
		1
	},
	[0.866666666667] = {
		0.785901,
		0.23719,
		-0.571052,
		0,
		-0.544337,
		-0.172745,
		-0.820887,
		0,
		-0.293353,
		0.955981,
		-0.006649,
		0,
		-0.036108,
		-0.420901,
		-0.101858,
		1
	},
	[0.8] = {
		0.800342,
		0.191328,
		-0.568196,
		0,
		-0.546433,
		-0.157192,
		-0.822619,
		0,
		-0.246706,
		0.968857,
		-0.021259,
		0,
		-0.033637,
		-0.405421,
		-0.104272,
		1
	},
	[0.933333333333] = {
		0.766065,
		0.290731,
		-0.573253,
		0,
		-0.541437,
		-0.188756,
		-0.819278,
		0,
		-0.346395,
		0.938001,
		0.012813,
		0,
		-0.042441,
		-0.432068,
		-0.100264,
		1
	},
	[0.966666666667] = {
		0.755964,
		0.315102,
		-0.573785,
		0,
		-0.539744,
		-0.195929,
		-0.818711,
		0,
		-0.370398,
		0.928614,
		0.021959,
		0,
		-0.045411,
		-0.435662,
		-0.099733,
		1
	},
	[0.9] = {
		0.776336,
		0.264039,
		-0.57235,
		0,
		-0.543001,
		-0.18095,
		-0.820004,
		0,
		-0.32008,
		0.947386,
		0.002895,
		0,
		-0.039118,
		-0.427102,
		-0.100937,
		1
	}
}

return spline_matrices
