-- chunkname: @content/characters/player/human/first_person/animations/dual_shivs/attack_swing_right_lhand_offhand_sweep.lua

local spline_matrices = {
	[0.016666666666666666] = {
		0.742946,
		0.572549,
		0.346725,
		0,
		0.270055,
		0.217573,
		-0.937941,
		0,
		-0.612455,
		0.790474,
		0.007025,
		0,
		-0.59981,
		0.451541,
		-0.164689,
		1,
	},
	[0.03333333333333333] = {
		0.765301,
		0.551365,
		0.332129,
		0,
		0.26227,
		0.204106,
		-0.943163,
		0,
		-0.587817,
		0.808911,
		0.011596,
		0,
		-0.501273,
		0.526256,
		-0.114064,
		1,
	},
	[0.05] = {
		0.798199,
		0.517858,
		0.307736,
		0,
		0.248041,
		0.182996,
		-0.951309,
		0,
		-0.548957,
		0.835665,
		0.017617,
		0,
		-0.423716,
		0.597809,
		-0.075015,
		1,
	},
	[0.06666666666666667] = {
		0.837421,
		0.473382,
		0.273196,
		0,
		0.225946,
		0.155298,
		-0.961681,
		0,
		-0.497669,
		0.867059,
		0.023091,
		0,
		-0.385272,
		0.650551,
		-0.056376,
		1,
	},
	[0.08333333333333333] = {
		0.878497,
		0.419435,
		0.228728,
		0,
		0.194823,
		0.122626,
		-0.973143,
		0,
		-0.436219,
		0.899465,
		0.026011,
		0,
		-0.36115,
		0.69408,
		-0.04451,
		1,
	},
	[0] = {
		0.734803,
		0.579977,
		0.351699,
		0,
		0.272523,
		0.222378,
		-0.936098,
		0,
		-0.621125,
		0.783693,
		0.005347,
		0,
		-0.710159,
		0.378706,
		-0.222169,
		1,
	},
	[0.11666666666666667] = {
		0.94973,
		0.290629,
		0.116397,
		0,
		0.105484,
		0.052994,
		-0.993008,
		0,
		-0.294766,
		0.955367,
		0.019673,
		0,
		-0.326703,
		0.743532,
		-0.030656,
		1,
	},
	[0.13333333333333333] = {
		0.973878,
		0.220384,
		0.054703,
		0,
		0.050822,
		0.023243,
		-0.998437,
		0,
		-0.221311,
		0.975136,
		0.011436,
		0,
		-0.304629,
		0.744527,
		-0.023017,
		1,
	},
	[0.15] = {
		0.98877,
		0.149363,
		-0.005025,
		0,
		-0.005396,
		0.002076,
		-0.999983,
		0,
		-0.14935,
		0.98878,
		0.002858,
		0,
		-0.25004,
		0.732641,
		-0.016646,
		1,
	},
	[0.16666666666666666] = {
		0.99509,
		0.080117,
		-0.058108,
		0,
		-0.057776,
		-0.006456,
		-0.998309,
		0,
		-0.080356,
		0.996765,
		-0.001795,
		0,
		-0.123558,
		0.713109,
		-0.015405,
		1,
	},
	[0.18333333333333332] = {
		0.993739,
		-0.005878,
		-0.111574,
		0,
		-0.111553,
		0.003802,
		-0.993751,
		0,
		0.006266,
		0.999975,
		0.003122,
		0,
		0.009565,
		0.654273,
		-0.025456,
		1,
	},
	[0.1] = {
		0.917134,
		0.357805,
		0.175618,
		0,
		0.154341,
		0.087427,
		-0.984142,
		0,
		-0.367485,
		0.929695,
		0.024959,
		0,
		-0.343871,
		0.726753,
		-0.036503,
		1,
	},
	[0.21666666666666667] = {
		0.947122,
		-0.232649,
		-0.220985,
		0,
		-0.211703,
		0.064463,
		-0.975206,
		0,
		0.241126,
		0.970422,
		0.011802,
		0,
		0.197225,
		0.47702,
		-0.078166,
		1,
	},
	[0.23333333333333334] = {
		0.905849,
		-0.334615,
		-0.259752,
		0,
		-0.241412,
		0.096074,
		-0.965655,
		0,
		0.348078,
		0.937445,
		0.006248,
		0,
		0.268226,
		0.429459,
		-0.119315,
		1,
	},
	[0.25] = {
		0.869186,
		-0.405828,
		-0.282525,
		0,
		-0.256541,
		0.118358,
		-0.959259,
		0,
		0.422733,
		0.906254,
		-0.001237,
		0,
		0.332557,
		0.395395,
		-0.164476,
		1,
	},
	[0.26666666666666666] = {
		0.856044,
		-0.427686,
		-0.2903,
		0,
		-0.260929,
		0.127268,
		-0.956932,
		0,
		0.446213,
		0.894923,
		-0.002649,
		0,
		0.383744,
		0.347226,
		-0.207793,
		1,
	},
	[0.2833333333333333] = {
		0.860261,
		-0.418742,
		-0.290872,
		0,
		-0.261072,
		0.128255,
		-0.956761,
		0,
		0.437941,
		0.899003,
		0.001011,
		0,
		0.434883,
		0.29358,
		-0.257049,
		1,
	},
	[0.2] = {
		0.978667,
		-0.11668,
		-0.169104,
		0,
		-0.166645,
		0.030583,
		-0.985542,
		0,
		0.120165,
		0.992699,
		0.010486,
		0,
		0.125398,
		0.570482,
		-0.046437,
		1,
	},
	[0.31666666666666665] = {
		0.861563,
		-0.415269,
		-0.291993,
		0,
		-0.26223,
		0.128446,
		-0.956419,
		0,
		0.434677,
		0.900585,
		0.001768,
		0,
		0.47393,
		0.184585,
		-0.333832,
		1,
	},
	[0.3333333333333333] = {
		0.859463,
		-0.41843,
		-0.293665,
		0,
		-0.264462,
		0.12767,
		-0.955908,
		0,
		0.437473,
		0.899231,
		-0.000931,
		0,
		0.473448,
		0.150363,
		-0.367122,
		1,
	},
	[0.35] = {
		0.857172,
		-0.422017,
		-0.295225,
		0,
		-0.266634,
		0.126803,
		-0.95542,
		0,
		0.440639,
		0.897676,
		-0.003832,
		0,
		0.46743,
		0.135029,
		-0.399509,
		1,
	},
	[0.36666666666666664] = {
		0.855704,
		-0.424648,
		-0.295709,
		0,
		-0.267491,
		0.12619,
		-0.955261,
		0,
		0.442965,
		0.896521,
		-0.005608,
		0,
		0.456932,
		0.139205,
		-0.429856,
		1,
	},
	[0.38333333333333336] = {
		0.855357,
		-0.426036,
		-0.294716,
		0,
		-0.266525,
		0.12592,
		-0.955567,
		0,
		0.444216,
		0.895901,
		-0.005842,
		0,
		0.443541,
		0.158509,
		-0.456647,
		1,
	},
	[0.3] = {
		0.862481,
		-0.413911,
		-0.291211,
		0,
		-0.261205,
		0.128781,
		-0.956654,
		0,
		0.433472,
		0.901162,
		0.002956,
		0,
		0.469878,
		0.237878,
		-0.301841,
		1,
	},
	[0.4166666666666667] = {
		0.855851,
		-0.427319,
		-0.291404,
		0,
		-0.262896,
		0.125795,
		-0.956589,
		0,
		0.445426,
		0.895307,
		-0.004679,
		0,
		0.410043,
		0.220145,
		-0.502692,
		1,
	},
	[0.43333333333333335] = {
		0.856035,
		-0.427438,
		-0.290689,
		0,
		-0.262092,
		0.125804,
		-0.956808,
		0,
		0.445546,
		0.895249,
		-0.004335,
		0,
		0.390722,
		0.258363,
		-0.523035,
		1,
	},
	[0.45] = {
		0.856035,
		-0.427439,
		-0.29069,
		0,
		-0.262097,
		0.125796,
		-0.956808,
		0,
		0.445544,
		0.89525,
		-0.004345,
		0,
		0.37009,
		0.301597,
		-0.54234,
		1,
	},
	[0.4666666666666667] = {
		0.856034,
		-0.42744,
		-0.29069,
		0,
		-0.26211,
		0.125769,
		-0.956807,
		0,
		0.445537,
		0.895253,
		-0.004374,
		0,
		0.350697,
		0.345049,
		-0.559148,
		1,
	},
	[0.48333333333333334] = {
		0.856033,
		-0.427442,
		-0.29069,
		0,
		-0.262133,
		0.125723,
		-0.956807,
		0,
		0.445526,
		0.895258,
		-0.004423,
		0,
		0.341264,
		0.366384,
		-0.567607,
		1,
	},
	[0.4] = {
		0.855517,
		-0.426889,
		-0.293014,
		0,
		-0.264684,
		0.125811,
		-0.956093,
		0,
		0.44501,
		0.89551,
		-0.005357,
		0,
		0.42783,
		0.186752,
		-0.480741,
		1,
	},
	[0.5166666666666667] = {
		0.856029,
		-0.427449,
		-0.290692,
		0,
		-0.262214,
		0.125565,
		-0.956806,
		0,
		0.445487,
		0.895277,
		-0.004596,
		0,
		0.327612,
		0.400259,
		-0.581047,
		1,
	},
	[0.5333333333333333] = {
		0.856026,
		-0.427455,
		-0.290694,
		0,
		-0.262274,
		0.125448,
		-0.956804,
		0,
		0.445458,
		0.895291,
		-0.004723,
		0,
		0.323109,
		0.413261,
		-0.586212,
		1,
	},
	[0.55] = {
		0.856022,
		-0.427461,
		-0.290696,
		0,
		-0.262349,
		0.125304,
		-0.956803,
		0,
		0.445421,
		0.895308,
		-0.004881,
		0,
		0.320009,
		0.42384,
		-0.590424,
		1,
	},
	[0.5666666666666667] = {
		0.856017,
		-0.427468,
		-0.2907,
		0,
		-0.262441,
		0.125128,
		-0.956801,
		0,
		0.445376,
		0.895329,
		-0.005073,
		0,
		0.318204,
		0.432148,
		-0.593748,
		1,
	},
	[0.5833333333333334] = {
		0.856011,
		-0.427476,
		-0.290706,
		0,
		-0.262551,
		0.12492,
		-0.956798,
		0,
		0.445323,
		0.895354,
		-0.005301,
		0,
		0.317584,
		0.438335,
		-0.596245,
		1,
	},
	[0.5] = {
		0.856031,
		-0.427445,
		-0.290691,
		0,
		-0.262168,
		0.125656,
		-0.956807,
		0,
		0.445509,
		0.895266,
		-0.004497,
		0,
		0.333628,
		0.384684,
		-0.574867,
		1,
	},
	[0.6166666666666667] = {
		0.855996,
		-0.427494,
		-0.290723,
		0,
		-0.26283,
		0.124399,
		-0.956789,
		0,
		0.445187,
		0.895418,
		-0.005873,
		0,
		0.319469,
		0.444953,
		-0.599015,
		1,
	},
	[0.6333333333333333] = {
		0.855987,
		-0.427503,
		-0.290737,
		0,
		-0.263001,
		0.124085,
		-0.956783,
		0,
		0.445103,
		0.895458,
		-0.006218,
		0,
		0.321758,
		0.445691,
		-0.59941,
		1,
	},
	[0.65] = {
		0.855976,
		-0.427511,
		-0.290756,
		0,
		-0.263193,
		0.123741,
		-0.956774,
		0,
		0.44501,
		0.895501,
		-0.006599,
		0,
		0.324803,
		0.44492,
		-0.599224,
		1,
	},
	[0.6666666666666666] = {
		0.855965,
		-0.427517,
		-0.29078,
		0,
		-0.263402,
		0.123375,
		-0.956764,
		0,
		0.444908,
		0.895549,
		-0.007004,
		0,
		0.328499,
		0.442797,
		-0.598514,
		1,
	},
	[0.6833333333333333] = {
		0.855953,
		-0.42752,
		-0.290811,
		0,
		-0.263623,
		0.123002,
		-0.956752,
		0,
		0.444801,
		0.895599,
		-0.00742,
		0,
		0.332745,
		0.439483,
		-0.597334,
		1,
	},
	[0.6] = {
		0.856004,
		-0.427484,
		-0.290713,
		0,
		-0.26268,
		0.124677,
		-0.956794,
		0,
		0.44526,
		0.895384,
		-0.005567,
		0,
		0.318042,
		0.442552,
		-0.59798,
		1,
	},
	[0.7166666666666667] = {
		0.855929,
		-0.427511,
		-0.290895,
		0,
		-0.264059,
		0.12231,
		-0.95672,
		0,
		0.444587,
		0.895698,
		-0.0082,
		0,
		0.342488,
		0.42993,
		-0.59376,
		1,
	},
	[0.7333333333333333] = {
		0.855919,
		-0.427497,
		-0.290946,
		0,
		-0.264256,
		0.122028,
		-0.956702,
		0,
		0.444491,
		0.895743,
		-0.008523,
		0,
		0.347785,
		0.424012,
		-0.591468,
		1,
	},
	[0.75] = {
		0.855909,
		-0.427477,
		-0.291003,
		0,
		-0.26443,
		0.121806,
		-0.956682,
		0,
		0.444406,
		0.895783,
		-0.008783,
		0,
		0.353232,
		0.417542,
		-0.588913,
		1,
	},
	[0.7666666666666667] = {
		0.855901,
		-0.427452,
		-0.291063,
		0,
		-0.264576,
		0.121647,
		-0.956662,
		0,
		0.444334,
		0.895816,
		-0.008975,
		0,
		0.358722,
		0.410674,
		-0.586154,
		1,
	},
	[0.7833333333333333] = {
		0.855895,
		-0.427422,
		-0.291127,
		0,
		-0.264694,
		0.121551,
		-0.956641,
		0,
		0.444276,
		0.895844,
		-0.009101,
		0,
		0.364148,
		0.403557,
		-0.583255,
		1,
	},
	[0.7] = {
		0.855941,
		-0.427518,
		-0.290849,
		0,
		-0.263845,
		0.12264,
		-0.956737,
		0,
		0.444692,
		0.895649,
		-0.007826,
		0,
		0.337441,
		0.43514,
		-0.595732,
		1,
	},
	[0.8166666666666667] = {
		0.855885,
		-0.42734,
		-0.291274,
		0,
		-0.264867,
		0.121532,
		-0.956596,
		0,
		0.444191,
		0.895885,
		-0.009171,
		0,
		0.374358,
		0.389177,
		-0.577301,
		1,
	},
	[0.8333333333333334] = {
		0.855881,
		-0.427267,
		-0.291394,
		0,
		-0.264956,
		0.121621,
		-0.95656,
		0,
		0.444146,
		0.895908,
		-0.009114,
		0,
		0.378899,
		0.382233,
		-0.574378,
		1,
	},
	[0.85] = {
		0.855876,
		-0.427163,
		-0.291561,
		0,
		-0.265054,
		0.121799,
		-0.95651,
		0,
		0.444098,
		0.895933,
		-0.008977,
		0,
		0.382915,
		0.375669,
		-0.571568,
		1,
	},
	[0.8666666666666667] = {
		0.85587,
		-0.42702,
		-0.291787,
		0,
		-0.265161,
		0.122088,
		-0.956443,
		0,
		0.444044,
		0.895962,
		-0.008738,
		0,
		0.386297,
		0.369652,
		-0.568926,
		1,
	},
	[0.8833333333333333] = {
		0.855864,
		-0.426832,
		-0.29208,
		0,
		-0.265278,
		0.12251,
		-0.956357,
		0,
		0.443987,
		0.895994,
		-0.008378,
		0,
		0.388939,
		0.364343,
		-0.566509,
		1,
	},
	[0.8] = {
		0.85589,
		-0.427387,
		-0.291192,
		0,
		-0.264785,
		0.121513,
		-0.956621,
		0,
		0.444231,
		0.895865,
		-0.009164,
		0,
		0.369401,
		0.396339,
		-0.580282,
		1,
	},
	[0.9166666666666666] = {
		0.855852,
		-0.426327,
		-0.292853,
		0,
		-0.26552,
		0.123754,
		-0.95613,
		0,
		0.443865,
		0.896064,
		-0.007283,
		0,
		0.391578,
		0.356452,
		-0.562591,
		1,
	},
	[0.9333333333333333] = {
		0.855846,
		-0.426043,
		-0.293282,
		0,
		-0.265632,
		0.124489,
		-0.956003,
		0,
		0.443809,
		0.896097,
		-0.006627,
		0,
		0.391371,
		0.354118,
		-0.56124,
		1,
	},
	[0.95] = {
		0.855842,
		-0.425772,
		-0.293689,
		0,
		-0.265728,
		0.125209,
		-0.955882,
		0,
		0.44376,
		0.896126,
		-0.00598,
		0,
		0.390007,
		0.353004,
		-0.560405,
		1,
	},
	[0.9666666666666667] = {
		0.855838,
		-0.425528,
		-0.294054,
		0,
		-0.265808,
		0.125867,
		-0.955774,
		0,
		0.44372,
		0.896149,
		-0.005387,
		0,
		0.38738,
		0.353236,
		-0.56016,
		1,
	},
	[0.9833333333333333] = {
		0.855835,
		-0.425315,
		-0.294372,
		0,
		-0.265874,
		0.126449,
		-0.955679,
		0,
		0.443687,
		0.896169,
		-0.004861,
		0,
		0.38338,
		0.35496,
		-0.560571,
		1,
	},
	[0.9] = {
		0.855858,
		-0.426597,
		-0.292441,
		0,
		-0.2654,
		0.123073,
		-0.956251,
		0,
		0.443926,
		0.896029,
		-0.007886,
		0,
		0.390733,
		0.359898,
		-0.564374,
		1,
	},
	[1.0166666666666666] = {
		0.85583,
		-0.424973,
		-0.294879,
		0,
		-0.265972,
		0.127391,
		-0.955526,
		0,
		0.443637,
		0.896197,
		-0.004006,
		0,
		0.370818,
		0.363498,
		-0.56359,
		1,
	},
	[1.0333333333333334] = {
		0.855828,
		-0.424837,
		-0.295079,
		0,
		-0.266009,
		0.127768,
		-0.955466,
		0,
		0.443619,
		0.896208,
		-0.003663,
		0,
		0.362037,
		0.37063,
		-0.566314,
		1,
	},
	[1.05] = {
		0.855827,
		-0.42472,
		-0.295252,
		0,
		-0.266039,
		0.128095,
		-0.955414,
		0,
		0.443603,
		0.896217,
		-0.003365,
		0,
		0.351443,
		0.37988,
		-0.569922,
		1,
	},
	[1.0666666666666667] = {
		0.855825,
		-0.424619,
		-0.295401,
		0,
		-0.266065,
		0.128377,
		-0.955368,
		0,
		0.44359,
		0.896224,
		-0.003108,
		0,
		0.338929,
		0.391407,
		-0.574473,
		1,
	},
	[1.0833333333333333] = {
		0.855825,
		-0.424532,
		-0.295529,
		0,
		-0.266086,
		0.128623,
		-0.955329,
		0,
		0.443579,
		0.896231,
		-0.002884,
		0,
		0.324384,
		0.405365,
		-0.580025,
		1,
	},
	{
		0.855832,
		-0.42513,
		-0.294645,
		0,
		-0.265928,
		0.126954,
		-0.955597,
		0,
		0.44366,
		0.896185,
		-0.004403,
		0,
		0.377895,
		0.358327,
		-0.561695,
		1,
	},
	[1.1166666666666667] = {
		0.855823,
		-0.424392,
		-0.295735,
		0,
		-0.26612,
		0.129017,
		-0.955267,
		0,
		0.443562,
		0.89624,
		-0.002524,
		0,
		0.264762,
		0.459701,
		-0.602571,
		1,
	},
	[1.1333333333333333] = {
		0.855822,
		-0.424336,
		-0.295816,
		0,
		-0.266133,
		0.129175,
		-0.955242,
		0,
		0.443555,
		0.896244,
		-0.002379,
		0,
		0.233434,
		0.477379,
		-0.612427,
		1,
	},
	[1.15] = {
		0.855822,
		-0.424288,
		-0.295886,
		0,
		-0.266144,
		0.129309,
		-0.955221,
		0,
		0.44355,
		0.896247,
		-0.002256,
		0,
		0.205329,
		0.487737,
		-0.621022,
		1,
	},
	[1.1666666666666667] = {
		0.855821,
		-0.424248,
		-0.295945,
		0,
		-0.266153,
		0.129423,
		-0.955203,
		0,
		0.443545,
		0.896249,
		-0.002152,
		0,
		0.181824,
		0.491406,
		-0.628472,
		1,
	},
	[1.1833333333333333] = {
		0.855821,
		-0.424214,
		-0.295994,
		0,
		-0.266161,
		0.129519,
		-0.955188,
		0,
		0.443541,
		0.896252,
		-0.002064,
		0,
		0.163978,
		0.488832,
		-0.634871,
		1,
	},
	[1.1] = {
		0.855824,
		-0.424456,
		-0.295639,
		0,
		-0.266104,
		0.128834,
		-0.955296,
		0,
		0.44357,
		0.896236,
		-0.00269,
		0,
		0.298774,
		0.430977,
		-0.590138,
		1,
	},
	[1.2166666666666666] = {
		0.855821,
		-0.424164,
		-0.296068,
		0,
		-0.266172,
		0.129662,
		-0.955165,
		0,
		0.443535,
		0.896255,
		-0.001933,
		0,
		0.147529,
		0.466895,
		-0.645063,
		1,
	},
	[1.2333333333333334] = {
		0.85582,
		-0.424146,
		-0.296093,
		0,
		-0.266176,
		0.129712,
		-0.955157,
		0,
		0.443533,
		0.896256,
		-0.001887,
		0,
		0.146166,
		0.449321,
		-0.649068,
		1,
	},
	[1.25] = {
		0.85582,
		-0.424133,
		-0.296112,
		0,
		-0.266179,
		0.12975,
		-0.955151,
		0,
		0.443532,
		0.896257,
		-0.001853,
		0,
		0.145722,
		0.429211,
		-0.652507,
		1,
	},
	[1.2666666666666666] = {
		0.85582,
		-0.424124,
		-0.296126,
		0,
		-0.266181,
		0.129776,
		-0.955147,
		0,
		0.443531,
		0.896257,
		-0.001829,
		0,
		0.144336,
		0.407303,
		-0.65551,
		1,
	},
	[1.2833333333333334] = {
		0.85582,
		-0.424119,
		-0.296133,
		0,
		-0.266182,
		0.12979,
		-0.955145,
		0,
		0.443531,
		0.896257,
		-0.001815,
		0,
		0.140709,
		0.384425,
		-0.658167,
		1,
	},
	[1.2] = {
		0.855821,
		-0.424187,
		-0.296035,
		0,
		-0.266167,
		0.129598,
		-0.955175,
		0,
		0.443538,
		0.896253,
		-0.001992,
		0,
		0.153016,
		0.480341,
		-0.640361,
		1,
	},
	[1.3166666666666667] = {
		0.85582,
		-0.424118,
		-0.296136,
		0,
		-0.266182,
		0.129795,
		-0.955144,
		0,
		0.44353,
		0.896257,
		-0.001811,
		0,
		0.120772,
		0.341311,
		-0.66294,
		1,
	},
	[1.3333333333333333] = {
		0.85582,
		-0.424118,
		-0.296136,
		0,
		-0.266182,
		0.129795,
		-0.955144,
		0,
		0.44353,
		0.896257,
		-0.001811,
		0,
		0.10338,
		0.324099,
		-0.665284,
		1,
	},
	[1.35] = {
		0.85582,
		-0.424117,
		-0.296136,
		0,
		-0.266182,
		0.129795,
		-0.955144,
		0,
		0.44353,
		0.896258,
		-0.001811,
		0,
		0.080915,
		0.311583,
		-0.667743,
		1,
	},
	[1.3666666666666667] = {
		0.85582,
		-0.424117,
		-0.296136,
		0,
		-0.266182,
		0.129795,
		-0.955144,
		0,
		0.44353,
		0.896257,
		-0.001811,
		0,
		0.054587,
		0.305208,
		-0.671114,
		1,
	},
	[1.3833333333333333] = {
		0.85582,
		-0.424117,
		-0.296136,
		0,
		-0.266182,
		0.129795,
		-0.955144,
		0,
		0.44353,
		0.896258,
		-0.001811,
		0,
		0.02577,
		0.305349,
		-0.672615,
		1,
	},
	[1.3] = {
		0.85582,
		-0.424118,
		-0.296136,
		0,
		-0.266182,
		0.129795,
		-0.955144,
		0,
		0.443531,
		0.896257,
		-0.001811,
		0,
		0.133162,
		0.361806,
		-0.660598,
		1,
	},
	[1.4166666666666667] = {
		0.85582,
		-0.424118,
		-0.296136,
		0,
		-0.266182,
		0.129795,
		-0.955144,
		0,
		0.44353,
		0.896258,
		-0.001811,
		0,
		-0.031715,
		0.322527,
		-0.660816,
		1,
	},
	[1.4333333333333333] = {
		0.85582,
		-0.424117,
		-0.296136,
		0,
		-0.266182,
		0.129795,
		-0.955144,
		0,
		0.44353,
		0.896258,
		-0.001811,
		0,
		-0.05669,
		0.333254,
		-0.651743,
		1,
	},
	[1.45] = {
		0.85582,
		-0.424117,
		-0.296136,
		0,
		-0.266182,
		0.129796,
		-0.955144,
		0,
		0.44353,
		0.896258,
		-0.001811,
		0,
		-0.077962,
		0.342864,
		-0.642161,
		1,
	},
	[1.4666666666666666] = {
		0.85582,
		-0.424117,
		-0.296136,
		0,
		-0.266182,
		0.129796,
		-0.955144,
		0,
		0.44353,
		0.896258,
		-0.001811,
		0,
		-0.094249,
		0.350471,
		-0.633819,
		1,
	},
	[1.4833333333333334] = {
		0.85582,
		-0.424117,
		-0.296136,
		0,
		-0.266182,
		0.129796,
		-0.955144,
		0,
		0.44353,
		0.896258,
		-0.001811,
		0,
		-0.105315,
		0.355773,
		-0.627554,
		1,
	},
	[1.4] = {
		0.85582,
		-0.424117,
		-0.296136,
		0,
		-0.266182,
		0.129795,
		-0.955144,
		0,
		0.44353,
		0.896258,
		-0.001811,
		0,
		-0.003927,
		0.312588,
		-0.668174,
		1,
	},
	[1.5166666666666666] = {
		0.85582,
		-0.424117,
		-0.296136,
		0,
		-0.266182,
		0.129795,
		-0.955144,
		0,
		0.44353,
		0.896258,
		-0.001811,
		0,
		-0.112813,
		0.359405,
		-0.622947,
		1,
	},
	[1.5333333333333334] = {
		0.85582,
		-0.424117,
		-0.296136,
		0,
		-0.266182,
		0.129796,
		-0.955144,
		0,
		0.44353,
		0.896258,
		-0.001811,
		0,
		-0.111498,
		0.358769,
		-0.62375,
		1,
	},
	[1.55] = {
		0.85582,
		-0.424117,
		-0.296136,
		0,
		-0.266182,
		0.129795,
		-0.955144,
		0,
		0.44353,
		0.896258,
		-0.001811,
		0,
		-0.107816,
		0.356989,
		-0.626009,
		1,
	},
	[1.5666666666666667] = {
		0.85582,
		-0.424117,
		-0.296136,
		0,
		-0.266182,
		0.129795,
		-0.955144,
		0,
		0.44353,
		0.896258,
		-0.001811,
		0,
		-0.10278,
		0.354567,
		-0.62899,
		1,
	},
	[1.5833333333333333] = {
		0.85582,
		-0.424118,
		-0.296135,
		0,
		-0.266182,
		0.129795,
		-0.955144,
		0,
		0.44353,
		0.896257,
		-0.001811,
		0,
		-0.097314,
		0.351953,
		-0.632111,
		1,
	},
	[1.5] = {
		0.85582,
		-0.424118,
		-0.296136,
		0,
		-0.266182,
		0.129795,
		-0.955144,
		0,
		0.44353,
		0.896258,
		-0.001811,
		0,
		-0.111041,
		0.358548,
		-0.624031,
		1,
	},
	[1.6166666666666667] = {
		0.85582,
		-0.424117,
		-0.296136,
		0,
		-0.266182,
		0.129795,
		-0.955144,
		0,
		0.44353,
		0.896258,
		-0.001811,
		0,
		-0.088439,
		0.347742,
		-0.636916,
		1,
	},
	[1.6333333333333333] = {
		0.85582,
		-0.424118,
		-0.296136,
		0,
		-0.266182,
		0.129795,
		-0.955144,
		0,
		0.443531,
		0.896257,
		-0.001811,
		0,
		-0.08677,
		0.346954,
		-0.637789,
		1,
	},
	[1.65] = {
		0.85582,
		-0.424117,
		-0.296136,
		0,
		-0.266182,
		0.129796,
		-0.955144,
		0,
		0.44353,
		0.896258,
		-0.001811,
		0,
		-0.08673,
		0.346936,
		-0.637806,
		1,
	},
	[1.6666666666666667] = {
		0.85582,
		-0.424118,
		-0.296136,
		0,
		-0.266182,
		0.129795,
		-0.955144,
		0,
		0.44353,
		0.896257,
		-0.001811,
		0,
		-0.086726,
		0.346934,
		-0.637808,
		1,
	},
	[1.6833333333333333] = {
		0.85582,
		-0.424117,
		-0.296136,
		0,
		-0.266182,
		0.129796,
		-0.955144,
		0,
		0.44353,
		0.896258,
		-0.001811,
		0,
		-0.086742,
		0.346942,
		-0.6378,
		1,
	},
	[1.6] = {
		0.85582,
		-0.424117,
		-0.296136,
		0,
		-0.266182,
		0.129795,
		-0.955144,
		0,
		0.44353,
		0.896258,
		-0.001811,
		0,
		-0.092146,
		0.349496,
		-0.63495,
		1,
	},
	[1.7166666666666666] = {
		0.85582,
		-0.424117,
		-0.296136,
		0,
		-0.266182,
		0.129796,
		-0.955144,
		0,
		0.44353,
		0.896258,
		-0.001811,
		0,
		-0.086742,
		0.346942,
		-0.6378,
		1,
	},
	[1.7333333333333334] = {
		0.85582,
		-0.424117,
		-0.296136,
		0,
		-0.266182,
		0.129796,
		-0.955144,
		0,
		0.44353,
		0.896258,
		-0.001811,
		0,
		-0.086742,
		0.346942,
		-0.6378,
		1,
	},
	[1.75] = {
		0.85582,
		-0.424117,
		-0.296136,
		0,
		-0.266182,
		0.129796,
		-0.955144,
		0,
		0.44353,
		0.896258,
		-0.001811,
		0,
		-0.086742,
		0.346942,
		-0.6378,
		1,
	},
	[1.7666666666666666] = {
		0.85582,
		-0.424117,
		-0.296136,
		0,
		-0.266182,
		0.129796,
		-0.955144,
		0,
		0.44353,
		0.896258,
		-0.001811,
		0,
		-0.086742,
		0.346942,
		-0.6378,
		1,
	},
	[1.7833333333333334] = {
		0.85582,
		-0.424117,
		-0.296136,
		0,
		-0.266182,
		0.129796,
		-0.955144,
		0,
		0.44353,
		0.896258,
		-0.001811,
		0,
		-0.086742,
		0.346942,
		-0.6378,
		1,
	},
	[1.7] = {
		0.85582,
		-0.424117,
		-0.296136,
		0,
		-0.266182,
		0.129796,
		-0.955144,
		0,
		0.44353,
		0.896258,
		-0.001811,
		0,
		-0.086742,
		0.346942,
		-0.6378,
		1,
	},
	[1.8166666666666667] = {
		0.85582,
		-0.424117,
		-0.296136,
		0,
		-0.266182,
		0.129796,
		-0.955144,
		0,
		0.44353,
		0.896258,
		-0.001811,
		0,
		-0.086742,
		0.346942,
		-0.6378,
		1,
	},
	[1.8333333333333333] = {
		0.85582,
		-0.424117,
		-0.296136,
		0,
		-0.266182,
		0.129796,
		-0.955144,
		0,
		0.44353,
		0.896258,
		-0.001811,
		0,
		-0.086742,
		0.346942,
		-0.6378,
		1,
	},
	[1.85] = {
		0.85582,
		-0.424117,
		-0.296136,
		0,
		-0.266182,
		0.129796,
		-0.955144,
		0,
		0.44353,
		0.896258,
		-0.001811,
		0,
		-0.086742,
		0.346942,
		-0.6378,
		1,
	},
	[1.8666666666666667] = {
		0.85582,
		-0.424117,
		-0.296136,
		0,
		-0.266182,
		0.129796,
		-0.955144,
		0,
		0.44353,
		0.896258,
		-0.001811,
		0,
		-0.086742,
		0.346942,
		-0.6378,
		1,
	},
	[1.8833333333333333] = {
		0.85582,
		-0.424117,
		-0.296136,
		0,
		-0.266182,
		0.129796,
		-0.955144,
		0,
		0.44353,
		0.896258,
		-0.001811,
		0,
		-0.086742,
		0.346942,
		-0.6378,
		1,
	},
	[1.8] = {
		0.85582,
		-0.424117,
		-0.296136,
		0,
		-0.266182,
		0.129796,
		-0.955144,
		0,
		0.44353,
		0.896258,
		-0.001811,
		0,
		-0.086742,
		0.346942,
		-0.6378,
		1,
	},
	[1.9166666666666667] = {
		0.85582,
		-0.424117,
		-0.296136,
		0,
		-0.266182,
		0.129796,
		-0.955144,
		0,
		0.44353,
		0.896258,
		-0.001811,
		0,
		-0.086742,
		0.346942,
		-0.6378,
		1,
	},
	[1.9333333333333333] = {
		0.85582,
		-0.424117,
		-0.296136,
		0,
		-0.266182,
		0.129796,
		-0.955144,
		0,
		0.44353,
		0.896258,
		-0.001811,
		0,
		-0.086742,
		0.346942,
		-0.6378,
		1,
	},
	[1.95] = {
		0.85582,
		-0.424117,
		-0.296136,
		0,
		-0.266182,
		0.129796,
		-0.955144,
		0,
		0.44353,
		0.896258,
		-0.001811,
		0,
		-0.086742,
		0.346942,
		-0.6378,
		1,
	},
	[1.9666666666666666] = {
		0.85582,
		-0.424117,
		-0.296136,
		0,
		-0.266182,
		0.129796,
		-0.955144,
		0,
		0.44353,
		0.896258,
		-0.001811,
		0,
		-0.086742,
		0.346942,
		-0.6378,
		1,
	},
	[1.9] = {
		0.85582,
		-0.424117,
		-0.296136,
		0,
		-0.266182,
		0.129796,
		-0.955144,
		0,
		0.44353,
		0.896258,
		-0.001811,
		0,
		-0.086742,
		0.346942,
		-0.6378,
		1,
	},
}

return spline_matrices
