-- chunkname: @content/characters/player/human/first_person/animations/dual_shivs/attack_swing_up_diagonal_rhand_02.lua

local spline_matrices = {
	[0.016666666666666666] = {
		-0.427504,
		-0.364806,
		-0.827138,
		0,
		-0.715763,
		0.695478,
		0.063203,
		0,
		0.552199,
		0.619054,
		-0.558434,
		0,
		0.142979,
		0.392898,
		-0.111136,
		1,
	},
	[0.03333333333333333] = {
		-0.283268,
		-0.226628,
		-0.931879,
		0,
		-0.640639,
		0.7678,
		0.008014,
		0,
		0.713681,
		0.599269,
		-0.36268,
		0,
		0.166397,
		0.394752,
		-0.121743,
		1,
	},
	[0.05] = {
		-0.06484,
		-0.075837,
		-0.99501,
		0,
		-0.539967,
		0.841189,
		-0.028926,
		0,
		0.839185,
		0.535397,
		-0.095492,
		0,
		0.195136,
		0.394913,
		-0.131196,
		1,
	},
	[0.06666666666666667] = {
		0.139986,
		0.035497,
		-0.989517,
		0,
		-0.456969,
		0.888879,
		-0.03276,
		0,
		0.878398,
		0.456765,
		0.140652,
		0,
		0.218916,
		0.393133,
		-0.13577,
		1,
	},
	[0.08333333333333333] = {
		0.226674,
		0.085395,
		-0.97022,
		0,
		-0.434395,
		0.900448,
		-0.022235,
		0,
		0.871734,
		0.426499,
		0.241203,
		0,
		0.227855,
		0.39163,
		-0.135226,
		1,
	},
	[0] = {
		-0.474277,
		-0.424432,
		-0.771309,
		0,
		-0.743106,
		0.662789,
		0.092219,
		0,
		0.472075,
		0.616902,
		-0.629744,
		0,
		0.133492,
		0.391701,
		-0.106049,
		1,
	},
	[0.11666666666666667] = {
		-0.066543,
		-0.0571,
		-0.996148,
		0,
		-0.642404,
		0.766366,
		-0.001016,
		0,
		0.763472,
		0.639862,
		-0.087677,
		0,
		0.15114,
		0.416263,
		-0.111874,
		1,
	},
	[0.13333333333333333] = {
		-0.209117,
		-0.176165,
		-0.961892,
		0,
		-0.73953,
		0.672068,
		0.03769,
		0,
		0.639817,
		0.719229,
		-0.27082,
		0,
		0.107177,
		0.422458,
		-0.091547,
		1,
	},
	[0.15] = {
		-0.323199,
		-0.307563,
		-0.894957,
		0,
		-0.815803,
		0.569831,
		0.098783,
		0,
		0.479592,
		0.762035,
		-0.43508,
		0,
		0.065623,
		0.42277,
		-0.065788,
		1,
	},
	[0.16666666666666666] = {
		-0.405821,
		-0.321885,
		-0.855394,
		0,
		-0.839659,
		0.500932,
		0.209855,
		0,
		0.360945,
		0.803404,
		-0.473562,
		0,
		0.051347,
		0.414296,
		-0.039469,
		1,
	},
	[0.18333333333333332] = {
		-0.516071,
		-0.357995,
		-0.778145,
		0,
		-0.856472,
		0.203732,
		0.474288,
		0,
		-0.011259,
		0.911226,
		-0.411753,
		0,
		0.008614,
		0.355461,
		0.010528,
		1,
	},
	[0.1] = {
		0.118621,
		0.048797,
		-0.99174,
		0,
		-0.517017,
		0.855748,
		-0.019734,
		0,
		0.847716,
		0.515087,
		0.126739,
		0,
		0.200684,
		0.402144,
		-0.128296,
		1,
	},
	[0.21666666666666667] = {
		-0.829997,
		-0.469824,
		-0.300617,
		0,
		-0.243333,
		-0.179966,
		0.953101,
		0,
		-0.501891,
		0.864221,
		0.035048,
		0,
		0.156844,
		0.273975,
		0.10203,
		1,
	},
	[0.23333333333333334] = {
		-0.515795,
		-0.651224,
		-0.556654,
		0,
		-0.12722,
		-0.584329,
		0.801483,
		0,
		-0.847214,
		0.484218,
		0.218545,
		0,
		0.210232,
		0.137715,
		0.118033,
		1,
	},
	[0.25] = {
		-0.833159,
		0.163624,
		-0.528274,
		0,
		-0.542711,
		-0.425601,
		0.724105,
		0,
		-0.106353,
		0.889995,
		0.443394,
		0,
		0.286684,
		-0.017072,
		0.122766,
		1,
	},
	[0.26666666666666666] = {
		-0.851514,
		0.205817,
		-0.482247,
		0,
		-0.523805,
		-0.375113,
		0.7648,
		0,
		-0.023488,
		0.903842,
		0.427222,
		0,
		0.298157,
		-0.015691,
		0.124264,
		1,
	},
	[0.2833333333333333] = {
		-0.863972,
		0.245005,
		-0.439915,
		0,
		-0.499479,
		-0.306252,
		0.810389,
		0,
		0.063825,
		0.919882,
		0.386968,
		0,
		0.310723,
		-0.011551,
		0.127201,
		1,
	},
	[0.2] = {
		-0.820742,
		-0.295828,
		-0.488742,
		0,
		-0.531571,
		0.08199,
		0.843036,
		0,
		-0.209322,
		0.951716,
		-0.224546,
		0,
		0.045073,
		0.316917,
		0.049209,
		1,
	},
	[0.31666666666666665] = {
		-0.876703,
		0.310938,
		-0.367028,
		0,
		-0.425922,
		-0.147155,
		0.892713,
		0,
		0.223569,
		0.938969,
		0.261446,
		0,
		0.340587,
		0.002495,
		0.133117,
		1,
	},
	[0.3333333333333333] = {
		-0.880432,
		0.335181,
		-0.335401,
		0,
		-0.378888,
		-0.071994,
		0.922638,
		0,
		0.285103,
		0.939399,
		0.190382,
		0,
		0.357503,
		0.010676,
		0.134626,
		1,
	},
	[0.35] = {
		-0.884738,
		0.352447,
		-0.304991,
		0,
		-0.328863,
		-0.00835,
		0.944341,
		0,
		0.330284,
		0.935794,
		0.123294,
		0,
		0.37496,
		0.018116,
		0.134564,
		1,
	},
	[0.36666666666666664] = {
		-0.889913,
		0.3642,
		-0.274615,
		0,
		-0.279543,
		0.04027,
		0.959288,
		0,
		0.360432,
		0.93045,
		0.065973,
		0,
		0.391963,
		0.02336,
		0.132836,
		1,
	},
	[0.38333333333333336] = {
		-0.886155,
		0.387743,
		-0.25374,
		0,
		-0.237176,
		0.090896,
		0.967205,
		0,
		0.398091,
		0.917275,
		0.011415,
		0,
		0.404333,
		0.029724,
		0.130392,
		1,
	},
	[0.3] = {
		-0.871869,
		0.280305,
		-0.401589,
		0,
		-0.466823,
		-0.227764,
		0.854517,
		0,
		0.148058,
		0.932498,
		0.329433,
		0,
		0.324858,
		-0.005171,
		0.130453,
		1,
	},
	[0.4166666666666667] = {
		-0.844601,
		0.472329,
		-0.2521,
		0,
		-0.164641,
		0.218918,
		0.961753,
		0,
		0.509453,
		0.853803,
		-0.107134,
		0,
		0.417892,
		0.050405,
		0.125715,
		1,
	},
	[0.43333333333333335] = {
		-0.809304,
		0.522531,
		-0.268306,
		0,
		-0.124837,
		0.293334,
		0.947824,
		0,
		0.573971,
		0.800573,
		-0.172166,
		0,
		0.423324,
		0.064687,
		0.122867,
		1,
	},
	[0.45] = {
		-0.766495,
		0.571394,
		-0.293249,
		0,
		-0.077075,
		0.371459,
		0.925244,
		0,
		0.637609,
		0.731797,
		-0.240682,
		0,
		0.430551,
		0.080946,
		0.119032,
		1,
	},
	[0.4666666666666667] = {
		-0.718367,
		0.61331,
		-0.328327,
		0,
		-0.028829,
		0.445311,
		0.894912,
		0,
		0.695066,
		0.652341,
		-0.302215,
		0,
		0.438553,
		0.095541,
		0.114525,
		1,
	},
	[0.48333333333333334] = {
		-0.668446,
		0.645182,
		-0.370027,
		0,
		0.015346,
		0.509366,
		0.860413,
		0,
		0.743602,
		0.569461,
		-0.350385,
		0,
		0.446538,
		0.106276,
		0.109981,
		1,
	},
	[0.4] = {
		-0.870685,
		0.425571,
		-0.24657,
		0,
		-0.200443,
		0.150774,
		0.968034,
		0,
		0.449143,
		0.892276,
		-0.045974,
		0,
		0.412273,
		0.038715,
		0.128046,
		1,
	},
	[0.5166666666666667] = {
		-0.587921,
		0.675121,
		-0.445602,
		0,
		0.111277,
		0.613123,
		0.782111,
		0,
		0.801228,
		0.410234,
		-0.435593,
		0,
		0.469057,
		0.124758,
		0.098879,
		1,
	},
	[0.5333333333333333] = {
		-0.57798,
		0.665144,
		-0.472781,
		0,
		0.162336,
		0.661488,
		0.732175,
		0,
		0.799741,
		0.346434,
		-0.490304,
		0,
		0.484754,
		0.141967,
		0.08913,
		1,
	},
	[0.55] = {
		0.153845,
		0.840826,
		-0.518983,
		0,
		0.162212,
		0.496618,
		0.852677,
		0,
		0.974689,
		-0.215366,
		-0.05999,
		0,
		0.498041,
		0.151234,
		0.078105,
		1,
	},
	[0.5666666666666667] = {
		0.113684,
		0.796111,
		-0.594376,
		0,
		0.235498,
		0.559612,
		0.794591,
		0,
		0.965203,
		-0.230306,
		-0.123864,
		0,
		0.520229,
		0.181767,
		0.057988,
		1,
	},
	[0.5833333333333334] = {
		0.043389,
		0.745529,
		-0.66506,
		0,
		0.313488,
		0.621906,
		0.717606,
		0,
		0.9486,
		-0.239624,
		-0.20673,
		0,
		0.542678,
		0.214766,
		0.030679,
		1,
	},
	[0.5] = {
		-0.6212,
		0.667553,
		-0.410467,
		0,
		0.061922,
		0.563964,
		0.823475,
		0,
		0.781202,
		0.486126,
		-0.391671,
		0,
		0.456428,
		0.114374,
		0.105197,
		1,
	},
	[0.6166666666666667] = {
		-0.148393,
		0.620275,
		-0.770219,
		0,
		0.447799,
		0.736566,
		0.506899,
		0,
		0.881735,
		-0.269683,
		-0.38706,
		0,
		0.576934,
		0.282159,
		-0.041448,
		1,
	},
	[0.6333333333333333] = {
		-0.248641,
		0.547365,
		-0.799105,
		0,
		0.492869,
		0.781717,
		0.382099,
		0,
		0.833821,
		-0.298848,
		-0.464146,
		0,
		0.58574,
		0.31259,
		-0.082207,
		1,
	},
	[0.65] = {
		-0.339515,
		0.471866,
		-0.813678,
		0,
		0.521885,
		0.814195,
		0.254405,
		0,
		0.782538,
		-0.338272,
		-0.522692,
		0,
		0.589139,
		0.338335,
		-0.122725,
		1,
	},
	[0.6666666666666666] = {
		-0.41505,
		0.397742,
		-0.818251,
		0,
		0.538017,
		0.832566,
		0.131797,
		0,
		0.733669,
		-0.385531,
		-0.559549,
		0,
		0.588566,
		0.358153,
		-0.160713,
		1,
	},
	[0.6833333333333333] = {
		-0.472209,
		0.328049,
		-0.818171,
		0,
		0.546161,
		0.837428,
		0.020552,
		0,
		0.691901,
		-0.437148,
		-0.574608,
		0,
		0.585985,
		0.371471,
		-0.194569,
		1,
	},
	[0.6] = {
		-0.047539,
		0.686994,
		-0.725106,
		0,
		0.386702,
		0.681978,
		0.62078,
		0,
		0.920979,
		-0.250888,
		-0.298083,
		0,
		0.562292,
		0.248861,
		-0.00303,
		1,
	},
	[0.7166666666666667] = {
		-0.529579,
		0.205453,
		-0.823004,
		0,
		0.558032,
		0.815101,
		-0.155597,
		0,
		0.638863,
		-0.541664,
		-0.54631,
		0,
		0.582709,
		0.378628,
		-0.247598,
		1,
	},
	[0.7333333333333333] = {
		-0.53112,
		0.149847,
		-0.833941,
		0,
		0.569059,
		0.792305,
		-0.220056,
		0,
		0.627761,
		-0.591438,
		-0.506081,
		0,
		0.585254,
		0.372805,
		-0.267221,
		1,
	},
	[0.75] = {
		-0.515286,
		0.093908,
		-0.851858,
		0,
		0.586291,
		0.763618,
		-0.270465,
		0,
		0.625095,
		-0.638803,
		-0.448539,
		0,
		0.592062,
		0.360736,
		-0.282905,
		1,
	},
	[0.7666666666666667] = {
		-0.481824,
		0.033259,
		-0.875637,
		0,
		0.610239,
		0.729866,
		-0.308065,
		0,
		0.628852,
		-0.68278,
		-0.371963,
		0,
		0.603598,
		0.342249,
		-0.294718,
		1,
	},
	[0.7833333333333333] = {
		-0.442145,
		-0.053915,
		-0.895322,
		0,
		0.577903,
		0.746264,
		-0.33033,
		0,
		0.685956,
		-0.663463,
		-0.298799,
		0,
		0.599764,
		0.338793,
		-0.304669,
		1,
	},
	[0.7] = {
		-0.510219,
		0.264132,
		-0.818481,
		0,
		0.551411,
		0.830798,
		-0.075628,
		0,
		0.660017,
		-0.489907,
		-0.569535,
		0,
		0.583431,
		0.378234,
		-0.223533,
		1,
	},
	[0.8166666666666667] = {
		-0.441988,
		-0.054143,
		-0.895385,
		0,
		0.578042,
		0.746102,
		-0.330455,
		0,
		0.68594,
		-0.663627,
		-0.298471,
		0,
		0.599854,
		0.338637,
		-0.304664,
		1,
	},
	[0.8333333333333334] = {
		-0.441899,
		-0.054402,
		-0.895414,
		0,
		0.578121,
		0.745962,
		-0.330632,
		0,
		0.685931,
		-0.663763,
		-0.298189,
		0,
		0.599906,
		0.338504,
		-0.30471,
		1,
	},
	[0.85] = {
		-0.441802,
		-0.054784,
		-0.895438,
		0,
		0.578206,
		0.745772,
		-0.33091,
		0,
		0.685922,
		-0.663945,
		-0.297807,
		0,
		0.599963,
		0.338324,
		-0.304798,
		1,
	},
	[0.8666666666666667] = {
		-0.4417,
		-0.055298,
		-0.895457,
		0,
		0.578297,
		0.745531,
		-0.331295,
		0,
		0.685911,
		-0.664173,
		-0.297322,
		0,
		0.600022,
		0.338098,
		-0.304933,
		1,
	},
	[0.8833333333333333] = {
		-0.441599,
		-0.055922,
		-0.895468,
		0,
		0.578386,
		0.745249,
		-0.331772,
		0,
		0.6859,
		-0.664437,
		-0.296757,
		0,
		0.600081,
		0.337834,
		-0.30511,
		1,
	},
	[0.8] = {
		-0.44207,
		-0.053988,
		-0.895354,
		0,
		0.577969,
		0.7462,
		-0.330359,
		0,
		0.685949,
		-0.663529,
		-0.298669,
		0,
		0.599807,
		0.338731,
		-0.304653,
		1,
	},
	[0.9166666666666666] = {
		-0.441426,
		-0.057262,
		-0.895469,
		0,
		0.578541,
		0.744665,
		-0.332813,
		0,
		0.685882,
		-0.664978,
		-0.295586,
		0,
		0.600182,
		0.337289,
		-0.305513,
		1,
	},
	[0.9333333333333333] = {
		-0.441359,
		-0.05787,
		-0.895463,
		0,
		0.5786,
		0.744405,
		-0.333291,
		0,
		0.685875,
		-0.665216,
		-0.295066,
		0,
		0.600221,
		0.337047,
		-0.305703,
		1,
	},
	[0.95] = {
		-0.441304,
		-0.058408,
		-0.895455,
		0,
		0.578649,
		0.744177,
		-0.333714,
		0,
		0.685869,
		-0.665424,
		-0.294611,
		0,
		0.600253,
		0.336836,
		-0.305874,
		1,
	},
	[0.9666666666666667] = {
		-0.44126,
		-0.058875,
		-0.895446,
		0,
		0.578689,
		0.743981,
		-0.334084,
		0,
		0.685864,
		-0.665603,
		-0.294218,
		0,
		0.600279,
		0.336654,
		-0.306023,
		1,
	},
	[0.9833333333333333] = {
		-0.441223,
		-0.05928,
		-0.895438,
		0,
		0.578722,
		0.743811,
		-0.334404,
		0,
		0.68586,
		-0.665756,
		-0.29388,
		0,
		0.6003,
		0.336496,
		-0.306154,
		1,
	},
	[0.9] = {
		-0.441506,
		-0.056599,
		-0.895471,
		0,
		0.578469,
		0.744952,
		-0.332296,
		0,
		0.68589,
		-0.664713,
		-0.29616,
		0,
		0.600135,
		0.337556,
		-0.30531,
		1,
	},
	[1.0166666666666666] = {
		-0.441167,
		-0.059932,
		-0.895422,
		0,
		0.578772,
		0.743539,
		-0.334922,
		0,
		0.685853,
		-0.666002,
		-0.293338,
		0,
		0.600333,
		0.336245,
		-0.306366,
		1,
	},
	[1.0333333333333334] = {
		-0.441145,
		-0.060194,
		-0.895415,
		0,
		0.578791,
		0.74343,
		-0.335131,
		0,
		0.685851,
		-0.6661,
		-0.293121,
		0,
		0.600345,
		0.336144,
		-0.306452,
		1,
	},
	[1.05] = {
		-0.441127,
		-0.060421,
		-0.895408,
		0,
		0.578807,
		0.743336,
		-0.335312,
		0,
		0.685849,
		-0.666184,
		-0.292933,
		0,
		0.600356,
		0.336057,
		-0.306527,
		1,
	},
	[1.0666666666666667] = {
		-0.441112,
		-0.060618,
		-0.895402,
		0,
		0.578821,
		0.743254,
		-0.335469,
		0,
		0.685847,
		-0.666257,
		-0.292772,
		0,
		0.600365,
		0.335982,
		-0.306592,
		1,
	},
	[1.0833333333333333] = {
		-0.441099,
		-0.060787,
		-0.895397,
		0,
		0.578833,
		0.743184,
		-0.335604,
		0,
		0.685846,
		-0.66632,
		-0.292632,
		0,
		0.600373,
		0.335917,
		-0.306648,
		1,
	},
	{
		-0.441192,
		-0.059629,
		-0.895429,
		0,
		0.578749,
		0.743665,
		-0.334682,
		0,
		0.685856,
		-0.665888,
		-0.293589,
		0,
		0.600318,
		0.336361,
		-0.306267,
		1,
	},
}

return spline_matrices
