-- chunkname: @content/characters/player/human/first_person/animations/dual_shivs/attack_swing_up_diagonal_rhand_offhand_sweep.lua

local spline_matrices = {
	[0.016666666666666666] = {
		-0.200914,
		0.775992,
		0.597888,
		0,
		0.616785,
		0.574375,
		-0.53821,
		0,
		-0.761058,
		0.260635,
		-0.59402,
		0,
		-0.143944,
		0.397738,
		-0.149583,
		1,
	},
	[0.03333333333333333] = {
		-0.203315,
		0.823631,
		0.529429,
		0,
		0.638243,
		0.521539,
		-0.566254,
		0,
		-0.742502,
		0.222776,
		-0.631713,
		0,
		-0.135684,
		0.394327,
		-0.185667,
		1,
	},
	[0.05] = {
		-0.194443,
		0.878713,
		0.435953,
		0,
		0.671448,
		0.443225,
		-0.593894,
		0,
		-0.715087,
		0.177241,
		-0.676192,
		0,
		-0.118809,
		0.384984,
		-0.231169,
		1,
	},
	[0.06666666666666667] = {
		-0.170162,
		0.925261,
		0.339024,
		0,
		0.708974,
		0.353898,
		-0.61001,
		0,
		-0.684398,
		0.136559,
		-0.716206,
		0,
		-0.0948,
		0.369774,
		-0.274218,
		1,
	},
	[0.08333333333333333] = {
		-0.138587,
		0.955247,
		0.261337,
		0,
		0.740132,
		0.275235,
		-0.613556,
		0,
		-0.658026,
		0.108393,
		-0.745152,
		0,
		-0.070474,
		0.353209,
		-0.306031,
		1,
	},
	[0] = {
		-0.197941,
		0.755805,
		0.624162,
		0,
		0.609389,
		0.593637,
		-0.525586,
		0,
		-0.767766,
		0.276322,
		-0.578085,
		0,
		-0.146114,
		0.39821,
		-0.135051,
		1,
	},
	[0.11666666666666667] = {
		-0.087525,
		0.980986,
		0.173221,
		0,
		0.773505,
		0.1765,
		-0.608719,
		0,
		-0.627718,
		0.080709,
		-0.774246,
		0,
		-0.034054,
		0.328,
		-0.3431,
		1,
	},
	[0.13333333333333333] = {
		-0.093539,
		0.979026,
		0.180993,
		0,
		0.76845,
		0.18658,
		-0.612105,
		0,
		-0.633037,
		0.081828,
		-0.769785,
		0,
		-0.035001,
		0.330038,
		-0.344288,
		1,
	},
	[0.15] = {
		-0.100338,
		0.976602,
		0.190215,
		0,
		0.762617,
		0.198276,
		-0.615712,
		0,
		-0.639021,
		0.083282,
		-0.764668,
		0,
		-0.036526,
		0.332476,
		-0.345045,
		1,
	},
	[0.16666666666666666] = {
		-0.106774,
		0.974106,
		0.199292,
		0,
		0.756818,
		0.209619,
		-0.619102,
		0,
		-0.644846,
		0.084723,
		-0.759602,
		0,
		-0.037931,
		0.33479,
		-0.345819,
		1,
	},
	[0.18333333333333332] = {
		-0.113251,
		0.971394,
		0.208729,
		0,
		0.750939,
		0.221246,
		-0.622206,
		0,
		-0.650588,
		0.086277,
		-0.754514,
		0,
		-0.039372,
		0.337142,
		-0.346435,
		1,
	},
	[0.1] = {
		-0.10694,
		0.973327,
		0.202975,
		0,
		0.762936,
		0.211238,
		-0.610989,
		0,
		-0.637568,
		0.089518,
		-0.765176,
		0,
		-0.048241,
		0.337619,
		-0.329508,
		1,
	},
	[0.21666666666666667] = {
		-0.127751,
		0.964663,
		0.230444,
		0,
		0.738504,
		0.247614,
		-0.627136,
		0,
		-0.662036,
		0.090067,
		-0.74404,
		0,
		-0.042973,
		0.342547,
		-0.346487,
		1,
	},
	[0.23333333333333334] = {
		-0.140693,
		0.959411,
		0.24441,
		0,
		0.730646,
		0.267204,
		-0.628298,
		0,
		-0.668103,
		0.09018,
		-0.738584,
		0,
		-0.046817,
		0.345978,
		-0.345329,
		1,
	},
	[0.25] = {
		-0.15812,
		0.952298,
		0.261012,
		0,
		0.720716,
		0.291996,
		-0.628734,
		0,
		-0.674956,
		0.0887,
		-0.732507,
		0,
		-0.052337,
		0.349912,
		-0.343453,
		1,
	},
	[0.26666666666666666] = {
		-0.171599,
		0.945156,
		0.27791,
		0,
		0.710641,
		0.314127,
		-0.629534,
		0,
		-0.682307,
		0.089467,
		-0.725571,
		0,
		-0.056799,
		0.35387,
		-0.341671,
		1,
	},
	[0.2833333333333333] = {
		-0.178272,
		0.939008,
		0.29408,
		0,
		0.701451,
		0.330871,
		-0.631261,
		0,
		-0.690062,
		0.093747,
		-0.717653,
		0,
		-0.059333,
		0.357691,
		-0.340224,
		1,
	},
	[0.2] = {
		-0.120166,
		0.968291,
		0.219028,
		0,
		0.744842,
		0.233798,
		-0.624939,
		0,
		-0.656331,
		0.088045,
		-0.749319,
		0,
		-0.041013,
		0.339695,
		-0.346716,
		1,
	},
	[0.31666666666666665] = {
		-0.185626,
		0.927119,
		0.325565,
		0,
		0.683322,
		0.359889,
		-0.635257,
		0,
		-0.706126,
		0.104546,
		-0.700326,
		0,
		-0.063301,
		0.364914,
		-0.337277,
		1,
	},
	[0.3333333333333333] = {
		-0.190282,
		0.920903,
		0.340191,
		0,
		0.674145,
		0.374474,
		-0.63663,
		0,
		-0.713667,
		0.108199,
		-0.692078,
		0,
		-0.065794,
		0.368026,
		-0.335759,
		1,
	},
	[0.35] = {
		-0.196082,
		0.914624,
		0.353574,
		0,
		0.664942,
		0.389029,
		-0.637581,
		0,
		-0.720697,
		0.110088,
		-0.684453,
		0,
		-0.068827,
		0.370683,
		-0.334234,
		1,
	},
	[0.36666666666666664] = {
		-0.20116,
		0.909002,
		0.365033,
		0,
		0.656601,
		0.401666,
		-0.638388,
		0,
		-0.726918,
		0.111263,
		-0.677651,
		0,
		-0.071727,
		0.372854,
		-0.33283,
		1,
	},
	[0.38333333333333336] = {
		-0.204723,
		0.904967,
		0.372992,
		0,
		0.650567,
		0.410516,
		-0.638936,
		0,
		-0.731335,
		0.111852,
		-0.672784,
		0,
		-0.073893,
		0.374306,
		-0.331801,
		1,
	},
	[0.3] = {
		-0.182289,
		0.933071,
		0.310078,
		0,
		0.692365,
		0.34573,
		-0.633326,
		0,
		-0.698141,
		0.099239,
		-0.709049,
		0,
		-0.061331,
		0.36142,
		-0.338764,
		1,
	},
	[0.4166666666666667] = {
		-0.208284,
		0.900665,
		0.38134,
		0,
		0.644783,
		0.419614,
		-0.638888,
		0,
		-0.73544,
		0.112811,
		-0.668133,
		0,
		-0.075701,
		0.375849,
		-0.330791,
		1,
	},
	[0.43333333333333335] = {
		-0.209675,
		0.898874,
		0.384789,
		0,
		0.642572,
		0.423297,
		-0.638687,
		0,
		-0.736979,
		0.113338,
		-0.666346,
		0,
		-0.076305,
		0.376497,
		-0.330386,
		1,
	},
	[0.45] = {
		-0.2116,
		0.896327,
		0.389645,
		0,
		0.639458,
		0.428465,
		-0.638366,
		0,
		-0.739134,
		0.114083,
		-0.663826,
		0,
		-0.077148,
		0.377405,
		-0.329806,
		1,
	},
	[0.4666666666666667] = {
		-0.217779,
		0.892538,
		0.394904,
		0,
		0.632781,
		0.437175,
		-0.639114,
		0,
		-0.743075,
		0.110702,
		-0.659988,
		0,
		-0.080378,
		0.378703,
		-0.329812,
		1,
	},
	[0.48333333333333334] = {
		-0.23007,
		0.887637,
		0.398959,
		0,
		0.621366,
		0.4495,
		-0.641758,
		0,
		-0.748981,
		0.10025,
		-0.654964,
		0,
		-0.087214,
		0.380229,
		-0.330968,
		1,
	},
	[0.4] = {
		-0.206889,
		0.902418,
		0.37794,
		0,
		0.646975,
		0.415968,
		-0.639058,
		0,
		-0.733908,
		0.112303,
		-0.669901,
		0,
		-0.075097,
		0.375208,
		-0.331182,
		1,
	},
	[0.5166666666666667] = {
		-0.264068,
		0.87524,
		0.405243,
		0,
		0.589899,
		0.478971,
		-0.650082,
		0,
		-0.763078,
		0.067387,
		-0.642784,
		0,
		-0.107075,
		0.383171,
		-0.33487,
		1,
	},
	[0.5333333333333333] = {
		-0.281519,
		0.868376,
		0.408252,
		0,
		0.573,
		0.493408,
		-0.654384,
		0,
		-0.769687,
		0.049707,
		-0.636483,
		0,
		-0.117732,
		0.384358,
		-0.336704,
		1,
	},
	[0.55] = {
		-0.296606,
		0.861764,
		0.411567,
		0,
		0.557737,
		0.50614,
		-0.657839,
		0,
		-0.775212,
		0.034427,
		-0.630762,
		0,
		-0.127259,
		0.385372,
		-0.337888,
		1,
	},
	[0.5666666666666667] = {
		-0.309842,
		0.855411,
		0.415054,
		0,
		0.543817,
		0.517523,
		-0.660631,
		0,
		-0.779911,
		0.021022,
		-0.625538,
		0,
		-0.135862,
		0.386255,
		-0.338608,
		1,
	},
	[0.5833333333333334] = {
		-0.322973,
		0.848864,
		0.418472,
		0,
		0.529646,
		0.52856,
		-0.6634,
		0,
		-0.784324,
		0.007381,
		-0.620308,
		0,
		-0.144552,
		0.386976,
		-0.339298,
		1,
	},
	[0.5] = {
		-0.246226,
		0.881791,
		0.402265,
		0,
		0.606577,
		0.463911,
		-0.64564,
		0,
		-0.755935,
		0.085031,
		-0.649101,
		0,
		-0.096503,
		0.381772,
		-0.332809,
		1,
	},
	[0.6166666666666667] = {
		-0.348763,
		0.835143,
		0.425325,
		0,
		0.500626,
		0.549658,
		-0.668767,
		0,
		-0.792299,
		-0.020312,
		-0.609795,
		0,
		-0.162107,
		0.387964,
		-0.340497,
		1,
	},
	[0.6333333333333333] = {
		-0.361341,
		0.827953,
		0.428866,
		0,
		0.485818,
		0.559752,
		-0.671311,
		0,
		-0.795873,
		-0.034222,
		-0.604496,
		0,
		-0.170929,
		0.388248,
		-0.340961,
		1,
	},
	[0.65] = {
		-0.373654,
		0.820541,
		0.432546,
		0,
		0.470832,
		0.569562,
		-0.673733,
		0,
		-0.799187,
		-0.048086,
		-0.599156,
		0,
		-0.179755,
		0.388402,
		-0.341306,
		1,
	},
	[0.6666666666666666] = {
		-0.385656,
		0.812906,
		0.436409,
		0,
		0.455685,
		0.579102,
		-0.676012,
		0,
		-0.80226,
		-0.061843,
		-0.593763,
		0,
		-0.188567,
		0.388434,
		-0.341514,
		1,
	},
	[0.6833333333333333] = {
		-0.397305,
		0.805053,
		0.440497,
		0,
		0.440389,
		0.588387,
		-0.678129,
		0,
		-0.805113,
		-0.075434,
		-0.588305,
		0,
		-0.197348,
		0.388351,
		-0.341566,
		1,
	},
	[0.6] = {
		-0.33596,
		0.842111,
		0.421877,
		0,
		0.515242,
		0.539266,
		-0.666122,
		0,
		-0.788452,
		-0.006421,
		-0.615062,
		0,
		-0.153308,
		0.387543,
		-0.339935,
		1,
	},
	[0.7166666666666667] = {
		-0.41936,
		0.788709,
		0.449528,
		0,
		0.409413,
		0.606268,
		-0.681777,
		0,
		-0.810258,
		-0.101867,
		-0.577152,
		0,
		-0.214743,
		0.387887,
		-0.341113,
		1,
	},
	[0.7333333333333333] = {
		-0.429672,
		0.780225,
		0.454568,
		0,
		0.393774,
		0.614917,
		-0.683242,
		0,
		-0.812604,
		-0.114573,
		-0.571444,
		0,
		-0.223317,
		0.387537,
		-0.340563,
		1,
	},
	[0.75] = {
		-0.439444,
		0.771536,
		0.460024,
		0,
		0.378066,
		0.623413,
		-0.684414,
		0,
		-0.814835,
		-0.126842,
		-0.565646,
		0,
		-0.231778,
		0.387137,
		-0.339761,
		1,
	},
	[0.7666666666666667] = {
		-0.448627,
		0.762645,
		0.465946,
		0,
		0.36232,
		0.631793,
		-0.685245,
		0,
		-0.816981,
		-0.138598,
		-0.559761,
		0,
		-0.240102,
		0.386708,
		-0.338682,
		1,
	},
	[0.7833333333333333] = {
		-0.456412,
		0.753885,
		0.472595,
		0,
		0.347816,
		0.640048,
		-0.685101,
		0,
		-0.81897,
		-0.148312,
		-0.554339,
		0,
		-0.247665,
		0.386526,
		-0.336929,
		1,
	},
	[0.7] = {
		-0.408555,
		0.796986,
		0.444855,
		0,
		0.424959,
		0.597435,
		-0.68006,
		0,
		-0.80777,
		-0.088797,
		-0.582771,
		0,
		-0.20608,
		0.388164,
		-0.34144,
		1,
	},
}

return spline_matrices
