-- chunkname: @content/characters/player/human/first_person/animations/dual_shivs/attack_swing_up_diagonal_rhand.lua

local spline_matrices = {
	[0.016666666666666666] = {
		-0.471305,
		-0.449841,
		-0.758627,
		0,
		-0.728575,
		0.683321,
		0.047448,
		0,
		0.497041,
		0.575079,
		-0.649796,
		0,
		0.13216,
		0.386405,
		-0.114073,
		1,
	},
	[0.03333333333333333] = {
		-0.499732,
		-0.483963,
		-0.718365,
		0,
		-0.692511,
		0.721395,
		-0.004258,
		0,
		0.520285,
		0.495347,
		-0.695654,
		0,
		0.128258,
		0.373815,
		-0.128522,
		1,
	},
	[0.05] = {
		-0.561397,
		-0.506574,
		-0.654383,
		0,
		-0.647471,
		0.761336,
		-0.033902,
		0,
		0.515379,
		0.404661,
		-0.755403,
		0,
		0.122116,
		0.360557,
		-0.142561,
		1,
	},
	[0.06666666666666667] = {
		-0.625335,
		-0.505566,
		-0.59444,
		0,
		-0.61014,
		0.791669,
		-0.031456,
		0,
		0.486502,
		0.343021,
		-0.803525,
		0,
		0.114307,
		0.354694,
		-0.151251,
		1,
	},
	[0.08333333333333333] = {
		-0.667372,
		-0.500407,
		-0.551551,
		0,
		-0.59708,
		0.802164,
		-0.00532,
		0,
		0.445096,
		0.325769,
		-0.834124,
		0,
		0.105916,
		0.365318,
		-0.151295,
		1,
	},
	[0] = {
		-0.474278,
		-0.424432,
		-0.771309,
		0,
		-0.743106,
		0.662789,
		0.092219,
		0,
		0.472075,
		0.616902,
		-0.629744,
		0,
		0.133493,
		0.391701,
		-0.10605,
		1,
	},
	[0.11666666666666667] = {
		-0.682779,
		-0.558258,
		-0.47134,
		0,
		-0.672277,
		0.732659,
		0.106088,
		0,
		0.286107,
		0.389306,
		-0.875548,
		0,
		0.03575,
		0.525571,
		-0.11405,
		1,
	},
	[0.13333333333333333] = {
		-0.710285,
		-0.516804,
		-0.47792,
		0,
		-0.690248,
		0.644493,
		0.328917,
		0,
		0.138031,
		0.563509,
		-0.814497,
		0,
		0.011676,
		0.554773,
		-0.073899,
		1,
	},
	[0.15] = {
		-0.80654,
		-0.415826,
		-0.420217,
		0,
		-0.590983,
		0.548756,
		0.591275,
		0,
		-0.01527,
		0.725228,
		-0.68834,
		0,
		0.010377,
		0.569976,
		-0.031181,
		1,
	},
	[0.16666666666666666] = {
		-0.903147,
		-0.347714,
		-0.251836,
		0,
		-0.39028,
		0.42049,
		0.819066,
		0,
		-0.178906,
		0.838023,
		-0.515471,
		0,
		0.018243,
		0.556499,
		0.00359,
		1,
	},
	[0.18333333333333332] = {
		-0.937577,
		-0.337766,
		-0.082851,
		0,
		-0.176167,
		0.255852,
		0.950529,
		0,
		-0.299858,
		0.905789,
		-0.299384,
		0,
		0.04472,
		0.524371,
		0.030474,
		1,
	},
	[0.1] = {
		-0.688224,
		-0.53104,
		-0.494312,
		0,
		-0.624314,
		0.780571,
		0.030656,
		0,
		0.369566,
		0.329705,
		-0.868744,
		0,
		0.078899,
		0.443043,
		-0.138876,
		1,
	},
	[0.21666666666666667] = {
		-0.96428,
		-0.244126,
		-0.102792,
		0,
		-0.058596,
		-0.181854,
		0.981578,
		0,
		-0.258322,
		0.952539,
		0.161054,
		0,
		0.092678,
		0.434577,
		0.120111,
		1,
	},
	[0.23333333333333334] = {
		-0.992981,
		-0.082715,
		0.084535,
		0,
		0.111169,
		-0.408813,
		0.905822,
		0,
		-0.040366,
		0.908862,
		0.415139,
		0,
		0.195489,
		0.317799,
		0.118439,
		1,
	},
	[0.25] = {
		-0.836223,
		0.548344,
		0.007025,
		0,
		-0.383975,
		-0.594611,
		0.7064,
		0,
		0.391527,
		0.588011,
		0.707778,
		0,
		0.268952,
		0.140957,
		0.114407,
		1,
	},
	[0.26666666666666666] = {
		-0.84584,
		0.515355,
		0.13771,
		0,
		-0.284248,
		-0.653891,
		0.701163,
		0,
		0.451395,
		0.553928,
		0.699575,
		0,
		0.285921,
		0.133065,
		0.113122,
		1,
	},
	[0.2833333333333333] = {
		-0.828908,
		0.507542,
		0.235184,
		0,
		-0.215273,
		-0.677486,
		0.703328,
		0,
		0.516303,
		0.532366,
		0.670834,
		0,
		0.302344,
		0.129473,
		0.112978,
		1,
	},
	[0.2] = {
		-0.943393,
		-0.330504,
		0.027872,
		0,
		-0.006047,
		0.10116,
		0.994852,
		0,
		-0.331622,
		0.938368,
		-0.097432,
		0,
		0.06978,
		0.486038,
		0.056239,
		1,
	},
	[0.31666666666666665] = {
		-0.738865,
		0.602531,
		0.30172,
		0,
		-0.175888,
		-0.604675,
		0.776808,
		0,
		0.650494,
		0.520888,
		0.552751,
		0,
		0.330943,
		0.136358,
		0.118079,
		1,
	},
	[0.3333333333333333] = {
		-0.688562,
		0.66087,
		0.298552,
		0,
		-0.162566,
		-0.541887,
		0.824579,
		0,
		0.706721,
		0.51924,
		0.480557,
		0,
		0.345463,
		0.13779,
		0.120787,
		1,
	},
	[0.35] = {
		-0.643588,
		0.711183,
		0.282865,
		0,
		-0.143481,
		-0.475135,
		0.868136,
		0,
		0.751803,
		0.518136,
		0.407832,
		0,
		0.360292,
		0.130265,
		0.122229,
		1,
	},
	[0.36666666666666664] = {
		-0.607626,
		0.748305,
		0.266138,
		0,
		-0.117708,
		-0.416239,
		0.901604,
		0,
		0.785452,
		0.516512,
		0.341,
		0,
		0.375133,
		0.11441,
		0.12177,
		1,
	},
	[0.38333333333333336] = {
		-0.566469,
		0.786365,
		0.24646,
		0,
		-0.099221,
		-0.361978,
		0.926891,
		0,
		0.818088,
		0.500601,
		0.283074,
		0,
		0.385489,
		0.095132,
		0.120465,
		1,
	},
	[0.3] = {
		-0.788131,
		0.546713,
		0.282762,
		0,
		-0.189709,
		-0.652796,
		0.733395,
		0,
		0.585542,
		0.524369,
		0.618205,
		0,
		0.316653,
		0.131405,
		0.115136,
		1,
	},
	[0.4166666666666667] = {
		-0.447506,
		0.877467,
		0.172597,
		0,
		-0.089315,
		-0.235889,
		0.967667,
		0,
		0.88981,
		0.417622,
		0.183932,
		0,
		0.394524,
		0.062423,
		0.118691,
		1,
	},
	[0.43333333333333335] = {
		-0.370058,
		0.922056,
		0.113445,
		0,
		-0.087,
		-0.155974,
		0.983922,
		0,
		0.924926,
		0.354239,
		0.137939,
		0,
		0.39734,
		0.055135,
		0.117776,
		1,
	},
	[0.45] = {
		-0.28303,
		0.958219,
		0.041344,
		0,
		-0.077787,
		-0.065897,
		0.99479,
		0,
		0.955951,
		0.27834,
		0.093188,
		0,
		0.401863,
		0.056952,
		0.116128,
		1,
	},
	[0.4666666666666667] = {
		-0.193828,
		0.98027,
		-0.038761,
		0,
		-0.06571,
		0.026449,
		0.997488,
		0,
		0.978832,
		0.195888,
		0.059287,
		0,
		0.407343,
		0.066951,
		0.113819,
		1,
	},
	[0.48333333333333334] = {
		-0.108263,
		0.986973,
		-0.119014,
		0,
		-0.053026,
		0.113814,
		0.992086,
		0,
		0.992707,
		0.113717,
		0.040014,
		0,
		0.41317,
		0.079032,
		0.111221,
		1,
	},
	[0.4] = {
		-0.513363,
		0.830181,
		0.21739,
		0,
		-0.091007,
		-0.304554,
		0.948137,
		0,
		0.853332,
		0.466955,
		0.231899,
		0,
		0.391308,
		0.076651,
		0.119401,
		1,
	},
	[0.5166666666666667] = {
		0.036051,
		0.96205,
		-0.270481,
		0,
		0.001289,
		0.270612,
		0.962688,
		0,
		0.999349,
		-0.035054,
		0.008515,
		0,
		0.433648,
		0.100619,
		0.103436,
		1,
	},
	[0.5333333333333333] = {
		0.075077,
		0.934748,
		-0.34729,
		0,
		0.049264,
		0.34437,
		0.93754,
		0,
		0.99596,
		-0.087496,
		-0.020196,
		0,
		0.451354,
		0.119195,
		0.095447,
		1,
	},
	[0.55] = {
		0.088627,
		0.899535,
		-0.427764,
		0,
		0.113389,
		0.417551,
		0.901551,
		0,
		0.98959,
		-0.128405,
		-0.064992,
		0,
		0.474279,
		0.145135,
		0.082581,
		1,
	},
	[0.5666666666666667] = {
		0.072346,
		0.856713,
		-0.510695,
		0,
		0.193507,
		0.49025,
		0.849829,
		0,
		0.978428,
		-0.160305,
		-0.130312,
		0,
		0.501299,
		0.176483,
		0.062911,
		1,
	},
	[0.5833333333333334] = {
		0.025474,
		0.806097,
		-0.591235,
		0,
		0.280955,
		0.561815,
		0.778092,
		0,
		0.959383,
		-0.185931,
		-0.212166,
		0,
		0.529003,
		0.21025,
		0.035944,
		1,
	},
	[0.5] = {
		-0.028136,
		0.980266,
		-0.195671,
		0,
		-0.032243,
		0.194756,
		0.980322,
		0,
		0.999084,
		0.033891,
		0.026127,
		0,
		0.421283,
		0.088692,
		0.108124,
		1,
	},
	[0.6166666666666667] = {
		-0.131012,
		0.676177,
		-0.724997,
		0,
		0.436908,
		0.695832,
		0.570025,
		0,
		0.889914,
		-0.242077,
		-0.38659,
		0,
		0.572834,
		0.279203,
		-0.036171,
		1,
	},
	[0.6333333333333333] = {
		-0.223449,
		0.598145,
		-0.769606,
		0,
		0.491175,
		0.751091,
		0.441146,
		0,
		0.841913,
		-0.279437,
		-0.461624,
		0,
		0.584833,
		0.310423,
		-0.077354,
		1,
	},
	[0.65] = {
		-0.314394,
		0.515596,
		-0.797068,
		0,
		0.526434,
		0.793403,
		0.30558,
		0,
		0.789952,
		-0.323531,
		-0.520868,
		0,
		0.589631,
		0.336916,
		-0.118572,
		1,
	},
	[0.6666666666666666] = {
		-0.394356,
		0.433326,
		-0.810378,
		0,
		0.545494,
		0.820056,
		0.173046,
		0,
		0.73954,
		-0.373814,
		-0.559771,
		0,
		0.589268,
		0.357349,
		-0.157396,
		1,
	},
	[0.6833333333333333] = {
		-0.4562,
		0.355327,
		-0.815858,
		0,
		0.554112,
		0.830816,
		0.052001,
		0,
		0.696306,
		-0.428353,
		-0.57591,
		0,
		0.586699,
		0.371091,
		-0.192061,
		1,
	},
	[0.6] = {
		-0.04509,
		0.746051,
		-0.66436,
		0,
		0.365021,
		0.631356,
		0.684214,
		0,
		0.929907,
		-0.211655,
		-0.300792,
		0,
		0.553748,
		0.245116,
		0.002376,
		1,
	},
	[0.7166666666666667] = {
		-0.521849,
		0.21809,
		-0.824688,
		0,
		0.562927,
		0.814419,
		-0.140836,
		0,
		0.640926,
		-0.537734,
		-0.547773,
		0,
		0.583138,
		0.378643,
		-0.246439,
		1,
	},
	[0.7333333333333333] = {
		-0.526517,
		0.156984,
		-0.835545,
		0,
		0.571952,
		0.79255,
		-0.211508,
		0,
		0.629008,
		-0.589254,
		-0.507079,
		0,
		0.585518,
		0.372865,
		-0.266526,
		1,
	},
	[0.75] = {
		-0.5131,
		0.09706,
		-0.852824,
		0,
		0.587559,
		0.764019,
		-0.26655,
		0,
		0.625702,
		-0.637851,
		-0.449047,
		0,
		0.592199,
		0.360787,
		-0.282542,
		1,
	},
	[0.7666666666666667] = {
		-0.481211,
		0.03403,
		-0.875944,
		0,
		0.610533,
		0.730051,
		-0.307042,
		0,
		0.629036,
		-0.682545,
		-0.372085,
		0,
		0.60365,
		0.342271,
		-0.29458,
		1,
	},
	[0.7833333333333333] = {
		-0.442105,
		-0.053924,
		-0.895341,
		0,
		0.577908,
		0.746271,
		-0.330307,
		0,
		0.685978,
		-0.663455,
		-0.298767,
		0,
		0.597469,
		0.339406,
		-0.304711,
		1,
	},
	[0.7] = {
		-0.498628,
		0.283595,
		-0.819112,
		0,
		0.558225,
		0.827986,
		-0.053148,
		0,
		0.66314,
		-0.48375,
		-0.571167,
		0,
		0.584032,
		0.378115,
		-0.221754,
		1,
	},
}

return spline_matrices
