-- chunkname: @content/characters/player/human/first_person/animations/dual_shivs/attack_swing_right_hit_01.lua

local spline_matrices = {
	[0.016666666666666666] = {
		-0.209585,
		0.382727,
		-0.899775,
		0,
		-0.552632,
		0.712777,
		0.43191,
		0,
		0.806642,
		0.587766,
		0.06212,
		0,
		-0.01338,
		0.588566,
		-0.023101,
		1,
	},
	[0.03333333333333333] = {
		-0.248847,
		0.375997,
		-0.892581,
		0,
		-0.487796,
		0.747505,
		0.450879,
		0,
		0.836738,
		0.547597,
		-0.002605,
		0,
		0.002508,
		0.591803,
		-0.021425,
		1,
	},
	[0.05] = {
		-0.2655,
		0.373086,
		-0.888998,
		0,
		-0.461005,
		0.760716,
		0.45693,
		0,
		0.846749,
		0.531147,
		-0.029976,
		0,
		0.008334,
		0.592649,
		-0.021564,
		1,
	},
	[0.06666666666666667] = {
		-0.264652,
		0.371724,
		-0.889821,
		0,
		-0.465682,
		0.758741,
		0.455469,
		0,
		0.844452,
		0.534915,
		-0.027697,
		0,
		0.005739,
		0.591676,
		-0.023298,
		1,
	},
	[0.08333333333333333] = {
		-0.250985,
		0.371774,
		-0.893751,
		0,
		-0.493084,
		0.745435,
		0.448548,
		0,
		0.832991,
		0.553273,
		-0.003778,
		0,
		-0.002773,
		0.589472,
		-0.025949,
		1,
	},
	[0] = {
		-0.143846,
		0.398578,
		-0.905784,
		0,
		-0.657097,
		0.64593,
		0.388585,
		0,
		0.739954,
		0.651084,
		0.16899,
		0,
		-0.040495,
		0.581855,
		-0.026873,
		1,
	},
	[0.11666666666666667] = {
		-0.204027,
		0.377479,
		-0.903262,
		0,
		-0.57864,
		0.697743,
		0.422293,
		0,
		0.789651,
		0.608823,
		0.076066,
		0,
		-0.027257,
		0.583371,
		-0.031517,
		1,
	},
	[0.13333333333333333] = {
		-0.180381,
		0.382352,
		-0.906239,
		0,
		-0.619221,
		0.671713,
		0.406655,
		0,
		0.764218,
		0.634515,
		0.115597,
		0,
		-0.03864,
		0.580421,
		-0.033672,
		1,
	},
	[0.15] = {
		-0.162979,
		0.38652,
		-0.907767,
		0,
		-0.648317,
		0.651593,
		0.393841,
		0,
		0.743722,
		0.652709,
		0.144392,
		0,
		-0.047024,
		0.578029,
		-0.03541,
		1,
	},
	[0.16666666666666666] = {
		-0.156177,
		0.388075,
		-0.908299,
		0,
		-0.659453,
		0.643643,
		0.388389,
		0,
		0.735344,
		0.659637,
		0.155395,
		0,
		-0.050401,
		0.576913,
		-0.036373,
		1,
	},
	[0.18333333333333332] = {
		-0.160214,
		0.371517,
		-0.914498,
		0,
		-0.680053,
		0.629963,
		0.375065,
		0,
		0.715443,
		0.681998,
		0.151723,
		0,
		-0.061064,
		0.573826,
		-0.046166,
		1,
	},
	[0.1] = {
		-0.229195,
		0.373651,
		-0.898807,
		0,
		-0.533809,
		0.723898,
		0.437058,
		0,
		0.813952,
		0.579963,
		0.033544,
		0,
		-0.014623,
		0.586516,
		-0.028895,
		1,
	},
	[0.21666666666666667] = {
		-0.185329,
		0.254438,
		-0.949165,
		0,
		-0.805385,
		0.514093,
		0.295065,
		0,
		0.563035,
		0.819128,
		0.109644,
		0,
		-0.129153,
		0.540986,
		-0.108913,
		1,
	},
	[0.23333333333333334] = {
		-0.199733,
		0.163047,
		-0.96619,
		0,
		-0.878607,
		0.406718,
		0.250263,
		0,
		0.433771,
		0.898886,
		0.062019,
		0,
		-0.173739,
		0.503239,
		-0.150795,
		1,
	},
	[0.25] = {
		-0.210248,
		0.05931,
		-0.975847,
		0,
		-0.93742,
		0.271151,
		0.218449,
		0,
		0.277558,
		0.960708,
		-0.00141,
		0,
		-0.21551,
		0.449937,
		-0.190376,
		1,
	},
	[0.26666666666666666] = {
		-0.214172,
		-0.046407,
		-0.975693,
		0,
		-0.970723,
		0.121319,
		0.207311,
		0,
		0.108749,
		0.991528,
		-0.071032,
		0,
		-0.248079,
		0.386,
		-0.221598,
		1,
	},
	[0.2833333333333333] = {
		-0.211199,
		-0.142932,
		-0.966936,
		0,
		-0.975983,
		-0.023206,
		0.216605,
		0,
		-0.053398,
		0.98946,
		-0.134599,
		0,
		-0.268175,
		0.320411,
		-0.241672,
		1,
	},
	[0.2] = {
		-0.170909,
		0.325644,
		-0.929917,
		0,
		-0.733634,
		0.587952,
		0.340726,
		0,
		0.657702,
		0.740452,
		0.138417,
		0,
		-0.089264,
		0.563284,
		-0.071936,
		1,
	},
	[0.31666666666666665] = {
		-0.196032,
		-0.271321,
		-0.942314,
		0,
		-0.939772,
		-0.222409,
		0.259542,
		0,
		-0.279999,
		0.93644,
		-0.211381,
		0,
		-0.2781,
		0.22428,
		-0.255133,
		1,
	},
	[0.3333333333333333] = {
		-0.192572,
		-0.289688,
		-0.937548,
		0,
		-0.929984,
		-0.250994,
		0.268572,
		0,
		-0.313121,
		0.923625,
		-0.221071,
		0,
		-0.277649,
		0.20984,
		-0.255841,
		1,
	},
	[0.35] = {
		-0.192399,
		-0.28972,
		-0.937574,
		0,
		-0.930113,
		-0.250751,
		0.268352,
		0,
		-0.312844,
		0.923681,
		-0.221228,
		0,
		-0.277575,
		0.209841,
		-0.255972,
		1,
	},
	[0.36666666666666664] = {
		-0.192211,
		-0.289714,
		-0.937615,
		0,
		-0.930255,
		-0.250495,
		0.268102,
		0,
		-0.31254,
		0.923752,
		-0.22136,
		0,
		-0.277471,
		0.209878,
		-0.256083,
		1,
	},
	[0.38333333333333336] = {
		-0.192006,
		-0.289666,
		-0.937671,
		0,
		-0.93041,
		-0.250223,
		0.267818,
		0,
		-0.312205,
		0.923841,
		-0.221464,
		0,
		-0.277334,
		0.209954,
		-0.256172,
		1,
	},
	[0.3] = {
		-0.203734,
		-0.220408,
		-0.953894,
		0,
		-0.960657,
		-0.142851,
		0.238185,
		0,
		-0.188763,
		0.964891,
		-0.182633,
		0,
		-0.276719,
		0.263485,
		-0.251659,
		1,
	},
	[0.4166666666666667] = {
		-0.191426,
		-0.289232,
		-0.937924,
		0,
		-0.930851,
		-0.249527,
		0.266931,
		0,
		-0.311243,
		0.924165,
		-0.221466,
		0,
		-0.276758,
		0.21044,
		-0.256178,
		1,
	},
	[0.43333333333333335] = {
		-0.191015,
		-0.288768,
		-0.938151,
		0,
		-0.931165,
		-0.249074,
		0.266259,
		0,
		-0.310556,
		0.924432,
		-0.221313,
		0,
		-0.27625,
		0.210928,
		-0.256052,
		1,
	},
	[0.45] = {
		-0.190511,
		-0.288101,
		-0.938458,
		0,
		-0.931549,
		-0.248544,
		0.265409,
		0,
		-0.309712,
		0.924783,
		-0.22103,
		0,
		-0.275564,
		0.211615,
		-0.255813,
		1,
	},
	[0.4666666666666667] = {
		-0.189922,
		-0.287231,
		-0.938844,
		0,
		-0.931997,
		-0.247947,
		0.264394,
		0,
		-0.308726,
		0.925214,
		-0.220607,
		0,
		-0.274707,
		0.212498,
		-0.255455,
		1,
	},
	[0.48333333333333334] = {
		-0.189288,
		-0.286215,
		-0.939282,
		0,
		-0.932478,
		-0.247322,
		0.26328,
		0,
		-0.30766,
		0.925696,
		-0.220074,
		0,
		-0.273733,
		0.21352,
		-0.255001,
		1,
	},
	[0.4] = {
		-0.191752,
		-0.28952,
		-0.937768,
		0,
		-0.930603,
		-0.249907,
		0.267442,
		0,
		-0.311784,
		0.923972,
		-0.221508,
		0,
		-0.27711,
		0.210126,
		-0.256212,
		1,
	},
	[0.5166666666666667] = {
		-0.188095,
		-0.284152,
		-0.940148,
		0,
		-0.933379,
		-0.246183,
		0.261148,
		0,
		-0.305654,
		0.926635,
		-0.218915,
		0,
		-0.271806,
		0.215572,
		-0.254011,
		1,
	},
	[0.5333333333333333] = {
		-0.187603,
		-0.283256,
		-0.940517,
		0,
		-0.933749,
		-0.245721,
		0.260257,
		0,
		-0.304824,
		0.927031,
		-0.218391,
		0,
		-0.270982,
		0.216456,
		-0.253562,
		1,
	},
	[0.55] = {
		-0.187187,
		-0.28248,
		-0.940832,
		0,
		-0.934061,
		-0.245335,
		0.259501,
		0,
		-0.304123,
		0.92737,
		-0.217931,
		0,
		-0.270276,
		0.217218,
		-0.253165,
		1,
	},
	[0.5666666666666667] = {
		-0.186838,
		-0.28182,
		-0.9411,
		0,
		-0.934322,
		-0.245013,
		0.258864,
		0,
		-0.303535,
		0.927656,
		-0.217533,
		0,
		-0.269676,
		0.217866,
		-0.252822,
		1,
	},
	[0.5833333333333334] = {
		-0.186547,
		-0.281261,
		-0.941325,
		0,
		-0.93454,
		-0.244745,
		0.258331,
		0,
		-0.303043,
		0.927897,
		-0.217193,
		0,
		-0.269171,
		0.218412,
		-0.252529,
		1,
	},
	[0.5] = {
		-0.188664,
		-0.285156,
		-0.93973,
		0,
		-0.93295,
		-0.246721,
		0.262169,
		0,
		-0.30661,
		0.926183,
		-0.219489,
		0,
		-0.272737,
		0.214576,
		-0.254502,
		1,
	},
	[0.6166666666666667] = {
		-0.186101,
		-0.280392,
		-0.941672,
		0,
		-0.934873,
		-0.244338,
		0.257511,
		0,
		-0.302291,
		0.928267,
		-0.216659,
		0,
		-0.26839,
		0.219259,
		-0.252067,
		1,
	},
	[0.6333333333333333] = {
		-0.185933,
		-0.280059,
		-0.941805,
		0,
		-0.934998,
		-0.244185,
		0.257201,
		0,
		-0.302006,
		0.928407,
		-0.216453,
		0,
		-0.268092,
		0.219583,
		-0.251888,
		1,
	},
	[0.65] = {
		-0.185793,
		-0.279782,
		-0.941914,
		0,
		-0.935102,
		-0.244059,
		0.256944,
		0,
		-0.301771,
		0.928524,
		-0.216281,
		0,
		-0.267844,
		0.219852,
		-0.251739,
		1,
	},
	[0.6666666666666666] = {
		-0.185679,
		-0.279554,
		-0.942005,
		0,
		-0.935187,
		-0.243955,
		0.256732,
		0,
		-0.301578,
		0.92862,
		-0.216138,
		0,
		-0.26764,
		0.220074,
		-0.251615,
		1,
	},
	[0.6833333333333333] = {
		-0.185586,
		-0.279368,
		-0.942078,
		0,
		-0.935256,
		-0.243872,
		0.256561,
		0,
		-0.301421,
		0.928698,
		-0.216021,
		0,
		-0.267475,
		0.220254,
		-0.251514,
		1,
	},
	[0.6] = {
		-0.186304,
		-0.280789,
		-0.941514,
		0,
		-0.934721,
		-0.244523,
		0.257884,
		0,
		-0.302633,
		0.928098,
		-0.216904,
		0,
		-0.268746,
		0.218873,
		-0.252279,
		1,
	},
	[0.7166666666666667] = {
		-0.185456,
		-0.279105,
		-0.942182,
		0,
		-0.935352,
		-0.243755,
		0.25632,
		0,
		-0.301202,
		0.928808,
		-0.215856,
		0,
		-0.267241,
		0.220509,
		-0.25137,
		1,
	},
	[0.7333333333333333] = {
		-0.185415,
		-0.279021,
		-0.942215,
		0,
		-0.935383,
		-0.243717,
		0.256243,
		0,
		-0.301131,
		0.928843,
		-0.215802,
		0,
		-0.267166,
		0.22059,
		-0.251324,
		1,
	},
	[0.75] = {
		-0.185387,
		-0.278963,
		-0.942237,
		0,
		-0.935404,
		-0.243692,
		0.256191,
		0,
		-0.301084,
		0.928867,
		-0.215766,
		0,
		-0.267115,
		0.220646,
		-0.251292,
		1,
	},
	[0.7666666666666667] = {
		-0.18537,
		-0.27893,
		-0.94225,
		0,
		-0.935416,
		-0.243678,
		0.256161,
		0,
		-0.301056,
		0.928881,
		-0.215745,
		0,
		-0.267086,
		0.220678,
		-0.251274,
		1,
	},
	[0.7833333333333333] = {
		-0.185365,
		-0.27892,
		-0.942254,
		0,
		-0.93542,
		-0.243673,
		0.256151,
		0,
		-0.301048,
		0.928885,
		-0.215738,
		0,
		-0.267076,
		0.220688,
		-0.251268,
		1,
	},
	[0.7] = {
		-0.185513,
		-0.27922,
		-0.942137,
		0,
		-0.93531,
		-0.243806,
		0.256425,
		0,
		-0.301297,
		0.92876,
		-0.215928,
		0,
		-0.267343,
		0.220397,
		-0.251433,
		1,
	},
	[0.8166666666666667] = {
		-0.185365,
		-0.27892,
		-0.942254,
		0,
		-0.93542,
		-0.243673,
		0.256151,
		0,
		-0.301048,
		0.928885,
		-0.215738,
		0,
		-0.267076,
		0.220688,
		-0.251268,
		1,
	},
	[0.8333333333333334] = {
		-0.185365,
		-0.27892,
		-0.942254,
		0,
		-0.93542,
		-0.243673,
		0.256151,
		0,
		-0.301048,
		0.928885,
		-0.215738,
		0,
		-0.267076,
		0.220688,
		-0.251268,
		1,
	},
	[0.85] = {
		-0.185365,
		-0.27892,
		-0.942254,
		0,
		-0.93542,
		-0.243673,
		0.256151,
		0,
		-0.301048,
		0.928885,
		-0.215738,
		0,
		-0.267076,
		0.220688,
		-0.251268,
		1,
	},
	[0.8666666666666667] = {
		-0.185365,
		-0.27892,
		-0.942254,
		0,
		-0.93542,
		-0.243673,
		0.256151,
		0,
		-0.301048,
		0.928885,
		-0.215738,
		0,
		-0.267076,
		0.220688,
		-0.251268,
		1,
	},
	[0.8833333333333333] = {
		-0.185365,
		-0.27892,
		-0.942254,
		0,
		-0.93542,
		-0.243673,
		0.256151,
		0,
		-0.301048,
		0.928885,
		-0.215738,
		0,
		-0.267076,
		0.220689,
		-0.251268,
		1,
	},
	[0.8] = {
		-0.185365,
		-0.27892,
		-0.942254,
		0,
		-0.93542,
		-0.243673,
		0.256151,
		0,
		-0.301048,
		0.928885,
		-0.215738,
		0,
		-0.267076,
		0.220688,
		-0.251268,
		1,
	},
	[0.9166666666666666] = {
		-0.185365,
		-0.27892,
		-0.942254,
		0,
		-0.93542,
		-0.243673,
		0.256151,
		0,
		-0.301048,
		0.928885,
		-0.215738,
		0,
		-0.267076,
		0.220689,
		-0.251268,
		1,
	},
	[0.9333333333333333] = {
		-0.185365,
		-0.27892,
		-0.942254,
		0,
		-0.93542,
		-0.243673,
		0.256151,
		0,
		-0.301048,
		0.928885,
		-0.215738,
		0,
		-0.267076,
		0.220689,
		-0.251268,
		1,
	},
	[0.95] = {
		-0.185365,
		-0.27892,
		-0.942254,
		0,
		-0.93542,
		-0.243673,
		0.256151,
		0,
		-0.301048,
		0.928885,
		-0.215738,
		0,
		-0.267076,
		0.220689,
		-0.251268,
		1,
	},
	[0.9666666666666667] = {
		-0.185365,
		-0.27892,
		-0.942254,
		0,
		-0.93542,
		-0.243673,
		0.256151,
		0,
		-0.301048,
		0.928885,
		-0.215738,
		0,
		-0.267076,
		0.220688,
		-0.251268,
		1,
	},
	[0.9833333333333333] = {
		-0.185365,
		-0.27892,
		-0.942254,
		0,
		-0.93542,
		-0.243673,
		0.256151,
		0,
		-0.301048,
		0.928885,
		-0.215738,
		0,
		-0.267076,
		0.220688,
		-0.251268,
		1,
	},
	[0.9] = {
		-0.185365,
		-0.27892,
		-0.942254,
		0,
		-0.93542,
		-0.243673,
		0.256151,
		0,
		-0.301048,
		0.928885,
		-0.215738,
		0,
		-0.267076,
		0.220689,
		-0.251268,
		1,
	},
	[1.0166666666666666] = {
		-0.185365,
		-0.27892,
		-0.942254,
		0,
		-0.93542,
		-0.243673,
		0.256151,
		0,
		-0.301048,
		0.928885,
		-0.215738,
		0,
		-0.267076,
		0.220688,
		-0.251268,
		1,
	},
	[1.0333333333333334] = {
		-0.185365,
		-0.27892,
		-0.942254,
		0,
		-0.93542,
		-0.243673,
		0.256151,
		0,
		-0.301048,
		0.928885,
		-0.215738,
		0,
		-0.267076,
		0.220688,
		-0.251268,
		1,
	},
	[1.05] = {
		-0.185365,
		-0.27892,
		-0.942254,
		0,
		-0.93542,
		-0.243673,
		0.256151,
		0,
		-0.301048,
		0.928885,
		-0.215738,
		0,
		-0.267076,
		0.220688,
		-0.251268,
		1,
	},
	{
		-0.185365,
		-0.27892,
		-0.942254,
		0,
		-0.93542,
		-0.243673,
		0.256151,
		0,
		-0.301048,
		0.928885,
		-0.215738,
		0,
		-0.267076,
		0.220688,
		-0.251268,
		1,
	},
}

return spline_matrices
