-- chunkname: @content/characters/player/human/first_person/animations/dual_shivs/attack_swing_up_diagonal_lhand_offhand_sweep.lua

local spline_matrices = {
	[0.016666666666666666] = {
		0.739717,
		-0.527803,
		-0.417425,
		0,
		-0.491702,
		-0.000459,
		-0.870763,
		0,
		0.4594,
		0.849367,
		-0.259861,
		0,
		0.312079,
		0.229585,
		-0.335757,
		1,
	},
	[0.03333333333333333] = {
		0.754001,
		-0.491776,
		-0.435475,
		0,
		-0.500905,
		-0.001584,
		-0.865501,
		0,
		0.424942,
		0.87072,
		-0.247528,
		0,
		0.310314,
		0.245955,
		-0.331426,
		1,
	},
	[0.05] = {
		0.772051,
		-0.436924,
		-0.461556,
		0,
		-0.514369,
		-0.00299,
		-0.857563,
		0,
		0.37331,
		0.899493,
		-0.227049,
		0,
		0.307058,
		0.270832,
		-0.321826,
		1,
	},
	[0.06666666666666667] = {
		0.789093,
		-0.367733,
		-0.492041,
		0,
		-0.530557,
		-0.00431,
		-0.847639,
		0,
		0.309584,
		0.929921,
		-0.198504,
		0,
		0.301468,
		0.302515,
		-0.30472,
		1,
	},
	[0.08333333333333333] = {
		0.801507,
		-0.289485,
		-0.523244,
		0,
		-0.547965,
		-0.005224,
		-0.836485,
		0,
		0.239416,
		0.957168,
		-0.162815,
		0,
		0.29211,
		0.339679,
		-0.27757,
		1,
	},
	[0] = {
		0.734047,
		-0.540811,
		-0.410729,
		0,
		-0.488298,
		0,
		-0.872677,
		0,
		0.471953,
		0.841144,
		-0.264077,
		0,
		0.312685,
		0.223709,
		-0.336797,
		1,
	},
	[0.11666666666666667] = {
		0.807383,
		-0.130872,
		-0.575331,
		0,
		-0.580853,
		-0.005013,
		-0.813993,
		0,
		0.103644,
		0.991387,
		-0.080065,
		0,
		0.252517,
		0.424052,
		-0.211268,
		1,
	},
	[0.13333333333333333] = {
		0.803074,
		-0.064637,
		-0.592364,
		0,
		-0.593819,
		-0.004204,
		-0.804588,
		0,
		0.049516,
		0.9979,
		-0.041759,
		0,
		0.216923,
		0.465635,
		-0.18309,
		1,
	},
	[0.15] = {
		0.79783,
		-0.017667,
		-0.602624,
		0,
		-0.60276,
		-0.00325,
		-0.797916,
		0,
		0.012138,
		0.999839,
		-0.013242,
		0,
		0.170279,
		0.499744,
		-0.160676,
		1,
	},
	[0.16666666666666666] = {
		0.795152,
		0.002282,
		-0.606406,
		0,
		-0.606401,
		-0.002283,
		-0.795155,
		0,
		-0.0032,
		0.999995,
		-0.000432,
		0,
		0.110071,
		0.539988,
		-0.088614,
		1,
	},
	[0.18333333333333332] = {
		0.846058,
		0.06765,
		-0.528782,
		0,
		-0.530561,
		0.010321,
		-0.847584,
		0,
		-0.051882,
		0.997656,
		0.044625,
		0,
		0.0434,
		0.562292,
		-0.044493,
		1,
	},
	[0.1] = {
		0.807518,
		-0.208339,
		-0.551823,
		0,
		-0.565156,
		-0.005462,
		-0.824966,
		0,
		0.168859,
		0.978041,
		-0.122155,
		0,
		0.278779,
		0.379957,
		-0.242495,
		1,
	},
	[0.21666666666666667] = {
		0.921805,
		0.382572,
		-0.062569,
		0,
		-0.096131,
		0.069233,
		-0.992958,
		0,
		-0.375547,
		0.921328,
		0.100596,
		0,
		-0.183052,
		0.538555,
		0.016566,
		1,
	},
	[0.23333333333333334] = {
		0.85058,
		0.508769,
		0.132923,
		0,
		0.102958,
		0.086757,
		-0.990895,
		0,
		-0.515669,
		0.85652,
		0.021412,
		0,
		-0.277888,
		0.517216,
		0.012853,
		1,
	},
	[0.25] = {
		0.807901,
		0.553867,
		0.201314,
		0,
		0.183797,
		0.087755,
		-0.979039,
		0,
		-0.559924,
		0.827967,
		-0.030901,
		0,
		-0.445902,
		0.490812,
		-0.00352,
		1,
	},
	[0.26666666666666666] = {
		0.810746,
		0.550244,
		0.199806,
		0,
		0.183717,
		0.084914,
		-0.979305,
		0,
		-0.555823,
		0.830675,
		-0.032245,
		0,
		-0.614287,
		0.409999,
		-0.063227,
		1,
	},
	[0.2833333333333333] = {
		0.809759,
		0.551181,
		0.20122,
		0,
		0.184823,
		0.085878,
		-0.979012,
		0,
		-0.556894,
		0.829954,
		-0.03233,
		0,
		-0.689154,
		0.320085,
		-0.114458,
		1,
	},
	[0.2] = {
		0.922113,
		0.215435,
		-0.321397,
		0,
		-0.336974,
		0.03893,
		-0.940709,
		0,
		-0.190149,
		0.975742,
		0.108494,
		0,
		-0.081769,
		0.553819,
		-0.011442,
		1,
	},
	[0.31666666666666665] = {
		0.804964,
		0.555802,
		0.207646,
		0,
		0.189618,
		0.090632,
		-0.977666,
		0,
		-0.562208,
		0.82636,
		-0.032434,
		0,
		-0.723242,
		0.168292,
		-0.08259,
		1,
	},
	[0.3333333333333333] = {
		0.803259,
		0.557602,
		0.209417,
		0,
		0.190609,
		0.09246,
		-0.977302,
		0,
		-0.564308,
		0.824943,
		-0.032015,
		0,
		-0.712496,
		0.114899,
		-0.043484,
		1,
	},
	[0.35] = {
		0.80265,
		0.558584,
		0.209134,
		0,
		0.189681,
		0.093378,
		-0.977395,
		0,
		-0.565486,
		0.824175,
		-0.031003,
		0,
		-0.705267,
		0.071816,
		-0.021706,
		1,
	},
	[0.36666666666666664] = {
		0.802528,
		0.559224,
		0.207887,
		0,
		0.187834,
		0.093897,
		-0.977702,
		0,
		-0.566274,
		0.823682,
		-0.029687,
		0,
		-0.692992,
		0.031885,
		0.001723,
		1,
	},
	[0.38333333333333336] = {
		0.802639,
		0.559572,
		0.206518,
		0,
		0.186024,
		0.094126,
		-0.978026,
		0,
		-0.566715,
		0.823419,
		-0.028545,
		0,
		-0.676334,
		-0.004325,
		0.02517,
		1,
	},
	[0.3] = {
		0.807486,
		0.553352,
		0.204375,
		0,
		0.187241,
		0.088112,
		-0.978354,
		0,
		-0.559382,
		0.828274,
		-0.032461,
		0,
		-0.721838,
		0.237617,
		-0.121015,
		1,
	},
	[0.4166666666666667] = {
		0.802731,
		0.559674,
		0.205882,
		0,
		0.185212,
		0.094185,
		-0.978175,
		0,
		-0.56685,
		0.823343,
		-0.028053,
		0,
		-0.633409,
		-0.064294,
		0.067552,
		1,
	},
	[0.43333333333333335] = {
		0.802733,
		0.559663,
		0.205907,
		0,
		0.185225,
		0.094209,
		-0.97817,
		0,
		-0.566844,
		0.823348,
		-0.028039,
		0,
		-0.608908,
		-0.087956,
		0.08625,
		1,
	},
	[0.45] = {
		0.802735,
		0.559643,
		0.20595,
		0,
		0.185249,
		0.09425,
		-0.978161,
		0,
		-0.566832,
		0.823357,
		-0.028015,
		0,
		-0.583487,
		-0.10751,
		0.103094,
		1,
	},
	[0.4666666666666667] = {
		0.802739,
		0.559615,
		0.206013,
		0,
		0.185283,
		0.09431,
		-0.978149,
		0,
		-0.566816,
		0.823369,
		-0.02798,
		0,
		-0.55789,
		-0.12319,
		0.117961,
		1,
	},
	[0.48333333333333334] = {
		0.802744,
		0.559576,
		0.206098,
		0,
		0.185329,
		0.094392,
		-0.978132,
		0,
		-0.566794,
		0.823386,
		-0.027933,
		0,
		-0.53276,
		-0.135335,
		0.130825,
		1,
	},
	[0.4] = {
		0.802731,
		0.559677,
		0.205874,
		0,
		0.185208,
		0.094178,
		-0.978176,
		0,
		-0.566852,
		0.823342,
		-0.028057,
		0,
		-0.656165,
		-0.036424,
		0.047247,
		1,
	},
	[0.5166666666666667] = {
		0.802758,
		0.559465,
		0.206345,
		0,
		0.185465,
		0.094625,
		-0.978084,
		0,
		-0.566729,
		0.823435,
		-0.0278,
		0,
		-0.485889,
		-0.150651,
		0.150794,
		1,
	},
	[0.5333333333333333] = {
		0.802768,
		0.55939,
		0.206511,
		0,
		0.185556,
		0.094781,
		-0.978052,
		0,
		-0.566685,
		0.823468,
		-0.027711,
		0,
		-0.464857,
		-0.154691,
		0.158141,
		1,
	},
	[0.55] = {
		0.80278,
		0.5593,
		0.206708,
		0,
		0.185666,
		0.094967,
		-0.978013,
		0,
		-0.566633,
		0.823508,
		-0.027605,
		0,
		-0.44573,
		-0.156885,
		0.163936,
		1,
	},
	[0.5666666666666667] = {
		0.802794,
		0.559194,
		0.20694,
		0,
		0.185795,
		0.095183,
		-0.977968,
		0,
		-0.566571,
		0.823554,
		-0.027483,
		0,
		-0.428627,
		-0.15762,
		0.168346,
		1,
	},
	[0.5833333333333334] = {
		0.80281,
		0.559072,
		0.207207,
		0,
		0.185945,
		0.09543,
		-0.977915,
		0,
		-0.566499,
		0.823609,
		-0.027345,
		0,
		-0.4136,
		-0.157241,
		0.171538,
		1,
	},
	[0.5] = {
		0.80275,
		0.559527,
		0.206208,
		0,
		0.18539,
		0.094496,
		-0.978111,
		0,
		-0.566765,
		0.823408,
		-0.027874,
		0,
		-0.508623,
		-0.144344,
		0.141735,
		1,
	},
	[0.6166666666666667] = {
		0.802848,
		0.558781,
		0.207843,
		0,
		0.186308,
		0.096011,
		-0.977789,
		0,
		-0.566325,
		0.823739,
		-0.027023,
		0,
		-0.389729,
		-0.154298,
		0.174891,
		1,
	},
	[0.6333333333333333] = {
		0.802871,
		0.558615,
		0.208201,
		0,
		0.186517,
		0.096333,
		-0.977717,
		0,
		-0.566224,
		0.823814,
		-0.026849,
		0,
		-0.380778,
		-0.152193,
		0.175328,
		1,
	},
	[0.65] = {
		0.802894,
		0.558443,
		0.208572,
		0,
		0.186737,
		0.096659,
		-0.977643,
		0,
		-0.566119,
		0.823892,
		-0.026675,
		0,
		-0.373706,
		-0.149897,
		0.175096,
		1,
	},
	[0.6666666666666666] = {
		0.802918,
		0.558273,
		0.208937,
		0,
		0.18696,
		0.096973,
		-0.97757,
		0,
		-0.566012,
		0.823971,
		-0.026513,
		0,
		-0.368416,
		-0.147535,
		0.174294,
		1,
	},
	[0.6833333333333333] = {
		0.80294,
		0.558112,
		0.209279,
		0,
		0.187174,
		0.097257,
		-0.9775,
		0,
		-0.565909,
		0.824046,
		-0.026372,
		0,
		-0.364804,
		-0.145198,
		0.173,
		1,
	},
	[0.6] = {
		0.802828,
		0.558934,
		0.207509,
		0,
		0.186117,
		0.095708,
		-0.977855,
		0,
		-0.566417,
		0.82367,
		-0.02719,
		0,
		-0.400647,
		-0.15605,
		0.173671,
		1,
	},
	[0.7166666666666667] = {
		0.80298,
		0.557849,
		0.209829,
		0,
		0.187544,
		0.097679,
		-0.977387,
		0,
		-0.56573,
		0.824174,
		-0.026187,
		0,
		-0.362197,
		-0.14081,
		0.169165,
		1,
	},
	[0.7333333333333333] = {
		0.802995,
		0.557754,
		0.210023,
		0,
		0.18769,
		0.097804,
		-0.977347,
		0,
		-0.56566,
		0.824224,
		-0.026149,
		0,
		-0.362999,
		-0.138809,
		0.166697,
		1,
	},
	[0.75] = {
		0.803008,
		0.557684,
		0.210161,
		0,
		0.187808,
		0.097873,
		-0.977317,
		0,
		-0.565603,
		0.824263,
		-0.026145,
		0,
		-0.365076,
		-0.136938,
		0.163887,
		1,
	},
	[0.7666666666666667] = {
		0.803017,
		0.557637,
		0.210246,
		0,
		0.1879,
		0.097889,
		-0.977298,
		0,
		-0.565559,
		0.824293,
		-0.026173,
		0,
		-0.368335,
		-0.135178,
		0.16074,
		1,
	},
	[0.7833333333333333] = {
		0.803026,
		0.557607,
		0.210292,
		0,
		0.187982,
		0.097849,
		-0.977286,
		0,
		-0.565519,
		0.824318,
		-0.026244,
		0,
		-0.372689,
		-0.133493,
		0.157248,
		1,
	},
	[0.7] = {
		0.802961,
		0.557969,
		0.20958,
		0,
		0.187371,
		0.097496,
		-0.977439,
		0,
		-0.565814,
		0.824115,
		-0.026262,
		0,
		-0.362765,
		-0.142944,
		0.171275,
		1,
	},
	[0.8166666666666667] = {
		0.803047,
		0.557588,
		0.210266,
		0,
		0.188169,
		0.097529,
		-0.977282,
		0,
		-0.565428,
		0.824369,
		-0.026601,
		0,
		-0.384338,
		-0.130159,
		0.149183,
		1,
	},
	[0.8333333333333334] = {
		0.803059,
		0.557606,
		0.210172,
		0,
		0.188276,
		0.097206,
		-0.977294,
		0,
		-0.565375,
		0.824394,
		-0.026922,
		0,
		-0.391455,
		-0.128403,
		0.144589,
		1,
	},
	[0.85] = {
		0.803071,
		0.55765,
		0.210006,
		0,
		0.188392,
		0.096745,
		-0.977317,
		0,
		-0.565318,
		0.824419,
		-0.027363,
		0,
		-0.399315,
		-0.126511,
		0.139606,
		1,
	},
	[0.8666666666666667] = {
		0.803085,
		0.557723,
		0.209761,
		0,
		0.188514,
		0.096138,
		-0.977354,
		0,
		-0.565259,
		0.824441,
		-0.027931,
		0,
		-0.407825,
		-0.124429,
		0.134224,
		1,
	},
	[0.8833333333333333] = {
		0.803099,
		0.557821,
		0.209448,
		0,
		0.188635,
		0.095411,
		-0.977402,
		0,
		-0.565199,
		0.824459,
		-0.0286,
		0,
		-0.41689,
		-0.122109,
		0.128431,
		1,
	},
	[0.8] = {
		0.803036,
		0.557589,
		0.210302,
		0,
		0.188071,
		0.097736,
		-0.97728,
		0,
		-0.565475,
		0.824343,
		-0.026381,
		0,
		-0.378053,
		-0.131837,
		0.153398,
		1,
	},
	[0.9166666666666666] = {
		0.803122,
		0.558052,
		0.208742,
		0,
		0.188842,
		0.09387,
		-0.977511,
		0,
		-0.565096,
		0.82448,
		-0.029995,
		0,
		-0.436304,
		-0.116599,
		0.115576,
		1,
	},
	[0.9333333333333333] = {
		0.803131,
		0.558161,
		0.208413,
		0,
		0.188922,
		0.093176,
		-0.977562,
		0,
		-0.565056,
		0.824484,
		-0.030617,
		0,
		-0.446457,
		-0.11334,
		0.108511,
		1,
	},
	[0.95] = {
		0.803139,
		0.55826,
		0.208119,
		0,
		0.188988,
		0.092564,
		-0.977607,
		0,
		-0.565024,
		0.824486,
		-0.031162,
		0,
		-0.456778,
		-0.109701,
		0.101033,
		1,
	},
	[0.9666666666666667] = {
		0.803145,
		0.558348,
		0.207861,
		0,
		0.189042,
		0.092033,
		-0.977647,
		0,
		-0.564997,
		0.824486,
		-0.031635,
		0,
		-0.46717,
		-0.105657,
		0.093165,
		1,
	},
	[0.9833333333333333] = {
		0.80315,
		0.558424,
		0.207636,
		0,
		0.189086,
		0.091575,
		-0.977681,
		0,
		-0.564975,
		0.824486,
		-0.032041,
		0,
		-0.47754,
		-0.101192,
		0.084937,
		1,
	},
	[0.9] = {
		0.803111,
		0.557935,
		0.209096,
		0,
		0.188746,
		0.094631,
		-0.977456,
		0,
		-0.565144,
		0.824472,
		-0.029309,
		0,
		-0.426416,
		-0.11951,
		0.122217,
		1,
	},
	[1.0166666666666666] = {
		0.803158,
		0.558549,
		0.207271,
		0,
		0.189153,
		0.090837,
		-0.977737,
		0,
		-0.564942,
		0.824483,
		-0.032695,
		0,
		-0.497848,
		-0.090993,
		0.067558,
		1,
	},
	[1.0333333333333334] = {
		0.803161,
		0.558599,
		0.207123,
		0,
		0.189178,
		0.090541,
		-0.97776,
		0,
		-0.564929,
		0.824481,
		-0.032956,
		0,
		-0.507619,
		-0.085284,
		0.058506,
		1,
	},
	[1.05] = {
		0.803163,
		0.558643,
		0.206995,
		0,
		0.1892,
		0.090285,
		-0.977779,
		0,
		-0.564918,
		0.82448,
		-0.033182,
		0,
		-0.517032,
		-0.079207,
		0.049286,
		1,
	},
	[1.0666666666666667] = {
		0.803165,
		0.558681,
		0.206884,
		0,
		0.189218,
		0.090063,
		-0.977796,
		0,
		-0.564909,
		0.824478,
		-0.033377,
		0,
		-0.526024,
		-0.072803,
		0.039962,
		1,
	},
	[1.0833333333333333] = {
		0.803167,
		0.558714,
		0.206787,
		0,
		0.189234,
		0.089872,
		-0.977811,
		0,
		-0.564901,
		0.824476,
		-0.033545,
		0,
		-0.534538,
		-0.066124,
		0.030602,
		1,
	},
	{
		0.803154,
		0.558491,
		0.20744,
		0,
		0.189122,
		0.091179,
		-0.977711,
		0,
		-0.564957,
		0.824484,
		-0.032392,
		0,
		-0.487795,
		-0.096302,
		0.076386,
		1,
	},
	[1.1166666666666667] = {
		0.80317,
		0.558767,
		0.206633,
		0,
		0.189257,
		0.089567,
		-0.977834,
		0,
		-0.564889,
		0.824474,
		-0.033813,
		0,
		-0.54996,
		-0.052193,
		0.012055,
		1,
	},
	[1.1333333333333333] = {
		0.803171,
		0.558788,
		0.206573,
		0,
		0.189267,
		0.089448,
		-0.977843,
		0,
		-0.564884,
		0.824473,
		-0.033918,
		0,
		-0.556809,
		-0.045087,
		0.003015,
		1,
	},
	[1.15] = {
		0.803172,
		0.558805,
		0.206522,
		0,
		0.189274,
		0.089348,
		-0.977851,
		0,
		-0.56488,
		0.824472,
		-0.034006,
		0,
		-0.563061,
		-0.037991,
		-0.005771,
		1,
	},
	[1.1666666666666667] = {
		0.803173,
		0.55882,
		0.20648,
		0,
		0.189281,
		0.089265,
		-0.977857,
		0,
		-0.564878,
		0.824471,
		-0.034079,
		0,
		-0.568712,
		-0.030992,
		-0.01423,
		1,
	},
	[1.1833333333333333] = {
		0.803173,
		0.558832,
		0.206446,
		0,
		0.189285,
		0.089198,
		-0.977862,
		0,
		-0.564875,
		0.82447,
		-0.034137,
		0,
		-0.573768,
		-0.024174,
		-0.022288,
		1,
	},
	[1.1] = {
		0.803169,
		0.558743,
		0.206705,
		0,
		0.189247,
		0.089708,
		-0.977823,
		0,
		-0.564894,
		0.824475,
		-0.03369,
		0,
		-0.542528,
		-0.059231,
		0.021276,
		1,
	},
	[1.2166666666666666] = {
		0.803174,
		0.558848,
		0.206399,
		0,
		0.189292,
		0.089107,
		-0.977869,
		0,
		-0.564872,
		0.824469,
		-0.034217,
		0,
		-0.582152,
		-0.011434,
		-0.036924,
		1,
	},
	[1.2333333333333334] = {
		0.803174,
		0.558852,
		0.206385,
		0,
		0.189294,
		0.089079,
		-0.977871,
		0,
		-0.564871,
		0.824469,
		-0.034241,
		0,
		-0.585522,
		-0.005684,
		-0.043366,
		1,
	},
	[1.25] = {
		0.803174,
		0.558855,
		0.206377,
		0,
		0.189295,
		0.089064,
		-0.977873,
		0,
		-0.56487,
		0.824469,
		-0.034255,
		0,
		-0.58838,
		-0.00046,
		-0.049139,
		1,
	},
	[1.2666666666666666] = {
		0.803174,
		0.558856,
		0.206375,
		0,
		0.189295,
		0.089059,
		-0.977873,
		0,
		-0.56487,
		0.824468,
		-0.034259,
		0,
		-0.590752,
		0.004158,
		-0.05418,
		1,
	},
	[1.2833333333333334] = {
		0.803175,
		0.558856,
		0.206375,
		0,
		0.189295,
		0.089059,
		-0.977873,
		0,
		-0.56487,
		0.824469,
		-0.034259,
		0,
		-0.592663,
		0.008091,
		-0.05843,
		1,
	},
	[1.2] = {
		0.803174,
		0.558841,
		0.206419,
		0,
		0.189289,
		0.089146,
		-0.977866,
		0,
		-0.564873,
		0.82447,
		-0.034183,
		0,
		-0.578242,
		-0.017626,
		-0.029876,
		1,
	},
	[1.3166666666666667] = {
		0.803174,
		0.558856,
		0.206375,
		0,
		0.189295,
		0.089059,
		-0.977873,
		0,
		-0.56487,
		0.824469,
		-0.034259,
		0,
		-0.595187,
		0.013611,
		-0.064329,
		1,
	},
	[1.3333333333333333] = {
		0.803174,
		0.558856,
		0.206375,
		0,
		0.189295,
		0.089059,
		-0.977873,
		0,
		-0.56487,
		0.824469,
		-0.034259,
		0,
		-0.595822,
		0.015062,
		-0.065867,
		1,
	},
	[1.35] = {
		0.803174,
		0.558856,
		0.206375,
		0,
		0.189295,
		0.089059,
		-0.977873,
		0,
		-0.56487,
		0.824468,
		-0.034259,
		0,
		-0.596037,
		0.015558,
		-0.066391,
		1,
	},
	[1.3] = {
		0.803174,
		0.558856,
		0.206375,
		0,
		0.189295,
		0.089059,
		-0.977873,
		0,
		-0.56487,
		0.824468,
		-0.034259,
		0,
		-0.594136,
		0.011265,
		-0.061832,
		1,
	},
}

return spline_matrices
