-- chunkname: @content/characters/player/human/first_person/animations/dual_shivs/attack_swing_left_diagonal_lhand_offhand_sweep.lua

local spline_matrices = {
	[0.016666666666666666] = {
		-0.945221,
		0.160981,
		-0.283975,
		0,
		-0.322962,
		-0.587673,
		0.741847,
		0,
		-0.047461,
		0.792922,
		0.607472,
		0,
		-0.273902,
		-0.168927,
		0.315939,
		1,
	},
	[0.03333333333333333] = {
		-0.91997,
		0.189446,
		-0.34317,
		0,
		-0.351831,
		-0.013073,
		0.935972,
		0,
		0.17283,
		0.981804,
		0.07868,
		0,
		-0.289173,
		0.054908,
		0.403373,
		1,
	},
	[0.05] = {
		-0.897089,
		0.184431,
		-0.401517,
		0,
		-0.237514,
		0.56498,
		0.79018,
		0,
		0.372583,
		0.804228,
		-0.463032,
		0,
		-0.252376,
		0.304141,
		0.368813,
		1,
	},
	[0.06666666666666667] = {
		-0.888943,
		0.173473,
		-0.423896,
		0,
		-0.146709,
		0.768893,
		0.622318,
		0,
		0.433886,
		0.615395,
		-0.658052,
		0,
		-0.21966,
		0.404017,
		0.312287,
		1,
	},
	[0.08333333333333333] = {
		-0.887408,
		0.175241,
		-0.426377,
		0,
		-0.145986,
		0.770492,
		0.620508,
		0,
		0.437259,
		0.612889,
		-0.658158,
		0,
		-0.218979,
		0.406011,
		0.310389,
		1,
	},
	[0] = {
		-0.95551,
		0.136507,
		-0.261469,
		0,
		-0.264688,
		-0.787998,
		0.555877,
		0,
		-0.130156,
		0.600354,
		0.789072,
		0,
		-0.252297,
		-0.242699,
		0.244985,
		1,
	},
	[0.11666666666666667] = {
		-0.877571,
		0.185378,
		-0.442158,
		0,
		-0.142788,
		0.779325,
		0.610135,
		0,
		0.45769,
		0.598572,
		-0.657443,
		0,
		-0.214623,
		0.419129,
		0.296901,
		1,
	},
	[0.13333333333333333] = {
		-0.871081,
		0.192254,
		-0.451947,
		0,
		-0.140772,
		0.783861,
		0.604769,
		0,
		0.470533,
		0.590424,
		-0.655742,
		0,
		-0.210954,
		0.428119,
		0.286543,
		1,
	},
	[0.15] = {
		-0.864822,
		0.200217,
		-0.46043,
		0,
		-0.138116,
		0.786797,
		0.60156,
		0,
		0.482707,
		0.583835,
		-0.652787,
		0,
		-0.205988,
		0.437269,
		0.274626,
		1,
	},
	[0.16666666666666666] = {
		-0.859677,
		0.209616,
		-0.46585,
		0,
		-0.134362,
		0.78704,
		0.602092,
		0,
		0.492851,
		0.580197,
		-0.648436,
		0,
		-0.199479,
		0.445559,
		0.261741,
		1,
	},
	[0.18333333333333332] = {
		-0.856353,
		0.220845,
		-0.466783,
		0,
		-0.129131,
		0.783633,
		0.607655,
		0,
		0.499984,
		0.580644,
		-0.642549,
		0,
		-0.191308,
		0.45208,
		0.248366,
		1,
	},
	[0.1] = {
		-0.88333,
		0.179554,
		-0.433,
		0,
		-0.144513,
		0.774422,
		0.615943,
		0,
		0.44592,
		0.606655,
		-0.658122,
		0,
		-0.217252,
		0.411391,
		0.305062,
		1,
	},
	[0.21666666666666667] = {
		-0.856943,
		0.248502,
		-0.451548,
		0,
		-0.114303,
		0.762647,
		0.636635,
		0,
		0.502577,
		0.597173,
		-0.625141,
		0,
		-0.170668,
		0.456753,
		0.221099,
		1,
	},
	[0.23333333333333334] = {
		-0.857394,
		0.261426,
		-0.44332,
		0,
		-0.130842,
		0.722359,
		0.679027,
		0,
		0.497751,
		0.640198,
		-0.585141,
		0,
		-0.166498,
		0.448117,
		0.195133,
		1,
	},
	[0.25] = {
		-0.805313,
		0.217338,
		-0.551575,
		0,
		-0.300912,
		0.651777,
		0.69616,
		0,
		0.510806,
		0.726602,
		-0.459485,
		0,
		-0.140772,
		0.392347,
		0.134575,
		1,
	},
	[0.26666666666666666] = {
		-0.881265,
		-0.000508,
		-0.472623,
		0,
		-0.362425,
		0.642569,
		0.675096,
		0,
		0.30335,
		0.766228,
		-0.566457,
		0,
		-0.07076,
		0.375138,
		0.12668,
		1,
	},
	[0.2833333333333333] = {
		-0.982679,
		-0.011179,
		-0.184979,
		0,
		-0.133413,
		0.735466,
		0.664297,
		0,
		0.12862,
		0.677469,
		-0.724219,
		0,
		-0.017956,
		0.422775,
		0.089215,
		1,
	},
	[0.2] = {
		-0.855359,
		0.233973,
		-0.462188,
		0,
		-0.122323,
		0.775741,
		0.619082,
		0,
		0.503386,
		0.586073,
		-0.634918,
		0,
		-0.181572,
		0.456036,
		0.234798,
		1,
	},
	[0.31666666666666665] = {
		-0.935733,
		-0.044156,
		0.349933,
		0,
		0.109936,
		0.906195,
		0.40832,
		0,
		-0.335137,
		0.420549,
		-0.843102,
		0,
		-0.02698,
		0.521865,
		-0.058456,
		1,
	},
	[0.3333333333333333] = {
		-0.883707,
		-0.110961,
		0.454697,
		0,
		0.018809,
		0.962287,
		0.271387,
		0,
		-0.467663,
		0.248379,
		-0.848292,
		0,
		-0.085474,
		0.548932,
		-0.127903,
		1,
	},
	[0.35] = {
		-0.844333,
		-0.149327,
		0.514591,
		0,
		-0.117362,
		0.988601,
		0.094312,
		0,
		-0.522808,
		0.019237,
		-0.852233,
		0,
		-0.160986,
		0.557315,
		-0.21756,
		1,
	},
	[0.36666666666666664] = {
		-0.821032,
		-0.162791,
		0.54718,
		0,
		-0.259607,
		0.96011,
		-0.103892,
		0,
		-0.50844,
		-0.22735,
		-0.830542,
		0,
		-0.235747,
		0.537097,
		-0.317881,
		1,
	},
	[0.38333333333333336] = {
		-0.81435,
		-0.162044,
		0.557294,
		0,
		-0.372344,
		0.88244,
		-0.287504,
		0,
		-0.44519,
		-0.441634,
		-0.778951,
		0,
		-0.293531,
		0.492517,
		-0.41106,
		1,
	},
	[0.3] = {
		-0.991081,
		0.063778,
		0.117005,
		0,
		0.119405,
		0.814844,
		0.567249,
		0,
		-0.059163,
		0.576161,
		-0.815192,
		0,
		-0.003537,
		0.473853,
		0.025229,
		1,
	},
	[0.4166666666666667] = {
		-0.82197,
		-0.156107,
		0.547719,
		0,
		-0.466581,
		0.736066,
		-0.490417,
		0,
		-0.3266,
		-0.658663,
		-0.677861,
		0,
		-0.342027,
		0.411297,
		-0.515343,
		1,
	},
	[0.43333333333333335] = {
		-0.821952,
		-0.155798,
		0.547834,
		0,
		-0.468321,
		0.732287,
		-0.4944,
		0,
		-0.324145,
		-0.662935,
		-0.674868,
		0,
		-0.34388,
		0.408072,
		-0.518205,
		1,
	},
	[0.45] = {
		-0.821826,
		-0.155501,
		0.548107,
		0,
		-0.468517,
		0.731851,
		-0.49486,
		0,
		-0.324181,
		-0.663486,
		-0.674309,
		0,
		-0.344554,
		0.407094,
		-0.518976,
		1,
	},
	[0.4666666666666667] = {
		-0.835623,
		-0.133007,
		0.532958,
		0,
		-0.443423,
		0.735986,
		-0.511566,
		0,
		-0.324208,
		-0.663802,
		-0.673985,
		0,
		-0.344992,
		0.406548,
		-0.519311,
		1,
	},
	[0.48333333333333334] = {
		-0.868812,
		-0.072681,
		0.489778,
		0,
		-0.374224,
		0.744105,
		-0.553411,
		0,
		-0.324224,
		-0.664097,
		-0.673687,
		0,
		-0.345704,
		0.405977,
		-0.519424,
		1,
	},
	[0.4] = {
		-0.817718,
		-0.158099,
		0.553482,
		0,
		-0.440017,
		0.791605,
		-0.423966,
		0,
		-0.37111,
		-0.590226,
		-0.716876,
		0,
		-0.328052,
		0.44224,
		-0.480818,
		1,
	},
	[0.5166666666666667] = {
		-0.935372,
		0.118976,
		0.333053,
		0,
		-0.141263,
		0.737648,
		-0.660243,
		0,
		-0.324229,
		-0.664621,
		-0.673168,
		0,
		-0.3476,
		0.404834,
		-0.519212,
		1,
	},
	[0.5333333333333333] = {
		-0.945976,
		0.225534,
		0.232944,
		0,
		-0.0031,
		0.712118,
		-0.702053,
		0,
		-0.32422,
		-0.664848,
		-0.672948,
		0,
		-0.34861,
		0.404296,
		-0.519002,
		1,
	},
	[0.55] = {
		-0.937239,
		0.322307,
		0.133046,
		0,
		0.128351,
		0.673666,
		-0.727805,
		0,
		-0.324206,
		-0.665051,
		-0.672754,
		0,
		-0.349543,
		0.403804,
		-0.5188,
		1,
	},
	[0.5666666666666667] = {
		-0.915711,
		0.399125,
		0.046612,
		0,
		0.23744,
		0.631007,
		-0.738548,
		0,
		-0.324185,
		-0.665229,
		-0.672588,
		0,
		-0.350314,
		0.403374,
		-0.518662,
		1,
	},
	[0.5833333333333334] = {
		-0.893408,
		0.449039,
		-0.013643,
		0,
		0.311034,
		0.596349,
		-0.740018,
		0,
		-0.324161,
		-0.665381,
		-0.672449,
		0,
		-0.350834,
		0.403025,
		-0.518646,
		1,
	},
	[0.5] = {
		-0.90669,
		0.015229,
		0.421522,
		0,
		-0.269791,
		0.747249,
		-0.607316,
		0,
		-0.324231,
		-0.66437,
		-0.673414,
		0,
		-0.346603,
		0.4054,
		-0.519372,
		1,
	},
	[0.6166666666666667] = {
		-0.883448,
		0.467102,
		-0.036556,
		0,
		0.338344,
		0.582055,
		-0.739416,
		0,
		-0.324105,
		-0.665604,
		-0.672256,
		0,
		-0.350983,
		0.402595,
		-0.519069,
		1,
	},
	[0.6333333333333333] = {
		-0.883364,
		0.467239,
		-0.036823,
		0,
		0.338591,
		0.581865,
		-0.739452,
		0,
		-0.324075,
		-0.665673,
		-0.672202,
		0,
		-0.350912,
		0.402459,
		-0.519306,
		1,
	},
	[0.65] = {
		-0.883269,
		0.467396,
		-0.037093,
		0,
		0.338866,
		0.581693,
		-0.739461,
		0,
		-0.324044,
		-0.665713,
		-0.672177,
		0,
		-0.350803,
		0.402367,
		-0.51952,
		1,
	},
	[0.6666666666666666] = {
		-0.883163,
		0.467575,
		-0.037367,
		0,
		0.339171,
		0.581538,
		-0.739443,
		0,
		-0.324015,
		-0.665723,
		-0.672181,
		0,
		-0.350655,
		0.402319,
		-0.519709,
		1,
	},
	[0.6833333333333333] = {
		-0.883045,
		0.467777,
		-0.037642,
		0,
		0.339505,
		0.5814,
		-0.739399,
		0,
		-0.323988,
		-0.665702,
		-0.672215,
		0,
		-0.350467,
		0.402316,
		-0.519874,
		1,
	},
	[0.6] = {
		-0.883521,
		0.466984,
		-0.036293,
		0,
		0.338124,
		0.582261,
		-0.739354,
		0,
		-0.324134,
		-0.665506,
		-0.672338,
		0,
		-0.351017,
		0.402772,
		-0.518809,
		1,
	},
	[0.7166666666666667] = {
		-0.882767,
		0.468255,
		-0.0382,
		0,
		0.340268,
		0.581177,
		-0.739224,
		0,
		-0.323944,
		-0.665561,
		-0.672376,
		0,
		-0.349964,
		0.402454,
		-0.520128,
		1,
	},
	[0.7333333333333333] = {
		-0.882583,
		0.468579,
		-0.0385,
		0,
		0.340761,
		0.581113,
		-0.739046,
		0,
		-0.323929,
		-0.665389,
		-0.672554,
		0,
		-0.349569,
		0.402674,
		-0.52018,
		1,
	},
	[0.75] = {
		-0.882344,
		0.469,
		-0.038835,
		0,
		0.341397,
		0.58111,
		-0.738755,
		0,
		-0.323909,
		-0.665094,
		-0.672854,
		0,
		-0.348997,
		0.403078,
		-0.520141,
		1,
	},
	[0.7666666666666667] = {
		-0.882041,
		0.469538,
		-0.039207,
		0,
		0.342201,
		0.581183,
		-0.738326,
		0,
		-0.323886,
		-0.664651,
		-0.673303,
		0,
		-0.34821,
		0.403707,
		-0.519987,
		1,
	},
	[0.7833333333333333] = {
		-0.881668,
		0.470205,
		-0.039615,
		0,
		0.343188,
		0.581348,
		-0.737738,
		0,
		-0.323858,
		-0.664035,
		-0.673924,
		0,
		-0.347183,
		0.404595,
		-0.519694,
		1,
	},
	[0.7] = {
		-0.882913,
		0.468002,
		-0.03792,
		0,
		0.339869,
		0.581279,
		-0.739326,
		0,
		-0.323964,
		-0.665649,
		-0.672279,
		0,
		-0.350238,
		0.40236,
		-0.520015,
		1,
	},
	[0.8166666666666667] = {
		-0.880756,
		0.471838,
		-0.040465,
		0,
		0.345583,
		0.58195,
		-0.736143,
		0,
		-0.323791,
		-0.662347,
		-0.675616,
		0,
		-0.344521,
		0.407062,
		-0.518696,
		1,
	},
	[0.8333333333333334] = {
		-0.880288,
		0.472678,
		-0.040849,
		0,
		0.346806,
		0.58233,
		-0.735267,
		0,
		-0.323757,
		-0.661414,
		-0.676545,
		0,
		-0.343101,
		0.408432,
		-0.51808,
		1,
	},
	[0.85] = {
		-0.87986,
		0.473445,
		-0.041175,
		0,
		0.347918,
		0.582704,
		-0.734445,
		0,
		-0.323726,
		-0.660534,
		-0.677418,
		0,
		-0.341783,
		0.409723,
		-0.517474,
		1,
	},
	[0.8666666666666667] = {
		-0.879489,
		0.474112,
		-0.041443,
		0,
		0.348881,
		0.583047,
		-0.733715,
		0,
		-0.3237,
		-0.659753,
		-0.678192,
		0,
		-0.340625,
		0.410871,
		-0.516919,
		1,
	},
	[0.8833333333333333] = {
		-0.879174,
		0.474677,
		-0.04166,
		0,
		0.349696,
		0.58335,
		-0.733087,
		0,
		-0.323677,
		-0.659079,
		-0.678858,
		0,
		-0.339634,
		0.41186,
		-0.516429,
		1,
	},
	[0.8] = {
		-0.88123,
		0.470988,
		-0.040044,
		0,
		0.34434,
		0.581609,
		-0.736994,
		0,
		-0.323825,
		-0.66325,
		-0.674712,
		0,
		-0.345926,
		0.405739,
		-0.519255,
		1,
	},
	[0.9166666666666666] = {
		-0.878688,
		0.475548,
		-0.041978,
		0,
		0.350947,
		0.583834,
		-0.732102,
		0,
		-0.323642,
		-0.658021,
		-0.6799,
		0,
		-0.338094,
		0.413411,
		-0.515643,
		1,
	},
	[0.9333333333333333] = {
		-0.878502,
		0.47588,
		-0.042093,
		0,
		0.351423,
		0.584024,
		-0.731723,
		0,
		-0.323629,
		-0.657613,
		-0.680301,
		0,
		-0.337504,
		0.414009,
		-0.515334,
		1,
	},
	[0.95] = {
		-0.878348,
		0.476157,
		-0.042188,
		0,
		0.351819,
		0.584184,
		-0.731404,
		0,
		-0.323618,
		-0.65727,
		-0.680638,
		0,
		-0.337009,
		0.414512,
		-0.515072,
		1,
	},
	[0.9666666666666667] = {
		-0.878219,
		0.476387,
		-0.042265,
		0,
		0.352148,
		0.58432,
		-0.731137,
		0,
		-0.323608,
		-0.656982,
		-0.68092,
		0,
		-0.336596,
		0.414932,
		-0.514852,
		1,
	},
	[0.9833333333333333] = {
		-0.878113,
		0.476578,
		-0.042327,
		0,
		0.352421,
		0.584433,
		-0.730916,
		0,
		-0.323601,
		-0.656743,
		-0.681154,
		0,
		-0.336254,
		0.415282,
		-0.514667,
		1,
	},
	[0.9] = {
		-0.878909,
		0.475151,
		-0.041835,
		0,
		0.350378,
		0.583611,
		-0.732553,
		0,
		-0.323658,
		-0.658506,
		-0.679423,
		0,
		-0.338798,
		0.412701,
		-0.516006,
		1,
	},
	[1.0166666666666666] = {
		-0.877955,
		0.476861,
		-0.042418,
		0,
		0.352825,
		0.584603,
		-0.730584,
		0,
		-0.323589,
		-0.656386,
		-0.681504,
		0,
		-0.335744,
		0.415805,
		-0.514389,
		1,
	},
	[1.0333333333333334] = {
		-0.877899,
		0.476961,
		-0.04245,
		0,
		0.352969,
		0.584665,
		-0.730466,
		0,
		-0.323585,
		-0.656259,
		-0.681629,
		0,
		-0.335562,
		0.415991,
		-0.514289,
		1,
	},
	[1.05] = {
		-0.877855,
		0.477039,
		-0.042474,
		0,
		0.353079,
		0.584712,
		-0.730374,
		0,
		-0.323582,
		-0.65616,
		-0.681725,
		0,
		-0.335421,
		0.416136,
		-0.514211,
		1,
	},
	[1.0666666666666667] = {
		-0.877823,
		0.477096,
		-0.042492,
		0,
		0.35316,
		0.584747,
		-0.730307,
		0,
		-0.32358,
		-0.656087,
		-0.681796,
		0,
		-0.335318,
		0.416242,
		-0.514154,
		1,
	},
	{
		-0.878026,
		0.476734,
		-0.042378,
		0,
		0.352644,
		0.584527,
		-0.730733,
		0,
		-0.323594,
		-0.656546,
		-0.681347,
		0,
		-0.335972,
		0.41557,
		-0.514514,
		1,
	},
}

return spline_matrices
