-- chunkname: @content/characters/player/human/first_person/animations/dual_shivs/attack_lunge_offhand_sweep.lua

local spline_matrices = {
	[0.016666666666666666] = {
		0.999969,
		-0.007714,
		-0.001337,
		0,
		-0.001221,
		0.01504,
		-0.999886,
		0,
		0.007733,
		0.999857,
		0.01503,
		0,
		-0.297624,
		0.230934,
		-0.087086,
		1,
	},
	[0.03333333333333333] = {
		0.999877,
		-0.015385,
		-0.002906,
		0,
		-0.002442,
		0.030076,
		-0.999545,
		0,
		0.015465,
		0.999429,
		0.030035,
		0,
		-0.278502,
		0.300104,
		-0.078347,
		1,
	},
	[0.05] = {
		0.999923,
		-0.012209,
		-0.002064,
		0,
		-0.00181,
		0.020829,
		-0.999781,
		0,
		0.01225,
		0.999709,
		0.020805,
		0,
		-0.25914,
		0.369692,
		-0.074434,
		1,
	},
	[0.06666666666666667] = {
		0.999987,
		-0.005175,
		-0.000421,
		0,
		-0.000418,
		0.000479,
		-1,
		0,
		0.005175,
		0.999986,
		0.000477,
		0,
		-0.239768,
		0.432619,
		-0.07623,
		1,
	},
	[0.08333333333333333] = {
		0.999998,
		0.001919,
		0.000935,
		0,
		0.000973,
		-0.019871,
		-0.999802,
		0,
		-0.001901,
		0.999801,
		-0.019872,
		0,
		-0.220004,
		0.480145,
		-0.077729,
		1,
	},
	[0] = {
		1,
		0,
		0,
		0,
		0,
		0,
		-1,
		0,
		-0,
		1,
		0,
		0,
		-0.311924,
		0.177247,
		-0.087626,
		1,
	},
	[0.11666666666666667] = {
		0.999988,
		0.004925,
		0.000606,
		0,
		0.000733,
		-0.025991,
		-0.999662,
		0,
		-0.004907,
		0.99965,
		-0.025994,
		0,
		-0.178122,
		0.557973,
		-0.065859,
		1,
	},
	[0.13333333333333333] = {
		0.999989,
		0.004355,
		-0.001428,
		0,
		-0.001347,
		-0.018531,
		-0.999827,
		0,
		-0.00438,
		0.999819,
		-0.018525,
		0,
		-0.160343,
		0.597751,
		-0.062507,
		1,
	},
	[0.15] = {
		0.999986,
		0.003648,
		-0.003866,
		0,
		-0.003831,
		-0.009627,
		-0.999946,
		0,
		-0.003685,
		0.999947,
		-0.009613,
		0,
		-0.154983,
		0.609207,
		-0.060561,
		1,
	},
	[0.16666666666666666] = {
		0.999978,
		0.002959,
		-0.005918,
		0,
		-0.005912,
		-0.002166,
		-0.99998,
		0,
		-0.002972,
		0.999993,
		-0.002148,
		0,
		-0.156864,
		0.608273,
		-0.058474,
		1,
	},
	[0.18333333333333332] = {
		0.999974,
		0.002397,
		-0.006782,
		0,
		-0.006784,
		0.000963,
		-0.999977,
		0,
		-0.002391,
		0.999997,
		0.000979,
		0,
		-0.162134,
		0.602369,
		-0.059872,
		1,
	},
	[0.1] = {
		0.999986,
		0.005161,
		0.001456,
		0,
		0.001606,
		-0.029118,
		-0.999575,
		0,
		-0.005117,
		0.999563,
		-0.029126,
		0,
		-0.198956,
		0.518281,
		-0.073345,
		1,
	},
	[0.21666666666666667] = {
		0.999986,
		0.001361,
		-0.005025,
		0,
		-0.005025,
		0.000713,
		-0.999987,
		0,
		-0.001357,
		0.999999,
		0.00072,
		0,
		-0.187962,
		0.600421,
		-0.104183,
		1,
	},
	[0.23333333333333334] = {
		0.999994,
		0.000848,
		-0.003392,
		0,
		-0.003392,
		0.000482,
		-0.999994,
		0,
		-0.000846,
		1,
		0.000484,
		0,
		-0.206374,
		0.601289,
		-0.132421,
		1,
	},
	[0.25] = {
		0.999998,
		0.000414,
		-0.001759,
		0,
		-0.001759,
		0.00025,
		-0.999998,
		0,
		-0.000413,
		1,
		0.00025,
		0,
		-0.227774,
		0.589543,
		-0.160796,
		1,
	},
	[0.26666666666666666] = {
		1,
		0.000113,
		-0.000503,
		0,
		-0.000503,
		7.1e-05,
		-1,
		0,
		-0.000112,
		1,
		7.1e-05,
		0,
		-0.249923,
		0.575554,
		-0.186875,
		1,
	},
	[0.2833333333333333] = {
		1,
		-0,
		-0,
		0,
		-0,
		0,
		-1,
		0,
		0,
		1,
		0,
		0,
		-0.271409,
		0.555694,
		-0.208068,
		1,
	},
	[0.2] = {
		0.999978,
		0.001896,
		-0.00628,
		0,
		-0.006282,
		0.000892,
		-0.99998,
		0,
		-0.001891,
		0.999998,
		0.000904,
		0,
		-0.173299,
		0.600376,
		-0.078705,
		1,
	},
	[0.31666666666666665] = {
		1,
		0,
		0,
		0,
		0,
		0.001616,
		-0.999999,
		0,
		-0,
		0.999999,
		0.001616,
		0,
		-0.353322,
		0.253387,
		-0.251273,
		1,
	},
	[0.3333333333333333] = {
		1,
		0,
		0,
		0,
		0,
		0.003385,
		-0.999994,
		0,
		-0,
		0.999994,
		0.003385,
		0,
		-0.41322,
		0.121922,
		-0.275915,
		1,
	},
	[0.35] = {
		1,
		0,
		0,
		0,
		0,
		0.005571,
		-0.999984,
		0,
		-0,
		0.999984,
		0.005571,
		0,
		-0.473466,
		0.068009,
		-0.30862,
		1,
	},
	[0.36666666666666664] = {
		0.985272,
		-0.168032,
		-0.031697,
		0,
		-0.027908,
		0.024865,
		-0.999301,
		0,
		0.168702,
		0.985468,
		0.019809,
		0,
		-0.500832,
		0.019439,
		-0.343624,
		1,
	},
	[0.38333333333333336] = {
		0.933872,
		-0.357449,
		-0.010608,
		0,
		-0.003816,
		0.019701,
		-0.999799,
		0,
		0.357586,
		0.933725,
		0.017034,
		0,
		-0.48687,
		-0.011549,
		-0.375384,
		1,
	},
	[0.3] = {
		1,
		0,
		-0,
		0,
		-0,
		0.000432,
		-1,
		0,
		-0,
		1,
		0.000432,
		0,
		-0.301917,
		0.447979,
		-0.230643,
		1,
	},
	[0.4166666666666667] = {
		0.703213,
		-0.678913,
		0.211113,
		0,
		0.208465,
		-0.086993,
		-0.974153,
		0,
		0.67973,
		0.729047,
		0.080355,
		0,
		-0.374458,
		-0.023931,
		-0.426201,
		1,
	},
	[0.43333333333333335] = {
		0.537868,
		-0.805883,
		0.247487,
		0,
		0.29747,
		-0.093257,
		-0.950166,
		0,
		0.788802,
		0.584684,
		0.189566,
		0,
		-0.292626,
		0.035438,
		-0.426842,
		1,
	},
	[0.45] = {
		0.371516,
		-0.905087,
		0.206865,
		0,
		0.38044,
		-0.054838,
		-0.923178,
		0,
		0.846901,
		0.421676,
		0.323958,
		0,
		-0.207011,
		0.10649,
		-0.422447,
		1,
	},
	[0.4666666666666667] = {
		0.239897,
		-0.967758,
		0.076771,
		0,
		0.453339,
		0.041747,
		-0.89036,
		0,
		0.858448,
		0.248398,
		0.448738,
		0,
		-0.124416,
		0.180966,
		-0.41566,
		1,
	},
	[0.48333333333333334] = {
		0.172195,
		-0.976962,
		-0.126069,
		0,
		0.505972,
		0.197528,
		-0.839628,
		0,
		0.845187,
		0.080792,
		0.528328,
		0,
		-0.05106,
		0.250504,
		-0.40911,
		1,
	},
	[0.4] = {
		0.839293,
		-0.538464,
		0.07512,
		0,
		0.078217,
		-0.017145,
		-0.996789,
		0,
		0.538023,
		0.842474,
		0.027727,
		0,
		-0.439961,
		-0.025109,
		-0.404231,
		1,
	},
	[0.5166666666666667] = {
		0.185056,
		-0.819765,
		-0.541978,
		0,
		0.474022,
		0.557565,
		-0.681487,
		0,
		0.860847,
		-0.130796,
		0.491767,
		0,
		0.034075,
		0.325081,
		-0.407847,
		1,
	},
	[0.5333333333333333] = {
		0.140823,
		-0.730867,
		-0.667835,
		0,
		0.39149,
		0.660686,
		-0.640492,
		0,
		0.909343,
		-0.171255,
		0.379167,
		0,
		0.025188,
		0.301482,
		-0.417782,
		1,
	},
	[0.55] = {
		0.030708,
		-0.65575,
		-0.754353,
		0,
		0.285187,
		0.729085,
		-0.622176,
		0,
		0.95798,
		-0.196026,
		0.2094,
		0,
		-0.005834,
		0.25672,
		-0.428763,
		1,
	},
	[0.5666666666666667] = {
		-0.127838,
		-0.577984,
		-0.805973,
		0,
		0.127304,
		0.796356,
		-0.59128,
		0,
		0.983591,
		-0.178191,
		-0.028225,
		0,
		-0.04239,
		0.215689,
		-0.429772,
		1,
	},
	[0.5833333333333334] = {
		-0.290162,
		-0.504955,
		-0.812913,
		0,
		-0.102525,
		0.860972,
		-0.498212,
		0,
		0.95147,
		-0.061218,
		-0.301591,
		0,
		-0.066334,
		0.200921,
		-0.41423,
		1,
	},
	[0.5] = {
		0.172545,
		-0.918137,
		-0.356725,
		0,
		0.518273,
		0.392596,
		-0.759777,
		0,
		0.837629,
		-0.053785,
		0.543586,
		0,
		0.007213,
		0.306475,
		-0.40494,
		1,
	},
	[0.6166666666666667] = {
		-0.323046,
		-0.498242,
		-0.804609,
		0,
		-0.669299,
		0.721363,
		-0.177973,
		0,
		0.669089,
		0.48103,
		-0.566506,
		0,
		-0.038716,
		0.29415,
		-0.336988,
		1,
	},
	[0.6333333333333333] = {
		0.033597,
		-0.585355,
		-0.810081,
		0,
		-0.898711,
		0.336916,
		-0.280725,
		0,
		0.437253,
		0.73746,
		-0.514745,
		0,
		-0.049463,
		0.365916,
		-0.279378,
		1,
	},
	[0.65] = {
		0.54576,
		-0.420943,
		-0.724536,
		0,
		-0.802377,
		-0.013296,
		-0.596669,
		0,
		0.24153,
		0.90699,
		-0.345011,
		0,
		-0.070285,
		0.430277,
		-0.201941,
		1,
	},
	[0.6666666666666666] = {
		0.889755,
		-0.167971,
		-0.424407,
		0,
		-0.44315,
		-0.095179,
		-0.89138,
		0,
		0.109331,
		0.981186,
		-0.159122,
		0,
		-0.103298,
		0.460396,
		-0.134336,
		1,
	},
	[0.6833333333333333] = {
		0.992299,
		-0.029833,
		-0.120223,
		0,
		-0.12125,
		-0.03538,
		-0.991991,
		0,
		0.02534,
		0.998929,
		-0.038725,
		0,
		-0.135947,
		0.466952,
		-0.093822,
		1,
	},
	[0.6] = {
		-0.394729,
		-0.457041,
		-0.797059,
		0,
		-0.372838,
		0.872545,
		-0.315684,
		0,
		0.839751,
		0.172564,
		-0.514821,
		0,
		-0.062816,
		0.231849,
		-0.383008,
		1,
	},
	[0.7166666666666667] = {
		0.999999,
		0.00102,
		-0.000179,
		0,
		-0.000181,
		0.002032,
		-0.999998,
		0,
		-0.001019,
		0.999997,
		0.002032,
		0,
		-0.160506,
		0.46374,
		-0.061931,
		1,
	},
	[0.7333333333333333] = {
		0.999999,
		0.001119,
		-0.000175,
		0,
		-0.000177,
		0.001595,
		-0.999999,
		0,
		-0.001118,
		0.999998,
		0.001596,
		0,
		-0.165375,
		0.459682,
		-0.053575,
		1,
	},
	[0.75] = {
		0.999999,
		0.00119,
		-0.000173,
		0,
		-0.000174,
		0.001284,
		-0.999999,
		0,
		-0.00119,
		0.999998,
		0.001284,
		0,
		-0.16807,
		0.453635,
		-0.047931,
		1,
	},
	[0.7666666666666667] = {
		0.999999,
		0.001227,
		-0.000173,
		0,
		-0.000174,
		0.001083,
		-0.999999,
		0,
		-0.001227,
		0.999999,
		0.001083,
		0,
		-0.167396,
		0.446751,
		-0.045162,
		1,
	},
	[0.7833333333333333] = {
		0.999999,
		0.001222,
		-0.000176,
		0,
		-0.000177,
		0.000977,
		-1,
		0,
		-0.001222,
		0.999999,
		0.000977,
		0,
		-0.16216,
		0.440043,
		-0.046395,
		1,
	},
	[0.7] = {
		1,
		0.000901,
		-0.00018,
		0,
		-0.000182,
		0.002613,
		-0.999997,
		0,
		-0.000901,
		0.999996,
		0.002613,
		0,
		-0.153738,
		0.46591,
		-0.072756,
		1,
	},
	[0.8166666666666667] = {
		0.999999,
		0.00106,
		-0.00022,
		0,
		-0.000221,
		0.001017,
		-0.999999,
		0,
		-0.00106,
		0.999999,
		0.001017,
		0,
		-0.147025,
		0.427265,
		-0.070714,
		1,
	},
	[0.8333333333333334] = {
		1,
		0.000946,
		-0.000256,
		0,
		-0.000257,
		0.001081,
		-0.999999,
		0,
		-0.000946,
		0.999999,
		0.001082,
		0,
		-0.143949,
		0.422135,
		-0.088494,
		1,
	},
	[0.85] = {
		1,
		0.000841,
		-0.000291,
		0,
		-0.000291,
		0.001158,
		-0.999999,
		0,
		-0.00084,
		0.999999,
		0.001158,
		0,
		-0.143796,
		0.417769,
		-0.104604,
		1,
	},
	[0.8666666666666667] = {
		1,
		0.000735,
		-0.000324,
		0,
		-0.000325,
		0.001236,
		-0.999999,
		0,
		-0.000734,
		0.999999,
		0.001236,
		0,
		-0.145661,
		0.413306,
		-0.119985,
		1,
	},
	[0.8833333333333333] = {
		1,
		0.000645,
		-0.000353,
		0,
		-0.000354,
		0.001287,
		-0.999999,
		0,
		-0.000644,
		0.999999,
		0.001288,
		0,
		-0.148427,
		0.409173,
		-0.132219,
		1,
	},
	[0.8] = {
		0.999999,
		0.001164,
		-0.00019,
		0,
		-0.000191,
		0.000966,
		-1,
		0,
		-0.001164,
		0.999999,
		0.000966,
		0,
		-0.15386,
		0.433514,
		-0.054696,
		1,
	},
	[0.9166666666666666] = {
		1,
		0.000553,
		-0.000374,
		0,
		-0.000375,
		0.001327,
		-0.999999,
		0,
		-0.000553,
		0.999999,
		0.001327,
		0,
		-0.15101,
		0.403842,
		-0.141893,
		1,
	},
	[0.9333333333333333] = {
		1,
		0.00053,
		-0.000375,
		0,
		-0.000376,
		0.001331,
		-0.999999,
		0,
		-0.000529,
		0.999999,
		0.001331,
		0,
		-0.15115,
		0.402084,
		-0.143092,
		1,
	},
	[0.95] = {
		1,
		0.000515,
		-0.000371,
		0,
		-0.000372,
		0.00133,
		-0.999999,
		0,
		-0.000515,
		0.999999,
		0.00133,
		0,
		-0.150813,
		0.40073,
		-0.143066,
		1,
	},
	[0.9666666666666667] = {
		1,
		0.000507,
		-0.000364,
		0,
		-0.000365,
		0.001324,
		-0.999999,
		0,
		-0.000507,
		0.999999,
		0.001324,
		0,
		-0.1501,
		0.399737,
		-0.142144,
		1,
	},
	[0.9833333333333333] = {
		1,
		0.000504,
		-0.000355,
		0,
		-0.000355,
		0.001314,
		-0.999999,
		0,
		-0.000504,
		0.999999,
		0.001314,
		0,
		-0.149149,
		0.399049,
		-0.140653,
		1,
	},
	[0.9] = {
		1,
		0.000586,
		-0.000369,
		0,
		-0.00037,
		0.001315,
		-0.999999,
		0,
		-0.000586,
		0.999999,
		0.001315,
		0,
		-0.150361,
		0.406028,
		-0.139143,
		1,
	},
	[1.0166666666666666] = {
		1,
		0.000505,
		-0.000331,
		0,
		-0.000331,
		0.001289,
		-0.999999,
		0,
		-0.000505,
		0.999999,
		0.001289,
		0,
		-0.147196,
		0.398343,
		-0.137259,
		1,
	},
	[1.0333333333333334] = {
		1,
		0.000507,
		-0.000318,
		0,
		-0.000319,
		0.001275,
		-0.999999,
		0,
		-0.000507,
		0.999999,
		0.001275,
		0,
		-0.14654,
		0.398194,
		-0.136004,
		1,
	},
	[1.05] = {
		1,
		0.00051,
		-0.000306,
		0,
		-0.000307,
		0.001261,
		-0.999999,
		0,
		-0.000509,
		0.999999,
		0.001261,
		0,
		-0.146115,
		0.398212,
		-0.135049,
		1,
	},
	[1.0666666666666667] = {
		1,
		0.000505,
		-0.000303,
		0,
		-0.000304,
		0.001248,
		-0.999999,
		0,
		-0.000504,
		0.999999,
		0.001248,
		0,
		-0.146115,
		0.398211,
		-0.13505,
		1,
	},
	[1.0833333333333333] = {
		1,
		0.0005,
		-0.000301,
		0,
		-0.000301,
		0.001237,
		-0.999999,
		0,
		-0.0005,
		0.999999,
		0.001237,
		0,
		-0.146115,
		0.398211,
		-0.13505,
		1,
	},
	{
		1,
		0.000504,
		-0.000343,
		0,
		-0.000344,
		0.001302,
		-0.999999,
		0,
		-0.000504,
		0.999999,
		0.001302,
		0,
		-0.148124,
		0.398607,
		-0.138917,
		1,
	},
	[1.1166666666666667] = {
		1,
		0.000493,
		-0.000296,
		0,
		-0.000297,
		0.001219,
		-0.999999,
		0,
		-0.000493,
		0.999999,
		0.001219,
		0,
		-0.146114,
		0.39821,
		-0.135051,
		1,
	},
	[1.1333333333333333] = {
		1,
		0.000491,
		-0.000295,
		0,
		-0.000295,
		0.001214,
		-0.999999,
		0,
		-0.000491,
		0.999999,
		0.001214,
		0,
		-0.146114,
		0.39821,
		-0.135051,
		1,
	},
	[1.15] = {
		1,
		0.00049,
		-0.000295,
		0,
		-0.000295,
		0.001213,
		-0.999999,
		0,
		-0.00049,
		0.999999,
		0.001213,
		0,
		-0.146114,
		0.39821,
		-0.135051,
		1,
	},
	[1.1] = {
		1,
		0.000496,
		-0.000298,
		0,
		-0.000299,
		0.001227,
		-0.999999,
		0,
		-0.000496,
		0.999999,
		0.001227,
		0,
		-0.146114,
		0.398211,
		-0.135051,
		1,
	},
}

return spline_matrices
