-- chunkname: @content/characters/player/human/first_person/animations/dual_shivs/attack_lunge.lua

local spline_matrices = {
	[0.016666666666666666] = {
		-0.001221,
		0.01504,
		-0.999886,
		0,
		-0.999969,
		0.007714,
		0.001337,
		0,
		0.007733,
		0.999857,
		0.01503,
		0,
		0.290584,
		0.168749,
		-0.110894,
		1,
	},
	[0.03333333333333333] = {
		-0.002442,
		0.030076,
		-0.999545,
		0,
		-0.999877,
		0.015385,
		0.002906,
		0,
		0.015465,
		0.999429,
		0.030035,
		0,
		0.280096,
		0.241936,
		-0.106033,
		1,
	},
	[0.05] = {
		-0.00181,
		0.020828,
		-0.999781,
		0,
		-0.999923,
		0.012209,
		0.002065,
		0,
		0.01225,
		0.999709,
		0.020805,
		0,
		0.26649,
		0.3211,
		-0.100852,
		1,
	},
	[0.06666666666666667] = {
		-0.000418,
		0.000479,
		-1,
		0,
		-0.999987,
		0.005175,
		0.000421,
		0,
		0.005175,
		0.999986,
		0.000477,
		0,
		0.248933,
		0.39505,
		-0.098248,
		1,
	},
	[0.08333333333333333] = {
		0.000973,
		-0.019871,
		-0.999802,
		0,
		-0.999998,
		-0.001919,
		-0.000935,
		0,
		-0.001901,
		0.999801,
		-0.019872,
		0,
		0.227462,
		0.453403,
		-0.093772,
		1,
	},
	[0] = {
		0,
		0,
		-1,
		0,
		-1,
		-0,
		-0,
		0,
		-0,
		1,
		0,
		0,
		0.301938,
		0.111474,
		-0.107327,
		1,
	},
	[0.11666666666666667] = {
		0.000733,
		-0.025991,
		-0.999662,
		0,
		-0.999988,
		-0.004925,
		-0.000605,
		0,
		-0.004907,
		0.99965,
		-0.025994,
		0,
		0.186153,
		0.547869,
		-0.073897,
		1,
	},
	[0.13333333333333333] = {
		-0.001348,
		-0.018531,
		-0.999827,
		0,
		-0.999989,
		-0.004355,
		0.001428,
		0,
		-0.00438,
		0.999819,
		-0.018525,
		0,
		0.168572,
		0.594786,
		-0.069426,
		1,
	},
	[0.15] = {
		-0.003831,
		-0.009627,
		-0.999946,
		0,
		-0.999986,
		-0.003648,
		0.003866,
		0,
		-0.003685,
		0.999947,
		-0.009613,
		0,
		0.16241,
		0.616585,
		-0.071629,
		1,
	},
	[0.16666666666666666] = {
		-0.005912,
		-0.002166,
		-0.99998,
		0,
		-0.999978,
		-0.002959,
		0.005918,
		0,
		-0.002972,
		0.999993,
		-0.002148,
		0,
		0.162204,
		0.628034,
		-0.076523,
		1,
	},
	[0.18333333333333332] = {
		-0.006784,
		0.000963,
		-0.999977,
		0,
		-0.999974,
		-0.002397,
		0.006782,
		0,
		-0.002391,
		0.999997,
		0.000979,
		0,
		0.165461,
		0.632477,
		-0.081812,
		1,
	},
	[0.1] = {
		0.001606,
		-0.029118,
		-0.999575,
		0,
		-0.999986,
		-0.005161,
		-0.001456,
		0,
		-0.005117,
		0.999563,
		-0.029126,
		0,
		0.205597,
		0.500617,
		-0.084339,
		1,
	},
	[0.21666666666666667] = {
		-0.005025,
		0.000713,
		-0.999987,
		0,
		-0.999986,
		-0.001361,
		0.005025,
		0,
		-0.001357,
		0.999999,
		0.00072,
		0,
		0.177603,
		0.597478,
		-0.102748,
		1,
	},
	[0.23333333333333334] = {
		-0.003392,
		0.000482,
		-0.999994,
		0,
		-0.999994,
		-0.000848,
		0.003392,
		0,
		-0.000846,
		1,
		0.000484,
		0,
		0.185522,
		0.571595,
		-0.115472,
		1,
	},
	[0.25] = {
		-0.001759,
		0.00025,
		-0.999998,
		0,
		-0.999998,
		-0.000413,
		0.001759,
		0,
		-0.000413,
		1,
		0.000251,
		0,
		0.194732,
		0.533842,
		-0.129348,
		1,
	},
	[0.26666666666666666] = {
		-0.000503,
		7.1e-05,
		-1,
		0,
		-1,
		-0.000113,
		0.000503,
		0,
		-0.000112,
		1,
		7.1e-05,
		0,
		0.205098,
		0.501355,
		-0.144069,
		1,
	},
	[0.2833333333333333] = {
		-0,
		0,
		-1,
		0,
		-1,
		-0,
		0,
		0,
		-0,
		1,
		0,
		0,
		0.217785,
		0.479796,
		-0.159661,
		1,
	},
	[0.2] = {
		-0.006282,
		0.000892,
		-0.99998,
		0,
		-0.999978,
		-0.001896,
		0.00628,
		0,
		-0.00189,
		0.999998,
		0.000904,
		0,
		0.170943,
		0.619123,
		-0.091418,
		1,
	},
	[0.31666666666666665] = {
		0,
		0.001616,
		-0.999999,
		0,
		-1,
		0,
		-0,
		0,
		0,
		0.999999,
		0.001616,
		0,
		0.251314,
		0.450574,
		-0.193429,
		1,
	},
	[0.3333333333333333] = {
		0,
		0.003385,
		-0.999994,
		0,
		-1,
		-0,
		-0,
		0,
		-0,
		0.999994,
		0.003385,
		0,
		0.27213,
		0.440998,
		-0.209033,
		1,
	},
	[0.35] = {
		-0,
		0.005571,
		-0.999984,
		0,
		-1,
		-0,
		0,
		0,
		-0,
		0.999984,
		0.005571,
		0,
		0.293328,
		0.432571,
		-0.221507,
		1,
	},
	[0.36666666666666664] = {
		-0,
		0.008009,
		-0.999968,
		0,
		-1,
		-0,
		0,
		0,
		-0,
		0.999968,
		0.008009,
		0,
		0.313215,
		0.425276,
		-0.22995,
		1,
	},
	[0.38333333333333336] = {
		-0,
		0.01053,
		-0.999945,
		0,
		-1,
		-0,
		0,
		0,
		-0,
		0.999945,
		0.01053,
		0,
		0.331201,
		0.422196,
		-0.233098,
		1,
	},
	[0.3] = {
		0,
		0.000432,
		-1,
		0,
		-1,
		-0,
		-0,
		0,
		-0,
		1,
		0.000432,
		0,
		0.232322,
		0.461366,
		-0.175887,
		1,
	},
	[0.4166666666666667] = {
		-0,
		0.015154,
		-0.999885,
		0,
		-1,
		0,
		0,
		0,
		0,
		0.999885,
		0.015154,
		0,
		0.361368,
		0.439965,
		-0.228489,
		1,
	},
	[0.43333333333333335] = {
		-0,
		0.016922,
		-0.999857,
		0,
		-1,
		0,
		0,
		0,
		0,
		0.999857,
		0.016922,
		0,
		0.359787,
		0.475772,
		-0.229068,
		1,
	},
	[0.45] = {
		0,
		0.018106,
		-0.999836,
		0,
		-1,
		-0,
		-0,
		0,
		-0,
		0.999836,
		0.018106,
		0,
		0.350518,
		0.510915,
		-0.235982,
		1,
	},
	[0.4666666666666667] = {
		0,
		0.018538,
		-0.999828,
		0,
		-1,
		-0,
		-0,
		0,
		-0,
		0.999828,
		0.018538,
		0,
		0.341601,
		0.509801,
		-0.24037,
		1,
	},
	[0.48333333333333334] = {
		0,
		0.018426,
		-0.99983,
		0,
		-1,
		-0,
		-0,
		0,
		-0,
		0.99983,
		0.018426,
		0,
		0.337617,
		0.509625,
		-0.243411,
		1,
	},
	[0.4] = {
		-0,
		0.012967,
		-0.999916,
		0,
		-1,
		-0,
		0,
		0,
		-0,
		0.999916,
		0.012967,
		0,
		0.347359,
		0.431185,
		-0.232201,
		1,
	},
	[0.5166666666666667] = {
		-0,
		0.017402,
		-0.999849,
		0,
		-1,
		0,
		0,
		0,
		0,
		0.999849,
		0.017402,
		0,
		0.317151,
		0.509889,
		-0.212018,
		1,
	},
	[0.5333333333333333] = {
		-0,
		0.016416,
		-0.999865,
		0,
		-1,
		-0,
		0,
		0,
		-0,
		0.999865,
		0.016416,
		0,
		0.314241,
		0.520086,
		-0.215182,
		1,
	},
	[0.55] = {
		1.4e-05,
		0.015089,
		-0.999886,
		0,
		-1,
		5e-06,
		-1.4e-05,
		0,
		5e-06,
		0.999886,
		0.015089,
		0,
		0.28876,
		0.532275,
		-0.217674,
		1,
	},
	[0.5666666666666667] = {
		5.2e-05,
		0.013497,
		-0.999909,
		0,
		-1,
		6e-06,
		-5.2e-05,
		0,
		6e-06,
		0.999909,
		0.013497,
		0,
		0.275453,
		0.524822,
		-0.223732,
		1,
	},
	[0.5833333333333334] = {
		0.000111,
		0.011762,
		-0.999931,
		0,
		-1,
		-0,
		-0.000111,
		0,
		-2e-06,
		0.999931,
		0.011762,
		0,
		0.242273,
		0.526929,
		-0.216221,
		1,
	},
	[0.5] = {
		-0,
		0.018062,
		-0.999837,
		0,
		-1,
		0,
		0,
		0,
		0,
		0.999837,
		0.018062,
		0,
		0.352318,
		0.559937,
		-0.243896,
		1,
	},
	[0.6166666666666667] = {
		0.000276,
		0.008408,
		-0.999965,
		0,
		-1,
		-3.9e-05,
		-0.000276,
		0,
		-4.1e-05,
		0.999965,
		0.008408,
		0,
		0.191424,
		0.521956,
		-0.198303,
		1,
	},
	[0.6333333333333333] = {
		0.000372,
		0.006978,
		-0.999976,
		0,
		-1,
		-6.4e-05,
		-0.000373,
		0,
		-6.6e-05,
		0.999976,
		0.006978,
		0,
		0.163101,
		0.508301,
		-0.183646,
		1,
	},
	[0.65] = {
		0.000468,
		0.005753,
		-0.999983,
		0,
		-1,
		-7.8e-05,
		-0.000469,
		0,
		-8.1e-05,
		0.999983,
		0.005753,
		0,
		0.142143,
		0.493152,
		-0.168427,
		1,
	},
	[0.6666666666666666] = {
		0.000561,
		0.00472,
		-0.999989,
		0,
		-1,
		-7.6e-05,
		-0.000561,
		0,
		-7.8e-05,
		0.999989,
		0.00472,
		0,
		0.128648,
		0.478871,
		-0.155051,
		1,
	},
	[0.6833333333333333] = {
		0.000646,
		0.003862,
		-0.999992,
		0,
		-1,
		-4.6e-05,
		-0.000646,
		0,
		-4.8e-05,
		0.999993,
		0.003862,
		0,
		0.122476,
		0.462754,
		-0.13735,
		1,
	},
	[0.6] = {
		0.000187,
		0.010027,
		-0.99995,
		0,
		-1,
		-1.6e-05,
		-0.000187,
		0,
		-1.8e-05,
		0.99995,
		0.010027,
		0,
		0.217031,
		0.526791,
		-0.20119,
		1,
	},
	[0.7166666666666667] = {
		0.000784,
		0.002572,
		-0.999996,
		0,
		-1,
		6.8e-05,
		-0.000784,
		0,
		6.6e-05,
		0.999997,
		0.002572,
		0,
		0.116547,
		0.436431,
		-0.108655,
		1,
	},
	[0.7333333333333333] = {
		0.000829,
		0.002105,
		-0.999997,
		0,
		-1,
		0.000139,
		-0.000829,
		0,
		0.000137,
		0.999998,
		0.002105,
		0,
		0.105088,
		0.425486,
		-0.101717,
		1,
	},
	[0.75] = {
		0.000858,
		0.001729,
		-0.999998,
		0,
		-1,
		0.000223,
		-0.000858,
		0,
		0.000222,
		0.999998,
		0.001729,
		0,
		0.097783,
		0.413596,
		-0.094384,
		1,
	},
	[0.7666666666666667] = {
		0.000877,
		0.001423,
		-0.999999,
		0,
		-1,
		0.000306,
		-0.000876,
		0,
		0.000305,
		0.999999,
		0.001423,
		0,
		0.09508,
		0.401766,
		-0.088316,
		1,
	},
	[0.7833333333333333] = {
		0.000896,
		0.001173,
		-0.999999,
		0,
		-1,
		0.000366,
		-0.000895,
		0,
		0.000365,
		0.999999,
		0.001173,
		0,
		0.096367,
		0.391025,
		-0.085376,
		1,
	},
	[0.7] = {
		0.000722,
		0.003153,
		-0.999995,
		0,
		-1,
		6e-06,
		-0.000722,
		0,
		3e-06,
		0.999995,
		0.003153,
		0,
		0.122144,
		0.447997,
		-0.119431,
		1,
	},
	[0.8166666666666667] = {
		0.000948,
		0.000849,
		-0.999999,
		0,
		-0.999999,
		0.000408,
		-0.000947,
		0,
		0.000408,
		1,
		0.00085,
		0,
		0.10628,
		0.376292,
		-0.088312,
		1,
	},
	[0.8333333333333334] = {
		0.000981,
		0.000775,
		-0.999999,
		0,
		-0.999999,
		0.000392,
		-0.00098,
		0,
		0.000391,
		1,
		0.000776,
		0,
		0.11346,
		0.373131,
		-0.093623,
		1,
	},
	[0.85] = {
		0.001005,
		0.000761,
		-0.999999,
		0,
		-0.999999,
		0.000364,
		-0.001005,
		0,
		0.000364,
		1,
		0.000761,
		0,
		0.117998,
		0.372913,
		-0.098191,
		1,
	},
	[0.8666666666666667] = {
		0.001015,
		0.000779,
		-0.999999,
		0,
		-0.999999,
		0.000343,
		-0.001015,
		0,
		0.000342,
		1,
		0.000779,
		0,
		0.118073,
		0.37478,
		-0.099774,
		1,
	},
	[0.8833333333333333] = {
		0.001019,
		0.000796,
		-0.999999,
		0,
		-0.999999,
		0.000323,
		-0.001019,
		0,
		0.000322,
		1,
		0.000796,
		0,
		0.117119,
		0.377423,
		-0.100366,
		1,
	},
	[0.8] = {
		0.00092,
		0.00098,
		-0.999999,
		0,
		-0.999999,
		0.000398,
		-0.00092,
		0,
		0.000397,
		0.999999,
		0.000981,
		0,
		0.100436,
		0.382349,
		-0.085653,
		1,
	},
	[0.9166666666666666] = {
		0.001032,
		0.000801,
		-0.999999,
		0,
		-0.999999,
		0.000274,
		-0.001032,
		0,
		0.000273,
		1,
		0.000801,
		0,
		0.122463,
		0.380943,
		-0.104589,
		1,
	},
	[0.9333333333333333] = {
		0.001035,
		0.000798,
		-0.999999,
		0,
		-0.999999,
		0.000252,
		-0.001035,
		0,
		0.000251,
		1,
		0.000798,
		0,
		0.125431,
		0.382768,
		-0.10631,
		1,
	},
	[0.95] = {
		0.001035,
		0.000794,
		-0.999999,
		0,
		-0.999999,
		0.000232,
		-0.001035,
		0,
		0.000232,
		1,
		0.000794,
		0,
		0.127725,
		0.384785,
		-0.107324,
		1,
	},
	[0.9666666666666667] = {
		0.001031,
		0.000788,
		-0.999999,
		0,
		-0.999999,
		0.000216,
		-0.001031,
		0,
		0.000216,
		1,
		0.000788,
		0,
		0.129443,
		0.386823,
		-0.10775,
		1,
	},
	[0.9833333333333333] = {
		0.001025,
		0.000781,
		-0.999999,
		0,
		-0.999999,
		0.000204,
		-0.001025,
		0,
		0.000204,
		1,
		0.000781,
		0,
		0.130693,
		0.388706,
		-0.107723,
		1,
	},
	[0.9] = {
		0.001025,
		0.000802,
		-0.999999,
		0,
		-0.999999,
		0.0003,
		-0.001025,
		0,
		0.000299,
		1,
		0.000803,
		0,
		0.118731,
		0.379463,
		-0.102057,
		1,
	},
	[1.0166666666666666] = {
		0.001009,
		0.000762,
		-0.999999,
		0,
		-0.999999,
		0.000191,
		-0.001009,
		0,
		0.00019,
		1,
		0.000762,
		0,
		0.132311,
		0.391267,
		-0.106881,
		1,
	},
	[1.0333333333333334] = {
		0.001001,
		0.000751,
		-0.999999,
		0,
		-0.999999,
		0.00019,
		-0.001001,
		0,
		0.000189,
		1,
		0.000751,
		0,
		0.132978,
		0.391577,
		-0.10635,
		1,
	},
	[1.05] = {
		0.000993,
		0.00074,
		-0.999999,
		0,
		-0.999999,
		0.00019,
		-0.000993,
		0,
		0.00019,
		1,
		0.00074,
		0,
		0.133493,
		0.391702,
		-0.106051,
		1,
	},
	[1.0666666666666667] = {
		0.000983,
		0.000732,
		-0.999999,
		0,
		-0.999999,
		0.000188,
		-0.000983,
		0,
		0.000188,
		1,
		0.000732,
		0,
		0.133493,
		0.391702,
		-0.106051,
		1,
	},
	[1.0833333333333333] = {
		0.000974,
		0.000725,
		-0.999999,
		0,
		-1,
		0.000187,
		-0.000974,
		0,
		0.000186,
		1,
		0.000726,
		0,
		0.133493,
		0.391702,
		-0.10605,
		1,
	},
	{
		0.001018,
		0.000772,
		-0.999999,
		0,
		-0.999999,
		0.000196,
		-0.001018,
		0,
		0.000195,
		1,
		0.000772,
		0,
		0.131601,
		0.390249,
		-0.107385,
		1,
	},
	[1.1166666666666667] = {
		0.000961,
		0.000715,
		-0.999999,
		0,
		-1,
		0.000184,
		-0.00096,
		0,
		0.000183,
		1,
		0.000715,
		0,
		0.133493,
		0.391702,
		-0.10605,
		1,
	},
	[1.1333333333333333] = {
		0.000957,
		0.000712,
		-0.999999,
		0,
		-1,
		0.000183,
		-0.000956,
		0,
		0.000183,
		1,
		0.000712,
		0,
		0.133493,
		0.391702,
		-0.10605,
		1,
	},
	[1.15] = {
		0.000955,
		0.000711,
		-0.999999,
		0,
		-1,
		0.000183,
		-0.000955,
		0,
		0.000182,
		1,
		0.000712,
		0,
		0.133493,
		0.391702,
		-0.10605,
		1,
	},
	[1.1] = {
		0.000967,
		0.00072,
		-0.999999,
		0,
		-1,
		0.000185,
		-0.000966,
		0,
		0.000184,
		1,
		0.00072,
		0,
		0.133493,
		0.391702,
		-0.10605,
		1,
	},
}

return spline_matrices
