-- chunkname: @content/characters/player/human/first_person/animations/dual_shivs/attack_swing_right_offhand_sweep.lua

local spline_matrices = {
	[0.016666666666666666] = {
		-0.951344,
		0.294342,
		0.091144,
		0,
		0.297031,
		0.954713,
		0.017192,
		0,
		-0.081956,
		0.043428,
		-0.995689,
		0,
		-0.186055,
		-0.016614,
		-0.313276,
		1,
	},
	[0.03333333333333333] = {
		-0.951314,
		0.294467,
		0.091052,
		0,
		0.297169,
		0.954667,
		0.017381,
		0,
		-0.081806,
		0.043593,
		-0.995694,
		0,
		-0.186012,
		-0.016539,
		-0.313305,
		1,
	},
	[0.05] = {
		-0.951259,
		0.294695,
		0.090885,
		0,
		0.297418,
		0.954583,
		0.017726,
		0,
		-0.081534,
		0.043893,
		-0.995704,
		0,
		-0.185934,
		-0.016402,
		-0.313358,
		1,
	},
	[0.06666666666666667] = {
		-0.951175,
		0.295047,
		0.090629,
		0,
		0.297803,
		0.954453,
		0.018256,
		0,
		-0.081115,
		0.044354,
		-0.995717,
		0,
		-0.185815,
		-0.016191,
		-0.31344,
		1,
	},
	[0.08333333333333333] = {
		-0.951055,
		0.295544,
		0.090267,
		0,
		0.298347,
		0.954268,
		0.019007,
		0,
		-0.080521,
		0.045007,
		-0.995736,
		0,
		-0.185646,
		-0.015892,
		-0.313556,
		1,
	},
	[0] = {
		-0.951353,
		0.294303,
		0.091172,
		0,
		0.296989,
		0.954727,
		0.017134,
		0,
		-0.082002,
		0.043377,
		-0.995688,
		0,
		-0.186068,
		-0.016637,
		-0.313267,
		1,
	},
	[0.11666666666666667] = {
		-0.950689,
		0.297048,
		0.089178,
		0,
		0.299987,
		0.953706,
		0.021275,
		0,
		-0.07873,
		0.046979,
		-0.995788,
		0,
		-0.185134,
		-0.014989,
		-0.313903,
		1,
	},
	[0.13333333333333333] = {
		-0.950452,
		0.298013,
		0.088486,
		0,
		0.301035,
		0.953342,
		0.022728,
		0,
		-0.077584,
		0.04824,
		-0.995818,
		0,
		-0.184806,
		-0.014411,
		-0.314123,
		1,
	},
	[0.15] = {
		-0.950216,
		0.298964,
		0.087807,
		0,
		0.302067,
		0.952981,
		0.024161,
		0,
		-0.076455,
		0.049482,
		-0.995844,
		0,
		-0.184482,
		-0.013842,
		-0.314339,
		1,
	},
	[0.16666666666666666] = {
		-0.950028,
		0.299716,
		0.087274,
		0,
		0.30288,
		0.952693,
		0.025292,
		0,
		-0.075565,
		0.050462,
		-0.995863,
		0,
		-0.184227,
		-0.013392,
		-0.314508,
		1,
	},
	[0.18333333333333332] = {
		-0.949917,
		0.300158,
		0.086961,
		0,
		0.303358,
		0.952523,
		0.025957,
		0,
		-0.075041,
		0.051038,
		-0.995873,
		0,
		-0.184077,
		-0.013127,
		-0.314607,
		1,
	},
	[0.1] = {
		-0.950894,
		0.29621,
		0.089784,
		0,
		0.299073,
		0.95402,
		0.020011,
		0,
		-0.079728,
		0.04588,
		-0.99576,
		0,
		-0.185419,
		-0.015492,
		-0.31371,
		1,
	},
	[0.21666666666666667] = {
		-0.950064,
		0.299513,
		0.08758,
		0,
		0.302713,
		0.952739,
		0.025568,
		0,
		-0.075783,
		0.050803,
		-0.995829,
		0,
		-0.184291,
		-0.013313,
		-0.314474,
		1,
	},
	[0.23333333333333334] = {
		-0.950525,
		0.297498,
		0.089425,
		0,
		0.300667,
		0.953427,
		0.024021,
		0,
		-0.078114,
		0.049719,
		-0.995704,
		0,
		-0.184961,
		-0.014009,
		-0.31405,
		1,
	},
	[0.25] = {
		-0.951142,
		0.294743,
		0.091953,
		0,
		0.297854,
		0.954361,
		0.021872,
		0,
		-0.08131,
		0.048192,
		-0.995523,
		0,
		-0.185878,
		-0.014974,
		-0.313463,
		1,
	},
	[0.26666666666666666] = {
		-0.951798,
		0.291737,
		0.094711,
		0,
		0.29477,
		0.95537,
		0.019469,
		0,
		-0.084804,
		0.046449,
		-0.995314,
		0,
		-0.186877,
		-0.016052,
		-0.312816,
		1,
	},
	[0.2833333333333333] = {
		-0.952386,
		0.288972,
		0.09724,
		0,
		0.291908,
		0.956293,
		0.017148,
		0,
		-0.088035,
		0.044717,
		-0.995113,
		0,
		-0.187797,
		-0.017085,
		-0.312209,
		1,
	},
	[0.2] = {
		-0.949883,
		0.300294,
		0.086865,
		0,
		0.303505,
		0.952471,
		0.026162,
		0,
		-0.07488,
		0.051215,
		-0.995877,
		0,
		-0.18403,
		-0.013046,
		-0.314637,
		1,
	},
	[0.31666666666666665] = {
		-0.953096,
		0.285606,
		0.100181,
		0,
		0.288333,
		0.957434,
		0.013572,
		0,
		-0.092041,
		0.041821,
		-0.994877,
		0,
		-0.189245,
		-0.018916,
		-0.311744,
		1,
	},
	[0.3333333333333333] = {
		-0.953311,
		0.284639,
		0.100895,
		0,
		0.287234,
		0.957787,
		0.011891,
		0,
		-0.093252,
		0.040316,
		-0.994826,
		0,
		-0.190347,
		-0.020343,
		-0.312246,
		1,
	},
	[0.35] = {
		-0.95346,
		0.284,
		0.101283,
		0,
		0.286462,
		0.958036,
		0.010355,
		0,
		-0.094092,
		0.038887,
		-0.994804,
		0,
		-0.191529,
		-0.021881,
		-0.312994,
		1,
	},
	[0.36666666666666664] = {
		-0.953548,
		0.283658,
		0.101411,
		0,
		0.286008,
		0.958184,
		0.009128,
		0,
		-0.094581,
		0.037709,
		-0.994803,
		0,
		-0.192535,
		-0.023213,
		-0.313732,
		1,
	},
	[0.38333333333333336] = {
		-0.953577,
		0.283584,
		0.101347,
		0,
		0.285859,
		0.958235,
		0.008374,
		0,
		-0.09474,
		0.036956,
		-0.994816,
		0,
		-0.193109,
		-0.024014,
		-0.314205,
		1,
	},
	[0.3] = {
		-0.952814,
		0.286932,
		0.099074,
		0,
		0.28977,
		0.956975,
		0.015236,
		0,
		-0.090439,
		0.043225,
		-0.994963,
		0,
		-0.18848,
		-0.017917,
		-0.311751,
		1,
	},
	[0.4166666666666667] = {
		-0.953574,
		0.283699,
		0.101056,
		0,
		0.285881,
		0.958236,
		0.007503,
		0,
		-0.094707,
		0.036045,
		-0.994852,
		0,
		-0.193614,
		-0.024821,
		-0.314693,
		1,
	},
	[0.43333333333333335] = {
		-0.953569,
		0.283771,
		0.100898,
		0,
		0.285911,
		0.95823,
		0.007112,
		0,
		-0.094665,
		0.035629,
		-0.994871,
		0,
		-0.193835,
		-0.025185,
		-0.314919,
		1,
	},
	[0.45] = {
		-0.953562,
		0.283854,
		0.100731,
		0,
		0.285953,
		0.95822,
		0.006751,
		0,
		-0.094606,
		0.035242,
		-0.994891,
		0,
		-0.194035,
		-0.025521,
		-0.315133,
		1,
	},
	[0.4666666666666667] = {
		-0.953553,
		0.283948,
		0.100555,
		0,
		0.28601,
		0.958205,
		0.006421,
		0,
		-0.094529,
		0.034883,
		-0.994911,
		0,
		-0.194214,
		-0.02583,
		-0.315336,
		1,
	},
	[0.48333333333333334] = {
		-0.95354,
		0.284054,
		0.100369,
		0,
		0.286082,
		0.958185,
		0.006124,
		0,
		-0.094433,
		0.034553,
		-0.994931,
		0,
		-0.19437,
		-0.02611,
		-0.315526,
		1,
	},
	[0.4] = {
		-0.953576,
		0.283637,
		0.101206,
		0,
		0.285864,
		0.958237,
		0.007924,
		0,
		-0.094732,
		0.036487,
		-0.994834,
		0,
		-0.193372,
		-0.02443,
		-0.314455,
		1,
	},
	[0.5166666666666667] = {
		-0.953507,
		0.284307,
		0.099969,
		0,
		0.286276,
		0.958131,
		0.00563,
		0,
		-0.094182,
		0.033987,
		-0.994975,
		0,
		-0.194617,
		-0.02658,
		-0.315869,
		1,
	},
	[0.5333333333333333] = {
		-0.953486,
		0.284455,
		0.099753,
		0,
		0.286399,
		0.958095,
		0.005436,
		0,
		-0.094027,
		0.033752,
		-0.994997,
		0,
		-0.194705,
		-0.026769,
		-0.316023,
		1,
	},
	[0.55] = {
		-0.95346,
		0.284618,
		0.099527,
		0,
		0.28654,
		0.958054,
		0.005277,
		0,
		-0.093851,
		0.03355,
		-0.995021,
		0,
		-0.19477,
		-0.026926,
		-0.316164,
		1,
	},
	[0.5666666666666667] = {
		-0.953431,
		0.284798,
		0.099291,
		0,
		0.286702,
		0.958006,
		0.005156,
		0,
		-0.093653,
		0.033383,
		-0.995045,
		0,
		-0.194811,
		-0.027051,
		-0.316292,
		1,
	},
	[0.5833333333333334] = {
		-0.953398,
		0.284996,
		0.099043,
		0,
		0.286884,
		0.957952,
		0.005072,
		0,
		-0.093433,
		0.03325,
		-0.99507,
		0,
		-0.194828,
		-0.027143,
		-0.316407,
		1,
	},
	[0.5] = {
		-0.953525,
		0.284173,
		0.100174,
		0,
		0.28617,
		0.958161,
		0.00586,
		0,
		-0.094317,
		0.034255,
		-0.994953,
		0,
		-0.194505,
		-0.02636,
		-0.315704,
		1,
	},
	[0.6166666666666667] = {
		-0.953318,
		0.285446,
		0.098514,
		0,
		0.287314,
		0.957823,
		0.005022,
		0,
		-0.092926,
		0.033092,
		-0.995123,
		0,
		-0.194787,
		-0.027223,
		-0.316599,
		1,
	},
	[0.6333333333333333] = {
		-0.953271,
		0.2857,
		0.098232,
		0,
		0.287563,
		0.957748,
		0.005058,
		0,
		-0.092637,
		0.03307,
		-0.995151,
		0,
		-0.194728,
		-0.027211,
		-0.316676,
		1,
	},
	[0.65] = {
		-0.953218,
		0.285977,
		0.097937,
		0,
		0.287839,
		0.957665,
		0.005138,
		0,
		-0.092321,
		0.033088,
		-0.995179,
		0,
		-0.194641,
		-0.02716,
		-0.316738,
		1,
	},
	[0.6666666666666666] = {
		-0.953152,
		0.286315,
		0.097595,
		0,
		0.288185,
		0.95756,
		0.005326,
		0,
		-0.091928,
		0.033202,
		-0.995212,
		0,
		-0.19448,
		-0.027013,
		-0.316765,
		1,
	},
	[0.6833333333333333] = {
		-0.953066,
		0.286741,
		0.097187,
		0,
		0.28863,
		0.957424,
		0.005671,
		0,
		-0.091423,
		0.033456,
		-0.99525,
		0,
		-0.194209,
		-0.026724,
		-0.316741,
		1,
	},
	[0.6] = {
		-0.95336,
		0.285211,
		0.098785,
		0,
		0.287088,
		0.957891,
		0.005027,
		0,
		-0.093191,
		0.033153,
		-0.995096,
		0,
		-0.19482,
		-0.0272,
		-0.31651,
		1,
	},
	[0.7166666666666667] = {
		-0.952819,
		0.287912,
		0.096138,
		0,
		0.289889,
		0.957035,
		0.006967,
		0,
		-0.090001,
		0.034508,
		-0.995344,
		0,
		-0.193245,
		-0.025602,
		-0.316484,
		1,
	},
	[0.7333333333333333] = {
		-0.952658,
		0.288654,
		0.095508,
		0,
		0.2907,
		0.956781,
		0.007946,
		0,
		-0.089087,
		0.035335,
		-0.995397,
		0,
		-0.192537,
		-0.024743,
		-0.316232,
		1,
	},
	[0.75] = {
		-0.952482,
		0.289449,
		0.094855,
		0,
		0.291576,
		0.956505,
		0.009082,
		0,
		-0.0881,
		0.036308,
		-0.99545,
		0,
		-0.191723,
		-0.023743,
		-0.315912,
		1,
	},
	[0.7666666666666667] = {
		-0.952307,
		0.290227,
		0.094232,
		0,
		0.292437,
		0.95623,
		0.01026,
		0,
		-0.08713,
		0.037327,
		-0.995497,
		0,
		-0.190887,
		-0.022704,
		-0.31556,
		1,
	},
	[0.7833333333333333] = {
		-0.952146,
		0.290932,
		0.093679,
		0,
		0.293222,
		0.955977,
		0.011372,
		0,
		-0.086246,
		0.038297,
		-0.995537,
		0,
		-0.1901,
		-0.021721,
		-0.315213,
		1,
	},
	[0.7] = {
		-0.952956,
		0.28727,
		0.096702,
		0,
		0.289195,
		0.95725,
		0.006208,
		0,
		-0.090785,
		0.033882,
		-0.995294,
		0,
		-0.193804,
		-0.026263,
		-0.316652,
		1,
	},
	[0.8166666666666667] = {
		-0.951886,
		0.292057,
		0.092819,
		0,
		0.294475,
		0.955568,
		0.013219,
		0,
		-0.084834,
		0.039916,
		-0.995595,
		0,
		-0.188801,
		-0.02009,
		-0.314614,
		1,
	},
	[0.8333333333333334] = {
		-0.951785,
		0.292488,
		0.092496,
		0,
		0.294957,
		0.955409,
		0.013947,
		0,
		-0.084292,
		0.040557,
		-0.995615,
		0,
		-0.188291,
		-0.019447,
		-0.314371,
		1,
	},
	[0.85] = {
		-0.951701,
		0.292847,
		0.092229,
		0,
		0.295359,
		0.955275,
		0.014563,
		0,
		-0.083839,
		0.0411,
		-0.995631,
		0,
		-0.18786,
		-0.018904,
		-0.314162,
		1,
	},
	[0.8666666666666667] = {
		-0.95163,
		0.293147,
		0.092008,
		0,
		0.295694,
		0.955164,
		0.015082,
		0,
		-0.083461,
		0.041558,
		-0.995644,
		0,
		-0.187498,
		-0.018446,
		-0.313985,
		1,
	},
	[0.8833333333333333] = {
		-0.95157,
		0.293397,
		0.091825,
		0,
		0.295974,
		0.95507,
		0.015518,
		0,
		-0.083146,
		0.041944,
		-0.995654,
		0,
		-0.187193,
		-0.018061,
		-0.313835,
		1,
	},
	[0.8] = {
		-0.952006,
		0.291542,
		0.09321,
		0,
		0.293901,
		0.955756,
		0.012363,
		0,
		-0.085481,
		0.039164,
		-0.99557,
		0,
		-0.189402,
		-0.020845,
		-0.314894,
		1,
	},
	[0.9166666666666666] = {
		-0.95148,
		0.293777,
		0.091549,
		0,
		0.296399,
		0.954927,
		0.016188,
		0,
		-0.082667,
		0.042537,
		-0.995669,
		0,
		-0.186726,
		-0.017471,
		-0.313601,
		1,
	},
	[0.9333333333333333] = {
		-0.951446,
		0.293917,
		0.091448,
		0,
		0.296556,
		0.954874,
		0.016438,
		0,
		-0.08249,
		0.04276,
		-0.995674,
		0,
		-0.186552,
		-0.01725,
		-0.313513,
		1,
	},
	[0.95] = {
		-0.951419,
		0.294031,
		0.091366,
		0,
		0.296684,
		0.954831,
		0.016642,
		0,
		-0.082346,
		0.042941,
		-0.995678,
		0,
		-0.18641,
		-0.01707,
		-0.313441,
		1,
	},
	[0.9666666666666667] = {
		-0.951397,
		0.294122,
		0.091302,
		0,
		0.296785,
		0.954796,
		0.016805,
		0,
		-0.082232,
		0.043085,
		-0.995681,
		0,
		-0.186297,
		-0.016927,
		-0.313384,
		1,
	},
	[0.9833333333333333] = {
		-0.95138,
		0.294191,
		0.091252,
		0,
		0.296863,
		0.95477,
		0.01693,
		0,
		-0.082144,
		0.043197,
		-0.995684,
		0,
		-0.18621,
		-0.016816,
		-0.313339,
		1,
	},
	[0.9] = {
		-0.951521,
		0.293605,
		0.091674,
		0,
		0.296206,
		0.954992,
		0.015883,
		0,
		-0.082884,
		0.042268,
		-0.995662,
		0,
		-0.186938,
		-0.017739,
		-0.313708,
		1,
	},
	[1.0166666666666666] = {
		-0.95136,
		0.294277,
		0.091191,
		0,
		0.29696,
		0.954737,
		0.017086,
		0,
		-0.082035,
		0.043335,
		-0.995687,
		0,
		-0.186102,
		-0.016679,
		-0.313284,
		1,
	},
	[1.0333333333333334] = {
		-0.951355,
		0.294297,
		0.091177,
		0,
		0.296982,
		0.95473,
		0.017122,
		0,
		-0.08201,
		0.043367,
		-0.995688,
		0,
		-0.186077,
		-0.016647,
		-0.313271,
		1,
	},
	[1.05] = {
		-0.951353,
		0.294303,
		0.091172,
		0,
		0.296989,
		0.954727,
		0.017134,
		0,
		-0.082002,
		0.043377,
		-0.995688,
		0,
		-0.186069,
		-0.016637,
		-0.313267,
		1,
	},
	[1.0666666666666667] = {
		-0.951353,
		0.294303,
		0.091172,
		0,
		0.296989,
		0.954727,
		0.017134,
		0,
		-0.082002,
		0.043377,
		-0.995688,
		0,
		-0.186069,
		-0.016637,
		-0.313267,
		1,
	},
	[1.0833333333333333] = {
		-0.951353,
		0.294303,
		0.091172,
		0,
		0.296989,
		0.954727,
		0.017134,
		0,
		-0.082002,
		0.043377,
		-0.995688,
		0,
		-0.186069,
		-0.016637,
		-0.313267,
		1,
	},
	{
		-0.951368,
		0.294242,
		0.091215,
		0,
		0.296921,
		0.95475,
		0.017023,
		0,
		-0.082079,
		0.043279,
		-0.995686,
		0,
		-0.186145,
		-0.016734,
		-0.313306,
		1,
	},
	[1.1166666666666667] = {
		-0.951353,
		0.294303,
		0.091172,
		0,
		0.296989,
		0.954727,
		0.017134,
		0,
		-0.082002,
		0.043377,
		-0.995688,
		0,
		-0.186069,
		-0.016637,
		-0.313267,
		1,
	},
	[1.1333333333333333] = {
		-0.951353,
		0.294303,
		0.091172,
		0,
		0.296989,
		0.954727,
		0.017134,
		0,
		-0.082002,
		0.043377,
		-0.995688,
		0,
		-0.186069,
		-0.016637,
		-0.313267,
		1,
	},
	[1.15] = {
		-0.951353,
		0.294303,
		0.091172,
		0,
		0.296989,
		0.954727,
		0.017134,
		0,
		-0.082002,
		0.043377,
		-0.995688,
		0,
		-0.186069,
		-0.016637,
		-0.313267,
		1,
	},
	[1.1666666666666667] = {
		-0.951353,
		0.294303,
		0.091172,
		0,
		0.296989,
		0.954727,
		0.017134,
		0,
		-0.082002,
		0.043377,
		-0.995688,
		0,
		-0.186069,
		-0.016637,
		-0.313267,
		1,
	},
	[1.1833333333333333] = {
		-0.951353,
		0.294303,
		0.091172,
		0,
		0.296989,
		0.954727,
		0.017134,
		0,
		-0.082002,
		0.043377,
		-0.995688,
		0,
		-0.186069,
		-0.016637,
		-0.313267,
		1,
	},
	[1.1] = {
		-0.951353,
		0.294303,
		0.091172,
		0,
		0.296989,
		0.954727,
		0.017134,
		0,
		-0.082002,
		0.043377,
		-0.995688,
		0,
		-0.186069,
		-0.016637,
		-0.313267,
		1,
	},
	[1.2166666666666666] = {
		-0.951353,
		0.294303,
		0.091172,
		0,
		0.296989,
		0.954727,
		0.017134,
		0,
		-0.082002,
		0.043377,
		-0.995688,
		0,
		-0.186069,
		-0.016637,
		-0.313267,
		1,
	},
	[1.2333333333333334] = {
		-0.951353,
		0.294303,
		0.091172,
		0,
		0.296989,
		0.954727,
		0.017134,
		0,
		-0.082002,
		0.043377,
		-0.995688,
		0,
		-0.186069,
		-0.016637,
		-0.313267,
		1,
	},
	[1.25] = {
		-0.951353,
		0.294303,
		0.091172,
		0,
		0.296989,
		0.954727,
		0.017134,
		0,
		-0.082002,
		0.043377,
		-0.995688,
		0,
		-0.186069,
		-0.016637,
		-0.313267,
		1,
	},
	[1.2666666666666666] = {
		-0.951353,
		0.294303,
		0.091172,
		0,
		0.296989,
		0.954727,
		0.017134,
		0,
		-0.082002,
		0.043377,
		-0.995688,
		0,
		-0.186069,
		-0.016637,
		-0.313267,
		1,
	},
	[1.2833333333333334] = {
		-0.951353,
		0.294303,
		0.091172,
		0,
		0.296989,
		0.954727,
		0.017134,
		0,
		-0.082002,
		0.043377,
		-0.995688,
		0,
		-0.186069,
		-0.016637,
		-0.313267,
		1,
	},
	[1.2] = {
		-0.951353,
		0.294303,
		0.091172,
		0,
		0.296989,
		0.954727,
		0.017134,
		0,
		-0.082002,
		0.043377,
		-0.995688,
		0,
		-0.186069,
		-0.016637,
		-0.313267,
		1,
	},
	[1.3166666666666667] = {
		-0.951353,
		0.294303,
		0.091172,
		0,
		0.296989,
		0.954727,
		0.017134,
		0,
		-0.082002,
		0.043377,
		-0.995688,
		0,
		-0.186069,
		-0.016637,
		-0.313267,
		1,
	},
	[1.3333333333333333] = {
		-0.951353,
		0.294303,
		0.091172,
		0,
		0.296989,
		0.954727,
		0.017134,
		0,
		-0.082002,
		0.043377,
		-0.995688,
		0,
		-0.186069,
		-0.016637,
		-0.313267,
		1,
	},
	[1.35] = {
		-0.951353,
		0.294303,
		0.091172,
		0,
		0.296989,
		0.954727,
		0.017134,
		0,
		-0.082002,
		0.043377,
		-0.995688,
		0,
		-0.186069,
		-0.016637,
		-0.313267,
		1,
	},
	[1.3666666666666667] = {
		-0.951353,
		0.294303,
		0.091172,
		0,
		0.296989,
		0.954727,
		0.017134,
		0,
		-0.082002,
		0.043377,
		-0.995688,
		0,
		-0.186069,
		-0.016637,
		-0.313267,
		1,
	},
	[1.3833333333333333] = {
		-0.951353,
		0.294303,
		0.091172,
		0,
		0.296989,
		0.954727,
		0.017134,
		0,
		-0.082002,
		0.043377,
		-0.995688,
		0,
		-0.186069,
		-0.016637,
		-0.313267,
		1,
	},
	[1.3] = {
		-0.951353,
		0.294303,
		0.091172,
		0,
		0.296989,
		0.954727,
		0.017134,
		0,
		-0.082002,
		0.043377,
		-0.995688,
		0,
		-0.186069,
		-0.016637,
		-0.313267,
		1,
	},
	[1.4166666666666667] = {
		-0.951353,
		0.294303,
		0.091172,
		0,
		0.296989,
		0.954727,
		0.017134,
		0,
		-0.082002,
		0.043377,
		-0.995688,
		0,
		-0.186069,
		-0.016637,
		-0.313267,
		1,
	},
	[1.4333333333333333] = {
		-0.951353,
		0.294303,
		0.091172,
		0,
		0.296989,
		0.954727,
		0.017134,
		0,
		-0.082002,
		0.043377,
		-0.995688,
		0,
		-0.186069,
		-0.016637,
		-0.313267,
		1,
	},
	[1.45] = {
		-0.951353,
		0.294303,
		0.091172,
		0,
		0.296989,
		0.954727,
		0.017134,
		0,
		-0.082002,
		0.043377,
		-0.995688,
		0,
		-0.186069,
		-0.016637,
		-0.313267,
		1,
	},
	[1.4666666666666666] = {
		-0.951353,
		0.294303,
		0.091172,
		0,
		0.296989,
		0.954727,
		0.017134,
		0,
		-0.082002,
		0.043377,
		-0.995688,
		0,
		-0.186069,
		-0.016637,
		-0.313267,
		1,
	},
	[1.4833333333333334] = {
		-0.951353,
		0.294303,
		0.091172,
		0,
		0.296989,
		0.954727,
		0.017134,
		0,
		-0.082002,
		0.043377,
		-0.995688,
		0,
		-0.186069,
		-0.016637,
		-0.313267,
		1,
	},
	[1.4] = {
		-0.951353,
		0.294303,
		0.091172,
		0,
		0.296989,
		0.954727,
		0.017134,
		0,
		-0.082002,
		0.043377,
		-0.995688,
		0,
		-0.186069,
		-0.016637,
		-0.313267,
		1,
	},
	[1.5166666666666666] = {
		-0.951353,
		0.294303,
		0.091172,
		0,
		0.296989,
		0.954727,
		0.017134,
		0,
		-0.082002,
		0.043377,
		-0.995688,
		0,
		-0.186069,
		-0.016637,
		-0.313267,
		1,
	},
	[1.5333333333333334] = {
		-0.951353,
		0.294303,
		0.091172,
		0,
		0.296989,
		0.954727,
		0.017134,
		0,
		-0.082002,
		0.043377,
		-0.995688,
		0,
		-0.186069,
		-0.016637,
		-0.313267,
		1,
	},
	[1.55] = {
		-0.951353,
		0.294303,
		0.091172,
		0,
		0.296989,
		0.954727,
		0.017134,
		0,
		-0.082002,
		0.043377,
		-0.995688,
		0,
		-0.186069,
		-0.016637,
		-0.313267,
		1,
	},
	[1.5666666666666667] = {
		-0.951353,
		0.294303,
		0.091172,
		0,
		0.296989,
		0.954727,
		0.017134,
		0,
		-0.082002,
		0.043377,
		-0.995688,
		0,
		-0.186069,
		-0.016637,
		-0.313267,
		1,
	},
	[1.5833333333333333] = {
		-0.951353,
		0.294303,
		0.091172,
		0,
		0.296989,
		0.954727,
		0.017134,
		0,
		-0.082002,
		0.043377,
		-0.995688,
		0,
		-0.186069,
		-0.016637,
		-0.313267,
		1,
	},
	[1.5] = {
		-0.951353,
		0.294303,
		0.091172,
		0,
		0.296989,
		0.954727,
		0.017134,
		0,
		-0.082002,
		0.043377,
		-0.995688,
		0,
		-0.186069,
		-0.016637,
		-0.313267,
		1,
	},
	[1.6166666666666667] = {
		-0.951353,
		0.294303,
		0.091172,
		0,
		0.296989,
		0.954727,
		0.017134,
		0,
		-0.082002,
		0.043377,
		-0.995688,
		0,
		-0.186069,
		-0.016637,
		-0.313267,
		1,
	},
	[1.6333333333333333] = {
		-0.951353,
		0.294303,
		0.091172,
		0,
		0.296989,
		0.954727,
		0.017134,
		0,
		-0.082002,
		0.043377,
		-0.995688,
		0,
		-0.186069,
		-0.016637,
		-0.313267,
		1,
	},
	[1.65] = {
		-0.951353,
		0.294303,
		0.091172,
		0,
		0.296989,
		0.954727,
		0.017134,
		0,
		-0.082002,
		0.043377,
		-0.995688,
		0,
		-0.186069,
		-0.016637,
		-0.313267,
		1,
	},
	[1.6666666666666667] = {
		-0.951353,
		0.294303,
		0.091172,
		0,
		0.296989,
		0.954727,
		0.017134,
		0,
		-0.082002,
		0.043377,
		-0.995688,
		0,
		-0.186069,
		-0.016637,
		-0.313267,
		1,
	},
	[1.6] = {
		-0.951353,
		0.294303,
		0.091172,
		0,
		0.296989,
		0.954727,
		0.017134,
		0,
		-0.082002,
		0.043377,
		-0.995688,
		0,
		-0.186069,
		-0.016637,
		-0.313267,
		1,
	},
}

return spline_matrices
