-- chunkname: @content/characters/player/human/first_person/animations/dual_shivs/attack_swing_right_hit_02.lua

local spline_matrices = {
	[0.016666666666666666] = {
		-0.521364,
		0.417784,
		-0.744067,
		0,
		0.072158,
		0.890414,
		0.449395,
		0,
		0.850278,
		0.180608,
		-0.494377,
		0,
		0.352689,
		0.448946,
		-0.249863,
		1,
	},
	[0.03333333333333333] = {
		-0.506118,
		0.417125,
		-0.754885,
		0,
		0.064438,
		0.891107,
		0.449194,
		0,
		0.860053,
		0.178702,
		-0.477884,
		0,
		0.355062,
		0.438519,
		-0.251639,
		1,
	},
	[0.05] = {
		-0.502005,
		0.416866,
		-0.757769,
		0,
		0.062071,
		0.891277,
		0.449191,
		0,
		0.862634,
		0.178461,
		-0.473301,
		0,
		0.355398,
		0.43523,
		-0.252278,
		1,
	},
	[0.06666666666666667] = {
		-0.505868,
		0.417181,
		-0.755022,
		0,
		0.063647,
		0.89094,
		0.449638,
		0,
		0.86026,
		0.179402,
		-0.477251,
		0,
		0.354462,
		0.437103,
		-0.252151,
		1,
	},
	[0.08333333333333333] = {
		-0.514488,
		0.417652,
		-0.748912,
		0,
		0.067356,
		0.890354,
		0.450259,
		0,
		0.854848,
		0.18121,
		-0.486208,
		0,
		0.352639,
		0.442099,
		-0.251516,
		1,
	},
	[0] = {
		-0.550545,
		0.417456,
		-0.722932,
		0,
		0.08565,
		0.889665,
		0.44851,
		0,
		0.8304,
		0.185006,
		-0.525555,
		0,
		0.346943,
		0.468539,
		-0.245887,
		1,
	},
	[0.11666666666666667] = {
		-0.533057,
		0.417676,
		-0.735797,
		0,
		0.074018,
		0.889342,
		0.451212,
		0,
		0.842835,
		0.186059,
		-0.504986,
		0,
		0.348016,
		0.453307,
		-0.249753,
		1,
	},
	[0.13333333333333333] = {
		-0.53659,
		0.417267,
		-0.733457,
		0,
		0.073865,
		0.889076,
		0.451761,
		0,
		0.840604,
		0.188234,
		-0.507891,
		0,
		0.346502,
		0.455524,
		-0.249265,
		1,
	},
	[0.15] = {
		-0.532071,
		0.416784,
		-0.737016,
		0,
		0.069438,
		0.889004,
		0.452605,
		0,
		0.843848,
		0.189641,
		-0.501953,
		0,
		0.346493,
		0.452856,
		-0.249527,
		1,
	},
	[0.16666666666666666] = {
		-0.516331,
		0.415762,
		-0.748695,
		0,
		0.058844,
		0.889404,
		0.453318,
		0,
		0.854365,
		0.190006,
		-0.483692,
		0,
		0.348353,
		0.443263,
		-0.250839,
		1,
	},
	[0.18333333333333332] = {
		-0.486202,
		0.412243,
		-0.770495,
		0,
		0.03925,
		0.891141,
		0.452026,
		0,
		0.872964,
		0.189534,
		-0.449455,
		0,
		0.351541,
		0.424568,
		-0.253311,
		1,
	},
	[0.1] = {
		-0.524627,
		0.417858,
		-0.741728,
		0,
		0.071363,
		0.889775,
		0.450786,
		0,
		0.848336,
		0.183563,
		-0.496619,
		0,
		0.350306,
		0.448172,
		-0.250619,
		1,
	},
	[0.21666666666666667] = {
		-0.343466,
		0.356225,
		-0.868985,
		0,
		-0.014723,
		0.923118,
		0.384235,
		0,
		0.93905,
		0.144766,
		-0.311815,
		0,
		0.365508,
		0.336191,
		-0.271189,
		1,
	},
	[0.23333333333333334] = {
		-0.273289,
		0.300648,
		-0.913742,
		0,
		0.048535,
		0.953002,
		0.29905,
		0,
		0.960707,
		0.037379,
		-0.275037,
		0,
		0.39368,
		0.292632,
		-0.29091,
		1,
	},
	[0.25] = {
		-0.214943,
		0.236824,
		-0.947478,
		0,
		0.145244,
		0.967116,
		0.208783,
		0,
		0.965766,
		-0.092739,
		-0.242272,
		0,
		0.426934,
		0.24864,
		-0.30983,
		1,
	},
	[0.26666666666666666] = {
		-0.175872,
		0.178106,
		-0.968167,
		0,
		0.235194,
		0.962617,
		0.13436,
		0,
		0.955904,
		-0.204077,
		-0.211187,
		0,
		0.453905,
		0.209229,
		-0.324281,
		1,
	},
	[0.2833333333333333] = {
		-0.160401,
		0.13899,
		-0.977217,
		0,
		0.280277,
		0.955698,
		0.089925,
		0,
		0.946423,
		-0.259468,
		-0.192251,
		0,
		0.465396,
		0.184721,
		-0.333821,
		1,
	},
	[0.2] = {
		-0.416195,
		0.394027,
		-0.819466,
		0,
		-0.010534,
		0.89908,
		0.437658,
		0,
		0.909215,
		0.190783,
		-0.370041,
		0,
		0.353655,
		0.380188,
		-0.258203,
		1,
	},
	[0.31666666666666665] = {
		-0.165121,
		0.095875,
		-0.981602,
		0,
		0.30618,
		0.951073,
		0.041389,
		0,
		0.937544,
		-0.293713,
		-0.186397,
		0,
		0.468751,
		0.16173,
		-0.350646,
		1,
	},
	[0.3333333333333333] = {
		-0.178327,
		0.085819,
		-0.980222,
		0,
		0.303471,
		0.952424,
		0.028177,
		0,
		0.936005,
		-0.292444,
		-0.195886,
		0,
		0.466218,
		0.158413,
		-0.359675,
		1,
	},
	[0.35] = {
		-0.197354,
		0.082525,
		-0.976853,
		0,
		0.291356,
		0.956363,
		0.021931,
		0,
		0.936036,
		-0.280284,
		-0.212786,
		0,
		0.461261,
		0.160189,
		-0.369034,
		1,
	},
	[0.36666666666666664] = {
		-0.22137,
		0.085008,
		-0.971478,
		0,
		0.270618,
		0.962423,
		0.02255,
		0,
		0.936889,
		-0.257908,
		-0.236056,
		0,
		0.453968,
		0.166696,
		-0.378464,
		1,
	},
	[0.38333333333333336] = {
		-0.249684,
		0.092092,
		-0.963938,
		0,
		0.242042,
		0.969803,
		0.029958,
		0,
		0.937589,
		-0.225833,
		-0.264434,
		0,
		0.444289,
		0.17747,
		-0.38763,
		1,
	},
	[0.3] = {
		-0.158743,
		0.113447,
		-0.98078,
		0,
		0.298704,
		0.952342,
		0.061811,
		0,
		0.941051,
		-0.283151,
		-0.185065,
		0,
		0.468619,
		0.17043,
		-0.342064,
		1,
	},
	[0.4166666666666667] = {
		-0.316753,
		0.114806,
		-0.941534,
		0,
		0.164794,
		0.984212,
		0.064569,
		0,
		0.934083,
		-0.134707,
		-0.330672,
		0,
		0.417261,
		0.20946,
		-0.403678,
		1,
	},
	[0.43333333333333335] = {
		-0.354214,
		0.127834,
		-0.926386,
		0,
		0.118134,
		0.988794,
		0.091276,
		0,
		0.927673,
		-0.077106,
		-0.365346,
		0,
		0.399755,
		0.229314,
		-0.409721,
		1,
	},
	[0.45] = {
		-0.393321,
		0.140403,
		-0.908617,
		0,
		0.067669,
		0.990011,
		0.123687,
		0,
		0.916907,
		-0.012837,
		-0.398894,
		0,
		0.37965,
		0.250759,
		-0.413883,
		1,
	},
	[0.4666666666666667] = {
		-0.43328,
		0.151508,
		-0.888433,
		0,
		0.014676,
		0.986824,
		0.16113,
		0,
		0.90114,
		0.056776,
		-0.429795,
		0,
		0.357128,
		0.273029,
		-0.415824,
		1,
	},
	[0.48333333333333334] = {
		-0.473264,
		0.160326,
		-0.866208,
		0,
		-0.039546,
		0.978441,
		0.202705,
		0,
		0.880033,
		0.130188,
		-0.456721,
		0,
		0.332485,
		0.295358,
		-0.415323,
		1,
	},
	[0.4] = {
		-0.281684,
		0.10247,
		-0.95402,
		0,
		0.206455,
		0.977465,
		0.04403,
		0,
		0.937033,
		-0.18456,
		-0.296491,
		0,
		0.432093,
		0.191942,
		-0.39617,
		1,
	},
	[0.5166666666666667] = {
		-0.55001,
		0.168866,
		-0.817908,
		0,
		-0.146709,
		0.94458,
		0.293674,
		0,
		0.822171,
		0.281518,
		-0.494755,
		0,
		0.278495,
		0.337348,
		-0.406856,
		1,
	},
	[0.5333333333333333] = {
		-0.585211,
		0.168069,
		-0.793272,
		0,
		-0.197466,
		0.919296,
		0.340443,
		0,
		0.78647,
		0.355875,
		-0.504795,
		0,
		0.250186,
		0.355802,
		-0.399209,
		1,
	},
	[0.55] = {
		-0.617372,
		0.16395,
		-0.769397,
		0,
		-0.245191,
		0.889219,
		0.386226,
		0,
		0.747485,
		0.427094,
		-0.50878,
		0,
		0.221783,
		0.371966,
		-0.389745,
		1,
	},
	[0.5666666666666667] = {
		-0.645918,
		0.15683,
		-0.747124,
		0,
		-0.289312,
		0.855381,
		0.429677,
		0,
		0.706462,
		0.493688,
		-0.507133,
		0,
		0.193904,
		0.385583,
		-0.378962,
		1,
	},
	[0.5833333333333334] = {
		-0.67039,
		0.147211,
		-0.72726,
		0,
		-0.32951,
		0.819114,
		0.469548,
		0,
		0.664831,
		0.554419,
		-0.500618,
		0,
		0.167164,
		0.396559,
		-0.367452,
		1,
	},
	[0.5] = {
		-0.512443,
		0.166239,
		-0.842476,
		0,
		-0.09373,
		0.964393,
		0.247308,
		0,
		0.85359,
		0.205697,
		-0.478615,
		0,
		0.306112,
		0.317017,
		-0.412306,
		1,
	},
	[0.6166666666666667] = {
		-0.705821,
		0.12309,
		-0.697614,
		0,
		-0.398031,
		0.745723,
		0.534292,
		0,
		0.585993,
		0.654787,
		-0.477353,
		0,
		0.119419,
		0.410989,
		-0.344864,
		1,
	},
	[0.6333333333333333] = {
		-0.716371,
		0.110014,
		-0.688991,
		0,
		-0.426764,
		0.712138,
		0.557433,
		0,
		0.551983,
		0.693366,
		-0.463205,
		0,
		0.099471,
		0.414956,
		-0.33513,
		1,
	},
	[0.65] = {
		-0.72336,
		0.097311,
		-0.683579,
		0,
		-0.450504,
		0.683744,
		0.574056,
		0,
		0.523255,
		0.723204,
		-0.450754,
		0,
		0.084758,
		0.417486,
		-0.32586,
		1,
	},
	[0.6666666666666666] = {
		-0.728315,
		0.084945,
		-0.679957,
		0,
		-0.468695,
		0.662117,
		0.584744,
		0,
		0.499882,
		0.744571,
		-0.442417,
		0,
		0.076706,
		0.419247,
		-0.316081,
		1,
	},
	[0.6833333333333333] = {
		-0.731503,
		0.072711,
		-0.677951,
		0,
		-0.482612,
		0.647161,
		0.590143,
		0,
		0.481653,
		0.758878,
		-0.438309,
		0,
		0.074262,
		0.420527,
		-0.305914,
		1,
	},
	[0.6] = {
		-0.690439,
		0.135728,
		-0.710543,
		0,
		-0.365706,
		0.781986,
		0.504734,
		0,
		0.624142,
		0.608338,
		-0.490277,
		0,
		0.142152,
		0.40496,
		-0.355861,
		1,
	},
	[0.7166666666666667] = {
		-0.731503,
		0.072711,
		-0.677951,
		0,
		-0.482612,
		0.647161,
		0.590143,
		0,
		0.481653,
		0.758878,
		-0.438309,
		0,
		0.074262,
		0.420527,
		-0.305914,
		1,
	},
	[0.7333333333333333] = {
		-0.731503,
		0.072711,
		-0.677951,
		0,
		-0.482612,
		0.647161,
		0.590143,
		0,
		0.481653,
		0.758878,
		-0.438309,
		0,
		0.074262,
		0.420527,
		-0.305914,
		1,
	},
	[0.75] = {
		-0.731503,
		0.072711,
		-0.677951,
		0,
		-0.482612,
		0.647161,
		0.590143,
		0,
		0.481653,
		0.758878,
		-0.438309,
		0,
		0.074262,
		0.420527,
		-0.305914,
		1,
	},
	[0.7666666666666667] = {
		-0.731503,
		0.072711,
		-0.677951,
		0,
		-0.482612,
		0.647161,
		0.590143,
		0,
		0.481653,
		0.758878,
		-0.438309,
		0,
		0.074262,
		0.420527,
		-0.305914,
		1,
	},
	[0.7833333333333333] = {
		-0.731503,
		0.072711,
		-0.677951,
		0,
		-0.482612,
		0.647161,
		0.590143,
		0,
		0.481653,
		0.758878,
		-0.438309,
		0,
		0.074262,
		0.420527,
		-0.305914,
		1,
	},
	[0.7] = {
		-0.731503,
		0.072711,
		-0.677951,
		0,
		-0.482612,
		0.647161,
		0.590143,
		0,
		0.481653,
		0.758878,
		-0.438309,
		0,
		0.074262,
		0.420527,
		-0.305914,
		1,
	},
	[0.8166666666666667] = {
		-0.731503,
		0.072711,
		-0.677951,
		0,
		-0.482612,
		0.647161,
		0.590143,
		0,
		0.481653,
		0.758878,
		-0.438309,
		0,
		0.074262,
		0.420527,
		-0.305914,
		1,
	},
	[0.8333333333333334] = {
		-0.731503,
		0.072711,
		-0.677951,
		0,
		-0.482612,
		0.647161,
		0.590143,
		0,
		0.481653,
		0.758878,
		-0.438309,
		0,
		0.074262,
		0.420527,
		-0.305914,
		1,
	},
	[0.85] = {
		-0.731503,
		0.072711,
		-0.677951,
		0,
		-0.482612,
		0.647161,
		0.590143,
		0,
		0.481653,
		0.758878,
		-0.438309,
		0,
		0.074262,
		0.420527,
		-0.305914,
		1,
	},
	[0.8666666666666667] = {
		-0.731503,
		0.072711,
		-0.677951,
		0,
		-0.482612,
		0.647161,
		0.590143,
		0,
		0.481653,
		0.758878,
		-0.438309,
		0,
		0.074262,
		0.420527,
		-0.305914,
		1,
	},
	[0.8833333333333333] = {
		-0.731503,
		0.072711,
		-0.677951,
		0,
		-0.482612,
		0.647161,
		0.590143,
		0,
		0.481653,
		0.758878,
		-0.438309,
		0,
		0.074262,
		0.420527,
		-0.305914,
		1,
	},
	[0.8] = {
		-0.731503,
		0.072711,
		-0.677951,
		0,
		-0.482612,
		0.647161,
		0.590143,
		0,
		0.481653,
		0.758878,
		-0.438309,
		0,
		0.074262,
		0.420527,
		-0.305914,
		1,
	},
	[0.9166666666666666] = {
		-0.731503,
		0.072711,
		-0.677951,
		0,
		-0.482612,
		0.647161,
		0.590143,
		0,
		0.481653,
		0.758878,
		-0.438309,
		0,
		0.074262,
		0.420527,
		-0.305914,
		1,
	},
	[0.9333333333333333] = {
		-0.731503,
		0.072711,
		-0.677951,
		0,
		-0.482612,
		0.647161,
		0.590143,
		0,
		0.481653,
		0.758878,
		-0.438309,
		0,
		0.074262,
		0.420527,
		-0.305914,
		1,
	},
	[0.95] = {
		-0.731503,
		0.072711,
		-0.677951,
		0,
		-0.482612,
		0.647161,
		0.590143,
		0,
		0.481653,
		0.758878,
		-0.438309,
		0,
		0.074262,
		0.420527,
		-0.305914,
		1,
	},
	[0.9] = {
		-0.731503,
		0.072711,
		-0.677951,
		0,
		-0.482612,
		0.647161,
		0.590143,
		0,
		0.481653,
		0.758878,
		-0.438309,
		0,
		0.074262,
		0.420527,
		-0.305914,
		1,
	},
}

return spline_matrices
