-- chunkname: @content/characters/player/human/first_person/animations/dual_shivs/attack_swing_left_diagonal_rhand_offhand_sweep.lua

local spline_matrices = {
	[0.016666666666666666] = {
		-0.185032,
		0.927373,
		0.32518,
		0,
		0.676855,
		0.36016,
		-0.641991,
		0,
		-0.712482,
		0.101311,
		-0.694339,
		0,
		-0.064373,
		0.363268,
		-0.340554,
		1,
	},
	[0.03333333333333333] = {
		-0.184731,
		0.927657,
		0.32454,
		0,
		0.676931,
		0.359503,
		-0.642279,
		0,
		-0.712488,
		0.101043,
		-0.694371,
		0,
		-0.06428,
		0.363049,
		-0.340804,
		1,
	},
	[0.05] = {
		-0.185286,
		0.927266,
		0.32534,
		0,
		0.676565,
		0.360483,
		-0.642115,
		0,
		-0.712691,
		0.101139,
		-0.694148,
		0,
		-0.064589,
		0.363287,
		-0.340493,
		1,
	},
	[0.06666666666666667] = {
		-0.186749,
		0.926253,
		0.327385,
		0,
		0.675676,
		0.363012,
		-0.641626,
		0,
		-0.713153,
		0.101384,
		-0.693638,
		0,
		-0.065357,
		0.363897,
		-0.339694,
		1,
	},
	[0.08333333333333333] = {
		-0.188742,
		0.924855,
		0.330182,
		0,
		0.674449,
		0.366466,
		-0.640954,
		0,
		-0.71379,
		0.101716,
		-0.692935,
		0,
		-0.06641,
		0.364727,
		-0.338598,
		1,
	},
	[0] = {
		-0.185752,
		0.926661,
		0.326796,
		0,
		0.6766,
		0.3618,
		-0.641337,
		0,
		-0.712537,
		0.10198,
		-0.694184,
		0,
		-0.06464,
		0.363814,
		-0.33992,
		1,
	},
	[0.11666666666666667] = {
		-0.192829,
		0.92189,
		0.336059,
		0,
		0.671725,
		0.373676,
		-0.63965,
		0,
		-0.715264,
		0.102396,
		-0.691312,
		0,
		-0.068686,
		0.366444,
		-0.336282,
		1,
	},
	[0.13333333333333333] = {
		-0.194175,
		0.920838,
		0.338161,
		0,
		0.670609,
		0.376197,
		-0.639343,
		0,
		-0.715947,
		0.10263,
		-0.690571,
		0,
		-0.069566,
		0.367039,
		-0.335451,
		1,
	},
	[0.15] = {
		-0.19456,
		0.920428,
		0.339056,
		0,
		0.669913,
		0.377176,
		-0.639496,
		0,
		-0.716493,
		0.102718,
		-0.68999,
		0,
		-0.070045,
		0.367269,
		-0.3351,
		1,
	},
	[0.16666666666666666] = {
		-0.189657,
		0.922044,
		0.337439,
		0,
		0.671142,
		0.372595,
		-0.640891,
		0,
		-0.716658,
		0.10492,
		-0.689488,
		0,
		-0.068555,
		0.366955,
		-0.335751,
		1,
	},
	[0.18333333333333332] = {
		-0.180769,
		0.924977,
		0.334275,
		0,
		0.673821,
		0.364052,
		-0.642986,
		0,
		-0.716441,
		0.109009,
		-0.689078,
		0,
		-0.06555,
		0.366345,
		-0.337015,
		1,
	},
	[0.1] = {
		-0.190894,
		0.923316,
		0.333236,
		0,
		0.673069,
		0.370227,
		-0.640242,
		0,
		-0.714519,
		0.102073,
		-0.692129,
		0,
		-0.067577,
		0.365625,
		-0.337396,
		1,
	},
	[0.21666666666666667] = {
		-0.177654,
		0.926039,
		0.333002,
		0,
		0.675603,
		0.36081,
		-0.642943,
		0,
		-0.715542,
		0.110756,
		-0.689734,
		0,
		-0.063976,
		0.366164,
		-0.337514,
		1,
	},
	[0.23333333333333334] = {
		-0.181447,
		0.924917,
		0.334074,
		0,
		0.676239,
		0.363997,
		-0.640474,
		0,
		-0.713987,
		0.109702,
		-0.691511,
		0,
		-0.064189,
		0.366535,
		-0.33707,
		1,
	},
	[0.25] = {
		-0.185625,
		0.923635,
		0.335323,
		0,
		0.676709,
		0.367594,
		-0.637918,
		0,
		-0.712466,
		0.108503,
		-0.693267,
		0,
		-0.064554,
		0.366948,
		-0.336551,
		1,
	},
	[0.26666666666666666] = {
		-0.18844,
		0.922692,
		0.336349,
		0,
		0.676554,
		0.370218,
		-0.636564,
		0,
		-0.711875,
		0.107604,
		-0.694014,
		0,
		-0.065083,
		0.367239,
		-0.336131,
		1,
	},
	[0.2833333333333333] = {
		-0.189454,
		0.922203,
		0.337119,
		0,
		0.675516,
		0.371588,
		-0.636868,
		0,
		-0.712591,
		0.107072,
		-0.693361,
		0,
		-0.06587,
		0.367372,
		-0.335832,
		1,
	},
	[0.2] = {
		-0.175999,
		0.92652,
		0.332544,
		0,
		0.675283,
		0.359435,
		-0.644049,
		0,
		-0.716252,
		0.111209,
		-0.688923,
		0,
		-0.063907,
		0.366002,
		-0.337702,
		1,
	},
	[0.31666666666666665] = {
		-0.189491,
		0.921775,
		0.338267,
		0,
		0.672706,
		0.372827,
		-0.639114,
		0,
		-0.715234,
		0.106448,
		-0.69073,
		0,
		-0.067582,
		0.36745,
		-0.335407,
		1,
	},
	[0.3333333333333333] = {
		-0.18934,
		0.92174,
		0.338447,
		0,
		0.672129,
		0.372937,
		-0.639656,
		0,
		-0.715816,
		0.106368,
		-0.69014,
		0,
		-0.067908,
		0.36745,
		-0.335341,
		1,
	},
	[0.35] = {
		-0.189339,
		0.921737,
		0.338454,
		0,
		0.672133,
		0.372941,
		-0.63965,
		0,
		-0.715813,
		0.106375,
		-0.690142,
		0,
		-0.067906,
		0.367453,
		-0.335339,
		1,
	},
	[0.36666666666666664] = {
		-0.189337,
		0.92173,
		0.338475,
		0,
		0.672144,
		0.372952,
		-0.639632,
		0,
		-0.715803,
		0.106398,
		-0.690149,
		0,
		-0.067899,
		0.367462,
		-0.33533,
		1,
	},
	[0.38333333333333336] = {
		-0.189333,
		0.921717,
		0.338512,
		0,
		0.672163,
		0.372972,
		-0.6396,
		0,
		-0.715786,
		0.106438,
		-0.69016,
		0,
		-0.067887,
		0.367478,
		-0.335315,
		1,
	},
	[0.3] = {
		-0.189667,
		0.921913,
		0.337792,
		0,
		0.674034,
		0.372418,
		-0.637952,
		0,
		-0.713936,
		0.106685,
		-0.692036,
		0,
		-0.066803,
		0.367433,
		-0.335581,
		1,
	},
	[0.4166666666666667] = {
		-0.189318,
		0.921674,
		0.338638,
		0,
		0.67223,
		0.37304,
		-0.63949,
		0,
		-0.715727,
		0.106576,
		-0.6902,
		0,
		-0.067844,
		0.367532,
		-0.335264,
		1,
	},
	[0.43333333333333335] = {
		-0.189308,
		0.921642,
		0.338731,
		0,
		0.672279,
		0.37309,
		-0.639409,
		0,
		-0.715684,
		0.106677,
		-0.69023,
		0,
		-0.067813,
		0.367572,
		-0.335227,
		1,
	},
	[0.45] = {
		-0.189295,
		0.921602,
		0.338846,
		0,
		0.672341,
		0.373152,
		-0.639308,
		0,
		-0.715629,
		0.106803,
		-0.690267,
		0,
		-0.067773,
		0.367622,
		-0.33518,
		1,
	},
	[0.4666666666666667] = {
		-0.189278,
		0.921554,
		0.338986,
		0,
		0.672416,
		0.373226,
		-0.639185,
		0,
		-0.715563,
		0.106956,
		-0.690312,
		0,
		-0.067725,
		0.367682,
		-0.335124,
		1,
	},
	[0.48333333333333334] = {
		-0.189259,
		0.921498,
		0.339151,
		0,
		0.672507,
		0.373314,
		-0.639039,
		0,
		-0.715483,
		0.107137,
		-0.690367,
		0,
		-0.067667,
		0.367753,
		-0.335057,
		1,
	},
	[0.4] = {
		-0.189327,
		0.921699,
		0.338566,
		0,
		0.672191,
		0.373001,
		-0.639554,
		0,
		-0.715761,
		0.106497,
		-0.690177,
		0,
		-0.067869,
		0.367501,
		-0.335293,
		1,
	},
	[0.5166666666666667] = {
		-0.189209,
		0.921356,
		0.339563,
		0,
		0.672737,
		0.373532,
		-0.638669,
		0,
		-0.715279,
		0.107594,
		-0.690506,
		0,
		-0.06752,
		0.367932,
		-0.334891,
		1,
	},
	[0.5333333333333333] = {
		-0.189179,
		0.921271,
		0.339809,
		0,
		0.672879,
		0.373662,
		-0.638445,
		0,
		-0.715154,
		0.10787,
		-0.690593,
		0,
		-0.06743,
		0.368039,
		-0.334791,
		1,
	},
	[0.55] = {
		-0.189145,
		0.921179,
		0.340079,
		0,
		0.673037,
		0.373802,
		-0.638196,
		0,
		-0.715015,
		0.108174,
		-0.69069,
		0,
		-0.067329,
		0.368157,
		-0.334682,
		1,
	},
	[0.5666666666666667] = {
		-0.189108,
		0.921081,
		0.340364,
		0,
		0.673209,
		0.373948,
		-0.637929,
		0,
		-0.714862,
		0.108499,
		-0.690796,
		0,
		-0.067219,
		0.368282,
		-0.334566,
		1,
	},
	[0.5833333333333334] = {
		-0.189068,
		0.920983,
		0.340652,
		0,
		0.67339,
		0.374094,
		-0.637652,
		0,
		-0.714702,
		0.108832,
		-0.69091,
		0,
		-0.067103,
		0.36841,
		-0.334449,
		1,
	},
	[0.5] = {
		-0.189236,
		0.921432,
		0.339343,
		0,
		0.672613,
		0.373416,
		-0.638867,
		0,
		-0.715389,
		0.10735,
		-0.690431,
		0,
		-0.067599,
		0.367837,
		-0.33498,
		1,
	},
	[0.6166666666666667] = {
		-0.189329,
		0.920567,
		0.341629,
		0,
		0.673488,
		0.374929,
		-0.637057,
		0,
		-0.71454,
		0.10947,
		-0.690976,
		0,
		-0.067192,
		0.368821,
		-0.333947,
		1,
	},
	[0.6333333333333333] = {
		-0.190307,
		0.919781,
		0.343199,
		0,
		0.672866,
		0.376766,
		-0.636631,
		0,
		-0.714867,
		0.109772,
		-0.690591,
		0,
		-0.068048,
		0.369443,
		-0.332989,
		1,
	},
	[0.65] = {
		-0.191907,
		0.918551,
		0.345595,
		0,
		0.671735,
		0.379667,
		-0.636101,
		0,
		-0.715503,
		0.110076,
		-0.689884,
		0,
		-0.069514,
		0.370369,
		-0.33149,
		1,
	},
	[0.6666666666666666] = {
		-0.194061,
		0.916892,
		0.348782,
		0,
		0.670131,
		0.38356,
		-0.635458,
		0,
		-0.716425,
		0.110412,
		-0.688872,
		0,
		-0.07154,
		0.371567,
		-0.329464,
		1,
	},
	[0.6833333333333333] = {
		-0.196693,
		0.914816,
		0.352738,
		0,
		0.668093,
		0.388369,
		-0.634682,
		0,
		-0.71761,
		0.110824,
		-0.687572,
		0,
		-0.074076,
		0.373005,
		-0.326925,
		1,
	},
	[0.6] = {
		-0.189029,
		0.920888,
		0.340929,
		0,
		0.673573,
		0.374231,
		-0.637378,
		0,
		-0.71454,
		0.109158,
		-0.691026,
		0,
		-0.066986,
		0.368533,
		-0.334336,
		1,
	},
	[0.7166666666666667] = {
		-0.203047,
		0.909448,
		0.362872,
		0,
		0.662911,
		0.400422,
		-0.632622,
		0,
		-0.720639,
		0.1121,
		-0.684188,
		0,
		-0.080433,
		0.376463,
		-0.320338,
		1,
	},
	[0.7333333333333333] = {
		-0.206584,
		0.906186,
		0.368985,
		0,
		0.659887,
		0.40748,
		-0.631275,
		0,
		-0.722407,
		0.113077,
		-0.68216,
		0,
		-0.084118,
		0.378405,
		-0.316316,
		1,
	},
	[0.75] = {
		-0.210238,
		0.902563,
		0.375739,
		0,
		0.656645,
		0.415097,
		-0.629692,
		0,
		-0.724305,
		0.114342,
		-0.679933,
		0,
		-0.088053,
		0.380432,
		-0.311831,
		1,
	},
	[0.7666666666666667] = {
		-0.213917,
		0.898601,
		0.383088,
		0,
		0.653235,
		0.423173,
		-0.62786,
		0,
		-0.726308,
		0.115936,
		-0.677521,
		0,
		-0.092178,
		0.3825,
		-0.306905,
		1,
	},
	[0.7833333333333333] = {
		-0.217534,
		0.894323,
		0.390979,
		0,
		0.649707,
		0.431609,
		-0.625775,
		0,
		-0.728396,
		0.117895,
		-0.674937,
		0,
		-0.096429,
		0.384568,
		-0.301561,
		1,
	},
	[0.7] = {
		-0.199719,
		0.91233,
		0.357443,
		0,
		0.665667,
		0.394019,
		-0.633749,
		0,
		-0.719027,
		0.111366,
		-0.686001,
		0,
		-0.077063,
		0.374649,
		-0.32388,
		1,
	},
	[0.8166666666666667] = {
		-0.224244,
		0.884901,
		0.408246,
		0,
		0.642486,
		0.449223,
		-0.620814,
		0,
		-0.732752,
		0.123078,
		-0.669273,
		0,
		-0.10508,
		0.388565,
		-0.289702,
		1,
	},
	[0.8333333333333334] = {
		-0.227187,
		0.879762,
		0.417618,
		0,
		0.63888,
		0.458295,
		-0.617898,
		0,
		-0.734996,
		0.126429,
		-0.666181,
		0,
		-0.109372,
		0.39046,
		-0.283201,
		1,
	},
	[0.85] = {
		-0.229767,
		0.874329,
		0.4275,
		0,
		0.635331,
		0.467494,
		-0.614657,
		0,
		-0.737266,
		0.130376,
		-0.662903,
		0,
		-0.113574,
		0.392274,
		-0.276322,
		1,
	},
	[0.8666666666666667] = {
		-0.231927,
		0.868607,
		0.437871,
		0,
		0.631884,
		0.476768,
		-0.611076,
		0,
		-0.739548,
		0.134959,
		-0.659435,
		0,
		-0.117638,
		0.393993,
		-0.269085,
		1,
	},
	[0.8833333333333333] = {
		-0.233622,
		0.862617,
		0.448679,
		0,
		0.628582,
		0.486045,
		-0.607162,
		0,
		-0.741826,
		0.140185,
		-0.655776,
		0,
		-0.121518,
		0.395595,
		-0.261524,
		1,
	},
	[0.8] = {
		-0.221002,
		0.889754,
		0.39937,
		0,
		0.646109,
		0.440314,
		-0.623431,
		0,
		-0.730548,
		0.120257,
		-0.672188,
		0,
		-0.100748,
		0.386597,
		-0.295822,
		1,
	},
	[0.9166666666666666] = {
		-0.235486,
		0.849961,
		0.471289,
		0,
		0.622561,
		0.504296,
		-0.598418,
		0,
		-0.746301,
		0.152487,
		-0.647907,
		0,
		-0.128576,
		0.398363,
		-0.245631,
		1,
	},
	[0.9333333333333333] = {
		-0.235622,
		0.843371,
		0.482915,
		0,
		0.619904,
		0.513118,
		-0.593657,
		0,
		-0.748466,
		0.159482,
		-0.643712,
		0,
		-0.131693,
		0.399493,
		-0.237414,
		1,
	},
	[0.95] = {
		-0.235226,
		0.836664,
		0.494633,
		0,
		0.617516,
		0.521646,
		-0.588693,
		0,
		-0.750562,
		0.166968,
		-0.639358,
		0,
		-0.134507,
		0.400438,
		-0.229099,
		1,
	},
	[0.9666666666666667] = {
		-0.234312,
		0.829884,
		0.50635,
		0,
		0.61541,
		0.529822,
		-0.583575,
		0,
		-0.752575,
		0.174874,
		-0.634862,
		0,
		-0.137006,
		0.40119,
		-0.220751,
		1,
	},
	[0.9833333333333333] = {
		-0.232906,
		0.823078,
		0.517974,
		0,
		0.613594,
		0.537595,
		-0.578355,
		0,
		-0.754491,
		0.183123,
		-0.630245,
		0,
		-0.139183,
		0.401749,
		-0.212436,
		1,
	},
	[0.9] = {
		-0.234816,
		0.856389,
		0.459847,
		0,
		0.625462,
		0.495247,
		-0.602932,
		0,
		-0.744082,
		0.146039,
		-0.651931,
		0,
		-0.125175,
		0.397058,
		-0.253688,
		1,
	},
	[1.0166666666666666] = {
		-0.228786,
		0.80959,
		0.540574,
		0,
		0.610833,
		0.551768,
		-0.567833,
		0,
		-0.757984,
		0.200288,
		-0.620761,
		0,
		-0.142588,
		0.402306,
		-0.196175,
		1,
	},
	[1.0333333333333334] = {
		-0.226181,
		0.803013,
		0.551373,
		0,
		0.609869,
		0.55811,
		-0.562648,
		0,
		-0.75954,
		0.209005,
		-0.615967,
		0,
		-0.143838,
		0.402325,
		-0.188363,
		1,
	},
	[1.05] = {
		-0.223301,
		0.796621,
		0.561722,
		0,
		0.60916,
		0.563928,
		-0.557592,
		0,
		-0.76096,
		0.217668,
		-0.611196,
		0,
		-0.144813,
		0.402194,
		-0.180851,
		1,
	},
	[1.0666666666666667] = {
		-0.220223,
		0.790472,
		0.571538,
		0,
		0.608683,
		0.569214,
		-0.552721,
		0,
		-0.762238,
		0.226163,
		-0.606501,
		0,
		-0.145536,
		0.401933,
		-0.173703,
		1,
	},
	[1.0833333333333333] = {
		-0.217032,
		0.784625,
		0.580742,
		0,
		0.608408,
		0.573962,
		-0.548094,
		0,
		-0.763372,
		0.234374,
		-0.60194,
		0,
		-0.146038,
		0.401567,
		-0.166982,
		1,
	},
	{
		-0.231048,
		0.816297,
		0.529412,
		0,
		0.612071,
		0.544921,
		-0.573088,
		0,
		-0.756298,
		0.191627,
		-0.625534,
		0,
		-0.141041,
		0.402118,
		-0.204222,
		1,
	},
	[1.1166666666666667] = {
		-0.210663,
		0.774082,
		0.597008,
		0,
		0.608332,
		0.581862,
		-0.539785,
		0,
		-0.765214,
		0.249467,
		-0.593476,
		0,
		-0.146509,
		0.400627,
		-0.155061,
		1,
	},
	[1.1333333333333333] = {
		-0.207671,
		0.769511,
		0.603926,
		0,
		0.608461,
		0.58503,
		-0.536205,
		0,
		-0.76593,
		0.256111,
		-0.589711,
		0,
		-0.146549,
		0.400112,
		-0.149976,
		1,
	},
	[1.15] = {
		-0.20493,
		0.765491,
		0.609941,
		0,
		0.60865,
		0.587691,
		-0.53307,
		0,
		-0.766517,
		0.261998,
		-0.586352,
		0,
		-0.146505,
		0.399609,
		-0.145546,
		1,
	},
	[1.1666666666666667] = {
		-0.202532,
		0.762084,
		0.614986,
		0,
		0.608866,
		0.589856,
		-0.530427,
		0,
		-0.766983,
		0.267016,
		-0.583472,
		0,
		-0.146412,
		0.399145,
		-0.141826,
		1,
	},
	[1.1833333333333333] = {
		-0.200561,
		0.759353,
		0.618998,
		0,
		0.609074,
		0.591533,
		-0.528316,
		0,
		-0.767336,
		0.271056,
		-0.58114,
		0,
		-0.146303,
		0.398751,
		-0.138865,
		1,
	},
	[1.1] = {
		-0.213814,
		0.779141,
		0.589256,
		0,
		0.608303,
		0.578176,
		-0.543765,
		0,
		-0.764363,
		0.242182,
		-0.597576,
		0,
		-0.146351,
		0.401122,
		-0.160749,
		1,
	},
	[1.2166666666666666] = {
		-0.198204,
		0.756158,
		0.623651,
		0,
		0.609355,
		0.593432,
		-0.525857,
		0,
		-0.767725,
		0.275798,
		-0.578389,
		0,
		-0.146135,
		0.398265,
		-0.135428,
		1,
	},
	[1.2333333333333334] = {
		-0.197941,
		0.755805,
		0.624162,
		0,
		0.609389,
		0.593637,
		-0.525586,
		0,
		-0.767766,
		0.276322,
		-0.578084,
		0,
		-0.146114,
		0.39821,
		-0.135051,
		1,
	},
	[1.25] = {
		-0.197941,
		0.755805,
		0.624162,
		0,
		0.609389,
		0.593637,
		-0.525586,
		0,
		-0.767766,
		0.276322,
		-0.578084,
		0,
		-0.146114,
		0.39821,
		-0.135051,
		1,
	},
	[1.2666666666666666] = {
		-0.197941,
		0.755805,
		0.624162,
		0,
		0.609389,
		0.593637,
		-0.525586,
		0,
		-0.767766,
		0.276322,
		-0.578084,
		0,
		-0.146114,
		0.39821,
		-0.135051,
		1,
	},
	[1.2833333333333334] = {
		-0.197941,
		0.755805,
		0.624162,
		0,
		0.609389,
		0.593637,
		-0.525586,
		0,
		-0.767766,
		0.276322,
		-0.578084,
		0,
		-0.146114,
		0.39821,
		-0.135051,
		1,
	},
	[1.2] = {
		-0.199095,
		0.757358,
		0.621909,
		0,
		0.609245,
		0.592727,
		-0.526779,
		0,
		-0.767582,
		0.274015,
		-0.579425,
		0,
		-0.146203,
		0.398451,
		-0.136715,
		1,
	},
	[1.3166666666666667] = {
		-0.197941,
		0.755805,
		0.624162,
		0,
		0.609389,
		0.593637,
		-0.525586,
		0,
		-0.767766,
		0.276322,
		-0.578084,
		0,
		-0.146114,
		0.39821,
		-0.135051,
		1,
	},
	[1.3333333333333333] = {
		-0.197941,
		0.755805,
		0.624162,
		0,
		0.609389,
		0.593637,
		-0.525586,
		0,
		-0.767766,
		0.276322,
		-0.578084,
		0,
		-0.146114,
		0.39821,
		-0.135051,
		1,
	},
	[1.35] = {
		-0.197941,
		0.755805,
		0.624162,
		0,
		0.609389,
		0.593637,
		-0.525586,
		0,
		-0.767766,
		0.276322,
		-0.578084,
		0,
		-0.146114,
		0.39821,
		-0.135051,
		1,
	},
	[1.3666666666666667] = {
		-0.197941,
		0.755805,
		0.624162,
		0,
		0.609389,
		0.593637,
		-0.525586,
		0,
		-0.767766,
		0.276322,
		-0.578084,
		0,
		-0.146114,
		0.39821,
		-0.135051,
		1,
	},
	[1.3833333333333333] = {
		-0.197941,
		0.755805,
		0.624162,
		0,
		0.609389,
		0.593637,
		-0.525586,
		0,
		-0.767766,
		0.276322,
		-0.578084,
		0,
		-0.146114,
		0.39821,
		-0.135051,
		1,
	},
	[1.3] = {
		-0.197941,
		0.755805,
		0.624162,
		0,
		0.609389,
		0.593637,
		-0.525586,
		0,
		-0.767766,
		0.276322,
		-0.578084,
		0,
		-0.146114,
		0.39821,
		-0.135051,
		1,
	},
	[1.4] = {
		-0.197941,
		0.755805,
		0.624162,
		0,
		0.609389,
		0.593637,
		-0.525586,
		0,
		-0.767766,
		0.276322,
		-0.578084,
		0,
		-0.146114,
		0.39821,
		-0.135051,
		1,
	},
}

return spline_matrices
