-- chunkname: @content/characters/player/human/first_person/animations/dual_shivs/attack_swing_left_offhand_sweep.lua

local spline_matrices = {
	[0.016666666666666666] = {
		0.640947,
		-0.077909,
		0.763621,
		0,
		0.747104,
		0.2916,
		-0.597332,
		0,
		-0.176134,
		0.953362,
		0.245106,
		0,
		0.295709,
		0.171153,
		-0.404303,
		1,
	},
	[0.03333333333333333] = {
		0.640138,
		-0.079321,
		0.764154,
		0,
		0.747961,
		0.29148,
		-0.596317,
		0,
		-0.175435,
		0.953283,
		0.245916,
		0,
		0.296264,
		0.171278,
		-0.403844,
		1,
	},
	[0.05] = {
		0.639209,
		-0.080941,
		0.764762,
		0,
		0.748943,
		0.29134,
		-0.595152,
		0,
		-0.174633,
		0.953189,
		0.246847,
		0,
		0.2969,
		0.17142,
		-0.403317,
		1,
	},
	[0.06666666666666667] = {
		0.638293,
		-0.082537,
		0.765356,
		0,
		0.749907,
		0.2912,
		-0.594006,
		0,
		-0.173844,
		0.953095,
		0.247766,
		0,
		0.297524,
		0.171558,
		-0.402797,
		1,
	},
	[0.08333333333333333] = {
		0.637571,
		-0.083795,
		0.765821,
		0,
		0.750665,
		0.291087,
		-0.593102,
		0,
		-0.173221,
		0.95302,
		0.248491,
		0,
		0.298016,
		0.171667,
		-0.402387,
		1,
	},
	[0] = {
		0.641589,
		-0.076788,
		0.763196,
		0,
		0.746422,
		0.291693,
		-0.598139,
		0,
		-0.176689,
		0.953425,
		0.244463,
		0,
		0.295268,
		0.171053,
		-0.404668,
		1,
	},
	[0.11666666666666667] = {
		0.637019,
		-0.084758,
		0.766175,
		0,
		0.751243,
		0.291001,
		-0.592412,
		0,
		-0.172746,
		0.952961,
		0.249047,
		0,
		0.298391,
		0.171749,
		-0.402074,
		1,
	},
	[0.13333333333333333] = {
		0.637762,
		-0.083934,
		0.765647,
		0,
		0.750472,
		0.291442,
		-0.593173,
		0,
		-0.173354,
		0.952899,
		0.248861,
		0,
		0.29789,
		0.171865,
		-0.402396,
		1,
	},
	[0.15] = {
		0.642213,
		-0.07892,
		0.762453,
		0,
		0.745809,
		0.294026,
		-0.59776,
		0,
		-0.177006,
		0.952534,
		0.247687,
		0,
		0.294868,
		0.172521,
		-0.404337,
		1,
	},
	[0.16666666666666666] = {
		0.647579,
		-0.072612,
		0.758531,
		0,
		0.740081,
		0.296963,
		-0.603401,
		0,
		-0.181442,
		0.952124,
		0.246046,
		0,
		0.291169,
		0.173184,
		-0.406727,
		1,
	},
	[0.18333333333333332] = {
		0.650773,
		-0.068212,
		0.756202,
		0,
		0.736612,
		0.298226,
		-0.607013,
		0,
		-0.184113,
		0.952055,
		0.244323,
		0,
		0.288639,
		0.172947,
		-0.408584,
		1,
	},
	[0.1] = {
		0.637146,
		-0.084534,
		0.766093,
		0,
		0.751109,
		0.29102,
		-0.592572,
		0,
		-0.172856,
		0.952975,
		0.248917,
		0,
		0.298304,
		0.17173,
		-0.402147,
		1,
	},
	[0.21666666666666667] = {
		0.652944,
		-0.062975,
		0.754784,
		0,
		0.734215,
		0.297342,
		-0.610341,
		0,
		-0.185993,
		0.952692,
		0.240384,
		0,
		0.284003,
		0.168656,
		-0.413187,
		1,
	},
	[0.23333333333333334] = {
		0.652943,
		-0.062272,
		0.754843,
		0,
		0.734212,
		0.296788,
		-0.610614,
		0,
		-0.186004,
		0.952911,
		0.239506,
		0,
		0.283483,
		0.16775,
		-0.413851,
		1,
	},
	[0.25] = {
		0.652844,
		-0.061732,
		0.754973,
		0,
		0.734321,
		0.296207,
		-0.610766,
		0,
		-0.185924,
		0.953127,
		0.238708,
		0,
		0.283102,
		0.166923,
		-0.414394,
		1,
	},
	[0.26666666666666666] = {
		0.652744,
		-0.061351,
		0.75509,
		0,
		0.734423,
		0.29579,
		-0.610845,
		0,
		-0.185872,
		0.953281,
		0.238133,
		0,
		0.282852,
		0.166336,
		-0.414766,
		1,
	},
	[0.2833333333333333] = {
		0.652665,
		-0.061179,
		0.755172,
		0,
		0.734507,
		0.295545,
		-0.610862,
		0,
		-0.185816,
		0.953368,
		0.237828,
		0,
		0.282743,
		0.166021,
		-0.414948,
		1,
	},
	[0.2] = {
		0.652411,
		-0.064839,
		0.755087,
		0,
		0.734807,
		0.298016,
		-0.609299,
		0,
		-0.185522,
		0.952356,
		0.242073,
		0,
		0.285797,
		0.170687,
		-0.41129,
		1,
	},
	[0.31666666666666665] = {
		0.652454,
		-0.060899,
		0.755378,
		0,
		0.734732,
		0.295041,
		-0.610835,
		0,
		-0.185668,
		0.953542,
		0.237245,
		0,
		0.282586,
		0.165418,
		-0.415263,
		1,
	},
	[0.3333333333333333] = {
		0.652324,
		-0.060812,
		0.755497,
		0,
		0.734871,
		0.294797,
		-0.610786,
		0,
		-0.185575,
		0.953623,
		0.236992,
		0,
		0.28255,
		0.165154,
		-0.415379,
		1,
	},
	[0.35] = {
		0.652177,
		-0.060762,
		0.755628,
		0,
		0.735029,
		0.294557,
		-0.610712,
		0,
		-0.185467,
		0.9537,
		0.236765,
		0,
		0.282545,
		0.164916,
		-0.415466,
		1,
	},
	[0.36666666666666664] = {
		0.652061,
		-0.06067,
		0.755735,
		0,
		0.735153,
		0.294328,
		-0.610673,
		0,
		-0.185384,
		0.953777,
		0.236521,
		0,
		0.282501,
		0.16466,
		-0.415584,
		1,
	},
	[0.38333333333333336] = {
		0.651603,
		-0.061159,
		0.756091,
		0,
		0.735652,
		0.294055,
		-0.610203,
		0,
		-0.185013,
		0.95383,
		0.236599,
		0,
		0.282945,
		0.164715,
		-0.415273,
		1,
	},
	[0.3] = {
		0.652567,
		-0.061021,
		0.75527,
		0,
		0.734611,
		0.295291,
		-0.61086,
		0,
		-0.185748,
		0.953457,
		0.237524,
		0,
		0.28265,
		0.165707,
		-0.41512,
		1,
	},
	[0.4166666666666667] = {
		0.649596,
		-0.063901,
		0.75759,
		0,
		0.737838,
		0.293305,
		-0.60792,
		0,
		-0.183358,
		0.953881,
		0.237678,
		0,
		0.285321,
		0.165701,
		-0.413357,
		1,
	},
	[0.43333333333333335] = {
		0.64838,
		-0.065625,
		0.758483,
		0,
		0.739155,
		0.292897,
		-0.606516,
		0,
		-0.182354,
		0.953889,
		0.238415,
		0,
		0.286802,
		0.166372,
		-0.412133,
		1,
	},
	[0.45] = {
		0.647161,
		-0.067382,
		0.759369,
		0,
		0.740469,
		0.292508,
		-0.605099,
		0,
		-0.181348,
		0.953886,
		0.239194,
		0,
		0.288305,
		0.167079,
		-0.410876,
		1,
	},
	[0.4666666666666667] = {
		0.646044,
		-0.069021,
		0.760173,
		0,
		0.74167,
		0.292171,
		-0.60379,
		0,
		-0.180426,
		0.953872,
		0.239945,
		0,
		0.289701,
		0.167757,
		-0.409694,
		1,
	},
	[0.48333333333333334] = {
		0.645132,
		-0.070386,
		0.760822,
		0,
		0.742645,
		0.291918,
		-0.602713,
		0,
		-0.179675,
		0.95385,
		0.240598,
		0,
		0.290861,
		0.168346,
		-0.408698,
		1,
	},
	[0.4] = {
		0.650704,
		-0.062362,
		0.756766,
		0,
		0.736633,
		0.293701,
		-0.60919,
		0,
		-0.184273,
		0.953861,
		0.23705,
		0,
		0.283991,
		0.165126,
		-0.414439,
		1,
	},
	[0.5166666666666667] = {
		0.644295,
		-0.071886,
		0.761391,
		0,
		0.743539,
		0.291871,
		-0.601631,
		0,
		-0.178979,
		0.953752,
		0.241501,
		0,
		0.292112,
		0.1692,
		-0.407542,
		1,
	},
	[0.5333333333333333] = {
		0.643986,
		-0.072453,
		0.761599,
		0,
		0.743868,
		0.291865,
		-0.601228,
		0,
		-0.178723,
		0.953711,
		0.241852,
		0,
		0.292583,
		0.169532,
		-0.407102,
		1,
	},
	[0.55] = {
		0.643728,
		-0.072929,
		0.761771,
		0,
		0.744143,
		0.291861,
		-0.60089,
		0,
		-0.178509,
		0.953676,
		0.242149,
		0,
		0.292979,
		0.169812,
		-0.406731,
		1,
	},
	[0.5666666666666667] = {
		0.643514,
		-0.073327,
		0.761914,
		0,
		0.744371,
		0.291859,
		-0.600609,
		0,
		-0.178331,
		0.953646,
		0.242398,
		0,
		0.293309,
		0.170048,
		-0.406421,
		1,
	},
	[0.5833333333333334] = {
		0.643337,
		-0.073657,
		0.762032,
		0,
		0.744559,
		0.291859,
		-0.600375,
		0,
		-0.178184,
		0.953621,
		0.242606,
		0,
		0.293583,
		0.170244,
		-0.406162,
		1,
	},
	[0.5] = {
		0.644662,
		-0.071215,
		0.761143,
		0,
		0.743147,
		0.291882,
		-0.602111,
		0,
		-0.179285,
		0.9538,
		0.241088,
		0,
		0.291553,
		0.168809,
		-0.408063,
		1,
	},
	[0.6166666666666667] = {
		0.643073,
		-0.074152,
		0.762206,
		0,
		0.744839,
		0.29186,
		-0.600027,
		0,
		-0.177965,
		0.953582,
		0.242919,
		0,
		0.293993,
		0.170539,
		-0.405774,
		1,
	},
	[0.6333333333333333] = {
		0.642979,
		-0.074329,
		0.762268,
		0,
		0.744939,
		0.291862,
		-0.599902,
		0,
		-0.177887,
		0.953568,
		0.243031,
		0,
		0.29414,
		0.170646,
		-0.405636,
		1,
	},
	[0.65] = {
		0.642907,
		-0.074466,
		0.762316,
		0,
		0.745015,
		0.291863,
		-0.599806,
		0,
		-0.177827,
		0.953557,
		0.243119,
		0,
		0.294253,
		0.170728,
		-0.405528,
		1,
	},
	[0.6666666666666666] = {
		0.642901,
		-0.074531,
		0.762315,
		0,
		0.745022,
		0.291905,
		-0.599778,
		0,
		-0.177822,
		0.953539,
		0.243193,
		0,
		0.294305,
		0.170806,
		-0.405465,
		1,
	},
	[0.6833333333333333] = {
		0.642901,
		-0.074536,
		0.762314,
		0,
		0.745022,
		0.291909,
		-0.599776,
		0,
		-0.177822,
		0.953537,
		0.2432,
		0,
		0.294338,
		0.170841,
		-0.405431,
		1,
	},
	[0.6] = {
		0.643191,
		-0.07393,
		0.762128,
		0,
		0.744714,
		0.291859,
		-0.600183,
		0,
		-0.178063,
		0.9536,
		0.242778,
		0,
		0.29381,
		0.170407,
		-0.405948,
		1,
	},
	[0.7166666666666667] = {
		0.642901,
		-0.074536,
		0.762314,
		0,
		0.745022,
		0.291909,
		-0.599776,
		0,
		-0.177822,
		0.953537,
		0.2432,
		0,
		0.294363,
		0.170867,
		-0.405405,
		1,
	},
	[0.7333333333333333] = {
		0.642901,
		-0.074536,
		0.762314,
		0,
		0.745022,
		0.291909,
		-0.599776,
		0,
		-0.177822,
		0.953537,
		0.2432,
		0,
		0.294364,
		0.170867,
		-0.405405,
		1,
	},
	[0.75] = {
		0.642901,
		-0.074536,
		0.762314,
		0,
		0.745022,
		0.291909,
		-0.599776,
		0,
		-0.177822,
		0.953537,
		0.2432,
		0,
		0.294364,
		0.170867,
		-0.405405,
		1,
	},
	[0.7666666666666667] = {
		0.642901,
		-0.074536,
		0.762314,
		0,
		0.745022,
		0.291909,
		-0.599776,
		0,
		-0.177822,
		0.953537,
		0.2432,
		0,
		0.294364,
		0.170867,
		-0.405405,
		1,
	},
	[0.7833333333333333] = {
		0.642901,
		-0.074536,
		0.762314,
		0,
		0.745022,
		0.291909,
		-0.599776,
		0,
		-0.177822,
		0.953537,
		0.2432,
		0,
		0.294364,
		0.170867,
		-0.405405,
		1,
	},
	[0.7] = {
		0.642901,
		-0.074536,
		0.762314,
		0,
		0.745022,
		0.291909,
		-0.599776,
		0,
		-0.177822,
		0.953537,
		0.2432,
		0,
		0.294357,
		0.17086,
		-0.405412,
		1,
	},
	[0.8166666666666667] = {
		0.642901,
		-0.074536,
		0.762314,
		0,
		0.745022,
		0.291909,
		-0.599776,
		0,
		-0.177822,
		0.953537,
		0.2432,
		0,
		0.294364,
		0.170867,
		-0.405405,
		1,
	},
	[0.8333333333333334] = {
		0.642901,
		-0.074536,
		0.762314,
		0,
		0.745022,
		0.291909,
		-0.599776,
		0,
		-0.177822,
		0.953537,
		0.2432,
		0,
		0.294364,
		0.170867,
		-0.405405,
		1,
	},
	[0.85] = {
		0.642901,
		-0.074536,
		0.762314,
		0,
		0.745022,
		0.291909,
		-0.599776,
		0,
		-0.177822,
		0.953537,
		0.2432,
		0,
		0.294364,
		0.170867,
		-0.405405,
		1,
	},
	[0.8666666666666667] = {
		0.642901,
		-0.074536,
		0.762314,
		0,
		0.745022,
		0.291909,
		-0.599776,
		0,
		-0.177822,
		0.953537,
		0.2432,
		0,
		0.294364,
		0.170867,
		-0.405405,
		1,
	},
	[0.8833333333333333] = {
		0.642901,
		-0.074536,
		0.762314,
		0,
		0.745022,
		0.291909,
		-0.599776,
		0,
		-0.177822,
		0.953537,
		0.2432,
		0,
		0.294364,
		0.170867,
		-0.405405,
		1,
	},
	[0.8] = {
		0.642901,
		-0.074536,
		0.762314,
		0,
		0.745022,
		0.291909,
		-0.599776,
		0,
		-0.177822,
		0.953537,
		0.2432,
		0,
		0.294364,
		0.170867,
		-0.405405,
		1,
	},
	[0.9166666666666666] = {
		0.642901,
		-0.074536,
		0.762314,
		0,
		0.745022,
		0.291909,
		-0.599776,
		0,
		-0.177822,
		0.953537,
		0.2432,
		0,
		0.294364,
		0.170867,
		-0.405405,
		1,
	},
	[0.9333333333333333] = {
		0.642901,
		-0.074536,
		0.762314,
		0,
		0.745022,
		0.291909,
		-0.599776,
		0,
		-0.177822,
		0.953537,
		0.2432,
		0,
		0.294364,
		0.170867,
		-0.405405,
		1,
	},
	[0.95] = {
		0.642901,
		-0.074536,
		0.762314,
		0,
		0.745022,
		0.291909,
		-0.599776,
		0,
		-0.177822,
		0.953537,
		0.2432,
		0,
		0.294364,
		0.170867,
		-0.405405,
		1,
	},
	[0.9666666666666667] = {
		0.642901,
		-0.074536,
		0.762314,
		0,
		0.745022,
		0.291909,
		-0.599776,
		0,
		-0.177822,
		0.953537,
		0.2432,
		0,
		0.294364,
		0.170867,
		-0.405405,
		1,
	},
	[0.9833333333333333] = {
		0.642901,
		-0.074536,
		0.762314,
		0,
		0.745022,
		0.291909,
		-0.599776,
		0,
		-0.177822,
		0.953537,
		0.2432,
		0,
		0.294364,
		0.170867,
		-0.405405,
		1,
	},
	[0.9] = {
		0.642901,
		-0.074536,
		0.762314,
		0,
		0.745022,
		0.291909,
		-0.599776,
		0,
		-0.177822,
		0.953537,
		0.2432,
		0,
		0.294364,
		0.170867,
		-0.405405,
		1,
	},
	[1.0166666666666666] = {
		0.642901,
		-0.074536,
		0.762314,
		0,
		0.745022,
		0.291909,
		-0.599776,
		0,
		-0.177822,
		0.953537,
		0.2432,
		0,
		0.294364,
		0.170867,
		-0.405405,
		1,
	},
	[1.0333333333333334] = {
		0.642901,
		-0.074536,
		0.762314,
		0,
		0.745022,
		0.291909,
		-0.599776,
		0,
		-0.177822,
		0.953537,
		0.2432,
		0,
		0.294364,
		0.170867,
		-0.405405,
		1,
	},
	[1.05] = {
		0.642901,
		-0.074536,
		0.762314,
		0,
		0.745022,
		0.291909,
		-0.599776,
		0,
		-0.177822,
		0.953537,
		0.2432,
		0,
		0.294364,
		0.170867,
		-0.405405,
		1,
	},
	[1.0666666666666667] = {
		0.642901,
		-0.074536,
		0.762314,
		0,
		0.745022,
		0.291909,
		-0.599776,
		0,
		-0.177822,
		0.953537,
		0.2432,
		0,
		0.294364,
		0.170867,
		-0.405405,
		1,
	},
	[1.0833333333333333] = {
		0.642901,
		-0.074536,
		0.762314,
		0,
		0.745022,
		0.291909,
		-0.599776,
		0,
		-0.177822,
		0.953537,
		0.2432,
		0,
		0.294364,
		0.170867,
		-0.405405,
		1,
	},
	{
		0.642901,
		-0.074536,
		0.762314,
		0,
		0.745022,
		0.291909,
		-0.599776,
		0,
		-0.177822,
		0.953537,
		0.2432,
		0,
		0.294364,
		0.170867,
		-0.405405,
		1,
	},
	[1.1] = {
		0.642901,
		-0.074536,
		0.762314,
		0,
		0.745022,
		0.291909,
		-0.599776,
		0,
		-0.177822,
		0.953537,
		0.2432,
		0,
		0.294364,
		0.170867,
		-0.405405,
		1,
	},
}

return spline_matrices
