-- chunkname: @content/characters/player/human/first_person/animations/dual_shivs/attack_stab_left_diagonal_lhand_offhand_sweep.lua

local spline_matrices = {
	[0.016666666666666666] = {
		0.84415,
		-0.500112,
		-0.193131,
		0,
		-0.121588,
		0.172262,
		-0.977518,
		0,
		0.522137,
		0.848654,
		0.084608,
		0,
		0.336533,
		0.25609,
		-0.29273,
		1,
	},
	[0.03333333333333333] = {
		0.84415,
		-0.500112,
		-0.193131,
		0,
		-0.121588,
		0.172262,
		-0.977518,
		0,
		0.522138,
		0.848654,
		0.084608,
		0,
		0.340804,
		0.252278,
		-0.258462,
		1,
	},
	[0.05] = {
		0.84415,
		-0.500112,
		-0.193131,
		0,
		-0.121588,
		0.172262,
		-0.977518,
		0,
		0.522137,
		0.848654,
		0.084608,
		0,
		0.34467,
		0.247955,
		-0.212303,
		1,
	},
	[0.06666666666666667] = {
		0.84415,
		-0.500112,
		-0.193131,
		0,
		-0.121588,
		0.172262,
		-0.977518,
		0,
		0.522138,
		0.848654,
		0.084608,
		0,
		0.348122,
		0.243131,
		-0.154503,
		1,
	},
	[0.08333333333333333] = {
		0.84415,
		-0.500112,
		-0.193131,
		0,
		-0.121588,
		0.172262,
		-0.977518,
		0,
		0.522138,
		0.848654,
		0.084608,
		0,
		0.346313,
		0.23814,
		-0.106998,
		1,
	},
	[0] = {
		0.84415,
		-0.500112,
		-0.193131,
		0,
		-0.121588,
		0.172262,
		-0.977518,
		0,
		0.522137,
		0.848654,
		0.084608,
		0,
		0.334277,
		0.258095,
		-0.310716,
		1,
	},
	[0.11666666666666667] = {
		0.844046,
		-0.500378,
		-0.192893,
		0,
		-0.121553,
		0.171823,
		-0.9776,
		0,
		0.522314,
		0.848586,
		0.084205,
		0,
		0.33005,
		0.228114,
		-0.034628,
		1,
	},
	[0.13333333333333333] = {
		0.84371,
		-0.501239,
		-0.192128,
		0,
		-0.12144,
		0.170406,
		-0.977862,
		0,
		0.522882,
		0.848364,
		0.082903,
		0,
		0.318876,
		0.223378,
		-0.001085,
		1,
	},
	[0.15] = {
		0.843225,
		-0.502473,
		-0.191027,
		0,
		-0.121284,
		0.168367,
		-0.978234,
		0,
		0.523699,
		0.848041,
		0.08103,
		0,
		0.308287,
		0.22528,
		0.023807,
		1,
	},
	[0.16666666666666666] = {
		0.842713,
		-0.50377,
		-0.189873,
		0,
		-0.121129,
		0.16622,
		-0.978621,
		0,
		0.52456,
		0.847695,
		0.079055,
		0,
		0.298282,
		0.233672,
		0.039882,
		1,
	},
	[0.18333333333333332] = {
		0.842286,
		-0.504835,
		-0.188933,
		0,
		-0.121018,
		0.164451,
		-0.978933,
		0,
		0.52527,
		0.847406,
		0.07742,
		0,
		0.29221,
		0.258079,
		0.048089,
		1,
	},
	[0.1] = {
		0.84415,
		-0.500112,
		-0.193131,
		0,
		-0.121588,
		0.172262,
		-0.977518,
		0,
		0.522138,
		0.848654,
		0.084608,
		0,
		0.339204,
		0.232968,
		-0.06988,
		1,
	},
	[0.21666666666666667] = {
		0.95516,
		-0.286765,
		-0.073717,
		0,
		-0.046162,
		0.101702,
		-0.993743,
		0,
		0.292468,
		0.952587,
		0.083904,
		0,
		0.264046,
		0.363724,
		0.048597,
		1,
	},
	[0.23333333333333334] = {
		0.993317,
		-0.112619,
		-0.025274,
		0,
		-0.021127,
		0.037866,
		-0.999059,
		0,
		0.11347,
		0.992916,
		0.035234,
		0,
		0.179062,
		0.463984,
		0.036853,
		1,
	},
	[0.25] = {
		0.999999,
		7.4e-05,
		-0.001152,
		0,
		-0.001151,
		-0.004275,
		-0.99999,
		0,
		-7.9e-05,
		0.999991,
		-0.004275,
		0,
		0.065848,
		0.560069,
		0.005821,
		1,
	},
	[0.26666666666666666] = {
		0.999995,
		0.002639,
		-0.001805,
		0,
		-0.001802,
		-0.001125,
		-0.999998,
		0,
		-0.002641,
		0.999996,
		-0.00112,
		0,
		0.062741,
		0.557368,
		0.008161,
		1,
	},
	[0.2833333333333333] = {
		0.982105,
		0.1883,
		-0.003528,
		0,
		0.007696,
		-0.058838,
		-0.998238,
		0,
		-0.188176,
		0.980347,
		-0.059235,
		0,
		-0.195549,
		0.665015,
		-0.030602,
		1,
	},
	[0.2] = {
		0.891419,
		-0.429057,
		-0.145881,
		0,
		-0.091628,
		0.144617,
		-0.985236,
		0,
		0.44382,
		0.891625,
		0.089601,
		0,
		0.291909,
		0.298626,
		0.048176,
		1,
	},
	[0.31666666666666665] = {
		0.752281,
		0.658833,
		-0.00356,
		0,
		0.146493,
		-0.172535,
		-0.974049,
		0,
		-0.64235,
		0.732237,
		-0.22631,
		0,
		-0.446157,
		0.616481,
		-0.101411,
		1,
	},
	[0.3333333333333333] = {
		0.754722,
		0.656024,
		-0.005171,
		0,
		0.144947,
		-0.174431,
		-0.973943,
		0,
		-0.639832,
		0.734307,
		-0.226736,
		0,
		-0.641846,
		0.535801,
		-0.141179,
		1,
	},
	[0.35] = {
		0.760506,
		0.649277,
		-0.008335,
		0,
		0.142267,
		-0.179136,
		-0.973484,
		0,
		-0.633554,
		0.739154,
		-0.228605,
		0,
		-0.788275,
		0.499446,
		-0.164125,
		1,
	},
	[0.36666666666666664] = {
		0.764513,
		0.644522,
		-0.010501,
		0,
		0.140423,
		-0.182421,
		-0.973141,
		0,
		-0.629127,
		0.742505,
		-0.22997,
		0,
		-0.848256,
		0.491641,
		-0.174235,
		1,
	},
	[0.38333333333333336] = {
		0.764387,
		0.644684,
		-0.0097,
		0,
		0.14129,
		-0.182166,
		-0.973064,
		0,
		-0.629086,
		0.742427,
		-0.230333,
		0,
		-0.915287,
		0.479477,
		-0.18511,
		1,
	},
	[0.3] = {
		0.860922,
		0.508719,
		-0.00419,
		0,
		0.0822,
		-0.147228,
		-0.985681,
		0,
		-0.502052,
		0.84825,
		-0.168569,
		0,
		-0.353143,
		0.683814,
		-0.062292,
		1,
	},
	[0.4166666666666667] = {
		0.760253,
		0.649618,
		-0.003332,
		0,
		0.147704,
		-0.177849,
		-0.97291,
		0,
		-0.632613,
		0.739165,
		-0.231162,
		0,
		-1.037575,
		0.458476,
		-0.207982,
		1,
	},
	[0.43333333333333335] = {
		0.758408,
		0.65178,
		-0.001094,
		0,
		0.149817,
		-0.175959,
		-0.97293,
		0,
		-0.634329,
		0.737714,
		-0.231096,
		0,
		-1.094517,
		0.452888,
		-0.218517,
		1,
	},
	[0.45] = {
		0.75735,
		0.653008,
		-0.00089,
		0,
		0.149693,
		-0.174938,
		-0.973133,
		0,
		-0.63562,
		0.73687,
		-0.23024,
		0,
		-1.15033,
		0.447833,
		-0.227279,
		1,
	},
	[0.4666666666666667] = {
		0.756705,
		0.653754,
		-0.001886,
		0,
		0.148237,
		-0.17439,
		-0.973455,
		0,
		-0.636729,
		0.736338,
		-0.228872,
		0,
		-1.205992,
		0.430665,
		-0.235047,
		1,
	},
	[0.48333333333333334] = {
		0.756336,
		0.654175,
		-0.003197,
		0,
		0.146494,
		-0.174129,
		-0.973765,
		0,
		-0.63757,
		0.736026,
		-0.227533,
		0,
		-1.26166,
		0.411063,
		-0.242997,
		1,
	},
	[0.4] = {
		0.762539,
		0.646907,
		-0.006767,
		0,
		0.144267,
		-0.180232,
		-0.972987,
		0,
		-0.630652,
		0.740964,
		-0.230761,
		0,
		-0.978208,
		0.468029,
		-0.196477,
		1,
	},
	[0.5166666666666667] = {
		0.756193,
		0.654337,
		-0.004045,
		0,
		0.145394,
		-0.174047,
		-0.973945,
		0,
		-0.637992,
		0.735902,
		-0.22675,
		0,
		-1.366814,
		0.369835,
		-0.263542,
		1,
	},
	[0.5333333333333333] = {
		0.756198,
		0.65433,
		-0.004012,
		0,
		0.145418,
		-0.174028,
		-0.973945,
		0,
		-0.637979,
		0.735912,
		-0.226751,
		0,
		-1.406384,
		0.34954,
		-0.273722,
		1,
	},
	[0.55] = {
		0.756206,
		0.654321,
		-0.00397,
		0,
		0.145436,
		-0.173991,
		-0.973948,
		0,
		-0.637966,
		0.735928,
		-0.226735,
		0,
		-1.436435,
		0.329269,
		-0.283293,
		1,
	},
	[0.5666666666666667] = {
		0.756218,
		0.654308,
		-0.003907,
		0,
		0.145463,
		-0.173934,
		-0.973955,
		0,
		-0.637946,
		0.735953,
		-0.22671,
		0,
		-1.456252,
		0.309117,
		-0.292165,
		1,
	},
	[0.5833333333333334] = {
		0.756234,
		0.654291,
		-0.003821,
		0,
		0.1455,
		-0.173857,
		-0.973963,
		0,
		-0.637919,
		0.735987,
		-0.226676,
		0,
		-1.493681,
		0.289058,
		-0.300143,
		1,
	},
	[0.5] = {
		0.756204,
		0.654325,
		-0.003959,
		0,
		0.145508,
		-0.174057,
		-0.973926,
		0,
		-0.637953,
		0.73591,
		-0.226832,
		0,
		-1.316986,
		0.390787,
		-0.25269,
		1,
	},
	[0.6166666666666667] = {
		0.75628,
		0.654238,
		-0.003569,
		0,
		0.145609,
		-0.173633,
		-0.973986,
		0,
		-0.637839,
		0.736087,
		-0.226578,
		0,
		-0.497417,
		0.25178,
		-0.317277,
		1,
	},
	[0.6333333333333333] = {
		0.756312,
		0.654202,
		-0.003399,
		0,
		0.145683,
		-0.173482,
		-0.974002,
		0,
		-0.637784,
		0.736154,
		-0.226513,
		0,
		-0.525834,
		0.232316,
		-0.322211,
		1,
	},
	[0.65] = {
		0.75635,
		0.654159,
		-0.003194,
		0,
		0.145773,
		-0.173302,
		-0.974021,
		0,
		-0.637719,
		0.736235,
		-0.226435,
		0,
		-0.523531,
		0.213187,
		-0.32607,
		1,
	},
	[0.6666666666666666] = {
		0.756395,
		0.654108,
		-0.002954,
		0,
		0.145879,
		-0.173091,
		-0.974043,
		0,
		-0.637641,
		0.73633,
		-0.226346,
		0,
		-0.52036,
		0.194366,
		-0.328657,
		1,
	},
	[0.6833333333333333] = {
		0.756448,
		0.654048,
		-0.002677,
		0,
		0.146003,
		-0.172848,
		-0.974067,
		0,
		-0.63755,
		0.73644,
		-0.226243,
		0,
		-0.516529,
		0.175885,
		-0.329885,
		1,
	},
	[0.6] = {
		0.756254,
		0.654267,
		-0.003709,
		0,
		0.145548,
		-0.173757,
		-0.973973,
		0,
		-0.637883,
		0.736032,
		-0.226632,
		0,
		-0.65954,
		0.271066,
		-0.310522,
		1,
	},
	[0.7166666666666667] = {
		0.756576,
		0.653902,
		-0.002012,
		0,
		0.146303,
		-0.172273,
		-0.974124,
		0,
		-0.637329,
		0.736705,
		-0.226005,
		0,
		-0.507621,
		0.140076,
		-0.327728,
		1,
	},
	[0.7333333333333333] = {
		0.756651,
		0.653817,
		-0.001634,
		0,
		0.146477,
		-0.171951,
		-0.974155,
		0,
		-0.6372,
		0.736855,
		-0.225876,
		0,
		-0.502835,
		0.122735,
		-0.313824,
		1,
	},
	[0.75] = {
		0.75673,
		0.653727,
		-0.001241,
		0,
		0.146663,
		-0.171621,
		-0.974185,
		0,
		-0.637064,
		0.737013,
		-0.225748,
		0,
		-0.49804,
		0.105876,
		-0.301842,
		1,
	},
	[0.7666666666666667] = {
		0.75681,
		0.653634,
		-0.00085,
		0,
		0.146852,
		-0.171298,
		-0.974213,
		0,
		-0.636925,
		0.73717,
		-0.225628,
		0,
		-0.493336,
		0.089526,
		-0.291655,
		1,
	},
	[0.7833333333333333] = {
		0.756889,
		0.653544,
		-0.00048,
		0,
		0.147036,
		-0.171003,
		-0.974237,
		0,
		-0.636789,
		0.737319,
		-0.225524,
		0,
		-0.488808,
		0.073715,
		-0.283138,
		1,
	},
	[0.7] = {
		0.756508,
		0.65398,
		-0.002362,
		0,
		0.146144,
		-0.172574,
		-0.974095,
		0,
		-0.637446,
		0.736565,
		-0.226129,
		0,
		-0.512226,
		0.157779,
		-0.329763,
		1,
	},
	[0.8166666666666667] = {
		0.757026,
		0.653384,
		0.000123,
		0,
		0.147359,
		-0.17055,
		-0.974268,
		0,
		-0.636551,
		0.737564,
		-0.225393,
		0,
		-0.480508,
		0.043826,
		-0.270765,
		1,
	},
	[0.8333333333333334] = {
		0.757081,
		0.653321,
		0.000337,
		0,
		0.147488,
		-0.170409,
		-0.974273,
		0,
		-0.636455,
		0.737654,
		-0.225371,
		0,
		-0.476814,
		0.029814,
		-0.266721,
		1,
	},
	[0.85] = {
		0.757126,
		0.653268,
		0.000491,
		0,
		0.147593,
		-0.170326,
		-0.974272,
		0,
		-0.636377,
		0.737719,
		-0.225376,
		0,
		-0.473451,
		0.016471,
		-0.263982,
		1,
	},
	[0.8666666666666667] = {
		0.757161,
		0.653228,
		0.000586,
		0,
		0.147674,
		-0.170296,
		-0.974265,
		0,
		-0.636317,
		0.737762,
		-0.225407,
		0,
		-0.470425,
		0.003833,
		-0.262457,
		1,
	},
	[0.8833333333333333] = {
		0.757191,
		0.653193,
		0.000635,
		0,
		0.147744,
		-0.170321,
		-0.97425,
		0,
		-0.636265,
		0.737787,
		-0.225471,
		0,
		-0.46773,
		-0.008061,
		-0.262068,
		1,
	},
	[0.8] = {
		0.756962,
		0.653459,
		-0.000152,
		0,
		0.147207,
		-0.17075,
		-0.974256,
		0,
		-0.636663,
		0.737452,
		-0.225445,
		0,
		-0.484516,
		0.058471,
		-0.276206,
		1,
	},
	[0.9166666666666666] = {
		0.757258,
		0.653115,
		0.000595,
		0,
		0.147899,
		-0.170596,
		-0.974178,
		0,
		-0.636149,
		0.737792,
		-0.22578,
		0,
		-0.46327,
		-0.029474,
		-0.264408,
		1,
	},
	[0.9333333333333333] = {
		0.757297,
		0.653071,
		0.000482,
		0,
		0.147988,
		-0.170887,
		-0.974113,
		0,
		-0.636083,
		0.737764,
		-0.226059,
		0,
		-0.461464,
		-0.038936,
		-0.266995,
		1,
	},
	[0.95] = {
		0.757339,
		0.653022,
		0.000287,
		0,
		0.148085,
		-0.171313,
		-0.974024,
		0,
		-0.63601,
		0.737709,
		-0.226444,
		0,
		-0.459907,
		-0.048087,
		-0.270444,
		1,
	},
	[0.9666666666666667] = {
		0.757383,
		0.652971,
		-1e-06,
		0,
		0.148187,
		-0.171884,
		-0.973908,
		0,
		-0.635933,
		0.737621,
		-0.226944,
		0,
		-0.458572,
		-0.052504,
		-0.274661,
		1,
	},
	[0.9833333333333333] = {
		0.757428,
		0.652918,
		-0.000374,
		0,
		0.14829,
		-0.172585,
		-0.973768,
		0,
		-0.635856,
		0.737504,
		-0.227542,
		0,
		-0.457428,
		-0.05034,
		-0.279584,
		1,
	},
	[0.9] = {
		0.757223,
		0.653156,
		0.000641,
		0,
		0.147819,
		-0.170414,
		-0.974222,
		0,
		-0.63621,
		0.737798,
		-0.22559,
		0,
		-0.465351,
		-0.019173,
		-0.262742,
		1,
	},
	[1.0166666666666666] = {
		0.757507,
		0.652825,
		-0.001234,
		0,
		0.148471,
		-0.174118,
		-0.973468,
		0,
		-0.635719,
		0.737226,
		-0.228822,
		0,
		-0.455568,
		-0.047699,
		-0.291517,
		1,
	},
	[1.0333333333333334] = {
		0.757538,
		0.652789,
		-0.001641,
		0,
		0.148542,
		-0.174824,
		-0.97333,
		0,
		-0.635666,
		0.737091,
		-0.229402,
		0,
		-0.454783,
		-0.046328,
		-0.298426,
		1,
	},
	[1.05] = {
		0.757564,
		0.652758,
		-0.002007,
		0,
		0.148599,
		-0.17545,
		-0.973209,
		0,
		-0.635622,
		0.73697,
		-0.229914,
		0,
		-0.454046,
		-0.044863,
		-0.305901,
		1,
	},
	[1.0666666666666667] = {
		0.757585,
		0.652733,
		-0.002327,
		0,
		0.148646,
		-0.175994,
		-0.973103,
		0,
		-0.635586,
		0.736862,
		-0.230357,
		0,
		-0.453321,
		-0.04327,
		-0.313895,
		1,
	},
	[1.0833333333333333] = {
		0.757602,
		0.652712,
		-0.002607,
		0,
		0.148685,
		-0.176465,
		-0.973012,
		0,
		-0.635557,
		0.736768,
		-0.230739,
		0,
		-0.452572,
		-0.041513,
		-0.32236,
		1,
	},
	{
		0.75747,
		0.652869,
		-0.0008,
		0,
		0.148387,
		-0.173354,
		-0.973617,
		0,
		-0.635783,
		0.737367,
		-0.228188,
		0,
		-0.456437,
		-0.049021,
		-0.285221,
		1,
	},
	[1.1166666666666667] = {
		0.757628,
		0.65268,
		-0.003059,
		0,
		0.148744,
		-0.177221,
		-0.972866,
		0,
		-0.635512,
		0.736615,
		-0.23135,
		0,
		-0.450874,
		-0.037392,
		-0.340502,
		1,
	},
	[1.1333333333333333] = {
		0.757638,
		0.652667,
		-0.003242,
		0,
		0.148767,
		-0.177525,
		-0.972807,
		0,
		-0.635495,
		0.736553,
		-0.231595,
		0,
		-0.449864,
		-0.034974,
		-0.350075,
		1,
	},
	[1.15] = {
		0.757646,
		0.652657,
		-0.0034,
		0,
		0.148786,
		-0.177788,
		-0.972756,
		0,
		-0.63548,
		0.736499,
		-0.231806,
		0,
		-0.448714,
		-0.032288,
		-0.359909,
		1,
	},
	[1.1666666666666667] = {
		0.757653,
		0.652648,
		-0.003538,
		0,
		0.148802,
		-0.178015,
		-0.972712,
		0,
		-0.635468,
		0.736452,
		-0.231989,
		0,
		-0.447401,
		-0.029316,
		-0.36995,
		1,
	},
	[1.1833333333333333] = {
		0.757659,
		0.65264,
		-0.003656,
		0,
		0.148815,
		-0.178211,
		-0.972674,
		0,
		-0.635458,
		0.736411,
		-0.232146,
		0,
		-0.445906,
		-0.026047,
		-0.380138,
		1,
	},
	[1.1] = {
		0.757616,
		0.652694,
		-0.002849,
		0,
		0.148717,
		-0.176871,
		-0.972934,
		0,
		-0.635532,
		0.736686,
		-0.231067,
		0,
		-0.451767,
		-0.039564,
		-0.331246,
		1,
	},
	[1.2166666666666666] = {
		0.757669,
		0.652628,
		-0.003847,
		0,
		0.148836,
		-0.178525,
		-0.972613,
		0,
		-0.635441,
		0.736346,
		-0.232397,
		0,
		-0.442321,
		-0.018598,
		-0.40072,
		1,
	},
	[1.2333333333333334] = {
		0.757672,
		0.652623,
		-0.003922,
		0,
		0.148844,
		-0.178648,
		-0.97259,
		0,
		-0.635435,
		0.73632,
		-0.232495,
		0,
		-0.440218,
		-0.014424,
		-0.410999,
		1,
	},
	[1.25] = {
		0.757675,
		0.65262,
		-0.003985,
		0,
		0.148851,
		-0.178751,
		-0.97257,
		0,
		-0.63543,
		0.736299,
		-0.232578,
		0,
		-0.437906,
		-0.009966,
		-0.421191,
		1,
	},
	[1.2666666666666666] = {
		0.757678,
		0.652616,
		-0.004038,
		0,
		0.148856,
		-0.178837,
		-0.972553,
		0,
		-0.635426,
		0.736281,
		-0.232647,
		0,
		-0.435389,
		-0.005238,
		-0.431245,
		1,
	},
	[1.2833333333333334] = {
		0.75768,
		0.652614,
		-0.00408,
		0,
		0.148861,
		-0.178907,
		-0.972539,
		0,
		-0.635423,
		0.736266,
		-0.232702,
		0,
		-0.432674,
		-0.000262,
		-0.441113,
		1,
	},
	[1.2] = {
		0.757664,
		0.652634,
		-0.003759,
		0,
		0.148826,
		-0.17838,
		-0.972641,
		0,
		-0.635449,
		0.736376,
		-0.232281,
		0,
		-0.444216,
		-0.022474,
		-0.390414,
		1,
	},
	[1.3166666666666667] = {
		0.757682,
		0.65261,
		-0.00414,
		0,
		0.148867,
		-0.179003,
		-0.972521,
		0,
		-0.635418,
		0.736245,
		-0.23278,
		0,
		-0.426724,
		0.010297,
		-0.460061,
		1,
	},
	[1.3333333333333333] = {
		0.757683,
		0.652609,
		-0.004158,
		0,
		0.148868,
		-0.179033,
		-0.972515,
		0,
		-0.635417,
		0.736239,
		-0.232803,
		0,
		-0.424592,
		0.01767,
		-0.46635,
		1,
	},
	[1.35] = {
		0.757684,
		0.652609,
		-0.004169,
		0,
		0.148869,
		-0.17905,
		-0.972512,
		0,
		-0.635416,
		0.736235,
		-0.232817,
		0,
		-0.398953,
		-0.017448,
		-0.53293,
		1,
	},
	[1.3666666666666667] = {
		0.757684,
		0.652608,
		-0.004173,
		0,
		0.14887,
		-0.179057,
		-0.97251,
		0,
		-0.635416,
		0.736234,
		-0.232823,
		0,
		-0.382408,
		-0.010664,
		-0.558127,
		1,
	},
	[1.3833333333333333] = {
		0.757684,
		0.652609,
		-0.004173,
		0,
		0.14887,
		-0.179058,
		-0.97251,
		0,
		-0.635416,
		0.736234,
		-0.232823,
		0,
		-0.399058,
		0.021227,
		-0.520875,
		1,
	},
	[1.3] = {
		0.757681,
		0.652612,
		-0.004114,
		0,
		0.148864,
		-0.178962,
		-0.972529,
		0,
		-0.63542,
		0.736254,
		-0.232746,
		0,
		-0.429781,
		0.004925,
		-0.450731,
		1,
	},
	[1.4166666666666667] = {
		0.757684,
		0.652609,
		-0.004173,
		0,
		0.14887,
		-0.179058,
		-0.97251,
		0,
		-0.635416,
		0.736234,
		-0.232823,
		0,
		-0.406423,
		0.043884,
		-0.507901,
		1,
	},
	[1.4333333333333333] = {
		0.757684,
		0.652609,
		-0.004173,
		0,
		0.14887,
		-0.179058,
		-0.97251,
		0,
		-0.635416,
		0.736234,
		-0.232823,
		0,
		-0.403023,
		0.049242,
		-0.514261,
		1,
	},
	[1.45] = {
		0.757684,
		0.652608,
		-0.004173,
		0,
		0.14887,
		-0.179058,
		-0.97251,
		0,
		-0.635416,
		0.736234,
		-0.232823,
		0,
		-0.399719,
		0.054391,
		-0.520112,
		1,
	},
	[1.4666666666666666] = {
		0.757684,
		0.652609,
		-0.004173,
		0,
		0.14887,
		-0.179058,
		-0.97251,
		0,
		-0.635416,
		0.736234,
		-0.232823,
		0,
		-0.396552,
		0.059278,
		-0.525445,
		1,
	},
	[1.4833333333333334] = {
		0.757684,
		0.652609,
		-0.004173,
		0,
		0.14887,
		-0.179058,
		-0.97251,
		0,
		-0.635416,
		0.736234,
		-0.232823,
		0,
		-0.393561,
		0.06385,
		-0.53025,
		1,
	},
	[1.4] = {
		0.757684,
		0.652609,
		-0.004173,
		0,
		0.14887,
		-0.179058,
		-0.97251,
		0,
		-0.635416,
		0.736234,
		-0.232823,
		0,
		-0.412122,
		0.040366,
		-0.496654,
		1,
	},
	[1.5166666666666666] = {
		0.757684,
		0.652609,
		-0.004173,
		0,
		0.14887,
		-0.179058,
		-0.97251,
		0,
		-0.635416,
		0.736234,
		-0.232823,
		0,
		-0.388274,
		0.071845,
		-0.538256,
		1,
	},
	[1.5333333333333334] = {
		0.757684,
		0.652609,
		-0.004173,
		0,
		0.14887,
		-0.179058,
		-0.97251,
		0,
		-0.635416,
		0.736234,
		-0.232823,
		0,
		-0.386056,
		0.07517,
		-0.541444,
		1,
	},
	[1.55] = {
		0.757684,
		0.652608,
		-0.004173,
		0,
		0.14887,
		-0.179058,
		-0.97251,
		0,
		-0.635416,
		0.736234,
		-0.232823,
		0,
		-0.38417,
		0.077984,
		-0.544082,
		1,
	},
	[1.5666666666666667] = {
		0.757684,
		0.652609,
		-0.004173,
		0,
		0.14887,
		-0.179058,
		-0.97251,
		0,
		-0.635416,
		0.736234,
		-0.232823,
		0,
		-0.382652,
		0.080243,
		-0.54616,
		1,
	},
	[1.5833333333333333] = {
		0.757684,
		0.652609,
		-0.004173,
		0,
		0.14887,
		-0.179058,
		-0.97251,
		0,
		-0.635416,
		0.736234,
		-0.232823,
		0,
		-0.381534,
		0.081904,
		-0.547666,
		1,
	},
	[1.5] = {
		0.757684,
		0.652609,
		-0.004173,
		0,
		0.14887,
		-0.179058,
		-0.97251,
		0,
		-0.635416,
		0.736234,
		-0.232823,
		0,
		-0.390789,
		0.068056,
		-0.534522,
		1,
	},
	[1.6166666666666667] = {
		0.757684,
		0.652609,
		-0.004173,
		0,
		0.14887,
		-0.179058,
		-0.97251,
		0,
		-0.635416,
		0.736234,
		-0.232823,
		0,
		-0.380609,
		0.083278,
		-0.548899,
		1,
	},
	[1.6] = {
		0.757684,
		0.652609,
		-0.004173,
		0,
		0.14887,
		-0.179058,
		-0.97251,
		0,
		-0.635416,
		0.736234,
		-0.232823,
		0,
		-0.380847,
		0.082923,
		-0.548582,
		1,
	},
}

return spline_matrices
