-- chunkname: @content/characters/player/human/first_person/animations/dual_shivs/attack_swing_right_hit_01_offhand_sweep.lua

local spline_matrices = {
	[0.016666666666666666] = {
		-0.270922,
		0.548344,
		0.791151,
		0,
		-0.0556,
		0.811602,
		-0.581559,
		0,
		-0.960994,
		-0.201545,
		-0.189393,
		0,
		-0.35416,
		0.517148,
		-0.206967,
		1,
	},
	[0.03333333333333333] = {
		-0.243549,
		0.548279,
		0.800046,
		0,
		-0.054783,
		0.815791,
		-0.575746,
		0,
		-0.96834,
		-0.184051,
		-0.168648,
		0,
		-0.346334,
		0.518536,
		-0.203642,
		1,
	},
	[0.05] = {
		-0.232286,
		0.548506,
		0.803234,
		0,
		-0.05525,
		0.817048,
		-0.573917,
		0,
		-0.971077,
		-0.177692,
		-0.159484,
		0,
		-0.343896,
		0.518383,
		-0.202794,
		1,
	},
	[0.06666666666666667] = {
		-0.233703,
		0.549437,
		0.802186,
		0,
		-0.057136,
		0.815847,
		-0.575439,
		0,
		-0.970628,
		-0.180315,
		-0.159273,
		0,
		-0.346105,
		0.51678,
		-0.20407,
		1,
	},
	[0.08333333333333333] = {
		-0.244368,
		0.550703,
		0.79813,
		0,
		-0.059932,
		0.812932,
		-0.579266,
		0,
		-0.967829,
		-0.189387,
		-0.16565,
		0,
		-0.35149,
		0.514295,
		-0.206691,
		1,
	},
	[0] = {
		-0.317491,
		0.547057,
		0.77455,
		0,
		-0.057863,
		0.804112,
		-0.591655,
		0,
		-0.946494,
		-0.232663,
		-0.223644,
		0,
		-0.36808,
		0.513945,
		-0.212824,
		1,
	},
	[0.11666666666666667] = {
		-0.279574,
		0.552198,
		0.78544,
		0,
		-0.066066,
		0.805057,
		-0.589506,
		0,
		-0.957848,
		-0.216701,
		-0.188592,
		0,
		-0.365831,
		0.508878,
		-0.212917,
		1,
	},
	[0.13333333333333333] = {
		-0.297172,
		0.55207,
		0.779043,
		0,
		-0.068585,
		0.801452,
		-0.594113,
		0,
		-0.952358,
		-0.229984,
		-0.200305,
		0,
		-0.372281,
		0.506697,
		-0.21546,
		1,
	},
	[0.15] = {
		-0.310192,
		0.551804,
		0.77414,
		0,
		-0.070393,
		0.79874,
		-0.597544,
		0,
		-0.948064,
		-0.239847,
		-0.20892,
		0,
		-0.377086,
		0.504954,
		-0.217447,
		1,
	},
	[0.16666666666666666] = {
		-0.315287,
		0.551839,
		0.772054,
		0,
		-0.071053,
		0.797538,
		-0.59907,
		0,
		-0.946333,
		-0.243736,
		-0.212244,
		0,
		-0.379077,
		0.504077,
		-0.218493,
		1,
	},
	[0.18333333333333332] = {
		-0.318867,
		0.563255,
		0.762278,
		0,
		-0.070572,
		0.787919,
		-0.611722,
		0,
		-0.945168,
		-0.248854,
		-0.211491,
		0,
		-0.379995,
		0.502119,
		-0.227463,
		1,
	},
	[0.1] = {
		-0.260816,
		0.551762,
		0.79217,
		0,
		-0.063086,
		0.809076,
		-0.584308,
		0,
		-0.963325,
		-0.202371,
		-0.176211,
		0,
		-0.358561,
		0.51147,
		-0.209891,
		1,
	},
	[0.21666666666666667] = {
		-0.34153,
		0.635259,
		0.692678,
		0,
		-0.062603,
		0.71998,
		-0.691165,
		0,
		-0.937784,
		-0.279417,
		-0.206126,
		0,
		-0.382517,
		0.487732,
		-0.285152,
		1,
	},
	[0.23333333333333334] = {
		-0.356055,
		0.683489,
		0.637235,
		0,
		-0.051596,
		0.666505,
		-0.743713,
		0,
		-0.93304,
		-0.297681,
		-0.202047,
		0,
		-0.381269,
		0.47466,
		-0.325923,
		1,
	},
	[0.25] = {
		-0.369506,
		0.731986,
		0.572418,
		0,
		-0.034881,
		0.604654,
		-0.795724,
		0,
		-0.928574,
		-0.313991,
		-0.19789,
		0,
		-0.377021,
		0.457922,
		-0.369156,
		1,
	},
	[0.26666666666666666] = {
		-0.379977,
		0.776006,
		0.50342,
		0,
		-0.013555,
		0.539511,
		-0.841869,
		0,
		-0.924897,
		-0.326715,
		-0.194483,
		0,
		-0.369782,
		0.438688,
		-0.410899,
		1,
	},
	[0.2833333333333333] = {
		-0.386536,
		0.812266,
		0.436822,
		0,
		0.009784,
		0.477221,
		-0.878729,
		0,
		-0.922222,
		-0.335387,
		-0.19241,
		0,
		-0.360526,
		0.418943,
		-0.447673,
		1,
	},
	[0.2] = {
		-0.328329,
		0.593096,
		0.735145,
		0,
		-0.068383,
		0.761323,
		-0.644757,
		0,
		-0.942085,
		-0.261964,
		-0.209407,
		0,
		-0.381624,
		0.496799,
		-0.250978,
		1,
	},
	[0.31666666666666665] = {
		-0.390039,
		0.855489,
		0.3406,
		0,
		0.047425,
		0.388069,
		-0.920409,
		0,
		-0.919576,
		-0.342842,
		-0.191933,
		0,
		-0.343663,
		0.388626,
		-0.495616,
		1,
	},
	[0.3333333333333333] = {
		-0.389886,
		0.861297,
		0.325816,
		0,
		0.053712,
		0.374483,
		-0.925677,
		0,
		-0.919295,
		-0.343409,
		-0.192268,
		0,
		-0.340656,
		0.383815,
		-0.502546,
		1,
	},
	[0.35] = {
		-0.389766,
		0.861417,
		0.325643,
		0,
		0.05404,
		0.374394,
		-0.925694,
		0,
		-0.919327,
		-0.343206,
		-0.192477,
		0,
		-0.340477,
		0.383811,
		-0.502707,
		1,
	},
	[0.36666666666666664] = {
		-0.389632,
		0.861534,
		0.325493,
		0,
		0.054399,
		0.374336,
		-0.925696,
		0,
		-0.919363,
		-0.342975,
		-0.19272,
		0,
		-0.340259,
		0.383853,
		-0.502844,
		1,
	},
	[0.38333333333333336] = {
		-0.389483,
		0.86165,
		0.325366,
		0,
		0.054792,
		0.374312,
		-0.925683,
		0,
		-0.919403,
		-0.34271,
		-0.192999,
		0,
		-0.339995,
		0.383944,
		-0.502954,
		1,
	},
	[0.3] = {
		-0.389459,
		0.83899,
		0.380024,
		0,
		0.031476,
		0.424484,
		-0.904888,
		0,
		-0.920506,
		-0.340455,
		-0.191728,
		0,
		-0.351055,
		0.401287,
		-0.476655,
		1,
	},
	[0.4166666666666667] = {
		-0.389051,
		0.861878,
		0.325278,
		0,
		0.055913,
		0.374537,
		-0.925524,
		0,
		-0.919518,
		-0.341889,
		-0.193904,
		0,
		-0.339058,
		0.384555,
		-0.502964,
		1,
	},
	[0.43333333333333335] = {
		-0.388741,
		0.861987,
		0.325358,
		0,
		0.05671,
		0.37485,
		-0.925349,
		0,
		-0.9196,
		-0.34127,
		-0.194603,
		0,
		-0.338293,
		0.385172,
		-0.502811,
		1,
	},
	[0.45] = {
		-0.38836,
		0.862088,
		0.325547,
		0,
		0.057689,
		0.375328,
		-0.925095,
		0,
		-0.9197,
		-0.340489,
		-0.195496,
		0,
		-0.337292,
		0.386043,
		-0.502521,
		1,
	},
	[0.4666666666666667] = {
		-0.387912,
		0.862174,
		0.325852,
		0,
		0.058832,
		0.375976,
		-0.92476,
		0,
		-0.919817,
		-0.339555,
		-0.196569,
		0,
		-0.336066,
		0.387165,
		-0.502087,
		1,
	},
	[0.48333333333333334] = {
		-0.387428,
		0.86224,
		0.326253,
		0,
		0.060065,
		0.376749,
		-0.924366,
		0,
		-0.919941,
		-0.338529,
		-0.197754,
		0,
		-0.334695,
		0.388464,
		-0.501535,
		1,
	},
	[0.4] = {
		-0.389294,
		0.861765,
		0.325287,
		0,
		0.055282,
		0.374367,
		-0.925631,
		0,
		-0.919453,
		-0.342361,
		-0.193379,
		0,
		-0.339613,
		0.38416,
		-0.503004,
		1,
	},
	[0.5166666666666667] = {
		-0.386515,
		0.862311,
		0.327149,
		0,
		0.062383,
		0.378348,
		-0.923559,
		0,
		-0.920171,
		-0.336561,
		-0.20003,
		0,
		-0.33202,
		0.391076,
		-0.50033,
		1,
	},
	[0.5333333333333333] = {
		-0.386136,
		0.862324,
		0.327561,
		0,
		0.063339,
		0.37905,
		-0.923206,
		0,
		-0.920265,
		-0.335736,
		-0.200984,
		0,
		-0.330888,
		0.392203,
		-0.499783,
		1,
	},
	[0.55] = {
		-0.385816,
		0.862329,
		0.327925,
		0,
		0.064148,
		0.379659,
		-0.9229,
		0,
		-0.920343,
		-0.335033,
		-0.201795,
		0,
		-0.32992,
		0.393174,
		-0.4993,
		1,
	},
	[0.5666666666666667] = {
		-0.385547,
		0.862329,
		0.328241,
		0,
		0.064826,
		0.38018,
		-0.922638,
		0,
		-0.920408,
		-0.334442,
		-0.202478,
		0,
		-0.329102,
		0.394,
		-0.498883,
		1,
	},
	[0.5833333333333334] = {
		-0.385322,
		0.862327,
		0.328511,
		0,
		0.065392,
		0.380622,
		-0.922416,
		0,
		-0.920462,
		-0.333945,
		-0.203051,
		0,
		-0.328413,
		0.394697,
		-0.498526,
		1,
	},
	[0.5] = {
		-0.386951,
		0.862285,
		0.326702,
		0,
		0.061279,
		0.377566,
		-0.923953,
		0,
		-0.920062,
		-0.337504,
		-0.198939,
		0,
		-0.333308,
		0.389808,
		-0.500928,
		1,
	},
	[0.6166666666666667] = {
		-0.384977,
		0.862318,
		0.328938,
		0,
		0.066258,
		0.381311,
		-0.922069,
		0,
		-0.920545,
		-0.333181,
		-0.203931,
		0,
		-0.327352,
		0.395778,
		-0.497963,
		1,
	},
	[0.6333333333333333] = {
		-0.384847,
		0.862313,
		0.329103,
		0,
		0.066585,
		0.381575,
		-0.921937,
		0,
		-0.920575,
		-0.332891,
		-0.204265,
		0,
		-0.326948,
		0.396191,
		-0.497746,
		1,
	},
	[0.65] = {
		-0.384739,
		0.862309,
		0.329241,
		0,
		0.066856,
		0.381795,
		-0.921826,
		0,
		-0.920601,
		-0.332651,
		-0.204542,
		0,
		-0.326613,
		0.396534,
		-0.497564,
		1,
	},
	[0.6666666666666666] = {
		-0.384651,
		0.862304,
		0.329356,
		0,
		0.067078,
		0.381977,
		-0.921734,
		0,
		-0.920622,
		-0.332453,
		-0.204769,
		0,
		-0.326338,
		0.396817,
		-0.497413,
		1,
	},
	[0.6833333333333333] = {
		-0.384579,
		0.8623,
		0.32945,
		0,
		0.067258,
		0.382125,
		-0.92166,
		0,
		-0.920639,
		-0.332293,
		-0.204954,
		0,
		-0.326114,
		0.397047,
		-0.49729,
		1,
	},
	[0.6] = {
		-0.385134,
		0.862323,
		0.328742,
		0,
		0.065864,
		0.380996,
		-0.922228,
		0,
		-0.920507,
		-0.333529,
		-0.203531,
		0,
		-0.327836,
		0.395285,
		-0.498221,
		1,
	},
	[0.7166666666666667] = {
		-0.384478,
		0.862294,
		0.329583,
		0,
		0.06751,
		0.382334,
		-0.921555,
		0,
		-0.920662,
		-0.332067,
		-0.205213,
		0,
		-0.325799,
		0.397373,
		-0.497115,
		1,
	},
	[0.7333333333333333] = {
		-0.384446,
		0.862292,
		0.329626,
		0,
		0.067591,
		0.382402,
		-0.921521,
		0,
		-0.92067,
		-0.331995,
		-0.205296,
		0,
		-0.325697,
		0.397477,
		-0.497058,
		1,
	},
	[0.75] = {
		-0.384424,
		0.862291,
		0.329655,
		0,
		0.067646,
		0.382448,
		-0.921498,
		0,
		-0.920675,
		-0.331946,
		-0.205353,
		0,
		-0.325629,
		0.397548,
		-0.49702,
		1,
	},
	[0.7666666666666667] = {
		-0.384412,
		0.86229,
		0.329672,
		0,
		0.067677,
		0.382474,
		-0.921484,
		0,
		-0.920678,
		-0.331918,
		-0.205385,
		0,
		-0.325589,
		0.397589,
		-0.496997,
		1,
	},
	[0.7833333333333333] = {
		-0.384408,
		0.86229,
		0.329677,
		0,
		0.067687,
		0.382482,
		-0.92148,
		0,
		-0.920679,
		-0.331909,
		-0.205395,
		0,
		-0.325577,
		0.397602,
		-0.49699,
		1,
	},
	[0.7] = {
		-0.384522,
		0.862297,
		0.329525,
		0,
		0.0674,
		0.382243,
		-0.921601,
		0,
		-0.920652,
		-0.332166,
		-0.2051,
		0,
		-0.325936,
		0.397231,
		-0.497191,
		1,
	},
	[0.8166666666666667] = {
		-0.384408,
		0.86229,
		0.329677,
		0,
		0.067687,
		0.382482,
		-0.92148,
		0,
		-0.920679,
		-0.331909,
		-0.205395,
		0,
		-0.325577,
		0.397602,
		-0.49699,
		1,
	},
	[0.8333333333333334] = {
		-0.384408,
		0.86229,
		0.329677,
		0,
		0.067687,
		0.382482,
		-0.92148,
		0,
		-0.920679,
		-0.331909,
		-0.205395,
		0,
		-0.325577,
		0.397602,
		-0.49699,
		1,
	},
	[0.85] = {
		-0.384408,
		0.86229,
		0.329677,
		0,
		0.067687,
		0.382482,
		-0.92148,
		0,
		-0.920679,
		-0.331909,
		-0.205395,
		0,
		-0.325577,
		0.397602,
		-0.49699,
		1,
	},
	[0.8666666666666667] = {
		-0.384408,
		0.86229,
		0.329677,
		0,
		0.067687,
		0.382482,
		-0.92148,
		0,
		-0.920679,
		-0.331909,
		-0.205395,
		0,
		-0.325577,
		0.397602,
		-0.49699,
		1,
	},
	[0.8833333333333333] = {
		-0.384408,
		0.86229,
		0.329677,
		0,
		0.067687,
		0.382482,
		-0.92148,
		0,
		-0.920679,
		-0.331909,
		-0.205395,
		0,
		-0.325577,
		0.397602,
		-0.49699,
		1,
	},
	[0.8] = {
		-0.384408,
		0.86229,
		0.329677,
		0,
		0.067687,
		0.382482,
		-0.92148,
		0,
		-0.920679,
		-0.331909,
		-0.205395,
		0,
		-0.325577,
		0.397602,
		-0.49699,
		1,
	},
	[0.9166666666666666] = {
		-0.384408,
		0.86229,
		0.329677,
		0,
		0.067687,
		0.382482,
		-0.92148,
		0,
		-0.920679,
		-0.331909,
		-0.205395,
		0,
		-0.325577,
		0.397602,
		-0.49699,
		1,
	},
	[0.9333333333333333] = {
		-0.384408,
		0.86229,
		0.329677,
		0,
		0.067687,
		0.382482,
		-0.92148,
		0,
		-0.920679,
		-0.331909,
		-0.205395,
		0,
		-0.325577,
		0.397602,
		-0.49699,
		1,
	},
	[0.95] = {
		-0.384408,
		0.86229,
		0.329677,
		0,
		0.067687,
		0.382482,
		-0.92148,
		0,
		-0.920679,
		-0.331909,
		-0.205395,
		0,
		-0.325577,
		0.397602,
		-0.49699,
		1,
	},
	[0.9666666666666667] = {
		-0.384408,
		0.86229,
		0.329677,
		0,
		0.067687,
		0.382482,
		-0.92148,
		0,
		-0.920679,
		-0.331909,
		-0.205395,
		0,
		-0.325577,
		0.397602,
		-0.49699,
		1,
	},
	[0.9833333333333333] = {
		-0.384408,
		0.86229,
		0.329677,
		0,
		0.067687,
		0.382482,
		-0.92148,
		0,
		-0.920679,
		-0.331909,
		-0.205395,
		0,
		-0.325577,
		0.397602,
		-0.49699,
		1,
	},
	[0.9] = {
		-0.384408,
		0.86229,
		0.329677,
		0,
		0.067687,
		0.382482,
		-0.92148,
		0,
		-0.920679,
		-0.331909,
		-0.205395,
		0,
		-0.325577,
		0.397602,
		-0.49699,
		1,
	},
	[1.0166666666666666] = {
		-0.384408,
		0.86229,
		0.329677,
		0,
		0.067687,
		0.382482,
		-0.92148,
		0,
		-0.920679,
		-0.331909,
		-0.205395,
		0,
		-0.325577,
		0.397602,
		-0.49699,
		1,
	},
	[1.0333333333333334] = {
		-0.384408,
		0.86229,
		0.329677,
		0,
		0.067687,
		0.382482,
		-0.92148,
		0,
		-0.920679,
		-0.331909,
		-0.205395,
		0,
		-0.325577,
		0.397602,
		-0.49699,
		1,
	},
	[1.05] = {
		-0.384408,
		0.86229,
		0.329677,
		0,
		0.067687,
		0.382482,
		-0.92148,
		0,
		-0.920679,
		-0.331909,
		-0.205395,
		0,
		-0.325577,
		0.397602,
		-0.49699,
		1,
	},
	{
		-0.384408,
		0.86229,
		0.329677,
		0,
		0.067687,
		0.382482,
		-0.92148,
		0,
		-0.920679,
		-0.331909,
		-0.205395,
		0,
		-0.325577,
		0.397602,
		-0.49699,
		1,
	},
}

return spline_matrices
