-- chunkname: @content/characters/player/human/first_person/animations/dual_shivs/attack_swing_right_hit_02_offhand_sweep.lua

local spline_matrices = {
	[0.016666666666666666] = {
		0.508009,
		0.04114,
		0.860369,
		0,
		0.480648,
		0.815344,
		-0.322788,
		0,
		-0.714776,
		0.577514,
		0.394427,
		0,
		0.083401,
		0.440128,
		-0.0962,
		1,
	},
	[0.03333333333333333] = {
		0.536292,
		0.005678,
		0.844013,
		0,
		0.525394,
		0.780372,
		-0.339089,
		0,
		-0.660569,
		0.62529,
		0.415524,
		0,
		0.110642,
		0.422131,
		-0.101528,
		1,
	},
	[0.05] = {
		0.548411,
		-0.015248,
		0.83607,
		0,
		0.554235,
		0.755304,
		-0.349769,
		0,
		-0.626154,
		0.655197,
		0.422668,
		0,
		0.126908,
		0.409616,
		-0.103982,
		1,
	},
	[0.06666666666666667] = {
		0.549015,
		-0.021931,
		0.835524,
		0,
		0.572442,
		0.738259,
		-0.356768,
		0,
		-0.60901,
		0.67416,
		0.41787,
		0,
		0.135429,
		0.402227,
		-0.104505,
		1,
	},
	[0.08333333333333333] = {
		0.54169,
		-0.016227,
		0.840422,
		0,
		0.583795,
		0.726607,
		-0.362252,
		0,
		-0.604778,
		0.686862,
		0.403069,
		0,
		0.138729,
		0.39893,
		-0.104177,
		1,
	},
	[0] = {
		0.457559,
		0.087898,
		0.884824,
		0,
		0.412692,
		0.860437,
		-0.298887,
		0,
		-0.787607,
		0.501918,
		0.357426,
		0,
		0.041299,
		0.462838,
		-0.086822,
		1,
	},
	[0.11666666666666667] = {
		0.515491,
		0.022499,
		0.8566,
		0,
		0.597391,
		0.707235,
		-0.378078,
		0,
		-0.614324,
		0.706621,
		0.351132,
		0,
		0.138132,
		0.399158,
		-0.105761,
		1,
	},
	[0.13333333333333333] = {
		0.503129,
		0.050531,
		0.862733,
		0,
		0.604635,
		0.692693,
		-0.393183,
		0,
		-0.617477,
		0.71946,
		0.317961,
		0,
		0.138361,
		0.399658,
		-0.110111,
		1,
	},
	[0.15] = {
		0.496456,
		0.080887,
		0.864285,
		0,
		0.615134,
		0.66973,
		-0.41602,
		0,
		-0.612488,
		0.738186,
		0.282735,
		0,
		0.141819,
		0.398138,
		-0.118345,
		1,
	},
	[0.16666666666666666] = {
		0.50016,
		0.110142,
		0.8589,
		0,
		0.63035,
		0.633759,
		-0.44834,
		0,
		-0.593717,
		0.765649,
		0.247553,
		0,
		0.150674,
		0.392434,
		-0.131381,
		1,
	},
	[0.18333333333333332] = {
		0.519307,
		0.132947,
		0.844183,
		0,
		0.650211,
		0.579562,
		-0.491257,
		0,
		-0.554568,
		0.80401,
		0.214527,
		0,
		0.166783,
		0.379659,
		-0.14983,
		1,
	},
	[0.1] = {
		0.529494,
		-0.000577,
		0.848314,
		0,
		0.591249,
		0.717351,
		-0.368554,
		0,
		-0.608326,
		0.696711,
		0.380174,
		0,
		0.138951,
		0.398394,
		-0.104186,
		1,
	},
	[0.21666666666666667] = {
		0.624167,
		0.163845,
		0.763918,
		0,
		0.682087,
		0.362557,
		-0.635067,
		0,
		-0.381016,
		0.917446,
		0.114539,
		0,
		0.224606,
		0.313887,
		-0.220889,
		1,
	},
	[0.23333333333333334] = {
		0.67794,
		0.149721,
		0.719709,
		0,
		0.677731,
		0.251924,
		-0.690807,
		0,
		-0.28474,
		0.956095,
		0.069319,
		0,
		0.249366,
		0.271802,
		-0.252042,
		1,
	},
	[0.25] = {
		0.724563,
		0.120574,
		0.67858,
		0,
		0.662284,
		0.150702,
		-0.733941,
		0,
		-0.190757,
		0.981199,
		0.029338,
		0,
		0.268673,
		0.228199,
		-0.277845,
		1,
	},
	[0.26666666666666666] = {
		0.760218,
		0.086362,
		0.643903,
		0,
		0.640687,
		0.064577,
		-0.765082,
		0,
		-0.107655,
		0.994169,
		-0.006239,
		0,
		0.281873,
		0.187678,
		-0.297896,
		1,
	},
	[0.2833333333333333] = {
		0.784339,
		0.059548,
		0.617468,
		0,
		0.618742,
		-0.00386,
		-0.785585,
		0,
		-0.044397,
		0.998218,
		-0.039873,
		0,
		0.289376,
		0.154784,
		-0.312673,
		1,
	},
	[0.2] = {
		0.569758,
		0.157635,
		0.806553,
		0,
		0.672515,
		0.474641,
		-0.567838,
		0,
		-0.472334,
		0.865949,
		0.164418,
		0,
		0.196193,
		0.350615,
		-0.185931,
		1,
	},
	[0.31666666666666665] = {
		0.803403,
		0.078109,
		0.59029,
		0,
		0.595328,
		-0.086595,
		-0.798803,
		0,
		-0.011278,
		0.993177,
		-0.116071,
		0,
		0.290876,
		0.127735,
		-0.329948,
		1,
	},
	[0.3333333333333333] = {
		0.801442,
		0.128422,
		0.584122,
		0,
		0.596751,
		-0.106808,
		-0.795287,
		0,
		-0.039743,
		0.985951,
		-0.162236,
		0,
		0.286827,
		0.133134,
		-0.335446,
		1,
	},
	[0.35] = {
		0.794499,
		0.189798,
		0.576844,
		0,
		0.602043,
		-0.121869,
		-0.789108,
		0,
		-0.079472,
		0.97423,
		-0.211091,
		0,
		0.281389,
		0.143106,
		-0.341137,
		1,
	},
	[0.36666666666666664] = {
		0.781056,
		0.260479,
		0.567541,
		0,
		0.610959,
		-0.130781,
		-0.780785,
		0,
		-0.129155,
		0.956581,
		-0.261289,
		0,
		0.274232,
		0.157294,
		-0.34718,
		1,
	},
	[0.38333333333333336] = {
		0.759549,
		0.338365,
		0.555512,
		0,
		0.622899,
		-0.132458,
		-0.771007,
		0,
		-0.1873,
		0.931646,
		-0.311375,
		0,
		0.264875,
		0.175247,
		-0.35375,
		1,
	},
	[0.3] = {
		0.798425,
		0.0529,
		0.599766,
		0,
		0.602019,
		-0.054321,
		-0.796632,
		0,
		-0.009562,
		0.997121,
		-0.075218,
		0,
		0.292161,
		0.133584,
		-0.323053,
		1,
	},
	[0.4166666666666667] = {
		0.686931,
		0.505531,
		0.522077,
		0,
		0.651586,
		-0.110321,
		-0.75051,
		0,
		-0.321809,
		0.855727,
		-0.40518,
		0,
		0.237264,
		0.220001,
		-0.369036,
		1,
	},
	[0.43333333333333335] = {
		0.634103,
		0.588862,
		0.501154,
		0,
		0.665389,
		-0.085368,
		-0.741599,
		0,
		-0.393917,
		0.803713,
		-0.445955,
		0,
		0.217966,
		0.245295,
		-0.377783,
		1,
	},
	[0.45] = {
		0.570146,
		0.667799,
		0.478517,
		0,
		0.676516,
		-0.051169,
		-0.734648,
		0,
		-0.466111,
		0.742581,
		-0.48095,
		0,
		0.194548,
		0.271379,
		-0.38705,
		1,
	},
	[0.4666666666666667] = {
		0.49595,
		0.739333,
		0.455433,
		0,
		0.683166,
		-0.008457,
		-0.730214,
		0,
		-0.53602,
		0.673286,
		-0.509282,
		0,
		0.166922,
		0.297316,
		-0.396511,
		1,
	},
	[0.48333333333333334] = {
		0.413195,
		0.800913,
		0.43337,
		0,
		0.683743,
		0.041465,
		-0.728544,
		0,
		-0.60147,
		0.597344,
		-0.530485,
		0,
		0.135257,
		0.322165,
		-0.405736,
		1,
	},
	[0.4] = {
		0.728547,
		0.420993,
		0.540356,
		0,
		0.636885,
		-0.125893,
		-0.76061,
		0,
		-0.252185,
		0.898285,
		-0.359843,
		0,
		0.252744,
		0.196383,
		-0.361008,
		1,
	},
	[0.5166666666666667] = {
		0.232005,
		0.887536,
		0.398062,
		0,
		0.662515,
		0.155453,
		-0.732741,
		0,
		-0.712213,
		0.433722,
		-0.55194,
		0,
		0.061881,
		0.365267,
		-0.421493,
		1,
	},
	[0.5333333333333333] = {
		0.139591,
		0.911406,
		0.387108,
		0,
		0.640225,
		0.215161,
		-0.73744,
		0,
		-0.755398,
		0.350777,
		-0.553471,
		0,
		0.021868,
		0.382283,
		-0.427057,
		1,
	},
	[0.55] = {
		0.050135,
		0.923018,
		0.381476,
		0,
		0.611061,
		0.273775,
		-0.742733,
		0,
		-0.789994,
		0.270342,
		-0.550295,
		0,
		-0.018875,
		0.395844,
		-0.430562,
		1,
	},
	[0.5666666666666667] = {
		-0.03351,
		0.923886,
		0.381199,
		0,
		0.576606,
		0.329407,
		-0.747674,
		0,
		-0.816335,
		0.194747,
		-0.543757,
		0,
		-0.059065,
		0.40597,
		-0.431787,
		1,
	},
	[0.5833333333333334] = {
		-0.108955,
		0.916113,
		0.385832,
		0,
		0.539049,
		0.380569,
		-0.751394,
		0,
		-0.835198,
		0.126114,
		-0.535295,
		0,
		-0.097383,
		0.412937,
		-0.430675,
		1,
	},
	[0.5] = {
		0.324252,
		0.85066,
		0.413809,
		0,
		0.677059,
		0.096807,
		-0.729534,
		0,
		-0.660645,
		0.516726,
		-0.544557,
		0,
		0.100002,
		0.345057,
		-0.414232,
		1,
	},
	[0.6166666666666667] = {
		-0.228577,
		0.884749,
		0.406167,
		0,
		0.465398,
		0.465758,
		-0.752645,
		0,
		-0.855077,
		0.016992,
		-0.518222,
		0,
		-0.163329,
		0.419562,
		-0.422033,
		1,
	},
	[0.6333333333333333] = {
		-0.270801,
		0.86643,
		0.419483,
		0,
		0.435151,
		0.49888,
		-0.749508,
		0,
		-0.858668,
		-0.020429,
		-0.512125,
		0,
		-0.188656,
		0.420614,
		-0.415112,
		1,
	},
	[0.65] = {
		-0.302489,
		0.848248,
		0.434713,
		0,
		0.411029,
		0.527579,
		-0.743448,
		0,
		-0.859974,
		-0.046205,
		-0.508242,
		0,
		-0.208778,
		0.421482,
		-0.405909,
		1,
	},
	[0.6666666666666666] = {
		-0.32595,
		0.830141,
		0.452352,
		0,
		0.392386,
		0.554117,
		-0.734158,
		0,
		-0.86011,
		-0.061803,
		-0.50635,
		0,
		-0.224657,
		0.422831,
		-0.393738,
		1,
	},
	[0.6833333333333333] = {
		-0.342017,
		0.812794,
		0.471584,
		0,
		0.379844,
		0.578602,
		-0.721761,
		0,
		-0.859502,
		-0.067726,
		-0.506626,
		0,
		-0.236365,
		0.424649,
		-0.378952,
		1,
	},
	[0.6] = {
		-0.174386,
		0.902184,
		0.394529,
		0,
		0.501018,
		0.426222,
		-0.753203,
		0,
		-0.847685,
		0.066318,
		-0.526338,
		0,
		-0.132539,
		0.417248,
		-0.427339,
		1,
	},
	[0.7166666666666667] = {
		-0.342017,
		0.812794,
		0.471584,
		0,
		0.379844,
		0.578602,
		-0.721761,
		0,
		-0.859502,
		-0.067726,
		-0.506626,
		0,
		-0.236365,
		0.424649,
		-0.378952,
		1,
	},
	[0.7333333333333333] = {
		-0.342017,
		0.812794,
		0.471584,
		0,
		0.379844,
		0.578602,
		-0.721761,
		0,
		-0.859502,
		-0.067726,
		-0.506626,
		0,
		-0.236365,
		0.424649,
		-0.378952,
		1,
	},
	[0.75] = {
		-0.342017,
		0.812794,
		0.471584,
		0,
		0.379844,
		0.578602,
		-0.721761,
		0,
		-0.859502,
		-0.067726,
		-0.506626,
		0,
		-0.236365,
		0.424649,
		-0.378952,
		1,
	},
	[0.7666666666666667] = {
		-0.342017,
		0.812794,
		0.471584,
		0,
		0.379844,
		0.578602,
		-0.721761,
		0,
		-0.859502,
		-0.067726,
		-0.506626,
		0,
		-0.236365,
		0.424649,
		-0.378952,
		1,
	},
	[0.7833333333333333] = {
		-0.342017,
		0.812794,
		0.471584,
		0,
		0.379844,
		0.578602,
		-0.721761,
		0,
		-0.859502,
		-0.067726,
		-0.506626,
		0,
		-0.236365,
		0.424649,
		-0.378952,
		1,
	},
	[0.7] = {
		-0.342017,
		0.812794,
		0.471584,
		0,
		0.379844,
		0.578602,
		-0.721761,
		0,
		-0.859502,
		-0.067726,
		-0.506626,
		0,
		-0.236365,
		0.424649,
		-0.378952,
		1,
	},
	[0.8166666666666667] = {
		-0.342017,
		0.812794,
		0.471584,
		0,
		0.379844,
		0.578602,
		-0.721761,
		0,
		-0.859502,
		-0.067726,
		-0.506626,
		0,
		-0.236365,
		0.424649,
		-0.378952,
		1,
	},
	[0.8333333333333334] = {
		-0.342017,
		0.812794,
		0.471584,
		0,
		0.379844,
		0.578602,
		-0.721761,
		0,
		-0.859502,
		-0.067726,
		-0.506626,
		0,
		-0.236365,
		0.424649,
		-0.378952,
		1,
	},
	[0.85] = {
		-0.342017,
		0.812794,
		0.471584,
		0,
		0.379844,
		0.578602,
		-0.721761,
		0,
		-0.859502,
		-0.067726,
		-0.506626,
		0,
		-0.236365,
		0.424649,
		-0.378952,
		1,
	},
	[0.8666666666666667] = {
		-0.342017,
		0.812794,
		0.471584,
		0,
		0.379844,
		0.578602,
		-0.721761,
		0,
		-0.859502,
		-0.067726,
		-0.506626,
		0,
		-0.236365,
		0.424649,
		-0.378952,
		1,
	},
	[0.8833333333333333] = {
		-0.342017,
		0.812794,
		0.471584,
		0,
		0.379844,
		0.578602,
		-0.721761,
		0,
		-0.859502,
		-0.067726,
		-0.506626,
		0,
		-0.236365,
		0.424649,
		-0.378952,
		1,
	},
	[0.8] = {
		-0.342017,
		0.812794,
		0.471584,
		0,
		0.379844,
		0.578602,
		-0.721761,
		0,
		-0.859502,
		-0.067726,
		-0.506626,
		0,
		-0.236365,
		0.424649,
		-0.378952,
		1,
	},
	[0.9166666666666666] = {
		-0.342017,
		0.812794,
		0.471584,
		0,
		0.379844,
		0.578602,
		-0.721761,
		0,
		-0.859502,
		-0.067726,
		-0.506626,
		0,
		-0.236365,
		0.424649,
		-0.378952,
		1,
	},
	[0.9333333333333333] = {
		-0.342017,
		0.812794,
		0.471584,
		0,
		0.379844,
		0.578602,
		-0.721761,
		0,
		-0.859502,
		-0.067726,
		-0.506626,
		0,
		-0.236365,
		0.424649,
		-0.378952,
		1,
	},
	[0.95] = {
		-0.342017,
		0.812794,
		0.471584,
		0,
		0.379844,
		0.578602,
		-0.721761,
		0,
		-0.859502,
		-0.067726,
		-0.506626,
		0,
		-0.236365,
		0.424649,
		-0.378952,
		1,
	},
	[0.9] = {
		-0.342017,
		0.812794,
		0.471584,
		0,
		0.379844,
		0.578602,
		-0.721761,
		0,
		-0.859502,
		-0.067726,
		-0.506626,
		0,
		-0.236365,
		0.424649,
		-0.378952,
		1,
	},
}

return spline_matrices
