-- chunkname: @content/characters/player/human/first_person/animations/dual_shivs/heavy_attack_double_slice_01_offhand_sweep.lua

local spline_matrices = {
	[0.016666666666666666] = {
		0.114665,
		0.728507,
		-0.675374,
		0,
		-0.85905,
		-0.268705,
		-0.435695,
		0,
		-0.498883,
		0.630139,
		0.595013,
		0,
		0.213631,
		0.381116,
		-0.103626,
		1,
	},
	[0.03333333333333333] = {
		0.114665,
		0.728507,
		-0.675374,
		0,
		-0.85905,
		-0.268705,
		-0.435695,
		0,
		-0.498883,
		0.630139,
		0.595013,
		0,
		0.213631,
		0.381116,
		-0.103626,
		1,
	},
	[0.05] = {
		0.114665,
		0.728507,
		-0.675374,
		0,
		-0.85905,
		-0.268705,
		-0.435695,
		0,
		-0.498883,
		0.630139,
		0.595013,
		0,
		0.213631,
		0.381116,
		-0.103626,
		1,
	},
	[0.06666666666666667] = {
		0.239552,
		0.667345,
		-0.70517,
		0,
		-0.8462,
		-0.212571,
		-0.48863,
		0,
		-0.475983,
		0.713768,
		0.513786,
		0,
		0.170654,
		0.407893,
		-0.104886,
		1,
	},
	[0.08333333333333333] = {
		0.410013,
		0.580642,
		-0.70338,
		0,
		-0.811396,
		-0.120007,
		-0.572044,
		0,
		-0.416564,
		0.805266,
		0.421926,
		0,
		0.093595,
		0.438977,
		-0.086323,
		1,
	},
	[0] = {
		0.114665,
		0.728507,
		-0.675374,
		0,
		-0.85905,
		-0.268705,
		-0.435695,
		0,
		-0.498883,
		0.630139,
		0.595013,
		0,
		0.213631,
		0.381116,
		-0.103626,
		1,
	},
	[0.11666666666666667] = {
		0.595883,
		0.461061,
		-0.65753,
		0,
		-0.758452,
		0.053985,
		-0.649489,
		0,
		-0.263958,
		0.885725,
		0.381862,
		0,
		-0.0053,
		0.44861,
		-0.02104,
		1,
	},
	[0.13333333333333333] = {
		0.602079,
		0.482015,
		-0.636524,
		0,
		-0.752741,
		0.076843,
		-0.653817,
		0,
		-0.266237,
		0.872787,
		0.409097,
		0,
		-0.062946,
		0.454001,
		0.00733,
		1,
	},
	[0.15] = {
		0.487774,
		0.625328,
		-0.609132,
		0,
		-0.754611,
		-0.04879,
		-0.654356,
		0,
		-0.438906,
		0.778835,
		0.448081,
		0,
		-0.172111,
		0.475279,
		0.028526,
		1,
	},
	[0.16666666666666666] = {
		0.239968,
		0.788001,
		-0.566982,
		0,
		-0.686067,
		-0.275553,
		-0.673337,
		0,
		-0.686824,
		0.550568,
		0.474498,
		0,
		-0.336505,
		0.47329,
		0.052886,
		1,
	},
	[0.18333333333333332] = {
		-0.072114,
		0.854428,
		-0.514541,
		0,
		-0.515503,
		-0.473565,
		-0.714138,
		0,
		-0.853848,
		0.213748,
		0.474611,
		0,
		-0.503771,
		0.413869,
		0.076411,
		1,
	},
	[0.1] = {
		0.517059,
		0.518388,
		-0.68112,
		0,
		-0.782326,
		-0.03666,
		-0.621789,
		0,
		-0.347298,
		0.854359,
		0.386593,
		0,
		0.040871,
		0.44879,
		-0.056813,
		1,
	},
	[0.21666666666666667] = {
		-0.422547,
		0.7822,
		-0.457839,
		0,
		-0.240859,
		-0.583898,
		-0.775274,
		0,
		-0.873751,
		-0.217315,
		0.435125,
		0,
		-0.657036,
		0.281789,
		0.095251,
		1,
	},
	[0.23333333333333334] = {
		-0.422547,
		0.7822,
		-0.457839,
		0,
		-0.240859,
		-0.583898,
		-0.775274,
		0,
		-0.873751,
		-0.217315,
		0.435125,
		0,
		-0.657036,
		0.281789,
		0.095251,
		1,
	},
	[0.25] = {
		-0.422547,
		0.7822,
		-0.457839,
		0,
		-0.240859,
		-0.583898,
		-0.775274,
		0,
		-0.873751,
		-0.217315,
		0.435125,
		0,
		-0.657036,
		0.281789,
		0.095251,
		1,
	},
	[0.26666666666666666] = {
		-0.422547,
		0.7822,
		-0.457839,
		0,
		-0.240859,
		-0.583898,
		-0.775274,
		0,
		-0.873751,
		-0.217315,
		0.435125,
		0,
		-0.657036,
		0.281789,
		0.095251,
		1,
	},
	[0.2833333333333333] = {
		-0.422547,
		0.7822,
		-0.457839,
		0,
		-0.240859,
		-0.583898,
		-0.775274,
		0,
		-0.873751,
		-0.217315,
		0.435125,
		0,
		-0.657036,
		0.281789,
		0.095251,
		1,
	},
	[0.2] = {
		-0.32464,
		0.819083,
		-0.472982,
		0,
		-0.326421,
		-0.566366,
		-0.756755,
		0,
		-0.887726,
		-0.091282,
		0.451231,
		0,
		-0.617865,
		0.326268,
		0.091063,
		1,
	},
	[0.31666666666666665] = {
		-0.422547,
		0.7822,
		-0.457839,
		0,
		-0.240859,
		-0.583898,
		-0.775274,
		0,
		-0.873751,
		-0.217315,
		0.435125,
		0,
		-0.657036,
		0.281789,
		0.095251,
		1,
	},
	[0.3333333333333333] = {
		-0.422547,
		0.7822,
		-0.457839,
		0,
		-0.240859,
		-0.583898,
		-0.775274,
		0,
		-0.873751,
		-0.217315,
		0.435125,
		0,
		-0.657036,
		0.281789,
		0.095251,
		1,
	},
	[0.35] = {
		-0.422547,
		0.7822,
		-0.457839,
		0,
		-0.240859,
		-0.583898,
		-0.775274,
		0,
		-0.873751,
		-0.217315,
		0.435125,
		0,
		-0.657036,
		0.281789,
		0.095251,
		1,
	},
	[0.36666666666666664] = {
		-0.422547,
		0.7822,
		-0.457839,
		0,
		-0.240859,
		-0.583898,
		-0.775274,
		0,
		-0.873751,
		-0.217315,
		0.435125,
		0,
		-0.657036,
		0.281789,
		0.095251,
		1,
	},
	[0.38333333333333336] = {
		-0.422547,
		0.7822,
		-0.457839,
		0,
		-0.240859,
		-0.583898,
		-0.775274,
		0,
		-0.873751,
		-0.217315,
		0.435125,
		0,
		-0.657036,
		0.281789,
		0.095251,
		1,
	},
	[0.3] = {
		-0.422547,
		0.7822,
		-0.457839,
		0,
		-0.240859,
		-0.583898,
		-0.775274,
		0,
		-0.873751,
		-0.217315,
		0.435125,
		0,
		-0.657036,
		0.281789,
		0.095251,
		1,
	},
	[0.4166666666666667] = {
		-0.422547,
		0.7822,
		-0.457839,
		0,
		-0.240859,
		-0.583898,
		-0.775274,
		0,
		-0.873751,
		-0.217315,
		0.435125,
		0,
		-0.657036,
		0.281789,
		0.095251,
		1,
	},
	[0.43333333333333335] = {
		-0.422547,
		0.7822,
		-0.457839,
		0,
		-0.240859,
		-0.583898,
		-0.775274,
		0,
		-0.873751,
		-0.217315,
		0.435125,
		0,
		-0.657036,
		0.281789,
		0.095251,
		1,
	},
	[0.45] = {
		-0.422547,
		0.7822,
		-0.457839,
		0,
		-0.240859,
		-0.583898,
		-0.775274,
		0,
		-0.873751,
		-0.217315,
		0.435125,
		0,
		-0.657036,
		0.281789,
		0.095251,
		1,
	},
	[0.4666666666666667] = {
		-0.422547,
		0.7822,
		-0.457839,
		0,
		-0.240859,
		-0.583898,
		-0.775274,
		0,
		-0.873751,
		-0.217315,
		0.435125,
		0,
		-0.657036,
		0.281789,
		0.095251,
		1,
	},
	[0.48333333333333334] = {
		-0.422547,
		0.7822,
		-0.457839,
		0,
		-0.240859,
		-0.583898,
		-0.775274,
		0,
		-0.873751,
		-0.217315,
		0.435125,
		0,
		-0.657036,
		0.281789,
		0.095251,
		1,
	},
	[0.4] = {
		-0.422547,
		0.7822,
		-0.457839,
		0,
		-0.240859,
		-0.583898,
		-0.775274,
		0,
		-0.873751,
		-0.217315,
		0.435125,
		0,
		-0.657036,
		0.281789,
		0.095251,
		1,
	},
	[0.5166666666666667] = {
		-0.422547,
		0.7822,
		-0.457839,
		0,
		-0.240859,
		-0.583898,
		-0.775274,
		0,
		-0.873751,
		-0.217315,
		0.435125,
		0,
		-0.657036,
		0.281789,
		0.095251,
		1,
	},
	[0.5333333333333333] = {
		-0.422547,
		0.7822,
		-0.457839,
		0,
		-0.240859,
		-0.583898,
		-0.775274,
		0,
		-0.873751,
		-0.217315,
		0.435125,
		0,
		-0.657036,
		0.281789,
		0.095251,
		1,
	},
	[0.55] = {
		-0.422547,
		0.7822,
		-0.457839,
		0,
		-0.240859,
		-0.583898,
		-0.775274,
		0,
		-0.873751,
		-0.217315,
		0.435125,
		0,
		-0.657036,
		0.281789,
		0.095251,
		1,
	},
	[0.5666666666666667] = {
		-0.422547,
		0.7822,
		-0.457839,
		0,
		-0.240859,
		-0.583898,
		-0.775274,
		0,
		-0.873751,
		-0.217315,
		0.435125,
		0,
		-0.657036,
		0.281789,
		0.095251,
		1,
	},
	[0.5833333333333334] = {
		-0.422547,
		0.7822,
		-0.457839,
		0,
		-0.240859,
		-0.583898,
		-0.775274,
		0,
		-0.873751,
		-0.217315,
		0.435125,
		0,
		-0.657036,
		0.281789,
		0.095251,
		1,
	},
	[0.5] = {
		-0.422547,
		0.7822,
		-0.457839,
		0,
		-0.240859,
		-0.583898,
		-0.775274,
		0,
		-0.873751,
		-0.217315,
		0.435125,
		0,
		-0.657036,
		0.281789,
		0.095251,
		1,
	},
	[0.6166666666666667] = {
		-0.422547,
		0.7822,
		-0.457839,
		0,
		-0.240859,
		-0.583898,
		-0.775274,
		0,
		-0.873751,
		-0.217315,
		0.435125,
		0,
		-0.657036,
		0.281789,
		0.095251,
		1,
	},
	[0.6333333333333333] = {
		-0.422547,
		0.7822,
		-0.457839,
		0,
		-0.240859,
		-0.583898,
		-0.775274,
		0,
		-0.873751,
		-0.217315,
		0.435125,
		0,
		-0.657036,
		0.281789,
		0.095251,
		1,
	},
	[0.65] = {
		-0.422547,
		0.7822,
		-0.457839,
		0,
		-0.240859,
		-0.583898,
		-0.775274,
		0,
		-0.873751,
		-0.217315,
		0.435125,
		0,
		-0.657036,
		0.281789,
		0.095251,
		1,
	},
	[0.6666666666666666] = {
		-0.422547,
		0.7822,
		-0.457839,
		0,
		-0.240859,
		-0.583898,
		-0.775274,
		0,
		-0.873751,
		-0.217315,
		0.435125,
		0,
		-0.657036,
		0.281789,
		0.095251,
		1,
	},
	[0.6833333333333333] = {
		-0.422547,
		0.7822,
		-0.457839,
		0,
		-0.240859,
		-0.583898,
		-0.775274,
		0,
		-0.873751,
		-0.217315,
		0.435125,
		0,
		-0.657036,
		0.281789,
		0.095251,
		1,
	},
	[0.6] = {
		-0.422547,
		0.7822,
		-0.457839,
		0,
		-0.240859,
		-0.583898,
		-0.775274,
		0,
		-0.873751,
		-0.217315,
		0.435125,
		0,
		-0.657036,
		0.281789,
		0.095251,
		1,
	},
	[0.7166666666666667] = {
		-0.422547,
		0.7822,
		-0.457839,
		0,
		-0.240859,
		-0.583898,
		-0.775274,
		0,
		-0.873751,
		-0.217315,
		0.435125,
		0,
		-0.657036,
		0.281789,
		0.095251,
		1,
	},
	[0.7333333333333333] = {
		-0.422547,
		0.7822,
		-0.457839,
		0,
		-0.240859,
		-0.583898,
		-0.775274,
		0,
		-0.873751,
		-0.217315,
		0.435125,
		0,
		-0.657036,
		0.281789,
		0.095251,
		1,
	},
	[0.75] = {
		-0.422547,
		0.7822,
		-0.457839,
		0,
		-0.240859,
		-0.583898,
		-0.775274,
		0,
		-0.873751,
		-0.217315,
		0.435125,
		0,
		-0.657036,
		0.281789,
		0.095251,
		1,
	},
	[0.7666666666666667] = {
		-0.422547,
		0.7822,
		-0.457839,
		0,
		-0.240859,
		-0.583898,
		-0.775274,
		0,
		-0.873751,
		-0.217315,
		0.435125,
		0,
		-0.657036,
		0.281789,
		0.095251,
		1,
	},
	[0.7833333333333333] = {
		-0.422547,
		0.7822,
		-0.457839,
		0,
		-0.240859,
		-0.583898,
		-0.775274,
		0,
		-0.873751,
		-0.217315,
		0.435125,
		0,
		-0.657036,
		0.281789,
		0.095251,
		1,
	},
	[0.7] = {
		-0.422547,
		0.7822,
		-0.457839,
		0,
		-0.240859,
		-0.583898,
		-0.775274,
		0,
		-0.873751,
		-0.217315,
		0.435125,
		0,
		-0.657036,
		0.281789,
		0.095251,
		1,
	},
	[0.8166666666666667] = {
		-0.422547,
		0.7822,
		-0.457839,
		0,
		-0.240859,
		-0.583898,
		-0.775274,
		0,
		-0.873751,
		-0.217315,
		0.435125,
		0,
		-0.657036,
		0.281789,
		0.095251,
		1,
	},
	[0.8333333333333334] = {
		-0.422547,
		0.7822,
		-0.457839,
		0,
		-0.240859,
		-0.583898,
		-0.775274,
		0,
		-0.873751,
		-0.217315,
		0.435125,
		0,
		-0.657036,
		0.281789,
		0.095251,
		1,
	},
	[0.85] = {
		-0.422547,
		0.7822,
		-0.457839,
		0,
		-0.240859,
		-0.583898,
		-0.775274,
		0,
		-0.873751,
		-0.217315,
		0.435125,
		0,
		-0.657036,
		0.281789,
		0.095251,
		1,
	},
	[0.8666666666666667] = {
		-0.422547,
		0.7822,
		-0.457839,
		0,
		-0.240859,
		-0.583898,
		-0.775274,
		0,
		-0.873751,
		-0.217315,
		0.435125,
		0,
		-0.657036,
		0.281789,
		0.095251,
		1,
	},
	[0.8833333333333333] = {
		-0.422547,
		0.7822,
		-0.457839,
		0,
		-0.240859,
		-0.583898,
		-0.775274,
		0,
		-0.873751,
		-0.217315,
		0.435125,
		0,
		-0.657036,
		0.281789,
		0.095251,
		1,
	},
	[0.8] = {
		-0.422547,
		0.7822,
		-0.457839,
		0,
		-0.240859,
		-0.583898,
		-0.775274,
		0,
		-0.873751,
		-0.217315,
		0.435125,
		0,
		-0.657036,
		0.281789,
		0.095251,
		1,
	},
	[0.9166666666666666] = {
		-0.422547,
		0.7822,
		-0.457839,
		0,
		-0.240859,
		-0.583898,
		-0.775274,
		0,
		-0.873751,
		-0.217315,
		0.435125,
		0,
		-0.657036,
		0.281789,
		0.095251,
		1,
	},
	[0.9333333333333333] = {
		-0.422547,
		0.7822,
		-0.457839,
		0,
		-0.240859,
		-0.583898,
		-0.775274,
		0,
		-0.873751,
		-0.217315,
		0.435125,
		0,
		-0.657036,
		0.281789,
		0.095251,
		1,
	},
	[0.95] = {
		-0.422547,
		0.7822,
		-0.457839,
		0,
		-0.240859,
		-0.583898,
		-0.775274,
		0,
		-0.873751,
		-0.217315,
		0.435125,
		0,
		-0.657036,
		0.281789,
		0.095251,
		1,
	},
	[0.9666666666666667] = {
		-0.422547,
		0.7822,
		-0.457839,
		0,
		-0.240859,
		-0.583898,
		-0.775274,
		0,
		-0.873751,
		-0.217315,
		0.435125,
		0,
		-0.657036,
		0.281789,
		0.095251,
		1,
	},
	[0.9833333333333333] = {
		-0.422547,
		0.7822,
		-0.457839,
		0,
		-0.240859,
		-0.583898,
		-0.775274,
		0,
		-0.873751,
		-0.217315,
		0.435125,
		0,
		-0.657036,
		0.281789,
		0.095251,
		1,
	},
	[0.9] = {
		-0.422547,
		0.7822,
		-0.457839,
		0,
		-0.240859,
		-0.583898,
		-0.775274,
		0,
		-0.873751,
		-0.217315,
		0.435125,
		0,
		-0.657036,
		0.281789,
		0.095251,
		1,
	},
}

return spline_matrices
