-- chunkname: @content/characters/player/human/first_person/animations/dual_shivs/heavy_attack_swing_down.lua

local spline_matrices = {
	[0.016666666666666666] = {
		-0.905254,
		0.406834,
		-0.12248,
		0,
		-0.369013,
		-0.609982,
		0.70125,
		0,
		0.210581,
		0.680006,
		0.702316,
		0,
		0.196148,
		0.082988,
		0.383822,
		1,
	},
	[0.03333333333333333] = {
		-0.937708,
		0.331729,
		-0.10325,
		0,
		-0.299208,
		-0.620041,
		0.725275,
		0,
		0.176575,
		0.710989,
		0.680673,
		0,
		0.207921,
		0.118603,
		0.313199,
		1,
	},
	[0.05] = {
		-0.971282,
		0.217209,
		-0.097118,
		0,
		-0.207689,
		-0.574827,
		0.791479,
		0,
		0.116091,
		0.78892,
		0.603431,
		0,
		0.216798,
		0.155685,
		0.240535,
		1,
	},
	[0.06666666666666667] = {
		-0.982858,
		0.151988,
		-0.10435,
		0,
		-0.168619,
		-0.512217,
		0.842141,
		0,
		0.074545,
		0.845301,
		0.529065,
		0,
		0.215599,
		0.180851,
		0.214871,
		1,
	},
	[0.08333333333333333] = {
		-0.985757,
		0.116706,
		-0.121087,
		0,
		-0.160154,
		-0.431777,
		0.887648,
		0,
		0.051311,
		0.894398,
		0.444319,
		0,
		0.210612,
		0.209681,
		0.205509,
		1,
	},
	[0] = {
		-0.892905,
		0.429243,
		-0.135907,
		0,
		-0.39371,
		-0.597929,
		0.698193,
		0,
		0.218432,
		0.676928,
		0.702891,
		0,
		0.190452,
		0.064818,
		0.413472,
		1,
	},
	[0.11666666666666667] = {
		-0.989532,
		0.035112,
		-0.13998,
		0,
		-0.14427,
		-0.216097,
		0.965654,
		0,
		0.003656,
		0.97574,
		0.218901,
		0,
		0.193422,
		0.285217,
		0.188992,
		1,
	},
	[0.13333333333333333] = {
		-0.987946,
		-0.040252,
		-0.149477,
		0,
		-0.152005,
		0.069514,
		0.985932,
		0,
		-0.029295,
		0.996769,
		-0.074795,
		0,
		0.183374,
		0.378327,
		0.15432,
		1,
	},
	[0.15] = {
		-0.985622,
		-0.082427,
		-0.147493,
		0,
		-0.166211,
		0.316085,
		0.934058,
		0,
		-0.030371,
		0.945143,
		-0.325241,
		0,
		0.173702,
		0.453528,
		0.10855,
		1,
	},
	[0.16666666666666666] = {
		-0.955374,
		-0.044531,
		-0.292025,
		0,
		-0.253188,
		0.632703,
		0.731835,
		0,
		0.152176,
		0.773113,
		-0.615743,
		0,
		0.165753,
		0.553934,
		0.049355,
		1,
	},
	[0.18333333333333332] = {
		-0.952198,
		-0.087802,
		-0.292593,
		0,
		-0.250551,
		0.772433,
		0.583585,
		0,
		0.174768,
		0.628998,
		-0.757508,
		0,
		0.162674,
		0.575009,
		-0.044079,
		1,
	},
	[0.1] = {
		-0.9886,
		0.077483,
		-0.129102,
		0,
		-0.148246,
		-0.350855,
		0.924621,
		0,
		0.026347,
		0.933219,
		0.358342,
		0,
		0.202872,
		0.238441,
		0.197763,
		1,
	},
	[0.21666666666666667] = {
		-0.96797,
		-0.154069,
		-0.198234,
		0,
		-0.196943,
		0.95566,
		0.218921,
		0,
		0.155715,
		0.25095,
		-0.955394,
		0,
		0.196449,
		0.570528,
		-0.235865,
		1,
	},
	[0.23333333333333334] = {
		-0.970378,
		-0.137243,
		-0.198823,
		0,
		-0.136915,
		0.990462,
		-0.015466,
		0,
		0.199049,
		0.012214,
		-0.979913,
		0,
		0.245191,
		0.548558,
		-0.324698,
		1,
	},
	[0.25] = {
		-0.936066,
		-0.155241,
		-0.315723,
		0,
		-0.083764,
		0.969919,
		-0.228562,
		0,
		0.341708,
		-0.187503,
		-0.920912,
		0,
		0.31846,
		0.491659,
		-0.402963,
		1,
	},
	[0.26666666666666666] = {
		-0.877412,
		-0.251429,
		-0.408573,
		0,
		-0.028174,
		0.877195,
		-0.479306,
		0,
		0.47891,
		-0.409038,
		-0.776745,
		0,
		0.391333,
		0.384953,
		-0.487798,
		1,
	},
	[0.2833333333333333] = {
		-0.845296,
		-0.387012,
		-0.368371,
		0,
		-0.010552,
		0.701404,
		-0.712686,
		0,
		0.534195,
		-0.598543,
		-0.596978,
		0,
		0.424348,
		0.242966,
		-0.56269,
		1,
	},
	[0.2] = {
		-0.958784,
		-0.143903,
		-0.244999,
		0,
		-0.243634,
		0.86005,
		0.448281,
		0,
		0.146202,
		0.489495,
		-0.859662,
		0,
		0.169131,
		0.570234,
		-0.13728,
		1,
	},
	[0.31666666666666665] = {
		-0.854371,
		-0.479008,
		-0.2015,
		0,
		-0.048078,
		0.458947,
		-0.887162,
		0,
		0.517435,
		-0.748277,
		-0.415141,
		0,
		0.412303,
		0.07874,
		-0.616352,
		1,
	},
	[0.3333333333333333] = {
		-0.853518,
		-0.477144,
		-0.209381,
		0,
		-0.048005,
		0.472132,
		-0.88022,
		0,
		0.518847,
		-0.741232,
		-0.425878,
		0,
		0.412846,
		0.086004,
		-0.615238,
		1,
	},
	[0.35] = {
		-0.846972,
		-0.471224,
		-0.246142,
		0,
		-0.044267,
		0.52389,
		-0.850635,
		0,
		0.529791,
		-0.709568,
		-0.46458,
		0,
		0.41667,
		0.118357,
		-0.607667,
		1,
	},
	[0.36666666666666664] = {
		-0.8375,
		-0.471378,
		-0.2764,
		0,
		-0.048591,
		0.568061,
		-0.821551,
		0,
		0.544273,
		-0.674618,
		-0.498656,
		0,
		0.418469,
		0.146036,
		-0.600017,
		1,
	},
	[0.38333333333333336] = {
		-0.819514,
		-0.484622,
		-0.305841,
		0,
		-0.065616,
		0.609543,
		-0.790033,
		0,
		0.56929,
		-0.627375,
		-0.531328,
		0,
		0.419046,
		0.171336,
		-0.591292,
		1,
	},
	[0.3] = {
		-0.847646,
		-0.464338,
		-0.256684,
		0,
		-0.033407,
		0.529547,
		-0.847623,
		0,
		0.52951,
		-0.709909,
		-0.46438,
		0,
		0.419634,
		0.125176,
		-0.604353,
		1,
	},
	[0.4166666666666667] = {
		-0.771927,
		-0.508289,
		-0.381799,
		0,
		-0.108877,
		0.69742,
		-0.708344,
		0,
		0.626318,
		-0.505221,
		-0.593699,
		0,
		0.418109,
		0.226619,
		-0.565195,
		1,
	},
	[0.43333333333333335] = {
		-0.742643,
		-0.51606,
		-0.426807,
		0,
		-0.136487,
		0.74058,
		-0.657961,
		0,
		0.655632,
		-0.430377,
		-0.620422,
		0,
		0.415507,
		0.255618,
		-0.547766,
		1,
	},
	[0.45] = {
		-0.710152,
		-0.519228,
		-0.475485,
		0,
		-0.168303,
		0.780976,
		-0.601457,
		0,
		0.683636,
		-0.3471,
		-0.642,
		0,
		0.4111,
		0.284664,
		-0.527365,
		1,
	},
	[0.4666666666666667] = {
		-0.675005,
		-0.516451,
		-0.526922,
		0,
		-0.204085,
		0.816996,
		-0.53932,
		0,
		0.709026,
		-0.256507,
		-0.656877,
		0,
		0.404798,
		0.313032,
		-0.504016,
		1,
	},
	[0.48333333333333334] = {
		-0.639027,
		-0.509691,
		-0.576073,
		0,
		-0.245977,
		0.845025,
		-0.474793,
		0,
		0.728793,
		-0.161705,
		-0.665366,
		0,
		0.394856,
		0.339046,
		-0.479881,
		1,
	},
	[0.4] = {
		-0.797617,
		-0.497403,
		-0.34117,
		0,
		-0.085534,
		0.653194,
		-0.752344,
		0,
		0.597069,
		-0.570901,
		-0.563543,
		0,
		0.419072,
		0.198384,
		-0.579723,
		1,
	},
	[0.5166666666666667] = {
		-0.570499,
		-0.490355,
		-0.658849,
		0,
		-0.34682,
		0.871006,
		-0.347943,
		0,
		0.744477,
		0.030001,
		-0.666973,
		0,
		0.362798,
		0.3807,
		-0.434767,
		1,
	},
	[0.5333333333333333] = {
		-0.53887,
		-0.476241,
		-0.694848,
		0,
		-0.400822,
		0.870453,
		-0.285751,
		0,
		0.740919,
		0.124528,
		-0.659949,
		0,
		0.343053,
		0.39665,
		-0.413032,
		1,
	},
	[0.55] = {
		-0.509498,
		-0.458066,
		-0.728414,
		0,
		-0.454466,
		0.862078,
		-0.224239,
		0,
		0.730666,
		0.21679,
		-0.647402,
		0,
		0.32224,
		0.409631,
		-0.391228,
		1,
	},
	[0.5666666666666667] = {
		-0.482701,
		-0.434986,
		-0.760123,
		0,
		-0.506102,
		0.846883,
		-0.163246,
		0,
		0.714745,
		0.305901,
		-0.628938,
		0,
		0.301305,
		0.419894,
		-0.368851,
		1,
	},
	[0.5833333333333334] = {
		-0.458725,
		-0.406143,
		-0.790329,
		0,
		-0.55442,
		0.825886,
		-0.102617,
		0,
		0.694399,
		0.391101,
		-0.604028,
		0,
		0.281098,
		0.427702,
		-0.34538,
		1,
	},
	[0.5] = {
		-0.604022,
		-0.501239,
		-0.61961,
		0,
		-0.294436,
		0.862804,
		-0.410946,
		0,
		0.740584,
		-0.065785,
		-0.668736,
		0,
		0.380443,
		0.361559,
		-0.456909,
		1,
	},
	[0.6166666666666667] = {
		-0.419615,
		-0.327573,
		-0.846534,
		0,
		-0.637611,
		0.770147,
		0.01804,
		0,
		0.646047,
		0.547329,
		-0.532029,
		0,
		0.245728,
		0.436901,
		-0.292955,
		1,
	},
	[0.6333333333333333] = {
		-0.404197,
		-0.275909,
		-0.872066,
		0,
		-0.671648,
		0.736731,
		0.078214,
		0,
		0.620898,
		0.617335,
		-0.483098,
		0,
		0.231639,
		0.43856,
		-0.262824,
		1,
	},
	[0.65] = {
		-0.392056,
		-0.22008,
		-0.893228,
		0,
		-0.701729,
		0.699405,
		0.135679,
		0,
		0.594868,
		0.679998,
		-0.428643,
		0,
		0.219139,
		0.437852,
		-0.231842,
		1,
	},
	[0.6666666666666666] = {
		-0.383946,
		-0.16636,
		-0.908245,
		0,
		-0.728824,
		0.658535,
		0.187477,
		0,
		0.566922,
		0.733932,
		-0.374089,
		0,
		0.207182,
		0.434655,
		-0.202675,
		1,
	},
	[0.6833333333333333] = {
		-0.379547,
		-0.116355,
		-0.917827,
		0,
		-0.752777,
		0.615562,
		0.233258,
		0,
		0.537838,
		0.779452,
		-0.321224,
		0,
		0.195929,
		0.429428,
		-0.175686,
		1,
	},
	[0.6] = {
		-0.437707,
		-0.37065,
		-0.819165,
		0,
		-0.598457,
		0.800041,
		-0.042221,
		0,
		0.671015,
		0.471755,
		-0.572002,
		0,
		0.262367,
		0.433307,
		-0.320272,
		1,
	},
	[0.7166666666666667] = {
		-0.380048,
		-0.032929,
		-0.92438,
		0,
		-0.791174,
		0.529288,
		0.306427,
		0,
		0.479173,
		0.847803,
		-0.227208,
		0,
		0.176018,
		0.414921,
		-0.129369,
		1,
	},
	[0.7333333333333333] = {
		-0.383876,
		-0.001672,
		-0.923383,
		0,
		-0.8058,
		0.488935,
		0.334108,
		0,
		0.450916,
		0.872319,
		-0.189038,
		0,
		0.167525,
		0.406703,
		-0.110444,
		1,
	},
	[0.75] = {
		-0.389352,
		0.021521,
		-0.920837,
		0,
		-0.817616,
		0.452293,
		0.356278,
		0,
		0.424156,
		0.89161,
		-0.158506,
		0,
		0.160072,
		0.398538,
		-0.094521,
		1,
	},
	[0.7666666666666667] = {
		-0.396006,
		0.035556,
		-0.917559,
		0,
		-0.826756,
		0.421008,
		0.373131,
		0,
		0.399567,
		0.90636,
		-0.137325,
		0,
		0.153735,
		0.391006,
		-0.081849,
		1,
	},
	[0.7833333333333333] = {
		-0.403314,
		0.040599,
		-0.914161,
		0,
		-0.833569,
		0.395826,
		0.385337,
		0,
		0.377492,
		0.917428,
		-0.1258,
		0,
		0.148471,
		0.384474,
		-0.072297,
		1,
	},
	[0.7] = {
		-0.37842,
		-0.07148,
		-0.92287,
		0,
		-0.773544,
		0.571981,
		0.272887,
		0,
		0.508358,
		0.817146,
		-0.271742,
		0,
		0.185509,
		0.422674,
		-0.151174,
		1,
	},
	[0.8166666666666667] = {
		-0.418324,
		0.02825,
		-0.907859,
		0,
		-0.841948,
		0.362941,
		0.399247,
		0,
		0.340778,
		0.931384,
		-0.128042,
		0,
		0.140631,
		0.374812,
		-0.060996,
		1,
	},
	[0.8333333333333334] = {
		-0.425621,
		0.013079,
		-0.904807,
		0,
		-0.84417,
		0.354394,
		0.402221,
		0,
		0.325918,
		0.935005,
		-0.139796,
		0,
		0.137807,
		0.371676,
		-0.05856,
		1,
	},
	[0.85] = {
		-0.432668,
		-0.006657,
		-0.901529,
		0,
		-0.845411,
		0.35036,
		0.403148,
		0,
		0.313176,
		0.936591,
		-0.157217,
		0,
		0.135564,
		0.36957,
		-0.057859,
		1,
	},
	[0.8666666666666667] = {
		-0.439445,
		-0.029904,
		-0.897772,
		0,
		-0.845855,
		0.350186,
		0.402368,
		0,
		0.302355,
		0.936203,
		-0.179181,
		0,
		0.133806,
		0.368371,
		-0.058611,
		1,
	},
	[0.8833333333333333] = {
		-0.445956,
		-0.055601,
		-0.893326,
		0,
		-0.845657,
		0.353159,
		0.400178,
		0,
		0.293236,
		0.93391,
		-0.204513,
		0,
		0.132445,
		0.367934,
		-0.060535,
		1,
	},
	[0.8] = {
		-0.41084,
		0.037788,
		-0.910924,
		0,
		-0.838511,
		0.376588,
		0.393803,
		0,
		0.357925,
		0.92561,
		-0.123032,
		0,
		0.144146,
		0.379065,
		-0.065466,
		1,
	},
	[0.9166666666666666] = {
		-0.458183,
		-0.110102,
		-0.882013,
		0,
		-0.843875,
		0.365557,
		0.392738,
		0,
		0.279184,
		0.924254,
		-0.260404,
		0,
		0.130594,
		0.368719,
		-0.06675,
		1,
	},
	[0.9333333333333333] = {
		-0.463847,
		-0.136885,
		-0.875276,
		0,
		-0.842546,
		0.373501,
		0.388089,
		0,
		0.273793,
		0.917475,
		-0.288579,
		0,
		0.129969,
		0.36962,
		-0.070477,
		1,
	},
	[0.95] = {
		-0.469131,
		-0.162125,
		-0.86812,
		0,
		-0.841099,
		0.381669,
		0.383251,
		0,
		0.269199,
		0.90997,
		-0.315416,
		0,
		0.129465,
		0.370648,
		-0.074254,
		1,
	},
	[0.9666666666666667] = {
		-0.473944,
		-0.184987,
		-0.860905,
		0,
		-0.839671,
		0.389394,
		0.378583,
		0,
		0.265198,
		0.902304,
		-0.339879,
		0,
		0.129029,
		0.371651,
		-0.077812,
		1,
	},
	[0.9833333333333333] = {
		-0.478171,
		-0.204689,
		-0.854081,
		0,
		-0.838403,
		0.396036,
		0.37448,
		0,
		0.261595,
		0.89513,
		-0.360985,
		0,
		0.128611,
		0.372483,
		-0.080881,
		1,
	},
	[0.9] = {
		-0.452206,
		-0.082682,
		-0.888073,
		0,
		-0.844954,
		0.358533,
		0.39687,
		0,
		0.28559,
		0.929848,
		-0.231993,
		0,
		0.131398,
		0.368103,
		-0.063343,
		1,
	},
	[1.0166666666666666] = {
		-0.484352,
		-0.231688,
		-0.843637,
		0,
		-0.836932,
		0.403604,
		0.369661,
		0,
		0.254849,
		0.885113,
		-0.389394,
		0,
		0.127641,
		0.373072,
		-0.084463,
		1,
	},
	[1.0333333333333334] = {
		-0.486103,
		-0.238008,
		-0.840866,
		0,
		-0.836938,
		0.403673,
		0.369572,
		0,
		0.251474,
		0.883403,
		-0.395424,
		0,
		0.127034,
		0.372637,
		-0.084591,
		1,
	},
	[1.05] = {
		-0.487303,
		-0.242188,
		-0.838976,
		0,
		-0.837007,
		0.403403,
		0.369709,
		0,
		0.248907,
		0.882389,
		-0.399293,
		0,
		0.126562,
		0.372234,
		-0.084547,
		1,
	},
	[1.0666666666666667] = {
		-0.488027,
		-0.244788,
		-0.8378,
		0,
		-0.837047,
		0.403273,
		0.369761,
		0,
		0.247349,
		0.881731,
		-0.401707,
		0,
		0.126276,
		0.371983,
		-0.084545,
		1,
	},
	[1.0833333333333333] = {
		-0.488265,
		-0.245762,
		-0.837376,
		0,
		-0.837061,
		0.403278,
		0.369723,
		0,
		0.246831,
		0.881458,
		-0.402625,
		0,
		0.126183,
		0.371888,
		-0.084587,
		1,
	},
	{
		-0.481686,
		-0.220494,
		-0.848152,
		0,
		-0.837442,
		0.400976,
		0.371362,
		0,
		0.258206,
		0.889157,
		-0.377795,
		0,
		0.128163,
		0.373003,
		-0.083189,
		1,
	},
}

return spline_matrices
