-- chunkname: @content/characters/player/human/first_person/animations/dual_shivs/heavy_attack_swing_up_offhand_sweep.lua

local spline_matrices = {
	[0.016666666666666666] = {
		-0.488201,
		0.625681,
		0.608426,
		0,
		0.735421,
		0.670307,
		-0.099215,
		0,
		-0.46991,
		0.399012,
		-0.787384,
		0,
		-0.204181,
		0.323919,
		-0.153119,
		1,
	},
	[0.03333333333333333] = {
		-0.589934,
		0.559535,
		0.58215,
		0,
		0.714688,
		0.697357,
		0.053979,
		0,
		-0.375763,
		0.4479,
		-0.811288,
		0,
		-0.180197,
		0.336202,
		-0.155307,
		1,
	},
	[0.05] = {
		-0.668131,
		0.550137,
		0.500949,
		0,
		0.695099,
		0.701671,
		0.156508,
		0,
		-0.2654,
		0.452777,
		-0.851208,
		0,
		-0.139456,
		0.364641,
		-0.156101,
		1,
	},
	[0.06666666666666667] = {
		-0.714923,
		0.584201,
		0.384181,
		0,
		0.690307,
		0.677106,
		0.254959,
		0,
		-0.111184,
		0.447478,
		-0.887356,
		0,
		-0.100507,
		0.390452,
		-0.139178,
		1,
	},
	[0.08333333333333333] = {
		-0.762388,
		0.577621,
		0.29175,
		0,
		0.646713,
		0.66408,
		0.375181,
		0,
		0.022967,
		0.474711,
		-0.879842,
		0,
		-0.099627,
		0.400622,
		-0.104714,
		1,
	},
	[0] = {
		-0.332032,
		0.71566,
		0.614479,
		0,
		0.726155,
		0.60971,
		-0.317731,
		0,
		-0.602042,
		0.34071,
		-0.722124,
		0,
		-0.198221,
		0.3245,
		-0.169926,
		1,
	},
	[0.11666666666666667] = {
		-0.821476,
		0.466436,
		0.328048,
		0,
		0.562925,
		0.571438,
		0.597138,
		0,
		0.091067,
		0.675201,
		-0.731991,
		0,
		-0.139684,
		0.36391,
		0.008989,
		1,
	},
	[0.13333333333333333] = {
		-0.805684,
		0.415836,
		0.421845,
		0,
		0.585887,
		0.454561,
		0.670903,
		0,
		0.087231,
		0.787689,
		-0.609866,
		0,
		-0.135625,
		0.322554,
		0.074104,
		1,
	},
	[0.15] = {
		-0.77347,
		0.364131,
		0.518799,
		0,
		0.627232,
		0.321908,
		0.709194,
		0,
		0.091234,
		0.873947,
		-0.477381,
		0,
		-0.120766,
		0.274672,
		0.127424,
		1,
	},
	[0.16666666666666666] = {
		-0.739857,
		0.319638,
		0.591983,
		0,
		0.664016,
		0.205503,
		0.718924,
		0,
		0.108141,
		0.924987,
		-0.364287,
		0,
		-0.104157,
		0.231622,
		0.162402,
		1,
	},
	[0.18333333333333332] = {
		-0.722457,
		0.296048,
		0.62483,
		0,
		0.678954,
		0.132956,
		0.722042,
		0,
		0.130684,
		0.945874,
		-0.297058,
		0,
		-0.094494,
		0.205436,
		0.18004,
		1,
	},
	[0.1] = {
		-0.810164,
		0.518913,
		0.272695,
		0,
		0.58058,
		0.646011,
		0.495577,
		0,
		0.080997,
		0.55982,
		-0.824646,
		0,
		-0.12696,
		0.391418,
		-0.055065,
		1,
	},
	[0.21666666666666667] = {
		-0.712215,
		0.170669,
		0.680898,
		0,
		0.701937,
		0.165127,
		0.692833,
		0,
		0.00581,
		0.971393,
		-0.237405,
		0,
		-0.111552,
		0.197013,
		0.191551,
		1,
	},
	[0.23333333333333334] = {
		-0.683028,
		0.048452,
		0.728783,
		0,
		0.714603,
		0.250675,
		0.653073,
		0,
		-0.151045,
		0.966858,
		-0.205842,
		0,
		-0.133631,
		0.200491,
		0.194171,
		1,
	},
	[0.25] = {
		-0.622121,
		-0.087889,
		0.777972,
		0,
		0.706439,
		0.365343,
		0.606192,
		0,
		-0.337505,
		0.926714,
		-0.1652,
		0,
		-0.161876,
		0.203143,
		0.19683,
		1,
	},
	[0.26666666666666666] = {
		-0.529578,
		-0.215087,
		0.820539,
		0,
		0.66875,
		0.489223,
		0.559852,
		0,
		-0.521844,
		0.845221,
		-0.115242,
		0,
		-0.192785,
		0.201924,
		0.20048,
		1,
	},
	[0.2833333333333333] = {
		-0.419752,
		-0.314281,
		0.85149,
		0,
		0.606855,
		0.600434,
		0.520774,
		0,
		-0.674933,
		0.735327,
		-0.061311,
		0,
		-0.221788,
		0.196376,
		0.205261,
		1,
	},
	[0.2] = {
		-0.720524,
		0.258427,
		0.643475,
		0,
		0.685155,
		0.122388,
		0.718042,
		0,
		0.106808,
		0.958247,
		-0.265246,
		0,
		-0.097754,
		0.197173,
		0.187469,
		1,
	},
	[0.31666666666666665] = {
		-0.24726,
		-0.410503,
		0.877696,
		0,
		0.486115,
		0.731023,
		0.47885,
		0,
		-0.838185,
		0.545061,
		0.018799,
		0,
		-0.25934,
		0.181596,
		0.214401,
		1,
	},
	[0.3333333333333333] = {
		-0.218797,
		-0.430212,
		0.875811,
		0,
		0.439003,
		0.758189,
		0.482106,
		0,
		-0.871438,
		0.489967,
		0.022974,
		0,
		-0.274261,
		0.175272,
		0.21672,
		1,
	},
	[0.35] = {
		-0.21474,
		-0.456161,
		0.8636,
		0,
		0.37389,
		0.778474,
		0.504167,
		0,
		-0.902271,
		0.431156,
		0.003384,
		0,
		-0.297532,
		0.16442,
		0.218386,
		1,
	},
	[0.36666666666666664] = {
		-0.222928,
		-0.488461,
		0.843629,
		0,
		0.290615,
		0.792756,
		0.5358,
		0,
		-0.930509,
		0.364616,
		-0.034774,
		0,
		-0.327093,
		0.148952,
		0.217817,
		1,
	},
	[0.38333333333333336] = {
		-0.231115,
		-0.524762,
		0.819275,
		0,
		0.187599,
		0.802235,
		0.566768,
		0,
		-0.954669,
		0.284684,
		-0.086963,
		0,
		-0.360982,
		0.129107,
		0.213308,
		1,
	},
	[0.3] = {
		-0.316893,
		-0.378425,
		0.869697,
		0,
		0.53802,
		0.683429,
		0.493416,
		0,
		-0.781097,
		0.624275,
		-0.012973,
		0,
		-0.244941,
		0.188367,
		0.210376,
		1,
	},
	[0.4166666666666667] = {
		-0.204685,
		-0.60081,
		0.772743,
		0,
		-0.045054,
		0.794403,
		0.605717,
		0,
		-0.977791,
		0.089166,
		-0.189671,
		0,
		-0.423881,
		0.074606,
		0.198402,
		1,
	},
	[0.43333333333333335] = {
		-0.16351,
		-0.631029,
		0.758332,
		0,
		-0.152151,
		0.77561,
		0.6126,
		0,
		-0.974738,
		-0.015215,
		-0.222832,
		0,
		-0.445335,
		0.042907,
		0.192629,
		1,
	},
	[0.45] = {
		-0.110157,
		-0.64932,
		0.752496,
		0,
		-0.239598,
		0.752124,
		0.613924,
		0,
		-0.964603,
		-0.112669,
		-0.238428,
		0,
		-0.457922,
		0.012709,
		0.190443,
		1,
	},
	[0.4666666666666667] = {
		-0.054928,
		-0.652952,
		0.755405,
		0,
		-0.302203,
		0.731935,
		0.610692,
		0,
		-0.95166,
		-0.194742,
		-0.237528,
		0,
		-0.462616,
		-0.011856,
		0.192138,
		1,
	},
	[0.48333333333333334] = {
		-0.008965,
		-0.641179,
		0.767339,
		0,
		-0.339185,
		0.723826,
		0.600857,
		0,
		-0.940677,
		-0.254883,
		-0.223967,
		0,
		-0.461876,
		-0.027042,
		0.196737,
		1,
	},
	[0.4] = {
		-0.227267,
		-0.563558,
		0.794199,
		0,
		0.072126,
		0.803559,
		0.590839,
		0,
		-0.971158,
		0.191561,
		-0.141976,
		0,
		-0.394706,
		0.104121,
		0.206104,
		1,
	},
	[0.5166666666666667] = {
		-0.322854,
		-0.461103,
		0.826528,
		0,
		-0.322077,
		0.8747,
		0.362169,
		0,
		-0.889962,
		-0.149278,
		-0.430911,
		0,
		-0.506237,
		0.057715,
		0.113425,
		1,
	},
	[0.5333333333333333] = {
		-0.624581,
		-0.21696,
		0.750218,
		0,
		-0.194007,
		0.973627,
		0.120052,
		0,
		-0.756479,
		-0.070565,
		-0.6502,
		0,
		-0.510051,
		0.143361,
		-0.000797,
		1,
	},
	[0.55] = {
		-0.847777,
		0.082107,
		0.523958,
		0,
		0.019858,
		0.992165,
		-0.123347,
		0,
		-0.52998,
		-0.094166,
		-0.842765,
		0,
		-0.464887,
		0.205481,
		-0.141859,
		1,
	},
	[0.5666666666666667] = {
		-0.928941,
		0.283815,
		0.237736,
		0,
		0.207652,
		0.931032,
		-0.300098,
		0,
		-0.306512,
		-0.229407,
		-0.923809,
		0,
		-0.40373,
		0.213022,
		-0.261917,
		1,
	},
	[0.5833333333333334] = {
		-0.952255,
		0.298168,
		0.065619,
		0,
		0.244995,
		0.874541,
		-0.418516,
		0,
		-0.182175,
		-0.382457,
		-0.905836,
		0,
		-0.391976,
		0.182431,
		-0.328603,
		1,
	},
	[0.5] = {
		-0.081762,
		-0.592048,
		0.801745,
		0,
		-0.353927,
		0.769255,
		0.531962,
		0,
		-0.931692,
		-0.240265,
		-0.272437,
		0,
		-0.476693,
		-0.007603,
		0.178931,
		1,
	},
	[0.6166666666666667] = {
		-0.974615,
		0.220247,
		0.040202,
		0,
		0.184385,
		0.891469,
		-0.413866,
		0,
		-0.126992,
		-0.395948,
		-0.909449,
		0,
		-0.43469,
		0.185958,
		-0.332106,
		1,
	},
	[0.6333333333333333] = {
		-0.97116,
		0.234895,
		0.040907,
		0,
		0.204162,
		0.90787,
		-0.366183,
		0,
		-0.123153,
		-0.34727,
		-0.929643,
		0,
		-0.439102,
		0.213804,
		-0.320522,
		1,
	},
	[0.65] = {
		-0.967697,
		0.249265,
		0.037809,
		0,
		0.220485,
		0.909444,
		-0.352559,
		0,
		-0.122266,
		-0.332834,
		-0.935025,
		0,
		-0.441021,
		0.23188,
		-0.317261,
		1,
	},
	[0.6666666666666666] = {
		-0.971683,
		0.222692,
		0.079003,
		0,
		0.176097,
		0.905414,
		-0.386283,
		0,
		-0.157552,
		-0.361432,
		-0.918991,
		0,
		-0.463521,
		0.228358,
		-0.311174,
		1,
	},
	[0.6833333333333333] = {
		-0.960022,
		0.20609,
		0.189432,
		0,
		0.109482,
		0.899258,
		-0.423496,
		0,
		-0.257627,
		-0.385826,
		-0.885871,
		0,
		-0.492104,
		0.226032,
		-0.282289,
		1,
	},
	[0.6] = {
		-0.970462,
		0.238595,
		0.035728,
		0,
		0.197208,
		0.869839,
		-0.452204,
		0,
		-0.138972,
		-0.431801,
		-0.891199,
		0,
		-0.417631,
		0.167958,
		-0.341768,
		1,
	},
	[0.7166666666666667] = {
		-0.823518,
		0.390394,
		0.411595,
		0,
		0.179407,
		0.867535,
		-0.463892,
		0,
		-0.538174,
		-0.308181,
		-0.78447,
		0,
		-0.454523,
		0.295119,
		-0.211518,
		1,
	},
	[0.7333333333333333] = {
		-0.694483,
		0.535689,
		0.480344,
		0,
		0.296501,
		0.821353,
		-0.487306,
		0,
		-0.655576,
		-0.196003,
		-0.729248,
		0,
		-0.388147,
		0.343183,
		-0.190467,
		1,
	},
	[0.75] = {
		-0.533052,
		0.655984,
		0.534359,
		0,
		0.406449,
		0.752459,
		-0.518271,
		0,
		-0.742061,
		-0.059076,
		-0.667724,
		0,
		-0.310121,
		0.377979,
		-0.175632,
		1,
	},
	[0.7666666666666667] = {
		-0.370132,
		0.730428,
		0.574001,
		0,
		0.488027,
		0.678639,
		-0.548889,
		0,
		-0.790463,
		0.076967,
		-0.607655,
		0,
		-0.236541,
		0.395486,
		-0.165298,
		1,
	},
	[0.7833333333333333] = {
		-0.245812,
		0.761182,
		0.600149,
		0,
		0.536923,
		0.622406,
		-0.569495,
		0,
		-0.807025,
		0.182245,
		-0.561691,
		0,
		-0.182717,
		0.400208,
		-0.157636,
		1,
	},
	[0.7] = {
		-0.911419,
		0.266573,
		0.313456,
		0,
		0.107259,
		0.889352,
		-0.444463,
		0,
		-0.397255,
		-0.371471,
		-0.839165,
		0,
		-0.491477,
		0.250359,
		-0.243181,
		1,
	},
	[0.8166666666666667] = {
		-0.198168,
		0.763039,
		0.615224,
		0,
		0.572207,
		0.599672,
		-0.559439,
		0,
		-0.795807,
		0.241173,
		-0.555452,
		0,
		-0.157033,
		0.400039,
		-0.147957,
		1,
	},
	[0.8333333333333334] = {
		-0.198789,
		0.759882,
		0.61892,
		0,
		0.586188,
		0.598295,
		-0.546285,
		0,
		-0.785409,
		0.254208,
		-0.564368,
		0,
		-0.153187,
		0.399743,
		-0.143194,
		1,
	},
	[0.85] = {
		-0.19936,
		0.756929,
		0.622346,
		0,
		0.599101,
		0.596724,
		-0.533852,
		0,
		-0.775457,
		0.266419,
		-0.57244,
		0,
		-0.149624,
		0.399373,
		-0.13873,
		1,
	},
	[0.8666666666666667] = {
		-0.199788,
		0.754765,
		0.624831,
		0,
		0.608728,
		0.595307,
		-0.524462,
		0,
		-0.767812,
		0.275571,
		-0.578382,
		0,
		-0.146959,
		0.399023,
		-0.135406,
		1,
	},
	[0.8833333333333333] = {
		-0.200004,
		0.754001,
		0.625684,
		0,
		0.612876,
		0.594508,
		-0.520521,
		0,
		-0.764448,
		0.27936,
		-0.581014,
		0,
		-0.145816,
		0.398815,
		-0.134082,
		1,
	},
	[0.8] = {
		-0.197596,
		0.765837,
		0.611923,
		0,
		0.559453,
		0.60069,
		-0.571125,
		0,
		-0.804965,
		0.22949,
		-0.547143,
		0,
		-0.160533,
		0.400225,
		-0.152207,
		1,
	},
	[0.9166666666666666] = {
		-0.20002,
		0.754543,
		0.625025,
		0,
		0.612974,
		0.594026,
		-0.520957,
		0,
		-0.764366,
		0.278922,
		-0.581332,
		0,
		-0.145779,
		0.398704,
		-0.134427,
		1,
	},
	[0.9333333333333333] = {
		-0.200026,
		0.754763,
		0.624758,
		0,
		0.613,
		0.593835,
		-0.521144,
		0,
		-0.764344,
		0.278734,
		-0.581452,
		0,
		-0.145768,
		0.39866,
		-0.134569,
		1,
	},
	[0.95] = {
		-0.20003,
		0.754953,
		0.624526,
		0,
		0.613021,
		0.59367,
		-0.521307,
		0,
		-0.764325,
		0.278571,
		-0.581554,
		0,
		-0.145759,
		0.398622,
		-0.134693,
		1,
	},
	[0.9666666666666667] = {
		-0.200034,
		0.755118,
		0.624326,
		0,
		0.613039,
		0.593527,
		-0.521449,
		0,
		-0.76431,
		0.278429,
		-0.581643,
		0,
		-0.145751,
		0.398589,
		-0.134799,
		1,
	},
	[0.9833333333333333] = {
		-0.200037,
		0.75526,
		0.624153,
		0,
		0.613055,
		0.593403,
		-0.521571,
		0,
		-0.764296,
		0.278306,
		-0.581719,
		0,
		-0.145744,
		0.39856,
		-0.134891,
		1,
	},
	[0.9] = {
		-0.200014,
		0.754288,
		0.625335,
		0,
		0.612943,
		0.594248,
		-0.52074,
		0,
		-0.764392,
		0.279139,
		-0.581193,
		0,
		-0.145792,
		0.398755,
		-0.134262,
		1,
	},
	[1.0166666666666666] = {
		-0.200042,
		0.755488,
		0.623875,
		0,
		0.613079,
		0.593205,
		-0.521768,
		0,
		-0.764276,
		0.278109,
		-0.58184,
		0,
		-0.145734,
		0.398514,
		-0.135039,
		1,
	},
	[1.0333333333333334] = {
		-0.200044,
		0.755579,
		0.623765,
		0,
		0.613088,
		0.593127,
		-0.521846,
		0,
		-0.764268,
		0.278031,
		-0.581888,
		0,
		-0.14573,
		0.398495,
		-0.135097,
		1,
	},
	[1.05] = {
		-0.200046,
		0.755655,
		0.623672,
		0,
		0.613096,
		0.593061,
		-0.521912,
		0,
		-0.764261,
		0.277964,
		-0.581928,
		0,
		-0.145727,
		0.39848,
		-0.135147,
		1,
	},
	[1.0666666666666667] = {
		-0.200047,
		0.755719,
		0.623594,
		0,
		0.613102,
		0.593005,
		-0.521968,
		0,
		-0.764256,
		0.277909,
		-0.581962,
		0,
		-0.145724,
		0.398467,
		-0.135188,
		1,
	},
	[1.0833333333333333] = {
		-0.200048,
		0.755772,
		0.623529,
		0,
		0.613107,
		0.592959,
		-0.522014,
		0,
		-0.764251,
		0.277862,
		-0.58199,
		0,
		-0.145722,
		0.398456,
		-0.135223,
		1,
	},
	{
		-0.20004,
		0.755383,
		0.624004,
		0,
		0.613068,
		0.593297,
		-0.521677,
		0,
		-0.764285,
		0.2782,
		-0.581784,
		0,
		-0.145739,
		0.398535,
		-0.134971,
		1,
	},
	[1.1166666666666667] = {
		-0.20005,
		0.755849,
		0.623436,
		0,
		0.613115,
		0.592893,
		-0.522081,
		0,
		-0.764245,
		0.277796,
		-0.58203,
		0,
		-0.145719,
		0.39844,
		-0.135272,
		1,
	},
	[1.1333333333333333] = {
		-0.20005,
		0.755874,
		0.623406,
		0,
		0.613117,
		0.592871,
		-0.522103,
		0,
		-0.764243,
		0.277774,
		-0.582043,
		0,
		-0.145718,
		0.398435,
		-0.135288,
		1,
	},
	[1.15] = {
		-0.200051,
		0.755891,
		0.623385,
		0,
		0.613119,
		0.592856,
		-0.522118,
		0,
		-0.764241,
		0.277759,
		-0.582052,
		0,
		-0.145717,
		0.398431,
		-0.135299,
		1,
	},
	[1.1666666666666667] = {
		-0.200051,
		0.755901,
		0.623372,
		0,
		0.61312,
		0.592848,
		-0.522126,
		0,
		-0.764241,
		0.27775,
		-0.582058,
		0,
		-0.145717,
		0.398429,
		-0.135306,
		1,
	},
	[1.1833333333333333] = {
		-0.200051,
		0.755904,
		0.623369,
		0,
		0.61312,
		0.592845,
		-0.522129,
		0,
		-0.76424,
		0.277747,
		-0.582059,
		0,
		-0.145717,
		0.398429,
		-0.135308,
		1,
	},
	[1.1] = {
		-0.200049,
		0.755815,
		0.623477,
		0,
		0.613112,
		0.592922,
		-0.522051,
		0,
		-0.764248,
		0.277825,
		-0.582013,
		0,
		-0.14572,
		0.398447,
		-0.13525,
		1,
	},
	[1.2] = {
		-0.200051,
		0.755904,
		0.623369,
		0,
		0.61312,
		0.592845,
		-0.522129,
		0,
		-0.76424,
		0.277747,
		-0.582059,
		0,
		-0.145717,
		0.398429,
		-0.135308,
		1,
	},
}

return spline_matrices
