-- chunkname: @content/characters/player/human/first_person/animations/dual_shivs/heavy_attack_swing_left.lua

local spline_matrices = {
	[0.016666666666666666] = {
		-0.193203,
		0.413279,
		-0.889872,
		0,
		0.26666,
		0.894939,
		0.357737,
		0,
		0.944227,
		-0.168177,
		-0.28311,
		0,
		0.376259,
		0.155402,
		-0.065814,
		1,
	},
	[0.03333333333333333] = {
		-0.208066,
		0.429552,
		-0.878745,
		0,
		0.306352,
		0.881823,
		0.35852,
		0,
		0.928901,
		-0.19461,
		-0.315072,
		0,
		0.402508,
		0.144214,
		-0.071805,
		1,
	},
	[0.05] = {
		-0.217616,
		0.449803,
		-0.866211,
		0,
		0.361719,
		0.861451,
		0.356457,
		0,
		0.906533,
		-0.235754,
		-0.350167,
		0,
		0.417742,
		0.152855,
		-0.078575,
		1,
	},
	[0.06666666666666667] = {
		-0.209496,
		0.464072,
		-0.860668,
		0,
		0.383259,
		0.848741,
		0.364352,
		0,
		0.899569,
		-0.253528,
		-0.355667,
		0,
		0.42765,
		0.1696,
		-0.083798,
		1,
	},
	[0.08333333333333333] = {
		-0.16588,
		0.463073,
		-0.870659,
		0,
		0.303932,
		0.863919,
		0.401583,
		0,
		0.938141,
		-0.198006,
		-0.284049,
		0,
		0.435584,
		0.189099,
		-0.085681,
		1,
	},
	[0] = {
		-0.174502,
		0.397058,
		-0.901052,
		0,
		0.225224,
		0.906928,
		0.356029,
		0,
		0.958553,
		-0.14081,
		-0.247688,
		0,
		0.34615,
		0.174363,
		-0.05971,
		1,
	},
	[0.11666666666666667] = {
		-0.051305,
		0.437435,
		-0.897785,
		0,
		0.073716,
		0.898176,
		0.433412,
		0,
		0.995959,
		-0.043945,
		-0.078327,
		0,
		0.446938,
		0.228725,
		-0.08462,
		1,
	},
	[0.13333333333333333] = {
		-0.027474,
		0.412006,
		-0.910767,
		0,
		0.055768,
		0.910324,
		0.410123,
		0,
		0.998066,
		-0.039524,
		-0.047987,
		0,
		0.453791,
		0.237985,
		-0.081984,
		1,
	},
	[0.15] = {
		-0.01429,
		0.380687,
		-0.924594,
		0,
		0.075089,
		0.922486,
		0.378658,
		0,
		0.997074,
		-0.064016,
		-0.041768,
		0,
		0.460276,
		0.242964,
		-0.078042,
		1,
	},
	[0.16666666666666666] = {
		0.015206,
		0.359402,
		-0.933059,
		0,
		0.085504,
		0.929281,
		0.35934,
		0,
		0.996222,
		-0.085244,
		-0.016599,
		0,
		0.462957,
		0.249547,
		-0.073771,
		1,
	},
	[0.18333333333333332] = {
		0.085298,
		0.364167,
		-0.927419,
		0,
		0.060396,
		0.92721,
		0.36964,
		0,
		0.994523,
		-0.087542,
		0.057095,
		0,
		0.456697,
		0.261747,
		-0.069353,
		1,
	},
	[0.1] = {
		-0.103841,
		0.45309,
		-0.885396,
		0,
		0.172481,
		0.884924,
		0.43262,
		0,
		0.979524,
		-0.10779,
		-0.170041,
		0,
		0.441437,
		0.211039,
		-0.08579,
		1,
	},
	[0.21666666666666667] = {
		0.240504,
		0.387868,
		-0.889784,
		0,
		-0.004955,
		0.91717,
		0.398466,
		0,
		0.970635,
		-0.091424,
		0.222505,
		0,
		0.40517,
		0.311158,
		-0.058886,
		1,
	},
	[0.23333333333333334] = {
		0.254163,
		0.362382,
		-0.896705,
		0,
		-0.065387,
		0.931469,
		0.357897,
		0,
		0.964948,
		-0.032331,
		0.260441,
		0,
		0.363197,
		0.350833,
		-0.053177,
		1,
	},
	[0.25] = {
		0.171547,
		0.270875,
		-0.947205,
		0,
		-0.187079,
		0.952921,
		0.238628,
		0,
		0.96725,
		0.136266,
		0.214146,
		0,
		0.295856,
		0.41598,
		-0.048453,
		1,
	},
	[0.26666666666666666] = {
		0.088144,
		0.132434,
		-0.987265,
		0,
		-0.386524,
		0.91801,
		0.088635,
		0,
		0.918058,
		0.373789,
		0.132106,
		0,
		0.208029,
		0.507257,
		-0.049383,
		1,
	},
	[0.2833333333333333] = {
		0.055962,
		0.103061,
		-0.9931,
		0,
		-0.578664,
		0.813915,
		0.051858,
		0,
		0.813644,
		0.571769,
		0.105186,
		0,
		0.10738,
		0.572482,
		-0.062585,
		1,
	},
	[0.2] = {
		0.164214,
		0.374609,
		-0.912525,
		0,
		0.031858,
		0.922586,
		0.384473,
		0,
		0.98591,
		-0.092207,
		0.139567,
		0,
		0.435025,
		0.283461,
		-0.064426,
		1,
	},
	[0.31666666666666665] = {
		-0.041111,
		0.133624,
		-0.990179,
		0,
		-0.883514,
		0.457934,
		0.098481,
		0,
		0.466596,
		0.878886,
		0.099232,
		0,
		-0.108278,
		0.638941,
		-0.104953,
		1,
	},
	[0.3333333333333333] = {
		-0.042951,
		0.087419,
		-0.995245,
		0,
		-0.970296,
		0.233733,
		0.062405,
		0,
		0.238077,
		0.968363,
		0.074783,
		0,
		-0.225294,
		0.624677,
		-0.116517,
		1,
	},
	[0.35] = {
		-0.029628,
		0.038131,
		-0.998833,
		0,
		-0.99956,
		0.00011,
		0.029654,
		0,
		0.00124,
		0.999273,
		0.038111,
		0,
		-0.329515,
		0.571626,
		-0.126502,
		1,
	},
	[0.36666666666666664] = {
		0.015313,
		-0.009565,
		-0.999837,
		0,
		-0.975292,
		-0.220549,
		-0.012827,
		0,
		-0.22039,
		0.975329,
		-0.012706,
		0,
		-0.413385,
		0.439311,
		-0.13544,
		1,
	},
	[0.38333333333333336] = {
		0.116038,
		-0.094364,
		-0.988752,
		0,
		-0.920265,
		-0.384747,
		-0.071281,
		0,
		-0.373693,
		0.918186,
		-0.131485,
		0,
		-0.464193,
		0.234331,
		-0.145095,
		1,
	},
	[0.3] = {
		-0.000628,
		0.121056,
		-0.992646,
		0,
		-0.752937,
		0.653195,
		0.080135,
		0,
		0.658092,
		0.74745,
		0.090737,
		0,
		0.003379,
		0.633984,
		-0.086275,
		1,
	},
	[0.4166666666666667] = {
		0.299812,
		-0.281092,
		-0.911647,
		0,
		-0.852504,
		-0.507855,
		-0.123772,
		0,
		-0.428193,
		0.814291,
		-0.391893,
		0,
		-0.43738,
		0.022849,
		-0.169151,
		1,
	},
	[0.43333333333333335] = {
		0.333223,
		-0.329778,
		-0.883294,
		0,
		-0.862569,
		-0.484905,
		-0.144365,
		0,
		-0.380706,
		0.810008,
		-0.446038,
		0,
		-0.446431,
		-0.006075,
		-0.18445,
		1,
	},
	[0.45] = {
		0.393152,
		-0.342447,
		-0.853324,
		0,
		-0.86767,
		-0.445286,
		-0.221064,
		0,
		-0.304271,
		0.827315,
		-0.472196,
		0,
		-0.45477,
		-0.030436,
		-0.202282,
		1,
	},
	[0.4666666666666667] = {
		0.460194,
		-0.318688,
		-0.828649,
		0,
		-0.860695,
		-0.389088,
		-0.328352,
		0,
		-0.217776,
		0.86432,
		-0.453349,
		0,
		-0.460954,
		-0.046896,
		-0.224,
		1,
	},
	[0.48333333333333334] = {
		0.503236,
		-0.290918,
		-0.813707,
		0,
		-0.848611,
		-0.34413,
		-0.401789,
		0,
		-0.163133,
		0.892716,
		-0.420055,
		0,
		-0.463467,
		-0.052029,
		-0.238849,
		1,
	},
	[0.4] = {
		0.237219,
		-0.201681,
		-0.95029,
		0,
		-0.864977,
		-0.489126,
		-0.112114,
		0,
		-0.442201,
		0.848575,
		-0.29048,
		0,
		-0.452432,
		0.092859,
		-0.156215,
		1,
	},
	[0.5166666666666667] = {
		0.446142,
		-0.280444,
		-0.849887,
		0,
		-0.890627,
		-0.232483,
		-0.390813,
		0,
		-0.087983,
		0.931291,
		-0.353492,
		0,
		-0.450399,
		-0.040881,
		-0.257307,
		1,
	},
	[0.5333333333333333] = {
		0.3688,
		-0.280037,
		-0.886322,
		0,
		-0.927921,
		-0.166637,
		-0.33346,
		0,
		-0.054313,
		0.945416,
		-0.321308,
		0,
		-0.435844,
		-0.030788,
		-0.264911,
		1,
	},
	[0.55] = {
		0.270062,
		-0.2766,
		-0.922258,
		0,
		-0.962617,
		-0.09832,
		-0.252393,
		0,
		-0.020864,
		0.955942,
		-0.292812,
		0,
		-0.417808,
		-0.018747,
		-0.271449,
		1,
	},
	[0.5666666666666667] = {
		0.156658,
		-0.271016,
		-0.949741,
		0,
		-0.987574,
		-0.030793,
		-0.154111,
		0,
		0.012522,
		0.962082,
		-0.272472,
		0,
		-0.397698,
		-0.005495,
		-0.276944,
		1,
	},
	[0.5833333333333334] = {
		0.037139,
		-0.264222,
		-0.963747,
		0,
		-0.998343,
		0.032609,
		-0.047413,
		0,
		0.043954,
		0.963911,
		-0.262573,
		0,
		-0.376909,
		0.008107,
		-0.281428,
		1,
	},
	[0.5] = {
		0.496992,
		-0.277138,
		-0.82231,
		0,
		-0.858834,
		-0.292623,
		-0.420446,
		0,
		-0.124105,
		0.915186,
		-0.383447,
		0,
		-0.460066,
		-0.048267,
		-0.248623,
		1,
	},
	[0.6166666666666667] = {
		-0.182086,
		-0.250811,
		-0.950757,
		0,
		-0.97907,
		0.135653,
		0.151723,
		0,
		0.090919,
		0.958484,
		-0.270262,
		0,
		-0.338853,
		0.032884,
		-0.287552,
		1,
	},
	[0.6333333333333333] = {
		-0.263937,
		-0.245714,
		-0.932717,
		0,
		-0.958964,
		0.170679,
		0.226401,
		0,
		0.103565,
		0.954198,
		-0.280679,
		0,
		-0.324344,
		0.042287,
		-0.289315,
		1,
	},
	[0.65] = {
		-0.317412,
		-0.2423,
		-0.91681,
		0,
		-0.941956,
		0.192096,
		0.275349,
		0,
		0.109398,
		0.950994,
		-0.289209,
		0,
		-0.31467,
		0.048491,
		-0.290311,
		1,
	},
	[0.6666666666666666] = {
		-0.336174,
		-0.240775,
		-0.910502,
		0,
		-0.935391,
		0.197953,
		0.293016,
		0,
		0.109686,
		0.95018,
		-0.291765,
		0,
		-0.311184,
		0.050564,
		-0.29062,
		1,
	},
	[0.6833333333333333] = {
		-0.335381,
		-0.240497,
		-0.910868,
		0,
		-0.935936,
		0.195323,
		0.29304,
		0,
		0.107438,
		0.950795,
		-0.290597,
		0,
		-0.31124,
		0.050156,
		-0.29063,
		1,
	},
	[0.6] = {
		-0.078928,
		-0.257196,
		-0.963131,
		0,
		-0.994363,
		0.088925,
		0.05774,
		0,
		0.070796,
		0.962259,
		-0.262765,
		0,
		-0.356833,
		0.021193,
		-0.284945,
		1,
	},
	[0.7166666666666667] = {
		-0.333688,
		-0.241173,
		-0.911311,
		0,
		-0.937086,
		0.190053,
		0.29283,
		0,
		0.102574,
		0.951691,
		-0.289419,
		0,
		-0.311364,
		0.048865,
		-0.290718,
		1,
	},
	[0.7333333333333333] = {
		-0.332804,
		-0.241929,
		-0.911434,
		0,
		-0.937678,
		0.187404,
		0.292643,
		0,
		0.100007,
		0.952024,
		-0.28922,
		0,
		-0.31143,
		0.048056,
		-0.290782,
		1,
	},
	[0.75] = {
		-0.331907,
		-0.242829,
		-0.911522,
		0,
		-0.938272,
		0.184739,
		0.292433,
		0,
		0.097383,
		0.952316,
		-0.289156,
		0,
		-0.311497,
		0.047188,
		-0.290853,
		1,
	},
	[0.7666666666666667] = {
		-0.331003,
		-0.24389,
		-0.911567,
		0,
		-0.938863,
		0.182091,
		0.292197,
		0,
		0.094724,
		0.952555,
		-0.289252,
		0,
		-0.311564,
		0.046261,
		-0.290929,
		1,
	},
	[0.7833333333333333] = {
		-0.330103,
		-0.245171,
		-0.91155,
		0,
		-0.939445,
		0.179506,
		0.291925,
		0,
		0.092057,
		0.952717,
		-0.28958,
		0,
		-0.311632,
		0.045262,
		-0.291014,
		1,
	},
	[0.7] = {
		-0.33455,
		-0.240663,
		-0.91113,
		0,
		-0.936504,
		0.192691,
		0.29297,
		0,
		0.105059,
		0.951289,
		-0.289846,
		0,
		-0.311301,
		0.049577,
		-0.290665,
		1,
	},
	[0.8166666666666667] = {
		-0.328348,
		-0.248261,
		-0.911347,
		0,
		-0.940561,
		0.174592,
		0.291313,
		0,
		0.086793,
		0.952829,
		-0.290832,
		0,
		-0.311765,
		0.043108,
		-0.291198,
		1,
	},
	[0.8333333333333334] = {
		-0.327511,
		-0.250005,
		-0.911172,
		0,
		-0.941084,
		0.172298,
		0.290988,
		0,
		0.084244,
		0.952791,
		-0.291705,
		0,
		-0.311831,
		0.041987,
		-0.291291,
		1,
	},
	[0.85] = {
		-0.326702,
		-0.251836,
		-0.910958,
		0,
		-0.941582,
		0.170133,
		0.290651,
		0,
		0.081788,
		0.952698,
		-0.292707,
		0,
		-0.311892,
		0.040856,
		-0.291387,
		1,
	},
	[0.8666666666666667] = {
		-0.32592,
		-0.253722,
		-0.910715,
		0,
		-0.942053,
		0.168117,
		0.290298,
		0,
		0.079452,
		0.952555,
		-0.293813,
		0,
		-0.311945,
		0.039733,
		-0.291485,
		1,
	},
	[0.8833333333333333] = {
		-0.325175,
		-0.255631,
		-0.910447,
		0,
		-0.942492,
		0.166266,
		0.289937,
		0,
		0.077259,
		0.95237,
		-0.294996,
		0,
		-0.311991,
		0.038634,
		-0.291584,
		1,
	},
	[0.8] = {
		-0.329216,
		-0.246639,
		-0.911475,
		0,
		-0.940013,
		0.177001,
		0.291628,
		0,
		0.089405,
		0.952806,
		-0.290115,
		0,
		-0.311699,
		0.044205,
		-0.291104,
		1,
	},
	[0.9166666666666666] = {
		-0.323832,
		-0.259384,
		-0.909864,
		0,
		-0.943263,
		0.163127,
		0.289214,
		0,
		0.073406,
		0.951898,
		-0.297493,
		0,
		-0.312058,
		0.036569,
		-0.291779,
		1,
	},
	[0.9333333333333333] = {
		-0.323261,
		-0.261152,
		-0.909561,
		0,
		-0.94358,
		0.161909,
		0.288865,
		0,
		0.071829,
		0.951622,
		-0.298756,
		0,
		-0.312078,
		0.035648,
		-0.291871,
		1,
	},
	[0.95] = {
		-0.322774,
		-0.262798,
		-0.90926,
		0,
		-0.943844,
		0.160961,
		0.288529,
		0,
		0.07053,
		0.95133,
		-0.299995,
		0,
		-0.312089,
		0.034827,
		-0.291958,
		1,
	},
	[0.9666666666666667] = {
		-0.322365,
		-0.264302,
		-0.908969,
		0,
		-0.944062,
		0.160248,
		0.288215,
		0,
		0.069485,
		0.951034,
		-0.301176,
		0,
		-0.312094,
		0.034106,
		-0.292039,
		1,
	},
	[0.9833333333333333] = {
		-0.322029,
		-0.265644,
		-0.908697,
		0,
		-0.944237,
		0.159735,
		0.287927,
		0,
		0.068665,
		0.950746,
		-0.30227,
		0,
		-0.312092,
		0.033488,
		-0.292112,
		1,
	},
	[0.9] = {
		-0.324476,
		-0.257529,
		-0.910161,
		0,
		-0.942897,
		0.164597,
		0.289574,
		0,
		0.075236,
		0.952148,
		-0.296231,
		0,
		-0.312028,
		0.037574,
		-0.291683,
		1,
	},
	[1.0166666666666666] = {
		-0.321552,
		-0.267793,
		-0.908235,
		0,
		-0.944476,
		0.159179,
		0.287449,
		0,
		0.067595,
		0.950236,
		-0.304108,
		0,
		-0.312079,
		0.032551,
		-0.292231,
		1,
	},
	[1.0333333333333334] = {
		-0.3214,
		-0.268577,
		-0.908057,
		0,
		-0.944549,
		0.159072,
		0.287268,
		0,
		0.067293,
		0.950033,
		-0.30481,
		0,
		-0.312071,
		0.032227,
		-0.292276,
		1,
	},
	[1.05] = {
		-0.321299,
		-0.269152,
		-0.907923,
		0,
		-0.944597,
		0.159036,
		0.287132,
		0,
		0.06711,
		0.949876,
		-0.305338,
		0,
		-0.312063,
		0.031999,
		-0.29231,
		1,
	},
	[1.0666666666666667] = {
		-0.321243,
		-0.269506,
		-0.907838,
		0,
		-0.944622,
		0.159038,
		0.287046,
		0,
		0.06702,
		0.949776,
		-0.305671,
		0,
		-0.312057,
		0.031863,
		-0.292331,
		1,
	},
	[1.0833333333333333] = {
		-0.321225,
		-0.269626,
		-0.907808,
		0,
		-0.94463,
		0.159045,
		0.287017,
		0,
		0.066996,
		0.94974,
		-0.305786,
		0,
		-0.312055,
		0.031818,
		-0.292338,
		1,
	},
	{
		-0.32176,
		-0.266811,
		-0.908451,
		0,
		-0.944373,
		0.159389,
		0.28767,
		0,
		0.068044,
		0.950477,
		-0.303254,
		0,
		-0.312087,
		0.03297,
		-0.292176,
		1,
	},
	[1.1166666666666667] = {
		-0.321225,
		-0.269626,
		-0.907808,
		0,
		-0.94463,
		0.159045,
		0.287017,
		0,
		0.066996,
		0.94974,
		-0.305786,
		0,
		-0.312055,
		0.031818,
		-0.292338,
		1,
	},
	[1.1333333333333333] = {
		-0.321225,
		-0.269626,
		-0.907808,
		0,
		-0.94463,
		0.159045,
		0.287017,
		0,
		0.066996,
		0.94974,
		-0.305786,
		0,
		-0.312055,
		0.031818,
		-0.292338,
		1,
	},
	[1.15] = {
		-0.321225,
		-0.269626,
		-0.907808,
		0,
		-0.94463,
		0.159045,
		0.287017,
		0,
		0.066996,
		0.94974,
		-0.305786,
		0,
		-0.312055,
		0.031818,
		-0.292338,
		1,
	},
	[1.1666666666666667] = {
		-0.321225,
		-0.269626,
		-0.907808,
		0,
		-0.94463,
		0.159045,
		0.287017,
		0,
		0.066996,
		0.94974,
		-0.305786,
		0,
		-0.312055,
		0.031818,
		-0.292338,
		1,
	},
	[1.1] = {
		-0.321225,
		-0.269626,
		-0.907808,
		0,
		-0.94463,
		0.159045,
		0.287017,
		0,
		0.066996,
		0.94974,
		-0.305786,
		0,
		-0.312055,
		0.031818,
		-0.292338,
		1,
	},
}

return spline_matrices
