-- chunkname: @content/characters/player/human/first_person/animations/dual_shivs/heavy_attack_swing_down_offhand_sweep.lua

local spline_matrices = {
	[0.016666666666666666] = {
		-0.787377,
		-0.457191,
		0.413539,
		0,
		0.547696,
		-0.210887,
		0.809664,
		0,
		-0.282961,
		0.864004,
		0.416449,
		0,
		-0.186149,
		0.073995,
		0.417785,
		1,
	},
	[0.03333333333333333] = {
		-0.801668,
		-0.337676,
		0.493257,
		0,
		0.530405,
		-0.021277,
		0.847477,
		0,
		-0.275678,
		0.941022,
		0.196162,
		0,
		-0.192659,
		0.184978,
		0.401542,
		1,
	},
	[0.05] = {
		-0.816924,
		-0.200178,
		0.540892,
		0,
		0.515328,
		0.167784,
		0.840408,
		0,
		-0.258984,
		0.965286,
		-0.03391,
		0,
		-0.201625,
		0.283529,
		0.379314,
		1,
	},
	[0.06666666666666667] = {
		-0.824617,
		-0.141107,
		0.547809,
		0,
		0.505152,
		0.252182,
		0.825364,
		0,
		-0.254613,
		0.957336,
		-0.136673,
		0,
		-0.211223,
		0.32204,
		0.354428,
		1,
	},
	[0.08333333333333333] = {
		-0.833642,
		-0.191646,
		0.517988,
		0,
		0.488884,
		0.180306,
		0.853512,
		0,
		-0.256969,
		0.96476,
		-0.056618,
		0,
		-0.219693,
		0.32945,
		0.326842,
		1,
	},
	[0] = {
		-0.781374,
		-0.503503,
		0.3687,
		0,
		0.556247,
		-0.294073,
		0.777246,
		0,
		-0.28292,
		0.812408,
		0.509853,
		0,
		-0.183655,
		0.021305,
		0.424123,
		1,
	},
	[0.11666666666666667] = {
		-0.889959,
		-0.24297,
		0.385926,
		0,
		0.422619,
		-0.121409,
		0.898139,
		0,
		-0.171366,
		0.962406,
		0.210733,
		0,
		-0.226486,
		0.332034,
		0.25975,
		1,
	},
	[0.13333333333333333] = {
		-0.907193,
		-0.151274,
		0.392578,
		0,
		0.407359,
		-0.082584,
		0.909527,
		0,
		-0.105167,
		0.985036,
		0.136542,
		0,
		-0.217324,
		0.343202,
		0.222472,
		1,
	},
	[0.15] = {
		-0.91127,
		0.002709,
		0.4118,
		0,
		0.409603,
		0.109311,
		0.905691,
		0,
		-0.042561,
		0.994004,
		-0.100722,
		0,
		-0.198872,
		0.371162,
		0.184383,
		1,
	},
	[0.16666666666666666] = {
		-0.899561,
		0.167833,
		0.403264,
		0,
		0.43679,
		0.349843,
		0.828748,
		0,
		-0.001988,
		0.921652,
		-0.388013,
		0,
		-0.173356,
		0.4383,
		0.14296,
		1,
	},
	[0.18333333333333332] = {
		-0.883537,
		0.285297,
		0.37144,
		0,
		0.46835,
		0.54367,
		0.696471,
		0,
		-0.00324,
		0.789321,
		-0.613972,
		0,
		-0.154104,
		0.492246,
		0.087887,
		1,
	},
	[0.1] = {
		-0.858044,
		-0.251626,
		0.447711,
		0,
		0.459805,
		0.01195,
		0.887939,
		0,
		-0.228778,
		0.967751,
		0.105445,
		0,
		-0.225361,
		0.330056,
		0.29495,
		1,
	},
	[0.21666666666666667] = {
		-0.847922,
		0.408608,
		0.337739,
		0,
		0.521055,
		0.759706,
		0.389036,
		0,
		-0.097619,
		0.505853,
		-0.857079,
		0,
		-0.135975,
		0.547016,
		-0.034714,
		1,
	},
	[0.23333333333333334] = {
		-0.842989,
		0.4617,
		0.276049,
		0,
		0.52632,
		0.813955,
		0.245895,
		0,
		-0.111162,
		0.352577,
		-0.929157,
		0,
		-0.135193,
		0.545259,
		-0.12279,
		1,
	},
	[0.25] = {
		-0.850233,
		0.486873,
		0.200146,
		0,
		0.513548,
		0.850694,
		0.112195,
		0,
		-0.115638,
		0.198176,
		-0.973321,
		0,
		-0.14394,
		0.524756,
		-0.207968,
		1,
	},
	[0.26666666666666666] = {
		-0.854834,
		0.51155,
		0.087035,
		0,
		0.512364,
		0.858647,
		-0.014416,
		0,
		-0.082107,
		0.03227,
		-0.996101,
		0,
		-0.138682,
		0.485924,
		-0.292266,
		1,
	},
	[0.2833333333333333] = {
		-0.845485,
		0.533014,
		-0.032423,
		0,
		0.532639,
		0.837445,
		-0.122398,
		0,
		-0.038087,
		-0.120756,
		-0.991951,
		0,
		-0.119392,
		0.438125,
		-0.361623,
		1,
	},
	[0.2] = {
		-0.860157,
		0.339829,
		0.380325,
		0,
		0.505245,
		0.66964,
		0.544343,
		0,
		-0.069698,
		0.660377,
		-0.747692,
		0,
		-0.142069,
		0.53025,
		0.047045,
		1,
	},
	[0.31666666666666665] = {
		-0.796862,
		0.587041,
		-0.142805,
		0,
		0.599926,
		0.740918,
		-0.301875,
		0,
		-0.071406,
		-0.326226,
		-0.942591,
		0,
		-0.093021,
		0.361439,
		-0.450755,
		1,
	},
	[0.3333333333333333] = {
		-0.766519,
		0.623451,
		-0.154135,
		0,
		0.625089,
		0.669197,
		-0.401795,
		0,
		-0.147353,
		-0.404331,
		-0.902665,
		0,
		-0.096226,
		0.32672,
		-0.49022,
		1,
	},
	[0.35] = {
		-0.733226,
		0.661988,
		-0.155409,
		0,
		0.633713,
		0.582376,
		-0.509163,
		0,
		-0.246553,
		-0.471816,
		-0.846523,
		0,
		-0.111718,
		0.290214,
		-0.529006,
		1,
	},
	[0.36666666666666664] = {
		-0.697126,
		0.700022,
		-0.154867,
		0,
		0.620924,
		0.481513,
		-0.618545,
		0,
		-0.358425,
		-0.527365,
		-0.770336,
		0,
		-0.139534,
		0.251337,
		-0.565152,
		1,
	},
	[0.38333333333333336] = {
		-0.66068,
		0.733714,
		-0.158636,
		0,
		0.584719,
		0.370478,
		-0.721699,
		0,
		-0.470749,
		-0.56957,
		-0.673785,
		0,
		-0.178406,
		0.210447,
		-0.595774,
		1,
	},
	[0.3] = {
		-0.824093,
		0.555202,
		-0.112351,
		0,
		0.565759,
		0.796894,
		-0.211841,
		0,
		-0.028083,
		-0.23814,
		-0.970825,
		0,
		-0.100692,
		0.395695,
		-0.410943,
		1,
	},
	[0.4166666666666667] = {
		-0.599488,
		0.778644,
		-0.185278,
		0,
		0.456743,
		0.142714,
		-0.878077,
		0,
		-0.657267,
		-0.611021,
		-0.441195,
		0,
		-0.275996,
		0.129413,
		-0.630609,
		1,
	},
	[0.43333333333333335] = {
		-0.578572,
		0.789918,
		-0.203186,
		0,
		0.380852,
		0.041353,
		-0.923711,
		0,
		-0.721253,
		-0.611817,
		-0.324767,
		0,
		-0.32549,
		0.094344,
		-0.633544,
		1,
	},
	[0.45] = {
		-0.561968,
		0.79744,
		-0.219729,
		0,
		0.311445,
		-0.042101,
		-0.949331,
		0,
		-0.766286,
		-0.601927,
		-0.224699,
		0,
		-0.36793,
		0.066572,
		-0.629708,
		1,
	},
	[0.4666666666666667] = {
		-0.545113,
		0.805427,
		-0.232676,
		0,
		0.2598,
		-0.101585,
		-0.960304,
		0,
		-0.797092,
		-0.583924,
		-0.153875,
		0,
		-0.397741,
		0.048563,
		-0.623567,
		1,
	},
	[0.48333333333333334] = {
		-0.506814,
		0.842619,
		-0.182023,
		0,
		0.241605,
		-0.063848,
		-0.968272,
		0,
		-0.827506,
		-0.534711,
		-0.171222,
		0,
		-0.404673,
		0.080409,
		-0.614789,
		1,
	},
	[0.4] = {
		-0.627155,
		0.760285,
		-0.169243,
		0,
		0.527821,
		0.255052,
		-0.810156,
		0,
		-0.572784,
		-0.597423,
		-0.561252,
		0,
		-0.225282,
		0.169022,
		-0.618133,
		1,
	},
	[0.5166666666666667] = {
		-0.430848,
		0.899761,
		-0.06928,
		0,
		0.219215,
		0.02988,
		-0.975219,
		0,
		-0.875394,
		-0.435358,
		-0.210115,
		0,
		-0.408853,
		0.146019,
		-0.591223,
		1,
	},
	[0.5333333333333333] = {
		-0.394795,
		0.918738,
		-0.007615,
		0,
		0.21575,
		0.084648,
		-0.972773,
		0,
		-0.893078,
		-0.385689,
		-0.231636,
		0,
		-0.406659,
		0.178567,
		-0.575883,
		1,
	},
	[0.55] = {
		-0.360909,
		0.930854,
		0.057053,
		0,
		0.217791,
		0.14361,
		-0.965372,
		0,
		-0.906814,
		-0.335986,
		-0.254562,
		0,
		-0.402014,
		0.210276,
		-0.557883,
		1,
	},
	[0.5666666666666667] = {
		-0.329664,
		0.935894,
		0.124191,
		0,
		0.225444,
		0.205777,
		-0.952277,
		0,
		-0.916786,
		-0.285933,
		-0.278829,
		0,
		-0.395219,
		0.240758,
		-0.537059,
		1,
	},
	[0.5833333333333334] = {
		-0.30134,
		0.933738,
		0.193201,
		0,
		0.238669,
		0.270032,
		-0.932802,
		0,
		-0.923164,
		-0.234979,
		-0.304226,
		0,
		-0.386545,
		0.269708,
		-0.513268,
		1,
	},
	[0.5] = {
		-0.468439,
		0.874246,
		-0.127513,
		0,
		0.227947,
		-0.019847,
		-0.973471,
		0,
		-0.853584,
		-0.485078,
		-0.189984,
		0,
		-0.408288,
		0.113111,
		-0.604108,
		1,
	},
	[0.6166666666666667] = {
		-0.253396,
		0.907748,
		0.334341,
		0,
		0.281162,
		0.399811,
		-0.87241,
		0,
		-0.925602,
		-0.127061,
		-0.356535,
		0,
		-0.364267,
		0.322108,
		-0.456283,
		1,
	},
	[0.6333333333333333] = {
		-0.233085,
		0.883987,
		0.405264,
		0,
		0.310036,
		0.462547,
		-0.830619,
		0,
		-0.92171,
		-0.067959,
		-0.38188,
		0,
		-0.350722,
		0.345172,
		-0.422845,
		1,
	},
	[0.65] = {
		-0.215787,
		0.854474,
		0.472558,
		0,
		0.344305,
		0.519459,
		-0.782059,
		0,
		-0.913723,
		-0.006054,
		-0.406292,
		0,
		-0.335293,
		0.36491,
		-0.387498,
		1,
	},
	[0.6666666666666666] = {
		-0.202885,
		0.821861,
		0.532337,
		0,
		0.383453,
		0.566909,
		-0.729094,
		0,
		-0.901001,
		0.056204,
		-0.430162,
		0,
		-0.318182,
		0.380318,
		-0.352249,
		1,
	},
	[0.6833333333333333] = {
		-0.194444,
		0.788092,
		0.58404,
		0,
		0.425897,
		0.604183,
		-0.673479,
		0,
		-0.883631,
		0.117787,
		-0.453126,
		0,
		-0.299938,
		0.391578,
		-0.317802,
		1,
	},
	[0.6] = {
		-0.275987,
		0.924349,
		0.263458,
		0,
		0.257313,
		0.335153,
		-0.906346,
		0,
		-0.926078,
		-0.182349,
		-0.330345,
		0,
		-0.376194,
		0.296889,
		-0.486384,
		1,
	},
	[0.7166666666666667] = {
		-0.18966,
		0.724188,
		0.663009,
		0,
		0.514155,
		0.648531,
		-0.561295,
		0,
		-0.836465,
		0.234434,
		-0.495346,
		0,
		-0.262099,
		0.403212,
		-0.253704,
		1,
	},
	[0.7333333333333333] = {
		-0.192018,
		0.69687,
		0.691014,
		0,
		0.55701,
		0.657104,
		-0.507892,
		0,
		-0.808003,
		0.287378,
		-0.514339,
		0,
		-0.243378,
		0.404638,
		-0.224995,
		1,
	},
	[0.75] = {
		-0.196375,
		0.673876,
		0.71227,
		0,
		0.597446,
		0.658229,
		-0.458031,
		0,
		-0.777493,
		0.335597,
		-0.531864,
		0,
		-0.225242,
		0.403927,
		-0.198972,
		1,
	},
	[0.7666666666666667] = {
		-0.201753,
		0.655623,
		0.727636,
		0,
		0.634674,
		0.653346,
		-0.412708,
		0,
		-0.745979,
		0.378547,
		-0.547922,
		0,
		-0.207933,
		0.401663,
		-0.175868,
		1,
	},
	[0.7833333333333333] = {
		-0.207186,
		0.642178,
		0.738025,
		0,
		0.668235,
		0.64388,
		-0.372666,
		0,
		-0.714518,
		0.415963,
		-0.562529,
		0,
		-0.191616,
		0.39839,
		-0.155847,
		1,
	},
	[0.7] = {
		-0.190214,
		0.755005,
		0.627523,
		0,
		0.46999,
		0.631218,
		-0.616987,
		0,
		-0.861933,
		0.17757,
		-0.474912,
		0,
		-0.281086,
		0.399047,
		-0.284779,
		1,
	},
	[0.8166666666666667] = {
		-0.214657,
		0.628681,
		0.74745,
		0,
		0.723886,
		0.616166,
		-0.310368,
		0,
		-0.655676,
		0.474446,
		-0.587358,
		0,
		-0.162358,
		0.390617,
		-0.125472,
		1,
	},
	[0.8333333333333334] = {
		-0.215133,
		0.62772,
		0.748122,
		0,
		0.746252,
		0.599809,
		-0.288681,
		0,
		-0.629941,
		0.496183,
		-0.597476,
		0,
		-0.149534,
		0.386805,
		-0.115244,
		1,
	},
	[0.85] = {
		-0.213202,
		0.628374,
		0.748125,
		0,
		0.764689,
		0.583929,
		-0.272538,
		0,
		-0.608108,
		0.513978,
		-0.605006,
		0,
		-0.138719,
		0.383516,
		-0.108031,
		1,
	},
	[0.8666666666666667] = {
		-0.209538,
		0.628084,
		0.749403,
		0,
		0.77916,
		0.570304,
		-0.26012,
		0,
		-0.590764,
		0.5294,
		-0.608878,
		0,
		-0.130636,
		0.380991,
		-0.103048,
		1,
	},
	[0.8833333333333333] = {
		-0.204298,
		0.626494,
		0.752175,
		0,
		0.790554,
		0.558743,
		-0.25066,
		0,
		-0.57731,
		0.543426,
		-0.609428,
		0,
		-0.124908,
		0.379168,
		-0.099826,
		1,
	},
	[0.8] = {
		-0.211763,
		0.633332,
		0.744343,
		0,
		0.697955,
		0.631126,
		-0.338435,
		0,
		-0.684116,
		0.44785,
		-0.575687,
		0,
		-0.1764,
		0.394579,
		-0.139024,
		1,
	},
	[0.9166666666666666] = {
		-0.190008,
		0.619298,
		0.761818,
		0,
		0.806338,
		0.541116,
		-0.238772,
		0,
		-0.560103,
		0.568914,
		-0.60218,
		0,
		-0.119239,
		0.377322,
		-0.097325,
		1,
	},
	[0.9333333333333333] = {
		-0.181507,
		0.614067,
		0.7681,
		0,
		0.811416,
		0.534791,
		-0.235803,
		0,
		-0.555571,
		0.580449,
		-0.595332,
		0,
		-0.118732,
		0.377144,
		-0.097573,
		1,
	},
	[0.95] = {
		-0.172504,
		0.608195,
		0.774817,
		0,
		0.814926,
		0.529973,
		-0.234571,
		0,
		-0.553297,
		0.590954,
		-0.587057,
		0,
		-0.119417,
		0.377358,
		-0.098583,
		1,
	},
	[0.9666666666666667] = {
		-0.163323,
		0.602087,
		0.781548,
		0,
		0.817066,
		0.52653,
		-0.234882,
		0,
		-0.552927,
		0.600215,
		-0.57794,
		0,
		-0.121022,
		0.377877,
		-0.1002,
		1,
	},
	[0.9833333333333333] = {
		-0.154305,
		0.596141,
		0.787912,
		0,
		0.818048,
		0.524288,
		-0.236474,
		0,
		-0.554065,
		0.608061,
		-0.568572,
		0,
		-0.123266,
		0.37861,
		-0.102256,
		1,
	},
	[0.9] = {
		-0.197701,
		0.623527,
		0.756391,
		0,
		0.799478,
		0.549061,
		-0.243653,
		0,
		-0.56723,
		0.556548,
		-0.607046,
		0,
		-0.121206,
		0.377971,
		-0.098008,
		1,
	},
	[1.0166666666666666] = {
		-0.138209,
		0.586072,
		0.798385,
		0,
		0.817586,
		0.522481,
		-0.242006,
		0,
		-0.558973,
		0.619301,
		-0.551376,
		0,
		-0.128487,
		0.380311,
		-0.10688,
		1,
	},
	[1.0333333333333334] = {
		-0.1319,
		0.582425,
		0.802112,
		0,
		0.816791,
		0.522344,
		-0.244968,
		0,
		-0.561654,
		0.622846,
		-0.544617,
		0,
		-0.130838,
		0.381068,
		-0.108973,
		1,
	},
	[1.05] = {
		-0.12728,
		0.579895,
		0.804687,
		0,
		0.816121,
		0.522293,
		-0.2473,
		0,
		-0.56369,
		0.625245,
		-0.539742,
		0,
		-0.13258,
		0.381622,
		-0.110562,
		1,
	},
	[1.0666666666666667] = {
		-0.124753,
		0.578573,
		0.806034,
		0,
		0.815973,
		0.522001,
		-0.248402,
		0,
		-0.564469,
		0.626713,
		-0.537221,
		0,
		-0.133383,
		0.381866,
		-0.111365,
		1,
	},
	[1.0833333333333333] = {
		-0.124236,
		0.578366,
		0.806262,
		0,
		0.816251,
		0.521578,
		-0.248375,
		0,
		-0.56418,
		0.627255,
		-0.536891,
		0,
		-0.133352,
		0.381837,
		-0.111448,
		1,
	},
	{
		-0.145808,
		0.59071,
		0.793601,
		0,
		0.818121,
		0.523027,
		-0.238998,
		0,
		-0.556253,
		0.614414,
		-0.559534,
		0,
		-0.125857,
		0.379455,
		-0.104556,
		1,
	},
}

return spline_matrices
