-- chunkname: @content/characters/player/human/first_person/animations/dual_shivs/heavy_attack_double_stab_forward_01.lua

local spline_matrices = {
	[0.016666666666666666] = {
		0.94463,
		0.109539,
		0.309315,
		0,
		0.236148,
		0.427563,
		-0.872596,
		0,
		-0.227835,
		0.897324,
		0.378021,
		0,
		0.368005,
		0.13781,
		-0.441047,
		1,
	},
	[0.03333333333333333] = {
		0.992817,
		-0.083163,
		0.086016,
		0,
		0.112531,
		0.404861,
		-0.907427,
		0,
		0.04064,
		0.910588,
		0.411312,
		0,
		0.326802,
		0.006442,
		-0.258323,
		1,
	},
	[0.05] = {
		0.999603,
		-0.026255,
		0.010247,
		0,
		0.021338,
		0.467487,
		-0.883742,
		0,
		0.018412,
		0.88361,
		0.467862,
		0,
		0.310121,
		0.025593,
		-0.262,
		1,
	},
	[0.06666666666666667] = {
		0.992313,
		0.020657,
		-0.122017,
		0,
		-0.111492,
		0.577111,
		-0.809019,
		0,
		0.053706,
		0.816404,
		0.574978,
		0,
		0.277856,
		0.06146,
		-0.270158,
		1,
	},
	[0.08333333333333333] = {
		0.960575,
		0.056447,
		-0.272231,
		0,
		-0.239918,
		0.663066,
		-0.709071,
		0,
		0.140483,
		0.746429,
		0.650467,
		0,
		0.240111,
		0.101199,
		-0.27929,
		1,
	},
	[0] = {
		0.95843,
		-0.282684,
		-0.03876,
		0,
		0.125524,
		0.539723,
		-0.832432,
		0,
		0.256235,
		0.792962,
		0.55277,
		0,
		0.350932,
		0.356929,
		-0.478632,
		1,
	},
	[0.11666666666666667] = {
		0.872094,
		0.151453,
		-0.46531,
		0,
		-0.445591,
		0.638784,
		-0.627219,
		0,
		0.202238,
		0.754332,
		0.624566,
		0,
		0.175317,
		0.171872,
		-0.31784,
		1,
	},
	[0.13333333333333333] = {
		0.873218,
		0.249471,
		-0.418635,
		0,
		-0.486115,
		0.506537,
		-0.712119,
		0,
		0.034401,
		0.825339,
		0.563588,
		0,
		0.162872,
		0.208169,
		-0.359169,
		1,
	},
	[0.15] = {
		0.896327,
		0.347693,
		-0.27515,
		0,
		-0.400062,
		0.366613,
		-0.839967,
		0,
		-0.191177,
		0.862963,
		0.467704,
		0,
		0.174536,
		0.265613,
		-0.40104,
		1,
	},
	[0.16666666666666666] = {
		0.914601,
		0.401511,
		-0.047896,
		0,
		-0.192045,
		0.327084,
		-0.925275,
		0,
		-0.355842,
		0.855456,
		0.37626,
		0,
		0.201834,
		0.356138,
		-0.406346,
		1,
	},
	[0.18333333333333332] = {
		0.905152,
		0.376666,
		0.197033,
		0,
		0.026656,
		0.412307,
		-0.910655,
		0,
		-0.424251,
		0.829534,
		0.36316,
		0,
		0.211135,
		0.463708,
		-0.352297,
		1,
	},
	[0.1] = {
		0.910008,
		0.091525,
		-0.404362,
		0,
		-0.350942,
		0.689339,
		-0.63376,
		0,
		0.220738,
		0.718634,
		0.659424,
		0,
		0.203904,
		0.138748,
		-0.293297,
		1,
	},
	[0.21666666666666667] = {
		0.869694,
		0.196056,
		0.452984,
		0,
		0.216323,
		0.673504,
		-0.706822,
		0,
		-0.443663,
		0.712709,
		0.543331,
		0,
		0.141779,
		0.589409,
		-0.164756,
		1,
	},
	[0.23333333333333334] = {
		0.86795,
		0.158835,
		0.470567,
		0,
		0.224721,
		0.719345,
		-0.6573,
		0,
		-0.442902,
		0.67625,
		0.588663,
		0,
		0.120832,
		0.598182,
		-0.126211,
		1,
	},
	[0.25] = {
		0.866137,
		0.163614,
		0.472269,
		0,
		0.214882,
		0.731217,
		-0.647416,
		0,
		-0.451257,
		0.662233,
		0.598176,
		0,
		0.11995,
		0.596038,
		-0.125359,
		1,
	},
	[0.26666666666666666] = {
		0.864676,
		0.168123,
		0.473361,
		0,
		0.204597,
		0.742757,
		-0.637536,
		0,
		-0.458776,
		0.64811,
		0.607847,
		0,
		0.119107,
		0.593706,
		-0.124444,
		1,
	},
	[0.2833333333333333] = {
		0.865626,
		0.164964,
		0.472736,
		0,
		0.209488,
		0.738225,
		-0.641201,
		0,
		-0.45476,
		0.654073,
		0.604468,
		0,
		0.119306,
		0.595005,
		-0.123929,
		1,
	},
	[0.2] = {
		0.882004,
		0.28713,
		0.373664,
		0,
		0.164879,
		0.554786,
		-0.815492,
		0,
		-0.441456,
		0.780877,
		0.441982,
		0,
		0.184365,
		0.548843,
		-0.256071,
		1,
	},
	[0.31666666666666665] = {
		0.868404,
		0.158343,
		0.469896,
		0,
		0.226545,
		0.716263,
		-0.660034,
		0,
		-0.441081,
		0.679629,
		0.586134,
		0,
		0.120988,
		0.598626,
		-0.126442,
		1,
	},
	[0.3333333333333333] = {
		0.861365,
		0.166367,
		0.479971,
		0,
		0.244453,
		0.692504,
		-0.678735,
		0,
		-0.445301,
		0.701969,
		0.55583,
		0,
		0.142433,
		0.595577,
		-0.14582,
		1,
	},
	[0.35] = {
		0.847215,
		0.186278,
		0.497521,
		0,
		0.277823,
		0.642885,
		-0.713802,
		0,
		-0.452814,
		0.742967,
		0.49291,
		0,
		0.196444,
		0.579468,
		-0.189412,
		1,
	},
	[0.36666666666666664] = {
		0.839923,
		0.217469,
		0.497228,
		0,
		0.303799,
		0.570794,
		-0.762824,
		0,
		-0.449705,
		0.791772,
		0.413356,
		0,
		0.266921,
		0.537764,
		-0.247848,
		1,
	},
	[0.38333333333333336] = {
		0.854107,
		0.246484,
		0.457982,
		0,
		0.299359,
		0.487097,
		-0.820439,
		0,
		-0.425307,
		0.837843,
		0.342246,
		0,
		0.331621,
		0.464496,
		-0.308966,
		1,
	},
	[0.3] = {
		0.867538,
		0.159558,
		0.471082,
		0,
		0.219074,
		0.727734,
		-0.649931,
		0,
		-0.446524,
		0.667042,
		0.596382,
		0,
		0.11992,
		0.597338,
		-0.123832,
		1,
	},
	[0.4166666666666667] = {
		0.940798,
		0.213193,
		0.263529,
		0,
		0.171552,
		0.371057,
		-0.912626,
		0,
		-0.29235,
		0.903806,
		0.312516,
		0,
		0.371479,
		0.272232,
		-0.390631,
		1,
	},
	[0.43333333333333335] = {
		0.97886,
		0.142851,
		0.146379,
		0,
		0.084333,
		0.370122,
		-0.925148,
		0,
		-0.186336,
		0.917934,
		0.35025,
		0,
		0.347922,
		0.195195,
		-0.400548,
		1,
	},
	[0.45] = {
		0.998031,
		0.05273,
		0.033962,
		0,
		0.011345,
		0.38078,
		-0.924596,
		0,
		-0.061686,
		0.923161,
		0.379432,
		0,
		0.297047,
		0.106065,
		-0.394818,
		1,
	},
	[0.4666666666666667] = {
		0.999901,
		-0.008965,
		-0.010859,
		0,
		-0.006384,
		0.398776,
		-0.917026,
		0,
		0.012551,
		0.917005,
		0.398679,
		0,
		0.278474,
		0.0862,
		-0.386454,
		1,
	},
	[0.48333333333333334] = {
		0.996349,
		-0.070683,
		-0.047879,
		0,
		-0.014259,
		0.415163,
		-0.909635,
		0,
		0.084174,
		0.906997,
		0.41264,
		0,
		0.265188,
		0.07426,
		-0.378238,
		1,
	},
	[0.4] = {
		0.892497,
		0.250157,
		0.375327,
		0,
		0.252359,
		0.412748,
		-0.875188,
		0,
		-0.373849,
		0.87582,
		0.305247,
		0,
		0.369245,
		0.368779,
		-0.35971,
		1,
	},
	[0.5166666666666667] = {
		0.987307,
		-0.136075,
		-0.081908,
		0,
		-0.015787,
		0.429082,
		-0.903127,
		0,
		0.158038,
		0.892957,
		0.421488,
		0,
		0.255011,
		0.066065,
		-0.370262,
		1,
	},
	[0.5333333333333333] = {
		0.987307,
		-0.136075,
		-0.081908,
		0,
		-0.015787,
		0.429082,
		-0.903127,
		0,
		0.158038,
		0.892957,
		0.421488,
		0,
		0.255011,
		0.066065,
		-0.370262,
		1,
	},
	[0.55] = {
		0.987307,
		-0.136075,
		-0.081908,
		0,
		-0.015787,
		0.429082,
		-0.903127,
		0,
		0.158038,
		0.892957,
		0.421488,
		0,
		0.255011,
		0.066065,
		-0.370262,
		1,
	},
	[0.5666666666666667] = {
		0.987307,
		-0.136075,
		-0.081908,
		0,
		-0.015787,
		0.429082,
		-0.903127,
		0,
		0.158038,
		0.892957,
		0.421488,
		0,
		0.255011,
		0.066065,
		-0.370262,
		1,
	},
	[0.5833333333333334] = {
		0.987307,
		-0.136075,
		-0.081908,
		0,
		-0.015787,
		0.429082,
		-0.903127,
		0,
		0.158038,
		0.892957,
		0.421488,
		0,
		0.255011,
		0.066065,
		-0.370262,
		1,
	},
	[0.5] = {
		0.990373,
		-0.117702,
		-0.072857,
		0,
		-0.015977,
		0.425609,
		-0.904766,
		0,
		0.137502,
		0.89722,
		0.419631,
		0,
		0.257516,
		0.068016,
		-0.372384,
		1,
	},
	[0.6166666666666667] = {
		0.987307,
		-0.136075,
		-0.081908,
		0,
		-0.015787,
		0.429082,
		-0.903127,
		0,
		0.158038,
		0.892957,
		0.421488,
		0,
		0.255011,
		0.066065,
		-0.370262,
		1,
	},
	[0.6333333333333333] = {
		0.987307,
		-0.136075,
		-0.081908,
		0,
		-0.015787,
		0.429082,
		-0.903127,
		0,
		0.158038,
		0.892957,
		0.421488,
		0,
		0.255011,
		0.066065,
		-0.370262,
		1,
	},
	[0.65] = {
		0.987307,
		-0.136075,
		-0.081908,
		0,
		-0.015787,
		0.429082,
		-0.903127,
		0,
		0.158038,
		0.892957,
		0.421488,
		0,
		0.255011,
		0.066065,
		-0.370262,
		1,
	},
	[0.6666666666666666] = {
		0.987307,
		-0.136075,
		-0.081908,
		0,
		-0.015787,
		0.429082,
		-0.903127,
		0,
		0.158038,
		0.892957,
		0.421488,
		0,
		0.255011,
		0.066065,
		-0.370262,
		1,
	},
	[0.6833333333333333] = {
		0.987307,
		-0.136075,
		-0.081908,
		0,
		-0.015787,
		0.429082,
		-0.903127,
		0,
		0.158038,
		0.892957,
		0.421488,
		0,
		0.255011,
		0.066065,
		-0.370262,
		1,
	},
	[0.6] = {
		0.987307,
		-0.136075,
		-0.081908,
		0,
		-0.015787,
		0.429082,
		-0.903127,
		0,
		0.158038,
		0.892957,
		0.421488,
		0,
		0.255011,
		0.066065,
		-0.370262,
		1,
	},
	[0.7166666666666667] = {
		0.987307,
		-0.136075,
		-0.081908,
		0,
		-0.015787,
		0.429082,
		-0.903127,
		0,
		0.158038,
		0.892957,
		0.421488,
		0,
		0.255011,
		0.066065,
		-0.370262,
		1,
	},
	[0.7333333333333333] = {
		0.987307,
		-0.136075,
		-0.081908,
		0,
		-0.015787,
		0.429082,
		-0.903127,
		0,
		0.158038,
		0.892957,
		0.421488,
		0,
		0.255011,
		0.066065,
		-0.370262,
		1,
	},
	[0.75] = {
		0.987307,
		-0.136075,
		-0.081908,
		0,
		-0.015787,
		0.429082,
		-0.903127,
		0,
		0.158038,
		0.892957,
		0.421488,
		0,
		0.255011,
		0.066065,
		-0.370262,
		1,
	},
	[0.7666666666666667] = {
		0.987307,
		-0.136075,
		-0.081908,
		0,
		-0.015787,
		0.429082,
		-0.903127,
		0,
		0.158038,
		0.892957,
		0.421488,
		0,
		0.255011,
		0.066065,
		-0.370262,
		1,
	},
	[0.7833333333333333] = {
		0.987307,
		-0.136075,
		-0.081908,
		0,
		-0.015787,
		0.429082,
		-0.903127,
		0,
		0.158038,
		0.892957,
		0.421488,
		0,
		0.255011,
		0.066065,
		-0.370262,
		1,
	},
	[0.7] = {
		0.987307,
		-0.136075,
		-0.081908,
		0,
		-0.015787,
		0.429082,
		-0.903127,
		0,
		0.158038,
		0.892957,
		0.421488,
		0,
		0.255011,
		0.066065,
		-0.370262,
		1,
	},
	[0.8166666666666667] = {
		0.987307,
		-0.136075,
		-0.081908,
		0,
		-0.015787,
		0.429082,
		-0.903127,
		0,
		0.158038,
		0.892957,
		0.421488,
		0,
		0.255011,
		0.066065,
		-0.370262,
		1,
	},
	[0.8333333333333334] = {
		0.987307,
		-0.136075,
		-0.081908,
		0,
		-0.015787,
		0.429082,
		-0.903127,
		0,
		0.158038,
		0.892957,
		0.421488,
		0,
		0.255011,
		0.066065,
		-0.370262,
		1,
	},
	[0.85] = {
		0.987307,
		-0.136075,
		-0.081908,
		0,
		-0.015787,
		0.429082,
		-0.903127,
		0,
		0.158038,
		0.892957,
		0.421488,
		0,
		0.255011,
		0.066065,
		-0.370262,
		1,
	},
	[0.8666666666666667] = {
		0.987307,
		-0.136075,
		-0.081908,
		0,
		-0.015787,
		0.429082,
		-0.903127,
		0,
		0.158038,
		0.892957,
		0.421488,
		0,
		0.255011,
		0.066065,
		-0.370262,
		1,
	},
	[0.8833333333333333] = {
		0.987307,
		-0.136075,
		-0.081908,
		0,
		-0.015787,
		0.429082,
		-0.903127,
		0,
		0.158038,
		0.892957,
		0.421488,
		0,
		0.255011,
		0.066065,
		-0.370262,
		1,
	},
	[0.8] = {
		0.987307,
		-0.136075,
		-0.081908,
		0,
		-0.015787,
		0.429082,
		-0.903127,
		0,
		0.158038,
		0.892957,
		0.421488,
		0,
		0.255011,
		0.066065,
		-0.370262,
		1,
	},
	[0.9166666666666666] = {
		0.987307,
		-0.136075,
		-0.081908,
		0,
		-0.015787,
		0.429082,
		-0.903127,
		0,
		0.158038,
		0.892957,
		0.421488,
		0,
		0.255011,
		0.066065,
		-0.370262,
		1,
	},
	[0.9333333333333333] = {
		0.987307,
		-0.136075,
		-0.081908,
		0,
		-0.015787,
		0.429082,
		-0.903127,
		0,
		0.158038,
		0.892957,
		0.421488,
		0,
		0.255011,
		0.066065,
		-0.370262,
		1,
	},
	[0.95] = {
		0.987307,
		-0.136075,
		-0.081908,
		0,
		-0.015787,
		0.429082,
		-0.903127,
		0,
		0.158038,
		0.892957,
		0.421488,
		0,
		0.255011,
		0.066065,
		-0.370262,
		1,
	},
	[0.9666666666666667] = {
		0.987307,
		-0.136075,
		-0.081908,
		0,
		-0.015787,
		0.429082,
		-0.903127,
		0,
		0.158038,
		0.892957,
		0.421488,
		0,
		0.255011,
		0.066065,
		-0.370262,
		1,
	},
	[0.9833333333333333] = {
		0.987307,
		-0.136075,
		-0.081908,
		0,
		-0.015787,
		0.429082,
		-0.903127,
		0,
		0.158038,
		0.892957,
		0.421488,
		0,
		0.255011,
		0.066065,
		-0.370262,
		1,
	},
	[0.9] = {
		0.987307,
		-0.136075,
		-0.081908,
		0,
		-0.015787,
		0.429082,
		-0.903127,
		0,
		0.158038,
		0.892957,
		0.421488,
		0,
		0.255011,
		0.066065,
		-0.370262,
		1,
	},
	[1.0166666666666666] = {
		0.987307,
		-0.136075,
		-0.081908,
		0,
		-0.015787,
		0.429082,
		-0.903127,
		0,
		0.158038,
		0.892957,
		0.421488,
		0,
		0.255011,
		0.066065,
		-0.370262,
		1,
	},
	[1.0333333333333334] = {
		0.987307,
		-0.136075,
		-0.081908,
		0,
		-0.015787,
		0.429082,
		-0.903127,
		0,
		0.158038,
		0.892957,
		0.421488,
		0,
		0.255011,
		0.066065,
		-0.370262,
		1,
	},
	[1.05] = {
		0.987307,
		-0.136075,
		-0.081908,
		0,
		-0.015787,
		0.429082,
		-0.903127,
		0,
		0.158038,
		0.892957,
		0.421488,
		0,
		0.255011,
		0.066065,
		-0.370262,
		1,
	},
	[1.0666666666666667] = {
		0.987307,
		-0.136075,
		-0.081908,
		0,
		-0.015787,
		0.429082,
		-0.903127,
		0,
		0.158038,
		0.892957,
		0.421488,
		0,
		0.255011,
		0.066065,
		-0.370262,
		1,
	},
	[1.0833333333333333] = {
		0.987307,
		-0.136075,
		-0.081908,
		0,
		-0.015787,
		0.429082,
		-0.903127,
		0,
		0.158038,
		0.892957,
		0.421488,
		0,
		0.255011,
		0.066065,
		-0.370262,
		1,
	},
	{
		0.987307,
		-0.136075,
		-0.081908,
		0,
		-0.015787,
		0.429082,
		-0.903127,
		0,
		0.158038,
		0.892957,
		0.421488,
		0,
		0.255011,
		0.066065,
		-0.370262,
		1,
	},
	[1.1166666666666667] = {
		0.987307,
		-0.136075,
		-0.081908,
		0,
		-0.015787,
		0.429082,
		-0.903127,
		0,
		0.158038,
		0.892957,
		0.421488,
		0,
		0.255011,
		0.066065,
		-0.370262,
		1,
	},
	[1.1333333333333333] = {
		0.987307,
		-0.136075,
		-0.081908,
		0,
		-0.015787,
		0.429082,
		-0.903127,
		0,
		0.158038,
		0.892957,
		0.421488,
		0,
		0.255011,
		0.066065,
		-0.370262,
		1,
	},
	[1.15] = {
		0.987307,
		-0.136075,
		-0.081908,
		0,
		-0.015787,
		0.429082,
		-0.903127,
		0,
		0.158038,
		0.892957,
		0.421488,
		0,
		0.255011,
		0.066065,
		-0.370262,
		1,
	},
	[1.1666666666666667] = {
		0.987307,
		-0.136075,
		-0.081908,
		0,
		-0.015787,
		0.429082,
		-0.903127,
		0,
		0.158038,
		0.892957,
		0.421488,
		0,
		0.255011,
		0.066065,
		-0.370262,
		1,
	},
	[1.1833333333333333] = {
		0.987307,
		-0.136075,
		-0.081908,
		0,
		-0.015787,
		0.429082,
		-0.903127,
		0,
		0.158038,
		0.892957,
		0.421488,
		0,
		0.255011,
		0.066065,
		-0.370262,
		1,
	},
	[1.1] = {
		0.987307,
		-0.136075,
		-0.081908,
		0,
		-0.015787,
		0.429082,
		-0.903127,
		0,
		0.158038,
		0.892957,
		0.421488,
		0,
		0.255011,
		0.066065,
		-0.370262,
		1,
	},
	[1.2166666666666666] = {
		0.987307,
		-0.136075,
		-0.081908,
		0,
		-0.015787,
		0.429082,
		-0.903127,
		0,
		0.158038,
		0.892957,
		0.421488,
		0,
		0.255011,
		0.066065,
		-0.370262,
		1,
	},
	[1.2333333333333334] = {
		0.987307,
		-0.136075,
		-0.081908,
		0,
		-0.015787,
		0.429082,
		-0.903127,
		0,
		0.158038,
		0.892957,
		0.421488,
		0,
		0.255011,
		0.066065,
		-0.370262,
		1,
	},
	[1.25] = {
		0.987307,
		-0.136075,
		-0.081908,
		0,
		-0.015787,
		0.429082,
		-0.903127,
		0,
		0.158038,
		0.892957,
		0.421488,
		0,
		0.255011,
		0.066065,
		-0.370262,
		1,
	},
	[1.2666666666666666] = {
		0.987307,
		-0.136075,
		-0.081908,
		0,
		-0.015787,
		0.429082,
		-0.903127,
		0,
		0.158038,
		0.892957,
		0.421488,
		0,
		0.255011,
		0.066065,
		-0.370262,
		1,
	},
	[1.2833333333333334] = {
		0.987307,
		-0.136075,
		-0.081908,
		0,
		-0.015787,
		0.429082,
		-0.903127,
		0,
		0.158038,
		0.892957,
		0.421488,
		0,
		0.255011,
		0.066065,
		-0.370262,
		1,
	},
	[1.2] = {
		0.987307,
		-0.136075,
		-0.081908,
		0,
		-0.015787,
		0.429082,
		-0.903127,
		0,
		0.158038,
		0.892957,
		0.421488,
		0,
		0.255011,
		0.066065,
		-0.370262,
		1,
	},
	[1.3166666666666667] = {
		0.987307,
		-0.136075,
		-0.081908,
		0,
		-0.015787,
		0.429082,
		-0.903127,
		0,
		0.158038,
		0.892957,
		0.421488,
		0,
		0.255011,
		0.066065,
		-0.370262,
		1,
	},
	[1.3333333333333333] = {
		0.987307,
		-0.136075,
		-0.081908,
		0,
		-0.015787,
		0.429082,
		-0.903127,
		0,
		0.158038,
		0.892957,
		0.421488,
		0,
		0.255011,
		0.066065,
		-0.370262,
		1,
	},
	[1.35] = {
		0.987307,
		-0.136075,
		-0.081908,
		0,
		-0.015787,
		0.429082,
		-0.903127,
		0,
		0.158038,
		0.892957,
		0.421488,
		0,
		0.255011,
		0.066065,
		-0.370262,
		1,
	},
	[1.3666666666666667] = {
		0.987307,
		-0.136075,
		-0.081908,
		0,
		-0.015787,
		0.429082,
		-0.903127,
		0,
		0.158038,
		0.892957,
		0.421488,
		0,
		0.255011,
		0.066065,
		-0.370262,
		1,
	},
	[1.3833333333333333] = {
		0.987307,
		-0.136075,
		-0.081908,
		0,
		-0.015787,
		0.429082,
		-0.903127,
		0,
		0.158038,
		0.892957,
		0.421488,
		0,
		0.255011,
		0.066065,
		-0.370262,
		1,
	},
	[1.3] = {
		0.987307,
		-0.136075,
		-0.081908,
		0,
		-0.015787,
		0.429082,
		-0.903127,
		0,
		0.158038,
		0.892957,
		0.421488,
		0,
		0.255011,
		0.066065,
		-0.370262,
		1,
	},
	[1.4166666666666667] = {
		0.987307,
		-0.136075,
		-0.081908,
		0,
		-0.015787,
		0.429082,
		-0.903127,
		0,
		0.158038,
		0.892957,
		0.421488,
		0,
		0.255011,
		0.066065,
		-0.370262,
		1,
	},
	[1.4333333333333333] = {
		0.987307,
		-0.136075,
		-0.081908,
		0,
		-0.015787,
		0.429082,
		-0.903127,
		0,
		0.158038,
		0.892957,
		0.421488,
		0,
		0.255011,
		0.066065,
		-0.370262,
		1,
	},
	[1.45] = {
		0.987307,
		-0.136075,
		-0.081908,
		0,
		-0.015787,
		0.429082,
		-0.903127,
		0,
		0.158038,
		0.892957,
		0.421488,
		0,
		0.255011,
		0.066065,
		-0.370262,
		1,
	},
	[1.4666666666666666] = {
		0.987307,
		-0.136075,
		-0.081908,
		0,
		-0.015787,
		0.429082,
		-0.903127,
		0,
		0.158038,
		0.892957,
		0.421488,
		0,
		0.255011,
		0.066065,
		-0.370262,
		1,
	},
	[1.4833333333333334] = {
		0.987307,
		-0.136075,
		-0.081908,
		0,
		-0.015787,
		0.429082,
		-0.903127,
		0,
		0.158038,
		0.892957,
		0.421488,
		0,
		0.255011,
		0.066065,
		-0.370262,
		1,
	},
	[1.4] = {
		0.987307,
		-0.136075,
		-0.081908,
		0,
		-0.015787,
		0.429082,
		-0.903127,
		0,
		0.158038,
		0.892957,
		0.421488,
		0,
		0.255011,
		0.066065,
		-0.370262,
		1,
	},
	[1.5166666666666666] = {
		0.987307,
		-0.136075,
		-0.081908,
		0,
		-0.015787,
		0.429082,
		-0.903127,
		0,
		0.158038,
		0.892957,
		0.421488,
		0,
		0.255011,
		0.066065,
		-0.370262,
		1,
	},
	[1.5333333333333334] = {
		0.987307,
		-0.136075,
		-0.081908,
		0,
		-0.015787,
		0.429082,
		-0.903127,
		0,
		0.158038,
		0.892957,
		0.421488,
		0,
		0.255011,
		0.066065,
		-0.370262,
		1,
	},
	[1.55] = {
		0.987307,
		-0.136075,
		-0.081908,
		0,
		-0.015787,
		0.429082,
		-0.903127,
		0,
		0.158038,
		0.892957,
		0.421488,
		0,
		0.255011,
		0.066065,
		-0.370262,
		1,
	},
	[1.5666666666666667] = {
		0.987307,
		-0.136075,
		-0.081908,
		0,
		-0.015787,
		0.429082,
		-0.903127,
		0,
		0.158038,
		0.892957,
		0.421488,
		0,
		0.255011,
		0.066065,
		-0.370262,
		1,
	},
	[1.5833333333333333] = {
		0.987307,
		-0.136075,
		-0.081908,
		0,
		-0.015787,
		0.429082,
		-0.903127,
		0,
		0.158038,
		0.892957,
		0.421488,
		0,
		0.255011,
		0.066065,
		-0.370262,
		1,
	},
	[1.5] = {
		0.987307,
		-0.136075,
		-0.081908,
		0,
		-0.015787,
		0.429082,
		-0.903127,
		0,
		0.158038,
		0.892957,
		0.421488,
		0,
		0.255011,
		0.066065,
		-0.370262,
		1,
	},
	[1.6166666666666667] = {
		0.987307,
		-0.136075,
		-0.081908,
		0,
		-0.015787,
		0.429082,
		-0.903127,
		0,
		0.158038,
		0.892957,
		0.421488,
		0,
		0.255011,
		0.066065,
		-0.370262,
		1,
	},
	[1.6333333333333333] = {
		0.987307,
		-0.136075,
		-0.081908,
		0,
		-0.015787,
		0.429082,
		-0.903127,
		0,
		0.158038,
		0.892957,
		0.421488,
		0,
		0.255011,
		0.066065,
		-0.370262,
		1,
	},
	[1.65] = {
		0.987307,
		-0.136075,
		-0.081908,
		0,
		-0.015787,
		0.429082,
		-0.903127,
		0,
		0.158038,
		0.892957,
		0.421488,
		0,
		0.255011,
		0.066065,
		-0.370262,
		1,
	},
	[1.6666666666666667] = {
		0.987307,
		-0.136075,
		-0.081908,
		0,
		-0.015787,
		0.429082,
		-0.903127,
		0,
		0.158038,
		0.892957,
		0.421488,
		0,
		0.255011,
		0.066065,
		-0.370262,
		1,
	},
	[1.6833333333333333] = {
		0.987307,
		-0.136075,
		-0.081908,
		0,
		-0.015787,
		0.429082,
		-0.903127,
		0,
		0.158038,
		0.892957,
		0.421488,
		0,
		0.255011,
		0.066065,
		-0.370262,
		1,
	},
	[1.6] = {
		0.987307,
		-0.136075,
		-0.081908,
		0,
		-0.015787,
		0.429082,
		-0.903127,
		0,
		0.158038,
		0.892957,
		0.421488,
		0,
		0.255011,
		0.066065,
		-0.370262,
		1,
	},
	[1.7166666666666666] = {
		0.987307,
		-0.136075,
		-0.081908,
		0,
		-0.015787,
		0.429082,
		-0.903127,
		0,
		0.158038,
		0.892957,
		0.421488,
		0,
		0.255011,
		0.066065,
		-0.370262,
		1,
	},
	[1.7333333333333334] = {
		0.987307,
		-0.136075,
		-0.081908,
		0,
		-0.015787,
		0.429082,
		-0.903127,
		0,
		0.158038,
		0.892957,
		0.421488,
		0,
		0.255011,
		0.066065,
		-0.370262,
		1,
	},
	[1.75] = {
		0.987307,
		-0.136075,
		-0.081908,
		0,
		-0.015787,
		0.429082,
		-0.903127,
		0,
		0.158038,
		0.892957,
		0.421488,
		0,
		0.255011,
		0.066065,
		-0.370262,
		1,
	},
	[1.7666666666666666] = {
		0.987307,
		-0.136075,
		-0.081908,
		0,
		-0.015787,
		0.429082,
		-0.903127,
		0,
		0.158038,
		0.892957,
		0.421488,
		0,
		0.255011,
		0.066065,
		-0.370262,
		1,
	},
	[1.7833333333333334] = {
		0.987307,
		-0.136075,
		-0.081908,
		0,
		-0.015787,
		0.429082,
		-0.903127,
		0,
		0.158038,
		0.892957,
		0.421488,
		0,
		0.255011,
		0.066065,
		-0.370262,
		1,
	},
	[1.7] = {
		0.987307,
		-0.136075,
		-0.081908,
		0,
		-0.015787,
		0.429082,
		-0.903127,
		0,
		0.158038,
		0.892957,
		0.421488,
		0,
		0.255011,
		0.066065,
		-0.370262,
		1,
	},
	[1.8166666666666667] = {
		0.987307,
		-0.136075,
		-0.081908,
		0,
		-0.015787,
		0.429082,
		-0.903127,
		0,
		0.158038,
		0.892957,
		0.421488,
		0,
		0.255011,
		0.066065,
		-0.370262,
		1,
	},
	[1.8333333333333333] = {
		0.987307,
		-0.136075,
		-0.081908,
		0,
		-0.015787,
		0.429082,
		-0.903127,
		0,
		0.158038,
		0.892957,
		0.421488,
		0,
		0.255011,
		0.066065,
		-0.370262,
		1,
	},
	[1.85] = {
		0.987307,
		-0.136075,
		-0.081908,
		0,
		-0.015787,
		0.429082,
		-0.903127,
		0,
		0.158038,
		0.892957,
		0.421488,
		0,
		0.255011,
		0.066065,
		-0.370262,
		1,
	},
	[1.8666666666666667] = {
		0.987307,
		-0.136075,
		-0.081908,
		0,
		-0.015787,
		0.429082,
		-0.903127,
		0,
		0.158038,
		0.892957,
		0.421488,
		0,
		0.255011,
		0.066065,
		-0.370262,
		1,
	},
	[1.8833333333333333] = {
		0.987307,
		-0.136075,
		-0.081908,
		0,
		-0.015787,
		0.429082,
		-0.903127,
		0,
		0.158038,
		0.892957,
		0.421488,
		0,
		0.255011,
		0.066065,
		-0.370262,
		1,
	},
	[1.8] = {
		0.987307,
		-0.136075,
		-0.081908,
		0,
		-0.015787,
		0.429082,
		-0.903127,
		0,
		0.158038,
		0.892957,
		0.421488,
		0,
		0.255011,
		0.066065,
		-0.370262,
		1,
	},
	[1.9166666666666667] = {
		0.987307,
		-0.136075,
		-0.081908,
		0,
		-0.015787,
		0.429082,
		-0.903127,
		0,
		0.158038,
		0.892957,
		0.421488,
		0,
		0.255011,
		0.066065,
		-0.370262,
		1,
	},
	[1.9333333333333333] = {
		0.987307,
		-0.136075,
		-0.081908,
		0,
		-0.015787,
		0.429082,
		-0.903127,
		0,
		0.158038,
		0.892957,
		0.421488,
		0,
		0.255011,
		0.066065,
		-0.370262,
		1,
	},
	[1.95] = {
		0.987307,
		-0.136075,
		-0.081908,
		0,
		-0.015787,
		0.429082,
		-0.903127,
		0,
		0.158038,
		0.892957,
		0.421488,
		0,
		0.255011,
		0.066065,
		-0.370262,
		1,
	},
	[1.9666666666666666] = {
		0.987307,
		-0.136075,
		-0.081908,
		0,
		-0.015787,
		0.429082,
		-0.903127,
		0,
		0.158038,
		0.892957,
		0.421488,
		0,
		0.255011,
		0.066065,
		-0.370262,
		1,
	},
	[1.9833333333333334] = {
		0.987307,
		-0.136075,
		-0.081908,
		0,
		-0.015787,
		0.429082,
		-0.903127,
		0,
		0.158038,
		0.892957,
		0.421488,
		0,
		0.255011,
		0.066065,
		-0.370262,
		1,
	},
	[1.9] = {
		0.987307,
		-0.136075,
		-0.081908,
		0,
		-0.015787,
		0.429082,
		-0.903127,
		0,
		0.158038,
		0.892957,
		0.421488,
		0,
		0.255011,
		0.066065,
		-0.370262,
		1,
	},
}

return spline_matrices
