-- chunkname: @content/characters/player/human/first_person/animations/dual_shivs/heavy_attack_double_stab_forward_01_offhand_sweep.lua

local spline_matrices = {
	[0.016666666666666666] = {
		0.988652,
		-0.133194,
		-0.069467,
		0,
		0.026689,
		0.610811,
		-0.791326,
		0,
		0.147831,
		0.780493,
		0.607435,
		0,
		-0.300566,
		0.317142,
		-0.488189,
		1,
	},
	[0.03333333333333333] = {
		0.988636,
		-0.133192,
		-0.069699,
		0,
		0.026571,
		0.611182,
		-0.791044,
		0,
		0.147959,
		0.780203,
		0.607776,
		0,
		-0.300598,
		0.317274,
		-0.488068,
		1,
	},
	[0.05] = {
		0.977965,
		-0.168244,
		-0.123605,
		0,
		-0.000126,
		0.591594,
		-0.806236,
		0,
		0.208768,
		0.788487,
		0.578537,
		0,
		-0.324719,
		0.273691,
		-0.498424,
		1,
	},
	[0.06666666666666667] = {
		0.954426,
		-0.240879,
		-0.176206,
		0,
		-0.018454,
		0.541647,
		-0.840403,
		0,
		0.297877,
		0.805354,
		0.512517,
		0,
		-0.343852,
		0.160094,
		-0.511172,
		1,
	},
	[0.08333333333333333] = {
		0.95487,
		-0.26199,
		-0.139944,
		0,
		0.018784,
		0.523478,
		-0.851832,
		0,
		0.296429,
		0.810761,
		0.504774,
		0,
		-0.303603,
		0.045568,
		-0.493079,
		1,
	},
	[0] = {
		0.988657,
		-0.133172,
		-0.069442,
		0,
		0.026677,
		0.610721,
		-0.791397,
		0,
		0.147802,
		0.780568,
		0.607346,
		0,
		-0.300581,
		0.317096,
		-0.488222,
		1,
	},
	[0.11666666666666667] = {
		0.985279,
		-0.16425,
		-0.047407,
		0,
		0.072446,
		0.652337,
		-0.754459,
		0,
		0.154845,
		0.739918,
		0.654633,
		0,
		-0.218623,
		-0.000664,
		-0.401365,
		1,
	},
	[0.13333333333333333] = {
		0.982444,
		-0.18371,
		-0.032461,
		0,
		0.107826,
		0.701165,
		-0.704799,
		0,
		0.152239,
		0.688926,
		0.708664,
		0,
		-0.207903,
		0.005912,
		-0.376109,
		1,
	},
	[0.15] = {
		0.98817,
		-0.152207,
		-0.018804,
		0,
		0.100423,
		0.734844,
		-0.670761,
		0,
		0.115913,
		0.660937,
		0.741436,
		0,
		-0.202224,
		0.000487,
		-0.358468,
		1,
	},
	[0.16666666666666666] = {
		0.995821,
		-0.091249,
		-0.003758,
		0,
		0.066213,
		0.749715,
		-0.65844,
		0,
		0.062899,
		0.65544,
		0.752624,
		0,
		-0.197334,
		-0.013271,
		-0.34801,
		1,
	},
	[0.18333333333333332] = {
		0.999781,
		-0.018606,
		0.009536,
		0,
		0.020235,
		0.746344,
		-0.665253,
		0,
		0.005261,
		0.6653,
		0.746557,
		0,
		-0.190673,
		-0.031065,
		-0.343369,
		1,
	},
	[0.1] = {
		0.977217,
		-0.196133,
		-0.081113,
		0,
		0.049232,
		0.581211,
		-0.812262,
		0,
		0.206455,
		0.789763,
		0.577625,
		0,
		-0.245654,
		-0.001981,
		-0.444115,
		1,
	},
	[0.21666666666666667] = {
		0.993918,
		0.107315,
		0.024689,
		0,
		-0.059599,
		0.712766,
		-0.698865,
		0,
		-0.092596,
		0.693144,
		0.714827,
		0,
		-0.174948,
		-0.06099,
		-0.343233,
		1,
	},
	[0.23333333333333334] = {
		0.989777,
		0.138453,
		0.034237,
		0,
		-0.074119,
		0.70442,
		-0.705903,
		0,
		-0.121852,
		0.696149,
		0.70748,
		0,
		-0.172041,
		-0.065556,
		-0.343493,
		1,
	},
	[0.25] = {
		0.98693,
		0.153845,
		0.047967,
		0,
		-0.075438,
		0.70409,
		-0.706092,
		0,
		-0.142402,
		0.693245,
		0.706493,
		0,
		-0.172546,
		-0.065059,
		-0.343017,
		1,
	},
	[0.26666666666666666] = {
		0.98367,
		0.169081,
		0.061678,
		0,
		-0.076697,
		0.703822,
		-0.706223,
		0,
		-0.16282,
		0.689961,
		0.705297,
		0,
		-0.173061,
		-0.064569,
		-0.342543,
		1,
	},
	[0.2833333333333333] = {
		0.980128,
		0.183671,
		0.074927,
		0,
		-0.077861,
		0.703623,
		-0.706295,
		0,
		-0.182446,
		0.686426,
		0.703941,
		0,
		-0.173568,
		-0.064103,
		-0.342084,
		1,
	},
	[0.2] = {
		0.998504,
		0.051483,
		0.018438,
		0,
		-0.02507,
		0.730609,
		-0.682336,
		0,
		-0.0486,
		0.680852,
		0.730806,
		0,
		-0.18237,
		-0.048349,
		-0.342527,
		1,
	},
	[0.31666666666666665] = {
		0.894407,
		-0.381093,
		-0.234103,
		0,
		0.073637,
		0.641755,
		-0.763367,
		0,
		0.44115,
		0.665522,
		0.602053,
		0,
		-0.238723,
		-0.015013,
		-0.391222,
		1,
	},
	[0.3333333333333333] = {
		0.613575,
		-0.609834,
		-0.501626,
		0,
		-0.071829,
		0.589523,
		-0.804552,
		0,
		0.786363,
		0.529684,
		0.317912,
		0,
		-0.344638,
		0.137106,
		-0.408028,
		1,
	},
	[0.35] = {
		0.50341,
		-0.471234,
		-0.724235,
		0,
		-0.295302,
		0.693886,
		-0.656749,
		0,
		0.812019,
		0.544482,
		0.210152,
		0,
		-0.362412,
		0.399496,
		-0.31986,
		1,
	},
	[0.36666666666666664] = {
		0.705045,
		-0.214331,
		-0.675998,
		0,
		-0.338429,
		0.735996,
		-0.586324,
		0,
		0.623199,
		0.642162,
		0.446374,
		0,
		-0.251011,
		0.587918,
		-0.193484,
		1,
	},
	[0.38333333333333336] = {
		0.910872,
		-0.121541,
		-0.394385,
		0,
		-0.219497,
		0.666587,
		-0.712379,
		0,
		0.349475,
		0.735452,
		0.580498,
		0,
		-0.126604,
		0.654878,
		-0.138599,
		1,
	},
	[0.3] = {
		0.999886,
		0.012737,
		-0.008148,
		0,
		-0.01477,
		0.70742,
		-0.706639,
		0,
		-0.003236,
		0.706678,
		0.707527,
		0,
		-0.184104,
		-0.05502,
		-0.352787,
		1,
	},
	[0.4166666666666667] = {
		0.956518,
		-0.15783,
		-0.245281,
		0,
		-0.103634,
		0.602168,
		-0.791615,
		0,
		0.272641,
		0.782613,
		0.559628,
		0,
		-0.086927,
		0.662435,
		-0.133832,
		1,
	},
	[0.43333333333333335] = {
		0.944287,
		-0.207671,
		-0.255331,
		0,
		-0.079965,
		0.607782,
		-0.790068,
		0,
		0.31926,
		0.766468,
		0.557314,
		0,
		-0.102126,
		0.658154,
		-0.134945,
		1,
	},
	[0.45] = {
		0.934205,
		-0.23255,
		-0.270521,
		0,
		-0.077501,
		0.607905,
		-0.790218,
		0,
		0.348216,
		0.759191,
		0.549885,
		0,
		-0.101893,
		0.657138,
		-0.135626,
		1,
	},
	[0.4666666666666667] = {
		0.930055,
		-0.24216,
		-0.276325,
		0,
		-0.076492,
		0.607976,
		-0.790262,
		0,
		0.359369,
		0.756124,
		0.546928,
		0,
		-0.101809,
		0.656742,
		-0.135888,
		1,
	},
	[0.48333333333333334] = {
		0.931324,
		-0.244644,
		-0.269785,
		0,
		-0.068199,
		0.610522,
		-0.789058,
		0,
		0.357748,
		0.753268,
		0.551909,
		0,
		-0.098793,
		0.656319,
		-0.13661,
		1,
	},
	[0.4] = {
		0.962271,
		-0.117826,
		-0.245257,
		0,
		-0.128306,
		0.598373,
		-0.790878,
		0,
		0.239941,
		0.792507,
		0.560679,
		0,
		-0.071428,
		0.664403,
		-0.133525,
		1,
	},
	[0.5166666666666667] = {
		0.938852,
		-0.254579,
		-0.231833,
		0,
		-0.020434,
		0.630923,
		-0.775576,
		0,
		0.343715,
		0.732888,
		0.587141,
		0,
		-0.082327,
		0.652904,
		-0.140539,
		1,
	},
	[0.5333333333333333] = {
		0.943732,
		-0.2555,
		-0.209976,
		0,
		0.006469,
		0.649064,
		-0.760707,
		0,
		0.330648,
		0.716545,
		0.614195,
		0,
		-0.0739,
		0.649944,
		-0.142561,
		1,
	},
	[0.55] = {
		0.94905,
		-0.249353,
		-0.192685,
		0,
		0.026743,
		0.672977,
		-0.739179,
		0,
		0.31399,
		0.696365,
		0.645357,
		0,
		-0.068666,
		0.646354,
		-0.144095,
		1,
	},
	[0.5666666666666667] = {
		0.954789,
		-0.232787,
		-0.1849,
		0,
		0.033773,
		0.702872,
		-0.710514,
		0,
		0.29536,
		0.672147,
		0.678956,
		0,
		-0.069074,
		0.64239,
		-0.145023,
		1,
	},
	[0.5833333333333334] = {
		0.960393,
		-0.202372,
		-0.191551,
		0,
		0.021056,
		0.738163,
		-0.674294,
		0,
		0.277854,
		0.643554,
		0.713187,
		0,
		-0.077499,
		0.638216,
		-0.145413,
		1,
	},
	[0.5] = {
		0.93454,
		-0.249876,
		-0.25337,
		0,
		-0.047442,
		0.618157,
		-0.784621,
		0,
		0.352681,
		0.745281,
		0.565838,
		0,
		-0.091458,
		0.655048,
		-0.138373,
		1,
	},
	[0.6166666666666667] = {
		0.959758,
		-0.086985,
		-0.267019,
		0,
		-0.086079,
		0.81393,
		-0.57455,
		0,
		0.267312,
		0.574413,
		0.773688,
		0,
		-0.127178,
		0.627917,
		-0.144892,
		1,
	},
	[0.6333333333333333] = {
		0.929304,
		-0.021396,
		-0.368694,
		0,
		-0.180863,
		0.844046,
		-0.504851,
		0,
		0.321997,
		0.535843,
		0.780506,
		0,
		-0.170636,
		0.616463,
		-0.150248,
		1,
	},
	[0.65] = {
		0.850979,
		0.009595,
		-0.525112,
		0,
		-0.275301,
		0.859612,
		-0.430437,
		0,
		0.447263,
		0.510857,
		0.734153,
		0,
		-0.221709,
		0.592931,
		-0.171931,
		1,
	},
	[0.6666666666666666] = {
		0.72558,
		-0.013711,
		-0.688001,
		0,
		-0.344453,
		0.858294,
		-0.380373,
		0,
		0.595722,
		0.512975,
		0.618038,
		0,
		-0.276027,
		0.550866,
		-0.21535,
		1,
	},
	[0.6833333333333333] = {
		0.586086,
		-0.102793,
		-0.803702,
		0,
		-0.381959,
		0.839737,
		-0.385939,
		0,
		0.71457,
		0.533175,
		0.452895,
		0,
		-0.328605,
		0.481494,
		-0.279389,
		1,
	},
	[0.6] = {
		0.963729,
		-0.154728,
		-0.217453,
		0,
		-0.017372,
		0.77669,
		-0.629643,
		0,
		0.266317,
		0.610583,
		0.745831,
		0,
		-0.096184,
		0.63366,
		-0.145384,
		1,
	},
	[0.7166666666666667] = {
		0.479188,
		-0.370032,
		-0.795899,
		0,
		-0.39477,
		0.719029,
		-0.571973,
		0,
		0.783923,
		0.58828,
		0.198473,
		0,
		-0.382304,
		0.252262,
		-0.413651,
		1,
	},
	[0.7333333333333333] = {
		0.559183,
		-0.44613,
		-0.698772,
		0,
		-0.375006,
		0.615595,
		-0.693119,
		0,
		0.739382,
		0.649623,
		0.176929,
		0,
		-0.360393,
		0.124601,
		-0.448905,
		1,
	},
	[0.75] = {
		0.69364,
		-0.437414,
		-0.572305,
		0,
		-0.33633,
		0.505918,
		-0.79431,
		0,
		0.636982,
		0.743449,
		0.203809,
		0,
		-0.312242,
		0.02317,
		-0.454724,
		1,
	},
	[0.7666666666666667] = {
		0.830913,
		-0.349134,
		-0.43323,
		0,
		-0.281372,
		0.408065,
		-0.868512,
		0,
		0.480013,
		0.843557,
		0.240831,
		0,
		-0.258333,
		-0.040266,
		-0.440071,
		1,
	},
	[0.7833333333333333] = {
		0.93075,
		-0.215686,
		-0.29527,
		0,
		-0.214298,
		0.332538,
		-0.91842,
		0,
		0.296279,
		0.918095,
		0.263288,
		0,
		-0.215312,
		-0.072,
		-0.417973,
		1,
	},
	[0.7] = {
		0.489248,
		-0.23809,
		-0.839017,
		0,
		-0.396574,
		0.796077,
		-0.457155,
		0,
		0.776766,
		0.556395,
		0.295059,
		0,
		-0.369017,
		0.3793,
		-0.351939,
		1,
	},
	[0.8166666666666667] = {
		0.995936,
		0.012524,
		-0.089193,
		0,
		-0.089369,
		0.260582,
		-0.961306,
		0,
		0.011203,
		0.96537,
		0.260643,
		0,
		-0.174233,
		-0.090268,
		-0.385614,
		1,
	},
	[0.8333333333333334] = {
		0.997226,
		0.047347,
		-0.057427,
		0,
		-0.067629,
		0.254228,
		-0.964777,
		0,
		-0.031079,
		0.965985,
		0.256725,
		0,
		-0.169956,
		-0.091536,
		-0.381234,
		1,
	},
	[0.85] = {
		0.997226,
		0.047347,
		-0.057427,
		0,
		-0.067629,
		0.254228,
		-0.964777,
		0,
		-0.031079,
		0.965985,
		0.256725,
		0,
		-0.169956,
		-0.091536,
		-0.381234,
		1,
	},
	[0.8666666666666667] = {
		0.997226,
		0.047347,
		-0.057427,
		0,
		-0.067629,
		0.254228,
		-0.964777,
		0,
		-0.031079,
		0.965985,
		0.256725,
		0,
		-0.169956,
		-0.091536,
		-0.381234,
		1,
	},
	[0.8833333333333333] = {
		0.997226,
		0.047347,
		-0.057427,
		0,
		-0.067629,
		0.254228,
		-0.964777,
		0,
		-0.031079,
		0.965985,
		0.256725,
		0,
		-0.169956,
		-0.091536,
		-0.381234,
		1,
	},
	[0.8] = {
		0.981197,
		-0.082631,
		-0.174426,
		0,
		-0.144568,
		0.284109,
		-0.94783,
		0,
		0.127876,
		0.955225,
		0.266821,
		0,
		-0.188175,
		-0.085312,
		-0.398291,
		1,
	},
	[0.9166666666666666] = {
		0.997226,
		0.047347,
		-0.057427,
		0,
		-0.067629,
		0.254228,
		-0.964777,
		0,
		-0.031079,
		0.965985,
		0.256725,
		0,
		-0.169956,
		-0.091536,
		-0.381234,
		1,
	},
	[0.9333333333333333] = {
		0.997226,
		0.047347,
		-0.057427,
		0,
		-0.067629,
		0.254228,
		-0.964777,
		0,
		-0.031079,
		0.965985,
		0.256725,
		0,
		-0.169956,
		-0.091536,
		-0.381234,
		1,
	},
	[0.95] = {
		0.997226,
		0.047347,
		-0.057427,
		0,
		-0.067629,
		0.254228,
		-0.964777,
		0,
		-0.031079,
		0.965985,
		0.256725,
		0,
		-0.169956,
		-0.091536,
		-0.381234,
		1,
	},
	[0.9666666666666667] = {
		0.997226,
		0.047347,
		-0.057427,
		0,
		-0.067629,
		0.254228,
		-0.964777,
		0,
		-0.031079,
		0.965985,
		0.256725,
		0,
		-0.169956,
		-0.091536,
		-0.381234,
		1,
	},
	[0.9833333333333333] = {
		0.997226,
		0.047347,
		-0.057427,
		0,
		-0.067629,
		0.254228,
		-0.964777,
		0,
		-0.031079,
		0.965985,
		0.256725,
		0,
		-0.169956,
		-0.091536,
		-0.381234,
		1,
	},
	[0.9] = {
		0.997226,
		0.047347,
		-0.057427,
		0,
		-0.067629,
		0.254228,
		-0.964777,
		0,
		-0.031079,
		0.965985,
		0.256725,
		0,
		-0.169956,
		-0.091536,
		-0.381234,
		1,
	},
	[1.0166666666666666] = {
		0.997226,
		0.047347,
		-0.057427,
		0,
		-0.067629,
		0.254228,
		-0.964777,
		0,
		-0.031079,
		0.965985,
		0.256725,
		0,
		-0.169956,
		-0.091536,
		-0.381234,
		1,
	},
	[1.0333333333333334] = {
		0.997226,
		0.047347,
		-0.057427,
		0,
		-0.067629,
		0.254228,
		-0.964777,
		0,
		-0.031079,
		0.965985,
		0.256725,
		0,
		-0.169956,
		-0.091536,
		-0.381234,
		1,
	},
	[1.05] = {
		0.997226,
		0.047347,
		-0.057427,
		0,
		-0.067629,
		0.254228,
		-0.964777,
		0,
		-0.031079,
		0.965985,
		0.256725,
		0,
		-0.169956,
		-0.091536,
		-0.381234,
		1,
	},
	[1.0666666666666667] = {
		0.997226,
		0.047347,
		-0.057427,
		0,
		-0.067629,
		0.254228,
		-0.964777,
		0,
		-0.031079,
		0.965985,
		0.256725,
		0,
		-0.169956,
		-0.091536,
		-0.381234,
		1,
	},
	[1.0833333333333333] = {
		0.997226,
		0.047347,
		-0.057427,
		0,
		-0.067629,
		0.254228,
		-0.964777,
		0,
		-0.031079,
		0.965985,
		0.256725,
		0,
		-0.169956,
		-0.091536,
		-0.381234,
		1,
	},
	{
		0.997226,
		0.047347,
		-0.057427,
		0,
		-0.067629,
		0.254228,
		-0.964777,
		0,
		-0.031079,
		0.965985,
		0.256725,
		0,
		-0.169956,
		-0.091536,
		-0.381234,
		1,
	},
	[1.1166666666666667] = {
		0.997226,
		0.047347,
		-0.057427,
		0,
		-0.067629,
		0.254228,
		-0.964777,
		0,
		-0.031079,
		0.965985,
		0.256725,
		0,
		-0.169956,
		-0.091536,
		-0.381234,
		1,
	},
	[1.1333333333333333] = {
		0.997226,
		0.047347,
		-0.057427,
		0,
		-0.067629,
		0.254228,
		-0.964777,
		0,
		-0.031079,
		0.965985,
		0.256725,
		0,
		-0.169956,
		-0.091536,
		-0.381234,
		1,
	},
	[1.15] = {
		0.997226,
		0.047347,
		-0.057427,
		0,
		-0.067629,
		0.254228,
		-0.964777,
		0,
		-0.031079,
		0.965985,
		0.256725,
		0,
		-0.169956,
		-0.091536,
		-0.381234,
		1,
	},
	[1.1666666666666667] = {
		0.997226,
		0.047347,
		-0.057427,
		0,
		-0.067629,
		0.254228,
		-0.964777,
		0,
		-0.031079,
		0.965985,
		0.256725,
		0,
		-0.169956,
		-0.091536,
		-0.381234,
		1,
	},
	[1.1833333333333333] = {
		0.997226,
		0.047347,
		-0.057427,
		0,
		-0.067629,
		0.254228,
		-0.964777,
		0,
		-0.031079,
		0.965985,
		0.256725,
		0,
		-0.169956,
		-0.091536,
		-0.381234,
		1,
	},
	[1.1] = {
		0.997226,
		0.047347,
		-0.057427,
		0,
		-0.067629,
		0.254228,
		-0.964777,
		0,
		-0.031079,
		0.965985,
		0.256725,
		0,
		-0.169956,
		-0.091536,
		-0.381234,
		1,
	},
	[1.2166666666666666] = {
		0.997226,
		0.047347,
		-0.057427,
		0,
		-0.067629,
		0.254228,
		-0.964777,
		0,
		-0.031079,
		0.965985,
		0.256725,
		0,
		-0.169956,
		-0.091536,
		-0.381234,
		1,
	},
	[1.2333333333333334] = {
		0.997226,
		0.047347,
		-0.057427,
		0,
		-0.067629,
		0.254228,
		-0.964777,
		0,
		-0.031079,
		0.965985,
		0.256725,
		0,
		-0.169956,
		-0.091536,
		-0.381234,
		1,
	},
	[1.25] = {
		0.997226,
		0.047347,
		-0.057427,
		0,
		-0.067629,
		0.254228,
		-0.964777,
		0,
		-0.031079,
		0.965985,
		0.256725,
		0,
		-0.169956,
		-0.091536,
		-0.381234,
		1,
	},
	[1.2666666666666666] = {
		0.997226,
		0.047347,
		-0.057427,
		0,
		-0.067629,
		0.254228,
		-0.964777,
		0,
		-0.031079,
		0.965985,
		0.256725,
		0,
		-0.169956,
		-0.091536,
		-0.381234,
		1,
	},
	[1.2833333333333334] = {
		0.997226,
		0.047347,
		-0.057427,
		0,
		-0.067629,
		0.254228,
		-0.964777,
		0,
		-0.031079,
		0.965985,
		0.256725,
		0,
		-0.169956,
		-0.091536,
		-0.381234,
		1,
	},
	[1.2] = {
		0.997226,
		0.047347,
		-0.057427,
		0,
		-0.067629,
		0.254228,
		-0.964777,
		0,
		-0.031079,
		0.965985,
		0.256725,
		0,
		-0.169956,
		-0.091536,
		-0.381234,
		1,
	},
	[1.3166666666666667] = {
		0.997226,
		0.047347,
		-0.057427,
		0,
		-0.067629,
		0.254228,
		-0.964777,
		0,
		-0.031079,
		0.965985,
		0.256725,
		0,
		-0.169956,
		-0.091536,
		-0.381234,
		1,
	},
	[1.3333333333333333] = {
		0.997226,
		0.047347,
		-0.057427,
		0,
		-0.067629,
		0.254228,
		-0.964777,
		0,
		-0.031079,
		0.965985,
		0.256725,
		0,
		-0.169956,
		-0.091536,
		-0.381234,
		1,
	},
	[1.35] = {
		0.997226,
		0.047347,
		-0.057427,
		0,
		-0.067629,
		0.254228,
		-0.964777,
		0,
		-0.031079,
		0.965985,
		0.256725,
		0,
		-0.169956,
		-0.091536,
		-0.381234,
		1,
	},
	[1.3666666666666667] = {
		0.997226,
		0.047347,
		-0.057427,
		0,
		-0.067629,
		0.254228,
		-0.964777,
		0,
		-0.031079,
		0.965985,
		0.256725,
		0,
		-0.169956,
		-0.091536,
		-0.381234,
		1,
	},
	[1.3833333333333333] = {
		0.997226,
		0.047347,
		-0.057427,
		0,
		-0.067629,
		0.254228,
		-0.964777,
		0,
		-0.031079,
		0.965985,
		0.256725,
		0,
		-0.169956,
		-0.091536,
		-0.381234,
		1,
	},
	[1.3] = {
		0.997226,
		0.047347,
		-0.057427,
		0,
		-0.067629,
		0.254228,
		-0.964777,
		0,
		-0.031079,
		0.965985,
		0.256725,
		0,
		-0.169956,
		-0.091536,
		-0.381234,
		1,
	},
	[1.4166666666666667] = {
		0.997226,
		0.047347,
		-0.057427,
		0,
		-0.067629,
		0.254228,
		-0.964777,
		0,
		-0.031079,
		0.965985,
		0.256725,
		0,
		-0.169956,
		-0.091536,
		-0.381234,
		1,
	},
	[1.4333333333333333] = {
		0.997226,
		0.047347,
		-0.057427,
		0,
		-0.067629,
		0.254228,
		-0.964777,
		0,
		-0.031079,
		0.965985,
		0.256725,
		0,
		-0.169956,
		-0.091536,
		-0.381234,
		1,
	},
	[1.45] = {
		0.997226,
		0.047347,
		-0.057427,
		0,
		-0.067629,
		0.254228,
		-0.964777,
		0,
		-0.031079,
		0.965985,
		0.256725,
		0,
		-0.169956,
		-0.091536,
		-0.381234,
		1,
	},
	[1.4666666666666666] = {
		0.997226,
		0.047347,
		-0.057427,
		0,
		-0.067629,
		0.254228,
		-0.964777,
		0,
		-0.031079,
		0.965985,
		0.256725,
		0,
		-0.169956,
		-0.091536,
		-0.381234,
		1,
	},
	[1.4833333333333334] = {
		0.997226,
		0.047347,
		-0.057427,
		0,
		-0.067629,
		0.254228,
		-0.964777,
		0,
		-0.031079,
		0.965985,
		0.256725,
		0,
		-0.169956,
		-0.091536,
		-0.381234,
		1,
	},
	[1.4] = {
		0.997226,
		0.047347,
		-0.057427,
		0,
		-0.067629,
		0.254228,
		-0.964777,
		0,
		-0.031079,
		0.965985,
		0.256725,
		0,
		-0.169956,
		-0.091536,
		-0.381234,
		1,
	},
	[1.5166666666666666] = {
		0.997226,
		0.047347,
		-0.057427,
		0,
		-0.067629,
		0.254228,
		-0.964777,
		0,
		-0.031079,
		0.965985,
		0.256725,
		0,
		-0.169956,
		-0.091536,
		-0.381234,
		1,
	},
	[1.5333333333333334] = {
		0.997226,
		0.047347,
		-0.057427,
		0,
		-0.067629,
		0.254228,
		-0.964777,
		0,
		-0.031079,
		0.965985,
		0.256725,
		0,
		-0.169956,
		-0.091536,
		-0.381234,
		1,
	},
	[1.55] = {
		0.997226,
		0.047347,
		-0.057427,
		0,
		-0.067629,
		0.254228,
		-0.964777,
		0,
		-0.031079,
		0.965985,
		0.256725,
		0,
		-0.169956,
		-0.091536,
		-0.381234,
		1,
	},
	[1.5666666666666667] = {
		0.997226,
		0.047347,
		-0.057427,
		0,
		-0.067629,
		0.254228,
		-0.964777,
		0,
		-0.031079,
		0.965985,
		0.256725,
		0,
		-0.169956,
		-0.091536,
		-0.381234,
		1,
	},
	[1.5833333333333333] = {
		0.997226,
		0.047347,
		-0.057427,
		0,
		-0.067629,
		0.254228,
		-0.964777,
		0,
		-0.031079,
		0.965985,
		0.256725,
		0,
		-0.169956,
		-0.091536,
		-0.381234,
		1,
	},
	[1.5] = {
		0.997226,
		0.047347,
		-0.057427,
		0,
		-0.067629,
		0.254228,
		-0.964777,
		0,
		-0.031079,
		0.965985,
		0.256725,
		0,
		-0.169956,
		-0.091536,
		-0.381234,
		1,
	},
	[1.6166666666666667] = {
		0.997226,
		0.047347,
		-0.057427,
		0,
		-0.067629,
		0.254228,
		-0.964777,
		0,
		-0.031079,
		0.965985,
		0.256725,
		0,
		-0.169956,
		-0.091536,
		-0.381234,
		1,
	},
	[1.6333333333333333] = {
		0.997226,
		0.047347,
		-0.057427,
		0,
		-0.067629,
		0.254228,
		-0.964777,
		0,
		-0.031079,
		0.965985,
		0.256725,
		0,
		-0.169956,
		-0.091536,
		-0.381234,
		1,
	},
	[1.65] = {
		0.997226,
		0.047347,
		-0.057427,
		0,
		-0.067629,
		0.254228,
		-0.964777,
		0,
		-0.031079,
		0.965985,
		0.256725,
		0,
		-0.169956,
		-0.091536,
		-0.381234,
		1,
	},
	[1.6666666666666667] = {
		0.997226,
		0.047347,
		-0.057427,
		0,
		-0.067629,
		0.254228,
		-0.964777,
		0,
		-0.031079,
		0.965985,
		0.256725,
		0,
		-0.169956,
		-0.091536,
		-0.381234,
		1,
	},
	[1.6833333333333333] = {
		0.997226,
		0.047347,
		-0.057427,
		0,
		-0.067629,
		0.254228,
		-0.964777,
		0,
		-0.031079,
		0.965985,
		0.256725,
		0,
		-0.169956,
		-0.091536,
		-0.381234,
		1,
	},
	[1.6] = {
		0.997226,
		0.047347,
		-0.057427,
		0,
		-0.067629,
		0.254228,
		-0.964777,
		0,
		-0.031079,
		0.965985,
		0.256725,
		0,
		-0.169956,
		-0.091536,
		-0.381234,
		1,
	},
	[1.7166666666666666] = {
		0.997226,
		0.047347,
		-0.057427,
		0,
		-0.067629,
		0.254228,
		-0.964777,
		0,
		-0.031079,
		0.965985,
		0.256725,
		0,
		-0.169956,
		-0.091536,
		-0.381234,
		1,
	},
	[1.7333333333333334] = {
		0.997226,
		0.047347,
		-0.057427,
		0,
		-0.067629,
		0.254228,
		-0.964777,
		0,
		-0.031079,
		0.965985,
		0.256725,
		0,
		-0.169956,
		-0.091536,
		-0.381234,
		1,
	},
	[1.75] = {
		0.997226,
		0.047347,
		-0.057427,
		0,
		-0.067629,
		0.254228,
		-0.964777,
		0,
		-0.031079,
		0.965985,
		0.256725,
		0,
		-0.169956,
		-0.091536,
		-0.381234,
		1,
	},
	[1.7666666666666666] = {
		0.997226,
		0.047347,
		-0.057427,
		0,
		-0.067629,
		0.254228,
		-0.964777,
		0,
		-0.031079,
		0.965985,
		0.256725,
		0,
		-0.169956,
		-0.091536,
		-0.381234,
		1,
	},
	[1.7833333333333334] = {
		0.997226,
		0.047347,
		-0.057427,
		0,
		-0.067629,
		0.254228,
		-0.964777,
		0,
		-0.031079,
		0.965985,
		0.256725,
		0,
		-0.169956,
		-0.091536,
		-0.381234,
		1,
	},
	[1.7] = {
		0.997226,
		0.047347,
		-0.057427,
		0,
		-0.067629,
		0.254228,
		-0.964777,
		0,
		-0.031079,
		0.965985,
		0.256725,
		0,
		-0.169956,
		-0.091536,
		-0.381234,
		1,
	},
	[1.8166666666666667] = {
		0.997226,
		0.047347,
		-0.057427,
		0,
		-0.067629,
		0.254228,
		-0.964777,
		0,
		-0.031079,
		0.965985,
		0.256725,
		0,
		-0.169956,
		-0.091536,
		-0.381234,
		1,
	},
	[1.8333333333333333] = {
		0.997226,
		0.047347,
		-0.057427,
		0,
		-0.067629,
		0.254228,
		-0.964777,
		0,
		-0.031079,
		0.965985,
		0.256725,
		0,
		-0.169956,
		-0.091536,
		-0.381234,
		1,
	},
	[1.85] = {
		0.997226,
		0.047347,
		-0.057427,
		0,
		-0.067629,
		0.254228,
		-0.964777,
		0,
		-0.031079,
		0.965985,
		0.256725,
		0,
		-0.169956,
		-0.091536,
		-0.381234,
		1,
	},
	[1.8666666666666667] = {
		0.997226,
		0.047347,
		-0.057427,
		0,
		-0.067629,
		0.254228,
		-0.964777,
		0,
		-0.031079,
		0.965985,
		0.256725,
		0,
		-0.169956,
		-0.091536,
		-0.381234,
		1,
	},
	[1.8833333333333333] = {
		0.997226,
		0.047347,
		-0.057427,
		0,
		-0.067629,
		0.254228,
		-0.964777,
		0,
		-0.031079,
		0.965985,
		0.256725,
		0,
		-0.169956,
		-0.091536,
		-0.381234,
		1,
	},
	[1.8] = {
		0.997226,
		0.047347,
		-0.057427,
		0,
		-0.067629,
		0.254228,
		-0.964777,
		0,
		-0.031079,
		0.965985,
		0.256725,
		0,
		-0.169956,
		-0.091536,
		-0.381234,
		1,
	},
	[1.9166666666666667] = {
		0.997226,
		0.047347,
		-0.057427,
		0,
		-0.067629,
		0.254228,
		-0.964777,
		0,
		-0.031079,
		0.965985,
		0.256725,
		0,
		-0.169956,
		-0.091536,
		-0.381234,
		1,
	},
	[1.9333333333333333] = {
		0.997226,
		0.047347,
		-0.057427,
		0,
		-0.067629,
		0.254228,
		-0.964777,
		0,
		-0.031079,
		0.965985,
		0.256725,
		0,
		-0.169956,
		-0.091536,
		-0.381234,
		1,
	},
	[1.95] = {
		0.997226,
		0.047347,
		-0.057427,
		0,
		-0.067629,
		0.254228,
		-0.964777,
		0,
		-0.031079,
		0.965985,
		0.256725,
		0,
		-0.169956,
		-0.091536,
		-0.381234,
		1,
	},
	[1.9666666666666666] = {
		0.997226,
		0.047347,
		-0.057427,
		0,
		-0.067629,
		0.254228,
		-0.964777,
		0,
		-0.031079,
		0.965985,
		0.256725,
		0,
		-0.169956,
		-0.091536,
		-0.381234,
		1,
	},
	[1.9833333333333334] = {
		0.997226,
		0.047347,
		-0.057427,
		0,
		-0.067629,
		0.254228,
		-0.964777,
		0,
		-0.031079,
		0.965985,
		0.256725,
		0,
		-0.169956,
		-0.091536,
		-0.381234,
		1,
	},
	[1.9] = {
		0.997226,
		0.047347,
		-0.057427,
		0,
		-0.067629,
		0.254228,
		-0.964777,
		0,
		-0.031079,
		0.965985,
		0.256725,
		0,
		-0.169956,
		-0.091536,
		-0.381234,
		1,
	},
}

return spline_matrices
