-- chunkname: @content/characters/player/human/first_person/animations/dual_shivs/heavy_attack_swing_up.lua

local spline_matrices = {
	[0.016666666666666666] = {
		-0.64813,
		-0.337606,
		-0.682605,
		0,
		-0.61019,
		0.766527,
		0.200259,
		0,
		0.455627,
		0.546313,
		-0.702813,
		0,
		0.224532,
		0.287246,
		-0.165287,
		1,
	},
	[0.03333333333333333] = {
		-0.753988,
		-0.278911,
		-0.594736,
		0,
		-0.559536,
		0.746999,
		0.359045,
		0,
		0.344126,
		0.603491,
		-0.719288,
		0,
		0.206282,
		0.318563,
		-0.175162,
		1,
	},
	[0.05] = {
		-0.815192,
		-0.28533,
		-0.504033,
		0,
		-0.542698,
		0.680304,
		0.492611,
		0,
		0.202339,
		0.67511,
		-0.709426,
		0,
		0.15812,
		0.358968,
		-0.169809,
		1,
	},
	[0.06666666666666667] = {
		-0.843491,
		-0.329089,
		-0.424527,
		0,
		-0.535179,
		0.582423,
		0.611856,
		0,
		0.045899,
		0.743293,
		-0.66739,
		0,
		0.103493,
		0.386489,
		-0.139124,
		1,
	},
	[0.08333333333333333] = {
		-0.868443,
		-0.337528,
		-0.363154,
		0,
		-0.492613,
		0.504667,
		0.708973,
		0,
		-0.056026,
		0.794598,
		-0.604546,
		0,
		0.082834,
		0.39229,
		-0.09654,
		1,
	},
	[0] = {
		-0.469077,
		-0.433755,
		-0.769301,
		0,
		-0.67926,
		0.733898,
		0.000381,
		0,
		0.564422,
		0.522734,
		-0.638887,
		0,
		0.210741,
		0.278429,
		-0.165025,
		1,
	},
	[0.11666666666666667] = {
		-0.900387,
		-0.259187,
		-0.349464,
		0,
		-0.421068,
		0.316824,
		0.849896,
		0,
		-0.109563,
		0.912384,
		-0.3944,
		0,
		0.102119,
		0.350254,
		0.012288,
		1,
	},
	[0.13333333333333333] = {
		-0.894638,
		-0.226313,
		-0.385234,
		0,
		-0.426719,
		0.177259,
		0.886843,
		0,
		-0.132418,
		0.95779,
		-0.255155,
		0,
		0.102268,
		0.310963,
		0.068812,
		1,
	},
	[0.15] = {
		-0.881267,
		-0.206567,
		-0.425087,
		0,
		-0.440896,
		0.035356,
		0.896861,
		0,
		-0.170233,
		0.977793,
		-0.122233,
		0,
		0.094316,
		0.269504,
		0.114652,
		1,
	},
	[0.16666666666666666] = {
		-0.867389,
		-0.199364,
		-0.455949,
		0,
		-0.448823,
		-0.082305,
		0.889822,
		0,
		-0.214926,
		0.976463,
		-0.018089,
		0,
		0.084061,
		0.234246,
		0.145723,
		1,
	},
	[0.18333333333333332] = {
		-0.861436,
		-0.198458,
		-0.467484,
		0,
		-0.444329,
		-0.151294,
		0.882996,
		0,
		-0.245965,
		0.968362,
		0.042149,
		0,
		0.078375,
		0.212652,
		0.162145,
		1,
	},
	[0.1] = {
		-0.893655,
		-0.298518,
		-0.335063,
		0,
		-0.439565,
		0.431983,
		0.787511,
		0,
		-0.090345,
		0.851045,
		-0.517262,
		0,
		0.093884,
		0.379244,
		-0.046566,
		1,
	},
	[0.21666666666666667] = {
		-0.850961,
		-0.056641,
		-0.522166,
		0,
		-0.509585,
		-0.151795,
		0.846925,
		0,
		-0.127233,
		0.986788,
		0.100308,
		0,
		0.100398,
		0.205194,
		0.173731,
		1,
	},
	[0.23333333333333334] = {
		-0.811818,
		0.088608,
		-0.577148,
		0,
		-0.583733,
		-0.098808,
		0.805911,
		0,
		0.014383,
		0.991154,
		0.131938,
		0,
		0.124761,
		0.207833,
		0.177063,
		1,
	},
	[0.25] = {
		-0.732437,
		0.247756,
		-0.634156,
		0,
		-0.657035,
		-0.013094,
		0.753746,
		0,
		0.178442,
		0.968734,
		0.172375,
		0,
		0.153782,
		0.20956,
		0.180958,
		1,
	},
	[0.26666666666666666] = {
		-0.616391,
		0.393997,
		-0.681783,
		0,
		-0.710643,
		0.094618,
		0.697161,
		0,
		0.339188,
		0.914228,
		0.22167,
		0,
		0.18399,
		0.207929,
		0.18618,
		1,
	},
	[0.2833333333333333] = {
		-0.482133,
		0.508257,
		-0.713598,
		0,
		-0.735826,
		0.207165,
		0.644703,
		0,
		0.475507,
		0.835917,
		0.274107,
		0,
		0.211833,
		0.202352,
		0.192452,
		1,
	},
	[0.2] = {
		-0.861579,
		-0.160033,
		-0.481738,
		0,
		-0.456889,
		-0.169085,
		0.873306,
		0,
		-0.221213,
		0.972522,
		0.072563,
		0,
		0.083889,
		0.205392,
		0.169374,
		1,
	},
	[0.31666666666666665] = {
		-0.273048,
		0.619832,
		-0.735699,
		0,
		-0.727738,
		0.367074,
		0.579356,
		0,
		0.62916,
		0.693588,
		0.350847,
		0,
		0.247407,
		0.18821,
		0.203497,
		1,
	},
	[0.3333333333333333] = {
		-0.230254,
		0.6417,
		-0.731576,
		0,
		-0.704248,
		0.408936,
		0.58035,
		0,
		0.671578,
		0.648839,
		0.357757,
		0,
		0.262123,
		0.182245,
		0.206356,
		1,
	},
	[0.35] = {
		-0.206487,
		0.666891,
		-0.715974,
		0,
		-0.657054,
		0.4477,
		0.606502,
		0,
		0.725013,
		0.595668,
		0.345739,
		0,
		0.285885,
		0.172064,
		0.208448,
		1,
	},
	[0.36666666666666664] = {
		-0.189933,
		0.695837,
		-0.69263,
		0,
		-0.589184,
		0.483538,
		0.647343,
		0,
		0.785358,
		0.531039,
		0.318136,
		0,
		0.31623,
		0.157241,
		0.208455,
		1,
	},
	[0.38333333333333336] = {
		-0.168371,
		0.726553,
		-0.666162,
		0,
		-0.502365,
		0.518211,
		0.692161,
		0,
		0.848104,
		0.451197,
		0.277743,
		0,
		0.350745,
		0.137735,
		0.204999,
		1,
	},
	[0.3] = {
		-0.357708,
		0.582517,
		-0.729876,
		0,
		-0.73694,
		0.303959,
		0.603761,
		0,
		0.573554,
		0.753846,
		0.320551,
		0,
		0.233796,
		0.194643,
		0.198746,
		1,
	},
	[0.4166666666666667] = {
		-0.079202,
		0.78045,
		-0.620181,
		0,
		-0.303111,
		0.573823,
		0.760823,
		0,
		0.949658,
		0.248242,
		0.191115,
		0,
		0.415037,
		0.083549,
		0.19234,
		1,
	},
	[0.43333333333333335] = {
		-0.011894,
		0.794331,
		-0.607369,
		0,
		-0.210339,
		0.591834,
		0.778133,
		0,
		0.977556,
		0.137008,
		0.160039,
		0,
		0.437548,
		0.052075,
		0.187017,
		1,
	},
	[0.45] = {
		0.060526,
		0.795149,
		-0.603386,
		0,
		-0.132953,
		0.60553,
		0.784638,
		0,
		0.989272,
		0.032731,
		0.142368,
		0,
		0.451642,
		0.022224,
		0.184365,
		1,
	},
	[0.4666666666666667] = {
		0.126733,
		0.78307,
		-0.608884,
		0,
		-0.074243,
		0.6196,
		0.781399,
		0,
		0.989155,
		-0.053824,
		0.136661,
		0,
		0.458511,
		-0.001922,
		0.184397,
		1,
	},
	[0.48333333333333334] = {
		0.175729,
		0.760234,
		-0.625431,
		0,
		-0.03357,
		0.639576,
		0.767995,
		0,
		0.983866,
		-0.113963,
		0.137913,
		0,
		0.460874,
		-0.016742,
		0.185888,
		1,
	},
	[0.4] = {
		-0.132541,
		0.756284,
		-0.640678,
		0,
		-0.403781,
		0.549116,
		0.731733,
		0,
		0.905204,
		0.355678,
		0.232593,
		0,
		0.385093,
		0.112919,
		0.199015,
		1,
	},
	[0.5166666666666667] = {
		-0.156486,
		0.633555,
		-0.757707,
		0,
		0.072466,
		0.772456,
		0.630921,
		0,
		0.985018,
		0.043823,
		-0.16679,
		0,
		0.510024,
		0.061504,
		0.086632,
		1,
	},
	[0.5333333333333333] = {
		-0.512356,
		0.442022,
		-0.73628,
		0,
		0.083816,
		0.879008,
		0.469383,
		0,
		0.854673,
		0.178779,
		-0.487414,
		0,
		0.509849,
		0.139649,
		-0.038448,
		1,
	},
	[0.55] = {
		-0.817867,
		0.175617,
		-0.547953,
		0,
		0.0233,
		0.961614,
		0.273415,
		0,
		0.574936,
		0.21085,
		-0.790564,
		0,
		0.452264,
		0.195067,
		-0.184274,
		1,
	},
	[0.5666666666666667] = {
		-0.962898,
		-0.028584,
		-0.268348,
		0,
		-0.056752,
		0.993586,
		0.097806,
		0,
		0.263831,
		0.109406,
		-0.958344,
		0,
		0.37056,
		0.200921,
		-0.301752,
		1,
	},
	[0.5833333333333334] = {
		-0.995397,
		-0.060506,
		-0.074328,
		0,
		-0.058077,
		0.997718,
		-0.034429,
		0,
		0.076242,
		-0.029954,
		-0.996639,
		0,
		0.333847,
		0.174945,
		-0.369493,
		1,
	},
	[0.5] = {
		0.101616,
		0.722564,
		-0.683795,
		0,
		0.015838,
		0.686091,
		0.727343,
		0,
		0.994698,
		-0.08474,
		0.058273,
		0,
		0.4791,
		0.001186,
		0.162128,
		1,
	},
	[0.6166666666666667] = {
		-0.998328,
		0.000643,
		0.057808,
		0,
		0.000849,
		0.999993,
		0.003532,
		0,
		-0.057805,
		0.003576,
		-0.998321,
		0,
		0.339808,
		0.200191,
		-0.387364,
		1,
	},
	[0.6333333333333333] = {
		-0.993924,
		-0.032819,
		0.10506,
		0,
		-0.023248,
		0.995574,
		0.091062,
		0,
		-0.107584,
		0.088066,
		-0.990288,
		0,
		0.330387,
		0.241523,
		-0.372792,
		1,
	},
	[0.65] = {
		-0.987157,
		-0.077151,
		0.139888,
		0,
		-0.056526,
		0.987691,
		0.145844,
		0,
		-0.149418,
		0.136063,
		-0.979368,
		0,
		0.316103,
		0.273812,
		-0.362855,
		1,
	},
	[0.6666666666666666] = {
		-0.98895,
		-0.073563,
		0.128712,
		0,
		-0.054699,
		0.988006,
		0.144404,
		0,
		-0.137791,
		0.135768,
		-0.981112,
		0,
		0.323852,
		0.285275,
		-0.363141,
		1,
	},
	[0.6833333333333333] = {
		-0.997696,
		-0.052837,
		0.042558,
		0,
		-0.046608,
		0.989613,
		0.135995,
		0,
		-0.049301,
		0.133698,
		-0.989795,
		0,
		0.351318,
		0.291341,
		-0.351839,
		1,
	},
	[0.6] = {
		-0.999943,
		-0.009793,
		0.00423,
		0,
		-0.01004,
		0.997971,
		-0.062872,
		0,
		-0.003605,
		-0.06291,
		-0.998013,
		0,
		0.338293,
		0.169882,
		-0.391743,
		1,
	},
	[0.7166666666666667] = {
		-0.952423,
		-0.170672,
		-0.252509,
		0,
		-0.217702,
		0.960787,
		0.17174,
		0,
		0.213296,
		0.218541,
		-0.952231,
		0,
		0.34582,
		0.341248,
		-0.271525,
		1,
	},
	[0.7333333333333333] = {
		-0.868557,
		-0.274901,
		-0.412357,
		0,
		-0.3712,
		0.912146,
		0.173779,
		0,
		0.328358,
		0.304004,
		-0.894295,
		0,
		0.302338,
		0.370593,
		-0.22337,
		1,
	},
	[0.75] = {
		-0.74632,
		-0.356799,
		-0.561872,
		0,
		-0.514909,
		0.844422,
		0.147717,
		0,
		0.421752,
		0.399557,
		-0.813928,
		0,
		0.248929,
		0.389779,
		-0.181064,
		1,
	},
	[0.7666666666666667] = {
		-0.613248,
		-0.402198,
		-0.679826,
		0,
		-0.624299,
		0.774069,
		0.105205,
		0,
		0.483919,
		0.488932,
		-0.725788,
		0,
		0.198014,
		0.397818,
		-0.148803,
		1,
	},
	[0.7833333333333333] = {
		-0.508048,
		-0.41664,
		-0.753855,
		0,
		-0.690782,
		0.719889,
		0.067674,
		0,
		0.514497,
		0.555131,
		-0.653546,
		0,
		0.160867,
		0.398514,
		-0.127717,
		1,
	},
	[0.7] = {
		-0.991779,
		-0.086219,
		-0.094552,
		0,
		-0.100021,
		0.983217,
		0.152579,
		0,
		0.07981,
		0.160782,
		-0.983758,
		0,
		0.363144,
		0.311299,
		-0.317804,
		1,
	},
	[0.8166666666666667] = {
		-0.470102,
		-0.419389,
		-0.776606,
		0,
		-0.722695,
		0.688017,
		0.065919,
		0,
		0.506672,
		0.592238,
		-0.626528,
		0,
		0.142969,
		0.396116,
		-0.115438,
		1,
	},
	[0.8333333333333334] = {
		-0.472696,
		-0.420589,
		-0.774379,
		0,
		-0.729608,
		0.679601,
		0.076255,
		0,
		0.494197,
		0.601038,
		-0.62811,
		0,
		0.140054,
		0.394901,
		-0.112036,
		1,
	},
	[0.85] = {
		-0.475035,
		-0.421632,
		-0.772379,
		0,
		-0.735929,
		0.671573,
		0.086014,
		0,
		0.482442,
		0.609276,
		-0.629311,
		0,
		0.137349,
		0.393717,
		-0.108814,
		1,
	},
	[0.8666666666666667] = {
		-0.476738,
		-0.422438,
		-0.770887,
		0,
		-0.740589,
		0.665443,
		0.093345,
		0,
		0.473549,
		0.615412,
		-0.630095,
		0,
		0.135331,
		0.392784,
		-0.106401,
		1,
	},
	[0.8833333333333333] = {
		-0.47745,
		-0.422976,
		-0.770151,
		0,
		-0.742577,
		0.662795,
		0.096341,
		0,
		0.469702,
		0.617895,
		-0.630544,
		0,
		0.134468,
		0.392341,
		-0.105451,
		1,
	},
	[0.8] = {
		-0.467682,
		-0.418178,
		-0.778718,
		0,
		-0.716341,
		0.695437,
		0.056765,
		0,
		0.517811,
		0.584375,
		-0.624801,
		0,
		0.145608,
		0.397176,
		-0.118432,
		1,
	},
	[0.9166666666666666] = {
		-0.477415,
		-0.423621,
		-0.769819,
		0,
		-0.742569,
		0.662892,
		0.095735,
		0,
		0.469752,
		0.617349,
		-0.631042,
		0,
		0.134488,
		0.392241,
		-0.105771,
		1,
	},
	[0.9333333333333333] = {
		-0.477399,
		-0.423879,
		-0.769686,
		0,
		-0.74256,
		0.662938,
		0.095483,
		0,
		0.469781,
		0.617122,
		-0.631242,
		0,
		0.134498,
		0.392202,
		-0.105903,
		1,
	},
	[0.95] = {
		-0.477386,
		-0.424103,
		-0.769571,
		0,
		-0.742553,
		0.662978,
		0.095265,
		0,
		0.469806,
		0.616925,
		-0.631416,
		0,
		0.134506,
		0.392168,
		-0.106017,
		1,
	},
	[0.9666666666666667] = {
		-0.477375,
		-0.424297,
		-0.76947,
		0,
		-0.742547,
		0.663011,
		0.095078,
		0,
		0.469826,
		0.616756,
		-0.631566,
		0,
		0.134513,
		0.392139,
		-0.106116,
		1,
	},
	[0.9833333333333333] = {
		-0.477366,
		-0.424465,
		-0.769384,
		0,
		-0.742542,
		0.663041,
		0.094916,
		0,
		0.469844,
		0.616609,
		-0.631696,
		0,
		0.134519,
		0.392114,
		-0.106202,
		1,
	},
	[0.9] = {
		-0.477433,
		-0.423322,
		-0.769971,
		0,
		-0.742579,
		0.662838,
		0.096027,
		0,
		0.469716,
		0.617611,
		-0.630811,
		0,
		0.134476,
		0.392286,
		-0.105619,
		1,
	},
	[1.0166666666666666] = {
		-0.477352,
		-0.424735,
		-0.769244,
		0,
		-0.742534,
		0.663087,
		0.094656,
		0,
		0.469872,
		0.616374,
		-0.631905,
		0,
		0.134528,
		0.392073,
		-0.10634,
		1,
	},
	[1.0333333333333334] = {
		-0.477346,
		-0.424841,
		-0.769188,
		0,
		-0.74253,
		0.663105,
		0.094554,
		0,
		0.469882,
		0.616281,
		-0.631988,
		0,
		0.134532,
		0.392057,
		-0.106394,
		1,
	},
	[1.05] = {
		-0.477341,
		-0.424932,
		-0.769141,
		0,
		-0.742528,
		0.66312,
		0.094467,
		0,
		0.469891,
		0.616202,
		-0.632059,
		0,
		0.134535,
		0.392044,
		-0.10644,
		1,
	},
	[1.0666666666666667] = {
		-0.477338,
		-0.425008,
		-0.769101,
		0,
		-0.742526,
		0.663133,
		0.094394,
		0,
		0.469898,
		0.616135,
		-0.632118,
		0,
		0.134537,
		0.392032,
		-0.106479,
		1,
	},
	[1.0833333333333333] = {
		-0.477334,
		-0.425071,
		-0.769069,
		0,
		-0.742524,
		0.663143,
		0.094334,
		0,
		0.469904,
		0.616081,
		-0.632167,
		0,
		0.134539,
		0.392023,
		-0.106511,
		1,
	},
	{
		-0.477358,
		-0.42461,
		-0.769308,
		0,
		-0.742537,
		0.663065,
		0.094776,
		0,
		0.469859,
		0.616482,
		-0.631809,
		0,
		0.134524,
		0.392092,
		-0.106276,
		1,
	},
	[1.1166666666666667] = {
		-0.47733,
		-0.425162,
		-0.769021,
		0,
		-0.742521,
		0.663159,
		0.094247,
		0,
		0.469913,
		0.616002,
		-0.632237,
		0,
		0.134542,
		0.392009,
		-0.106558,
		1,
	},
	[1.1333333333333333] = {
		-0.477329,
		-0.425191,
		-0.769006,
		0,
		-0.742521,
		0.663164,
		0.094219,
		0,
		0.469915,
		0.615976,
		-0.63226,
		0,
		0.134543,
		0.392005,
		-0.106573,
		1,
	},
	[1.15] = {
		-0.477328,
		-0.425212,
		-0.768995,
		0,
		-0.74252,
		0.663167,
		0.0942,
		0,
		0.469917,
		0.615958,
		-0.632276,
		0,
		0.134544,
		0.392002,
		-0.106583,
		1,
	},
	[1.1666666666666667] = {
		-0.477327,
		-0.425224,
		-0.768989,
		0,
		-0.74252,
		0.663169,
		0.094188,
		0,
		0.469918,
		0.615948,
		-0.632285,
		0,
		0.134544,
		0.392,
		-0.106589,
		1,
	},
	[1.1833333333333333] = {
		-0.477327,
		-0.425227,
		-0.768987,
		0,
		-0.74252,
		0.663169,
		0.094185,
		0,
		0.469919,
		0.615945,
		-0.632288,
		0,
		0.134544,
		0.392,
		-0.106591,
		1,
	},
	[1.1] = {
		-0.477332,
		-0.425122,
		-0.769042,
		0,
		-0.742523,
		0.663152,
		0.094285,
		0,
		0.469909,
		0.616037,
		-0.632206,
		0,
		0.134541,
		0.392015,
		-0.106537,
		1,
	},
	[1.2] = {
		-0.477327,
		-0.425227,
		-0.768987,
		0,
		-0.74252,
		0.663169,
		0.094185,
		0,
		0.469919,
		0.615945,
		-0.632288,
		0,
		0.134544,
		0.392,
		-0.106591,
		1,
	},
}

return spline_matrices
