-- chunkname: @content/characters/player/human/first_person/animations/dual_shivs/heavy_attack_swing_right.lua

local spline_matrices = {
	[0.016666666666666666] = {
		-0.645616,
		-0.058866,
		-0.76139,
		0,
		-0.500382,
		0.785782,
		0.363544,
		0,
		0.576886,
		0.615696,
		-0.536769,
		0,
		-0.063671,
		0.334828,
		-0.148302,
		1,
	},
	[0.03333333333333333] = {
		-0.595929,
		-0.055851,
		-0.801092,
		0,
		-0.522273,
		0.784733,
		0.333805,
		0,
		0.61,
		0.617313,
		-0.496815,
		0,
		-0.063094,
		0.348169,
		-0.144853,
		1,
	},
	[0.05] = {
		-0.583609,
		-0.053101,
		-0.810297,
		0,
		-0.512652,
		0.797958,
		0.31694,
		0,
		0.629753,
		0.600369,
		-0.492918,
		0,
		-0.056396,
		0.371396,
		-0.14502,
		1,
	},
	[0.06666666666666667] = {
		-0.582583,
		-0.0525,
		-0.811074,
		0,
		-0.482784,
		0.82514,
		0.293367,
		0,
		0.653848,
		0.562484,
		-0.506058,
		0,
		-0.040382,
		0.393244,
		-0.148094,
		1,
	},
	[0.08333333333333333] = {
		-0.592797,
		-0.052137,
		-0.803662,
		0,
		-0.436542,
		0.859385,
		0.26625,
		0,
		0.676774,
		0.508664,
		-0.532201,
		0,
		-0.015763,
		0.407833,
		-0.154969,
		1,
	},
	[0] = {
		-0.682332,
		-0.060424,
		-0.728541,
		0,
		-0.479905,
		0.788797,
		0.384045,
		0,
		0.551465,
		0.611677,
		-0.567219,
		0,
		-0.061498,
		0.324934,
		-0.151704,
		1,
	},
	[0.11666666666666667] = {
		-0.642509,
		-0.052322,
		-0.76449,
		0,
		-0.315967,
		0.926994,
		0.202108,
		0,
		0.698102,
		0.371409,
		-0.612134,
		0,
		0.056728,
		0.422,
		-0.174443,
		1,
	},
	[0.13333333333333333] = {
		-0.667885,
		-0.053433,
		-0.742344,
		0,
		-0.249209,
		0.955899,
		0.155409,
		0,
		0.701302,
		0.288794,
		-0.651747,
		0,
		0.096972,
		0.415329,
		-0.186111,
		1,
	},
	[0.15] = {
		-0.690271,
		-0.055388,
		-0.721428,
		0,
		-0.179969,
		0.978874,
		0.097043,
		0,
		0.700812,
		0.19682,
		-0.685656,
		0,
		0.14137,
		0.400772,
		-0.198882,
		1,
	},
	[0.16666666666666666] = {
		-0.709081,
		-0.057964,
		-0.702741,
		0,
		-0.118237,
		0.992279,
		0.037458,
		0,
		0.695143,
		0.109651,
		-0.710459,
		0,
		0.18795,
		0.38056,
		-0.211193,
		1,
	},
	[0.18333333333333332] = {
		-0.723273,
		-0.060874,
		-0.687874,
		0,
		-0.073088,
		0.99726,
		-0.011405,
		0,
		0.686684,
		0.042026,
		-0.725741,
		0,
		0.228055,
		0.357118,
		-0.221257,
		1,
	},
	[0.1] = {
		-0.615471,
		-0.051982,
		-0.786444,
		0,
		-0.378373,
		0.894807,
		0.23697,
		0,
		0.691397,
		0.443417,
		-0.570396,
		0,
		0.018301,
		0.418797,
		-0.164083,
		1,
	},
	[0.21666666666666667] = {
		-0.74324,
		-0.066901,
		-0.665671,
		0,
		-0.018508,
		0.996663,
		-0.079501,
		0,
		0.668769,
		-0.046769,
		-0.741998,
		0,
		0.283982,
		0.296732,
		-0.237489,
		1,
	},
	[0.23333333333333334] = {
		-0.750671,
		-0.069667,
		-0.656993,
		0,
		-0.001976,
		0.994657,
		-0.103215,
		0,
		0.660673,
		-0.076183,
		-0.746798,
		0,
		0.301807,
		0.25058,
		-0.244021,
		1,
	},
	[0.25] = {
		-0.755276,
		-0.072839,
		-0.651346,
		0,
		0.006234,
		0.992962,
		-0.11827,
		0,
		0.655377,
		-0.093387,
		-0.749507,
		0,
		0.31249,
		0.211126,
		-0.248394,
		1,
	},
	[0.26666666666666666] = {
		-0.756004,
		-0.076383,
		-0.650095,
		0,
		0.005832,
		0.992343,
		-0.123378,
		0,
		0.654541,
		-0.097066,
		-0.74977,
		0,
		0.3158,
		0.195329,
		-0.249656,
		1,
	},
	[0.2833333333333333] = {
		-0.754272,
		-0.079099,
		-0.65178,
		0,
		0.002149,
		0.992414,
		-0.122924,
		0,
		0.656558,
		-0.094119,
		-0.74838,
		0,
		0.315564,
		0.196698,
		-0.248878,
		1,
	},
	[0.2] = {
		-0.73404,
		-0.063923,
		-0.676091,
		0,
		-0.042317,
		0.997931,
		-0.048408,
		0,
		0.677786,
		-0.006924,
		-0.735226,
		0,
		0.259214,
		0.332408,
		-0.229651,
		1,
	},
	[0.31666666666666665] = {
		-0.755927,
		-0.071865,
		-0.6507,
		0,
		0.00706,
		0.993004,
		-0.117871,
		0,
		0.654618,
		-0.093696,
		-0.750131,
		0,
		0.316099,
		0.19633,
		-0.248489,
		1,
	},
	[0.3333333333333333] = {
		-0.760947,
		-0.063134,
		-0.645735,
		0,
		0.01418,
		0.993398,
		-0.113836,
		0,
		0.648659,
		-0.09578,
		-0.755029,
		0,
		0.315936,
		0.19484,
		-0.249865,
		1,
	},
	[0.35] = {
		-0.756737,
		-0.068365,
		-0.650135,
		0,
		0.009866,
		0.993209,
		-0.115925,
		0,
		0.653646,
		-0.094139,
		-0.750923,
		0,
		0.316444,
		0.19589,
		-0.248397,
		1,
	},
	[0.36666666666666664] = {
		-0.751804,
		-0.081081,
		-0.654383,
		0,
		-0.003184,
		0.992846,
		-0.119361,
		0,
		0.65938,
		-0.087653,
		-0.746683,
		0,
		0.315188,
		0.199402,
		-0.247197,
		1,
	},
	[0.38333333333333336] = {
		-0.749342,
		-0.0936,
		-0.655534,
		0,
		-0.018295,
		0.992508,
		-0.120802,
		0,
		0.66193,
		-0.078529,
		-0.745441,
		0,
		0.312497,
		0.20389,
		-0.246952,
		1,
	},
	[0.3] = {
		-0.751782,
		-0.079804,
		-0.654565,
		0,
		0.000939,
		0.992519,
		-0.122084,
		0,
		0.659411,
		-0.092395,
		-0.746083,
		0,
		0.316132,
		0.197433,
		-0.247572,
		1,
	},
	[0.4166666666666667] = {
		-0.745672,
		-0.11169,
		-0.656885,
		0,
		-0.040968,
		0.991671,
		-0.122108,
		0,
		0.665052,
		-0.064141,
		-0.744037,
		0,
		0.308197,
		0.210748,
		-0.246599,
		1,
	},
	[0.43333333333333335] = {
		-0.744705,
		-0.115828,
		-0.657266,
		0,
		-0.046611,
		0.991446,
		-0.121907,
		0,
		0.665764,
		-0.060149,
		-0.743734,
		0,
		0.307098,
		0.212571,
		-0.246405,
		1,
	},
	[0.45] = {
		-0.74398,
		-0.119089,
		-0.657504,
		0,
		-0.051524,
		0.991285,
		-0.121244,
		0,
		0.666213,
		-0.056326,
		-0.743632,
		0,
		0.306087,
		0.214266,
		-0.246194,
		1,
	},
	[0.4666666666666667] = {
		-0.743458,
		-0.12148,
		-0.657657,
		0,
		-0.055656,
		0.991192,
		-0.120172,
		0,
		0.666463,
		-0.05274,
		-0.743671,
		0,
		0.305197,
		0.215808,
		-0.245952,
		1,
	},
	[0.48333333333333334] = {
		-0.74308,
		-0.123006,
		-0.657801,
		0,
		-0.058951,
		0.991173,
		-0.11875,
		0,
		0.666601,
		-0.049463,
		-0.743771,
		0,
		0.304468,
		0.217172,
		-0.245655,
		1,
	},
	[0.4] = {
		-0.747199,
		-0.104521,
		-0.65633,
		0,
		-0.031833,
		0.992051,
		-0.121744,
		0,
		0.663838,
		-0.070074,
		-0.744586,
		0,
		0.30995,
		0.207954,
		-0.246773,
		1,
	},
	[0.5166666666666667] = {
		-0.742679,
		-0.123483,
		-0.658164,
		0,
		-0.062843,
		0.991366,
		-0.115084,
		0,
		0.666692,
		-0.04411,
		-0.744027,
		0,
		0.303584,
		0.219266,
		-0.244887,
		1,
	},
	[0.5333333333333333] = {
		-0.742674,
		-0.122444,
		-0.658364,
		0,
		-0.063354,
		0.991579,
		-0.112949,
		0,
		0.66665,
		-0.042174,
		-0.744177,
		0,
		0.303453,
		0.219945,
		-0.244442,
		1,
	},
	[0.55] = {
		-0.742769,
		-0.120778,
		-0.658564,
		0,
		-0.063142,
		0.991848,
		-0.110685,
		0,
		0.666564,
		-0.04063,
		-0.74434,
		0,
		0.303477,
		0.220433,
		-0.243972,
		1,
	},
	[0.5666666666666667] = {
		-0.742927,
		-0.118753,
		-0.658754,
		0,
		-0.062516,
		0.992145,
		-0.108349,
		0,
		0.666447,
		-0.039313,
		-0.744515,
		0,
		0.303589,
		0.220809,
		-0.243491,
		1,
	},
	[0.5833333333333334] = {
		-0.74314,
		-0.116438,
		-0.658928,
		0,
		-0.061517,
		0.992462,
		-0.105997,
		0,
		0.666303,
		-0.038235,
		-0.744701,
		0,
		0.303781,
		0.221073,
		-0.243012,
		1,
	},
	[0.5] = {
		-0.742817,
		-0.123672,
		-0.657973,
		0,
		-0.061361,
		0.99123,
		-0.117036,
		0,
		0.666676,
		-0.046563,
		-0.743891,
		0,
		0.303927,
		0.218333,
		-0.245296,
		1,
	},
	[0.6166666666666667] = {
		-0.743701,
		-0.11121,
		-0.659197,
		0,
		-0.058573,
		0.993114,
		-0.101462,
		0,
		0.665941,
		-0.036846,
		-0.745094,
		0,
		0.304363,
		0.221264,
		-0.242108,
		1,
	},
	[0.6333333333333333] = {
		-0.744036,
		-0.108436,
		-0.659282,
		0,
		-0.056715,
		0.993431,
		-0.09939,
		0,
		0.665729,
		-0.036559,
		-0.745298,
		0,
		0.304735,
		0.22119,
		-0.241707,
		1,
	},
	[0.65] = {
		-0.744395,
		-0.105647,
		-0.659329,
		0,
		-0.054655,
		0.993731,
		-0.097523,
		0,
		0.665499,
		-0.03656,
		-0.745503,
		0,
		0.305148,
		0.221003,
		-0.241357,
		1,
	},
	[0.6666666666666666] = {
		-0.744775,
		-0.102897,
		-0.659335,
		0,
		-0.052419,
		0.994008,
		-0.095915,
		0,
		0.665253,
		-0.036874,
		-0.745707,
		0,
		0.305598,
		0.220697,
		-0.241069,
		1,
	},
	[0.6833333333333333] = {
		-0.745172,
		-0.10029,
		-0.659288,
		0,
		-0.05002,
		0.994248,
		-0.094707,
		0,
		0.664994,
		-0.037596,
		-0.745902,
		0,
		0.30608,
		0.220242,
		-0.240873,
		1,
	},
	[0.6] = {
		-0.7434,
		-0.1139,
		-0.659077,
		0,
		-0.060188,
		0.992788,
		-0.103683,
		0,
		0.666133,
		-0.037409,
		-0.744894,
		0,
		0.304042,
		0.221225,
		-0.242547,
		1,
	},
	[0.7166666666666667] = {
		-0.745996,
		-0.095589,
		-0.659055,
		0,
		-0.044837,
		0.994609,
		-0.093505,
		0,
		0.664439,
		-0.040204,
		-0.74626,
		0,
		0.307121,
		0.218917,
		-0.240756,
		1,
	},
	[0.7333333333333333] = {
		-0.746413,
		-0.093402,
		-0.658896,
		0,
		-0.042106,
		0.994746,
		-0.093312,
		0,
		0.664149,
		-0.041906,
		-0.746424,
		0,
		0.307669,
		0.21811,
		-0.240788,
		1,
	},
	[0.75] = {
		-0.746828,
		-0.091262,
		-0.658726,
		0,
		-0.039315,
		0.994865,
		-0.093259,
		0,
		0.663854,
		-0.043751,
		-0.746581,
		0,
		0.308228,
		0.217249,
		-0.240851,
		1,
	},
	[0.7666666666666667] = {
		-0.747236,
		-0.089207,
		-0.658545,
		0,
		-0.03649,
		0.994962,
		-0.093374,
		0,
		0.663557,
		-0.045742,
		-0.746726,
		0,
		0.308794,
		0.216337,
		-0.240948,
		1,
	},
	[0.7833333333333333] = {
		-0.747632,
		-0.087306,
		-0.658349,
		0,
		-0.033659,
		0.995028,
		-0.09373,
		0,
		0.663259,
		-0.047916,
		-0.746854,
		0,
		0.30936,
		0.215363,
		-0.241094,
		1,
	},
	[0.7] = {
		-0.745581,
		-0.097869,
		-0.65919,
		0,
		-0.047484,
		0.994445,
		-0.093937,
		0,
		0.664722,
		-0.038736,
		-0.746086,
		0,
		0.306589,
		0.219638,
		-0.240776,
		1,
	},
	[0.8166666666666667] = {
		-0.748377,
		-0.083972,
		-0.657936,
		0,
		-0.028078,
		0.995075,
		-0.095063,
		0,
		0.662679,
		-0.052669,
		-0.74705,
		0,
		0.310474,
		0.213287,
		-0.241507,
		1,
	},
	[0.8333333333333334] = {
		-0.748719,
		-0.082543,
		-0.657729,
		0,
		-0.025381,
		0.995059,
		-0.095985,
		0,
		0.662402,
		-0.055172,
		-0.747114,
		0,
		0.311012,
		0.212215,
		-0.241759,
		1,
	},
	[0.85] = {
		-0.749042,
		-0.081276,
		-0.657519,
		0,
		-0.022781,
		0.99502,
		-0.097042,
		0,
		0.662131,
		-0.05771,
		-0.747163,
		0,
		0.311529,
		0.211138,
		-0.242036,
		1,
	},
	[0.8666666666666667] = {
		-0.749351,
		-0.080172,
		-0.657301,
		0,
		-0.020306,
		0.994959,
		-0.098207,
		0,
		0.661861,
		-0.060244,
		-0.747202,
		0,
		0.312017,
		0.210074,
		-0.242334,
		1,
	},
	[0.8833333333333333] = {
		-0.749644,
		-0.079235,
		-0.657081,
		0,
		-0.017983,
		0.99488,
		-0.099453,
		0,
		0.661597,
		-0.062738,
		-0.74723,
		0,
		0.31247,
		0.209035,
		-0.242647,
		1,
	},
	[0.8] = {
		-0.748014,
		-0.08556,
		-0.658145,
		0,
		-0.030846,
		0.995066,
		-0.094302,
		0,
		0.662966,
		-0.050238,
		-0.746962,
		0,
		0.309921,
		0.214342,
		-0.241283,
		1,
	},
	[0.9166666666666666] = {
		-0.750169,
		-0.077868,
		-0.656645,
		0,
		-0.013893,
		0.994679,
		-0.102081,
		0,
		0.6611,
		-0.067455,
		-0.747259,
		0,
		0.313258,
		0.207096,
		-0.243293,
		1,
	},
	[0.9333333333333333] = {
		-0.750394,
		-0.07747,
		-0.656436,
		0,
		-0.012216,
		0.994564,
		-0.10341,
		0,
		0.660878,
		-0.069579,
		-0.747261,
		0,
		0.313576,
		0.206237,
		-0.243614,
		1,
	},
	[0.95] = {
		-0.750588,
		-0.077276,
		-0.656236,
		0,
		-0.010832,
		0.994444,
		-0.104713,
		0,
		0.660682,
		-0.071488,
		-0.747255,
		0,
		0.313833,
		0.205477,
		-0.243925,
		1,
	},
	[0.9666666666666667] = {
		-0.750755,
		-0.077242,
		-0.656049,
		0,
		-0.009713,
		0.994323,
		-0.105955,
		0,
		0.660509,
		-0.073174,
		-0.747243,
		0,
		0.314037,
		0.204814,
		-0.244219,
		1,
	},
	[0.9833333333333333] = {
		-0.750895,
		-0.077329,
		-0.655878,
		0,
		-0.008833,
		0.994208,
		-0.107105,
		0,
		0.660362,
		-0.074632,
		-0.74723,
		0,
		0.314194,
		0.20425,
		-0.24449,
		1,
	},
	[0.9] = {
		-0.749917,
		-0.078466,
		-0.656861,
		0,
		-0.015837,
		0.994785,
		-0.100753,
		0,
		0.661342,
		-0.065154,
		-0.74725,
		0,
		0.312886,
		0.208037,
		-0.242969,
		1,
	},
	[1.0166666666666666] = {
		-0.751104,
		-0.077718,
		-0.655594,
		0,
		-0.007678,
		0.994008,
		-0.10904,
		0,
		0.66014,
		-0.076867,
		-0.7472,
		0,
		0.314391,
		0.203402,
		-0.244943,
		1,
	},
	[1.0333333333333334] = {
		-0.751174,
		-0.07795,
		-0.655486,
		0,
		-0.007347,
		0.993929,
		-0.109778,
		0,
		0.660064,
		-0.077646,
		-0.747186,
		0,
		0.314444,
		0.203113,
		-0.245115,
		1,
	},
	[1.05] = {
		-0.751223,
		-0.07816,
		-0.655405,
		0,
		-0.007146,
		0.993869,
		-0.110334,
		0,
		0.66001,
		-0.078202,
		-0.747175,
		0,
		0.314474,
		0.20291,
		-0.245244,
		1,
	},
	[1.0666666666666667] = {
		-0.751251,
		-0.078312,
		-0.655354,
		0,
		-0.007045,
		0.993831,
		-0.110684,
		0,
		0.659979,
		-0.078535,
		-0.747168,
		0,
		0.314488,
		0.202791,
		-0.245325,
		1,
	},
	[1.0833333333333333] = {
		-0.75126,
		-0.078371,
		-0.655336,
		0,
		-0.007017,
		0.993817,
		-0.110805,
		0,
		0.659969,
		-0.078645,
		-0.747166,
		0,
		0.314491,
		0.202751,
		-0.245353,
		1,
	},
	{
		-0.751011,
		-0.077499,
		-0.655726,
		0,
		-0.008164,
		0.994102,
		-0.108141,
		0,
		0.660239,
		-0.075862,
		-0.747214,
		0,
		0.31431,
		0.20378,
		-0.244733,
		1,
	},
	[1.1166666666666667] = {
		-0.75126,
		-0.078371,
		-0.655336,
		0,
		-0.007017,
		0.993817,
		-0.110805,
		0,
		0.659969,
		-0.078645,
		-0.747166,
		0,
		0.314491,
		0.202751,
		-0.245353,
		1,
	},
	[1.1333333333333333] = {
		-0.75126,
		-0.078371,
		-0.655336,
		0,
		-0.007017,
		0.993817,
		-0.110805,
		0,
		0.659969,
		-0.078645,
		-0.747166,
		0,
		0.314491,
		0.202751,
		-0.245353,
		1,
	},
	[1.15] = {
		-0.75126,
		-0.078371,
		-0.655336,
		0,
		-0.007017,
		0.993817,
		-0.110805,
		0,
		0.659969,
		-0.078645,
		-0.747166,
		0,
		0.314491,
		0.202751,
		-0.245353,
		1,
	},
	[1.1666666666666667] = {
		-0.75126,
		-0.078371,
		-0.655336,
		0,
		-0.007017,
		0.993817,
		-0.110805,
		0,
		0.659969,
		-0.078645,
		-0.747166,
		0,
		0.314491,
		0.202751,
		-0.245353,
		1,
	},
	[1.1] = {
		-0.75126,
		-0.078371,
		-0.655336,
		0,
		-0.007017,
		0.993817,
		-0.110805,
		0,
		0.659969,
		-0.078645,
		-0.747166,
		0,
		0.314491,
		0.202751,
		-0.245353,
		1,
	},
}

return spline_matrices
