-- chunkname: @content/characters/player/human/first_person/animations/dual_shivs/heavy_attack_double_slice_01.lua

local spline_matrices = {
	[0.016666666666666666] = {
		-0.394539,
		-0.565161,
		0.724522,
		0,
		0.663861,
		-0.720478,
		-0.2005,
		0,
		0.635317,
		0.401876,
		0.659445,
		0,
		-0.218459,
		0.399563,
		-0.157793,
		1,
	},
	[0.03333333333333333] = {
		-0.394539,
		-0.565161,
		0.724522,
		0,
		0.663861,
		-0.720478,
		-0.2005,
		0,
		0.635317,
		0.401876,
		0.659445,
		0,
		-0.218459,
		0.399563,
		-0.157793,
		1,
	},
	[0.05] = {
		-0.394539,
		-0.565161,
		0.724522,
		0,
		0.663861,
		-0.720478,
		-0.2005,
		0,
		0.635317,
		0.401876,
		0.659445,
		0,
		-0.218459,
		0.399563,
		-0.157793,
		1,
	},
	[0.06666666666666667] = {
		-0.024004,
		-0.539694,
		0.841519,
		0,
		0.540692,
		-0.715031,
		-0.44315,
		0,
		0.840878,
		0.444365,
		0.308972,
		0,
		-0.079539,
		0.475614,
		-0.149149,
		1,
	},
	[0.08333333333333333] = {
		0.216788,
		-0.506667,
		0.834441,
		0,
		0.666345,
		-0.547876,
		-0.505783,
		0,
		0.713433,
		0.665673,
		0.218842,
		0,
		0.116394,
		0.483871,
		-0.12513,
		1,
	},
	[0] = {
		-0.394539,
		-0.565161,
		0.724522,
		0,
		0.663861,
		-0.720478,
		-0.2005,
		0,
		0.635317,
		0.401876,
		0.659445,
		0,
		-0.218459,
		0.399563,
		-0.157793,
		1,
	},
	[0.11666666666666667] = {
		-0.08617,
		-0.463829,
		0.881724,
		0,
		0.40838,
		-0.823692,
		-0.393391,
		0,
		0.908735,
		0.326181,
		0.260396,
		0,
		0.25604,
		0.52577,
		-0.109633,
		1,
	},
	[0.13333333333333333] = {
		-0.131472,
		-0.39417,
		0.909585,
		0,
		0.327072,
		-0.883418,
		-0.335555,
		0,
		0.935809,
		0.253384,
		0.245066,
		0,
		0.297625,
		0.530327,
		-0.111327,
		1,
	},
	[0.15] = {
		-0.143219,
		-0.381418,
		0.91324,
		0,
		0.240243,
		-0.908552,
		-0.341784,
		0,
		0.960089,
		0.17045,
		0.221756,
		0,
		0.367053,
		0.520106,
		-0.099762,
		1,
	},
	[0.16666666666666666] = {
		-0.130362,
		-0.408367,
		0.903461,
		0,
		0.141094,
		-0.909604,
		-0.390785,
		0,
		0.981376,
		0.07653,
		0.176196,
		0,
		0.450023,
		0.49212,
		-0.081885,
		1,
	},
	[0.18333333333333332] = {
		-0.11773,
		-0.460786,
		0.879668,
		0,
		0.055421,
		-0.887497,
		-0.457469,
		0,
		0.991498,
		-0.005106,
		0.130022,
		0,
		0.525638,
		0.447726,
		-0.061925,
		1,
	},
	[0.1] = {
		0.026579,
		-0.534353,
		0.844844,
		0,
		0.560739,
		-0.691689,
		-0.455125,
		0,
		0.827566,
		0.485833,
		0.281248,
		0,
		0.200536,
		0.506454,
		-0.110153,
		1,
	},
	[0.21666666666666667] = {
		-0.118646,
		-0.531658,
		0.838608,
		0,
		-0.015015,
		-0.843516,
		-0.536894,
		0,
		0.992823,
		-0.076292,
		0.092097,
		0,
		0.594996,
		0.382593,
		-0.039913,
		1,
	},
	[0.23333333333333334] = {
		-0.118646,
		-0.531658,
		0.838608,
		0,
		-0.015015,
		-0.843516,
		-0.536894,
		0,
		0.992823,
		-0.076292,
		0.092097,
		0,
		0.594996,
		0.382593,
		-0.039913,
		1,
	},
	[0.25] = {
		-0.118646,
		-0.531658,
		0.838608,
		0,
		-0.015015,
		-0.843516,
		-0.536894,
		0,
		0.992823,
		-0.076292,
		0.092097,
		0,
		0.594996,
		0.382593,
		-0.039913,
		1,
	},
	[0.26666666666666666] = {
		-0.118646,
		-0.531658,
		0.838608,
		0,
		-0.015015,
		-0.843516,
		-0.536894,
		0,
		0.992823,
		-0.076292,
		0.092097,
		0,
		0.594996,
		0.382593,
		-0.039913,
		1,
	},
	[0.2833333333333333] = {
		-0.118646,
		-0.531658,
		0.838608,
		0,
		-0.015015,
		-0.843516,
		-0.536894,
		0,
		0.992823,
		-0.076292,
		0.092097,
		0,
		0.594996,
		0.382593,
		-0.039913,
		1,
	},
	[0.2] = {
		-0.116337,
		-0.510648,
		0.851883,
		0,
		0.002232,
		-0.857839,
		-0.513913,
		0,
		0.993207,
		-0.057886,
		0.100938,
		0,
		0.576738,
		0.402912,
		-0.046132,
		1,
	},
	[0.31666666666666665] = {
		-0.118646,
		-0.531658,
		0.838608,
		0,
		-0.015015,
		-0.843516,
		-0.536894,
		0,
		0.992823,
		-0.076292,
		0.092097,
		0,
		0.594996,
		0.382593,
		-0.039913,
		1,
	},
	[0.3333333333333333] = {
		-0.118646,
		-0.531658,
		0.838608,
		0,
		-0.015015,
		-0.843516,
		-0.536894,
		0,
		0.992823,
		-0.076292,
		0.092097,
		0,
		0.594996,
		0.382593,
		-0.039913,
		1,
	},
	[0.35] = {
		-0.118646,
		-0.531658,
		0.838608,
		0,
		-0.015015,
		-0.843516,
		-0.536894,
		0,
		0.992823,
		-0.076292,
		0.092097,
		0,
		0.594996,
		0.382593,
		-0.039913,
		1,
	},
	[0.36666666666666664] = {
		-0.118646,
		-0.531658,
		0.838608,
		0,
		-0.015015,
		-0.843516,
		-0.536894,
		0,
		0.992823,
		-0.076292,
		0.092097,
		0,
		0.594996,
		0.382593,
		-0.039913,
		1,
	},
	[0.38333333333333336] = {
		-0.118646,
		-0.531658,
		0.838608,
		0,
		-0.015015,
		-0.843516,
		-0.536894,
		0,
		0.992823,
		-0.076292,
		0.092097,
		0,
		0.594996,
		0.382593,
		-0.039913,
		1,
	},
	[0.3] = {
		-0.118646,
		-0.531658,
		0.838608,
		0,
		-0.015015,
		-0.843516,
		-0.536894,
		0,
		0.992823,
		-0.076292,
		0.092097,
		0,
		0.594996,
		0.382593,
		-0.039913,
		1,
	},
	[0.4166666666666667] = {
		-0.118646,
		-0.531658,
		0.838608,
		0,
		-0.015015,
		-0.843516,
		-0.536894,
		0,
		0.992823,
		-0.076292,
		0.092097,
		0,
		0.594996,
		0.382593,
		-0.039913,
		1,
	},
	[0.43333333333333335] = {
		-0.118646,
		-0.531658,
		0.838608,
		0,
		-0.015015,
		-0.843516,
		-0.536894,
		0,
		0.992823,
		-0.076292,
		0.092097,
		0,
		0.594996,
		0.382593,
		-0.039913,
		1,
	},
	[0.45] = {
		-0.118646,
		-0.531658,
		0.838608,
		0,
		-0.015015,
		-0.843516,
		-0.536894,
		0,
		0.992823,
		-0.076292,
		0.092097,
		0,
		0.594996,
		0.382593,
		-0.039913,
		1,
	},
	[0.4666666666666667] = {
		-0.118646,
		-0.531658,
		0.838608,
		0,
		-0.015015,
		-0.843516,
		-0.536894,
		0,
		0.992823,
		-0.076292,
		0.092097,
		0,
		0.594996,
		0.382593,
		-0.039913,
		1,
	},
	[0.48333333333333334] = {
		-0.118646,
		-0.531658,
		0.838608,
		0,
		-0.015015,
		-0.843516,
		-0.536894,
		0,
		0.992823,
		-0.076292,
		0.092097,
		0,
		0.594996,
		0.382593,
		-0.039913,
		1,
	},
	[0.4] = {
		-0.118646,
		-0.531658,
		0.838608,
		0,
		-0.015015,
		-0.843516,
		-0.536894,
		0,
		0.992823,
		-0.076292,
		0.092097,
		0,
		0.594996,
		0.382593,
		-0.039913,
		1,
	},
	[0.5166666666666667] = {
		-0.118646,
		-0.531658,
		0.838608,
		0,
		-0.015015,
		-0.843516,
		-0.536894,
		0,
		0.992823,
		-0.076292,
		0.092097,
		0,
		0.594996,
		0.382593,
		-0.039913,
		1,
	},
	[0.5333333333333333] = {
		-0.118646,
		-0.531658,
		0.838608,
		0,
		-0.015015,
		-0.843516,
		-0.536894,
		0,
		0.992823,
		-0.076292,
		0.092097,
		0,
		0.594996,
		0.382593,
		-0.039913,
		1,
	},
	[0.55] = {
		-0.118646,
		-0.531658,
		0.838608,
		0,
		-0.015015,
		-0.843516,
		-0.536894,
		0,
		0.992823,
		-0.076292,
		0.092097,
		0,
		0.594996,
		0.382593,
		-0.039913,
		1,
	},
	[0.5666666666666667] = {
		-0.118646,
		-0.531658,
		0.838608,
		0,
		-0.015015,
		-0.843516,
		-0.536894,
		0,
		0.992823,
		-0.076292,
		0.092097,
		0,
		0.594996,
		0.382593,
		-0.039913,
		1,
	},
	[0.5833333333333334] = {
		-0.118646,
		-0.531658,
		0.838608,
		0,
		-0.015015,
		-0.843516,
		-0.536894,
		0,
		0.992823,
		-0.076292,
		0.092097,
		0,
		0.594996,
		0.382593,
		-0.039913,
		1,
	},
	[0.5] = {
		-0.118646,
		-0.531658,
		0.838608,
		0,
		-0.015015,
		-0.843516,
		-0.536894,
		0,
		0.992823,
		-0.076292,
		0.092097,
		0,
		0.594996,
		0.382593,
		-0.039913,
		1,
	},
	[0.6166666666666667] = {
		-0.118646,
		-0.531658,
		0.838608,
		0,
		-0.015015,
		-0.843516,
		-0.536894,
		0,
		0.992823,
		-0.076292,
		0.092097,
		0,
		0.594996,
		0.382593,
		-0.039913,
		1,
	},
	[0.6333333333333333] = {
		-0.118646,
		-0.531658,
		0.838608,
		0,
		-0.015015,
		-0.843516,
		-0.536894,
		0,
		0.992823,
		-0.076292,
		0.092097,
		0,
		0.594996,
		0.382593,
		-0.039913,
		1,
	},
	[0.65] = {
		-0.118646,
		-0.531658,
		0.838608,
		0,
		-0.015015,
		-0.843516,
		-0.536894,
		0,
		0.992823,
		-0.076292,
		0.092097,
		0,
		0.594996,
		0.382593,
		-0.039913,
		1,
	},
	[0.6666666666666666] = {
		-0.118646,
		-0.531658,
		0.838608,
		0,
		-0.015015,
		-0.843516,
		-0.536894,
		0,
		0.992823,
		-0.076292,
		0.092097,
		0,
		0.594996,
		0.382593,
		-0.039913,
		1,
	},
	[0.6833333333333333] = {
		-0.118646,
		-0.531658,
		0.838608,
		0,
		-0.015015,
		-0.843516,
		-0.536894,
		0,
		0.992823,
		-0.076292,
		0.092097,
		0,
		0.594996,
		0.382593,
		-0.039913,
		1,
	},
	[0.6] = {
		-0.118646,
		-0.531658,
		0.838608,
		0,
		-0.015015,
		-0.843516,
		-0.536894,
		0,
		0.992823,
		-0.076292,
		0.092097,
		0,
		0.594996,
		0.382593,
		-0.039913,
		1,
	},
	[0.7166666666666667] = {
		-0.118646,
		-0.531658,
		0.838608,
		0,
		-0.015015,
		-0.843516,
		-0.536894,
		0,
		0.992823,
		-0.076292,
		0.092097,
		0,
		0.594996,
		0.382593,
		-0.039913,
		1,
	},
	[0.7333333333333333] = {
		-0.118646,
		-0.531658,
		0.838608,
		0,
		-0.015015,
		-0.843516,
		-0.536894,
		0,
		0.992823,
		-0.076292,
		0.092097,
		0,
		0.594996,
		0.382593,
		-0.039913,
		1,
	},
	[0.75] = {
		-0.118646,
		-0.531658,
		0.838608,
		0,
		-0.015015,
		-0.843516,
		-0.536894,
		0,
		0.992823,
		-0.076292,
		0.092097,
		0,
		0.594996,
		0.382593,
		-0.039913,
		1,
	},
	[0.7666666666666667] = {
		-0.118646,
		-0.531658,
		0.838608,
		0,
		-0.015015,
		-0.843516,
		-0.536894,
		0,
		0.992823,
		-0.076292,
		0.092097,
		0,
		0.594996,
		0.382593,
		-0.039913,
		1,
	},
	[0.7833333333333333] = {
		-0.118646,
		-0.531658,
		0.838608,
		0,
		-0.015015,
		-0.843516,
		-0.536894,
		0,
		0.992823,
		-0.076292,
		0.092097,
		0,
		0.594996,
		0.382593,
		-0.039913,
		1,
	},
	[0.7] = {
		-0.118646,
		-0.531658,
		0.838608,
		0,
		-0.015015,
		-0.843516,
		-0.536894,
		0,
		0.992823,
		-0.076292,
		0.092097,
		0,
		0.594996,
		0.382593,
		-0.039913,
		1,
	},
	[0.8166666666666667] = {
		-0.118646,
		-0.531658,
		0.838608,
		0,
		-0.015015,
		-0.843516,
		-0.536894,
		0,
		0.992823,
		-0.076292,
		0.092097,
		0,
		0.594996,
		0.382593,
		-0.039913,
		1,
	},
	[0.8333333333333334] = {
		-0.118646,
		-0.531658,
		0.838608,
		0,
		-0.015015,
		-0.843516,
		-0.536894,
		0,
		0.992823,
		-0.076292,
		0.092097,
		0,
		0.594996,
		0.382593,
		-0.039913,
		1,
	},
	[0.85] = {
		-0.118646,
		-0.531658,
		0.838608,
		0,
		-0.015015,
		-0.843516,
		-0.536894,
		0,
		0.992823,
		-0.076292,
		0.092097,
		0,
		0.594996,
		0.382593,
		-0.039913,
		1,
	},
	[0.8666666666666667] = {
		-0.118646,
		-0.531658,
		0.838608,
		0,
		-0.015015,
		-0.843516,
		-0.536894,
		0,
		0.992823,
		-0.076292,
		0.092097,
		0,
		0.594996,
		0.382593,
		-0.039913,
		1,
	},
	[0.8833333333333333] = {
		-0.118646,
		-0.531658,
		0.838608,
		0,
		-0.015015,
		-0.843516,
		-0.536894,
		0,
		0.992823,
		-0.076292,
		0.092097,
		0,
		0.594996,
		0.382593,
		-0.039913,
		1,
	},
	[0.8] = {
		-0.118646,
		-0.531658,
		0.838608,
		0,
		-0.015015,
		-0.843516,
		-0.536894,
		0,
		0.992823,
		-0.076292,
		0.092097,
		0,
		0.594996,
		0.382593,
		-0.039913,
		1,
	},
	[0.9166666666666666] = {
		-0.118646,
		-0.531658,
		0.838608,
		0,
		-0.015015,
		-0.843516,
		-0.536894,
		0,
		0.992823,
		-0.076292,
		0.092097,
		0,
		0.594996,
		0.382593,
		-0.039913,
		1,
	},
	[0.9333333333333333] = {
		-0.118646,
		-0.531658,
		0.838608,
		0,
		-0.015015,
		-0.843516,
		-0.536894,
		0,
		0.992823,
		-0.076292,
		0.092097,
		0,
		0.594996,
		0.382593,
		-0.039913,
		1,
	},
	[0.95] = {
		-0.118646,
		-0.531658,
		0.838608,
		0,
		-0.015015,
		-0.843516,
		-0.536894,
		0,
		0.992823,
		-0.076292,
		0.092097,
		0,
		0.594996,
		0.382593,
		-0.039913,
		1,
	},
	[0.9666666666666667] = {
		-0.118646,
		-0.531658,
		0.838608,
		0,
		-0.015015,
		-0.843516,
		-0.536894,
		0,
		0.992823,
		-0.076292,
		0.092097,
		0,
		0.594996,
		0.382593,
		-0.039913,
		1,
	},
	[0.9833333333333333] = {
		-0.118646,
		-0.531658,
		0.838608,
		0,
		-0.015015,
		-0.843516,
		-0.536894,
		0,
		0.992823,
		-0.076292,
		0.092097,
		0,
		0.594996,
		0.382593,
		-0.039913,
		1,
	},
	[0.9] = {
		-0.118646,
		-0.531658,
		0.838608,
		0,
		-0.015015,
		-0.843516,
		-0.536894,
		0,
		0.992823,
		-0.076292,
		0.092097,
		0,
		0.594996,
		0.382593,
		-0.039913,
		1,
	},
}

return spline_matrices
