-- chunkname: @content/characters/player/human/first_person/animations/dual_shivs/heavy_attack_swing_right_offhand_sweep.lua

local spline_matrices = {
	[0.016666666666666666] = {
		-0.090533,
		-0.771222,
		0.630096,
		0,
		0.178992,
		0.60979,
		0.772086,
		0,
		-0.979676,
		0.182681,
		0.082837,
		0,
		-0.410609,
		0.1808,
		-0.047177,
		1,
	},
	[0.03333333333333333] = {
		-0.098374,
		-0.696669,
		0.710616,
		0,
		0.052199,
		0.709484,
		0.702785,
		0,
		-0.99378,
		0.106229,
		-0.033429,
		0,
		-0.445099,
		0.180153,
		-0.077687,
		1,
	},
	[0.05] = {
		-0.047918,
		-0.641751,
		0.765414,
		0,
		0.038361,
		0.764547,
		0.643426,
		0,
		-0.998114,
		0.060194,
		-0.012017,
		0,
		-0.460169,
		0.187165,
		-0.077,
		1,
	},
	[0.06666666666666667] = {
		0.053681,
		-0.583416,
		0.810398,
		0,
		0.06394,
		0.811911,
		0.58027,
		0,
		-0.996509,
		0.020667,
		0.080887,
		0,
		-0.471669,
		0.197976,
		-0.07499,
		1,
	},
	[0.08333333333333333] = {
		0.133321,
		-0.513821,
		0.847475,
		0,
		0.093048,
		0.857821,
		0.505456,
		0,
		-0.986695,
		0.011468,
		0.162176,
		0,
		-0.475949,
		0.210297,
		-0.07066,
		1,
	},
	[0] = {
		-0.090266,
		-0.812962,
		0.575278,
		0,
		0.341874,
		0.517242,
		0.784591,
		0,
		-0.935401,
		0.267494,
		0.231241,
		0,
		-0.366916,
		0.218107,
		-0.014162,
		1,
	},
	[0.11666666666666667] = {
		0.182243,
		-0.33917,
		0.922904,
		0,
		0.104753,
		0.939978,
		0.32476,
		0,
		-0.977658,
		0.037491,
		0.206833,
		0,
		-0.465104,
		0.234206,
		-0.052832,
		1,
	},
	[0.13333333333333333] = {
		0.183748,
		-0.2452,
		0.9519,
		0,
		0.094991,
		0.968285,
		0.231084,
		0,
		-0.978373,
		0.047961,
		0.201212,
		0,
		-0.454178,
		0.246761,
		-0.041545,
		1,
	},
	[0.15] = {
		0.177266,
		-0.153305,
		0.972149,
		0,
		0.081617,
		0.98668,
		0.140714,
		0,
		-0.980773,
		0.0544,
		0.187418,
		0,
		-0.441511,
		0.259947,
		-0.030789,
		1,
	},
	[0.16666666666666666] = {
		0.169932,
		-0.06889,
		0.983045,
		0,
		0.066805,
		0.996064,
		0.058254,
		0,
		-0.983189,
		0.055773,
		0.173866,
		0,
		-0.428538,
		0.273966,
		-0.022091,
		1,
	},
	[0.18333333333333332] = {
		0.158789,
		0.003681,
		0.987306,
		0,
		0.051263,
		0.998613,
		-0.011968,
		0,
		-0.985981,
		0.052512,
		0.15838,
		0,
		-0.415472,
		0.287557,
		-0.015341,
		1,
	},
	[0.1] = {
		0.166816,
		-0.4302,
		0.887187,
		0,
		0.106356,
		0.902396,
		0.417577,
		0,
		-0.980235,
		0.024699,
		0.196289,
		0,
		-0.472833,
		0.222123,
		-0.063081,
		1,
	},
	[0.21666666666666667] = {
		0.123721,
		0.095713,
		0.98769,
		0,
		0.024835,
		0.994727,
		-0.099506,
		0,
		-0.992006,
		0.03684,
		0.120692,
		0,
		-0.382995,
		0.319198,
		-0.006159,
		1,
	},
	[0.23333333333333334] = {
		0.115089,
		0.106074,
		0.987675,
		0,
		0.015309,
		0.993975,
		-0.108535,
		0,
		-0.993237,
		0.027611,
		0.112772,
		0,
		-0.360984,
		0.343936,
		-0.005246,
		1,
	},
	[0.25] = {
		0.017306,
		0.0228,
		0.99959,
		0,
		-0.006431,
		0.999722,
		-0.022692,
		0,
		-0.99983,
		-0.006036,
		0.017448,
		0,
		-0.305159,
		0.41945,
		-0.010494,
		1,
	},
	[0.26666666666666666] = {
		0.012923,
		-0.02058,
		0.999705,
		0,
		0.464039,
		0.88573,
		0.012235,
		0,
		-0.885721,
		0.463743,
		0.020996,
		0,
		-0.227053,
		0.501109,
		-0.018631,
		1,
	},
	[0.2833333333333333] = {
		-0.04662,
		-0.234002,
		0.971118,
		0,
		0.545909,
		0.808186,
		0.220949,
		0,
		-0.836546,
		0.540443,
		0.090066,
		0,
		-0.126276,
		0.577972,
		-0.030322,
		1,
	},
	[0.2] = {
		0.140758,
		0.060142,
		0.988216,
		0,
		0.036917,
		0.99714,
		-0.065944,
		0,
		-0.989355,
		0.045765,
		0.138135,
		0,
		-0.400727,
		0.301521,
		-0.009822,
		1,
	},
	[0.31666666666666665] = {
		-0.011363,
		-0.019257,
		0.99975,
		0,
		0.912932,
		0.407705,
		0.018229,
		0,
		-0.407954,
		0.912911,
		0.012948,
		0,
		0.101942,
		0.62798,
		-0.05368,
		1,
	},
	[0.3333333333333333] = {
		-0.055655,
		0.007514,
		0.998422,
		0,
		0.980566,
		0.188829,
		0.053239,
		0,
		-0.188131,
		0.981981,
		-0.017877,
		0,
		0.23563,
		0.619067,
		-0.065776,
		1,
	},
	[0.35] = {
		-0.00487,
		0.047427,
		0.998863,
		0,
		0.99628,
		-0.085707,
		0.008927,
		0,
		0.086033,
		0.995191,
		-0.046833,
		0,
		0.338349,
		0.573867,
		-0.086021,
		1,
	},
	[0.36666666666666664] = {
		0.039015,
		0.134401,
		0.990159,
		0,
		0.947044,
		-0.321041,
		0.006261,
		0,
		0.318723,
		0.93748,
		-0.139809,
		0,
		0.429647,
		0.444142,
		-0.100542,
		1,
	},
	[0.38333333333333336] = {
		0.064237,
		0.216262,
		0.97422,
		0,
		0.895404,
		-0.443507,
		0.039411,
		0,
		0.440596,
		0.869789,
		-0.222131,
		0,
		0.467329,
		0.307133,
		-0.144714,
		1,
	},
	[0.3] = {
		0.005298,
		-0.083597,
		0.996486,
		0,
		0.774296,
		0.630938,
		0.048814,
		0,
		-0.632802,
		0.771316,
		0.068072,
		0,
		-0.005499,
		0.621925,
		-0.043684,
		1,
	},
	[0.4166666666666667] = {
		0.181201,
		0.447301,
		0.875835,
		0,
		0.8841,
		-0.464151,
		0.054137,
		0,
		0.430735,
		0.764516,
		-0.479564,
		0,
		0.478525,
		0.191006,
		-0.187064,
		1,
	},
	[0.43333333333333335] = {
		0.190008,
		0.578391,
		0.793323,
		0,
		0.924163,
		-0.378116,
		0.054329,
		0,
		0.331391,
		0.722837,
		-0.606372,
		0,
		0.474005,
		0.160187,
		-0.195495,
		1,
	},
	[0.45] = {
		0.156319,
		0.672373,
		0.723518,
		0,
		0.952611,
		-0.296165,
		0.069413,
		0,
		0.260952,
		0.678381,
		-0.686806,
		0,
		0.470698,
		0.129853,
		-0.202275,
		1,
	},
	[0.4666666666666667] = {
		0.104846,
		0.747425,
		0.656021,
		0,
		0.973283,
		-0.212617,
		0.08669,
		0,
		0.204275,
		0.629404,
		-0.749748,
		0,
		0.467113,
		0.107285,
		-0.207718,
		1,
	},
	[0.48333333333333334] = {
		0.072284,
		0.79317,
		0.604695,
		0,
		0.985138,
		-0.151495,
		0.080953,
		0,
		0.155818,
		0.589856,
		-0.792332,
		0,
		0.461842,
		0.094786,
		-0.211882,
		1,
	},
	[0.4] = {
		0.132444,
		0.317611,
		0.938926,
		0,
		0.864893,
		-0.499746,
		0.047049,
		0,
		0.484168,
		0.805839,
		-0.340888,
		0,
		0.481725,
		0.230111,
		-0.173941,
		1,
	},
	[0.5166666666666667] = {
		0.056888,
		0.821988,
		0.566657,
		0,
		0.993179,
		-0.104454,
		0.051813,
		0,
		0.101779,
		0.559844,
		-0.822323,
		0,
		0.449769,
		0.081482,
		-0.216114,
		1,
	},
	[0.5333333333333333] = {
		0.05359,
		0.826247,
		0.560752,
		0,
		0.994625,
		-0.093991,
		0.043437,
		0,
		0.088595,
		0.555411,
		-0.826843,
		0,
		0.441609,
		0.077201,
		-0.217547,
		1,
	},
	[0.55] = {
		0.049048,
		0.832981,
		0.551124,
		0,
		0.996488,
		-0.078301,
		0.029662,
		0,
		0.067861,
		0.547734,
		-0.833896,
		0,
		0.429546,
		0.074124,
		-0.219793,
		1,
	},
	[0.5666666666666667] = {
		0.042319,
		0.842985,
		0.53627,
		0,
		0.99841,
		-0.055682,
		0.008741,
		0,
		0.03723,
		0.535048,
		-0.844001,
		0,
		0.413337,
		0.072039,
		-0.222968,
		1,
	},
	[0.5833333333333334] = {
		0.035011,
		0.852778,
		0.521099,
		0,
		0.99938,
		-0.031787,
		-0.015125,
		0,
		0.003666,
		0.521305,
		-0.853362,
		0,
		0.394655,
		0.07073,
		-0.226475,
		1,
	},
	[0.5] = {
		0.062277,
		0.813487,
		0.57824,
		0,
		0.990812,
		-0.12008,
		0.062222,
		0,
		0.120052,
		0.569052,
		-0.813491,
		0,
		0.455912,
		0.086911,
		-0.214542,
		1,
	},
	[0.6166666666666667] = {
		0.018717,
		0.871249,
		0.490485,
		0,
		0.99755,
		0.016799,
		-0.067907,
		0,
		-0.067404,
		0.490555,
		-0.8688,
		0,
		0.353592,
		0.075542,
		-0.233975,
		1,
	},
	[0.6333333333333333] = {
		0.009977,
		0.879777,
		0.475282,
		0,
		0.994687,
		0.039973,
		-0.094871,
		0,
		-0.102464,
		0.473704,
		-0.874703,
		0,
		0.333213,
		0.081963,
		-0.237715,
		1,
	},
	[0.65] = {
		0.00114,
		0.887804,
		0.46022,
		0,
		0.990763,
		0.061402,
		-0.120904,
		0,
		-0.135597,
		0.456107,
		-0.879534,
		0,
		0.314336,
		0.09006,
		-0.241299,
		1,
	},
	[0.6666666666666666] = {
		-0.009239,
		0.896535,
		0.442876,
		0,
		0.985216,
		0.083929,
		-0.149348,
		0,
		-0.171066,
		0.434949,
		-0.884057,
		0,
		0.294876,
		0.098923,
		-0.245263,
		1,
	},
	[0.6833333333333333] = {
		-0.021829,
		0.906005,
		0.422704,
		0,
		0.97734,
		0.108379,
		-0.181825,
		0,
		-0.210547,
		0.409157,
		-0.887841,
		0,
		0.273656,
		0.107673,
		-0.24983,
		1,
	},
	[0.6] = {
		0.027117,
		0.862231,
		0.505789,
		0,
		0.999132,
		-0.007373,
		-0.040997,
		0,
		-0.03162,
		0.506462,
		-0.861683,
		0,
		0.374423,
		0.071551,
		-0.230188,
		1,
	},
	[0.7166666666666667] = {
		-0.046348,
		0.921725,
		0.385064,
		0,
		0.95832,
		0.149816,
		-0.243265,
		0,
		-0.281913,
		0.35774,
		-0.890251,
		0,
		0.235516,
		0.122006,
		-0.258451,
		1,
	},
	[0.7333333333333333] = {
		-0.053873,
		0.926332,
		0.372835,
		0,
		0.950973,
		0.161471,
		-0.263774,
		0,
		-0.304545,
		0.340346,
		-0.889616,
		0,
		0.223365,
		0.126159,
		-0.261323,
		1,
	},
	[0.75] = {
		-0.055074,
		0.928102,
		0.36823,
		0,
		0.948292,
		0.164072,
		-0.271704,
		0,
		-0.312585,
		0.334226,
		-0.889148,
		0,
		0.21899,
		0.127302,
		-0.262446,
		1,
	},
	[0.7666666666666667] = {
		-0.052336,
		0.928301,
		0.368127,
		0,
		0.948695,
		0.161326,
		-0.27194,
		0,
		-0.31183,
		0.335008,
		-0.889118,
		0,
		0.219294,
		0.126642,
		-0.262511,
		1,
	},
	[0.7833333333333333] = {
		-0.049594,
		0.928582,
		0.367799,
		0,
		0.949094,
		0.158506,
		-0.272205,
		0,
		-0.311063,
		0.335576,
		-0.889173,
		0,
		0.219599,
		0.125917,
		-0.262605,
		1,
	},
	[0.7] = {
		-0.034892,
		0.914744,
		0.402524,
		0,
		0.967855,
		0.131311,
		-0.214511,
		0,
		-0.249078,
		0.3821,
		-0.889921,
		0,
		0.253073,
		0.115601,
		-0.254423,
		1,
	},
	[0.8166666666666667] = {
		-0.044203,
		0.929343,
		0.366562,
		0,
		0.949865,
		0.152777,
		-0.272793,
		0,
		-0.30952,
		0.336126,
		-0.889503,
		0,
		0.220201,
		0.124321,
		-0.262862,
		1,
	},
	[0.8333333333333334] = {
		-0.041604,
		0.929801,
		0.365703,
		0,
		0.95023,
		0.149932,
		-0.273099,
		0,
		-0.308758,
		0.336141,
		-0.889763,
		0,
		0.220493,
		0.123475,
		-0.263015,
		1,
	},
	[0.85] = {
		-0.039099,
		0.930297,
		0.364718,
		0,
		0.950576,
		0.147142,
		-0.273413,
		0,
		-0.308021,
		0.336002,
		-0.890071,
		0,
		0.220773,
		0.122614,
		-0.263183,
		1,
	},
	[0.8666666666666667] = {
		-0.036711,
		0.930819,
		0.363632,
		0,
		0.950896,
		0.144441,
		-0.27374,
		0,
		-0.307325,
		0.335727,
		-0.890415,
		0,
		0.221036,
		0.121752,
		-0.263362,
		1,
	},
	[0.8833333333333333] = {
		-0.034463,
		0.931359,
		0.362468,
		0,
		0.951189,
		0.141861,
		-0.274072,
		0,
		-0.306679,
		0.33533,
		-0.890787,
		0,
		0.221279,
		0.120901,
		-0.26355,
		1,
	},
	[0.8] = {
		-0.046875,
		0.928933,
		0.367269,
		0,
		0.949485,
		0.155646,
		-0.272492,
		0,
		-0.310291,
		0.335943,
		-0.889304,
		0,
		0.219902,
		0.125139,
		-0.262724,
		1,
	},
	[0.9166666666666666] = {
		-0.030493,
		0.932449,
		0.360011,
		0,
		0.951683,
		0.137194,
		-0.274731,
		0,
		-0.305564,
		0.334239,
		-0.89158,
		0,
		0.221696,
		0.119286,
		-0.263935,
		1,
	},
	[0.9333333333333333] = {
		-0.028856,
		0.932981,
		0.358768,
		0,
		0.951876,
		0.135207,
		-0.275047,
		0,
		-0.305121,
		0.333566,
		-0.891984,
		0,
		0.221861,
		0.118555,
		-0.264126,
		1,
	},
	[0.95] = {
		-0.027498,
		0.93349,
		0.357548,
		0,
		0.952029,
		0.133508,
		-0.275347,
		0,
		-0.304769,
		0.332825,
		-0.892381,
		0,
		0.221993,
		0.117897,
		-0.26431,
		1,
	},
	[0.9666666666666667] = {
		-0.026393,
		0.933967,
		0.356383,
		0,
		0.952147,
		0.132081,
		-0.275628,
		0,
		-0.304499,
		0.332055,
		-0.89276,
		0,
		0.222095,
		0.117314,
		-0.264484,
		1,
	},
	[0.9833333333333333] = {
		-0.025516,
		0.934402,
		0.355304,
		0,
		0.952235,
		0.130907,
		-0.275883,
		0,
		-0.304298,
		0.331294,
		-0.893111,
		0,
		0.222171,
		0.116808,
		-0.264643,
		1,
	},
	[0.9] = {
		-0.032382,
		0.931905,
		0.361253,
		0,
		0.951452,
		0.139434,
		-0.274404,
		0,
		-0.30609,
		0.334829,
		-0.891178,
		0,
		0.2215,
		0.120075,
		-0.263742,
		1,
	},
	[1.0166666666666666] = {
		-0.024349,
		0.935122,
		0.353489,
		0,
		0.95234,
		0.129244,
		-0.276306,
		0,
		-0.304066,
		0.329913,
		-0.893701,
		0,
		0.222262,
		0.11603,
		-0.264909,
		1,
	},
	[1.0333333333333334] = {
		-0.024008,
		0.935393,
		0.352795,
		0,
		0.952365,
		0.128716,
		-0.276465,
		0,
		-0.304014,
		0.329352,
		-0.893925,
		0,
		0.222283,
		0.115757,
		-0.26501,
		1,
	},
	[1.05] = {
		-0.023795,
		0.935595,
		0.352273,
		0,
		0.952378,
		0.128362,
		-0.276585,
		0,
		-0.30399,
		0.328916,
		-0.894094,
		0,
		0.222294,
		0.115563,
		-0.265086,
		1,
	},
	[1.0666666666666667] = {
		-0.023686,
		0.935721,
		0.351944,
		0,
		0.952383,
		0.128165,
		-0.276659,
		0,
		-0.303983,
		0.328632,
		-0.894201,
		0,
		0.222298,
		0.115446,
		-0.265134,
		1,
	},
	[1.0833333333333333] = {
		-0.023655,
		0.935765,
		0.35183,
		0,
		0.952384,
		0.128103,
		-0.276685,
		0,
		-0.303983,
		0.328532,
		-0.894238,
		0,
		0.222299,
		0.115407,
		-0.26515,
		1,
	},
	{
		-0.024843,
		0.93479,
		0.354332,
		0,
		0.952298,
		0.129968,
		-0.276111,
		0,
		-0.304158,
		0.33057,
		-0.893427,
		0,
		0.222226,
		0.11638,
		-0.264786,
		1,
	},
	[1.1166666666666667] = {
		-0.023655,
		0.935765,
		0.35183,
		0,
		0.952384,
		0.128103,
		-0.276685,
		0,
		-0.303983,
		0.328532,
		-0.894238,
		0,
		0.222299,
		0.115407,
		-0.26515,
		1,
	},
	[1.1333333333333333] = {
		-0.023655,
		0.935765,
		0.35183,
		0,
		0.952384,
		0.128103,
		-0.276685,
		0,
		-0.303983,
		0.328532,
		-0.894238,
		0,
		0.222299,
		0.115407,
		-0.26515,
		1,
	},
	[1.15] = {
		-0.023655,
		0.935765,
		0.35183,
		0,
		0.952384,
		0.128103,
		-0.276685,
		0,
		-0.303983,
		0.328532,
		-0.894238,
		0,
		0.222299,
		0.115407,
		-0.26515,
		1,
	},
	[1.1666666666666667] = {
		-0.023655,
		0.935765,
		0.35183,
		0,
		0.952384,
		0.128103,
		-0.276685,
		0,
		-0.303983,
		0.328532,
		-0.894238,
		0,
		0.222299,
		0.115407,
		-0.26515,
		1,
	},
	[1.1] = {
		-0.023655,
		0.935765,
		0.35183,
		0,
		0.952384,
		0.128103,
		-0.276685,
		0,
		-0.303983,
		0.328532,
		-0.894238,
		0,
		0.222299,
		0.115407,
		-0.26515,
		1,
	},
}

return spline_matrices
