-- chunkname: @content/characters/player/human/first_person/animations/dual_shivs/heavy_attack_stab_down_01.lua

local spline_matrices = {
	[0.016666666666666666] = {
		0.984292,
		0.106733,
		0.140632,
		0,
		0.176519,
		-0.580396,
		-0.794973,
		0,
		-0.003228,
		0.807309,
		-0.590119,
		0,
		0.323404,
		0.366296,
		0.214478,
		1,
	},
	[0.03333333333333333] = {
		0.982929,
		0.13794,
		0.121752,
		0,
		0.180252,
		-0.589326,
		-0.78753,
		0,
		-0.036881,
		0.796032,
		-0.60413,
		0,
		0.313358,
		0.389715,
		0.191547,
		1,
	},
	[0.05] = {
		0.974892,
		0.20935,
		0.075886,
		0,
		0.191784,
		-0.616194,
		-0.763887,
		0,
		-0.11316,
		0.759261,
		-0.640873,
		0,
		0.285444,
		0.436505,
		0.131892,
		1,
	},
	[0.06666666666666667] = {
		0.957135,
		0.289032,
		0.018781,
		0,
		0.213461,
		-0.660082,
		-0.720226,
		0,
		-0.195772,
		0.693363,
		-0.693485,
		0,
		0.247449,
		0.474882,
		0.055599,
		1,
	},
	[0.08333333333333333] = {
		0.935087,
		0.35227,
		-0.038951,
		0,
		0.244408,
		-0.720525,
		-0.648929,
		0,
		-0.256664,
		0.597285,
		-0.759851,
		0,
		0.21732,
		0.49361,
		-0.006538,
		1,
	},
	[0] = {
		0.984292,
		0.106733,
		0.140632,
		0,
		0.176519,
		-0.580396,
		-0.794973,
		0,
		-0.003228,
		0.807309,
		-0.590119,
		0,
		0.323404,
		0.366296,
		0.214478,
		1,
	},
	[0.11666666666666667] = {
		0.896478,
		0.406011,
		-0.177431,
		0,
		0.304794,
		-0.855722,
		-0.418139,
		0,
		-0.321601,
		0.320773,
		-0.890886,
		0,
		0.195897,
		0.504131,
		-0.10697,
		1,
	},
	[0.13333333333333333] = {
		0.879901,
		0.398705,
		-0.258472,
		0,
		0.329649,
		-0.903997,
		-0.272252,
		0,
		-0.342207,
		0.15435,
		-0.926861,
		0,
		0.19439,
		0.498446,
		-0.16239,
		1,
	},
	[0.15] = {
		0.86471,
		0.370737,
		-0.338867,
		0,
		0.351077,
		-0.928615,
		-0.120081,
		0,
		-0.359196,
		-0.015133,
		-0.93314,
		0,
		0.196146,
		0.484935,
		-0.216825,
		1,
	},
	[0.16666666666666666] = {
		0.850248,
		0.327644,
		-0.411981,
		0,
		0.369923,
		-0.92873,
		0.024837,
		0,
		-0.374481,
		-0.173519,
		-0.910854,
		0,
		0.199182,
		0.465096,
		-0.266594,
		1,
	},
	[0.18333333333333332] = {
		0.836404,
		0.277678,
		-0.472571,
		0,
		0.386764,
		-0.909918,
		0.149875,
		0,
		-0.388384,
		-0.308129,
		-0.868455,
		0,
		0.20205,
		0.442053,
		-0.308473,
		1,
	},
	[0.1] = {
		0.914948,
		0.390353,
		-0.102444,
		0,
		0.276234,
		-0.790806,
		-0.546187,
		0,
		-0.294219,
		0.471434,
		-0.831376,
		0,
		0.202844,
		0.502105,
		-0.05408,
		1,
	},
	[0.21666666666666667] = {
		0.815062,
		0.196041,
		-0.545199,
		0,
		0.411238,
		-0.858612,
		0.306054,
		0,
		-0.408115,
		-0.47366,
		-0.780441,
		0,
		0.205162,
		0.403887,
		-0.359991,
		1,
	},
	[0.23333333333333334] = {
		0.811624,
		0.182868,
		-0.55482,
		0,
		0.414987,
		-0.848933,
		0.327259,
		0,
		-0.41116,
		-0.495855,
		-0.764902,
		0,
		0.205556,
		0.397718,
		-0.366943,
		1,
	},
	[0.25] = {
		0.811624,
		0.182868,
		-0.55482,
		0,
		0.414987,
		-0.848933,
		0.327259,
		0,
		-0.41116,
		-0.495855,
		-0.764902,
		0,
		0.205556,
		0.397718,
		-0.366943,
		1,
	},
	[0.26666666666666666] = {
		0.811624,
		0.182868,
		-0.55482,
		0,
		0.414987,
		-0.848933,
		0.327259,
		0,
		-0.41116,
		-0.495855,
		-0.764902,
		0,
		0.205556,
		0.397718,
		-0.366943,
		1,
	},
	[0.2833333333333333] = {
		0.811624,
		0.182868,
		-0.55482,
		0,
		0.414987,
		-0.848933,
		0.327259,
		0,
		-0.41116,
		-0.495855,
		-0.764902,
		0,
		0.205556,
		0.397718,
		-0.366943,
		1,
	},
	[0.2] = {
		0.824064,
		0.230555,
		-0.517459,
		0,
		0.401106,
		-0.882502,
		0.245569,
		0,
		-0.400041,
		-0.40992,
		-0.819715,
		0,
		0.204053,
		0.420087,
		-0.340107,
		1,
	},
	[0.31666666666666665] = {
		0.811624,
		0.182868,
		-0.55482,
		0,
		0.414987,
		-0.848933,
		0.327259,
		0,
		-0.41116,
		-0.495855,
		-0.764902,
		0,
		0.205556,
		0.397718,
		-0.366943,
		1,
	},
	[0.3333333333333333] = {
		0.811624,
		0.182868,
		-0.55482,
		0,
		0.414987,
		-0.848933,
		0.327259,
		0,
		-0.41116,
		-0.495855,
		-0.764902,
		0,
		0.205556,
		0.397718,
		-0.366943,
		1,
	},
	[0.35] = {
		0.811624,
		0.182868,
		-0.55482,
		0,
		0.414987,
		-0.848933,
		0.327259,
		0,
		-0.41116,
		-0.495855,
		-0.764902,
		0,
		0.205556,
		0.397718,
		-0.366943,
		1,
	},
	[0.36666666666666664] = {
		0.811624,
		0.182868,
		-0.55482,
		0,
		0.414987,
		-0.848933,
		0.327259,
		0,
		-0.41116,
		-0.495855,
		-0.764902,
		0,
		0.205556,
		0.397718,
		-0.366943,
		1,
	},
	[0.38333333333333336] = {
		0.811624,
		0.182868,
		-0.55482,
		0,
		0.414987,
		-0.848933,
		0.327259,
		0,
		-0.41116,
		-0.495855,
		-0.764902,
		0,
		0.205556,
		0.397718,
		-0.366943,
		1,
	},
	[0.3] = {
		0.811624,
		0.182868,
		-0.55482,
		0,
		0.414987,
		-0.848933,
		0.327259,
		0,
		-0.41116,
		-0.495855,
		-0.764902,
		0,
		0.205556,
		0.397718,
		-0.366943,
		1,
	},
	[0.4166666666666667] = {
		0.811624,
		0.182868,
		-0.55482,
		0,
		0.414987,
		-0.848933,
		0.327259,
		0,
		-0.41116,
		-0.495855,
		-0.764902,
		0,
		0.205556,
		0.397718,
		-0.366943,
		1,
	},
	[0.43333333333333335] = {
		0.811624,
		0.182868,
		-0.55482,
		0,
		0.414987,
		-0.848933,
		0.327259,
		0,
		-0.41116,
		-0.495855,
		-0.764902,
		0,
		0.205556,
		0.397718,
		-0.366943,
		1,
	},
	[0.45] = {
		0.811624,
		0.182868,
		-0.55482,
		0,
		0.414987,
		-0.848933,
		0.327259,
		0,
		-0.41116,
		-0.495855,
		-0.764902,
		0,
		0.205556,
		0.397718,
		-0.366943,
		1,
	},
	[0.4666666666666667] = {
		0.811624,
		0.182868,
		-0.55482,
		0,
		0.414987,
		-0.848933,
		0.327259,
		0,
		-0.41116,
		-0.495855,
		-0.764902,
		0,
		0.205556,
		0.397718,
		-0.366943,
		1,
	},
	[0.48333333333333334] = {
		0.811624,
		0.182868,
		-0.55482,
		0,
		0.414987,
		-0.848933,
		0.327259,
		0,
		-0.41116,
		-0.495855,
		-0.764902,
		0,
		0.205556,
		0.397718,
		-0.366943,
		1,
	},
	[0.4] = {
		0.811624,
		0.182868,
		-0.55482,
		0,
		0.414987,
		-0.848933,
		0.327259,
		0,
		-0.41116,
		-0.495855,
		-0.764902,
		0,
		0.205556,
		0.397718,
		-0.366943,
		1,
	},
	[0.5166666666666667] = {
		0.811624,
		0.182868,
		-0.55482,
		0,
		0.414987,
		-0.848933,
		0.327259,
		0,
		-0.41116,
		-0.495855,
		-0.764902,
		0,
		0.205556,
		0.397718,
		-0.366943,
		1,
	},
	[0.5333333333333333] = {
		0.811624,
		0.182868,
		-0.55482,
		0,
		0.414987,
		-0.848933,
		0.327259,
		0,
		-0.41116,
		-0.495855,
		-0.764902,
		0,
		0.205556,
		0.397718,
		-0.366943,
		1,
	},
	[0.55] = {
		0.811624,
		0.182868,
		-0.55482,
		0,
		0.414987,
		-0.848933,
		0.327259,
		0,
		-0.41116,
		-0.495855,
		-0.764902,
		0,
		0.205556,
		0.397718,
		-0.366943,
		1,
	},
	[0.5666666666666667] = {
		0.811624,
		0.182868,
		-0.55482,
		0,
		0.414987,
		-0.848933,
		0.327259,
		0,
		-0.41116,
		-0.495855,
		-0.764902,
		0,
		0.205556,
		0.397718,
		-0.366943,
		1,
	},
	[0.5833333333333334] = {
		0.811624,
		0.182868,
		-0.55482,
		0,
		0.414987,
		-0.848933,
		0.327259,
		0,
		-0.41116,
		-0.495855,
		-0.764902,
		0,
		0.205556,
		0.397718,
		-0.366943,
		1,
	},
	[0.5] = {
		0.811624,
		0.182868,
		-0.55482,
		0,
		0.414987,
		-0.848933,
		0.327259,
		0,
		-0.41116,
		-0.495855,
		-0.764902,
		0,
		0.205556,
		0.397718,
		-0.366943,
		1,
	},
	[0.6166666666666667] = {
		0.811624,
		0.182868,
		-0.55482,
		0,
		0.414987,
		-0.848933,
		0.327259,
		0,
		-0.41116,
		-0.495855,
		-0.764902,
		0,
		0.205556,
		0.397718,
		-0.366943,
		1,
	},
	[0.6333333333333333] = {
		0.811624,
		0.182868,
		-0.55482,
		0,
		0.414987,
		-0.848933,
		0.327259,
		0,
		-0.41116,
		-0.495855,
		-0.764902,
		0,
		0.205556,
		0.397718,
		-0.366943,
		1,
	},
	[0.65] = {
		0.811624,
		0.182868,
		-0.55482,
		0,
		0.414987,
		-0.848933,
		0.327259,
		0,
		-0.41116,
		-0.495855,
		-0.764902,
		0,
		0.205556,
		0.397718,
		-0.366943,
		1,
	},
	[0.6666666666666666] = {
		0.811624,
		0.182868,
		-0.55482,
		0,
		0.414987,
		-0.848933,
		0.327259,
		0,
		-0.41116,
		-0.495855,
		-0.764902,
		0,
		0.205556,
		0.397718,
		-0.366943,
		1,
	},
	[0.6833333333333333] = {
		0.811624,
		0.182868,
		-0.55482,
		0,
		0.414987,
		-0.848933,
		0.327259,
		0,
		-0.41116,
		-0.495855,
		-0.764902,
		0,
		0.205556,
		0.397718,
		-0.366943,
		1,
	},
	[0.6] = {
		0.811624,
		0.182868,
		-0.55482,
		0,
		0.414987,
		-0.848933,
		0.327259,
		0,
		-0.41116,
		-0.495855,
		-0.764902,
		0,
		0.205556,
		0.397718,
		-0.366943,
		1,
	},
	[0.7166666666666667] = {
		0.811624,
		0.182868,
		-0.55482,
		0,
		0.414987,
		-0.848933,
		0.327259,
		0,
		-0.41116,
		-0.495855,
		-0.764902,
		0,
		0.205556,
		0.397718,
		-0.366943,
		1,
	},
	[0.7333333333333333] = {
		0.811624,
		0.182868,
		-0.55482,
		0,
		0.414987,
		-0.848933,
		0.327259,
		0,
		-0.41116,
		-0.495855,
		-0.764902,
		0,
		0.205556,
		0.397718,
		-0.366943,
		1,
	},
	[0.75] = {
		0.811624,
		0.182868,
		-0.55482,
		0,
		0.414987,
		-0.848933,
		0.327259,
		0,
		-0.41116,
		-0.495855,
		-0.764902,
		0,
		0.205556,
		0.397718,
		-0.366943,
		1,
	},
	[0.7666666666666667] = {
		0.811624,
		0.182868,
		-0.55482,
		0,
		0.414987,
		-0.848933,
		0.327259,
		0,
		-0.41116,
		-0.495855,
		-0.764902,
		0,
		0.205556,
		0.397718,
		-0.366943,
		1,
	},
	[0.7833333333333333] = {
		0.811624,
		0.182868,
		-0.55482,
		0,
		0.414987,
		-0.848933,
		0.327259,
		0,
		-0.41116,
		-0.495855,
		-0.764902,
		0,
		0.205556,
		0.397718,
		-0.366943,
		1,
	},
	[0.7] = {
		0.811624,
		0.182868,
		-0.55482,
		0,
		0.414987,
		-0.848933,
		0.327259,
		0,
		-0.41116,
		-0.495855,
		-0.764902,
		0,
		0.205556,
		0.397718,
		-0.366943,
		1,
	},
	[0.8166666666666667] = {
		0.811624,
		0.182868,
		-0.55482,
		0,
		0.414987,
		-0.848933,
		0.327259,
		0,
		-0.41116,
		-0.495855,
		-0.764902,
		0,
		0.205556,
		0.397718,
		-0.366943,
		1,
	},
	[0.8333333333333334] = {
		0.811624,
		0.182868,
		-0.55482,
		0,
		0.414987,
		-0.848933,
		0.327259,
		0,
		-0.41116,
		-0.495855,
		-0.764902,
		0,
		0.205556,
		0.397718,
		-0.366943,
		1,
	},
	[0.85] = {
		0.811624,
		0.182868,
		-0.55482,
		0,
		0.414987,
		-0.848933,
		0.327259,
		0,
		-0.41116,
		-0.495855,
		-0.764902,
		0,
		0.205556,
		0.397718,
		-0.366943,
		1,
	},
	[0.8666666666666667] = {
		0.811624,
		0.182868,
		-0.55482,
		0,
		0.414987,
		-0.848933,
		0.327259,
		0,
		-0.41116,
		-0.495855,
		-0.764902,
		0,
		0.205556,
		0.397718,
		-0.366943,
		1,
	},
	[0.8833333333333333] = {
		0.811624,
		0.182868,
		-0.55482,
		0,
		0.414987,
		-0.848933,
		0.327259,
		0,
		-0.41116,
		-0.495855,
		-0.764902,
		0,
		0.205556,
		0.397718,
		-0.366943,
		1,
	},
	[0.8] = {
		0.811624,
		0.182868,
		-0.55482,
		0,
		0.414987,
		-0.848933,
		0.327259,
		0,
		-0.41116,
		-0.495855,
		-0.764902,
		0,
		0.205556,
		0.397718,
		-0.366943,
		1,
	},
	[0.9166666666666666] = {
		0.811624,
		0.182868,
		-0.55482,
		0,
		0.414987,
		-0.848933,
		0.327259,
		0,
		-0.41116,
		-0.495855,
		-0.764902,
		0,
		0.205556,
		0.397718,
		-0.366943,
		1,
	},
	[0.9333333333333333] = {
		0.811624,
		0.182868,
		-0.55482,
		0,
		0.414987,
		-0.848933,
		0.327259,
		0,
		-0.41116,
		-0.495855,
		-0.764902,
		0,
		0.205556,
		0.397718,
		-0.366943,
		1,
	},
	[0.95] = {
		0.811624,
		0.182868,
		-0.55482,
		0,
		0.414987,
		-0.848933,
		0.327259,
		0,
		-0.41116,
		-0.495855,
		-0.764902,
		0,
		0.205556,
		0.397718,
		-0.366943,
		1,
	},
	[0.9666666666666667] = {
		0.811624,
		0.182868,
		-0.55482,
		0,
		0.414987,
		-0.848933,
		0.327259,
		0,
		-0.41116,
		-0.495855,
		-0.764902,
		0,
		0.205556,
		0.397718,
		-0.366943,
		1,
	},
	[0.9833333333333333] = {
		0.811624,
		0.182868,
		-0.55482,
		0,
		0.414987,
		-0.848933,
		0.327259,
		0,
		-0.41116,
		-0.495855,
		-0.764902,
		0,
		0.205556,
		0.397718,
		-0.366943,
		1,
	},
	[0.9] = {
		0.811624,
		0.182868,
		-0.55482,
		0,
		0.414987,
		-0.848933,
		0.327259,
		0,
		-0.41116,
		-0.495855,
		-0.764902,
		0,
		0.205556,
		0.397718,
		-0.366943,
		1,
	},
	[1.0166666666666666] = {
		0.811624,
		0.182868,
		-0.55482,
		0,
		0.414987,
		-0.848933,
		0.327259,
		0,
		-0.41116,
		-0.495855,
		-0.764902,
		0,
		0.205556,
		0.397718,
		-0.366943,
		1,
	},
	[1.0333333333333334] = {
		0.811624,
		0.182868,
		-0.55482,
		0,
		0.414987,
		-0.848933,
		0.327259,
		0,
		-0.41116,
		-0.495855,
		-0.764902,
		0,
		0.205556,
		0.397718,
		-0.366943,
		1,
	},
	[1.05] = {
		0.811624,
		0.182868,
		-0.55482,
		0,
		0.414987,
		-0.848933,
		0.327259,
		0,
		-0.41116,
		-0.495855,
		-0.764902,
		0,
		0.205556,
		0.397718,
		-0.366943,
		1,
	},
	[1.0666666666666667] = {
		0.811624,
		0.182868,
		-0.55482,
		0,
		0.414987,
		-0.848933,
		0.327259,
		0,
		-0.41116,
		-0.495855,
		-0.764902,
		0,
		0.205556,
		0.397718,
		-0.366943,
		1,
	},
	[1.0833333333333333] = {
		0.811624,
		0.182868,
		-0.55482,
		0,
		0.414987,
		-0.848933,
		0.327259,
		0,
		-0.41116,
		-0.495855,
		-0.764902,
		0,
		0.205556,
		0.397718,
		-0.366943,
		1,
	},
	{
		0.811624,
		0.182868,
		-0.55482,
		0,
		0.414987,
		-0.848933,
		0.327259,
		0,
		-0.41116,
		-0.495855,
		-0.764902,
		0,
		0.205556,
		0.397718,
		-0.366943,
		1,
	},
	[1.1166666666666667] = {
		0.811624,
		0.182868,
		-0.55482,
		0,
		0.414987,
		-0.848933,
		0.327259,
		0,
		-0.41116,
		-0.495855,
		-0.764902,
		0,
		0.205556,
		0.397718,
		-0.366943,
		1,
	},
	[1.1333333333333333] = {
		0.811624,
		0.182868,
		-0.55482,
		0,
		0.414987,
		-0.848933,
		0.327259,
		0,
		-0.41116,
		-0.495855,
		-0.764902,
		0,
		0.205556,
		0.397718,
		-0.366943,
		1,
	},
	[1.15] = {
		0.811624,
		0.182868,
		-0.55482,
		0,
		0.414987,
		-0.848933,
		0.327259,
		0,
		-0.41116,
		-0.495855,
		-0.764902,
		0,
		0.205556,
		0.397718,
		-0.366943,
		1,
	},
	[1.1666666666666667] = {
		0.811624,
		0.182868,
		-0.55482,
		0,
		0.414987,
		-0.848933,
		0.327259,
		0,
		-0.41116,
		-0.495855,
		-0.764902,
		0,
		0.205556,
		0.397718,
		-0.366943,
		1,
	},
	[1.1833333333333333] = {
		0.811624,
		0.182868,
		-0.55482,
		0,
		0.414987,
		-0.848933,
		0.327259,
		0,
		-0.41116,
		-0.495855,
		-0.764902,
		0,
		0.205556,
		0.397718,
		-0.366943,
		1,
	},
	[1.1] = {
		0.811624,
		0.182868,
		-0.55482,
		0,
		0.414987,
		-0.848933,
		0.327259,
		0,
		-0.41116,
		-0.495855,
		-0.764902,
		0,
		0.205556,
		0.397718,
		-0.366943,
		1,
	},
	[1.2166666666666666] = {
		0.811624,
		0.182868,
		-0.55482,
		0,
		0.414987,
		-0.848933,
		0.327259,
		0,
		-0.41116,
		-0.495855,
		-0.764902,
		0,
		0.205556,
		0.397718,
		-0.366943,
		1,
	},
	[1.2333333333333334] = {
		0.811624,
		0.182868,
		-0.55482,
		0,
		0.414987,
		-0.848933,
		0.327259,
		0,
		-0.41116,
		-0.495855,
		-0.764902,
		0,
		0.205556,
		0.397718,
		-0.366943,
		1,
	},
	[1.25] = {
		0.811624,
		0.182868,
		-0.55482,
		0,
		0.414987,
		-0.848933,
		0.327259,
		0,
		-0.41116,
		-0.495855,
		-0.764902,
		0,
		0.205556,
		0.397718,
		-0.366943,
		1,
	},
	[1.2666666666666666] = {
		0.811624,
		0.182868,
		-0.55482,
		0,
		0.414987,
		-0.848933,
		0.327259,
		0,
		-0.41116,
		-0.495855,
		-0.764902,
		0,
		0.205556,
		0.397718,
		-0.366943,
		1,
	},
	[1.2833333333333334] = {
		0.811624,
		0.182868,
		-0.55482,
		0,
		0.414987,
		-0.848933,
		0.327259,
		0,
		-0.41116,
		-0.495855,
		-0.764902,
		0,
		0.205556,
		0.397718,
		-0.366943,
		1,
	},
	[1.2] = {
		0.811624,
		0.182868,
		-0.55482,
		0,
		0.414987,
		-0.848933,
		0.327259,
		0,
		-0.41116,
		-0.495855,
		-0.764902,
		0,
		0.205556,
		0.397718,
		-0.366943,
		1,
	},
	[1.3166666666666667] = {
		0.811624,
		0.182868,
		-0.55482,
		0,
		0.414987,
		-0.848933,
		0.327259,
		0,
		-0.41116,
		-0.495855,
		-0.764902,
		0,
		0.205556,
		0.397718,
		-0.366943,
		1,
	},
	[1.3333333333333333] = {
		0.811624,
		0.182868,
		-0.55482,
		0,
		0.414987,
		-0.848933,
		0.327259,
		0,
		-0.41116,
		-0.495855,
		-0.764902,
		0,
		0.205556,
		0.397718,
		-0.366943,
		1,
	},
	[1.35] = {
		0.811624,
		0.182868,
		-0.55482,
		0,
		0.414987,
		-0.848933,
		0.327259,
		0,
		-0.41116,
		-0.495855,
		-0.764902,
		0,
		0.205556,
		0.397718,
		-0.366943,
		1,
	},
	[1.3666666666666667] = {
		0.811624,
		0.182868,
		-0.55482,
		0,
		0.414987,
		-0.848933,
		0.327259,
		0,
		-0.41116,
		-0.495855,
		-0.764902,
		0,
		0.205556,
		0.397718,
		-0.366943,
		1,
	},
	[1.3833333333333333] = {
		0.811624,
		0.182868,
		-0.55482,
		0,
		0.414987,
		-0.848933,
		0.327259,
		0,
		-0.41116,
		-0.495855,
		-0.764902,
		0,
		0.205556,
		0.397718,
		-0.366943,
		1,
	},
	[1.3] = {
		0.811624,
		0.182868,
		-0.55482,
		0,
		0.414987,
		-0.848933,
		0.327259,
		0,
		-0.41116,
		-0.495855,
		-0.764902,
		0,
		0.205556,
		0.397718,
		-0.366943,
		1,
	},
	[1.4166666666666667] = {
		0.811624,
		0.182868,
		-0.55482,
		0,
		0.414987,
		-0.848933,
		0.327259,
		0,
		-0.41116,
		-0.495855,
		-0.764902,
		0,
		0.205556,
		0.397718,
		-0.366943,
		1,
	},
	[1.4333333333333333] = {
		0.811624,
		0.182868,
		-0.55482,
		0,
		0.414987,
		-0.848933,
		0.327259,
		0,
		-0.41116,
		-0.495855,
		-0.764902,
		0,
		0.205556,
		0.397718,
		-0.366943,
		1,
	},
	[1.45] = {
		0.811624,
		0.182868,
		-0.55482,
		0,
		0.414987,
		-0.848933,
		0.327259,
		0,
		-0.41116,
		-0.495855,
		-0.764902,
		0,
		0.205556,
		0.397718,
		-0.366943,
		1,
	},
	[1.4666666666666666] = {
		0.811624,
		0.182868,
		-0.55482,
		0,
		0.414987,
		-0.848933,
		0.327259,
		0,
		-0.41116,
		-0.495855,
		-0.764902,
		0,
		0.205556,
		0.397718,
		-0.366943,
		1,
	},
	[1.4833333333333334] = {
		0.811624,
		0.182868,
		-0.55482,
		0,
		0.414987,
		-0.848933,
		0.327259,
		0,
		-0.41116,
		-0.495855,
		-0.764902,
		0,
		0.205556,
		0.397718,
		-0.366943,
		1,
	},
	[1.4] = {
		0.811624,
		0.182868,
		-0.55482,
		0,
		0.414987,
		-0.848933,
		0.327259,
		0,
		-0.41116,
		-0.495855,
		-0.764902,
		0,
		0.205556,
		0.397718,
		-0.366943,
		1,
	},
	[1.5166666666666666] = {
		0.811624,
		0.182868,
		-0.55482,
		0,
		0.414987,
		-0.848933,
		0.327259,
		0,
		-0.41116,
		-0.495855,
		-0.764902,
		0,
		0.205556,
		0.397718,
		-0.366943,
		1,
	},
	[1.5333333333333334] = {
		0.811624,
		0.182868,
		-0.55482,
		0,
		0.414987,
		-0.848933,
		0.327259,
		0,
		-0.41116,
		-0.495855,
		-0.764902,
		0,
		0.205556,
		0.397718,
		-0.366943,
		1,
	},
	[1.55] = {
		0.811624,
		0.182868,
		-0.55482,
		0,
		0.414987,
		-0.848933,
		0.327259,
		0,
		-0.41116,
		-0.495855,
		-0.764902,
		0,
		0.205556,
		0.397718,
		-0.366943,
		1,
	},
	[1.5666666666666667] = {
		0.811624,
		0.182868,
		-0.55482,
		0,
		0.414987,
		-0.848933,
		0.327259,
		0,
		-0.41116,
		-0.495855,
		-0.764902,
		0,
		0.205556,
		0.397718,
		-0.366943,
		1,
	},
	[1.5833333333333333] = {
		0.811624,
		0.182868,
		-0.55482,
		0,
		0.414987,
		-0.848933,
		0.327259,
		0,
		-0.41116,
		-0.495855,
		-0.764902,
		0,
		0.205556,
		0.397718,
		-0.366943,
		1,
	},
	[1.5] = {
		0.811624,
		0.182868,
		-0.55482,
		0,
		0.414987,
		-0.848933,
		0.327259,
		0,
		-0.41116,
		-0.495855,
		-0.764902,
		0,
		0.205556,
		0.397718,
		-0.366943,
		1,
	},
	[1.6166666666666667] = {
		0.811624,
		0.182868,
		-0.55482,
		0,
		0.414987,
		-0.848933,
		0.327259,
		0,
		-0.41116,
		-0.495855,
		-0.764902,
		0,
		0.205556,
		0.397718,
		-0.366943,
		1,
	},
	[1.6333333333333333] = {
		0.811624,
		0.182868,
		-0.55482,
		0,
		0.414987,
		-0.848933,
		0.327259,
		0,
		-0.41116,
		-0.495855,
		-0.764902,
		0,
		0.205556,
		0.397718,
		-0.366943,
		1,
	},
	[1.65] = {
		0.811624,
		0.182868,
		-0.55482,
		0,
		0.414987,
		-0.848933,
		0.327259,
		0,
		-0.41116,
		-0.495855,
		-0.764902,
		0,
		0.205556,
		0.397718,
		-0.366943,
		1,
	},
	[1.6666666666666667] = {
		0.811624,
		0.182868,
		-0.55482,
		0,
		0.414987,
		-0.848933,
		0.327259,
		0,
		-0.41116,
		-0.495855,
		-0.764902,
		0,
		0.205556,
		0.397718,
		-0.366943,
		1,
	},
	[1.6833333333333333] = {
		0.811624,
		0.182868,
		-0.55482,
		0,
		0.414987,
		-0.848933,
		0.327259,
		0,
		-0.41116,
		-0.495855,
		-0.764902,
		0,
		0.205556,
		0.397718,
		-0.366943,
		1,
	},
	[1.6] = {
		0.811624,
		0.182868,
		-0.55482,
		0,
		0.414987,
		-0.848933,
		0.327259,
		0,
		-0.41116,
		-0.495855,
		-0.764902,
		0,
		0.205556,
		0.397718,
		-0.366943,
		1,
	},
	[1.7166666666666666] = {
		0.811624,
		0.182868,
		-0.55482,
		0,
		0.414987,
		-0.848933,
		0.327259,
		0,
		-0.41116,
		-0.495855,
		-0.764902,
		0,
		0.205556,
		0.397718,
		-0.366943,
		1,
	},
	[1.7333333333333334] = {
		0.811624,
		0.182868,
		-0.55482,
		0,
		0.414987,
		-0.848933,
		0.327259,
		0,
		-0.41116,
		-0.495855,
		-0.764902,
		0,
		0.205556,
		0.397718,
		-0.366943,
		1,
	},
	[1.75] = {
		0.811624,
		0.182868,
		-0.55482,
		0,
		0.414987,
		-0.848933,
		0.327259,
		0,
		-0.41116,
		-0.495855,
		-0.764902,
		0,
		0.205556,
		0.397718,
		-0.366943,
		1,
	},
	[1.7666666666666666] = {
		0.811624,
		0.182868,
		-0.55482,
		0,
		0.414987,
		-0.848933,
		0.327259,
		0,
		-0.41116,
		-0.495855,
		-0.764902,
		0,
		0.205556,
		0.397718,
		-0.366943,
		1,
	},
	[1.7833333333333334] = {
		0.811624,
		0.182868,
		-0.55482,
		0,
		0.414987,
		-0.848933,
		0.327259,
		0,
		-0.41116,
		-0.495855,
		-0.764902,
		0,
		0.205556,
		0.397718,
		-0.366943,
		1,
	},
	[1.7] = {
		0.811624,
		0.182868,
		-0.55482,
		0,
		0.414987,
		-0.848933,
		0.327259,
		0,
		-0.41116,
		-0.495855,
		-0.764902,
		0,
		0.205556,
		0.397718,
		-0.366943,
		1,
	},
	[1.8166666666666667] = {
		0.811624,
		0.182868,
		-0.55482,
		0,
		0.414987,
		-0.848933,
		0.327259,
		0,
		-0.41116,
		-0.495855,
		-0.764902,
		0,
		0.205556,
		0.397718,
		-0.366943,
		1,
	},
	[1.8333333333333333] = {
		0.811624,
		0.182868,
		-0.55482,
		0,
		0.414987,
		-0.848933,
		0.327259,
		0,
		-0.41116,
		-0.495855,
		-0.764902,
		0,
		0.205556,
		0.397718,
		-0.366943,
		1,
	},
	[1.85] = {
		0.811624,
		0.182868,
		-0.55482,
		0,
		0.414987,
		-0.848933,
		0.327259,
		0,
		-0.41116,
		-0.495855,
		-0.764902,
		0,
		0.205556,
		0.397718,
		-0.366943,
		1,
	},
	[1.8666666666666667] = {
		0.811624,
		0.182868,
		-0.55482,
		0,
		0.414987,
		-0.848933,
		0.327259,
		0,
		-0.41116,
		-0.495855,
		-0.764902,
		0,
		0.205556,
		0.397718,
		-0.366943,
		1,
	},
	[1.8833333333333333] = {
		0.811624,
		0.182868,
		-0.55482,
		0,
		0.414987,
		-0.848933,
		0.327259,
		0,
		-0.41116,
		-0.495855,
		-0.764902,
		0,
		0.205556,
		0.397718,
		-0.366943,
		1,
	},
	[1.8] = {
		0.811624,
		0.182868,
		-0.55482,
		0,
		0.414987,
		-0.848933,
		0.327259,
		0,
		-0.41116,
		-0.495855,
		-0.764902,
		0,
		0.205556,
		0.397718,
		-0.366943,
		1,
	},
	[1.9166666666666667] = {
		0.811624,
		0.182868,
		-0.55482,
		0,
		0.414987,
		-0.848933,
		0.327259,
		0,
		-0.41116,
		-0.495855,
		-0.764902,
		0,
		0.205556,
		0.397718,
		-0.366943,
		1,
	},
	[1.9333333333333333] = {
		0.811624,
		0.182868,
		-0.55482,
		0,
		0.414987,
		-0.848933,
		0.327259,
		0,
		-0.41116,
		-0.495855,
		-0.764902,
		0,
		0.205556,
		0.397718,
		-0.366943,
		1,
	},
	[1.95] = {
		0.811624,
		0.182868,
		-0.55482,
		0,
		0.414987,
		-0.848933,
		0.327259,
		0,
		-0.41116,
		-0.495855,
		-0.764902,
		0,
		0.205556,
		0.397718,
		-0.366943,
		1,
	},
	[1.9666666666666666] = {
		0.811624,
		0.182868,
		-0.55482,
		0,
		0.414987,
		-0.848933,
		0.327259,
		0,
		-0.41116,
		-0.495855,
		-0.764902,
		0,
		0.205556,
		0.397718,
		-0.366943,
		1,
	},
	[1.9833333333333334] = {
		0.811624,
		0.182868,
		-0.55482,
		0,
		0.414987,
		-0.848933,
		0.327259,
		0,
		-0.41116,
		-0.495855,
		-0.764902,
		0,
		0.205556,
		0.397718,
		-0.366943,
		1,
	},
	[1.9] = {
		0.811624,
		0.182868,
		-0.55482,
		0,
		0.414987,
		-0.848933,
		0.327259,
		0,
		-0.41116,
		-0.495855,
		-0.764902,
		0,
		0.205556,
		0.397718,
		-0.366943,
		1,
	},
}

return spline_matrices
