-- chunkname: @content/characters/player/human/first_person/animations/dual_shivs/heavy_attack_stab_fwd_offhand_sweep.lua

local spline_matrices = {
	[0.016666666666666666] = {
		0.999995,
		0.000494,
		-0.003054,
		0,
		-0.003056,
		0.004815,
		-0.999984,
		0,
		-0.000479,
		0.999988,
		0.004817,
		0,
		-0.014588,
		0.322651,
		-0.152039,
		1,
	},
	[0.03333333333333333] = {
		0.999995,
		-0.002791,
		-0.001373,
		0,
		-0.001359,
		0.004845,
		-0.999987,
		0,
		0.002797,
		0.999984,
		0.004841,
		0,
		-0.01326,
		0.341929,
		-0.129092,
		1,
	},
	[0.05] = {
		0.999989,
		-0.004559,
		-0.000468,
		0,
		-0.000446,
		0.004898,
		-0.999988,
		0,
		0.004562,
		0.999978,
		0.004896,
		0,
		-0.012443,
		0.371684,
		-0.095667,
		1,
	},
	[0.06666666666666667] = {
		0.999997,
		-0.001019,
		-0.002281,
		0,
		-0.002273,
		0.007815,
		-0.999967,
		0,
		0.001037,
		0.999969,
		0.007812,
		0,
		-0.013824,
		0.419909,
		-0.047965,
		1,
	},
	[0.08333333333333333] = {
		0.999969,
		0.005583,
		-0.005593,
		0,
		-0.005666,
		0.013161,
		-0.999897,
		0,
		-0.005509,
		0.999898,
		0.013192,
		0,
		-0.017248,
		0.530009,
		-0.01612,
		1,
	},
	[0] = {
		0.99999,
		0.002263,
		-0.003959,
		0,
		-0.003969,
		0.004806,
		-0.999981,
		0,
		-0.002244,
		0.999986,
		0.004815,
		0,
		-0.015243,
		0.315828,
		-0.168154,
		1,
	},
	[0.11666666666666667] = {
		0.999936,
		0.008634,
		-0.007318,
		0,
		-0.007439,
		0.014129,
		-0.999873,
		0,
		-0.008529,
		0.999863,
		0.014192,
		0,
		-0.019272,
		0.558497,
		-0.010689,
		1,
	},
	[0.13333333333333333] = {
		0.999947,
		0.00734,
		-0.007221,
		0,
		-0.007291,
		0.009589,
		-0.999927,
		0,
		-0.00727,
		0.999927,
		0.009642,
		0,
		-0.018748,
		0.565105,
		-0.012301,
		1,
	},
	[0.15] = {
		0.999959,
		0.005662,
		-0.007041,
		0,
		-0.007064,
		0.004171,
		-0.999966,
		0,
		-0.005632,
		0.999975,
		0.004211,
		0,
		-0.018037,
		0.57031,
		-0.015031,
		1,
	},
	[0.16666666666666666] = {
		0.999969,
		0.003993,
		-0.006778,
		0,
		-0.006776,
		-0.000367,
		-0.999977,
		0,
		-0.003995,
		0.999992,
		-0.00034,
		0,
		-0.017365,
		0.573955,
		-0.017585,
		1,
	},
	[0.18333333333333332] = {
		0.999975,
		0.002721,
		-0.006451,
		0,
		-0.006445,
		-0.002269,
		-0.999977,
		0,
		-0.002736,
		0.999994,
		-0.002251,
		0,
		-0.016969,
		0.575906,
		-0.018747,
		1,
	},
	[0.1] = {
		0.999931,
		0.009153,
		-0.007346,
		0,
		-0.007493,
		0.016032,
		-0.999843,
		0,
		-0.009033,
		0.99983,
		0.0161,
		0,
		-0.019396,
		0.550657,
		-0.011438,
		1,
	},
	[0.21666666666666667] = {
		0.999981,
		0.002224,
		-0.005719,
		0,
		-0.005715,
		-0.001924,
		-0.999982,
		0,
		-0.002235,
		0.999996,
		-0.001911,
		0,
		-0.017002,
		0.574008,
		-0.020073,
		1,
	},
	[0.23333333333333334] = {
		0.999983,
		0.002229,
		-0.005347,
		0,
		-0.005343,
		-0.001532,
		-0.999985,
		0,
		-0.002237,
		0.999996,
		-0.00152,
		0,
		-0.01621,
		0.569809,
		-0.022009,
		1,
	},
	[0.25] = {
		0.999985,
		0.002234,
		-0.004989,
		0,
		-0.004987,
		-0.001027,
		-0.999987,
		0,
		-0.002239,
		0.999997,
		-0.001016,
		0,
		-0.015247,
		0.555936,
		-0.025275,
		1,
	},
	[0.26666666666666666] = {
		0.999987,
		0.002238,
		-0.004662,
		0,
		-0.004661,
		-0.000434,
		-0.999989,
		0,
		-0.00224,
		0.999997,
		-0.000424,
		0,
		-0.014688,
		0.542068,
		-0.030204,
		1,
	},
	[0.2833333333333333] = {
		0.999988,
		0.002243,
		-0.004381,
		0,
		-0.004382,
		0.000222,
		-0.99999,
		0,
		-0.002242,
		0.999997,
		0.000232,
		0,
		-0.015084,
		0.528206,
		-0.036715,
		1,
	},
	[0.2] = {
		0.999979,
		0.00222,
		-0.006091,
		0,
		-0.006086,
		-0.002177,
		-0.999979,
		0,
		-0.002234,
		0.999995,
		-0.002163,
		0,
		-0.017087,
		0.575988,
		-0.019108,
		1,
	},
	[0.31666666666666665] = {
		0.999989,
		0.002253,
		-0.004015,
		0,
		-0.00402,
		0.002271,
		-0.999989,
		0,
		-0.002243,
		0.999995,
		0.00228,
		0,
		-0.020969,
		0.509756,
		-0.053201,
		1,
	},
	[0.3333333333333333] = {
		0.99999,
		0.002259,
		-0.003961,
		0,
		-0.003969,
		0.003721,
		-0.999985,
		0,
		-0.002244,
		0.999991,
		0.00373,
		0,
		-0.027553,
		0.50021,
		-0.062662,
		1,
	},
	[0.35] = {
		0.99999,
		0.002265,
		-0.003957,
		0,
		-0.003969,
		0.005372,
		-0.999978,
		0,
		-0.002244,
		0.999983,
		0.00538,
		0,
		-0.037292,
		0.490903,
		-0.072652,
		1,
	},
	[0.36666666666666664] = {
		0.99999,
		0.002272,
		-0.003953,
		0,
		-0.003969,
		0.00716,
		-0.999966,
		0,
		-0.002244,
		0.999972,
		0.007169,
		0,
		-0.049771,
		0.482173,
		-0.08296,
		1,
	},
	[0.38333333333333336] = {
		0.99999,
		0.002279,
		-0.003949,
		0,
		-0.003969,
		0.009025,
		-0.999951,
		0,
		-0.002244,
		0.999957,
		0.009034,
		0,
		-0.064121,
		0.474355,
		-0.093367,
		1,
	},
	[0.3] = {
		0.999989,
		0.002247,
		-0.00416,
		0,
		-0.004163,
		0.001084,
		-0.999991,
		0,
		-0.002243,
		0.999997,
		0.001094,
		0,
		-0.016997,
		0.519202,
		-0.044482,
		1,
	},
	[0.4166666666666667] = {
		0.99999,
		0.002294,
		-0.003941,
		0,
		-0.003969,
		0.012733,
		-0.999911,
		0,
		-0.002244,
		0.999916,
		0.012742,
		0,
		-0.094941,
		0.462772,
		-0.113592,
		1,
	},
	[0.43333333333333335] = {
		0.99999,
		0.002301,
		-0.003937,
		0,
		-0.003969,
		0.014451,
		-0.999888,
		0,
		-0.002244,
		0.999893,
		0.01446,
		0,
		-0.109669,
		0.459655,
		-0.122954,
		1,
	},
	[0.45] = {
		0.99999,
		0.002307,
		-0.003933,
		0,
		-0.003969,
		0.015997,
		-0.999864,
		0,
		-0.002244,
		0.999869,
		0.016006,
		0,
		-0.122778,
		0.458747,
		-0.131508,
		1,
	},
	[0.4666666666666667] = {
		0.99999,
		0.002312,
		-0.00393,
		0,
		-0.003969,
		0.017308,
		-0.999842,
		0,
		-0.002244,
		0.999848,
		0.017317,
		0,
		-0.134015,
		0.459035,
		-0.139043,
		1,
	},
	[0.48333333333333334] = {
		0.99999,
		0.002316,
		-0.003928,
		0,
		-0.003969,
		0.018321,
		-0.999824,
		0,
		-0.002244,
		0.999829,
		0.01833,
		0,
		-0.143779,
		0.459278,
		-0.145355,
		1,
	},
	[0.4] = {
		0.99999,
		0.002287,
		-0.003945,
		0,
		-0.003969,
		0.010903,
		-0.999933,
		0,
		-0.002244,
		0.999938,
		0.010912,
		0,
		-0.079468,
		0.467779,
		-0.103653,
		1,
	},
	[0.5166666666666667] = {
		0.99999,
		0.00232,
		-0.003926,
		0,
		-0.003969,
		0.019207,
		-0.999808,
		0,
		-0.002244,
		0.999813,
		0.019216,
		0,
		-0.159337,
		0.459535,
		-0.153441,
		1,
	},
	[0.5333333333333333] = {
		0.99999,
		0.002319,
		-0.003926,
		0,
		-0.003969,
		0.019102,
		-0.99981,
		0,
		-0.002244,
		0.999815,
		0.019111,
		0,
		-0.165359,
		0.459548,
		-0.155716,
		1,
	},
	[0.55] = {
		0.99999,
		0.002318,
		-0.003927,
		0,
		-0.003969,
		0.018803,
		-0.999815,
		0,
		-0.002244,
		0.999821,
		0.018812,
		0,
		-0.170366,
		0.459529,
		-0.157919,
		1,
	},
	[0.5666666666666667] = {
		0.99999,
		0.002316,
		-0.003928,
		0,
		-0.003969,
		0.018332,
		-0.999824,
		0,
		-0.002244,
		0.999829,
		0.018341,
		0,
		-0.174469,
		0.45948,
		-0.160045,
		1,
	},
	[0.5833333333333334] = {
		0.99999,
		0.002314,
		-0.003929,
		0,
		-0.003969,
		0.017709,
		-0.999835,
		0,
		-0.002244,
		0.999841,
		0.017718,
		0,
		-0.177782,
		0.459404,
		-0.16209,
		1,
	},
	[0.5] = {
		0.99999,
		0.002319,
		-0.003926,
		0,
		-0.003969,
		0.018975,
		-0.999812,
		0,
		-0.002244,
		0.999817,
		0.018984,
		0,
		-0.152182,
		0.459452,
		-0.150228,
		1,
	},
	[0.6166666666666667] = {
		0.99999,
		0.002307,
		-0.003933,
		0,
		-0.003969,
		0.016096,
		-0.999863,
		0,
		-0.002244,
		0.999868,
		0.016105,
		0,
		-0.182491,
		0.459181,
		-0.165916,
		1,
	},
	[0.6333333333333333] = {
		0.99999,
		0.002304,
		-0.003935,
		0,
		-0.003969,
		0.015149,
		-0.999877,
		0,
		-0.002244,
		0.999883,
		0.015158,
		0,
		-0.184112,
		0.459041,
		-0.167688,
		1,
	},
	[0.65] = {
		0.99999,
		0.0023,
		-0.003937,
		0,
		-0.003969,
		0.014138,
		-0.999892,
		0,
		-0.002244,
		0.999897,
		0.014147,
		0,
		-0.185241,
		0.458885,
		-0.16936,
		1,
	},
	[0.6666666666666666] = {
		0.99999,
		0.002295,
		-0.00394,
		0,
		-0.003969,
		0.013083,
		-0.999907,
		0,
		-0.002244,
		0.999912,
		0.013092,
		0,
		-0.1858,
		0.458719,
		-0.17093,
		1,
	},
	[0.6833333333333333] = {
		0.99999,
		0.002291,
		-0.003942,
		0,
		-0.003969,
		0.012006,
		-0.99992,
		0,
		-0.002244,
		0.999925,
		0.012015,
		0,
		-0.185845,
		0.458547,
		-0.172391,
		1,
	},
	[0.6] = {
		0.99999,
		0.002311,
		-0.003931,
		0,
		-0.003969,
		0.016957,
		-0.999848,
		0,
		-0.002244,
		0.999854,
		0.016966,
		0,
		-0.180418,
		0.459304,
		-0.164048,
		1,
	},
	[0.7166666666666667] = {
		0.99999,
		0.002283,
		-0.003947,
		0,
		-0.003969,
		0.009875,
		-0.999943,
		0,
		-0.002244,
		0.999949,
		0.009884,
		0,
		-0.184627,
		0.458197,
		-0.174975,
		1,
	},
	[0.7333333333333333] = {
		0.99999,
		0.002279,
		-0.003949,
		0,
		-0.003969,
		0.008863,
		-0.999953,
		0,
		-0.002244,
		0.999958,
		0.008872,
		0,
		-0.183476,
		0.458028,
		-0.176087,
		1,
	},
	[0.75] = {
		0.99999,
		0.002275,
		-0.003952,
		0,
		-0.003969,
		0.007916,
		-0.999961,
		0,
		-0.002244,
		0.999966,
		0.007925,
		0,
		-0.182042,
		0.457868,
		-0.177075,
		1,
	},
	[0.7666666666666667] = {
		0.99999,
		0.002272,
		-0.003953,
		0,
		-0.003969,
		0.007056,
		-0.999967,
		0,
		-0.002244,
		0.999973,
		0.007065,
		0,
		-0.180381,
		0.457723,
		-0.177934,
		1,
	},
	[0.7833333333333333] = {
		0.99999,
		0.002269,
		-0.003955,
		0,
		-0.003969,
		0.006303,
		-0.999972,
		0,
		-0.002244,
		0.999978,
		0.006312,
		0,
		-0.178549,
		0.457595,
		-0.178659,
		1,
	},
	[0.7] = {
		0.99999,
		0.002287,
		-0.003945,
		0,
		-0.003969,
		0.01093,
		-0.999932,
		0,
		-0.002244,
		0.999938,
		0.010939,
		0,
		-0.185435,
		0.458371,
		-0.173741,
		1,
	},
	[0.8166666666666667] = {
		0.99999,
		0.002264,
		-0.003958,
		0,
		-0.003969,
		0.005209,
		-0.999979,
		0,
		-0.002244,
		0.999984,
		0.005218,
		0,
		-0.174606,
		0.457411,
		-0.179692,
		1,
	},
	[0.8333333333333334] = {
		0.99999,
		0.002263,
		-0.003958,
		0,
		-0.003969,
		0.00491,
		-0.99998,
		0,
		-0.002244,
		0.999985,
		0.004919,
		0,
		-0.172608,
		0.457363,
		-0.17999,
		1,
	},
	[0.85] = {
		0.99999,
		0.002263,
		-0.003959,
		0,
		-0.003969,
		0.004806,
		-0.999981,
		0,
		-0.002244,
		0.999986,
		0.004815,
		0,
		-0.170669,
		0.457349,
		-0.180139,
		1,
	},
	[0.8666666666666667] = {
		0.99999,
		0.002263,
		-0.003959,
		0,
		-0.003969,
		0.004806,
		-0.999981,
		0,
		-0.002244,
		0.999986,
		0.004815,
		0,
		-0.168847,
		0.457353,
		-0.180183,
		1,
	},
	[0.8833333333333333] = {
		0.99999,
		0.002263,
		-0.003959,
		0,
		-0.003969,
		0.004806,
		-0.999981,
		0,
		-0.002244,
		0.999986,
		0.004815,
		0,
		-0.167198,
		0.457357,
		-0.180177,
		1,
	},
	[0.8] = {
		0.99999,
		0.002266,
		-0.003957,
		0,
		-0.003969,
		0.005681,
		-0.999976,
		0,
		-0.002244,
		0.999981,
		0.005689,
		0,
		-0.176605,
		0.45749,
		-0.179246,
		1,
	},
	[0.9166666666666666] = {
		0.99999,
		0.002263,
		-0.003959,
		0,
		-0.003969,
		0.004806,
		-0.999981,
		0,
		-0.002244,
		0.999986,
		0.004815,
		0,
		-0.164612,
		0.457362,
		-0.180035,
		1,
	},
	[0.9333333333333333] = {
		0.99999,
		0.002263,
		-0.003959,
		0,
		-0.003969,
		0.004806,
		-0.999981,
		0,
		-0.002244,
		0.999986,
		0.004815,
		0,
		-0.163663,
		0.457363,
		-0.179911,
		1,
	},
	[0.95] = {
		0.99999,
		0.002263,
		-0.003959,
		0,
		-0.003969,
		0.004806,
		-0.999981,
		0,
		-0.002244,
		0.999986,
		0.004815,
		0,
		-0.162908,
		0.457364,
		-0.179759,
		1,
	},
	[0.9666666666666667] = {
		0.99999,
		0.002263,
		-0.003959,
		0,
		-0.003969,
		0.004806,
		-0.999981,
		0,
		-0.002244,
		0.999986,
		0.004815,
		0,
		-0.162323,
		0.457365,
		-0.179586,
		1,
	},
	[0.9833333333333333] = {
		0.99999,
		0.002263,
		-0.003959,
		0,
		-0.003969,
		0.004806,
		-0.999981,
		0,
		-0.002244,
		0.999986,
		0.004815,
		0,
		-0.161883,
		0.457365,
		-0.179397,
		1,
	},
	[0.9] = {
		0.99999,
		0.002263,
		-0.003959,
		0,
		-0.003969,
		0.004806,
		-0.999981,
		0,
		-0.002244,
		0.999986,
		0.004815,
		0,
		-0.165779,
		0.45736,
		-0.180125,
		1,
	},
	[1.0166666666666666] = {
		0.99999,
		0.002263,
		-0.003959,
		0,
		-0.003969,
		0.004806,
		-0.999981,
		0,
		-0.002244,
		0.999986,
		0.004815,
		0,
		-0.161343,
		0.457364,
		-0.178996,
		1,
	},
	[1.0333333333333334] = {
		0.99999,
		0.002263,
		-0.003959,
		0,
		-0.003969,
		0.004806,
		-0.999981,
		0,
		-0.002244,
		0.999986,
		0.004815,
		0,
		-0.161194,
		0.457364,
		-0.178796,
		1,
	},
	[1.05] = {
		0.99999,
		0.002263,
		-0.003959,
		0,
		-0.003969,
		0.004806,
		-0.999981,
		0,
		-0.002244,
		0.999986,
		0.004815,
		0,
		-0.161093,
		0.457363,
		-0.178603,
		1,
	},
	[1.0666666666666667] = {
		0.99999,
		0.002263,
		-0.003959,
		0,
		-0.003969,
		0.004806,
		-0.999981,
		0,
		-0.002244,
		0.999986,
		0.004815,
		0,
		-0.161017,
		0.457362,
		-0.178424,
		1,
	},
	[1.0833333333333333] = {
		0.99999,
		0.002263,
		-0.003959,
		0,
		-0.003969,
		0.004806,
		-0.999981,
		0,
		-0.002244,
		0.999986,
		0.004815,
		0,
		-0.160941,
		0.457362,
		-0.178265,
		1,
	},
	{
		0.99999,
		0.002263,
		-0.003959,
		0,
		-0.003969,
		0.004806,
		-0.999981,
		0,
		-0.002244,
		0.999986,
		0.004815,
		0,
		-0.161564,
		0.457365,
		-0.179199,
		1,
	},
	[1.1166666666666667] = {
		0.99999,
		0.002263,
		-0.003959,
		0,
		-0.003969,
		0.004806,
		-0.999981,
		0,
		-0.002244,
		0.999986,
		0.004815,
		0,
		-0.160693,
		0.457361,
		-0.178028,
		1,
	},
	[1.1333333333333333] = {
		0.99999,
		0.002263,
		-0.003959,
		0,
		-0.003969,
		0.004806,
		-0.999981,
		0,
		-0.002244,
		0.999986,
		0.004815,
		0,
		-0.160472,
		0.457361,
		-0.177963,
		1,
	},
	[1.15] = {
		0.99999,
		0.002263,
		-0.003959,
		0,
		-0.003969,
		0.004806,
		-0.999981,
		0,
		-0.002244,
		0.999986,
		0.004815,
		0,
		-0.160154,
		0.457362,
		-0.177941,
		1,
	},
	[1.1] = {
		0.99999,
		0.002263,
		-0.003959,
		0,
		-0.003969,
		0.004806,
		-0.999981,
		0,
		-0.002244,
		0.999986,
		0.004815,
		0,
		-0.160841,
		0.457361,
		-0.178131,
		1,
	},
}

return spline_matrices
