-- chunkname: @content/characters/player/human/first_person/animations/dual_shivs/heavy_attack_stab_down_01_offhand_sweep.lua

local spline_matrices = {
	[0.016666666666666666] = {
		0.959608,
		-0.24971,
		0.129609,
		0,
		0.022206,
		-0.392019,
		-0.919689,
		0,
		0.280464,
		0.885419,
		-0.370639,
		0,
		-0.332307,
		0.339447,
		0.198069,
		1,
	},
	[0.03333333333333333] = {
		0.959481,
		-0.252162,
		0.125744,
		0,
		-0.001545,
		-0.450959,
		-0.892544,
		0,
		0.281771,
		0.856184,
		-0.433076,
		0,
		-0.317634,
		0.368404,
		0.177658,
		1,
	},
	[0.05] = {
		0.958963,
		-0.260205,
		0.112622,
		0,
		-0.061171,
		-0.577726,
		-0.813935,
		0,
		0.276855,
		0.773644,
		-0.569935,
		0,
		-0.282432,
		0.427601,
		0.124724,
		1,
	},
	[0.06666666666666667] = {
		0.957398,
		-0.272637,
		0.095171,
		0,
		-0.130755,
		-0.70314,
		-0.698926,
		0,
		0.257472,
		0.656706,
		-0.708834,
		0,
		-0.243725,
		0.479925,
		0.056529,
		1,
	},
	[0.08333333333333333] = {
		0.955403,
		-0.279373,
		0.09569,
		0,
		-0.171907,
		-0.789634,
		-0.589005,
		0,
		0.240112,
		0.546287,
		-0.802444,
		0,
		-0.222766,
		0.506056,
		-0.000912,
		1,
	},
	[0] = {
		0.959608,
		-0.24971,
		0.129609,
		0,
		0.022206,
		-0.392019,
		-0.919689,
		0,
		0.280464,
		0.885419,
		-0.370639,
		0,
		-0.332307,
		0.339447,
		0.198069,
		1,
	},
	[0.11666666666666667] = {
		0.950419,
		-0.254545,
		0.178636,
		0,
		-0.18626,
		-0.925968,
		-0.328467,
		0,
		0.249021,
		0.278909,
		-0.927469,
		0,
		-0.220009,
		0.519397,
		-0.101362,
		1,
	},
	[0.13333333333333333] = {
		0.945594,
		-0.22111,
		0.23867,
		0,
		-0.189419,
		-0.970572,
		-0.148696,
		0,
		0.264525,
		0.095397,
		-0.959649,
		0,
		-0.221515,
		0.516164,
		-0.158937,
		1,
	},
	[0.15] = {
		0.938577,
		-0.173932,
		0.298029,
		0,
		-0.195463,
		-0.979733,
		0.043787,
		0,
		0.284373,
		-0.099351,
		-0.953552,
		0,
		-0.222528,
		0.50493,
		-0.216449,
		1,
	},
	[0.16666666666666666] = {
		0.92977,
		-0.118249,
		0.348632,
		0,
		-0.206616,
		-0.951408,
		0.228328,
		0,
		0.304692,
		-0.284325,
		-0.909023,
		0,
		-0.22203,
		0.486864,
		-0.269656,
		1,
	},
	[0.18333333333333332] = {
		0.920396,
		-0.062008,
		0.386039,
		0,
		-0.222236,
		-0.895311,
		0.386044,
		0,
		0.321687,
		-0.441105,
		-0.837821,
		0,
		-0.2199,
		0.464981,
		-0.314763,
		1,
	},
	[0.1] = {
		0.953461,
		-0.273088,
		0.127809,
		0,
		-0.181885,
		-0.859008,
		-0.478564,
		0,
		0.240479,
		0.433045,
		-0.868701,
		0,
		-0.219731,
		0.515331,
		-0.047662,
		1,
	},
	[0.21666666666666667] = {
		0.906199,
		0.019512,
		0.422402,
		0,
		-0.252326,
		-0.776639,
		0.577203,
		0,
		0.339316,
		-0.629644,
		-0.698866,
		0,
		-0.21414,
		0.427654,
		-0.370514,
		1,
	},
	[0.23333333333333334] = {
		0.904011,
		0.031728,
		0.42633,
		0,
		-0.257572,
		-0.7555,
		0.602393,
		0,
		0.341205,
		-0.65438,
		-0.674808,
		0,
		-0.213024,
		0.421521,
		-0.378053,
		1,
	},
	[0.25] = {
		0.904011,
		0.031728,
		0.42633,
		0,
		-0.257572,
		-0.7555,
		0.602393,
		0,
		0.341205,
		-0.65438,
		-0.674808,
		0,
		-0.213024,
		0.421521,
		-0.378053,
		1,
	},
	[0.26666666666666666] = {
		0.904011,
		0.031728,
		0.42633,
		0,
		-0.257572,
		-0.7555,
		0.602393,
		0,
		0.341205,
		-0.65438,
		-0.674808,
		0,
		-0.213024,
		0.421521,
		-0.378053,
		1,
	},
	[0.2833333333333333] = {
		0.904011,
		0.031728,
		0.42633,
		0,
		-0.257572,
		-0.7555,
		0.602393,
		0,
		0.341205,
		-0.65438,
		-0.674808,
		0,
		-0.213024,
		0.421521,
		-0.378053,
		1,
	},
	[0.2] = {
		0.91205,
		-0.013665,
		0.409851,
		0,
		-0.239032,
		-0.829813,
		0.504256,
		0,
		0.333209,
		-0.557874,
		-0.760098,
		0,
		-0.216857,
		0.443627,
		-0.348973,
		1,
	},
	[0.31666666666666665] = {
		0.904011,
		0.031728,
		0.42633,
		0,
		-0.257572,
		-0.7555,
		0.602393,
		0,
		0.341205,
		-0.65438,
		-0.674808,
		0,
		-0.213024,
		0.421521,
		-0.378053,
		1,
	},
	[0.3333333333333333] = {
		0.904011,
		0.031728,
		0.42633,
		0,
		-0.257572,
		-0.7555,
		0.602393,
		0,
		0.341205,
		-0.65438,
		-0.674808,
		0,
		-0.213024,
		0.421521,
		-0.378053,
		1,
	},
	[0.35] = {
		0.904011,
		0.031728,
		0.42633,
		0,
		-0.257572,
		-0.7555,
		0.602393,
		0,
		0.341205,
		-0.65438,
		-0.674808,
		0,
		-0.213024,
		0.421521,
		-0.378053,
		1,
	},
	[0.36666666666666664] = {
		0.904011,
		0.031728,
		0.42633,
		0,
		-0.257572,
		-0.7555,
		0.602393,
		0,
		0.341205,
		-0.65438,
		-0.674808,
		0,
		-0.213024,
		0.421521,
		-0.378053,
		1,
	},
	[0.38333333333333336] = {
		0.904011,
		0.031728,
		0.42633,
		0,
		-0.257572,
		-0.7555,
		0.602393,
		0,
		0.341205,
		-0.65438,
		-0.674808,
		0,
		-0.213024,
		0.421521,
		-0.378053,
		1,
	},
	[0.3] = {
		0.904011,
		0.031728,
		0.42633,
		0,
		-0.257572,
		-0.7555,
		0.602393,
		0,
		0.341205,
		-0.65438,
		-0.674808,
		0,
		-0.213024,
		0.421521,
		-0.378053,
		1,
	},
	[0.4166666666666667] = {
		0.904011,
		0.031728,
		0.42633,
		0,
		-0.257572,
		-0.7555,
		0.602393,
		0,
		0.341205,
		-0.65438,
		-0.674808,
		0,
		-0.213024,
		0.421521,
		-0.378053,
		1,
	},
	[0.43333333333333335] = {
		0.904011,
		0.031728,
		0.42633,
		0,
		-0.257572,
		-0.7555,
		0.602393,
		0,
		0.341205,
		-0.65438,
		-0.674808,
		0,
		-0.213024,
		0.421521,
		-0.378053,
		1,
	},
	[0.45] = {
		0.904011,
		0.031728,
		0.42633,
		0,
		-0.257572,
		-0.7555,
		0.602393,
		0,
		0.341205,
		-0.65438,
		-0.674808,
		0,
		-0.213024,
		0.421521,
		-0.378053,
		1,
	},
	[0.4666666666666667] = {
		0.904011,
		0.031728,
		0.42633,
		0,
		-0.257572,
		-0.7555,
		0.602393,
		0,
		0.341205,
		-0.65438,
		-0.674808,
		0,
		-0.213024,
		0.421521,
		-0.378053,
		1,
	},
	[0.48333333333333334] = {
		0.904011,
		0.031728,
		0.42633,
		0,
		-0.257572,
		-0.7555,
		0.602393,
		0,
		0.341205,
		-0.65438,
		-0.674808,
		0,
		-0.213024,
		0.421521,
		-0.378053,
		1,
	},
	[0.4] = {
		0.904011,
		0.031728,
		0.42633,
		0,
		-0.257572,
		-0.7555,
		0.602393,
		0,
		0.341205,
		-0.65438,
		-0.674808,
		0,
		-0.213024,
		0.421521,
		-0.378053,
		1,
	},
	[0.5166666666666667] = {
		0.904011,
		0.031728,
		0.42633,
		0,
		-0.257572,
		-0.7555,
		0.602393,
		0,
		0.341205,
		-0.65438,
		-0.674808,
		0,
		-0.213024,
		0.421521,
		-0.378053,
		1,
	},
	[0.5333333333333333] = {
		0.904011,
		0.031728,
		0.42633,
		0,
		-0.257572,
		-0.7555,
		0.602393,
		0,
		0.341205,
		-0.65438,
		-0.674808,
		0,
		-0.213024,
		0.421521,
		-0.378053,
		1,
	},
	[0.55] = {
		0.904011,
		0.031728,
		0.42633,
		0,
		-0.257572,
		-0.7555,
		0.602393,
		0,
		0.341205,
		-0.65438,
		-0.674808,
		0,
		-0.213024,
		0.421521,
		-0.378053,
		1,
	},
	[0.5666666666666667] = {
		0.904011,
		0.031728,
		0.42633,
		0,
		-0.257572,
		-0.7555,
		0.602393,
		0,
		0.341205,
		-0.65438,
		-0.674808,
		0,
		-0.213024,
		0.421521,
		-0.378053,
		1,
	},
	[0.5833333333333334] = {
		0.904011,
		0.031728,
		0.42633,
		0,
		-0.257572,
		-0.7555,
		0.602393,
		0,
		0.341205,
		-0.65438,
		-0.674808,
		0,
		-0.213024,
		0.421521,
		-0.378053,
		1,
	},
	[0.5] = {
		0.904011,
		0.031728,
		0.42633,
		0,
		-0.257572,
		-0.7555,
		0.602393,
		0,
		0.341205,
		-0.65438,
		-0.674808,
		0,
		-0.213024,
		0.421521,
		-0.378053,
		1,
	},
	[0.6166666666666667] = {
		0.904011,
		0.031728,
		0.42633,
		0,
		-0.257572,
		-0.7555,
		0.602393,
		0,
		0.341205,
		-0.65438,
		-0.674808,
		0,
		-0.213024,
		0.421521,
		-0.378053,
		1,
	},
	[0.6333333333333333] = {
		0.904011,
		0.031728,
		0.42633,
		0,
		-0.257572,
		-0.7555,
		0.602393,
		0,
		0.341205,
		-0.65438,
		-0.674808,
		0,
		-0.213024,
		0.421521,
		-0.378053,
		1,
	},
	[0.65] = {
		0.904011,
		0.031728,
		0.42633,
		0,
		-0.257572,
		-0.7555,
		0.602393,
		0,
		0.341205,
		-0.65438,
		-0.674808,
		0,
		-0.213024,
		0.421521,
		-0.378053,
		1,
	},
	[0.6666666666666666] = {
		0.904011,
		0.031728,
		0.42633,
		0,
		-0.257572,
		-0.7555,
		0.602393,
		0,
		0.341205,
		-0.65438,
		-0.674808,
		0,
		-0.213024,
		0.421521,
		-0.378053,
		1,
	},
	[0.6833333333333333] = {
		0.904011,
		0.031728,
		0.42633,
		0,
		-0.257572,
		-0.7555,
		0.602393,
		0,
		0.341205,
		-0.65438,
		-0.674808,
		0,
		-0.213024,
		0.421521,
		-0.378053,
		1,
	},
	[0.6] = {
		0.904011,
		0.031728,
		0.42633,
		0,
		-0.257572,
		-0.7555,
		0.602393,
		0,
		0.341205,
		-0.65438,
		-0.674808,
		0,
		-0.213024,
		0.421521,
		-0.378053,
		1,
	},
	[0.7166666666666667] = {
		0.904011,
		0.031728,
		0.42633,
		0,
		-0.257572,
		-0.7555,
		0.602393,
		0,
		0.341205,
		-0.65438,
		-0.674808,
		0,
		-0.213024,
		0.421521,
		-0.378053,
		1,
	},
	[0.7333333333333333] = {
		0.904011,
		0.031728,
		0.42633,
		0,
		-0.257572,
		-0.7555,
		0.602393,
		0,
		0.341205,
		-0.65438,
		-0.674808,
		0,
		-0.213024,
		0.421521,
		-0.378053,
		1,
	},
	[0.75] = {
		0.904011,
		0.031728,
		0.42633,
		0,
		-0.257572,
		-0.7555,
		0.602393,
		0,
		0.341205,
		-0.65438,
		-0.674808,
		0,
		-0.213024,
		0.421521,
		-0.378053,
		1,
	},
	[0.7666666666666667] = {
		0.904011,
		0.031728,
		0.42633,
		0,
		-0.257572,
		-0.7555,
		0.602393,
		0,
		0.341205,
		-0.65438,
		-0.674808,
		0,
		-0.213024,
		0.421521,
		-0.378053,
		1,
	},
	[0.7833333333333333] = {
		0.904011,
		0.031728,
		0.42633,
		0,
		-0.257572,
		-0.7555,
		0.602393,
		0,
		0.341205,
		-0.65438,
		-0.674808,
		0,
		-0.213024,
		0.421521,
		-0.378053,
		1,
	},
	[0.7] = {
		0.904011,
		0.031728,
		0.42633,
		0,
		-0.257572,
		-0.7555,
		0.602393,
		0,
		0.341205,
		-0.65438,
		-0.674808,
		0,
		-0.213024,
		0.421521,
		-0.378053,
		1,
	},
	[0.8166666666666667] = {
		0.904011,
		0.031728,
		0.42633,
		0,
		-0.257572,
		-0.7555,
		0.602393,
		0,
		0.341205,
		-0.65438,
		-0.674808,
		0,
		-0.213024,
		0.421521,
		-0.378053,
		1,
	},
	[0.8333333333333334] = {
		0.904011,
		0.031728,
		0.42633,
		0,
		-0.257572,
		-0.7555,
		0.602393,
		0,
		0.341205,
		-0.65438,
		-0.674808,
		0,
		-0.213024,
		0.421521,
		-0.378053,
		1,
	},
	[0.85] = {
		0.904011,
		0.031728,
		0.42633,
		0,
		-0.257572,
		-0.7555,
		0.602393,
		0,
		0.341205,
		-0.65438,
		-0.674808,
		0,
		-0.213024,
		0.421521,
		-0.378053,
		1,
	},
	[0.8666666666666667] = {
		0.904011,
		0.031728,
		0.42633,
		0,
		-0.257572,
		-0.7555,
		0.602393,
		0,
		0.341205,
		-0.65438,
		-0.674808,
		0,
		-0.213024,
		0.421521,
		-0.378053,
		1,
	},
	[0.8833333333333333] = {
		0.904011,
		0.031728,
		0.42633,
		0,
		-0.257572,
		-0.7555,
		0.602393,
		0,
		0.341205,
		-0.65438,
		-0.674808,
		0,
		-0.213024,
		0.421521,
		-0.378053,
		1,
	},
	[0.8] = {
		0.904011,
		0.031728,
		0.42633,
		0,
		-0.257572,
		-0.7555,
		0.602393,
		0,
		0.341205,
		-0.65438,
		-0.674808,
		0,
		-0.213024,
		0.421521,
		-0.378053,
		1,
	},
	[0.9166666666666666] = {
		0.904011,
		0.031728,
		0.42633,
		0,
		-0.257572,
		-0.7555,
		0.602393,
		0,
		0.341205,
		-0.65438,
		-0.674808,
		0,
		-0.213024,
		0.421521,
		-0.378053,
		1,
	},
	[0.9333333333333333] = {
		0.904011,
		0.031728,
		0.42633,
		0,
		-0.257572,
		-0.7555,
		0.602393,
		0,
		0.341205,
		-0.65438,
		-0.674808,
		0,
		-0.213024,
		0.421521,
		-0.378053,
		1,
	},
	[0.95] = {
		0.904011,
		0.031728,
		0.42633,
		0,
		-0.257572,
		-0.7555,
		0.602393,
		0,
		0.341205,
		-0.65438,
		-0.674808,
		0,
		-0.213024,
		0.421521,
		-0.378053,
		1,
	},
	[0.9666666666666667] = {
		0.904011,
		0.031728,
		0.42633,
		0,
		-0.257572,
		-0.7555,
		0.602393,
		0,
		0.341205,
		-0.65438,
		-0.674808,
		0,
		-0.213024,
		0.421521,
		-0.378053,
		1,
	},
	[0.9833333333333333] = {
		0.904011,
		0.031728,
		0.42633,
		0,
		-0.257572,
		-0.7555,
		0.602393,
		0,
		0.341205,
		-0.65438,
		-0.674808,
		0,
		-0.213024,
		0.421521,
		-0.378053,
		1,
	},
	[0.9] = {
		0.904011,
		0.031728,
		0.42633,
		0,
		-0.257572,
		-0.7555,
		0.602393,
		0,
		0.341205,
		-0.65438,
		-0.674808,
		0,
		-0.213024,
		0.421521,
		-0.378053,
		1,
	},
	[1.0166666666666666] = {
		0.904011,
		0.031728,
		0.42633,
		0,
		-0.257572,
		-0.7555,
		0.602393,
		0,
		0.341205,
		-0.65438,
		-0.674808,
		0,
		-0.213024,
		0.421521,
		-0.378053,
		1,
	},
	[1.0333333333333334] = {
		0.904011,
		0.031728,
		0.42633,
		0,
		-0.257572,
		-0.7555,
		0.602393,
		0,
		0.341205,
		-0.65438,
		-0.674808,
		0,
		-0.213024,
		0.421521,
		-0.378053,
		1,
	},
	[1.05] = {
		0.904011,
		0.031728,
		0.42633,
		0,
		-0.257572,
		-0.7555,
		0.602393,
		0,
		0.341205,
		-0.65438,
		-0.674808,
		0,
		-0.213024,
		0.421521,
		-0.378053,
		1,
	},
	[1.0666666666666667] = {
		0.904011,
		0.031728,
		0.42633,
		0,
		-0.257572,
		-0.7555,
		0.602393,
		0,
		0.341205,
		-0.65438,
		-0.674808,
		0,
		-0.213024,
		0.421521,
		-0.378053,
		1,
	},
	[1.0833333333333333] = {
		0.904011,
		0.031728,
		0.42633,
		0,
		-0.257572,
		-0.7555,
		0.602393,
		0,
		0.341205,
		-0.65438,
		-0.674808,
		0,
		-0.213024,
		0.421521,
		-0.378053,
		1,
	},
	{
		0.904011,
		0.031728,
		0.42633,
		0,
		-0.257572,
		-0.7555,
		0.602393,
		0,
		0.341205,
		-0.65438,
		-0.674808,
		0,
		-0.213024,
		0.421521,
		-0.378053,
		1,
	},
	[1.1166666666666667] = {
		0.904011,
		0.031728,
		0.42633,
		0,
		-0.257572,
		-0.7555,
		0.602393,
		0,
		0.341205,
		-0.65438,
		-0.674808,
		0,
		-0.213024,
		0.421521,
		-0.378053,
		1,
	},
	[1.1333333333333333] = {
		0.904011,
		0.031728,
		0.42633,
		0,
		-0.257572,
		-0.7555,
		0.602393,
		0,
		0.341205,
		-0.65438,
		-0.674808,
		0,
		-0.213024,
		0.421521,
		-0.378053,
		1,
	},
	[1.15] = {
		0.904011,
		0.031728,
		0.42633,
		0,
		-0.257572,
		-0.7555,
		0.602393,
		0,
		0.341205,
		-0.65438,
		-0.674808,
		0,
		-0.213024,
		0.421521,
		-0.378053,
		1,
	},
	[1.1666666666666667] = {
		0.904011,
		0.031728,
		0.42633,
		0,
		-0.257572,
		-0.7555,
		0.602393,
		0,
		0.341205,
		-0.65438,
		-0.674808,
		0,
		-0.213024,
		0.421521,
		-0.378053,
		1,
	},
	[1.1833333333333333] = {
		0.904011,
		0.031728,
		0.42633,
		0,
		-0.257572,
		-0.7555,
		0.602393,
		0,
		0.341205,
		-0.65438,
		-0.674808,
		0,
		-0.213024,
		0.421521,
		-0.378053,
		1,
	},
	[1.1] = {
		0.904011,
		0.031728,
		0.42633,
		0,
		-0.257572,
		-0.7555,
		0.602393,
		0,
		0.341205,
		-0.65438,
		-0.674808,
		0,
		-0.213024,
		0.421521,
		-0.378053,
		1,
	},
	[1.2166666666666666] = {
		0.904011,
		0.031728,
		0.42633,
		0,
		-0.257572,
		-0.7555,
		0.602393,
		0,
		0.341205,
		-0.65438,
		-0.674808,
		0,
		-0.213024,
		0.421521,
		-0.378053,
		1,
	},
	[1.2333333333333334] = {
		0.904011,
		0.031728,
		0.42633,
		0,
		-0.257572,
		-0.7555,
		0.602393,
		0,
		0.341205,
		-0.65438,
		-0.674808,
		0,
		-0.213024,
		0.421521,
		-0.378053,
		1,
	},
	[1.25] = {
		0.904011,
		0.031728,
		0.42633,
		0,
		-0.257572,
		-0.7555,
		0.602393,
		0,
		0.341205,
		-0.65438,
		-0.674808,
		0,
		-0.213024,
		0.421521,
		-0.378053,
		1,
	},
	[1.2666666666666666] = {
		0.904011,
		0.031728,
		0.42633,
		0,
		-0.257572,
		-0.7555,
		0.602393,
		0,
		0.341205,
		-0.65438,
		-0.674808,
		0,
		-0.213024,
		0.421521,
		-0.378053,
		1,
	},
	[1.2833333333333334] = {
		0.904011,
		0.031728,
		0.42633,
		0,
		-0.257572,
		-0.7555,
		0.602393,
		0,
		0.341205,
		-0.65438,
		-0.674808,
		0,
		-0.213024,
		0.421521,
		-0.378053,
		1,
	},
	[1.2] = {
		0.904011,
		0.031728,
		0.42633,
		0,
		-0.257572,
		-0.7555,
		0.602393,
		0,
		0.341205,
		-0.65438,
		-0.674808,
		0,
		-0.213024,
		0.421521,
		-0.378053,
		1,
	},
	[1.3166666666666667] = {
		0.904011,
		0.031728,
		0.42633,
		0,
		-0.257572,
		-0.7555,
		0.602393,
		0,
		0.341205,
		-0.65438,
		-0.674808,
		0,
		-0.213024,
		0.421521,
		-0.378053,
		1,
	},
	[1.3333333333333333] = {
		0.904011,
		0.031728,
		0.42633,
		0,
		-0.257572,
		-0.7555,
		0.602393,
		0,
		0.341205,
		-0.65438,
		-0.674808,
		0,
		-0.213024,
		0.421521,
		-0.378053,
		1,
	},
	[1.35] = {
		0.904011,
		0.031728,
		0.42633,
		0,
		-0.257572,
		-0.7555,
		0.602393,
		0,
		0.341205,
		-0.65438,
		-0.674808,
		0,
		-0.213024,
		0.421521,
		-0.378053,
		1,
	},
	[1.3666666666666667] = {
		0.904011,
		0.031728,
		0.42633,
		0,
		-0.257572,
		-0.7555,
		0.602393,
		0,
		0.341205,
		-0.65438,
		-0.674808,
		0,
		-0.213024,
		0.421521,
		-0.378053,
		1,
	},
	[1.3833333333333333] = {
		0.904011,
		0.031728,
		0.42633,
		0,
		-0.257572,
		-0.7555,
		0.602393,
		0,
		0.341205,
		-0.65438,
		-0.674808,
		0,
		-0.213024,
		0.421521,
		-0.378053,
		1,
	},
	[1.3] = {
		0.904011,
		0.031728,
		0.42633,
		0,
		-0.257572,
		-0.7555,
		0.602393,
		0,
		0.341205,
		-0.65438,
		-0.674808,
		0,
		-0.213024,
		0.421521,
		-0.378053,
		1,
	},
	[1.4166666666666667] = {
		0.904011,
		0.031728,
		0.42633,
		0,
		-0.257572,
		-0.7555,
		0.602393,
		0,
		0.341205,
		-0.65438,
		-0.674808,
		0,
		-0.213024,
		0.421521,
		-0.378053,
		1,
	},
	[1.4333333333333333] = {
		0.904011,
		0.031728,
		0.42633,
		0,
		-0.257572,
		-0.7555,
		0.602393,
		0,
		0.341205,
		-0.65438,
		-0.674808,
		0,
		-0.213024,
		0.421521,
		-0.378053,
		1,
	},
	[1.45] = {
		0.904011,
		0.031728,
		0.42633,
		0,
		-0.257572,
		-0.7555,
		0.602393,
		0,
		0.341205,
		-0.65438,
		-0.674808,
		0,
		-0.213024,
		0.421521,
		-0.378053,
		1,
	},
	[1.4666666666666666] = {
		0.904011,
		0.031728,
		0.42633,
		0,
		-0.257572,
		-0.7555,
		0.602393,
		0,
		0.341205,
		-0.65438,
		-0.674808,
		0,
		-0.213024,
		0.421521,
		-0.378053,
		1,
	},
	[1.4833333333333334] = {
		0.904011,
		0.031728,
		0.42633,
		0,
		-0.257572,
		-0.7555,
		0.602393,
		0,
		0.341205,
		-0.65438,
		-0.674808,
		0,
		-0.213024,
		0.421521,
		-0.378053,
		1,
	},
	[1.4] = {
		0.904011,
		0.031728,
		0.42633,
		0,
		-0.257572,
		-0.7555,
		0.602393,
		0,
		0.341205,
		-0.65438,
		-0.674808,
		0,
		-0.213024,
		0.421521,
		-0.378053,
		1,
	},
	[1.5166666666666666] = {
		0.904011,
		0.031728,
		0.42633,
		0,
		-0.257572,
		-0.7555,
		0.602393,
		0,
		0.341205,
		-0.65438,
		-0.674808,
		0,
		-0.213024,
		0.421521,
		-0.378053,
		1,
	},
	[1.5333333333333334] = {
		0.904011,
		0.031728,
		0.42633,
		0,
		-0.257572,
		-0.7555,
		0.602393,
		0,
		0.341205,
		-0.65438,
		-0.674808,
		0,
		-0.213024,
		0.421521,
		-0.378053,
		1,
	},
	[1.55] = {
		0.904011,
		0.031728,
		0.42633,
		0,
		-0.257572,
		-0.7555,
		0.602393,
		0,
		0.341205,
		-0.65438,
		-0.674808,
		0,
		-0.213024,
		0.421521,
		-0.378053,
		1,
	},
	[1.5666666666666667] = {
		0.904011,
		0.031728,
		0.42633,
		0,
		-0.257572,
		-0.7555,
		0.602393,
		0,
		0.341205,
		-0.65438,
		-0.674808,
		0,
		-0.213024,
		0.421521,
		-0.378053,
		1,
	},
	[1.5833333333333333] = {
		0.904011,
		0.031728,
		0.42633,
		0,
		-0.257572,
		-0.7555,
		0.602393,
		0,
		0.341205,
		-0.65438,
		-0.674808,
		0,
		-0.213024,
		0.421521,
		-0.378053,
		1,
	},
	[1.5] = {
		0.904011,
		0.031728,
		0.42633,
		0,
		-0.257572,
		-0.7555,
		0.602393,
		0,
		0.341205,
		-0.65438,
		-0.674808,
		0,
		-0.213024,
		0.421521,
		-0.378053,
		1,
	},
	[1.6166666666666667] = {
		0.904011,
		0.031728,
		0.42633,
		0,
		-0.257572,
		-0.7555,
		0.602393,
		0,
		0.341205,
		-0.65438,
		-0.674808,
		0,
		-0.213024,
		0.421521,
		-0.378053,
		1,
	},
	[1.6333333333333333] = {
		0.904011,
		0.031728,
		0.42633,
		0,
		-0.257572,
		-0.7555,
		0.602393,
		0,
		0.341205,
		-0.65438,
		-0.674808,
		0,
		-0.213024,
		0.421521,
		-0.378053,
		1,
	},
	[1.65] = {
		0.904011,
		0.031728,
		0.42633,
		0,
		-0.257572,
		-0.7555,
		0.602393,
		0,
		0.341205,
		-0.65438,
		-0.674808,
		0,
		-0.213024,
		0.421521,
		-0.378053,
		1,
	},
	[1.6666666666666667] = {
		0.904011,
		0.031728,
		0.42633,
		0,
		-0.257572,
		-0.7555,
		0.602393,
		0,
		0.341205,
		-0.65438,
		-0.674808,
		0,
		-0.213024,
		0.421521,
		-0.378053,
		1,
	},
	[1.6833333333333333] = {
		0.904011,
		0.031728,
		0.42633,
		0,
		-0.257572,
		-0.7555,
		0.602393,
		0,
		0.341205,
		-0.65438,
		-0.674808,
		0,
		-0.213024,
		0.421521,
		-0.378053,
		1,
	},
	[1.6] = {
		0.904011,
		0.031728,
		0.42633,
		0,
		-0.257572,
		-0.7555,
		0.602393,
		0,
		0.341205,
		-0.65438,
		-0.674808,
		0,
		-0.213024,
		0.421521,
		-0.378053,
		1,
	},
	[1.7166666666666666] = {
		0.904011,
		0.031728,
		0.42633,
		0,
		-0.257572,
		-0.7555,
		0.602393,
		0,
		0.341205,
		-0.65438,
		-0.674808,
		0,
		-0.213024,
		0.421521,
		-0.378053,
		1,
	},
	[1.7333333333333334] = {
		0.904011,
		0.031728,
		0.42633,
		0,
		-0.257572,
		-0.7555,
		0.602393,
		0,
		0.341205,
		-0.65438,
		-0.674808,
		0,
		-0.213024,
		0.421521,
		-0.378053,
		1,
	},
	[1.75] = {
		0.904011,
		0.031728,
		0.42633,
		0,
		-0.257572,
		-0.7555,
		0.602393,
		0,
		0.341205,
		-0.65438,
		-0.674808,
		0,
		-0.213024,
		0.421521,
		-0.378053,
		1,
	},
	[1.7666666666666666] = {
		0.904011,
		0.031728,
		0.42633,
		0,
		-0.257572,
		-0.7555,
		0.602393,
		0,
		0.341205,
		-0.65438,
		-0.674808,
		0,
		-0.213024,
		0.421521,
		-0.378053,
		1,
	},
	[1.7833333333333334] = {
		0.904011,
		0.031728,
		0.42633,
		0,
		-0.257572,
		-0.7555,
		0.602393,
		0,
		0.341205,
		-0.65438,
		-0.674808,
		0,
		-0.213024,
		0.421521,
		-0.378053,
		1,
	},
	[1.7] = {
		0.904011,
		0.031728,
		0.42633,
		0,
		-0.257572,
		-0.7555,
		0.602393,
		0,
		0.341205,
		-0.65438,
		-0.674808,
		0,
		-0.213024,
		0.421521,
		-0.378053,
		1,
	},
	[1.8166666666666667] = {
		0.904011,
		0.031728,
		0.42633,
		0,
		-0.257572,
		-0.7555,
		0.602393,
		0,
		0.341205,
		-0.65438,
		-0.674808,
		0,
		-0.213024,
		0.421521,
		-0.378053,
		1,
	},
	[1.8333333333333333] = {
		0.904011,
		0.031728,
		0.42633,
		0,
		-0.257572,
		-0.7555,
		0.602393,
		0,
		0.341205,
		-0.65438,
		-0.674808,
		0,
		-0.213024,
		0.421521,
		-0.378053,
		1,
	},
	[1.85] = {
		0.904011,
		0.031728,
		0.42633,
		0,
		-0.257572,
		-0.7555,
		0.602393,
		0,
		0.341205,
		-0.65438,
		-0.674808,
		0,
		-0.213024,
		0.421521,
		-0.378053,
		1,
	},
	[1.8666666666666667] = {
		0.904011,
		0.031728,
		0.42633,
		0,
		-0.257572,
		-0.7555,
		0.602393,
		0,
		0.341205,
		-0.65438,
		-0.674808,
		0,
		-0.213024,
		0.421521,
		-0.378053,
		1,
	},
	[1.8833333333333333] = {
		0.904011,
		0.031728,
		0.42633,
		0,
		-0.257572,
		-0.7555,
		0.602393,
		0,
		0.341205,
		-0.65438,
		-0.674808,
		0,
		-0.213024,
		0.421521,
		-0.378053,
		1,
	},
	[1.8] = {
		0.904011,
		0.031728,
		0.42633,
		0,
		-0.257572,
		-0.7555,
		0.602393,
		0,
		0.341205,
		-0.65438,
		-0.674808,
		0,
		-0.213024,
		0.421521,
		-0.378053,
		1,
	},
	[1.9166666666666667] = {
		0.904011,
		0.031728,
		0.42633,
		0,
		-0.257572,
		-0.7555,
		0.602393,
		0,
		0.341205,
		-0.65438,
		-0.674808,
		0,
		-0.213024,
		0.421521,
		-0.378053,
		1,
	},
	[1.9333333333333333] = {
		0.904011,
		0.031728,
		0.42633,
		0,
		-0.257572,
		-0.7555,
		0.602393,
		0,
		0.341205,
		-0.65438,
		-0.674808,
		0,
		-0.213024,
		0.421521,
		-0.378053,
		1,
	},
	[1.95] = {
		0.904011,
		0.031728,
		0.42633,
		0,
		-0.257572,
		-0.7555,
		0.602393,
		0,
		0.341205,
		-0.65438,
		-0.674808,
		0,
		-0.213024,
		0.421521,
		-0.378053,
		1,
	},
	[1.9666666666666666] = {
		0.904011,
		0.031728,
		0.42633,
		0,
		-0.257572,
		-0.7555,
		0.602393,
		0,
		0.341205,
		-0.65438,
		-0.674808,
		0,
		-0.213024,
		0.421521,
		-0.378053,
		1,
	},
	[1.9833333333333334] = {
		0.904011,
		0.031728,
		0.42633,
		0,
		-0.257572,
		-0.7555,
		0.602393,
		0,
		0.341205,
		-0.65438,
		-0.674808,
		0,
		-0.213024,
		0.421521,
		-0.378053,
		1,
	},
	[1.9] = {
		0.904011,
		0.031728,
		0.42633,
		0,
		-0.257572,
		-0.7555,
		0.602393,
		0,
		0.341205,
		-0.65438,
		-0.674808,
		0,
		-0.213024,
		0.421521,
		-0.378053,
		1,
	},
}

return spline_matrices
