local spline_matrices = {
	[0] = {
		0.996304,
		0.084823,
		0.013532,
		0,
		-0.076005,
		0.943971,
		-0.321157,
		0,
		-0.040015,
		0.318941,
		0.946929,
		0,
		0.328285,
		0.471421,
		-0.14668,
		1
	},
	{
		0.92138,
		0.138911,
		0.362992,
		0,
		0.208254,
		-0.965012,
		-0.159317,
		0,
		0.328161,
		0.222386,
		-0.918071,
		0,
		-0.132142,
		-0.302344,
		-0.814406,
		1
	},
	[0.0166666666667] = {
		0.994888,
		0.095643,
		-0.032405,
		0,
		-0.09836,
		0.990464,
		-0.096469,
		0,
		0.02287,
		0.099164,
		0.994808,
		0,
		0.345359,
		0.459435,
		-0.084173,
		1
	},
	[0.0333333333333] = {
		0.991075,
		0.107477,
		-0.078863,
		0,
		-0.091459,
		0.978605,
		0.184304,
		0,
		0.096985,
		-0.175446,
		0.9797,
		0,
		0.379365,
		0.431719,
		0.051404,
		1
	},
	[0.05] = {
		0.986425,
		0.113384,
		-0.118782,
		0,
		-0.044185,
		0.879944,
		0.473019,
		0,
		0.158154,
		-0.461349,
		0.873009,
		0,
		0.411457,
		0.382804,
		0.196733,
		1
	},
	[0.0666666666667] = {
		0.983474,
		0.107467,
		-0.145704,
		0,
		0.02926,
		0.699852,
		0.713688,
		0,
		0.178669,
		-0.706157,
		0.685142,
		0,
		0.415808,
		0.325176,
		0.292327,
		1
	},
	[0.0833333333333] = {
		0.985094,
		0.078658,
		-0.152978,
		0,
		0.101484,
		0.45231,
		0.886068,
		0,
		0.13889,
		-0.888385,
		0.437586,
		0,
		0.381642,
		0.270439,
		0.315009,
		1
	},
	[0.116666666667] = {
		0.978399,
		0.053319,
		-0.199729,
		0,
		0.192954,
		0.111166,
		0.97489,
		0,
		0.074183,
		-0.992371,
		0.098476,
		0,
		0.311262,
		0.237161,
		0.276642,
		1
	},
	[0.133333333333] = {
		0.967042,
		0.087345,
		-0.239165,
		0,
		0.236715,
		0.037561,
		0.970853,
		0,
		0.093782,
		-0.99547,
		0.015648,
		0,
		0.28177,
		0.246867,
		0.239645,
		1
	},
	[0.15] = {
		0.958107,
		0.13553,
		-0.252313,
		0,
		0.239581,
		0.103483,
		0.965346,
		0,
		0.156943,
		-0.985354,
		0.066677,
		0,
		0.25133,
		0.277747,
		0.21119,
		1
	},
	[0.166666666667] = {
		0.962275,
		0.122537,
		-0.242923,
		0,
		0.195738,
		0.308364,
		0.930913,
		0,
		0.18898,
		-0.943343,
		0.272746,
		0,
		0.210691,
		0.338872,
		0.19984,
		1
	},
	[0.183333333333] = {
		0.971779,
		0.056941,
		-0.228917,
		0,
		0.157744,
		0.564673,
		0.810099,
		0,
		0.175392,
		-0.823348,
		0.539756,
		0,
		0.164218,
		0.419176,
		0.199618,
		1
	},
	[0.1] = {
		0.985073,
		0.050649,
		-0.164517,
		0,
		0.14745,
		0.244885,
		0.958274,
		0,
		0.088823,
		-0.968228,
		0.233761,
		0,
		0.342941,
		0.242514,
		0.303841,
		1
	},
	[0.216666666667] = {
		0.987066,
		0.071758,
		-0.143361,
		0,
		-0.043885,
		0.981019,
		0.188883,
		0,
		0.154194,
		-0.180148,
		0.971479,
		0,
		0.083918,
		0.564834,
		0.136063,
		1
	},
	[0.233333333333] = {
		0.988261,
		0.048516,
		-0.144866,
		0,
		-0.072459,
		0.983649,
		-0.16488,
		0,
		0.134498,
		0.173441,
		0.975617,
		0,
		0.05824,
		0.623172,
		0.055988,
		1
	},
	[0.25] = {
		0.984604,
		0.064866,
		-0.16232,
		0,
		-0.160726,
		0.701019,
		-0.694795,
		0,
		0.068721,
		0.710187,
		0.700651,
		0,
		0.030662,
		0.663599,
		-0.05883,
		1
	},
	[0.266666666667] = {
		0.96238,
		0.063622,
		-0.264153,
		0,
		-0.271588,
		0.19656,
		-0.942127,
		0,
		-0.008018,
		0.978426,
		0.206444,
		0,
		-0.011422,
		0.642202,
		-0.176205,
		1
	},
	[0.283333333333] = {
		0.963088,
		0.091365,
		-0.253206,
		0,
		-0.256271,
		0.023349,
		-0.966323,
		0,
		-0.082376,
		0.995544,
		0.045901,
		0,
		-0.034779,
		0.59516,
		-0.295505,
		1
	},
	[0.2] = {
		0.976991,
		0.024456,
		-0.211872,
		0,
		0.106048,
		0.806194,
		0.58207,
		0,
		0.185045,
		-0.591146,
		0.785051,
		0,
		0.126575,
		0.496324,
		0.185572,
		1
	},
	[0.316666666667] = {
		0.952269,
		0.002229,
		-0.305252,
		0,
		-0.28834,
		-0.32173,
		-0.901859,
		0,
		-0.100219,
		0.946829,
		-0.305731,
		0,
		-0.000711,
		0.528933,
		-0.514722,
		1
	},
	[0.333333333333] = {
		0.97274,
		0.230779,
		-0.022741,
		0,
		0.05604,
		-0.329099,
		-0.942631,
		0,
		-0.225023,
		0.915661,
		-0.333061,
		0,
		-0.069287,
		0.333722,
		-0.614552,
		1
	},
	[0.35] = {
		0.983829,
		0.179109,
		0.000851,
		0,
		0.094055,
		-0.512581,
		-0.853472,
		0,
		-0.152428,
		0.83975,
		-0.521138,
		0,
		-0.078463,
		0.283142,
		-0.64621,
		1
	},
	[0.366666666667] = {
		0.987605,
		0.15467,
		0.026726,
		0,
		0.119756,
		-0.63243,
		-0.765304,
		0,
		-0.101467,
		0.759018,
		-0.643114,
		0,
		-0.094082,
		0.231424,
		-0.673526,
		1
	},
	[0.383333333333] = {
		0.987102,
		0.152539,
		0.048605,
		0,
		0.143208,
		-0.705584,
		-0.694005,
		0,
		-0.071568,
		0.692014,
		-0.718328,
		0,
		-0.114517,
		0.180625,
		-0.697685,
		1
	},
	[0.3] = {
		0.921185,
		-0.000152,
		-0.389125,
		0,
		-0.374976,
		-0.267555,
		-0.887585,
		0,
		-0.103978,
		0.963543,
		-0.246524,
		0,
		-0.055364,
		0.523545,
		-0.368044,
		1
	},
	[0.416666666667] = {
		0.977176,
		0.198785,
		0.07491,
		0,
		0.201999,
		-0.760354,
		-0.617299,
		0,
		-0.065751,
		0.618342,
		-0.783154,
		0,
		-0.163496,
		0.086726,
		-0.738263,
		1
	},
	[0.433333333333] = {
		0.967106,
		0.241061,
		0.081212,
		0,
		0.239533,
		-0.755572,
		-0.609701,
		0,
		-0.085614,
		0.609099,
		-0.78846,
		0,
		-0.18908,
		0.045604,
		-0.754438,
		1
	},
	[0.45] = {
		0.952507,
		0.292252,
		0.085549,
		0,
		0.280768,
		-0.734091,
		-0.618287,
		0,
		-0.117895,
		0.612943,
		-0.781282,
		0,
		-0.213515,
		0.00961,
		-0.767279,
		1
	},
	[0.466666666667] = {
		0.932867,
		0.348774,
		0.090085,
		0,
		0.322856,
		-0.698628,
		-0.638501,
		0,
		-0.159757,
		0.624721,
		-0.764331,
		0,
		-0.235391,
		-0.02035,
		-0.776192,
		1
	},
	[0.483333333333] = {
		0.908635,
		0.406283,
		0.096523,
		0,
		0.362557,
		-0.65283,
		-0.665105,
		0,
		-0.207208,
		0.639333,
		-0.740485,
		0,
		-0.253249,
		-0.043384,
		-0.780567,
		1
	},
	[0.4] = {
		0.983611,
		0.16835,
		0.06455,
		0,
		0.169879,
		-0.745364,
		-0.64465,
		0,
		-0.060414,
		0.645051,
		-0.761748,
		0,
		-0.138162,
		0.132049,
		-0.719248,
		1
	},
	[0.516666666667] = {
		0.854775,
		0.505655,
		0.116936,
		0,
		0.425121,
		-0.552913,
		-0.71663,
		0,
		-0.297712,
		0.662269,
		-0.687581,
		0,
		-0.279377,
		-0.079158,
		-0.783485,
		1
	},
	[0.533333333333] = {
		0.832026,
		0.539509,
		0.129086,
		0,
		0.446471,
		-0.513154,
		-0.733032,
		0,
		-0.329236,
		0.667535,
		-0.667833,
		0,
		-0.287406,
		-0.094939,
		-0.784594,
		1
	},
	[0.55] = {
		0.817247,
		0.558955,
		0.140276,
		0,
		0.462034,
		-0.490032,
		-0.739185,
		0,
		-0.344431,
		0.668908,
		-0.658733,
		0,
		-0.289882,
		-0.109338,
		-0.784584,
		1
	},
	[0.566666666667] = {
		0.8138,
		0.561699,
		0.149073,
		0,
		0.472401,
		-0.489984,
		-0.732635,
		0,
		-0.338477,
		0.66664,
		-0.664096,
		0,
		-0.286702,
		-0.12233,
		-0.785235,
		1
	},
	[0.583333333333] = {
		0.824038,
		0.544869,
		0.155175,
		0,
		0.476439,
		-0.518286,
		-0.710201,
		0,
		-0.306542,
		0.659164,
		-0.686684,
		0,
		-0.27805,
		-0.134152,
		-0.78856,
		1
	},
	[0.5] = {
		0.881587,
		0.460054,
		0.105615,
		0,
		0.397138,
		-0.601988,
		-0.692742,
		0,
		-0.25512,
		0.652656,
		-0.71341,
		0,
		-0.267629,
		-0.061965,
		-0.782223,
		1
	},
	[0.616666666667] = {
		0.856031,
		0.488832,
		0.168088,
		0,
		0.470642,
		-0.602548,
		-0.64454,
		0,
		-0.213792,
		0.630856,
		-0.745865,
		0,
		-0.251945,
		-0.157328,
		-0.795621,
		1
	},
	[0.633333333333] = {
		0.869673,
		0.46103,
		0.176408,
		0,
		0.464029,
		-0.641652,
		-0.610705,
		0,
		-0.168361,
		0.612972,
		-0.771959,
		0,
		-0.238143,
		-0.169356,
		-0.798809,
		1
	},
	[0.65] = {
		0.881712,
		0.433667,
		0.185786,
		0,
		0.455197,
		-0.678457,
		-0.576621,
		0,
		-0.124014,
		0.592983,
		-0.795608,
		0,
		-0.224535,
		-0.18165,
		-0.802189,
		1
	},
	[0.666666666667] = {
		0.892162,
		0.406946,
		0.196065,
		0,
		0.444385,
		-0.712816,
		-0.5426,
		0,
		-0.081051,
		0.571216,
		-0.816788,
		0,
		-0.211408,
		-0.194073,
		-0.805717,
		1
	},
	[0.683333333333] = {
		0.901067,
		0.381049,
		0.207077,
		0,
		0.431857,
		-0.744636,
		-0.508937,
		0,
		-0.039733,
		0.548014,
		-0.835525,
		0,
		-0.198988,
		-0.206444,
		-0.80933,
		1
	},
	[0.6] = {
		0.840803,
		0.516856,
		0.160969,
		0,
		0.474832,
		-0.561343,
		-0.677812,
		0,
		-0.259972,
		0.646339,
		-0.717398,
		0,
		-0.265611,
		-0.145619,
		-0.79265,
		1
	},
	[0.716666666667] = {
		0.914541,
		0.332325,
		0.230599,
		0,
		0.402787,
		-0.800525,
		-0.443759,
		0,
		0.037128,
		0.498718,
		-0.865969,
		0,
		-0.17695,
		-0.230311,
		-0.816584,
		1
	},
	[0.733333333333] = {
		0.919313,
		0.309737,
		0.242748,
		0,
		0.38682,
		-0.82464,
		-0.412722,
		0,
		0.072344,
		0.473321,
		-0.877914,
		0,
		-0.167097,
		-0.241305,
		-0.818438,
		1
	},
	[0.75] = {
		0.922933,
		0.288449,
		0.254936,
		0,
		0.370286,
		-0.846293,
		-0.382984,
		0,
		0.10528,
		0.447867,
		-0.88788,
		0,
		-0.158253,
		-0.251448,
		-0.819281,
		1
	},
	[0.766666666667] = {
		0.925527,
		0.26852,
		0.267014,
		0,
		0.353463,
		-0.865592,
		-0.354703,
		0,
		0.13588,
		0.422667,
		-0.896041,
		0,
		-0.15065,
		-0.2607,
		-0.819719,
		1
	},
	[0.783333333333] = {
		0.927229,
		0.24999,
		0.278839,
		0,
		0.336616,
		-0.882664,
		-0.328014,
		0,
		0.164122,
		0.398006,
		-0.902583,
		0,
		-0.144279,
		-0.268994,
		-0.819824,
		1
	},
	[0.7] = {
		0.908495,
		0.356131,
		0.218649,
		0,
		0.417895,
		-0.773872,
		-0.475906,
		0,
		-0.000278,
		0.52373,
		-0.851884,
		0,
		-0.187428,
		-0.218566,
		-0.81296,
		1
	},
	[0.816666666667] = {
		0.928483,
		0.217194,
		0.30124,
		0,
		0.303819,
		-0.910715,
		-0.279807,
		0,
		0.213572,
		0.351318,
		-0.911572,
		0,
		-0.135092,
		-0.282564,
		-0.81931,
		1
	},
	[0.833333333333] = {
		0.928293,
		0.202929,
		0.311596,
		0,
		0.288302,
		-0.922005,
		-0.258435,
		0,
		0.234849,
		0.329738,
		-0.914395,
		0,
		-0.132172,
		-0.287802,
		-0.818813,
		1
	},
	[0.85] = {
		0.927719,
		0.190072,
		0.321264,
		0,
		0.273632,
		-0.931679,
		-0.238954,
		0,
		0.253896,
		0.30959,
		-0.916346,
		0,
		-0.130288,
		-0.291987,
		-0.818227,
		1
	},
	[0.866666666667] = {
		0.926873,
		0.178604,
		0.330163,
		0,
		0.259976,
		-0.939892,
		-0.221396,
		0,
		0.270775,
		0.29104,
		-0.917593,
		0,
		-0.129389,
		-0.295099,
		-0.817598,
		1
	},
	[0.883333333333] = {
		0.925858,
		0.168503,
		0.338222,
		0,
		0.247487,
		-0.946785,
		-0.205787,
		0,
		0.285548,
		0.274235,
		-0.91829,
		0,
		-0.129434,
		-0.297108,
		-0.816959,
		1
	},
	[0.8] = {
		0.928171,
		0.232879,
		0.290287,
		0,
		0.319992,
		-0.897654,
		-0.30302,
		0,
		0.19001,
		0.374144,
		-0.907696,
		0,
		-0.139109,
		-0.27629,
		-0.819666,
		1
	},
	[0.916666666667] = {
		0.923825,
		0.153203,
		0.350822,
		0,
		0.22771,
		-0.95659,
		-0.181891,
		0,
		0.307727,
		0.247921,
		-0.918607,
		0,
		-0.130506,
		-0.299606,
		-0.815804,
		1
	},
	[0.933333333333] = {
		0.922983,
		0.147924,
		0.355275,
		0,
		0.220636,
		-0.959786,
		-0.173579,
		0,
		0.315312,
		0.238597,
		-0.918504,
		0,
		-0.131022,
		-0.300559,
		-0.815332,
		1
	},
	[0.95] = {
		0.922311,
		0.143996,
		0.35862,
		0,
		0.215288,
		-0.9621,
		-0.167375,
		0,
		0.320927,
		0.231578,
		-0.918356,
		0,
		-0.131476,
		-0.301312,
		-0.814947,
		1
	},
	[0.966666666667] = {
		0.921821,
		0.141272,
		0.360955,
		0,
		0.211535,
		-0.963672,
		-0.163063,
		0,
		0.324806,
		0.226669,
		-0.918217,
		0,
		-0.131835,
		-0.301862,
		-0.814659,
		1
	},
	[0.983333333333] = {
		0.921514,
		0.139617,
		0.362378,
		0,
		0.209239,
		-0.964613,
		-0.16044,
		0,
		0.327155,
		0.223672,
		-0.918118,
		0,
		-0.132067,
		-0.302207,
		-0.814476,
		1
	},
	[0.9] = {
		0.924802,
		0.16,
		0.345168,
		0,
		0.236627,
		-0.952331,
		-0.192544,
		0,
		0.297907,
		0.259741,
		-0.918578,
		0,
		-0.129964,
		-0.298455,
		-0.816351,
		1
	},
	[1.01666666667] = {
		0.921405,
		0.139037,
		0.362879,
		0,
		0.20843,
		-0.96494,
		-0.15952,
		0,
		0.327978,
		0.222618,
		-0.918081,
		0,
		-0.132149,
		-0.302328,
		-0.814411,
		1
	},
	[1.03333333333] = {
		0.921575,
		0.139886,
		0.362122,
		0,
		0.209613,
		-0.964457,
		-0.160886,
		0,
		0.326746,
		0.224174,
		-0.918141,
		0,
		-0.132195,
		-0.302225,
		-0.814446,
		1
	},
	[1.05] = {
		0.921863,
		0.141353,
		0.360817,
		0,
		0.211649,
		-0.963616,
		-0.163244,
		0,
		0.324614,
		0.226855,
		-0.918239,
		0,
		-0.132275,
		-0.302047,
		-0.814506,
		1
	},
	[1.06666666667] = {
		0.922242,
		0.143337,
		0.359061,
		0,
		0.214385,
		-0.962466,
		-0.166426,
		0,
		0.321729,
		0.230462,
		-0.918356,
		0,
		-0.132383,
		-0.301806,
		-0.814587,
		1
	},
	[1.08333333333] = {
		0.922684,
		0.145736,
		0.356951,
		0,
		0.217666,
		-0.961057,
		-0.170265,
		0,
		0.318237,
		0.234797,
		-0.918475,
		0,
		-0.132515,
		-0.301516,
		-0.814682,
		1
	},
	[1.11666666667] = {
		0.923657,
		0.151362,
		0.352061,
		0,
		0.225252,
		-0.957673,
		-0.17923,
		0,
		0.31003,
		0.24485,
		-0.918657,
		0,
		-0.132827,
		-0.300841,
		-0.8149,
		1
	},
	[1.13333333333] = {
		0.924141,
		0.154376,
		0.349473,
		0,
		0.229252,
		-0.955816,
		-0.184011,
		0,
		0.305625,
		0.25017,
		-0.918699,
		0,
		-0.132996,
		-0.300483,
		-0.815013,
		1
	},
	[1.15] = {
		0.924597,
		0.157374,
		0.34692,
		0,
		0.233191,
		-0.953936,
		-0.188754,
		0,
		0.301234,
		0.25542,
		-0.918705,
		0,
		-0.133166,
		-0.300128,
		-0.815122,
		1
	},
	[1.16666666667] = {
		0.92501,
		0.160243,
		0.344498,
		0,
		0.236919,
		-0.95211,
		-0.193278,
		0,
		0.297029,
		0.260402,
		-0.918675,
		0,
		-0.133329,
		-0.29979,
		-0.815225,
		1
	},
	[1.18333333333] = {
		0.925367,
		0.162863,
		0.342303,
		0,
		0.240292,
		-0.950418,
		-0.197399,
		0,
		0.293181,
		0.264919,
		-0.91862,
		0,
		-0.13348,
		-0.299483,
		-0.815317,
		1
	},
	[1.1] = {
		0.923165,
		0.148446,
		0.354586,
		0,
		0.221339,
		-0.959441,
		-0.17459,
		0,
		0.314287,
		0.239659,
		-0.918579,
		0,
		-0.132664,
		-0.30119,
		-0.814788,
		1
	},
	[1.21666666667] = {
		0.925878,
		0.166873,
		0.338974,
		0,
		0.245393,
		-0.947784,
		-0.203685,
		0,
		0.287284,
		0.27177,
		-0.918482,
		0,
		-0.133712,
		-0.299016,
		-0.815454,
		1
	},
	[1.23333333333] = {
		0.926016,
		0.168017,
		0.338031,
		0,
		0.246835,
		-0.947023,
		-0.205475,
		0,
		0.285599,
		0.273711,
		-0.918431,
		0,
		-0.133779,
		-0.298883,
		-0.815492,
		1
	},
	[1.25] = {
		0.926064,
		0.168425,
		0.337695,
		0,
		0.247348,
		-0.94675,
		-0.206113,
		0,
		0.284998,
		0.274402,
		-0.918411,
		0,
		-0.133802,
		-0.298835,
		-0.815505,
		1
	},
	[1.2] = {
		0.925659,
		0.165114,
		0.340429,
		0,
		0.243164,
		-0.948946,
		-0.200931,
		0,
		0.289873,
		0.268774,
		-0.91855,
		0,
		-0.13361,
		-0.29922,
		-0.815394,
		1
	}
}

return spline_matrices
