-- chunkname: @content/characters/player/human/first_person/animations/sabre/attack_right.lua

local spline_matrices = {
	[0.0166666666667] = {
		-0.218797,
		-0.634965,
		0.74091,
		0,
		-0.726496,
		0.612906,
		0.310725,
		0,
		-0.651408,
		-0.470282,
		-0.595401,
		0,
		-0.337364,
		0.420333,
		-0.213478,
		1,
	},
	[0.0333333333333] = {
		-0.089653,
		-0.610977,
		0.786556,
		0,
		-0.732936,
		0.575195,
		0.363256,
		0,
		-0.674364,
		-0.543928,
		-0.499375,
		0,
		-0.340877,
		0.418834,
		-0.179613,
		1,
	},
	[0.05] = {
		0.046907,
		-0.578349,
		0.814439,
		0,
		-0.729786,
		0.536884,
		0.423283,
		0,
		-0.682065,
		-0.614221,
		-0.396888,
		0,
		-0.337468,
		0.420084,
		-0.138171,
		1,
	},
	[0.0666666666667] = {
		0.166377,
		-0.53989,
		0.825129,
		0,
		-0.71067,
		0.514437,
		0.479899,
		0,
		-0.683569,
		-0.666239,
		-0.298093,
		0,
		-0.328651,
		0.423778,
		-0.100718,
		1,
	},
	[0.0833333333333] = {
		0.246634,
		-0.503003,
		0.828348,
		0,
		-0.675397,
		0.523764,
		0.519143,
		0,
		-0.69499,
		-0.687502,
		-0.210549,
		0,
		-0.317038,
		0.42928,
		-0.079385,
		1,
	},
	[0] = {
		-0.324031,
		-0.653236,
		0.684315,
		0,
		-0.72156,
		0.638463,
		0.267799,
		0,
		-0.611845,
		-0.406999,
		-0.678231,
		0,
		-0.326543,
		0.424982,
		-0.229276,
		1,
	},
	[0.116666666667] = {
		0.230315,
		-0.45178,
		0.861887,
		0,
		-0.549649,
		0.670487,
		0.498331,
		0,
		-0.80302,
		-0.588509,
		-0.093897,
		0,
		-0.285148,
		0.457653,
		-0.071689,
		1,
	},
	[0.133333333333] = {
		0.181628,
		-0.42612,
		0.886247,
		0,
		-0.467314,
		0.755567,
		0.459059,
		0,
		-0.865233,
		-0.497534,
		-0.0619,
		0,
		-0.264155,
		0.475573,
		-0.070007,
		1,
	},
	[0.15] = {
		0.153686,
		-0.398879,
		0.904033,
		0,
		-0.397651,
		0.812581,
		0.426129,
		0,
		-0.904574,
		-0.42498,
		-0.033733,
		0,
		-0.241217,
		0.489926,
		-0.063931,
		1,
	},
	[0.166666666667] = {
		0.146478,
		-0.361868,
		0.92065,
		0,
		-0.423339,
		0.818224,
		0.388963,
		0,
		-0.894051,
		-0.446722,
		-0.033341,
		0,
		-0.221016,
		0.488965,
		-0.054921,
		1,
	},
	[0.183333333333] = {
		0.128839,
		-0.309798,
		0.942033,
		0,
		-0.51284,
		0.792242,
		0.330677,
		0,
		-0.848761,
		-0.525716,
		-0.056806,
		0,
		-0.198031,
		0.478151,
		-0.046548,
		1,
	},
	[0.1] = {
		0.263748,
		-0.475113,
		0.839467,
		0,
		-0.621778,
		0.581606,
		0.524526,
		0,
		-0.737448,
		-0.660304,
		-0.142017,
		0,
		-0.302946,
		0.440413,
		-0.073486,
		1,
	},
	[0.216666666667] = {
		0.049071,
		-0.227595,
		0.972519,
		0,
		-0.389564,
		0.892215,
		0.228458,
		0,
		-0.919691,
		-0.390069,
		-0.044881,
		0,
		-0.100031,
		0.511553,
		-0.030751,
		1,
	},
	[0.233333333333] = {
		-0.046399,
		-0.223742,
		0.973543,
		0,
		0.284506,
		0.931269,
		0.227585,
		0,
		-0.957551,
		0.287538,
		0.020446,
		0,
		0.025541,
		0.622962,
		-0.025,
		1,
	},
	[0.25] = {
		-0.136264,
		-0.123771,
		0.98291,
		0,
		0.895494,
		0.408951,
		0.175641,
		0,
		-0.423701,
		0.904124,
		0.055111,
		0,
		0.212043,
		0.685804,
		-0.042344,
		1,
	},
	[0.266666666667] = {
		-0.161369,
		-0.006817,
		0.986871,
		0,
		0.935668,
		-0.31904,
		0.150793,
		0,
		0.313823,
		0.947717,
		0.057861,
		0,
		0.4047,
		0.600536,
		-0.061614,
		1,
	},
	[0.283333333333] = {
		-0.063626,
		0.069053,
		0.995582,
		0,
		0.525669,
		-0.845672,
		0.09225,
		0,
		0.848306,
		0.529216,
		0.017508,
		0,
		0.575309,
		0.4291,
		-0.088393,
		1,
	},
	[0.2] = {
		0.095363,
		-0.25892,
		0.96118,
		0,
		-0.543122,
		0.795662,
		0.268219,
		0,
		-0.834221,
		-0.547616,
		-0.064748,
		0,
		-0.161285,
		0.478307,
		-0.038242,
		1,
	},
	[0.316666666667] = {
		0.395562,
		-0.25877,
		0.881232,
		0,
		0.011572,
		-0.958008,
		-0.286509,
		0,
		0.918366,
		0.12353,
		-0.375957,
		0,
		0.739557,
		-0.089297,
		-0.177983,
		1,
	},
	[0.333333333333] = {
		0.48377,
		-0.352588,
		0.801029,
		0,
		-0.108941,
		-0.9324,
		-0.344619,
		0,
		0.868388,
		0.079451,
		-0.489479,
		0,
		0.707299,
		-0.166845,
		-0.205631,
		1,
	},
	[0.35] = {
		0.547495,
		-0.429842,
		0.717973,
		0,
		-0.212058,
		-0.90125,
		-0.377861,
		0,
		0.809494,
		0.054625,
		-0.584582,
		0,
		0.676149,
		-0.218843,
		-0.22721,
		1,
	},
	[0.366666666667] = {
		0.59344,
		-0.490757,
		0.637955,
		0,
		-0.296782,
		-0.870181,
		-0.393326,
		0,
		0.748164,
		0.044082,
		-0.662048,
		0,
		0.649073,
		-0.255027,
		-0.24474,
		1,
	},
	[0.383333333333] = {
		0.627362,
		-0.536887,
		0.564065,
		0,
		-0.364183,
		-0.842528,
		-0.396883,
		0,
		0.688322,
		0.043566,
		-0.724095,
		0,
		0.626006,
		-0.281662,
		-0.259659,
		1,
	},
	[0.3] = {
		0.190261,
		-0.063093,
		0.979704,
		0,
		0.181446,
		-0.97848,
		-0.098252,
		0,
		0.96482,
		0.196457,
		-0.174719,
		0,
		0.735097,
		0.140125,
		-0.134338,
		1,
	},
	[0.416666666667] = {
		0.67565,
		-0.592572,
		0.438584,
		0,
		-0.454817,
		-0.803251,
		-0.384616,
		0,
		0.580206,
		0.06039,
		-0.812228,
		0,
		0.589148,
		-0.319317,
		-0.285832,
		1,
	},
	[0.433333333333] = {
		0.695418,
		-0.60563,
		0.38679,
		0,
		-0.481981,
		-0.792326,
		-0.374049,
		0,
		0.533,
		0.073695,
		-0.8429,
		0,
		0.573912,
		-0.333811,
		-0.298542,
		1,
	},
	[0.45] = {
		0.714449,
		-0.610665,
		0.341541,
		0,
		-0.499247,
		-0.786919,
		-0.362644,
		0,
		0.490219,
		0.088577,
		-0.867087,
		0,
		0.55998,
		-0.346671,
		-0.311756,
		1,
	},
	[0.466666666667] = {
		0.73364,
		-0.608675,
		0.302136,
		0,
		-0.507886,
		-0.786537,
		-0.3513,
		0,
		0.451469,
		0.104277,
		-0.886173,
		0,
		0.546809,
		-0.358407,
		-0.325967,
		1,
	},
	[0.483333333333] = {
		0.753482,
		-0.600417,
		0.267889,
		0,
		-0.508899,
		-0.790589,
		-0.340575,
		0,
		0.416277,
		0.120288,
		-0.901246,
		0,
		0.533881,
		-0.369316,
		-0.341659,
		1,
	},
	[0.4] = {
		0.653699,
		-0.570195,
		0.497549,
		0,
		-0.416176,
		-0.819999,
		-0.392937,
		0,
		0.632041,
		0.049795,
		-0.773334,
		0,
		0.606285,
		-0.302373,
		-0.273085,
		1,
	},
	[0.516666666667] = {
		0.795674,
		-0.567268,
		0.212392,
		0,
		-0.491065,
		-0.809386,
		-0.322102,
		0,
		0.354625,
		0.151989,
		-0.922573,
		0,
		0.506536,
		-0.38904,
		-0.379534,
		1,
	},
	[0.533333333333] = {
		0.817799,
		-0.543216,
		0.190058,
		0,
		-0.473403,
		-0.822759,
		-0.314573,
		0,
		0.327253,
		0.167283,
		-0.930012,
		0,
		0.490815,
		-0.397669,
		-0.402819,
		1,
	},
	[0.55] = {
		0.840219,
		-0.514678,
		0.170701,
		0,
		-0.450609,
		-0.837839,
		-0.308184,
		0,
		0.301636,
		0.182023,
		-0.935886,
		0,
		0.472643,
		-0.405064,
		-0.429751,
		1,
	},
	[0.566666666667] = {
		0.862515,
		-0.482061,
		0.153899,
		0,
		-0.423209,
		-0.85391,
		-0.302873,
		0,
		0.277419,
		0.196101,
		-0.940523,
		0,
		0.452205,
		-0.41036,
		-0.459773,
		1,
	},
	[0.583333333333] = {
		0.884212,
		-0.445846,
		0.139252,
		0,
		-0.391798,
		-0.870268,
		-0.298544,
		0,
		0.254291,
		0.209418,
		-0.944182,
		0,
		0.427882,
		-0.414584,
		-0.491051,
		1,
	},
	[0.5] = {
		0.774169,
		-0.586464,
		0.238165,
		0,
		-0.503079,
		-0.79843,
		-0.330787,
		0,
		0.384153,
		0.136269,
		-0.913158,
		0,
		0.520656,
		-0.379532,
		-0.359336,
		1,
	},
	[0.616666666667] = {
		0.923839,
		-0.365137,
		0.114875,
		0,
		-0.319844,
		-0.901228,
		-0.292382,
		0,
		0.210288,
		0.233372,
		-0.949377,
		0,
		0.362501,
		-0.414645,
		-0.562731,
		1,
	},
	[0.633333333333] = {
		0.94088,
		-0.322263,
		0.104362,
		0,
		-0.281099,
		-0.914714,
		-0.290315,
		0,
		0.189019,
		0.243816,
		-0.951223,
		0,
		0.32185,
		-0.408188,
		-0.599916,
		1,
	},
	[0.65] = {
		0.955625,
		-0.279043,
		0.094426,
		0,
		-0.241951,
		-0.926319,
		-0.288777,
		0,
		0.168049,
		0.253116,
		-0.952728,
		0,
		0.276743,
		-0.396221,
		-0.634846,
		1,
	},
	[0.666666666667] = {
		0.967899,
		-0.236656,
		0.084643,
		0,
		-0.203657,
		-0.935825,
		-0.287674,
		0,
		0.147291,
		0.261201,
		-0.953981,
		0,
		0.226442,
		-0.365978,
		-0.648809,
		1,
	},
	[0.683333333333] = {
		0.977685,
		-0.196392,
		0.074574,
		0,
		-0.167577,
		-0.943184,
		-0.286918,
		0,
		0.126685,
		0.268019,
		-0.955048,
		0,
		0.180694,
		-0.338195,
		-0.660477,
		1,
	},
	[0.6] = {
		0.904812,
		-0.406627,
		0.126373,
		0,
		-0.357068,
		-0.886243,
		-0.295086,
		0,
		0.231987,
		0.221874,
		-0.947077,
		0,
		0.397923,
		-0.416507,
		-0.525919,
		1,
	},
	[0.716666666667] = {
		0.990459,
		-0.12771,
		0.05177,
		0,
		-0.107809,
		-0.952106,
		-0.286131,
		0,
		0.085833,
		0.27782,
		-0.956791,
		0,
		0.107531,
		-0.293628,
		-0.677054,
		1,
	},
	[0.733333333333] = {
		0.994047,
		-0.102062,
		0.038131,
		0,
		-0.087014,
		-0.954298,
		-0.285908,
		0,
		0.065569,
		0.280888,
		-0.957498,
		0,
		0.082203,
		-0.278389,
		-0.682072,
		1,
	},
	[0.75] = {
		0.996214,
		-0.083995,
		0.02242,
		0,
		-0.074132,
		-0.955474,
		-0.285613,
		0,
		0.045412,
		0.282869,
		-0.958083,
		0,
		0.065636,
		-0.268786,
		-0.684875,
		1,
	},
	[0.766666666667] = {
		0.997194,
		-0.074742,
		0.004239,
		0,
		-0.070438,
		-0.955928,
		-0.285025,
		0,
		0.025356,
		0.283927,
		-0.958511,
		0,
		0.058748,
		-0.26554,
		-0.68535,
		1,
	},
	[0.783333333333] = {
		0.997404,
		-0.0709,
		-0.012575,
		0,
		-0.071546,
		-0.956062,
		-0.284301,
		0,
		0.008134,
		0.284462,
		-0.958653,
		0,
		0.057233,
		-0.265715,
		-0.684707,
		1,
	},
	[0.7] = {
		0.985118,
		-0.159613,
		0.063768,
		0,
		-0.135142,
		-0.948521,
		-0.286433,
		0,
		0.106204,
		0.273552,
		-0.955976,
		0,
		0.140693,
		-0.313806,
		-0.669867,
		1,
	},
	[0.816666666667] = {
		0.997278,
		-0.066508,
		-0.031829,
		0,
		-0.072816,
		-0.956222,
		-0.283439,
		0,
		-0.011584,
		0.284985,
		-0.958462,
		0,
		0.055356,
		-0.265975,
		-0.683929,
		1,
	},
	[0.833333333333] = {
		0.997208,
		-0.065676,
		-0.035528,
		0,
		-0.07307,
		-0.956254,
		-0.283264,
		0,
		-0.01537,
		0.285069,
		-0.958384,
		0,
		0.054891,
		-0.266062,
		-0.683765,
		1,
	},
	[0.85] = {
		0.997195,
		-0.065567,
		-0.036085,
		0,
		-0.073124,
		-0.956261,
		-0.283229,
		0,
		-0.015936,
		0.285073,
		-0.958373,
		0,
		0.054678,
		-0.266125,
		-0.683727,
		1,
	},
	[0.866666666667] = {
		0.997234,
		-0.066047,
		-0.034088,
		0,
		-0.073016,
		-0.956245,
		-0.283308,
		0,
		-0.013885,
		0.285013,
		-0.958423,
		0,
		0.054673,
		-0.266166,
		-0.68379,
		1,
	},
	[0.883333333333] = {
		0.9973,
		-0.066979,
		-0.030122,
		0,
		-0.072781,
		-0.956214,
		-0.283474,
		0,
		-0.009816,
		0.284901,
		-0.958507,
		0,
		0.054833,
		-0.26619,
		-0.683931,
		1,
	},
	[0.8] = {
		0.997373,
		-0.068203,
		-0.024384,
		0,
		-0.072322,
		-0.956159,
		-0.283777,
		0,
		-0.00396,
		0.284795,
		-0.95858,
		0,
		0.05612,
		-0.265859,
		-0.684237,
		1,
	},
	[0.916666666667] = {
		0.997397,
		-0.069661,
		-0.018605,
		0,
		-0.072076,
		-0.956123,
		-0.283962,
		0,
		0.001992,
		0.284564,
		-0.958655,
		0,
		0.055479,
		-0.266199,
		-0.684351,
		1,
	},
	[0.933333333333] = {
		0.997391,
		-0.07114,
		-0.012228,
		0,
		-0.071678,
		-0.956073,
		-0.284231,
		0,
		0.008529,
		0.284366,
		-0.958678,
		0,
		0.055877,
		-0.266192,
		-0.684584,
		1,
	},
	[0.95] = {
		0.997347,
		-0.07253,
		-0.006226,
		0,
		-0.071301,
		-0.956026,
		-0.284483,
		0,
		0.014681,
		0.284172,
		-0.958661,
		0,
		0.056267,
		-0.266181,
		-0.684801,
		1,
	},
	[0.966666666667] = {
		0.99728,
		-0.073692,
		-0.001197,
		0,
		-0.070983,
		-0.955987,
		-0.284692,
		0,
		0.019835,
		0.284003,
		-0.958618,
		0,
		0.056603,
		-0.26617,
		-0.684981,
		1,
	},
	[0.983333333333] = {
		0.997219,
		-0.07449,
		0.002261,
		0,
		-0.070762,
		-0.955961,
		-0.284835,
		0,
		0.023378,
		0.283883,
		-0.958574,
		0,
		0.056838,
		-0.266161,
		-0.685104,
		1,
	},
	[0.9] = {
		0.997362,
		-0.068229,
		-0.024766,
		0,
		-0.072456,
		-0.956171,
		-0.283701,
		0,
		-0.004324,
		0.284747,
		-0.958593,
		0,
		0.055116,
		-0.2662,
		-0.684126,
		1,
	},
	{
		0.997193,
		-0.074786,
		0.003546,
		0,
		-0.07068,
		-0.955951,
		-0.284889,
		0,
		0.024695,
		0.283838,
		-0.958554,
		0,
		0.056927,
		-0.266157,
		-0.68515,
		1,
	},
}

return spline_matrices
