local spline_matrices = {
	[0] = {
		0.989841,
		0.140463,
		-0.022011,
		0,
		-0.104599,
		0.614579,
		-0.78189,
		0,
		-0.096299,
		0.776249,
		0.623028,
		0,
		0.08538,
		0.684717,
		-0.197524,
		1
	},
	{
		0.868883,
		0.228524,
		-0.439112,
		0,
		-0.493944,
		0.341838,
		-0.799479,
		0,
		-0.032595,
		0.91155,
		0.409895,
		0,
		-0.037095,
		0.624574,
		-0.187913,
		1
	},
	[0.0166666666667] = {
		0.916255,
		0.197238,
		-0.348675,
		0,
		-0.395753,
		0.580612,
		-0.711526,
		0,
		0.062105,
		0.789928,
		0.610046,
		0,
		0.086541,
		0.668106,
		-0.16305,
		1
	},
	[0.0333333333333] = {
		0.713056,
		0.246513,
		-0.65634,
		0,
		-0.67307,
		0.502775,
		-0.542396,
		0,
		0.196284,
		0.828522,
		0.524428,
		0,
		0.090821,
		0.650769,
		-0.12732,
		1
	},
	[0.05] = {
		0.41112,
		0.257246,
		-0.874531,
		0,
		-0.862932,
		0.419041,
		-0.282405,
		0,
		0.293817,
		0.870763,
		0.394262,
		0,
		0.102261,
		0.63467,
		-0.092243,
		1
	},
	[0.0666666666667] = {
		0.089475,
		0.236217,
		-0.967572,
		0,
		-0.926136,
		0.377135,
		0.006428,
		0,
		0.366424,
		0.895528,
		0.252513,
		0,
		0.121389,
		0.620777,
		-0.0612,
		1
	},
	[0.0833333333333] = {
		-0.176064,
		0.22141,
		-0.959156,
		0,
		-0.875952,
		0.409317,
		0.255277,
		0,
		0.44912,
		0.88512,
		0.121878,
		0,
		0.146402,
		0.608245,
		-0.035706,
		1
	},
	[0.116666666667] = {
		-0.555791,
		0.336641,
		-0.760111,
		0,
		-0.351371,
		0.733526,
		0.581788,
		0,
		0.753415,
		0.590434,
		-0.289402,
		0,
		0.227949,
		0.579002,
		0.016676,
		1
	},
	[0.133333333333] = {
		-0.615221,
		0.510596,
		-0.600661,
		0,
		0.029067,
		0.776092,
		0.62995,
		0,
		0.787818,
		0.370099,
		-0.49231,
		0,
		0.266429,
		0.557172,
		0.038169,
		1
	},
	[0.15] = {
		-0.551403,
		0.659477,
		-0.510926,
		0,
		0.250715,
		0.715132,
		0.652478,
		0,
		0.795674,
		0.231681,
		-0.559666,
		0,
		0.283356,
		0.537671,
		0.047366,
		1
	},
	[0.166666666667] = {
		-0.294467,
		0.799003,
		-0.524293,
		0,
		0.321656,
		0.599474,
		0.732918,
		0,
		0.899904,
		0.047178,
		-0.433529,
		0,
		0.289835,
		0.51033,
		0.061256,
		1
	},
	[0.183333333333] = {
		0.149333,
		0.822786,
		-0.548382,
		0,
		0.307163,
		0.488561,
		0.816676,
		0,
		0.939867,
		-0.290399,
		-0.179771,
		0,
		0.290068,
		0.475048,
		0.086722,
		1
	},
	[0.1] = {
		-0.386964,
		0.238396,
		-0.890745,
		0,
		-0.694276,
		0.560396,
		0.451595,
		0,
		0.606828,
		0.793173,
		-0.05134,
		0,
		0.182683,
		0.595735,
		-0.010116,
		1
	},
	[0.216666666667] = {
		0.767633,
		0.353685,
		-0.534459,
		0,
		0.196886,
		0.663464,
		0.721839,
		0,
		0.609897,
		-0.659335,
		0.439661,
		0,
		0.235204,
		0.46294,
		0.105068,
		1
	},
	[0.233333333333] = {
		0.834331,
		0.211441,
		-0.509101,
		0,
		-0.000954,
		0.92407,
		0.382223,
		0,
		0.551263,
		-0.318415,
		0.771182,
		0,
		0.16476,
		0.51587,
		0.064863,
		1
	},
	[0.25] = {
		0.641991,
		0.131541,
		-0.755344,
		0,
		-0.755783,
		0.274325,
		-0.594591,
		0,
		0.128997,
		0.952598,
		0.275531,
		0,
		-0.046002,
		0.641182,
		-0.138998,
		1
	},
	[0.266666666667] = {
		0.659508,
		0.050274,
		-0.750015,
		0,
		-0.741034,
		-0.123987,
		-0.659921,
		0,
		-0.126169,
		0.991009,
		-0.044516,
		0,
		-0.149118,
		0.600266,
		-0.210826,
		1
	},
	[0.283333333333] = {
		0.641476,
		0.075876,
		-0.763381,
		0,
		-0.699137,
		-0.351789,
		-0.622457,
		0,
		-0.315779,
		0.932999,
		-0.172617,
		0,
		-0.19566,
		0.576086,
		-0.237383,
		1
	},
	[0.2] = {
		0.548276,
		0.627699,
		-0.552618,
		0,
		0.252835,
		0.505456,
		0.824978,
		0,
		0.797163,
		-0.592037,
		0.118425,
		0,
		0.273274,
		0.454519,
		0.105975,
		1
	},
	[0.316666666667] = {
		0.553149,
		0.180716,
		-0.813245,
		0,
		-0.60671,
		-0.581585,
		-0.541906,
		0,
		-0.570902,
		0.793159,
		-0.212061,
		0,
		-0.221128,
		0.552037,
		-0.243268,
		1
	},
	[0.333333333333] = {
		0.532941,
		0.203007,
		-0.821439,
		0,
		-0.56515,
		-0.637109,
		-0.524116,
		0,
		-0.629745,
		0.743559,
		-0.224813,
		0,
		-0.222939,
		0.543046,
		-0.242838,
		1
	},
	[0.35] = {
		0.515095,
		0.222792,
		-0.827672,
		0,
		-0.527672,
		-0.678529,
		-0.511039,
		0,
		-0.675454,
		0.699973,
		-0.231946,
		0,
		-0.224044,
		0.535042,
		-0.241677,
		1
	},
	[0.366666666667] = {
		0.499866,
		0.240877,
		-0.831933,
		0,
		-0.495534,
		-0.708257,
		-0.502809,
		0,
		-0.710337,
		0.663589,
		-0.234671,
		0,
		-0.224667,
		0.528006,
		-0.239943,
		1
	},
	[0.383333333333] = {
		0.487352,
		0.25789,
		-0.834254,
		0,
		-0.4693,
		-0.728326,
		-0.499299,
		0,
		-0.736373,
		0.63485,
		-0.233924,
		0,
		-0.224976,
		0.521888,
		-0.237758,
		1
	},
	[0.3] = {
		0.594295,
		0.135728,
		-0.792711,
		0,
		-0.652061,
		-0.49565,
		-0.573714,
		0,
		-0.470776,
		0.857852,
		-0.20606,
		0,
		-0.215701,
		0.56182,
		-0.243863,
		1
	},
	[0.416666666667] = {
		0.470433,
		0.290416,
		-0.833277,
		0,
		-0.434593,
		-0.745584,
		-0.505206,
		0,
		-0.767998,
		0.599803,
		-0.224534,
		0,
		-0.225071,
		0.51215,
		-0.232409,
		1
	},
	[0.433333333333] = {
		0.465906,
		0.306443,
		-0.830075,
		0,
		-0.425478,
		-0.744948,
		-0.513829,
		0,
		-0.775822,
		0.592575,
		-0.216691,
		0,
		-0.224977,
		0.508403,
		-0.229392,
		1
	},
	[0.45] = {
		0.463883,
		0.32247,
		-0.825122,
		0,
		-0.421161,
		-0.739137,
		-0.525642,
		0,
		-0.779382,
		0.591345,
		-0.207061,
		0,
		-0.224826,
		0.505327,
		-0.226224,
		1
	},
	[0.466666666667] = {
		0.46426,
		0.338507,
		-0.818459,
		0,
		-0.421004,
		-0.728671,
		-0.54018,
		0,
		-0.779242,
		0.595358,
		-0.19578,
		0,
		-0.224622,
		0.502869,
		-0.222956,
		1
	},
	[0.483333333333] = {
		0.466919,
		0.354501,
		-0.810133,
		0,
		-0.424312,
		-0.713963,
		-0.55697,
		0,
		-0.775852,
		0.603809,
		-0.182944,
		0,
		-0.224359,
		0.500981,
		-0.219636,
		1
	},
	[0.4] = {
		0.477557,
		0.274297,
		-0.834686,
		0,
		-0.44906,
		-0.740353,
		-0.500222,
		0,
		-0.755172,
		0.613708,
		-0.230385,
		0,
		-0.225085,
		0.516625,
		-0.23522,
		1
	},
	[0.516666666667] = {
		0.478498,
		0.385931,
		-0.788732,
		0,
		-0.438392,
		-0.673284,
		-0.5954,
		0,
		-0.760823,
		0.630671,
		-0.152976,
		0,
		-0.223599,
		0.498721,
		-0.213026,
		1
	},
	[0.533333333333] = {
		0.487055,
		0.401095,
		-0.775822,
		0,
		-0.447668,
		-0.648086,
		-0.616099,
		0,
		-0.749914,
		0.647385,
		-0.136096,
		0,
		-0.223068,
		0.498254,
		-0.209834,
		1
	},
	[0.55] = {
		0.497159,
		0.41571,
		-0.761589,
		0,
		-0.457452,
		-0.620264,
		-0.63719,
		0,
		-0.737272,
		0.665175,
		-0.118203,
		0,
		-0.222415,
		0.498161,
		-0.206786,
		1
	},
	[0.566666666667] = {
		0.508539,
		0.429662,
		-0.746176,
		0,
		-0.467047,
		-0.590388,
		-0.658262,
		0,
		-0.723364,
		0.683251,
		-0.099563,
		0,
		-0.22163,
		0.498391,
		-0.203943,
		1
	},
	[0.583333333333] = {
		0.520886,
		0.442878,
		-0.729751,
		0,
		-0.475808,
		-0.55913,
		-0.678955,
		0,
		-0.70872,
		0.70088,
		-0.080519,
		0,
		-0.220708,
		0.498888,
		-0.201369,
		1
	},
	[0.5] = {
		0.47172,
		0.370352,
		-0.8002,
		0,
		-0.430358,
		-0.695379,
		-0.575535,
		0,
		-0.769593,
		0.615863,
		-0.16864,
		0,
		-0.224024,
		0.499614,
		-0.216311,
		1
	},
	[0.616666666667] = {
		0.547085,
		0.467075,
		-0.69465,
		0,
		-0.488598,
		-0.495636,
		-0.718065,
		0,
		-0.679684,
		0.732247,
		-0.042944,
		0,
		-0.218463,
		0.500469,
		-0.197331,
		1
	},
	[0.633333333333] = {
		0.560172,
		0.478208,
		-0.676405,
		0,
		-0.491709,
		-0.465181,
		-0.73609,
		0,
		-0.666655,
		0.744932,
		-0.025442,
		0,
		-0.217164,
		0.501445,
		-0.196034,
		1
	},
	[0.65] = {
		0.572708,
		0.488912,
		-0.658005,
		0,
		-0.492152,
		-0.436862,
		-0.752953,
		0,
		-0.655585,
		0.75506,
		-0.009576,
		0,
		-0.215769,
		0.502477,
		-0.19534,
		1
	},
	[0.666666666667] = {
		0.584269,
		0.499427,
		-0.639689,
		0,
		-0.489643,
		-0.411664,
		-0.768623,
		0,
		-0.647209,
		0.762302,
		0.004019,
		0,
		-0.2143,
		0.503514,
		-0.195348,
		1
	},
	[0.683333333333] = {
		0.597378,
		0.510149,
		-0.618779,
		0,
		-0.484291,
		-0.385526,
		-0.785386,
		0,
		-0.63922,
		0.768841,
		0.016756,
		0,
		-0.212165,
		0.50509,
		-0.195948,
		1
	},
	[0.6] = {
		0.533859,
		0.455335,
		-0.712506,
		0,
		-0.483158,
		-0.527261,
		-0.698967,
		0,
		-0.69394,
		0.717403,
		-0.061484,
		0,
		-0.219649,
		0.499599,
		-0.199139,
		1
	},
	[0.716666666667] = {
		0.633934,
		0.529994,
		-0.563236,
		0,
		-0.466876,
		-0.318345,
		-0.825035,
		0,
		-0.616567,
		0.785979,
		0.045632,
		0,
		-0.204403,
		0.511236,
		-0.198049,
		1
	},
	[0.733333333333] = {
		0.655571,
		0.53735,
		-0.530548,
		0,
		-0.455588,
		-0.278862,
		-0.845385,
		0,
		-0.602217,
		0.795921,
		0.061996,
		0,
		-0.198998,
		0.515586,
		-0.199323,
		1
	},
	[0.75] = {
		0.678306,
		0.542016,
		-0.496104,
		0,
		-0.443246,
		-0.236658,
		-0.864596,
		0,
		-0.586032,
		0.806357,
		0.07972,
		0,
		-0.192731,
		0.520628,
		-0.200601,
		1
	},
	[0.766666666667] = {
		0.70137,
		0.543474,
		-0.461212,
		0,
		-0.430494,
		-0.192741,
		-0.881775,
		0,
		-0.568115,
		0.816999,
		0.098779,
		0,
		-0.185726,
		0.526232,
		-0.201784,
		1
	},
	[0.783333333333] = {
		0.724091,
		0.541406,
		-0.427284,
		0,
		-0.418092,
		-0.148157,
		-0.896241,
		0,
		-0.548536,
		0.827604,
		0.119079,
		0,
		-0.178111,
		0.532262,
		-0.202782,
		1
	},
	[0.7] = {
		0.614238,
		0.520647,
		-0.592991,
		0,
		-0.476584,
		-0.354177,
		-0.804628,
		0,
		-0.628951,
		0.776843,
		0.030583,
		0,
		-0.208829,
		0.5077,
		-0.196887,
		1
	},
	[0.816666666667] = {
		0.766308,
		0.526451,
		-0.368267,
		0,
		-0.397918,
		-0.061121,
		-0.915383,
		0,
		-0.504413,
		0.848005,
		0.162647,
		0,
		-0.161588,
		0.545046,
		-0.203931,
		1
	},
	[0.833333333333] = {
		0.784911,
		0.513883,
		-0.346179,
		0,
		-0.392142,
		-0.020579,
		-0.919675,
		0,
		-0.479729,
		0.857614,
		0.185362,
		0,
		-0.152953,
		0.551524,
		-0.203965,
		1
	},
	[0.85] = {
		0.801307,
		0.498345,
		-0.330998,
		0,
		-0.390673,
		0.016869,
		-0.920375,
		0,
		-0.45308,
		0.866815,
		0.208207,
		0,
		-0.144249,
		0.557885,
		-0.203579,
		1
	},
	[0.866666666667] = {
		0.816151,
		0.478389,
		-0.3241,
		0,
		-0.395065,
		0.052649,
		-0.917143,
		0,
		-0.421688,
		0.876568,
		0.231965,
		0,
		-0.134981,
		0.564522,
		-0.202695,
		1
	},
	[0.883333333333] = {
		0.830037,
		0.453111,
		-0.325161,
		0,
		-0.404945,
		0.088755,
		-0.910023,
		0,
		-0.383482,
		0.887025,
		0.257155,
		0,
		-0.124652,
		0.57178,
		-0.201332,
		1
	},
	[0.8] = {
		0.745897,
		0.535705,
		-0.395801,
		0,
		-0.406913,
		-0.103951,
		-0.907533,
		0,
		-0.527314,
		0.837982,
		0.140448,
		0,
		-0.170019,
		0.538579,
		-0.203519,
		1
	},
	[0.916666666667] = {
		0.852629,
		0.391388,
		-0.346178,
		0,
		-0.434224,
		0.162219,
		-0.886078,
		0,
		-0.290644,
		0.905815,
		0.308263,
		0,
		-0.101368,
		0.587385,
		-0.197628,
		1
	},
	[0.933333333333] = {
		0.860388,
		0.357385,
		-0.363331,
		0,
		-0.450343,
		0.199394,
		-0.870307,
		0,
		-0.238589,
		0.912424,
		0.332502,
		0,
		-0.088747,
		0.595358,
		-0.195524,
		1
	},
	[0.95] = {
		0.865528,
		0.322934,
		-0.382851,
		0,
		-0.465486,
		0.236474,
		-0.852879,
		0,
		-0.18489,
		0.916403,
		0.354996,
		0,
		-0.075748,
		0.603212,
		-0.193404,
		1
	},
	[0.966666666667] = {
		0.868247,
		0.289241,
		-0.403096,
		0,
		-0.478423,
		0.272979,
		-0.834622,
		0,
		-0.13137,
		0.917509,
		0.375393,
		0,
		-0.062618,
		0.610788,
		-0.191372,
		1
	},
	[0.983333333333] = {
		0.869084,
		0.257433,
		-0.4224,
		0,
		-0.48816,
		0.308318,
		-0.81648,
		0,
		-0.079956,
		0.915788,
		0.393623,
		0,
		-0.049633,
		0.617948,
		-0.189518,
		1
	},
	[0.9] = {
		0.842381,
		0.423707,
		-0.332966,
		0,
		-0.418562,
		0.125284,
		-0.899505,
		0,
		-0.339412,
		0.897093,
		0.282884,
		0,
		-0.113397,
		0.579464,
		-0.199604,
		1
	},
	[1.01666666667] = {
		0.868719,
		0.203389,
		-0.45162,
		0,
		-0.495227,
		0.37288,
		-0.784672,
		0,
		0.008807,
		0.905314,
		0.424652,
		0,
		-0.025315,
		0.630568,
		-0.186612,
		1
	},
	[1.03333333333] = {
		0.869782,
		0.182775,
		-0.458337,
		0,
		-0.49161,
		0.400827,
		-0.773083,
		0,
		0.042414,
		0.897737,
		0.438486,
		0,
		-0.014613,
		0.635848,
		-0.185655,
		1
	},
	[1.05] = {
		0.87324,
		0.167326,
		-0.457661,
		0,
		-0.482738,
		0.425137,
		-0.765652,
		0,
		0.066455,
		0.889528,
		0.452021,
		0,
		-0.005304,
		0.640344,
		-0.18508,
		1
	},
	[1.06666666667] = {
		0.878941,
		0.156167,
		-0.450639,
		0,
		-0.469818,
		0.446094,
		-0.761756,
		0,
		0.082066,
		0.881256,
		0.46546,
		0,
		0.003137,
		0.644375,
		-0.184854,
		1
	},
	[1.08333333333] = {
		0.885957,
		0.147755,
		-0.4396,
		0,
		-0.454571,
		0.464494,
		-0.760007,
		0,
		0.091897,
		0.873163,
		0.478687,
		0,
		0.011403,
		0.648307,
		-0.184895,
		1
	},
	[1.11666666667] = {
		0.903178,
		0.137736,
		-0.406569,
		0,
		-0.41833,
		0.494847,
		-0.761661,
		0,
		0.096281,
		0.857995,
		0.504554,
		0,
		0.02722,
		0.655858,
		-0.185655,
		1
	},
	[1.13333333333] = {
		0.912857,
		0.135482,
		-0.385145,
		0,
		-0.397811,
		0.507399,
		-0.76439,
		0,
		0.091861,
		0.850994,
		0.517079,
		0,
		0.034683,
		0.659455,
		-0.186317,
		1
	},
	[1.15] = {
		0.922848,
		0.134667,
		-0.360856,
		0,
		-0.375957,
		0.518582,
		-0.767938,
		0,
		0.083718,
		0.844356,
		0.529201,
		0,
		0.041798,
		0.66291,
		-0.187134,
		1
	},
	[1.16666666667] = {
		0.93284,
		0.135008,
		-0.33404,
		0,
		-0.352948,
		0.528663,
		-0.771973,
		0,
		0.072373,
		0.838026,
		0.540809,
		0,
		0.048525,
		0.666202,
		-0.188079,
		1
	},
	[1.18333333333] = {
		0.942537,
		0.136228,
		-0.305067,
		0,
		-0.328965,
		0.537893,
		-0.776179,
		0,
		0.058356,
		0.831933,
		0.551798,
		0,
		0.054826,
		0.669308,
		-0.189126,
		1
	},
	[1.1] = {
		0.894117,
		0.141724,
		-0.424817,
		0,
		-0.437322,
		0.480644,
		-0.760086,
		0,
		0.096464,
		0.865388,
		0.491731,
		0,
		0.019446,
		0.652137,
		-0.185172,
		1
	},
	[1.21666666667] = {
		0.960022,
		0.140198,
		-0.242285,
		0,
		-0.278851,
		0.554705,
		-0.783929,
		0,
		0.024491,
		0.82015,
		0.571624,
		0,
		0.065996,
		0.674864,
		-0.191409,
		1
	},
	[1.23333333333] = {
		0.967413,
		0.142389,
		-0.209374,
		0,
		-0.253138,
		0.562695,
		-0.786953,
		0,
		0.00576,
		0.814309,
		0.580403,
		0,
		0.070783,
		0.677263,
		-0.192581,
		1
	},
	[1.25] = {
		0.973734,
		0.14434,
		-0.176092,
		0,
		-0.227293,
		0.570646,
		-0.789114,
		0,
		-0.013415,
		0.808412,
		0.588465,
		0,
		0.07498,
		0.679376,
		-0.193724,
		1
	},
	[1.26666666667] = {
		0.978939,
		0.145764,
		-0.142941,
		0,
		-0.201557,
		0.578711,
		-0.790233,
		0,
		-0.032465,
		0.8024,
		0.595902,
		0,
		0.07854,
		0.681175,
		-0.194798,
		1
	},
	[1.28333333333] = {
		0.983045,
		0.146373,
		-0.110439,
		0,
		-0.176177,
		0.587027,
		-0.790165,
		0,
		-0.050828,
		0.796225,
		0.602862,
		0,
		0.081414,
		0.682636,
		-0.195761,
		1
	},
	[1.2] = {
		0.951673,
		0.138051,
		-0.274337,
		0,
		-0.304199,
		0.546502,
		-0.780255,
		0,
		0.042211,
		0.826001,
		0.562086,
		0,
		0.060663,
		0.672204,
		-0.190246,
		1
	},
	[1.31666666667] = {
		0.98834,
		0.144005,
		-0.049455,
		0,
		-0.127464,
		0.604866,
		-0.78606,
		0,
		-0.083283,
		0.783199,
		0.616169,
		0,
		0.08489,
		0.684434,
		-0.197171,
		1
	},
	[1.33333333333] = {
		0.989841,
		0.140463,
		-0.022011,
		0,
		-0.104599,
		0.614579,
		-0.78189,
		0,
		-0.096299,
		0.776249,
		0.623028,
		0,
		0.08538,
		0.684717,
		-0.197524,
		1
	},
	[1.3] = {
		0.986135,
		0.145881,
		-0.079103,
		0,
		-0.151399,
		0.595711,
		-0.788801,
		0,
		-0.067948,
		0.78984,
		0.609538,
		0,
		0.083549,
		0.683731,
		-0.196568,
		1
	}
}

return spline_matrices
