local spline_matrices = {
	[0] = {
		0.891737,
		0.217887,
		0.396649,
		0,
		-0.000916,
		0.877335,
		-0.479878,
		0,
		-0.452553,
		0.427562,
		0.782551,
		0,
		0.036215,
		0.648012,
		-0.160998,
		1
	},
	{
		0.961154,
		0.267549,
		-0.067833,
		0,
		-0.221888,
		0.602806,
		-0.766414,
		0,
		-0.164163,
		0.751693,
		0.638755,
		0,
		0.066739,
		0.672756,
		-0.194095,
		1
	},
	[0.0166666666667] = {
		0.820203,
		0.158873,
		0.549569,
		0,
		0.067482,
		0.927088,
		-0.368721,
		0,
		-0.568079,
		0.339512,
		0.749679,
		0,
		0.011413,
		0.63205,
		-0.144094,
		1
	},
	[0.0333333333333] = {
		0.726071,
		0.082984,
		0.682594,
		0,
		0.1182,
		0.962852,
		-0.242785,
		0,
		-0.677384,
		0.256961,
		0.68929,
		0,
		-0.037717,
		0.601403,
		-0.110633,
		1
	},
	[0.05] = {
		0.591977,
		0.032368,
		0.805305,
		0,
		0.0862,
		0.990919,
		-0.103194,
		0,
		-0.801332,
		0.130506,
		0.583811,
		0,
		-0.086616,
		0.569852,
		-0.096601,
		1
	},
	[0.0666666666667] = {
		0.380847,
		0.015068,
		0.924515,
		0,
		-0.126548,
		0.991308,
		0.035974,
		0,
		-0.915937,
		-0.130696,
		0.379444,
		0,
		-0.124679,
		0.539116,
		-0.109749,
		1
	},
	[0.0833333333333] = {
		0.13771,
		-0.044265,
		0.989483,
		0,
		-0.362555,
		0.927416,
		0.091947,
		0,
		-0.921732,
		-0.371404,
		0.111666,
		0,
		-0.147424,
		0.514446,
		-0.129173,
		1
	},
	[0.116666666667] = {
		-0.308507,
		-0.199443,
		0.930079,
		0,
		-0.557443,
		0.830187,
		-0.006881,
		0,
		-0.770767,
		-0.520588,
		-0.367296,
		0,
		-0.161921,
		0.496292,
		-0.166062,
		1
	},
	[0.133333333333] = {
		-0.473752,
		-0.273548,
		0.837096,
		0,
		-0.512865,
		0.858414,
		-0.00974,
		0,
		-0.715911,
		-0.433931,
		-0.546969,
		0,
		-0.15644,
		0.505123,
		-0.175869,
		1
	},
	[0.15] = {
		-0.593804,
		-0.2743,
		0.75641,
		0,
		-0.301007,
		0.947564,
		0.10732,
		0,
		-0.746184,
		-0.163957,
		-0.645234,
		0,
		-0.109675,
		0.553293,
		-0.154289,
		1
	},
	[0.166666666667] = {
		-0.683609,
		-0.216632,
		0.696957,
		0,
		0.033229,
		0.944706,
		0.326231,
		0,
		-0.729092,
		0.246174,
		-0.638611,
		0,
		-0.01262,
		0.626888,
		-0.094845,
		1
	},
	[0.183333333333] = {
		-0.784978,
		-0.196454,
		0.58755,
		0,
		0.289938,
		0.721624,
		0.628645,
		0,
		-0.54749,
		0.663826,
		-0.509499,
		0,
		0.093187,
		0.671879,
		-0.016808,
		1
	},
	[0.1] = {
		-0.09235,
		-0.120807,
		0.988371,
		0,
		-0.494593,
		0.867067,
		0.059768,
		0,
		-0.864205,
		-0.483322,
		-0.139824,
		0,
		-0.158725,
		0.501303,
		-0.14878,
		1
	},
	[0.216666666667] = {
		-0.938531,
		-0.137061,
		0.316818,
		0,
		0.326237,
		-0.052221,
		0.943844,
		0,
		-0.11282,
		0.989185,
		0.093725,
		0,
		0.334445,
		0.579461,
		0.222318,
		1
	},
	[0.233333333333] = {
		-0.881451,
		-0.124083,
		0.455683,
		0,
		0.468583,
		-0.109361,
		0.876624,
		0,
		-0.058941,
		0.986227,
		0.154539,
		0,
		0.433916,
		0.495122,
		0.284958,
		1
	},
	[0.25] = {
		-0.875604,
		-0.074215,
		0.477295,
		0,
		0.476965,
		-0.288938,
		0.830072,
		0,
		0.076305,
		0.954467,
		0.288393,
		0,
		0.442195,
		0.487703,
		0.257504,
		1
	},
	[0.266666666667] = {
		-0.877468,
		-0.013212,
		0.479454,
		0,
		0.427449,
		-0.47499,
		0.769202,
		0,
		0.217573,
		0.879892,
		0.422436,
		0,
		0.447193,
		0.479998,
		0.19701,
		1
	},
	[0.283333333333] = {
		-0.856153,
		0.004209,
		0.516705,
		0,
		0.411575,
		-0.59905,
		0.686837,
		0,
		0.312423,
		0.8007,
		0.511146,
		0,
		0.450915,
		0.472551,
		0.151979,
		1
	},
	[0.2] = {
		-0.950085,
		-0.181453,
		0.253799,
		0,
		0.234494,
		0.121274,
		0.964523,
		0,
		-0.205795,
		0.975893,
		-0.072671,
		0,
		0.183529,
		0.66857,
		0.107441,
		1
	},
	[0.316666666667] = {
		-0.72379,
		-0.119071,
		0.679669,
		0,
		0.541071,
		-0.709215,
		0.451948,
		0,
		0.428217,
		0.694864,
		0.577749,
		0,
		0.46678,
		0.462547,
		0.109685,
		1
	},
	[0.333333333333] = {
		-0.606836,
		-0.229848,
		0.760868,
		0,
		0.632939,
		-0.718771,
		0.287675,
		0,
		0.480768,
		0.656154,
		0.581656,
		0,
		0.477729,
		0.461013,
		0.087668,
		1
	},
	[0.35] = {
		-0.445432,
		-0.362629,
		0.81859,
		0,
		0.722446,
		-0.685624,
		0.08939,
		0,
		0.52883,
		0.631205,
		0.567379,
		0,
		0.488547,
		0.462495,
		0.065398,
		1
	},
	[0.366666666667] = {
		-0.240299,
		-0.499731,
		0.832181,
		0,
		0.786927,
		-0.602229,
		-0.134411,
		0,
		0.568333,
		0.622567,
		0.537967,
		0,
		0.497379,
		0.46706,
		0.043829,
		1
	},
	[0.383333333333] = {
		-0.005808,
		-0.617513,
		0.786539,
		0,
		0.804217,
		-0.470346,
		-0.363331,
		0,
		0.594307,
		0.630438,
		0.499347,
		0,
		0.502813,
		0.473995,
		0.024425,
		1
	},
	[0.3] = {
		-0.803756,
		-0.039855,
		0.593623,
		0,
		0.463809,
		-0.666889,
		0.583216,
		0,
		0.372636,
		0.744091,
		0.554501,
		0,
		0.457413,
		0.466592,
		0.13111,
		1
	},
	[0.416666666667] = {
		0.441512,
		-0.722162,
		0.532493,
		0,
		0.668892,
		-0.130648,
		-0.731789,
		0,
		0.59804,
		0.679274,
		0.425366,
		0,
		0.503141,
		0.489009,
		-0.003203,
		1
	},
	[0.433333333333] = {
		0.606025,
		-0.706116,
		0.366242,
		0,
		0.542013,
		0.029577,
		-0.83985,
		0,
		0.582199,
		0.707478,
		0.400648,
		0,
		0.500056,
		0.494426,
		-0.011555,
		1
	},
	[0.45] = {
		0.72027,
		-0.662455,
		0.205827,
		0,
		0.40552,
		0.161361,
		-0.899731,
		0,
		0.562819,
		0.731516,
		0.384862,
		0,
		0.496221,
		0.497927,
		-0.017947,
		1
	},
	[0.466666666667] = {
		0.790646,
		-0.608704,
		0.066022,
		0,
		0.277769,
		0.260503,
		-0.924653,
		0,
		0.545641,
		0.749412,
		0.375044,
		0,
		0.491973,
		0.500007,
		-0.024043,
		1
	},
	[0.483333333333] = {
		0.82774,
		-0.559148,
		-0.046896,
		0,
		0.169757,
		0.329206,
		-0.928874,
		0,
		0.534816,
		0.760905,
		0.367416,
		0,
		0.487077,
		0.501439,
		-0.031311,
		1
	},
	[0.4] = {
		0.231177,
		-0.69469,
		0.681148,
		0,
		0.762889,
		-0.305053,
		-0.570038,
		0,
		0.603786,
		0.65142,
		0.45945,
		0,
		0.504481,
		0.481849,
		0.008573,
		1
	},
	[0.516666666667] = {
		0.85417,
		-0.469774,
		-0.222947,
		0,
		-0.003552,
		0.423469,
		-0.905904,
		0,
		0.519981,
		0.774588,
		0.360046,
		0,
		0.469542,
		0.509824,
		-0.049335,
		1
	},
	[0.533333333333] = {
		0.855581,
		-0.423945,
		-0.297073,
		0,
		-0.078282,
		0.46131,
		-0.883779,
		0,
		0.511716,
		0.779399,
		0.361501,
		0,
		0.456362,
		0.517605,
		-0.059204,
		1
	},
	[0.55] = {
		0.851769,
		-0.377385,
		-0.363415,
		0,
		-0.146556,
		0.494331,
		-0.856831,
		0,
		0.503002,
		0.783082,
		0.365747,
		0,
		0.440865,
		0.527166,
		-0.069369,
		1
	},
	[0.566666666667] = {
		0.844061,
		-0.330137,
		-0.422576,
		0,
		-0.209086,
		0.523046,
		-0.82626,
		0,
		0.493806,
		0.785769,
		0.372456,
		0,
		0.423552,
		0.538022,
		-0.07961,
		1
	},
	[0.583333333333] = {
		0.833549,
		-0.28237,
		-0.474831,
		0,
		-0.266281,
		0.547716,
		-0.79316,
		0,
		0.484036,
		0.787575,
		0.381358,
		0,
		0.404941,
		0.549683,
		-0.089708,
		1
	},
	[0.5] = {
		0.845751,
		-0.514872,
		-0.140039,
		0,
		0.078671,
		0.379911,
		-0.921672,
		0,
		0.527746,
		0.768488,
		0.361815,
		0,
		0.479929,
		0.504289,
		-0.039974,
		1
	},
	[0.616666666667] = {
		0.808137,
		-0.186893,
		-0.558557,
		0,
		-0.365078,
		0.585239,
		-0.724026,
		0,
		0.462205,
		0.789029,
		0.404723,
		0,
		0.365946,
		0.573461,
		-0.108656,
		1
	},
	[0.633333333333] = {
		0.795331,
		-0.140545,
		-0.589657,
		0,
		-0.406392,
		0.598138,
		-0.690708,
		0,
		0.449772,
		0.788973,
		0.418601,
		0,
		0.346633,
		0.584616,
		-0.117129,
		1
	},
	[0.65] = {
		0.783975,
		-0.096399,
		-0.613262,
		0,
		-0.441877,
		0.607213,
		-0.66033,
		0,
		0.436036,
		0.788669,
		0.433444,
		0,
		0.32816,
		0.594662,
		-0.124708,
		1
	},
	[0.666666666667] = {
		0.775271,
		-0.055635,
		-0.629174,
		0,
		-0.471074,
		0.612642,
		-0.634633,
		0,
		0.420766,
		0.7884,
		0.448755,
		0,
		0.311068,
		0.603154,
		-0.131233,
		1
	},
	[0.683333333333] = {
		0.770388,
		-0.019528,
		-0.637277,
		0,
		-0.493445,
		0.6147,
		-0.61535,
		0,
		0.403751,
		0.788519,
		0.463921,
		0,
		0.295903,
		0.609656,
		-0.136556,
		1
	},
	[0.6] = {
		0.821236,
		-0.234433,
		-0.520205,
		0,
		-0.318298,
		0.568439,
		-0.758659,
		0,
		0.473559,
		0.788618,
		0.392203,
		0,
		0.385561,
		0.561658,
		-0.099455,
		1
	},
	[0.716666666667] = {
		0.776471,
		0.041492,
		-0.628786,
		0,
		-0.516865,
		0.612739,
		-0.59783,
		0,
		0.360476,
		0.789195,
		0.49722,
		0,
		0.265474,
		0.6203,
		-0.145572,
		1
	},
	[0.733333333333] = {
		0.786921,
		0.06811,
		-0.613283,
		0,
		-0.519106,
		0.610391,
		-0.598291,
		0,
		0.333593,
		0.789166,
		0.515686,
		0,
		0.248806,
		0.625512,
		-0.149856,
		1
	},
	[0.75] = {
		0.801153,
		0.092438,
		-0.591277,
		0,
		-0.515793,
		0.607699,
		-0.60387,
		0,
		0.303498,
		0.788769,
		0.534539,
		0,
		0.231494,
		0.630609,
		-0.154011,
		1
	},
	[0.766666666667] = {
		0.81818,
		0.11467,
		-0.563411,
		0,
		-0.507372,
		0.604961,
		-0.613674,
		0,
		0.270472,
		0.787955,
		0.553148,
		0,
		0.213797,
		0.63556,
		-0.158052,
		1
	},
	[0.783333333333] = {
		0.836978,
		0.134966,
		-0.530332,
		0,
		-0.494267,
		0.602395,
		-0.626754,
		0,
		0.234879,
		0.786704,
		0.570901,
		0,
		0.195979,
		0.640333,
		-0.16199,
		1
	},
	[0.7] = {
		0.770705,
		0.01236,
		-0.637072,
		0,
		-0.508541,
		0.614348,
		-0.603293,
		0,
		0.383927,
		0.788938,
		0.479767,
		0,
		0.28125,
		0.615005,
		-0.141143,
		1
	},
	[0.816666666667] = {
		0.87588,
		0.170246,
		-0.451498,
		0,
		-0.455934,
		0.598343,
		-0.65887,
		0,
		0.15798,
		0.782945,
		0.601697,
		0,
		0.161075,
		0.649221,
		-0.169562,
		1
	},
	[0.833333333333] = {
		0.894179,
		0.185424,
		-0.407507,
		0,
		-0.431899,
		0.597009,
		-0.67605,
		0,
		0.117929,
		0.780512,
		0.613917,
		0,
		0.144536,
		0.653274,
		-0.173174,
		1
	},
	[0.85] = {
		0.910731,
		0.199071,
		-0.361855,
		0,
		-0.405605,
		0.59617,
		-0.692868,
		0,
		0.077797,
		0.777787,
		0.623695,
		0,
		0.128966,
		0.657023,
		-0.176638,
		1
	},
	[0.866666666667] = {
		0.925032,
		0.211266,
		-0.315724,
		0,
		-0.377943,
		0.595808,
		-0.708641,
		0,
		0.038399,
		0.774842,
		0.630988,
		0,
		0.114626,
		0.660437,
		-0.179913,
		1
	},
	[0.883333333333] = {
		0.936787,
		0.222097,
		-0.270375,
		0,
		-0.3499,
		0.595881,
		-0.722839,
		0,
		0.000571,
		0.77175,
		0.635925,
		0,
		0.101766,
		0.663484,
		-0.182955,
		1
	},
	[0.8] = {
		0.85653,
		0.153456,
		-0.492755,
		0,
		-0.47694,
		0.600156,
		-0.642137,
		0,
		0.19719,
		0.785025,
		0.587241,
		0,
		0.178314,
		0.644897,
		-0.165828,
		1
	},
	[0.916666666667] = {
		0.952532,
		0.240066,
		-0.187218,
		0,
		-0.296948,
		0.597082,
		-0.745195,
		0,
		-0.067111,
		0.765416,
		0.640027,
		0,
		0.081434,
		0.668333,
		-0.188118,
		1
	},
	[0.933333333333] = {
		0.95691,
		0.247438,
		-0.151977,
		0,
		-0.274249,
		0.598061,
		-0.753067,
		0,
		-0.095446,
		0.762297,
		0.640151,
		0,
		0.074407,
		0.670063,
		-0.190125,
		1
	},
	[0.95] = {
		0.959425,
		0.253914,
		-0.1226,
		0,
		-0.255531,
		0.59919,
		-0.758732,
		0,
		-0.119192,
		0.759275,
		0.639761,
		0,
		0.069757,
		0.67128,
		-0.191675,
		1
	},
	[0.966666666667] = {
		0.960488,
		0.259639,
		-0.100249,
		0,
		-0.241857,
		0.600395,
		-0.762254,
		0,
		-0.137721,
		0.756382,
		0.639468,
		0,
		0.067691,
		0.671943,
		-0.192713,
		1
	},
	[0.983333333333] = {
		0.960868,
		0.264298,
		-0.082936,
		0,
		-0.231469,
		0.601611,
		-0.764517,
		0,
		-0.152165,
		0.753797,
		0.639246,
		0,
		0.067103,
		0.672333,
		-0.193442,
		1
	},
	[0.9] = {
		0.945915,
		0.23166,
		-0.227107,
		0,
		-0.322535,
		0.596329,
		-0.735094,
		0,
		-0.034861,
		0.768586,
		0.638796,
		0,
		0.090626,
		0.666127,
		-0.185708,
		1
	},
	[1.01666666667] = {
		0.961441,
		0.269496,
		-0.054803,
		0,
		-0.213069,
		0.603959,
		-0.768007,
		0,
		-0.173876,
		0.750071,
		0.638092,
		0,
		0.066579,
		0.67321,
		-0.194675,
		1
	},
	[1.03333333333] = {
		0.961801,
		0.270238,
		-0.043708,
		0,
		-0.204965,
		0.605054,
		-0.76935,
		0,
		-0.181462,
		0.74892,
		0.637331,
		0,
		0.066604,
		0.673691,
		-0.195182,
		1
	},
	[1.05] = {
		0.962282,
		0.269869,
		-0.034411,
		0,
		-0.197526,
		0.606082,
		-0.770486,
		0,
		-0.187074,
		0.748222,
		0.636527,
		0,
		0.066798,
		0.674196,
		-0.19562,
		1
	},
	[1.06666666667] = {
		0.962914,
		0.268475,
		-0.026776,
		0,
		-0.190703,
		0.607034,
		-0.771455,
		0,
		-0.190862,
		0.747951,
		0.635721,
		0,
		0.067146,
		0.674723,
		-0.195991,
		1
	},
	[1.08333333333] = {
		0.963713,
		0.266141,
		-0.02067,
		0,
		-0.184446,
		0.607908,
		-0.772287,
		0,
		-0.192971,
		0.748075,
		0.634937,
		0,
		0.06763,
		0.675267,
		-0.196301,
		1
	},
	[1.11666666667] = {
		0.965804,
		0.258969,
		-0.012516,
		0,
		-0.173434,
		0.609419,
		-0.773647,
		0,
		-0.192724,
		0.749362,
		0.633493,
		0,
		0.068956,
		0.676393,
		-0.196754,
		1
	},
	[1.13333333333] = {
		0.967075,
		0.254285,
		-0.010208,
		0,
		-0.168583,
		0.610058,
		-0.774215,
		0,
		-0.190644,
		0.750445,
		0.632841,
		0,
		0.06977,
		0.676968,
		-0.196907,
		1
	},
	[1.15] = {
		0.968471,
		0.248968,
		-0.00891,
		0,
		-0.164103,
		0.610626,
		-0.774729,
		0,
		-0.187442,
		0.751765,
		0.63223,
		0,
		0.070666,
		0.677547,
		-0.19702,
		1
	},
	[1.16666666667] = {
		0.969966,
		0.243092,
		-0.008493,
		0,
		-0.159948,
		0.611127,
		-0.775204,
		0,
		-0.183255,
		0.75328,
		0.631654,
		0,
		0.071632,
		0.678125,
		-0.197096,
		1
	},
	[1.18333333333] = {
		0.971535,
		0.23673,
		-0.008833,
		0,
		-0.15607,
		0.611565,
		-0.775648,
		0,
		-0.178217,
		0.754948,
		0.631104,
		0,
		0.072655,
		0.6787,
		-0.197143,
		1
	},
	[1.1] = {
		0.964678,
		0.262946,
		-0.01596,
		0,
		-0.178706,
		0.608703,
		-0.77301,
		0,
		-0.193545,
		0.748559,
		0.634192,
		0,
		0.068239,
		0.675825,
		-0.196553,
		1
	},
	[1.21666666667] = {
		0.974788,
		0.222848,
		-0.011275,
		0,
		-0.148956,
		0.612282,
		-0.776481,
		0,
		-0.166134,
		0.758584,
		0.630039,
		0,
		0.074819,
		0.679824,
		-0.197168,
		1
	},
	[1.23333333333] = {
		0.97642,
		0.21548,
		-0.013125,
		0,
		-0.145627,
		0.612572,
		-0.776884,
		0,
		-0.159363,
		0.760476,
		0.629507,
		0,
		0.075933,
		0.680368,
		-0.197158,
		1
	},
	[1.25] = {
		0.978025,
		0.207929,
		-0.015226,
		0,
		-0.142388,
		0.612824,
		-0.777285,
		0,
		-0.152289,
		0.762372,
		0.628964,
		0,
		0.077052,
		0.680895,
		-0.197139,
		1
	},
	[1.26666666667] = {
		0.979584,
		0.200275,
		-0.017451,
		0,
		-0.139191,
		0.613046,
		-0.777689,
		0,
		-0.145054,
		0.764241,
		0.628407,
		0,
		0.078161,
		0.681403,
		-0.197118,
		1
	},
	[1.28333333333] = {
		0.98108,
		0.192599,
		-0.019673,
		0,
		-0.13599,
		0.613242,
		-0.7781,
		0,
		-0.137797,
		0.766054,
		0.627832,
		0,
		0.079247,
		0.681889,
		-0.197098,
		1
	},
	[1.2] = {
		0.973151,
		0.229957,
		-0.009802,
		0,
		-0.152421,
		0.611948,
		-0.776071,
		0,
		-0.172465,
		0.756729,
		0.630569,
		0,
		0.073722,
		0.679267,
		-0.197165,
		1
	},
	[1.31666666667] = {
		0.983836,
		0.177509,
		-0.023597,
		0,
		-0.129389,
		0.613582,
		-0.778958,
		0,
		-0.123793,
		0.76942,
		0.626632,
		0,
		0.081292,
		0.682785,
		-0.197081,
		1
	},
	[1.33333333333] = {
		0.98508,
		0.170263,
		-0.025044,
		0,
		-0.125895,
		0.613737,
		-0.779409,
		0,
		-0.117334,
		0.770933,
		0.626015,
		0,
		0.082223,
		0.68319,
		-0.197094,
		1
	},
	[1.35] = {
		0.986229,
		0.163331,
		-0.025976,
		0,
		-0.122208,
		0.613888,
		-0.779876,
		0,
		-0.111431,
		0.772311,
		0.625395,
		0,
		0.083074,
		0.683564,
		-0.197125,
		1
	},
	[1.36666666667] = {
		0.987281,
		0.156798,
		-0.026267,
		0,
		-0.118282,
		0.614042,
		-0.78036,
		0,
		-0.10623,
		0.773542,
		0.624778,
		0,
		0.08383,
		0.683906,
		-0.19718,
		1
	},
	[1.38333333333] = {
		0.988235,
		0.150751,
		-0.025788,
		0,
		-0.11407,
		0.614204,
		-0.78086,
		0,
		-0.101876,
		0.774615,
		0.624174,
		0,
		0.084476,
		0.684213,
		-0.197262,
		1
	},
	[1.3] = {
		0.982501,
		0.184983,
		-0.021764,
		0,
		-0.132739,
		0.613419,
		-0.778522,
		0,
		-0.130662,
		0.767788,
		0.627239,
		0,
		0.080295,
		0.68235,
		-0.197084,
		1
	},
	[1.41666666667] = {
		0.989841,
		0.140463,
		-0.022011,
		0,
		-0.104599,
		0.614579,
		-0.78189,
		0,
		-0.096299,
		0.776249,
		0.623028,
		0,
		0.08538,
		0.684717,
		-0.197524,
		1
	},
	[1.4] = {
		0.98909,
		0.145277,
		-0.024411,
		0,
		-0.109525,
		0.61438,
		-0.781371,
		0,
		-0.098518,
		0.77552,
		0.623589,
		0,
		0.084997,
		0.684484,
		-0.197376,
		1
	}
}

return spline_matrices
