-- chunkname: @content/characters/player/human/first_person/animations/sabre/attack_right_diagonal_down.lua

local spline_matrices = {
	[0.00833333333333] = {
		0.592014,
		0.363428,
		-0.719332,
		0,
		-0.744045,
		0.589458,
		-0.314541,
		0,
		0.309703,
		0.721428,
		0.619375,
		0,
		-0.097546,
		0.583373,
		0.031583,
		1
	},
	[0.0166666666667] = {
		0.581603,
		0.262661,
		-0.7699,
		0,
		-0.650981,
		0.717828,
		-0.246873,
		0,
		0.487813,
		0.644773,
		0.588479,
		0,
		-0.097842,
		0.569783,
		0.064771,
		1
	},
	[0.025] = {
		0.534219,
		0.184703,
		-0.824921,
		0,
		-0.528455,
		0.834627,
		-0.155351,
		0,
		0.659807,
		0.518925,
		0.543481,
		0,
		-0.098936,
		0.553693,
		0.096852,
		1
	},
	[0.0333333333333] = {
		0.467146,
		0.157181,
		-0.870097,
		0,
		-0.392188,
		0.918804,
		-0.044582,
		0,
		0.792441,
		0.362068,
		0.49086,
		0,
		-0.101291,
		0.535701,
		0.124512,
		1
	},
	[0.0416666666667] = {
		0.412767,
		0.187799,
		-0.891266,
		0,
		-0.271074,
		0.959503,
		0.076636,
		0,
		0.869564,
		0.209967,
		0.446959,
		0,
		-0.104725,
		0.517025,
		0.144935,
		1
	},
	[0.0583333333333] = {
		0.431802,
		0.362227,
		-0.826038,
		0,
		-0.158756,
		0.932041,
		0.325723,
		0,
		0.887887,
		-0.009509,
		0.459963,
		0,
		-0.111929,
		0.479016,
		0.160539,
		1
	},
	[0.05] = {
		0.405076,
		0.264402,
		-0.875217,
		0,
		-0.196937,
		0.960033,
		0.198877,
		0,
		0.892821,
		0.091802,
		0.440957,
		0,
		-0.108449,
		0.498748,
		0.155875,
		1
	},
	[0.0666666666667] = {
		0.464128,
		0.462559,
		-0.755397,
		0,
		-0.126728,
		0.878719,
		0.46021,
		0,
		0.876656,
		-0.117867,
		0.466457,
		0,
		-0.115404,
		0.456375,
		0.163232,
		1
	},
	[0.075] = {
		0.504469,
		0.553369,
		-0.662792,
		0,
		-0.100709,
		0.800099,
		0.591354,
		0,
		0.857536,
		-0.231571,
		0.459354,
		0,
		-0.119115,
		0.432218,
		0.163723,
		1
	},
	[0.0833333333333] = {
		0.553486,
		0.623068,
		-0.552665,
		0,
		-0.081856,
		0.70106,
		0.708389,
		0,
		0.828826,
		-0.346845,
		0.439029,
		0,
		-0.12328,
		0.408234,
		0.162033,
		1
	},
	[0.0916666666667] = {
		0.609834,
		0.66335,
		-0.433668,
		0,
		-0.072246,
		0.591448,
		0.8031,
		0,
		0.789229,
		-0.458428,
		0.408609,
		0,
		-0.128044,
		0.386278,
		0.158576,
		1
	},
	[0] = {
		0.568812,
		0.452427,
		-0.68685,
		0,
		-0.807005,
		0.468186,
		-0.359924,
		0,
		0.158735,
		0.75902,
		0.63142,
		0,
		-0.097412,
		0.594872,
		0.000796,
		1
	},
	[0.108333333333] = {
		0.730955,
		0.649804,
		-0.208472,
		0,
		-0.089045,
		0.393692,
		0.914919,
		0,
		0.676592,
		-0.650201,
		0.345633,
		0,
		-0.139382,
		0.355516,
		0.149939,
		1
	},
	[0.116666666667] = {
		0.78739,
		0.605558,
		-0.115397,
		0,
		-0.117847,
		0.331605,
		0.936029,
		0,
		0.605086,
		-0.72342,
		0.332466,
		0,
		-0.145696,
		0.349675,
		0.147004,
		1
	},
	[0.125] = {
		0.83626,
		0.547759,
		-0.025073,
		0,
		-0.163643,
		0.292952,
		0.942019,
		0,
		0.523345,
		-0.78367,
		0.334622,
		0,
		-0.152261,
		0.348028,
		0.145435,
		1
	},
	[0.133333333333] = {
		0.874368,
		0.479915,
		0.071851,
		0,
		-0.224211,
		0.268227,
		0.936901,
		0,
		0.430361,
		-0.835306,
		0.342131,
		0,
		-0.158917,
		0.347613,
		0.144523,
		1
	},
	[0.141666666667] = {
		0.899042,
		0.403188,
		0.170772,
		0,
		-0.291774,
		0.260838,
		0.920235,
		0,
		0.326484,
		-0.877156,
		0.352144,
		0,
		-0.165455,
		0.349077,
		0.144178,
		1
	},
	[0.158333333333] = {
		0.903519,
		0.234302,
		0.358825,
		0,
		-0.419126,
		0.308519,
		0.853903,
		0,
		0.089366,
		-0.921911,
		0.376954,
		0,
		-0.177691,
		0.360077,
		0.144773,
		1
	},
	[0.15] = {
		0.908819,
		0.320114,
		0.267535,
		0,
		-0.359027,
		0.273516,
		0.89235,
		0,
		0.212479,
		-0.907037,
		0.363506,
		0,
		-0.171738,
		0.353028,
		0.144302,
		1
	},
	[0.166666666667] = {
		0.884156,
		0.150111,
		0.442419,
		0,
		-0.465315,
		0.367744,
		0.805138,
		0,
		-0.041837,
		-0.917731,
		0.394992,
		0,
		-0.183265,
		0.370899,
		0.145412,
		1
	},
	[0.175] = {
		0.852821,
		0.072374,
		0.517164,
		0,
		-0.490154,
		0.452546,
		0.74495,
		0,
		-0.180126,
		-0.888799,
		0.421415,
		0,
		-0.188373,
		0.386301,
		0.145948,
		1
	},
	[0.183333333333] = {
		0.812723,
		0.006138,
		0.582617,
		0,
		-0.48441,
		0.562775,
		0.6698,
		0,
		-0.323771,
		-0.826588,
		0.460353,
		0,
		-0.192764,
		0.407278,
		0.145954,
		1
	},
	[0.191666666667] = {
		0.764172,
		-0.009987,
		0.644935,
		0,
		-0.454783,
		0.700704,
		0.549716,
		0,
		-0.457398,
		-0.713383,
		0.530916,
		0,
		-0.173988,
		0.441219,
		0.12666,
		1
	},
	[0.1] = {
		0.670375,
		0.671337,
		-0.316076,
		0,
		-0.074093,
		0.484399,
		0.871704,
		0,
		0.738314,
		-0.560949,
		0.374471,
		0,
		-0.133441,
		0.368169,
		0.154178,
		1
	},
	[0.208333333333] = {
		0.679884,
		0.060044,
		0.730857,
		0,
		-0.242053,
		0.959159,
		0.146371,
		0,
		-0.692219,
		-0.276422,
		0.666651,
		0,
		-0.051638,
		0.546713,
		0.015767,
		1
	},
	[0.216666666667] = {
		0.648478,
		0.036627,
		0.760352,
		0,
		0.042284,
		0.995566,
		-0.084021,
		0,
		-0.760058,
		0.086637,
		0.644054,
		0,
		0.02386,
		0.603974,
		-0.049343,
		1
	},
	[0.225] = {
		0.547019,
		-0.125268,
		0.827695,
		0,
		0.597172,
		0.751296,
		-0.280962,
		0,
		-0.586648,
		0.647968,
		0.485779,
		0,
		0.129308,
		0.655748,
		-0.121081,
		1
	},
	[0.233333333333] = {
		0.506956,
		-0.04745,
		0.860665,
		0,
		0.823231,
		0.322629,
		-0.46712,
		0,
		-0.255511,
		0.945335,
		0.202621,
		0,
		0.224731,
		0.655167,
		-0.172071,
		1
	},
	[0.241666666667] = {
		0.515541,
		-0.017822,
		0.85668,
		0,
		0.855883,
		0.058562,
		-0.513843,
		0,
		-0.041011,
		0.998125,
		0.045444,
		0,
		0.301184,
		0.629622,
		-0.212527,
		1
	},
	[0.258333333333] = {
		0.54035,
		-0.009204,
		0.84139,
		0,
		0.82174,
		-0.209336,
		-0.530021,
		0,
		0.181011,
		0.977801,
		-0.105551,
		0,
		0.392049,
		0.588577,
		-0.2603,
		1
	},
	[0.25] = {
		0.53119,
		-0.014222,
		0.847133,
		0,
		0.842646,
		-0.095251,
		-0.529976,
		0,
		0.088227,
		0.995352,
		-0.038612,
		0,
		0.356968,
		0.60486,
		-0.242073,
		1
	},
	[0.266666666667] = {
		0.547529,
		-0.005916,
		0.836766,
		0,
		0.79733,
		-0.299756,
		-0.523843,
		0,
		0.253925,
		0.953998,
		-0.159408,
		0,
		0.420135,
		0.574668,
		-0.274921,
		1
	},
	[0.275] = {
		0.553058,
		-0.003909,
		0.833133,
		0,
		0.773197,
		-0.370046,
		-0.515007,
		0,
		0.310311,
		0.929005,
		-0.201634,
		0,
		0.442263,
		0.563109,
		-0.286426,
		1
	},
	[0.283333333333] = {
		0.557331,
		-0.002975,
		0.830285,
		0,
		0.75131,
		-0.423865,
		-0.505837,
		0,
		0.353434,
		0.905721,
		-0.233998,
		0,
		0.459388,
		0.553723,
		-0.295272,
		1
	},
	[0.291666666667] = {
		0.560754,
		-0.003085,
		0.827977,
		0,
		0.732404,
		-0.464567,
		-0.497758,
		0,
		0.386186,
		0.885533,
		-0.258248,
		0,
		0.472385,
		0.546248,
		-0.301876,
		1
	},
	[0.2] = {
		0.716302,
		0.026246,
		0.697297,
		0,
		-0.389054,
		0.844577,
		0.367868,
		0,
		-0.579266,
		-0.53479,
		0.615183,
		0,
		-0.12161,
		0.489992,
		0.078785,
		1
	},
	[0.308333333333] = {
		0.566697,
		-0.006929,
		0.823897,
		0,
		0.702742,
		-0.517961,
		-0.487719,
		0,
		0.430126,
		0.855376,
		-0.288657,
		0,
		0.489223,
		0.535779,
		-0.309864,
		1
	},
	[0.316666666667] = {
		0.570033,
		-0.011094,
		0.821547,
		0,
		0.69049,
		-0.535451,
		-0.486329,
		0,
		0.445293,
		0.844494,
		-0.297564,
		0,
		0.494572,
		0.532103,
		-0.311935,
		1
	},
	[0.325] = {
		0.574141,
		-0.017116,
		0.818578,
		0,
		0.678521,
		-0.549594,
		-0.487398,
		0,
		0.458227,
		0.835257,
		-0.303931,
		0,
		0.49883,
		0.528981,
		-0.31315,
		1
	},
	[0.333333333333] = {
		0.579383,
		-0.025297,
		0.814663,
		0,
		0.66555,
		-0.562284,
		-0.490795,
		0,
		0.470487,
		0.826557,
		-0.308941,
		0,
		0.502685,
		0.526024,
		-0.313812,
		1
	},
	[0.341666666667] = {
		0.586062,
		-0.035953,
		0.809468,
		0,
		0.650182,
		-0.575292,
		-0.496289,
		0,
		0.483524,
		0.817158,
		-0.31378,
		0,
		0.506807,
		0.522831,
		-0.314217,
		1
	},
	[0.358333333333] = {
		0.605968,
		-0.067441,
		0.792625,
		0,
		0.60791,
		-0.603402,
		-0.516092,
		0,
		0.513078,
		0.79458,
		-0.324645,
		0,
		0.516481,
		0.515451,
		-0.314612,
		1
	},
	[0.35] = {
		0.594373,
		-0.049413,
		0.80267,
		0,
		0.630926,
		-0.590242,
		-0.503534,
		0,
		0.498651,
		0.805712,
		-0.319648,
		0,
		0.511855,
		0.518999,
		-0.314655,
		1
	},
	[0.366666666667] = {
		0.621031,
		-0.090612,
		0.778531,
		0,
		0.583153,
		-0.610259,
		-0.536206,
		0,
		0.523692,
		0.787003,
		-0.326149,
		0,
		0.519214,
		0.513256,
		-0.313529,
		1
	},
	[0.375] = {
		0.637586,
		-0.117364,
		0.761387,
		0,
		0.557973,
		-0.611102,
		-0.561446,
		0,
		0.531178,
		0.782803,
		-0.324144,
		0,
		0.520503,
		0.512216,
		-0.311624,
		1
	},
	[0.383333333333] = {
		0.65386,
		-0.146048,
		0.742386,
		0,
		0.533809,
		-0.606313,
		-0.589434,
		0,
		0.536204,
		0.781699,
		-0.318482,
		0,
		0.520797,
		0.512121,
		-0.309112,
		1
	},
	[0.391666666667] = {
		0.668311,
		-0.175013,
		0.723001,
		0,
		0.512274,
		-0.596462,
		-0.617906,
		0,
		0.539384,
		0.783329,
		-0.308967,
		0,
		0.52054,
		0.512747,
		-0.306223,
		1
	},
	[0.3] = {
		0.563739,
		-0.004341,
		0.825941,
		0,
		0.716409,
		-0.495083,
		-0.491581,
		0,
		0.411043,
		0.868835,
		-0.275988,
		0,
		0.482073,
		0.540377,
		-0.306622,
		1
	},
	[0.408333333333] = {
		0.686632,
		-0.227678,
		0.690434,
		0,
		0.484356,
		-0.564965,
		-0.667992,
		0,
		0.542158,
		0.793081,
		-0.277646,
		0,
		0.520115,
		0.515232,
		-0.300314,
		1
	},
	[0.416666666667] = {
		0.68827,
		-0.248762,
		0.68147,
		0,
		0.481822,
		-0.545508,
		-0.685761,
		0,
		0.542339,
		0.800337,
		-0.255598,
		0,
		0.520788,
		0.51662,
		-0.297838,
		1
	},
	[0.425] = {
		0.687531,
		-0.265259,
		0.675972,
		0,
		0.484406,
		-0.525961,
		-0.699082,
		0,
		0.540973,
		0.808086,
		-0.233122,
		0,
		0.521843,
		0.517877,
		-0.2958,
		1
	},
	[0.433333333333] = {
		0.686209,
		-0.277321,
		0.672466,
		0,
		0.489703,
		-0.50747,
		-0.708988,
		0,
		0.537874,
		0.815823,
		-0.212425,
		0,
		0.522867,
		0.519019,
		-0.293934,
		1
	},
	[0.441666666667] = {
		0.684459,
		-0.285444,
		0.670849,
		0,
		0.497394,
		-0.48992,
		-0.715945,
		0,
		0.533025,
		0.823711,
		-0.193352,
		0,
		0.523836,
		0.520069,
		-0.292232,
		1
	},
	[0.458333333333] = {
		0.680134,
		-0.291758,
		0.672529,
		0,
		0.51865,
		-0.45684,
		-0.722703,
		0,
		0.518093,
		0.840342,
		-0.159392,
		0,
		0.525524,
		0.521976,
		-0.289275,
		1
	},
	[0.45] = {
		0.682401,
		-0.290105,
		0.670945,
		0,
		0.507152,
		-0.473123,
		-0.720383,
		0,
		0.526426,
		0.831861,
		-0.175732,
		0,
		0.524728,
		0.521048,
		-0.290684,
		1
	},
	[0.466666666667] = {
		0.677741,
		-0.290838,
		0.675338,
		0,
		0.531561,
		-0.440797,
		-0.723285,
		0,
		0.508046,
		0.849183,
		-0.144148,
		0,
		0.526206,
		0.522869,
		-0.28799,
		1
	},
	[0.475] = {
		0.675303,
		-0.287765,
		0.679086,
		0,
		0.545562,
		-0.424699,
		-0.722491,
		0,
		0.496314,
		0.858384,
		-0.129807,
		0,
		0.526754,
		0.523745,
		-0.286807,
		1
	},
	[0.483333333333] = {
		0.672908,
		-0.282943,
		0.683475,
		0,
		0.560333,
		-0.408239,
		-0.720672,
		0,
		0.48293,
		0.86792,
		-0.116164,
		0,
		0.527152,
		0.524616,
		-0.285707,
		1
	},
	[0.491666666667] = {
		0.670655,
		-0.276767,
		0.688202,
		0,
		0.575556,
		-0.391109,
		-0.71817,
		0,
		0.467928,
		0.877744,
		-0.103004,
		0,
		0.527381,
		0.525494,
		-0.284665,
		1
	},
	[0.4] = {
		0.679618,
		-0.202692,
		0.705007,
		0,
		0.495155,
		-0.582341,
		-0.644748,
		0,
		0.54124,
		0.78727,
		-0.295406,
		0,
		0.520171,
		0.513863,
		-0.303202,
		1
	},
	[0.508333333333] = {
		0.667062,
		-0.261874,
		0.69746,
		0,
		0.606099,
		-0.353624,
		-0.712456,
		0,
		0.433213,
		0.897982,
		-0.077168,
		0,
		0.52726,
		0.527311,
		-0.282662,
		1
	},
	[0.516666666667] = {
		0.666019,
		-0.253886,
		0.701399,
		0,
		0.620787,
		-0.332679,
		-0.709893,
		0,
		0.413573,
		0.908222,
		-0.063961,
		0,
		0.526871,
		0.528265,
		-0.281648,
		1
	},
	[0.525] = {
		0.665716,
		-0.246003,
		0.704489,
		0,
		0.634661,
		-0.309881,
		-0.70794,
		0,
		0.392463,
		0.918399,
		-0.050165,
		0,
		0.526235,
		0.529256,
		-0.280584,
		1
	},
	[0.533333333333] = {
		0.666364,
		-0.238547,
		0.706438,
		0,
		0.64739,
		-0.284952,
		-0.706887,
		0,
		0.369927,
		0.928384,
		-0.035449,
		0,
		0.525331,
		0.530285,
		-0.27944,
		1
	},
	[0.541666666667] = {
		0.668193,
		-0.23182,
		0.70695,
		0,
		0.658629,
		-0.257613,
		-0.706996,
		0,
		0.346015,
		0.938027,
		-0.019451,
		0,
		0.524137,
		0.531354,
		-0.278179,
		1
	},
	[0.558333333333] = {
		0.67581,
		-0.219892,
		0.703512,
		0,
		0.676624,
		-0.193477,
		-0.710455,
		0,
		0.292337,
		0.956145,
		0.018031,
		0,
		0.520541,
		0.53357,
		-0.275172,
		1
	},
	[0.55] = {
		0.671454,
		-0.226093,
		0.705713,
		0,
		0.668013,
		-0.227581,
		-0.708495,
		0,
		0.320793,
		0.947148,
		-0.001778,
		0,
		0.522627,
		0.532457,
		-0.276759,
		1
	},
	[0.566666666667] = {
		0.680662,
		-0.211739,
		0.701332,
		0,
		0.685252,
		-0.154558,
		-0.711718,
		0,
		0.259095,
		0.965028,
		0.039893,
		0,
		0.517617,
		0.534646,
		-0.273449,
		1
	},
	[0.575] = {
		0.685891,
		-0.201868,
		0.699144,
		0,
		0.693094,
		-0.111553,
		-0.712164,
		0,
		0.221755,
		0.973039,
		0.0634,
		0,
		0.513843,
		0.535643,
		-0.271605,
		1
	},
	[0.583333333333] = {
		0.69139,
		-0.190527,
		0.696907,
		0,
		0.699417,
		-0.065276,
		-0.711726,
		0,
		0.181095,
		0.979509,
		0.088127,
		0,
		0.509217,
		0.536524,
		-0.269662,
		1
	},
	[0.591666666667] = {
		0.697075,
		-0.177974,
		0.694558,
		0,
		0.703596,
		-0.016623,
		-0.710406,
		0,
		0.137979,
		0.983895,
		0.113634,
		0,
		0.503744,
		0.537256,
		-0.267643,
		1
	},
	[0.5] = {
		0.668661,
		-0.26962,
		0.692963,
		0,
		0.590916,
		-0.373004,
		-0.715322,
		0,
		0.451343,
		0.887791,
		-0.09009,
		0,
		0.527423,
		0.526389,
		-0.283659,
		1
	},
	[0.608333333333] = {
		0.708841,
		-0.150306,
		0.689168,
		0,
		0.703719,
		0.083922,
		-0.705504,
		0,
		0.048205,
		0.985071,
		0.16526,
		0,
		0.490324,
		0.538184,
		-0.263475,
		1
	},
	[0.616666666667] = {
		0.714944,
		-0.135741,
		0.685879,
		0,
		0.699173,
		0.133797,
		-0.702322,
		0,
		0.003566,
		0.981668,
		0.190564,
		0,
		0.482433,
		0.53837,
		-0.261379,
		1
	},
	[0.625] = {
		0.721285,
		-0.121052,
		0.681978,
		0,
		0.691508,
		0.182082,
		-0.699045,
		0,
		-0.039555,
		0.975804,
		0.215041,
		0,
		0.473801,
		0.538387,
		-0.259311,
		1
	},
	[0.633333333333] = {
		0.727989,
		-0.106501,
		0.677266,
		0,
		0.680884,
		0.227845,
		-0.696049,
		0,
		-0.080182,
		0.967855,
		0.238384,
		0,
		0.464467,
		0.538267,
		-0.257294,
		1
	},
	[0.641666666667] = {
		0.735217,
		-0.092344,
		0.671512,
		0,
		0.667587,
		0.270234,
		-0.693758,
		0,
		-0.117401,
		0.958356,
		0.260328,
		0,
		0.45447,
		0.538058,
		-0.255351,
		1
	},
	[0.658333333333] = {
		0.752043,
		-0.066199,
		0.655782,
		0,
		0.634529,
		0.341923,
		-0.693154,
		0,
		-0.178341,
		0.937393,
		0.299146,
		0,
		0.432623,
		0.537615,
		-0.25176,
		1
	},
	[0.65] = {
		0.743163,
		-0.078827,
		0.664451,
		0,
		0.651994,
		0.308484,
		-0.692634,
		0,
		-0.150375,
		0.947958,
		0.280649,
		0,
		0.443844,
		0.537818,
		-0.253501,
		1
	},
	[0.666666666667] = {
		0.762082,
		-0.054723,
		0.645164,
		0,
		0.615621,
		0.369952,
		-0.695806,
		0,
		-0.200603,
		0.927438,
		0.315622,
		0,
		0.42083,
		0.537525,
		-0.250146,
		1
	},
	[0.675] = {
		0.773355,
		-0.043706,
		0.632466,
		0,
		0.59506,
		0.394176,
		-0.700378,
		0,
		-0.218692,
		0.917995,
		0.330845,
		0,
		0.408275,
		0.537866,
		-0.248585,
		1
	},
	[0.683333333333] = {
		0.785662,
		-0.03224,
		0.617815,
		0,
		0.572442,
		0.416606,
		-0.706222,
		0,
		-0.234617,
		0.908515,
		0.345768,
		0,
		0.394811,
		0.538875,
		-0.246991,
		1
	},
	[0.691666666667] = {
		0.798815,
		-0.020298,
		0.601234,
		0,
		0.547878,
		0.437299,
		-0.713162,
		0,
		-0.248443,
		0.899087,
		0.360441,
		0,
		0.380525,
		0.54051,
		-0.245357,
		1
	},
	[0.6] = {
		0.702896,
		-0.164475,
		0.692015,
		0,
		0.70514,
		0.033444,
		-0.708278,
		0,
		0.09335,
		0.985814,
		0.139486,
		0,
		0.497438,
		0.537814,
		-0.265571,
		1
	},
	[0.708333333333] = {
		0.826866,
		0.005058,
		0.562376,
		0,
		0.493315,
		0.473652,
		-0.729585,
		0,
		-0.270061,
		0.880697,
		0.389152,
		0,
		0.34985,
		0.545493,
		-0.241941,
		1
	},
	[0.716666666667] = {
		0.841356,
		0.018452,
		0.540166,
		0,
		0.463513,
		0.489395,
		-0.73868,
		0,
		-0.277985,
		0.871867,
		0.403202,
		0,
		0.333638,
		0.548755,
		-0.240151,
		1
	},
	[0.725] = {
		0.85588,
		0.032289,
		0.516165,
		0,
		0.432168,
		0.503562,
		-0.748102,
		0,
		-0.284076,
		0.863356,
		0.417034,
		0,
		0.316963,
		0.552473,
		-0.238303,
		1
	},
	[0.733333333333] = {
		0.870234,
		0.046525,
		0.490437,
		0,
		0.399392,
		0.516188,
		-0.757652,
		0,
		-0.288408,
		0.855211,
		0.430623,
		0,
		0.299914,
		0.556606,
		-0.236395,
		1
	},
	[0.741666666667] = {
		0.884215,
		0.061107,
		0.463066,
		0,
		0.365309,
		0.527309,
		-0.767134,
		0,
		-0.291056,
		0.847474,
		0.443931,
		0,
		0.282581,
		0.561109,
		-0.234427,
		1
	},
	[0.758333333333] = {
		0.910294,
		0.091037,
		0.403829,
		0,
		0.293788,
		0.545187,
		-0.785149,
		0,
		-0.29164,
		0.833356,
		0.469535,
		0,
		0.247417,
		0.571056,
		-0.230322,
		1
	},
	[0.75] = {
		0.897629,
		0.075969,
		0.434156,
		0,
		0.330057,
		0.536961,
		-0.77636,
		0,
		-0.292104,
		0.840179,
		0.456918,
		0,
		0.265052,
		0.56594,
		-0.232402,
		1
	},
	[0.766666666667] = {
		0.922041,
		0.106231,
		0.372231,
		0,
		0.25667,
		0.552035,
		-0.793334,
		0,
		-0.289761,
		0.827026,
		0.481732,
		0,
		0.229764,
		0.576414,
		-0.228193,
		1
	},
	[0.775] = {
		0.93272,
		0.121464,
		0.33953,
		0,
		0.218886,
		0.557558,
		-0.800761,
		0,
		-0.286571,
		0.821204,
		0.493459,
		0,
		0.212183,
		0.581971,
		-0.226019,
		1
	},
	[0.783333333333] = {
		0.942203,
		0.136644,
		0.305913,
		0,
		0.180634,
		0.56182,
		-0.807298,
		0,
		-0.282181,
		0.815896,
		0.504666,
		0,
		0.194759,
		0.587684,
		-0.223811,
		1
	},
	[0.791666666667] = {
		0.950386,
		0.15168,
		0.271587,
		0,
		0.142122,
		0.564894,
		-0.812832,
		0,
		-0.276708,
		0.811103,
		0.51531,
		0,
		0.177581,
		0.593511,
		-0.221574,
		1
	},
	[0.7] = {
		0.812617,
		-0.007864,
		0.582745,
		0,
		0.52147,
		0.4563,
		-0.721013,
		0,
		-0.260236,
		0.889791,
		0.374898,
		0,
		0.365509,
		0.54273,
		-0.243675,
		1
	},
	[0.808333333333] = {
		0.962583,
		0.180959,
		0.201711,
		0,
		0.065208,
		0.567807,
		-0.820575,
		0,
		-0.263023,
		0.803025,
		0.534762,
		0,
		0.144299,
		0.605328,
		-0.217062,
		1
	},
	[0.816666666667] = {
		0.966537,
		0.19503,
		0.166644,
		0,
		0.027263,
		0.567839,
		-0.822688,
		0,
		-0.255075,
		0.799702,
		0.54352,
		0,
		0.128363,
		0.611233,
		-0.214808,
		1
	},
	[0.825] = {
		0.969073,
		0.208616,
		0.131825,
		0,
		-0.010036,
		0.567061,
		-0.823615,
		0,
		-0.246572,
		0.796819,
		0.551617,
		0,
		0.113006,
		0.617075,
		-0.212573,
		1
	},
	[0.833333333333] = {
		0.970239,
		0.221651,
		0.097508,
		0,
		-0.04646,
		0.565591,
		-0.823376,
		0,
		-0.237651,
		0.794341,
		0.559056,
		0,
		0.098309,
		0.622811,
		-0.210368,
		1
	},
	[0.841666666667] = {
		0.970114,
		0.234074,
		0.063946,
		0,
		-0.081791,
		0.563549,
		-0.822024,
		0,
		-0.228451,
		0.792226,
		0.565851,
		0,
		0.084352,
		0.628396,
		-0.208208,
		1
	},
	[0.858333333333] = {
		0.966436,
		0.256906,
		6.6e-05,
		0,
		-0.148345,
		0.55826,
		-0.816297,
		0,
		-0.209748,
		0.788889,
		0.577633,
		0,
		0.058964,
		0.638925,
		-0.204071,
		1
	},
	[0.85] = {
		0.968803,
		0.245838,
		0.031386,
		0,
		-0.115819,
		0.561062,
		-0.819631,
		0,
		-0.219106,
		0.790426,
		0.572031,
		0,
		0.071211,
		0.633783,
		-0.206104,
		1
	},
	[0.866666666667] = {
		0.963167,
		0.26725,
		-0.029786,
		0,
		-0.179187,
		0.555273,
		-0.812135,
		0,
		-0.200504,
		0.787559,
		0.582709,
		0,
		0.047686,
		0.643777,
		-0.202119,
		1
	},
	[0.875] = {
		0.959162,
		0.276856,
		-0.057954,
		0,
		-0.208176,
		0.552234,
		-0.807279,
		0,
		-0.191496,
		0.786376,
		0.587317,
		0,
		0.037452,
		0.64829,
		-0.200261,
		1
	},
	[0.883333333333] = {
		0.954605,
		0.285716,
		-0.084237,
		0,
		-0.235158,
		0.549273,
		-0.801873,
		0,
		-0.182838,
		0.785281,
		0.591527,
		0,
		0.028337,
		0.652416,
		-0.198508,
		1
	},
	[0.891666666667] = {
		0.949685,
		0.293831,
		-0.108448,
		0,
		-0.259997,
		0.546516,
		-0.796066,
		0,
		-0.17464,
		0.784209,
		0.595414,
		0,
		0.020414,
		0.656106,
		-0.196871,
		1
	},
	[0.8] = {
		0.957195,
		0.166482,
		0.236774,
		0,
		0.103572,
		0.566859,
		-0.817278,
		0,
		-0.270279,
		0.806818,
		0.525352,
		0,
		0.160733,
		0.599406,
		-0.219321,
		1
	},
	[0.908333333333] = {
		0.939537,
		0.307865,
		-0.149963,
		0,
		-0.302755,
		0.542113,
		-0.783871,
		0,
		-0.16003,
		0.781878,
		0.602543,
		0,
		0.008439,
		0.661982,
		-0.193981,
		1
	},
	[0.916666666667] = {
		0.934692,
		0.313812,
		-0.16695,
		0,
		-0.320458,
		0.540701,
		-0.777785,
		0,
		-0.153808,
		0.78049,
		0.605953,
		0,
		0.004534,
		0.664068,
		-0.192748,
		1
	},
	[0.925] = {
		0.930244,
		0.319065,
		-0.181225,
		0,
		-0.33558,
		0.539967,
		-0.771895,
		0,
		-0.14843,
		0.778867,
		0.609373,
		0,
		0.002115,
		0.665521,
		-0.191665,
		1
	},
	[0.933333333333] = {
		0.926362,
		0.323639,
		-0.192645,
		0,
		-0.348028,
		0.540014,
		-0.76633,
		0,
		-0.143983,
		0.776944,
		0.612884,
		0,
		0.001256,
		0.66629,
		-0.190741,
		1
	},
	[0.941666666667] = {
		0.923078,
		0.327417,
		-0.201806,
		0,
		-0.358168,
		0.540571,
		-0.761248,
		0,
		-0.140155,
		0.774972,
		0.616259,
		0,
		0.001372,
		0.666712,
		-0.189956,
		1
	},
	[0.958333333333] = {
		0.91816,
		0.332354,
		-0.215692,
		0,
		-0.37313,
		0.54223,
		-0.752835,
		0,
		-0.133253,
		0.771704,
		0.621865,
		0,
		0.002557,
		0.667615,
		-0.18871,
		1
	},
	[0.95] = {
		0.920339,
		0.330309,
		-0.209459,
		0,
		-0.366501,
		0.541306,
		-0.756747,
		0,
		-0.136579,
		0.77323,
		0.619243,
		0,
		0.001813,
		0.667154,
		-0.18928,
		1
	},
	[0.966666666667] = {
		0.916546,
		0.333594,
		-0.220588,
		0,
		-0.378151,
		0.54335,
		-0.749515,
		0,
		-0.130177,
		0.77038,
		0.624154,
		0,
		0.003585,
		0.668094,
		-0.188239,
		1
	},
	[0.975] = {
		0.91549,
		0.334067,
		-0.224225,
		0,
		-0.381655,
		0.544667,
		-0.746778,
		0,
		-0.127346,
		0.769244,
		0.626136,
		0,
		0.004878,
		0.66859,
		-0.187862,
		1
	},
	[0.983333333333] = {
		0.914981,
		0.333808,
		-0.226674,
		0,
		-0.383727,
		0.546178,
		-0.74461,
		0,
		-0.124752,
		0.768285,
		0.627834,
		0,
		0.006416,
		0.669102,
		-0.187575,
		1
	},
	[0.991666666667] = {
		0.914998,
		0.332854,
		-0.228005,
		0,
		-0.384446,
		0.547875,
		-0.74299,
		0,
		-0.122389,
		0.76749,
		0.629269,
		0,
		0.008183,
		0.669627,
		-0.187372,
		1
	},
	[0.9] = {
		0.944598,
		0.30121,
		-0.130411,
		0,
		-0.282567,
		0.54409,
		-0.790014,
		0,
		-0.167005,
		0.783096,
		0.599058,
		0,
		0.013757,
		0.659312,
		-0.195359,
		1
	},
	[1.00833333333] = {
		0.916506,
		0.328988,
		-0.227561,
		0,
		-0.382125,
		0.551787,
		-0.74129,
		0,
		-0.11831,
		0.766354,
		0.631431,
		0,
		0.012331,
		0.670714,
		-0.1872,
		1
	},
	[1.01666666667] = {
		0.917932,
		0.326141,
		-0.225903,
		0,
		-0.379224,
		0.553975,
		-0.741148,
		0,
		-0.116574,
		0.765992,
		0.632192,
		0,
		0.014679,
		0.671272,
		-0.187221,
		1
	},
	[1.025] = {
		0.919759,
		0.322726,
		-0.223364,
		0,
		-0.375251,
		0.556297,
		-0.741431,
		0,
		-0.115022,
		0.765756,
		0.632762,
		0,
		0.017187,
		0.671839,
		-0.187307,
		1
	},
	[1.03333333333] = {
		0.921946,
		0.318773,
		-0.219996,
		0,
		-0.37027,
		0.558734,
		-0.742102,
		0,
		-0.113643,
		0.765637,
		0.633156,
		0,
		0.01984,
		0.672412,
		-0.187452,
		1
	},
	[1.04166666667] = {
		0.924454,
		0.314315,
		-0.215851,
		0,
		-0.364344,
		0.561269,
		-0.743122,
		0,
		-0.112423,
		0.765626,
		0.633386,
		0,
		0.02262,
		0.672991,
		-0.187654,
		1
	},
	[1.05833333333] = {
		0.930258,
		0.303999,
		-0.205438,
		0,
		-0.349901,
		0.566555,
		-0.746046,
		0,
		-0.110406,
		0.765898,
		0.633412,
		0,
		0.028502,
		0.674156,
		-0.188204,
		1
	},
	[1.05] = {
		0.927238,
		0.309379,
		-0.210982,
		0,
		-0.357534,
		0.563883,
		-0.74445,
		0,
		-0.111349,
		0.765716,
		0.633467,
		0,
		0.025513,
		0.673573,
		-0.187906,
		1
	},
	[1.06666666667] = {
		0.933469,
		0.298206,
		-0.199271,
		0,
		-0.341508,
		0.569266,
		-0.747869,
		0,
		-0.109581,
		0.766165,
		0.633232,
		0,
		0.031571,
		0.674741,
		-0.188544,
		1
	},
	[1.075] = {
		0.936829,
		0.292031,
		-0.192532,
		0,
		-0.332416,
		0.571998,
		-0.749878,
		0,
		-0.108859,
		0.766509,
		0.632941,
		0,
		0.034705,
		0.675324,
		-0.18892,
		1
	},
	[1.08333333333] = {
		0.940297,
		0.285507,
		-0.185275,
		0,
		-0.322688,
		0.574732,
		-0.752034,
		0,
		-0.108228,
		0.766921,
		0.632549,
		0,
		0.037887,
		0.675905,
		-0.189329,
		1
	},
	[1.09166666667] = {
		0.943832,
		0.278669,
		-0.17755,
		0,
		-0.312389,
		0.57745,
		-0.754297,
		0,
		-0.107673,
		0.767395,
		0.632069,
		0,
		0.0411,
		0.676481,
		-0.189766,
		1
	},
	{
		0.915517,
		0.331236,
		-0.22828,
		0,
		-0.383888,
		0.549749,
		-0.741893,
		0,
		-0.120245,
		0.76685,
		0.630462,
		0,
		0.01016,
		0.670165,
		-0.187249,
		1
	},
	[1.10833333333] = {
		0.950951,
		0.264189,
		-0.160921,
		0,
		-0.290342,
		0.582773,
		-0.758998,
		0,
		-0.106738,
		0.768492,
		0.630893,
		0,
		0.047559,
		0.677614,
		-0.190705,
		1
	},
	[1.11666666667] = {
		0.954465,
		0.256619,
		-0.152129,
		0,
		-0.27873,
		0.585348,
		-0.761365,
		0,
		-0.106332,
		0.7691,
		0.630222,
		0,
		0.05077,
		0.678168,
		-0.191197,
		1
	},
	[1.125] = {
		0.957905,
		0.24888,
		-0.143096,
		0,
		-0.266818,
		0.58785,
		-0.763702,
		0,
		-0.105952,
		0.769734,
		0.62951,
		0,
		0.053948,
		0.678711,
		-0.191699,
		1
	},
	[1.13333333333] = {
		0.961244,
		0.241011,
		-0.133881,
		0,
		-0.254681,
		0.590268,
		-0.765978,
		0,
		-0.105583,
		0.770388,
		0.628772,
		0,
		0.057074,
		0.679243,
		-0.192207,
		1
	},
	[1.14166666667] = {
		0.964456,
		0.23305,
		-0.124546,
		0,
		-0.242391,
		0.592593,
		-0.768167,
		0,
		-0.105216,
		0.771052,
		0.628019,
		0,
		0.060131,
		0.679761,
		-0.192715,
		1
	},
	[1.15833333333] = {
		0.970421,
		0.217019,
		-0.105767,
		0,
		-0.217659,
		0.596944,
		-0.772193,
		0,
		-0.104443,
		0.772373,
		0.626523,
		0,
		0.06597,
		0.680751,
		-0.193717,
		1
	},
	[1.15] = {
		0.967521,
		0.225039,
		-0.115153,
		0,
		-0.230025,
		0.59482,
		-0.770245,
		0,
		-0.10484,
		0.771717,
		0.627265,
		0,
		0.063102,
		0.680264,
		-0.19322,
		1
	},
	[1.16666666667] = {
		0.973141,
		0.209031,
		-0.096453,
		0,
		-0.205372,
		0.598965,
		-0.773992,
		0,
		-0.104017,
		0.773012,
		0.625806,
		0,
		0.068715,
		0.68122,
		-0.194202,
		1
	},
	[1.175] = {
		0.975671,
		0.201119,
		-0.087275,
		0,
		-0.193244,
		0.600882,
		-0.775627,
		0,
		-0.103552,
		0.773622,
		0.625128,
		0,
		0.071321,
		0.681671,
		-0.19467,
		1
	},
	[1.18333333333] = {
		0.978005,
		0.193326,
		-0.078302,
		0,
		-0.181353,
		0.602699,
		-0.777088,
		0,
		-0.103039,
		0.774196,
		0.624503,
		0,
		0.073768,
		0.682102,
		-0.195119,
		1
	},
	[1.19166666667] = {
		0.98014,
		0.185694,
		-0.0696,
		0,
		-0.169783,
		0.604419,
		-0.778364,
		0,
		-0.10247,
		0.774723,
		0.623943,
		0,
		0.076038,
		0.682511,
		-0.195543,
		1
	},
	[1.1] = {
		0.947396,
		0.271551,
		-0.169414,
		0,
		-0.301585,
		0.580135,
		-0.75663,
		0,
		-0.107181,
		0.767921,
		0.631513,
		0,
		0.04433,
		0.677051,
		-0.190226,
		1
	},
	[1.20833333333] = {
		0.983814,
		0.171089,
		-0.053283,
		0,
		-0.147928,
		0.607603,
		-0.780343,
		0,
		-0.101133,
		0.775594,
		0.623077,
		0,
		0.079972,
		0.683264,
		-0.196304,
		1
	},
	[1.21666666667] = {
		0.985362,
		0.164203,
		-0.045805,
		0,
		-0.137806,
		0.609086,
		-0.78104,
		0,
		-0.10035,
		0.77592,
		0.622799,
		0,
		0.081597,
		0.683606,
		-0.196633,
		1
	},
	[1.225] = {
		0.986729,
		0.157654,
		-0.03887,
		0,
		-0.128332,
		0.610512,
		-0.781541,
		0,
		-0.099483,
		0.776158,
		0.622642,
		0,
		0.08297,
		0.683922,
		-0.196923,
		1
	},
	[1.23333333333] = {
		0.987923,
		0.151486,
		-0.032548,
		0,
		-0.119585,
		0.611893,
		-0.781848,
		0,
		-0.098523,
		0.776299,
		0.622619,
		0,
		0.084071,
		0.684213,
		-0.19717,
		1
	},
	[1.24166666667] = {
		0.988957,
		0.145741,
		-0.026906,
		0,
		-0.111647,
		0.613244,
		-0.781964,
		0,
		-0.097464,
		0.776332,
		0.622743,
		0,
		0.084881,
		0.684479,
		-0.197372,
		1
	},
	[1.25] = {
		0.989841,
		0.140463,
		-0.022011,
		0,
		-0.104599,
		0.614579,
		-0.78189,
		0,
		-0.096299,
		0.776249,
		0.623028,
		0,
		0.08538,
		0.684717,
		-0.197524,
		1
	},
	[1.2] = {
		0.982075,
		0.178267,
		-0.061238,
		0,
		-0.158614,
		0.606051,
		-0.779451,
		0,
		-0.101837,
		0.775192,
		0.623463,
		0,
		0.078112,
		0.682899,
		-0.195939,
		1
	}
}

return spline_matrices
