-- chunkname: @content/characters/player/human/first_person/animations/sabre/attack_left_diagonal_up_baked_sweep.lua

local spline_matrices = {
	[0.00833333333333] = {
		-0.669236,
		-0.006286,
		-0.743023,
		0,
		-0.742183,
		-0.042627,
		0.66884,
		0,
		-0.035877,
		0.999071,
		0.023862,
		0,
		0.304688,
		-0.495002,
		-0.31257,
		1
	},
	[0.0166666666667] = {
		-0.701624,
		-0.06415,
		-0.709654,
		0,
		-0.712253,
		0.034498,
		0.701074,
		0,
		-0.020492,
		0.997344,
		-0.069896,
		0,
		0.305513,
		-0.493546,
		-0.312818,
		1
	},
	[0.025] = {
		-0.740789,
		-0.145268,
		-0.655842,
		0,
		-0.671655,
		0.144878,
		0.72656,
		0,
		-0.010529,
		0.978727,
		-0.204894,
		0,
		0.306348,
		-0.491929,
		-0.313237,
		1
	},
	[0.0333333333333] = {
		-0.775403,
		-0.236452,
		-0.585526,
		0,
		-0.631302,
		0.269113,
		0.727348,
		0,
		-0.01441,
		0.933632,
		-0.357944,
		0,
		0.306877,
		-0.490731,
		-0.313668,
		1
	},
	[0.0416666666667] = {
		-0.798269,
		-0.324729,
		-0.507264,
		0,
		-0.601471,
		0.385613,
		0.699668,
		0,
		-0.031595,
		0.863628,
		-0.503138,
		0,
		0.307033,
		-0.490225,
		-0.313879,
		1
	},
	[0.0583333333333] = {
		-0.809288,
		-0.448696,
		-0.379111,
		0,
		-0.582875,
		0.533339,
		0.61303,
		0,
		-0.072869,
		0.717092,
		-0.693159,
		0,
		0.306828,
		-0.49065,
		-0.313462,
		1
	},
	[0.05] = {
		-0.808141,
		-0.398588,
		-0.43363,
		0,
		-0.586482,
		0.476725,
		0.654806,
		0,
		-0.054276,
		0.783493,
		-0.619026,
		0,
		0.306954,
		-0.490315,
		-0.313763,
		1
	},
	[0.0666666666667] = {
		-0.80844,
		-0.467188,
		-0.357994,
		0,
		-0.58309,
		0.552852,
		0.595282,
		0,
		-0.080191,
		0.689993,
		-0.71936,
		0,
		0.306772,
		-0.490831,
		-0.313294,
		1
	},
	[0.075] = {
		-0.809028,
		-0.456266,
		-0.370534,
		0,
		-0.582857,
		0.541426,
		0.605917,
		0,
		-0.075842,
		0.706172,
		-0.703966,
		0,
		0.306806,
		-0.490724,
		-0.313397,
		1
	},
	[0.0833333333333] = {
		-0.809387,
		-0.426981,
		-0.403212,
		0,
		-0.583717,
		0.509428,
		0.632264,
		0,
		-0.064558,
		0.747108,
		-0.66156,
		0,
		0.306891,
		-0.490495,
		-0.313618,
		1
	},
	[0.0916666666667] = {
		-0.806969,
		-0.384439,
		-0.448339,
		0,
		-0.588521,
		0.45989,
		0.664939,
		0,
		-0.049442,
		0.800442,
		-0.597368,
		0,
		0.308022,
		-0.495149,
		-0.313727,
		1
	},
	[0] = {
		-0.655997,
		0.015707,
		-0.7546,
		0,
		-0.753504,
		-0.071375,
		0.653558,
		0,
		-0.043594,
		0.997326,
		0.058657,
		0,
		0.304322,
		-0.495619,
		-0.312497,
		1
	},
	[0.108333333333] = {
		-0.788733,
		-0.282512,
		-0.545973,
		0,
		-0.614346,
		0.330648,
		0.716415,
		0,
		-0.021872,
		0.900477,
		-0.434353,
		0,
		0.312761,
		-0.519165,
		-0.312325,
		1
	},
	[0.116666666667] = {
		-0.775403,
		-0.236452,
		-0.585526,
		0,
		-0.631302,
		0.269113,
		0.727348,
		0,
		-0.01441,
		0.933632,
		-0.357944,
		0,
		0.314185,
		-0.527852,
		-0.311479,
		1
	},
	[0.125] = {
		-0.75893,
		-0.189614,
		-0.622954,
		0,
		-0.651087,
		0.205509,
		0.730651,
		0,
		-0.010519,
		0.960111,
		-0.279423,
		0,
		0.314789,
		-0.533017,
		-0.310883,
		1
	},
	[0.133333333333] = {
		-0.736317,
		-0.135147,
		-0.663003,
		0,
		-0.676547,
		0.131036,
		0.724648,
		0,
		-0.011057,
		0.982123,
		-0.187917,
		0,
		0.314638,
		-0.535703,
		-0.310443,
		1
	},
	[0.141666666667] = {
		-0.709891,
		-0.080057,
		-0.699747,
		0,
		-0.704094,
		0.055996,
		0.707895,
		0,
		-0.017489,
		0.995216,
		-0.096119,
		0,
		0.313781,
		-0.535828,
		-0.310251,
		1
	},
	[0.158333333333] = {
		-0.700158,
		0.03696,
		-0.713031,
		0,
		-0.713962,
		-0.02775,
		0.699634,
		0,
		0.006072,
		0.998931,
		0.045817,
		0,
		0.331248,
		-0.589876,
		-0.383461,
		1
	},
	[0.15] = {
		-0.683882,
		-0.031663,
		-0.728906,
		0,
		-0.729045,
		-0.009039,
		0.684406,
		0,
		-0.028259,
		0.999458,
		-0.016902,
		0,
		0.312365,
		-0.533254,
		-0.310373,
		1
	},
	[0.166666666667] = {
		-0.721285,
		0.074697,
		-0.688599,
		0,
		-0.691789,
		-0.028457,
		0.721539,
		0,
		0.034301,
		0.9968,
		0.0722,
		0,
		0.139598,
		-0.306681,
		-0.278858,
		1
	},
	[0.175] = {
		-0.742463,
		0.067159,
		-0.666512,
		0,
		-0.669294,
		-0.032525,
		0.742285,
		0,
		0.028172,
		0.997212,
		0.069098,
		0,
		0.053029,
		0.269377,
		-0.168778,
		1
	},
	[0.183333333333] = {
		-0.747744,
		0.062078,
		-0.661079,
		0,
		-0.66398,
		-0.074297,
		0.74405,
		0,
		-0.002927,
		0.995302,
		0.096774,
		0,
		-0.00419,
		0.720182,
		-0.072106,
		1
	},
	[0.191666666667] = {
		-0.715529,
		0.094059,
		-0.692222,
		0,
		-0.694723,
		-0.199831,
		0.690961,
		0,
		-0.073336,
		0.975305,
		0.20833,
		0,
		-0.08846,
		0.665021,
		2.8e-05,
		1
	},
	[0.1] = {
		-0.800032,
		-0.334179,
		-0.49827,
		0,
		-0.598986,
		0.397671,
		0.695035,
		0,
		-0.034118,
		0.854507,
		-0.518318,
		0,
		0.310598,
		-0.507496,
		-0.313233,
		1
	},
	[0.208333333333] = {
		-0.65649,
		0.15147,
		-0.738971,
		0,
		-0.7193,
		-0.420782,
		0.552766,
		0,
		-0.227218,
		0.894427,
		0.385191,
		0,
		-0.17489,
		0.475377,
		0.064837,
		1
	},
	[0.216666666667] = {
		-0.64752,
		0.163849,
		-0.744226,
		0,
		-0.70884,
		-0.488029,
		0.509287,
		0,
		-0.279757,
		0.857311,
		0.432151,
		0,
		-0.184932,
		0.482427,
		0.057808,
		1
	},
	[0.225] = {
		-0.642986,
		0.17047,
		-0.746666,
		0,
		-0.691262,
		-0.548908,
		0.469954,
		0,
		-0.329738,
		0.818315,
		0.470779,
		0,
		-0.197482,
		0.479062,
		0.058113,
		1
	},
	[0.233333333333] = {
		-0.641965,
		0.172924,
		-0.746979,
		0,
		-0.6696,
		-0.601048,
		0.436323,
		0,
		-0.37352,
		0.780281,
		0.501642,
		0,
		-0.208175,
		0.476561,
		0.057099,
		1
	},
	[0.241666666667] = {
		-0.642271,
		0.172568,
		-0.746799,
		0,
		-0.646468,
		-0.645413,
		0.406843,
		0,
		-0.411785,
		0.744085,
		0.52609,
		0,
		-0.216459,
		0.475176,
		0.05586,
		1
	},
	[0.258333333333] = {
		-0.641088,
		0.172599,
		-0.747808,
		0,
		-0.604287,
		-0.7142,
		0.353207,
		0,
		-0.473121,
		0.678327,
		0.562165,
		0,
		-0.228248,
		0.473869,
		0.051358,
		1
	},
	[0.25] = {
		-0.64254,
		0.171798,
		-0.746745,
		0,
		-0.624019,
		-0.68288,
		0.379836,
		0,
		-0.444682,
		0.710043,
		0.545983,
		0,
		-0.223172,
		0.474282,
		0.053706,
		1
	},
	[0.266666666667] = {
		-0.636643,
		0.177556,
		-0.750439,
		0,
		-0.589169,
		-0.739866,
		0.324773,
		0,
		-0.497559,
		0.6489,
		0.575642,
		0,
		-0.232221,
		0.473396,
		0.048344,
		1
	},
	[0.275] = {
		-0.627025,
		0.190131,
		-0.755441,
		0,
		-0.581105,
		-0.760007,
		0.291043,
		0,
		-0.518804,
		0.621481,
		0.587029,
		0,
		-0.235302,
		0.472656,
		0.044956,
		1
	},
	[0.283333333333] = {
		-0.61282,
		0.209558,
		-0.76193,
		0,
		-0.578976,
		-0.775281,
		0.252441,
		0,
		-0.537809,
		0.59584,
		0.596436,
		0,
		-0.237543,
		0.471517,
		0.041126,
		1
	},
	[0.291666666667] = {
		-0.593347,
		0.236943,
		-0.769284,
		0,
		-0.582627,
		-0.785849,
		0.207334,
		0,
		-0.555415,
		0.571226,
		0.60433,
		0,
		-0.239312,
		0.470023,
		0.036798,
		1
	},
	[0.2] = {
		-0.674449,
		0.131559,
		-0.726506,
		0,
		-0.71989,
		-0.335668,
		0.607524,
		0,
		-0.16394,
		0.932748,
		0.321099,
		0,
		-0.151204,
		0.493561,
		0.054241,
		1
	},
	[0.308333333333] = {
		-0.543469,
		0.306008,
		-0.781665,
		0,
		-0.598492,
		-0.794192,
		0.105201,
		0,
		-0.5886,
		0.524994,
		0.614762,
		0,
		-0.240702,
		0.466899,
		0.027007,
		1
	},
	[0.316666666667] = {
		-0.513618,
		0.345924,
		-0.785196,
		0,
		-0.608759,
		-0.791818,
		0.049364,
		0,
		-0.604656,
		0.50335,
		0.617276,
		0,
		-0.24047,
		0.465464,
		0.021521,
		1
	},
	[0.325] = {
		-0.480055,
		0.389373,
		-0.786089,
		0,
		-0.620121,
		-0.784444,
		-0.009859,
		0,
		-0.620482,
		0.482737,
		0.618034,
		0,
		-0.239716,
		0.464198,
		0.015539,
		1
	},
	[0.333333333333] = {
		-0.442378,
		0.4359,
		-0.783769,
		0,
		-0.632132,
		-0.771482,
		-0.072276,
		0,
		-0.636169,
		0.463472,
		0.616833,
		0,
		-0.238401,
		0.463046,
		0.009186,
		1
	},
	[0.341666666667] = {
		-0.400573,
		0.485102,
		-0.777314,
		0,
		-0.644047,
		-0.752488,
		-0.137712,
		0,
		-0.651724,
		0.445463,
		0.613855,
		0,
		-0.236631,
		0.462218,
		0.002262,
		1
	},
	[0.358333333333] = {
		-0.30367,
		0.588492,
		-0.749307,
		0,
		-0.66492,
		-0.694164,
		-0.275712,
		0,
		-0.682397,
		0.414504,
		0.602097,
		0,
		-0.23162,
		0.461448,
		-0.012887,
		1
	},
	[0.35] = {
		-0.354236,
		0.536177,
		-0.76618,
		0,
		-0.655299,
		-0.726831,
		-0.205669,
		0,
		-0.667159,
		0.429221,
		0.608825,
		0,
		-0.23434,
		0.461554,
		-0.004991,
		1
	},
	[0.366666666667] = {
		-0.248483,
		0.640806,
		-0.726377,
		0,
		-0.672289,
		-0.653958,
		-0.346938,
		0,
		-0.69734,
		0.402127,
		0.593304,
		0,
		-0.228393,
		0.461511,
		-0.021007,
		1
	},
	[0.375] = {
		-0.189559,
		0.692291,
		-0.696276,
		0,
		-0.676259,
		-0.606176,
		-0.418598,
		0,
		-0.711857,
		0.391514,
		0.583075,
		0,
		-0.224697,
		0.462451,
		-0.029813,
		1
	},
	[0.383333333333] = {
		-0.126499,
		0.741245,
		-0.659207,
		0,
		-0.676279,
		-0.550612,
		-0.48936,
		0,
		-0.725703,
		0.383904,
		0.57094,
		0,
		-0.2205,
		0.463477,
		-0.038664,
		1
	},
	[0.391666666667] = {
		-0.06086,
		0.786838,
		-0.614151,
		0,
		-0.671234,
		-0.487649,
		-0.55825,
		0,
		-0.738743,
		0.378264,
		0.557831,
		0,
		-0.21574,
		0.465661,
		-0.04814,
		1
	},
	[0.3] = {
		-0.569749,
		0.269847,
		-0.776253,
		0,
		-0.589877,
		-0.791955,
		0.157648,
		0,
		-0.572216,
		0.547714,
		0.610392,
		0,
		-0.240302,
		0.468387,
		0.032121,
		1
	},
	[0.408333333333] = {
		0.077273,
		0.861202,
		-0.502354,
		0,
		-0.644082,
		-0.34149,
		-0.684502,
		0,
		-0.761043,
		0.376451,
		0.528297,
		0,
		-0.204658,
		0.470983,
		-0.067139,
		1
	},
	[0.416666666667] = {
		0.145884,
		0.887592,
		-0.436919,
		0,
		-0.620927,
		-0.261672,
		-0.738903,
		0,
		-0.770174,
		0.379089,
		0.512956,
		0,
		-0.19804,
		0.475054,
		-0.076743,
		1
	},
	[0.425] = {
		0.2158,
		0.905518,
		-0.365331,
		0,
		-0.591526,
		-0.176441,
		-0.786743,
		0,
		-0.77687,
		0.385882,
		0.497562,
		0,
		-0.191267,
		0.478606,
		-0.086088,
		1
	},
	[0.433333333333] = {
		0.279621,
		0.915134,
		-0.290418,
		0,
		-0.556034,
		-0.092241,
		-0.826025,
		0,
		-0.782712,
		0.392456,
		0.483053,
		0,
		-0.183087,
		0.484703,
		-0.095498,
		1
	},
	[0.441666666667] = {
		0.342227,
		0.914963,
		-0.213829,
		0,
		-0.515257,
		-0.00756,
		-0.857002,
		0,
		-0.785742,
		0.403467,
		0.468854,
		0,
		-0.174892,
		0.489489,
		-0.10405,
		1
	},
	[0.458333333333] = {
		0.451854,
		0.890314,
		-0.056295,
		0,
		-0.420539,
		0.15693,
		-0.893599,
		0,
		-0.786749,
		0.427451,
		0.445322,
		0,
		-0.15626,
		0.502257,
		-0.120521,
		1
	},
	[0.45] = {
		0.399535,
		0.906952,
		-0.133455,
		0,
		-0.469478,
		0.077394,
		-0.879546,
		0,
		-0.787377,
		0.414064,
		0.456715,
		0,
		-0.165719,
		0.496304,
		-0.112865,
		1
	},
	[0.466666666667] = {
		0.499082,
		0.866281,
		0.021788,
		0,
		-0.368305,
		0.234813,
		-0.899563,
		0,
		-0.78439,
		0.440931,
		0.436247,
		0,
		-0.146366,
		0.509034,
		-0.128198,
		1
	},
	[0.475] = {
		0.539906,
		0.836315,
		0.095282,
		0,
		-0.315052,
		0.305754,
		-0.898475,
		0,
		-0.780541,
		0.455073,
		0.428561,
		0,
		-0.136016,
		0.515742,
		-0.134945,
		1
	},
	[0.483333333333] = {
		0.575591,
		0.800966,
		0.164766,
		0,
		-0.261139,
		0.370981,
		-0.891167,
		0,
		-0.77492,
		0.469921,
		0.422697,
		0,
		-0.125736,
		0.52204,
		-0.141209,
		1
	},
	[0.491666666667] = {
		0.605162,
		0.762298,
		0.229524,
		0,
		-0.20793,
		0.42965,
		-0.87873,
		0,
		-0.768468,
		0.484049,
		0.418513,
		0,
		-0.115058,
		0.528645,
		-0.146845,
		1
	},
	[0.4] = {
		0.007408,
		0.827018,
		-0.562127,
		0,
		-0.660695,
		-0.417918,
		-0.62356,
		0,
		-0.750618,
		0.376014,
		0.54331,
		0,
		-0.210464,
		0.467921,
		-0.057492,
		1
	},
	[0.508333333333] = {
		0.650059,
		0.67849,
		0.342163,
		0,
		-0.106277,
		0.527036,
		-0.843172,
		0,
		-0.752415,
		0.511747,
		0.414712,
		0,
		-0.094171,
		0.540751,
		-0.156556,
		1
	},
	[0.516666666667] = {
		0.666286,
		0.635683,
		0.389834,
		0,
		-0.059105,
		0.566153,
		-0.822178,
		0,
		-0.74335,
		0.524765,
		0.414792,
		0,
		-0.084065,
		0.546362,
		-0.160718,
		1
	},
	[0.525] = {
		0.678859,
		0.59367,
		0.432096,
		0,
		-0.015012,
		0.59957,
		-0.800182,
		0,
		-0.734115,
		0.536724,
		0.415935,
		0,
		-0.074122,
		0.551909,
		-0.164474,
		1
	},
	[0.533333333333] = {
		0.688807,
		0.553013,
		0.468744,
		0,
		0.025779,
		0.6275,
		-0.77819,
		0,
		-0.724486,
		0.548107,
		0.41797,
		0,
		-0.064682,
		0.557049,
		-0.167883,
		1
	},
	[0.541666666667] = {
		0.696407,
		0.514476,
		0.500331,
		0,
		0.063023,
		0.650646,
		-0.756761,
		0,
		-0.714874,
		0.558546,
		0.420691,
		0,
		-0.055643,
		0.562029,
		-0.170988,
		1
	},
	[0.558333333333] = {
		0.707016,
		0.445812,
		0.548981,
		0,
		0.126378,
		0.684134,
		-0.718324,
		0,
		-0.695813,
		0.577246,
		0.427353,
		0,
		-0.039462,
		0.57112,
		-0.176468,
		1
	},
	[0.55] = {
		0.702435,
		0.478468,
		0.526928,
		0,
		0.096638,
		0.66936,
		-0.736626,
		0,
		-0.705157,
		0.568353,
		0.423944,
		0,
		-0.047217,
		0.56668,
		-0.173828,
		1
	},
	[0.566666666667] = {
		0.711324,
		0.415721,
		0.56674,
		0,
		0.152692,
		0.695673,
		-0.701943,
		0,
		-0.686078,
		0.585846,
		0.431372,
		0,
		-0.032252,
		0.575352,
		-0.178873,
		1
	},
	[0.575] = {
		0.716027,
		0.387756,
		0.580474,
		0,
		0.175814,
		0.704563,
		-0.687518,
		0,
		-0.67557,
		0.594337,
		0.436313,
		0,
		-0.025465,
		0.579637,
		-0.181084,
		1
	},
	[0.583333333333] = {
		0.721632,
		0.361181,
		0.590589,
		0,
		0.196317,
		0.711322,
		-0.674893,
		0,
		-0.663858,
		0.602967,
		0.442407,
		0,
		-0.018953,
		0.583932,
		-0.18308,
		1
	},
	[0.591666666667] = {
		0.728654,
		0.334905,
		0.597412,
		0,
		0.214823,
		0.716502,
		-0.663683,
		0,
		-0.650318,
		0.611934,
		0.450137,
		0,
		-0.012475,
		0.588455,
		-0.184863,
		1
	},
	[0.5] = {
		0.630123,
		0.720917,
		0.288485,
		0,
		-0.156032,
		0.4815,
		-0.862445,
		0,
		-0.760657,
		0.498434,
		0.41589,
		0,
		-0.10468,
		0.534628,
		-0.151954,
		1
	},
	[0.608333333333] = {
		0.746093,
		0.284045,
		0.602216,
		0,
		0.24622,
		0.722637,
		-0.645888,
		0,
		-0.618645,
		0.63017,
		0.469217,
		0,
		0.000115,
		0.597848,
		-0.187882,
		1
	},
	[0.616666666667] = {
		0.756279,
		0.259344,
		0.600652,
		0,
		0.259415,
		0.723956,
		-0.639212,
		0,
		-0.600621,
		0.63924,
		0.480235,
		0,
		0.006233,
		0.602683,
		-0.189145,
		1
	},
	[0.625] = {
		0.767263,
		0.235047,
		0.596708,
		0,
		0.27111,
		0.724327,
		-0.633917,
		0,
		-0.581212,
		0.648154,
		0.492025,
		0,
		0.012247,
		0.607588,
		-0.190266,
		1
	},
	[0.633333333333] = {
		0.778922,
		0.211135,
		0.590511,
		0,
		0.281378,
		0.723856,
		-0.629968,
		0,
		-0.560453,
		0.656852,
		0.504418,
		0,
		0.018136,
		0.612535,
		-0.191249,
		1
	},
	[0.641666666667] = {
		0.791097,
		0.187559,
		0.582226,
		0,
		0.29031,
		0.722677,
		-0.627262,
		0,
		-0.53841,
		0.665251,
		0.517258,
		0,
		0.023918,
		0.617507,
		-0.192115,
		1
	},
	[0.658333333333] = {
		0.816408,
		0.141403,
		0.559895,
		0,
		0.304373,
		0.718579,
		-0.6253,
		0,
		-0.490749,
		0.680917,
		0.543615,
		0,
		0.035113,
		0.627424,
		-0.193513,
		1
	},
	[0.65] = {
		0.803646,
		0.164323,
		0.571971,
		0,
		0.297953,
		0.720882,
		-0.625742,
		0,
		-0.515148,
		0.673296,
		0.530373,
		0,
		0.029572,
		0.622477,
		-0.192861,
		1
	},
	[0.666666666667] = {
		0.829231,
		0.118832,
		0.546128,
		0,
		0.309607,
		0.715848,
		-0.625863,
		0,
		-0.465317,
		0.68807,
		0.556812,
		0,
		0.040517,
		0.632326,
		-0.194062,
		1
	},
	[0.675] = {
		0.841961,
		0.096611,
		0.530818,
		0,
		0.313708,
		0.712783,
		-0.627318,
		0,
		-0.438964,
		0.694699,
		0.569828,
		0,
		0.045795,
		0.637157,
		-0.194539,
		1
	},
	[0.683333333333] = {
		0.854448,
		0.074799,
		0.514125,
		0,
		0.316714,
		0.709453,
		-0.629578,
		0,
		-0.411839,
		0.700772,
		0.582501,
		0,
		0.050921,
		0.641897,
		-0.194928,
		1
	},
	[0.691666666667] = {
		0.866554,
		0.053428,
		0.496215,
		0,
		0.318678,
		0.705943,
		-0.632526,
		0,
		-0.384094,
		0.706251,
		0.594711,
		0,
		0.055902,
		0.646517,
		-0.195265,
		1
	},
	[0.6] = {
		0.736857,
		0.309219,
		0.601187,
		0,
		0.231394,
		0.720196,
		-0.654044,
		0,
		-0.635216,
		0.621048,
		0.45913,
		0,
		-0.006128,
		0.593094,
		-0.186458,
		1
	},
	[0.708333333333] = {
		0.889116,
		0.012317,
		0.457516,
		0,
		0.319691,
		0.698638,
		-0.640081,
		0,
		-0.327522,
		0.71537,
		0.617233,
		0,
		0.065344,
		0.655315,
		-0.195759,
		1
	},
	[0.716666666667] = {
		0.899358,
		-0.007263,
		0.437153,
		0,
		0.31887,
		0.694971,
		-0.644467,
		0,
		-0.299128,
		0.719001,
		0.627343,
		0,
		0.069776,
		0.659447,
		-0.195927,
		1
	},
	[0.725] = {
		0.9088,
		-0.026076,
		0.416417,
		0,
		0.317262,
		0.691379,
		-0.649107,
		0,
		-0.270976,
		0.722022,
		0.636598,
		0,
		0.074002,
		0.663366,
		-0.196078,
		1
	},
	[0.733333333333] = {
		0.91738,
		-0.044007,
		0.395572,
		0,
		0.31496,
		0.687903,
		-0.653903,
		0,
		-0.243339,
		0.724467,
		0.644929,
		0,
		0.077992,
		0.667057,
		-0.196175,
		1
	},
	[0.741666666667] = {
		0.92507,
		-0.060957,
		0.374872,
		0,
		0.312058,
		0.684602,
		-0.658741,
		0,
		-0.216483,
		0.726364,
		0.652327,
		0,
		0.081733,
		0.670491,
		-0.196265,
		1
	},
	[0.758333333333] = {
		0.937752,
		-0.091443,
		0.335051,
		0,
		0.304909,
		0.678661,
		-0.668169,
		0,
		-0.166287,
		0.728737,
		0.664297,
		0,
		0.088371,
		0.676514,
		-0.196349,
		1
	},
	[0.75] = {
		0.931856,
		-0.076806,
		0.354607,
		0,
		0.30867,
		0.681506,
		-0.66353,
		0,
		-0.190704,
		0.727771,
		0.658773,
		0,
		0.0852,
		0.673651,
		-0.19631,
		1
	},
	[0.766666666667] = {
		0.942789,
		-0.104751,
		0.316506,
		0,
		0.30091,
		0.676089,
		-0.672574,
		0,
		-0.143533,
		0.729336,
		0.66893,
		0,
		0.091225,
		0.67906,
		-0.196351,
		1
	},
	[0.775] = {
		0.947019,
		-0.116617,
		0.299258,
		0,
		0.2968,
		0.673823,
		-0.676662,
		0,
		-0.122737,
		0.729632,
		0.672735,
		0,
		0.093735,
		0.681269,
		-0.196341,
		1
	},
	[0.783333333333] = {
		0.950504,
		-0.126931,
		0.283604,
		0,
		0.292724,
		0.671881,
		-0.68036,
		0,
		-0.10419,
		0.729702,
		0.675781,
		0,
		0.095883,
		0.683118,
		-0.196302,
		1
	},
	[0.791666666667] = {
		0.953238,
		-0.135547,
		0.270121,
		0,
		0.288999,
		0.670307,
		-0.683497,
		0,
		-0.088418,
		0.729599,
		0.678135,
		0,
		0.097605,
		0.684547,
		-0.196224,
		1
	},
	[0.7] = {
		0.878147,
		0.032582,
		0.47728,
		0,
		0.31965,
		0.702312,
		-0.636067,
		0,
		-0.355924,
		0.711123,
		0.606318,
		0,
		0.060709,
		0.650999,
		-0.195528,
		1
	},
	[0.808333333333] = {
		0.957521,
		-0.147602,
		0.247722,
		0,
		0.281216,
		0.668036,
		-0.688945,
		0,
		-0.063797,
		0.729343,
		0.681167,
		0,
		0.100073,
		0.686524,
		-0.196077,
		1
	},
	[0.816666666667] = {
		0.959437,
		-0.151098,
		0.238012,
		0,
		0.27664,
		0.667238,
		-0.691566,
		0,
		-0.054316,
		0.729358,
		0.681972,
		0,
		0.10093,
		0.687223,
		-0.196034,
		1
	},
	[0.825] = {
		0.961473,
		-0.153049,
		0.228356,
		0,
		0.271037,
		0.666553,
		-0.694439,
		0,
		-0.045928,
		0.729577,
		0.682355,
		0,
		0.101658,
		0.687891,
		-0.196021,
		1
	},
	[0.833333333333] = {
		0.963575,
		-0.153532,
		0.21898,
		0,
		0.264617,
		0.665992,
		-0.697447,
		0,
		-0.038759,
		0.729988,
		0.68236,
		0,
		0.102234,
		0.688485,
		-0.19604,
		1
	},
	[0.841666666667] = {
		0.965745,
		-0.152625,
		0.209864,
		0,
		0.25742,
		0.665531,
		-0.700573,
		0,
		-0.032746,
		0.730598,
		0.682022,
		0,
		0.102665,
		0.689014,
		-0.19608,
		1
	},
	[0.858333333333] = {
		0.970265,
		-0.146949,
		0.192331,
		0,
		0.240855,
		0.664823,
		-0.707107,
		0,
		-0.023958,
		0.732405,
		0.680448,
		0,
		0.103118,
		0.689877,
		-0.196224,
		1
	},
	[0.85] = {
		0.967978,
		-0.150406,
		0.200987,
		0,
		0.249486,
		0.66515,
		-0.703798,
		0,
		-0.027832,
		0.731405,
		0.681375,
		0,
		0.102957,
		0.689475,
		-0.196144,
		1
	},
	[0.866666666667] = {
		0.972591,
		-0.142327,
		0.183871,
		0,
		0.231564,
		0.664525,
		-0.710482,
		0,
		-0.021066,
		0.733586,
		0.67927,
		0,
		0.103155,
		0.690218,
		-0.196321,
		1
	},
	[0.875] = {
		0.974938,
		-0.136616,
		0.17559,
		0,
		0.221655,
		0.664231,
		-0.713909,
		0,
		-0.0191,
		0.734938,
		0.677866,
		0,
		0.103076,
		0.6905,
		-0.196429,
		1
	},
	[0.883333333333] = {
		0.977285,
		-0.129888,
		0.167463,
		0,
		0.211165,
		0.663916,
		-0.717374,
		0,
		-0.018003,
		0.736441,
		0.676262,
		0,
		0.102887,
		0.690726,
		-0.196547,
		1
	},
	[0.891666666667] = {
		0.979608,
		-0.122214,
		0.159471,
		0,
		0.200134,
		0.663553,
		-0.720863,
		0,
		-0.017718,
		0.738079,
		0.674481,
		0,
		0.102596,
		0.690896,
		-0.196672,
		1
	},
	[0.8] = {
		0.95552,
		-0.14247,
		0.258231,
		0,
		0.285233,
		0.669039,
		-0.686316,
		0,
		-0.074987,
		0.729445,
		0.679917,
		0,
		0.098992,
		0.68566,
		-0.196157,
		1
	},
	[0.908333333333] = {
		0.984091,
		-0.104324,
		0.143812,
		0,
		0.17661,
		0.662591,
		-0.727861,
		0,
		-0.019355,
		0.74168,
		0.670474,
		0,
		0.10174,
		0.691077,
		-0.196935,
		1
	},
	[0.916666666667] = {
		0.9862,
		-0.094255,
		0.136107,
		0,
		0.164199,
		0.661947,
		-0.731345,
		0,
		-0.021163,
		0.743601,
		0.668288,
		0,
		0.10119,
		0.69109,
		-0.197068,
		1
	},
	[0.925] = {
		0.98819,
		-0.083534,
		0.12846,
		0,
		0.151411,
		0.661165,
		-0.734803,
		0,
		-0.023552,
		0.745575,
		0.666005,
		0,
		0.100568,
		0.691053,
		-0.197199,
		1
	},
	[0.933333333333] = {
		0.990038,
		-0.072238,
		0.120855,
		0,
		0.138289,
		0.660231,
		-0.738222,
		0,
		-0.026464,
		0.747581,
		0.663644,
		0,
		0.099883,
		0.690968,
		-0.197327,
		1
	},
	[0.941666666667] = {
		0.991723,
		-0.060442,
		0.113275,
		0,
		0.124877,
		0.659126,
		-0.741592,
		0,
		-0.029839,
		0.749599,
		0.661219,
		0,
		0.099142,
		0.690836,
		-0.197449,
		1
	},
	[0.958333333333] = {
		0.994534,
		-0.035659,
		0.098136,
		0,
		0.097356,
		0.656363,
		-0.748138,
		0,
		-0.037735,
		0.753602,
		0.656247,
		0,
		0.097525,
		0.690443,
		-0.197672,
		1
	},
	[0.95] = {
		0.993227,
		-0.048223,
		0.105707,
		0,
		0.111218,
		0.65784,
		-0.7449,
		0,
		-0.033617,
		0.751612,
		0.658748,
		0,
		0.098354,
		0.690661,
		-0.197565,
		1
	},
	[0.966666666667] = {
		0.99563,
		-0.022828,
		0.09055,
		0,
		0.083338,
		0.654687,
		-0.751292,
		0,
		-0.042132,
		0.755555,
		0.653729,
		0,
		0.096664,
		0.690188,
		-0.197769,
		1
	},
	[0.975] = {
		0.996507,
		-0.009808,
		0.082936,
		0,
		0.069208,
		0.652809,
		-0.754354,
		0,
		-0.046743,
		0.757459,
		0.651208,
		0,
		0.095778,
		0.689895,
		-0.197854,
		1
	},
	[0.983333333333] = {
		0.997157,
		0.00332,
		0.075285,
		0,
		0.055011,
		0.65073,
		-0.757314,
		0,
		-0.051504,
		0.759302,
		0.648697,
		0,
		0.094876,
		0.689571,
		-0.197928,
		1
	},
	[0.991666666667] = {
		0.997577,
		0.016476,
		0.067587,
		0,
		0.040792,
		0.648453,
		-0.760161,
		0,
		-0.056351,
		0.761077,
		0.64621,
		0,
		0.093963,
		0.689216,
		-0.197987,
		1
	},
	[0.9] = {
		0.981885,
		-0.113669,
		0.151594,
		0,
		0.188602,
		0.66312,
		-0.724363,
		0,
		-0.018188,
		0.739832,
		0.672546,
		0,
		0.102212,
		0.691013,
		-0.196803,
		1
	},
	[1.00833333333] = {
		0.997739,
		0.042554,
		0.052019,
		0,
		0.012471,
		0.643333,
		-0.765485,
		0,
		-0.06604,
		0.764403,
		0.641348,
		0,
		0.092142,
		0.688436,
		-0.198059,
		1
	},
	[1.01666666667] = {
		0.997493,
		0.055317,
		0.044135,
		0,
		-0.001543,
		0.640516,
		-0.767943,
		0,
		-0.070749,
		0.76595,
		0.638995,
		0,
		0.091247,
		0.688021,
		-0.198071,
		1
	},
	[1.025] = {
		0.997044,
		0.067789,
		0.036175,
		0,
		-0.015401,
		0.637547,
		-0.770258,
		0,
		-0.075278,
		0.767423,
		0.636706,
		0,
		0.090372,
		0.687592,
		-0.198065,
		1
	},
	[1.03333333333] = {
		0.996406,
		0.079893,
		0.028135,
		0,
		-0.02906,
		0.634448,
		-0.772419,
		0,
		-0.079561,
		0.768826,
		0.63449,
		0,
		0.089524,
		0.687159,
		-0.198042,
		1
	},
	[1.04166666667] = {
		0.995599,
		0.091549,
		0.02001,
		0,
		-0.04248,
		0.631241,
		-0.774423,
		0,
		-0.083529,
		0.770165,
		0.632352,
		0,
		0.08871,
		0.686724,
		-0.198,
		1
	},
	[1.05833333333] = {
		0.993564,
		0.113215,
		0.003492,
		0,
		-0.068439,
		0.624609,
		-0.777933,
		0,
		-0.090254,
		0.772687,
		0.628338,
		0,
		0.08721,
		0.685876,
		-0.19786,
		1
	},
	[1.05] = {
		0.994644,
		0.102682,
		0.011798,
		0,
		-0.055619,
		0.627952,
		-0.776262,
		0,
		-0.087117,
		0.771448,
		0.6303,
		0,
		0.087936,
		0.686295,
		-0.19794,
		1
	},
	[1.06666666667] = {
		0.992386,
		0.123072,
		-0.004909,
		0,
		-0.0809,
		0.621245,
		-0.779429,
		0,
		-0.092876,
		0.773892,
		0.626471,
		0,
		0.086537,
		0.685475,
		-0.197762,
		1
	},
	[1.075] = {
		0.991164,
		0.131957,
		-0.013441,
		0,
		-0.092853,
		0.617918,
		-0.78074,
		0,
		-0.094719,
		0.77509,
		0.624711,
		0,
		0.085931,
		0.685094,
		-0.197629,
		1
	},
	[1.08333333333] = {
		0.989841,
		0.140463,
		-0.022011,
		0,
		-0.104599,
		0.614579,
		-0.78189,
		0,
		-0.096299,
		0.776249,
		0.623028,
		0,
		0.085379,
		0.684747,
		-0.197508,
		1
	},
	{
		0.99777,
		0.029581,
		0.059835,
		0,
		0.026598,
		0.645984,
		-0.762887,
		0,
		-0.061219,
		0.762778,
		0.643757,
		0,
		0.09305,
		0.688837,
		-0.198031,
		1
	}
}

return spline_matrices
