-- chunkname: @content/characters/player/human/first_person/animations/sabre/attack_left_diagonal_down.lua

local spline_matrices = {
	[0.0166666666667] = {
		0.916255,
		0.197238,
		-0.348675,
		0,
		-0.395753,
		0.580612,
		-0.711526,
		0,
		0.062105,
		0.789928,
		0.610046,
		0,
		0.086541,
		0.668106,
		-0.16305,
		1,
	},
	[0.0333333333333] = {
		0.713056,
		0.246513,
		-0.65634,
		0,
		-0.67307,
		0.502775,
		-0.542396,
		0,
		0.196284,
		0.828522,
		0.524428,
		0,
		0.090821,
		0.650769,
		-0.12732,
		1,
	},
	[0.05] = {
		0.41112,
		0.257246,
		-0.874531,
		0,
		-0.862932,
		0.419041,
		-0.282405,
		0,
		0.293817,
		0.870763,
		0.394262,
		0,
		0.102261,
		0.63467,
		-0.092243,
		1,
	},
	[0.0666666666667] = {
		0.089475,
		0.236217,
		-0.967572,
		0,
		-0.926136,
		0.377135,
		0.006428,
		0,
		0.366424,
		0.895528,
		0.252513,
		0,
		0.121389,
		0.620777,
		-0.0612,
		1,
	},
	[0.0833333333333] = {
		-0.176064,
		0.22141,
		-0.959156,
		0,
		-0.875952,
		0.409317,
		0.255277,
		0,
		0.44912,
		0.88512,
		0.121878,
		0,
		0.146402,
		0.608245,
		-0.035706,
		1,
	},
	[0] = {
		0.989841,
		0.140463,
		-0.022011,
		0,
		-0.104599,
		0.614579,
		-0.78189,
		0,
		-0.096299,
		0.776249,
		0.623028,
		0,
		0.08538,
		0.684717,
		-0.197524,
		1,
	},
	[0.116666666667] = {
		-0.555791,
		0.336641,
		-0.760111,
		0,
		-0.351371,
		0.733526,
		0.581788,
		0,
		0.753415,
		0.590434,
		-0.289402,
		0,
		0.227949,
		0.579002,
		0.016676,
		1,
	},
	[0.133333333333] = {
		-0.615221,
		0.510596,
		-0.600661,
		0,
		0.029067,
		0.776092,
		0.62995,
		0,
		0.787818,
		0.370099,
		-0.49231,
		0,
		0.266429,
		0.557172,
		0.038169,
		1,
	},
	[0.15] = {
		-0.551403,
		0.659477,
		-0.510926,
		0,
		0.250715,
		0.715132,
		0.652478,
		0,
		0.795674,
		0.231681,
		-0.559666,
		0,
		0.283356,
		0.537671,
		0.047366,
		1,
	},
	[0.166666666667] = {
		-0.294467,
		0.799003,
		-0.524293,
		0,
		0.321656,
		0.599474,
		0.732918,
		0,
		0.899904,
		0.047178,
		-0.433529,
		0,
		0.289835,
		0.51033,
		0.061256,
		1,
	},
	[0.183333333333] = {
		0.149333,
		0.822786,
		-0.548382,
		0,
		0.307163,
		0.488561,
		0.816676,
		0,
		0.939867,
		-0.290399,
		-0.179771,
		0,
		0.290068,
		0.475048,
		0.086722,
		1,
	},
	[0.1] = {
		-0.386964,
		0.238396,
		-0.890745,
		0,
		-0.694276,
		0.560396,
		0.451595,
		0,
		0.606828,
		0.793173,
		-0.05134,
		0,
		0.182683,
		0.595735,
		-0.010116,
		1,
	},
	[0.216666666667] = {
		0.767633,
		0.353685,
		-0.534459,
		0,
		0.196886,
		0.663464,
		0.721839,
		0,
		0.609897,
		-0.659335,
		0.439661,
		0,
		0.235204,
		0.46294,
		0.105068,
		1,
	},
	[0.233333333333] = {
		0.834331,
		0.211441,
		-0.509101,
		0,
		-0.000954,
		0.92407,
		0.382223,
		0,
		0.551263,
		-0.318415,
		0.771182,
		0,
		0.16476,
		0.51587,
		0.064863,
		1,
	},
	[0.25] = {
		0.641991,
		0.131541,
		-0.755344,
		0,
		-0.755783,
		0.274325,
		-0.594591,
		0,
		0.128997,
		0.952598,
		0.275531,
		0,
		-0.046002,
		0.641182,
		-0.138998,
		1,
	},
	[0.266666666667] = {
		0.659508,
		0.050274,
		-0.750015,
		0,
		-0.741034,
		-0.123987,
		-0.659921,
		0,
		-0.126169,
		0.991009,
		-0.044516,
		0,
		-0.149118,
		0.600266,
		-0.210826,
		1,
	},
	[0.283333333333] = {
		0.642176,
		0.075145,
		-0.762865,
		0,
		-0.698748,
		-0.351848,
		-0.62286,
		0,
		-0.315217,
		0.933036,
		-0.173441,
		0,
		-0.195627,
		0.576112,
		-0.237478,
		1,
	},
	[0.2] = {
		0.548276,
		0.627699,
		-0.552618,
		0,
		0.252835,
		0.505456,
		0.824978,
		0,
		0.797163,
		-0.592037,
		0.118425,
		0,
		0.273274,
		0.454519,
		0.105975,
		1,
	},
	[0.316666666667] = {
		0.553149,
		0.180716,
		-0.813245,
		0,
		-0.60671,
		-0.581585,
		-0.541906,
		0,
		-0.570902,
		0.793159,
		-0.212061,
		0,
		-0.221128,
		0.552037,
		-0.243268,
		1,
	},
	[0.333333333333] = {
		0.52825,
		0.206688,
		-0.823549,
		0,
		-0.56568,
		-0.637655,
		-0.522879,
		0,
		-0.633213,
		0.742075,
		-0.219922,
		0,
		-0.222901,
		0.542784,
		-0.242501,
		1,
	},
	[0.35] = {
		0.504074,
		0.231735,
		-0.83199,
		0,
		-0.527225,
		-0.680442,
		-0.508952,
		0,
		-0.684063,
		0.695196,
		-0.220817,
		0,
		-0.223684,
		0.534295,
		-0.241188,
		1,
	},
	[0.366666666667] = {
		0.480923,
		0.256253,
		-0.838479,
		0,
		-0.492793,
		-0.711978,
		-0.500242,
		0,
		-0.725168,
		0.653775,
		-0.216127,
		0,
		-0.223679,
		0.526587,
		-0.239466,
		1,
	},
	[0.383333333333] = {
		0.459025,
		0.280557,
		-0.842961,
		0,
		-0.463252,
		-0.734044,
		-0.496565,
		0,
		-0.758086,
		0.618439,
		-0.206976,
		0,
		-0.223051,
		0.519644,
		-0.237438,
		1,
	},
	[0.3] = {
		0.595893,
		0.134405,
		-0.791737,
		0,
		-0.651403,
		-0.495697,
		-0.574421,
		0,
		-0.469666,
		0.858033,
		-0.20783,
		0,
		-0.215649,
		0.561878,
		-0.244056,
		1,
	},
	[0.416666666667] = {
		0.419694,
		0.329327,
		-0.845813,
		0,
		-0.420349,
		-0.755383,
		-0.502695,
		0,
		-0.804465,
		0.566515,
		-0.178597,
		0,
		-0.220408,
		0.507925,
		-0.232749,
		1,
	},
	[0.433333333333] = {
		0.402576,
		0.353979,
		-0.844175,
		0,
		-0.407089,
		-0.756761,
		-0.51146,
		0,
		-0.819885,
		0.549556,
		-0.160553,
		0,
		-0.218562,
		0.503077,
		-0.230185,
		1,
	},
	[0.45] = {
		0.387357,
		0.378797,
		-0.840516,
		0,
		-0.399075,
		-0.752957,
		-0.523253,
		0,
		-0.83108,
		0.538115,
		-0.140495,
		0,
		-0.216442,
		0.498859,
		-0.227518,
		1,
	},
	[0.466666666667] = {
		0.37419,
		0.403683,
		-0.834879,
		0,
		-0.396009,
		-0.74451,
		-0.537477,
		0,
		-0.838545,
		0.531738,
		-0.118726,
		0,
		-0.214082,
		0.495244,
		-0.224771,
		1,
	},
	[0.483333333333] = {
		0.363224,
		0.42847,
		-0.827334,
		0,
		-0.397516,
		-0.731835,
		-0.553533,
		0,
		-0.842644,
		0.529935,
		-0.095496,
		0,
		-0.211505,
		0.49221,
		-0.221961,
		1,
	},
	[0.4] = {
		0.438561,
		0.30487,
		-0.84541,
		0,
		-0.439053,
		-0.748118,
		-0.497546,
		0,
		-0.784153,
		0.589384,
		-0.194241,
		0,
		-0.221928,
		0.513436,
		-0.23518,
		1,
	},
	[0.516666666667] = {
		0.348458,
		0.476796,
		-0.806996,
		0,
		-0.412457,
		-0.695124,
		-0.588797,
		0,
		-0.841699,
		0.538022,
		-0.045564,
		0,
		-0.205731,
		0.487813,
		-0.216215,
		1,
	},
	[0.533333333333] = {
		0.344894,
		0.499743,
		-0.794547,
		0,
		-0.424883,
		-0.671679,
		-0.606895,
		0,
		-0.836972,
		0.546904,
		-0.019326,
		0,
		-0.202536,
		0.486424,
		-0.213307,
		1,
	},
	[0.55] = {
		0.343985,
		0.521422,
		-0.780893,
		0,
		-0.439886,
		-0.645251,
		-0.624621,
		0,
		-0.829563,
		0.558364,
		0.007409,
		0,
		-0.199126,
		0.48556,
		-0.210399,
		1,
	},
	[0.566666666667] = {
		0.345763,
		0.541465,
		-0.766331,
		0,
		-0.456889,
		-0.616193,
		-0.641528,
		0,
		-0.819573,
		0.571945,
		0.034333,
		0,
		-0.195493,
		0.48521,
		-0.207509,
		1,
	},
	[0.583333333333] = {
		0.350209,
		0.559498,
		-0.75121,
		0,
		-0.47531,
		-0.584918,
		-0.65723,
		0,
		-0.807115,
		0.587226,
		0.061091,
		0,
		-0.191624,
		0.485366,
		-0.204664,
		1,
	},
	[0.5] = {
		0.354603,
		0.452933,
		-0.81799,
		0,
		-0.40316,
		-0.715274,
		-0.570829,
		0,
		-0.843634,
		0.532199,
		-0.071034,
		0,
		-0.20872,
		0.489738,
		-0.219105,
		1,
	},
	[0.616666666667] = {
		0.366749,
		0.588064,
		-0.720885,
		0,
		-0.514118,
		-0.517694,
		-0.683868,
		0,
		-0.775356,
		0.621428,
		0.112471,
		0,
		-0.183133,
		0.487155,
		-0.199227,
		1,
	},
	[0.633333333333] = {
		0.378519,
		0.59792,
		-0.706551,
		0,
		-0.533433,
		-0.482911,
		-0.694439,
		0,
		-0.756421,
		0.639756,
		0.136159,
		0,
		-0.178493,
		0.488771,
		-0.196712,
		1,
	},
	[0.65] = {
		0.392315,
		0.604422,
		-0.693371,
		0,
		-0.55205,
		-0.448232,
		-0.703085,
		0,
		-0.735751,
		0.658606,
		0.157824,
		0,
		-0.17358,
		0.490856,
		-0.194394,
		1,
	},
	[0.666666666667] = {
		0.407845,
		0.607312,
		-0.681788,
		0,
		-0.569572,
		-0.414387,
		-0.709838,
		0,
		-0.713617,
		0.677832,
		0.176903,
		0,
		-0.168394,
		0.493403,
		-0.192326,
		1,
	},
	[0.683333333333] = {
		0.429047,
		0.60332,
		-0.672252,
		0,
		-0.591046,
		-0.375284,
		-0.714022,
		0,
		-0.683069,
		0.703681,
		0.195575,
		0,
		-0.162055,
		0.497457,
		-0.190292,
		1,
	},
	[0.6] = {
		0.357249,
		0.575148,
		-0.73592,
		0,
		-0.494572,
		-0.551902,
		-0.671419,
		0,
		-0.792321,
		0.603829,
		0.087286,
		0,
		-0.187507,
		0.486017,
		-0.201891,
		1,
	},
	[0.716666666667] = {
		0.494105,
		0.566721,
		-0.659309,
		0,
		-0.649632,
		-0.263317,
		-0.713191,
		0,
		-0.577787,
		0.7807,
		0.238054,
		0,
		-0.143471,
		0.511867,
		-0.18568,
		1,
	},
	[0.733333333333] = {
		0.532802,
		0.535301,
		-0.655419,
		0,
		-0.678524,
		-0.192593,
		-0.708882,
		0,
		-0.505694,
		0.822411,
		0.260601,
		0,
		-0.1314,
		0.521231,
		-0.183226,
		1,
	},
	[0.75] = {
		0.572082,
		0.496699,
		-0.652696,
		0,
		-0.702121,
		-0.114774,
		-0.702746,
		0,
		-0.423966,
		0.8603,
		0.283083,
		0,
		-0.11772,
		0.531318,
		-0.180784,
		1,
	},
	[0.766666666667] = {
		0.609707,
		0.452919,
		-0.650478,
		0,
		-0.717644,
		-0.032984,
		-0.695629,
		0,
		-0.336519,
		0.890941,
		0.304924,
		0,
		-0.102776,
		0.541589,
		-0.178448,
		1,
	},
	[0.783333333333] = {
		0.644149,
		0.40657,
		-0.647899,
		0,
		-0.723535,
		0.049093,
		-0.68854,
		0,
		-0.248132,
		0.9123,
		0.325791,
		0,
		-0.087052,
		0.551563,
		-0.176309,
		1,
	},
	[0.7] = {
		0.458623,
		0.589641,
		-0.664823,
		0,
		-0.619107,
		-0.324676,
		-0.715046,
		0,
		-0.637473,
		0.739533,
		0.216147,
		0,
		-0.153726,
		0.503769,
		-0.188059,
		1,
	},
	[0.816666666667] = {
		0.701855,
		0.318202,
		-0.637297,
		0,
		-0.706736,
		0.199267,
		-0.678835,
		0,
		-0.089014,
		0.926844,
		0.364741,
		0,
		-0.055729,
		0.569202,
		-0.172922,
		1,
	},
	[0.833333333333] = {
		0.726342,
		0.28223,
		-0.626717,
		0,
		-0.686771,
		0.261105,
		-0.678359,
		0,
		-0.027815,
		0.923131,
		0.383479,
		0,
		-0.041495,
		0.576444,
		-0.171793,
		1,
	},
	[0.85] = {
		0.749559,
		0.255509,
		-0.610636,
		0,
		-0.661752,
		0.311106,
		-0.682128,
		0,
		0.015683,
		0.915384,
		0.402275,
		0,
		-0.029121,
		0.582498,
		-0.171117,
		1,
	},
	[0.866666666667] = {
		0.774182,
		0.236949,
		-0.586939,
		0,
		-0.631516,
		0.351829,
		-0.690945,
		0,
		0.042783,
		0.905578,
		0.422017,
		0,
		-0.018002,
		0.587869,
		-0.171122,
		1,
	},
	[0.883333333333] = {
		0.801327,
		0.222901,
		-0.555148,
		0,
		-0.595392,
		0.387381,
		-0.703878,
		0,
		0.058159,
		0.894567,
		0.443133,
		0,
		-0.007161,
		0.59314,
		-0.171893,
		1,
	},
	[0.8] = {
		0.674777,
		0.360637,
		-0.643907,
		0,
		-0.719578,
		0.127662,
		-0.682576,
		0,
		-0.16396,
		0.923928,
		0.34565,
		0,
		-0.071146,
		0.560856,
		-0.174446,
		1,
	},
	[0.916666666667] = {
		0.858272,
		0.204477,
		-0.470699,
		0,
		-0.509745,
		0.445839,
		-0.735791,
		0,
		0.059404,
		0.871445,
		0.486882,
		0,
		0.013373,
		0.603516,
		-0.175254,
		1,
	},
	[0.933333333333] = {
		0.885416,
		0.198529,
		-0.420269,
		0,
		-0.46229,
		0.469985,
		-0.751932,
		0,
		0.04824,
		0.860059,
		0.50791,
		0,
		0.022928,
		0.608629,
		-0.177619,
		1,
	},
	[0.95] = {
		0.91006,
		0.193882,
		-0.366335,
		0,
		-0.413287,
		0.491415,
		-0.766619,
		0,
		0.031389,
		0.849071,
		0.527345,
		0,
		0.031917,
		0.61367,
		-0.180285,
		1,
	},
	[0.966666666667] = {
		0.931312,
		0.189973,
		-0.310756,
		0,
		-0.364068,
		0.510518,
		-0.778991,
		0,
		0.010659,
		0.838619,
		0.544614,
		0,
		0.040268,
		0.618608,
		-0.183119,
		1,
	},
	[0.983333333333] = {
		0.948653,
		0.186297,
		-0.255637,
		0,
		-0.316089,
		0.527599,
		-0.788497,
		0,
		-0.012021,
		0.828814,
		0.559395,
		0,
		0.047896,
		0.623406,
		-0.185975,
		1,
	},
	[0.9] = {
		0.829802,
		0.212359,
		-0.516074,
		0,
		-0.554466,
		0.418496,
		-0.719325,
		0,
		0.06322,
		0.883043,
		0.465015,
		0,
		0.003321,
		0.598351,
		-0.173308,
		1,
	},
	[1.01666666667] = {
		0.971625,
		0.177855,
		-0.155926,
		0,
		-0.229996,
		0.55658,
		-0.798324,
		0,
		-0.0552,
		0.811533,
		0.581693,
		0,
		0.060588,
		0.632403,
		-0.191107,
		1,
	},
	[1.03333333333] = {
		0.978197,
		0.172279,
		-0.115979,
		0,
		-0.194916,
		0.568809,
		-0.79904,
		0,
		-0.071687,
		0.804224,
		0.589987,
		0,
		0.06542,
		0.636503,
		-0.193034,
		1,
	},
	[1.05] = {
		0.982519,
		0.165295,
		-0.085642,
		0,
		-0.167045,
		0.579716,
		-0.797512,
		0,
		-0.082176,
		0.797877,
		0.597193,
		0,
		0.069074,
		0.640268,
		-0.194298,
		1,
	},
	[1.06666666667] = {
		0.985392,
		0.158106,
		-0.063279,
		0,
		-0.145548,
		0.588959,
		-0.794948,
		0,
		-0.088417,
		0.792546,
		0.603368,
		0,
		0.071912,
		0.643877,
		-0.1951,
		1,
	},
	[1.08333333333] = {
		0.987308,
		0.152159,
		-0.045494,
		0,
		-0.128413,
		0.596303,
		-0.792423,
		0,
		-0.093446,
		0.788207,
		0.608274,
		0,
		0.074396,
		0.647527,
		-0.19577,
		1,
	},
	{
		0.961988,
		0.182398,
		-0.203249,
		0,
		-0.270885,
		0.542892,
		-0.794915,
		0,
		-0.034648,
		0.819755,
		0.571665,
		0,
		0.054706,
		0.62802,
		-0.188695,
		1,
	},
	[1.11666666667] = {
		0.989368,
		0.143798,
		-0.021762,
		0,
		-0.105463,
		0.606328,
		-0.78819,
		0,
		-0.100145,
		0.782105,
		0.615047,
		0,
		0.078391,
		0.654822,
		-0.196766,
		1,
	},
	[1.13333333333] = {
		0.989868,
		0.14121,
		-0.014893,
		0,
		-0.098777,
		0.609454,
		-0.786644,
		0,
		-0.102006,
		0.780144,
		0.617227,
		0,
		0.079948,
		0.6584,
		-0.197117,
		1,
	},
	[1.15] = {
		0.990159,
		0.139531,
		-0.010754,
		0,
		-0.094714,
		0.611581,
		-0.785493,
		0,
		-0.103024,
		0.778781,
		0.618778,
		0,
		0.081244,
		0.661887,
		-0.197386,
		1,
	},
	[1.16666666667] = {
		0.990304,
		0.138631,
		-0.008909,
		0,
		-0.092855,
		0.612879,
		-0.784702,
		0,
		-0.103324,
		0.777921,
		0.619809,
		0,
		0.082303,
		0.665251,
		-0.197581,
		1,
	},
	[1.18333333333] = {
		0.990341,
		0.138368,
		-0.008925,
		0,
		-0.092786,
		0.61351,
		-0.784217,
		0,
		-0.103035,
		0.77747,
		0.620422,
		0,
		0.083151,
		0.668457,
		-0.197712,
		1,
	},
	[1.1] = {
		0.988563,
		0.147414,
		-0.03181,
		0,
		-0.115197,
		0.602013,
		-0.790133,
		0,
		-0.097327,
		0.78476,
		0.61211,
		0,
		0.076548,
		0.651186,
		-0.19632,
		1,
	},
	[1.21666666667] = {
		0.990185,
		0.139175,
		-0.012826,
		0,
		-0.096369,
		0.61339,
		-0.783879,
		0,
		-0.101229,
		0.777421,
		0.620781,
		0,
		0.084312,
		0.674265,
		-0.197819,
		1,
	},
	[1.23333333333] = {
		0.990032,
		0.139948,
		-0.015857,
		0,
		-0.099199,
		0.612942,
		-0.783876,
		0,
		-0.099983,
		0.777635,
		0.620715,
		0,
		0.084675,
		0.6768,
		-0.197813,
		1,
	},
	[1.25] = {
		0.989859,
		0.14077,
		-0.019035,
		0,
		-0.102171,
		0.61244,
		-0.783887,
		0,
		-0.09869,
		0.777882,
		0.620612,
		0,
		0.084927,
		0.679043,
		-0.19778,
		1,
	},
	[1.26666666667] = {
		0.989696,
		0.141493,
		-0.021931,
		0,
		-0.10487,
		0.612039,
		-0.783844,
		0,
		-0.097486,
		0.778067,
		0.620571,
		0,
		0.085092,
		0.680961,
		-0.197728,
		1,
	},
	[1.28333333333] = {
		0.989577,
		0.141971,
		-0.02411,
		0,
		-0.10688,
		0.611895,
		-0.783685,
		0,
		-0.096508,
		0.778093,
		0.620691,
		0,
		0.085196,
		0.682521,
		-0.197667,
		1,
	},
	[1.2] = {
		0.990294,
		0.138599,
		-0.010373,
		0,
		-0.094094,
		0.61363,
		-0.783968,
		0,
		-0.102292,
		0.777335,
		0.620715,
		0,
		0.083812,
		0.671473,
		-0.197788,
		1,
	},
	[1.31666666667] = {
		0.989618,
		0.141606,
		-0.024584,
		0,
		-0.107162,
		0.61301,
		-0.782774,
		0,
		-0.095775,
		0.777282,
		0.62182,
		0,
		0.085315,
		0.684432,
		-0.197556,
		1,
	},
	[1.33333333333] = {
		0.989841,
		0.140463,
		-0.022011,
		0,
		-0.104599,
		0.614579,
		-0.78189,
		0,
		-0.096299,
		0.776249,
		0.623028,
		0,
		0.08538,
		0.684717,
		-0.197524,
		1,
	},
	[1.3] = {
		0.989539,
		0.142058,
		-0.025139,
		0,
		-0.107783,
		0.612166,
		-0.783349,
		0,
		-0.095892,
		0.777864,
		0.621074,
		0,
		0.085262,
		0.683689,
		-0.197607,
		1,
	},
}

return spline_matrices
