-- chunkname: @content/characters/player/human/first_person/animations/sabre/attack_right_diagonal_up_baked_sweep.lua

local spline_matrices = {
	[0.00833333333333] = {
		-0.870063,
		-0.154056,
		0.468248,
		0,
		0.472176,
		0.012331,
		0.881418,
		0,
		-0.141562,
		0.987985,
		0.062013,
		0,
		-0.418626,
		-0.648853,
		-0.658893,
		1
	},
	[0.0166666666667] = {
		-0.870063,
		-0.154056,
		0.468248,
		0,
		0.472176,
		0.012331,
		0.881418,
		0,
		-0.141562,
		0.987985,
		0.062013,
		0,
		-0.418626,
		-0.648854,
		-0.658893,
		1
	},
	[0.025] = {
		-0.870063,
		-0.154056,
		0.468248,
		0,
		0.472176,
		0.012331,
		0.881418,
		0,
		-0.141562,
		0.987985,
		0.062013,
		0,
		-0.418626,
		-0.648854,
		-0.658893,
		1
	},
	[0.0333333333333] = {
		-0.870063,
		-0.154056,
		0.468248,
		0,
		0.472176,
		0.012331,
		0.881418,
		0,
		-0.141562,
		0.987985,
		0.062013,
		0,
		-0.418626,
		-0.648854,
		-0.658893,
		1
	},
	[0.0416666666667] = {
		-0.870063,
		-0.154056,
		0.468248,
		0,
		0.472176,
		0.012331,
		0.881418,
		0,
		-0.141562,
		0.987985,
		0.062013,
		0,
		-0.418626,
		-0.648855,
		-0.658893,
		1
	},
	[0.0583333333333] = {
		-0.870063,
		-0.154056,
		0.468248,
		0,
		0.472176,
		0.012331,
		0.881418,
		0,
		-0.141562,
		0.987985,
		0.062013,
		0,
		-0.418626,
		-0.648855,
		-0.658893,
		1
	},
	[0.05] = {
		-0.870063,
		-0.154056,
		0.468248,
		0,
		0.472176,
		0.012331,
		0.881418,
		0,
		-0.141562,
		0.987985,
		0.062013,
		0,
		-0.418626,
		-0.648855,
		-0.658893,
		1
	},
	[0.0666666666667] = {
		-0.870063,
		-0.154056,
		0.468248,
		0,
		0.472176,
		0.012331,
		0.881418,
		0,
		-0.141562,
		0.987985,
		0.062013,
		0,
		-0.418626,
		-0.648855,
		-0.658893,
		1
	},
	[0.075] = {
		-0.870063,
		-0.154056,
		0.468248,
		0,
		0.472176,
		0.012331,
		0.881418,
		0,
		-0.141562,
		0.987985,
		0.062013,
		0,
		-0.418626,
		-0.648855,
		-0.658893,
		1
	},
	[0.0833333333333] = {
		-0.870063,
		-0.154056,
		0.468248,
		0,
		0.472176,
		0.012331,
		0.881418,
		0,
		-0.141562,
		0.987985,
		0.062013,
		0,
		-0.418626,
		-0.648855,
		-0.658893,
		1
	},
	[0.0916666666667] = {
		-0.870063,
		-0.154056,
		0.468248,
		0,
		0.472176,
		0.012331,
		0.881418,
		0,
		-0.141562,
		0.987985,
		0.062013,
		0,
		-0.418626,
		-0.648854,
		-0.658893,
		1
	},
	[0] = {
		-0.870063,
		-0.154056,
		0.468248,
		0,
		0.472176,
		0.012331,
		0.881418,
		0,
		-0.141562,
		0.987985,
		0.062013,
		0,
		-0.418627,
		-0.648853,
		-0.658893,
		1
	},
	[0.108333333333] = {
		-0.870063,
		-0.154056,
		0.468248,
		0,
		0.472176,
		0.012331,
		0.881418,
		0,
		-0.141562,
		0.987985,
		0.062013,
		0,
		-0.418626,
		-0.648854,
		-0.658893,
		1
	},
	[0.116666666667] = {
		-0.870063,
		-0.154056,
		0.468248,
		0,
		0.472176,
		0.012331,
		0.881418,
		0,
		-0.141562,
		0.987985,
		0.062013,
		0,
		-0.418626,
		-0.648854,
		-0.658893,
		1
	},
	[0.125] = {
		-0.870063,
		-0.154056,
		0.468248,
		0,
		0.472176,
		0.012331,
		0.881418,
		0,
		-0.141562,
		0.987985,
		0.062013,
		0,
		-0.418626,
		-0.648854,
		-0.658893,
		1
	},
	[0.133333333333] = {
		-0.870063,
		-0.154056,
		0.468248,
		0,
		0.472176,
		0.012331,
		0.881418,
		0,
		-0.141562,
		0.987985,
		0.062013,
		0,
		-0.418626,
		-0.648854,
		-0.658893,
		1
	},
	[0.141666666667] = {
		-0.870063,
		-0.154056,
		0.468248,
		0,
		0.472176,
		0.012331,
		0.881418,
		0,
		-0.141562,
		0.987985,
		0.062013,
		0,
		-0.418626,
		-0.648854,
		-0.658893,
		1
	},
	[0.158333333333] = {
		-0.870063,
		-0.154056,
		0.468248,
		0,
		0.472176,
		0.012331,
		0.881418,
		0,
		-0.141562,
		0.987985,
		0.062013,
		0,
		-0.418626,
		-0.648854,
		-0.658893,
		1
	},
	[0.15] = {
		-0.870063,
		-0.154056,
		0.468248,
		0,
		0.472176,
		0.012331,
		0.881418,
		0,
		-0.141562,
		0.987985,
		0.062013,
		0,
		-0.418626,
		-0.648854,
		-0.658893,
		1
	},
	[0.166666666667] = {
		-0.870063,
		-0.154056,
		0.468248,
		0,
		0.472176,
		0.012331,
		0.881418,
		0,
		-0.141562,
		0.987985,
		0.062013,
		0,
		-0.418627,
		-0.648852,
		-0.658893,
		1
	},
	[0.175] = {
		-0.870063,
		-0.154056,
		0.468248,
		0,
		0.472176,
		0.012331,
		0.881418,
		0,
		-0.141562,
		0.987985,
		0.062013,
		0,
		-0.333546,
		-0.436346,
		-0.486006,
		1
	},
	[0.183333333333] = {
		-0.838212,
		-0.08137,
		0.53924,
		0,
		0.542038,
		-0.015587,
		0.840209,
		0,
		-0.059963,
		0.996562,
		0.057171,
		0,
		-0.293697,
		-0.280524,
		-0.354365,
		1
	},
	[0.191666666667] = {
		-0.80942,
		-0.078337,
		0.581982,
		0,
		0.582903,
		0.012912,
		0.812439,
		0,
		-0.071159,
		0.996843,
		0.035211,
		0,
		-0.071778,
		0.067082,
		-0.164408,
		1
	},
	[0.1] = {
		-0.870063,
		-0.154056,
		0.468248,
		0,
		0.472176,
		0.012331,
		0.881418,
		0,
		-0.141562,
		0.987985,
		0.062013,
		0,
		-0.418626,
		-0.648854,
		-0.658893,
		1
	},
	[0.208333333333] = {
		-0.947534,
		-0.120709,
		0.295989,
		0,
		0.305989,
		-0.074654,
		0.949103,
		0,
		-0.092469,
		0.989877,
		0.107673,
		0,
		0.212469,
		0.607406,
		0.114722,
		1
	},
	[0.216666666667] = {
		-0.938531,
		-0.137061,
		0.316817,
		0,
		0.326237,
		-0.052221,
		0.943844,
		0,
		-0.112819,
		0.989185,
		0.093725,
		0,
		0.334211,
		0.567771,
		0.217824,
		1
	},
	[0.225] = {
		-0.912656,
		-0.130575,
		0.387311,
		0,
		0.399152,
		-0.080802,
		0.913317,
		0,
		-0.087961,
		0.98814,
		0.125863,
		0,
		0.384788,
		0.523973,
		0.247,
		1
	},
	[0.233333333333] = {
		-0.881451,
		-0.124083,
		0.455683,
		0,
		0.468583,
		-0.109361,
		0.876624,
		0,
		-0.05894,
		0.986227,
		0.154539,
		0,
		0.431636,
		0.479268,
		0.278223,
		1
	},
	[0.241666666667] = {
		-0.874174,
		-0.102164,
		0.474745,
		0,
		0.485601,
		-0.19103,
		0.853053,
		0,
		0.003539,
		0.976253,
		0.216604,
		0,
		0.440829,
		0.471878,
		0.272275,
		1
	},
	[0.258333333333] = {
		-0.877648,
		-0.041692,
		0.477488,
		0,
		0.454935,
		-0.386076,
		0.802483,
		0,
		0.15089,
		0.921524,
		0.357806,
		0,
		0.441276,
		0.475504,
		0.223217,
		1
	},
	[0.25] = {
		-0.875604,
		-0.074215,
		0.477295,
		0,
		0.476965,
		-0.288938,
		0.830072,
		0,
		0.076305,
		0.954467,
		0.288393,
		0,
		0.44017,
		0.479735,
		0.252504,
		1
	},
	[0.266666666667] = {
		-0.877468,
		-0.013212,
		0.479454,
		0,
		0.427449,
		-0.474991,
		0.769202,
		0,
		0.217574,
		0.879892,
		0.422436,
		0,
		0.444079,
		0.473351,
		0.191044,
		1
	},
	[0.275] = {
		-0.869905,
		0.00207,
		0.493215,
		0,
		0.412735,
		-0.544421,
		0.730243,
		0,
		0.270028,
		0.83881,
		0.47274,
		0,
		0.445439,
		0.470366,
		0.165484,
		1
	},
	[0.283333333333] = {
		-0.856153,
		0.004209,
		0.516705,
		0,
		0.411575,
		-0.59905,
		0.686837,
		0,
		0.312423,
		0.8007,
		0.511146,
		0,
		0.446985,
		0.466963,
		0.145436,
		1
	},
	[0.291666666667] = {
		-0.833715,
		-0.011771,
		0.552069,
		0,
		0.431479,
		-0.637789,
		0.638005,
		0,
		0.344594,
		0.770121,
		0.536813,
		0,
		0.44984,
		0.464469,
		0.133507,
		1
	},
	[0.2] = {
		-0.95132,
		-0.119017,
		0.284298,
		0,
		0.290721,
		-0.040261,
		0.95596,
		0,
		-0.10233,
		0.992076,
		0.072902,
		0,
		0.076233,
		0.646015,
		-0.035167,
		1
	},
	[0.308333333333] = {
		-0.76785,
		-0.075257,
		0.636194,
		0,
		0.499778,
		-0.69165,
		0.521385,
		0,
		0.400786,
		0.718301,
		0.568695,
		0,
		0.456936,
		0.459755,
		0.113776,
		1
	},
	[0.316666666667] = {
		-0.723791,
		-0.119071,
		0.679668,
		0,
		0.54107,
		-0.709215,
		0.451948,
		0,
		0.428217,
		0.694864,
		0.577749,
		0,
		0.461439,
		0.458226,
		0.103182,
		1
	},
	[0.325] = {
		-0.670586,
		-0.171062,
		0.72184,
		0,
		0.586049,
		-0.718741,
		0.374109,
		0,
		0.45482,
		0.673906,
		0.582229,
		0,
		0.466568,
		0.457398,
		0.092258,
		1
	},
	[0.333333333333] = {
		-0.606836,
		-0.229848,
		0.760868,
		0,
		0.632939,
		-0.718771,
		0.287675,
		0,
		0.480768,
		0.656154,
		0.581656,
		0,
		0.471655,
		0.457072,
		0.081581,
		1
	},
	[0.341666666667] = {
		-0.531987,
		-0.294591,
		0.793855,
		0,
		0.679318,
		-0.708163,
		0.19244,
		0,
		0.505488,
		0.641656,
		0.576854,
		0,
		0.47694,
		0.45765,
		0.070525,
		1
	},
	[0.358333333333] = {
		-0.347751,
		-0.432255,
		0.832001,
		0,
		0.759397,
		-0.650306,
		-0.020454,
		0,
		0.549896,
		0.624706,
		0.554398,
		0,
		0.486291,
		0.4607,
		0.049283,
		1
	},
	[0.35] = {
		-0.445432,
		-0.362629,
		0.81859,
		0,
		0.722446,
		-0.685624,
		0.08939,
		0,
		0.52883,
		0.631205,
		0.567379,
		0,
		0.481784,
		0.458694,
		0.059986,
		1
	},
	[0.366666666667] = {
		-0.240299,
		-0.499731,
		0.832181,
		0,
		0.786927,
		-0.602229,
		-0.134411,
		0,
		0.568333,
		0.622567,
		0.537966,
		0,
		0.490072,
		0.463112,
		0.0393,
		1
	},
	[0.375] = {
		-0.124837,
		-0.562614,
		0.81724,
		0,
		0.802744,
		-0.541359,
		-0.250066,
		0,
		0.583111,
		0.624817,
		0.519216,
		0,
		0.493121,
		0.466058,
		0.029806,
		1
	},
	[0.383333333333] = {
		-0.005808,
		-0.617513,
		0.786539,
		0,
		0.804217,
		-0.470346,
		-0.36333,
		0,
		0.594307,
		0.630438,
		0.499347,
		0,
		0.495214,
		0.469616,
		0.020881,
		1
	},
	[0.391666666667] = {
		0.115138,
		-0.661819,
		0.740769,
		0,
		0.791101,
		-0.389905,
		-0.47131,
		0,
		0.600752,
		0.640289,
		0.478673,
		0,
		0.496662,
		0.472744,
		0.013311,
		1
	},
	[0.3] = {
		-0.803756,
		-0.039854,
		0.593623,
		0,
		0.463808,
		-0.666889,
		0.583216,
		0,
		0.372637,
		0.744091,
		0.554501,
		0,
		0.452792,
		0.461706,
		0.124458,
		1
	},
	[0.408333333333] = {
		0.341581,
		-0.714066,
		0.61109,
		0,
		0.721524,
		-0.217419,
		-0.657367,
		0,
		0.602266,
		0.665461,
		0.44095,
		0,
		0.496831,
		0.479748,
		0.000418,
		1
	},
	[0.416666666667] = {
		0.441512,
		-0.722162,
		0.532493,
		0,
		0.668892,
		-0.130648,
		-0.731789,
		0,
		0.59804,
		0.679274,
		0.425366,
		0,
		0.495864,
		0.483254,
		-0.00505,
		1
	},
	[0.425] = {
		0.5298,
		-0.718496,
		0.450638,
		0,
		0.608289,
		-0.048355,
		-0.792241,
		0,
		0.591013,
		0.693848,
		0.411435,
		0,
		0.494673,
		0.485649,
		-0.008931,
		1
	},
	[0.433333333333] = {
		0.606025,
		-0.706116,
		0.366243,
		0,
		0.542013,
		0.029577,
		-0.83985,
		0,
		0.582199,
		0.707478,
		0.400648,
		0,
		0.493267,
		0.487972,
		-0.012873,
		1
	},
	[0.441666666667] = {
		0.668908,
		-0.686719,
		0.28457,
		0,
		0.473871,
		0.098984,
		-0.875013,
		0,
		0.57272,
		0.720152,
		0.391627,
		0,
		0.491594,
		0.489616,
		-0.015874,
		1
	},
	[0.458333333333] = {
		0.760153,
		-0.636021,
		0.13283,
		0,
		0.339777,
		0.214866,
		-0.915633,
		0,
		0.553821,
		0.741154,
		0.379437,
		0,
		0.488085,
		0.491897,
		-0.021842,
		1
	},
	[0.45] = {
		0.72027,
		-0.662455,
		0.205828,
		0,
		0.40552,
		0.161361,
		-0.899731,
		0,
		0.562819,
		0.731516,
		0.384862,
		0,
		0.48998,
		0.49089,
		-0.01895,
		1
	},
	[0.466666666667] = {
		0.790646,
		-0.608704,
		0.066022,
		0,
		0.277769,
		0.260503,
		-0.924653,
		0,
		0.545641,
		0.749412,
		0.375044,
		0,
		0.486238,
		0.492532,
		-0.024883,
		1
	},
	[0.475] = {
		0.812212,
		-0.583327,
		0.006406,
		0,
		0.221315,
		0.297956,
		-0.92857,
		0,
		0.539751,
		0.755613,
		0.371102,
		0,
		0.484058,
		0.493188,
		-0.028413,
		1
	},
	[0.483333333333] = {
		0.827741,
		-0.559148,
		-0.046895,
		0,
		0.169757,
		0.329206,
		-0.928874,
		0,
		0.534816,
		0.760906,
		0.367416,
		0,
		0.481736,
		0.493668,
		-0.032065,
		1
	},
	[0.491666666667] = {
		0.83835,
		-0.536708,
		-0.095466,
		0,
		0.122524,
		0.35616,
		-0.926357,
		0,
		0.531184,
		0.764915,
		0.364346,
		0,
		0.478594,
		0.494818,
		-0.036319,
		1
	},
	[0.4] = {
		0.231177,
		-0.69469,
		0.681148,
		0,
		0.762889,
		-0.305053,
		-0.570038,
		0,
		0.603786,
		0.65142,
		0.45945,
		0,
		0.496902,
		0.476827,
		0.005965,
		1
	},
	[0.508333333333] = {
		0.850966,
		-0.49242,
		-0.182703,
		0,
		0.036525,
		0.402499,
		-0.914692,
		0,
		0.52395,
		0.771698,
		0.360498,
		0,
		0.470228,
		0.498685,
		-0.045312,
		1
	},
	[0.516666666667] = {
		0.854171,
		-0.469774,
		-0.222947,
		0,
		-0.003552,
		0.423468,
		-0.905904,
		0,
		0.519981,
		0.774588,
		0.360046,
		0,
		0.464814,
		0.501665,
		-0.050079,
		1
	},
	[0.525] = {
		0.855619,
		-0.44695,
		-0.261058,
		0,
		-0.041795,
		0.443051,
		-0.895522,
		0,
		0.515915,
		0.777136,
		0.360403,
		0,
		0.458679,
		0.505232,
		-0.054998,
		1
	},
	[0.533333333333] = {
		0.855581,
		-0.423945,
		-0.297073,
		0,
		-0.078282,
		0.46131,
		-0.883779,
		0,
		0.511716,
		0.779399,
		0.361501,
		0,
		0.451915,
		0.509296,
		-0.06002,
		1
	},
	[0.541666666667] = {
		0.854232,
		-0.400753,
		-0.331186,
		0,
		-0.113185,
		0.478393,
		-0.870821,
		0,
		0.507422,
		0.781369,
		0.363299,
		0,
		0.444556,
		0.513822,
		-0.065132,
		1
	},
	[0.558333333333] = {
		0.848326,
		-0.353837,
		-0.393881,
		0,
		-0.178516,
		0.509211,
		-0.841924,
		0,
		0.498472,
		0.78454,
		0.368812,
		0,
		0.428351,
		0.523973,
		-0.075489,
		1
	},
	[0.55] = {
		0.851769,
		-0.377385,
		-0.363415,
		0,
		-0.146556,
		0.49433,
		-0.856831,
		0,
		0.503002,
		0.783082,
		0.365747,
		0,
		0.436685,
		0.51873,
		-0.070295,
		1
	},
	[0.566666666667] = {
		0.844061,
		-0.330137,
		-0.422576,
		0,
		-0.209086,
		0.523046,
		-0.826261,
		0,
		0.493806,
		0.785769,
		0.372455,
		0,
		0.419628,
		0.529479,
		-0.080679,
		1
	},
	[0.575] = {
		0.839089,
		-0.306297,
		-0.449569,
		0,
		-0.238343,
		0.535882,
		-0.809953,
		0,
		0.489002,
		0.786774,
		0.376649,
		0,
		0.410576,
		0.535194,
		-0.085841,
		1
	},
	[0.583333333333] = {
		0.833549,
		-0.28237,
		-0.47483,
		0,
		-0.266281,
		0.547715,
		-0.79316,
		0,
		0.484036,
		0.787575,
		0.381358,
		0,
		0.401263,
		0.541051,
		-0.090947,
		1
	},
	[0.591666666667] = {
		0.827552,
		-0.258387,
		-0.498391,
		0,
		-0.292943,
		0.558571,
		-0.776004,
		0,
		0.478896,
		0.788184,
		0.386554,
		0,
		0.391756,
		0.546991,
		-0.095971,
		1
	},
	[0.5] = {
		0.845752,
		-0.514872,
		-0.140038,
		0,
		0.078671,
		0.37991,
		-0.921672,
		0,
		0.527745,
		0.768488,
		0.361815,
		0,
		0.474903,
		0.496307,
		-0.040695,
		1
	},
	[0.608333333333] = {
		0.814716,
		-0.210564,
		-0.540278,
		0,
		-0.34236,
		0.577331,
		-0.741269,
		0,
		0.468003,
		0.788893,
		0.398272,
		0,
		0.372424,
		0.558872,
		-0.10567,
		1
	},
	[0.616666666667] = {
		0.808137,
		-0.186893,
		-0.558557,
		0,
		-0.365078,
		0.585239,
		-0.724026,
		0,
		0.462205,
		0.789029,
		0.404723,
		0,
		0.362733,
		0.564693,
		-0.110298,
		1
	},
	[0.625] = {
		0.801625,
		-0.163507,
		-0.575033,
		0,
		-0.386443,
		0.592174,
		-0.707101,
		0,
		0.456136,
		0.789047,
		0.411515,
		0,
		0.353117,
		0.570351,
		-0.114744,
		1
	},
	[0.633333333333] = {
		0.795331,
		-0.140545,
		-0.589657,
		0,
		-0.406391,
		0.598138,
		-0.690708,
		0,
		0.449772,
		0.788973,
		0.418601,
		0,
		0.34364,
		0.575793,
		-0.118992,
		1
	},
	[0.641666666667] = {
		0.789396,
		-0.118122,
		-0.602413,
		0,
		-0.424893,
		0.603145,
		-0.675042,
		0,
		0.44308,
		0.788836,
		0.425931,
		0,
		0.334373,
		0.580954,
		-0.123013,
		1
	},
	[0.658333333333] = {
		0.779217,
		-0.075514,
		-0.622189,
		0,
		-0.457295,
		0.610369,
		-0.646786,
		0,
		0.428606,
		0.78851,
		0.441077,
		0,
		0.316733,
		0.590227,
		-0.130308,
		1
	},
	[0.65] = {
		0.783975,
		-0.096399,
		-0.613262,
		0,
		-0.441877,
		0.607213,
		-0.660331,
		0,
		0.436036,
		0.788669,
		0.433444,
		0,
		0.325381,
		0.585787,
		-0.126795,
		1
	},
	[0.666666666667] = {
		0.775271,
		-0.055635,
		-0.629173,
		0,
		-0.471074,
		0.612642,
		-0.634633,
		0,
		0.420766,
		0.7884,
		0.448755,
		0,
		0.308498,
		0.594229,
		-0.133539,
		1
	},
	[0.675] = {
		0.772258,
		-0.037026,
		-0.634229,
		0,
		-0.48314,
		0.61403,
		-0.624133,
		0,
		0.412545,
		0.788413,
		0.456301,
		0,
		0.300865,
		0.597659,
		-0.136421,
		1
	},
	[0.683333333333] = {
		0.770388,
		-0.019528,
		-0.637277,
		0,
		-0.493445,
		0.6147,
		-0.61535,
		0,
		0.40375,
		0.788519,
		0.463921,
		0,
		0.293542,
		0.600696,
		-0.139061,
		1
	},
	[0.691666666667] = {
		0.76987,
		-0.003147,
		-0.638193,
		0,
		-0.501868,
		0.61475,
		-0.60845,
		0,
		0.394244,
		0.788716,
		0.471698,
		0,
		0.286359,
		0.603438,
		-0.141502,
		1
	},
	[0.6] = {
		0.821236,
		-0.234433,
		-0.520205,
		0,
		-0.318298,
		0.568439,
		-0.758659,
		0,
		0.473559,
		0.788618,
		0.392203,
		0,
		0.38212,
		0.552952,
		-0.100887,
		1
	},
	[0.708333333333] = {
		0.77295,
		0.027256,
		-0.633882,
		0,
		-0.513502,
		0.613668,
		-0.599773,
		0,
		0.372645,
		0.789094,
		0.48833,
		0,
		0.271461,
		0.608679,
		-0.146155,
		1
	},
	[0.716666666667] = {
		0.776471,
		0.041492,
		-0.628785,
		0,
		-0.516865,
		0.612739,
		-0.59783,
		0,
		0.360476,
		0.789195,
		0.49722,
		0,
		0.263568,
		0.611316,
		-0.148439,
		1
	},
	[0.725] = {
		0.781164,
		0.055101,
		-0.62189,
		0,
		-0.51871,
		0.611632,
		-0.597366,
		0,
		0.347452,
		0.789221,
		0.506367,
		0,
		0.255453,
		0.613936,
		-0.150685,
		1
	},
	[0.733333333333] = {
		0.786921,
		0.06811,
		-0.613283,
		0,
		-0.519105,
		0.610391,
		-0.598291,
		0,
		0.333593,
		0.789166,
		0.515686,
		0,
		0.247154,
		0.616534,
		-0.152892,
		1
	},
	[0.741666666667] = {
		0.793625,
		0.080548,
		-0.603052,
		0,
		-0.518114,
		0.609069,
		-0.600493,
		0,
		0.318932,
		0.789016,
		0.525105,
		0,
		0.238693,
		0.619106,
		-0.155066,
		1
	},
	[0.758333333333] = {
		0.809381,
		0.103806,
		-0.578036,
		0,
		-0.512194,
		0.606322,
		-0.608302,
		0,
		0.287331,
		0.788415,
		0.543914,
		0,
		0.22143,
		0.624153,
		-0.159313,
		1
	},
	[0.75] = {
		0.801153,
		0.092438,
		-0.591277,
		0,
		-0.515793,
		0.607699,
		-0.60387,
		0,
		0.303498,
		0.788769,
		0.534539,
		0,
		0.23011,
		0.621647,
		-0.157204,
		1
	},
	[0.766666666667] = {
		0.818181,
		0.11467,
		-0.56341,
		0,
		-0.507371,
		0.604961,
		-0.613674,
		0,
		0.270471,
		0.787955,
		0.553148,
		0,
		0.212693,
		0.62662,
		-0.161387,
		1
	},
	[0.775] = {
		0.827423,
		0.125052,
		-0.547479,
		0,
		-0.501376,
		0.603647,
		-0.619865,
		0,
		0.252969,
		0.787383,
		0.562169,
		0,
		0.203925,
		0.629043,
		-0.163436,
		1
	},
	[0.783333333333] = {
		0.836978,
		0.134966,
		-0.530332,
		0,
		-0.494267,
		0.602395,
		-0.626754,
		0,
		0.234879,
		0.786705,
		0.570901,
		0,
		0.195167,
		0.631419,
		-0.165449,
		1
	},
	[0.791666666667] = {
		0.846722,
		0.14443,
		-0.512056,
		0,
		-0.486099,
		0.601228,
		-0.634218,
		0,
		0.216263,
		0.785916,
		0.579281,
		0,
		0.186445,
		0.633744,
		-0.16744,
		1
	},
	[0.7] = {
		0.770705,
		0.01236,
		-0.637072,
		0,
		-0.508541,
		0.614348,
		-0.603293,
		0,
		0.383927,
		0.788939,
		0.479767,
		0,
		0.279109,
		0.606026,
		-0.143832,
		1
	},
	[0.808333333333] = {
		0.866287,
		0.162058,
		-0.472529,
		0,
		-0.466859,
		0.599192,
		-0.650393,
		0,
		0.177734,
		0.784032,
		0.594731,
		0,
		0.169258,
		0.63822,
		-0.171324,
		1
	},
	[0.816666666667] = {
		0.87588,
		0.170246,
		-0.451497,
		0,
		-0.455934,
		0.598343,
		-0.658871,
		0,
		0.15798,
		0.782945,
		0.601697,
		0,
		0.160861,
		0.640364,
		-0.173213,
		1
	},
	[0.825] = {
		0.885209,
		0.178031,
		-0.429779,
		0,
		-0.444249,
		0.597615,
		-0.667458,
		0,
		0.138014,
		0.781768,
		0.608104,
		0,
		0.152637,
		0.642441,
		-0.175075,
		1
	},
	[0.833333333333] = {
		0.894179,
		0.185424,
		-0.407506,
		0,
		-0.431898,
		0.597009,
		-0.676051,
		0,
		0.117929,
		0.780512,
		0.613917,
		0,
		0.144622,
		0.644446,
		-0.17689,
		1
	},
	[0.841666666667] = {
		0.90271,
		0.192434,
		-0.384816,
		0,
		-0.418981,
		0.596528,
		-0.68455,
		0,
		0.097823,
		0.779181,
		0.619118,
		0,
		0.136847,
		0.646375,
		-0.178671,
		1
	},
	[0.858333333333] = {
		0.918187,
		0.205345,
		-0.338772,
		0,
		-0.391885,
		0.595931,
		-0.700922,
		0,
		0.057954,
		0.776337,
		0.627648,
		0,
		0.122149,
		0.649988,
		-0.18208,
		1
	},
	[0.85] = {
		0.910732,
		0.199071,
		-0.361855,
		0,
		-0.405605,
		0.59617,
		-0.692868,
		0,
		0.077797,
		0.777787,
		0.623695,
		0,
		0.129346,
		0.648223,
		-0.180397,
		1
	},
	[0.866666666667] = {
		0.925032,
		0.211266,
		-0.315724,
		0,
		-0.377943,
		0.595808,
		-0.708641,
		0,
		0.038399,
		0.774842,
		0.630988,
		0,
		0.115289,
		0.651664,
		-0.183698,
		1
	},
	[0.875] = {
		0.931238,
		0.216846,
		-0.292872,
		0,
		-0.363904,
		0.595794,
		-0.715964,
		0,
		0.019237,
		0.77331,
		0.633737,
		0,
		0.108795,
		0.653248,
		-0.185261,
		1
	},
	[0.883333333333] = {
		0.936787,
		0.222097,
		-0.270376,
		0,
		-0.3499,
		0.595881,
		-0.722839,
		0,
		0.000571,
		0.77175,
		0.635925,
		0,
		0.102697,
		0.654735,
		-0.186748,
		1
	},
	[0.891666666667] = {
		0.941677,
		0.22703,
		-0.2484,
		0,
		-0.336064,
		0.596063,
		-0.729226,
		0,
		-0.017494,
		0.770173,
		0.637595,
		0,
		0.097025,
		0.656122,
		-0.188166,
		1
	},
	[0.8] = {
		0.85653,
		0.153456,
		-0.492754,
		0,
		-0.47694,
		0.600156,
		-0.642138,
		0,
		0.197189,
		0.785025,
		0.587241,
		0,
		0.177799,
		0.636012,
		-0.169394,
		1
	},
	[0.908333333333] = {
		0.949524,
		0.236,
		-0.20666,
		0,
		-0.30945,
		0.596672,
		-0.740421,
		0,
		-0.051431,
		0.766998,
		0.639585,
		0,
		0.087068,
		0.658573,
		-0.190745,
		1
	},
	[0.916666666667] = {
		0.952532,
		0.240066,
		-0.187217,
		0,
		-0.296948,
		0.597082,
		-0.745195,
		0,
		-0.067112,
		0.765416,
		0.640027,
		0,
		0.082838,
		0.659629,
		-0.191894,
		1
	},
	[0.925] = {
		0.954979,
		0.243873,
		-0.168939,
		0,
		-0.285169,
		0.597548,
		-0.74941,
		0,
		-0.081811,
		0.763847,
		0.640191,
		0,
		0.079143,
		0.660566,
		-0.192944,
		1
	},
	[0.933333333333] = {
		0.95691,
		0.247438,
		-0.151977,
		0,
		-0.274249,
		0.598061,
		-0.753067,
		0,
		-0.095446,
		0.762297,
		0.640151,
		0,
		0.076008,
		0.661379,
		-0.193885,
		1
	},
	[0.941666666667] = {
		0.958375,
		0.250779,
		-0.136482,
		0,
		-0.264326,
		0.598612,
		-0.756172,
		0,
		-0.107932,
		0.760772,
		0.639982,
		0,
		0.073461,
		0.662063,
		-0.194711,
		1
	},
	[0.958333333333] = {
		0.960083,
		0.25689,
		-0.11067,
		0,
		-0.248172,
		0.599787,
		-0.760701,
		0,
		-0.129038,
		0.757801,
		0.639599,
		0,
		0.070308,
		0.663007,
		-0.195979,
		1
	},
	[0.95] = {
		0.959425,
		0.253914,
		-0.1226,
		0,
		-0.255531,
		0.59919,
		-0.758732,
		0,
		-0.119192,
		0.759275,
		0.639761,
		0,
		0.071525,
		0.662614,
		-0.195419,
		1
	},
	[0.966666666667] = {
		0.960488,
		0.259639,
		-0.100249,
		0,
		-0.241857,
		0.600395,
		-0.762254,
		0,
		-0.137721,
		0.756382,
		0.639468,
		0,
		0.069591,
		0.663296,
		-0.196447,
		1
	},
	[0.975] = {
		0.960721,
		0.262123,
		-0.091139,
		0,
		-0.236406,
		0.601004,
		-0.763483,
		0,
		-0.145352,
		0.75504,
		0.639365,
		0,
		0.069246,
		0.663514,
		-0.196829,
		1
	},
	[0.983333333333] = {
		0.960868,
		0.264298,
		-0.082936,
		0,
		-0.231468,
		0.601611,
		-0.764517,
		0,
		-0.152165,
		0.753797,
		0.639246,
		0,
		0.069108,
		0.663701,
		-0.19717,
		1
	},
	[0.991666666667] = {
		0.961016,
		0.266093,
		-0.075117,
		0,
		-0.22658,
		0.602212,
		-0.765507,
		0,
		-0.15846,
		0.752685,
		0.639027,
		0,
		0.068944,
		0.663915,
		-0.197503,
		1
	},
	[0.9] = {
		0.945916,
		0.23166,
		-0.227107,
		0,
		-0.322534,
		0.59633,
		-0.735094,
		0,
		-0.034861,
		0.768586,
		0.638796,
		0,
		0.091805,
		0.657402,
		-0.189498,
		1
	},
	[1.00833333333] = {
		0.961292,
		0.268679,
		-0.061067,
		0,
		-0.217386,
		0.603389,
		-0.767245,
		0,
		-0.169296,
		0.750822,
		0.63844,
		0,
		0.068759,
		0.664363,
		-0.198112,
		1
	},
	[1.01666666667] = {
		0.961441,
		0.269496,
		-0.054803,
		0,
		-0.213069,
		0.603959,
		-0.768007,
		0,
		-0.173877,
		0.75007,
		0.638092,
		0,
		0.068733,
		0.664596,
		-0.198389,
		1
	},
	[1.025] = {
		0.961608,
		0.270012,
		-0.049022,
		0,
		-0.208931,
		0.604514,
		-0.768707,
		0,
		-0.177926,
		0.749437,
		0.63772,
		0,
		0.06875,
		0.664835,
		-0.198647,
		1
	},
	[1.03333333333] = {
		0.961801,
		0.270238,
		-0.043707,
		0,
		-0.204964,
		0.605054,
		-0.76935,
		0,
		-0.181463,
		0.74892,
		0.637331,
		0,
		0.068807,
		0.66508,
		-0.198888,
		1
	},
	[1.04166666667] = {
		0.962024,
		0.270187,
		-0.038843,
		0,
		-0.201165,
		0.605577,
		-0.769941,
		0,
		-0.184506,
		0.748516,
		0.636932,
		0,
		0.068902,
		0.665329,
		-0.199111,
		1
	},
	[1.05833333333] = {
		0.962578,
		0.269294,
		-0.030394,
		0,
		-0.19404,
		0.606567,
		-0.770989,
		0,
		-0.189187,
		0.748035,
		0.636123,
		0,
		0.069199,
		0.665842,
		-0.199507,
		1
	},
	[1.05] = {
		0.962282,
		0.269869,
		-0.034411,
		0,
		-0.197525,
		0.606081,
		-0.770486,
		0,
		-0.187074,
		0.748222,
		0.636527,
		0,
		0.069033,
		0.665583,
		-0.199318,
		1
	},
	[1.06666666667] = {
		0.962914,
		0.268475,
		-0.026777,
		0,
		-0.190703,
		0.607034,
		-0.771455,
		0,
		-0.190862,
		0.747951,
		0.635721,
		0,
		0.069397,
		0.666104,
		-0.199682,
		1
	},
	[1.075] = {
		0.963292,
		0.26742,
		-0.02354,
		0,
		-0.187506,
		0.607481,
		-0.771886,
		0,
		-0.192118,
		0.747966,
		0.635325,
		0,
		0.069627,
		0.66637,
		-0.19984,
		1
	},
	[1.08333333333] = {
		0.963713,
		0.266141,
		-0.02067,
		0,
		-0.184446,
		0.607908,
		-0.772287,
		0,
		-0.192971,
		0.748075,
		0.634937,
		0,
		0.069885,
		0.666639,
		-0.199985,
		1
	},
	[1.09166666667] = {
		0.964175,
		0.264646,
		-0.018149,
		0,
		-0.181514,
		0.608315,
		-0.772661,
		0,
		-0.193442,
		0.748275,
		0.634559,
		0,
		0.070172,
		0.66691,
		-0.200115,
		1
	},
	{
		0.961154,
		0.267549,
		-0.067833,
		0,
		-0.221888,
		0.602806,
		-0.766414,
		0,
		-0.164163,
		0.751693,
		0.638755,
		0,
		0.068828,
		0.664136,
		-0.197817,
		1
	},
	[1.10833333333] = {
		0.965222,
		0.261051,
		-0.014088,
		0,
		-0.176014,
		0.60907,
		-0.773338,
		0,
		-0.193301,
		0.748923,
		0.633837,
		0,
		0.070821,
		0.667459,
		-0.200335,
		1
	},
	[1.11666666667] = {
		0.965804,
		0.258969,
		-0.012516,
		0,
		-0.173434,
		0.609419,
		-0.773647,
		0,
		-0.192724,
		0.749362,
		0.633493,
		0,
		0.071181,
		0.667737,
		-0.200426,
		1
	},
	[1.125] = {
		0.966423,
		0.256711,
		-0.011228,
		0,
		-0.170959,
		0.609748,
		-0.773938,
		0,
		-0.191832,
		0.749871,
		0.633161,
		0,
		0.071562,
		0.668015,
		-0.200506,
		1
	},
	[1.13333333333] = {
		0.967075,
		0.254285,
		-0.010208,
		0,
		-0.168583,
		0.610059,
		-0.774215,
		0,
		-0.190644,
		0.750445,
		0.632841,
		0,
		0.071963,
		0.668294,
		-0.200575,
		1
	},
	[1.14166666667] = {
		0.967759,
		0.251701,
		-0.009441,
		0,
		-0.166299,
		0.610351,
		-0.774478,
		0,
		-0.189175,
		0.751078,
		0.63253,
		0,
		0.072383,
		0.668573,
		-0.200634,
		1
	},
	[1.15833333333] = {
		0.969207,
		0.246095,
		-0.008599,
		0,
		-0.161988,
		0.610885,
		-0.774971,
		0,
		-0.185464,
		0.752501,
		0.631938,
		0,
		0.073271,
		0.66913,
		-0.200724,
		1
	},
	[1.15] = {
		0.968471,
		0.248968,
		-0.00891,
		0,
		-0.164103,
		0.610626,
		-0.774729,
		0,
		-0.187443,
		0.751765,
		0.63223,
		0,
		0.072819,
		0.668851,
		-0.200683,
		1
	},
	[1.16666666667] = {
		0.969966,
		0.243092,
		-0.008493,
		0,
		-0.159948,
		0.611127,
		-0.775204,
		0,
		-0.183255,
		0.75328,
		0.631654,
		0,
		0.073737,
		0.669407,
		-0.200756,
		1
	},
	[1.175] = {
		0.970743,
		0.239967,
		-0.008576,
		0,
		-0.157977,
		0.611354,
		-0.775429,
		0,
		-0.180834,
		0.754097,
		0.631376,
		0,
		0.074215,
		0.669684,
		-0.200781,
		1
	},
	[1.18333333333] = {
		0.971535,
		0.23673,
		-0.008832,
		0,
		-0.156069,
		0.611565,
		-0.775648,
		0,
		-0.178218,
		0.754948,
		0.631104,
		0,
		0.074703,
		0.669959,
		-0.200799,
		1
	},
	[1.19166666667] = {
		0.972339,
		0.23339,
		-0.009246,
		0,
		-0.154219,
		0.611764,
		-0.775862,
		0,
		-0.175422,
		0.755827,
		0.630835,
		0,
		0.075202,
		0.670231,
		-0.200811,
		1
	},
	[1.1] = {
		0.964678,
		0.262946,
		-0.01596,
		0,
		-0.178705,
		0.608703,
		-0.773011,
		0,
		-0.193546,
		0.748559,
		0.634192,
		0,
		0.070484,
		0.667184,
		-0.200231,
		1
	},
	[1.20833333333] = {
		0.973969,
		0.22644,
		-0.010483,
		0,
		-0.150669,
		0.612121,
		-0.776278,
		0,
		-0.169363,
		0.75765,
		0.630304,
		0,
		0.076221,
		0.670769,
		-0.20082,
		1
	},
	[1.21666666667] = {
		0.974788,
		0.222848,
		-0.011274,
		0,
		-0.148956,
		0.612282,
		-0.776481,
		0,
		-0.166134,
		0.758584,
		0.630039,
		0,
		0.076738,
		0.671034,
		-0.200818,
		1
	},
	[1.225] = {
		0.975606,
		0.219192,
		-0.01216,
		0,
		-0.147277,
		0.612432,
		-0.776683,
		0,
		-0.162795,
		0.759528,
		0.629774,
		0,
		0.077259,
		0.671295,
		-0.200812,
		1
	},
	[1.23333333333] = {
		0.97642,
		0.21548,
		-0.013125,
		0,
		-0.145627,
		0.612572,
		-0.776884,
		0,
		-0.159363,
		0.760477,
		0.629507,
		0,
		0.077782,
		0.671553,
		-0.200804,
		1
	},
	[1.24166666667] = {
		0.977227,
		0.211722,
		-0.014152,
		0,
		-0.143999,
		0.612702,
		-0.777084,
		0,
		-0.155855,
		0.761426,
		0.629237,
		0,
		0.078305,
		0.671806,
		-0.200794,
		1
	},
	[1.25833333333] = {
		0.978812,
		0.20411,
		-0.016331,
		0,
		-0.140787,
		0.612939,
		-0.777486,
		0,
		-0.148683,
		0.763312,
		0.628688,
		0,
		0.079346,
		0.6723,
		-0.200769,
		1
	},
	[1.25] = {
		0.978025,
		0.207929,
		-0.015226,
		0,
		-0.142388,
		0.612824,
		-0.777285,
		0,
		-0.15229,
		0.762373,
		0.628964,
		0,
		0.078827,
		0.672055,
		-0.200782,
		1
	},
	[1.26666666667] = {
		0.979584,
		0.200275,
		-0.01745,
		0,
		-0.13919,
		0.613046,
		-0.777689,
		0,
		-0.145054,
		0.764241,
		0.628407,
		0,
		0.079862,
		0.672539,
		-0.200756,
		1
	},
	[1.275] = {
		0.980341,
		0.196435,
		-0.01857,
		0,
		-0.137594,
		0.613147,
		-0.777894,
		0,
		-0.141419,
		0.765156,
		0.628122,
		0,
		0.080371,
		0.672773,
		-0.200744,
		1
	},
	[1.28333333333] = {
		0.98108,
		0.192599,
		-0.019673,
		0,
		-0.13599,
		0.613242,
		-0.7781,
		0,
		-0.137797,
		0.766054,
		0.627832,
		0,
		0.080872,
		0.673002,
		-0.200732,
		1
	},
	[1.29166666667] = {
		0.981801,
		0.188778,
		-0.020743,
		0,
		-0.134374,
		0.613333,
		-0.77831,
		0,
		-0.134206,
		0.766932,
		0.627538,
		0,
		0.081365,
		0.673225,
		-0.200722,
		1
	},
	[1.2] = {
		0.973151,
		0.229957,
		-0.009802,
		0,
		-0.152421,
		0.611948,
		-0.776071,
		0,
		-0.172465,
		0.756729,
		0.630569,
		0,
		0.075708,
		0.670502,
		-0.200818,
		1
	},
	[1.30833333333] = {
		0.98318,
		0.181223,
		-0.022721,
		0,
		-0.131079,
		0.613502,
		-0.778738,
		0,
		-0.127186,
		0.768618,
		0.626937,
		0,
		0.082316,
		0.673652,
		-0.200708,
		1
	},
	[1.31666666667] = {
		0.983836,
		0.177509,
		-0.023597,
		0,
		-0.129389,
		0.613582,
		-0.778958,
		0,
		-0.123793,
		0.76942,
		0.626632,
		0,
		0.082771,
		0.673857,
		-0.200705,
		1
	},
	[1.325] = {
		0.98447,
		0.173852,
		-0.024376,
		0,
		-0.127663,
		0.61366,
		-0.779181,
		0,
		-0.120504,
		0.770192,
		0.626325,
		0,
		0.083211,
		0.674054,
		-0.200706,
		1
	},
	[1.33333333333] = {
		0.98508,
		0.170263,
		-0.025044,
		0,
		-0.125894,
		0.613737,
		-0.779409,
		0,
		-0.117335,
		0.770933,
		0.626015,
		0,
		0.083633,
		0.674244,
		-0.200712,
		1
	},
	[1.34166666667] = {
		0.985667,
		0.166753,
		-0.025582,
		0,
		-0.124078,
		0.613813,
		-0.77964,
		0,
		-0.114304,
		0.77164,
		0.625705,
		0,
		0.084036,
		0.674427,
		-0.200722,
		1
	},
	[1.35833333333] = {
		0.986768,
		0.160009,
		-0.026209,
		0,
		-0.120278,
		0.613964,
		-0.780116,
		0,
		-0.108734,
		0.772946,
		0.625085,
		0,
		0.084779,
		0.67477,
		-0.200758,
		1
	},
	[1.35] = {
		0.986229,
		0.163331,
		-0.025976,
		0,
		-0.122208,
		0.613888,
		-0.779876,
		0,
		-0.111432,
		0.772311,
		0.625395,
		0,
		0.084419,
		0.674603,
		-0.200737,
		1
	},
	[1.36666666667] = {
		0.987281,
		0.156798,
		-0.026267,
		0,
		-0.118282,
		0.614042,
		-0.78036,
		0,
		-0.10623,
		0.773542,
		0.624778,
		0,
		0.085116,
		0.67493,
		-0.200785,
		1
	},
	[1.375] = {
		0.987771,
		0.153708,
		-0.026131,
		0,
		-0.116215,
		0.614121,
		-0.780608,
		0,
		-0.103938,
		0.774099,
		0.624474,
		0,
		0.085427,
		0.675082,
		-0.20082,
		1
	},
	[1.38333333333] = {
		0.988235,
		0.150751,
		-0.025787,
		0,
		-0.11407,
		0.614204,
		-0.78086,
		0,
		-0.101877,
		0.774615,
		0.624174,
		0,
		0.08571,
		0.675225,
		-0.200861,
		1
	},
	[1.39166666667] = {
		0.988675,
		0.147937,
		-0.025219,
		0,
		-0.111842,
		0.61429,
		-0.781114,
		0,
		-0.100064,
		0.775089,
		0.623878,
		0,
		0.085964,
		0.675361,
		-0.20091,
		1
	},
	[1.3] = {
		0.982501,
		0.184983,
		-0.021764,
		0,
		-0.132739,
		0.613419,
		-0.778522,
		0,
		-0.130663,
		0.767788,
		0.627239,
		0,
		0.081846,
		0.673442,
		-0.200713,
		1
	},
	[1.40833333333] = {
		0.989474,
		0.142829,
		-0.023275,
		0,
		-0.107085,
		0.614479,
		-0.781632,
		0,
		-0.097338,
		0.775897,
		0.623306,
		0,
		0.08637,
		0.675601,
		-0.201035,
		1
	},
	[1.41666666667] = {
		0.989841,
		0.140463,
		-0.022011,
		0,
		-0.104599,
		0.614579,
		-0.78189,
		0,
		-0.096299,
		0.776249,
		0.623028,
		0,
		0.086536,
		0.675713,
		-0.201109,
		1
	},
	[1.4] = {
		0.98909,
		0.145277,
		-0.02441,
		0,
		-0.109524,
		0.61438,
		-0.781371,
		0,
		-0.098518,
		0.77552,
		0.623589,
		0,
		0.086188,
		0.675487,
		-0.200968,
		1
	}
}

return spline_matrices
