local spline_matrices = {
	[0] = {
		0.989841,
		0.140463,
		-0.022011,
		0,
		-0.104599,
		0.614579,
		-0.78189,
		0,
		-0.096299,
		0.776249,
		0.623028,
		0,
		0.08636,
		0.676995,
		-0.200604,
		1
	},
	{
		0.868883,
		0.228524,
		-0.439112,
		0,
		-0.493944,
		0.341838,
		-0.799479,
		0,
		-0.032595,
		0.91155,
		0.409895,
		0,
		-0.035717,
		0.616702,
		-0.18918,
		1
	},
	[0.00833333333333] = {
		0.973378,
		0.170898,
		-0.152739,
		0,
		-0.225895,
		0.602427,
		-0.765541,
		0,
		-0.038815,
		0.779664,
		0.624994,
		0,
		0.088239,
		0.669622,
		-0.185521,
		1
	},
	[0.0166666666667] = {
		0.937424,
		0.201018,
		-0.284302,
		0,
		-0.347655,
		0.585554,
		-0.732299,
		0,
		0.019269,
		0.785314,
		0.618797,
		0,
		0.08933,
		0.66234,
		-0.168712,
		1
	},
	[0.025] = {
		0.876259,
		0.232016,
		-0.422303,
		0,
		-0.475739,
		0.555629,
		-0.681871,
		0,
		0.076439,
		0.798401,
		0.597254,
		0,
		0.09072,
		0.654559,
		-0.152553,
		1
	},
	[0.0333333333333] = {
		0.791595,
		0.259614,
		-0.553153,
		0,
		-0.597197,
		0.520339,
		-0.610412,
		0,
		0.129355,
		0.813541,
		0.566938,
		0,
		0.094105,
		0.647267,
		-0.136898,
		1
	},
	[0.0416666666667] = {
		0.687154,
		0.279319,
		-0.670671,
		0,
		-0.704167,
		0.483247,
		-0.520213,
		0,
		0.178794,
		0.829731,
		0.528752,
		0,
		0.097225,
		0.639833,
		-0.120861,
		1
	},
	[0.0583333333333] = {
		0.451036,
		0.301323,
		-0.840102,
		0,
		-0.851819,
		0.426298,
		-0.304424,
		0,
		0.266404,
		0.852921,
		0.448949,
		0,
		0.109477,
		0.626671,
		-0.090784,
		1
	},
	[0.05] = {
		0.570285,
		0.29347,
		-0.767236,
		0,
		-0.790518,
		0.449949,
		-0.415484,
		0,
		0.223285,
		0.843458,
		0.488593,
		0,
		0.103236,
		0.633051,
		-0.105833,
		1
	},
	[0.0666666666667] = {
		0.338631,
		0.307479,
		-0.889261,
		0,
		-0.88822,
		0.416314,
		-0.194286,
		0,
		0.310473,
		0.855651,
		0.414086,
		0,
		0.117976,
		0.620289,
		-0.076614,
		1
	},
	[0.075] = {
		0.244068,
		0.31529,
		-0.917073,
		0,
		-0.901065,
		0.423314,
		-0.094273,
		0,
		0.358487,
		0.849351,
		0.387414,
		0,
		0.127843,
		0.615219,
		-0.062886,
		1
	},
	[0.0833333333333] = {
		0.171991,
		0.327517,
		-0.92906,
		0,
		-0.891097,
		0.453785,
		-0.004993,
		0,
		0.419958,
		0.828741,
		0.369896,
		0,
		0.138892,
		0.608396,
		-0.049362,
		1
	},
	[0.0916666666667] = {
		0.128947,
		0.349404,
		-0.928057,
		0,
		-0.854345,
		0.514279,
		0.074916,
		0,
		0.503456,
		0.78322,
		0.364826,
		0,
		0.155837,
		0.601929,
		-0.034632,
		1
	},
	[0.108333333333] = {
		0.120008,
		0.408174,
		-0.904982,
		0,
		-0.694186,
		0.686171,
		0.217428,
		0,
		0.709721,
		0.602133,
		0.365695,
		0,
		0.194112,
		0.582634,
		-0.002484,
		1
	},
	[0.116666666667] = {
		0.147592,
		0.437443,
		-0.887051,
		0,
		-0.572644,
		0.769051,
		0.283972,
		0,
		0.806409,
		0.466052,
		0.364005,
		0,
		0.217334,
		0.572799,
		0.014797,
		1
	},
	[0.125] = {
		0.192735,
		0.456943,
		-0.868364,
		0,
		-0.435301,
		0.832927,
		0.34168,
		0,
		0.879412,
		0.312147,
		0.359442,
		0,
		0.234465,
		0.559529,
		0.028713,
		1
	},
	[0.133333333333] = {
		0.245563,
		0.468008,
		-0.848921,
		0,
		-0.300198,
		0.869399,
		0.392461,
		0,
		0.921727,
		0.15847,
		0.353988,
		0,
		0.252915,
		0.547318,
		0.040594,
		1
	},
	[0.141666666667] = {
		0.293569,
		0.467889,
		-0.833605,
		0,
		-0.194103,
		0.883039,
		0.427279,
		0,
		0.936024,
		0.036369,
		0.350052,
		0,
		0.263405,
		0.537487,
		0.048104,
		1
	},
	[0.158333333333] = {
		0.413157,
		0.453773,
		-0.789551,
		0,
		0.042715,
		0.8564,
		0.514544,
		0,
		0.909657,
		-0.246313,
		0.334445,
		0,
		0.270953,
		0.560472,
		0.083221,
		1
	},
	[0.15] = {
		0.347485,
		0.461163,
		-0.816445,
		0,
		-0.101484,
		0.884084,
		0.456176,
		0,
		0.932178,
		-0.075658,
		0.354007,
		0,
		0.266837,
		0.527448,
		0.051682,
		1
	},
	[0.166666666667] = {
		0.48735,
		0.438475,
		-0.755136,
		0,
		0.063979,
		0.84453,
		0.531673,
		0,
		0.87086,
		-0.307424,
		0.383529,
		0,
		0.270848,
		0.504173,
		0.064642,
		1
	},
	[0.175] = {
		0.578561,
		0.406798,
		-0.706953,
		0,
		-0.255523,
		0.913515,
		0.316542,
		0,
		0.774581,
		-0.002497,
		0.63247,
		0,
		0.294663,
		0.122077,
		-0.108396,
		1
	},
	[0.183333333333] = {
		0.65708,
		0.367115,
		-0.658386,
		0,
		-0.509129,
		0.86022,
		-0.028461,
		0,
		0.555908,
		0.353905,
		0.752142,
		0,
		0.404837,
		-0.245046,
		-0.18154,
		1
	},
	[0.191666666667] = {
		0.707636,
		0.320922,
		-0.629492,
		0,
		-0.551712,
		0.807553,
		-0.208501,
		0,
		0.441436,
		0.494842,
		0.748509,
		0,
		0.434571,
		-0.322773,
		-0.164762,
		1
	},
	[0.1] = {
		0.11195,
		0.376401,
		-0.919668,
		0,
		-0.790795,
		0.594186,
		0.146926,
		0,
		0.601756,
		0.71082,
		0.364175,
		0,
		0.173366,
		0.59401,
		-0.018309,
		1
	},
	[0.208333333333] = {
		0.778686,
		0.207722,
		-0.59203,
		0,
		-0.496946,
		0.78022,
		-0.379871,
		0,
		0.383006,
		0.590007,
		0.710773,
		0,
		0.356919,
		-0.186805,
		-0.114947,
		1
	},
	[0.216666666667] = {
		0.798563,
		0.156373,
		-0.581244,
		0,
		-0.456574,
		0.786619,
		-0.415656,
		0,
		0.39222,
		0.597309,
		0.699561,
		0,
		0.286162,
		-0.043444,
		-0.099895,
		1
	},
	[0.225] = {
		0.809279,
		0.119518,
		-0.575138,
		0,
		-0.4332,
		0.782695,
		-0.446907,
		0,
		0.396744,
		0.610822,
		0.685194,
		0,
		0.217783,
		0.105143,
		-0.084794,
		1
	},
	[0.233333333333] = {
		0.812539,
		0.105424,
		-0.573294,
		0,
		-0.444531,
		0.74826,
		-0.492443,
		0,
		0.377058,
		0.654976,
		0.654854,
		0,
		0.166987,
		0.225486,
		-0.059448,
		1
	},
	[0.241666666667] = {
		0.779473,
		0.115647,
		-0.615668,
		0,
		-0.573131,
		0.528379,
		-0.626368,
		0,
		0.252869,
		0.841095,
		0.478138,
		0,
		0.173431,
		0.409267,
		-0.044499,
		1
	},
	[0.258333333333] = {
		0.606452,
		0.077977,
		-0.791287,
		0,
		-0.793115,
		-0.011296,
		-0.608967,
		0,
		-0.056424,
		0.996891,
		0.054995,
		0,
		-0.06405,
		0.63669,
		-0.207579,
		1
	},
	[0.25] = {
		0.729485,
		0.058484,
		-0.681492,
		0,
		-0.680631,
		0.160784,
		-0.714766,
		0,
		0.06777,
		0.985255,
		0.157096,
		0,
		0.020533,
		0.607645,
		-0.129425,
		1
	},
	[0.266666666667] = {
		0.659507,
		0.050274,
		-0.750015,
		0,
		-0.741034,
		-0.123987,
		-0.659921,
		0,
		-0.126169,
		0.991009,
		-0.044516,
		0,
		-0.146426,
		0.592894,
		-0.208893,
		1
	},
	[0.275] = {
		0.659816,
		0.055861,
		-0.749348,
		0,
		-0.718837,
		-0.243581,
		-0.651108,
		0,
		-0.218898,
		0.968271,
		-0.120564,
		0,
		-0.178995,
		0.574833,
		-0.220182,
		1
	},
	[0.283333333333] = {
		0.641476,
		0.075876,
		-0.763381,
		0,
		-0.699137,
		-0.351789,
		-0.622457,
		0,
		-0.315779,
		0.932999,
		-0.172617,
		0,
		-0.1916,
		0.569698,
		-0.234546,
		1
	},
	[0.291666666667] = {
		0.619563,
		0.104612,
		-0.777945,
		0,
		-0.675934,
		-0.432761,
		-0.596516,
		0,
		-0.399067,
		0.895419,
		-0.197412,
		0,
		-0.203446,
		0.562478,
		-0.239006,
		1
	},
	[0.2] = {
		0.748427,
		0.265265,
		-0.607859,
		0,
		-0.535796,
		0.781995,
		-0.318444,
		0,
		0.39087,
		0.56402,
		0.727394,
		0,
		0.413069,
		-0.291096,
		-0.136789,
		1
	},
	[0.308333333333] = {
		0.572042,
		0.160576,
		-0.804353,
		0,
		-0.628667,
		-0.544032,
		-0.555704,
		0,
		-0.526826,
		0.823556,
		-0.210261,
		0,
		-0.214043,
		0.551784,
		-0.241098,
		1
	},
	[0.316666666667] = {
		0.553149,
		0.180716,
		-0.813245,
		0,
		-0.60671,
		-0.581585,
		-0.541906,
		0,
		-0.570902,
		0.793159,
		-0.212061,
		0,
		-0.215309,
		0.547267,
		-0.240314,
		1
	},
	[0.325] = {
		0.541535,
		0.193426,
		-0.818123,
		0,
		-0.585178,
		-0.611973,
		-0.53203,
		0,
		-0.603578,
		0.766861,
		-0.218216,
		0,
		-0.216396,
		0.543071,
		-0.240227,
		1
	},
	[0.333333333333] = {
		0.532941,
		0.203007,
		-0.821439,
		0,
		-0.56515,
		-0.637109,
		-0.524116,
		0,
		-0.629745,
		0.743559,
		-0.224813,
		0,
		-0.216757,
		0.538781,
		-0.239826,
		1
	},
	[0.341666666667] = {
		0.523706,
		0.213162,
		-0.8248,
		0,
		-0.5458,
		-0.659422,
		-0.516977,
		0,
		-0.654091,
		0.72092,
		-0.228999,
		0,
		-0.217242,
		0.534895,
		-0.239316,
		1
	},
	[0.358333333333] = {
		0.507147,
		0.232008,
		-0.830045,
		0,
		-0.510884,
		-0.694717,
		-0.506325,
		0,
		-0.694118,
		0.680838,
		-0.233795,
		0,
		-0.217847,
		0.527759,
		-0.237837,
		1
	},
	[0.35] = {
		0.515095,
		0.222792,
		-0.827672,
		0,
		-0.527672,
		-0.678529,
		-0.511039,
		0,
		-0.675455,
		0.699973,
		-0.231946,
		0,
		-0.217588,
		0.531201,
		-0.238639,
		1
	},
	[0.366666666667] = {
		0.499867,
		0.240877,
		-0.831933,
		0,
		-0.495534,
		-0.708257,
		-0.50281,
		0,
		-0.710337,
		0.663589,
		-0.234672,
		0,
		-0.218011,
		0.524509,
		-0.236901,
		1
	},
	[0.375] = {
		0.493269,
		0.249488,
		-0.833332,
		0,
		-0.481662,
		-0.719389,
		-0.500482,
		0,
		-0.724353,
		0.648256,
		-0.234683,
		0,
		-0.218125,
		0.52149,
		-0.235868,
		1
	},
	[0.383333333333] = {
		0.487352,
		0.25789,
		-0.834254,
		0,
		-0.4693,
		-0.728326,
		-0.499299,
		0,
		-0.736373,
		0.63485,
		-0.233924,
		0,
		-0.218176,
		0.518658,
		-0.234729,
		1
	},
	[0.391666666667] = {
		0.482117,
		0.266149,
		-0.834702,
		0,
		-0.458436,
		-0.735259,
		-0.49923,
		0,
		-0.746592,
		0.623345,
		-0.232469,
		0,
		-0.218202,
		0.516034,
		-0.233515,
		1
	},
	[0.3] = {
		0.594295,
		0.135728,
		-0.792711,
		0,
		-0.652061,
		-0.49565,
		-0.573714,
		0,
		-0.470776,
		0.857851,
		-0.20606,
		0,
		-0.210552,
		0.55635,
		-0.240882,
		1
	},
	[0.408333333333] = {
		0.473665,
		0.28238,
		-0.834208,
		0,
		-0.441125,
		-0.743754,
		-0.502234,
		0,
		-0.762266,
		0.605881,
		-0.227725,
		0,
		-0.218161,
		0.511329,
		-0.230861,
		1
	},
	[0.416666666667] = {
		0.470433,
		0.290417,
		-0.833277,
		0,
		-0.434593,
		-0.745584,
		-0.505206,
		0,
		-0.767998,
		0.599802,
		-0.224534,
		0,
		-0.21811,
		0.509235,
		-0.229441,
		1
	},
	[0.425] = {
		0.46785,
		0.298436,
		-0.831897,
		0,
		-0.429397,
		-0.745952,
		-0.509092,
		0,
		-0.772486,
		0.595393,
		-0.220846,
		0,
		-0.218053,
		0.507313,
		-0.227976,
		1
	},
	[0.433333333333] = {
		0.465905,
		0.306443,
		-0.830075,
		0,
		-0.425478,
		-0.744948,
		-0.513829,
		0,
		-0.775823,
		0.592574,
		-0.216691,
		0,
		-0.21798,
		0.505545,
		-0.226464,
		1
	},
	[0.441666666667] = {
		0.464587,
		0.314456,
		-0.827814,
		0,
		-0.422757,
		-0.742654,
		-0.519367,
		0,
		-0.778098,
		0.591255,
		-0.212089,
		0,
		-0.217904,
		0.503935,
		-0.22492,
		1
	},
	[0.458333333333] = {
		0.463778,
		0.33049,
		-0.822001,
		0,
		-0.420604,
		-0.734459,
		-0.5326,
		0,
		-0.779745,
		0.592745,
		-0.201621,
		0,
		-0.217721,
		0.501145,
		-0.221746,
		1
	},
	[0.45] = {
		0.463882,
		0.32247,
		-0.825122,
		0,
		-0.421161,
		-0.739137,
		-0.525642,
		0,
		-0.779382,
		0.591345,
		-0.207061,
		0,
		-0.217814,
		0.502468,
		-0.223344,
		1
	},
	[0.466666666667] = {
		0.46426,
		0.338507,
		-0.818459,
		0,
		-0.421004,
		-0.728671,
		-0.54018,
		0,
		-0.779242,
		0.595358,
		-0.19578,
		0,
		-0.217615,
		0.499957,
		-0.22013,
		1
	},
	[0.475] = {
		0.465313,
		0.346515,
		-0.814501,
		0,
		-0.422269,
		-0.721824,
		-0.548324,
		0,
		-0.777929,
		0.599081,
		-0.189551,
		0,
		-0.217501,
		0.498901,
		-0.218503,
		1
	},
	[0.483333333333] = {
		0.466919,
		0.354501,
		-0.810133,
		0,
		-0.424312,
		-0.713963,
		-0.55697,
		0,
		-0.775852,
		0.603809,
		-0.182944,
		0,
		-0.217373,
		0.49797,
		-0.216871,
		1
	},
	[0.491666666667] = {
		0.469062,
		0.362452,
		-0.805363,
		0,
		-0.427039,
		-0.705133,
		-0.566061,
		0,
		-0.773058,
		0.609439,
		-0.17597,
		0,
		-0.217232,
		0.497161,
		-0.215238,
		1
	},
	[0.4] = {
		0.477557,
		0.274297,
		-0.834686,
		0,
		-0.44906,
		-0.740354,
		-0.500222,
		0,
		-0.755172,
		0.613708,
		-0.230385,
		0,
		-0.218188,
		0.513587,
		-0.232217,
		1
	},
	[0.508333333333] = {
		0.474874,
		0.378184,
		-0.794652,
		0,
		-0.434173,
		-0.684746,
		-0.585335,
		0,
		-0.765499,
		0.622977,
		-0.16097,
		0,
		-0.216898,
		0.495885,
		-0.211998,
		1
	},
	[0.516666666667] = {
		0.478498,
		0.385931,
		-0.788732,
		0,
		-0.438392,
		-0.673284,
		-0.5954,
		0,
		-0.760823,
		0.630671,
		-0.152976,
		0,
		-0.216701,
		0.495409,
		-0.210404,
		1
	},
	[0.525] = {
		0.482569,
		0.393573,
		-0.78245,
		0,
		-0.442921,
		-0.661044,
		-0.605674,
		0,
		-0.755611,
		0.638843,
		-0.144677,
		0,
		-0.21648,
		0.495033,
		-0.208832,
		1
	},
	[0.533333333333] = {
		0.487055,
		0.401095,
		-0.775822,
		0,
		-0.447668,
		-0.648086,
		-0.616099,
		0,
		-0.749914,
		0.647385,
		-0.136096,
		0,
		-0.216233,
		0.494754,
		-0.207294,
		1
	},
	[0.541666666667] = {
		0.491931,
		0.408479,
		-0.768862,
		0,
		-0.452541,
		-0.634469,
		-0.626622,
		0,
		-0.743781,
		0.656197,
		-0.127262,
		0,
		-0.215959,
		0.494562,
		-0.20579,
		1
	},
	[0.558333333333] = {
		0.502709,
		0.422774,
		-0.75402,
		0,
		-0.462315,
		-0.605543,
		-0.647752,
		0,
		-0.730444,
		0.674226,
		-0.108957,
		0,
		-0.215323,
		0.494429,
		-0.20293,
		1
	},
	[0.55] = {
		0.497159,
		0.41571,
		-0.761589,
		0,
		-0.457452,
		-0.620264,
		-0.63719,
		0,
		-0.737272,
		0.665175,
		-0.118203,
		0,
		-0.215657,
		0.494458,
		-0.204336,
		1
	},
	[0.566666666667] = {
		0.508539,
		0.429662,
		-0.746176,
		0,
		-0.467047,
		-0.590388,
		-0.658262,
		0,
		-0.723364,
		0.683251,
		-0.099563,
		0,
		-0.214958,
		0.494478,
		-0.201588,
		1
	},
	[0.575] = {
		0.514614,
		0.436363,
		-0.738078,
		0,
		-0.47157,
		-0.574886,
		-0.668676,
		0,
		-0.716097,
		0.692166,
		-0.090068,
		0,
		-0.214559,
		0.494588,
		-0.20031,
		1
	},
	[0.583333333333] = {
		0.520886,
		0.442878,
		-0.729751,
		0,
		-0.475808,
		-0.559131,
		-0.678955,
		0,
		-0.70872,
		0.70088,
		-0.080519,
		0,
		-0.214129,
		0.494765,
		-0.199114,
		1
	},
	[0.591666666667] = {
		0.527318,
		0.449198,
		-0.721219,
		0,
		-0.479693,
		-0.54322,
		-0.689062,
		0,
		-0.701306,
		0.709319,
		-0.070973,
		0,
		-0.213664,
		0.494992,
		-0.197999,
		1
	},
	[0.5] = {
		0.47172,
		0.370352,
		-0.8002,
		0,
		-0.430358,
		-0.695379,
		-0.575535,
		0,
		-0.769593,
		0.615863,
		-0.16864,
		0,
		-0.217074,
		0.496468,
		-0.213613,
		1
	},
	[0.608333333333] = {
		0.540466,
		0.461287,
		-0.703641,
		0,
		-0.486145,
		-0.511361,
		-0.708641,
		0,
		-0.686702,
		0.725068,
		-0.052121,
		0,
		-0.21264,
		0.495592,
		-0.19607,
		1
	},
	[0.616666666667] = {
		0.547085,
		0.467075,
		-0.69465,
		0,
		-0.488598,
		-0.495636,
		-0.718065,
		0,
		-0.679684,
		0.732247,
		-0.042944,
		0,
		-0.21208,
		0.495953,
		-0.195276,
		1
	},
	[0.625] = {
		0.553673,
		0.472706,
		-0.685562,
		0,
		-0.490468,
		-0.480203,
		-0.727218,
		0,
		-0.672969,
		0.738887,
		-0.034028,
		0,
		-0.211492,
		0.496341,
		-0.194603,
		1
	},
	[0.633333333333] = {
		0.560172,
		0.478208,
		-0.676405,
		0,
		-0.491709,
		-0.465181,
		-0.73609,
		0,
		-0.666655,
		0.744932,
		-0.025442,
		0,
		-0.210875,
		0.496759,
		-0.194072,
		1
	},
	[0.641666666667] = {
		0.566536,
		0.483598,
		-0.66721,
		0,
		-0.492283,
		-0.450693,
		-0.744669,
		0,
		-0.660828,
		0.750339,
		-0.017267,
		0,
		-0.210233,
		0.497193,
		-0.193685,
		1
	},
	[0.658333333333] = {
		0.578444,
		0.494168,
		-0.648999,
		0,
		-0.491249,
		-0.424123,
		-0.760785,
		0,
		-0.651211,
		0.758892,
		-0.002572,
		0,
		-0.208908,
		0.498081,
		-0.19343,
		1
	},
	[0.65] = {
		0.572708,
		0.488912,
		-0.658005,
		0,
		-0.492152,
		-0.436862,
		-0.752953,
		0,
		-0.655585,
		0.75506,
		-0.009576,
		0,
		-0.209565,
		0.497645,
		-0.193462,
		1
	},
	[0.666666666667] = {
		0.584269,
		0.499428,
		-0.639689,
		0,
		-0.489643,
		-0.411664,
		-0.768623,
		0,
		-0.647209,
		0.762302,
		0.004019,
		0,
		-0.208168,
		0.498567,
		-0.193539,
		1
	},
	[0.675] = {
		0.590484,
		0.50479,
		-0.629695,
		0,
		-0.487281,
		-0.398976,
		-0.776773,
		0,
		-0.64334,
		0.76551,
		0.010386,
		0,
		-0.207247,
		0.499213,
		-0.193822,
		1
	},
	[0.683333333333] = {
		0.597378,
		0.510149,
		-0.618779,
		0,
		-0.484291,
		-0.385526,
		-0.785387,
		0,
		-0.63922,
		0.768841,
		0.016756,
		0,
		-0.206108,
		0.50003,
		-0.194199,
		1
	},
	[0.691666666667] = {
		0.605399,
		0.515485,
		-0.606438,
		0,
		-0.48071,
		-0.370457,
		-0.794783,
		0,
		-0.634357,
		0.772682,
		0.023525,
		0,
		-0.204632,
		0.501145,
		-0.194664,
		1
	},
	[0.6] = {
		0.533859,
		0.455335,
		-0.712506,
		0,
		-0.483158,
		-0.527261,
		-0.698967,
		0,
		-0.69394,
		0.717403,
		-0.061484,
		0,
		-0.213168,
		0.495273,
		-0.196984,
		1
	},
	[0.708333333333] = {
		0.623792,
		0.525517,
		-0.578546,
		0,
		-0.471956,
		-0.336768,
		-0.814767,
		0,
		-0.62301,
		0.781293,
		0.037948,
		0,
		-0.200847,
		0.504085,
		-0.195793,
		1
	},
	[0.716666666667] = {
		0.633934,
		0.529994,
		-0.563236,
		0,
		-0.466876,
		-0.318345,
		-0.825035,
		0,
		-0.616567,
		0.785979,
		0.045632,
		0,
		-0.198563,
		0.505884,
		-0.196432,
		1
	},
	[0.725] = {
		0.644569,
		0.533965,
		-0.547186,
		0,
		-0.461399,
		-0.299001,
		-0.83529,
		0,
		-0.609624,
		0.790873,
		0.053644,
		0,
		-0.196047,
		0.507878,
		-0.197099,
		1
	},
	[0.733333333333] = {
		0.655571,
		0.53735,
		-0.530548,
		0,
		-0.455588,
		-0.278862,
		-0.845385,
		0,
		-0.602217,
		0.795921,
		0.061996,
		0,
		-0.193296,
		0.510064,
		-0.197786,
		1
	},
	[0.741666666667] = {
		0.666856,
		0.540052,
		-0.513466,
		0,
		-0.449512,
		-0.258037,
		-0.855194,
		0,
		-0.594342,
		0.8011,
		0.070686,
		0,
		-0.190344,
		0.512414,
		-0.198473,
		1
	},
	[0.758333333333] = {
		0.689845,
		0.543165,
		-0.478629,
		0,
		-0.436877,
		-0.214848,
		-0.873486,
		0,
		-0.57728,
		0.811672,
		0.089084,
		0,
		-0.183855,
		0.517569,
		-0.199815,
		1
	},
	[0.75] = {
		0.678306,
		0.542017,
		-0.496104,
		0,
		-0.443246,
		-0.236658,
		-0.864596,
		0,
		-0.586032,
		0.806357,
		0.07972,
		0,
		-0.187185,
		0.514926,
		-0.199157,
		1
	},
	[0.766666666667] = {
		0.70137,
		0.543474,
		-0.461212,
		0,
		-0.430494,
		-0.192741,
		-0.881774,
		0,
		-0.568115,
		0.816999,
		0.098779,
		0,
		-0.18035,
		0.520343,
		-0.200449,
		1
	},
	[0.775] = {
		0.712814,
		0.542886,
		-0.444038,
		0,
		-0.424198,
		-0.170468,
		-0.88938,
		0,
		-0.558527,
		0.822323,
		0.108779,
		0,
		-0.176704,
		0.523216,
		-0.201032,
		1
	},
	[0.783333333333] = {
		0.724091,
		0.541406,
		-0.427284,
		0,
		-0.418092,
		-0.148157,
		-0.896241,
		0,
		-0.548536,
		0.827604,
		0.119079,
		0,
		-0.172916,
		0.526187,
		-0.201571,
		1
	},
	[0.791666666667] = {
		0.735141,
		0.539004,
		-0.411147,
		0,
		-0.412293,
		-0.125946,
		-0.902304,
		0,
		-0.538128,
		0.832834,
		0.129639,
		0,
		-0.16902,
		0.529222,
		-0.20204,
		1
	},
	[0.7] = {
		0.614238,
		0.520647,
		-0.592991,
		0,
		-0.476584,
		-0.354177,
		-0.804628,
		0,
		-0.628951,
		0.776843,
		0.030583,
		0,
		-0.20287,
		0.502503,
		-0.195201,
		1
	},
	[0.808333333333] = {
		0.756304,
		0.531507,
		-0.381451,
		0,
		-0.402081,
		-0.08231,
		-0.911897,
		0,
		-0.516077,
		0.843045,
		0.151458,
		0,
		-0.160936,
		0.53545,
		-0.202769,
		1
	},
	[0.816666666667] = {
		0.766308,
		0.526451,
		-0.368267,
		0,
		-0.397918,
		-0.061121,
		-0.915383,
		0,
		-0.504413,
		0.848005,
		0.162647,
		0,
		-0.156784,
		0.538608,
		-0.203015,
		1
	},
	[0.825] = {
		0.77586,
		0.52056,
		-0.356454,
		0,
		-0.394562,
		-0.040516,
		-0.917976,
		0,
		-0.492303,
		0.852863,
		0.173958,
		0,
		-0.152587,
		0.541766,
		-0.203159,
		1
	},
	[0.833333333333] = {
		0.784911,
		0.513883,
		-0.346179,
		0,
		-0.392142,
		-0.020579,
		-0.919675,
		0,
		-0.479729,
		0.857614,
		0.185362,
		0,
		-0.148354,
		0.544917,
		-0.203215,
		1
	},
	[0.841666666667] = {
		0.793337,
		0.506574,
		-0.337638,
		0,
		-0.390761,
		-0.001554,
		-0.920491,
		0,
		-0.466821,
		0.862195,
		0.196716,
		0,
		-0.144147,
		0.548016,
		-0.203164,
		1
	},
	[0.858333333333] = {
		0.808877,
		0.488974,
		-0.326532,
		0,
		-0.392149,
		0.034845,
		-0.919242,
		0,
		-0.438108,
		0.871602,
		0.219936,
		0,
		-0.135439,
		0.554311,
		-0.202715,
		1
	},
	[0.85] = {
		0.801307,
		0.498345,
		-0.330998,
		0,
		-0.390672,
		0.016869,
		-0.920375,
		0,
		-0.453081,
		0.866815,
		0.208207,
		0,
		-0.13986,
		0.551119,
		-0.203005,
		1
	},
	[0.866666666667] = {
		0.816151,
		0.478389,
		-0.3241,
		0,
		-0.395065,
		0.052649,
		-0.917143,
		0,
		-0.421688,
		0.876568,
		0.231965,
		0,
		-0.130825,
		0.557597,
		-0.202313,
		1
	},
	[0.875] = {
		0.823247,
		0.466342,
		-0.323711,
		0,
		-0.399432,
		0.070651,
		-0.914036,
		0,
		-0.403383,
		0.881779,
		0.244436,
		0,
		-0.125912,
		0.561077,
		-0.201787,
		1
	},
	[0.883333333333] = {
		0.830037,
		0.453111,
		-0.325161,
		0,
		-0.404946,
		0.088755,
		-0.910023,
		0,
		-0.383482,
		0.887025,
		0.257155,
		0,
		-0.120769,
		0.56469,
		-0.201162,
		1
	},
	[0.891666666667] = {
		0.836437,
		0.438851,
		-0.328302,
		0,
		-0.411396,
		0.106964,
		-0.905158,
		0,
		-0.362113,
		0.89217,
		0.270011,
		0,
		-0.115393,
		0.568406,
		-0.200449,
		1
	},
	[0.8] = {
		0.745897,
		0.535705,
		-0.395801,
		0,
		-0.406913,
		-0.103951,
		-0.907533,
		0,
		-0.527314,
		0.837982,
		0.140448,
		0,
		-0.165016,
		0.53232,
		-0.202449,
		1
	},
	[0.908333333333] = {
		0.847795,
		0.407837,
		-0.338986,
		0,
		-0.426242,
		0.143709,
		-0.893121,
		0,
		-0.315533,
		0.901674,
		0.295673,
		0,
		-0.104057,
		0.576073,
		-0.198811,
		1
	},
	[0.916666666667] = {
		0.852629,
		0.391388,
		-0.346178,
		0,
		-0.434224,
		0.162219,
		-0.886078,
		0,
		-0.290644,
		0.905815,
		0.308263,
		0,
		-0.098135,
		0.579979,
		-0.197909,
		1
	},
	[0.925] = {
		0.856833,
		0.374522,
		-0.354359,
		0,
		-0.442323,
		0.180796,
		-0.878444,
		0,
		-0.264929,
		0.909421,
		0.320572,
		0,
		-0.092062,
		0.583895,
		-0.196985,
		1
	},
	[0.933333333333] = {
		0.860387,
		0.357385,
		-0.363331,
		0,
		-0.450343,
		0.199394,
		-0.870306,
		0,
		-0.238589,
		0.912424,
		0.332502,
		0,
		-0.085879,
		0.587815,
		-0.196027,
		1
	},
	[0.941666666667] = {
		0.863279,
		0.340142,
		-0.372897,
		0,
		-0.458121,
		0.217975,
		-0.861749,
		0,
		-0.211834,
		0.914762,
		0.344,
		0,
		-0.079597,
		0.591701,
		-0.19508,
		1
	},
	[0.958333333333] = {
		0.867163,
		0.305923,
		-0.392987,
		0,
		-0.4723,
		0.254836,
		-0.843796,
		0,
		-0.157989,
		0.917317,
		0.365472,
		0,
		-0.066884,
		0.599329,
		-0.1932,
		1
	},
	[0.95] = {
		0.865528,
		0.322934,
		-0.382851,
		0,
		-0.465486,
		0.236474,
		-0.852879,
		0,
		-0.18489,
		0.916402,
		0.354996,
		0,
		-0.07326,
		0.595551,
		-0.194122,
		1
	},
	[0.966666666667] = {
		0.868247,
		0.289241,
		-0.403096,
		0,
		-0.478423,
		0.272979,
		-0.834622,
		0,
		-0.13137,
		0.917509,
		0.375393,
		0,
		-0.060513,
		0.603033,
		-0.19229,
		1
	},
	[0.975] = {
		0.868853,
		0.273038,
		-0.41297,
		0,
		-0.483746,
		0.290836,
		-0.825472,
		0,
		-0.105279,
		0.916987,
		0.384775,
		0,
		-0.054172,
		0.606631,
		-0.191438,
		1
	},
	[0.983333333333] = {
		0.869084,
		0.257433,
		-0.4224,
		0,
		-0.48816,
		0.308318,
		-0.81648,
		0,
		-0.079956,
		0.915788,
		0.393623,
		0,
		-0.047903,
		0.610123,
		-0.190619,
		1
	},
	[0.991666666667] = {
		0.869049,
		0.242561,
		-0.431182,
		0,
		-0.491586,
		0.325348,
		-0.80777,
		0,
		-0.055649,
		0.913954,
		0.401983,
		0,
		-0.041738,
		0.61348,
		-0.189873,
		1
	},
	[0.9] = {
		0.842381,
		0.423707,
		-0.332966,
		0,
		-0.418562,
		0.125284,
		-0.899506,
		0,
		-0.339412,
		0.897093,
		0.282884,
		0,
		-0.109823,
		0.572212,
		-0.199657,
		1
	},
	[1.00833333333] = {
		0.868722,
		0.215438,
		-0.445992,
		0,
		-0.495177,
		0.357709,
		-0.791735,
		0,
		-0.011034,
		0.908642,
		0.417429,
		0,
		-0.029876,
		0.619767,
		-0.188568,
		1
	},
	[1.01666666667] = {
		0.868719,
		0.203389,
		-0.45162,
		0,
		-0.495227,
		0.37288,
		-0.784672,
		0,
		0.008807,
		0.905314,
		0.424652,
		0,
		-0.024254,
		0.62267,
		-0.188027,
		1
	},
	[1.025] = {
		0.869021,
		0.192476,
		-0.455802,
		0,
		-0.494054,
		0.387276,
		-0.778414,
		0,
		0.026695,
		0.901649,
		0.431644,
		0,
		-0.01889,
		0.625397,
		-0.187572,
		1
	},
	[1.03333333333] = {
		0.869782,
		0.182775,
		-0.458337,
		0,
		-0.49161,
		0.400827,
		-0.773083,
		0,
		0.042414,
		0.897737,
		0.438486,
		0,
		-0.01382,
		0.627941,
		-0.187206,
		1
	},
	[1.04166666667] = {
		0.871215,
		0.174459,
		-0.458856,
		0,
		-0.487748,
		0.413419,
		-0.768887,
		0,
		0.055561,
		0.893672,
		0.445268,
		0,
		-0.009137,
		0.630271,
		-0.186928,
		1
	},
	[1.05833333333] = {
		0.875865,
		0.161306,
		-0.454797,
		0,
		-0.476668,
		0.435984,
		-0.763351,
		0,
		0.075151,
		0.88538,
		0.458753,
		0,
		-0.000516,
		0.6345,
		-0.186655,
		1
	},
	[1.05] = {
		0.87324,
		0.167326,
		-0.457661,
		0,
		-0.482738,
		0.425137,
		-0.765652,
		0,
		0.066455,
		0.889528,
		0.452021,
		0,
		-0.004718,
		0.632441,
		-0.186754,
		1
	},
	[1.06666666667] = {
		0.878941,
		0.156167,
		-0.450639,
		0,
		-0.469818,
		0.446094,
		-0.761756,
		0,
		0.082066,
		0.881256,
		0.46546,
		0,
		0.003571,
		0.636482,
		-0.186642,
		1
	},
	[1.075] = {
		0.882294,
		0.15164,
		-0.445604,
		0,
		-0.462462,
		0.455594,
		-0.760633,
		0,
		0.087672,
		0.877177,
		0.472096,
		0,
		0.007668,
		0.638469,
		-0.186685,
		1
	},
	[1.08333333333] = {
		0.885957,
		0.147755,
		-0.4396,
		0,
		-0.454571,
		0.464494,
		-0.760007,
		0,
		0.091897,
		0.873163,
		0.478687,
		0,
		0.011725,
		0.640428,
		-0.186792,
		1
	},
	[1.09166666667] = {
		0.889908,
		0.144463,
		-0.432659,
		0,
		-0.446178,
		0.472831,
		-0.759839,
		0,
		0.094806,
		0.86923,
		0.485232,
		0,
		0.015735,
		0.642365,
		-0.186954,
		1
	},
	[1.10833333333] = {
		0.898552,
		0.139494,
		-0.416108,
		0,
		-0.428028,
		0.48797,
		-0.760708,
		0,
		0.096934,
		0.861642,
		0.498174,
		0,
		0.023589,
		0.646157,
		-0.187439,
		1
	},
	[1.11666666667] = {
		0.903178,
		0.137736,
		-0.406569,
		0,
		-0.41833,
		0.494847,
		-0.76166,
		0,
		0.096281,
		0.857995,
		0.504554,
		0,
		0.027422,
		0.648009,
		-0.187755,
		1
	},
	[1.125] = {
		0.907959,
		0.136411,
		-0.396235,
		0,
		-0.408248,
		0.501312,
		-0.762902,
		0,
		0.094569,
		0.854446,
		0.51086,
		0,
		0.031184,
		0.649831,
		-0.188113,
		1
	},
	[1.13333333333] = {
		0.912857,
		0.135482,
		-0.385145,
		0,
		-0.397811,
		0.507399,
		-0.76439,
		0,
		0.091861,
		0.850994,
		0.517079,
		0,
		0.034871,
		0.651618,
		-0.188513,
		1
	},
	[1.14166666667] = {
		0.917833,
		0.134912,
		-0.373338,
		0,
		-0.387039,
		0.513145,
		-0.766083,
		0,
		0.088223,
		0.847633,
		0.523197,
		0,
		0.038477,
		0.65337,
		-0.188949,
		1
	},
	[1.15833333333] = {
		0.927863,
		0.13471,
		-0.347742,
		0,
		-0.364585,
		0.523744,
		-0.769915,
		0,
		0.078413,
		0.841157,
		0.535076,
		0,
		0.045425,
		0.656753,
		-0.189924,
		1
	},
	[1.15] = {
		0.922848,
		0.134667,
		-0.360856,
		0,
		-0.375957,
		0.518582,
		-0.767938,
		0,
		0.083718,
		0.844356,
		0.529201,
		0,
		0.041997,
		0.655082,
		-0.189421,
		1
	},
	[1.16666666667] = {
		0.93284,
		0.135008,
		-0.33404,
		0,
		-0.352948,
		0.528663,
		-0.771973,
		0,
		0.072372,
		0.838026,
		0.540809,
		0,
		0.048757,
		0.658379,
		-0.190455,
		1
	},
	[1.175] = {
		0.937743,
		0.135525,
		-0.319799,
		0,
		-0.341067,
		0.53337,
		-0.774074,
		0,
		0.065664,
		0.834955,
		0.546387,
		0,
		0.051988,
		0.659957,
		-0.191011,
		1
	},
	[1.18333333333] = {
		0.942537,
		0.136228,
		-0.305066,
		0,
		-0.328965,
		0.537893,
		-0.776178,
		0,
		0.058356,
		0.831933,
		0.551798,
		0,
		0.055111,
		0.661485,
		-0.191587,
		1
	},
	[1.19166666667] = {
		0.947191,
		0.137081,
		-0.289894,
		0,
		-0.316667,
		0.542262,
		-0.778251,
		0,
		0.050515,
		0.828952,
		0.557034,
		0,
		0.058123,
		0.662959,
		-0.192182,
		1
	},
	[1.1] = {
		0.894117,
		0.141724,
		-0.424817,
		0,
		-0.437321,
		0.480644,
		-0.760086,
		0,
		0.096463,
		0.865388,
		0.491731,
		0,
		0.019691,
		0.644274,
		-0.187173,
		1
	},
	[1.20833333333] = {
		0.955958,
		0.139101,
		-0.258447,
		0,
		-0.291584,
		0.550643,
		-0.782158,
		0,
		0.033513,
		0.82307,
		0.566951,
		0,
		0.063787,
		0.665735,
		-0.193409,
		1
	},
	[1.21666666667] = {
		0.960022,
		0.140198,
		-0.242285,
		0,
		-0.278851,
		0.554705,
		-0.783929,
		0,
		0.024491,
		0.82015,
		0.571624,
		0,
		0.066429,
		0.667031,
		-0.194031,
		1
	},
	[1.225] = {
		0.963846,
		0.141306,
		-0.225906,
		0,
		-0.266025,
		0.558716,
		-0.785536,
		0,
		0.015217,
		0.817233,
		0.576107,
		0,
		0.068936,
		0.668262,
		-0.194657,
		1
	},
	[1.23333333333] = {
		0.967413,
		0.142389,
		-0.209374,
		0,
		-0.253139,
		0.562695,
		-0.786953,
		0,
		0.00576,
		0.814309,
		0.580403,
		0,
		0.071303,
		0.669426,
		-0.195277,
		1
	},
	[1.24166666667] = {
		0.970712,
		0.143412,
		-0.192748,
		0,
		-0.240218,
		0.566666,
		-0.788153,
		0,
		-0.003807,
		0.811371,
		0.584519,
		0,
		0.073524,
		0.67052,
		-0.195891,
		1
	},
	[1.25833333333] = {
		0.976476,
		0.145136,
		-0.159468,
		0,
		-0.214396,
		0.574656,
		-0.789813,
		0,
		-0.022991,
		0.805423,
		0.592254,
		0,
		0.077499,
		0.672491,
		-0.19707,
		1
	},
	[1.25] = {
		0.973734,
		0.14434,
		-0.176091,
		0,
		-0.227293,
		0.570646,
		-0.789114,
		0,
		-0.013415,
		0.808412,
		0.588465,
		0,
		0.075591,
		0.671542,
		-0.196489,
		1
	},
	[1.26666666667] = {
		0.978939,
		0.145764,
		-0.142942,
		0,
		-0.201557,
		0.578711,
		-0.790233,
		0,
		-0.032465,
		0.8024,
		0.595902,
		0,
		0.079241,
		0.673364,
		-0.197623,
		1
	},
	[1.275] = {
		0.981126,
		0.146188,
		-0.126577,
		0,
		-0.188807,
		0.58283,
		-0.790355,
		0,
		-0.041768,
		0.799336,
		0.599431,
		0,
		0.08081,
		0.674161,
		-0.198148,
		1
	},
	[1.28333333333] = {
		0.983045,
		0.146373,
		-0.110439,
		0,
		-0.176177,
		0.587027,
		-0.790165,
		0,
		-0.050828,
		0.796225,
		0.602862,
		0,
		0.082197,
		0.674877,
		-0.198635,
		1
	},
	[1.29166666667] = {
		0.98471,
		0.146283,
		-0.094592,
		0,
		-0.163697,
		0.591317,
		-0.78965,
		0,
		-0.059578,
		0.793061,
		0.606222,
		0,
		0.083398,
		0.67551,
		-0.199081,
		1
	},
	[1.2] = {
		0.951673,
		0.138051,
		-0.274337,
		0,
		-0.304199,
		0.546503,
		-0.780255,
		0,
		0.042211,
		0.826001,
		0.562087,
		0,
		0.061016,
		0.664377,
		-0.192789,
		1
	},
	[1.30833333333] = {
		0.987338,
		0.145134,
		-0.064036,
		0,
		-0.139312,
		0.600224,
		-0.787606,
		0,
		-0.075872,
		0.786554,
		0.612843,
		0,
		0.085213,
		0.676445,
		-0.19985,
		1
	},
	[1.31666666667] = {
		0.98834,
		0.144005,
		-0.049455,
		0,
		-0.127464,
		0.604866,
		-0.78606,
		0,
		-0.083283,
		0.783199,
		0.616169,
		0,
		0.085815,
		0.676728,
		-0.200166,
		1
	},
	[1.325] = {
		0.989178,
		0.142338,
		-0.035599,
		0,
		-0.115951,
		0.609694,
		-0.78411,
		0,
		-0.089905,
		0.779752,
		0.6196,
		0,
		0.086118,
		0.676873,
		-0.200415,
		1
	},
	[1.33333333333] = {
		0.989841,
		0.140463,
		-0.022011,
		0,
		-0.104599,
		0.614579,
		-0.78189,
		0,
		-0.096299,
		0.776249,
		0.623028,
		0,
		0.08636,
		0.676995,
		-0.200604,
		1
	},
	[1.3] = {
		0.986134,
		0.145881,
		-0.079104,
		0,
		-0.151399,
		0.595711,
		-0.7888,
		0,
		-0.067948,
		0.78984,
		0.609538,
		0,
		0.084404,
		0.676044,
		-0.199483,
		1
	}
}

return spline_matrices
