-- chunkname: @content/characters/player/human/first_person/animations/sabre/attack_right_diagonal_up.lua

local spline_matrices = {
	[0.00833333333333] = {
		0.857797,
		0.193936,
		0.475997,
		0,
		0.031807,
		0.904281,
		-0.425751,
		0,
		-0.513003,
		0.380348,
		0.769521,
		0,
		0.028359,
		0.642739,
		-0.156761,
		1
	},
	[0.0166666666667] = {
		0.820203,
		0.158873,
		0.549569,
		0,
		0.067481,
		0.927087,
		-0.368721,
		0,
		-0.568079,
		0.339512,
		0.749679,
		0,
		0.011413,
		0.63205,
		-0.144094,
		1
	},
	[0.025] = {
		0.776948,
		0.119885,
		0.618045,
		0,
		0.098868,
		0.946286,
		-0.307843,
		0,
		-0.621753,
		0.300282,
		0.723363,
		0,
		-0.01162,
		0.617692,
		-0.127248,
		1
	},
	[0.0333333333333] = {
		0.726071,
		0.082984,
		0.682594,
		0,
		0.1182,
		0.962852,
		-0.242785,
		0,
		-0.677384,
		0.256961,
		0.68929,
		0,
		-0.037717,
		0.601403,
		-0.110633,
		1
	},
	[0.0416666666667] = {
		0.665407,
		0.05282,
		0.74461,
		0,
		0.117078,
		0.977764,
		-0.173983,
		0,
		-0.737242,
		0.202947,
		0.644427,
		0,
		-0.063795,
		0.584906,
		-0.098828,
		1
	},
	[0.0583333333333] = {
		0.497352,
		0.024048,
		0.867215,
		0,
		0.002936,
		0.999563,
		-0.029402,
		0,
		-0.867544,
		0.01717,
		0.497064,
		0,
		-0.106679,
		0.554964,
		-0.101933,
		1
	},
	[0.05] = {
		0.591977,
		0.032368,
		0.805305,
		0,
		0.0862,
		0.990919,
		-0.103194,
		0,
		-0.801332,
		0.130506,
		0.583811,
		0,
		-0.086616,
		0.569852,
		-0.096601,
		1
	},
	[0.0666666666667] = {
		0.380847,
		0.015068,
		0.924515,
		0,
		-0.126548,
		0.991308,
		0.035974,
		0,
		-0.915937,
		-0.130697,
		0.379444,
		0,
		-0.124679,
		0.539116,
		-0.109749,
		1
	},
	[0.075] = {
		0.255573,
		-0.007749,
		0.966759,
		0,
		-0.262015,
		0.961989,
		0.076977,
		0,
		-0.930608,
		-0.272978,
		0.243828,
		0,
		-0.138355,
		0.524725,
		-0.119387,
		1
	},
	[0.0833333333333] = {
		0.13771,
		-0.044265,
		0.989483,
		0,
		-0.362555,
		0.927416,
		0.091947,
		0,
		-0.921732,
		-0.371404,
		0.111666,
		0,
		-0.147424,
		0.514446,
		-0.129173,
		1
	},
	[0.0916666666667] = {
		0.024215,
		-0.082977,
		0.996257,
		0,
		-0.433175,
		0.897268,
		0.08526,
		0,
		-0.900985,
		-0.433618,
		-0.014216,
		0,
		-0.153934,
		0.50727,
		-0.138846,
		1
	},
	[0] = {
		0.891737,
		0.217887,
		0.396649,
		0,
		-0.000916,
		0.877335,
		-0.479878,
		0,
		-0.452553,
		0.427562,
		0.782551,
		0,
		0.036215,
		0.648012,
		-0.160998,
		1
	},
	[0.108333333333] = {
		-0.205176,
		-0.159731,
		0.965603,
		0,
		-0.537872,
		0.842653,
		0.025102,
		0,
		-0.817677,
		-0.514221,
		-0.258807,
		0,
		-0.161408,
		0.497397,
		-0.15809,
		1
	},
	[0.116666666667] = {
		-0.308507,
		-0.199443,
		0.930079,
		0,
		-0.557443,
		0.830187,
		-0.006881,
		0,
		-0.770767,
		-0.520588,
		-0.367296,
		0,
		-0.161921,
		0.496292,
		-0.166062,
		1
	},
	[0.125] = {
		-0.398583,
		-0.238172,
		0.885667,
		0,
		-0.550153,
		0.834744,
		-0.023111,
		0,
		-0.733801,
		-0.496464,
		-0.463746,
		0,
		-0.160305,
		0.498649,
		-0.172158,
		1
	},
	[0.133333333333] = {
		-0.473752,
		-0.273548,
		0.837096,
		0,
		-0.512865,
		0.858414,
		-0.00974,
		0,
		-0.715911,
		-0.433931,
		-0.546969,
		0,
		-0.15644,
		0.505123,
		-0.175869,
		1
	},
	[0.141666666667] = {
		-0.537623,
		-0.288245,
		0.792386,
		0,
		-0.431039,
		0.901633,
		0.035532,
		0,
		-0.724684,
		-0.322447,
		-0.608984,
		0,
		-0.141513,
		0.522653,
		-0.171151,
		1
	},
	[0.158333333333] = {
		-0.641557,
		-0.245576,
		0.726702,
		0,
		-0.13853,
		0.968884,
		0.205118,
		0,
		-0.754462,
		0.030925,
		-0.655614,
		0,
		-0.065116,
		0.590313,
		-0.127998,
		1
	},
	[0.15] = {
		-0.593804,
		-0.2743,
		0.75641,
		0,
		-0.301007,
		0.947564,
		0.10732,
		0,
		-0.746184,
		-0.163957,
		-0.645234,
		0,
		-0.109675,
		0.553293,
		-0.154289,
		1
	},
	[0.166666666667] = {
		-0.683609,
		-0.216632,
		0.696957,
		0,
		0.033229,
		0.944706,
		0.326231,
		0,
		-0.729092,
		0.246174,
		-0.638611,
		0,
		-0.01262,
		0.626888,
		-0.094845,
		1
	},
	[0.175] = {
		-0.727869,
		-0.19884,
		0.656254,
		0,
		0.186149,
		0.863799,
		0.468188,
		0,
		-0.659967,
		0.46294,
		-0.591718,
		0,
		0.042254,
		0.656277,
		-0.057154,
		1
	},
	[0.183333333333] = {
		-0.784978,
		-0.196454,
		0.58755,
		0,
		0.289938,
		0.721624,
		0.628645,
		0,
		-0.54749,
		0.663826,
		-0.509499,
		0,
		0.093187,
		0.671879,
		-0.016808,
		1
	},
	[0.191666666667] = {
		-0.88339,
		-0.215423,
		0.416192,
		0,
		0.294979,
		0.434489,
		0.851003,
		0,
		-0.364156,
		0.874535,
		-0.320278,
		0,
		0.136903,
		0.675782,
		0.041568,
		1
	},
	[0.1] = {
		-0.09235,
		-0.120807,
		0.988371,
		0,
		-0.494593,
		0.867067,
		0.059768,
		0,
		-0.864205,
		-0.483322,
		-0.139824,
		0,
		-0.158725,
		0.501303,
		-0.14878,
		1
	},
	[0.208333333333] = {
		-0.956563,
		-0.148189,
		0.251054,
		0,
		0.254948,
		-0.007577,
		0.966925,
		0,
		-0.141385,
		0.98893,
		0.045029,
		0,
		0.253187,
		0.637419,
		0.165412,
		1
	},
	[0.216666666667] = {
		-0.938531,
		-0.137061,
		0.316818,
		0,
		0.326237,
		-0.052221,
		0.943844,
		0,
		-0.11282,
		0.989185,
		0.093725,
		0,
		0.334445,
		0.579461,
		0.222318,
		1
	},
	[0.225] = {
		-0.906626,
		-0.13347,
		0.400269,
		0,
		0.411304,
		-0.067951,
		0.908962,
		0,
		-0.094121,
		0.988721,
		0.116503,
		0,
		0.402786,
		0.522835,
		0.266204,
		1
	},
	[0.233333333333] = {
		-0.881451,
		-0.124083,
		0.455683,
		0,
		0.468583,
		-0.109361,
		0.876624,
		0,
		-0.058941,
		0.986227,
		0.154539,
		0,
		0.433916,
		0.495122,
		0.284958,
		1
	},
	[0.241666666667] = {
		-0.875017,
		-0.102976,
		0.473012,
		0,
		0.484081,
		-0.192741,
		0.853532,
		0,
		0.003276,
		0.975831,
		0.218501,
		0,
		0.4384,
		0.49134,
		0.278314,
		1
	},
	[0.258333333333] = {
		-0.878308,
		-0.041375,
		0.476302,
		0,
		0.453599,
		-0.38692,
		0.802833,
		0,
		0.151074,
		0.921185,
		0.358602,
		0,
		0.445116,
		0.483847,
		0.228456,
		1
	},
	[0.25] = {
		-0.875853,
		-0.073757,
		0.476908,
		0,
		0.476435,
		-0.289334,
		0.830238,
		0,
		0.07675,
		0.954382,
		0.288555,
		0,
		0.442214,
		0.487664,
		0.257537,
		1
	},
	[0.266666666667] = {
		-0.877864,
		-0.012329,
		0.478751,
		0,
		0.426374,
		-0.475339,
		0.769583,
		0,
		0.218081,
		0.879716,
		0.42254,
		0,
		0.447199,
		0.479939,
		0.197059,
		1
	},
	[0.275] = {
		-0.871443,
		0.005666,
		0.490465,
		0,
		0.407694,
		-0.547592,
		0.730704,
		0,
		0.272715,
		0.836726,
		0.474885,
		0,
		0.448905,
		0.476101,
		0.16948,
		1
	},
	[0.283333333333] = {
		-0.856153,
		0.004209,
		0.516705,
		0,
		0.411575,
		-0.59905,
		0.686837,
		0,
		0.312423,
		0.8007,
		0.511146,
		0,
		0.450915,
		0.472551,
		0.151979,
		1
	},
	[0.291666666667] = {
		-0.832228,
		-0.014789,
		0.554237,
		0,
		0.435511,
		-0.636073,
		0.636979,
		0,
		0.343114,
		0.771487,
		0.535798,
		0,
		0.453765,
		0.469397,
		0.141553,
		1
	},
	[0.2] = {
		-0.950085,
		-0.181453,
		0.253799,
		0,
		0.234494,
		0.121274,
		0.964523,
		0,
		-0.205795,
		0.975893,
		-0.072671,
		0,
		0.183529,
		0.66857,
		0.107441,
		1
	},
	[0.308333333333] = {
		-0.764215,
		-0.082555,
		0.639657,
		0,
		0.505128,
		-0.693278,
		0.514015,
		0,
		0.401026,
		0.715926,
		0.571514,
		0,
		0.461917,
		0.464308,
		0.120255,
		1
	},
	[0.316666666667] = {
		-0.717245,
		-0.131348,
		0.684329,
		0,
		0.548852,
		-0.711565,
		0.438675,
		0,
		0.429326,
		0.690233,
		0.582458,
		0,
		0.466956,
		0.462548,
		0.109302,
		1
	},
	[0.325] = {
		-0.659432,
		-0.189676,
		0.727443,
		0,
		0.596468,
		-0.720986,
		0.35271,
		0,
		0.457575,
		0.666485,
		0.588577,
		0,
		0.472395,
		0.461453,
		0.098113,
		1
	},
	[0.333333333333] = {
		-0.58916,
		-0.256642,
		0.766176,
		0,
		0.645685,
		-0.719603,
		0.255465,
		0,
		0.485779,
		0.645218,
		0.589671,
		0,
		0.478003,
		0.461136,
		0.086703,
		1
	},
	[0.341666666667] = {
		-0.505162,
		-0.330632,
		0.797179,
		0,
		0.693504,
		-0.705311,
		0.146935,
		0,
		0.513678,
		0.627072,
		0.58559,
		0,
		0.48351,
		0.461698,
		0.075132,
		1
	},
	[0.358333333333] = {
		-0.294864,
		-0.48871,
		0.821108,
		0,
		0.769789,
		-0.630592,
		-0.098884,
		0,
		0.566109,
		0.602923,
		0.562143,
		0,
		0.49305,
		0.465681,
		0.05209,
		1
	},
	[0.35] = {
		-0.406879,
		-0.409139,
		0.816734,
		0,
		0.736251,
		-0.676126,
		0.028082,
		0,
		0.540726,
		0.612747,
		0.576331,
		0,
		0.488623,
		0.463209,
		0.063528,
		1
	},
	[0.366666666667] = {
		-0.171109,
		-0.565083,
		0.807095,
		0,
		0.789951,
		-0.568246,
		-0.23038,
		0,
		0.588812,
		0.598146,
		0.54362,
		0,
		0.496533,
		0.469044,
		0.041082,
		1
	},
	[0.375] = {
		-0.039175,
		-0.633595,
		0.772672,
		0,
		0.793161,
		-0.490032,
		-0.361614,
		0,
		0.607751,
		0.598687,
		0.52174,
		0,
		0.498892,
		0.473138,
		0.030803,
		1
	},
	[0.383333333333] = {
		0.096034,
		-0.689826,
		0.717578,
		0,
		0.777136,
		-0.398499,
		-0.487092,
		0,
		0.621963,
		0.604433,
		0.497819,
		0,
		0.500055,
		0.477711,
		0.021545,
		1
	},
	[0.391666666667] = {
		0.228869,
		-0.730332,
		0.643611,
		0,
		0.741426,
		-0.29765,
		-0.601409,
		0,
		0.630798,
		0.614834,
		0.473364,
		0,
		0.500081,
		0.482456,
		0.013537,
		1
	},
	[0.3] = {
		-0.802022,
		-0.043679,
		0.595695,
		0,
		0.46696,
		-0.667723,
		0.579737,
		0,
		0.372437,
		0.743128,
		0.555925,
		0,
		0.45747,
		0.466623,
		0.130993,
		1
	},
	[0.408333333333] = {
		0.46624,
		-0.758565,
		0.455192,
		0,
		0.618973,
		-0.087899,
		-0.780478,
		0,
		0.632054,
		0.645642,
		0.428549,
		0,
		0.497477,
		0.491231,
		0.001603,
		1
	},
	[0.416666666667] = {
		0.563198,
		-0.74795,
		0.351254,
		0,
		0.539982,
		0.011366,
		-0.8416,
		0,
		0.625482,
		0.663658,
		0.410281,
		0,
		0.495361,
		0.494786,
		-0.002481,
		1
	},
	[0.425] = {
		0.643415,
		-0.724299,
		0.247807,
		0,
		0.455404,
		0.101955,
		-0.884428,
		0,
		0.615325,
		0.681906,
		0.395448,
		0,
		0.493032,
		0.497623,
		-0.005599,
		1
	},
	[0.433333333333] = {
		0.707205,
		-0.691114,
		0.149074,
		0,
		0.36969,
		0.181748,
		-0.911206,
		0,
		0.602653,
		0.699521,
		0.384031,
		0,
		0.490665,
		0.499737,
		-0.008041,
		1
	},
	[0.441666666667] = {
		0.756032,
		-0.651952,
		0.058097,
		0,
		0.28653,
		0.249851,
		-0.924919,
		0,
		0.588487,
		0.715914,
		0.375699,
		0,
		0.488361,
		0.501199,
		-0.010112,
		1
	},
	[0.458333333333] = {
		0.817584,
		-0.568082,
		-0.094019,
		0,
		0.138037,
		0.351886,
		-0.925809,
		0,
		0.559019,
		0.743948,
		0.366113,
		0,
		0.483988,
		0.50266,
		-0.014253,
		1
	},
	[0.45] = {
		0.792029,
		-0.610041,
		-0.023243,
		0,
		0.208687,
		0.30633,
		-0.928769,
		0,
		0.573707,
		0.730761,
		0.36993,
		0,
		0.486146,
		0.502126,
		-0.012099,
		1
	},
	[0.466666666667] = {
		0.835038,
		-0.528202,
		-0.153993,
		0,
		0.075722,
		0.387559,
		-0.918729,
		0,
		0.544956,
		0.755514,
		0.363624,
		0,
		0.481811,
		0.502948,
		-0.016786,
		1
	},
	[0.475] = {
		0.846508,
		-0.492008,
		-0.203354,
		0,
		0.022357,
		0.414491,
		-0.909779,
		0,
		0.531907,
		0.765588,
		0.36187,
		0,
		0.479516,
		0.503128,
		-0.019877,
		1
	},
	[0.483333333333] = {
		0.853795,
		-0.460689,
		-0.242488,
		0,
		-0.021779,
		0.433762,
		-0.900764,
		0,
		0.520154,
		0.774349,
		0.360311,
		0,
		0.476993,
		0.503325,
		-0.023673,
		1
	},
	[0.491666666667] = {
		0.859062,
		-0.432794,
		-0.273316,
		0,
		-0.058583,
		0.447317,
		-0.892455,
		0,
		0.508508,
		0.782686,
		0.358919,
		0,
		0.474225,
		0.503766,
		-0.028085,
		1
	},
	[0.4] = {
		0.353795,
		-0.75325,
		0.554475,
		0,
		0.687599,
		-0.192415,
		-0.700131,
		0,
		0.634063,
		0.62896,
		0.449859,
		0,
		0.499139,
		0.487056,
		0.006895,
		1
	},
	[0.508333333333] = {
		0.868393,
		-0.380917,
		-0.317483,
		0,
		-0.117835,
		0.46339,
		-0.878285,
		0,
		0.481672,
		0.800107,
		0.35752,
		0,
		0.468053,
		0.505815,
		-0.038123,
		1
	},
	[0.516666666667] = {
		0.873137,
		-0.356732,
		-0.332227,
		0,
		-0.141258,
		0.467131,
		-0.872832,
		0,
		0.466561,
		0.809031,
		0.357478,
		0,
		0.464616,
		0.507392,
		-0.043671,
		1
	},
	[0.525] = {
		0.878199,
		-0.333522,
		-0.342827,
		0,
		-0.161081,
		0.468659,
		-0.868569,
		0,
		0.450356,
		0.817999,
		0.357852,
		0,
		0.460933,
		0.509309,
		-0.049519,
		1
	},
	[0.533333333333] = {
		0.883681,
		-0.311122,
		-0.34973,
		0,
		-0.17763,
		0.468371,
		-0.865492,
		0,
		0.433077,
		0.826941,
		0.358626,
		0,
		0.457003,
		0.511539,
		-0.055629,
		1
	},
	[0.541666666667] = {
		0.889629,
		-0.289364,
		-0.353311,
		0,
		-0.191183,
		0.466611,
		-0.863552,
		0,
		0.41474,
		0.835788,
		0.359789,
		0,
		0.452827,
		0.514056,
		-0.061962,
		1
	},
	[0.558333333333] = {
		0.902891,
		-0.247127,
		-0.351732,
		0,
		-0.21022,
		0.459876,
		-0.862741,
		0,
		0.37496,
		0.852902,
		0.363267,
		0,
		0.443758,
		0.519826,
		-0.075147,
		1
	},
	[0.55] = {
		0.896044,
		-0.268084,
		-0.353887,
		0,
		-0.201978,
		0.463687,
		-0.86267,
		0,
		0.395361,
		0.844467,
		0.361337,
		0,
		0.44841,
		0.516829,
		-0.068481,
		1
	},
	[0.566666666667] = {
		0.91011,
		-0.226347,
		-0.347084,
		0,
		-0.216094,
		0.45544,
		-0.863642,
		0,
		0.353559,
		0.861012,
		0.365588,
		0,
		0.438882,
		0.523018,
		-0.081923,
		1
	},
	[0.575] = {
		0.917614,
		-0.205614,
		-0.340158,
		0,
		-0.219769,
		0.450624,
		-0.865239,
		0,
		0.331189,
		0.868712,
		0.368312,
		0,
		0.433793,
		0.526371,
		-0.08877,
		1
	},
	[0.583333333333] = {
		0.925301,
		-0.184815,
		-0.331151,
		0,
		-0.221407,
		0.445673,
		-0.867384,
		0,
		0.307891,
		0.87591,
		0.371462,
		0,
		0.428505,
		0.529853,
		-0.095651,
		1
	},
	[0.591666666667] = {
		0.933054,
		-0.163855,
		-0.320253,
		0,
		-0.221169,
		0.440823,
		-0.869919,
		0,
		0.283716,
		0.882511,
		0.375072,
		0,
		0.423033,
		0.533433,
		-0.102526,
		1
	},
	[0.5] = {
		0.863793,
		-0.406229,
		-0.298059,
		0,
		-0.090427,
		0.45697,
		-0.884873,
		0,
		0.495666,
		0.7913,
		0.357994,
		0,
		0.471252,
		0.5046,
		-0.032915,
		1
	},
	[0.608333333333] = {
		0.948239,
		-0.121184,
		-0.293525,
		0,
		-0.21575,
		0.432381,
		-0.875499,
		0,
		0.233011,
		0.89351,
		0.383855,
		0,
		0.411599,
		0.54076,
		-0.116093,
		1
	},
	[0.616666666667] = {
		0.955402,
		-0.0994,
		-0.278077,
		0,
		-0.210946,
		0.429265,
		-0.878199,
		0,
		0.206662,
		0.897692,
		0.389153,
		0,
		0.405671,
		0.544446,
		-0.122701,
		1
	},
	[0.625] = {
		0.9621,
		-0.077311,
		-0.261508,
		0,
		-0.205027,
		0.427202,
		-0.880604,
		0,
		0.179797,
		0.900845,
		0.39516,
		0,
		0.399626,
		0.548107,
		-0.129134,
		1
	},
	[0.633333333333] = {
		0.968209,
		-0.054949,
		-0.244033,
		0,
		-0.198238,
		0.426421,
		-0.882534,
		0,
		0.152556,
		0.902854,
		0.401971,
		0,
		0.393482,
		0.551713,
		-0.135345,
		1
	},
	[0.641666666667] = {
		0.973616,
		-0.032372,
		-0.225884,
		0,
		-0.190847,
		0.427145,
		-0.883813,
		0,
		0.125096,
		0.903603,
		0.409697,
		0,
		0.387256,
		0.555236,
		-0.141287,
		1
	},
	[0.658333333333] = {
		0.981977,
		0.013066,
		-0.188549,
		0,
		-0.175453,
		0.433917,
		-0.883704,
		0,
		0.070268,
		0.900858,
		0.428389,
		0,
		0.374631,
		0.561921,
		-0.152169,
		1
	},
	[0.65] = {
		0.978229,
		-0.009664,
		-0.207303,
		0,
		-0.183145,
		0.429581,
		-0.884261,
		0,
		0.097599,
		0.902976,
		0.418459,
		0,
		0.380967,
		0.558648,
		-0.146912,
		1
	},
	[0.666666666667] = {
		0.984816,
		0.035689,
		-0.169893,
		0,
		-0.168107,
		0.440312,
		-0.881967,
		0,
		0.04333,
		0.897135,
		0.439626,
		0,
		0.368266,
		0.565026,
		-0.157008,
		1
	},
	[0.675] = {
		0.986732,
		0.05806,
		-0.151618,
		0,
		-0.161459,
		0.448892,
		-0.878878,
		0,
		0.017033,
		0.891698,
		0.452311,
		0,
		0.361891,
		0.567934,
		-0.161377,
		1
	},
	[0.683333333333] = {
		0.987743,
		0.080025,
		-0.134015,
		0,
		-0.155866,
		0.459743,
		-0.874267,
		0,
		-0.008351,
		0.884439,
		0.466581,
		0,
		0.355521,
		0.570615,
		-0.165225,
		1
	},
	[0.691666666667] = {
		0.988289,
		0.102489,
		-0.113056,
		0,
		-0.148487,
		0.475124,
		-0.8673,
		0,
		-0.035173,
		0.87393,
		0.484778,
		0,
		0.348268,
		0.573264,
		-0.168111,
		1
	},
	[0.6] = {
		0.940745,
		-0.142661,
		-0.307648,
		0,
		-0.219224,
		0.436313,
		-0.872681,
		0,
		0.258729,
		0.888414,
		0.379184,
		0,
		0.417392,
		0.537079,
		-0.109353,
		1
	},
	[0.708333333333] = {
		0.987521,
		0.148556,
		-0.05229,
		0,
		-0.123203,
		0.521885,
		-0.844072,
		0,
		-0.098103,
		0.839981,
		0.533675,
		0,
		0.329368,
		0.578926,
		-0.170559,
		1
	},
	[0.716666666667] = {
		0.98533,
		0.169964,
		-0.015416,
		0,
		-0.107872,
		0.550267,
		-0.827992,
		0,
		-0.132246,
		0.817508,
		0.560528,
		0,
		0.318372,
		0.581831,
		-0.17063,
		1
	},
	[0.725] = {
		0.981687,
		0.189043,
		0.023507,
		0,
		-0.092288,
		0.579899,
		-0.809444,
		0,
		-0.166651,
		0.792452,
		0.586726,
		0,
		0.30679,
		0.584734,
		-0.170254,
		1
	},
	[0.733333333333] = {
		0.976728,
		0.205152,
		0.062572,
		0,
		-0.077404,
		0.609232,
		-0.789205,
		0,
		-0.200028,
		0.765996,
		0.610933,
		0,
		0.294963,
		0.587613,
		-0.169657,
		1
	},
	[0.741666666667] = {
		0.970845,
		0.217949,
		0.099788,
		0,
		-0.063981,
		0.636799,
		-0.768371,
		0,
		-0.231011,
		0.739584,
		0.632178,
		0,
		0.283237,
		0.590458,
		-0.169046,
		1
	},
	[0.758333333333] = {
		0.958934,
		0.233661,
		0.160774,
		0,
		-0.043567,
		0.681465,
		-0.730553,
		0,
		-0.280263,
		0.693548,
		0.66366,
		0,
		0.261481,
		0.596049,
		-0.168547,
		1
	},
	[0.75] = {
		0.964657,
		0.227386,
		0.133166,
		0,
		-0.052574,
		0.66127,
		-0.748304,
		0,
		-0.258212,
		0.714855,
		0.649853,
		0,
		0.27196,
		0.593268,
		-0.168616,
		1
	},
	[0.766666666667] = {
		0.954514,
		0.237116,
		0.180774,
		0,
		-0.037236,
		0.696335,
		-0.716751,
		0,
		-0.295832,
		0.677417,
		0.67349,
		0,
		0.252147,
		0.598807,
		-0.169014,
		1
	},
	[0.775] = {
		0.95139,
		0.238357,
		0.195045,
		0,
		-0.032507,
		0.707465,
		-0.706001,
		0,
		-0.306268,
		0.665342,
		0.680823,
		0,
		0.243302,
		0.601694,
		-0.169861,
		1
	},
	[0.783333333333] = {
		0.94903,
		0.237898,
		0.206754,
		0,
		-0.028078,
		0.717177,
		-0.696325,
		0,
		-0.313933,
		0.655028,
		0.687302,
		0,
		0.234099,
		0.60484,
		-0.170804,
		1
	},
	[0.791666666667] = {
		0.947441,
		0.235958,
		0.216056,
		0,
		-0.023876,
		0.725583,
		-0.68772,
		0,
		-0.31904,
		0.646416,
		0.69308,
		0,
		0.224605,
		0.608216,
		-0.171824,
		1
	},
	[0.7] = {
		0.988388,
		0.125711,
		-0.085357,
		0,
		-0.137157,
		0.496325,
		-0.857233,
		0,
		-0.065398,
		0.858987,
		0.507804,
		0,
		0.339443,
		0.576054,
		-0.169802,
		1
	},
	[0.808333333333] = {
		0.946478,
		0.228382,
		0.22808,
		0,
		-0.015956,
		0.738881,
		-0.673647,
		0,
		-0.322373,
		0.633953,
		0.702978,
		0,
		0.205003,
		0.615537,
		-0.174038,
		1
	},
	[0.816666666667] = {
		0.947007,
		0.223068,
		0.231124,
		0,
		-0.01218,
		0.743957,
		-0.668117,
		0,
		-0.320982,
		0.629896,
		0.707249,
		0,
		0.195031,
		0.61942,
		-0.175204,
		1
	},
	[0.825] = {
		0.948121,
		0.216923,
		0.232404,
		0,
		-0.008513,
		0.748097,
		-0.663535,
		0,
		-0.317796,
		0.627133,
		0.711133,
		0,
		0.185035,
		0.623409,
		-0.176396,
		1
	},
	[0.833333333333] = {
		0.949742,
		0.210072,
		0.232078,
		0,
		-0.004954,
		0.751378,
		-0.659854,
		0,
		-0.312995,
		0.625541,
		0.714656,
		0,
		0.175081,
		0.627473,
		-0.177601,
		1
	},
	[0.841666666667] = {
		0.951787,
		0.202631,
		0.230308,
		0,
		-0.001514,
		0.753873,
		-0.657019,
		0,
		-0.306755,
		0.624993,
		0.717833,
		0,
		0.165239,
		0.631579,
		-0.178811,
		1
	},
	[0.858333333333] = {
		0.956811,
		0.186421,
		0.223069,
		0,
		0.004943,
		0.75678,
		-0.653651,
		0,
		-0.290669,
		0.626523,
		0.723174,
		0,
		0.146155,
		0.639791,
		-0.181206,
		1
	},
	[0.85] = {
		0.954172,
		0.194712,
		0.227252,
		0,
		0.001792,
		0.755651,
		-0.654972,
		0,
		-0.299254,
		0.625363,
		0.720672,
		0,
		0.155574,
		0.635696,
		-0.180015,
		1
	},
	[0.866666666667] = {
		0.959622,
		0.177866,
		0.217921,
		0,
		0.007918,
		0.757325,
		-0.65299,
		0,
		-0.281181,
		0.628349,
		0.725337,
		0,
		0.137048,
		0.643832,
		-0.182373,
		1
	},
	[0.875] = {
		0.962527,
		0.169152,
		0.211966,
		0,
		0.01069,
		0.757351,
		-0.652921,
		0,
		-0.270975,
		0.63072,
		0.727162,
		0,
		0.12832,
		0.647789,
		-0.183507,
		1
	},
	[0.883333333333] = {
		0.965453,
		0.160388,
		0.205366,
		0,
		0.013236,
		0.756922,
		-0.653371,
		0,
		-0.260239,
		0.633518,
		0.72865,
		0,
		0.120035,
		0.65163,
		-0.1846,
		1
	},
	[0.891666666667] = {
		0.968337,
		0.151685,
		0.198283,
		0,
		0.015532,
		0.756104,
		-0.654268,
		0,
		-0.249165,
		0.636631,
		0.729807,
		0,
		0.11226,
		0.655323,
		-0.185641,
		1
	},
	[0.8] = {
		0.946604,
		0.23273,
		0.223111,
		0,
		-0.019847,
		0.732785,
		-0.68017,
		0,
		-0.321788,
		0.639423,
		0.698276,
		0,
		0.214884,
		0.611792,
		-0.172907,
		1
	},
	[0.908333333333] = {
		0.973752,
		0.134922,
		0.183313,
		0,
		0.019288,
		0.753561,
		-0.657094,
		0,
		-0.226794,
		0.643383,
		0.731179,
		0,
		0.098497,
		0.662145,
		-0.187525,
		1
	},
	[0.916666666667] = {
		0.976195,
		0.127102,
		0.17575,
		0,
		0.020712,
		0.751971,
		-0.65887,
		0,
		-0.215903,
		0.646826,
		0.731438,
		0,
		0.092637,
		0.665214,
		-0.188346,
		1
	},
	[0.925] = {
		0.978417,
		0.119822,
		0.16835,
		0,
		0.021816,
		0.750259,
		-0.660784,
		0,
		-0.205483,
		0.650195,
		0.731453,
		0,
		0.087542,
		0.668014,
		-0.18907,
		1
	},
	[0.933333333333] = {
		0.980395,
		0.113212,
		0.161274,
		0,
		0.02259,
		0.748494,
		-0.662757,
		0,
		-0.195745,
		0.653406,
		0.731262,
		0,
		0.083276,
		0.670516,
		-0.189685,
		1
	},
	[0.941666666667] = {
		0.982109,
		0.107403,
		0.154682,
		0,
		0.023028,
		0.746746,
		-0.664711,
		0,
		-0.1869,
		0.65638,
		0.730913,
		0,
		0.079902,
		0.672692,
		-0.190178,
		1
	},
	[0.958333333333] = {
		0.984702,
		0.098727,
		0.14358,
		0,
		0.022887,
		0.74358,
		-0.668256,
		0,
		-0.172738,
		0.661319,
		0.729945,
		0,
		0.076079,
		0.675947,
		-0.190744,
		1
	},
	[0.95] = {
		0.983548,
		0.10253,
		0.148731,
		0,
		0.023127,
		0.745085,
		-0.666569,
		0,
		-0.17916,
		0.659042,
		0.730455,
		0,
		0.077482,
		0.674512,
		-0.190536,
		1
	},
	[0.966666666667] = {
		0.985561,
		0.096133,
		0.139385,
		0,
		0.022308,
		0.7423,
		-0.669696,
		0,
		-0.167845,
		0.663135,
		0.729438,
		0,
		0.075757,
		0.676968,
		-0.190789,
		1
	},
	[0.975] = {
		0.986251,
		0.094452,
		0.135601,
		0,
		0.021324,
		0.740964,
		-0.671206,
		0,
		-0.163872,
		0.664869,
		0.728762,
		0,
		0.076015,
		0.677745,
		-0.190768,
		1
	},
	[0.983333333333] = {
		0.986906,
		0.093275,
		0.131591,
		0,
		0.019884,
		0.739254,
		-0.673133,
		0,
		-0.160066,
		0.666935,
		0.72772,
		0,
		0.076308,
		0.678468,
		-0.190782,
		1
	},
	[0.991666666667] = {
		0.987526,
		0.092573,
		0.127365,
		0,
		0.018009,
		0.737189,
		-0.675447,
		0,
		-0.15642,
		0.669315,
		0.726326,
		0,
		0.076634,
		0.679139,
		-0.190831,
		1
	},
	[0.9] = {
		0.971119,
		0.143157,
		0.190877,
		0,
		0.017556,
		0.754961,
		-0.655534,
		0,
		-0.23795,
		0.639953,
		0.730644,
		0,
		0.105059,
		0.658838,
		-0.186619,
		1
	},
	[1.00833333333] = {
		0.988663,
		0.092461,
		0.11831,
		0,
		0.013045,
		0.732054,
		-0.681122,
		0,
		-0.149586,
		0.674943,
		0.722548,
		0,
		0.077369,
		0.680332,
		-0.191022,
		1
	},
	[1.01666666667] = {
		0.989177,
		0.092989,
		0.113501,
		0,
		0.010001,
		0.729016,
		-0.684423,
		0,
		-0.146388,
		0.678151,
		0.720196,
		0,
		0.07777,
		0.680859,
		-0.191162,
		1
	},
	[1.025] = {
		0.989653,
		0.093862,
		0.108518,
		0,
		0.006614,
		0.725685,
		-0.687995,
		0,
		-0.143327,
		0.681594,
		0.717556,
		0,
		0.07819,
		0.681341,
		-0.191327,
		1
	},
	[1.03333333333] = {
		0.990091,
		0.095051,
		0.103371,
		0,
		0.002907,
		0.722075,
		-0.691808,
		0,
		-0.140399,
		0.685253,
		0.714644,
		0,
		0.078624,
		0.681782,
		-0.191517,
		1
	},
	[1.04166666667] = {
		0.990488,
		0.096523,
		0.098069,
		0,
		-0.001094,
		0.718203,
		-0.695833,
		0,
		-0.137598,
		0.689107,
		0.711476,
		0,
		0.07907,
		0.682181,
		-0.191728,
		1
	},
	[1.05833333333] = {
		0.991153,
		0.100194,
		0.087044,
		0,
		-0.009884,
		0.70973,
		-0.704404,
		0,
		-0.132355,
		0.697312,
		0.704442,
		0,
		0.079983,
		0.682866,
		-0.192209,
		1
	},
	[1.05] = {
		0.990842,
		0.098248,
		0.092624,
		0,
		-0.005366,
		0.714082,
		-0.700041,
		0,
		-0.134918,
		0.693133,
		0.70807,
		0,
		0.079525,
		0.682542,
		-0.19196,
		1
	},
	[1.06666666667] = {
		0.991419,
		0.10233,
		0.081341,
		0,
		-0.014623,
		0.705163,
		-0.708894,
		0,
		-0.1299,
		0.701622,
		0.700609,
		0,
		0.080444,
		0.683156,
		-0.192475,
		1
	},
	[1.075] = {
		0.991639,
		0.104628,
		0.075526,
		0,
		-0.019558,
		0.700398,
		-0.713485,
		0,
		-0.127549,
		0.706042,
		0.696589,
		0,
		0.080902,
		0.683412,
		-0.192754,
		1
	},
	[1.08333333333] = {
		0.991813,
		0.107056,
		0.06961,
		0,
		-0.024664,
		0.695453,
		-0.718149,
		0,
		-0.125292,
		0.710552,
		0.6924,
		0,
		0.081355,
		0.683637,
		-0.193045,
		1
	},
	[1.09166666667] = {
		0.99194,
		0.109585,
		0.063605,
		0,
		-0.029915,
		0.690346,
		-0.722861,
		0,
		-0.123124,
		0.715132,
		0.68806,
		0,
		0.0818,
		0.683832,
		-0.193346,
		1
	},
	{
		0.988112,
		0.092312,
		0.122935,
		0,
		0.015722,
		0.734783,
		-0.67812,
		0,
		-0.152929,
		0.671991,
		0.724597,
		0,
		0.076989,
		0.67976,
		-0.190911,
		1
	},
	[1.10833333333] = {
		0.992055,
		0.114832,
		0.051378,
		0,
		-0.040752,
		0.679728,
		-0.732331,
		0,
		-0.119018,
		0.724419,
		0.679008,
		0,
		0.082651,
		0.684144,
		-0.19397,
		1
	},
	[1.11666666667] = {
		0.992045,
		0.117493,
		0.045183,
		0,
		-0.046288,
		0.674259,
		-0.737043,
		0,
		-0.117062,
		0.729088,
		0.674334,
		0,
		0.083051,
		0.684264,
		-0.194288,
		1
	},
	[1.125] = {
		0.991992,
		0.120144,
		0.03895,
		0,
		-0.051867,
		0.668713,
		-0.741709,
		0,
		-0.115158,
		0.73375,
		0.669589,
		0,
		0.08343,
		0.684363,
		-0.194608,
		1
	},
	[1.13333333333] = {
		0.991898,
		0.122756,
		0.032696,
		0,
		-0.057465,
		0.663113,
		-0.746311,
		0,
		-0.113295,
		0.738385,
		0.664794,
		0,
		0.083785,
		0.684444,
		-0.194929,
		1
	},
	[1.14166666667] = {
		0.991766,
		0.125304,
		0.026434,
		0,
		-0.063057,
		0.657483,
		-0.750826,
		0,
		-0.111462,
		0.742977,
		0.659971,
		0,
		0.084112,
		0.684508,
		-0.195248,
		1
	},
	[1.15833333333] = {
		0.991402,
		0.130107,
		0.01395,
		0,
		-0.074122,
		0.646237,
		-0.759529,
		0,
		-0.107835,
		0.751964,
		0.650324,
		0,
		0.084672,
		0.684595,
		-0.195873,
		1
	},
	[1.15] = {
		0.991599,
		0.127763,
		0.02018,
		0,
		-0.068618,
		0.651849,
		-0.755238,
		0,
		-0.109646,
		0.747509,
		0.65514,
		0,
		0.084409,
		0.684557,
		-0.195563,
		1
	},
	[1.16666666667] = {
		0.991178,
		0.132313,
		0.00776,
		0,
		-0.079546,
		0.640674,
		-0.763682,
		0,
		-0.106017,
		0.756327,
		0.645546,
		0,
		0.084899,
		0.684624,
		-0.196176,
		1
	},
	[1.175] = {
		0.990932,
		0.134357,
		0.001626,
		0,
		-0.084864,
		0.635187,
		-0.767682,
		0,
		-0.104176,
		0.760582,
		0.640829,
		0,
		0.085086,
		0.684646,
		-0.19647,
		1
	},
	[1.18333333333] = {
		0.990669,
		0.136216,
		-0.004436,
		0,
		-0.090052,
		0.629805,
		-0.771516,
		0,
		-0.1023,
		0.764716,
		0.636195,
		0,
		0.085231,
		0.684664,
		-0.196753,
		1
	},
	[1.19166666667] = {
		0.990396,
		0.137868,
		-0.010407,
		0,
		-0.095087,
		0.624556,
		-0.77517,
		0,
		-0.100372,
		0.768714,
		0.631668,
		0,
		0.08533,
		0.68468,
		-0.197024,
		1
	},
	[1.1] = {
		0.992021,
		0.112186,
		0.057524,
		0,
		-0.035286,
		0.685098,
		-0.727596,
		0,
		-0.121036,
		0.719761,
		0.68359,
		0,
		0.082233,
		0.684001,
		-0.193655,
		1
	},
	[1.20833333333] = {
		0.989841,
		0.140463,
		-0.022011,
		0,
		-0.104599,
		0.614579,
		-0.78189,
		0,
		-0.096299,
		0.776249,
		0.623028,
		0,
		0.08538,
		0.684717,
		-0.197524,
		1
	},
	[1.2] = {
		0.990118,
		0.139291,
		-0.016271,
		0,
		-0.099943,
		0.619471,
		-0.778631,
		0,
		-0.098377,
		0.772563,
		0.627271,
		0,
		0.085381,
		0.684697,
		-0.197282,
		1
	}
}

return spline_matrices
