local spline_matrices = {
	[0] = {
		0.989864,
		0.140463,
		-0.020974,
		0,
		-0.10378,
		0.614579,
		-0.781999,
		0,
		-0.096952,
		0.776249,
		0.622927,
		0,
		0.085587,
		0.684717,
		-0.197434,
		1
	},
	{
		0.984394,
		0.173798,
		-0.027599,
		0,
		-0.123131,
		0.568211,
		-0.813618,
		0,
		-0.125723,
		0.80432,
		0.580744,
		0,
		0.083313,
		0.682821,
		-0.201322,
		1
	},
	[0.00833333333333] = {
		0.989044,
		0.144486,
		-0.030249,
		0,
		-0.115106,
		0.626549,
		-0.770836,
		0,
		-0.092423,
		0.765872,
		0.636316,
		0,
		0.086042,
		0.666666,
		-0.201388,
		1
	},
	[0.0166666666667] = {
		0.987879,
		0.150273,
		-0.038896,
		0,
		-0.127542,
		0.64298,
		-0.755188,
		0,
		-0.088475,
		0.750996,
		0.654353,
		0,
		0.087363,
		0.61952,
		-0.21423,
		1
	},
	[0.025] = {
		0.986581,
		0.156243,
		-0.047396,
		0,
		-0.139867,
		0.658992,
		-0.739031,
		0,
		-0.084235,
		0.735743,
		0.672002,
		0,
		0.089344,
		0.55296,
		-0.233369,
		1
	},
	[0.0333333333333] = {
		0.985386,
		0.160738,
		-0.056374,
		0,
		-0.150889,
		0.670114,
		-0.72676,
		0,
		-0.079041,
		0.724645,
		0.684575,
		0,
		0.091764,
		0.47676,
		-0.256203,
		1
	},
	[0.0416666666667] = {
		0.984543,
		0.162003,
		-0.066559,
		0,
		-0.159481,
		0.672166,
		-0.723021,
		0,
		-0.072393,
		0.72246,
		0.687612,
		0,
		0.094388,
		0.400718,
		-0.280122,
		1
	},
	[0.0583333333333] = {
		0.984615,
		0.141275,
		-0.102831,
		0,
		-0.168972,
		0.619888,
		-0.766282,
		0,
		-0.044512,
		0.771868,
		0.634223,
		0,
		0.100255,
		0.272664,
		-0.32683,
		1
	},
	[0.05] = {
		0.984285,
		0.158118,
		-0.078621,
		0,
		-0.164645,
		0.660798,
		-0.732283,
		0,
		-0.063835,
		0.73372,
		0.676447,
		0,
		0.096971,
		0.334611,
		-0.302524,
		1
	},
	[0.0666666666667] = {
		0.986574,
		0.120796,
		-0.109908,
		0,
		-0.159217,
		0.561626,
		-0.811928,
		0,
		-0.036351,
		0.818526,
		0.573318,
		0,
		0.103077,
		0.216445,
		-0.351744,
		1
	},
	[0.075] = {
		0.990121,
		0.121609,
		-0.069797,
		0,
		-0.12254,
		0.508541,
		-0.852274,
		0,
		-0.068149,
		0.852407,
		0.518419,
		0,
		0.103671,
		0.170951,
		-0.373716,
		1
	},
	[0.0833333333333] = {
		0.993172,
		0.116659,
		0.000864,
		0,
		-0.051754,
		0.447222,
		-0.892925,
		0,
		-0.104555,
		0.886783,
		0.450206,
		0,
		0.104617,
		0.149003,
		-0.390077,
		1
	},
	[0.0916666666667] = {
		0.990789,
		0.077022,
		0.111378,
		0,
		0.076387,
		0.361249,
		-0.929335,
		0,
		-0.111815,
		0.929283,
		0.352038,
		0,
		0.094582,
		0.24999,
		-0.337334,
		1
	},
	[0.108333333333] = {
		0.945367,
		0.018549,
		0.325478,
		0,
		0.319164,
		0.150815,
		-0.935622,
		0,
		-0.066442,
		0.988388,
		0.136655,
		0,
		0.05928,
		0.581192,
		-0.13987,
		1
	},
	[0.116666666667] = {
		0.924616,
		0.011745,
		0.380721,
		0,
		0.379263,
		0.064235,
		-0.923057,
		0,
		-0.035297,
		0.997866,
		0.054938,
		0,
		0.049217,
		0.678579,
		-0.077839,
		1
	},
	[0.125] = {
		0.927891,
		0.013533,
		0.372606,
		0,
		0.372147,
		0.02779,
		-0.927758,
		0,
		-0.02291,
		0.999522,
		0.02075,
		0,
		0.049132,
		0.677078,
		-0.075686,
		1
	},
	[0.133333333333] = {
		0.943769,
		0.017593,
		0.330137,
		0,
		0.329895,
		0.015286,
		-0.943894,
		0,
		-0.021652,
		0.999728,
		0.008623,
		0,
		0.046663,
		0.676377,
		-0.072686,
		1
	},
	[0.141666666667] = {
		0.963826,
		0.023233,
		0.265516,
		0,
		0.265124,
		0.018654,
		-0.964034,
		0,
		-0.02735,
		0.999556,
		0.01182,
		0,
		0.042766,
		0.676244,
		-0.06915,
		1
	},
	[0.158333333333] = {
		0.991588,
		0.037036,
		0.124023,
		0,
		0.12248,
		0.041366,
		-0.991609,
		0,
		-0.041855,
		0.998457,
		0.036481,
		0,
		0.034458,
		0.676484,
		-0.062175,
		1
	},
	[0.15] = {
		0.980936,
		0.030159,
		0.191974,
		0,
		0.19109,
		0.029921,
		-0.981116,
		0,
		-0.035333,
		0.999097,
		0.023587,
		0,
		0.038418,
		0.676368,
		-0.065443,
		1
	},
	[0.166666666667] = {
		0.996216,
		0.041227,
		0.076517,
		0,
		0.074619,
		0.045746,
		-0.996162,
		0,
		-0.044569,
		0.998102,
		0.042497,
		0,
		0.031509,
		0.676423,
		-0.060187,
		1
	},
	[0.175] = {
		0.998079,
		0.042541,
		0.045041,
		0,
		0.04315,
		0.04436,
		-0.998083,
		0,
		-0.044457,
		0.998109,
		0.042439,
		0,
		0.029225,
		0.676257,
		-0.059155,
		1
	},
	[0.183333333333] = {
		0.998954,
		0.043013,
		0.015517,
		0,
		0.013659,
		0.043153,
		-0.998975,
		0,
		-0.043638,
		0.998142,
		0.042521,
		0,
		0.026941,
		0.67614,
		-0.058155,
		1
	},
	[0.191666666667] = {
		0.999013,
		0.042762,
		-0.011989,
		0,
		-0.013794,
		0.042173,
		-0.999015,
		0,
		-0.042215,
		0.998195,
		0.042721,
		0,
		0.024673,
		0.67607,
		-0.057215,
		1
	},
	[0.1] = {
		0.972673,
		0.039128,
		0.228857,
		0,
		0.211213,
		0.260202,
		-0.94217,
		0,
		-0.096414,
		0.964761,
		0.244827,
		0,
		0.076905,
		0.416507,
		-0.240023,
		1
	},
	[0.208333333333] = {
		0.997329,
		0.040564,
		-0.060738,
		0,
		-0.062399,
		0.041025,
		-0.997208,
		0,
		-0.037959,
		0.998334,
		0.043446,
		0,
		0.020249,
		0.676041,
		-0.055617,
		1
	},
	[0.216666666667] = {
		0.995883,
		0.038849,
		-0.081897,
		0,
		-0.083475,
		0.0409,
		-0.99567,
		0,
		-0.035331,
		0.998408,
		0.043974,
		0,
		0.018125,
		0.676072,
		-0.055006,
		1
	},
	[0.225] = {
		0.994216,
		0.036876,
		-0.100867,
		0,
		-0.102359,
		0.041091,
		-0.993899,
		0,
		-0.032506,
		0.998475,
		0.044628,
		0,
		0.016079,
		0.676124,
		-0.05455,
		1
	},
	[0.233333333333] = {
		0.992451,
		0.034755,
		-0.117617,
		0,
		-0.119023,
		0.041602,
		-0.99202,
		0,
		-0.029585,
		0.99853,
		0.045424,
		0,
		0.014129,
		0.676192,
		-0.054272,
		1
	},
	[0.241666666667] = {
		0.990698,
		0.032597,
		-0.132119,
		0,
		-0.133442,
		0.042432,
		-0.990148,
		0,
		-0.02667,
		0.998567,
		0.046387,
		0,
		0.01229,
		0.676269,
		-0.05419,
		1
	},
	[0.258333333333] = {
		0.987616,
		0.028591,
		-0.154263,
		0,
		-0.155443,
		0.045035,
		-0.986818,
		0,
		-0.021267,
		0.998576,
		0.048921,
		0,
		0.009017,
		0.676424,
		-0.054692,
		1
	},
	[0.25] = {
		0.989057,
		0.030507,
		-0.144345,
		0,
		-0.145591,
		0.043579,
		-0.988385,
		0,
		-0.023862,
		0.998584,
		0.047543,
		0,
		0.010581,
		0.676348,
		-0.054323,
		1
	},
	[0.266666666667] = {
		0.986449,
		0.02695,
		-0.161842,
		0,
		-0.162968,
		0.046794,
		-0.985521,
		0,
		-0.018986,
		0.998541,
		0.050552,
		0,
		0.007616,
		0.67649,
		-0.055313,
		1
	},
	[0.275] = {
		0.985615,
		0.025685,
		-0.167042,
		0,
		-0.168134,
		0.048849,
		-0.984553,
		0,
		-0.017129,
		0.998476,
		0.052465,
		0,
		0.006397,
		0.67654,
		-0.056205,
		1
	},
	[0.283333333333] = {
		0.985161,
		0.024895,
		-0.16982,
		0,
		-0.170906,
		0.051195,
		-0.983956,
		0,
		-0.015802,
		0.998378,
		0.05469,
		0,
		0.005379,
		0.676569,
		-0.057384,
		1
	},
	[0.291666666667] = {
		0.985113,
		0.024678,
		-0.170127,
		0,
		-0.171242,
		0.05383,
		-0.983757,
		0,
		-0.015119,
		0.998245,
		0.057255,
		0,
		0.004581,
		0.67657,
		-0.058868,
		1
	},
	[0.2] = {
		0.99842,
		0.041907,
		-0.037422,
		0,
		-0.03916,
		0.041455,
		-0.998373,
		0,
		-0.040287,
		0.998261,
		0.043031,
		0,
		0.022438,
		0.676038,
		-0.056361,
		1
	},
	[0.308333333333] = {
		0.986258,
		0.02634,
		-0.163096,
		0,
		-0.164418,
		0.059979,
		-0.984565,
		0,
		-0.016151,
		0.997852,
		0.063485,
		0,
		0.003724,
		0.676463,
		-0.062816,
		1
	},
	[0.316666666667] = {
		0.987408,
		0.028406,
		-0.155623,
		0,
		-0.157154,
		0.063513,
		-0.98553,
		0,
		-0.018111,
		0.997577,
		0.067177,
		0,
		0.003708,
		0.676343,
		-0.065314,
		1
	},
	[0.325] = {
		0.989133,
		0.031356,
		-0.143643,
		0,
		-0.145482,
		0.067563,
		-0.987051,
		0,
		-0.021245,
		0.997222,
		0.07139,
		0,
		0.004946,
		0.675056,
		-0.068396,
		1
	},
	[0.333333333333] = {
		0.99145,
		0.035075,
		-0.125685,
		0,
		-0.12795,
		0.072317,
		-0.989141,
		0,
		-0.025605,
		0.996765,
		0.076186,
		0,
		0.008293,
		0.671575,
		-0.07224,
		1
	},
	[0.341666666667] = {
		0.993979,
		0.039434,
		-0.102228,
		0,
		-0.10505,
		0.077775,
		-0.991421,
		0,
		-0.031145,
		0.996191,
		0.08145,
		0,
		0.013587,
		0.666059,
		-0.076777,
		1
	},
	[0.358333333333] = {
		0.997939,
		0.04952,
		-0.040808,
		0,
		-0.045187,
		0.090804,
		-0.994843,
		0,
		-0.045559,
		0.994637,
		0.092854,
		0,
		0.02934,
		0.649727,
		-0.087633,
		1
	},
	[0.35] = {
		0.996292,
		0.044296,
		-0.073762,
		0,
		-0.077286,
		0.083939,
		-0.993469,
		0,
		-0.037816,
		0.995486,
		0.087051,
		0,
		0.020659,
		0.658705,
		-0.081933,
		1
	},
	[0.366666666667] = {
		0.998481,
		0.054962,
		-0.003925,
		0,
		-0.009326,
		0.098354,
		-0.995108,
		0,
		-0.054307,
		0.993633,
		0.098718,
		0,
		0.03946,
		0.639327,
		-0.093799,
		1
	},
	[0.375] = {
		0.99751,
		0.060477,
		0.036271,
		0,
		0.029677,
		0.106562,
		-0.993863,
		0,
		-0.063971,
		0.992465,
		0.104502,
		0,
		0.05085,
		0.6277,
		-0.100358,
		1
	},
	[0.383333333333] = {
		0.994684,
		0.065927,
		0.079109,
		0,
		0.071151,
		0.115381,
		-0.99077,
		0,
		-0.074446,
		0.991131,
		0.110077,
		0,
		0.063337,
		0.615033,
		-0.107233,
		1
	},
	[0.391666666667] = {
		0.989742,
		0.071178,
		0.123874,
		0,
		0.114381,
		0.124744,
		-0.985574,
		0,
		-0.085604,
		0.989633,
		0.115323,
		0,
		0.076746,
		0.601514,
		-0.11435,
		1
	},
	[0.3] = {
		0.985482,
		0.025128,
		-0.167907,
		0,
		-0.169096,
		0.056756,
		-0.983964,
		0,
		-0.015195,
		0.998072,
		0.060181,
		0,
		0.004022,
		0.676537,
		-0.060673,
		1
	},
	[0.408333333333] = {
		0.973029,
		0.080631,
		0.216133,
		0,
		0.20311,
		0.144743,
		-0.968399,
		0,
		-0.109367,
		0.986179,
		0.124462,
		0,
		0.105612,
		0.572673,
		-0.129025,
		1
	},
	[0.416666666667] = {
		0.961327,
		0.084652,
		0.262077,
		0,
		0.247095,
		0.155157,
		-0.956489,
		0,
		-0.121632,
		0.984256,
		0.12824,
		0,
		0.120699,
		0.557725,
		-0.136444,
		1
	},
	[0.425] = {
		0.947657,
		0.088123,
		0.306889,
		0,
		0.289852,
		0.165678,
		-0.942622,
		0,
		-0.133912,
		0.982235,
		0.131463,
		0,
		0.13597,
		0.542673,
		-0.143833,
		1
	},
	[0.433333333333] = {
		0.932368,
		0.091015,
		0.349866,
		0,
		0.330709,
		0.176168,
		-0.927144,
		0,
		-0.14602,
		0.980143,
		0.134154,
		0,
		0.151234,
		0.527704,
		-0.151133,
		1
	},
	[0.441666666667] = {
		0.915917,
		0.093327,
		0.390367,
		0,
		0.369058,
		0.186491,
		-0.910504,
		0,
		-0.157774,
		0.978014,
		0.136367,
		0,
		0.166299,
		0.513002,
		-0.158289,
		1
	},
	[0.458333333333] = {
		0.881758,
		0.096324,
		0.461763,
		0,
		0.436197,
		0.206097,
		-0.875932,
		0,
		-0.179541,
		0.973779,
		0.139711,
		0,
		0.195058,
		0.485133,
		-0.171971,
		1
	},
	[0.45] = {
		0.898845,
		0.095082,
		0.427828,
		0,
		0.40437,
		0.19651,
		-0.893235,
		0,
		-0.169003,
		0.975881,
		0.138184,
		0,
		0.180971,
		0.49875,
		-0.165251,
		1
	},
	[0.466666666667] = {
		0.865296,
		0.097118,
		0.491763,
		0,
		0.464167,
		0.215133,
		-0.859224,
		0,
		-0.189241,
		0.971744,
		0.141074,
		0,
		0.208368,
		0.472334,
		-0.178408,
		1
	},
	[0.475] = {
		0.850114,
		0.097539,
		0.517486,
		0,
		0.487972,
		0.22351,
		-0.843758,
		0,
		-0.197962,
		0.969809,
		0.142413,
		0,
		0.220711,
		0.460536,
		-0.184517,
		1
	},
	[0.483333333333] = {
		0.83686,
		0.097671,
		0.538633,
		0,
		0.507349,
		0.23113,
		-0.830166,
		0,
		-0.205577,
		0.968008,
		0.14387,
		0,
		0.231898,
		0.449923,
		-0.190259,
		1
	},
	[0.491666666667] = {
		0.826151,
		0.097601,
		0.554931,
		0,
		0.52206,
		0.237906,
		-0.819057,
		0,
		-0.211962,
		0.966372,
		0.145593,
		0,
		0.241743,
		0.440679,
		-0.195591,
		1
	},
	[0.4] = {
		0.982534,
		0.076113,
		0.169807,
		0,
		0.158621,
		0.134566,
		-0.978127,
		0,
		-0.097298,
		0.987977,
		0.120142,
		0,
		0.090899,
		0.587332,
		-0.121637,
		1
	},
	[0.508333333333] = {
		0.814593,
		0.097187,
		0.571833,
		0,
		0.53647,
		0.248608,
		-0.80647,
		0,
		-0.22054,
		0.963716,
		0.150376,
		0,
		0.256661,
		0.42703,
		-0.204854,
		1
	},
	[0.516666666667] = {
		0.81468,
		0.096985,
		0.571743,
		0,
		0.535545,
		0.252382,
		-0.805913,
		0,
		-0.222459,
		0.962755,
		0.15367,
		0,
		0.261368,
		0.422996,
		-0.208687,
		1
	},
	[0.525] = {
		0.820774,
		0.096741,
		0.563002,
		0,
		0.526505,
		0.254269,
		-0.811258,
		0,
		-0.221636,
		0.962283,
		0.157763,
		0,
		0.264079,
		0.420975,
		-0.211973,
		1
	},
	[0.533333333333] = {
		0.833521,
		0.096372,
		0.544018,
		0,
		0.507905,
		0.253849,
		-0.82316,
		0,
		-0.217428,
		0.962431,
		0.16264,
		0,
		0.264965,
		0.420803,
		-0.214764,
		1
	},
	[0.541666666667] = {
		0.851153,
		0.095857,
		0.516091,
		0,
		0.48092,
		0.25162,
		-0.839883,
		0,
		-0.210368,
		0.963067,
		0.168067,
		0,
		0.264252,
		0.422281,
		-0.217077,
		1
	},
	[0.558333333333] = {
		0.893658,
		0.09424,
		0.438741,
		0,
		0.40658,
		0.243732,
		-0.880504,
		0,
		-0.189914,
		0.965253,
		0.179497,
		0,
		0.258933,
		0.429395,
		-0.220336,
		1
	},
	[0.55] = {
		0.871806,
		0.095155,
		0.48052,
		0,
		0.446713,
		0.24808,
		-0.859595,
		0,
		-0.201003,
		0.964055,
		0.173771,
		0,
		0.262165,
		0.425211,
		-0.218928,
		1
	},
	[0.566666666667] = {
		0.915062,
		0.093132,
		0.392413,
		0,
		0.362041,
		0.23908,
		-0.900981,
		0,
		-0.177728,
		0.966523,
		0.185055,
		0,
		0.254784,
		0.434631,
		-0.221333,
		1
	},
	[0.575] = {
		0.934666,
		0.091921,
		0.34344,
		0,
		0.31486,
		0.234623,
		-0.919682,
		0,
		-0.165117,
		0.967731,
		0.190352,
		0,
		0.249944,
		0.440719,
		-0.221963,
		1
	},
	[0.583333333333] = {
		0.951504,
		0.090767,
		0.293942,
		0,
		0.267018,
		0.230848,
		-0.935634,
		0,
		-0.152781,
		0.968747,
		0.195417,
		0,
		0.244629,
		0.447451,
		-0.222285,
		1
	},
	[0.591666666667] = {
		0.965045,
		0.0899,
		0.246183,
		0,
		0.220646,
		0.228216,
		-0.948279,
		0,
		-0.141433,
		0.969451,
		0.200403,
		0,
		0.239048,
		0.45462,
		-0.222372,
		1
	},
	[0.5] = {
		0.818559,
		0.097414,
		0.566102,
		0,
		0.53186,
		0.243757,
		-0.810992,
		0,
		-0.216993,
		0.964932,
		0.147719,
		0,
		0.250059,
		0.432986,
		-0.200472,
		1
	},
	[0.608333333333] = {
		0.982138,
		0.090168,
		0.165153,
		0,
		0.141057,
		0.22809,
		-0.963368,
		0,
		-0.124535,
		0.969456,
		0.211297,
		0,
		0.227857,
		0.469425,
		-0.222178,
		1
	},
	[0.616666666667] = {
		0.986377,
		0.091906,
		0.136434,
		0,
		0.112106,
		0.231411,
		-0.966375,
		0,
		-0.120388,
		0.968505,
		0.217955,
		0,
		0.222603,
		0.476633,
		-0.222083,
		1
	},
	[0.625] = {
		0.98894,
		0.094895,
		0.113986,
		0,
		0.088797,
		0.236755,
		-0.967503,
		0,
		-0.118798,
		0.966924,
		0.22571,
		0,
		0.217243,
		0.484069,
		-0.221978,
		1
	},
	[0.633333333333] = {
		0.990648,
		0.098979,
		0.093919,
		0,
		0.067416,
		0.243373,
		-0.967587,
		0,
		-0.118628,
		0.964869,
		0.234424,
		0,
		0.211326,
		0.492231,
		-0.221763,
		1
	},
	[0.641666666667] = {
		0.991655,
		0.104059,
		0.076104,
		0,
		0.047845,
		0.251106,
		-0.966776,
		0,
		-0.119712,
		0.96235,
		0.244032,
		0,
		0.204932,
		0.501013,
		-0.221449,
		1
	},
	[0.658333333333] = {
		0.992062,
		0.116761,
		0.046693,
		0,
		0.013623,
		0.269333,
		-0.962951,
		0,
		-0.125011,
		0.955943,
		0.265604,
		0,
		0.191017,
		0.520006,
		-0.220565,
		1
	},
	[0.65] = {
		0.992091,
		0.110026,
		0.060407,
		0,
		0.029956,
		0.259806,
		-0.965196,
		0,
		-0.12189,
		0.959372,
		0.254456,
		0,
		0.198136,
		0.510306,
		-0.221046,
		1
	},
	[0.666666666667] = {
		0.991653,
		0.124141,
		0.03482,
		0,
		-0.001283,
		0.279551,
		-0.96013,
		0,
		-0.128926,
		0.952071,
		0.277377,
		0,
		0.183653,
		0.530007,
		-0.220013,
		1
	},
	[0.675] = {
		0.990938,
		0.132038,
		0.024648,
		0,
		-0.014886,
		0.290333,
		-0.95681,
		0,
		-0.133491,
		0.947773,
		0.289668,
		0,
		0.176122,
		0.540203,
		-0.219403,
		1
	},
	[0.683333333333] = {
		0.989977,
		0.140319,
		0.01603,
		0,
		-0.02731,
		0.301553,
		-0.953058,
		0,
		-0.138566,
		0.943068,
		0.302362,
		0,
		0.168503,
		0.550492,
		-0.218742,
		1
	},
	[0.691666666667] = {
		0.98882,
		0.148852,
		0.008815,
		0,
		-0.038671,
		0.313088,
		-0.948936,
		0,
		-0.144011,
		0.937987,
		0.315344,
		0,
		0.160876,
		0.560769,
		-0.21804,
		1
	},
	[0.6] = {
		0.975178,
		0.089599,
		0.202485,
		0,
		0.177935,
		0.22716,
		-0.957464,
		0,
		-0.131784,
		0.969727,
		0.205578,
		0,
		0.233396,
		0.462016,
		-0.222306,
		1
	},
	[0.708333333333] = {
		0.9861,
		0.166141,
		-0.002029,
		0,
		-0.05865,
		0.336631,
		-0.939808,
		0,
		-0.155457,
		0.926864,
		0.341696,
		0,
		0.145915,
		0.580882,
		-0.216554,
		1
	},
	[0.716666666667] = {
		0.984615,
		0.174633,
		-0.005984,
		0,
		-0.067475,
		0.348405,
		-0.934912,
		0,
		-0.161182,
		0.920933,
		0.354828,
		0,
		0.138741,
		0.590516,
		-0.215786,
		1
	},
	[0.725] = {
		0.983097,
		0.182854,
		-0.009185,
		0,
		-0.075652,
		0.360027,
		-0.929869,
		0,
		-0.166724,
		0.914847,
		0.367775,
		0,
		0.13188,
		0.599734,
		-0.215013,
		1
	},
	[0.733333333333] = {
		0.981581,
		0.190679,
		-0.011811,
		0,
		-0.083271,
		0.371384,
		-0.924738,
		0,
		-0.171942,
		0.908689,
		0.380422,
		0,
		0.125411,
		0.608437,
		-0.214244,
		1
	},
	[0.741666666667] = {
		0.980104,
		0.197989,
		-0.014041,
		0,
		-0.090415,
		0.382365,
		-0.919577,
		0,
		-0.176697,
		0.902551,
		0.392658,
		0,
		0.119417,
		0.616526,
		-0.213486,
		1
	},
	[0.758333333333] = {
		0.977405,
		0.210602,
		-0.018062,
		0,
		-0.103588,
		0.402758,
		-0.909426,
		0,
		-0.184253,
		0.890748,
		0.415473,
		0,
		0.109177,
		0.630473,
		-0.212035,
		1
	},
	[0.75] = {
		0.9787,
		0.204667,
		-0.016062,
		0,
		-0.097162,
		0.392859,
		-0.914451,
		0,
		-0.180848,
		0.896534,
		0.404377,
		0,
		0.113978,
		0.623904,
		-0.212748,
		1
	},
	[0.766666666667] = {
		0.976253,
		0.215688,
		-0.020233,
		0,
		-0.109763,
		0.411956,
		-0.904569,
		0,
		-0.186769,
		0.885309,
		0.425847,
		0,
		0.105095,
		0.636136,
		-0.211356,
		1
	},
	[0.775] = {
		0.975275,
		0.21982,
		-0.022771,
		0,
		-0.115755,
		0.420347,
		-0.899949,
		0,
		-0.188255,
		0.880334,
		0.435399,
		0,
		0.101816,
		0.640795,
		-0.210718,
		1
	},
	[0.783333333333] = {
		0.974499,
		0.222895,
		-0.025869,
		0,
		-0.121632,
		0.42783,
		-0.895638,
		0,
		-0.188566,
		0.875945,
		0.444031,
		0,
		0.099421,
		0.644355,
		-0.210127,
		1
	},
	[0.791666666667] = {
		0.973887,
		0.22516,
		-0.02909,
		0,
		-0.127137,
		0.434721,
		-0.891546,
		0,
		-0.188095,
		0.871964,
		0.451996,
		0,
		0.097566,
		0.647257,
		-0.209578,
		1
	},
	[0.7] = {
		0.987514,
		0.157503,
		0.002849,
		0,
		-0.049082,
		0.32482,
		-0.944501,
		0,
		-0.149687,
		0.932569,
		0.328495,
		0,
		0.15332,
		0.570933,
		-0.217308,
		1
	},
	[0.808333333333] = {
		0.972999,
		0.228247,
		-0.034286,
		0,
		-0.136212,
		0.447924,
		-0.883635,
		0,
		-0.18633,
		0.864446,
		0.46692,
		0,
		0.094262,
		0.65263,
		-0.20857,
		1
	},
	[0.816666666667] = {
		0.972724,
		0.229105,
		-0.03631,
		0,
		-0.139835,
		0.454266,
		-0.879823,
		0,
		-0.185077,
		0.860903,
		0.473912,
		0,
		0.092803,
		0.655108,
		-0.208108,
		1
	},
	[0.825] = {
		0.97256,
		0.229529,
		-0.037983,
		0,
		-0.142885,
		0.460451,
		-0.87611,
		0,
		-0.183603,
		0.857497,
		0.480612,
		0,
		0.091466,
		0.657455,
		-0.207672,
		1
	},
	[0.833333333333] = {
		0.972505,
		0.229538,
		-0.039328,
		0,
		-0.145389,
		0.46649,
		-0.872496,
		0,
		-0.181925,
		0.854224,
		0.487036,
		0,
		0.090246,
		0.659672,
		-0.20726,
		1
	},
	[0.841666666667] = {
		0.972553,
		0.229153,
		-0.040367,
		0,
		-0.147374,
		0.472395,
		-0.868979,
		0,
		-0.18006,
		0.851077,
		0.4932,
		0,
		0.089137,
		0.661765,
		-0.20687,
		1
	},
	[0.858333333333] = {
		0.972942,
		0.227272,
		-0.041613,
		0,
		-0.149898,
		0.483835,
		-0.862226,
		0,
		-0.175826,
		0.845134,
		0.504811,
		0,
		0.087235,
		0.665594,
		-0.206149,
		1
	},
	[0.85] = {
		0.972701,
		0.228391,
		-0.041122,
		0,
		-0.148868,
		0.478174,
		-0.865557,
		0,
		-0.178022,
		0.848049,
		0.49912,
		0,
		0.088135,
		0.663738,
		-0.2065,
		1
	},
	[0.866666666667] = {
		0.97327,
		0.225816,
		-0.04186,
		0,
		-0.150491,
		0.489388,
		-0.858983,
		0,
		-0.173486,
		0.842322,
		0.51029,
		0,
		0.086434,
		0.667337,
		-0.205815,
		1
	},
	[0.875] = {
		0.973679,
		0.224043,
		-0.041883,
		0,
		-0.150675,
		0.494837,
		-0.855823,
		0,
		-0.171016,
		0.839608,
		0.51557,
		0,
		0.085725,
		0.668971,
		-0.205496,
		1
	},
	[0.883333333333] = {
		0.974161,
		0.221973,
		-0.041701,
		0,
		-0.150477,
		0.500191,
		-0.85274,
		0,
		-0.168427,
		0.836981,
		0.520669,
		0,
		0.085105,
		0.670499,
		-0.205189,
		1
	},
	[0.891666666667] = {
		0.974708,
		0.219627,
		-0.041333,
		0,
		-0.149925,
		0.505456,
		-0.849727,
		0,
		-0.165731,
		0.834433,
		0.5256,
		0,
		0.08457,
		0.671926,
		-0.204895,
		1
	},
	[0.8] = {
		0.973387,
		0.226938,
		-0.031888,
		0,
		-0.131988,
		0.441414,
		-0.887543,
		0,
		-0.187342,
		0.868132,
		0.45962,
		0,
		0.095848,
		0.650014,
		-0.20906,
		1
	},
	[0.908333333333] = {
		0.975968,
		0.214189,
		-0.04011,
		0,
		-0.147868,
		0.515739,
		-0.843889,
		0,
		-0.160065,
		0.82954,
		0.535017,
		0,
		0.083734,
		0.674489,
		-0.204333,
		1
	},
	[0.916666666667] = {
		0.976666,
		0.21114,
		-0.039292,
		0,
		-0.146418,
		0.520769,
		-0.841048,
		0,
		-0.157117,
		0.827176,
		0.539532,
		0,
		0.083425,
		0.675632,
		-0.204062,
		1
	},
	[0.925] = {
		0.977398,
		0.207899,
		-0.038359,
		0,
		-0.144725,
		0.525731,
		-0.838249,
		0,
		-0.154105,
		0.824855,
		0.543936,
		0,
		0.083184,
		0.676687,
		-0.203795,
		1
	},
	[0.933333333333] = {
		0.978157,
		0.204489,
		-0.037329,
		0,
		-0.142815,
		0.53063,
		-0.835485,
		0,
		-0.15104,
		0.822567,
		0.548244,
		0,
		0.083005,
		0.677658,
		-0.203531,
		1
	},
	[0.941666666667] = {
		0.978936,
		0.200931,
		-0.036218,
		0,
		-0.140718,
		0.535472,
		-0.832747,
		0,
		-0.147931,
		0.820302,
		0.552468,
		0,
		0.082884,
		0.678549,
		-0.203269,
		1
	},
	[0.958333333333] = {
		0.980525,
		0.193461,
		-0.033823,
		0,
		-0.13607,
		0.545005,
		-0.827317,
		0,
		-0.14162,
		0.815807,
		0.560716,
		0,
		0.0828,
		0.680103,
		-0.20274,
		1
	},
	[0.95] = {
		0.979727,
		0.197248,
		-0.035044,
		0,
		-0.13846,
		0.540262,
		-0.830027,
		0,
		-0.144788,
		0.818053,
		0.556621,
		0,
		0.082817,
		0.679363,
		-0.203005,
		1
	},
	[0.966666666667] = {
		0.981322,
		0.189595,
		-0.032573,
		0,
		-0.133576,
		0.549707,
		-0.824609,
		0,
		-0.138437,
		0.813558,
		0.564765,
		0,
		0.082829,
		0.680773,
		-0.20247,
		1
	},
	[0.975] = {
		0.982113,
		0.185672,
		-0.031308,
		0,
		-0.131007,
		0.554373,
		-0.821893,
		0,
		-0.135246,
		0.811293,
		0.568781,
		0,
		0.082899,
		0.681376,
		-0.202195,
		1
	},
	[0.983333333333] = {
		0.982892,
		0.181716,
		-0.030047,
		0,
		-0.128391,
		0.559008,
		-0.819162,
		0,
		-0.132058,
		0.809005,
		0.572775,
		0,
		0.083006,
		0.681917,
		-0.201913,
		1
	},
	[0.991666666667] = {
		0.983654,
		0.17775,
		-0.028806,
		0,
		-0.125756,
		0.563619,
		-0.816406,
		0,
		-0.128881,
		0.806684,
		0.576759,
		0,
		0.083145,
		0.682397,
		-0.201622,
		1
	},
	[0.9] = {
		0.975313,
		0.217025,
		-0.040796,
		0,
		-0.149046,
		0.510637,
		-0.846779,
		0,
		-0.16294,
		0.831956,
		0.530377,
		0,
		0.084114,
		0.673255,
		-0.20461,
		1
	},
	[1.00833333333] = {
		0.985109,
		0.169884,
		-0.026445,
		0,
		-0.120544,
		0.572792,
		-0.810789,
		0,
		-0.122593,
		0.801903,
		0.584741,
		0,
		0.083504,
		0.683192,
		-0.201009,
		1
	},
	[1.01666666667] = {
		0.985794,
		0.166033,
		-0.025358,
		0,
		-0.118026,
		0.577367,
		-0.807909,
		0,
		-0.119499,
		0.799425,
		0.588761,
		0,
		0.083715,
		0.683514,
		-0.200684,
		1
	},
	[1.025] = {
		0.986446,
		0.162268,
		-0.024355,
		0,
		-0.115603,
		0.581943,
		-0.804971,
		0,
		-0.116448,
		0.796876,
		0.592814,
		0,
		0.083941,
		0.68379,
		-0.200343,
		1
	},
	[1.03333333333] = {
		0.987062,
		0.158616,
		-0.023451,
		0,
		-0.113306,
		0.586527,
		-0.801965,
		0,
		-0.113449,
		0.794246,
		0.596911,
		0,
		0.084179,
		0.684023,
		-0.199987,
		1
	},
	[1.04166666667] = {
		0.987639,
		0.1551,
		-0.022663,
		0,
		-0.111162,
		0.591126,
		-0.798882,
		0,
		-0.11051,
		0.791527,
		0.60106,
		0,
		0.084422,
		0.684217,
		-0.199614,
		1
	},
	[1.05833333333] = {
		0.988667,
		0.14858,
		-0.021492,
		0,
		-0.107455,
		0.600395,
		-0.792452,
		0,
		-0.104839,
		0.78578,
		0.609556,
		0,
		0.084912,
		0.684501,
		-0.198808,
		1
	},
	[1.05] = {
		0.988175,
		0.151746,
		-0.022004,
		0,
		-0.109203,
		0.595746,
		-0.795714,
		0,
		-0.107638,
		0.788708,
		0.605272,
		0,
		0.084668,
		0.684375,
		-0.199221,
		1
	},
	[1.06666666667] = {
		0.989114,
		0.145626,
		-0.021139,
		0,
		-0.105949,
		0.605078,
		-0.789085,
		0,
		-0.102121,
		0.782734,
		0.61392,
		0,
		0.085149,
		0.684598,
		-0.198374,
		1
	},
	[1.075] = {
		0.989513,
		0.142912,
		-0.020962,
		0,
		-0.104715,
		0.609804,
		-0.785604,
		0,
		-0.09949,
		0.779561,
		0.618375,
		0,
		0.085376,
		0.684669,
		-0.197916,
		1
	},
	[1.08333333333] = {
		0.989864,
		0.140463,
		-0.020974,
		0,
		-0.10378,
		0.614579,
		-0.781999,
		0,
		-0.096952,
		0.776249,
		0.622927,
		0,
		0.085587,
		0.684717,
		-0.197434,
		1
	}
}

return spline_matrices
