local spline_matrices = {
	[0] = {
		0.327209,
		0.386941,
		-0.862097,
		0,
		-0.734992,
		0.677608,
		0.025169,
		0,
		0.593902,
		0.625399,
		0.506118,
		0,
		0.131946,
		0.623416,
		-0.071863,
		1
	},
	{
		0.587105,
		0.183205,
		0.788507,
		0,
		0.757114,
		0.220471,
		-0.614956,
		0,
		-0.286506,
		0.958034,
		-0.009267,
		0,
		0.149049,
		0.634903,
		-0.197487,
		1
	},
	[0.0166666666667] = {
		0.242795,
		0.396983,
		-0.88513,
		0,
		-0.729044,
		0.6766,
		0.103476,
		0,
		0.639957,
		0.620175,
		0.453693,
		0,
		0.139295,
		0.615734,
		-0.060011,
		1
	},
	[0.0333333333333] = {
		0.144696,
		0.413011,
		-0.899158,
		0,
		-0.713632,
		0.673034,
		0.194305,
		0,
		0.685414,
		0.613553,
		0.392124,
		0,
		0.148489,
		0.607327,
		-0.047279,
		1
	},
	[0.05] = {
		0.013836,
		0.455349,
		-0.890205,
		0,
		-0.683601,
		0.654037,
		0.323922,
		0,
		0.729725,
		0.604063,
		0.320326,
		0,
		0.161668,
		0.595653,
		-0.031005,
		1
	},
	[0.0666666666667] = {
		-0.132586,
		0.500598,
		-0.855466,
		0,
		-0.633074,
		0.621327,
		0.461703,
		0,
		0.762652,
		0.602789,
		0.234537,
		0,
		0.176923,
		0.583074,
		-0.01392,
		1
	},
	[0.0833333333333] = {
		-0.277238,
		0.503144,
		-0.818526,
		0,
		-0.558815,
		0.608568,
		0.563356,
		0,
		0.781578,
		0.613589,
		0.112446,
		0,
		0.193097,
		0.575054,
		0.000454,
		1
	},
	[0.116666666667] = {
		-0.555791,
		0.336641,
		-0.760111,
		0,
		-0.351371,
		0.733526,
		0.581788,
		0,
		0.753415,
		0.590434,
		-0.289402,
		0,
		0.227949,
		0.579002,
		0.016676,
		1
	},
	[0.133333333333] = {
		-0.615221,
		0.510596,
		-0.600661,
		0,
		0.029067,
		0.776092,
		0.62995,
		0,
		0.787818,
		0.370099,
		-0.49231,
		0,
		0.266429,
		0.557172,
		0.038169,
		1
	},
	[0.15] = {
		-0.551403,
		0.659477,
		-0.510926,
		0,
		0.250715,
		0.715132,
		0.652478,
		0,
		0.795674,
		0.231681,
		-0.559666,
		0,
		0.283356,
		0.537671,
		0.047366,
		1
	},
	[0.166666666667] = {
		-0.294467,
		0.799003,
		-0.524293,
		0,
		0.321656,
		0.599473,
		0.732918,
		0,
		0.899904,
		0.047178,
		-0.433529,
		0,
		0.289835,
		0.51033,
		0.061256,
		1
	},
	[0.183333333333] = {
		0.149333,
		0.822786,
		-0.548382,
		0,
		0.307163,
		0.488561,
		0.816676,
		0,
		0.939867,
		-0.290399,
		-0.179771,
		0,
		0.290068,
		0.475048,
		0.086722,
		1
	},
	[0.1] = {
		-0.424814,
		0.406699,
		-0.808782,
		0,
		-0.489397,
		0.648429,
		0.583121,
		0,
		0.761593,
		0.643534,
		-0.076425,
		0,
		0.207703,
		0.578229,
		0.008101,
		1
	},
	[0.216666666667] = {
		0.889204,
		0.176475,
		-0.422104,
		0,
		0.228614,
		0.627779,
		0.744062,
		0,
		0.396297,
		-0.758123,
		0.517879,
		0,
		0.188891,
		0.461686,
		0.11874,
		1
	},
	[0.233333333333] = {
		0.97651,
		0.037458,
		-0.212189,
		0,
		0.069256,
		0.877953,
		0.47371,
		0,
		0.204037,
		-0.477278,
		0.854737,
		0,
		0.095212,
		0.508551,
		0.094186,
		1
	},
	[0.25] = {
		0.984604,
		0.064866,
		-0.16232,
		0,
		-0.160726,
		0.701019,
		-0.694795,
		0,
		0.068721,
		0.710187,
		0.700651,
		0,
		0.030662,
		0.663599,
		-0.05883,
		1
	},
	[0.266666666667] = {
		0.96238,
		0.063622,
		-0.264153,
		0,
		-0.271588,
		0.19656,
		-0.942127,
		0,
		-0.008018,
		0.978426,
		0.206444,
		0,
		-0.011422,
		0.642202,
		-0.176205,
		1
	},
	[0.283333333333] = {
		0.963088,
		0.091365,
		-0.253206,
		0,
		-0.256271,
		0.023349,
		-0.966323,
		0,
		-0.082376,
		0.995544,
		0.045901,
		0,
		-0.034778,
		0.595159,
		-0.295505,
		1
	},
	[0.2] = {
		0.548276,
		0.627699,
		-0.552618,
		0,
		0.252835,
		0.505456,
		0.824978,
		0,
		0.797163,
		-0.592037,
		0.118425,
		0,
		0.273274,
		0.454519,
		0.105975,
		1
	},
	[0.316666666667] = {
		0.935257,
		0.077396,
		-0.345404,
		0,
		-0.331049,
		-0.154168,
		-0.930934,
		0,
		-0.125301,
		0.985009,
		-0.118565,
		0,
		-0.057846,
		0.560736,
		-0.359701,
		1
	},
	[0.333333333333] = {
		0.914829,
		0.060187,
		-0.399332,
		0,
		-0.379057,
		-0.213111,
		-0.9005,
		0,
		-0.1393,
		0.975172,
		-0.172146,
		0,
		-0.064414,
		0.55624,
		-0.361511,
		1
	},
	[0.35] = {
		0.89138,
		0.042253,
		-0.451283,
		0,
		-0.425273,
		-0.266456,
		-0.864953,
		0,
		-0.156794,
		0.962921,
		-0.219544,
		0,
		-0.069598,
		0.554902,
		-0.355654,
		1
	},
	[0.366666666667] = {
		0.862101,
		0.019374,
		-0.506366,
		0,
		-0.476306,
		-0.310088,
		-0.822787,
		0,
		-0.172959,
		0.95051,
		-0.258099,
		0,
		-0.07386,
		0.555865,
		-0.339828,
		1
	},
	[0.383333333333] = {
		0.830382,
		-0.003118,
		-0.557186,
		0,
		-0.523788,
		-0.345416,
		-0.778674,
		0,
		-0.190033,
		0.938444,
		-0.288461,
		0,
		-0.077086,
		0.558,
		-0.319011,
		1
	},
	[0.3] = {
		0.952485,
		0.092131,
		-0.290317,
		0,
		-0.283369,
		-0.081469,
		-0.955544,
		0,
		-0.111688,
		0.992408,
		-0.051491,
		0,
		-0.048437,
		0.572071,
		-0.34379,
		1
	},
	[0.416666666667] = {
		0.781763,
		-0.023623,
		-0.623128,
		0,
		-0.578366,
		-0.401024,
		-0.710403,
		0,
		-0.233108,
		0.915763,
		-0.327168,
		0,
		-0.080236,
		0.560901,
		-0.282377,
		1
	},
	[0.433333333333] = {
		0.772069,
		-0.013356,
		-0.635398,
		0,
		-0.579278,
		-0.426052,
		-0.694923,
		0,
		-0.261431,
		0.9046,
		-0.336678,
		0,
		-0.080282,
		0.560234,
		-0.27145,
		1
	},
	[0.45] = {
		0.76815,
		0.00801,
		-0.640219,
		0,
		-0.569223,
		-0.449257,
		-0.688588,
		0,
		-0.293139,
		0.893367,
		-0.340537,
		0,
		-0.079483,
		0.558898,
		-0.261942,
		1
	},
	[0.466666666667] = {
		0.768734,
		0.037813,
		-0.63845,
		0,
		-0.550244,
		-0.469734,
		-0.690349,
		0,
		-0.326006,
		0.881998,
		-0.340294,
		0,
		-0.077848,
		0.557058,
		-0.253807,
		1
	},
	[0.483333333333] = {
		0.77258,
		0.073289,
		-0.630673,
		0,
		-0.52434,
		-0.486488,
		-0.698854,
		0,
		-0.358034,
		0.870608,
		-0.337422,
		0,
		-0.0754,
		0.554901,
		-0.246992,
		1
	},
	[0.4] = {
		0.801473,
		-0.019428,
		-0.597715,
		0,
		-0.560082,
		-0.374751,
		-0.73883,
		0,
		-0.209641,
		0.926922,
		-0.311234,
		0,
		-0.079215,
		0.5601,
		-0.298195,
		1
	},
	[0.516666666667] = {
		0.78647,
		0.149761,
		-0.599197,
		0,
		-0.459853,
		-0.505663,
		-0.729959,
		0,
		-0.412312,
		0.849633,
		-0.328821,
		0,
		-0.068269,
		0.550471,
		-0.237029,
		1
	},
	[0.533333333333] = {
		0.79571,
		0.184896,
		-0.576767,
		0,
		-0.425365,
		-0.507312,
		-0.749466,
		0,
		-0.431174,
		0.841694,
		-0.325024,
		0,
		-0.063741,
		0.548636,
		-0.233679,
		1
	},
	[0.55] = {
		0.806432,
		0.219231,
		-0.549187,
		0,
		-0.388337,
		-0.504045,
		-0.771448,
		0,
		-0.44594,
		0.83539,
		-0.321343,
		0,
		-0.058676,
		0.547088,
		-0.231078,
		1
	},
	[0.566666666667] = {
		0.817906,
		0.256385,
		-0.515069,
		0,
		-0.346012,
		-0.496054,
		-0.796371,
		0,
		-0.45968,
		0.829577,
		-0.317013,
		0,
		-0.053097,
		0.545668,
		-0.228981,
		1
	},
	[0.583333333333] = {
		0.829153,
		0.295391,
		-0.474605,
		0,
		-0.298947,
		-0.483098,
		-0.82295,
		0,
		-0.472372,
		0.824233,
		-0.312256,
		0,
		-0.047033,
		0.544419,
		-0.227342,
		1
	},
	[0.5] = {
		0.778697,
		0.111579,
		-0.617399,
		0,
		-0.493528,
		-0.498655,
		-0.712582,
		0,
		-0.387378,
		0.859589,
		-0.333234,
		0,
		-0.072185,
		0.552633,
		-0.241429,
		1
	},
	[0.616666666667] = {
		0.847407,
		0.374671,
		-0.376196,
		0,
		-0.193412,
		-0.442023,
		-0.875904,
		0,
		-0.494463,
		0.815008,
		-0.302107,
		0,
		-0.033594,
		0.54261,
		-0.225207,
		1
	},
	[0.633333333333] = {
		0.852973,
		0.412719,
		-0.31953,
		0,
		-0.136657,
		-0.414239,
		-0.899851,
		0,
		-0.503747,
		0.811215,
		-0.296933,
		0,
		-0.026313,
		0.542123,
		-0.224578,
		1
	},
	[0.65] = {
		0.855526,
		0.448277,
		-0.259081,
		0,
		-0.078563,
		-0.382201,
		-0.920733,
		0,
		-0.511765,
		0.808066,
		-0.291765,
		0,
		-0.018738,
		0.54195,
		-0.224145,
		1
	},
	[0.666666666667] = {
		0.854878,
		0.480399,
		-0.195962,
		0,
		-0.020192,
		-0.346608,
		-0.937793,
		0,
		-0.518437,
		0.805655,
		-0.286607,
		0,
		-0.010943,
		0.542102,
		-0.223835,
		1
	},
	[0.683333333333] = {
		0.851092,
		0.508307,
		-0.1314,
		0,
		0.037392,
		-0.308329,
		-0.950544,
		0,
		-0.523683,
		0.804088,
		-0.281424,
		0,
		-0.003008,
		0.542581,
		-0.223582,
		1
	},
	[0.6] = {
		0.839254,
		0.33519,
		-0.428136,
		0,
		-0.247815,
		-0.465066,
		-0.849883,
		0,
		-0.483984,
		0.819366,
		-0.307244,
		0,
		-0.040518,
		0.543386,
		-0.226105,
		1
	},
	[0.716666666667] = {
		0.835564,
		0.549384,
		-0.003035,
		0,
		0.146277,
		-0.227792,
		-0.96266,
		0,
		-0.529561,
		0.803921,
		-0.270697,
		0,
		0.01292,
		0.544453,
		-0.22302,
		1
	},
	[0.733333333333] = {
		0.825049,
		0.562043,
		0.058329,
		0,
		0.195902,
		-0.187687,
		-0.962495,
		0,
		-0.530016,
		0.805532,
		-0.264956,
		0,
		0.020731,
		0.545791,
		-0.222628,
		1
	},
	[0.75] = {
		0.813762,
		0.569432,
		0.116356,
		0,
		0.241439,
		-0.149097,
		-0.958894,
		0,
		-0.528677,
		0.808404,
		-0.258813,
		0,
		0.028321,
		0.54735,
		-0.222129,
		1
	},
	[0.766666666667] = {
		0.80261,
		0.571729,
		0.170126,
		0,
		0.282411,
		-0.112992,
		-0.952616,
		0,
		-0.525415,
		0.812625,
		-0.252151,
		0,
		0.035606,
		0.54909,
		-0.221513,
		1
	},
	[0.783333333333] = {
		0.792535,
		0.5692,
		0.218861,
		0,
		0.318464,
		-0.080241,
		-0.944533,
		0,
		-0.520067,
		0.818274,
		-0.244864,
		0,
		0.042509,
		0.550971,
		-0.22078,
		1
	},
	[0.7] = {
		0.84448,
		0.531422,
		-0.066671,
		0,
		0.093183,
		-0.268367,
		-0.958799,
		0,
		-0.527419,
		0.803474,
		-0.27615,
		0,
		0.004976,
		0.543372,
		-0.223326,
		1
	},
	[0.816666666667] = {
		0.772682,
		0.550035,
		0.316899,
		0,
		0.390107,
		-0.017619,
		-0.920601,
		0,
		-0.500779,
		0.834956,
		-0.228187,
		0,
		0.057153,
		0.557202,
		-0.219151,
		1
	},
	[0.833333333333] = {
		0.76112,
		0.53338,
		0.369056,
		0,
		0.428495,
		0.013655,
		-0.903441,
		0,
		-0.486916,
		0.845766,
		-0.218157,
		0,
		0.065279,
		0.561897,
		-0.218202,
		1
	},
	[0.85] = {
		0.748079,
		0.512143,
		0.422003,
		0,
		0.467735,
		0.044181,
		-0.882764,
		0,
		-0.470746,
		0.857763,
		-0.206497,
		0,
		0.073805,
		0.567473,
		-0.217088,
		1
	},
	[0.866666666667] = {
		0.733412,
		0.486546,
		0.474741,
		0,
		0.507151,
		0.073418,
		-0.858725,
		0,
		-0.452664,
		0.870564,
		-0.192906,
		0,
		0.08262,
		0.573794,
		-0.215765,
		1
	},
	[0.883333333333] = {
		0.717116,
		0.456916,
		0.526282,
		0,
		0.546066,
		0.100867,
		-0.831647,
		0,
		-0.433077,
		0.883772,
		-0.177173,
		0,
		0.091608,
		0.580721,
		-0.214204,
		1
	},
	[0.8] = {
		0.783031,
		0.561989,
		0.266517,
		0,
		0.353223,
		-0.049095,
		-0.93425,
		0,
		-0.511953,
		0.825686,
		-0.236951,
		0,
		0.04953,
		0.553519,
		-0.219989,
		1
	},
	[0.916666666667] = {
		0.680373,
		0.387406,
		0.622101,
		0,
		0.619817,
		0.148765,
		-0.770517,
		0,
		-0.39105,
		0.909827,
		-0.138905,
		0,
		0.109615,
		0.595832,
		-0.210326,
		1
	},
	[0.933333333333] = {
		0.660664,
		0.348683,
		0.664788,
		0,
		0.653496,
		0.168654,
		-0.737902,
		0,
		-0.369413,
		0.921941,
		-0.11644,
		0,
		0.118384,
		0.603743,
		-0.208033,
		1
	},
	[0.95] = {
		0.640778,
		0.308198,
		0.703149,
		0,
		0.684399,
		0.185667,
		-0.705071,
		0,
		-0.347853,
		0.933028,
		-0.091959,
		0,
		0.12683,
		0.61172,
		-0.205548,
		1
	},
	[0.966666666667] = {
		0.621384,
		0.266655,
		0.736734,
		0,
		0.71215,
		0.199844,
		-0.672982,
		0,
		-0.326686,
		0.942845,
		-0.065719,
		0,
		0.134832,
		0.619642,
		-0.202919,
		1
	},
	[0.983333333333] = {
		0.603228,
		0.224762,
		0.765243,
		0,
		0.736461,
		0.211351,
		-0.642616,
		0,
		-0.306171,
		0.951216,
		-0.038036,
		0,
		0.142275,
		0.627403,
		-0.20021,
		1
	},
	[0.9] = {
		0.699337,
		0.42369,
		0.575686,
		0,
		0.583825,
		0.126096,
		-0.802027,
		0,
		-0.412403,
		0.896988,
		-0.159178,
		0,
		0.100648,
		0.588113,
		-0.21239,
		1
	},
	[1.01666666667] = {
		0.573834,
		0.142629,
		0.806456,
		0,
		0.773942,
		0.227583,
		-0.590948,
		0,
		-0.267822,
		0.963256,
		0.020208,
		0,
		0.15505,
		0.642056,
		-0.194824,
		1
	},
	[1.03333333333] = {
		0.564234,
		0.103633,
		0.819085,
		0,
		0.786794,
		0.233143,
		-0.571489,
		0,
		-0.250189,
		0.966905,
		0.050009,
		0,
		0.160178,
		0.648783,
		-0.192293,
		1
	},
	[1.05] = {
		0.559112,
		0.066768,
		0.826399,
		0,
		0.795498,
		0.237655,
		-0.557407,
		0,
		-0.233615,
		0.969052,
		0.079762,
		0,
		0.164339,
		0.655015,
		-0.189963,
		1
	},
	[1.06666666667] = {
		0.559242,
		0.032546,
		0.828366,
		0,
		0.799811,
		0.241654,
		-0.549459,
		0,
		-0.21806,
		0.969817,
		0.109113,
		0,
		0.16744,
		0.660685,
		-0.187899,
		1
	},
	[1.08333333333] = {
		0.565349,
		0.001457,
		0.82485,
		0,
		0.799369,
		0.245675,
		-0.548318,
		0,
		-0.203444,
		0.969351,
		0.137728,
		0,
		0.169388,
		0.665735,
		-0.186155,
		1
	},
	[1.11666666667] = {
		0.598023,
		-0.049316,
		0.79996,
		0,
		0.781786,
		0.255786,
		-0.568668,
		0,
		-0.176575,
		0.965475,
		0.191521,
		0,
		0.16943,
		0.673727,
		-0.183791,
		1
	},
	[1.13333333333] = {
		0.630695,
		-0.068589,
		0.772994,
		0,
		0.759021,
		0.261936,
		-0.596051,
		0,
		-0.161592,
		0.962645,
		0.217262,
		0,
		0.166523,
		0.676717,
		-0.183322,
		1
	},
	[1.15] = {
		0.678458,
		-0.084444,
		0.729769,
		0,
		0.720792,
		0.268473,
		-0.639047,
		0,
		-0.141959,
		0.959579,
		0.243014,
		0,
		0.16088,
		0.679269,
		-0.183353,
		1
	},
	[1.16666666667] = {
		0.736361,
		-0.096979,
		0.669602,
		0,
		0.666303,
		0.275853,
		-0.692781,
		0,
		-0.117527,
		0.956295,
		0.267745,
		0,
		0.153007,
		0.681438,
		-0.18367,
		1
	},
	[1.18333333333] = {
		0.79872,
		-0.106188,
		0.592259,
		0,
		0.595153,
		0.28426,
		-0.751657,
		0,
		-0.088539,
		0.952848,
		0.290243,
		0,
		0.143427,
		0.683268,
		-0.184059,
		1
	},
	[1.1] = {
		0.578092,
		-0.026005,
		0.815557,
		0,
		0.793624,
		0.250232,
		-0.554567,
		0,
		-0.189657,
		0.967837,
		0.165296,
		0,
		0.170085,
		0.670102,
		-0.184776,
		1
	},
	[1.21666666667] = {
		0.912782,
		-0.114533,
		0.392061,
		0,
		0.407934,
		0.303757,
		-0.861,
		0,
		-0.020478,
		0.94584,
		0.323986,
		0,
		0.121368,
		0.686039,
		-0.184365,
		1
	},
	[1.23333333333] = {
		0.954144,
		-0.113822,
		0.276863,
		0,
		0.298943,
		0.31427,
		-0.901037,
		0,
		0.015549,
		0.942486,
		0.333885,
		0,
		0.110044,
		0.687039,
		-0.184099,
		1
	},
	[1.25] = {
		0.981049,
		-0.110209,
		0.159364,
		0,
		0.187089,
		0.324841,
		-0.927079,
		0,
		0.050405,
		0.939325,
		0.339304,
		0,
		0.099269,
		0.687825,
		-0.183561,
		1
	},
	[1.26666666667] = {
		0.993488,
		-0.104151,
		0.046201,
		0,
		0.078804,
		0.335243,
		-0.93883,
		0,
		0.082291,
		0.936357,
		0.341268,
		0,
		0.089537,
		0.688434,
		-0.182844,
		1
	},
	[1.28333333333] = {
		0.993757,
		-0.096203,
		-0.056499,
		0,
		-0.019901,
		0.345439,
		-0.93823,
		0,
		0.109777,
		0.933497,
		0.341368,
		0,
		0.08127,
		0.688911,
		-0.182075,
		1
	},
	[1.2] = {
		0.859454,
		-0.112035,
		0.498786,
		0,
		0.508164,
		0.293641,
		-0.809657,
		0,
		-0.055754,
		0.949328,
		0.309303,
		0,
		0.132689,
		0.684791,
		-0.184334,
		1
	},
	[1.31666666667] = {
		0.974225,
		-0.076946,
		-0.212049,
		0,
		-0.170206,
		0.366164,
		-0.914852,
		0,
		0.148039,
		0.927364,
		0.34363,
		0,
		0.070484,
		0.689659,
		-0.180881,
		1
	},
	[1.33333333333] = {
		0.963661,
		-0.066744,
		-0.258655,
		0,
		-0.215543,
		0.377681,
		-0.900499,
		0,
		0.157792,
		0.923527,
		0.34957,
		0,
		0.068533,
		0.690035,
		-0.180644,
		1
	},
	[1.35] = {
		0.95627,
		-0.05573,
		-0.287126,
		0,
		-0.243849,
		0.390166,
		-0.887867,
		0,
		0.161508,
		0.919057,
		0.359514,
		0,
		0.068144,
		0.690353,
		-0.180694,
		1
	},
	[1.36666666667] = {
		0.951807,
		-0.043154,
		-0.303645,
		0,
		-0.26149,
		0.403179,
		-0.876966,
		0,
		0.160268,
		0.914103,
		0.372464,
		0,
		0.068245,
		0.690514,
		-0.180998,
		1
	},
	[1.38333333333] = {
		0.950357,
		-0.029341,
		-0.309776,
		0,
		-0.270054,
		0.416774,
		-0.867969,
		0,
		0.154573,
		0.908536,
		0.388161,
		0,
		0.068747,
		0.690531,
		-0.181529,
		1
	},
	[1.3] = {
		0.985781,
		-0.086947,
		-0.143789,
		0,
		-0.104115,
		0.355612,
		-0.928817,
		0,
		0.131891,
		0.930581,
		0.341503,
		0,
		0.07482,
		0.689302,
		-0.181385,
		1
	},
	[1.41666666667] = {
		0.95515,
		0.000774,
		-0.296122,
		0,
		-0.265378,
		0.445939,
		-0.854818,
		0,
		0.131391,
		0.895063,
		0.426143,
		0,
		0.070662,
		0.690193,
		-0.183177,
		1
	},
	[1.43333333333] = {
		0.960246,
		0.016494,
		-0.278667,
		0,
		-0.254543,
		0.461569,
		-0.849801,
		0,
		0.114608,
		0.886951,
		0.447418,
		0,
		0.071953,
		0.689865,
		-0.184255,
		1
	},
	[1.45] = {
		0.96624,
		0.032285,
		-0.255612,
		0,
		-0.239541,
		0.47788,
		-0.845134,
		0,
		0.094866,
		0.877832,
		0.46948,
		0,
		0.073398,
		0.68945,
		-0.185479,
		1
	},
	[1.46666666667] = {
		0.972458,
		0.047896,
		-0.228106,
		0,
		-0.221478,
		0.494798,
		-0.84031,
		0,
		0.072619,
		0.867687,
		0.491778,
		0,
		0.074949,
		0.688963,
		-0.186828,
		1
	},
	[1.48333333333] = {
		0.978297,
		0.063102,
		-0.197365,
		0,
		-0.201474,
		0.512203,
		-0.834899,
		0,
		0.048407,
		0.856543,
		0.5138,
		0,
		0.076566,
		0.688418,
		-0.188282,
		1
	},
	[1.4] = {
		0.95164,
		-0.014599,
		-0.306867,
		0,
		-0.270934,
		0.431012,
		-0.860711,
		0,
		0.144829,
		0.902228,
		0.406213,
		0,
		0.069574,
		0.690419,
		-0.182262,
		1
	},
	[1.51666666667] = {
		0.987077,
		0.091648,
		-0.131449,
		0,
		-0.160211,
		0.547734,
		-0.82117,
		0,
		-0.003259,
		0.831618,
		0.555339,
		0,
		0.079832,
		0.687214,
		-0.191401,
		1
	},
	[1.53333333333] = {
		0.989543,
		0.104816,
		-0.099088,
		0,
		-0.141261,
		0.565393,
		-0.812635,
		0,
		-0.029154,
		0.818134,
		0.574288,
		0,
		0.081402,
		0.686583,
		-0.193005,
		1
	},
	[1.55] = {
		0.990696,
		0.117258,
		-0.069075,
		0,
		-0.124953,
		0.582619,
		-0.803083,
		0,
		-0.053924,
		0.804242,
		0.59185,
		0,
		0.082876,
		0.685948,
		-0.194589,
		1
	},
	[1.56666666667] = {
		0.990706,
		0.129081,
		-0.042893,
		0,
		-0.112382,
		0.599116,
		-0.792736,
		0,
		-0.076629,
		0.790189,
		0.608054,
		0,
		0.084215,
		0.685323,
		-0.196111,
		1
	},
	[1.58333333333] = {
		0.989841,
		0.140463,
		-0.022011,
		0,
		-0.104599,
		0.614579,
		-0.78189,
		0,
		-0.096299,
		0.776249,
		0.623028,
		0,
		0.08538,
		0.684717,
		-0.197524,
		1
	},
	[1.5] = {
		0.983279,
		0.077726,
		-0.164687,
		0,
		-0.180666,
		0.52992,
		-0.82858,
		0,
		0.022869,
		0.844478,
		0.535101,
		0,
		0.078207,
		0.687831,
		-0.189816,
		1
	}
}

return spline_matrices
