local spline_matrices = {
	[0] = {
		0.989864,
		0.140463,
		-0.020974,
		0,
		-0.10378,
		0.614579,
		-0.781999,
		0,
		-0.096952,
		0.776249,
		0.622927,
		0,
		0.085587,
		0.684717,
		-0.197434,
		1
	},
	{
		0.984394,
		0.173798,
		-0.027599,
		0,
		-0.123131,
		0.568211,
		-0.813618,
		0,
		-0.125723,
		0.80432,
		0.580744,
		0,
		0.083313,
		0.682821,
		-0.201322,
		1
	},
	[0.0166666666667] = {
		0.928525,
		0.154387,
		-0.337648,
		0,
		-0.363898,
		0.558775,
		-0.745217,
		0,
		0.073617,
		0.814822,
		0.575017,
		0,
		0.056962,
		0.635171,
		-0.187415,
		1
	},
	[0.0333333333333] = {
		0.766321,
		0.145482,
		-0.62577,
		0,
		-0.60271,
		0.500081,
		-0.62182,
		0,
		0.222472,
		0.853671,
		0.470906,
		0,
		-0.007632,
		0.53525,
		-0.177943,
		1
	},
	[0.05] = {
		0.451869,
		0.154179,
		-0.87866,
		0,
		-0.847651,
		0.381184,
		-0.369036,
		0,
		0.278034,
		0.911552,
		0.302935,
		0,
		-0.074307,
		0.454335,
		-0.168664,
		1
	},
	[0.0666666666667] = {
		-0.150069,
		0.126666,
		-0.980528,
		0,
		-0.983764,
		0.079602,
		0.160848,
		0,
		0.098426,
		0.988746,
		0.112664,
		0,
		-0.132714,
		0.433056,
		-0.15366,
		1
	},
	[0.0833333333333] = {
		-0.00935,
		0.162111,
		-0.986728,
		0,
		-0.998553,
		0.050752,
		0.0178,
		0,
		0.052964,
		0.985467,
		0.161402,
		0,
		-0.175697,
		0.338258,
		-0.143402,
		1
	},
	[0.116666666667] = {
		0.916779,
		0.011745,
		-0.399221,
		0,
		-0.399116,
		0.064235,
		-0.914648,
		0,
		0.014901,
		0.997866,
		0.063577,
		0,
		-0.032447,
		0.678019,
		-0.084298,
		1
	},
	[0.133333333333] = {
		0.948876,
		0.019907,
		-0.315021,
		0,
		-0.3156,
		0.042104,
		-0.947958,
		0,
		-0.005607,
		0.998915,
		0.046234,
		0,
		-0.021818,
		0.677048,
		-0.081457,
		1
	},
	[0.15] = {
		0.914056,
		0.032274,
		-0.404303,
		0,
		-0.40541,
		0.04306,
		-0.91312,
		0,
		-0.01206,
		0.998551,
		0.052443,
		0,
		-0.021482,
		0.676556,
		-0.073527,
		1
	},
	[0.166666666667] = {
		0.879103,
		0.041227,
		-0.474845,
		0,
		-0.476411,
		0.045746,
		-0.878032,
		0,
		-0.014476,
		0.998102,
		0.059857,
		0,
		-0.022029,
		0.676264,
		-0.067578,
		1
	},
	[0.183333333333] = {
		0.880096,
		0.043534,
		-0.472797,
		0,
		-0.474475,
		0.044007,
		-0.879168,
		0,
		-0.017467,
		0.998082,
		0.059386,
		0,
		-0.020707,
		0.676096,
		-0.065613,
		1
	},
	[0.1] = {
		0.580009,
		0.040972,
		-0.813579,
		0,
		-0.809832,
		0.137013,
		-0.570438,
		0,
		0.088099,
		0.989722,
		0.112649,
		0,
		-0.112938,
		0.547409,
		-0.112073,
		1
	},
	[0.216666666667] = {
		0.891657,
		0.039796,
		-0.45096,
		0,
		-0.452434,
		0.043415,
		-0.89074,
		0,
		-0.015869,
		0.998264,
		0.056716,
		0,
		-0.018766,
		0.676157,
		-0.063041,
		1
	},
	[0.233333333333] = {
		0.901286,
		0.035654,
		-0.431755,
		0,
		-0.433033,
		0.04446,
		-0.900281,
		0,
		-0.012903,
		0.998375,
		0.055511,
		0,
		-0.017852,
		0.676292,
		-0.062408,
		1
	},
	[0.25] = {
		0.912739,
		0.03123,
		-0.407348,
		0,
		-0.40843,
		0.046339,
		-0.911612,
		0,
		-0.009593,
		0.998437,
		0.055051,
		0,
		-0.016773,
		0.676434,
		-0.062192,
		1
	},
	[0.266666666667] = {
		0.925426,
		0.027421,
		-0.377934,
		0,
		-0.378866,
		0.049057,
		-0.92415,
		0,
		-0.006801,
		0.99842,
		0.055787,
		0,
		-0.015375,
		0.676543,
		-0.06238,
		1
	},
	[0.283333333333] = {
		0.938755,
		0.025105,
		-0.343671,
		0,
		-0.344544,
		0.052691,
		-0.93729,
		0,
		-0.005422,
		0.998295,
		0.058113,
		0,
		-0.013507,
		0.67658,
		-0.062965,
		1
	},
	[0.2] = {
		0.88442,
		0.042736,
		-0.46473,
		0,
		-0.466357,
		0.043244,
		-0.883539,
		0,
		-0.017662,
		0.99815,
		0.058176,
		0,
		-0.019668,
		0.676076,
		-0.064104,
		1
	},
	[0.316666666667] = {
		0.964929,
		0.028406,
		-0.260971,
		0,
		-0.262291,
		0.063513,
		-0.962896,
		0,
		-0.010777,
		0.997577,
		0.068736,
		0,
		-0.007763,
		0.676296,
		-0.065332,
		1
	},
	[0.333333333333] = {
		0.978021,
		0.035197,
		-0.205515,
		0,
		-0.207587,
		0.071876,
		-0.975572,
		0,
		-0.019565,
		0.996792,
		0.077603,
		0,
		-0.000138,
		0.671542,
		-0.069102,
		1
	},
	[0.35] = {
		0.990104,
		0.044544,
		-0.133077,
		0,
		-0.136423,
		0.08319,
		-0.987152,
		0,
		-0.032901,
		0.995538,
		0.088443,
		0,
		0.014604,
		0.658678,
		-0.076753,
		1
	},
	[0.366666666667] = {
		0.997365,
		0.055312,
		-0.04695,
		0,
		-0.052191,
		0.097459,
		-0.99387,
		0,
		-0.050398,
		0.993701,
		0.100089,
		0,
		0.035225,
		0.639304,
		-0.087519,
		1
	},
	[0.383333333333] = {
		0.996611,
		0.066342,
		0.048642,
		0,
		0.040825,
		0.114482,
		-0.992586,
		0,
		-0.071419,
		0.991208,
		0.111386,
		0,
		0.060447,
		0.615015,
		-0.10063,
		1
	},
	[0.3] = {
		0.952127,
		0.025147,
		-0.304667,
		0,
		-0.305636,
		0.057414,
		-0.950416,
		0,
		-0.006408,
		0.998034,
		0.062351,
		0,
		-0.011019,
		0.676509,
		-0.063947,
		1
	},
	[0.416666666667] = {
		0.965202,
		0.085115,
		0.247266,
		0,
		0.232381,
		0.154493,
		-0.960277,
		0,
		-0.119935,
		0.984321,
		0.129338,
		0,
		0.119362,
		0.557715,
		-0.130904,
		1
	},
	[0.433333333333] = {
		0.936236,
		0.091496,
		0.339249,
		0,
		0.320161,
		0.175662,
		-0.930935,
		0,
		-0.14477,
		0.980189,
		0.135168,
		0,
		0.150246,
		0.527693,
		-0.146673,
		1
	},
	[0.45] = {
		0.902536,
		0.09559,
		0.419871,
		0,
		0.396452,
		0.196159,
		-0.896854,
		0,
		-0.168091,
		0.975902,
		0.139144,
		0,
		0.180156,
		0.498736,
		-0.162032,
		1
	},
	[0.466666666667] = {
		0.868703,
		0.097642,
		0.485614,
		0,
		0.458026,
		0.214925,
		-0.862566,
		0,
		-0.188594,
		0.971737,
		0.141983,
		0,
		0.207641,
		0.472316,
		-0.176429,
		1
	},
	[0.483333333333] = {
		0.839737,
		0.098159,
		0.534048,
		0,
		0.502747,
		0.231041,
		-0.832986,
		0,
		-0.205152,
		0.96798,
		0.144664,
		0,
		0.23127,
		0.449904,
		-0.189348,
		1
	},
	[0.4] = {
		0.985932,
		0.076561,
		0.148582,
		0,
		0.137516,
		0.13376,
		-0.981426,
		0,
		-0.095013,
		0.988052,
		0.12135,
		0,
		0.088953,
		0.587319,
		-0.115333,
		1
	},
	[0.516666666667] = {
		0.81468,
		0.096985,
		0.571743,
		0,
		0.535545,
		0.252382,
		-0.805913,
		0,
		-0.222459,
		0.962755,
		0.15367,
		0,
		0.261368,
		0.422996,
		-0.208687,
		1
	},
	[0.533333333333] = {
		0.831981,
		0.096054,
		0.546425,
		0,
		0.510338,
		0.253838,
		-0.821657,
		0,
		-0.217627,
		0.962465,
		0.162169,
		0,
		0.26535,
		0.420817,
		-0.214681,
		1
	},
	[0.55] = {
		0.870036,
		0.094759,
		0.483795,
		0,
		0.450011,
		0.248083,
		-0.857872,
		0,
		-0.201312,
		0.964093,
		0.173198,
		0,
		0.262654,
		0.42523,
		-0.218834,
		1
	},
	[0.566666666667] = {
		0.913822,
		0.092813,
		0.395366,
		0,
		0.365006,
		0.239099,
		-0.899779,
		0,
		-0.178043,
		0.966549,
		0.184617,
		0,
		0.255192,
		0.434647,
		-0.221268,
		1
	},
	[0.583333333333] = {
		0.950948,
		0.090587,
		0.295789,
		0,
		0.268866,
		0.230869,
		-0.935099,
		0,
		-0.152997,
		0.968759,
		0.195189,
		0,
		0.244866,
		0.44746,
		-0.222255,
		1
	},
	[0.5] = {
		0.820395,
		0.097751,
		0.56338,
		0,
		0.529115,
		0.243743,
		-0.812789,
		0,
		-0.216771,
		0.964901,
		0.148244,
		0,
		0.24964,
		0.432972,
		-0.200279,
		1
	},
	[0.616666666667] = {
		0.986377,
		0.091906,
		0.136434,
		0,
		0.112106,
		0.231411,
		-0.966375,
		0,
		-0.120388,
		0.968505,
		0.217955,
		0,
		0.222603,
		0.476633,
		-0.222083,
		1
	},
	[0.633333333333] = {
		0.990648,
		0.098979,
		0.093919,
		0,
		0.067416,
		0.243373,
		-0.967587,
		0,
		-0.118628,
		0.964869,
		0.234424,
		0,
		0.211326,
		0.492231,
		-0.221763,
		1
	},
	[0.65] = {
		0.992091,
		0.110026,
		0.060407,
		0,
		0.029956,
		0.259806,
		-0.965196,
		0,
		-0.12189,
		0.959372,
		0.254456,
		0,
		0.198136,
		0.510306,
		-0.221046,
		1
	},
	[0.666666666667] = {
		0.991653,
		0.124141,
		0.03482,
		0,
		-0.001283,
		0.279551,
		-0.96013,
		0,
		-0.128926,
		0.952071,
		0.277377,
		0,
		0.183653,
		0.530007,
		-0.220013,
		1
	},
	[0.683333333333] = {
		0.989977,
		0.140319,
		0.01603,
		0,
		-0.02731,
		0.301553,
		-0.953058,
		0,
		-0.138566,
		0.943068,
		0.302362,
		0,
		0.168503,
		0.550492,
		-0.218742,
		1
	},
	[0.6] = {
		0.975059,
		0.089544,
		0.203081,
		0,
		0.178531,
		0.227169,
		-0.957351,
		0,
		-0.131859,
		0.96973,
		0.205516,
		0,
		0.233468,
		0.462019,
		-0.222299,
		1
	},
	[0.716666666667] = {
		0.984615,
		0.174633,
		-0.005984,
		0,
		-0.067475,
		0.348405,
		-0.934912,
		0,
		-0.161182,
		0.920933,
		0.354828,
		0,
		0.138741,
		0.590516,
		-0.215786,
		1
	},
	[0.733333333333] = {
		0.981581,
		0.190679,
		-0.011811,
		0,
		-0.083271,
		0.371384,
		-0.924738,
		0,
		-0.171942,
		0.908689,
		0.380422,
		0,
		0.125411,
		0.608437,
		-0.214244,
		1
	},
	[0.75] = {
		0.9787,
		0.204667,
		-0.016062,
		0,
		-0.097162,
		0.392859,
		-0.914451,
		0,
		-0.180848,
		0.896534,
		0.404377,
		0,
		0.113978,
		0.623904,
		-0.212748,
		1
	},
	[0.766666666667] = {
		0.976253,
		0.215688,
		-0.020233,
		0,
		-0.109763,
		0.411956,
		-0.904569,
		0,
		-0.186769,
		0.885309,
		0.425847,
		0,
		0.105095,
		0.636136,
		-0.211356,
		1
	},
	[0.783333333333] = {
		0.974499,
		0.222895,
		-0.025869,
		0,
		-0.121632,
		0.42783,
		-0.895638,
		0,
		-0.188566,
		0.875945,
		0.444031,
		0,
		0.099421,
		0.644355,
		-0.210127,
		1
	},
	[0.7] = {
		0.987514,
		0.157503,
		0.002849,
		0,
		-0.049082,
		0.32482,
		-0.944501,
		0,
		-0.149687,
		0.932569,
		0.328495,
		0,
		0.15332,
		0.570933,
		-0.217308,
		1
	},
	[0.816666666667] = {
		0.972724,
		0.229105,
		-0.03631,
		0,
		-0.139835,
		0.454266,
		-0.879823,
		0,
		-0.185077,
		0.860903,
		0.473912,
		0,
		0.092803,
		0.655108,
		-0.208108,
		1
	},
	[0.833333333333] = {
		0.972505,
		0.229538,
		-0.039328,
		0,
		-0.145389,
		0.46649,
		-0.872496,
		0,
		-0.181925,
		0.854224,
		0.487036,
		0,
		0.090246,
		0.659672,
		-0.20726,
		1
	},
	[0.85] = {
		0.972701,
		0.228391,
		-0.041122,
		0,
		-0.148868,
		0.478174,
		-0.865557,
		0,
		-0.178022,
		0.848049,
		0.49912,
		0,
		0.088135,
		0.663738,
		-0.2065,
		1
	},
	[0.866666666667] = {
		0.97327,
		0.225816,
		-0.04186,
		0,
		-0.150491,
		0.489388,
		-0.858983,
		0,
		-0.173486,
		0.842322,
		0.51029,
		0,
		0.086434,
		0.667337,
		-0.205815,
		1
	},
	[0.883333333333] = {
		0.974161,
		0.221973,
		-0.041701,
		0,
		-0.150477,
		0.500191,
		-0.85274,
		0,
		-0.168427,
		0.836981,
		0.520669,
		0,
		0.085105,
		0.670499,
		-0.205189,
		1
	},
	[0.8] = {
		0.973387,
		0.226938,
		-0.031888,
		0,
		-0.131988,
		0.441414,
		-0.887543,
		0,
		-0.187342,
		0.868132,
		0.45962,
		0,
		0.095848,
		0.650014,
		-0.20906,
		1
	},
	[0.916666666667] = {
		0.976666,
		0.21114,
		-0.039292,
		0,
		-0.146418,
		0.520769,
		-0.841048,
		0,
		-0.157117,
		0.827176,
		0.539532,
		0,
		0.083425,
		0.675632,
		-0.204062,
		1
	},
	[0.933333333333] = {
		0.978157,
		0.204489,
		-0.037329,
		0,
		-0.142815,
		0.53063,
		-0.835485,
		0,
		-0.15104,
		0.822567,
		0.548244,
		0,
		0.083005,
		0.677658,
		-0.203531,
		1
	},
	[0.95] = {
		0.979727,
		0.197248,
		-0.035044,
		0,
		-0.13846,
		0.540262,
		-0.830027,
		0,
		-0.144788,
		0.818053,
		0.556621,
		0,
		0.082817,
		0.679363,
		-0.203005,
		1
	},
	[0.966666666667] = {
		0.981322,
		0.189595,
		-0.032573,
		0,
		-0.133576,
		0.549707,
		-0.824609,
		0,
		-0.138437,
		0.813558,
		0.564765,
		0,
		0.082829,
		0.680773,
		-0.20247,
		1
	},
	[0.983333333333] = {
		0.982892,
		0.181716,
		-0.030047,
		0,
		-0.128391,
		0.559008,
		-0.819162,
		0,
		-0.132058,
		0.809005,
		0.572775,
		0,
		0.083006,
		0.681917,
		-0.201913,
		1
	},
	[0.9] = {
		0.975313,
		0.217025,
		-0.040796,
		0,
		-0.149046,
		0.510637,
		-0.846779,
		0,
		-0.16294,
		0.831956,
		0.530377,
		0,
		0.084114,
		0.673255,
		-0.20461,
		1
	},
	[1.01666666667] = {
		0.985794,
		0.166033,
		-0.025358,
		0,
		-0.118026,
		0.577367,
		-0.807909,
		0,
		-0.119499,
		0.799425,
		0.588761,
		0,
		0.083715,
		0.683514,
		-0.200684,
		1
	},
	[1.03333333333] = {
		0.987062,
		0.158616,
		-0.023451,
		0,
		-0.113306,
		0.586527,
		-0.801965,
		0,
		-0.113449,
		0.794246,
		0.596911,
		0,
		0.084179,
		0.684023,
		-0.199987,
		1
	},
	[1.05] = {
		0.988175,
		0.151746,
		-0.022004,
		0,
		-0.109203,
		0.595746,
		-0.795714,
		0,
		-0.107638,
		0.788708,
		0.605272,
		0,
		0.084668,
		0.684375,
		-0.199221,
		1
	},
	[1.06666666667] = {
		0.989114,
		0.145626,
		-0.021139,
		0,
		-0.105949,
		0.605078,
		-0.789085,
		0,
		-0.102121,
		0.782734,
		0.61392,
		0,
		0.085149,
		0.684598,
		-0.198374,
		1
	},
	[1.08333333333] = {
		0.989864,
		0.140463,
		-0.020974,
		0,
		-0.10378,
		0.614579,
		-0.781999,
		0,
		-0.096952,
		0.776249,
		0.622927,
		0,
		0.085587,
		0.684717,
		-0.197434,
		1
	}
}

return spline_matrices
