local spline_matrices = {
	[0] = {
		0.989864,
		0.140463,
		-0.020974,
		0,
		-0.10378,
		0.614579,
		-0.781999,
		0,
		-0.096952,
		0.776249,
		0.622927,
		0,
		0.085587,
		0.684717,
		-0.197434,
		1
	},
	{
		0.91806,
		0.001383,
		-0.39644,
		0,
		-0.191983,
		0.876467,
		-0.44153,
		0,
		0.346856,
		0.48146,
		0.804914,
		0,
		0.286997,
		0.627041,
		-0.155713,
		1
	},
	[0.0166666666667] = {
		0.925746,
		-0.081153,
		0.369335,
		0,
		0.348869,
		0.560113,
		-0.751375,
		0,
		-0.145893,
		0.824432,
		0.546834,
		0,
		0.127909,
		0.66724,
		-0.191539,
		1
	},
	[0.0333333333333] = {
		0.67615,
		-0.233257,
		0.698865,
		0,
		0.716587,
		0.428674,
		-0.550219,
		0,
		-0.171243,
		0.872828,
		0.456997,
		0,
		0.194408,
		0.598049,
		-0.158189,
		1
	},
	[0.05] = {
		0.271818,
		-0.273504,
		0.922665,
		0,
		0.93737,
		0.292271,
		-0.189513,
		0,
		-0.217835,
		0.916391,
		0.335819,
		0,
		0.264672,
		0.496661,
		-0.110723,
		1
	},
	[0.0666666666667] = {
		-0.209436,
		-0.229696,
		0.950461,
		0,
		0.951142,
		0.177658,
		0.25252,
		0,
		-0.22686,
		0.95691,
		0.181265,
		0,
		0.333746,
		0.374124,
		-0.053234,
		1
	},
	[0.0833333333333] = {
		-0.500026,
		-0.162407,
		0.850646,
		0,
		0.846406,
		0.116171,
		0.519713,
		0,
		-0.183225,
		0.979861,
		0.079374,
		0,
		0.36687,
		0.229283,
		-0.022232,
		1
	},
	[0.116666666667] = {
		-0.396882,
		-0.096275,
		0.912806,
		0,
		0.912416,
		0.066871,
		0.403765,
		0,
		-0.099913,
		0.993106,
		0.061303,
		0,
		0.330373,
		-0.209476,
		-0.054586,
		1
	},
	[0.133333333333] = {
		-0.249413,
		-0.091224,
		0.964091,
		0,
		0.965324,
		0.055834,
		0.255015,
		0,
		-0.077093,
		0.994264,
		0.074134,
		0,
		0.293562,
		-0.408282,
		-0.078217,
		1
	},
	[0.15] = {
		-0.236904,
		-0.09942,
		0.966433,
		0,
		0.968468,
		0.05479,
		0.243039,
		0,
		-0.077114,
		0.993536,
		0.083305,
		0,
		0.262846,
		-0.491202,
		-0.085633,
		1
	},
	[0.166666666667] = {
		-0.509113,
		-0.142524,
		0.848817,
		0,
		0.849866,
		0.072737,
		0.521955,
		0,
		-0.136132,
		0.987115,
		0.084095,
		0,
		0.249899,
		-0.196708,
		-0.040082,
		1
	},
	[0.183333333333] = {
		-0.900177,
		-0.185665,
		0.393966,
		0,
		0.395689,
		0.029293,
		0.917917,
		0,
		-0.181965,
		0.982176,
		0.047097,
		0,
		0.173443,
		0.395991,
		0.041772,
		1
	},
	[0.1] = {
		-0.522133,
		-0.119606,
		0.844436,
		0,
		0.841914,
		0.085864,
		0.532736,
		0,
		-0.136225,
		0.989101,
		0.055866,
		0,
		0.358623,
		0.028592,
		-0.03065,
		1
	},
	[0.216666666667] = {
		-0.978557,
		-0.092354,
		0.184112,
		0,
		0.178012,
		0.070504,
		0.981499,
		0,
		-0.103626,
		0.993227,
		-0.052552,
		0,
		0.095871,
		0.64588,
		0.076343,
		1
	},
	[0.233333333333] = {
		-0.982355,
		-0.104738,
		0.154948,
		0,
		0.148537,
		0.066511,
		0.986668,
		0,
		-0.113647,
		0.992273,
		-0.04978,
		0,
		0.097213,
		0.647401,
		0.076016,
		1
	},
	[0.25] = {
		-0.984043,
		-0.117142,
		0.133927,
		0,
		0.127417,
		0.061436,
		0.989945,
		0,
		-0.124192,
		0.991213,
		-0.04553,
		0,
		0.09824,
		0.648598,
		0.075348,
		1
	},
	[0.266666666667] = {
		-0.986767,
		-0.120635,
		0.108339,
		0,
		0.101794,
		0.059174,
		0.993044,
		0,
		-0.126206,
		0.990932,
		-0.046111,
		0,
		0.098369,
		0.649562,
		0.074274,
		1
	},
	[0.283333333333] = {
		-0.988596,
		-0.123744,
		0.085825,
		0,
		0.079468,
		0.055432,
		0.995295,
		0,
		-0.127919,
		0.990765,
		-0.044966,
		0,
		0.098006,
		0.650351,
		0.072809,
		1
	},
	[0.2] = {
		-0.96221,
		-0.10643,
		0.250647,
		0,
		0.245275,
		0.061084,
		0.967527,
		0,
		-0.118284,
		0.992442,
		-0.032671,
		0,
		0.095442,
		0.642619,
		0.07573,
		1
	},
	[0.316666666667] = {
		-0.989975,
		-0.130393,
		0.054283,
		0,
		0.04841,
		0.047794,
		0.997683,
		0,
		-0.132685,
		0.99031,
		-0.041003,
		0,
		0.097735,
		0.651792,
		0.069737,
		1
	},
	[0.333333333333] = {
		-0.989734,
		-0.134836,
		0.047389,
		0,
		0.041518,
		0.046029,
		0.998077,
		0,
		-0.136758,
		0.989798,
		-0.039959,
		0,
		0.098815,
		0.652555,
		0.06862,
		1
	},
	[0.35] = {
		-0.988905,
		-0.140636,
		0.047841,
		0,
		0.041588,
		0.047071,
		0.998025,
		0,
		-0.142611,
		0.988942,
		-0.0407,
		0,
		0.101372,
		0.653405,
		0.068103,
		1
	},
	[0.366666666667] = {
		-0.987766,
		-0.149644,
		0.043877,
		0,
		0.036686,
		0.050486,
		0.998051,
		0,
		-0.151567,
		0.98745,
		-0.044378,
		0,
		0.10614,
		0.654167,
		0.068951,
		1
	},
	[0.383333333333] = {
		-0.986286,
		-0.161827,
		0.03243,
		0,
		0.023767,
		0.055181,
		0.998193,
		0,
		-0.163324,
		0.985275,
		-0.050578,
		0,
		0.113247,
		0.654767,
		0.071111,
		1
	},
	[0.3] = {
		-0.989626,
		-0.126851,
		0.06745,
		0,
		0.061365,
		0.051284,
		0.996797,
		0,
		-0.129903,
		0.990595,
		-0.042967,
		0,
		0.09763,
		0.651076,
		0.071214,
		1
	},
	[0.416666666667] = {
		-0.981586,
		-0.186259,
		0.04238,
		0,
		0.029702,
		0.07034,
		0.997081,
		0,
		-0.188697,
		0.979979,
		-0.063513,
		0,
		0.132895,
		0.655284,
		0.075286,
		1
	},
	[0.433333333333] = {
		-0.976853,
		-0.193571,
		0.091041,
		0,
		0.076207,
		0.082764,
		0.993651,
		0,
		-0.199877,
		0.977589,
		-0.066096,
		0,
		0.144513,
		0.655322,
		0.075316,
		1
	},
	[0.45] = {
		-0.962955,
		-0.19337,
		0.18795,
		0,
		0.171265,
		0.099809,
		0.980156,
		0,
		-0.208292,
		0.976036,
		-0.062994,
		0,
		0.156556,
		0.655225,
		0.072348,
		1
	},
	[0.466666666667] = {
		-0.917695,
		-0.175605,
		0.356369,
		0,
		0.339066,
		0.121303,
		0.93291,
		0,
		-0.207052,
		0.976959,
		-0.051777,
		0,
		0.168132,
		0.649483,
		0.065082,
		1
	},
	[0.483333333333] = {
		-0.808716,
		-0.14054,
		0.571163,
		0,
		0.554617,
		0.141212,
		0.820036,
		0,
		-0.195903,
		0.979953,
		-0.036255,
		0,
		0.178223,
		0.634065,
		0.053262,
		1
	},
	[0.4] = {
		-0.984219,
		-0.174816,
		0.027412,
		0,
		0.016866,
		0.061528,
		0.997963,
		0,
		-0.176147,
		0.982677,
		-0.057608,
		0,
		0.12231,
		0.655122,
		0.073544,
		1
	},
	[0.516666666667] = {
		-0.393647,
		-0.071096,
		0.916508,
		0,
		0.900806,
		0.168944,
		0.400008,
		0,
		-0.183277,
		0.983058,
		-0.002461,
		0,
		0.193674,
		0.583963,
		0.021436,
		1
	},
	[0.533333333333] = {
		-0.082608,
		-0.049691,
		0.995342,
		0,
		0.976538,
		0.195266,
		0.090796,
		0,
		-0.198869,
		0.979491,
		0.032395,
		0,
		0.202488,
		0.543613,
		-0.016118,
		1
	},
	[0.55] = {
		0.275827,
		-0.023087,
		0.96093,
		0,
		0.937726,
		0.226085,
		-0.263734,
		0,
		-0.211164,
		0.973834,
		0.084009,
		0,
		0.21079,
		0.493373,
		-0.073666,
		1
	},
	[0.566666666667] = {
		0.543892,
		0.006526,
		0.83913,
		0,
		0.81351,
		0.241224,
		-0.529162,
		0,
		-0.205871,
		0.970448,
		0.125891,
		0,
		0.218906,
		0.453854,
		-0.121673,
		1
	},
	[0.583333333333] = {
		0.707452,
		0.033717,
		0.705957,
		0,
		0.680368,
		0.237932,
		-0.693172,
		0,
		-0.191341,
		0.970696,
		0.145385,
		0,
		0.22603,
		0.435893,
		-0.156194,
		1
	},
	[0.5] = {
		-0.627232,
		-0.101521,
		0.772188,
		0,
		0.756673,
		0.155392,
		0.635059,
		0,
		-0.184464,
		0.982622,
		-0.020649,
		0,
		0.186336,
		0.611336,
		0.037992,
		1
	},
	[0.616666666667] = {
		0.843496,
		0.058709,
		0.533918,
		0,
		0.510748,
		0.22006,
		-0.83109,
		0,
		-0.166286,
		0.973718,
		0.155634,
		0,
		0.252574,
		0.423794,
		-0.207002,
		1
	},
	[0.633333333333] = {
		0.80343,
		0.042714,
		0.593866,
		0,
		0.572561,
		0.218175,
		-0.7903,
		0,
		-0.163324,
		0.974974,
		0.150832,
		0,
		0.285675,
		0.41428,
		-0.218101,
		1
	},
	[0.65] = {
		0.688539,
		0.013025,
		0.725082,
		0,
		0.70641,
		0.214074,
		-0.674653,
		0,
		-0.164009,
		0.976731,
		0.138197,
		0,
		0.330353,
		0.403786,
		-0.221641,
		1
	},
	[0.666666666667] = {
		0.519046,
		-0.02274,
		0.854444,
		0,
		0.838797,
		0.205763,
		-0.504064,
		0,
		-0.164351,
		0.978338,
		0.125875,
		0,
		0.377346,
		0.394399,
		-0.218505,
		1
	},
	[0.683333333333] = {
		0.351665,
		-0.057821,
		0.934339,
		0,
		0.921504,
		0.197098,
		-0.334637,
		0,
		-0.164808,
		0.978677,
		0.122595,
		0,
		0.416835,
		0.388456,
		-0.21197,
		1
	},
	[0.6] = {
		0.808732,
		0.054427,
		0.585654,
		0,
		0.561087,
		0.227319,
		-0.795932,
		0,
		-0.17645,
		0.972298,
		0.153302,
		0,
		0.234904,
		0.429278,
		-0.186057,
		1
	},
	[0.716666666667] = {
		0.242187,
		-0.12047,
		0.962721,
		0,
		0.953768,
		0.211571,
		-0.21346,
		0,
		-0.177968,
		0.96991,
		0.16614,
		0,
		0.449655,
		0.39444,
		-0.206431,
		1
	},
	[0.733333333333] = {
		0.252761,
		-0.154204,
		0.955161,
		0,
		0.948695,
		0.233339,
		-0.213379,
		0,
		-0.189973,
		0.960091,
		0.205271,
		0,
		0.453799,
		0.403171,
		-0.205387,
		1
	},
	[0.75] = {
		0.289083,
		-0.189547,
		0.938351,
		0,
		0.935534,
		0.26379,
		-0.234929,
		0,
		-0.202997,
		0.945773,
		0.253585,
		0,
		0.453094,
		0.414447,
		-0.204333,
		1
	},
	[0.766666666667] = {
		0.348771,
		-0.224683,
		0.909877,
		0,
		0.912358,
		0.303474,
		-0.274783,
		0,
		-0.214385,
		0.92597,
		0.310835,
		0,
		0.448116,
		0.427838,
		-0.203045,
		1
	},
	[0.783333333333] = {
		0.428532,
		-0.256985,
		0.86621,
		0,
		0.876107,
		0.352577,
		-0.328826,
		0,
		-0.220902,
		0.899805,
		0.376236,
		0,
		0.439466,
		0.442881,
		-0.201263,
		1
	},
	[0.7] = {
		0.259447,
		-0.089391,
		0.961611,
		0,
		0.950855,
		0.197888,
		-0.238149,
		0,
		-0.169003,
		0.97614,
		0.13634,
		0,
		0.440067,
		0.388644,
		-0.207616,
		1
	},
	[0.816666666667] = {
		0.626692,
		-0.299506,
		0.719412,
		0,
		0.751755,
		0.4755,
		-0.456907,
		0,
		-0.205234,
		0.827161,
		0.523148,
		0,
		0.413932,
		0.475946,
		-0.195316,
		1
	},
	[0.833333333333] = {
		0.729508,
		-0.302963,
		0.613214,
		0,
		0.660596,
		0.54448,
		-0.51687,
		0,
		-0.17729,
		0.782148,
		0.597338,
		0,
		0.398649,
		0.493001,
		-0.190948,
		1
	},
	[0.85] = {
		0.822629,
		-0.291737,
		0.488028,
		0,
		0.552415,
		0.613298,
		-0.564538,
		0,
		-0.13461,
		0.733999,
		0.665676,
		0,
		0.382823,
		0.509861,
		-0.18579,
		1
	},
	[0.866666666667] = {
		0.898035,
		-0.266202,
		0.350242,
		0,
		0.432777,
		0.677505,
		-0.59472,
		0,
		-0.078975,
		0.685656,
		0.723629,
		0,
		0.367222,
		0.52625,
		-0.180162,
		1
	},
	[0.883333333333] = {
		0.950837,
		-0.229005,
		0.208484,
		0,
		0.309363,
		0.733359,
		-0.605376,
		0,
		-0.014259,
		0.640111,
		0.76815,
		0,
		0.352442,
		0.54201,
		-0.174493,
		1
	},
	[0.8] = {
		0.523474,
		-0.283129,
		0.803625,
		0,
		0.823422,
		0.410504,
		-0.391743,
		0,
		-0.218978,
		0.86679,
		0.448023,
		0,
		0.427817,
		0.459084,
		-0.198744,
		1
	},
	[0.916666666667] = {
		0.989079,
		-0.137607,
		-0.052783,
		0,
		0.082337,
		0.81294,
		-0.576497,
		0,
		0.12224,
		0.565855,
		0.815393,
		0,
		0.326689,
		0.571343,
		-0.164648,
		1
	},
	[0.933333333333] = {
		0.982719,
		-0.093042,
		-0.160022,
		0,
		-0.009732,
		0.837328,
		-0.546613,
		0,
		0.184849,
		0.538725,
		0.821953,
		0,
		0.315999,
		0.584774,
		-0.161004,
		1
	},
	[0.95] = {
		0.967309,
		-0.054546,
		-0.247667,
		0,
		-0.083437,
		0.853775,
		-0.513913,
		0,
		0.239484,
		0.517777,
		0.821313,
		0,
		0.306855,
		0.597214,
		-0.158345,
		1
	},
	[0.966666666667] = {
		0.948711,
		-0.024905,
		-0.315162,
		0,
		-0.13787,
		0.86451,
		-0.483337,
		0,
		0.284498,
		0.501999,
		0.816736,
		0,
		0.299344,
		0.60847,
		-0.156647,
		1
	},
	[0.983333333333] = {
		0.931832,
		-0.00616,
		-0.362837,
		0,
		-0.172893,
		0.871547,
		-0.458818,
		0,
		0.319056,
		0.490273,
		0.811071,
		0,
		0.293614,
		0.618301,
		-0.155838,
		1
	},
	[0.9] = {
		0.980219,
		-0.18448,
		0.071678,
		0,
		0.190266,
		0.778644,
		-0.597924,
		0,
		0.054493,
		0.599734,
		0.798342,
		0,
		0.338866,
		0.55706,
		-0.16921,
		1
	},
	[1.01666666667] = {
		0.90641,
		-0.000364,
		-0.422398,
		0,
		-0.200263,
		0.880096,
		-0.430495,
		0,
		0.371908,
		0.474795,
		0.797655,
		0,
		0.276994,
		0.635203,
		-0.156057,
		1
	},
	[1.03333333333] = {
		0.897028,
		-0.009858,
		-0.441864,
		0,
		-0.199861,
		0.882647,
		-0.425429,
		0,
		0.394203,
		0.469933,
		0.789789,
		0,
		0.264087,
		0.6428,
		-0.156791,
		1
	},
	[1.05] = {
		0.889787,
		-0.025637,
		-0.455655,
		0,
		-0.192607,
		0.884052,
		-0.425857,
		0,
		0.413741,
		0.466684,
		0.78168,
		0,
		0.248779,
		0.649845,
		-0.157851,
		1
	},
	[1.06666666667] = {
		0.884437,
		-0.046278,
		-0.46436,
		0,
		-0.180125,
		0.884103,
		-0.43118,
		0,
		0.430496,
		0.464994,
		0.773598,
		0,
		0.231586,
		0.656356,
		-0.159181,
		1
	},
	[1.08333333333] = {
		0.880699,
		-0.070354,
		-0.468422,
		0,
		-0.163908,
		0.882551,
		-0.440724,
		0,
		0.444413,
		0.464924,
		0.76573,
		0,
		0.213027,
		0.662354,
		-0.160732,
		1
	},
	[1.11666666667] = {
		0.877194,
		-0.122944,
		-0.464128,
		0,
		-0.125957,
		0.87388,
		-0.469541,
		0,
		0.46332,
		0.470339,
		0.751077,
		0,
		0.173877,
		0.672944,
		-0.164333,
		1
	},
	[1.13333333333] = {
		0.877226,
		-0.148392,
		-0.456568,
		0,
		-0.107021,
		0.866651,
		-0.4873,
		0,
		0.467997,
		0.476335,
		0.744368,
		0,
		0.154306,
		0.677621,
		-0.166306,
		1
	},
	[1.15] = {
		0.878496,
		-0.171144,
		-0.446043,
		0,
		-0.089985,
		0.857649,
		-0.506302,
		0,
		0.469198,
		0.484921,
		0.738041,
		0,
		0.135406,
		0.681952,
		-0.168346,
		1
	},
	[1.16666666667] = {
		0.88116,
		-0.189544,
		-0.433163,
		0,
		-0.076268,
		0.847153,
		-0.525847,
		0,
		0.466626,
		0.496392,
		0.732021,
		0,
		0.117666,
		0.685992,
		-0.170416,
		1
	},
	[1.18333333333] = {
		0.885417,
		-0.201904,
		-0.418654,
		0,
		-0.067304,
		0.835538,
		-0.545295,
		0,
		0.459898,
		0.510991,
		0.72621,
		0,
		0.101568,
		0.689792,
		-0.172482,
		1
	},
	[1.1] = {
		0.878336,
		-0.096412,
		-0.46822,
		0,
		-0.145386,
		0.879183,
		-0.453762,
		0,
		0.455399,
		0.466629,
		0.758201,
		0,
		0.193619,
		0.66787,
		-0.162463,
		1
	},
	[1.21666666667] = {
		0.899246,
		-0.201626,
		-0.388205,
		0,
		-0.06939,
		0.810458,
		-0.581673,
		0,
		0.431904,
		0.550005,
		0.71481,
		0,
		0.076199,
		0.696807,
		-0.176451,
		1
	},
	[1.23333333333] = {
		0.910983,
		-0.18413,
		-0.36906,
		0,
		-0.08311,
		0.794508,
		-0.60154,
		0,
		0.403983,
		0.578666,
		0.70848,
		0,
		0.067062,
		0.699705,
		-0.17859,
		1
	},
	[1.25] = {
		0.926856,
		-0.153374,
		-0.342659,
		0,
		-0.10377,
		0.772512,
		-0.626464,
		0,
		0.360792,
		0.616199,
		0.700092,
		0,
		0.059427,
		0.701708,
		-0.181211,
		1
	},
	[1.26666666667] = {
		0.943704,
		-0.111568,
		-0.311408,
		0,
		-0.128053,
		0.744792,
		-0.654895,
		0,
		0.304999,
		0.657904,
		0.688577,
		0,
		0.053178,
		0.702749,
		-0.184268,
		1
	},
	[1.28333333333] = {
		0.958669,
		-0.061539,
		-0.277788,
		0,
		-0.152807,
		0.712217,
		-0.685126,
		0,
		0.240007,
		0.699257,
		0.673377,
		0,
		0.048231,
		0.702797,
		-0.187668,
		1
	},
	[1.2] = {
		0.891436,
		-0.206509,
		-0.403356,
		0,
		-0.064531,
		0.823199,
		-0.564074,
		0,
		0.448528,
		0.528865,
		0.720503,
		0,
		0.087589,
		0.693391,
		-0.174507,
		1
	},
	[1.31666666667] = {
		0.975914,
		0.048173,
		-0.212769,
		0,
		-0.193723,
		0.639845,
		-0.743687,
		0,
		0.100314,
		0.766993,
		0.633766,
		0,
		0.041978,
		0.700288,
		-0.194807,
		1
	},
	[1.33333333333] = {
		0.977707,
		0.099101,
		-0.185118,
		0,
		-0.206882,
		0.605422,
		-0.768547,
		0,
		0.035911,
		0.789711,
		0.612427,
		0,
		0.040445,
		0.698261,
		-0.198086,
		1
	},
	[1.35] = {
		0.976544,
		0.141431,
		-0.162357,
		0,
		-0.21457,
		0.576363,
		-0.788521,
		0,
		-0.017945,
		0.804862,
		0.593191,
		0,
		0.039697,
		0.69628,
		-0.20083,
		1
	},
	[1.36666666667] = {
		0.974524,
		0.170956,
		-0.145176,
		0,
		-0.21705,
		0.555821,
		-0.802466,
		0,
		-0.056495,
		0.813533,
		0.578767,
		0,
		0.039432,
		0.694848,
		-0.202795,
		1
	},
	[1.38333333333] = {
		0.972835,
		0.190251,
		-0.131899,
		0,
		-0.216159,
		0.54254,
		-0.811742,
		0,
		-0.082874,
		0.818202,
		0.568926,
		0,
		0.039615,
		0.693879,
		-0.204103,
		1
	},
	[1.3] = {
		0.969699,
		-0.006883,
		-0.244205,
		0,
		-0.175344,
		0.676431,
		-0.715329,
		0,
		0.170111,
		0.736474,
		0.654728,
		0,
		0.044526,
		0.701912,
		-0.191252,
		1
	},
	[1.41666666667] = {
		0.970374,
		0.215117,
		-0.109998,
		0,
		-0.210197,
		0.527165,
		-0.823356,
		0,
		-0.119131,
		0.822084,
		0.556764,
		0,
		0.04165,
		0.692139,
		-0.205684,
		1
	},
	[1.43333333333] = {
		0.969921,
		0.221537,
		-0.100864,
		0,
		-0.205703,
		0.524416,
		-0.826241,
		0,
		-0.130148,
		0.822137,
		0.554213,
		0,
		0.043362,
		0.691393,
		-0.206017,
		1
	},
	[1.45] = {
		0.970054,
		0.22451,
		-0.092688,
		0,
		-0.200452,
		0.524482,
		-0.827489,
		0,
		-0.137167,
		0.821288,
		0.553779,
		0,
		0.045458,
		0.690731,
		-0.206084,
		1
	},
	[1.46666666667] = {
		0.970743,
		0.22445,
		-0.085327,
		0,
		-0.194566,
		0.526987,
		-0.827302,
		0,
		-0.140722,
		0.819699,
		0.555239,
		0,
		0.047884,
		0.690146,
		-0.205918,
		1
	},
	[1.48333333333] = {
		0.971921,
		0.221769,
		-0.078664,
		0,
		-0.188131,
		0.531553,
		-0.825868,
		0,
		-0.141338,
		0.817478,
		0.558349,
		0,
		0.05059,
		0.689628,
		-0.205548,
		1
	},
	[1.4] = {
		0.971381,
		0.20483,
		-0.120268,
		0,
		-0.213763,
		0.533091,
		-0.818608,
		0,
		-0.103562,
		0.820889,
		0.56162,
		0,
		0.040379,
		0.69297,
		-0.205056,
		1
	},
	[1.51666666667] = {
		0.97536,
		0.210187,
		-0.067037,
		0,
		-0.173879,
		0.545356,
		-0.819971,
		0,
		-0.135788,
		0.811424,
		0.568465,
		0,
		0.056657,
		0.688734,
		-0.204324,
		1
	},
	[1.53333333333] = {
		0.977404,
		0.202116,
		-0.061885,
		0,
		-0.166186,
		0.553846,
		-0.815866,
		0,
		-0.130625,
		0.807715,
		0.57492,
		0,
		0.059927,
		0.68833,
		-0.203534,
		1
	},
	[1.55] = {
		0.979521,
		0.193091,
		-0.057043,
		0,
		-0.158209,
		0.562909,
		-0.811236,
		0,
		-0.124533,
		0.803648,
		0.58193,
		0,
		0.063294,
		0.687936,
		-0.202668,
		1
	},
	[1.56666666667] = {
		0.981613,
		0.183545,
		-0.052403,
		0,
		-0.150033,
		0.572193,
		-0.806279,
		0,
		-0.118004,
		0.799316,
		0.58921,
		0,
		0.066713,
		0.68754,
		-0.201761,
		1
	},
	[1.58333333333] = {
		0.983597,
		0.173919,
		-0.047841,
		0,
		-0.141765,
		0.58136,
		-0.801201,
		0,
		-0.111532,
		0.794841,
		0.59648,
		0,
		0.070135,
		0.687132,
		-0.200847,
		1
	},
	[1.5] = {
		0.973496,
		0.216877,
		-0.072599,
		0,
		-0.181215,
		0.537802,
		-0.823365,
		0,
		-0.139525,
		0.814699,
		0.562849,
		0,
		0.053529,
		0.689162,
		-0.205007,
		1
	},
	[1.61666666667] = {
		0.986975,
		0.156225,
		-0.038388,
		0,
		-0.125452,
		0.598058,
		-0.791573,
		0,
		-0.100705,
		0.786079,
		0.609868,
		0,
		0.076797,
		0.686253,
		-0.19914,
		1
	},
	[1.63333333333] = {
		0.98827,
		0.14907,
		-0.033184,
		0,
		-0.117698,
		0.604986,
		-0.787489,
		0,
		-0.097315,
		0.782158,
		0.615434,
		0,
		0.079937,
		0.685772,
		-0.19842,
		1
	},
	[1.65] = {
		0.989247,
		0.143661,
		-0.027437,
		0,
		-0.110421,
		0.610584,
		-0.784216,
		0,
		-0.095909,
		0.778813,
		0.619881,
		0,
		0.082883,
		0.685261,
		-0.197839,
		1
	},
	[1.66666666667] = {
		0.989864,
		0.140463,
		-0.020974,
		0,
		-0.10378,
		0.614579,
		-0.781999,
		0,
		-0.096952,
		0.776249,
		0.622927,
		0,
		0.085587,
		0.684717,
		-0.197434,
		1
	},
	[1.6] = {
		0.985403,
		0.164661,
		-0.043219,
		0,
		-0.133525,
		0.590085,
		-0.796223,
		0,
		-0.105604,
		0.790371,
		0.603458,
		0,
		0.073513,
		0.686705,
		-0.199961,
		1
	}
}

return spline_matrices
