-- chunkname: @content/characters/player/human/first_person/animations/sabre/attack_right_down.lua

local spline_matrices = {
	[0.0166666666667] = {
		0.187771,
		-0.719372,
		0.668765,
		0,
		-0.809538,
		0.272235,
		0.520131,
		0,
		-0.556229,
		-0.639056,
		-0.531241,
		0,
		-0.319449,
		0.395058,
		-0.234849,
		1,
	},
	[0.0333333333333] = {
		0.378584,
		-0.670241,
		0.638319,
		0,
		-0.75869,
		0.170305,
		0.628797,
		0,
		-0.530154,
		-0.722339,
		-0.44403,
		0,
		-0.31936,
		0.367534,
		-0.154965,
		1,
	},
	[0.05] = {
		0.547172,
		-0.601828,
		0.581726,
		0,
		-0.672996,
		0.096902,
		0.733271,
		0,
		-0.497673,
		-0.792725,
		-0.352006,
		0,
		-0.309385,
		0.337257,
		-0.057919,
		1,
	},
	[0.0666666666667] = {
		0.664044,
		-0.538452,
		0.518762,
		0,
		-0.557803,
		0.105259,
		0.823272,
		0,
		-0.497897,
		-0.836056,
		-0.230454,
		0,
		-0.291969,
		0.312406,
		0.032003,
		1,
	},
	[0.0833333333333] = {
		0.71881,
		-0.490071,
		0.493095,
		0,
		-0.426519,
		0.249232,
		0.869463,
		0,
		-0.548993,
		-0.835293,
		-0.029874,
		0,
		-0.266673,
		0.286291,
		0.107238,
		1,
	},
	[0] = {
		0.011786,
		-0.741469,
		0.670884,
		0,
		-0.841694,
		0.354854,
		0.406976,
		0,
		-0.539826,
		-0.569475,
		-0.619907,
		0,
		-0.309032,
		0.411286,
		-0.273238,
		1,
	},
	[0.116666666667] = {
		0.792628,
		-0.27577,
		0.543775,
		0,
		-0.258681,
		0.655512,
		0.709499,
		0,
		-0.552109,
		-0.703033,
		0.448241,
		0,
		-0.18316,
		0.245002,
		0.229745,
		1,
	},
	[0.133333333333] = {
		0.845885,
		-0.144034,
		0.51355,
		0,
		-0.241382,
		0.755223,
		0.609404,
		0,
		-0.47562,
		-0.639447,
		0.604064,
		0,
		-0.13649,
		0.254094,
		0.261318,
		1,
	},
	[0.15] = {
		0.926159,
		-0.083298,
		0.367819,
		0,
		-0.188783,
		0.741916,
		0.643367,
		0,
		-0.326483,
		-0.665298,
		0.671407,
		0,
		-0.082962,
		0.308591,
		0.272619,
		1,
	},
	[0.166666666667] = {
		0.977047,
		-0.106844,
		0.18429,
		0,
		-0.05467,
		0.710378,
		0.701694,
		0,
		-0.205887,
		-0.695663,
		0.688232,
		0,
		-0.027973,
		0.40104,
		0.263117,
		1,
	},
	[0.183333333333] = {
		0.97657,
		-0.159116,
		0.144888,
		0,
		0.040381,
		0.796808,
		0.602882,
		0,
		-0.211376,
		-0.582906,
		0.784564,
		0,
		0.010612,
		0.494734,
		0.220901,
		1,
	},
	[0.1] = {
		0.752724,
		-0.407387,
		0.517148,
		0,
		-0.314535,
		0.467539,
		0.826121,
		0,
		-0.578338,
		-0.784502,
		0.22379,
		0,
		-0.229016,
		0.259163,
		0.17441,
		1,
	},
	[0.216666666667] = {
		0.981594,
		-0.005617,
		0.190898,
		0,
		0.136026,
		0.722184,
		-0.678194,
		0,
		-0.134054,
		0.691678,
		0.709656,
		0,
		0.029724,
		0.652359,
		-0.080781,
		1,
	},
	[0.233333333333] = {
		0.995161,
		0.042048,
		0.088803,
		0,
		0.070447,
		0.324684,
		-0.943195,
		0,
		-0.068493,
		0.944887,
		0.320151,
		0,
		0.024473,
		0.661052,
		-0.143158,
		1,
	},
	[0.25] = {
		0.994474,
		0.050785,
		0.091877,
		0,
		0.091847,
		0.00292,
		-0.995769,
		0,
		-0.050838,
		0.998705,
		-0.001761,
		0,
		0.065243,
		0.640369,
		-0.26189,
		1,
	},
	[0.266666666667] = {
		0.999536,
		0.021731,
		-0.021359,
		0,
		-0.015984,
		-0.222866,
		-0.974718,
		0,
		-0.025941,
		0.974607,
		-0.222416,
		0,
		0.114702,
		0.616433,
		-0.363408,
		1,
	},
	[0.283333333333] = {
		0.950988,
		-0.308891,
		0.014447,
		0,
		-0.154398,
		-0.51479,
		-0.843299,
		0,
		0.267925,
		0.799736,
		-0.537251,
		0,
		0.240389,
		0.474154,
		-0.453826,
		1,
	},
	[0.2] = {
		0.96736,
		-0.05387,
		0.247615,
		0,
		0.039061,
		0.997163,
		0.064338,
		0,
		-0.250378,
		-0.052566,
		0.96672,
		0,
		0.025034,
		0.580066,
		0.078505,
		1,
	},
	[0.316666666667] = {
		0.624462,
		-0.705953,
		0.334182,
		0,
		-0.459234,
		-0.677948,
		-0.574013,
		0,
		0.631784,
		0.204981,
		-0.74755,
		0,
		0.354682,
		0.287649,
		-0.629394,
		1,
	},
	[0.333333333333] = {
		0.526904,
		-0.726573,
		0.440981,
		0,
		-0.513694,
		-0.685597,
		-0.515825,
		0,
		0.67712,
		0.045261,
		-0.73448,
		0,
		0.387553,
		0.220407,
		-0.654874,
		1,
	},
	[0.35] = {
		0.480706,
		-0.714985,
		0.50766,
		0,
		-0.519775,
		-0.698599,
		-0.491724,
		0,
		0.706226,
		-0.027494,
		-0.707452,
		0,
		0.416235,
		0.175796,
		-0.664301,
		1,
	},
	[0.366666666667] = {
		0.457069,
		-0.698938,
		0.550067,
		0,
		-0.524612,
		-0.711267,
		-0.467848,
		0,
		0.718241,
		-0.074733,
		-0.691769,
		0,
		0.431566,
		0.14704,
		-0.668429,
		1,
	},
	[0.383333333333] = {
		0.439915,
		-0.68423,
		0.581639,
		0,
		-0.544827,
		-0.718213,
		-0.432821,
		0,
		0.71389,
		-0.126487,
		-0.68874,
		0,
		0.432055,
		0.126444,
		-0.673708,
		1,
	},
	[0.3] = {
		0.806814,
		-0.567887,
		0.162959,
		0,
		-0.315138,
		-0.646974,
		-0.694343,
		0,
		0.499739,
		0.508851,
		-0.70095,
		0,
		0.307326,
		0.389126,
		-0.548773,
		1,
	},
	[0.416666666667] = {
		0.429194,
		-0.651053,
		0.626037,
		0,
		-0.583156,
		-0.729038,
		-0.358375,
		0,
		0.689726,
		-0.211265,
		-0.692564,
		0,
		0.414636,
		0.085876,
		-0.686137,
		1,
	},
	[0.433333333333] = {
		0.434734,
		-0.633961,
		0.639609,
		0,
		-0.600186,
		-0.733471,
		-0.319055,
		0,
		0.671403,
		-0.24518,
		-0.69936,
		0,
		0.397128,
		0.065214,
		-0.689171,
		1,
	},
	[0.45] = {
		0.446749,
		-0.617122,
		0.647747,
		0,
		-0.615135,
		-0.737605,
		-0.278475,
		0,
		0.649634,
		-0.274043,
		-0.709137,
		0,
		0.375606,
		0.045124,
		-0.692043,
		1,
	},
	[0.466666666667] = {
		0.464533,
		-0.600778,
		0.650596,
		0,
		-0.627557,
		-0.741683,
		-0.236808,
		0,
		0.624805,
		-0.298281,
		-0.721559,
		0,
		0.350665,
		0.025643,
		-0.694727,
		1,
	},
	[0.483333333333] = {
		0.487313,
		-0.58505,
		0.648262,
		0,
		-0.637065,
		-0.745922,
		-0.194291,
		0,
		0.597223,
		-0.318304,
		-0.736212,
		0,
		0.322886,
		0.006791,
		-0.697171,
		1,
	},
	[0.4] = {
		0.430749,
		-0.668002,
		0.606818,
		0,
		-0.564528,
		-0.724044,
		-0.396319,
		0,
		0.704105,
		-0.171852,
		-0.688987,
		0,
		0.42653,
		0.106349,
		-0.680758,
		1,
	},
	[0.516666666667] = {
		0.544517,
		-0.555445,
		0.628476,
		0,
		-0.646099,
		-0.755576,
		-0.10799,
		0,
		0.534843,
		-0.347255,
		-0.770296,
		0,
		0.261198,
		-0.028948,
		-0.701253,
		1,
	},
	[0.533333333333] = {
		0.577186,
		-0.541406,
		0.61134,
		0,
		-0.645214,
		-0.761233,
		-0.064985,
		0,
		0.500555,
		-0.356937,
		-0.788695,
		0,
		0.228496,
		-0.045799,
		-0.702906,
		1,
	},
	[0.55] = {
		0.611378,
		-0.527696,
		0.589707,
		0,
		-0.640613,
		-0.767529,
		-0.022663,
		0,
		0.464576,
		-0.363918,
		-0.8073,
		0,
		0.195326,
		-0.061957,
		-0.704341,
		1,
	},
	[0.566666666667] = {
		0.646225,
		-0.514159,
		0.563945,
		0,
		-0.632347,
		-0.774464,
		0.018513,
		0,
		0.427236,
		-0.368572,
		-0.825605,
		0,
		0.162193,
		-0.07743,
		-0.705606,
		1,
	},
	[0.583333333333] = {
		0.680905,
		-0.500643,
		0.534532,
		0,
		-0.620577,
		-0.78199,
		0.058098,
		0,
		0.388912,
		-0.371278,
		-0.843149,
		0,
		0.129563,
		-0.092218,
		-0.706733,
		1,
	},
	[0.5] = {
		0.514263,
		-0.569957,
		0.640845,
		0,
		-0.643329,
		-0.750505,
		-0.15123,
		0,
		0.567152,
		-0.334502,
		-0.752627,
		0,
		0.292862,
		-0.011413,
		-0.699347,
		1,
	},
	[0.616666666667] = {
		0.74687,
		-0.473184,
		0.467206,
		0,
		-0.587726,
		-0.798398,
		0.130919,
		0,
		0.311068,
		-0.372369,
		-0.874402,
		0,
		0.067449,
		-0.119648,
		-0.708584,
		1,
	},
	[0.633333333333] = {
		0.776975,
		-0.45909,
		0.430751,
		0,
		-0.567487,
		-0.806976,
		0.163548,
		0,
		0.272523,
		-0.371518,
		-0.887528,
		0,
		0.038716,
		-0.132169,
		-0.709238,
		1,
	},
	[0.65] = {
		0.804582,
		-0.444734,
		0.393522,
		0,
		-0.545397,
		-0.815558,
		0.193409,
		0,
		0.234925,
		-0.370239,
		-0.89874,
		0,
		0.012018,
		-0.143748,
		-0.709623,
		1,
	},
	[0.666666666667] = {
		0.829425,
		-0.430166,
		0.356386,
		0,
		-0.522043,
		-0.823937,
		0.220451,
		0,
		0.198809,
		-0.368896,
		-0.907959,
		0,
		-0.012268,
		-0.154224,
		-0.709659,
		1,
	},
	[0.683333333333] = {
		0.851371,
		-0.415486,
		0.320216,
		0,
		-0.498035,
		-0.831905,
		0.244736,
		0,
		0.164705,
		-0.36784,
		-0.915186,
		0,
		-0.033746,
		-0.163406,
		-0.709267,
		1,
	},
	[0.6] = {
		0.71467,
		-0.487017,
		0.502057,
		0,
		-0.605578,
		-0.790013,
		0.095682,
		0,
		0.350033,
		-0.372416,
		-0.859525,
		0,
		0.097853,
		-0.106304,
		-0.707733,
		1,
	},
	[0.716666666667] = {
		0.886612,
		-0.386401,
		0.254191,
		0,
		-0.45054,
		-0.845776,
		0.285791,
		0,
		0.104559,
		-0.367909,
		-0.923965,
		0,
		-0.065787,
		-0.176904,
		-0.705129,
		1,
	},
	[0.733333333333] = {
		0.900157,
		-0.372376,
		0.225953,
		0,
		-0.428257,
		-0.851288,
		0.303159,
		0,
		0.079462,
		-0.369657,
		-0.925764,
		0,
		-0.074962,
		-0.180689,
		-0.700327,
		1,
	},
	[0.75] = {
		0.911248,
		-0.358975,
		0.2019,
		0,
		-0.407716,
		-0.855601,
		0.318927,
		0,
		0.05826,
		-0.37294,
		-0.926025,
		0,
		-0.080537,
		-0.182421,
		-0.696994,
		1,
	},
	[0.766666666667] = {
		0.920116,
		-0.346406,
		0.182731,
		0,
		-0.389458,
		-0.858538,
		0.33352,
		0,
		0.041348,
		-0.378043,
		-0.924864,
		0,
		-0.082288,
		-0.181943,
		-0.695386,
		1,
	},
	[0.783333333333] = {
		0.927242,
		-0.334608,
		0.168106,
		0,
		-0.37335,
		-0.860682,
		0.346174,
		0,
		0.028853,
		-0.38375,
		-0.922986,
		0,
		-0.081905,
		-0.180311,
		-0.694824,
		1,
	},
	[0.7] = {
		0.870405,
		-0.400838,
		0.285875,
		0,
		-0.473997,
		-0.839251,
		0.266429,
		0,
		0.133126,
		-0.367405,
		-0.920484,
		0,
		-0.052,
		-0.171079,
		-0.70838,
		1,
	},
	[0.816666666667] = {
		0.938015,
		-0.312853,
		0.149163,
		0,
		-0.346262,
		-0.864707,
		0.363847,
		0,
		0.015152,
		-0.392943,
		-0.919438,
		0,
		-0.078428,
		-0.176849,
		-0.689743,
		1,
	},
	[0.833333333333] = {
		0.942035,
		-0.30297,
		0.144149,
		0,
		-0.335265,
		-0.866577,
		0.36965,
		0,
		0.012923,
		-0.396551,
		-0.917922,
		0,
		-0.076435,
		-0.175192,
		-0.687294,
		1,
	},
	[0.85] = {
		0.945317,
		-0.293806,
		0.141609,
		0,
		-0.325888,
		-0.868343,
		0.373869,
		0,
		0.01312,
		-0.399573,
		-0.916607,
		0,
		-0.074454,
		-0.173621,
		-0.685145,
		1,
	},
	[0.866666666667] = {
		0.947955,
		-0.285408,
		0.141153,
		0,
		-0.318039,
		-0.869993,
		0.376781,
		0,
		0.015266,
		-0.402064,
		-0.915484,
		0,
		-0.072526,
		-0.172151,
		-0.68328,
		1,
	},
	[0.883333333333] = {
		0.950023,
		-0.277823,
		0.142376,
		0,
		-0.311608,
		-0.871515,
		0.378631,
		0,
		0.01889,
		-0.404074,
		-0.914531,
		0,
		-0.070687,
		-0.170799,
		-0.681684,
		1,
	},
	[0.8] = {
		0.933138,
		-0.323413,
		0.157029,
		0,
		-0.358946,
		-0.86274,
		0.356143,
		0,
		0.020294,
		-0.388696,
		-0.921143,
		0,
		-0.080389,
		-0.178577,
		-0.692505,
		1,
	},
	[0.916666666667] = {
		0.952715,
		-0.265286,
		0.148182,
		0,
		-0.302505,
		-0.874123,
		0.379999,
		0,
		0.028721,
		-0.406856,
		-0.913041,
		0,
		-0.067427,
		-0.168505,
		-0.679239,
		1,
	},
	[0.933333333333] = {
		0.953469,
		-0.260428,
		0.151901,
		0,
		-0.299567,
		-0.875177,
		0.379901,
		0,
		0.034003,
		-0.407728,
		-0.91247,
		0,
		-0.066079,
		-0.167594,
		-0.678364,
		1,
	},
	[0.95] = {
		0.953922,
		-0.256573,
		0.155576,
		0,
		-0.297521,
		-0.876039,
		0.379521,
		0,
		0.038916,
		-0.408321,
		-0.912009,
		0,
		-0.064966,
		-0.16686,
		-0.677703,
		1,
	},
	[0.966666666667] = {
		0.954148,
		-0.253765,
		0.158758,
		0,
		-0.29623,
		-0.876688,
		0.379033,
		0,
		0.042996,
		-0.408683,
		-0.911663,
		0,
		-0.064126,
		-0.166317,
		-0.677245,
		1,
	},
	[0.983333333333] = {
		0.954228,
		-0.252048,
		0.160997,
		0,
		-0.295555,
		-0.877098,
		0.37861,
		0,
		0.045782,
		-0.408864,
		-0.911446,
		0,
		-0.063595,
		-0.165981,
		-0.676978,
		1,
	},
	[0.9] = {
		0.951588,
		-0.2711,
		0.144862,
		0,
		-0.306474,
		-0.872897,
		0.379637,
		0,
		0.02353,
		-0.405655,
		-0.913723,
		0,
		-0.068975,
		-0.169578,
		-0.680341,
		1,
	},
	{
		0.954239,
		-0.251467,
		0.161843,
		0,
		-0.29536,
		-0.877242,
		0.378429,
		0,
		0.046814,
		-0.408914,
		-0.911371,
		0,
		-0.06341,
		-0.165866,
		-0.676892,
		1,
	},
}

return spline_matrices
