local spline_matrices = {
	[0] = {
		0.568812,
		0.452427,
		-0.68685,
		0,
		-0.807005,
		0.468186,
		-0.359924,
		0,
		0.158735,
		0.75902,
		0.63142,
		0,
		-0.097412,
		0.594872,
		0.000796,
		1
	},
	{
		0.918196,
		0.371277,
		-0.138091,
		0,
		-0.319112,
		0.486741,
		-0.813173,
		0,
		-0.234698,
		0.790719,
		0.565402,
		0,
		0.085063,
		0.672149,
		-0.200681,
		1
	},
	[0.0166666666667] = {
		0.581603,
		0.262661,
		-0.7699,
		0,
		-0.650981,
		0.717828,
		-0.246873,
		0,
		0.487813,
		0.644773,
		0.588479,
		0,
		-0.097842,
		0.569783,
		0.064771,
		1
	},
	[0.0333333333333] = {
		0.467146,
		0.157181,
		-0.870097,
		0,
		-0.392188,
		0.918804,
		-0.044582,
		0,
		0.792441,
		0.362068,
		0.49086,
		0,
		-0.101291,
		0.535701,
		0.124512,
		1
	},
	[0.05] = {
		0.405076,
		0.264402,
		-0.875217,
		0,
		-0.196937,
		0.960033,
		0.198877,
		0,
		0.892821,
		0.091802,
		0.440957,
		0,
		-0.108449,
		0.498748,
		0.155875,
		1
	},
	[0.0666666666667] = {
		0.464128,
		0.462559,
		-0.755397,
		0,
		-0.126728,
		0.878719,
		0.46021,
		0,
		0.876656,
		-0.117867,
		0.466457,
		0,
		-0.115404,
		0.456375,
		0.163232,
		1
	},
	[0.0833333333333] = {
		0.553486,
		0.623068,
		-0.552665,
		0,
		-0.081856,
		0.70106,
		0.708389,
		0,
		0.828826,
		-0.346845,
		0.439029,
		0,
		-0.12328,
		0.408234,
		0.162033,
		1
	},
	[0.116666666667] = {
		0.78739,
		0.605558,
		-0.115397,
		0,
		-0.117847,
		0.331605,
		0.936029,
		0,
		0.605086,
		-0.72342,
		0.332466,
		0,
		-0.145696,
		0.349675,
		0.147004,
		1
	},
	[0.133333333333] = {
		0.873039,
		0.482294,
		0.072078,
		0,
		-0.227202,
		0.271507,
		0.935234,
		0,
		0.431488,
		-0.832872,
		0.346615,
		0,
		-0.158913,
		0.347632,
		0.144615,
		1
	},
	[0.15] = {
		0.905262,
		0.327979,
		0.270056,
		0,
		-0.366546,
		0.281542,
		0.88678,
		0,
		0.214813,
		-0.901756,
		0.375089,
		0,
		-0.171734,
		0.352999,
		0.144483,
		1
	},
	[0.166666666667] = {
		0.880066,
		0.160596,
		0.44687,
		0,
		-0.473154,
		0.376064,
		0.796681,
		0,
		-0.040108,
		-0.91257,
		0.406948,
		0,
		-0.183286,
		0.370817,
		0.145507,
		1
	},
	[0.183333333333] = {
		0.812723,
		0.006138,
		0.582617,
		0,
		-0.48441,
		0.562775,
		0.6698,
		0,
		-0.323771,
		-0.826588,
		0.460353,
		0,
		-0.192764,
		0.407278,
		0.145954,
		1
	},
	[0.1] = {
		0.670375,
		0.671337,
		-0.316076,
		0,
		-0.074093,
		0.484399,
		0.871704,
		0,
		0.738314,
		-0.560949,
		0.374471,
		0,
		-0.133441,
		0.368169,
		0.154178,
		1
	},
	[0.216666666667] = {
		0.645055,
		-0.075072,
		0.760439,
		0,
		0.074697,
		0.996591,
		0.035022,
		0,
		-0.760476,
		0.034211,
		0.648464,
		0,
		-0.009113,
		0.607181,
		-0.051552,
		1
	},
	[0.233333333333] = {
		0.53693,
		-0.091638,
		0.838635,
		0,
		0.806018,
		0.349227,
		-0.477886,
		0,
		-0.249082,
		0.932546,
		0.261372,
		0,
		0.201725,
		0.656753,
		-0.200593,
		1
	},
	[0.25] = {
		0.53119,
		-0.014222,
		0.847133,
		0,
		0.842646,
		-0.095251,
		-0.529976,
		0,
		0.088227,
		0.995352,
		-0.038612,
		0,
		0.336369,
		0.592981,
		-0.242075,
		1
	},
	[0.266666666667] = {
		0.56969,
		0.004167,
		0.821849,
		0,
		0.782004,
		-0.310377,
		-0.540496,
		0,
		0.252831,
		0.950604,
		-0.180078,
		0,
		0.391108,
		0.558277,
		-0.258635,
		1
	},
	[0.283333333333] = {
		0.615683,
		-0.000395,
		0.787994,
		0,
		0.699371,
		-0.46047,
		-0.54667,
		0,
		0.363063,
		0.887675,
		-0.283227,
		0,
		0.423548,
		0.532553,
		-0.268904,
		1
	},
	[0.2] = {
		0.727218,
		-0.066124,
		0.683215,
		0,
		-0.335922,
		0.833724,
		0.438248,
		0,
		-0.598591,
		-0.548208,
		0.584086,
		0,
		-0.13714,
		0.496184,
		0.076448,
		1
	},
	[0.316666666667] = {
		0.708836,
		-0.059995,
		0.702817,
		0,
		0.527193,
		-0.616912,
		-0.584369,
		0,
		0.468636,
		0.784742,
		-0.405661,
		0,
		0.43982,
		0.50666,
		-0.27692,
		1
	},
	[0.333333333333] = {
		0.750918,
		-0.105658,
		0.651888,
		0,
		0.447507,
		-0.644513,
		-0.619952,
		0,
		0.485653,
		0.757258,
		-0.436694,
		0,
		0.431589,
		0.504075,
		-0.276793,
		1
	},
	[0.35] = {
		0.788093,
		-0.156271,
		0.595389,
		0,
		0.373418,
		-0.647565,
		-0.664243,
		0,
		0.489355,
		0.745815,
		-0.451987,
		0,
		0.417178,
		0.506413,
		-0.274849,
		1
	},
	[0.366666666667] = {
		0.819312,
		-0.207954,
		0.534307,
		0,
		0.305137,
		-0.630817,
		-0.713416,
		0,
		0.485407,
		0.747546,
		-0.453381,
		0,
		0.399926,
		0.512078,
		-0.271638,
		1
	},
	[0.383333333333] = {
		0.843765,
		-0.257205,
		0.47107,
		0,
		0.2434,
		-0.598876,
		-0.762957,
		0,
		0.478349,
		0.758415,
		-0.442707,
		0,
		0.383104,
		0.519408,
		-0.267733,
		1
	},
	[0.3] = {
		0.663141,
		-0.023411,
		0.748128,
		0,
		0.611964,
		-0.558557,
		-0.559923,
		0,
		0.430981,
		0.829135,
		-0.356075,
		0,
		0.43839,
		0.51569,
		-0.274583,
		1
	},
	[0.416666666667] = {
		0.871134,
		-0.338487,
		0.355742,
		0,
		0.146447,
		-0.512403,
		-0.846166,
		0,
		0.468699,
		0.789221,
		-0.396801,
		0,
		0.363612,
		0.532206,
		-0.260769,
		1
	},
	[0.433333333333] = {
		0.876977,
		-0.372774,
		0.303234,
		0,
		0.104136,
		-0.46861,
		-0.877246,
		0,
		0.469113,
		0.800902,
		-0.372141,
		0,
		0.36164,
		0.536627,
		-0.25864,
		1
	},
	[0.45] = {
		0.883766,
		-0.394895,
		0.251028,
		0,
		0.070935,
		-0.417205,
		-0.90604,
		0,
		0.462521,
		0.818534,
		-0.3407,
		0,
		0.359468,
		0.542297,
		-0.256345,
		1
	},
	[0.466666666667] = {
		0.892043,
		-0.405425,
		0.199726,
		0,
		0.045279,
		-0.359524,
		-0.932037,
		0,
		0.449677,
		0.84046,
		-0.302354,
		0,
		0.357024,
		0.548959,
		-0.253821,
		1
	},
	[0.483333333333] = {
		0.901915,
		-0.40501,
		0.150052,
		0,
		0.025576,
		-0.296722,
		-0.954621,
		0,
		0.431155,
		0.864826,
		-0.25726,
		0,
		0.354236,
		0.55635,
		-0.251027,
		1
	},
	[0.4] = {
		0.861025,
		-0.301256,
		0.409734,
		0,
		0.189756,
		-0.557178,
		-0.808422,
		0,
		0.471836,
		0.77382,
		-0.422579,
		0,
		0.369939,
		0.526691,
		-0.263823,
		1
	},
	[0.516666666667] = {
		0.925316,
		-0.3746,
		0.058866,
		0,
		-0.002123,
		-0.160353,
		-0.987057,
		0,
		0.379191,
		0.913215,
		-0.149173,
		0,
		0.347403,
		0.572271,
		-0.244589,
		1
	},
	[0.533333333333] = {
		0.937765,
		-0.346752,
		0.018945,
		0,
		-0.012914,
		-0.089338,
		-0.995918,
		0,
		0.347029,
		0.933692,
		-0.088256,
		0,
		0.343287,
		0.580307,
		-0.241004,
		1
	},
	[0.55] = {
		0.94984,
		-0.312309,
		-0.016356,
		0,
		-0.023246,
		-0.018351,
		-0.999561,
		0,
		0.311871,
		0.949803,
		-0.02469,
		0,
		0.338697,
		0.588105,
		-0.23726,
		1
	},
	[0.566666666667] = {
		0.960902,
		-0.272921,
		-0.046716,
		0,
		-0.034022,
		0.051063,
		-0.998116,
		0,
		0.274792,
		0.96068,
		0.039782,
		0,
		0.333655,
		0.595493,
		-0.233447,
		1
	},
	[0.583333333333] = {
		0.970421,
		-0.230386,
		-0.072143,
		0,
		-0.045885,
		0.117367,
		-0.992028,
		0,
		0.237017,
		0.965995,
		0.103324,
		0,
		0.328199,
		0.602343,
		-0.229663,
		1
	},
	[0.5] = {
		0.913161,
		-0.394416,
		0.102821,
		0,
		0.010265,
		-0.229928,
		-0.973153,
		0,
		0.407469,
		0.889702,
		-0.205913,
		0,
		0.351044,
		0.564205,
		-0.247945,
		1
	},
	[0.616666666667] = {
		0.983555,
		-0.143228,
		-0.11002,
		0,
		-0.074175,
		0.235079,
		-0.969142,
		0,
		0.164672,
		0.961365,
		0.22059,
		0,
		0.316259,
		0.614151,
		-0.22255,
		1
	},
	[0.633333333333] = {
		0.986993,
		-0.10208,
		-0.124193,
		0,
		-0.090705,
		0.284216,
		-0.95446,
		0,
		0.132729,
		0.95331,
		0.271261,
		0,
		0.309885,
		0.619071,
		-0.219362,
		1
	},
	[0.65] = {
		0.988496,
		-0.06461,
		-0.136756,
		0,
		-0.108642,
		0.32576,
		-0.93919,
		0,
		0.105231,
		0.943242,
		0.314993,
		0,
		0.303308,
		0.623356,
		-0.216478,
		1
	},
	[0.666666666667] = {
		0.988304,
		-0.032142,
		-0.149073,
		0,
		-0.127767,
		0.359151,
		-0.924492,
		0,
		0.083255,
		0.932726,
		0.350844,
		0,
		0.296566,
		0.627043,
		-0.213912,
		1
	},
	[0.683333333333] = {
		0.987043,
		-0.001908,
		-0.160446,
		0,
		-0.147326,
		0.385399,
		-0.910913,
		0,
		0.063574,
		0.922748,
		0.380124,
		0,
		0.288712,
		0.630556,
		-0.211707,
		1
	},
	[0.6] = {
		0.978032,
		-0.186555,
		-0.093006,
		0,
		-0.059221,
		0.179123,
		-0.982043,
		0,
		0.199864,
		0.965977,
		0.16414,
		0,
		0.322381,
		0.608574,
		-0.226004,
		1
	},
	[0.716666666667] = {
		0.982428,
		0.061276,
		-0.176294,
		0,
		-0.185555,
		0.422377,
		-0.887225,
		0,
		0.020097,
		0.904347,
		0.426325,
		0,
		0.267608,
		0.638116,
		-0.208377,
		1
	},
	[0.733333333333] = {
		0.978978,
		0.093427,
		-0.181309,
		0,
		-0.203939,
		0.434362,
		-0.877347,
		0,
		-0.003214,
		0.89588,
		0.444284,
		0,
		0.254918,
		0.64205,
		-0.207171,
		1
	},
	[0.75] = {
		0.974752,
		0.125458,
		-0.184713,
		0,
		-0.221627,
		0.44279,
		-0.868803,
		0,
		-0.027209,
		0.887805,
		0.459415,
		0,
		0.24118,
		0.646002,
		-0.206218,
		1
	},
	[0.766666666667] = {
		0.969783,
		0.157019,
		-0.186726,
		0,
		-0.238455,
		0.448216,
		-0.861534,
		0,
		-0.051584,
		0.880027,
		0.472114,
		0,
		0.226675,
		0.649904,
		-0.205482,
		1
	},
	[0.783333333333] = {
		0.964143,
		0.187766,
		-0.187543,
		0,
		-0.254266,
		0.451182,
		-0.855443,
		0,
		-0.076007,
		0.872455,
		0.482747,
		0,
		0.211687,
		0.653691,
		-0.204926,
		1
	},
	[0.7] = {
		0.985105,
		0.02937,
		-0.169427,
		0,
		-0.166633,
		0.406258,
		-0.898436,
		0,
		0.042444,
		0.913286,
		0.405101,
		0,
		0.278966,
		0.634265,
		-0.209876,
		1
	},
	[0.816666666667] = {
		0.951346,
		0.245462,
		-0.186251,
		0,
		-0.282268,
		0.451886,
		-0.846241,
		0,
		-0.123556,
		0.857641,
		0.499186,
		0,
		0.181395,
		0.660649,
		-0.204215,
		1
	},
	[0.833333333333] = {
		0.944537,
		0.271738,
		-0.184414,
		0,
		-0.294215,
		0.450702,
		-0.842796,
		0,
		-0.145904,
		0.85031,
		0.505654,
		0,
		0.166654,
		0.663693,
		-0.203992,
		1
	},
	[0.85] = {
		0.937748,
		0.295857,
		-0.181926,
		0,
		-0.304665,
		0.449217,
		-0.839871,
		0,
		-0.166757,
		0.843014,
		0.511389,
		0,
		0.15256,
		0.666363,
		-0.203812,
		1
	},
	[0.866666666667] = {
		0.931239,
		0.317489,
		-0.17887,
		0,
		-0.313548,
		0.447976,
		-0.837261,
		0,
		-0.185691,
		0.835774,
		0.516721,
		0,
		0.13939,
		0.6686,
		-0.203641,
		1
	},
	[0.883333333333] = {
		0.925291,
		0.336307,
		-0.175312,
		0,
		-0.320814,
		0.447521,
		-0.834747,
		0,
		-0.202276,
		0.828626,
		0.52198,
		0,
		0.127425,
		0.670347,
		-0.203446,
		1
	},
	[0.8] = {
		0.957946,
		0.21736,
		-0.187336,
		0,
		-0.268914,
		0.452226,
		-0.850398,
		0,
		-0.100124,
		0.865012,
		0.491659,
		0,
		0.196499,
		0.657294,
		-0.204515,
		1
	},
	[0.916666666667] = {
		0.916245,
		0.364194,
		-0.166904,
		0,
		-0.330332,
		0.451096,
		-0.829092,
		0,
		-0.226661,
		0.814785,
		0.533619,
		0,
		0.108216,
		0.672138,
		-0.202845,
		1
	},
	[0.933333333333] = {
		0.913715,
		0.372599,
		-0.162158,
		0,
		-0.332502,
		0.456139,
		-0.825457,
		0,
		-0.233597,
		0.808151,
		0.540671,
		0,
		0.10153,
		0.672064,
		-0.202371,
		1
	},
	[0.95] = {
		0.912755,
		0.37716,
		-0.156937,
		0,
		-0.332537,
		0.462855,
		-0.821696,
		0,
		-0.237271,
		0.802194,
		0.547893,
		0,
		0.096345,
		0.671757,
		-0.201856,
		1
	},
	[0.966666666667] = {
		0.913276,
		0.378268,
		-0.151131,
		0,
		-0.330204,
		0.470239,
		-0.818438,
		0,
		-0.238522,
		0.797363,
		0.554364,
		0,
		0.091905,
		0.671681,
		-0.201409,
		1
	},
	[0.983333333333] = {
		0.915144,
		0.376215,
		-0.144825,
		0,
		-0.325674,
		0.478228,
		-0.815619,
		0,
		-0.237589,
		0.793574,
		0.560171,
		0,
		0.088159,
		0.671819,
		-0.20102,
		1
	},
	[0.9] = {
		0.920196,
		0.351985,
		-0.171307,
		0,
		-0.326421,
		0.448388,
		-0.832104,
		0,
		-0.216077,
		0.821617,
		0.5275,
		0,
		0.116941,
		0.671546,
		-0.203192,
		1
	},
	[1.01666666667] = {
		0.922251,
		0.363722,
		-0.130994,
		0,
		-0.310686,
		0.495678,
		-0.811035,
		0,
		-0.23006,
		0.788676,
		0.570143,
		0,
		0.082571,
		0.672649,
		-0.200384,
		1
	},
	[1.03333333333] = {
		0.927114,
		0.353814,
		-0.123591,
		0,
		-0.300562,
		0.504935,
		-0.809138,
		0,
		-0.223879,
		0.78731,
		0.574475,
		0,
		0.080638,
		0.673294,
		-0.200123,
		1
	},
	[1.05] = {
		0.932587,
		0.34182,
		-0.115932,
		0,
		-0.288914,
		0.514398,
		-0.807418,
		0,
		-0.216356,
		0.786482,
		0.578477,
		0,
		0.079222,
		0.674062,
		-0.199889,
		1
	},
	[1.06666666667] = {
		0.938474,
		0.328006,
		-0.108069,
		0,
		-0.275921,
		0.523958,
		-0.805814,
		0,
		-0.207688,
		0.786054,
		0.582225,
		0,
		0.078279,
		0.674927,
		-0.199678,
		1
	},
	[1.08333333333] = {
		0.944585,
		0.312647,
		-0.100051,
		0,
		-0.261773,
		0.533508,
		-0.804266,
		0,
		-0.198074,
		0.785889,
		0.585786,
		0,
		0.077763,
		0.675866,
		-0.199482,
		1
	},
	[1.11666666667] = {
		0.956796,
		0.278439,
		-0.08374,
		0,
		-0.230812,
		0.5522,
		-0.801124,
		0,
		-0.176823,
		0.785841,
		0.592611,
		0,
		0.077831,
		0.67787,
		-0.199119,
		1
	},
	[1.13333333333] = {
		0.962599,
		0.260184,
		-0.075545,
		0,
		-0.214424,
		0.561187,
		-0.799432,
		0,
		-0.165604,
		0.785731,
		0.595988,
		0,
		0.078319,
		0.678891,
		-0.198943,
		1
	},
	[1.15] = {
		0.96804,
		0.241571,
		-0.067391,
		0,
		-0.197731,
		0.569857,
		-0.7976,
		0,
		-0.154274,
		0.785434,
		0.59941,
		0,
		0.079043,
		0.679898,
		-0.198764,
		1
	},
	[1.16666666667] = {
		0.97303,
		0.222918,
		-0.059326,
		0,
		-0.180965,
		0.578174,
		-0.795592,
		0,
		-0.143051,
		0.78487,
		0.602922,
		0,
		0.079952,
		0.680872,
		-0.198581,
		1
	},
	[1.18333333333] = {
		0.977506,
		0.204549,
		-0.0514,
		0,
		-0.164368,
		0.586125,
		-0.793373,
		0,
		-0.132157,
		0.783975,
		0.606562,
		0,
		0.080993,
		0.681797,
		-0.198391,
		1
	},
	[1.1] = {
		0.950746,
		0.296028,
		-0.091925,
		0,
		-0.246668,
		0.542951,
		-0.80272,
		0,
		-0.187717,
		0.785858,
		0.589228,
		0,
		0.07763,
		0.676854,
		-0.199298,
		1
	},
	[1.21666666667] = {
		0.984786,
		0.16997,
		-0.036155,
		0,
		-0.13266,
		0.600954,
		-0.788197,
		0,
		-0.112243,
		0.781002,
		0.61436,
		0,
		0.083253,
		0.683437,
		-0.19798,
		1
	},
	[1.23333333333] = {
		0.987582,
		0.154418,
		-0.028925,
		0,
		-0.118048,
		0.607893,
		-0.785194,
		0,
		-0.103665,
		0.778858,
		0.618573,
		0,
		0.084361,
		0.684128,
		-0.197758,
		1
	},
	[1.25] = {
		0.989841,
		0.140463,
		-0.022011,
		0,
		-0.104599,
		0.614579,
		-0.78189,
		0,
		-0.096299,
		0.776249,
		0.623028,
		0,
		0.08538,
		0.684717,
		-0.197524,
		1
	},
	[1.2] = {
		0.981429,
		0.18679,
		-0.043661,
		0,
		-0.148183,
		0.593711,
		-0.790917,
		0,
		-0.121814,
		0.782698,
		0.610364,
		0,
		0.082111,
		0.682656,
		-0.19819,
		1
	}
}

return spline_matrices
