local spline_matrices = {
	[0] = {
		0.989864,
		0.140463,
		-0.020974,
		0,
		-0.10378,
		0.614579,
		-0.781999,
		0,
		-0.096952,
		0.776249,
		0.622927,
		0,
		0.085587,
		0.684717,
		-0.197434,
		1
	},
	{
		-0.43782,
		-0.091002,
		0.894445,
		0,
		0.89906,
		-0.042179,
		0.435788,
		0,
		-0.00193,
		0.994957,
		0.100283,
		0,
		0.343619,
		0.582662,
		-0.202598,
		1
	},
	[0.0166666666667] = {
		0.777915,
		0.318007,
		-0.541959,
		0,
		-0.628276,
		0.378735,
		-0.67958,
		0,
		-0.010852,
		0.869155,
		0.49442,
		0,
		0.005256,
		0.615591,
		-0.177349,
		1
	},
	[0.0333333333333] = {
		0.329471,
		0.279262,
		-0.901921,
		0,
		-0.94239,
		0.155829,
		-0.296005,
		0,
		0.057882,
		0.947486,
		0.314515,
		0,
		-0.12698,
		0.476456,
		-0.147246,
		1
	},
	[0.05] = {
		-0.077987,
		0.150068,
		-0.985595,
		0,
		-0.99529,
		0.045374,
		0.085663,
		0,
		0.057576,
		0.987634,
		0.145822,
		0,
		-0.228308,
		0.319351,
		-0.125693,
		1
	},
	[0.0666666666667] = {
		-0.146982,
		0.086395,
		-0.985359,
		0,
		-0.987577,
		0.043151,
		0.151096,
		0,
		0.055573,
		0.995326,
		0.07898,
		0,
		-0.26276,
		0.111606,
		-0.112777,
		1
	},
	[0.0833333333333] = {
		-0.051535,
		0.065805,
		-0.996501,
		0,
		-0.995097,
		0.080958,
		0.056809,
		0,
		0.084413,
		0.994543,
		0.06131,
		0,
		-0.276681,
		-0.104034,
		-0.103299,
		1
	},
	[0.116666666667] = {
		0.093831,
		0.112294,
		-0.989235,
		0,
		-0.982697,
		0.169827,
		-0.073933,
		0,
		0.159697,
		0.979055,
		0.126286,
		0,
		-0.285485,
		-0.168282,
		-0.129126,
		1
	},
	[0.133333333333] = {
		-0.033837,
		0.144011,
		-0.988997,
		0,
		-0.981375,
		0.182443,
		0.060142,
		0,
		0.189097,
		0.972613,
		0.135155,
		0,
		-0.22328,
		0.098007,
		-0.115533,
		1
	},
	[0.15] = {
		-0.004699,
		0.182101,
		-0.983269,
		0,
		-0.983316,
		0.177964,
		0.037658,
		0,
		0.181844,
		0.967041,
		0.178227,
		0,
		-0.224396,
		0.286361,
		-0.158527,
		1
	},
	[0.166666666667] = {
		0.04611,
		0.127017,
		-0.990828,
		0,
		-0.994229,
		0.10202,
		-0.03319,
		0,
		0.096869,
		0.98664,
		0.130988,
		0,
		-0.153546,
		0.466869,
		-0.122726,
		1
	},
	[0.183333333333] = {
		0.14645,
		0.054991,
		-0.987688,
		0,
		-0.989211,
		0.011901,
		-0.146014,
		0,
		0.003725,
		0.998416,
		0.056141,
		0,
		-0.046146,
		0.605561,
		-0.044593,
		1
	},
	[0.1] = {
		0.046809,
		0.066713,
		-0.996674,
		0,
		-0.991546,
		0.12398,
		-0.038269,
		0,
		0.121015,
		0.99004,
		0.071952,
		0,
		-0.283771,
		-0.202975,
		-0.100138,
		1
	},
	[0.216666666667] = {
		0.291531,
		0.051433,
		-0.955178,
		0,
		-0.95656,
		0.013953,
		-0.291201,
		0,
		-0.00165,
		0.998579,
		0.053266,
		0,
		-0.040949,
		0.604002,
		-0.052601,
		1
	},
	[0.233333333333] = {
		0.344817,
		0.050926,
		-0.937287,
		0,
		-0.938663,
		0.014986,
		-0.344509,
		0,
		-0.003498,
		0.99859,
		0.05297,
		0,
		-0.040306,
		0.60229,
		-0.056184,
		1
	},
	[0.25] = {
		0.390257,
		0.050922,
		-0.919297,
		0,
		-0.920692,
		0.016042,
		-0.389961,
		0,
		-0.00511,
		0.998574,
		0.053144,
		0,
		-0.040043,
		0.6003,
		-0.059476,
		1
	},
	[0.266666666667] = {
		0.429054,
		0.051362,
		-0.901818,
		0,
		-0.903257,
		0.017488,
		-0.428743,
		0,
		-0.00625,
		0.998527,
		0.053896,
		0,
		-0.039889,
		0.59825,
		-0.062597,
		1
	},
	[0.283333333333] = {
		0.462323,
		0.05216,
		-0.885176,
		0,
		-0.886686,
		0.019674,
		-0.461953,
		0,
		-0.00668,
		0.998445,
		0.055346,
		0,
		-0.039552,
		0.596354,
		-0.065676,
		1
	},
	[0.2] = {
		0.226677,
		0.045246,
		-0.972918,
		0,
		-0.973923,
		0.000693,
		-0.226879,
		0,
		-0.009591,
		0.998976,
		0.044223,
		0,
		-0.041711,
		0.604969,
		-0.049485,
		1
	},
	[0.316666666667] = {
		0.516173,
		0.054403,
		-0.854755,
		0,
		-0.856469,
		0.026857,
		-0.515499,
		0,
		-0.005088,
		0.998158,
		0.060458,
		0,
		-0.038568,
		0.592284,
		-0.071503,
		1
	},
	[0.333333333333] = {
		0.537966,
		0.055752,
		-0.841121,
		0,
		-0.842959,
		0.031356,
		-0.537063,
		0,
		-0.003568,
		0.997952,
		0.063865,
		0,
		-0.038063,
		0.590106,
		-0.07419,
		1
	},
	[0.35] = {
		0.556966,
		0.057243,
		-0.82856,
		0,
		-0.830533,
		0.036033,
		-0.555803,
		0,
		-0.001961,
		0.99771,
		0.067611,
		0,
		-0.037484,
		0.588085,
		-0.076777,
		1
	},
	[0.366666666667] = {
		0.573599,
		0.058888,
		-0.817017,
		0,
		-0.819136,
		0.040567,
		-0.572163,
		0,
		-0.000549,
		0.99744,
		0.071507,
		0,
		-0.036777,
		0.586412,
		-0.079306,
		1
	},
	[0.383333333333] = {
		0.58826,
		0.060707,
		-0.80639,
		0,
		-0.808672,
		0.044638,
		-0.586564,
		0,
		0.000386,
		0.997157,
		0.075351,
		0,
		-0.035885,
		0.585275,
		-0.081817,
		1
	},
	[0.3] = {
		0.491125,
		0.053199,
		-0.869463,
		0,
		-0.871067,
		0.022858,
		-0.490633,
		0,
		-0.006227,
		0.998322,
		0.057566,
		0,
		-0.039049,
		0.59443,
		-0.068677,
		1
	},
	[0.416666666667] = {
		0.615448,
		0.064589,
		-0.785527,
		0,
		-0.788177,
		0.051171,
		-0.613317,
		0,
		0.000583,
		0.996599,
		0.082401,
		0,
		-0.033109,
		0.585024,
		-0.087086,
		1
	},
	[0.433333333333] = {
		0.629943,
		0.066343,
		-0.773802,
		0,
		-0.776641,
		0.054637,
		-0.62757,
		0,
		0.000644,
		0.9963,
		0.085943,
		0,
		-0.030962,
		0.585367,
		-0.089987,
		1
	},
	[0.45] = {
		0.640263,
		0.068676,
		-0.76508,
		0,
		-0.768156,
		0.057228,
		-0.6377,
		0,
		-1.1e-05,
		0.995996,
		0.089395,
		0,
		-0.028625,
		0.585745,
		-0.092819,
		1
	},
	[0.466666666667] = {
		0.642029,
		0.072327,
		-0.763261,
		0,
		-0.766678,
		0.057839,
		-0.639422,
		0,
		-0.002101,
		0.995702,
		0.092586,
		0,
		-0.026424,
		0.586008,
		-0.095344,
		1
	},
	[0.483333333333] = {
		0.630711,
		0.078,
		-0.772087,
		0,
		-0.775992,
		0.055292,
		-0.628315,
		0,
		-0.006319,
		0.995419,
		0.0954,
		0,
		-0.024676,
		0.586002,
		-0.097322,
		1
	},
	[0.4] = {
		0.601317,
		0.062726,
		-0.796544,
		0,
		-0.79901,
		0.04792,
		-0.599405,
		0,
		0.000572,
		0.99688,
		0.078933,
		0,
		-0.034746,
		0.584866,
		-0.084356,
		1
	},
	[0.516666666667] = {
		0.536934,
		0.098207,
		-0.837889,
		0,
		-0.843248,
		0.032808,
		-0.536523,
		0,
		-0.025201,
		0.994625,
		0.100429,
		0,
		-0.023578,
		0.58466,
		-0.100797,
		1
	},
	[0.533333333333] = {
		0.396363,
		0.109144,
		-0.911583,
		0,
		-0.91808,
		0.041639,
		-0.394202,
		0,
		-0.005068,
		0.993153,
		0.116707,
		0,
		-0.039397,
		0.558963,
		-0.102488,
		1
	},
	[0.55] = {
		0.194442,
		0.125641,
		-0.972834,
		0,
		-0.980411,
		0.056661,
		-0.188638,
		0,
		0.031421,
		0.990456,
		0.134197,
		0,
		-0.07856,
		0.498084,
		-0.103748,
		1
	},
	[0.566666666667] = {
		0.006544,
		0.134911,
		-0.990836,
		0,
		-0.997063,
		0.07649,
		0.00383,
		0,
		0.076306,
		0.987901,
		0.135015,
		0,
		-0.126428,
		0.426663,
		-0.108286,
		1
	},
	[0.583333333333] = {
		-0.088105,
		0.121829,
		-0.988633,
		0,
		-0.989204,
		0.105972,
		0.101215,
		0,
		0.117099,
		0.986878,
		0.111177,
		0,
		-0.171097,
		0.369621,
		-0.117409,
		1
	},
	[0.5] = {
		0.601626,
		0.088857,
		-0.79382,
		0,
		-0.798527,
		0.042,
		-0.600492,
		0,
		-0.020017,
		0.995159,
		0.096223,
		0,
		-0.024154,
		0.585293,
		-0.098652,
		1
	},
	[0.616666666667] = {
		-0.045509,
		0.134412,
		-0.98988,
		0,
		-0.975793,
		0.206202,
		0.072861,
		0,
		0.213908,
		0.969234,
		0.121774,
		0,
		-0.248674,
		0.324146,
		-0.126943,
		1
	},
	[0.633333333333] = {
		-0.014259,
		0.138677,
		-0.990235,
		0,
		-0.97742,
		0.206874,
		0.043046,
		0,
		0.210823,
		0.968489,
		0.132596,
		0,
		-0.267571,
		0.318738,
		-0.130087,
		1
	},
	[0.65] = {
		0.131165,
		0.271724,
		-0.953395,
		0,
		-0.990716,
		0.070606,
		-0.116176,
		0,
		0.035748,
		0.959782,
		0.278462,
		0,
		-0.279176,
		0.334292,
		-0.131554,
		1
	},
	[0.666666666667] = {
		0.276859,
		0.603034,
		-0.74813,
		0,
		-0.950213,
		0.055963,
		-0.306534,
		0,
		-0.142983,
		0.79575,
		0.588505,
		0,
		-0.272603,
		0.371218,
		-0.128408,
		1
	},
	[0.683333333333] = {
		0.341786,
		0.879772,
		-0.33043,
		0,
		-0.867425,
		0.16004,
		-0.471128,
		0,
		-0.361603,
		0.447649,
		0.817835,
		0,
		-0.254691,
		0.407006,
		-0.137432,
		1
	},
	[0.6] = {
		-0.090769,
		0.129959,
		-0.987356,
		0,
		-0.981198,
		0.1579,
		0.110986,
		0,
		0.170327,
		0.978866,
		0.113183,
		0,
		-0.210931,
		0.339848,
		-0.122937,
		1
	},
	[0.716666666667] = {
		0.340327,
		0.939727,
		0.03304,
		0,
		-0.631947,
		0.2546,
		-0.731999,
		0,
		-0.696291,
		0.228239,
		0.680504,
		0,
		-0.141384,
		0.460647,
		-0.167975,
		1
	},
	[0.733333333333] = {
		0.398744,
		0.915441,
		-0.054502,
		0,
		-0.452337,
		0.144633,
		-0.880041,
		0,
		-0.797743,
		0.375564,
		0.471759,
		0,
		-0.041698,
		0.471598,
		-0.178489,
		1
	},
	[0.75] = {
		0.509756,
		0.842918,
		-0.172156,
		0,
		-0.251923,
		-0.045085,
		-0.966697,
		0,
		-0.822608,
		0.536149,
		0.189368,
		0,
		0.065988,
		0.472912,
		-0.189733,
		1
	},
	[0.766666666667] = {
		0.633872,
		0.740321,
		-0.223899,
		0,
		-0.066859,
		-0.235953,
		-0.969462,
		0,
		-0.770543,
		0.629484,
		-0.100067,
		0,
		0.16176,
		0.468422,
		-0.201908,
		1
	},
	[0.783333333333] = {
		0.719159,
		0.675172,
		-0.164174,
		0,
		0.103952,
		-0.338158,
		-0.93533,
		0,
		-0.687026,
		0.655585,
		-0.313375,
		0,
		0.224378,
		0.466544,
		-0.215145,
		1
	},
	[0.7] = {
		0.332413,
		0.942994,
		-0.016276,
		0,
		-0.766147,
		0.259929,
		-0.587754,
		0,
		-0.550018,
		0.207847,
		0.808876,
		0,
		-0.21444,
		0.439284,
		-0.155047,
		1
	},
	[0.816666666667] = {
		0.710367,
		0.659669,
		0.245391,
		0,
		0.544102,
		-0.293535,
		-0.785996,
		0,
		-0.446466,
		0.691863,
		-0.567444,
		0,
		0.303419,
		0.478264,
		-0.251004,
		1
	},
	[0.833333333333] = {
		0.560931,
		0.637998,
		0.527556,
		0,
		0.784338,
		-0.205654,
		-0.585252,
		0,
		-0.264896,
		0.742068,
		-0.615764,
		0,
		0.345222,
		0.490007,
		-0.265426,
		1
	},
	[0.85] = {
		0.291126,
		0.57151,
		0.767217,
		0,
		0.953356,
		-0.106471,
		-0.282446,
		0,
		-0.079735,
		0.813659,
		-0.575849,
		0,
		0.38425,
		0.505534,
		-0.268968,
		1
	},
	[0.866666666667] = {
		-0.035888,
		0.459771,
		0.887312,
		0,
		0.997747,
		-0.033873,
		0.057906,
		0,
		0.05668,
		0.887391,
		-0.45752,
		0,
		0.41305,
		0.521833,
		-0.260957,
		1
	},
	[0.883333333333] = {
		-0.322966,
		0.333292,
		0.885782,
		0,
		0.938724,
		-0.006226,
		0.344612,
		0,
		0.120371,
		0.942803,
		-0.310859,
		0,
		0.42817,
		0.535525,
		-0.24745,
		1
	},
	[0.8] = {
		0.748745,
		0.662857,
		0.001529,
		0,
		0.304315,
		-0.341695,
		-0.889178,
		0,
		-0.588875,
		0.666232,
		-0.45756,
		0,
		0.263264,
		0.470826,
		-0.232082,
		1
	},
	[0.916666666667] = {
		-0.608081,
		0.152358,
		0.779117,
		0,
		0.784644,
		-0.033884,
		0.61902,
		0,
		0.120712,
		0.987744,
		-0.098943,
		0,
		0.433009,
		0.552231,
		-0.225737,
		1
	},
	[0.933333333333] = {
		-0.635753,
		0.10118,
		0.765233,
		0,
		0.764621,
		-0.053211,
		0.64228,
		0,
		0.105704,
		0.993444,
		-0.043535,
		0,
		0.428095,
		0.557819,
		-0.219201,
		1
	},
	[0.95] = {
		-0.630277,
		0.052441,
		0.774597,
		0,
		0.771862,
		-0.065042,
		0.632455,
		0,
		0.083548,
		0.996504,
		0.000517,
		0,
		0.415501,
		0.563538,
		-0.213874,
		1
	},
	[0.966666666667] = {
		-0.595428,
		0.00427,
		0.803397,
		0,
		0.801371,
		-0.068013,
		0.594288,
		0,
		0.057178,
		0.997675,
		0.037075,
		0,
		0.396552,
		0.569548,
		-0.209447,
		1
	},
	[0.983333333333] = {
		-0.53157,
		-0.043825,
		0.84588,
		0,
		0.846543,
		-0.060806,
		0.528837,
		0,
		0.028258,
		0.997187,
		0.069422,
		0,
		0.372292,
		0.575923,
		-0.205738,
		1
	},
	[0.9] = {
		-0.515066,
		0.225314,
		0.827007,
		0,
		0.847172,
		-0.012976,
		0.53116,
		0,
		0.130409,
		0.9742,
		-0.184196,
		0,
		0.432894,
		0.545428,
		-0.234857,
		1
	},
	[1.01666666667] = {
		-0.314197,
		-0.135146,
		0.939689,
		0,
		0.948819,
		-0.011363,
		0.315616,
		0,
		-0.031977,
		0.990761,
		0.131799,
		0,
		0.3114,
		0.589687,
		-0.199822,
		1
	},
	[1.03333333333] = {
		-0.163747,
		-0.173158,
		0.971186,
		0,
		0.984668,
		0.031323,
		0.171605,
		0,
		-0.060135,
		0.984396,
		0.165375,
		0,
		0.276586,
		0.596844,
		-0.197106,
		1
	},
	[1.05] = {
		0.005967,
		-0.20168,
		0.979433,
		0,
		0.996411,
		0.083899,
		0.011206,
		0,
		-0.084433,
		0.975851,
		0.201457,
		0,
		0.24035,
		0.603911,
		-0.194071,
		1
	},
	[1.06666666667] = {
		0.182991,
		-0.218202,
		0.958594,
		0,
		0.977695,
		0.142633,
		-0.15417,
		0,
		-0.103087,
		0.965424,
		0.239436,
		0,
		0.204166,
		0.610645,
		-0.19038,
		1
	},
	[1.08333333333] = {
		0.35327,
		-0.222144,
		0.908764,
		0,
		0.928422,
		0.202696,
		-0.311364,
		0,
		-0.115035,
		0.953712,
		0.277849,
		0,
		0.169798,
		0.616849,
		-0.185892,
		1
	},
	[1.11666666667] = {
		0.627852,
		-0.201402,
		0.751824,
		0,
		0.76904,
		0.309343,
		-0.55936,
		0,
		-0.119915,
		0.929378,
		0.349108,
		0,
		0.114111,
		0.627397,
		-0.175549,
		1
	},
	[1.13333333333] = {
		0.721407,
		-0.185124,
		0.667309,
		0,
		0.682795,
		0.350994,
		-0.640776,
		0,
		-0.115598,
		0.917896,
		0.379611,
		0,
		0.09636,
		0.631881,
		-0.170887,
		1
	},
	[1.15] = {
		0.786371,
		-0.171167,
		0.593567,
		0,
		0.608018,
		0.384367,
		-0.694677,
		0,
		-0.109242,
		0.907174,
		0.406328,
		0,
		0.08739,
		0.63604,
		-0.167566,
		1
	},
	[1.16666666667] = {
		0.834995,
		-0.157177,
		0.527332,
		0,
		0.540625,
		0.412865,
		-0.732985,
		0,
		-0.102509,
		0.897127,
		0.429714,
		0,
		0.083416,
		0.639977,
		-0.16567,
		1
	},
	[1.18333333333] = {
		0.877362,
		-0.138357,
		0.45945,
		0,
		0.470156,
		0.439185,
		-0.765552,
		0,
		-0.095864,
		0.887679,
		0.450373,
		0,
		0.079743,
		0.643677,
		-0.164669,
		1
	},
	[1.1] = {
		0.504245,
		-0.2153,
		0.836291,
		0,
		0.855141,
		0.259393,
		-0.448831,
		0,
		-0.120295,
		0.941467,
		0.31491,
		0,
		0.139155,
		0.622425,
		-0.180784,
		1
	},
	[1.21666666667] = {
		0.942856,
		-0.08916,
		0.32105,
		0,
		0.322711,
		0.484215,
		-0.813261,
		0,
		-0.082947,
		0.870395,
		0.485317,
		0,
		0.073361,
		0.650343,
		-0.164691,
		1
	},
	[1.23333333333] = {
		0.965794,
		-0.060364,
		0.252187,
		0,
		0.247703,
		0.502486,
		-0.828342,
		0,
		-0.076718,
		0.862475,
		0.500251,
		0,
		0.070704,
		0.653305,
		-0.16542,
		1
	},
	[1.25] = {
		0.982286,
		-0.029958,
		0.184979,
		0,
		0.173548,
		0.517779,
		-0.837727,
		0,
		-0.070681,
		0.85499,
		0.513806,
		0,
		0.068447,
		0.656029,
		-0.166461,
		1
	},
	[1.26666666667] = {
		0.99269,
		0.001064,
		0.120691,
		0,
		0.101775,
		0.530143,
		-0.841778,
		0,
		-0.064879,
		0.847908,
		0.526159,
		0,
		0.066621,
		0.658532,
		-0.167711,
		1
	},
	[1.28333333333] = {
		0.997655,
		0.031644,
		0.060684,
		0,
		0.03404,
		0.539796,
		-0.841107,
		0,
		-0.059373,
		0.841201,
		0.537453,
		0,
		0.065252,
		0.660841,
		-0.169081,
		1
	},
	[1.2] = {
		0.91336,
		-0.115433,
		0.390447,
		0,
		0.397231,
		0.463051,
		-0.792333,
		0,
		-0.089336,
		0.878783,
		0.468786,
		0,
		0.076384,
		0.647134,
		-0.164394,
		1
	},
	[1.31666666667] = {
		0.995356,
		0.087093,
		-0.041003,
		0,
		-0.082523,
		0.552709,
		-0.829279,
		0,
		-0.049562,
		0.828811,
		0.557329,
		0,
		0.063936,
		0.665029,
		-0.171898,
		1
	},
	[1.33333333333] = {
		0.990722,
		0.109792,
		-0.080096,
		0,
		-0.12808,
		0.557211,
		-0.820434,
		0,
		-0.045447,
		0.82308,
		0.566104,
		0,
		0.063985,
		0.666998,
		-0.173216,
		1
	},
	[1.35] = {
		0.985707,
		0.127759,
		-0.10982,
		0,
		-0.163152,
		0.561385,
		-0.811312,
		0,
		-0.042001,
		0.817633,
		0.574205,
		0,
		0.064489,
		0.668949,
		-0.174392,
		1
	},
	[1.36666666667] = {
		0.981779,
		0.14044,
		-0.128009,
		0,
		-0.185676,
		0.565681,
		-0.803449,
		0,
		-0.040424,
		0.812577,
		0.58145,
		0,
		0.065704,
		0.67098,
		-0.175926,
		1
	},
	[1.38333333333] = {
		0.979695,
		0.148479,
		-0.134731,
		0,
		-0.19613,
		0.570256,
		-0.79771,
		0,
		-0.041612,
		0.807937,
		0.587798,
		0,
		0.067718,
		0.673113,
		-0.17822,
		1
	},
	[1.3] = {
		0.998137,
		0.060686,
		0.006339,
		0,
		-0.027952,
		0.547132,
		-0.83658,
		0,
		-0.054238,
		0.834844,
		0.547809,
		0,
		0.064355,
		0.662992,
		-0.170499,
		1
	},
	[1.41666666667] = {
		0.980506,
		0.153767,
		-0.122329,
		0,
		-0.189833,
		0.580628,
		-0.791728,
		0,
		-0.050715,
		0.799516,
		0.5985,
		0,
		0.073184,
		0.677396,
		-0.184211,
		1
	},
	[1.43333333333] = {
		0.982465,
		0.152555,
		-0.107193,
		0,
		-0.177283,
		0.586295,
		-0.790461,
		0,
		-0.057742,
		0.795603,
		0.60306,
		0,
		0.076199,
		0.679394,
		-0.187463,
		1
	},
	[1.45] = {
		0.984727,
		0.149815,
		-0.0887,
		0,
		-0.161204,
		0.592107,
		-0.789571,
		0,
		-0.06577,
		0.791811,
		0.607214,
		0,
		0.079122,
		0.68119,
		-0.19059,
		1
	},
	[1.46666666667] = {
		0.986834,
		0.146365,
		-0.068818,
		0,
		-0.143675,
		0.597928,
		-0.788568,
		0,
		-0.07427,
		0.788073,
		0.611085,
		0,
		0.081741,
		0.682703,
		-0.193371,
		1
	},
	[1.48333333333] = {
		0.988473,
		0.143058,
		-0.049549,
		0,
		-0.126819,
		0.603656,
		-0.787093,
		0,
		-0.08269,
		0.784304,
		0.614841,
		0,
		0.083841,
		0.683851,
		-0.195584,
		1
	},
	[1.4] = {
		0.979401,
		0.152665,
		-0.132161,
		0,
		-0.196803,
		0.575246,
		-0.793953,
		0,
		-0.045184,
		0.803608,
		0.593441,
		0,
		0.070286,
		0.675277,
		-0.181056,
		1
	},
	[1.51666666667] = {
		0.989864,
		0.140463,
		-0.020974,
		0,
		-0.10378,
		0.614579,
		-0.781999,
		0,
		-0.096952,
		0.776249,
		0.622927,
		0,
		0.085587,
		0.684717,
		-0.197434,
		1
	},
	[1.5] = {
		0.989493,
		0.140784,
		-0.032922,
		0,
		-0.112796,
		0.609222,
		-0.784937,
		0,
		-0.09045,
		0.780403,
		0.618701,
		0,
		0.085198,
		0.68455,
		-0.197011,
		1
	}
}

return spline_matrices
