local spline_matrices = {
	[0] = {
		0.568812,
		0.452427,
		-0.68685,
		0,
		-0.807005,
		0.468186,
		-0.359924,
		0,
		0.158735,
		0.75902,
		0.63142,
		0,
		-0.09741,
		0.59485,
		0.000783,
		1
	},
	{
		0.918196,
		0.371277,
		-0.138091,
		0,
		-0.319112,
		0.486741,
		-0.813173,
		0,
		-0.234698,
		0.790719,
		0.565402,
		0,
		0.085101,
		0.671983,
		-0.200744,
		1
	},
	[0.00833333333333] = {
		0.621335,
		0.500634,
		-0.602751,
		0,
		-0.763876,
		0.558306,
		-0.323709,
		0,
		0.17446,
		0.661559,
		0.729317,
		0,
		-0.100487,
		0.578526,
		0.029132,
		1
	},
	[0.0166666666667] = {
		0.666679,
		0.540428,
		-0.513299,
		0,
		-0.723594,
		0.63444,
		-0.271841,
		0,
		0.178747,
		0.552651,
		0.814019,
		0,
		-0.098381,
		0.566477,
		0.061879,
		1
	},
	[0.025] = {
		0.715753,
		0.562106,
		-0.414409,
		0,
		-0.676262,
		0.705963,
		-0.210445,
		0,
		0.174265,
		0.430875,
		0.885426,
		0,
		-0.100154,
		0.551083,
		0.092428,
		1
	},
	[0.0333333333333] = {
		0.75936,
		0.570043,
		-0.313724,
		0,
		-0.630144,
		0.764429,
		-0.136259,
		0,
		0.162146,
		0.301161,
		0.939686,
		0,
		-0.101408,
		0.535365,
		0.119909,
		1
	},
	[0.0416666666667] = {
		0.796453,
		0.563766,
		-0.218702,
		0,
		-0.586631,
		0.808103,
		-0.053234,
		0,
		0.146722,
		0.170696,
		0.974339,
		0,
		-0.103813,
		0.519034,
		0.139662,
		1
	},
	[0.0583333333333] = {
		0.854135,
		0.517605,
		-0.050382,
		0,
		-0.504972,
		0.848627,
		0.157591,
		0,
		0.124326,
		-0.109162,
		0.986218,
		0,
		-0.110043,
		0.481261,
		0.158269,
		1
	},
	[0.05] = {
		0.827962,
		0.545654,
		-0.129384,
		0,
		-0.545022,
		0.837297,
		0.04341,
		0,
		0.13202,
		0.034575,
		0.990644,
		0,
		-0.106926,
		0.501768,
		0.152111,
		1
	},
	[0.0666666666667] = {
		0.877549,
		0.479071,
		0.019999,
		0,
		-0.464498,
		0.839028,
		0.283327,
		0,
		0.118954,
		-0.257923,
		0.958815,
		0,
		-0.113859,
		0.459863,
		0.160206,
		1
	},
	[0.075] = {
		0.899731,
		0.428794,
		0.081362,
		0,
		-0.421193,
		0.804214,
		0.419328,
		0,
		0.114373,
		-0.411552,
		0.904181,
		0,
		-0.118589,
		0.436015,
		0.159274,
		1
	},
	[0.0833333333333] = {
		0.919169,
		0.370486,
		0.133671,
		0,
		-0.379901,
		0.744403,
		0.549126,
		0,
		0.103939,
		-0.555522,
		0.82498,
		0,
		-0.12221,
		0.411896,
		0.159436,
		1
	},
	[0.0916666666667] = {
		0.935541,
		0.306994,
		0.174694,
		0,
		-0.342386,
		0.666632,
		0.662097,
		0,
		0.086803,
		-0.679232,
		0.728772,
		0,
		-0.128069,
		0.391365,
		0.155451,
		1
	},
	[0.108333333333] = {
		0.954348,
		0.180183,
		0.238229,
		0,
		-0.297688,
		0.508303,
		0.80809,
		0,
		0.024512,
		-0.842118,
		0.538737,
		0,
		-0.138988,
		0.360572,
		0.148805,
		1
	},
	[0.116666666667] = {
		0.955086,
		0.12347,
		0.269381,
		0,
		-0.295864,
		0.448282,
		0.843509,
		0,
		-0.016611,
		-0.885324,
		0.464679,
		0,
		-0.145403,
		0.353838,
		0.144676,
		1
	},
	[0.125] = {
		0.947409,
		0.076192,
		0.310824,
		0,
		-0.314181,
		0.406229,
		0.858061,
		0,
		-0.060888,
		-0.910589,
		0.408803,
		0,
		-0.151548,
		0.350903,
		0.143348,
		1
	},
	[0.133333333333] = {
		0.932664,
		0.035884,
		0.358957,
		0,
		-0.34491,
		0.380288,
		0.858148,
		0,
		-0.105714,
		-0.924172,
		0.367058,
		0,
		-0.158548,
		0.351797,
		0.142205,
		1
	},
	[0.141666666667] = {
		0.910116,
		0.001654,
		0.41435,
		0,
		-0.386395,
		0.364493,
		0.847257,
		0,
		-0.149626,
		-0.931205,
		0.33237,
		0,
		-0.164562,
		0.352789,
		0.142065,
		1
	},
	[0.158333333333] = {
		0.847462,
		-0.053402,
		0.528163,
		0,
		-0.470235,
		0.386187,
		0.793561,
		0,
		-0.246347,
		-0.920874,
		0.302167,
		0,
		-0.177084,
		0.362648,
		0.142886,
		1
	},
	[0.15] = {
		0.881198,
		-0.027612,
		0.47194,
		0,
		-0.430504,
		0.365621,
		0.82522,
		0,
		-0.195338,
		-0.930354,
		0.310298,
		0,
		-0.171066,
		0.35676,
		0.142085,
		1
	},
	[0.166666666667] = {
		0.810813,
		-0.075703,
		0.58039,
		0,
		-0.498791,
		0.42947,
		0.752836,
		0,
		-0.306251,
		-0.899903,
		0.31046,
		0,
		-0.182263,
		0.37362,
		0.143369,
		1
	},
	[0.175] = {
		0.774003,
		-0.097645,
		0.625607,
		0,
		-0.507501,
		0.495159,
		0.705167,
		0,
		-0.378632,
		-0.863298,
		0.3337,
		0,
		-0.192051,
		0.385324,
		0.149455,
		1
	},
	[0.183333333333] = {
		0.739223,
		-0.111345,
		0.664192,
		0,
		-0.489551,
		0.58843,
		0.643498,
		0,
		-0.462481,
		-0.800845,
		0.380472,
		0,
		-0.191682,
		0.408744,
		0.144365,
		1
	},
	[0.191666666667] = {
		0.706227,
		-0.109045,
		0.699538,
		0,
		-0.507762,
		0.610547,
		0.607791,
		0,
		-0.493378,
		-0.784437,
		0.375816,
		0,
		-0.228688,
		0.467623,
		0.185719,
		1
	},
	[0.1] = {
		0.947546,
		0.242029,
		0.208757,
		0,
		-0.313934,
		0.582087,
		0.75008,
		0,
		0.060026,
		-0.776271,
		0.627535,
		0,
		-0.13291,
		0.372096,
		0.15179,
		1
	},
	[0.208333333333] = {
		0.699477,
		-0.058712,
		0.712239,
		0,
		0.534375,
		0.704718,
		-0.466708,
		0,
		-0.474527,
		0.707054,
		0.524308,
		0,
		-0.208899,
		0.192372,
		0.063308,
		1
	},
	[0.216666666667] = {
		0.660936,
		-0.176165,
		0.729472,
		0,
		0.641609,
		0.636828,
		-0.427536,
		0,
		-0.389232,
		0.75061,
		0.533932,
		0,
		-0.147691,
		0.379877,
		0.006112,
		1
	},
	[0.225] = {
		0.70241,
		-0.094614,
		0.705456,
		0,
		0.668693,
		0.427295,
		-0.608498,
		0,
		-0.243865,
		0.899148,
		0.363403,
		0,
		-0.044406,
		0.526045,
		-0.101736,
		1
	},
	[0.233333333333] = {
		0.536929,
		-0.091637,
		0.838635,
		0,
		0.806018,
		0.349227,
		-0.477886,
		0,
		-0.249082,
		0.932546,
		0.261372,
		0,
		0.202396,
		0.647927,
		-0.200285,
		1
	},
	[0.241666666667] = {
		0.509258,
		-0.053744,
		0.858934,
		0,
		0.856079,
		0.133957,
		-0.499183,
		0,
		-0.088232,
		0.989529,
		0.114228,
		0,
		0.293859,
		0.628462,
		-0.237942,
		1
	},
	[0.258333333333] = {
		0.547139,
		0.000104,
		0.837042,
		0,
		0.816203,
		-0.221813,
		-0.53349,
		0,
		0.185611,
		0.975089,
		-0.121448,
		0,
		0.369432,
		0.5778,
		-0.252477,
		1
	},
	[0.25] = {
		0.53119,
		-0.014222,
		0.847133,
		0,
		0.842646,
		-0.095251,
		-0.529976,
		0,
		0.088227,
		0.995352,
		-0.038612,
		0,
		0.33637,
		0.592982,
		-0.242076,
		1
	},
	[0.266666666667] = {
		0.56969,
		0.004167,
		0.821849,
		0,
		0.782004,
		-0.310377,
		-0.540496,
		0,
		0.252831,
		0.950604,
		-0.180078,
		0,
		0.391108,
		0.558278,
		-0.258635,
		1
	},
	[0.275] = {
		0.592123,
		0.004474,
		0.805836,
		0,
		0.742113,
		-0.392797,
		-0.543119,
		0,
		0.3141,
		0.919614,
		-0.235905,
		0,
		0.409735,
		0.544607,
		-0.264479,
		1
	},
	[0.283333333333] = {
		0.615683,
		-0.000395,
		0.787994,
		0,
		0.699371,
		-0.46047,
		-0.54667,
		0,
		0.363063,
		0.887675,
		-0.283227,
		0,
		0.423548,
		0.532552,
		-0.268904,
		1
	},
	[0.291666666667] = {
		0.639428,
		-0.009901,
		0.768787,
		0,
		0.655662,
		-0.515202,
		-0.551973,
		0,
		0.401545,
		0.857012,
		-0.322943,
		0,
		0.432918,
		0.523264,
		-0.272284,
		1
	},
	[0.2] = {
		0.68557,
		-0.093591,
		0.721966,
		0,
		-0.334985,
		0.839924,
		0.42698,
		0,
		-0.646358,
		-0.534573,
		0.544475,
		0,
		-0.136517,
		0.496453,
		0.075649,
		1
	},
	[0.308333333333] = {
		0.686326,
		-0.040286,
		0.726177,
		0,
		0.569029,
		-0.592086,
		-0.570649,
		0,
		0.452948,
		0.804867,
		-0.38344,
		0,
		0.44058,
		0.510385,
		-0.276147,
		1
	},
	[0.316666666667] = {
		0.708836,
		-0.059995,
		0.702817,
		0,
		0.527193,
		-0.616912,
		-0.584369,
		0,
		0.468635,
		0.784742,
		-0.405661,
		0,
		0.43982,
		0.506659,
		-0.27692,
		1
	},
	[0.325] = {
		0.730417,
		-0.081949,
		0.678067,
		0,
		0.486657,
		-0.634132,
		-0.600868,
		0,
		0.479224,
		0.76887,
		-0.4233,
		0,
		0.436728,
		0.504711,
		-0.27714,
		1
	},
	[0.333333333333] = {
		0.750918,
		-0.105658,
		0.651889,
		0,
		0.447507,
		-0.644513,
		-0.619952,
		0,
		0.485654,
		0.757258,
		-0.436694,
		0,
		0.431588,
		0.504073,
		-0.276793,
		1
	},
	[0.341666666667] = {
		0.770202,
		-0.130589,
		0.624289,
		0,
		0.409746,
		-0.648793,
		-0.64123,
		0,
		0.488771,
		0.749676,
		-0.446193,
		0,
		0.42498,
		0.504754,
		-0.276014,
		1
	},
	[0.358333333333] = {
		0.804525,
		-0.1822,
		0.565281,
		0,
		0.338514,
		-0.641375,
		-0.68851,
		0,
		0.488004,
		0.745279,
		-0.454325,
		0,
		0.40874,
		0.508937,
		-0.273352,
		1
	},
	[0.35] = {
		0.788093,
		-0.156271,
		0.595389,
		0,
		0.373418,
		-0.647565,
		-0.664243,
		0,
		0.489355,
		0.745815,
		-0.451987,
		0,
		0.417177,
		0.506411,
		-0.274848,
		1
	},
	[0.366666666667] = {
		0.819312,
		-0.207954,
		0.534307,
		0,
		0.305137,
		-0.630817,
		-0.713416,
		0,
		0.485407,
		0.747546,
		-0.453381,
		0,
		0.399925,
		0.512076,
		-0.271638,
		1
	},
	[0.375] = {
		0.832445,
		-0.23306,
		0.50271,
		0,
		0.273368,
		-0.616413,
		-0.738448,
		0,
		0.48198,
		0.752143,
		-0.449419,
		0,
		0.391304,
		0.515627,
		-0.269705,
		1
	},
	[0.383333333333] = {
		0.843765,
		-0.257205,
		0.47107,
		0,
		0.2434,
		-0.598876,
		-0.762957,
		0,
		0.478349,
		0.758415,
		-0.442707,
		0,
		0.383103,
		0.519407,
		-0.267733,
		1
	},
	[0.391666666667] = {
		0.853326,
		-0.279985,
		0.439822,
		0,
		0.215439,
		-0.578839,
		-0.786468,
		0,
		0.474785,
		0.765868,
		-0.433619,
		0,
		0.375914,
		0.523135,
		-0.265699,
		1
	},
	[0.3] = {
		0.663141,
		-0.023411,
		0.748128,
		0,
		0.611964,
		-0.558557,
		-0.559923,
		0,
		0.430981,
		0.829135,
		-0.356075,
		0,
		0.43839,
		0.51569,
		-0.274583,
		1
	},
	[0.408333333333] = {
		0.86674,
		-0.320477,
		0.382173,
		0,
		0.167373,
		-0.534923,
		-0.828157,
		0,
		0.469839,
		0.781762,
		-0.41,
		0,
		0.366072,
		0.52962,
		-0.262163,
		1
	},
	[0.416666666667] = {
		0.871134,
		-0.338487,
		0.355742,
		0,
		0.146447,
		-0.512403,
		-0.846166,
		0,
		0.468699,
		0.789221,
		-0.396801,
		0,
		0.363611,
		0.532205,
		-0.260769,
		1
	},
	[0.425] = {
		0.874281,
		-0.356586,
		0.329362,
		0,
		0.124613,
		-0.490901,
		-0.862258,
		0,
		0.469153,
		0.794898,
		-0.38475,
		0,
		0.362341,
		0.534425,
		-0.259716,
		1
	},
	[0.433333333333] = {
		0.876977,
		-0.372774,
		0.303234,
		0,
		0.104136,
		-0.46861,
		-0.877246,
		0,
		0.469113,
		0.800902,
		-0.372141,
		0,
		0.36164,
		0.536626,
		-0.25864,
		1
	},
	[0.441666666667] = {
		0.880214,
		-0.385315,
		0.277048,
		0,
		0.086486,
		-0.443765,
		-0.89196,
		0,
		0.46663,
		0.809076,
		-0.357284,
		0,
		0.360595,
		0.539322,
		-0.257511,
		1
	},
	[0.458333333333] = {
		0.887707,
		-0.401564,
		0.225216,
		0,
		0.057261,
		-0.389074,
		-0.919425,
		0,
		0.456834,
		0.829076,
		-0.32239,
		0,
		0.358293,
		0.54552,
		-0.255107,
		1
	},
	[0.45] = {
		0.883766,
		-0.394895,
		0.251028,
		0,
		0.070934,
		-0.417205,
		-0.90604,
		0,
		0.46252,
		0.818534,
		-0.3407,
		0,
		0.359468,
		0.542297,
		-0.256345,
		1
	},
	[0.466666666667] = {
		0.892043,
		-0.405425,
		0.199726,
		0,
		0.04528,
		-0.359524,
		-0.932036,
		0,
		0.449677,
		0.84046,
		-0.302354,
		0,
		0.357024,
		0.548959,
		-0.253822,
		1
	},
	[0.475] = {
		0.89679,
		-0.406534,
		0.174636,
		0,
		0.034784,
		-0.328696,
		-0.943795,
		0,
		0.441087,
		0.85246,
		-0.280631,
		0,
		0.355682,
		0.552578,
		-0.25245,
		1
	},
	[0.483333333333] = {
		0.901916,
		-0.40501,
		0.150052,
		0,
		0.025576,
		-0.296722,
		-0.954621,
		0,
		0.431155,
		0.864826,
		-0.25726,
		0,
		0.354237,
		0.55635,
		-0.251027,
		1
	},
	[0.491666666667] = {
		0.907394,
		-0.400923,
		0.126084,
		0,
		0.017471,
		-0.263758,
		-0.964431,
		0,
		0.419918,
		0.877321,
		-0.232328,
		0,
		0.352697,
		0.560232,
		-0.24951,
		1
	},
	[0.4] = {
		0.861025,
		-0.301256,
		0.409734,
		0,
		0.189756,
		-0.557178,
		-0.808422,
		0,
		0.471836,
		0.77382,
		-0.422579,
		0,
		0.369939,
		0.52669,
		-0.263823,
		1
	},
	[0.508333333333] = {
		0.919163,
		-0.385586,
		0.080393,
		0,
		0.0038,
		-0.195417,
		-0.980713,
		0,
		0.393859,
		0.90174,
		-0.178155,
		0,
		0.349282,
		0.568221,
		-0.246288,
		1
	},
	[0.516666666667] = {
		0.925316,
		-0.3746,
		0.058866,
		0,
		-0.002123,
		-0.160353,
		-0.987057,
		0,
		0.379191,
		0.913215,
		-0.149173,
		0,
		0.347403,
		0.572271,
		-0.244589,
		1
	},
	[0.525] = {
		0.931547,
		-0.361592,
		0.038371,
		0,
		-0.007633,
		-0.124946,
		-0.992134,
		0,
		0.363542,
		0.923926,
		-0.119153,
		0,
		0.345403,
		0.576298,
		-0.242811,
		1
	},
	[0.533333333333] = {
		0.937765,
		-0.346752,
		0.018945,
		0,
		-0.012914,
		-0.089338,
		-0.995918,
		0,
		0.347029,
		0.933692,
		-0.088256,
		0,
		0.343287,
		0.580308,
		-0.241004,
		1
	},
	[0.541666666667] = {
		0.943892,
		-0.330254,
		0.000701,
		0,
		-0.018067,
		-0.053754,
		-0.998391,
		0,
		0.32976,
		0.94236,
		-0.056704,
		0,
		0.341048,
		0.584238,
		-0.23914,
		1
	},
	[0.558333333333] = {
		0.955534,
		-0.293123,
		-0.032152,
		0,
		-0.028524,
		0.016644,
		-0.999455,
		0,
		0.293498,
		0.95593,
		0.007543,
		0,
		0.336228,
		0.591848,
		-0.235353,
		1
	},
	[0.55] = {
		0.94984,
		-0.312308,
		-0.016356,
		0,
		-0.023246,
		-0.018351,
		-0.999561,
		0,
		0.311871,
		0.949803,
		-0.02469,
		0,
		0.338697,
		0.588106,
		-0.23726,
		1
	},
	[0.566666666667] = {
		0.960902,
		-0.272921,
		-0.046716,
		0,
		-0.034022,
		0.051063,
		-0.998116,
		0,
		0.274792,
		0.96068,
		0.039782,
		0,
		0.333655,
		0.595493,
		-0.233447,
		1
	},
	[0.575] = {
		0.965881,
		-0.251933,
		-0.060024,
		0,
		-0.039781,
		0.084693,
		-0.995613,
		0,
		0.255912,
		0.964031,
		0.071781,
		0,
		0.330973,
		0.598979,
		-0.231546,
		1
	},
	[0.583333333333] = {
		0.970421,
		-0.230386,
		-0.072143,
		0,
		-0.045885,
		0.117367,
		-0.992028,
		0,
		0.237017,
		0.965995,
		0.103324,
		0,
		0.328198,
		0.602341,
		-0.229663,
		1
	},
	[0.591666666667] = {
		0.974481,
		-0.208522,
		-0.083102,
		0,
		-0.052349,
		0.148895,
		-0.987466,
		0,
		0.218282,
		0.966617,
		0.134179,
		0,
		0.325329,
		0.605527,
		-0.227816,
		1
	},
	[0.5] = {
		0.913161,
		-0.394416,
		0.102821,
		0,
		0.010265,
		-0.229928,
		-0.973153,
		0,
		0.407469,
		0.889702,
		-0.205913,
		0,
		0.351045,
		0.564206,
		-0.247945,
		1
	},
	[0.608333333333] = {
		0.981058,
		-0.164725,
		-0.101933,
		0,
		-0.06649,
		0.207896,
		-0.975889,
		0,
		0.181944,
		0.964181,
		0.193005,
		0,
		0.319352,
		0.611433,
		-0.224252,
		1
	},
	[0.616666666667] = {
		0.983555,
		-0.143228,
		-0.11002,
		0,
		-0.074175,
		0.235079,
		-0.969142,
		0,
		0.164672,
		0.961365,
		0.22059,
		0,
		0.316257,
		0.614143,
		-0.22255,
		1
	},
	[0.625] = {
		0.985528,
		-0.122288,
		-0.117387,
		0,
		-0.082248,
		0.260555,
		-0.961949,
		0,
		0.148221,
		0.957683,
		0.246726,
		0,
		0.313097,
		0.616677,
		-0.220926,
		1
	},
	[0.633333333333] = {
		0.986993,
		-0.10208,
		-0.124194,
		0,
		-0.090705,
		0.284216,
		-0.95446,
		0,
		0.132729,
		0.95331,
		0.27126,
		0,
		0.309882,
		0.619056,
		-0.219363,
		1
	},
	[0.641666666667] = {
		0.987972,
		-0.082802,
		-0.130592,
		0,
		-0.099509,
		0.305978,
		-0.946824,
		0,
		0.118357,
		0.948431,
		0.294058,
		0,
		0.306616,
		0.621272,
		-0.217887,
		1
	},
	[0.658333333333] = {
		0.988564,
		-0.047923,
		-0.142988,
		0,
		-0.118119,
		0.34341,
		-0.931728,
		0,
		0.093755,
		0.937962,
		0.333822,
		0,
		0.300013,
		0.625236,
		-0.215156,
		1
	},
	[0.65] = {
		0.988496,
		-0.06461,
		-0.136756,
		0,
		-0.108642,
		0.32576,
		-0.93919,
		0,
		0.105231,
		0.943242,
		0.314993,
		0,
		0.303304,
		0.623335,
		-0.21648,
		1
	},
	[0.666666666667] = {
		0.988304,
		-0.032142,
		-0.149073,
		0,
		-0.127767,
		0.359151,
		-0.924492,
		0,
		0.083255,
		0.932726,
		0.350844,
		0,
		0.296562,
		0.627014,
		-0.213916,
		1
	},
	[0.675] = {
		0.987774,
		-0.01695,
		-0.154967,
		0,
		-0.137549,
		0.373054,
		-0.917557,
		0,
		0.073364,
		0.927655,
		0.366162,
		0,
		0.29282,
		0.628778,
		-0.212767,
		1
	},
	[0.683333333333] = {
		0.987043,
		-0.001908,
		-0.160446,
		0,
		-0.147326,
		0.385399,
		-0.910913,
		0,
		0.063574,
		0.922748,
		0.380125,
		0,
		0.288707,
		0.630519,
		-0.211713,
		1
	},
	[0.691666666667] = {
		0.986163,
		0.013627,
		-0.165219,
		0,
		-0.157019,
		0.396462,
		-0.904524,
		0,
		0.053177,
		0.91795,
		0.393116,
		0,
		0.284052,
		0.63235,
		-0.210754,
		1
	},
	[0.6] = {
		0.978032,
		-0.186555,
		-0.093006,
		0,
		-0.059221,
		0.179123,
		-0.982043,
		0,
		0.199864,
		0.965977,
		0.16414,
		0,
		0.32238,
		0.60857,
		-0.226004,
		1
	},
	[0.708333333333] = {
		0.983862,
		0.045269,
		-0.173109,
		0,
		-0.176152,
		0.414872,
		-0.892665,
		0,
		0.031408,
		0.908753,
		0.416151,
		0,
		0.273465,
		0.636126,
		-0.209097,
		1
	},
	[0.716666666667] = {
		0.982428,
		0.061276,
		-0.176294,
		0,
		-0.185555,
		0.422377,
		-0.887225,
		0,
		0.020097,
		0.904347,
		0.426325,
		0,
		0.267603,
		0.63806,
		-0.208389,
		1
	},
	[0.725] = {
		0.980801,
		0.077344,
		-0.179018,
		0,
		-0.194824,
		0.42885,
		-0.882117,
		0,
		0.008546,
		0.900059,
		0.435685,
		0,
		0.261406,
		0.640015,
		-0.207753,
		1
	},
	[0.733333333333] = {
		0.978978,
		0.093427,
		-0.181309,
		0,
		-0.203939,
		0.434362,
		-0.877347,
		0,
		-0.003214,
		0.89588,
		0.444284,
		0,
		0.254914,
		0.641981,
		-0.207186,
		1
	},
	[0.741666666667] = {
		0.976961,
		0.109479,
		-0.183199,
		0,
		-0.212881,
		0.438986,
		-0.87291,
		0,
		-0.015144,
		0.891799,
		0.452179,
		0,
		0.248158,
		0.643952,
		-0.206683,
		1
	},
	[0.758333333333] = {
		0.972356,
		0.141319,
		-0.185882,
		0,
		-0.230159,
		0.445845,
		-0.865014,
		0,
		-0.039369,
		0.883884,
		0.466046,
		0,
		0.234003,
		0.647872,
		-0.205848,
		1
	},
	[0.75] = {
		0.974752,
		0.125458,
		-0.184713,
		0,
		-0.221627,
		0.44279,
		-0.868803,
		0,
		-0.027209,
		0.887805,
		0.459416,
		0,
		0.241177,
		0.645918,
		-0.206238,
		1
	},
	[0.766666666667] = {
		0.969783,
		0.157019,
		-0.186726,
		0,
		-0.238455,
		0.448216,
		-0.861534,
		0,
		-0.051584,
		0.880027,
		0.472114,
		0,
		0.226674,
		0.649804,
		-0.205508,
		1
	},
	[0.775] = {
		0.96704,
		0.172516,
		-0.187274,
		0,
		-0.246498,
		0.449973,
		-0.858349,
		0,
		-0.063811,
		0.87622,
		0.477667,
		0,
		0.219223,
		0.651705,
		-0.205213,
		1
	},
	[0.783333333333] = {
		0.964143,
		0.187766,
		-0.187543,
		0,
		-0.254266,
		0.451182,
		-0.855443,
		0,
		-0.076007,
		0.872455,
		0.482747,
		0,
		0.211689,
		0.65357,
		-0.204959,
		1
	},
	[0.791666666667] = {
		0.961105,
		0.202729,
		-0.187558,
		0,
		-0.261745,
		0.451911,
		-0.852799,
		0,
		-0.088127,
		0.868722,
		0.487397,
		0,
		0.204104,
		0.655387,
		-0.204741,
		1
	},
	[0.7] = {
		0.985105,
		0.02937,
		-0.169427,
		0,
		-0.166633,
		0.406258,
		-0.898436,
		0,
		0.042444,
		0.913286,
		0.405101,
		0,
		0.278961,
		0.634219,
		-0.209884,
		1
	},
	[0.808333333333] = {
		0.954685,
		0.231618,
		-0.186895,
		0,
		-0.275761,
		0.452196,
		-0.848219,
		0,
		-0.11195,
		0.86132,
		0.495576,
		0,
		0.188928,
		0.658852,
		-0.204398,
		1
	},
	[0.816666666667] = {
		0.951346,
		0.245462,
		-0.186251,
		0,
		-0.282268,
		0.451886,
		-0.846241,
		0,
		-0.123556,
		0.857641,
		0.499186,
		0,
		0.181407,
		0.660485,
		-0.204263,
		1
	},
	[0.825] = {
		0.947954,
		0.258849,
		-0.18542,
		0,
		-0.288424,
		0.451365,
		-0.844441,
		0,
		-0.134891,
		0.853971,
		0.502532,
		0,
		0.173976,
		0.66204,
		-0.204148,
		1
	},
	[0.833333333333] = {
		0.944537,
		0.271738,
		-0.184414,
		0,
		-0.294215,
		0.450702,
		-0.842796,
		0,
		-0.145904,
		0.85031,
		0.505654,
		0,
		0.166672,
		0.663515,
		-0.204046,
		1
	},
	[0.841666666667] = {
		0.941124,
		0.284088,
		-0.183246,
		0,
		-0.299632,
		0.449963,
		-0.841281,
		0,
		-0.156544,
		0.846657,
		0.508593,
		0,
		0.159528,
		0.664905,
		-0.203952,
		1
	},
	[0.858333333333] = {
		0.934441,
		0.307005,
		-0.180465,
		0,
		-0.309306,
		0.448532,
		-0.83854,
		0,
		-0.176491,
		0.839385,
		0.514085,
		0,
		0.145871,
		0.667328,
		-0.203794,
		1
	},
	[0.85] = {
		0.937748,
		0.295857,
		-0.181927,
		0,
		-0.304665,
		0.449217,
		-0.839871,
		0,
		-0.166757,
		0.843014,
		0.511389,
		0,
		0.152577,
		0.666225,
		-0.203855,
		1
	},
	[0.866666666667] = {
		0.931239,
		0.317489,
		-0.17887,
		0,
		-0.313548,
		0.447976,
		-0.837261,
		0,
		-0.185692,
		0.835774,
		0.516721,
		0,
		0.139454,
		0.668168,
		-0.203779,
		1
	},
	[0.875] = {
		0.928176,
		0.327271,
		-0.177151,
		0,
		-0.317387,
		0.447617,
		-0.836005,
		0,
		-0.194304,
		0.832186,
		0.519339,
		0,
		0.133338,
		0.668918,
		-0.20375,
		1
	},
	[0.883333333333] = {
		0.925291,
		0.336308,
		-0.175312,
		0,
		-0.320814,
		0.447521,
		-0.834747,
		0,
		-0.202276,
		0.828626,
		0.52198,
		0,
		0.127555,
		0.669573,
		-0.203699,
		1
	},
	[0.891666666667] = {
		0.922618,
		0.34456,
		-0.173362,
		0,
		-0.323827,
		0.447757,
		-0.833457,
		0,
		-0.209551,
		0.825101,
		0.524686,
		0,
		0.122138,
		0.670132,
		-0.203622,
		1
	},
	[0.8] = {
		0.957946,
		0.21736,
		-0.187335,
		0,
		-0.268914,
		0.452226,
		-0.850398,
		0,
		-0.100124,
		0.865012,
		0.491659,
		0,
		0.196506,
		0.657151,
		-0.204556,
		1
	},
	[0.908333333333] = {
		0.91806,
		0.358544,
		-0.169151,
		0,
		-0.328591,
		0.449481,
		-0.83066,
		0,
		-0.221798,
		0.818177,
		0.530465,
		0,
		0.11253,
		0.67095,
		-0.203362,
		1
	},
	[0.916666666667] = {
		0.916245,
		0.364194,
		-0.166904,
		0,
		-0.330332,
		0.451096,
		-0.829092,
		0,
		-0.226661,
		0.814785,
		0.53362,
		0,
		0.108405,
		0.671203,
		-0.203166,
		1
	},
	[0.925] = {
		0.914792,
		0.368874,
		-0.164582,
		0,
		-0.331657,
		0.453367,
		-0.827322,
		0,
		-0.230562,
		0.811412,
		0.537077,
		0,
		0.104824,
		0.67133,
		-0.202907,
		1
	},
	[0.933333333333] = {
		0.913715,
		0.372599,
		-0.162158,
		0,
		-0.332501,
		0.456139,
		-0.825457,
		0,
		-0.233598,
		0.80815,
		0.540671,
		0,
		0.101675,
		0.671383,
		-0.20261,
		1
	},
	[0.941666666667] = {
		0.913043,
		0.375335,
		-0.159614,
		0,
		-0.3328,
		0.459351,
		-0.823554,
		0,
		-0.23579,
		0.805059,
		0.544319,
		0,
		0.098909,
		0.671394,
		-0.202296,
		1
	},
	[0.958333333333] = {
		0.912838,
		0.378127,
		-0.154101,
		0,
		-0.331656,
		0.466467,
		-0.820008,
		0,
		-0.238184,
		0.799643,
		0.551217,
		0,
		0.09409,
		0.671443,
		-0.201716,
		1
	},
	[0.95] = {
		0.912755,
		0.37716,
		-0.156937,
		0,
		-0.332537,
		0.462855,
		-0.821696,
		0,
		-0.237271,
		0.802194,
		0.547893,
		0,
		0.096425,
		0.671395,
		-0.201987,
		1
	},
	[0.966666666667] = {
		0.913276,
		0.378268,
		-0.151131,
		0,
		-0.330204,
		0.470239,
		-0.818438,
		0,
		-0.238522,
		0.797363,
		0.554364,
		0,
		0.091942,
		0.671517,
		-0.201469,
		1
	},
	[0.975] = {
		0.914051,
		0.377619,
		-0.148036,
		0,
		-0.328204,
		0.474163,
		-0.816978,
		0,
		-0.238314,
		0.795345,
		0.557345,
		0,
		0.089972,
		0.671619,
		-0.201247,
		1
	},
	[0.983333333333] = {
		0.915144,
		0.376215,
		-0.144825,
		0,
		-0.325674,
		0.478228,
		-0.815619,
		0,
		-0.237589,
		0.793574,
		0.560171,
		0,
		0.088195,
		0.671662,
		-0.201079,
		1
	},
	[0.991666666667] = {
		0.916533,
		0.374089,
		-0.141507,
		0,
		-0.322637,
		0.482425,
		-0.814354,
		0,
		-0.236375,
		0.792037,
		0.562853,
		0,
		0.086572,
		0.67179,
		-0.200909,
		1
	},
	[0.9] = {
		0.920196,
		0.351985,
		-0.171307,
		0,
		-0.326421,
		0.448388,
		-0.832104,
		0,
		-0.216077,
		0.821617,
		0.5275,
		0,
		0.117118,
		0.670591,
		-0.203512,
		1
	},
	[1.00833333333] = {
		0.92011,
		0.36781,
		-0.134585,
		0,
		-0.315122,
		0.491163,
		-0.81207,
		0,
		-0.232584,
		0.789604,
		0.567829,
		0,
		0.083774,
		0.672249,
		-0.200577,
		1
	},
	[1.01666666667] = {
		0.922251,
		0.363722,
		-0.130994,
		0,
		-0.310686,
		0.495678,
		-0.811035,
		0,
		-0.23006,
		0.788676,
		0.570143,
		0,
		0.082602,
		0.672511,
		-0.200437,
		1
	},
	[1.025] = {
		0.924594,
		0.359046,
		-0.127328,
		0,
		-0.305825,
		0.500273,
		-0.81006,
		0,
		-0.22715,
		0.787917,
		0.572355,
		0,
		0.081582,
		0.672758,
		-0.200324,
		1
	},
	[1.03333333333] = {
		0.927114,
		0.353814,
		-0.123591,
		0,
		-0.300562,
		0.504935,
		-0.809138,
		0,
		-0.223879,
		0.78731,
		0.574475,
		0,
		0.080699,
		0.673026,
		-0.200225,
		1
	},
	[1.04166666667] = {
		0.929787,
		0.348061,
		-0.119791,
		0,
		-0.294918,
		0.509647,
		-0.808259,
		0,
		-0.220273,
		0.786837,
		0.576513,
		0,
		0.079947,
		0.673312,
		-0.200137,
		1
	},
	[1.05833333333] = {
		0.935491,
		0.335123,
		-0.112024,
		0,
		-0.282574,
		0.519173,
		-0.806605,
		0,
		-0.212152,
		0.786227,
		0.580378,
		0,
		0.078813,
		0.673936,
		-0.199991,
		1
	},
	[1.05] = {
		0.932587,
		0.34182,
		-0.115932,
		0,
		-0.288914,
		0.514398,
		-0.807418,
		0,
		-0.216356,
		0.786482,
		0.578478,
		0,
		0.07932,
		0.673616,
		-0.20006,
		1
	},
	[1.06666666667] = {
		0.938474,
		0.328006,
		-0.108069,
		0,
		-0.275921,
		0.523958,
		-0.805814,
		0,
		-0.207688,
		0.786054,
		0.582224,
		0,
		0.07842,
		0.674269,
		-0.19993,
		1
	},
	[1.075] = {
		0.941513,
		0.320502,
		-0.104077,
		0,
		-0.26898,
		0.52874,
		-0.805036,
		0,
		-0.202986,
		0.785947,
		0.584024,
		0,
		0.078133,
		0.674616,
		-0.199875,
		1
	},
	[1.08333333333] = {
		0.944585,
		0.312647,
		-0.100051,
		0,
		-0.261773,
		0.533508,
		-0.804266,
		0,
		-0.198074,
		0.785889,
		0.585786,
		0,
		0.077948,
		0.674973,
		-0.199825,
		1
	},
	[1.09166666667] = {
		0.94767,
		0.304477,
		-0.095998,
		0,
		-0.254327,
		0.538248,
		-0.803496,
		0,
		-0.192975,
		0.785864,
		0.587518,
		0,
		0.077857,
		0.67534,
		-0.199778,
		1
	},
	[1.10833333333] = {
		0.953794,
		0.287336,
		-0.087836,
		0,
		-0.23882,
		0.547604,
		-0.801932,
		0,
		-0.182324,
		0.785855,
		0.590923,
		0,
		0.077937,
		0.676096,
		-0.199693,
		1
	},
	[1.11666666667] = {
		0.956796,
		0.278439,
		-0.08374,
		0,
		-0.230812,
		0.552201,
		-0.801124,
		0,
		-0.176824,
		0.785841,
		0.592611,
		0,
		0.078094,
		0.676483,
		-0.199652,
		1
	},
	[1.125] = {
		0.959736,
		0.269376,
		-0.07964,
		0,
		-0.222671,
		0.55673,
		-0.800293,
		0,
		-0.171241,
		0.785804,
		0.594296,
		0,
		0.078322,
		0.676873,
		-0.19961,
		1
	},
	[1.13333333333] = {
		0.962599,
		0.260184,
		-0.075545,
		0,
		-0.214425,
		0.561187,
		-0.799432,
		0,
		-0.165604,
		0.785731,
		0.595988,
		0,
		0.078613,
		0.677265,
		-0.199567,
		1
	},
	[1.14166666667] = {
		0.965371,
		0.250902,
		-0.07146,
		0,
		-0.206101,
		0.565564,
		-0.798536,
		0,
		-0.15994,
		0.785612,
		0.59769,
		0,
		0.078961,
		0.677658,
		-0.199522,
		1
	},
	[1.15833333333] = {
		0.970596,
		0.23223,
		-0.063344,
		0,
		-0.189343,
		0.574061,
		-0.79662,
		0,
		-0.148636,
		0.78519,
		0.601152,
		0,
		0.079803,
		0.678442,
		-0.199423,
		1
	},
	[1.15] = {
		0.96804,
		0.241571,
		-0.067391,
		0,
		-0.197731,
		0.569857,
		-0.7976,
		0,
		-0.154274,
		0.785434,
		0.59941,
		0,
		0.07936,
		0.678051,
		-0.199474,
		1
	},
	[1.16666666667] = {
		0.97303,
		0.222919,
		-0.059326,
		0,
		-0.180965,
		0.578174,
		-0.795592,
		0,
		-0.143052,
		0.784871,
		0.602922,
		0,
		0.080284,
		0.67883,
		-0.199367,
		1
	},
	[1.175] = {
		0.975335,
		0.213678,
		-0.055342,
		0,
		-0.17263,
		0.582195,
		-0.794511,
		0,
		-0.13755,
		0.784468,
		0.604723,
		0,
		0.080796,
		0.679214,
		-0.199306,
		1
	},
	[1.18333333333] = {
		0.977506,
		0.204549,
		-0.0514,
		0,
		-0.164368,
		0.586124,
		-0.793373,
		0,
		-0.132157,
		0.783976,
		0.606561,
		0,
		0.081332,
		0.679594,
		-0.199241,
		1
	},
	[1.19166666667] = {
		0.979538,
		0.195573,
		-0.047505,
		0,
		-0.156209,
		0.589962,
		-0.792176,
		0,
		-0.126902,
		0.783387,
		0.608441,
		0,
		0.081885,
		0.679967,
		-0.199168,
		1
	},
	[1.1] = {
		0.950746,
		0.296028,
		-0.091925,
		0,
		-0.246668,
		0.542951,
		-0.80272,
		0,
		-0.187717,
		0.785858,
		0.589228,
		0,
		0.077856,
		0.675715,
		-0.199735,
		1
	},
	[1.20833333333] = {
		0.983178,
		0.178242,
		-0.039876,
		0,
		-0.140324,
		0.597373,
		-0.789591,
		0,
		-0.116918,
		0.781905,
		0.612336,
		0,
		0.083018,
		0.680694,
		-0.199005,
		1
	},
	[1.21666666667] = {
		0.984786,
		0.16997,
		-0.036155,
		0,
		-0.13266,
		0.600954,
		-0.788197,
		0,
		-0.112243,
		0.781002,
		0.61436,
		0,
		0.083584,
		0.681045,
		-0.198913,
		1
	},
	[1.225] = {
		0.986253,
		0.162015,
		-0.032503,
		0,
		-0.125224,
		0.604459,
		-0.786733,
		0,
		-0.107816,
		0.779987,
		0.616438,
		0,
		0.084139,
		0.681387,
		-0.198812,
		1
	},
	[1.23333333333] = {
		0.987582,
		0.154419,
		-0.028925,
		0,
		-0.118048,
		0.607893,
		-0.785194,
		0,
		-0.103665,
		0.778858,
		0.618573,
		0,
		0.084678,
		0.68172,
		-0.198704,
		1
	},
	[1.24166666667] = {
		0.988758,
		0.147343,
		-0.02545,
		0,
		-0.111257,
		0.611259,
		-0.783572,
		0,
		-0.099897,
		0.777594,
		0.62078,
		0,
		0.085176,
		0.682032,
		-0.19858,
		1
	},
	[1.25] = {
		0.989841,
		0.140463,
		-0.022011,
		0,
		-0.104599,
		0.614579,
		-0.78189,
		0,
		-0.096299,
		0.776249,
		0.623028,
		0,
		0.085678,
		0.682354,
		-0.198462,
		1
	},
	[1.2] = {
		0.981429,
		0.18679,
		-0.043661,
		0,
		-0.148184,
		0.593711,
		-0.790917,
		0,
		-0.121814,
		0.782698,
		0.610364,
		0,
		0.08245,
		0.680334,
		-0.19909,
		1
	}
}

return spline_matrices
