-- chunkname: @content/characters/player/human/first_person/animations/sabre/heavy_attack_left_diagonal_up.lua

local spline_matrices = {
	[0.0166666666667] = {
		-0.480973,
		0.077285,
		-0.873323,
		0,
		0.642699,
		0.708598,
		-0.291251,
		0,
		0.596325,
		-0.701368,
		-0.390487,
		0,
		0.544731,
		-0.008454,
		-0.491238,
		1,
	},
	[0.0333333333333] = {
		-0.472738,
		0.100993,
		-0.875396,
		0,
		0.628313,
		0.735157,
		-0.254493,
		0,
		0.617852,
		-0.670332,
		-0.410992,
		0,
		0.54341,
		0.034373,
		-0.456358,
		1,
	},
	[0.05] = {
		-0.465111,
		0.12483,
		-0.876407,
		0,
		0.612923,
		0.759742,
		-0.217066,
		0,
		0.638747,
		-0.63813,
		-0.429876,
		0,
		0.540121,
		0.094052,
		-0.407811,
		1,
	},
	[0.0666666666667] = {
		-0.46229,
		0.145228,
		-0.874755,
		0,
		0.58376,
		0.79241,
		-0.176948,
		0,
		0.667467,
		-0.592449,
		-0.451102,
		0,
		0.534616,
		0.163844,
		-0.353718,
		1,
	},
	[0.0833333333333] = {
		-0.468746,
		0.158174,
		-0.869056,
		0,
		0.525809,
		0.840512,
		-0.130629,
		0,
		0.70979,
		-0.518189,
		-0.477157,
		0,
		0.526371,
		0.237116,
		-0.302023,
		1,
	},
	[0] = {
		-0.486049,
		0.057409,
		-0.872044,
		0,
		0.667502,
		0.668455,
		-0.328038,
		0,
		0.56409,
		-0.741534,
		-0.363223,
		0,
		0.544168,
		-0.027616,
		-0.504181,
		1,
	},
	[0.116666666667] = {
		-0.530707,
		0.114505,
		-0.839785,
		0,
		0.19104,
		0.981495,
		0.013099,
		0,
		0.825744,
		-0.153481,
		-0.542762,
		0,
		0.488027,
		0.387118,
		-0.246497,
		1,
	},
	[0.133333333333] = {
		-0.567814,
		0.058629,
		-0.821066,
		0,
		-0.075637,
		0.989524,
		0.122965,
		0,
		0.819674,
		0.131924,
		-0.557432,
		0,
		0.420331,
		0.465551,
		-0.227631,
		1,
	},
	[0.15] = {
		-0.591908,
		0.039749,
		-0.805025,
		0,
		-0.231992,
		0.948114,
		0.217391,
		0,
		0.771896,
		0.315435,
		-0.551975,
		0,
		0.292806,
		0.520494,
		-0.163404,
		1,
	},
	[0.166666666667] = {
		-0.627474,
		0.045639,
		-0.777299,
		0,
		-0.385512,
		0.849126,
		0.361061,
		0,
		0.676503,
		0.526214,
		-0.51521,
		0,
		0.14261,
		0.567929,
		-0.088756,
		1,
	},
	[0.183333333333] = {
		-0.704706,
		0.067168,
		-0.706313,
		0,
		-0.574487,
		0.530179,
		0.623598,
		0,
		0.416358,
		0.845221,
		-0.335033,
		0,
		0.004326,
		0.604603,
		-0.037971,
		1,
	},
	[0.1] = {
		-0.488392,
		0.157761,
		-0.858245,
		0,
		0.419647,
		0.904788,
		-0.072488,
		0,
		0.765094,
		-0.395562,
		-0.508095,
		0,
		0.514185,
		0.307363,
		-0.260391,
		1,
	},
	[0.216666666667] = {
		-0.77446,
		0.089945,
		-0.626196,
		0,
		-0.596901,
		-0.431805,
		0.676205,
		0,
		-0.209573,
		0.897471,
		0.388104,
		0,
		-0.162371,
		0.490518,
		0.035726,
		1,
	},
	[0.233333333333] = {
		-0.726067,
		0.005775,
		-0.6876,
		0,
		-0.458585,
		-0.749177,
		0.477948,
		0,
		-0.512373,
		0.662345,
		0.546601,
		0,
		-0.295661,
		0.339303,
		0.090142,
		1,
	},
	[0.25] = {
		-0.667704,
		0.045182,
		-0.743055,
		0,
		-0.478436,
		-0.790759,
		0.381837,
		0,
		-0.570325,
		0.610458,
		0.549609,
		0,
		-0.344721,
		0.168776,
		0.088558,
		1,
	},
	[0.266666666667] = {
		-0.60385,
		0.119603,
		-0.788074,
		0,
		-0.587208,
		-0.735331,
		0.338341,
		0,
		-0.539029,
		0.66707,
		0.514262,
		0,
		-0.376371,
		0.006981,
		0.085853,
		1,
	},
	[0.283333333333] = {
		-0.541907,
		0.166123,
		-0.823856,
		0,
		-0.669018,
		-0.678577,
		0.30323,
		0,
		-0.508676,
		0.715498,
		0.478865,
		0,
		-0.389421,
		-0.066985,
		0.083082,
		1,
	},
	[0.2] = {
		-0.733918,
		0.086923,
		-0.673653,
		0,
		-0.675431,
		0.011455,
		0.737334,
		0,
		0.071808,
		0.996149,
		0.050303,
		0,
		-0.07155,
		0.605724,
		-0.024989,
		1,
	},
	[0.316666666667] = {
		-0.440213,
		0.190833,
		-0.87738,
		0,
		-0.727009,
		-0.649214,
		0.223561,
		0,
		-0.526945,
		0.736277,
		0.424529,
		0,
		-0.395098,
		-0.073942,
		0.074436,
		1,
	},
	[0.333333333333] = {
		-0.391084,
		0.195671,
		-0.899314,
		0,
		-0.747804,
		-0.637168,
		0.186564,
		0,
		-0.536509,
		0.745473,
		0.39551,
		0,
		-0.396335,
		-0.076873,
		0.067626,
		1,
	},
	[0.35] = {
		-0.343458,
		0.196143,
		-0.918458,
		0,
		-0.763931,
		-0.627206,
		0.151729,
		0,
		-0.546302,
		0.753751,
		0.365258,
		0,
		-0.39658,
		-0.079501,
		0.059295,
		1,
	},
	[0.366666666667] = {
		-0.297446,
		0.192716,
		-0.935086,
		0,
		-0.775946,
		-0.619442,
		0.11916,
		0,
		-0.556268,
		0.76102,
		0.333788,
		0,
		-0.395896,
		-0.081865,
		0.049541,
		1,
	},
	[0.383333333333] = {
		-0.253064,
		0.185837,
		-0.949433,
		0,
		-0.784358,
		-0.613905,
		0.088902,
		0,
		-0.566341,
		0.767193,
		0.30112,
		0,
		-0.394342,
		-0.084002,
		0.038457,
		1,
	},
	[0.3] = {
		-0.490613,
		0.181145,
		-0.852341,
		0,
		-0.700951,
		-0.663129,
		0.262539,
		0,
		-0.517655,
		0.726255,
		0.452313,
		0,
		-0.392812,
		-0.070663,
		0.079623,
		1,
	},
	[0.416666666667] = {
		-0.168912,
		0.163354,
		-0.972,
		0,
		-0.79215,
		-0.609308,
		0.035258,
		0,
		-0.586487,
		0.775925,
		0.23232,
		0,
		-0.38887,
		-0.087714,
		0.012664,
		1,
	},
	[0.433333333333] = {
		-0.12888,
		0.148499,
		-0.980478,
		0,
		-0.792294,
		-0.610027,
		0.011752,
		0,
		-0.596373,
		0.778341,
		0.196275,
		0,
		-0.38507,
		-0.089342,
		-0.00187,
		1,
	},
	[0.45] = {
		-0.089985,
		0.131694,
		-0.987198,
		0,
		-0.790367,
		-0.612557,
		-0.009673,
		0,
		-0.605989,
		0.779378,
		0.159208,
		0,
		-0.380637,
		-0.090847,
		-0.017382,
		1,
	},
	[0.466666666667] = {
		-0.052036,
		0.113254,
		-0.992202,
		0,
		-0.786642,
		-0.616721,
		-0.02914,
		0,
		-0.615212,
		0.778992,
		0.121182,
		0,
		-0.375626,
		-0.092248,
		-0.033789,
		1,
	},
	[0.483333333333] = {
		-0.014833,
		0.093478,
		-0.995511,
		0,
		-0.781357,
		-0.622328,
		-0.046794,
		0,
		-0.623909,
		0.777155,
		0.082271,
		0,
		-0.370088,
		-0.093563,
		-0.051007,
		1,
	},
	[0.4] = {
		-0.210257,
		0.17592,
		-0.961688,
		0,
		-0.789623,
		-0.610557,
		0.06095,
		0,
		-0.576443,
		0.772187,
		0.267284,
		0,
		-0.39198,
		-0.085942,
		0.026135,
		1,
	},
	[0.516666666667] = {
		0.058123,
		0.051041,
		-0.997004,
		0,
		-0.766899,
		-0.637093,
		-0.077324,
		0,
		-0.63913,
		0.769095,
		0.002113,
		0,
		-0.357634,
		-0.095989,
		-0.087556,
		1,
	},
	[0.533333333333] = {
		0.094259,
		0.028914,
		-0.995128,
		0,
		-0.758063,
		-0.645862,
		-0.09057,
		0,
		-0.645334,
		0.762907,
		-0.03896,
		0,
		-0.350812,
		-0.097126,
		-0.106726,
		1,
	},
	[0.55] = {
		0.130403,
		0.006523,
		-0.99144,
		0,
		-0.748343,
		-0.655307,
		-0.10274,
		0,
		-0.650367,
		0.755335,
		-0.080573,
		0,
		-0.343654,
		-0.098225,
		-0.126389,
		1,
	},
	[0.566666666667] = {
		0.166717,
		-0.015887,
		-0.985877,
		0,
		-0.737856,
		-0.665252,
		-0.114055,
		0,
		-0.654044,
		0.74645,
		-0.122631,
		0,
		-0.336201,
		-0.099295,
		-0.146467,
		1,
	},
	[0.583333333333] = {
		0.203345,
		-0.038077,
		-0.978366,
		0,
		-0.726699,
		-0.675534,
		-0.124747,
		0,
		-0.65617,
		0.736345,
		-0.165037,
		0,
		-0.328495,
		-0.100342,
		-0.166882,
		1,
	},
	[0.5] = {
		0.021821,
		0.07265,
		-0.997119,
		0,
		-0.774715,
		-0.629184,
		-0.062796,
		0,
		-0.631933,
		0.773854,
		0.042553,
		0,
		-0.364075,
		-0.094805,
		-0.068956,
		1,
	},
	[0.616666666667] = {
		0.278031,
		-0.080877,
		-0.957161,
		0,
		-0.702677,
		-0.696524,
		-0.145256,
		0,
		-0.654938,
		0.712961,
		-0.250486,
		0,
		-0.31247,
		-0.102392,
		-0.208418,
		1,
	},
	[0.633333333333] = {
		0.316283,
		-0.101049,
		-0.943268,
		0,
		-0.689911,
		-0.706974,
		-0.155595,
		0,
		-0.651143,
		0.699983,
		-0.293319,
		0,
		-0.304222,
		-0.1034,
		-0.229389,
		1,
	},
	[0.65] = {
		0.355232,
		-0.120128,
		-0.927027,
		0,
		-0.676673,
		-0.717245,
		-0.166355,
		0,
		-0.644922,
		0.686389,
		-0.336075,
		0,
		-0.295859,
		-0.104401,
		-0.250395,
		1,
	},
	[0.666666666667] = {
		0.394917,
		-0.137918,
		-0.908306,
		0,
		-0.662952,
		-0.727239,
		-0.177816,
		0,
		-0.636031,
		0.672386,
		-0.378632,
		0,
		-0.28741,
		-0.105392,
		-0.27136,
		1,
	},
	[0.683333333333] = {
		0.435346,
		-0.154242,
		-0.886952,
		0,
		-0.648709,
		-0.736869,
		-0.190266,
		0,
		-0.62422,
		0.658205,
		-0.420851,
		0,
		-0.278899,
		-0.106373,
		-0.292211,
		1,
	},
	[0.6] = {
		0.240414,
		-0.059814,
		-0.968826,
		0,
		-0.714953,
		-0.686003,
		-0.135062,
		0,
		-0.656539,
		0.725136,
		-0.207689,
		0,
		-0.320573,
		-0.101373,
		-0.187557,
		1,
	},
	[0.716666666667] = {
		0.518309,
		-0.181853,
		-0.835635,
		0,
		-0.618323,
		-0.754715,
		-0.219277,
		0,
		-0.59079,
		0.630345,
		-0.503619,
		0,
		-0.261782,
		-0.108285,
		-0.333265,
		1,
	},
	[0.733333333333] = {
		0.56068,
		-0.192871,
		-0.805257,
		0,
		-0.601909,
		-0.762772,
		-0.236399,
		0,
		-0.568633,
		0.617236,
		-0.543761,
		0,
		-0.253209,
		-0.109202,
		-0.353311,
		1,
	},
	[0.75] = {
		0.603455,
		-0.20189,
		-0.771416,
		0,
		-0.584423,
		-0.770135,
		-0.255621,
		0,
		-0.542487,
		0.605089,
		-0.582731,
		0,
		-0.244643,
		-0.110078,
		-0.372929,
		1,
	},
	[0.766666666667] = {
		0.647231,
		-0.209635,
		-0.732902,
		0,
		-0.564937,
		-0.777417,
		-0.276532,
		0,
		-0.511799,
		0.593023,
		-0.621599,
		0,
		-0.235182,
		-0.110986,
		-0.394028,
		1,
	},
	[0.783333333333] = {
		0.692005,
		-0.21673,
		-0.68859,
		0,
		-0.542626,
		-0.785278,
		-0.298155,
		0,
		-0.476116,
		0.579972,
		-0.661019,
		0,
		-0.224059,
		-0.112009,
		-0.418138,
		1,
	},
	[0.7] = {
		0.476497,
		-0.168936,
		-0.862793,
		0,
		-0.63387,
		-0.746054,
		-0.203991,
		0,
		-0.609229,
		0.6441,
		-0.462575,
		0,
		-0.27035,
		-0.10734,
		-0.312872,
		1,
	},
	[0.816666666667] = {
		0.780072,
		-0.228119,
		-0.582623,
		0,
		-0.489443,
		-0.802565,
		-0.341078,
		0,
		-0.389787,
		0.551226,
		-0.73771,
		0,
		-0.197708,
		-0.114403,
		-0.472731,
		1,
	},
	[0.833333333333] = {
		0.821139,
		-0.232035,
		-0.521432,
		0,
		-0.458752,
		-0.811856,
		-0.361161,
		0,
		-0.339525,
		0.535771,
		-0.773092,
		0,
		-0.182961,
		-0.115766,
		-0.501872,
		1,
	},
	[0.85] = {
		0.858837,
		-0.23456,
		-0.455391,
		0,
		-0.425611,
		-0.821455,
		-0.379563,
		0,
		-0.285053,
		0.519802,
		-0.805327,
		0,
		-0.167514,
		-0.117227,
		-0.531343,
		1,
	},
	[0.866666666667] = {
		0.892257,
		-0.235593,
		-0.385194,
		0,
		-0.390349,
		-0.831253,
		-0.395786,
		0,
		-0.226949,
		0.503502,
		-0.833654,
		0,
		-0.151653,
		-0.118772,
		-0.560475,
		1,
	},
	[0.883333333333] = {
		0.920648,
		-0.235078,
		-0.311682,
		0,
		-0.35338,
		-0.841132,
		-0.409414,
		0,
		-0.165922,
		0.487068,
		-0.857458,
		0,
		-0.135681,
		-0.120386,
		-0.588607,
		1,
	},
	[0.8] = {
		0.736661,
		-0.222958,
		-0.638451,
		0,
		-0.517447,
		-0.79368,
		-0.319876,
		0,
		-0.435407,
		0.566005,
		-0.700042,
		0,
		-0.21149,
		-0.113149,
		-0.444596,
		1,
	},
	[0.916666666667] = {
		0.960316,
		-0.229426,
		-0.15861,
		0,
		-0.276262,
		-0.860651,
		-0.427737,
		0,
		-0.038373,
		0.454581,
		-0.889879,
		0,
		-0.104704,
		-0.123743,
		-0.639293,
		1,
	},
	[0.933333333333] = {
		0.971111,
		-0.22442,
		-0.081106,
		0,
		-0.23716,
		-0.870064,
		-0.432139,
		0,
		0.026413,
		0.43889,
		-0.898152,
		0,
		-0.090375,
		-0.125448,
		-0.660602,
		1,
	},
	[0.95] = {
		0.975914,
		-0.218115,
		-0.004307,
		0,
		-0.198393,
		-0.879114,
		-0.433358,
		0,
		0.090736,
		0.423774,
		-0.901212,
		0,
		-0.077283,
		-0.127147,
		-0.678423,
		1,
	},
	[0.966666666667] = {
		0.974987,
		-0.210665,
		0.070864,
		0,
		-0.160447,
		-0.887725,
		-0.431511,
		0,
		0.153812,
		0.409347,
		-0.89932,
		0,
		-0.06577,
		-0.128818,
		-0.692167,
		1,
	},
	[0.983333333333] = {
		0.968752,
		-0.202243,
		0.14359,
		0,
		-0.12376,
		-0.895838,
		-0.426798,
		0,
		0.214951,
		0.395691,
		-0.892875,
		0,
		-0.056176,
		-0.130444,
		-0.701256,
		1,
	},
	[0.9] = {
		0.943451,
		-0.233008,
		-0.235814,
		0,
		-0.315179,
		-0.850971,
		-0.420132,
		0,
		-0.102777,
		0.470698,
		-0.876288,
		0,
		-0.11992,
		-0.122049,
		-0.61509,
		1,
	},
	{
		0.957752,
		-0.193033,
		0.213187,
		0,
		-0.088709,
		-0.903418,
		-0.419485,
		0,
		0.273571,
		0.382851,
		-0.882374,
		0,
		-0.048847,
		-0.132019,
		-0.705166,
		1,
	},
}

return spline_matrices
