local spline_matrices = {
	[0] = {
		0.809654,
		-0.147211,
		0.568146,
		0,
		-0.586907,
		-0.202346,
		0.783962,
		0,
		-0.000446,
		-0.968186,
		-0.25023,
		0,
		-0.334776,
		0.175843,
		0.124489,
		1
	},
	[0.0166666666667] = {
		0.803691,
		-0.187797,
		0.564635,
		0,
		-0.588037,
		-0.105444,
		0.801931,
		0,
		-0.091063,
		-0.976532,
		-0.195176,
		0,
		-0.331825,
		0.190773,
		0.130284,
		1
	},
	[0.0333333333333] = {
		0.791157,
		-0.236993,
		0.563831,
		0,
		-0.583237,
		-0.014796,
		0.812167,
		0,
		-0.184136,
		-0.971399,
		-0.149929,
		0,
		-0.313683,
		0.222722,
		0.135136,
		1
	},
	[0.05] = {
		0.776994,
		-0.279233,
		0.564189,
		0,
		-0.567048,
		0.078758,
		0.819911,
		0,
		-0.27338,
		-0.956988,
		-0.097144,
		0,
		-0.285672,
		0.265204,
		0.138171,
		1
	},
	[0.0666666666667] = {
		0.768992,
		-0.300773,
		0.564081,
		0,
		-0.533213,
		0.184933,
		0.82552,
		0,
		-0.352611,
		-0.935594,
		-0.018164,
		0,
		-0.25319,
		0.311962,
		0.138412,
		1
	},
	[0.0833333333333] = {
		0.776999,
		-0.289103,
		0.559188,
		0,
		-0.474764,
		0.314182,
		0.822124,
		0,
		-0.413366,
		-0.904273,
		0.106864,
		0,
		-0.221511,
		0.357194,
		0.133742,
		1
	},
	[0.116666666667] = {
		0.876819,
		-0.157343,
		0.454348,
		0,
		-0.269447,
		0.621838,
		0.735334,
		0,
		-0.39823,
		-0.767177,
		0.502844,
		0,
		-0.139762,
		0.465035,
		0.112605,
		1
	},
	[0.133333333333] = {
		0.928673,
		-0.080577,
		0.362042,
		0,
		-0.165412,
		0.783692,
		0.59872,
		0,
		-0.331972,
		-0.615902,
		0.714465,
		0,
		-0.091708,
		0.523415,
		0.094085,
		1
	},
	[0.15] = {
		0.960758,
		-0.020518,
		0.276629,
		0,
		-0.085163,
		0.927278,
		0.364558,
		0,
		-0.263993,
		-0.37381,
		0.889142,
		0,
		-0.04876,
		0.572682,
		0.067416,
		1
	},
	[0.166666666667] = {
		0.978845,
		0.0439,
		0.199838,
		0,
		-0.042077,
		0.999025,
		-0.013361,
		0,
		-0.20023,
		0.00467,
		0.979738,
		0,
		-0.016583,
		0.609109,
		0.029544,
		1
	},
	[0.183333333333] = {
		0.98811,
		0.066845,
		0.138458,
		0,
		0.010658,
		0.868598,
		-0.495403,
		0,
		-0.153379,
		0.490989,
		0.857558,
		0,
		0.009631,
		0.641346,
		-0.025079,
		1
	},
	[0.1] = {
		0.817236,
		-0.235191,
		0.526128,
		0,
		-0.381678,
		0.463135,
		0.799892,
		0,
		-0.431795,
		-0.854512,
		0.288723,
		0,
		-0.185279,
		0.406837,
		0.125143,
		1
	},
	[0.216666666667] = {
		0.994475,
		0.050785,
		0.091877,
		0,
		0.091847,
		0.00292,
		-0.995769,
		0,
		-0.050838,
		0.998705,
		-0.001761,
		0,
		0.065243,
		0.640382,
		-0.261893,
		1
	},
	[0.233333333333] = {
		0.996796,
		-0.034769,
		0.072038,
		0,
		0.050469,
		-0.425335,
		-0.903628,
		0,
		0.062058,
		0.904368,
		-0.422217,
		0,
		0.124017,
		0.604795,
		-0.378292,
		1
	},
	[0.25] = {
		0.950988,
		-0.308891,
		0.014447,
		0,
		-0.154398,
		-0.51479,
		-0.843299,
		0,
		0.267925,
		0.799736,
		-0.537251,
		0,
		0.24039,
		0.474157,
		-0.453828,
		1
	},
	[0.266666666667] = {
		0.806814,
		-0.567887,
		0.162959,
		0,
		-0.315138,
		-0.646974,
		-0.694343,
		0,
		0.499739,
		0.508851,
		-0.70095,
		0,
		0.307333,
		0.389142,
		-0.54879,
		1
	},
	[0.283333333333] = {
		0.624462,
		-0.705953,
		0.334182,
		0,
		-0.459234,
		-0.677948,
		-0.574013,
		0,
		0.631784,
		0.204981,
		-0.74755,
		0,
		0.354853,
		0.287901,
		-0.629818,
		1
	},
	[0.2] = {
		0.980373,
		0.027986,
		0.195156,
		0,
		0.175021,
		0.332137,
		-0.926851,
		0,
		-0.090757,
		0.942816,
		0.32072,
		0,
		0.043157,
		0.661753,
		-0.146216,
		1
	},
	[0.316666666667] = {
		0.480706,
		-0.714985,
		0.50766,
		0,
		-0.519775,
		-0.698599,
		-0.491724,
		0,
		0.706226,
		-0.027494,
		-0.707452,
		0,
		0.41779,
		0.177458,
		-0.668085,
		1
	},
	[0.333333333333] = {
		0.457069,
		-0.698938,
		0.550067,
		0,
		-0.524612,
		-0.711267,
		-0.467848,
		0,
		0.718241,
		-0.074733,
		-0.691769,
		0,
		0.431805,
		0.147233,
		-0.668953,
		1
	},
	[0.35] = {
		0.439915,
		-0.68423,
		0.581639,
		0,
		-0.544827,
		-0.718213,
		-0.432821,
		0,
		0.71389,
		-0.126487,
		-0.68874,
		0,
		0.432329,
		0.126644,
		-0.674307,
		1
	},
	[0.366666666667] = {
		0.430749,
		-0.668002,
		0.606818,
		0,
		-0.564528,
		-0.724044,
		-0.396319,
		0,
		0.704105,
		-0.171852,
		-0.688987,
		0,
		0.426714,
		0.10648,
		-0.681205,
		1
	},
	[0.383333333333] = {
		0.429194,
		-0.651053,
		0.626037,
		0,
		-0.583156,
		-0.729038,
		-0.358375,
		0,
		0.689726,
		-0.211265,
		-0.692564,
		0,
		0.414595,
		0.085847,
		-0.686031,
		1
	},
	[0.3] = {
		0.526904,
		-0.726573,
		0.440981,
		0,
		-0.513694,
		-0.685597,
		-0.515825,
		0,
		0.67712,
		0.045261,
		-0.73448,
		0,
		0.389198,
		0.222629,
		-0.659191,
		1
	},
	[0.416666666667] = {
		0.446749,
		-0.617122,
		0.647746,
		0,
		-0.615135,
		-0.737605,
		-0.278475,
		0,
		0.649634,
		-0.274043,
		-0.709137,
		0,
		0.375604,
		0.045123,
		-0.692038,
		1
	},
	[0.433333333333] = {
		0.464533,
		-0.600778,
		0.650596,
		0,
		-0.627557,
		-0.741683,
		-0.236808,
		0,
		0.624805,
		-0.298281,
		-0.721559,
		0,
		0.350665,
		0.025643,
		-0.694726,
		1
	},
	[0.45] = {
		0.487313,
		-0.58505,
		0.648262,
		0,
		-0.637065,
		-0.745922,
		-0.194291,
		0,
		0.597223,
		-0.318304,
		-0.736212,
		0,
		0.322886,
		0.006791,
		-0.69717,
		1
	},
	[0.466666666667] = {
		0.514263,
		-0.569957,
		0.640845,
		0,
		-0.643329,
		-0.750505,
		-0.15123,
		0,
		0.567152,
		-0.334502,
		-0.752627,
		0,
		0.292862,
		-0.011412,
		-0.699347,
		1
	},
	[0.483333333333] = {
		0.544517,
		-0.555445,
		0.628476,
		0,
		-0.646099,
		-0.755575,
		-0.10799,
		0,
		0.534843,
		-0.347255,
		-0.770296,
		0,
		0.261198,
		-0.028948,
		-0.701253,
		1
	},
	[0.4] = {
		0.434735,
		-0.633961,
		0.639609,
		0,
		-0.600186,
		-0.733471,
		-0.319055,
		0,
		0.671403,
		-0.24518,
		-0.69936,
		0,
		0.39712,
		0.065208,
		-0.68915,
		1
	},
	[0.516666666667] = {
		0.611378,
		-0.527696,
		0.589707,
		0,
		-0.640613,
		-0.767529,
		-0.022663,
		0,
		0.464576,
		-0.363918,
		-0.8073,
		0,
		0.195326,
		-0.061957,
		-0.704341,
		1
	},
	[0.533333333333] = {
		0.646225,
		-0.514159,
		0.563945,
		0,
		-0.632347,
		-0.774464,
		0.018514,
		0,
		0.427236,
		-0.368572,
		-0.825605,
		0,
		0.162193,
		-0.07743,
		-0.705606,
		1
	},
	[0.55] = {
		0.680905,
		-0.500644,
		0.534532,
		0,
		-0.620577,
		-0.78199,
		0.058098,
		0,
		0.388912,
		-0.371278,
		-0.843149,
		0,
		0.129563,
		-0.092217,
		-0.706733,
		1
	},
	[0.566666666667] = {
		0.71467,
		-0.487017,
		0.502057,
		0,
		-0.605577,
		-0.790013,
		0.095682,
		0,
		0.350033,
		-0.372416,
		-0.859525,
		0,
		0.097853,
		-0.106304,
		-0.707733,
		1
	},
	[0.583333333333] = {
		0.74687,
		-0.473184,
		0.467206,
		0,
		-0.587726,
		-0.798398,
		0.130919,
		0,
		0.311067,
		-0.372369,
		-0.874402,
		0,
		0.067449,
		-0.119648,
		-0.708584,
		1
	},
	[0.5] = {
		0.577186,
		-0.541406,
		0.61134,
		0,
		-0.645214,
		-0.761233,
		-0.064985,
		0,
		0.500555,
		-0.356937,
		-0.788695,
		0,
		0.228496,
		-0.045799,
		-0.702906,
		1
	},
	[0.616666666667] = {
		0.804582,
		-0.444734,
		0.393522,
		0,
		-0.545398,
		-0.815558,
		0.193409,
		0,
		0.234925,
		-0.370239,
		-0.89874,
		0,
		0.012017,
		-0.143748,
		-0.709625,
		1
	},
	[0.633333333333] = {
		0.829425,
		-0.430166,
		0.356386,
		0,
		-0.522043,
		-0.823937,
		0.220451,
		0,
		0.198809,
		-0.368896,
		-0.907959,
		0,
		-0.012271,
		-0.154224,
		-0.709665,
		1
	},
	[0.65] = {
		0.851371,
		-0.415486,
		0.320216,
		0,
		-0.498035,
		-0.831905,
		0.244736,
		0,
		0.164705,
		-0.36784,
		-0.915186,
		0,
		-0.033756,
		-0.163407,
		-0.709292,
		1
	},
	[0.666666666667] = {
		0.870405,
		-0.400838,
		0.285875,
		0,
		-0.473997,
		-0.839251,
		0.266429,
		0,
		0.133126,
		-0.367404,
		-0.920484,
		0,
		-0.052053,
		-0.171085,
		-0.708505,
		1
	},
	[0.683333333333] = {
		0.886612,
		-0.386401,
		0.254191,
		0,
		-0.45054,
		-0.845776,
		0.285791,
		0,
		0.104559,
		-0.367909,
		-0.923965,
		0,
		-0.066266,
		-0.176968,
		-0.706218,
		1
	},
	[0.6] = {
		0.776975,
		-0.45909,
		0.430751,
		0,
		-0.567487,
		-0.806976,
		0.163548,
		0,
		0.272523,
		-0.371518,
		-0.887528,
		0,
		0.038716,
		-0.132169,
		-0.709239,
		1
	},
	[0.716666666667] = {
		0.911248,
		-0.358975,
		0.2019,
		0,
		-0.407716,
		-0.855601,
		0.318927,
		0,
		0.05826,
		-0.372939,
		-0.926025,
		0,
		-0.080979,
		-0.182486,
		-0.697958,
		1
	},
	[0.733333333333] = {
		0.911248,
		-0.358975,
		0.2019,
		0,
		-0.407716,
		-0.855601,
		0.318927,
		0,
		0.05826,
		-0.372939,
		-0.926025,
		0,
		-0.080979,
		-0.182486,
		-0.697958,
		1
	},
	[0.75] = {
		0.911248,
		-0.358975,
		0.2019,
		0,
		-0.407716,
		-0.855601,
		0.318927,
		0,
		0.05826,
		-0.372939,
		-0.926025,
		0,
		-0.080979,
		-0.182486,
		-0.697958,
		1
	},
	[0.7] = {
		0.900157,
		-0.372375,
		0.225953,
		0,
		-0.428257,
		-0.851288,
		0.303159,
		0,
		0.079462,
		-0.369657,
		-0.925764,
		0,
		-0.075425,
		-0.180755,
		-0.701356,
		1
	}
}

return spline_matrices
