local spline_matrices = {
	[0] = {
		-0.595988,
		-0.188345,
		0.780592,
		0,
		0.793996,
		0.006888,
		0.607884,
		0,
		-0.119868,
		0.982079,
		0.14544,
		0,
		0.463388,
		-0.244535,
		-0.20772,
		1
	},
	{
		0.880699,
		-0.070354,
		-0.468422,
		0,
		-0.163908,
		0.882551,
		-0.440724,
		0,
		0.444413,
		0.464924,
		0.76573,
		0,
		0.213027,
		0.662354,
		-0.160732,
		1
	},
	[0.0166666666667] = {
		-0.464773,
		-0.171545,
		0.868653,
		0,
		0.879502,
		0.02389,
		0.475296,
		0,
		-0.102286,
		0.984887,
		0.13977,
		0,
		0.440126,
		-0.275568,
		-0.203925,
		1
	},
	[0.0333333333333] = {
		-0.319414,
		-0.15462,
		0.934916,
		0,
		0.943678,
		0.037939,
		0.328682,
		0,
		-0.08629,
		0.987245,
		0.133794,
		0,
		0.383176,
		-0.344391,
		-0.180872,
		1
	},
	[0.05] = {
		-0.16488,
		-0.130209,
		0.977681,
		0,
		0.983792,
		0.049125,
		0.172453,
		0,
		-0.070483,
		0.990269,
		0.119999,
		0,
		0.31488,
		-0.413553,
		-0.149048,
		1
	},
	[0.0666666666667] = {
		-0.007488,
		-0.091182,
		0.995806,
		0,
		0.998403,
		0.055073,
		0.01255,
		0,
		-0.055986,
		0.99431,
		0.090624,
		0,
		0.257499,
		-0.445755,
		-0.118914,
		1
	},
	[0.0833333333333] = {
		0.14925,
		-0.021152,
		0.988573,
		0,
		0.987731,
		0.049654,
		-0.14806,
		0,
		-0.045955,
		0.998542,
		0.028303,
		0,
		0.238832,
		-0.201175,
		-0.077416,
		1
	},
	[0.116666666667] = {
		0.775099,
		0.026956,
		0.631265,
		0,
		0.619881,
		0.161021,
		-0.767997,
		0,
		-0.122349,
		0.986583,
		0.108098,
		0,
		0.112854,
		0.674105,
		-0.108606,
		1
	},
	[0.133333333333] = {
		0.871875,
		0.049871,
		0.487183,
		0,
		0.472828,
		0.173362,
		-0.863932,
		0,
		-0.127544,
		0.983595,
		0.12757,
		0,
		0.102955,
		0.673723,
		-0.110064,
		1
	},
	[0.15] = {
		0.919055,
		0.065396,
		0.388667,
		0,
		0.373101,
		0.173454,
		-0.911433,
		0,
		-0.12702,
		0.982668,
		0.135015,
		0,
		0.097453,
		0.673169,
		-0.111098,
		1
	},
	[0.166666666667] = {
		0.941384,
		0.074371,
		0.329036,
		0,
		0.313512,
		0.167163,
		-0.934755,
		0,
		-0.124521,
		0.98312,
		0.134048,
		0,
		0.094784,
		0.672627,
		-0.112301,
		1
	},
	[0.183333333333] = {
		0.951608,
		0.078829,
		0.297034,
		0,
		0.282218,
		0.158404,
		-0.946182,
		0,
		-0.121638,
		0.984223,
		0.128492,
		0,
		0.093771,
		0.67215,
		-0.113585,
		1
	},
	[0.1] = {
		0.505575,
		0.000426,
		0.862782,
		0,
		0.857857,
		0.106457,
		-0.502741,
		0,
		-0.092063,
		0.994317,
		0.053457,
		0,
		0.168009,
		0.330068,
		-0.096756,
		1
	},
	[0.216666666667] = {
		0.960458,
		0.082909,
		0.265794,
		0,
		0.252126,
		0.146015,
		-0.956615,
		0,
		-0.118122,
		0.985802,
		0.119337,
		0,
		0.092947,
		0.671474,
		-0.114727,
		1
	},
	[0.233333333333] = {
		0.96383,
		0.084248,
		0.252853,
		0,
		0.239325,
		0.143908,
		-0.960215,
		0,
		-0.117284,
		0.985998,
		0.11854,
		0,
		0.092319,
		0.671287,
		-0.114321,
		1
	},
	[0.25] = {
		0.964845,
		0.083502,
		0.2492,
		0,
		0.236142,
		0.140794,
		-0.961465,
		0,
		-0.115371,
		0.986511,
		0.116126,
		0,
		0.0922,
		0.671148,
		-0.113979,
		1
	},
	[0.266666666667] = {
		0.963725,
		0.081056,
		0.25429,
		0,
		0.241922,
		0.137115,
		-0.960559,
		0,
		-0.112726,
		0.987233,
		0.112532,
		0,
		0.092539,
		0.671024,
		-0.113709,
		1
	},
	[0.283333333333] = {
		0.960446,
		0.0773,
		0.267521,
		0,
		0.255963,
		0.133264,
		-0.957457,
		0,
		-0.109663,
		0.988061,
		0.108207,
		0,
		0.093296,
		0.670881,
		-0.113508,
		1
	},
	[0.2] = {
		0.956499,
		0.080975,
		0.280274,
		0,
		0.266259,
		0.150339,
		-0.952105,
		0,
		-0.119232,
		0.985313,
		0.122239,
		0,
		0.093457,
		0.671759,
		-0.114564,
		1
	},
	[0.316666666667] = {
		0.946433,
		0.067355,
		0.315797,
		0,
		0.305859,
		0.126517,
		-0.943633,
		0,
		-0.103512,
		0.989675,
		0.099138,
		0,
		0.095926,
		0.670403,
		-0.113252,
		1
	},
	[0.333333333333] = {
		0.934919,
		0.061833,
		0.349432,
		0,
		0.340157,
		0.124358,
		-0.93211,
		0,
		-0.10109,
		0.990309,
		0.095232,
		0,
		0.097734,
		0.670002,
		-0.113156,
		1
	},
	[0.35] = {
		0.919777,
		0.056313,
		0.38838,
		0,
		0.37959,
		0.123532,
		-0.91687,
		0,
		-0.099609,
		0.990742,
		0.092246,
		0,
		0.099825,
		0.669451,
		-0.113051,
		1
	},
	[0.366666666667] = {
		0.900518,
		0.050995,
		0.431819,
		0,
		0.42328,
		0.124462,
		-0.897409,
		0,
		-0.099508,
		0.990913,
		0.090495,
		0,
		0.102158,
		0.668719,
		-0.112916,
		1
	},
	[0.383333333333] = {
		0.876677,
		0.046009,
		0.478874,
		0,
		0.470296,
		0.127607,
		-0.873234,
		0,
		-0.101284,
		0.990757,
		0.090232,
		0,
		0.104686,
		0.667784,
		-0.112733,
		1
	},
	[0.3] = {
		0.954797,
		0.072616,
		0.288251,
		0,
		0.27753,
		0.12961,
		-0.951934,
		0,
		-0.106486,
		0.988903,
		0.103598,
		0,
		0.094436,
		0.670685,
		-0.113362,
		1
	},
	[0.416666666667] = {
		0.813668,
		0.037131,
		0.580143,
		0,
		0.570297,
		0.142521,
		-0.80898,
		0,
		-0.112721,
		0.989095,
		0.094789,
		0,
		0.11009,
		0.665246,
		-0.112176,
		1
	},
	[0.433333333333] = {
		0.773908,
		0.033051,
		0.632435,
		0,
		0.621113,
		0.155341,
		-0.768172,
		0,
		-0.123632,
		0.987308,
		0.099691,
		0,
		0.112826,
		0.663629,
		-0.111801,
		1
	},
	[0.45] = {
		0.696261,
		0.025571,
		0.717333,
		0,
		0.702284,
		0.182322,
		-0.688153,
		0,
		-0.148383,
		0.982906,
		0.108986,
		0,
		0.136486,
		0.617338,
		-0.110823,
		1
	},
	[0.466666666667] = {
		0.590228,
		0.01295,
		0.807133,
		0,
		0.786158,
		0.217779,
		-0.578384,
		0,
		-0.183266,
		0.975912,
		0.118359,
		0,
		0.181812,
		0.525594,
		-0.111982,
		1
	},
	[0.483333333333] = {
		0.543892,
		0.006526,
		0.83913,
		0,
		0.81351,
		0.241224,
		-0.529162,
		0,
		-0.205871,
		0.970448,
		0.125891,
		0,
		0.218906,
		0.453854,
		-0.121673,
		1
	},
	[0.4] = {
		0.847841,
		0.041403,
		0.528632,
		0,
		0.519652,
		0.133455,
		-0.843891,
		0,
		-0.105488,
		0.99019,
		0.091633,
		0,
		0.107352,
		0.66663,
		-0.112488,
		1
	},
	[0.516666666667] = {
		0.782227,
		0.050201,
		0.620968,
		0,
		0.595785,
		0.231071,
		-0.769186,
		0,
		-0.182101,
		0.971641,
		0.150841,
		0,
		0.238079,
		0.426442,
		-0.182607,
		1
	},
	[0.533333333333] = {
		0.843496,
		0.058709,
		0.533918,
		0,
		0.510748,
		0.22006,
		-0.83109,
		0,
		-0.166286,
		0.973718,
		0.155634,
		0,
		0.252574,
		0.423794,
		-0.207002,
		1
	},
	[0.55] = {
		0.80343,
		0.042714,
		0.593866,
		0,
		0.572561,
		0.218175,
		-0.7903,
		0,
		-0.163324,
		0.974974,
		0.150832,
		0,
		0.285675,
		0.41428,
		-0.218101,
		1
	},
	[0.566666666667] = {
		0.688539,
		0.013025,
		0.725082,
		0,
		0.70641,
		0.214074,
		-0.674653,
		0,
		-0.164009,
		0.976731,
		0.138197,
		0,
		0.330353,
		0.403786,
		-0.221641,
		1
	},
	[0.583333333333] = {
		0.519046,
		-0.02274,
		0.854444,
		0,
		0.838797,
		0.205763,
		-0.504064,
		0,
		-0.164351,
		0.978338,
		0.125875,
		0,
		0.377346,
		0.394399,
		-0.218505,
		1
	},
	[0.5] = {
		0.640822,
		0.023803,
		0.767321,
		0,
		0.740664,
		0.243703,
		-0.62612,
		0,
		-0.201901,
		0.969558,
		0.13854,
		0,
		0.232535,
		0.430212,
		-0.148531,
		1
	},
	[0.616666666667] = {
		0.259447,
		-0.089391,
		0.961611,
		0,
		0.950855,
		0.197888,
		-0.238149,
		0,
		-0.169003,
		0.97614,
		0.13634,
		0,
		0.440067,
		0.388644,
		-0.207616,
		1
	},
	[0.633333333333] = {
		0.242187,
		-0.12047,
		0.962721,
		0,
		0.953768,
		0.211571,
		-0.21346,
		0,
		-0.177968,
		0.96991,
		0.16614,
		0,
		0.449655,
		0.39444,
		-0.206431,
		1
	},
	[0.65] = {
		0.252761,
		-0.154204,
		0.955161,
		0,
		0.948695,
		0.233339,
		-0.213379,
		0,
		-0.189973,
		0.960091,
		0.205271,
		0,
		0.453799,
		0.403171,
		-0.205387,
		1
	},
	[0.666666666667] = {
		0.289083,
		-0.189547,
		0.938351,
		0,
		0.935534,
		0.26379,
		-0.234929,
		0,
		-0.202997,
		0.945773,
		0.253585,
		0,
		0.453094,
		0.414447,
		-0.204333,
		1
	},
	[0.683333333333] = {
		0.348771,
		-0.224683,
		0.909877,
		0,
		0.912358,
		0.303474,
		-0.274783,
		0,
		-0.214385,
		0.92597,
		0.310835,
		0,
		0.448116,
		0.427838,
		-0.203045,
		1
	},
	[0.6] = {
		0.351665,
		-0.057821,
		0.934339,
		0,
		0.921504,
		0.197098,
		-0.334637,
		0,
		-0.164808,
		0.978677,
		0.122595,
		0,
		0.416835,
		0.388456,
		-0.21197,
		1
	},
	[0.716666666667] = {
		0.523474,
		-0.283129,
		0.803625,
		0,
		0.823422,
		0.410504,
		-0.391743,
		0,
		-0.218978,
		0.86679,
		0.448023,
		0,
		0.427817,
		0.459084,
		-0.198744,
		1
	},
	[0.733333333333] = {
		0.626692,
		-0.299506,
		0.719412,
		0,
		0.751755,
		0.4755,
		-0.456907,
		0,
		-0.205234,
		0.827161,
		0.523148,
		0,
		0.413932,
		0.475946,
		-0.195316,
		1
	},
	[0.75] = {
		0.729508,
		-0.302963,
		0.613214,
		0,
		0.660596,
		0.54448,
		-0.51687,
		0,
		-0.17729,
		0.782148,
		0.597338,
		0,
		0.398649,
		0.493001,
		-0.190948,
		1
	},
	[0.766666666667] = {
		0.822629,
		-0.291737,
		0.488028,
		0,
		0.552415,
		0.613298,
		-0.564538,
		0,
		-0.13461,
		0.733999,
		0.665676,
		0,
		0.382823,
		0.509861,
		-0.18579,
		1
	},
	[0.783333333333] = {
		0.898035,
		-0.266202,
		0.350242,
		0,
		0.432777,
		0.677505,
		-0.59472,
		0,
		-0.078975,
		0.685656,
		0.723629,
		0,
		0.367222,
		0.52625,
		-0.180162,
		1
	},
	[0.7] = {
		0.428532,
		-0.256985,
		0.86621,
		0,
		0.876107,
		0.352577,
		-0.328826,
		0,
		-0.220902,
		0.899805,
		0.376236,
		0,
		0.439466,
		0.442881,
		-0.201263,
		1
	},
	[0.816666666667] = {
		0.980219,
		-0.18448,
		0.071678,
		0,
		0.190266,
		0.778644,
		-0.597924,
		0,
		0.054493,
		0.599734,
		0.798342,
		0,
		0.338866,
		0.55706,
		-0.16921,
		1
	},
	[0.833333333333] = {
		0.989079,
		-0.137607,
		-0.052783,
		0,
		0.082337,
		0.81294,
		-0.576497,
		0,
		0.12224,
		0.565855,
		0.815393,
		0,
		0.326689,
		0.571343,
		-0.164648,
		1
	},
	[0.85] = {
		0.982719,
		-0.093042,
		-0.160022,
		0,
		-0.009732,
		0.837328,
		-0.546613,
		0,
		0.184849,
		0.538725,
		0.821953,
		0,
		0.315999,
		0.584774,
		-0.161004,
		1
	},
	[0.866666666667] = {
		0.967309,
		-0.054546,
		-0.247667,
		0,
		-0.083437,
		0.853775,
		-0.513913,
		0,
		0.239484,
		0.517777,
		0.821313,
		0,
		0.306855,
		0.597214,
		-0.158345,
		1
	},
	[0.883333333333] = {
		0.948711,
		-0.024905,
		-0.315162,
		0,
		-0.13787,
		0.86451,
		-0.483337,
		0,
		0.284498,
		0.501999,
		0.816736,
		0,
		0.299344,
		0.60847,
		-0.156647,
		1
	},
	[0.8] = {
		0.950837,
		-0.229005,
		0.208484,
		0,
		0.309363,
		0.733359,
		-0.605376,
		0,
		-0.014259,
		0.640111,
		0.76815,
		0,
		0.352442,
		0.54201,
		-0.174493,
		1
	},
	[0.916666666667] = {
		0.91806,
		0.001383,
		-0.39644,
		0,
		-0.191983,
		0.876467,
		-0.44153,
		0,
		0.346856,
		0.48146,
		0.804914,
		0,
		0.286997,
		0.627041,
		-0.155713,
		1
	},
	[0.933333333333] = {
		0.90641,
		-0.000364,
		-0.422398,
		0,
		-0.200263,
		0.880096,
		-0.430495,
		0,
		0.371908,
		0.474795,
		0.797655,
		0,
		0.276994,
		0.635203,
		-0.156057,
		1
	},
	[0.95] = {
		0.897028,
		-0.009858,
		-0.441864,
		0,
		-0.199861,
		0.882647,
		-0.425429,
		0,
		0.394203,
		0.469933,
		0.789789,
		0,
		0.264087,
		0.6428,
		-0.156791,
		1
	},
	[0.966666666667] = {
		0.889787,
		-0.025637,
		-0.455655,
		0,
		-0.192607,
		0.884052,
		-0.425857,
		0,
		0.413741,
		0.466684,
		0.78168,
		0,
		0.248779,
		0.649845,
		-0.157851,
		1
	},
	[0.983333333333] = {
		0.884437,
		-0.046278,
		-0.46436,
		0,
		-0.180125,
		0.884103,
		-0.43118,
		0,
		0.430496,
		0.464994,
		0.773598,
		0,
		0.231586,
		0.656356,
		-0.159181,
		1
	},
	[0.9] = {
		0.931832,
		-0.00616,
		-0.362837,
		0,
		-0.172893,
		0.871547,
		-0.458818,
		0,
		0.319056,
		0.490273,
		0.811071,
		0,
		0.293614,
		0.618301,
		-0.155838,
		1
	},
	[1.01666666667] = {
		0.878336,
		-0.096412,
		-0.46822,
		0,
		-0.145386,
		0.879183,
		-0.453762,
		0,
		0.455399,
		0.466629,
		0.758201,
		0,
		0.193619,
		0.66787,
		-0.162463,
		1
	},
	[1.03333333333] = {
		0.877194,
		-0.122944,
		-0.464128,
		0,
		-0.125957,
		0.87388,
		-0.469541,
		0,
		0.46332,
		0.470339,
		0.751077,
		0,
		0.173877,
		0.672944,
		-0.164333,
		1
	},
	[1.05] = {
		0.877226,
		-0.148392,
		-0.456568,
		0,
		-0.107021,
		0.866651,
		-0.4873,
		0,
		0.467997,
		0.476335,
		0.744368,
		0,
		0.154306,
		0.677621,
		-0.166306,
		1
	},
	[1.06666666667] = {
		0.878496,
		-0.171144,
		-0.446043,
		0,
		-0.089985,
		0.857649,
		-0.506302,
		0,
		0.469198,
		0.484921,
		0.738041,
		0,
		0.135406,
		0.681952,
		-0.168346,
		1
	},
	[1.08333333333] = {
		0.88116,
		-0.189544,
		-0.433163,
		0,
		-0.076268,
		0.847153,
		-0.525847,
		0,
		0.466626,
		0.496392,
		0.732021,
		0,
		0.117666,
		0.685992,
		-0.170416,
		1
	},
	[1.11666666667] = {
		0.891436,
		-0.206509,
		-0.403356,
		0,
		-0.064531,
		0.823199,
		-0.564074,
		0,
		0.448528,
		0.528865,
		0.720503,
		0,
		0.087589,
		0.693391,
		-0.174507,
		1
	},
	[1.13333333333] = {
		0.899246,
		-0.201626,
		-0.388205,
		0,
		-0.06939,
		0.810458,
		-0.581673,
		0,
		0.431904,
		0.550005,
		0.71481,
		0,
		0.076199,
		0.696807,
		-0.176451,
		1
	},
	[1.15] = {
		0.910983,
		-0.18413,
		-0.36906,
		0,
		-0.08311,
		0.794508,
		-0.60154,
		0,
		0.403983,
		0.578666,
		0.70848,
		0,
		0.067062,
		0.699705,
		-0.17859,
		1
	},
	[1.16666666667] = {
		0.926856,
		-0.153374,
		-0.342659,
		0,
		-0.10377,
		0.772512,
		-0.626464,
		0,
		0.360792,
		0.616199,
		0.700092,
		0,
		0.059427,
		0.701708,
		-0.181211,
		1
	},
	[1.18333333333] = {
		0.943704,
		-0.111568,
		-0.311408,
		0,
		-0.128053,
		0.744792,
		-0.654895,
		0,
		0.304999,
		0.657904,
		0.688577,
		0,
		0.053178,
		0.702749,
		-0.184268,
		1
	},
	[1.1] = {
		0.885417,
		-0.201904,
		-0.418654,
		0,
		-0.067304,
		0.835538,
		-0.545295,
		0,
		0.459898,
		0.510991,
		0.72621,
		0,
		0.101568,
		0.689792,
		-0.172482,
		1
	},
	[1.21666666667] = {
		0.969699,
		-0.006883,
		-0.244205,
		0,
		-0.175344,
		0.676431,
		-0.715329,
		0,
		0.170111,
		0.736474,
		0.654728,
		0,
		0.044526,
		0.701912,
		-0.191252,
		1
	},
	[1.23333333333] = {
		0.975914,
		0.048173,
		-0.212769,
		0,
		-0.193723,
		0.639845,
		-0.743687,
		0,
		0.100314,
		0.766993,
		0.633766,
		0,
		0.041978,
		0.700288,
		-0.194807,
		1
	},
	[1.25] = {
		0.977707,
		0.099101,
		-0.185118,
		0,
		-0.206882,
		0.605422,
		-0.768547,
		0,
		0.035911,
		0.789711,
		0.612427,
		0,
		0.040445,
		0.698261,
		-0.198086,
		1
	},
	[1.26666666667] = {
		0.976544,
		0.141431,
		-0.162357,
		0,
		-0.21457,
		0.576363,
		-0.788521,
		0,
		-0.017945,
		0.804862,
		0.593191,
		0,
		0.039697,
		0.69628,
		-0.20083,
		1
	},
	[1.28333333333] = {
		0.974524,
		0.170956,
		-0.145176,
		0,
		-0.21705,
		0.555821,
		-0.802466,
		0,
		-0.056495,
		0.813533,
		0.578767,
		0,
		0.039432,
		0.694848,
		-0.202795,
		1
	},
	[1.2] = {
		0.958669,
		-0.061539,
		-0.277788,
		0,
		-0.152807,
		0.712217,
		-0.685126,
		0,
		0.240007,
		0.699257,
		0.673377,
		0,
		0.048231,
		0.702797,
		-0.187668,
		1
	},
	[1.31666666667] = {
		0.971381,
		0.20483,
		-0.120268,
		0,
		-0.213763,
		0.533091,
		-0.818608,
		0,
		-0.103562,
		0.820889,
		0.56162,
		0,
		0.040379,
		0.69297,
		-0.205056,
		1
	},
	[1.33333333333] = {
		0.970374,
		0.215117,
		-0.109998,
		0,
		-0.210197,
		0.527165,
		-0.823356,
		0,
		-0.119131,
		0.822084,
		0.556764,
		0,
		0.04165,
		0.692139,
		-0.205684,
		1
	},
	[1.35] = {
		0.969921,
		0.221537,
		-0.100864,
		0,
		-0.205703,
		0.524416,
		-0.826241,
		0,
		-0.130148,
		0.822137,
		0.554213,
		0,
		0.043362,
		0.691393,
		-0.206017,
		1
	},
	[1.36666666667] = {
		0.970054,
		0.22451,
		-0.092688,
		0,
		-0.200452,
		0.524482,
		-0.827489,
		0,
		-0.137167,
		0.821288,
		0.553779,
		0,
		0.045458,
		0.690731,
		-0.206084,
		1
	},
	[1.38333333333] = {
		0.970743,
		0.22445,
		-0.085327,
		0,
		-0.194566,
		0.526987,
		-0.827302,
		0,
		-0.140722,
		0.819699,
		0.555239,
		0,
		0.047884,
		0.690146,
		-0.205918,
		1
	},
	[1.3] = {
		0.972835,
		0.190251,
		-0.131899,
		0,
		-0.216159,
		0.54254,
		-0.811742,
		0,
		-0.082874,
		0.818202,
		0.568926,
		0,
		0.039615,
		0.693879,
		-0.204103,
		1
	},
	[1.41666666667] = {
		0.973496,
		0.216877,
		-0.072599,
		0,
		-0.181215,
		0.537802,
		-0.823365,
		0,
		-0.139525,
		0.814699,
		0.562849,
		0,
		0.053529,
		0.689162,
		-0.205007,
		1
	},
	[1.43333333333] = {
		0.97536,
		0.210187,
		-0.067037,
		0,
		-0.173879,
		0.545356,
		-0.819971,
		0,
		-0.135788,
		0.811424,
		0.568465,
		0,
		0.056657,
		0.688734,
		-0.204324,
		1
	},
	[1.45] = {
		0.977404,
		0.202116,
		-0.061885,
		0,
		-0.166186,
		0.553846,
		-0.815866,
		0,
		-0.130625,
		0.807715,
		0.57492,
		0,
		0.059927,
		0.68833,
		-0.203534,
		1
	},
	[1.46666666667] = {
		0.979521,
		0.193091,
		-0.057043,
		0,
		-0.158209,
		0.562909,
		-0.811236,
		0,
		-0.124533,
		0.803648,
		0.58193,
		0,
		0.063294,
		0.687936,
		-0.202668,
		1
	},
	[1.48333333333] = {
		0.981613,
		0.183545,
		-0.052403,
		0,
		-0.150033,
		0.572193,
		-0.806279,
		0,
		-0.118004,
		0.799316,
		0.58921,
		0,
		0.066713,
		0.68754,
		-0.201761,
		1
	},
	[1.4] = {
		0.971921,
		0.221769,
		-0.078664,
		0,
		-0.188131,
		0.531553,
		-0.825868,
		0,
		-0.141338,
		0.817478,
		0.558349,
		0,
		0.05059,
		0.689628,
		-0.205548,
		1
	},
	[1.51666666667] = {
		0.985403,
		0.164661,
		-0.043219,
		0,
		-0.133525,
		0.590085,
		-0.796223,
		0,
		-0.105604,
		0.790371,
		0.603458,
		0,
		0.073513,
		0.686705,
		-0.199961,
		1
	},
	[1.53333333333] = {
		0.986975,
		0.156225,
		-0.038388,
		0,
		-0.125452,
		0.598058,
		-0.791573,
		0,
		-0.100705,
		0.786079,
		0.609868,
		0,
		0.076797,
		0.686253,
		-0.19914,
		1
	},
	[1.55] = {
		0.98827,
		0.14907,
		-0.033184,
		0,
		-0.117698,
		0.604986,
		-0.787489,
		0,
		-0.097315,
		0.782158,
		0.615434,
		0,
		0.079937,
		0.685772,
		-0.19842,
		1
	},
	[1.56666666667] = {
		0.989247,
		0.143661,
		-0.027437,
		0,
		-0.110421,
		0.610584,
		-0.784216,
		0,
		-0.095909,
		0.778813,
		0.619881,
		0,
		0.082883,
		0.685261,
		-0.197839,
		1
	},
	[1.58333333333] = {
		0.989864,
		0.140463,
		-0.020974,
		0,
		-0.10378,
		0.614579,
		-0.781999,
		0,
		-0.096952,
		0.776249,
		0.622927,
		0,
		0.085587,
		0.684717,
		-0.197434,
		1
	},
	[1.5] = {
		0.983597,
		0.173919,
		-0.047841,
		0,
		-0.141765,
		0.58136,
		-0.801201,
		0,
		-0.111532,
		0.794841,
		0.59648,
		0,
		0.070135,
		0.687132,
		-0.200847,
		1
	}
}

return spline_matrices
