-- chunkname: @content/characters/player/human/first_person/animations/sabre/heavy_attack_right_diagonal_up.lua

local spline_matrices = {
	[0.0166666666667] = {
		-0.111947,
		-0.595949,
		0.795181,
		0,
		-0.87898,
		0.432655,
		0.200509,
		0,
		-0.463532,
		-0.676501,
		-0.572262,
		0,
		-0.33317,
		0.245466,
		-0.237303,
		1,
	},
	[0.0333333333333] = {
		-0.198319,
		-0.626335,
		0.753906,
		0,
		-0.881889,
		0.449688,
		0.141609,
		0,
		-0.427717,
		-0.636777,
		-0.64154,
		0,
		-0.335453,
		0.216595,
		-0.237427,
		1,
	},
	[0.05] = {
		-0.270425,
		-0.646052,
		0.713784,
		0,
		-0.87985,
		0.46681,
		0.089173,
		0,
		-0.390812,
		-0.603908,
		-0.694666,
		0,
		-0.337956,
		0.186849,
		-0.236144,
		1,
	},
	[0.0666666666667] = {
		-0.312652,
		-0.647895,
		0.694608,
		0,
		-0.876538,
		0.478536,
		0.051812,
		0,
		-0.365964,
		-0.592651,
		-0.71752,
		0,
		-0.338068,
		0.172972,
		-0.236004,
		1,
	},
	[0.0833333333333] = {
		-0.295348,
		-0.623158,
		0.724185,
		0,
		-0.891162,
		0.452922,
		0.02629,
		0,
		-0.344383,
		-0.637602,
		-0.689104,
		0,
		-0.334606,
		0.199767,
		-0.241249,
		1,
	},
	[0] = {
		-0.029745,
		-0.565802,
		0.824005,
		0,
		-0.870992,
		0.419118,
		0.256345,
		0,
		-0.490395,
		-0.710077,
		-0.505276,
		0,
		-0.334152,
		0.256632,
		-0.233792,
		1,
	},
	[0.116666666667] = {
		-0.248149,
		-0.538243,
		0.805429,
		0,
		-0.88415,
		0.465595,
		0.03874,
		0,
		-0.395855,
		-0.702507,
		-0.591424,
		0,
		-0.288688,
		0.339453,
		-0.251312,
		1,
	},
	[0.133333333333] = {
		-0.333562,
		-0.499948,
		0.799242,
		0,
		-0.772377,
		0.631027,
		0.072375,
		0,
		-0.540527,
		-0.593175,
		-0.596635,
		0,
		-0.228602,
		0.422169,
		-0.223066,
		1,
	},
	[0.15] = {
		-0.450501,
		-0.435638,
		0.779274,
		0,
		-0.551638,
		0.822132,
		0.140693,
		0,
		-0.701958,
		-0.366495,
		-0.610686,
		0,
		-0.143283,
		0.516902,
		-0.160207,
		1,
	},
	[0.166666666667] = {
		-0.53824,
		-0.373088,
		0.755714,
		0,
		-0.230487,
		0.927657,
		0.293816,
		0,
		-0.810663,
		-0.016039,
		-0.585294,
		0,
		-0.04024,
		0.61183,
		-0.088475,
		1,
	},
	[0.183333333333] = {
		-0.599559,
		-0.354838,
		0.71737,
		0,
		0.234998,
		0.778778,
		0.581618,
		0,
		-0.765052,
		0.517295,
		-0.383537,
		0,
		0.129256,
		0.681724,
		0.003439,
		1,
	},
	[0.1] = {
		-0.250032,
		-0.577004,
		0.777528,
		0,
		-0.907975,
		0.418609,
		0.018669,
		0,
		-0.336252,
		-0.701309,
		-0.628571,
		0,
		-0.321176,
		0.263829,
		-0.248688,
		1,
	},
	[0.216666666667] = {
		-0.908507,
		-0.064152,
		0.412916,
		0,
		0.415736,
		-0.238474,
		0.877664,
		0,
		0.042165,
		0.969028,
		0.243326,
		0,
		0.368605,
		0.576164,
		0.229394,
		1,
	},
	[0.233333333333] = {
		-0.883461,
		0.077798,
		0.462001,
		0,
		0.331232,
		-0.593678,
		0.73337,
		0,
		0.331335,
		0.800933,
		0.498722,
		0,
		0.456616,
		0.453983,
		0.303754,
		1,
	},
	[0.25] = {
		-0.597985,
		0.006989,
		0.801477,
		0,
		0.56761,
		-0.702314,
		0.429621,
		0,
		0.56589,
		0.711833,
		0.416007,
		0,
		0.646272,
		0.245143,
		0.202412,
		1,
	},
	[0.266666666667] = {
		-0.408567,
		-0.048631,
		0.911432,
		0,
		0.631858,
		-0.73568,
		0.24399,
		0,
		0.658656,
		0.675582,
		0.331302,
		0,
		0.648161,
		0.229704,
		0.171443,
		1,
	},
	[0.283333333333] = {
		-0.225719,
		-0.105198,
		0.968496,
		0,
		0.65377,
		-0.753399,
		0.070534,
		0,
		0.722244,
		0.649094,
		0.238831,
		0,
		0.644756,
		0.215645,
		0.141938,
		1,
	},
	[0.2] = {
		-0.811334,
		-0.236278,
		0.534705,
		0,
		0.472835,
		0.272615,
		0.837919,
		0,
		-0.34375,
		0.93266,
		-0.109461,
		0,
		0.279929,
		0.662274,
		0.097632,
		1,
	},
	[0.316666666667] = {
		0.079778,
		-0.203683,
		0.975781,
		0,
		0.619363,
		-0.756878,
		-0.208627,
		0,
		0.781041,
		0.621007,
		0.065772,
		0,
		0.627264,
		0.190154,
		0.089471,
		1,
	},
	[0.333333333333] = {
		0.19775,
		-0.242421,
		0.949804,
		0,
		0.583333,
		-0.749597,
		-0.312773,
		0,
		0.787793,
		0.615903,
		-0.006821,
		0,
		0.61519,
		0.178089,
		0.066371,
		1,
	},
	[0.35] = {
		0.294839,
		-0.274222,
		0.915354,
		0,
		0.543681,
		-0.739622,
		-0.396698,
		0,
		0.785799,
		0.614623,
		-0.06898,
		0,
		0.601757,
		0.166204,
		0.044939,
		1,
	},
	[0.366666666667] = {
		0.374147,
		-0.299829,
		0.877563,
		0,
		0.504164,
		-0.728472,
		-0.463839,
		0,
		0.778353,
		0.615979,
		-0.121393,
		0,
		0.587326,
		0.154391,
		0.024827,
		1,
	},
	[0.383333333333] = {
		0.438776,
		-0.320108,
		0.839647,
		0,
		0.466963,
		-0.717101,
		-0.517409,
		0,
		0.767738,
		0.61911,
		-0.165168,
		0,
		0.572122,
		0.142591,
		0.005734,
		1,
	},
	[0.3] = {
		-0.061382,
		-0.157708,
		0.985576,
		0,
		0.645775,
		-0.759191,
		-0.081264,
		0,
		0.761057,
		0.631472,
		0.148445,
		0,
		0.637404,
		0.202582,
		0.114583,
		1,
	},
	[0.416666666667] = {
		0.534562,
		-0.347889,
		0.770205,
		0,
		0.403511,
		-0.695697,
		-0.594293,
		0,
		0.742578,
		0.628473,
		-0.231517,
		0,
		0.53989,
		0.11896,
		-0.030296,
		1,
	},
	[0.433333333333] = {
		0.56989,
		-0.356725,
		0.740252,
		0,
		0.377943,
		-0.686125,
		-0.621604,
		0,
		0.729647,
		0.634019,
		-0.256194,
		0,
		0.52301,
		0.107137,
		-0.047551,
		1,
	},
	[0.45] = {
		0.598948,
		-0.362888,
		0.713844,
		0,
		0.356479,
		-0.677403,
		-0.643465,
		0,
		0.717066,
		0.639873,
		-0.276367,
		0,
		0.505689,
		0.09533,
		-0.06444,
		1,
	},
	[0.466666666667] = {
		0.622907,
		-0.366776,
		0.690986,
		0,
		0.338957,
		-0.669523,
		-0.660944,
		0,
		0.70505,
		0.645921,
		-0.29273,
		0,
		0.487968,
		0.08356,
		-0.081026,
		1,
	},
	[0.483333333333] = {
		0.642685,
		-0.368705,
		0.671575,
		0,
		0.325164,
		-0.662438,
		-0.674866,
		0,
		0.693703,
		0.652098,
		-0.30585,
		0,
		0.469889,
		0.071852,
		-0.097353,
		1,
	},
	[0.4] = {
		0.49148,
		-0.335886,
		0.80351,
		0,
		0.433236,
		-0.706072,
		-0.56015,
		0,
		0.755483,
		0.623412,
		-0.201503,
		0,
		0.55628,
		0.130781,
		-0.01258,
		1,
	},
	[0.516666666667] = {
		0.672408,
		-0.367636,
		0.642426,
		0,
		0.307864,
		-0.650384,
		-0.694421,
		0,
		0.673118,
		0.664714,
		-0.324142,
		0,
		0.43283,
		0.048712,
		-0.129314,
		1,
	},
	[0.533333333333] = {
		0.683349,
		-0.364991,
		0.63231,
		0,
		0.303916,
		-0.645257,
		-0.700913,
		0,
		0.663829,
		0.671137,
		-0.330009,
		0,
		0.413942,
		0.03733,
		-0.14496,
		1,
	},
	[0.55] = {
		0.69216,
		-0.361116,
		0.624908,
		0,
		0.302835,
		-0.640618,
		-0.70562,
		0,
		0.655137,
		0.677646,
		-0.334052,
		0,
		0.394881,
		0.026103,
		-0.160377,
		1,
	},
	[0.566666666667] = {
		0.699105,
		-0.356107,
		0.620032,
		0,
		0.304435,
		-0.636382,
		-0.708757,
		0,
		0.646971,
		0.684255,
		-0.336487,
		0,
		0.3757,
		0.015056,
		-0.175551,
		1,
	},
	[0.583333333333] = {
		0.704385,
		-0.350044,
		0.617503,
		0,
		0.308547,
		-0.632464,
		-0.710484,
		0,
		0.639249,
		0.690984,
		-0.337494,
		0,
		0.356454,
		0.004211,
		-0.190467,
		1,
	},
	[0.5] = {
		0.658999,
		-0.368925,
		0.65545,
		0,
		0.314875,
		-0.656084,
		-0.685862,
		0,
		0.683062,
		0.658367,
		-0.316193,
		0,
		0.451495,
		0.060227,
		-0.113446,
		1,
	},
	[0.616666666667] = {
		0.710543,
		-0.335001,
		0.618791,
		0,
		0.323671,
		-0.625236,
		-0.710153,
		0,
		0.624793,
		0.704879,
		-0.335827,
		0,
		0.317994,
		-0.016783,
		-0.219439,
		1,
	},
	[0.633333333333] = {
		0.711633,
		-0.326124,
		0.622271,
		0,
		0.334378,
		-0.621752,
		-0.708248,
		0,
		0.617875,
		0.712087,
		-0.333411,
		0,
		0.298897,
		-0.026888,
		-0.233448,
		1,
	},
	[0.65] = {
		0.711503,
		-0.316403,
		0.627418,
		0,
		0.34698,
		-0.618239,
		-0.705255,
		0,
		0.611039,
		0.719493,
		-0.330094,
		0,
		0.279966,
		-0.036704,
		-0.247103,
		1,
	},
	[0.666666666667] = {
		0.710215,
		-0.305883,
		0.634059,
		0,
		0.361318,
		-0.614611,
		-0.701215,
		0,
		0.604189,
		0.72711,
		-0.325985,
		0,
		0.261262,
		-0.046208,
		-0.260378,
		1,
	},
	[0.683333333333] = {
		0.707825,
		-0.294611,
		0.642019,
		0,
		0.377226,
		-0.61078,
		-0.696167,
		0,
		0.59723,
		0.734951,
		-0.32119,
		0,
		0.242843,
		-0.055381,
		-0.273246,
		1,
	},
	[0.6] = {
		0.708158,
		-0.342991,
		0.617146,
		0,
		0.31501,
		-0.628777,
		-0.71092,
		0,
		0.631887,
		0.697851,
		-0.337228,
		0,
		0.337199,
		-0.006409,
		-0.205104,
		1,
	},
	[0.716666666667] = {
		0.699988,
		-0.270032,
		0.661135,
		0,
		0.413009,
		-0.602177,
		-0.683232,
		0,
		0.582615,
		0.751309,
		-0.309991,
		0,
		0.207094,
		-0.072647,
		-0.297652,
		1,
	},
	[0.733333333333] = {
		0.694692,
		-0.256854,
		0.671885,
		0,
		0.43247,
		-0.597249,
		-0.675472,
		0,
		0.574781,
		0.759815,
		-0.303822,
		0,
		0.189879,
		-0.0807,
		-0.309137,
		1,
	},
	[0.75] = {
		0.68861,
		-0.24319,
		0.683136,
		0,
		0.452665,
		-0.591813,
		-0.666972,
		0,
		0.56649,
		0.768515,
		-0.297445,
		0,
		0.173177,
		-0.088342,
		-0.320109,
		1,
	},
	[0.766666666667] = {
		0.681879,
		-0.229133,
		0.694651,
		0,
		0.473331,
		-0.585814,
		-0.65786,
		0,
		0.557673,
		0.777381,
		-0.290999,
		0,
		0.157044,
		-0.095552,
		-0.330546,
		1,
	},
	[0.783333333333] = {
		0.674671,
		-0.21479,
		0.706176,
		0,
		0.494179,
		-0.579213,
		-0.648305,
		0,
		0.548276,
		0.78637,
		-0.284634,
		0,
		0.141531,
		-0.102315,
		-0.340425,
		1,
	},
	[0.7] = {
		0.704394,
		-0.282641,
		0.651109,
		0,
		0.394522,
		-0.606662,
		-0.690155,
		0,
		0.590069,
		0.743018,
		-0.315821,
		0,
		0.224767,
		-0.064201,
		-0.28568,
		1,
	},
	[0.816666666667] = {
		0.659733,
		-0.18575,
		0.728182,
		0,
		0.535152,
		-0.564159,
		-0.628758,
		0,
		0.527603,
		0.804501,
		-0.27279,
		0,
		0.112572,
		-0.114431,
		-0.358438,
		1,
	},
	[0.833333333333] = {
		0.652578,
		-0.171334,
		0.738096,
		0,
		0.554587,
		-0.555747,
		-0.619336,
		0,
		0.516309,
		0.813504,
		-0.267649,
		0,
		0.099225,
		-0.119758,
		-0.366538,
		1,
	},
	[0.85] = {
		0.646101,
		-0.157193,
		0.746889,
		0,
		0.572829,
		-0.546824,
		-0.610615,
		0,
		0.504401,
		0.822359,
		-0.263259,
		0,
		0.086698,
		-0.12458,
		-0.374016,
		1,
	},
	[0.866666666667] = {
		0.640712,
		-0.143492,
		0.754253,
		0,
		0.589486,
		-0.537489,
		-0.603002,
		0,
		0.491929,
		0.830972,
		-0.259789,
		0,
		0.075038,
		-0.128888,
		-0.380859,
		1,
	},
	[0.883333333333] = {
		0.636863,
		-0.130403,
		0.759869,
		0,
		0.604152,
		-0.52788,
		-0.596944,
		0,
		0.478963,
		0.839248,
		-0.257404,
		0,
		0.064292,
		-0.132673,
		-0.387057,
		1,
	},
	[0.8] = {
		0.667202,
		-0.200284,
		0.717446,
		0,
		0.514897,
		-0.571993,
		-0.638518,
		0,
		0.538259,
		0.795431,
		-0.278509,
		0,
		0.12669,
		-0.108613,
		-0.349728,
		1,
	},
	[0.916666666667] = {
		0.635702,
		-0.106761,
		0.764516,
		0,
		0.625817,
		-0.508542,
		-0.591387,
		0,
		0.451926,
		0.854393,
		-0.256468,
		0,
		0.04573,
		-0.138651,
		-0.397471,
		1,
	},
	[0.933333333333] = {
		0.639349,
		-0.096563,
		0.762829,
		0,
		0.631921,
		-0.499232,
		-0.592827,
		0,
		0.438073,
		0.861071,
		-0.258164,
		0,
		0.038009,
		-0.140832,
		-0.401657,
		1,
	},
	[0.95] = {
		0.6464,
		-0.087685,
		0.757944,
		0,
		0.634242,
		-0.490468,
		-0.597644,
		0,
		0.424151,
		0.867037,
		-0.261425,
		0,
		0.03139,
		-0.142467,
		-0.405136,
		1,
	},
	[0.966666666667] = {
		0.657197,
		-0.08031,
		0.749428,
		0,
		0.632276,
		-0.482482,
		-0.606167,
		0,
		0.410267,
		0.872216,
		-0.266308,
		0,
		0.025924,
		-0.143551,
		-0.407881,
		1,
	},
	[0.983333333333] = {
		0.671965,
		-0.074622,
		0.736814,
		0,
		0.625495,
		-0.47549,
		-0.618599,
		0,
		0.396509,
		0.87655,
		-0.272837,
		0,
		0.021663,
		-0.144076,
		-0.409853,
		1,
	},
	[0.9] = {
		0.63503,
		-0.118101,
		0.763406,
		0,
		0.616408,
		-0.518165,
		-0.592913,
		0,
		0.465594,
		0.847088,
		-0.256252,
		0,
		0.054507,
		-0.135929,
		-0.392599,
		1,
	},
	{
		0.69076,
		-0.070808,
		0.719609,
		0,
		0.613355,
		-0.469675,
		-0.634981,
		0,
		0.382944,
		0.879995,
		-0.281002,
		0,
		0.01866,
		-0.144029,
		-0.411008,
		1,
	},
}

return spline_matrices
