-- chunkname: @content/characters/player/human/first_person/animations/sabre/heavy_attack_stab_01.lua

local spline_matrices = {
	[0.00833333333333] = {
		-0.532406,
		-0.179508,
		0.827237,
		0,
		0.83922,
		0.015862,
		0.54356,
		0,
		-0.110695,
		0.983629,
		0.142202,
		0,
		0.457369,
		-0.252981,
		-0.208886,
		1,
	},
	[0.0166666666667] = {
		-0.464773,
		-0.171545,
		0.868653,
		0,
		0.879502,
		0.02389,
		0.475296,
		0,
		-0.102286,
		0.984887,
		0.13977,
		0,
		0.440126,
		-0.275568,
		-0.203925,
		1,
	},
	[0.025] = {
		-0.393584,
		-0.163556,
		0.904622,
		0,
		0.914446,
		0.031219,
		0.403503,
		0,
		-0.094236,
		0.98604,
		0.137276,
		0,
		0.414464,
		-0.3076,
		-0.19415,
		1,
	},
	[0.0333333333333] = {
		-0.319414,
		-0.15462,
		0.934916,
		0,
		0.943678,
		0.037939,
		0.328682,
		0,
		-0.08629,
		0.987245,
		0.133794,
		0,
		0.383176,
		-0.344391,
		-0.180872,
		1,
	},
	[0.0416666666667] = {
		-0.242928,
		-0.14381,
		0.959325,
		0,
		0.966875,
		0.043982,
		0.251433,
		0,
		-0.078352,
		0.988628,
		0.128361,
		0,
		0.349054,
		-0.381264,
		-0.165401,
		1,
	},
	[0.0583333333333] = {
		-0.086101,
		-0.112939,
		0.989864,
		0,
		0.994299,
		0.052991,
		0.092533,
		0,
		-0.062905,
		0.992188,
		0.107732,
		0,
		0.283436,
		-0.436599,
		-0.133118,
		1,
	},
	[0.05] = {
		-0.16488,
		-0.130209,
		0.977681,
		0,
		0.983792,
		0.049125,
		0.172453,
		0,
		-0.070483,
		0.990269,
		0.119999,
		0,
		0.31488,
		-0.413553,
		-0.149048,
		1,
	},
	[0.0666666666667] = {
		-0.007488,
		-0.091182,
		0.995806,
		0,
		0.998403,
		0.055073,
		0.01255,
		0,
		-0.055986,
		0.99431,
		0.090624,
		0,
		0.257499,
		-0.445755,
		-0.118914,
		1,
	},
	[0.075] = {
		0.058348,
		-0.05436,
		0.996815,
		0,
		0.997217,
		0.049589,
		-0.055667,
		0,
		-0.046405,
		0.997289,
		0.057102,
		0,
		0.248387,
		-0.369316,
		-0.09395,
		1,
	},
	[0.0833333333333] = {
		0.14925,
		-0.021152,
		0.988573,
		0,
		0.987731,
		0.049654,
		-0.14806,
		0,
		-0.045955,
		0.998542,
		0.028303,
		0,
		0.239763,
		-0.197877,
		-0.078876,
		1,
	},
	[0.0916666666667] = {
		0.312085,
		-0.00871,
		0.950014,
		0,
		0.947785,
		0.071927,
		-0.310693,
		0,
		-0.065625,
		0.997372,
		0.030702,
		0,
		0.209809,
		0.047059,
		-0.088826,
		1,
	},
	[0] = {
		-0.595988,
		-0.188345,
		0.780592,
		0,
		0.793996,
		0.006888,
		0.607884,
		0,
		-0.119868,
		0.982079,
		0.14544,
		0,
		0.463388,
		-0.244535,
		-0.20772,
		1,
	},
	[0.108333333333] = {
		0.671962,
		0.01284,
		0.740474,
		0,
		0.73199,
		0.140372,
		-0.666698,
		0,
		-0.112502,
		0.990016,
		0.084926,
		0,
		0.135205,
		0.584505,
		-0.110197,
		1,
	},
	[0.116666666667] = {
		0.775099,
		0.026956,
		0.631265,
		0,
		0.619881,
		0.161021,
		-0.767997,
		0,
		-0.122349,
		0.986583,
		0.108098,
		0,
		0.116442,
		0.687115,
		-0.11424,
		1,
	},
	[0.125] = {
		0.831901,
		0.039283,
		0.553532,
		0,
		0.540422,
		0.169202,
		-0.824205,
		0,
		-0.126037,
		0.984798,
		0.11953,
		0,
		0.110825,
		0.687047,
		-0.115104,
		1,
	},
	[0.133333333333] = {
		0.871875,
		0.049871,
		0.487183,
		0,
		0.472828,
		0.173362,
		-0.863932,
		0,
		-0.127544,
		0.983595,
		0.12757,
		0,
		0.106512,
		0.686892,
		-0.115681,
		1,
	},
	[0.141666666667] = {
		0.899751,
		0.058553,
		0.432458,
		0,
		0.417305,
		0.174511,
		-0.891853,
		0,
		-0.127689,
		0.982913,
		0.132582,
		0,
		0.103272,
		0.686696,
		-0.11616,
		1,
	},
	[0.158333333333] = {
		0.93233,
		0.070586,
		0.354652,
		0,
		0.338987,
		0.170832,
		-0.925151,
		0,
		-0.125888,
		0.982769,
		0.135344,
		0,
		0.099206,
		0.686257,
		-0.11716,
		1,
	},
	[0.15] = {
		0.919055,
		0.065396,
		0.388667,
		0,
		0.373101,
		0.173454,
		-0.911433,
		0,
		-0.12702,
		0.982668,
		0.135015,
		0,
		0.100896,
		0.686485,
		-0.11664,
		1,
	},
	[0.166666666667] = {
		0.941384,
		0.074371,
		0.329036,
		0,
		0.313512,
		0.167163,
		-0.934755,
		0,
		-0.124521,
		0.98312,
		0.134048,
		0,
		0.098046,
		0.686037,
		-0.117719,
		1,
	},
	[0.175] = {
		0.9475,
		0.077026,
		0.31034,
		0,
		0.295124,
		0.162887,
		-0.941472,
		0,
		-0.123068,
		0.983633,
		0.131603,
		0,
		0.097282,
		0.685831,
		-0.118291,
		1,
	},
	[0.183333333333] = {
		0.951608,
		0.078829,
		0.297034,
		0,
		0.282218,
		0.158404,
		-0.946182,
		0,
		-0.121638,
		0.984223,
		0.128492,
		0,
		0.096794,
		0.68564,
		-0.118834,
		1,
	},
	[0.191666666667] = {
		0.954415,
		0.080056,
		0.287547,
		0,
		0.273155,
		0.154095,
		-0.949548,
		0,
		-0.120327,
		0.984807,
		0.125203,
		0,
		0.096468,
		0.685464,
		-0.119293,
		1,
	},
	[0.1] = {
		0.505575,
		0.000426,
		0.862782,
		0,
		0.857857,
		0.106457,
		-0.502741,
		0,
		-0.092063,
		0.994317,
		0.053457,
		0,
		0.170667,
		0.339555,
		-0.10093,
		1,
	},
	[0.208333333333] = {
		0.958362,
		0.081842,
		0.273575,
		0,
		0.259824,
		0.147518,
		-0.954322,
		0,
		-0.118461,
		0.985667,
		0.120111,
		0,
		0.095865,
		0.685166,
		-0.119712,
		1,
	},
	[0.216666666667] = {
		0.960458,
		0.082909,
		0.265794,
		0,
		0.252126,
		0.146015,
		-0.956615,
		0,
		-0.118122,
		0.985802,
		0.119337,
		0,
		0.095368,
		0.685048,
		-0.119536,
		1,
	},
	[0.225] = {
		0.962463,
		0.083862,
		0.258131,
		0,
		0.244486,
		0.145118,
		-0.958732,
		0,
		-0.117861,
		0.985854,
		0.119167,
		0,
		0.094821,
		0.684948,
		-0.119199,
		1,
	},
	[0.233333333333] = {
		0.96383,
		0.084248,
		0.252853,
		0,
		0.239325,
		0.143908,
		-0.960215,
		0,
		-0.117284,
		0.985998,
		0.11854,
		0,
		0.094405,
		0.68486,
		-0.11887,
		1,
	},
	[0.241666666667] = {
		0.964612,
		0.084112,
		0.249898,
		0,
		0.236571,
		0.142448,
		-0.961115,
		0,
		-0.116439,
		0.986222,
		0.117509,
		0,
		0.094112,
		0.684783,
		-0.118553,
		1,
	},
	[0.258333333333] = {
		0.964549,
		0.082467,
		0.250689,
		0,
		0.237954,
		0.139,
		-0.961279,
		0,
		-0.11412,
		0.986853,
		0.114449,
		0,
		0.093881,
		0.684663,
		-0.117962,
		1,
	},
	[0.25] = {
		0.964845,
		0.083503,
		0.2492,
		0,
		0.236142,
		0.140795,
		-0.961465,
		0,
		-0.115371,
		0.986511,
		0.116127,
		0,
		0.093939,
		0.684718,
		-0.11825,
		1,
	},
	[0.266666666667] = {
		0.963725,
		0.081056,
		0.25429,
		0,
		0.241922,
		0.137115,
		-0.960559,
		0,
		-0.112726,
		0.987233,
		0.112532,
		0,
		0.093933,
		0.684618,
		-0.117689,
		1,
	},
	[0.275] = {
		0.962365,
		0.079318,
		0.259927,
		0,
		0.247955,
		0.135188,
		-0.959293,
		0,
		-0.111228,
		0.98764,
		0.110433,
		0,
		0.094092,
		0.684581,
		-0.11743,
		1,
	},
	[0.283333333333] = {
		0.960446,
		0.0773,
		0.267521,
		0,
		0.255963,
		0.133264,
		-0.957457,
		0,
		-0.109663,
		0.988061,
		0.108207,
		0,
		0.094355,
		0.684553,
		-0.117186,
		1,
	},
	[0.291666666667] = {
		0.957937,
		0.075051,
		0.27699,
		0,
		0.265852,
		0.13139,
		-0.955018,
		0,
		-0.108069,
		0.988486,
		0.105911,
		0,
		0.094718,
		0.684533,
		-0.116954,
		1,
	},
	[0.2] = {
		0.956499,
		0.080975,
		0.280274,
		0,
		0.266259,
		0.150339,
		-0.952105,
		0,
		-0.119232,
		0.985313,
		0.122239,
		0,
		0.096195,
		0.685305,
		-0.119608,
		1,
	},
	[0.308333333333] = {
		0.95098,
		0.070037,
		0.301217,
		0,
		0.290898,
		0.12797,
		-0.948157,
		0,
		-0.104953,
		0.989302,
		0.101324,
		0,
		0.095735,
		0.684515,
		-0.116519,
		1,
	},
	[0.316666666667] = {
		0.946433,
		0.067355,
		0.315797,
		0,
		0.305859,
		0.126517,
		-0.943633,
		0,
		-0.103512,
		0.989675,
		0.099138,
		0,
		0.096383,
		0.684516,
		-0.116312,
		1,
	},
	[0.325] = {
		0.941099,
		0.064609,
		0.331901,
		0,
		0.322313,
		0.125297,
		-0.938304,
		0,
		-0.102209,
		0.990013,
		0.097092,
		0,
		0.09712,
		0.684525,
		-0.116108,
		1,
	},
	[0.333333333333] = {
		0.934919,
		0.061833,
		0.349432,
		0,
		0.340157,
		0.124359,
		-0.93211,
		0,
		-0.10109,
		0.990309,
		0.095232,
		0,
		0.097949,
		0.684464,
		-0.11591,
		1,
	},
	[0.341666666667] = {
		0.927832,
		0.059059,
		0.368292,
		0,
		0.359285,
		0.123753,
		-0.924986,
		0,
		-0.100206,
		0.990554,
		0.093603,
		0,
		0.098871,
		0.684263,
		-0.115719,
		1,
	},
	[0.358333333333] = {
		0.910692,
		0.053619,
		0.409592,
		0,
		0.40096,
		0.12375,
		-0.907699,
		0,
		-0.099356,
		0.990864,
		0.091199,
		0,
		0.100957,
		0.683753,
		-0.115331,
		1,
	},
	[0.35] = {
		0.919777,
		0.056313,
		0.38838,
		0,
		0.37959,
		0.123532,
		-0.91687,
		0,
		-0.099609,
		0.990742,
		0.092246,
		0,
		0.099874,
		0.684032,
		-0.115526,
		1,
	},
	[0.366666666667] = {
		0.900518,
		0.050995,
		0.431818,
		0,
		0.42328,
		0.124462,
		-0.897409,
		0,
		-0.099508,
		0.990913,
		0.090495,
		0,
		0.102115,
		0.683419,
		-0.115132,
		1,
	},
	[0.375] = {
		0.889198,
		0.048456,
		0.45495,
		0,
		0.446432,
		0.125728,
		-0.885941,
		0,
		-0.100129,
		0.990881,
		0.090165,
		0,
		0.103343,
		0.683024,
		-0.114928,
		1,
	},
	[0.383333333333] = {
		0.876677,
		0.046009,
		0.478874,
		0,
		0.470296,
		0.127607,
		-0.873234,
		0,
		-0.101284,
		0.990757,
		0.090232,
		0,
		0.104626,
		0.682448,
		-0.11471,
		1,
	},
	[0.391666666667] = {
		0.862907,
		0.043659,
		0.503474,
		0,
		0.494746,
		0.130161,
		-0.859235,
		0,
		-0.103046,
		0.990531,
		0.090717,
		0,
		0.105945,
		0.681586,
		-0.114466,
		1,
	},
	[0.3] = {
		0.954797,
		0.072616,
		0.288251,
		0,
		0.27753,
		0.12961,
		-0.951934,
		0,
		-0.106486,
		0.988903,
		0.103598,
		0,
		0.095179,
		0.68452,
		-0.116732,
		1,
	},
	[0.408333333333] = {
		0.83144,
		0.039231,
		0.554228,
		0,
		0.544881,
		0.137553,
		-0.827154,
		0,
		-0.108686,
		0.989717,
		0.09299,
		0,
		0.10866,
		0.679102,
		-0.113912,
		1,
	},
	[0.416666666667] = {
		0.813668,
		0.037131,
		0.580143,
		0,
		0.570297,
		0.142521,
		-0.80898,
		0,
		-0.112721,
		0.989095,
		0.094789,
		0,
		0.110037,
		0.677534,
		-0.113604,
		1,
	},
	[0.425] = {
		0.794498,
		0.03508,
		0.606253,
		0,
		0.595756,
		0.148428,
		-0.789331,
		0,
		-0.117675,
		0.988301,
		0.097027,
		0,
		0.111415,
		0.675787,
		-0.113277,
		1,
	},
	[0.433333333333] = {
		0.773908,
		0.033051,
		0.632435,
		0,
		0.621113,
		0.155341,
		-0.768172,
		0,
		-0.123632,
		0.987308,
		0.099691,
		0,
		0.112782,
		0.673889,
		-0.112936,
		1,
	},
	[0.441666666667] = {
		0.742818,
		0.030187,
		0.668813,
		0,
		0.656058,
		0.166307,
		-0.736159,
		0,
		-0.13345,
		0.985612,
		0.103731,
		0,
		0.120011,
		0.659408,
		-0.112356,
		1,
	},
	[0.458333333333] = {
		0.641958,
		0.019472,
		0.766493,
		0,
		0.748574,
		0.200404,
		-0.632041,
		0,
		-0.165915,
		0.97952,
		0.114075,
		0,
		0.158303,
		0.579852,
		-0.11149,
		1,
	},
	[0.45] = {
		0.696261,
		0.025571,
		0.717333,
		0,
		0.702284,
		0.182322,
		-0.688153,
		0,
		-0.148383,
		0.982906,
		0.108986,
		0,
		0.136454,
		0.625302,
		-0.111672,
		1,
	},
	[0.466666666667] = {
		0.590228,
		0.01295,
		0.807133,
		0,
		0.786158,
		0.217779,
		-0.578384,
		0,
		-0.183266,
		0.975912,
		0.118359,
		0,
		0.181789,
		0.53124,
		-0.112564,
		1,
	},
	[0.475] = {
		0.553312,
		0.007863,
		0.832937,
		0,
		0.80921,
		0.232074,
		-0.539741,
		0,
		-0.197547,
		0.972666,
		0.122047,
		0,
		0.203204,
		0.487667,
		-0.11577,
		1,
	},
	[0.483333333333] = {
		0.543892,
		0.006526,
		0.83913,
		0,
		0.81351,
		0.241224,
		-0.529162,
		0,
		-0.205871,
		0.970448,
		0.125891,
		0,
		0.218892,
		0.45734,
		-0.122022,
		1,
	},
	[0.491666666667] = {
		0.575995,
		0.012089,
		0.817364,
		0,
		0.790858,
		0.244732,
		-0.560936,
		0,
		-0.206816,
		0.969515,
		0.131404,
		0,
		0.227767,
		0.440891,
		-0.133171,
		1,
	},
	[0.4] = {
		0.847841,
		0.041403,
		0.528632,
		0,
		0.519652,
		0.133455,
		-0.843891,
		0,
		-0.105488,
		0.99019,
		0.091633,
		0,
		0.107292,
		0.680462,
		-0.1142,
		1,
	},
	[0.508333333333] = {
		0.715947,
		0.037785,
		0.697132,
		0,
		0.670982,
		0.23863,
		-0.702025,
		0,
		-0.192882,
		0.970375,
		0.145493,
		0,
		0.235245,
		0.428008,
		-0.16596,
		1,
	},
	[0.516666666667] = {
		0.782227,
		0.050201,
		0.620968,
		0,
		0.595785,
		0.231071,
		-0.769186,
		0,
		-0.182101,
		0.971641,
		0.150841,
		0,
		0.238077,
		0.426898,
		-0.18265,
		1,
	},
	[0.525] = {
		0.827111,
		0.057942,
		0.559044,
		0,
		0.534973,
		0.223791,
		-0.814691,
		0,
		-0.172313,
		0.972913,
		0.154102,
		0,
		0.243171,
		0.426265,
		-0.196876,
		1,
	},
	[0.533333333333] = {
		0.843496,
		0.058709,
		0.533918,
		0,
		0.510748,
		0.22006,
		-0.83109,
		0,
		-0.166286,
		0.973718,
		0.155634,
		0,
		0.252574,
		0.423794,
		-0.207002,
		1,
	},
	[0.541666666667] = {
		0.833171,
		0.052857,
		0.550483,
		0,
		0.528134,
		0.219168,
		-0.82039,
		0,
		-0.164012,
		0.974254,
		0.154689,
		0,
		0.267141,
		0.419288,
		-0.213518,
		1,
	},
	[0.558333333333] = {
		0.754841,
		0.029128,
		0.65526,
		0,
		0.635193,
		0.21662,
		-0.741354,
		0,
		-0.163537,
		0.975821,
		0.145012,
		0,
		0.307118,
		0.409028,
		-0.220796,
		1,
	},
	[0.55] = {
		0.80343,
		0.042714,
		0.593866,
		0,
		0.572561,
		0.218175,
		-0.7903,
		0,
		-0.163324,
		0.974974,
		0.150832,
		0,
		0.285675,
		0.41428,
		-0.218101,
		1,
	},
	[0.566666666667] = {
		0.688539,
		0.013025,
		0.725082,
		0,
		0.70641,
		0.214074,
		-0.674653,
		0,
		-0.164009,
		0.976731,
		0.138197,
		0,
		0.330353,
		0.403786,
		-0.221641,
		1,
	},
	[0.575] = {
		0.607879,
		-0.004589,
		0.794016,
		0,
		0.776842,
		0.21037,
		-0.593516,
		0,
		-0.164313,
		0.977611,
		0.131444,
		0,
		0.354181,
		0.398817,
		-0.220774,
		1,
	},
	[0.583333333333] = {
		0.519046,
		-0.02274,
		0.854444,
		0,
		0.838797,
		0.205763,
		-0.504064,
		0,
		-0.164351,
		0.978338,
		0.125875,
		0,
		0.377346,
		0.394399,
		-0.218505,
		1,
	},
	[0.591666666667] = {
		0.430491,
		-0.040644,
		0.901679,
		0,
		0.887505,
		0.20097,
		-0.414664,
		0,
		-0.164357,
		0.978754,
		0.122588,
		0,
		0.398614,
		0.390836,
		-0.215345,
		1,
	},
	[0.5] = {
		0.640822,
		0.023803,
		0.767321,
		0,
		0.740664,
		0.243703,
		-0.62612,
		0,
		-0.201901,
		0.969558,
		0.13854,
		0,
		0.232528,
		0.431899,
		-0.148696,
		1,
	},
	[0.608333333333] = {
		0.291813,
		-0.074085,
		0.953602,
		0,
		0.941919,
		0.195535,
		-0.273047,
		0,
		-0.166234,
		0.977894,
		0.126842,
		0,
		0.430971,
		0.387605,
		-0.209142,
		1,
	},
	[0.616666666667] = {
		0.259447,
		-0.089391,
		0.961611,
		0,
		0.950855,
		0.197888,
		-0.238149,
		0,
		-0.169003,
		0.97614,
		0.13634,
		0,
		0.440067,
		0.388644,
		-0.207616,
		1,
	},
	[0.625] = {
		0.247208,
		-0.104562,
		0.963304,
		0,
		0.953393,
		0.203751,
		-0.222548,
		0,
		-0.173004,
		0.973423,
		0.150057,
		0,
		0.445581,
		0.391152,
		-0.207,
		1,
	},
	[0.633333333333] = {
		0.242187,
		-0.12047,
		0.962721,
		0,
		0.953768,
		0.211571,
		-0.21346,
		0,
		-0.177968,
		0.96991,
		0.16614,
		0,
		0.449655,
		0.39444,
		-0.206431,
		1,
	},
	[0.641666666667] = {
		0.244124,
		-0.137053,
		0.96001,
		0,
		0.952185,
		0.221409,
		-0.210525,
		0,
		-0.183702,
		0.965502,
		0.184551,
		0,
		0.45237,
		0.398462,
		-0.205898,
		1,
	},
	[0.658333333333] = {
		0.267839,
		-0.171769,
		0.948028,
		0,
		0.943211,
		0.24744,
		-0.221645,
		0,
		-0.196509,
		0.953556,
		0.228288,
		0,
		0.454017,
		0.408517,
		-0.204874,
		1,
	},
	[0.65] = {
		0.252761,
		-0.154204,
		0.955161,
		0,
		0.948695,
		0.233339,
		-0.213379,
		0,
		-0.189973,
		0.960091,
		0.205271,
		0,
		0.453799,
		0.403171,
		-0.205387,
		1,
	},
	[0.666666666667] = {
		0.289083,
		-0.189547,
		0.938351,
		0,
		0.935534,
		0.26379,
		-0.234929,
		0,
		-0.202997,
		0.945773,
		0.253585,
		0,
		0.453094,
		0.414447,
		-0.204333,
		1,
	},
	[0.675] = {
		0.316183,
		-0.207286,
		0.925776,
		0,
		0.925371,
		0.282453,
		-0.252802,
		0,
		-0.209086,
		0.936618,
		0.281124,
		0,
		0.451103,
		0.420906,
		-0.203734,
		1,
	},
	[0.683333333333] = {
		0.348771,
		-0.224683,
		0.909877,
		0,
		0.912358,
		0.303474,
		-0.274783,
		0,
		-0.214385,
		0.92597,
		0.310835,
		0,
		0.448116,
		0.427838,
		-0.203045,
		1,
	},
	[0.691666666667] = {
		0.386404,
		-0.241383,
		0.890183,
		0,
		0.896081,
		0.326862,
		-0.300332,
		0,
		-0.218472,
		0.913726,
		0.342599,
		0,
		0.44421,
		0.435183,
		-0.202232,
		1,
	},
	[0.6] = {
		0.351665,
		-0.057821,
		0.934339,
		0,
		0.921504,
		0.197098,
		-0.334637,
		0,
		-0.164808,
		0.978677,
		0.122595,
		0,
		0.416835,
		0.388456,
		-0.21197,
		1,
	},
	[0.708333333333] = {
		0.474488,
		-0.271052,
		0.837491,
		0,
		0.852011,
		0.380516,
		-0.359561,
		0,
		-0.221219,
		0.884159,
		0.41149,
		0,
		0.433971,
		0.450869,
		-0.200109,
		1,
	},
	[0.716666666667] = {
		0.523474,
		-0.283129,
		0.803625,
		0,
		0.823422,
		0.410504,
		-0.391743,
		0,
		-0.218978,
		0.86679,
		0.448023,
		0,
		0.427817,
		0.459084,
		-0.198744,
		1,
	},
	[0.725] = {
		0.574558,
		-0.292757,
		0.764314,
		0,
		0.790055,
		0.442281,
		-0.424501,
		0,
		-0.213766,
		0.84775,
		0.48541,
		0,
		0.421103,
		0.467463,
		-0.19715,
		1,
	},
	[0.733333333333] = {
		0.626692,
		-0.299506,
		0.719412,
		0,
		0.751755,
		0.4755,
		-0.456907,
		0,
		-0.205234,
		0.827161,
		0.523148,
		0,
		0.413932,
		0.475946,
		-0.195316,
		1,
	},
	[0.741666666667] = {
		0.678736,
		-0.303003,
		0.668959,
		0,
		0.708534,
		0.509733,
		-0.488008,
		0,
		-0.193122,
		0.805209,
		0.560662,
		0,
		0.406411,
		0.484476,
		-0.193245,
		1,
	},
	[0.758333333333] = {
		0.777835,
		-0.299218,
		0.552667,
		0,
		0.608352,
		0.579191,
		-0.542628,
		0,
		-0.157736,
		0.758291,
		0.632545,
		0,
		0.390753,
		0.501475,
		-0.188451,
		1,
	},
	[0.75] = {
		0.729508,
		-0.302963,
		0.613214,
		0,
		0.660596,
		0.54448,
		-0.51687,
		0,
		-0.17729,
		0.782148,
		0.597338,
		0,
		0.398649,
		0.493001,
		-0.190948,
		1,
	},
	[0.766666666667] = {
		0.822629,
		-0.291737,
		0.488028,
		0,
		0.552415,
		0.613298,
		-0.564538,
		0,
		-0.13461,
		0.733999,
		0.665676,
		0,
		0.382823,
		0.509861,
		-0.18579,
		1,
	},
	[0.775] = {
		0.862942,
		-0.280642,
		0.420203,
		0,
		0.49358,
		0.64624,
		-0.582025,
		0,
		-0.10821,
		0.709658,
		0.696187,
		0,
		0.374952,
		0.518127,
		-0.183009,
		1,
	},
	[0.783333333333] = {
		0.898035,
		-0.266202,
		0.350242,
		0,
		0.432777,
		0.677505,
		-0.59472,
		0,
		-0.078975,
		0.685656,
		0.723629,
		0,
		0.367222,
		0.52625,
		-0.180162,
		1,
	},
	[0.791666666667] = {
		0.92741,
		-0.248819,
		0.279285,
		0,
		0.371024,
		0.706656,
		-0.602477,
		0,
		-0.047451,
		0.662364,
		0.747678,
		0,
		0.359701,
		0.534215,
		-0.177305,
		1,
	},
	[0.7] = {
		0.428532,
		-0.256985,
		0.86621,
		0,
		0.876107,
		0.352577,
		-0.328826,
		0,
		-0.220902,
		0.899805,
		0.376236,
		0,
		0.439466,
		0.442881,
		-0.201263,
		1,
	},
	[0.808333333333] = {
		0.968349,
		-0.20735,
		0.138947,
		0,
		0.248802,
		0.757389,
		-0.603704,
		0,
		0.019941,
		0.619167,
		0.785006,
		0,
		0.345488,
		0.549628,
		-0.17178,
		1,
	},
	[0.816666666667] = {
		0.980219,
		-0.18448,
		0.071678,
		0,
		0.190266,
		0.778644,
		-0.597924,
		0,
		0.054493,
		0.599734,
		0.798342,
		0,
		0.338866,
		0.55706,
		-0.16921,
		1,
	},
	[0.825] = {
		0.986921,
		-0.16103,
		0.007536,
		0,
		0.134557,
		0.797127,
		-0.588628,
		0,
		0.088779,
		0.581944,
		0.808369,
		0,
		0.332595,
		0.564302,
		-0.166823,
		1,
	},
	[0.833333333333] = {
		0.989079,
		-0.137607,
		-0.052783,
		0,
		0.082337,
		0.81294,
		-0.576497,
		0,
		0.12224,
		0.565855,
		0.815393,
		0,
		0.326689,
		0.571343,
		-0.164648,
		1,
	},
	[0.841666666667] = {
		0.98742,
		-0.114777,
		-0.108756,
		0,
		0.034117,
		0.826263,
		-0.56225,
		0,
		0.154395,
		0.551467,
		0.819785,
		0,
		0.321155,
		0.578172,
		-0.162704,
		1,
	},
	[0.858333333333] = {
		0.975761,
		-0.07284,
		-0.206361,
		0,
		-0.048965,
		0.846405,
		-0.530284,
		0,
		0.21329,
		0.527535,
		0.822322,
		0,
		0.31123,
		0.591129,
		-0.159551,
		1,
	},
	[0.85] = {
		0.982719,
		-0.093042,
		-0.160022,
		0,
		-0.009732,
		0.837328,
		-0.546613,
		0,
		0.184849,
		0.538725,
		0.821953,
		0,
		0.315999,
		0.584774,
		-0.161004,
		1,
	},
	[0.866666666667] = {
		0.967309,
		-0.054546,
		-0.247667,
		0,
		-0.083437,
		0.853775,
		-0.513913,
		0,
		0.239484,
		0.517777,
		0.821313,
		0,
		0.306855,
		0.597214,
		-0.158345,
		1,
	},
	[0.875] = {
		0.958075,
		-0.038478,
		-0.283922,
		0,
		-0.113079,
		0.859721,
		-0.498089,
		0,
		0.263259,
		0.509312,
		0.819326,
		0,
		0.302887,
		0.603004,
		-0.15738,
		1,
	},
	[0.883333333333] = {
		0.948711,
		-0.024905,
		-0.315162,
		0,
		-0.13787,
		0.86451,
		-0.483337,
		0,
		0.284498,
		0.501999,
		0.816736,
		0,
		0.299344,
		0.60847,
		-0.156647,
		1,
	},
	[0.891666666667] = {
		0.939796,
		-0.014061,
		-0.341447,
		0,
		-0.15781,
		0.868382,
		-0.470116,
		0,
		0.303117,
		0.495696,
		0.813883,
		0,
		0.296244,
		0.61358,
		-0.156136,
		1,
	},
	[0.8] = {
		0.950837,
		-0.229005,
		0.208484,
		0,
		0.309363,
		0.733359,
		-0.605376,
		0,
		-0.014259,
		0.640111,
		0.76815,
		0,
		0.352442,
		0.54201,
		-0.174493,
		1,
	},
	[0.908333333333] = {
		0.924705,
		-0.001127,
		-0.380682,
		0,
		-0.183937,
		0.874197,
		-0.449385,
		0,
		0.333298,
		0.48557,
		0.808167,
		0,
		0.290758,
		0.622744,
		-0.155712,
		1,
	},
	[0.916666666667] = {
		0.91806,
		0.001383,
		-0.39644,
		0,
		-0.191983,
		0.876467,
		-0.44153,
		0,
		0.346856,
		0.48146,
		0.804914,
		0,
		0.286997,
		0.627041,
		-0.155713,
		1,
	},
	[0.925] = {
		0.911952,
		0.001572,
		-0.410294,
		0,
		-0.197333,
		0.878421,
		-0.435242,
		0,
		0.359726,
		0.477885,
		0.801388,
		0,
		0.282389,
		0.631194,
		-0.155832,
		1,
	},
	[0.933333333333] = {
		0.90641,
		-0.000364,
		-0.422398,
		0,
		-0.200263,
		0.880096,
		-0.430495,
		0,
		0.371908,
		0.474795,
		0.797655,
		0,
		0.276994,
		0.635203,
		-0.156057,
		1,
	},
	[0.941666666667] = {
		0.901439,
		-0.004235,
		-0.432885,
		0,
		-0.201027,
		0.881506,
		-0.427242,
		0,
		0.3834,
		0.472154,
		0.793773,
		0,
		0.270872,
		0.639071,
		-0.15638,
		1,
	},
	[0.958333333333] = {
		0.893154,
		-0.017051,
		-0.449428,
		0,
		-0.196985,
		0.883504,
		-0.424992,
		0,
		0.404318,
		0.468114,
		0.785746,
		0,
		0.256701,
		0.646391,
		-0.157284,
		1,
	},
	[0.95] = {
		0.897028,
		-0.009858,
		-0.441864,
		0,
		-0.199861,
		0.882647,
		-0.425429,
		0,
		0.394203,
		0.469933,
		0.789789,
		0,
		0.264087,
		0.6428,
		-0.156791,
		1,
	},
	[0.966666666667] = {
		0.889787,
		-0.025637,
		-0.455655,
		0,
		-0.192607,
		0.884052,
		-0.425857,
		0,
		0.413741,
		0.466684,
		0.78168,
		0,
		0.248779,
		0.649845,
		-0.157851,
		1,
	},
	[0.975] = {
		0.886893,
		-0.035438,
		-0.460613,
		0,
		-0.186924,
		0.884263,
		-0.427947,
		0,
		0.422469,
		0.465643,
		0.777622,
		0,
		0.240386,
		0.653166,
		-0.158485,
		1,
	},
	[0.983333333333] = {
		0.884437,
		-0.046278,
		-0.46436,
		0,
		-0.180125,
		0.884103,
		-0.43118,
		0,
		0.430496,
		0.464994,
		0.773598,
		0,
		0.231586,
		0.656356,
		-0.159181,
		1,
	},
	[0.991666666667] = {
		0.882383,
		-0.057977,
		-0.466947,
		0,
		-0.172393,
		0.883542,
		-0.435469,
		0,
		0.437814,
		0.464749,
		0.769628,
		0,
		0.222445,
		0.659417,
		-0.159931,
		1,
	},
	[0.9] = {
		0.931832,
		-0.00616,
		-0.362837,
		0,
		-0.172893,
		0.871547,
		-0.458818,
		0,
		0.319056,
		0.490273,
		0.811071,
		0,
		0.293614,
		0.618301,
		-0.155838,
		1,
	},
	[1.00833333333] = {
		0.879358,
		-0.083228,
		-0.468832,
		0,
		-0.154847,
		0.881104,
		-0.446853,
		0,
		0.45028,
		0.465541,
		0.761918,
		0,
		0.203397,
		0.66517,
		-0.161578,
		1,
	},
	[1.01666666667] = {
		0.878336,
		-0.096412,
		-0.46822,
		0,
		-0.145386,
		0.879183,
		-0.453762,
		0,
		0.455399,
		0.466629,
		0.758201,
		0,
		0.193619,
		0.66787,
		-0.162463,
		1,
	},
	[1.025] = {
		0.877618,
		-0.109715,
		-0.466636,
		0,
		-0.135697,
		0.876776,
		-0.461357,
		0,
		0.459753,
		0.468216,
		0.754587,
		0,
		0.183758,
		0.67046,
		-0.163383,
		1,
	},
	[1.03333333333] = {
		0.877194,
		-0.122944,
		-0.464128,
		0,
		-0.125957,
		0.87388,
		-0.469541,
		0,
		0.46332,
		0.470339,
		0.751077,
		0,
		0.173877,
		0.672944,
		-0.164333,
		1,
	},
	[1.04166666667] = {
		0.877062,
		-0.135903,
		-0.460752,
		0,
		-0.11634,
		0.8705,
		-0.47822,
		0,
		0.466077,
		0.473032,
		0.747672,
		0,
		0.164039,
		0.675329,
		-0.165309,
		1,
	},
	[1.05833333333] = {
		0.877698,
		-0.160207,
		-0.45164,
		0,
		-0.098177,
		0.862357,
		-0.496691,
		0,
		0.469049,
		0.480285,
		0.741161,
		0,
		0.144741,
		0.679826,
		-0.16732,
		1,
	},
	[1.05] = {
		0.877226,
		-0.148392,
		-0.456568,
		0,
		-0.107021,
		0.866651,
		-0.4873,
		0,
		0.467997,
		0.476335,
		0.744368,
		0,
		0.154306,
		0.677621,
		-0.166306,
		1,
	},
	[1.06666666667] = {
		0.878496,
		-0.171144,
		-0.446043,
		0,
		-0.089985,
		0.857649,
		-0.506302,
		0,
		0.469198,
		0.484921,
		0.738041,
		0,
		0.135406,
		0.681952,
		-0.168346,
		1,
	},
	[1.075] = {
		0.879642,
		-0.180992,
		-0.439854,
		0,
		-0.082622,
		0.852566,
		-0.516048,
		0,
		0.468405,
		0.490279,
		0.734998,
		0,
		0.12636,
		0.684005,
		-0.169379,
		1,
	},
	[1.08333333333] = {
		0.88116,
		-0.189544,
		-0.433163,
		0,
		-0.076268,
		0.847153,
		-0.525847,
		0,
		0.466626,
		0.496392,
		0.732021,
		0,
		0.117666,
		0.685992,
		-0.170416,
		1,
	},
	[1.09166666667] = {
		0.883077,
		-0.196585,
		-0.426062,
		0,
		-0.071102,
		0.84146,
		-0.535621,
		0,
		0.463809,
		0.503288,
		0.729096,
		0,
		0.109382,
		0.68792,
		-0.171452,
		1,
	},
	{
		0.880699,
		-0.070354,
		-0.468422,
		0,
		-0.163908,
		0.882551,
		-0.440724,
		0,
		0.444413,
		0.464924,
		0.76573,
		0,
		0.213027,
		0.662354,
		-0.160732,
		1,
	},
	[1.10833333333] = {
		0.8882,
		-0.205284,
		-0.411047,
		0,
		-0.065053,
		0.829435,
		-0.554802,
		0,
		0.454829,
		0.519515,
		0.72335,
		0,
		0.094284,
		0.691615,
		-0.173502,
		1,
	},
	[1.11666666667] = {
		0.891436,
		-0.206509,
		-0.403356,
		0,
		-0.064531,
		0.823199,
		-0.564074,
		0,
		0.448528,
		0.528865,
		0.720503,
		0,
		0.087589,
		0.693391,
		-0.174507,
		1,
	},
	[1.125] = {
		0.895124,
		-0.205362,
		-0.3957,
		0,
		-0.065916,
		0.816864,
		-0.573051,
		0,
		0.440916,
		0.539035,
		0.717658,
		0,
		0.08154,
		0.695123,
		-0.175492,
		1,
	},
	[1.13333333333] = {
		0.899246,
		-0.201626,
		-0.388205,
		0,
		-0.06939,
		0.810458,
		-0.581673,
		0,
		0.431904,
		0.550005,
		0.71481,
		0,
		0.076199,
		0.696807,
		-0.176451,
		1,
	},
	[1.14166666667] = {
		0.904404,
		-0.19466,
		-0.379685,
		0,
		-0.075175,
		0.803248,
		-0.590882,
		0,
		0.420002,
		0.562939,
		0.711827,
		0,
		0.071433,
		0.698363,
		-0.177459,
		1,
	},
	[1.15833333333] = {
		0.918601,
		-0.170282,
		-0.356619,
		0,
		-0.09278,
		0.784254,
		-0.613463,
		0,
		0.384142,
		0.596615,
		0.704617,
		0,
		0.063065,
		0.700823,
		-0.179842,
		1,
	},
	[1.15] = {
		0.910983,
		-0.18413,
		-0.36906,
		0,
		-0.08311,
		0.794508,
		-0.60154,
		0,
		0.403983,
		0.578666,
		0.70848,
		0,
		0.067062,
		0.699705,
		-0.17859,
		1,
	},
	[1.16666666667] = {
		0.926856,
		-0.153374,
		-0.342659,
		0,
		-0.10377,
		0.772512,
		-0.626464,
		0,
		0.360792,
		0.616199,
		0.700092,
		0,
		0.059427,
		0.701708,
		-0.181211,
		1,
	},
	[1.175] = {
		0.93535,
		-0.133693,
		-0.327485,
		0,
		-0.115663,
		0.75933,
		-0.640343,
		0,
		0.334279,
		0.636823,
		0.694776,
		0,
		0.056135,
		0.702353,
		-0.182689,
		1,
	},
	[1.18333333333] = {
		0.943704,
		-0.111568,
		-0.311408,
		0,
		-0.128053,
		0.744792,
		-0.654895,
		0,
		0.304999,
		0.657904,
		0.688577,
		0,
		0.053178,
		0.702749,
		-0.184268,
		1,
	},
	[1.19166666667] = {
		0.951575,
		-0.087374,
		-0.29474,
		0,
		-0.140554,
		0.729028,
		-0.669898,
		0,
		0.273405,
		0.678885,
		0.681444,
		0,
		0.050545,
		0.702896,
		-0.185934,
		1,
	},
	[1.1] = {
		0.885417,
		-0.201904,
		-0.418654,
		0,
		-0.067304,
		0.835538,
		-0.545295,
		0,
		0.459898,
		0.510991,
		0.72621,
		0,
		0.101568,
		0.689792,
		-0.172482,
		1,
	},
	[1.20833333333] = {
		0.964761,
		-0.034536,
		-0.260851,
		0,
		-0.164494,
		0.694591,
		-0.700347,
		0,
		0.205372,
		0.718576,
		0.664433,
		0,
		0.046227,
		0.702462,
		-0.189449,
		1,
	},
	[1.21666666667] = {
		0.969699,
		-0.006883,
		-0.244205,
		0,
		-0.175344,
		0.676431,
		-0.715329,
		0,
		0.170111,
		0.736474,
		0.654728,
		0,
		0.044526,
		0.701912,
		-0.191252,
		1,
	},
	[1.225] = {
		0.973413,
		0.020875,
		-0.228104,
		0,
		-0.185141,
		0.658062,
		-0.729847,
		0,
		0.134871,
		0.752674,
		0.644431,
		0,
		0.043114,
		0.701174,
		-0.193048,
		1,
	},
	[1.23333333333] = {
		0.975914,
		0.048173,
		-0.212769,
		0,
		-0.193723,
		0.639845,
		-0.743687,
		0,
		0.100314,
		0.766993,
		0.633766,
		0,
		0.041978,
		0.700288,
		-0.194807,
		1,
	},
	[1.24166666667] = {
		0.977293,
		0.074437,
		-0.19839,
		0,
		-0.200987,
		0.622165,
		-0.756647,
		0,
		0.067109,
		0.77934,
		0.622998,
		0,
		0.041097,
		0.699299,
		-0.196497,
		1,
	},
	[1.25833333333] = {
		0.977372,
		0.121611,
		-0.173076,
		0,
		-0.211401,
		0.590021,
		-0.779221,
		0,
		0.007357,
		0.798177,
		0.602379,
		0,
		0.03999,
		0.697234,
		-0.19954,
		1,
	},
	[1.25] = {
		0.977707,
		0.099101,
		-0.185118,
		0,
		-0.206882,
		0.605422,
		-0.768547,
		0,
		0.035911,
		0.789711,
		0.612427,
		0,
		0.040445,
		0.698261,
		-0.198086,
		1,
	},
	[1.26666666667] = {
		0.976544,
		0.141431,
		-0.162357,
		0,
		-0.21457,
		0.576363,
		-0.788521,
		0,
		-0.017945,
		0.804862,
		0.593191,
		0,
		0.039697,
		0.69628,
		-0.20083,
		1,
	},
	[1.275] = {
		0.975501,
		0.158046,
		-0.153035,
		0,
		-0.216436,
		0.564839,
		-0.796312,
		0,
		-0.039413,
		0.809925,
		0.585208,
		0,
		0.039525,
		0.695463,
		-0.201925,
		1,
	},
	[1.28333333333] = {
		0.974524,
		0.170956,
		-0.145176,
		0,
		-0.21705,
		0.555821,
		-0.802466,
		0,
		-0.056495,
		0.813533,
		0.578767,
		0,
		0.039432,
		0.694848,
		-0.202795,
		1,
	},
	[1.29166666667] = {
		0.973668,
		0.181219,
		-0.138312,
		0,
		-0.216818,
		0.548684,
		-0.807425,
		0,
		-0.070431,
		0.816153,
		0.573528,
		0,
		0.039446,
		0.694358,
		-0.203495,
		1,
	},
	[1.2] = {
		0.958669,
		-0.061539,
		-0.277788,
		0,
		-0.152807,
		0.712217,
		-0.685126,
		0,
		0.240007,
		0.699257,
		0.673377,
		0,
		0.048231,
		0.702797,
		-0.187668,
		1,
	},
	[1.30833333333] = {
		0.972062,
		0.198103,
		-0.125897,
		0,
		-0.215126,
		0.537355,
		-0.815457,
		0,
		-0.093893,
		0.819759,
		0.56496,
		0,
		0.039929,
		0.693416,
		-0.204622,
		1,
	},
	[1.31666666667] = {
		0.971381,
		0.20483,
		-0.120268,
		0,
		-0.213763,
		0.533091,
		-0.818608,
		0,
		-0.103562,
		0.820889,
		0.56162,
		0,
		0.040379,
		0.69297,
		-0.205056,
		1,
	},
	[1.325] = {
		0.970812,
		0.210483,
		-0.114978,
		0,
		-0.212109,
		0.529709,
		-0.82123,
		0,
		-0.11195,
		0.821648,
		0.558893,
		0,
		0.040955,
		0.692544,
		-0.205409,
		1,
	},
	[1.33333333333] = {
		0.970374,
		0.215117,
		-0.109998,
		0,
		-0.210197,
		0.527165,
		-0.823356,
		0,
		-0.119131,
		0.822084,
		0.556764,
		0,
		0.04165,
		0.692139,
		-0.205684,
		1,
	},
	[1.34166666667] = {
		0.970075,
		0.218784,
		-0.105301,
		0,
		-0.208054,
		0.525416,
		-0.825016,
		0,
		-0.125174,
		0.822236,
		0.555211,
		0,
		0.042455,
		0.691755,
		-0.205885,
		1,
	},
	[1.35833333333] = {
		0.969915,
		0.223429,
		-0.096666,
		0,
		-0.203164,
		0.524121,
		-0.827056,
		0,
		-0.134123,
		0.821813,
		0.553745,
		0,
		0.044366,
		0.691052,
		-0.206082,
		1,
	},
	[1.35] = {
		0.969921,
		0.221537,
		-0.100864,
		0,
		-0.205703,
		0.524416,
		-0.826241,
		0,
		-0.130148,
		0.822137,
		0.554213,
		0,
		0.043362,
		0.691393,
		-0.206017,
		1,
	},
	[1.36666666667] = {
		0.970054,
		0.22451,
		-0.092688,
		0,
		-0.200452,
		0.524482,
		-0.827489,
		0,
		-0.137167,
		0.821288,
		0.553779,
		0,
		0.045458,
		0.690731,
		-0.206084,
		1,
	},
	[1.375] = {
		0.970332,
		0.224834,
		-0.088913,
		0,
		-0.197583,
		0.525453,
		-0.827563,
		0,
		-0.139344,
		0.820578,
		0.554287,
		0,
		0.046633,
		0.69043,
		-0.206028,
		1,
	},
	[1.38333333333] = {
		0.970743,
		0.22445,
		-0.085327,
		0,
		-0.194566,
		0.526987,
		-0.827302,
		0,
		-0.140722,
		0.819699,
		0.555239,
		0,
		0.047884,
		0.690146,
		-0.205918,
		1,
	},
	[1.39166666667] = {
		0.971276,
		0.223412,
		-0.081915,
		0,
		-0.191412,
		0.529036,
		-0.82673,
		0,
		-0.141365,
		0.818662,
		0.556604,
		0,
		0.049205,
		0.68988,
		-0.205756,
		1,
	},
	[1.3] = {
		0.972835,
		0.190251,
		-0.131899,
		0,
		-0.216159,
		0.54254,
		-0.811742,
		0,
		-0.082874,
		0.818202,
		0.568926,
		0,
		0.039615,
		0.693879,
		-0.204103,
		1,
	},
	[1.40833333333] = {
		0.972665,
		0.219574,
		-0.075563,
		0,
		-0.184729,
		0.534491,
		-0.824739,
		0,
		-0.140703,
		0.816154,
		0.560442,
		0,
		0.052033,
		0.689389,
		-0.205297,
		1,
	},
	[1.41666666667] = {
		0.973496,
		0.216877,
		-0.072599,
		0,
		-0.181215,
		0.537802,
		-0.823365,
		0,
		-0.139525,
		0.814699,
		0.562849,
		0,
		0.053529,
		0.689162,
		-0.205007,
		1,
	},
	[1.425] = {
		0.974399,
		0.21373,
		-0.069761,
		0,
		-0.177596,
		0.541439,
		-0.821769,
		0,
		-0.137866,
		0.81312,
		0.565535,
		0,
		0.055072,
		0.688944,
		-0.204681,
		1,
	},
	[1.43333333333] = {
		0.97536,
		0.210187,
		-0.067037,
		0,
		-0.173879,
		0.545356,
		-0.819971,
		0,
		-0.135788,
		0.811424,
		0.568465,
		0,
		0.056657,
		0.688734,
		-0.204324,
		1,
	},
	[1.44166666667] = {
		0.976367,
		0.206297,
		-0.064416,
		0,
		-0.170073,
		0.549507,
		-0.817996,
		0,
		-0.133354,
		0.80962,
		0.571606,
		0,
		0.058277,
		0.68853,
		-0.203941,
		1,
	},
	[1.45833333333] = {
		0.97846,
		0.197696,
		-0.059432,
		0,
		-0.162228,
		0.558328,
		-0.813604,
		0,
		-0.127664,
		0.805721,
		0.578373,
		0,
		0.061601,
		0.688132,
		-0.203108,
		1,
	},
	[1.45] = {
		0.977404,
		0.202116,
		-0.061885,
		0,
		-0.166186,
		0.553846,
		-0.815866,
		0,
		-0.130625,
		0.807715,
		0.57492,
		0,
		0.059927,
		0.68833,
		-0.203534,
		1,
	},
	[1.46666666667] = {
		0.979521,
		0.193091,
		-0.057043,
		0,
		-0.158209,
		0.562909,
		-0.811236,
		0,
		-0.124533,
		0.803648,
		0.58193,
		0,
		0.063294,
		0.687936,
		-0.202668,
		1,
	},
	[1.475] = {
		0.980576,
		0.188356,
		-0.054705,
		0,
		-0.15414,
		0.567545,
		-0.808786,
		0,
		-0.121292,
		0.801508,
		0.585554,
		0,
		0.065,
		0.687739,
		-0.202218,
		1,
	},
	[1.48333333333] = {
		0.981613,
		0.183545,
		-0.052403,
		0,
		-0.150033,
		0.572193,
		-0.806279,
		0,
		-0.118004,
		0.799316,
		0.58921,
		0,
		0.066713,
		0.68754,
		-0.201761,
		1,
	},
	[1.49166666667] = {
		0.982624,
		0.178714,
		-0.05012,
		0,
		-0.145903,
		0.576812,
		-0.803742,
		0,
		-0.11473,
		0.797088,
		0.592864,
		0,
		0.068427,
		0.687338,
		-0.201302,
		1,
	},
	[1.4] = {
		0.971921,
		0.221769,
		-0.078664,
		0,
		-0.188131,
		0.531553,
		-0.825868,
		0,
		-0.141338,
		0.817478,
		0.558349,
		0,
		0.05059,
		0.689628,
		-0.205548,
		1,
	},
	[1.50833333333] = {
		0.984526,
		0.169216,
		-0.045546,
		0,
		-0.137633,
		0.585797,
		-0.798686,
		0,
		-0.108469,
		0.792596,
		0.600022,
		0,
		0.071833,
		0.686921,
		-0.200398,
		1,
	},
	[1.51666666667] = {
		0.985403,
		0.164661,
		-0.043219,
		0,
		-0.133525,
		0.590085,
		-0.796223,
		0,
		-0.105604,
		0.790371,
		0.603458,
		0,
		0.073513,
		0.686705,
		-0.199961,
		1,
	},
	[1.525] = {
		0.986221,
		0.160311,
		-0.04084,
		0,
		-0.129458,
		0.594184,
		-0.793842,
		0,
		-0.102996,
		0.788191,
		0.606751,
		0,
		0.07517,
		0.686482,
		-0.19954,
		1,
	},
	[1.53333333333] = {
		0.986975,
		0.156225,
		-0.038388,
		0,
		-0.125452,
		0.598058,
		-0.791573,
		0,
		-0.100705,
		0.786079,
		0.609868,
		0,
		0.076797,
		0.686253,
		-0.19914,
		1,
	},
	[1.54166666667] = {
		0.98766,
		0.152458,
		-0.035843,
		0,
		-0.121526,
		0.601671,
		-0.789445,
		0,
		-0.098792,
		0.784059,
		0.612774,
		0,
		0.078388,
		0.686016,
		-0.198765,
		1,
	},
	[1.55833333333] = {
		0.9888,
		0.146118,
		-0.030389,
		0,
		-0.11399,
		0.607968,
		-0.785736,
		0,
		-0.096335,
		0.7804,
		0.617815,
		0,
		0.081437,
		0.68552,
		-0.19811,
		1,
	},
	[1.55] = {
		0.98827,
		0.14907,
		-0.033184,
		0,
		-0.117698,
		0.604986,
		-0.787489,
		0,
		-0.097315,
		0.782158,
		0.615434,
		0,
		0.079937,
		0.685772,
		-0.19842,
		1,
	},
	[1.56666666667] = {
		0.989247,
		0.143661,
		-0.027437,
		0,
		-0.110421,
		0.610584,
		-0.784216,
		0,
		-0.095909,
		0.778813,
		0.619881,
		0,
		0.082883,
		0.685261,
		-0.197839,
		1,
	},
	[1.575] = {
		0.989603,
		0.141756,
		-0.024306,
		0,
		-0.107011,
		0.612799,
		-0.78296,
		0,
		-0.096095,
		0.777421,
		0.621597,
		0,
		0.084269,
		0.684993,
		-0.197612,
		1,
	},
	[1.58333333333] = {
		0.989864,
		0.140463,
		-0.020974,
		0,
		-0.10378,
		0.614579,
		-0.781999,
		0,
		-0.096952,
		0.776249,
		0.622927,
		0,
		0.085587,
		0.684717,
		-0.197434,
		1,
	},
	[1.5] = {
		0.983597,
		0.173919,
		-0.047841,
		0,
		-0.141765,
		0.58136,
		-0.801201,
		0,
		-0.111532,
		0.794841,
		0.59648,
		0,
		0.070135,
		0.687132,
		-0.200847,
		1,
	},
}

return spline_matrices
