-- chunkname: @content/characters/player/human/first_person/animations/power_sword/heavy_swing_left_diagonal.lua

local spline_matrices = {
	[0.0166666666667] = {
		0.076253,
		-0.549625,
		-0.831924,
		0,
		0.376553,
		0.788441,
		-0.486383,
		0,
		0.923251,
		-0.276175,
		0.267084,
		0,
		0.491497,
		0.17198,
		0.029288,
		1
	},
	[0.0333333333333] = {
		0.181885,
		-0.453553,
		-0.872472,
		0,
		0.346006,
		0.860048,
		-0.374962,
		0,
		0.920433,
		-0.233681,
		0.313362,
		0,
		0.503265,
		0.187424,
		0.044103,
		1
	},
	[0.05] = {
		0.275372,
		-0.338823,
		-0.899649,
		0,
		0.298048,
		0.919808,
		-0.255186,
		0,
		0.913968,
		-0.197868,
		0.354275,
		0,
		0.51617,
		0.207951,
		0.060001,
		1
	},
	[0.0666666666667] = {
		0.351475,
		-0.214413,
		-0.911313,
		0,
		0.239601,
		0.961603,
		-0.133835,
		0,
		0.905017,
		-0.171312,
		0.389353,
		0,
		0.523194,
		0.231809,
		0.074536,
		1
	},
	[0.0833333333333] = {
		0.409395,
		-0.091415,
		-0.907766,
		0,
		0.179783,
		0.983542,
		-0.017965,
		0,
		0.894468,
		-0.155846,
		0.419092,
		0,
		0.517298,
		0.257407,
		0.085388,
		1
	},
	[0] = {
		-0.033502,
		-0.621833,
		-0.782433,
		0,
		0.386435,
		0.713926,
		-0.583933,
		0,
		0.921708,
		-0.321922,
		0.21638,
		0,
		0.487979,
		0.163571,
		0.018035,
		1
	},
	[0.116666666667] = {
		0.496218,
		0.111343,
		-0.861028,
		0,
		0.129437,
		0.971171,
		0.200182,
		0,
		0.858494,
		-0.210783,
		0.467501,
		0,
		0.450214,
		0.308926,
		0.086762,
		1
	},
	[0.133333333333] = {
		0.54785,
		0.182373,
		-0.816456,
		0,
		0.161713,
		0.934455,
		0.317242,
		0,
		0.820797,
		-0.305833,
		0.482449,
		0,
		0.395683,
		0.338666,
		0.073945,
		1
	},
	[0.15] = {
		0.591977,
		0.236446,
		-0.770491,
		0,
		0.143374,
		0.909855,
		0.389369,
		0,
		0.793099,
		-0.340966,
		0.504713,
		0,
		0.329604,
		0.378766,
		0.05456,
		1
	},
	[0.166666666667] = {
		0.597033,
		0.286402,
		-0.74935,
		0,
		0.002014,
		0.933561,
		0.358412,
		0,
		0.802214,
		-0.215493,
		0.55679,
		0,
		0.254147,
		0.435719,
		0.031041,
		1
	},
	[0.183333333333] = {
		0.509501,
		0.268903,
		-0.817374,
		0,
		-0.409597,
		0.911183,
		0.044447,
		0,
		0.756729,
		0.312149,
		0.57439,
		0,
		0.117941,
		0.557075,
		-0.008154,
		1
	},
	[0.1] = {
		0.453132,
		0.019095,
		-0.891239,
		0,
		0.127821,
		0.988048,
		0.086157,
		0,
		0.882232,
		-0.152959,
		0.445276,
		0,
		0.491858,
		0.283253,
		0.090442,
		1
	},
	[0.216666666667] = {
		0.463782,
		0.12331,
		-0.877326,
		0,
		-0.878202,
		0.194655,
		-0.436886,
		0,
		0.116904,
		0.97309,
		0.198569,
		0,
		-0.13769,
		0.606851,
		-0.139299,
		1
	},
	[0.233333333333] = {
		0.451395,
		0.142124,
		-0.880933,
		0,
		-0.872767,
		-0.135236,
		-0.469029,
		0,
		-0.185794,
		0.980567,
		0.062996,
		0,
		-0.221849,
		0.573696,
		-0.210599,
		1
	},
	[0.25] = {
		0.47357,
		0.152181,
		-0.867509,
		0,
		-0.753091,
		-0.44078,
		-0.488433,
		0,
		-0.456711,
		0.884621,
		-0.094134,
		0,
		-0.297934,
		0.529898,
		-0.272396,
		1
	},
	[0.266666666667] = {
		0.507935,
		0.204636,
		-0.836735,
		0,
		-0.621313,
		-0.585772,
		-0.520424,
		0,
		-0.596633,
		0.784217,
		-0.170391,
		0,
		-0.360539,
		0.465446,
		-0.325805,
		1
	},
	[0.283333333333] = {
		0.511971,
		0.236347,
		-0.825848,
		0,
		-0.469998,
		-0.727658,
		-0.499614,
		0,
		-0.719018,
		0.643936,
		-0.261457,
		0,
		-0.419464,
		0.394822,
		-0.366305,
		1
	},
	[0.2] = {
		0.474351,
		0.136774,
		-0.869646,
		0,
		-0.769996,
		0.543309,
		-0.334547,
		0,
		0.426729,
		0.828317,
		0.363035,
		0,
		-0.039846,
		0.62953,
		-0.070851,
		1
	},
	[0.316666666667] = {
		0.510731,
		0.145805,
		-0.847286,
		0,
		-0.509612,
		-0.742378,
		-0.434938,
		0,
		-0.692422,
		0.653924,
		-0.304851,
		0,
		-0.421454,
		0.334494,
		-0.420636,
		1
	},
	[0.333333333333] = {
		0.494831,
		0.066258,
		-0.866459,
		0,
		-0.651157,
		-0.632,
		-0.420202,
		0,
		-0.575444,
		0.772131,
		-0.269589,
		0,
		-0.38331,
		0.328053,
		-0.432049,
		1
	},
	[0.35] = {
		0.483821,
		0.059898,
		-0.873114,
		0,
		-0.681939,
		-0.59949,
		-0.419011,
		0,
		-0.548521,
		0.798138,
		-0.2492,
		0,
		-0.366479,
		0.31513,
		-0.437365,
		1
	},
	[0.366666666667] = {
		0.476119,
		0.082155,
		-0.875534,
		0,
		-0.680486,
		-0.596209,
		-0.425997,
		0,
		-0.556999,
		0.798615,
		-0.227961,
		0,
		-0.348917,
		0.300296,
		-0.440919,
		1
	},
	[0.383333333333] = {
		0.469594,
		0.122346,
		-0.874364,
		0,
		-0.657559,
		-0.612397,
		-0.438845,
		0,
		-0.589149,
		0.781026,
		-0.207128,
		0,
		-0.330938,
		0.283795,
		-0.443389,
		1
	},
	[0.3] = {
		0.50886,
		0.231195,
		-0.829222,
		0,
		-0.380694,
		-0.803513,
		-0.457644,
		0,
		-0.772096,
		0.548557,
		-0.320861,
		0,
		-0.450939,
		0.346644,
		-0.398626,
		1
	},
	[0.416666666667] = {
		0.452581,
		0.215473,
		-0.865299,
		0,
		-0.584947,
		-0.66068,
		-0.470467,
		0,
		-0.673058,
		0.719078,
		-0.172971,
		0,
		-0.293875,
		0.246924,
		-0.447977,
		1
	},
	[0.433333333333] = {
		0.442795,
		0.248322,
		-0.86155,
		0,
		-0.557811,
		-0.676,
		-0.481529,
		0,
		-0.701982,
		0.693801,
		-0.160813,
		0,
		-0.275589,
		0.227035,
		-0.451089,
		1
	},
	[0.45] = {
		0.428217,
		0.270155,
		-0.862349,
		0,
		-0.539689,
		-0.688948,
		-0.483825,
		0,
		-0.724821,
		0.672582,
		-0.149219,
		0,
		-0.257797,
		0.203169,
		-0.454712,
		1
	},
	[0.466666666667] = {
		0.410676,
		0.288249,
		-0.865018,
		0,
		-0.520478,
		-0.704841,
		-0.481976,
		0,
		-0.74863,
		0.64816,
		-0.139434,
		0,
		-0.240102,
		0.176091,
		-0.458631,
		1
	},
	[0.483333333333] = {
		0.402761,
		0.302852,
		-0.86375,
		0,
		-0.500155,
		-0.717508,
		-0.484795,
		0,
		-0.766569,
		0.627266,
		-0.137511,
		0,
		-0.222355,
		0.151736,
		-0.463181,
		1
	},
	[0.4] = {
		0.462035,
		0.17019,
		-0.870379,
		0,
		-0.622241,
		-0.637097,
		-0.454888,
		0,
		-0.631933,
		0.75176,
		-0.188462,
		0,
		-0.312493,
		0.265914,
		-0.445564,
		1
	},
	[0.516666666667] = {
		0.45219,
		0.325501,
		-0.830405,
		0,
		-0.455543,
		-0.716153,
		-0.528778,
		0,
		-0.766814,
		0.617393,
		-0.175557,
		0,
		-0.186451,
		0.126916,
		-0.475409,
		1
	},
	[0.533333333333] = {
		0.496829,
		0.334531,
		-0.800781,
		0,
		-0.42911,
		-0.707338,
		-0.561727,
		0,
		-0.754338,
		0.622705,
		-0.207876,
		0,
		-0.168552,
		0.118436,
		-0.483198,
		1
	},
	[0.55] = {
		0.549022,
		0.341582,
		-0.762821,
		0,
		-0.398724,
		-0.695088,
		-0.598224,
		0,
		-0.73457,
		0.632594,
		-0.245422,
		0,
		-0.150702,
		0.110619,
		-0.49185,
		1
	},
	[0.566666666667] = {
		0.60646,
		0.346105,
		-0.715833,
		0,
		-0.363633,
		-0.679893,
		-0.636801,
		0,
		-0.70709,
		0.646496,
		-0.286473,
		0,
		-0.13285,
		0.103491,
		-0.501132,
		1
	},
	[0.583333333333] = {
		0.666381,
		0.347582,
		-0.659638,
		0,
		-0.32348,
		-0.662326,
		-0.675785,
		0,
		-0.671786,
		0.66371,
		-0.328925,
		0,
		-0.115124,
		0.097062,
		-0.51075,
		1
	},
	[0.5] = {
		0.417124,
		0.314979,
		-0.852523,
		0,
		-0.478851,
		-0.7211,
		-0.500716,
		0,
		-0.772469,
		0.617092,
		-0.14996,
		0,
		-0.204443,
		0.136028,
		-0.468693,
		1
	},
	[0.616666666667] = {
		0.782563,
		0.339972,
		-0.521549,
		0,
		-0.228285,
		-0.622686,
		-0.748431,
		0,
		-0.579207,
		0.704756,
		-0.40968,
		0,
		-0.080753,
		0.086298,
		-0.52985,
		1
	},
	[0.633333333333] = {
		0.834005,
		0.330679,
		-0.441686,
		0,
		-0.174026,
		-0.601998,
		-0.779303,
		0,
		-0.523593,
		0.726808,
		-0.444522,
		0,
		-0.064347,
		0.081939,
		-0.538834,
		1
	},
	[0.65] = {
		0.878423,
		0.318,
		-0.35672,
		0,
		-0.116382,
		-0.581629,
		-0.805086,
		0,
		-0.463495,
		0.748722,
		-0.473907,
		0,
		-0.048687,
		0.078239,
		-0.547137,
		1
	},
	[0.666666666667] = {
		0.914542,
		0.302435,
		-0.268599,
		0,
		-0.056426,
		-0.562162,
		-0.8251,
		0,
		-0.400535,
		0.769745,
		-0.497055,
		0,
		-0.033985,
		0.075181,
		-0.554568,
		1
	},
	[0.683333333333] = {
		0.941698,
		0.284674,
		-0.179349,
		0,
		0.004673,
		-0.544062,
		-0.839032,
		0,
		-0.336427,
		0.789276,
		-0.513673,
		0,
		-0.020479,
		0.072758,
		-0.560974,
		1
	},
	[0.6] = {
		0.72593,
		0.345612,
		-0.594624,
		0,
		-0.278292,
		-0.643028,
		-0.713491,
		0,
		-0.62895,
		0.683424,
		-0.370612,
		0,
		-0.097726,
		0.091334,
		-0.520407,
		1
	},
	[0.716666666667] = {
		0.969289,
		0.245872,
		-0.004941,
		0,
		0.125836,
		-0.51314,
		-0.84903,
		0,
		-0.211288,
		0.822335,
		-0.52832,
		0,
		0.001973,
		0.069835,
		-0.570288,
		1
	},
	[0.733333333333] = {
		0.970932,
		0.226576,
		0.077154,
		0,
		0.18403,
		-0.500557,
		-0.845917,
		0,
		-0.153045,
		0.835527,
		-0.527704,
		0,
		0.01044,
		0.069377,
		-0.573068,
		1
	},
	[0.75] = {
		0.965765,
		0.208483,
		0.154375,
		0,
		0.23973,
		-0.489857,
		-0.838194,
		0,
		-0.099127,
		0.846508,
		-0.523066,
		0,
		0.016774,
		0.069635,
		-0.574552,
		1
	},
	[0.766666666667] = {
		0.965348,
		0.210374,
		0.154419,
		0,
		0.24087,
		-0.490591,
		-0.837438,
		0,
		-0.100418,
		0.845614,
		-0.524264,
		0,
		0.01685,
		0.068875,
		-0.574644,
		1
	},
	[0.783333333333] = {
		0.964927,
		0.212261,
		0.154467,
		0,
		0.242016,
		-0.491326,
		-0.836676,
		0,
		-0.1017,
		0.844715,
		-0.525465,
		0,
		0.016932,
		0.068113,
		-0.574735,
		1
	},
	[0.7] = {
		0.959808,
		0.265529,
		-0.090898,
		0,
		0.06577,
		-0.52766,
		-0.846906,
		0,
		-0.272842,
		0.806889,
		-0.523916,
		0,
		-0.008411,
		0.070971,
		-0.56624,
		1
	},
	[0.816666666667] = {
		0.964085,
		0.215983,
		0.154567,
		0,
		0.244295,
		-0.492785,
		-0.835154,
		0,
		-0.10421,
		0.84292,
		-0.52785,
		0,
		0.017108,
		0.066598,
		-0.574915,
		1
	},
	[0.833333333333] = {
		0.963668,
		0.217798,
		0.154619,
		0,
		0.245414,
		-0.4935,
		-0.834404,
		0,
		-0.105427,
		0.842035,
		-0.52902,
		0,
		0.0172,
		0.065855,
		-0.575002,
		1
	},
	[0.85] = {
		0.963258,
		0.219568,
		0.154669,
		0,
		0.24651,
		-0.494198,
		-0.833667,
		0,
		-0.106609,
		0.841165,
		-0.530166,
		0,
		0.017294,
		0.065127,
		-0.575086,
		1
	},
	[0.866666666667] = {
		0.962858,
		0.221284,
		0.154719,
		0,
		0.247577,
		-0.494876,
		-0.832948,
		0,
		-0.107751,
		0.840316,
		-0.53128,
		0,
		0.017389,
		0.064418,
		-0.575166,
		1
	},
	[0.883333333333] = {
		0.962469,
		0.222936,
		0.154767,
		0,
		0.248607,
		-0.49553,
		-0.832252,
		0,
		-0.108847,
		0.839493,
		-0.532356,
		0,
		0.017484,
		0.063734,
		-0.575242,
		1
	},
	[0.8] = {
		0.964505,
		0.214134,
		0.154516,
		0,
		0.24316,
		-0.492059,
		-0.835913,
		0,
		-0.102966,
		0.843815,
		-0.526663,
		0,
		0.017018,
		0.067352,
		-0.574826,
		1
	},
	[0.916666666667] = {
		0.961738,
		0.226007,
		0.154856,
		0,
		0.250532,
		-0.496748,
		-0.830948,
		0,
		-0.110875,
		0.837951,
		-0.534363,
		0,
		0.017669,
		0.062454,
		-0.575377,
		1
	},
	[0.933333333333] = {
		0.961402,
		0.227405,
		0.154897,
		0,
		0.251412,
		-0.497303,
		-0.83035,
		0,
		-0.111795,
		0.837243,
		-0.53528,
		0,
		0.017757,
		0.061869,
		-0.575437,
		1
	},
	[0.95] = {
		0.961089,
		0.228699,
		0.154934,
		0,
		0.252228,
		-0.497817,
		-0.829794,
		0,
		-0.112644,
		0.836585,
		-0.536131,
		0,
		0.01784,
		0.061326,
		-0.575493,
		1
	},
	[0.966666666667] = {
		0.960802,
		0.229879,
		0.154968,
		0,
		0.252974,
		-0.498287,
		-0.829285,
		0,
		-0.113417,
		0.835982,
		-0.536908,
		0,
		0.017917,
		0.060831,
		-0.575543,
		1
	},
	[0.983333333333] = {
		0.960544,
		0.230934,
		0.154998,
		0,
		0.253643,
		-0.498707,
		-0.828828,
		0,
		-0.114106,
		0.835441,
		-0.537604,
		0,
		0.017988,
		0.060386,
		-0.575587,
		1
	},
	[0.9] = {
		0.962095,
		0.224514,
		0.154813,
		0,
		0.249594,
		-0.496155,
		-0.831584,
		0,
		-0.109891,
		0.838703,
		-0.533386,
		0,
		0.017578,
		0.063077,
		-0.575312,
		1
	},
	[1.01666666667] = {
		0.960127,
		0.232629,
		0.155048,
		0,
		0.254721,
		-0.499383,
		-0.82809,
		0,
		-0.11521,
		0.834566,
		-0.538726,
		0,
		0.018104,
		0.05967,
		-0.575658,
		1
	},
	[1.03333333333] = {
		0.959973,
		0.23325,
		0.155066,
		0,
		0.255117,
		-0.49963,
		-0.827819,
		0,
		-0.115613,
		0.834244,
		-0.539138,
		0,
		0.018147,
		0.059407,
		-0.575683,
		1
	},
	[1.05] = {
		0.95986,
		0.233706,
		0.15508,
		0,
		0.255408,
		-0.499813,
		-0.827619,
		0,
		-0.115909,
		0.834008,
		-0.539441,
		0,
		0.01818,
		0.059213,
		-0.575702,
		1
	},
	[1.06666666667] = {
		0.95979,
		0.233987,
		0.155088,
		0,
		0.255588,
		-0.499925,
		-0.827496,
		0,
		-0.116091,
		0.833862,
		-0.539627,
		0,
		0.0182,
		0.059094,
		-0.575713,
		1
	},
	[1.08333333333] = {
		0.959766,
		0.234083,
		0.155091,
		0,
		0.255649,
		-0.499964,
		-0.827454,
		0,
		-0.116152,
		0.833812,
		-0.539691,
		0,
		0.018207,
		0.059053,
		-0.575716,
		1
	},
	{
		0.960318,
		0.231854,
		0.155025,
		0,
		0.254228,
		-0.499073,
		-0.828429,
		0,
		-0.114706,
		0.834967,
		-0.538213,
		0,
		0.01805,
		0.059998,
		-0.575626,
		1
	}
}

return spline_matrices
