-- chunkname: @content/characters/player/human/first_person/animations/power_sword/heavy_swing_left_up.lua

local spline_matrices = {
	[0.0166666666667] = {
		0.106372,
		-0.269285,
		-0.957168,
		0,
		0.47617,
		0.858866,
		-0.188711,
		0,
		0.872896,
		-0.435701,
		0.219585,
		0,
		0.446598,
		0.227047,
		-0.116211,
		1,
	},
	[0.0333333333333] = {
		0.071591,
		-0.24951,
		-0.965722,
		0,
		0.491545,
		0.851298,
		-0.183507,
		0,
		0.867905,
		-0.461558,
		0.183591,
		0,
		0.447811,
		0.229231,
		-0.126305,
		1,
	},
	[0.05] = {
		0.036663,
		-0.227262,
		-0.973143,
		0,
		0.510438,
		0.841443,
		-0.177275,
		0,
		0.859133,
		-0.49023,
		0.146853,
		0,
		0.448771,
		0.23358,
		-0.141609,
		1,
	},
	[0.0666666666667] = {
		0.00182,
		-0.202691,
		-0.979241,
		0,
		0.53187,
		0.829444,
		-0.170696,
		0,
		0.846824,
		-0.520519,
		0.109315,
		0,
		0.44943,
		0.239914,
		-0.161352,
		1,
	},
	[0.0833333333333] = {
		-0.032712,
		-0.176037,
		-0.98384,
		0,
		0.554851,
		0.81555,
		-0.164373,
		0,
		0.831306,
		-0.551262,
		0.070996,
		0,
		0.44975,
		0.248057,
		-0.18476,
		1,
	},
	[0] = {
		0.140777,
		-0.286529,
		-0.947673,
		0,
		0.465263,
		0.864068,
		-0.192136,
		0,
		0.873906,
		-0.413869,
		0.254952,
		0,
		0.445173,
		0.227224,
		-0.11208,
		1,
	},
	[0.116666666667] = {
		-0.100078,
		-0.117885,
		-0.987971,
		0,
		0.601581,
		0.783737,
		-0.154454,
		0,
		0.792518,
		-0.609802,
		-0.007517,
		0,
		0.449281,
		0.269048,
		-0.239438,
		1,
	},
	[0.133333333333] = {
		-0.132642,
		-0.087288,
		-0.987313,
		0,
		0.6235,
		0.76699,
		-0.151574,
		0,
		0.770489,
		-0.635695,
		-0.047312,
		0,
		0.448511,
		0.281503,
		-0.26914,
		1,
	},
	[0.15] = {
		-0.164384,
		-0.05638,
		-0.984784,
		0,
		0.643345,
		0.750664,
		-0.150366,
		0,
		0.74772,
		-0.658274,
		-0.087126,
		0,
		0.447444,
		0.294971,
		-0.299374,
		1,
	},
	[0.166666666667] = {
		-0.195339,
		-0.025747,
		-0.980398,
		0,
		0.660383,
		0.735612,
		-0.150896,
		0,
		0.725077,
		-0.676914,
		-0.126691,
		0,
		0.446163,
		0.309202,
		-0.329364,
		1,
	},
	[0.183333333333] = {
		-0.225617,
		0.003997,
		-0.974208,
		0,
		0.673953,
		0.722733,
		-0.153116,
		0,
		0.70348,
		-0.691116,
		-0.165755,
		0,
		0.444779,
		0.323923,
		-0.358339,
		1,
	},
	[0.1] = {
		-0.066732,
		-0.14763,
		-0.986789,
		0,
		0.578403,
		0.800141,
		-0.158821,
		0,
		0.813017,
		-0.58136,
		0.031994,
		0,
		0.449702,
		0.257831,
		-0.21105,
		1,
	},
	[0.216666666667] = {
		-0.285032,
		0.058269,
		-0.956745,
		0,
		0.688277,
		0.707132,
		-0.161984,
		0,
		0.667107,
		-0.704677,
		-0.24166,
		0,
		0.442225,
		0.35364,
		-0.410252,
		1,
	},
	[0.233333333333] = {
		-0.314935,
		0.08131,
		-0.945624,
		0,
		0.687435,
		0.7065,
		-0.168198,
		0,
		0.654407,
		-0.703027,
		-0.278397,
		0,
		0.44108,
		0.368239,
		-0.431775,
		1,
	},
	[0.25] = {
		-0.34549,
		0.100793,
		-0.932994,
		0,
		0.680022,
		0.712028,
		-0.174892,
		0,
		0.646689,
		-0.694879,
		-0.31454,
		0,
		0.440022,
		0.382531,
		-0.447408,
		1,
	},
	[0.266666666667] = {
		-0.377068,
		0.116096,
		-0.91888,
		0,
		0.664924,
		0.72457,
		-0.18131,
		0,
		0.644744,
		-0.679352,
		-0.350407,
		0,
		0.439002,
		0.396567,
		-0.456443,
		1,
	},
	[0.283333333333] = {
		-0.409964,
		0.126165,
		-0.903334,
		0,
		0.640786,
		0.744645,
		-0.186809,
		0,
		0.649094,
		-0.655428,
		-0.386123,
		0,
		0.437891,
		0.41038,
		-0.461133,
		1,
	},
	[0.2] = {
		-0.255402,
		0.032234,
		-0.966298,
		0,
		0.683492,
		0.712902,
		-0.156872,
		0,
		0.683819,
		-0.700522,
		-0.204108,
		0,
		0.443448,
		0.338814,
		-0.385539,
		1,
	},
	[0.316666666667] = {
		-0.471444,
		0.07715,
		-0.878515,
		0,
		0.5453,
		0.80841,
		-0.221635,
		0,
		0.693101,
		-0.583542,
		-0.42319,
		0,
		0.39988,
		0.442747,
		-0.45508,
		1,
	},
	[0.333333333333] = {
		-0.526428,
		0.068877,
		-0.847425,
		0,
		0.408199,
		0.8948,
		-0.180849,
		0,
		0.74582,
		-0.441122,
		-0.499164,
		0,
		0.320091,
		0.478154,
		-0.423215,
		1,
	},
	[0.35] = {
		-0.708303,
		0.19352,
		-0.678864,
		0,
		0.115883,
		0.980518,
		0.158602,
		0,
		0.696331,
		0.03367,
		-0.71693,
		0,
		0.200464,
		0.545446,
		-0.358797,
		1,
	},
	[0.366666666667] = {
		-0.878669,
		0.204642,
		-0.43135,
		0,
		-0.107738,
		0.795185,
		0.596719,
		0,
		0.465117,
		0.570791,
		-0.676656,
		0,
		0.075578,
		0.599032,
		-0.262245,
		1,
	},
	[0.383333333333] = {
		-0.944217,
		0.151757,
		-0.292274,
		0,
		-0.193761,
		0.461629,
		0.865653,
		0,
		0.266291,
		0.873996,
		-0.406474,
		0,
		-0.00612,
		0.604914,
		-0.145388,
		1,
	},
	[0.3] = {
		-0.444304,
		0.129782,
		-0.886426,
		0,
		0.605941,
		0.772329,
		-0.19064,
		0,
		0.659871,
		-0.621824,
		-0.421788,
		0,
		0.43651,
		0.423993,
		-0.463722,
		1,
	},
	[0.416666666667] = {
		-0.963076,
		0.084344,
		-0.255676,
		0,
		-0.259973,
		-0.044463,
		0.964592,
		0,
		0.069989,
		0.995444,
		0.064748,
		0,
		-0.103838,
		0.551447,
		0.040365,
		1,
	},
	[0.433333333333] = {
		-0.940361,
		0.119674,
		-0.318432,
		0,
		-0.334954,
		-0.162324,
		0.928147,
		0,
		0.059386,
		0.979453,
		0.192729,
		0,
		-0.144897,
		0.483296,
		0.111814,
		1,
	},
	[0.45] = {
		-0.895825,
		0.211232,
		-0.390996,
		0,
		-0.443048,
		-0.355773,
		0.822882,
		0,
		0.034714,
		0.910388,
		0.412296,
		0,
		-0.226395,
		0.376187,
		0.182073,
		1,
	},
	[0.466666666667] = {
		-0.877599,
		0.326273,
		-0.351234,
		0,
		-0.474509,
		-0.486871,
		0.733347,
		0,
		0.068266,
		0.810249,
		0.582097,
		0,
		-0.309222,
		0.258081,
		0.217236,
		1,
	},
	[0.483333333333] = {
		-0.872178,
		0.322113,
		-0.36817,
		0,
		-0.486752,
		-0.646464,
		0.5875,
		0,
		-0.048767,
		0.691612,
		0.720621,
		0,
		-0.4095,
		0.152107,
		0.197777,
		1,
	},
	[0.4] = {
		-0.968144,
		0.094114,
		-0.232034,
		0,
		-0.221005,
		0.114419,
		0.968537,
		0,
		0.117702,
		0.988965,
		-0.089975,
		0,
		-0.065889,
		0.590907,
		-0.035676,
		1,
	},
	[0.516666666667] = {
		-0.755932,
		0.397657,
		-0.520034,
		0,
		-0.515408,
		-0.851295,
		0.098244,
		0,
		-0.403635,
		0.342296,
		0.848477,
		0,
		-0.488035,
		-0.07135,
		0.126073,
		1,
	},
	[0.533333333333] = {
		-0.650603,
		0.496439,
		-0.574686,
		0,
		-0.510102,
		-0.846292,
		-0.153576,
		0,
		-0.562593,
		0.193231,
		0.803835,
		0,
		-0.498389,
		-0.142321,
		0.091172,
		1,
	},
	[0.55] = {
		-0.581598,
		0.551214,
		-0.598253,
		0,
		-0.48943,
		-0.824536,
		-0.283901,
		0,
		-0.649771,
		0.127687,
		0.749329,
		0,
		-0.501711,
		-0.144971,
		0.066564,
		1,
	},
	[0.566666666667] = {
		-0.513794,
		0.602589,
		-0.610657,
		0,
		-0.459406,
		-0.794388,
		-0.397359,
		0,
		-0.724542,
		0.076379,
		0.684985,
		0,
		-0.503116,
		-0.146501,
		0.041506,
		1,
	},
	[0.583333333333] = {
		-0.448168,
		0.649487,
		-0.614257,
		0,
		-0.423458,
		-0.759386,
		-0.49398,
		0,
		-0.787292,
		0.038726,
		0.615363,
		0,
		-0.502829,
		-0.14709,
		0.016296,
		1,
	},
	[0.5] = {
		-0.84719,
		0.312604,
		-0.429591,
		0,
		-0.486603,
		-0.781138,
		0.391205,
		0,
		-0.213278,
		0.540465,
		0.813886,
		0,
		-0.473761,
		0.050046,
		0.162958,
		1,
	},
	[0.616666666667] = {
		-0.324904,
		0.727865,
		-0.603863,
		0,
		-0.344144,
		-0.685721,
		-0.641368,
		0,
		-0.88091,
		-0.000567,
		0.473283,
		0,
		-0.498046,
		-0.146217,
		-0.033838,
		1,
	},
	[0.633333333333] = {
		-0.267209,
		0.75944,
		-0.59317,
		0,
		-0.304347,
		-0.650555,
		-0.695809,
		0,
		-0.914315,
		-0.005398,
		0.404968,
		0,
		-0.493928,
		-0.145103,
		-0.058638,
		1,
	},
	[0.65] = {
		-0.211816,
		0.786263,
		-0.580451,
		0,
		-0.265965,
		-0.617887,
		-0.739918,
		0,
		-0.940424,
		-0.002347,
		0.339997,
		0,
		-0.488866,
		-0.143714,
		-0.08324,
		1,
	},
	[0.666666666667] = {
		-0.15839,
		0.808648,
		-0.566569,
		0,
		-0.229653,
		-0.588247,
		-0.775387,
		0,
		-0.960298,
		0.007301,
		0.278881,
		0,
		-0.48298,
		-0.142149,
		-0.107653,
		1,
	},
	[0.683333333333] = {
		-0.106484,
		0.826911,
		-0.552158,
		0,
		-0.195868,
		-0.561879,
		-0.803696,
		0,
		-0.974832,
		0.022569,
		0.221796,
		0,
		-0.476384,
		-0.140425,
		-0.131896,
		1,
	},
	[0.6] = {
		-0.385175,
		0.691267,
		-0.611384,
		0,
		-0.384344,
		-0.722471,
		-0.57473,
		0,
		-0.839,
		0.01361,
		0.543962,
		0,
		-0.501071,
		-0.146932,
		-0.008848,
		1,
	},
	[0.716666666667] = {
		-0.005509,
		0.85206,
		-0.523415,
		0,
		-0.136892,
		-0.519138,
		-0.843657,
		0,
		-0.990571,
		0.067003,
		0.1195,
		0,
		-0.461438,
		-0.136471,
		-0.1799,
		1,
	},
	[0.733333333333] = {
		0.044166,
		0.859272,
		-0.509608,
		0,
		-0.111959,
		-0.502635,
		-0.857218,
		0,
		-0.992731,
		0.094915,
		0.074004,
		0,
		-0.453245,
		-0.134267,
		-0.203623,
		1,
	},
	[0.75] = {
		0.093644,
		0.863031,
		-0.496396,
		0,
		-0.090109,
		-0.489194,
		-0.867508,
		0,
		-0.99152,
		0.125966,
		0.031956,
		0,
		-0.444657,
		-0.131917,
		-0.227141,
		1,
	},
	[0.766666666667] = {
		0.143124,
		0.863358,
		-0.483868,
		0,
		-0.07133,
		-0.478632,
		-0.875114,
		0,
		-0.987131,
		0.159763,
		-0.006921,
		0,
		-0.435728,
		-0.129421,
		-0.250442,
		1,
	},
	[0.783333333333] = {
		0.192746,
		0.860231,
		-0.472072,
		0,
		-0.055597,
		-0.470746,
		-0.880515,
		0,
		-0.979672,
		0.195962,
		-0.042908,
		0,
		-0.426508,
		-0.126775,
		-0.273506,
		1,
	},
	[0.7] = {
		-0.055633,
		0.841318,
		-0.53767,
		0,
		-0.164894,
		-0.538851,
		-0.826105,
		0,
		-0.984741,
		0.0427,
		0.168707,
		0,
		-0.469177,
		-0.138526,
		-0.155983,
		1,
	},
	[0.816666666667] = {
		0.292689,
		0.843319,
		-0.450717,
		0,
		-0.033152,
		-0.462126,
		-0.886194,
		0,
		-0.955633,
		0.274322,
		-0.107302,
		0,
		-0.407369,
		-0.121024,
		-0.31883,
		1,
	},
	[0.833333333333] = {
		0.342986,
		0.829319,
		-0.441125,
		0,
		-0.026377,
		-0.460923,
		-0.887048,
		0,
		-0.93897,
		0.315881,
		-0.136215,
		0,
		-0.397529,
		-0.117913,
		-0.341032,
		1,
	},
	[0.85] = {
		0.393374,
		0.811453,
		-0.432204,
		0,
		-0.022522,
		-0.461459,
		-0.886876,
		0,
		-0.919103,
		0.358608,
		-0.16325,
		0,
		-0.387557,
		-0.114647,
		-0.362885,
		1,
	},
	[0.866666666667] = {
		0.443677,
		0.789595,
		-0.4239,
		0,
		-0.021543,
		-0.46347,
		-0.885851,
		0,
		-0.895928,
		0.402163,
		-0.188621,
		0,
		-0.377486,
		-0.111229,
		-0.384354,
		1,
	},
	[0.883333333333] = {
		0.493648,
		0.763635,
		-0.416142,
		0,
		-0.023383,
		-0.466682,
		-0.884116,
		0,
		-0.869348,
		0.446172,
		-0.21252,
		0,
		-0.367347,
		-0.107667,
		-0.405403,
		1,
	},
	[0.8] = {
		0.242595,
		0.853584,
		-0.461024,
		0,
		-0.042881,
		-0.46532,
		-0.884103,
		0,
		-0.96918,
		0.234248,
		-0.076282,
		0,
		-0.417041,
		-0.123977,
		-0.296311,
		1,
	},
	[0.916666666667] = {
		0.591294,
		0.699157,
		-0.401933,
		0,
		-0.035186,
		-0.475554,
		-0.878982,
		0,
		-0.805688,
		0.53388,
		-0.256592,
		0,
		-0.346982,
		-0.100165,
		-0.446089,
		1,
	},
	[0.933333333333] = {
		0.638182,
		0.660658,
		-0.39529,
		0,
		-0.044904,
		-0.480626,
		-0.875775,
		0,
		-0.768575,
		0.576654,
		-0.277061,
		0,
		-0.336809,
		-0.096265,
		-0.465649,
		1,
	},
	[0.95] = {
		0.683187,
		0.618127,
		-0.388812,
		0,
		-0.056937,
		-0.485731,
		-0.872252,
		0,
		-0.728021,
		0.618049,
		-0.29665,
		0,
		-0.326679,
		-0.092302,
		-0.484633,
		1,
	},
	[0.966666666667] = {
		0.725836,
		0.571792,
		-0.382381,
		0,
		-0.071059,
		-0.490592,
		-0.868488,
		0,
		-0.684187,
		0.657552,
		-0.315458,
		0,
		-0.316618,
		-0.088311,
		-0.503002,
		1,
	},
	[0.983333333333] = {
		0.765667,
		0.522005,
		-0.375852,
		0,
		-0.086992,
		-0.494912,
		-0.864578,
		0,
		-0.637327,
		0.694675,
		-0.333528,
		0,
		-0.306654,
		-0.084306,
		-0.520721,
		1,
	},
	[0.9] = {
		0.542977,
		0.733497,
		-0.40885,
		0,
		-0.027966,
		-0.470808,
		-0.881793,
		0,
		-0.839282,
		0.490226,
		-0.235125,
		0,
		-0.35717,
		-0.103973,
		-0.425994,
		1,
	},
	[1.01666666667] = {
		0.8352,
		0.414053,
		-0.361941,
		0,
		-0.12294,
		-0.500912,
		-0.856722,
		0,
		-0.536029,
		0.760031,
		-0.367458,
		0,
		-0.287142,
		-0.076307,
		-0.554057,
		1,
	},
	[1.03333333333] = {
		0.864237,
		0.357114,
		-0.354349,
		0,
		-0.142175,
		-0.502268,
		-0.852944,
		0,
		-0.482576,
		0.787526,
		-0.383306,
		0,
		-0.277664,
		-0.072377,
		-0.569594,
		1,
	},
	[1.05] = {
		0.889178,
		0.299162,
		-0.346214,
		0,
		-0.161678,
		-0.502419,
		-0.849374,
		0,
		-0.428045,
		0.81122,
		-0.398372,
		0,
		-0.268426,
		-0.068541,
		-0.584321,
		1,
	},
	[1.06666666667] = {
		0.909964,
		0.240996,
		-0.337471,
		0,
		-0.180997,
		-0.501373,
		-0.846088,
		0,
		-0.373103,
		0.830991,
		-0.412612,
		0,
		-0.259476,
		-0.064837,
		-0.598194,
		1,
	},
	[1.08333333333] = {
		0.926671,
		0.183443,
		-0.328068,
		0,
		-0.199679,
		-0.499211,
		-0.843159,
		0,
		-0.318447,
		0.84684,
		-0.425975,
		0,
		-0.250866,
		-0.061303,
		-0.611171,
		1,
	},
	{
		0.802247,
		0.469237,
		-0.369076,
		0,
		-0.104409,
		-0.498416,
		-0.860628,
		0,
		-0.587792,
		0.728971,
		-0.35086,
		0,
		-0.296817,
		-0.080294,
		-0.537753,
		1,
	},
	[1.11666666667] = {
		0.948815,
		0.073454,
		-0.307171,
		0,
		-0.233391,
		-0.492195,
		-0.838614,
		0,
		-0.212787,
		0.86738,
		-0.449859,
		0,
		-0.234898,
		-0.054887,
		-0.634254,
		1,
	},
	[1.13333333333] = {
		0.95503,
		0.022562,
		-0.295651,
		0,
		-0.247617,
		-0.487809,
		-0.837095,
		0,
		-0.163107,
		0.872659,
		-0.460285,
		0,
		-0.227667,
		-0.052073,
		-0.644267,
		1,
	},
	[1.15] = {
		0.958681,
		-0.024669,
		-0.283413,
		0,
		-0.259616,
		-0.483216,
		-0.836123,
		0,
		-0.116323,
		0.875154,
		-0.469654,
		0,
		-0.221029,
		-0.049557,
		-0.6532,
		1,
	},
	[1.16666666667] = {
		0.960353,
		-0.067641,
		-0.270459,
		0,
		-0.269076,
		-0.478725,
		-0.835715,
		0,
		-0.072947,
		0.875355,
		-0.477946,
		0,
		-0.21505,
		-0.047366,
		-0.661005,
		1,
	},
	[1.18333333333] = {
		0.960655,
		-0.105835,
		-0.256788,
		0,
		-0.275725,
		-0.474648,
		-0.835874,
		0,
		-0.033419,
		0.87379,
		-0.485154,
		0,
		-0.209801,
		-0.045516,
		-0.667633,
		1,
	},
	[1.1] = {
		0.93951,
		0.127329,
		-0.317975,
		0,
		-0.217283,
		-0.496081,
		-0.840649,
		0,
		-0.264781,
		0.858889,
		-0.438407,
		0,
		-0.242653,
		-0.057975,
		-0.623206,
		1,
	},
	[1.21666666667] = {
		0.959549,
		-0.166189,
		-0.22726,
		0,
		-0.279639,
		-0.468881,
		-0.837827,
		0,
		0.032679,
		0.867486,
		-0.496387,
		0,
		-0.201759,
		-0.042899,
		-0.677168,
		1,
	},
	[1.23333333333] = {
		0.959228,
		-0.187645,
		-0.211355,
		0,
		-0.276473,
		-0.467674,
		-0.83955,
		0,
		0.058692,
		0.863753,
		-0.500485,
		0,
		-0.199094,
		-0.04215,
		-0.679978,
		1,
	},
	[1.25] = {
		0.959663,
		-0.202888,
		-0.194638,
		0,
		-0.269617,
		-0.46782,
		-0.841695,
		0,
		0.079714,
		0.860222,
		-0.503651,
		0,
		-0.19741,
		-0.041781,
		-0.681417,
		1,
	},
	[1.2] = {
		0.960196,
		-0.13881,
		-0.242394,
		0,
		-0.27932,
		-0.471278,
		-0.836587,
		0,
		0.001891,
		0.870993,
		-0.491292,
		0,
		-0.205349,
		-0.044024,
		-0.673037,
		1,
	},
}

return spline_matrices
