-- chunkname: @content/characters/player/human/first_person/animations/power_sword/heavy_swing_left.lua

local spline_matrices = {
	[0.0166666666667] = {
		0.178983,
		-0.264094,
		-0.947744,
		0,
		0.497076,
		0.855584,
		-0.144539,
		0,
		0.849047,
		-0.445231,
		0.28441,
		0,
		0.447331,
		0.230587,
		-0.09751,
		1,
	},
	[0.0333333333333] = {
		0.174655,
		-0.268775,
		-0.947236,
		0,
		0.486987,
		0.8597,
		-0.154144,
		0,
		0.855768,
		-0.434369,
		0.281041,
		0,
		0.447315,
		0.230191,
		-0.097786,
		1,
	},
	[0.05] = {
		0.170471,
		-0.273283,
		-0.946708,
		0,
		0.477128,
		0.863519,
		-0.163354,
		0,
		0.862142,
		-0.423854,
		0.277596,
		0,
		0.4473,
		0.229808,
		-0.098052,
		1,
	},
	[0.0666666666667] = {
		0.166459,
		-0.27759,
		-0.946169,
		0,
		0.46758,
		0.867033,
		-0.172112,
		0,
		0.868136,
		-0.413759,
		0.274121,
		0,
		0.447285,
		0.229441,
		-0.098306,
		1,
	},
	[0.0833333333333] = {
		0.162475,
		-0.281393,
		-0.945738,
		0,
		0.457095,
		0.87089,
		-0.180595,
		0,
		0.874452,
		-0.402949,
		0.270121,
		0,
		0.446897,
		0.229728,
		-0.099144,
		1,
	},
	[0] = {
		0.183427,
		-0.25927,
		-0.948227,
		0,
		0.50732,
		0.851182,
		-0.134599,
		0,
		0.84201,
		-0.456365,
		0.287662,
		0,
		0.447347,
		0.230995,
		-0.097227,
		1,
	},
	[0.116666666667] = {
		0.151453,
		-0.288339,
		-0.945475,
		0,
		0.439835,
		0.876256,
		-0.196774,
		0,
		0.885216,
		-0.386051,
		0.259533,
		0,
		0.446583,
		0.228981,
		-0.103737,
		1,
	},
	[0.133333333333] = {
		0.144972,
		-0.291434,
		-0.945542,
		0,
		0.433097,
		0.877915,
		-0.204187,
		0,
		0.889612,
		-0.37991,
		0.253493,
		0,
		0.44663,
		0.228049,
		-0.107072,
		1,
	},
	[0.15] = {
		0.138222,
		-0.29425,
		-0.945681,
		0,
		0.427656,
		0.878974,
		-0.210987,
		0,
		0.893311,
		-0.375263,
		0.247331,
		0,
		0.446795,
		0.226812,
		-0.11082,
		1,
	},
	[0.166666666667] = {
		0.172539,
		-0.153188,
		-0.973018,
		0,
		0.131131,
		0.982612,
		-0.131446,
		0,
		0.976235,
		-0.104914,
		0.189627,
		0,
		0.415495,
		0.301763,
		-0.101672,
		1,
	},
	[0.183333333333] = {
		0.162846,
		-0.001021,
		-0.986651,
		0,
		-0.185079,
		0.982217,
		-0.031563,
		0,
		0.969137,
		0.187748,
		0.159761,
		0,
		0.363775,
		0.413226,
		-0.082022,
		1,
	},
	[0.1] = {
		0.15738,
		-0.284984,
		-0.945524,
		0,
		0.447842,
		0.873938,
		-0.188866,
		0,
		0.880153,
		-0.393721,
		0.265168,
		0,
		0.446667,
		0.229558,
		-0.101024,
		1,
	},
	[0.216666666667] = {
		0.038491,
		0.114254,
		-0.992706,
		0,
		-0.773708,
		0.632098,
		0.042751,
		0,
		0.632372,
		0.766419,
		0.11273,
		0,
		0.170951,
		0.566294,
		-0.071431,
		1,
	},
	[0.233333333333] = {
		-0.002313,
		0.082367,
		-0.996599,
		0,
		-0.955262,
		0.294567,
		0.026562,
		0,
		0.295753,
		0.952075,
		0.078001,
		0,
		0.031264,
		0.607223,
		-0.073953,
		1,
	},
	[0.25] = {
		0.020992,
		0.089383,
		-0.995776,
		0,
		-0.994878,
		-0.096636,
		-0.029647,
		0,
		-0.098878,
		0.991298,
		0.086897,
		0,
		-0.143381,
		0.575318,
		-0.08084,
		1,
	},
	[0.266666666667] = {
		0.053956,
		0.120232,
		-0.991278,
		0,
		-0.89272,
		-0.438954,
		-0.101832,
		0,
		-0.447369,
		0.890429,
		0.08365,
		0,
		-0.299235,
		0.495323,
		-0.090191,
		1,
	},
	[0.283333333333] = {
		0.063214,
		0.147399,
		-0.987055,
		0,
		-0.741813,
		-0.654683,
		-0.145273,
		0,
		-0.667621,
		0.741393,
		0.067957,
		0,
		-0.386445,
		0.376414,
		-0.092936,
		1,
	},
	[0.2] = {
		0.112204,
		0.104616,
		-0.988163,
		0,
		-0.493801,
		0.868833,
		0.035913,
		0,
		0.862306,
		0.483926,
		0.149146,
		0,
		0.292335,
		0.493343,
		-0.070457,
		1,
	},
	[0.316666666667] = {
		0.04867,
		0.19697,
		-0.979201,
		0,
		-0.362024,
		-0.910221,
		-0.201088,
		0,
		-0.930898,
		0.364281,
		0.027007,
		0,
		-0.485144,
		0.148778,
		-0.152625,
		1,
	},
	[0.333333333333] = {
		0.043139,
		0.214339,
		-0.975806,
		0,
		-0.166512,
		-0.961512,
		-0.21856,
		0,
		-0.985095,
		0.171912,
		-0.005789,
		0,
		-0.501133,
		0.060377,
		-0.18177,
		1,
	},
	[0.35] = {
		0.048937,
		0.229561,
		-0.972063,
		0,
		0.007784,
		-0.973287,
		-0.229458,
		0,
		-0.998772,
		0.003662,
		-0.049417,
		0,
		-0.492728,
		0.009389,
		-0.19948,
		1,
	},
	[0.366666666667] = {
		0.062189,
		0.245825,
		-0.967317,
		0,
		0.161144,
		-0.95895,
		-0.233339,
		0,
		-0.98497,
		-0.141367,
		-0.09925,
		0,
		-0.481547,
		-0.016572,
		-0.211827,
		1,
	},
	[0.383333333333] = {
		0.083478,
		0.264734,
		-0.960701,
		0,
		0.297323,
		-0.926772,
		-0.229549,
		0,
		-0.951121,
		-0.266476,
		-0.156077,
		0,
		-0.468426,
		-0.034955,
		-0.226471,
		1,
	},
	[0.3] = {
		0.060024,
		0.174148,
		-0.982888,
		0,
		-0.563659,
		-0.806742,
		-0.177361,
		0,
		-0.823824,
		0.56466,
		0.049737,
		0,
		-0.441474,
		0.262673,
		-0.118657,
		1,
	},
	[0.416666666667] = {
		0.166383,
		0.315592,
		-0.934194,
		0,
		0.506185,
		-0.84038,
		-0.193746,
		0,
		-0.846223,
		-0.440639,
		-0.299573,
		0,
		-0.438774,
		-0.111192,
		-0.29867,
		1,
	},
	[0.433333333333] = {
		0.194526,
		0.329794,
		-0.923794,
		0,
		0.531979,
		-0.82672,
		-0.183118,
		0,
		-0.82411,
		-0.455818,
		-0.336262,
		0,
		-0.416909,
		-0.134219,
		-0.347992,
		1,
	},
	[0.45] = {
		0.281286,
		0.326706,
		-0.902298,
		0,
		0.490597,
		-0.857056,
		-0.157384,
		0,
		-0.824738,
		-0.398395,
		-0.401359,
		0,
		-0.382245,
		-0.135165,
		-0.402197,
		1,
	},
	[0.466666666667] = {
		0.398296,
		0.305726,
		-0.864808,
		0,
		0.412725,
		-0.901719,
		-0.12869,
		0,
		-0.819157,
		-0.305671,
		-0.485332,
		0,
		-0.339314,
		-0.128067,
		-0.454944,
		1,
	},
	[0.483333333333] = {
		0.531671,
		0.258295,
		-0.806604,
		0,
		0.299783,
		-0.9481,
		-0.106005,
		0,
		-0.792121,
		-0.185446,
		-0.58151,
		0,
		-0.29032,
		-0.114007,
		-0.499639,
		1,
	},
	[0.4] = {
		0.112698,
		0.287233,
		-0.951208,
		0,
		0.417771,
		-0.882277,
		-0.216921,
		0,
		-0.901536,
		-0.372941,
		-0.219429,
		0,
		-0.45439,
		-0.062941,
		-0.251016,
		1,
	},
	[0.516666666667] = {
		0.770229,
		0.075913,
		-0.633233,
		0,
		0.007903,
		-0.993951,
		-0.109543,
		0,
		-0.637718,
		0.079368,
		-0.76617,
		0,
		-0.181872,
		-0.07094,
		-0.549417,
		1,
	},
	[0.533333333333] = {
		0.842882,
		-0.040756,
		-0.536553,
		0,
		-0.135722,
		-0.980991,
		-0.138693,
		0,
		-0.520701,
		0.189724,
		-0.832391,
		0,
		-0.127499,
		-0.046144,
		-0.569418,
		1,
	},
	[0.55] = {
		0.880004,
		-0.152194,
		-0.449923,
		0,
		-0.255106,
		-0.950492,
		-0.177441,
		0,
		-0.400642,
		0.270927,
		-0.875262,
		0,
		-0.077525,
		-0.022772,
		-0.587891,
		1,
	},
	[0.566666666667] = {
		0.891359,
		-0.243013,
		-0.382653,
		0,
		-0.341852,
		-0.914737,
		-0.215391,
		0,
		-0.297684,
		0.322801,
		-0.898434,
		0,
		-0.036213,
		-0.003459,
		-0.603672,
		1,
	},
	[0.583333333333] = {
		0.890439,
		-0.302739,
		-0.339804,
		0,
		-0.394117,
		-0.886321,
		-0.243121,
		0,
		-0.227573,
		0.350407,
		-0.908529,
		0,
		-0.008094,
		0.009506,
		-0.615912,
		1,
	},
	[0.5] = {
		0.66229,
		0.180156,
		-0.727265,
		0,
		0.159592,
		-0.982307,
		-0.098,
		0,
		-0.732053,
		-0.051161,
		-0.679324,
		0,
		-0.237111,
		-0.09436,
		-0.529304,
		1,
	},
	[0.616666666667] = {
		0.884221,
		-0.365405,
		-0.290915,
		0,
		-0.443012,
		-0.853445,
		-0.274539,
		0,
		-0.147962,
		0.371632,
		-0.916513,
		0,
		0.003595,
		0.016618,
		-0.630456,
		1,
	},
	[0.633333333333] = {
		0.877875,
		-0.400807,
		-0.262086,
		0,
		-0.46819,
		-0.833365,
		-0.293771,
		0,
		-0.100667,
		0.3806,
		-0.919244,
		0,
		0.004881,
		0.01872,
		-0.633571,
		1,
	},
	[0.65] = {
		0.870616,
		-0.430913,
		-0.237366,
		0,
		-0.488349,
		-0.815357,
		-0.310981,
		0,
		-0.059533,
		0.386662,
		-0.920298,
		0,
		0.006218,
		0.020421,
		-0.634586,
		1,
	},
	[0.666666666667] = {
		0.863186,
		-0.456186,
		-0.216345,
		0,
		-0.504306,
		-0.799579,
		-0.326111,
		0,
		-0.024217,
		0.390598,
		-0.920243,
		0,
		0.007538,
		0.021777,
		-0.635148,
		1,
	},
	[0.683333333333] = {
		0.856118,
		-0.47708,
		-0.198638,
		0,
		-0.51675,
		-0.786087,
		-0.339171,
		0,
		0.005665,
		0.393017,
		-0.919514,
		0,
		0.008795,
		0.022827,
		-0.6353,
		1,
	},
	[0.6] = {
		0.88865,
		-0.324263,
		-0.324274,
		0,
		-0.41187,
		-0.875289,
		-0.25344,
		0,
		-0.201652,
		0.358778,
		-0.911381,
		0,
		0.00245,
		0.014059,
		-0.623918,
		1,
	},
	[0.716666666667] = {
		0.844415,
		-0.507381,
		-0.171839,
		0,
		-0.533285,
		-0.765839,
		-0.359302,
		0,
		0.050702,
		0.395039,
		-0.917264,
		0,
		0.010995,
		0.024147,
		-0.634531,
		1,
	},
	[0.733333333333] = {
		0.840166,
		-0.517511,
		-0.162185,
		0,
		-0.538224,
		-0.758923,
		-0.366539,
		0,
		0.066602,
		0.395245,
		-0.916158,
		0,
		0.011895,
		0.024478,
		-0.63368,
		1,
	},
	[0.75] = {
		0.837104,
		-0.524708,
		-0.154719,
		0,
		-0.541376,
		-0.754001,
		-0.372015,
		0,
		0.078541,
		0.395177,
		-0.915241,
		0,
		0.012642,
		0.024624,
		-0.632557,
		1,
	},
	[0.766666666667] = {
		0.835244,
		-0.529235,
		-0.149255,
		0,
		-0.542982,
		-0.750947,
		-0.375831,
		0,
		0.086821,
		0.394954,
		-0.914589,
		0,
		0.013227,
		0.024609,
		-0.631192,
		1,
	},
	[0.783333333333] = {
		0.834557,
		-0.531323,
		-0.145636,
		0,
		-0.543234,
		-0.749632,
		-0.378086,
		0,
		0.091713,
		0.394649,
		-0.914243,
		0,
		0.013643,
		0.02445,
		-0.629608,
		1,
	},
	[0.7] = {
		0.84978,
		-0.494017,
		-0.183904,
		0,
		-0.526254,
		-0.774862,
		-0.35021,
		0,
		0.03051,
		0.394381,
		-0.91844,
		0,
		0.009956,
		0.023606,
		-0.635082,
		1,
	},
	[0.816666666667] = {
		0.836432,
		-0.52897,
		-0.143429,
		0,
		-0.540242,
		-0.751679,
		-0.378308,
		0,
		0.092301,
		0.393915,
		-0.914501,
		0,
		0.013954,
		0.02377,
		-0.625874,
		1,
	},
	[0.833333333333] = {
		0.838803,
		-0.524871,
		-0.144637,
		0,
		-0.537205,
		-0.754772,
		-0.376469,
		0,
		0.08843,
		0.393483,
		-0.915069,
		0,
		0.013845,
		0.023277,
		-0.623767,
		1,
	},
	[0.85] = {
		0.841985,
		-0.519028,
		-0.147215,
		0,
		-0.533217,
		-0.759065,
		-0.373497,
		0,
		0.08211,
		0.392977,
		-0.915875,
		0,
		0.013603,
		0.022701,
		-0.621523,
		1,
	},
	[0.866666666667] = {
		0.845859,
		-0.511581,
		-0.151021,
		0,
		-0.528303,
		-0.764422,
		-0.369533,
		0,
		0.073603,
		0.392358,
		-0.916863,
		0,
		0.01328,
		0.022052,
		-0.619161,
		1,
	},
	[0.883333333333] = {
		0.850295,
		-0.502665,
		-0.155968,
		0,
		-0.522509,
		-0.770707,
		-0.364684,
		0,
		0.063108,
		0.391584,
		-0.917976,
		0,
		0.012886,
		0.021342,
		-0.616698,
		1,
	},
	[0.8] = {
		0.834982,
		-0.531175,
		-0.143731,
		0,
		-0.542282,
		-0.749921,
		-0.378879,
		0,
		0.093464,
		0.3943,
		-0.914217,
		0,
		0.013887,
		0.024165,
		-0.627828,
		1,
	},
	[0.916666666667] = {
		0.860304,
		-0.48097,
		-0.168952,
		0,
		-0.508441,
		-0.785522,
		-0.352766,
		0,
		0.036954,
		0.389388,
		-0.920332,
		0,
		0.011943,
		0.019785,
		-0.611541,
		1,
	},
	[0.933333333333] = {
		0.865607,
		-0.468467,
		-0.176814,
		0,
		-0.500254,
		-0.793779,
		-0.34592,
		0,
		0.021701,
		0.387883,
		-0.921453,
		0,
		0.011417,
		0.01896,
		-0.608883,
		1,
	},
	[0.95] = {
		0.870935,
		-0.455055,
		-0.185463,
		0,
		-0.491369,
		-0.802422,
		-0.338637,
		0,
		0.005279,
		0.386061,
		-0.922458,
		0,
		0.010872,
		0.018121,
		-0.606196,
		1,
	},
	[0.966666666667] = {
		0.876169,
		-0.440888,
		-0.194795,
		0,
		-0.481852,
		-0.811317,
		-0.331033,
		0,
		-0.012092,
		0.383904,
		-0.923294,
		0,
		0.01032,
		0.017279,
		-0.603499,
		1,
	},
	[0.983333333333] = {
		0.881198,
		-0.426131,
		-0.204701,
		0,
		-0.471783,
		-0.82033,
		-0.323233,
		0,
		-0.030183,
		0.381406,
		-0.923915,
		0,
		0.009771,
		0.016452,
		-0.600812,
		1,
	},
	[0.9] = {
		0.855155,
		-0.492417,
		-0.161974,
		0,
		-0.515875,
		-0.777786,
		-0.359058,
		0,
		0.050825,
		0.390608,
		-0.919153,
		0,
		0.012436,
		0.020583,
		-0.614152,
		1,
	},
	[1.01666666667] = {
		0.890271,
		-0.395568,
		-0.225705,
		0,
		-0.450391,
		-0.838215,
		-0.307478,
		0,
		-0.067561,
		0.375395,
		-0.924399,
		0,
		0.008722,
		0.01486,
		-0.595552,
		1,
	},
	[1.03333333333] = {
		0.894174,
		-0.380153,
		-0.23651,
		0,
		-0.439314,
		-0.846857,
		-0.299726,
		0,
		-0.086348,
		0.371909,
		-0.924244,
		0,
		0.008238,
		0.014099,
		-0.593023,
		1,
	},
	[1.05] = {
		0.897591,
		-0.364927,
		-0.247305,
		0,
		-0.428178,
		-0.855154,
		-0.292189,
		0,
		-0.104856,
		0.368157,
		-0.923832,
		0,
		0.007792,
		0.013364,
		-0.590592,
		1,
	},
	[1.06666666667] = {
		0.900499,
		-0.35011,
		-0.257922,
		0,
		-0.417152,
		-0.863007,
		-0.284963,
		0,
		-0.12282,
		0.364201,
		-0.923186,
		0,
		0.007388,
		0.012659,
		-0.588281,
		1,
	},
	[1.08333333333] = {
		0.9029,
		-0.335929,
		-0.268187,
		0,
		-0.406423,
		-0.870322,
		-0.278138,
		0,
		-0.139974,
		0.360128,
		-0.922342,
		0,
		0.007028,
		0.011988,
		-0.586117,
		1,
	},
	{
		0.885925,
		-0.410961,
		-0.215052,
		0,
		-0.461258,
		-0.829335,
		-0.315347,
		0,
		-0.048755,
		0.378569,
		-0.924288,
		0,
		0.009235,
		0.015645,
		-0.598156,
		1,
	},
	[1.11666666667] = {
		0.906265,
		-0.310405,
		-0.286936,
		0,
		-0.386671,
		-0.883011,
		-0.26604,
		0,
		-0.170787,
		0.352052,
		-0.920267,
		0,
		0.006454,
		0.01077,
		-0.582324,
		1,
	},
	[1.13333333333] = {
		0.907318,
		-0.299534,
		-0.295049,
		0,
		-0.378087,
		-0.888238,
		-0.260928,
		0,
		-0.183917,
		0.348298,
		-0.919164,
		0,
		0.00624,
		0.010235,
		-0.580746,
		1,
	},
	[1.15] = {
		0.908026,
		-0.290241,
		-0.302073,
		0,
		-0.370665,
		-0.892633,
		-0.256542,
		0,
		-0.195181,
		0.344914,
		-0.918117,
		0,
		0.006074,
		0.009756,
		-0.579414,
		1,
	},
	[1.16666666667] = {
		0.908456,
		-0.282761,
		-0.30782,
		0,
		-0.364636,
		-0.896133,
		-0.252955,
		0,
		-0.204322,
		0.342041,
		-0.917203,
		0,
		0.005956,
		0.00934,
		-0.578355,
		1,
	},
	[1.18333333333] = {
		0.908669,
		-0.277325,
		-0.312107,
		0,
		-0.360227,
		-0.898675,
		-0.250239,
		0,
		-0.211085,
		0.339814,
		-0.916499,
		0,
		0.005883,
		0.008992,
		-0.577592,
		1,
	},
	[1.1] = {
		0.904809,
		-0.322615,
		-0.27792,
		0,
		-0.396191,
		-0.877015,
		-0.271803,
		0,
		-0.156052,
		0.356039,
		-0.921349,
		0,
		0.006717,
		0.011356,
		-0.584122,
		1,
	},
	[1.21666666667] = {
		0.908777,
		-0.272856,
		-0.315713,
		0,
		-0.356581,
		-0.900769,
		-0.247921,
		0,
		-0.216738,
		0.337881,
		-0.915893,
		0,
		0.005834,
		0.00867,
		-0.576972,
		1,
	},
	[1.23333333333] = {
		0.908777,
		-0.272856,
		-0.315713,
		0,
		-0.356581,
		-0.900769,
		-0.247921,
		0,
		-0.216738,
		0.337881,
		-0.915893,
		0,
		0.005834,
		0.00867,
		-0.576972,
		1,
	},
	[1.2] = {
		0.908753,
		-0.274006,
		-0.314784,
		0,
		-0.357521,
		-0.900232,
		-0.248516,
		0,
		-0.215284,
		0.338382,
		-0.916052,
		0,
		0.005846,
		0.008753,
		-0.577131,
		1,
	},
}

return spline_matrices
