-- chunkname: @content/characters/player/human/first_person/animations/power_sword/heavy_swing_down_right.lua

local spline_matrices = {
	[0.03333333333333333] = {
		0.925302,
		-0.194985,
		0.325263,
		0,
		-0.372539,
		-0.627771,
		0.683461,
		0,
		0.070926,
		-0.753581,
		-0.653517,
		0,
		-0.255088,
		-0.065075,
		0.126368,
		1,
	},
	[0.06666666666666667] = {
		0.946884,
		-0.197543,
		0.253748,
		0,
		-0.312313,
		-0.376886,
		0.872019,
		0,
		-0.076627,
		-0.90495,
		-0.418563,
		0,
		-0.221283,
		0.004291,
		0.177255,
		1,
	},
	[0] = {
		0.894305,
		-0.20686,
		0.396772,
		0,
		-0.391355,
		-0.791494,
		0.469445,
		0,
		0.216933,
		-0.575105,
		-0.788793,
		0,
		-0.284313,
		-0.119832,
		0.081893,
		1,
	},
	[0.13333333333333333] = {
		0.959893,
		-0.205446,
		0.19078,
		0,
		-0.060592,
		0.512372,
		0.856623,
		0,
		-0.27374,
		-0.833826,
		0.479374,
		0,
		-0.142298,
		0.178224,
		0.259772,
		1,
	},
	[0.16666666666666666] = {
		0.968624,
		-0.178134,
		0.173306,
		0,
		0.014408,
		0.736402,
		0.676391,
		0,
		-0.248112,
		-0.652672,
		0.715863,
		0,
		-0.103821,
		0.249718,
		0.266282,
		1,
	},
	[0.1] = {
		0.956089,
		-0.207718,
		0.206755,
		0,
		-0.201523,
		0.04628,
		0.97839,
		0,
		-0.212798,
		-0.977093,
		0.002388,
		0,
		-0.183485,
		0.088256,
		0.227893,
		1,
	},
	[0.23333333333333334] = {
		0.936761,
		-0.154865,
		0.31384,
		0,
		0.237628,
		0.939813,
		-0.245529,
		0,
		-0.256927,
		0.304579,
		0.917181,
		0,
		-0.01918,
		0.545506,
		0.086168,
		1,
	},
	[0.26666666666666666] = {
		0.954358,
		-0.005984,
		0.298606,
		0,
		0.29335,
		0.206574,
		-0.93342,
		0,
		-0.056099,
		0.978413,
		0.198901,
		0,
		0.045068,
		0.63387,
		-0.141784,
		1,
	},
	[0.2] = {
		0.947698,
		-0.206694,
		0.243201,
		0,
		0.093428,
		0.908257,
		0.407849,
		0,
		-0.305189,
		-0.363795,
		0.880064,
		0,
		-0.0684,
		0.384443,
		0.212751,
		1,
	},
	[0.3333333333333333] = {
		0.91629,
		0.029013,
		0.399464,
		0,
		0.397849,
		-0.180843,
		-0.899451,
		0,
		0.046144,
		0.983084,
		-0.177247,
		0,
		0.237582,
		0.460718,
		-0.572598,
		1,
	},
	[0.36666666666666664] = {
		0.911946,
		0.035857,
		0.40874,
		0,
		0.410216,
		-0.100893,
		-0.90639,
		0,
		0.008739,
		0.994251,
		-0.106718,
		0,
		0.24771,
		0.290126,
		-0.596296,
		1,
	},
	[0.3] = {
		0.92143,
		0.011887,
		0.388362,
		0,
		0.379157,
		-0.245888,
		-0.892064,
		0,
		0.084889,
		0.969225,
		-0.231076,
		0,
		0.177022,
		0.589844,
		-0.437404,
		1,
	},
	[0.43333333333333335] = {
		0.957899,
		0.074585,
		0.277248,
		0,
		0.285886,
		-0.336693,
		-0.897166,
		0,
		0.026433,
		0.938656,
		-0.343841,
		0,
		0.267227,
		0.046388,
		-0.672868,
		1,
	},
	[0.4666666666666667] = {
		0.990665,
		0.064982,
		0.119835,
		0,
		0.135643,
		-0.557354,
		-0.81912,
		0,
		0.013563,
		0.827728,
		-0.560966,
		0,
		0.282976,
		-0.04903,
		-0.738188,
		1,
	},
	[0.4] = {
		0.903733,
		0.039463,
		0.426274,
		0,
		0.428034,
		-0.100364,
		-0.898173,
		0,
		0.007338,
		0.994168,
		-0.107594,
		0,
		0.250102,
		0.161157,
		-0.601583,
		1,
	},
	[0.5333333333333333] = {
		0.981954,
		0.074711,
		0.173735,
		0,
		0.185963,
		-0.548536,
		-0.815185,
		0,
		0.034396,
		0.832783,
		-0.55253,
		0,
		0.29688,
		-0.049062,
		-0.731913,
		1,
	},
	[0.5666666666666667] = {
		0.974156,
		0.081584,
		0.210628,
		0,
		0.221226,
		-0.532854,
		-0.816778,
		0,
		0.045598,
		0.842265,
		-0.537131,
		0,
		0.310907,
		-0.047741,
		-0.72391,
		1,
	},
	[0.5] = {
		0.987293,
		0.069073,
		0.143115,
		0,
		0.157183,
		-0.55694,
		-0.815543,
		0,
		0.023374,
		0.827675,
		-0.56072,
		0,
		0.287252,
		-0.049509,
		-0.736879,
		1,
	},
	[0.6333333333333333] = {
		0.949349,
		0.097198,
		0.298812,
		0,
		0.307561,
		-0.482212,
		-0.820291,
		0,
		0.06436,
		0.870646,
		-0.487682,
		0,
		0.348321,
		-0.042694,
		-0.701272,
		1,
	},
	[0.6666666666666666] = {
		0.931697,
		0.104894,
		0.347762,
		0,
		0.35642,
		-0.448613,
		-0.81958,
		0,
		0.070041,
		0.887549,
		-0.455358,
		0,
		0.369767,
		-0.03911,
		-0.687884,
		1,
	},
	[0.6] = {
		0.963419,
		0.089252,
		0.252701,
		0,
		0.262101,
		-0.510532,
		-0.818939,
		0,
		0.05592,
		0.855214,
		-0.515249,
		0,
		0.328376,
		-0.045598,
		-0.713489,
		1,
	},
	[0.7333333333333333] = {
		0.885631,
		0.117639,
		0.449242,
		0,
		0.458969,
		-0.369104,
		-0.808152,
		0,
		0.070747,
		0.921913,
		-0.380883,
		0,
		0.413235,
		-0.030313,
		-0.66017,
		1,
	},
	[0.7666666666666667] = {
		0.857768,
		0.121985,
		0.499354,
		0,
		0.509873,
		-0.325316,
		-0.796366,
		0,
		0.065303,
		0.937704,
		-0.341242,
		0,
		0.433301,
		-0.025357,
		-0.647178,
		1,
	},
	[0.7] = {
		0.910403,
		0.111845,
		0.398317,
		0,
		0.407355,
		-0.41058,
		-0.815773,
		0,
		0.072301,
		0.904939,
		-0.419355,
		0,
		0.391732,
		-0.034943,
		-0.673964,
		1,
	},
	[0.8333333333333334] = {
		0.795313,
		0.126974,
		0.592752,
		0,
		0.604596,
		-0.237222,
		-0.760388,
		0,
		0.044064,
		0.963122,
		-0.265434,
		0,
		0.465278,
		-0.0162,
		-0.626384,
		1,
	},
	[0.8666666666666667] = {
		0.76237,
		0.127958,
		0.634365,
		0,
		0.646461,
		-0.195522,
		-0.737468,
		0,
		0.029667,
		0.972316,
		-0.23178,
		0,
		0.475314,
		-0.012308,
		-0.620046,
		1,
	},
	[0.8] = {
		0.827407,
		0.125009,
		0.547513,
		0,
		0.558782,
		-0.280846,
		-0.780313,
		0,
		0.056221,
		0.951577,
		-0.302227,
		0,
		0.450965,
		-0.02054,
		-0.635677,
		1,
	},
	[0.9] = {
		0.729534,
		0.128102,
		0.671841,
		0,
		0.6838,
		-0.15683,
		-0.712616,
		0,
		0.014077,
		0.979283,
		-0.202009,
		0,
		0.480164,
		-0.008838,
		-0.617413,
		1,
	},
}

return spline_matrices
