-- chunkname: @content/characters/player/human/first_person/animations/power_sword/heavy_swing_up.lua

local spline_matrices = {
	[0.0166666666667] = {
		0.099573,
		-0.276816,
		-0.95575,
		0,
		0.505788,
		0.841257,
		-0.19096,
		0,
		0.856892,
		-0.464392,
		0.223776,
		0,
		0.451803,
		0.213494,
		-0.12185,
		1
	},
	[0.0333333333333] = {
		0.069593,
		-0.267727,
		-0.960978,
		0,
		0.531612,
		0.825086,
		-0.191369,
		0,
		0.844124,
		-0.49755,
		0.199747,
		0,
		0.448982,
		0.215657,
		-0.147318,
		1
	},
	[0.05] = {
		0.041892,
		-0.262095,
		-0.964132,
		0,
		0.56505,
		0.80205,
		-0.193481,
		0,
		0.823993,
		-0.536678,
		0.181696,
		0,
		0.4434,
		0.220196,
		-0.185912,
		1
	},
	[0.0666666666667] = {
		0.016069,
		-0.258537,
		-0.965868,
		0,
		0.602789,
		0.773214,
		-0.19694,
		0,
		0.797739,
		-0.57905,
		0.168268,
		0,
		0.435151,
		0.227118,
		-0.234962,
		1
	},
	[0.0833333333333] = {
		-0.008337,
		-0.255784,
		-0.966698,
		0,
		0.641843,
		0.739938,
		-0.20132,
		0,
		0.766791,
		-0.622147,
		0.158004,
		0,
		0.42436,
		0.236431,
		-0.291795,
		1
	},
	[0] = {
		0.132021,
		-0.290837,
		-0.94762,
		0,
		0.490962,
		0.849675,
		-0.192377,
		0,
		0.861119,
		-0.439848,
		0.254965,
		0,
		0.451779,
		0.213739,
		-0.112173,
		1
	},
	[0.116666666667] = {
		-0.05455,
		-0.248252,
		-0.967158,
		0,
		0.714514,
		0.666893,
		-0.21148,
		0,
		0.697491,
		-0.702585,
		0.141001,
		0,
		0.395887,
		0.262068,
		-0.41819,
		1
	},
	[0.133333333333] = {
		-0.07703,
		-0.241552,
		-0.967326,
		0,
		0.744877,
		0.63097,
		-0.216876,
		0,
		0.66274,
		-0.737245,
		0.131323,
		0,
		0.378698,
		0.278152,
		-0.482488,
		1
	},
	[0.15] = {
		-0.099484,
		-0.231772,
		-0.96767,
		0,
		0.769953,
		0.598087,
		-0.222408,
		0,
		0.630298,
		-0.767186,
		0.118953,
		0,
		0.359944,
		0.29612,
		-0.544048,
		1
	},
	[0.166666666667] = {
		-0.122236,
		-0.218133,
		-0.968234,
		0,
		0.789228,
		0.57017,
		-0.22809,
		0,
		0.601812,
		-0.792038,
		0.102462,
		0,
		0.339969,
		0.315654,
		-0.600298,
		1
	},
	[0.183333333333] = {
		-0.145706,
		-0.199843,
		-0.968934,
		0,
		0.802367,
		0.549086,
		-0.233907,
		0,
		0.578772,
		-0.811522,
		0.080342,
		0,
		0.319136,
		0.336375,
		-0.648693,
		1
	},
	[0.1] = {
		-0.031755,
		-0.252694,
		-0.967025,
		0,
		0.679722,
		0.703874,
		-0.206251,
		0,
		0.732782,
		-0.663858,
		0.14941,
		0,
		0.411198,
		0.248108,
		-0.353752,
		1
	},
	[0.216666666667] = {
		-0.19761,
		-0.145714,
		-0.96939,
		0,
		0.808686,
		0.53469,
		-0.245223,
		0,
		0.554056,
		-0.83239,
		0.012177,
		0,
		0.27729,
		0.364101,
		-0.681021,
		1
	},
	[0.233333333333] = {
		-0.228427,
		-0.107752,
		-0.96758,
		0,
		0.800216,
		0.545283,
		-0.24964,
		0,
		0.554504,
		-0.831298,
		-0.038332,
		0,
		0.257408,
		0.382783,
		-0.686138,
		1
	},
	[0.25] = {
		-0.264876,
		-0.0606,
		-0.962376,
		0,
		0.781838,
		0.570672,
		-0.251121,
		0,
		0.564419,
		-0.818939,
		-0.103778,
		0,
		0.235858,
		0.412995,
		-0.684141,
		1
	},
	[0.266666666667] = {
		-0.309713,
		-0.002792,
		-0.950826,
		0,
		0.750642,
		0.613081,
		-0.246307,
		0,
		0.583622,
		-0.790015,
		-0.187783,
		0,
		0.213485,
		0.444303,
		-0.651973,
		1
	},
	[0.283333333333] = {
		-0.366741,
		0.066024,
		-0.927977,
		0,
		0.702229,
		0.673921,
		-0.229576,
		0,
		0.610226,
		-0.735847,
		-0.293518,
		0,
		0.193344,
		0.466621,
		-0.595524,
		1
	},
	[0.2] = {
		-0.170505,
		-0.176034,
		-0.969505,
		0,
		0.809045,
		0.536637,
		-0.239723,
		0,
		0.562472,
		-0.825247,
		0.050921,
		0,
		0.297665,
		0.350871,
		-0.672641,
		1
	},
	[0.316666666667] = {
		-0.579843,
		0.227226,
		-0.7824,
		0,
		0.479798,
		0.871369,
		-0.102518,
		0,
		0.658465,
		-0.434838,
		-0.61428,
		0,
		0.142746,
		0.520193,
		-0.488017,
		1
	},
	[0.333333333333] = {
		-0.771683,
		0.255644,
		-0.582367,
		0,
		0.242741,
		0.964731,
		0.101841,
		0,
		0.587862,
		-0.062775,
		-0.806522,
		0,
		0.094689,
		0.555073,
		-0.427167,
		1
	},
	[0.35] = {
		-0.915219,
		0.191071,
		-0.354776,
		0,
		0.038512,
		0.917878,
		0.39499,
		0,
		0.401112,
		0.347839,
		-0.847418,
		0,
		0.038743,
		0.584895,
		-0.352708,
		1
	},
	[0.366666666667] = {
		-0.975953,
		0.108828,
		-0.188871,
		0,
		-0.046777,
		0.74171,
		0.669088,
		0,
		0.212903,
		0.661833,
		-0.718783,
		0,
		-0.009998,
		0.602892,
		-0.266852,
		1
	},
	[0.383333333333] = {
		-0.991388,
		0.106615,
		-0.076053,
		0,
		-0.023836,
		0.424128,
		0.905288,
		0,
		0.128774,
		0.899305,
		-0.417934,
		0,
		-0.045704,
		0.60279,
		-0.153964,
		1
	},
	[0.3] = {
		-0.440749,
		0.143816,
		-0.886035,
		0,
		0.63059,
		0.752093,
		-0.191605,
		0,
		0.638824,
		-0.643175,
		-0.422173,
		0,
		0.173155,
		0.490566,
		-0.542161,
		1
	},
	[0.416666666667] = {
		-0.992678,
		0.117543,
		0.027838,
		0,
		0.020801,
		-0.060674,
		0.997941,
		0,
		0.11899,
		0.991213,
		0.057785,
		0,
		-0.08988,
		0.553496,
		0.038091,
		1
	},
	[0.433333333333] = {
		-0.990615,
		0.135984,
		-0.01383,
		0,
		-0.035397,
		-0.157485,
		0.986887,
		0,
		0.132023,
		0.978114,
		0.160821,
		0,
		-0.104637,
		0.480845,
		0.11173,
		1
	},
	[0.45] = {
		-0.961354,
		0.20523,
		-0.183517,
		0,
		-0.246326,
		-0.343454,
		0.906291,
		0,
		0.122968,
		0.916472,
		0.380735,
		0,
		-0.124931,
		0.355117,
		0.19082,
		1
	},
	[0.466666666667] = {
		-0.909481,
		0.276272,
		-0.310674,
		0,
		-0.413259,
		-0.519143,
		0.748136,
		0,
		0.045405,
		0.808804,
		0.586322,
		0,
		-0.157938,
		0.215539,
		0.230889,
		1
	},
	[0.483333333333] = {
		-0.957027,
		0.194999,
		-0.214651,
		0,
		-0.289039,
		-0.70159,
		0.651328,
		0,
		-0.023589,
		0.685381,
		0.727803,
		0,
		-0.243676,
		0.104002,
		0.213724,
		1
	},
	[0.4] = {
		-0.99317,
		0.116545,
		0.005593,
		0,
		0.01417,
		0.072892,
		0.997239,
		0,
		0.115816,
		0.990507,
		-0.074046,
		0,
		-0.073375,
		0.588154,
		-0.042184,
		1
	},
	[0.516666666667] = {
		-0.795322,
		0.137033,
		-0.590495,
		0,
		-0.305232,
		-0.932143,
		0.194791,
		0,
		-0.523733,
		0.33516,
		0.783181,
		0,
		-0.447696,
		-0.094318,
		0.139597,
		1
	},
	[0.533333333333] = {
		-0.451673,
		0.291548,
		-0.843203,
		0,
		-0.336113,
		-0.931073,
		-0.141887,
		0,
		-0.82645,
		0.219325,
		0.518533,
		0,
		-0.501946,
		-0.150718,
		0.089366,
		1
	},
	[0.55] = {
		-0.257025,
		0.372013,
		-0.891933,
		0,
		-0.292645,
		-0.909567,
		-0.295038,
		0,
		-0.92103,
		0.185188,
		0.34265,
		0,
		-0.508346,
		-0.153567,
		0.0593,
		1
	},
	[0.566666666667] = {
		-0.083573,
		0.442009,
		-0.893109,
		0,
		-0.231203,
		-0.880389,
		-0.414079,
		0,
		-0.969309,
		0.171884,
		0.17577,
		0,
		-0.510426,
		-0.154833,
		0.029445,
		1
	},
	[0.583333333333] = {
		0.063229,
		0.499169,
		-0.864194,
		0,
		-0.164145,
		-0.848933,
		-0.502364,
		0,
		-0.984408,
		0.173617,
		0.028259,
		0,
		-0.509282,
		-0.154941,
		0.000569,
		1
	},
	[0.5] = {
		-0.976118,
		0.072374,
		-0.204832,
		0,
		-0.170231,
		-0.840598,
		0.514215,
		0,
		-0.134965,
		0.536803,
		0.832843,
		0,
		-0.3512,
		0.007831,
		0.181826,
		1
	},
	[0.616666666667] = {
		0.282658,
		0.577291,
		-0.766055,
		0,
		-0.039432,
		-0.790954,
		-0.610604,
		0,
		-0.95841,
		0.202799,
		-0.200806,
		0,
		-0.500813,
		-0.153095,
		-0.053608,
		1
	},
	[0.633333333333] = {
		0.362882,
		0.60184,
		-0.711411,
		0,
		0.012937,
		-0.766632,
		-0.641957,
		0,
		-0.931745,
		0.223751,
		-0.285983,
		0,
		-0.494643,
		-0.151605,
		-0.079195,
		1
	},
	[0.65] = {
		0.428643,
		0.619091,
		-0.65802,
		0,
		0.057913,
		-0.745652,
		-0.663814,
		0,
		-0.901616,
		0.246431,
		-0.355473,
		0,
		-0.487642,
		-0.149907,
		-0.104054,
		1
	},
	[0.666666666667] = {
		0.483148,
		0.630481,
		-0.607504,
		0,
		0.095872,
		-0.727788,
		-0.679067,
		0,
		-0.870274,
		0.269847,
		-0.412075,
		0,
		-0.480006,
		-0.148064,
		-0.128366,
		1
	},
	[0.683333333333] = {
		0.528966,
		0.637129,
		-0.56059,
		0,
		0.127426,
		-0.712713,
		-0.689785,
		0,
		-0.839022,
		0.293439,
		-0.458187,
		0,
		-0.471861,
		-0.146101,
		-0.152276,
		1
	},
	[0.6] = {
		0.184147,
		0.543705,
		-0.818825,
		0,
		-0.098957,
		-0.818584,
		-0.565799,
		0,
		-0.977905,
		0.185219,
		-0.096937,
		0,
		-0.505848,
		-0.154268,
		-0.027085,
		1
	},
	[0.716666666667] = {
		0.602095,
		0.639384,
		-0.478194,
		0,
		0.173909,
		-0.689564,
		-0.703034,
		0,
		-0.779254,
		0.340131,
		-0.526378,
		0,
		-0.454354,
		-0.141835,
		-0.199259,
		1
	},
	[0.733333333333] = {
		0.632089,
		0.636097,
		-0.442543,
		0,
		0.189955,
		-0.680868,
		-0.707344,
		0,
		-0.751253,
		0.363041,
		-0.551199,
		0,
		-0.445115,
		-0.139527,
		-0.222396,
		1
	},
	[0.75] = {
		0.659004,
		0.630365,
		-0.41031,
		0,
		0.201845,
		-0.673731,
		-0.710876,
		0,
		-0.72455,
		0.385651,
		-0.571228,
		0,
		-0.435612,
		-0.137098,
		-0.245321,
		1
	},
	[0.766666666667] = {
		0.683543,
		0.62243,
		-0.381249,
		0,
		0.209972,
		-0.667923,
		-0.713996,
		0,
		-0.699057,
		0.407996,
		-0.587246,
		0,
		-0.425883,
		-0.134541,
		-0.268037,
		1
	},
	[0.783333333333] = {
		0.706247,
		0.612458,
		-0.355121,
		0,
		0.214653,
		-0.663241,
		-0.716963,
		0,
		-0.674641,
		0.430125,
		-0.599877,
		0,
		-0.415963,
		-0.131852,
		-0.290533,
		1
	},
	[0.7] = {
		0.568108,
		0.639885,
		-0.517494,
		0,
		0.153238,
		-0.700081,
		-0.697428,
		0,
		-0.808561,
		0.316915,
		-0.495776,
		0,
		-0.463288,
		-0.144025,
		-0.175891,
		1
	},
	[0.816666666667] = {
		0.747713,
		0.586789,
		-0.310811,
		0,
		0.214661,
		-0.656542,
		-0.7231,
		0,
		-0.628368,
		0.473952,
		-0.616866,
		0,
		-0.395689,
		-0.126075,
		-0.334784,
		1
	},
	[0.833333333333] = {
		0.767029,
		0.571182,
		-0.292263,
		0,
		0.210354,
		-0.654204,
		-0.726476,
		0,
		-0.60615,
		0.49575,
		-0.621944,
		0,
		-0.385404,
		-0.122987,
		-0.356479,
		1
	},
	[0.85] = {
		0.785652,
		0.553734,
		-0.275915,
		0,
		0.203356,
		-0.65234,
		-0.730137,
		0,
		-0.584292,
		0.517524,
		-0.625117,
		0,
		-0.375069,
		-0.119772,
		-0.377839,
		1
	},
	[0.866666666667] = {
		0.803698,
		0.534427,
		-0.261643,
		0,
		0.193769,
		-0.650801,
		-0.734106,
		0,
		-0.562603,
		0.539301,
		-0.626603,
		0,
		-0.364718,
		-0.116434,
		-0.398825,
		1
	},
	[0.883333333333] = {
		0.821236,
		0.513225,
		-0.24934,
		0,
		0.181676,
		-0.649441,
		-0.73839,
		0,
		-0.540892,
		0.561094,
		-0.626585,
		0,
		-0.354388,
		-0.112984,
		-0.419393,
		1
	},
	[0.8] = {
		0.727531,
		0.600557,
		-0.331707,
		0,
		0.216148,
		-0.659503,
		-0.719956,
		0,
		-0.651136,
		0.452093,
		-0.609618,
		0,
		-0.405887,
		-0.129031,
		-0.312791,
		1
	},
	[0.916666666667] = {
		0.85485,
		0.464975,
		-0.230283,
		0,
		0.150269,
		-0.646645,
		-0.747843,
		0,
		-0.49664,
		0.604689,
		-0.622656,
		0,
		-0.333935,
		-0.105789,
		-0.4591,
		1
	},
	[0.933333333333] = {
		0.870859,
		0.437846,
		-0.223371,
		0,
		0.131107,
		-0.644889,
		-0.752947,
		0,
		-0.473725,
		0.626425,
		-0.619012,
		0,
		-0.323881,
		-0.102074,
		-0.478146,
		1
	},
	[0.95] = {
		0.886235,
		0.40868,
		-0.218104,
		0,
		0.10976,
		-0.642673,
		-0.758237,
		0,
		-0.450046,
		0.648037,
		-0.614416,
		0,
		-0.313989,
		-0.098304,
		-0.496592,
		1
	},
	[0.966666666667] = {
		0.900859,
		0.377473,
		-0.214401,
		0,
		0.086349,
		-0.639826,
		-0.763653,
		0,
		-0.425438,
		0.66943,
		-0.608987,
		0,
		-0.30429,
		-0.0945,
		-0.514391,
		1
	},
	[0.983333333333] = {
		0.914587,
		0.344266,
		-0.212157,
		0,
		0.061032,
		-0.63614,
		-0.769156,
		0,
		-0.399756,
		0.690512,
		-0.602817,
		0,
		-0.294815,
		-0.09066,
		-0.531502,
		1
	},
	[0.9] = {
		0.838292,
		0.490089,
		-0.238914,
		0,
		0.167152,
		-0.648108,
		-0.742978,
		0,
		-0.518967,
		0.582897,
		-0.625223,
		0,
		-0.344115,
		-0.109431,
		-0.4395,
		1
	},
	[1.01666666667] = {
		0.938688,
		0.272236,
		-0.211549,
		0,
		0.005544,
		-0.625436,
		-0.780256,
		0,
		-0.344724,
		0.731244,
		-0.588598,
		0,
		-0.27665,
		-0.082848,
		-0.563496,
		1
	},
	[1.03333333333] = {
		0.948703,
		0.233733,
		-0.21291,
		0,
		-0.024048,
		-0.618112,
		-0.785722,
		0,
		-0.315251,
		0.750538,
		-0.580784,
		0,
		-0.268012,
		-0.078902,
		-0.578294,
		1
	},
	[1.05] = {
		0.957138,
		0.193898,
		-0.21515,
		0,
		-0.054376,
		-0.609331,
		-0.791049,
		0,
		-0.284481,
		0.768842,
		-0.572671,
		0,
		-0.259705,
		-0.074953,
		-0.59224,
		1
	},
	[1.06666666667] = {
		0.963858,
		0.153072,
		-0.218051,
		0,
		-0.08498,
		-0.59906,
		-0.796181,
		0,
		-0.252499,
		0.785936,
		-0.564401,
		0,
		-0.251751,
		-0.071028,
		-0.605295,
		1
	},
	[1.08333333333] = {
		0.968778,
		0.111675,
		-0.221354,
		0,
		-0.115331,
		-0.587342,
		-0.80108,
		0,
		-0.219471,
		0.801598,
		-0.556124,
		0,
		-0.244177,
		-0.067156,
		-0.617424,
		1
	},
	{
		0.927256,
		0.309144,
		-0.211248,
		0,
		0.034011,
		-0.631399,
		-0.774712,
		0,
		-0.372879,
		0.711171,
		-0.595983,
		0,
		-0.285592,
		-0.086773,
		-0.547884,
		1
	},
	[1.11666666667] = {
		0.973243,
		0.029233,
		-0.227911,
		0,
		-0.172883,
		-0.560206,
		-0.810111,
		0,
		-0.151359,
		0.827837,
		-0.540163,
		0,
		-0.230275,
		-0.059733,
		-0.638776,
		1
	},
	[1.13333333333] = {
		0.97303,
		-0.010621,
		-0.230436,
		0,
		-0.198792,
		-0.545381,
		-0.814274,
		0,
		-0.117027,
		0.838121,
		-0.532783,
		0,
		-0.224012,
		-0.056274,
		-0.647941,
		1
	},
	[1.15] = {
		0.971517,
		-0.048693,
		-0.231914,
		0,
		-0.221907,
		-0.530291,
		-0.818259,
		0,
		-0.083138,
		0.846416,
		-0.525992,
		0,
		-0.218261,
		-0.053053,
		-0.656064,
		1
	},
	[1.16666666667] = {
		0.969078,
		-0.084305,
		-0.231906,
		0,
		-0.241587,
		-0.51549,
		-0.822135,
		0,
		-0.050236,
		0.852738,
		-0.519917,
		0,
		-0.213067,
		-0.050127,
		-0.66312,
		1
	},
	[1.18333333333] = {
		0.966166,
		-0.116781,
		-0.229967,
		0,
		-0.257227,
		-0.501599,
		-0.825974,
		0,
		-0.018893,
		0.857182,
		-0.514668,
		0,
		-0.208482,
		-0.047553,
		-0.669083,
		1
	},
	[1.1] = {
		0.971883,
		0.070206,
		-0.224756,
		0,
		-0.144843,
		-0.57431,
		-0.805722,
		0,
		-0.185646,
		0.815622,
		-0.547993,
		0,
		-0.237008,
		-0.063376,
		-0.628594,
		1
	},
	[1.21666666667] = {
		0.960943,
		-0.169754,
		-0.218568,
		0,
		-0.274288,
		-0.479162,
		-0.833768,
		0,
		0.036806,
		0.861154,
		-0.507009,
		0,
		-0.201371,
		-0.043671,
		-0.677621,
		1
	},
	[1.23333333333] = {
		0.959611,
		-0.189066,
		-0.208328,
		0,
		-0.274838,
		-0.471851,
		-0.837748,
		0,
		0.06009,
		0.861168,
		-0.504756,
		0,
		-0.198967,
		-0.042458,
		-0.680131,
		1
	},
	[1.25] = {
		0.959663,
		-0.202888,
		-0.194638,
		0,
		-0.269617,
		-0.46782,
		-0.841695,
		0,
		0.079714,
		0.860222,
		-0.503651,
		0,
		-0.19741,
		-0.041781,
		-0.681417,
		1
	},
	[1.2] = {
		0.963284,
		-0.14547,
		-0.225658,
		0,
		-0.268285,
		-0.489274,
		-0.82984,
		0,
		0.010308,
		0.859912,
		-0.510338,
		0,
		-0.204564,
		-0.045384,
		-0.673927,
		1
	}
}

return spline_matrices
