-- chunkname: @content/characters/player/human/first_person/animations/power_sword/heavy_swing_right_diagonal.lua

local spline_matrices = {
	[0.0166666666667] = {
		0.042839,
		0.045385,
		0.998051,
		0,
		-0.744521,
		0.667597,
		0.001599,
		0,
		-0.666223,
		-0.743138,
		0.06239,
		0,
		-0.435143,
		0.178259,
		-0.043414,
		1,
	},
	[0.0333333333333] = {
		0.112689,
		0.020152,
		0.993426,
		0,
		-0.743333,
		0.665161,
		0.070827,
		0,
		-0.659361,
		-0.746428,
		0.089936,
		0,
		-0.427156,
		0.192223,
		-0.032135,
		1,
	},
	[0.05] = {
		0.182129,
		-0.004453,
		0.983265,
		0,
		-0.737582,
		0.660667,
		0.139614,
		0,
		-0.650232,
		-0.750666,
		0.117042,
		0,
		-0.418897,
		0.206029,
		-0.02023,
		1,
	},
	[0.0666666666667] = {
		0.250991,
		-0.028142,
		0.96758,
		0,
		-0.724182,
		0.657812,
		0.206985,
		0,
		-0.642311,
		-0.752656,
		0.144725,
		0,
		-0.409341,
		0.220897,
		-0.008125,
		1,
	},
	[0.0833333333333] = {
		0.318927,
		-0.051286,
		0.946391,
		0,
		-0.700138,
		0.660283,
		0.271723,
		0,
		-0.638821,
		-0.749264,
		0.174675,
		0,
		-0.397456,
		0.238045,
		0.003769,
		1,
	},
	[0] = {
		-0.027444,
		0.070305,
		0.997148,
		0,
		-0.744367,
		0.664368,
		-0.067329,
		0,
		-0.667207,
		-0.744092,
		0.0341,
		0,
		-0.443885,
		0.162932,
		-0.053614,
		1,
	},
	[0.116666666667] = {
		0.449664,
		-0.100698,
		0.887504,
		0,
		-0.607189,
		0.694267,
		0.386412,
		0,
		-0.655076,
		-0.712638,
		0.251044,
		0,
		-0.362376,
		0.284015,
		0.025306,
		1,
	},
	[0.133333333333] = {
		0.52722,
		-0.135317,
		0.838885,
		0,
		-0.541363,
		0.707455,
		0.45435,
		0,
		-0.654955,
		-0.693684,
		0.299729,
		0,
		-0.335462,
		0.315744,
		0.035416,
		1,
	},
	[0.15] = {
		0.607852,
		-0.176258,
		0.774241,
		0,
		-0.460864,
		0.715707,
		0.524754,
		0,
		-0.646622,
		-0.675793,
		0.353814,
		0,
		-0.299867,
		0.355038,
		0.044325,
		1,
	},
	[0.166666666667] = {
		0.65971,
		-0.220209,
		0.718533,
		0,
		-0.348841,
		0.757133,
		0.552322,
		0,
		-0.665652,
		-0.615026,
		0.422671,
		0,
		-0.25625,
		0.402721,
		0.049122,
		1,
	},
	[0.183333333333] = {
		0.659453,
		-0.265941,
		0.703134,
		0,
		-0.176506,
		0.854412,
		0.488698,
		0,
		-0.730731,
		-0.446381,
		0.516504,
		0,
		-0.204814,
		0.459685,
		0.047243,
		1,
	},
	[0.1] = {
		0.385414,
		-0.074915,
		0.919698,
		0,
		-0.66233,
		0.671508,
		0.332258,
		0,
		-0.642476,
		-0.7372,
		0.20919,
		0,
		-0.382176,
		0.258683,
		0.01505,
		1,
	},
	[0.216666666667] = {
		0.438983,
		-0.170285,
		0.882211,
		0,
		0.560062,
		0.819644,
		-0.120475,
		0,
		-0.702584,
		0.546979,
		0.45518,
		0,
		-0.045547,
		0.597628,
		-0.016677,
		1,
	},
	[0.233333333333] = {
		0.463345,
		-0.082284,
		0.882349,
		0,
		0.771118,
		0.528074,
		-0.355689,
		0,
		-0.436679,
		0.845202,
		0.308131,
		0,
		0.018607,
		0.620943,
		-0.051498,
		1,
	},
	[0.25] = {
		0.511966,
		-0.044497,
		0.857852,
		0,
		0.849012,
		0.178103,
		-0.497452,
		0,
		-0.130651,
		0.983005,
		0.128961,
		0,
		0.094719,
		0.623049,
		-0.097568,
		1,
	},
	[0.266666666667] = {
		0.499778,
		-0.045364,
		0.864965,
		0,
		0.857047,
		-0.118533,
		-0.501419,
		0,
		0.125274,
		0.991913,
		-0.020361,
		0,
		0.221394,
		0.609748,
		-0.179048,
		1,
	},
	[0.283333333333] = {
		0.485044,
		-0.056679,
		0.872651,
		0,
		0.815649,
		-0.330535,
		-0.474829,
		0,
		0.315355,
		0.94209,
		-0.114094,
		0,
		0.347595,
		0.578155,
		-0.262111,
		1,
	},
	[0.2] = {
		0.544753,
		-0.270337,
		0.793828,
		0,
		0.172264,
		0.962501,
		0.209565,
		0,
		-0.820713,
		0.022586,
		0.570894,
		0,
		-0.132436,
		0.537661,
		0.024214,
		1,
	},
	[0.316666666667] = {
		0.571925,
		-0.131485,
		0.8097,
		0,
		0.688453,
		-0.459758,
		-0.560942,
		0,
		0.446021,
		0.878256,
		-0.172426,
		0,
		0.508712,
		0.461746,
		-0.364028,
		1,
	},
	[0.333333333333] = {
		0.596812,
		-0.149438,
		0.788342,
		0,
		0.635524,
		-0.51174,
		-0.578128,
		0,
		0.48982,
		0.846044,
		-0.210441,
		0,
		0.543597,
		0.424198,
		-0.396033,
		1,
	},
	[0.35] = {
		0.616261,
		-0.161257,
		0.770856,
		0,
		0.58505,
		-0.561498,
		-0.58518,
		0,
		0.527199,
		0.811613,
		-0.251686,
		0,
		0.563694,
		0.392082,
		-0.422265,
		1,
	},
	[0.366666666667] = {
		0.632079,
		-0.168304,
		0.756406,
		0,
		0.537396,
		-0.608052,
		-0.584361,
		0,
		0.558285,
		0.775852,
		-0.293891,
		0,
		0.572087,
		0.364807,
		-0.443508,
		1,
	},
	[0.383333333333] = {
		0.6457,
		-0.172065,
		0.743952,
		0,
		0.492763,
		-0.650368,
		-0.578106,
		0,
		0.583314,
		0.739875,
		-0.335156,
		0,
		0.571807,
		0.341801,
		-0.460551,
		1,
	},
	[0.3] = {
		0.52611,
		-0.093739,
		0.845235,
		0,
		0.748412,
		-0.420946,
		-0.512527,
		0,
		0.403842,
		0.902229,
		-0.151308,
		0,
		0.442857,
		0.518969,
		-0.320505,
		1,
	},
	[0.416666666667] = {
		0.670604,
		-0.176253,
		0.720573,
		0,
		0.41274,
		-0.718474,
		-0.559858,
		0,
		0.616389,
		0.672852,
		-0.409065,
		0,
		0.557418,
		0.306682,
		-0.485391,
		1,
	},
	[0.433333333333] = {
		0.68343,
		-0.180242,
		0.707415,
		0,
		0.377122,
		-0.742552,
		-0.55353,
		0,
		0.625062,
		0.645081,
		-0.439509,
		0,
		0.549394,
		0.293798,
		-0.49488,
		1,
	},
	[0.45] = {
		0.697228,
		-0.187965,
		0.691767,
		0,
		0.344037,
		-0.75887,
		-0.552951,
		0,
		0.628897,
		0.623526,
		-0.464439,
		0,
		0.544905,
		0.28363,
		-0.503564,
		1,
	},
	[0.466666666667] = {
		0.711601,
		-0.198408,
		0.673987,
		0,
		0.312494,
		-0.769806,
		-0.556549,
		0,
		0.629263,
		0.606657,
		-0.485793,
		0,
		0.542367,
		0.274778,
		-0.512139,
		1,
	},
	[0.483333333333] = {
		0.725852,
		-0.209362,
		0.655215,
		0,
		0.281814,
		-0.778423,
		-0.560927,
		0,
		0.627471,
		0.591798,
		-0.506019,
		0,
		0.538205,
		0.266077,
		-0.52069,
		1,
	},
	[0.4] = {
		0.658251,
		-0.174146,
		0.732379,
		0,
		0.451227,
		-0.687465,
		-0.569022,
		0,
		0.602578,
		0.705028,
		-0.373945,
		0,
		0.565909,
		0.322576,
		-0.474231,
		1,
	},
	[0.516666666667] = {
		0.753775,
		-0.232479,
		0.614635,
		0,
		0.222954,
		-0.789374,
		-0.571998,
		0,
		0.618154,
		0.568193,
		-0.543178,
		0,
		0.525316,
		0.24912,
		-0.537685,
		1,
	},
	[0.533333333333] = {
		0.767343,
		-0.244475,
		0.592805,
		0,
		0.194701,
		-0.791996,
		-0.578648,
		0,
		0.610964,
		0.559441,
		-0.560133,
		0,
		0.516739,
		0.240867,
		-0.546108,
		1,
	},
	[0.55] = {
		0.780579,
		-0.256647,
		0.569938,
		0,
		0.167172,
		-0.792882,
		-0.585996,
		0,
		0.602288,
		0.552694,
		-0.576003,
		0,
		0.506839,
		0.232766,
		-0.554464,
		1,
	},
	[0.566666666667] = {
		0.793433,
		-0.268907,
		0.546034,
		0,
		0.140316,
		-0.792136,
		-0.593997,
		0,
		0.592263,
		0.547914,
		-0.590775,
		0,
		0.495692,
		0.224822,
		-0.562742,
		1,
	},
	[0.583333333333] = {
		0.805856,
		-0.281165,
		0.521097,
		0,
		0.114081,
		-0.789851,
		-0.602596,
		0,
		0.581018,
		0.545052,
		-0.60443,
		0,
		0.483371,
		0.217038,
		-0.57093,
		1,
	},
	[0.5] = {
		0.739928,
		-0.220747,
		0.635435,
		0,
		0.251978,
		-0.784894,
		-0.566082,
		0,
		0.62371,
		0.578975,
		-0.525142,
		0,
		0.532496,
		0.257524,
		-0.529209,
		1,
	},
	[0.616666666667] = {
		0.829209,
		-0.305311,
		0.468185,
		0,
		0.063263,
		-0.780985,
		-0.621337,
		0,
		0.555346,
		0.544837,
		-0.628286,
		0,
		0.455506,
		0.20197,
		-0.586982,
		1,
	},
	[0.633333333333] = {
		0.840044,
		-0.317014,
		0.440259,
		0,
		0.038581,
		-0.774548,
		-0.631337,
		0,
		0.541145,
		0.547337,
		-0.638423,
		0,
		0.44011,
		0.194696,
		-0.594821,
		1,
	},
	[0.65] = {
		0.850254,
		-0.328352,
		0.411403,
		0,
		0.014323,
		-0.766861,
		-0.641653,
		0,
		0.526177,
		0.551461,
		-0.647324,
		0,
		0.423839,
		0.187602,
		-0.60252,
		1,
	},
	[0.666666666667] = {
		0.859797,
		-0.339233,
		0.381667,
		0,
		-0.00955,
		-0.757987,
		-0.6522,
		0,
		0.510547,
		0.557115,
		-0.654955,
		0,
		0.406768,
		0.180691,
		-0.610066,
		1,
	},
	[0.683333333333] = {
		0.868631,
		-0.349574,
		0.351111,
		0,
		-0.033073,
		-0.747985,
		-0.662891,
		0,
		0.494355,
		0.564195,
		-0.661285,
		0,
		0.388972,
		0.173968,
		-0.617449,
		1,
	},
	[0.6] = {
		0.817798,
		-0.29333,
		0.495141,
		0,
		0.088413,
		-0.786109,
		-0.611732,
		0,
		0.568674,
		0.54405,
		-0.616944,
		0,
		0.469951,
		0.209419,
		-0.579014,
		1,
	},
	[0.716666666667] = {
		0.884023,
		-0.368312,
		0.287836,
		0,
		-0.079175,
		-0.72485,
		-0.684342,
		0,
		0.460689,
		0.582184,
		-0.669945,
		0,
		0.351512,
		0.161097,
		-0.631679,
		1,
	},
	[0.733333333333] = {
		0.890519,
		-0.376564,
		0.255294,
		0,
		-0.101791,
		-0.711847,
		-0.694919,
		0,
		0.443412,
		0.592852,
		-0.672245,
		0,
		0.332002,
		0.154952,
		-0.638509,
		1,
	},
	[0.75] = {
		0.896183,
		-0.383987,
		0.222283,
		0,
		-0.124132,
		-0.697981,
		-0.705276,
		0,
		0.425966,
		0.604464,
		-0.673184,
		0,
		0.312075,
		0.149004,
		-0.645138,
		1,
	},
	[0.766666666667] = {
		0.900998,
		-0.390531,
		0.188915,
		0,
		-0.146199,
		-0.683328,
		-0.715325,
		0,
		0.408447,
		0.616887,
		-0.672772,
		0,
		0.291809,
		0.143251,
		-0.651558,
		1,
	},
	[0.783333333333] = {
		0.904953,
		-0.396154,
		0.155311,
		0,
		-0.167988,
		-0.667969,
		-0.724981,
		0,
		0.390948,
		0.629984,
		-0.671029,
		0,
		0.271281,
		0.137692,
		-0.657766,
		1,
	},
	[0.7] = {
		0.876717,
		-0.359292,
		0.319806,
		0,
		-0.056274,
		-0.736919,
		-0.673635,
		0,
		0.477703,
		0.572591,
		-0.666288,
		0,
		0.370528,
		0.167436,
		-0.624656,
		1,
	},
	[0.816666666667] = {
		0.910286,
		-0.404539,
		0.087907,
		0,
		-0.210684,
		-0.63549,
		-0.742809,
		0,
		0.356359,
		0.657648,
		-0.663708,
		0,
		0.229755,
		0.127149,
		-0.669525,
		1,
	},
	[0.833333333333] = {
		0.911682,
		-0.407282,
		0.054373,
		0,
		-0.231554,
		-0.618562,
		-0.750842,
		0,
		0.339438,
		0.671939,
		-0.65824,
		0,
		0.208913,
		0.12216,
		-0.675073,
		1,
	},
	[0.85] = {
		0.912258,
		-0.40907,
		0.021132,
		0,
		-0.252073,
		-0.601311,
		-0.758212,
		0,
		0.322868,
		0.686358,
		-0.651666,
		0,
		0.188124,
		0.117353,
		-0.680398,
		1,
	},
	[0.866666666667] = {
		0.912043,
		-0.409928,
		-0.011681,
		0,
		-0.272212,
		-0.583844,
		-0.764871,
		0,
		0.306722,
		0.700775,
		-0.644078,
		0,
		0.167466,
		0.112724,
		-0.685503,
		1,
	},
	[0.883333333333] = {
		0.911073,
		-0.409897,
		-0.043934,
		0,
		-0.291938,
		-0.566273,
		-0.770783,
		0,
		0.291063,
		0.715066,
		-0.635581,
		0,
		0.147016,
		0.108268,
		-0.69039,
		1,
	},
	[0.8] = {
		0.908047,
		-0.400829,
		0.121598,
		0,
		-0.189488,
		-0.651992,
		-0.734167,
		0,
		0.373556,
		0.643617,
		-0.667992,
		0,
		0.25057,
		0.132326,
		-0.663755,
		1,
	},
	[0.916666666667] = {
		0.907051,
		-0.407391,
		-0.106255,
		0,
		-0.33002,
		-0.531275,
		-0.780278,
		0,
		0.261428,
		0.742818,
		-0.616341,
		0,
		0.107056,
		0.099857,
		-0.699522,
		1,
	},
	[0.933333333333] = {
		0.904105,
		-0.405061,
		-0.136087,
		0,
		-0.348305,
		-0.514079,
		-0.783841,
		0,
		0.247544,
		0.756074,
		-0.605866,
		0,
		0.087699,
		0.095891,
		-0.703777,
		1,
	},
	[0.95] = {
		0.900613,
		-0.402128,
		-0.164892,
		0,
		-0.36604,
		-0.497238,
		-0.786619,
		0,
		0.234331,
		0.768796,
		-0.595014,
		0,
		0.068861,
		0.092077,
		-0.707834,
		1,
	},
	[0.966666666667] = {
		0.89664,
		-0.398689,
		-0.192573,
		0,
		-0.383191,
		-0.480867,
		-0.788626,
		0,
		0.221814,
		0.780906,
		-0.583938,
		0,
		0.050618,
		0.08841,
		-0.711697,
		1,
	},
	[0.983333333333] = {
		0.892251,
		-0.39485,
		-0.219046,
		0,
		-0.399727,
		-0.465075,
		-0.789888,
		0,
		0.210014,
		0.792337,
		-0.572796,
		0,
		0.033045,
		0.084885,
		-0.715375,
		1,
	},
	[0.9] = {
		0.909393,
		-0.409029,
		-0.075499,
		0,
		-0.311219,
		-0.548712,
		-0.775924,
		0,
		0.275948,
		0.729116,
		-0.626292,
		0,
		0.126854,
		0.103981,
		-0.695061,
		1,
	},
	[1.01666666667] = {
		0.8825,
		-0.386428,
		-0.26808,
		0,
		-0.430839,
		-0.435662,
		-0.790301,
		0,
		0.188602,
		0.812941,
		-0.55096,
		0,
		0.000215,
		0.078244,
		-0.722201,
		1,
	},
	[1.03333333333] = {
		0.877275,
		-0.382081,
		-0.29052,
		0,
		-0.445364,
		-0.422245,
		-0.789532,
		0,
		0.178995,
		0.822024,
		-0.54059,
		0,
		-0.014893,
		0.075118,
		-0.725363,
		1,
	},
	[1.05] = {
		0.871908,
		-0.377806,
		-0.311512,
		0,
		-0.459172,
		-0.409816,
		-0.78817,
		0,
		0.170113,
		0.830249,
		-0.5308,
		0,
		-0.029029,
		0.072118,
		-0.728368,
		1,
	},
	[1.06666666667] = {
		0.866463,
		-0.373726,
		-0.331015,
		0,
		-0.472245,
		-0.398467,
		-0.786263,
		0,
		0.161948,
		0.837588,
		-0.521747,
		0,
		-0.04212,
		0.06924,
		-0.731219,
		1,
	},
	[1.08333333333] = {
		0.861004,
		-0.369962,
		-0.348998,
		0,
		-0.484567,
		-0.388285,
		-0.783855,
		0,
		0.154486,
		0.844016,
		-0.513586,
		0,
		-0.054089,
		0.066481,
		-0.733923,
		1,
	},
	{
		0.887515,
		-0.390724,
		-0.244237,
		0,
		-0.415619,
		-0.449972,
		-0.790434,
		0,
		0.198942,
		0.803032,
		-0.56175,
		0,
		0.016219,
		0.081498,
		-0.718874,
		1,
	},
	[1.11666666667] = {
		0.850287,
		-0.363854,
		-0.380292,
		0,
		-0.506912,
		-0.371747,
		-0.777717,
		0,
		0.141604,
		0.854058,
		-0.500534,
		0,
		-0.074366,
		0.061314,
		-0.738896,
		1,
	},
	[1.13333333333] = {
		0.84514,
		-0.36174,
		-0.393551,
		0,
		-0.516915,
		-0.365543,
		-0.774065,
		0,
		0.13615,
		0.857626,
		-0.495924,
		0,
		-0.082389,
		0.058925,
		-0.740805,
		1,
	},
	[1.1] = {
		0.855593,
		-0.366632,
		-0.365432,
		0,
		-0.496127,
		-0.379352,
		-0.780993,
		0,
		0.14771,
		0.849513,
		-0.506467,
		0,
		-0.064863,
		0.06384,
		-0.736482,
		1,
	},
}

return spline_matrices
