-- chunkname: @content/characters/player/human/first_person/animations/power_sword/heavy_swing_right_up.lua

local spline_matrices = {
	[0.03333333333333333] = {
		-0.015027,
		-0.174341,
		0.984571,
		0,
		-0.80552,
		0.58548,
		0.091378,
		0,
		-0.592377,
		-0.791719,
		-0.149233,
		0,
		-0.349148,
		0.273195,
		-0.16023,
		1,
	},
	[0.06666666666666667] = {
		-0.022341,
		-0.214271,
		0.976519,
		0,
		-0.843874,
		0.527791,
		0.096504,
		0,
		-0.536076,
		-0.821903,
		-0.192609,
		0,
		-0.329063,
		0.282123,
		-0.17663,
		1,
	},
	[0] = {
		0.002544,
		-0.138345,
		0.990381,
		0,
		-0.771055,
		0.630371,
		0.090036,
		0,
		-0.636763,
		-0.763867,
		-0.105068,
		0,
		-0.371228,
		0.264017,
		-0.141768,
		1,
	},
	[0.13333333333333333] = {
		-0.06528,
		-0.300846,
		0.951436,
		0,
		-0.876783,
		0.472529,
		0.089256,
		0,
		-0.476433,
		-0.828377,
		-0.294624,
		0,
		-0.290117,
		0.310293,
		-0.209728,
		1,
	},
	[0.16666666666666666] = {
		-0.136541,
		-0.338416,
		0.931038,
		0,
		-0.84581,
		0.529096,
		0.068275,
		0,
		-0.515714,
		-0.778159,
		-0.358479,
		0,
		-0.268765,
		0.335417,
		-0.231584,
		1,
	},
	[0.1] = {
		-0.03371,
		-0.256775,
		0.965883,
		0,
		-0.871169,
		0.481201,
		0.09752,
		0,
		-0.489824,
		-0.83816,
		-0.239916,
		0,
		-0.309733,
		0.293574,
		-0.192645,
		1,
	},
	[0.23333333333333334] = {
		-0.400269,
		-0.342787,
		0.849872,
		0,
		-0.602241,
		0.79741,
		0.037987,
		0,
		-0.690717,
		-0.496622,
		-0.525619,
		0,
		-0.210263,
		0.414017,
		-0.278874,
		1,
	},
	[0.26666666666666666] = {
		-0.579044,
		-0.263838,
		0.771426,
		0,
		-0.354518,
		0.933536,
		0.053175,
		0,
		-0.734183,
		-0.242693,
		-0.634094,
		0,
		-0.164473,
		0.457504,
		-0.257966,
		1,
	},
	[0.2] = {
		-0.255651,
		-0.348586,
		0.901737,
		0,
		-0.7563,
		0.653117,
		0.038058,
		0,
		-0.602206,
		-0.672254,
		-0.430606,
		0,
		-0.24318,
		0.371438,
		-0.263025,
		1,
	},
	[0.3333333333333333] = {
		-0.908181,
		-0.271767,
		0.318353,
		0,
		0.104603,
		0.589075,
		0.80128,
		0,
		-0.405295,
		0.761008,
		-0.50656,
		0,
		-0.027965,
		0.568757,
		-0.112833,
		1,
	},
	[0.36666666666666664] = {
		-0.944514,
		-0.101178,
		0.3125,
		0,
		0.301615,
		0.109624,
		0.947107,
		0,
		-0.130084,
		0.98881,
		-0.073025,
		0,
		0.062416,
		0.599603,
		0.012077,
		1,
	},
	[0.3] = {
		-0.739398,
		-0.20635,
		0.640866,
		0,
		-0.058457,
		0.967955,
		0.244224,
		0,
		-0.670725,
		0.143116,
		-0.727767,
		0,
		-0.105925,
		0.508232,
		-0.207703,
		1,
	},
	[0.43333333333333335] = {
		-0.91664,
		-0.059653,
		0.395238,
		0,
		0.386938,
		-0.380425,
		0.839974,
		0,
		0.100252,
		0.922885,
		0.371795,
		0,
		0.137227,
		0.387273,
		0.231602,
		1,
	},
	[0.4666666666666667] = {
		-0.892776,
		-0.043931,
		0.448354,
		0,
		0.401148,
		-0.530436,
		0.746805,
		0,
		0.205015,
		0.846586,
		0.491184,
		0,
		0.244727,
		0.243499,
		0.234815,
		1,
	},
	[0.4] = {
		-0.980522,
		-0.068074,
		0.184231,
		0,
		0.194685,
		-0.212966,
		0.957467,
		0,
		-0.025944,
		0.974685,
		0.222071,
		0,
		0.14792,
		0.539578,
		0.145042,
		1,
	},
	[0.5333333333333333] = {
		-0.956249,
		0.150883,
		0.250644,
		0,
		0.048669,
		-0.76276,
		0.644847,
		0,
		0.288478,
		0.628833,
		0.722046,
		0,
		0.608866,
		0.045672,
		0.07662,
		1,
	},
	[0.5666666666666667] = {
		-0.728799,
		-0.118471,
		0.674401,
		0,
		0.402571,
		-0.870849,
		0.282062,
		0,
		0.553885,
		0.47706,
		0.682367,
		0,
		0.67078,
		-0.010755,
		-0.041497,
		1,
	},
	[0.5] = {
		-0.953573,
		0.040366,
		0.298445,
		0,
		0.193869,
		-0.676066,
		0.71088,
		0,
		0.230463,
		0.735735,
		0.636852,
		0,
		0.488766,
		0.126451,
		0.157852,
		1,
	},
	[0.6333333333333333] = {
		-0.21245,
		-0.613429,
		0.760638,
		0,
		0.499223,
		-0.737292,
		-0.455167,
		0,
		0.840024,
		0.283028,
		0.462876,
		0,
		0.630415,
		-0.067563,
		-0.270479,
		1,
	},
	[0.6666666666666666] = {
		0.059236,
		-0.813574,
		0.578437,
		0,
		0.485238,
		-0.482922,
		-0.728924,
		0,
		0.872373,
		0.323858,
		0.366171,
		0,
		0.572936,
		-0.066241,
		-0.363012,
		1,
	},
	[0.6] = {
		-0.33159,
		-0.494042,
		0.803723,
		0,
		0.556358,
		-0.790418,
		-0.256329,
		0,
		0.761914,
		0.362162,
		0.536959,
		0,
		0.669889,
		-0.041131,
		-0.169801,
		1,
	},
	[0.7333333333333333] = {
		0.310189,
		-0.927291,
		0.209556,
		0,
		0.373932,
		-0.083655,
		-0.923676,
		0,
		0.874046,
		0.364874,
		0.320796,
		0,
		0.474335,
		-0.053006,
		-0.47036,
		1,
	},
	[0.7666666666666667] = {
		0.346745,
		-0.932165,
		0.104099,
		0,
		0.317917,
		0.012386,
		-0.948038,
		0,
		0.882438,
		0.361822,
		0.300646,
		0,
		0.430885,
		-0.046741,
		-0.503968,
		1,
	},
	[0.7] = {
		0.245867,
		-0.905544,
		0.345744,
		0,
		0.423723,
		-0.220398,
		-0.878569,
		0,
		0.871784,
		0.362511,
		0.329512,
		0,
		0.515305,
		-0.058458,
		-0.428956,
		1,
	},
	[0.8333333333333334] = {
		0.365836,
		-0.923066,
		-0.118796,
		0,
		0.068678,
		0.154072,
		-0.98567,
		0,
		0.928142,
		0.352435,
		0.119759,
		0,
		0.325149,
		-0.029865,
		-0.561848,
		1,
	},
	[0.8666666666666667] = {
		0.376262,
		-0.907075,
		-0.188787,
		0,
		-0.119649,
		0.154484,
		-0.980724,
		0,
		0.918755,
		0.391598,
		-0.050405,
		0,
		0.263623,
		-0.020632,
		-0.588013,
		1,
	},
	[0.8] = {
		0.364827,
		-0.931031,
		-0.009065,
		0,
		0.220298,
		0.095776,
		-0.970719,
		0,
		0.904638,
		0.352147,
		0.240046,
		0,
		0.381021,
		-0.038898,
		-0.534006,
		1,
	},
	[0.9333333333333333] = {
		0.556595,
		-0.797961,
		-0.231213,
		0,
		-0.427747,
		-0.03667,
		-0.903155,
		0,
		0.712204,
		0.601592,
		-0.361736,
		0,
		0.131989,
		-0.005456,
		-0.629065,
		1,
	},
	[0.9666666666666667] = {
		0.692227,
		-0.681282,
		-0.238068,
		0,
		-0.455551,
		-0.156649,
		-0.876318,
		0,
		0.559726,
		0.715064,
		-0.418796,
		0,
		0.072637,
		-1.4e-05,
		-0.642977,
		1,
	},
	[0.9] = {
		0.436906,
		-0.872093,
		-0.22038,
		0,
		-0.306629,
		0.08593,
		-0.947942,
		0,
		0.845631,
		0.481736,
		-0.229866,
		0,
		0.197619,
		-0.012086,
		-0.610913,
		1,
	},
	[1.0333333333333334] = {
		0.852826,
		-0.441865,
		-0.278287,
		0,
		-0.408333,
		-0.232099,
		-0.882833,
		0,
		0.325503,
		0.866536,
		-0.378369,
		0,
		-0.020555,
		0.013722,
		-0.662426,
		1,
	},
	[1.0666666666666667] = {
		0.865164,
		-0.362785,
		-0.346236,
		0,
		-0.433447,
		-0.193715,
		-0.880113,
		0,
		0.25222,
		0.911516,
		-0.324843,
		0,
		-0.055813,
		0.021754,
		-0.668042,
		1,
	},
	{
		0.795849,
		-0.551767,
		-0.249354,
		0,
		-0.42952,
		-0.224191,
		-0.874787,
		0,
		0.426775,
		0.8033,
		-0.415417,
		0,
		0.021988,
		0.006189,
		-0.65394,
		1,
	},
}

return spline_matrices
