local spline_matrices = {
	[0] = {
		0.389942,
		-0.043863,
		-0.919794,
		0,
		0.821862,
		0.467085,
		0.326151,
		0,
		0.415316,
		-0.883124,
		0.218186,
		0,
		0.423011,
		0.118764,
		0.044997,
		1
	},
	{
		0.960318,
		0.231854,
		0.155025,
		0,
		0.254228,
		-0.499074,
		-0.828428,
		0,
		-0.114706,
		0.834967,
		-0.538213,
		0,
		0.018058,
		0.059994,
		-0.575602,
		1
	},
	[0.0166666666667] = {
		0.422236,
		0.021629,
		-0.906228,
		0,
		0.752657,
		0.54879,
		0.363781,
		0,
		0.505197,
		-0.83568,
		0.215439,
		0,
		0.42993,
		0.128354,
		0.049829,
		1
	},
	[0.0333333333333] = {
		0.445448,
		0.096834,
		-0.890056,
		0,
		0.669165,
		0.624453,
		0.402835,
		0,
		0.594807,
		-0.775036,
		0.213364,
		0,
		0.448205,
		0.145665,
		0.05911,
		1
	},
	[0.05] = {
		0.458873,
		0.174376,
		-0.871222,
		0,
		0.574568,
		0.689698,
		0.440669,
		0,
		0.677722,
		-0.702787,
		0.216293,
		0,
		0.469617,
		0.169002,
		0.070594,
		1
	},
	[0.0666666666667] = {
		0.464373,
		0.246618,
		-0.85061,
		0,
		0.474072,
		0.742042,
		0.473951,
		0,
		0.748073,
		-0.62334,
		0.22767,
		0,
		0.486046,
		0.196624,
		0.081969,
		1
	},
	[0.0833333333333] = {
		0.466456,
		0.306533,
		-0.829733,
		0,
		0.374171,
		0.781598,
		0.4991,
		0,
		0.801508,
		-0.54327,
		0.249885,
		0,
		0.489477,
		0.226742,
		0.090902,
		1
	},
	[0.116666666667] = {
		0.503182,
		0.368604,
		-0.781626,
		0,
		0.235034,
		0.812004,
		0.534236,
		0,
		0.831605,
		-0.452526,
		0.321951,
		0,
		0.437134,
		0.287853,
		0.090668,
		1
	},
	[0.133333333333] = {
		0.554348,
		0.369016,
		-0.746007,
		0,
		0.220863,
		0.798975,
		0.559337,
		0,
		0.802445,
		-0.474833,
		0.361408,
		0,
		0.387455,
		0.322304,
		0.077157,
		1
	},
	[0.15] = {
		0.591259,
		0.358354,
		-0.722492,
		0,
		0.172782,
		0.81877,
		0.547506,
		0,
		0.787756,
		-0.448551,
		0.422188,
		0,
		0.325986,
		0.367827,
		0.05753,
		1
	},
	[0.166666666667] = {
		0.586461,
		0.347312,
		-0.731736,
		0,
		0.01668,
		0.898033,
		0.439612,
		0,
		0.809806,
		-0.270021,
		0.520868,
		0,
		0.254099,
		0.430676,
		0.033601,
		1
	},
	[0.183333333333] = {
		0.509501,
		0.268903,
		-0.817374,
		0,
		-0.409598,
		0.911183,
		0.044446,
		0,
		0.756729,
		0.312149,
		0.574391,
		0,
		0.117937,
		0.557076,
		-0.008156,
		1
	},
	[0.1] = {
		0.471635,
		0.348267,
		-0.810105,
		0,
		0.281755,
		0.811022,
		0.512696,
		0,
		0.835569,
		-0.470056,
		0.28438,
		0,
		0.472522,
		0.257568,
		0.09509,
		1
	},
	[0.216666666667] = {
		0.463782,
		0.12331,
		-0.877326,
		0,
		-0.878202,
		0.194655,
		-0.436887,
		0,
		0.116903,
		0.97309,
		0.198569,
		0,
		-0.137711,
		0.606897,
		-0.1393,
		1
	},
	[0.233333333333] = {
		0.451396,
		0.142124,
		-0.880933,
		0,
		-0.872767,
		-0.135237,
		-0.46903,
		0,
		-0.185795,
		0.980567,
		0.062996,
		0,
		-0.221879,
		0.573745,
		-0.210605,
		1
	},
	[0.25] = {
		0.47357,
		0.152182,
		-0.867509,
		0,
		-0.75309,
		-0.440781,
		-0.488433,
		0,
		-0.456712,
		0.88462,
		-0.094134,
		0,
		-0.297934,
		0.529897,
		-0.272396,
		1
	},
	[0.266666666667] = {
		0.507936,
		0.204636,
		-0.836735,
		0,
		-0.621313,
		-0.585772,
		-0.520424,
		0,
		-0.596634,
		0.784216,
		-0.170391,
		0,
		-0.36054,
		0.465448,
		-0.325805,
		1
	},
	[0.283333333333] = {
		0.511972,
		0.236348,
		-0.825848,
		0,
		-0.469998,
		-0.727659,
		-0.499615,
		0,
		-0.719018,
		0.643935,
		-0.261458,
		0,
		-0.419465,
		0.394825,
		-0.366305,
		1
	},
	[0.2] = {
		0.474351,
		0.136774,
		-0.869646,
		0,
		-0.769996,
		0.543308,
		-0.334548,
		0,
		0.426728,
		0.828317,
		0.363035,
		0,
		-0.039853,
		0.62955,
		-0.070851,
		1
	},
	[0.316666666667] = {
		0.510731,
		0.145806,
		-0.847286,
		0,
		-0.509611,
		-0.742378,
		-0.434938,
		0,
		-0.692423,
		0.653923,
		-0.304851,
		0,
		-0.421456,
		0.334497,
		-0.420636,
		1
	},
	[0.333333333333] = {
		0.494831,
		0.066258,
		-0.866459,
		0,
		-0.651157,
		-0.632,
		-0.420202,
		0,
		-0.575445,
		0.77213,
		-0.269589,
		0,
		-0.383313,
		0.328057,
		-0.43205,
		1
	},
	[0.35] = {
		0.483822,
		0.059898,
		-0.873114,
		0,
		-0.681939,
		-0.59949,
		-0.419012,
		0,
		-0.548522,
		0.798137,
		-0.2492,
		0,
		-0.366482,
		0.315134,
		-0.437366,
		1
	},
	[0.366666666667] = {
		0.47612,
		0.082156,
		-0.875534,
		0,
		-0.680486,
		-0.596209,
		-0.425997,
		0,
		-0.557,
		0.798615,
		-0.227961,
		0,
		-0.34892,
		0.3003,
		-0.44092,
		1
	},
	[0.383333333333] = {
		0.469594,
		0.122346,
		-0.874364,
		0,
		-0.657559,
		-0.612398,
		-0.438845,
		0,
		-0.58915,
		0.781025,
		-0.207129,
		0,
		-0.330941,
		0.2838,
		-0.44339,
		1
	},
	[0.3] = {
		0.50886,
		0.231196,
		-0.829222,
		0,
		-0.380694,
		-0.803514,
		-0.457644,
		0,
		-0.772097,
		0.548557,
		-0.320861,
		0,
		-0.450939,
		0.346647,
		-0.398626,
		1
	},
	[0.416666666667] = {
		0.452581,
		0.215473,
		-0.865299,
		0,
		-0.584947,
		-0.66068,
		-0.470467,
		0,
		-0.673059,
		0.719078,
		-0.172971,
		0,
		-0.293878,
		0.246929,
		-0.447978,
		1
	},
	[0.433333333333] = {
		0.442795,
		0.248322,
		-0.86155,
		0,
		-0.557811,
		-0.676,
		-0.48153,
		0,
		-0.701983,
		0.693801,
		-0.160813,
		0,
		-0.275592,
		0.227039,
		-0.45109,
		1
	},
	[0.45] = {
		0.428217,
		0.270156,
		-0.862349,
		0,
		-0.539688,
		-0.688948,
		-0.483826,
		0,
		-0.724822,
		0.672582,
		-0.149219,
		0,
		-0.2578,
		0.203173,
		-0.454714,
		1
	},
	[0.466666666667] = {
		0.410677,
		0.28825,
		-0.865018,
		0,
		-0.520478,
		-0.704842,
		-0.481976,
		0,
		-0.74863,
		0.648159,
		-0.139434,
		0,
		-0.240105,
		0.176096,
		-0.458632,
		1
	},
	[0.483333333333] = {
		0.402761,
		0.302852,
		-0.86375,
		0,
		-0.500155,
		-0.717509,
		-0.484795,
		0,
		-0.766569,
		0.627266,
		-0.137511,
		0,
		-0.222358,
		0.15174,
		-0.463182,
		1
	},
	[0.4] = {
		0.462035,
		0.17019,
		-0.870379,
		0,
		-0.622241,
		-0.637097,
		-0.454888,
		0,
		-0.631933,
		0.751759,
		-0.188462,
		0,
		-0.312496,
		0.265918,
		-0.445565,
		1
	},
	[0.516666666667] = {
		0.45219,
		0.325501,
		-0.830405,
		0,
		-0.455542,
		-0.716153,
		-0.528778,
		0,
		-0.766815,
		0.617393,
		-0.175558,
		0,
		-0.186454,
		0.12692,
		-0.47541,
		1
	},
	[0.533333333333] = {
		0.496829,
		0.334531,
		-0.800781,
		0,
		-0.429109,
		-0.707338,
		-0.561727,
		0,
		-0.754338,
		0.622705,
		-0.207876,
		0,
		-0.168555,
		0.11844,
		-0.483199,
		1
	},
	[0.55] = {
		0.549022,
		0.341582,
		-0.762821,
		0,
		-0.398724,
		-0.695088,
		-0.598224,
		0,
		-0.73457,
		0.632594,
		-0.245422,
		0,
		-0.150705,
		0.110624,
		-0.491851,
		1
	},
	[0.566666666667] = {
		0.60646,
		0.346106,
		-0.715833,
		0,
		-0.363633,
		-0.679893,
		-0.636802,
		0,
		-0.70709,
		0.646495,
		-0.286473,
		0,
		-0.132853,
		0.103495,
		-0.501133,
		1
	},
	[0.583333333333] = {
		0.666381,
		0.347583,
		-0.659638,
		0,
		-0.323479,
		-0.662326,
		-0.675785,
		0,
		-0.671787,
		0.66371,
		-0.328925,
		0,
		-0.115127,
		0.097066,
		-0.510751,
		1
	},
	[0.5] = {
		0.417125,
		0.314979,
		-0.852523,
		0,
		-0.47885,
		-0.7211,
		-0.500716,
		0,
		-0.77247,
		0.617092,
		-0.149961,
		0,
		-0.204446,
		0.136032,
		-0.468694,
		1
	},
	[0.616666666667] = {
		0.782563,
		0.339973,
		-0.521549,
		0,
		-0.228285,
		-0.622686,
		-0.748431,
		0,
		-0.579207,
		0.704756,
		-0.40968,
		0,
		-0.080756,
		0.086302,
		-0.529851,
		1
	},
	[0.633333333333] = {
		0.834005,
		0.33068,
		-0.441686,
		0,
		-0.174026,
		-0.601998,
		-0.779303,
		0,
		-0.523594,
		0.726808,
		-0.444523,
		0,
		-0.06435,
		0.081943,
		-0.538835,
		1
	},
	[0.65] = {
		0.878423,
		0.318,
		-0.35672,
		0,
		-0.116381,
		-0.581629,
		-0.805086,
		0,
		-0.463496,
		0.748721,
		-0.473907,
		0,
		-0.048689,
		0.078243,
		-0.547138,
		1
	},
	[0.666666666667] = {
		0.914542,
		0.302435,
		-0.268599,
		0,
		-0.056425,
		-0.562162,
		-0.8251,
		0,
		-0.400535,
		0.769745,
		-0.497056,
		0,
		-0.033988,
		0.075185,
		-0.554569,
		1
	},
	[0.683333333333] = {
		0.941698,
		0.284674,
		-0.179348,
		0,
		0.004674,
		-0.544063,
		-0.839032,
		0,
		-0.336427,
		0.789276,
		-0.513673,
		0,
		-0.020481,
		0.072762,
		-0.560974,
		1
	},
	[0.6] = {
		0.72593,
		0.345612,
		-0.594624,
		0,
		-0.278291,
		-0.643028,
		-0.713491,
		0,
		-0.628951,
		0.683423,
		-0.370613,
		0,
		-0.097729,
		0.091338,
		-0.520408,
		1
	},
	[0.716666666667] = {
		0.96929,
		0.245872,
		-0.004941,
		0,
		0.125837,
		-0.51314,
		-0.84903,
		0,
		-0.211288,
		0.822335,
		-0.528321,
		0,
		0.001971,
		0.069838,
		-0.570287,
		1
	},
	[0.733333333333] = {
		0.970933,
		0.226577,
		0.077155,
		0,
		0.18403,
		-0.500557,
		-0.845917,
		0,
		-0.153045,
		0.835527,
		-0.527705,
		0,
		0.010439,
		0.06938,
		-0.573066,
		1
	},
	[0.75] = {
		0.965766,
		0.208483,
		0.154375,
		0,
		0.23973,
		-0.489857,
		-0.838194,
		0,
		-0.099128,
		0.846508,
		-0.523067,
		0,
		0.016773,
		0.069638,
		-0.574548,
		1
	},
	[0.766666666667] = {
		0.965348,
		0.210374,
		0.154419,
		0,
		0.240871,
		-0.490591,
		-0.837438,
		0,
		-0.100419,
		0.845614,
		-0.524264,
		0,
		0.01685,
		0.068877,
		-0.574638,
		1
	},
	[0.783333333333] = {
		0.964928,
		0.212261,
		0.154467,
		0,
		0.242016,
		-0.491327,
		-0.836676,
		0,
		-0.1017,
		0.844715,
		-0.525465,
		0,
		0.016933,
		0.068114,
		-0.574727,
		1
	},
	[0.7] = {
		0.959808,
		0.265529,
		-0.090898,
		0,
		0.06577,
		-0.52766,
		-0.846906,
		0,
		-0.272842,
		0.806889,
		-0.523916,
		0,
		-0.008413,
		0.070974,
		-0.56624,
		1
	},
	[0.816666666667] = {
		0.964085,
		0.215983,
		0.154568,
		0,
		0.244295,
		-0.492786,
		-0.835154,
		0,
		-0.104211,
		0.84292,
		-0.527851,
		0,
		0.017112,
		0.066598,
		-0.574901,
		1
	},
	[0.833333333333] = {
		0.963669,
		0.217798,
		0.154619,
		0,
		0.245414,
		-0.4935,
		-0.834404,
		0,
		-0.105427,
		0.842034,
		-0.529021,
		0,
		0.017206,
		0.065854,
		-0.574985,
		1
	},
	[0.85] = {
		0.963259,
		0.219568,
		0.15467,
		0,
		0.24651,
		-0.494198,
		-0.833667,
		0,
		-0.106609,
		0.841164,
		-0.530167,
		0,
		0.017301,
		0.065125,
		-0.575066,
		1
	},
	[0.866666666667] = {
		0.962858,
		0.221285,
		0.154719,
		0,
		0.247577,
		-0.494877,
		-0.832948,
		0,
		-0.107752,
		0.840316,
		-0.531281,
		0,
		0.017397,
		0.064415,
		-0.575144,
		1
	},
	[0.883333333333] = {
		0.962469,
		0.222936,
		0.154767,
		0,
		0.248608,
		-0.49553,
		-0.832252,
		0,
		-0.108847,
		0.839493,
		-0.532356,
		0,
		0.017492,
		0.06373,
		-0.575218,
		1
	},
	[0.8] = {
		0.964506,
		0.214134,
		0.154517,
		0,
		0.24316,
		-0.49206,
		-0.835913,
		0,
		-0.102966,
		0.843815,
		-0.526663,
		0,
		0.017021,
		0.067353,
		-0.574815,
		1
	},
	[0.916666666667] = {
		0.961738,
		0.226007,
		0.154857,
		0,
		0.250532,
		-0.496748,
		-0.830948,
		0,
		-0.110875,
		0.837951,
		-0.534363,
		0,
		0.017678,
		0.062451,
		-0.575353,
		1
	},
	[0.933333333333] = {
		0.961402,
		0.227406,
		0.154897,
		0,
		0.251412,
		-0.497303,
		-0.83035,
		0,
		-0.111795,
		0.837243,
		-0.535281,
		0,
		0.017765,
		0.061866,
		-0.575414,
		1
	},
	[0.95] = {
		0.961089,
		0.2287,
		0.154934,
		0,
		0.252229,
		-0.497818,
		-0.829794,
		0,
		-0.112645,
		0.836585,
		-0.536132,
		0,
		0.017848,
		0.061323,
		-0.575469,
		1
	},
	[0.966666666667] = {
		0.960802,
		0.229879,
		0.154968,
		0,
		0.252975,
		-0.498287,
		-0.829285,
		0,
		-0.113417,
		0.835982,
		-0.536909,
		0,
		0.017926,
		0.060827,
		-0.575519,
		1
	},
	[0.983333333333] = {
		0.960544,
		0.230934,
		0.154999,
		0,
		0.253644,
		-0.498707,
		-0.828828,
		0,
		-0.114106,
		0.835441,
		-0.537605,
		0,
		0.017996,
		0.060382,
		-0.575564,
		1
	},
	[0.9] = {
		0.962095,
		0.224514,
		0.154813,
		0,
		0.249595,
		-0.496156,
		-0.831584,
		0,
		-0.109891,
		0.838703,
		-0.533386,
		0,
		0.017586,
		0.063074,
		-0.575288,
		1
	},
	[1.01666666667] = {
		0.960127,
		0.23263,
		0.155048,
		0,
		0.254722,
		-0.499383,
		-0.82809,
		0,
		-0.11521,
		0.834566,
		-0.538727,
		0,
		0.018112,
		0.059666,
		-0.575635,
		1
	},
	[1.03333333333] = {
		0.959973,
		0.23325,
		0.155066,
		0,
		0.255117,
		-0.499631,
		-0.827819,
		0,
		-0.115613,
		0.834244,
		-0.539138,
		0,
		0.018155,
		0.059403,
		-0.57566,
		1
	},
	[1.05] = {
		0.95986,
		0.233706,
		0.15508,
		0,
		0.255409,
		-0.499813,
		-0.827619,
		0,
		-0.115909,
		0.834007,
		-0.539441,
		0,
		0.018187,
		0.05921,
		-0.575679,
		1
	},
	[1.06666666667] = {
		0.95979,
		0.233987,
		0.155089,
		0,
		0.255588,
		-0.499925,
		-0.827496,
		0,
		-0.116091,
		0.833861,
		-0.539628,
		0,
		0.018208,
		0.05909,
		-0.575691,
		1
	},
	[1.08333333333] = {
		0.959767,
		0.234083,
		0.155092,
		0,
		0.25565,
		-0.499964,
		-0.827454,
		0,
		-0.116153,
		0.833811,
		-0.539692,
		0,
		0.018215,
		0.059049,
		-0.575695,
		1
	}
}

return spline_matrices
