-- chunkname: @content/characters/player/human/first_person/animations/power_sword/heavy_swing_right_up.lua

local spline_matrices = {
	[0.03333333333333333] = {
		-0.100161,
		-0.16344,
		0.981456,
		0,
		-0.888461,
		0.45873,
		-0.01428,
		0,
		-0.447889,
		-0.873415,
		-0.191157,
		0,
		-0.349265,
		0.272782,
		-0.159315,
		1,
	},
	[0.06666666666666667] = {
		-0.107932,
		-0.208807,
		0.971983,
		0,
		-0.916267,
		0.400259,
		-0.01576,
		0,
		-0.385754,
		-0.892296,
		-0.234523,
		0,
		-0.329171,
		0.281666,
		-0.175734,
		1,
	},
	[0] = {
		-0.081957,
		-0.123047,
		0.989011,
		0,
		-0.863336,
		0.504554,
		-0.008769,
		0,
		-0.49793,
		-0.854567,
		-0.147583,
		0,
		-0.371343,
		0.263644,
		-0.140835,
		1,
	},
	[0.13333333333333333] = {
		-0.15065,
		-0.299462,
		0.94214,
		0,
		-0.935294,
		0.351855,
		-0.037718,
		0,
		-0.320201,
		-0.88686,
		-0.333092,
		0,
		-0.290249,
		0.309754,
		-0.208883,
		1,
	},
	[0.16666666666666666] = {
		-0.220996,
		-0.330547,
		0.917551,
		0,
		-0.905591,
		0.418787,
		-0.067247,
		0,
		-0.36203,
		-0.845787,
		-0.39189,
		0,
		-0.268978,
		0.33485,
		-0.230774,
		1,
	},
	[0.1] = {
		-0.119343,
		-0.255319,
		0.959463,
		0,
		-0.934536,
		0.355206,
		-0.02172,
		0,
		-0.335261,
		-0.899245,
		-0.280996,
		0,
		-0.309838,
		0.293075,
		-0.191772,
		1,
	},
	[0.23333333333333334] = {
		-0.472959,
		-0.302966,
		0.827358,
		0,
		-0.673816,
		0.729401,
		-0.11809,
		0,
		-0.567699,
		-0.613339,
		-0.54912,
		0,
		-0.210794,
		0.413502,
		-0.278185,
		1,
	},
	[0.26666666666666666] = {
		-0.634413,
		-0.20341,
		0.745751,
		0,
		-0.423076,
		0.898798,
		-0.114757,
		0,
		-0.646937,
		-0.388313,
		-0.656267,
		0,
		-0.165205,
		0.457124,
		-0.257382,
		1,
	},
	[0.2] = {
		-0.336638,
		-0.326942,
		0.883054,
		0,
		-0.82229,
		0.559014,
		-0.106504,
		0,
		-0.458818,
		-0.761979,
		-0.457026,
		0,
		-0.243538,
		0.370882,
		-0.262261,
		1,
	},
	[0.3333333333333333] = {
		-0.914151,
		-0.194611,
		0.355604,
		0,
		0.109119,
		0.726713,
		0.67822,
		0,
		-0.390411,
		0.658798,
		-0.643089,
		0,
		-0.028963,
		0.568653,
		-0.112706,
		1,
	},
	[0.36666666666666664] = {
		-0.924005,
		-0.050826,
		0.378986,
		0,
		0.351181,
		0.279319,
		0.893674,
		0,
		-0.15128,
		0.958852,
		-0.240243,
		0,
		0.061442,
		0.599755,
		0.012302,
		1,
	},
	[0.3] = {
		-0.769385,
		-0.127258,
		0.62598,
		0,
		-0.10864,
		0.991747,
		0.068088,
		0,
		-0.629479,
		-0.01562,
		-0.776861,
		0,
		-0.106817,
		0.508006,
		-0.207283,
		1,
	},
	[0.43333333333333335] = {
		-0.880127,
		-0.048835,
		0.47222,
		0,
		0.470864,
		-0.216618,
		0.855198,
		0,
		0.060528,
		0.975034,
		0.213646,
		0,
		0.136334,
		0.387479,
		0.23203,
		1,
	},
	[0.4666666666666667] = {
		-0.850862,
		-0.047598,
		0.523228,
		0,
		0.500218,
		-0.377947,
		0.779062,
		0,
		0.160671,
		0.924603,
		0.34539,
		0,
		0.243884,
		0.24371,
		0.235332,
		1,
	},
	[0.4] = {
		-0.963465,
		-0.042531,
		0.264437,
		0,
		0.26619,
		-0.042774,
		0.962971,
		0,
		-0.029645,
		0.998179,
		0.052533,
		0,
		0.146945,
		0.539779,
		0.145218,
		1,
	},
	[0.5333333333333333] = {
		-0.936895,
		0.119945,
		0.328391,
		0,
		0.172664,
		-0.658011,
		0.732945,
		0,
		0.303998,
		0.743394,
		0.595777,
		0,
		0.608005,
		0.046032,
		0.077011,
		1,
	},
	[0.5666666666666667] = {
		-0.672639,
		-0.162902,
		0.721817,
		0,
		0.546037,
		-0.767605,
		0.335599,
		0,
		0.4994,
		0.619876,
		0.605271,
		0,
		0.670188,
		-0.01069,
		-0.04068,
		1,
	},
	[0.5] = {
		-0.925838,
		0.020828,
		0.377346,
		0,
		0.305585,
		-0.546213,
		0.779917,
		0,
		0.222355,
		0.837388,
		0.49934,
		0,
		0.487884,
		0.126725,
		0.158262,
		1,
	},
	[0.6333333333333333] = {
		-0.138882,
		-0.654262,
		0.743406,
		0,
		0.646665,
		-0.628454,
		-0.432285,
		0,
		0.750024,
		0.420698,
		0.510369,
		0,
		0.630395,
		-0.06804,
		-0.269588,
		1,
	},
	[0.6666666666666666] = {
		0.132124,
		-0.832947,
		0.537347,
		0,
		0.616343,
		-0.355527,
		-0.702654,
		0,
		0.776315,
		0.424027,
		0.466407,
		0,
		0.57319,
		-0.066919,
		-0.362306,
		1,
	},
	[0.6] = {
		-0.256618,
		-0.535937,
		0.804312,
		0,
		0.69953,
		-0.67723,
		-0.228072,
		0,
		0.666937,
		0.504113,
		0.548694,
		0,
		0.669729,
		-0.041468,
		-0.168861,
		1,
	},
	[0.7333333333333333] = {
		0.373911,
		-0.914696,
		0.153366,
		0,
		0.486964,
		0.052885,
		-0.871819,
		0,
		0.789339,
		0.400667,
		0.465199,
		0,
		0.474841,
		-0.05381,
		-0.470013,
		1,
	},
	[0.7666666666666667] = {
		0.406503,
		-0.912509,
		0.045627,
		0,
		0.430342,
		0.147177,
		-0.890587,
		0,
		0.805954,
		0.381662,
		0.452518,
		0,
		0.431432,
		-0.047556,
		-0.503727,
		1,
	},
	[0.7] = {
		0.313449,
		-0.903341,
		0.292789,
		0,
		0.540722,
		-0.083672,
		-0.83703,
		0,
		0.780621,
		0.420683,
		0.462229,
		0,
		0.515745,
		-0.059233,
		-0.428477,
		1,
	},
	[0.8333333333333334] = {
		0.408844,
		-0.893261,
		-0.186901,
		0,
		0.191365,
		0.28416,
		-0.939485,
		0,
		0.892315,
		0.348337,
		0.287116,
		0,
		0.325743,
		-0.030683,
		-0.561869,
		1,
	},
	[0.8666666666666667] = {
		0.404772,
		-0.875643,
		-0.263457,
		0,
		0.003857,
		0.289747,
		-0.957096,
		0,
		0.91441,
		0.386389,
		0.120659,
		0,
		0.264236,
		-0.021425,
		-0.588147,
		1,
	},
	[0.8] = {
		0.418167,
		-0.905562,
		-0.071375,
		0,
		0.336597,
		0.227454,
		-0.913765,
		0,
		0.843705,
		0.358082,
		0.399923,
		0,
		0.381598,
		-0.03972,
		-0.53389,
		1,
	},
	[0.9333333333333333] = {
		0.552702,
		-0.77233,
		-0.313092,
		0,
		-0.347669,
		0.127751,
		-0.928874,
		0,
		0.757395,
		0.622243,
		-0.197907,
		0,
		0.132745,
		-0.006075,
		-0.629326,
		1,
	},
	[0.9666666666666667] = {
		0.679313,
		-0.660244,
		-0.320329,
		0,
		-0.411139,
		0.019155,
		-0.911371,
		0,
		0.607863,
		0.750807,
		-0.25844,
		0,
		0.073487,
		-0.000483,
		-0.643262,
		1,
	},
	[0.9] = {
		0.448138,
		-0.842099,
		-0.30007,
		0,
		-0.196911,
		0.234435,
		-0.95198,
		0,
		0.872008,
		0.485706,
		-0.060759,
		0,
		0.198285,
		-0.012816,
		-0.611126,
		1,
	},
	[1.0333333333333334] = {
		0.832946,
		-0.420943,
		-0.359178,
		0,
		-0.416389,
		-0.049295,
		-0.907849,
		0,
		0.364447,
		0.905747,
		-0.216336,
		0,
		-0.019613,
		0.013531,
		-0.662739,
		1,
	},
	[1.0666666666666667] = {
		0.840265,
		-0.337387,
		-0.424411,
		0,
		-0.45418,
		-0.010512,
		-0.890848,
		0,
		0.296099,
		0.941308,
		-0.162067,
		0,
		-0.054876,
		0.02165,
		-0.668408,
		1,
	},
	{
		0.778877,
		-0.532521,
		-0.331317,
		0,
		-0.415882,
		-0.043104,
		-0.908397,
		0,
		0.46946,
		0.845318,
		-0.255038,
		0,
		0.022903,
		0.005875,
		-0.654235,
		1,
	},
}

return spline_matrices
