local spline_matrices = {
	[0] = {
		0.21614,
		-0.110281,
		-0.970114,
		0,
		0.815749,
		0.566374,
		0.117364,
		0,
		0.536504,
		-0.816737,
		0.212377,
		0,
		0.449805,
		0.180908,
		-0.001924,
		1
	},
	{
		0.76011,
		-0.522691,
		-0.386041,
		0,
		-0.643061,
		-0.519785,
		-0.562402,
		0,
		0.093304,
		0.675735,
		-0.731216,
		0,
		-0.015091,
		0.017604,
		-0.58563,
		1
	},
	[0.0166666666667] = {
		0.257997,
		-0.077827,
		-0.963006,
		0,
		0.74761,
		0.647445,
		0.147966,
		0,
		0.611977,
		-0.758128,
		0.225223,
		0,
		0.44857,
		0.213236,
		0.009986,
		1
	},
	[0.0333333333333] = {
		0.305161,
		-0.025849,
		-0.95195,
		0,
		0.668863,
		0.717372,
		0.194935,
		0,
		0.677863,
		-0.696211,
		0.236204,
		0,
		0.44071,
		0.24487,
		0.01267,
		1
	},
	[0.05] = {
		0.35535,
		0.057391,
		-0.93297,
		0,
		0.59144,
		0.759101,
		0.271964,
		0,
		0.723827,
		-0.648438,
		0.235803,
		0,
		0.421969,
		0.273884,
		0.014697,
		1
	},
	[0.0666666666667] = {
		0.356435,
		0.1416,
		-0.923528,
		0,
		0.452579,
		0.838578,
		0.303247,
		0,
		0.81739,
		-0.526057,
		0.234814,
		0,
		0.379627,
		0.315984,
		0.0095,
		1
	},
	[0.0833333333333] = {
		0.26208,
		0.189095,
		-0.946339,
		0,
		0.218298,
		0.943581,
		0.249,
		0,
		0.940032,
		-0.271841,
		0.206014,
		0,
		0.312723,
		0.388177,
		-0.007076,
		1
	},
	[0.116666666667] = {
		-0.024875,
		0.13388,
		-0.990685,
		0,
		-0.588152,
		0.799374,
		0.122794,
		0,
		0.808368,
		0.585728,
		0.058858,
		0,
		0.000972,
		0.503323,
		-0.052816,
		1
	},
	[0.133333333333] = {
		-0.12761,
		0.004952,
		-0.991812,
		0,
		-0.988763,
		-0.079142,
		0.126822,
		0,
		-0.077866,
		0.996851,
		0.014995,
		0,
		-0.367324,
		0.412974,
		-0.078904,
		1
	},
	[0.15] = {
		0.072108,
		0.08613,
		-0.993671,
		0,
		-0.786988,
		-0.607132,
		-0.109735,
		0,
		-0.612741,
		0.789919,
		0.024005,
		0,
		-0.467005,
		0.279665,
		-0.11327,
		1
	},
	[0.166666666667] = {
		0.064285,
		0.074814,
		-0.995123,
		0,
		-0.650692,
		-0.752908,
		-0.098639,
		0,
		-0.756616,
		0.65386,
		0.00028,
		0,
		-0.497327,
		0.182977,
		-0.129535,
		1
	},
	[0.183333333333] = {
		-0.005936,
		-0.004691,
		-0.999971,
		0,
		-0.618248,
		-0.785949,
		0.007357,
		0,
		-0.785961,
		0.618274,
		0.001765,
		0,
		-0.510236,
		0.102427,
		-0.138068,
		1
	},
	[0.1] = {
		0.116897,
		0.182841,
		-0.976168,
		0,
		-0.114598,
		0.978825,
		0.169616,
		0,
		0.98651,
		0.09204,
		0.135375,
		0,
		0.201175,
		0.467404,
		-0.030099,
		1
	},
	[0.216666666667] = {
		-0.006979,
		-0.079307,
		-0.996826,
		0,
		-0.454092,
		-0.887891,
		0.07382,
		0,
		-0.890927,
		0.453166,
		-0.029816,
		0,
		-0.501157,
		-0.007993,
		-0.166095,
		1
	},
	[0.233333333333] = {
		0.054246,
		-0.06218,
		-0.99659,
		0,
		-0.314285,
		-0.948396,
		0.042066,
		0,
		-0.947777,
		0.310932,
		-0.070989,
		0,
		-0.488727,
		-0.037487,
		-0.185035,
		1
	},
	[0.25] = {
		0.125235,
		-0.025407,
		-0.991802,
		0,
		-0.166767,
		-0.985987,
		0.0042,
		0,
		-0.978011,
		0.164873,
		-0.127717,
		0,
		-0.473103,
		-0.062367,
		-0.204541,
		1
	},
	[0.266666666667] = {
		0.193941,
		0.01585,
		-0.980885,
		0,
		-0.035339,
		-0.999108,
		-0.023132,
		0,
		-0.980376,
		0.03915,
		-0.193208,
		0,
		-0.455951,
		-0.094741,
		-0.223209,
		1
	},
	[0.283333333333] = {
		0.272158,
		0.056681,
		-0.960582,
		0,
		0.053043,
		-0.997629,
		-0.043839,
		0,
		-0.960789,
		-0.039021,
		-0.27452,
		0,
		-0.43636,
		-0.144771,
		-0.241031,
		1
	},
	[0.2] = {
		-0.042136,
		-0.068287,
		-0.996776,
		0,
		-0.568887,
		-0.818503,
		0.080122,
		0,
		-0.821335,
		0.570429,
		-0.00436,
		0,
		-0.509557,
		0.037515,
		-0.149141,
		1
	},
	[0.316666666667] = {
		0.377973,
		0.0719,
		-0.923021,
		0,
		0.027497,
		-0.997412,
		-0.066435,
		0,
		-0.925408,
		-0.00027,
		-0.378971,
		0,
		-0.375245,
		-0.168514,
		-0.27721,
		1
	},
	[0.333333333333] = {
		0.461746,
		0.052775,
		-0.885441,
		0,
		-0.053998,
		-0.994705,
		-0.087447,
		0,
		-0.885367,
		0.088191,
		-0.456451,
		0,
		-0.332973,
		-0.159615,
		-0.307722,
		1
	},
	[0.35] = {
		0.551615,
		0.01439,
		-0.833975,
		0,
		-0.157524,
		-0.980062,
		-0.121102,
		0,
		-0.819089,
		0.198172,
		-0.53835,
		0,
		-0.285785,
		-0.143033,
		-0.345631,
		1
	},
	[0.366666666667] = {
		0.637256,
		-0.045122,
		-0.76933,
		0,
		-0.272213,
		-0.947113,
		-0.169932,
		0,
		-0.720975,
		0.317711,
		-0.615836,
		0,
		-0.235734,
		-0.120222,
		-0.388524,
		1
	},
	[0.383333333333] = {
		0.707956,
		-0.123395,
		-0.695394,
		0,
		-0.384577,
		-0.893195,
		-0.23303,
		0,
		-0.592368,
		0.432407,
		-0.679797,
		0,
		-0.184781,
		-0.093073,
		-0.433637,
		1
	},
	[0.3] = {
		0.308137,
		0.075819,
		-0.948316,
		0,
		0.079498,
		-0.995385,
		-0.053751,
		0,
		-0.948015,
		-0.058826,
		-0.312742,
		0,
		-0.41028,
		-0.16846,
		-0.256277,
		1
	},
	[0.416666666667] = {
		0.779964,
		-0.304776,
		-0.546596,
		0,
		-0.555265,
		-0.739901,
		-0.379773,
		0,
		-0.288681,
		0.599715,
		-0.746328,
		0,
		-0.08973,
		-0.035881,
		-0.518011,
		1
	},
	[0.433333333333] = {
		0.783954,
		-0.387874,
		-0.484737,
		0,
		-0.603407,
		-0.659686,
		-0.448012,
		0,
		-0.146001,
		0.643714,
		-0.751209,
		0,
		-0.051999,
		-0.01154,
		-0.550928,
		1
	},
	[0.45] = {
		0.776244,
		-0.455151,
		-0.436215,
		0,
		-0.629797,
		-0.590937,
		-0.504133,
		0,
		-0.028319,
		0.666056,
		-0.745364,
		0,
		-0.025956,
		0.006334,
		-0.573768,
		1
	},
	[0.466666666667] = {
		0.765835,
		-0.502038,
		-0.401815,
		0,
		-0.640628,
		-0.541627,
		-0.544275,
		0,
		0.055613,
		0.674239,
		-0.736416,
		0,
		-0.015717,
		0.015363,
		-0.583919,
		1
	},
	[0.483333333333] = {
		0.756116,
		-0.535287,
		-0.376506,
		0,
		-0.644015,
		-0.506335,
		-0.573472,
		0,
		0.116334,
		0.676086,
		-0.727581,
		0,
		-0.014655,
		0.018971,
		-0.586665,
		1
	},
	[0.4] = {
		0.756095,
		-0.213306,
		-0.618725,
		0,
		-0.481715,
		-0.821351,
		-0.305504,
		0,
		-0.443025,
		0.529039,
		-0.723772,
		0,
		-0.135165,
		-0.064019,
		-0.477876,
		1
	},
	[0.516666666667] = {
		0.73499,
		-0.588379,
		-0.337047,
		0,
		-0.643506,
		-0.448554,
		-0.620242,
		0,
		0.213754,
		0.672763,
		-0.708307,
		0,
		-0.012351,
		0.024732,
		-0.590944,
		1
	},
	[0.533333333333] = {
		0.724827,
		-0.609037,
		-0.322024,
		0,
		-0.641258,
		-0.425575,
		-0.638494,
		0,
		0.251821,
		0.669298,
		-0.699018,
		0,
		-0.011244,
		0.026973,
		-0.592573,
		1
	},
	[0.55] = {
		0.715464,
		-0.626295,
		-0.309622,
		0,
		-0.638458,
		-0.406157,
		-0.653764,
		0,
		0.283694,
		0.665425,
		-0.690454,
		0,
		-0.010224,
		0.028846,
		-0.593918,
		1
	},
	[0.566666666667] = {
		0.707138,
		-0.640505,
		-0.299516,
		0,
		-0.635502,
		-0.390011,
		-0.666354,
		0,
		0.309989,
		0.661547,
		-0.682834,
		0,
		-0.009317,
		0.030387,
		-0.595014,
		1
	},
	[0.583333333333] = {
		0.699994,
		-0.651982,
		-0.291424,
		0,
		-0.632672,
		-0.376863,
		-0.676535,
		0,
		0.331262,
		0.657946,
		-0.676293,
		0,
		-0.00854,
		0.031632,
		-0.595891,
		1
	},
	[0.5] = {
		0.745592,
		-0.563932,
		-0.355068,
		0,
		-0.644663,
		-0.475383,
		-0.598682,
		0,
		0.168823,
		0.675272,
		-0.717988,
		0,
		-0.013507,
		0.02208,
		-0.58899,
		1
	},
	[0.616666666667] = {
		0.689507,
		-0.667811,
		-0.280372,
		0,
		-0.628101,
		-0.35857,
		-0.690592,
		0,
		0.360652,
		0.65227,
		-0.666689,
		0,
		-0.007398,
		0.033349,
		-0.597089,
		1
	},
	[0.633333333333] = {
		0.686179,
		-0.672609,
		-0.277047,
		0,
		-0.626557,
		-0.352986,
		-0.694857,
		0,
		0.369574,
		0.650383,
		-0.66364,
		0,
		-0.007036,
		0.03387,
		-0.59745,
		1
	},
	[0.65] = {
		0.684084,
		-0.675579,
		-0.274996,
		0,
		-0.625565,
		-0.349521,
		-0.697498,
		0,
		0.375098,
		0.649175,
		-0.66172,
		0,
		-0.006808,
		0.034192,
		-0.597672,
		1
	},
	[0.666666666667] = {
		0.683161,
		-0.676875,
		-0.274102,
		0,
		-0.625122,
		-0.348007,
		-0.698651,
		0,
		0.37751,
		0.648638,
		-0.660874,
		0,
		-0.006708,
		0.034332,
		-0.597769,
		1
	},
	[0.683333333333] = {
		0.683334,
		-0.676632,
		-0.274269,
		0,
		-0.625206,
		-0.348291,
		-0.698435,
		0,
		0.377058,
		0.648739,
		-0.661033,
		0,
		-0.006726,
		0.034306,
		-0.597751,
		1
	},
	[0.6] = {
		0.694108,
		-0.661004,
		-0.285109,
		0,
		-0.630163,
		-0.36646,
		-0.684545,
		0,
		0.348006,
		0.654813,
		-0.670903,
		0,
		-0.007899,
		0.032611,
		-0.596576,
		1
	},
	[0.716666666667] = {
		0.686608,
		-0.671997,
		-0.277471,
		0,
		-0.626758,
		-0.3537,
		-0.694313,
		0,
		0.368434,
		0.650628,
		-0.664033,
		0,
		-0.007083,
		0.033803,
		-0.597404,
		1
	},
	[0.733333333333] = {
		0.689507,
		-0.667811,
		-0.280372,
		0,
		-0.628101,
		-0.35857,
		-0.690592,
		0,
		0.360652,
		0.65227,
		-0.666689,
		0,
		-0.007398,
		0.033349,
		-0.597089,
		1
	},
	[0.75] = {
		0.693105,
		-0.662506,
		-0.284062,
		0,
		-0.629721,
		-0.364722,
		-0.685879,
		0,
		0.350796,
		0.654265,
		-0.669984,
		0,
		-0.00779,
		0.032774,
		-0.596689,
		1
	},
	[0.766666666667] = {
		0.697288,
		-0.656176,
		-0.288484,
		0,
		-0.631538,
		-0.372035,
		-0.680257,
		0,
		0.339042,
		0.656523,
		-0.673816,
		0,
		-0.008245,
		0.032087,
		-0.59621,
		1
	},
	[0.783333333333] = {
		0.701943,
		-0.648911,
		-0.293582,
		0,
		-0.633469,
		-0.380391,
		-0.67381,
		0,
		0.325567,
		0.658951,
		-0.678078,
		0,
		-0.008752,
		0.031299,
		-0.595657,
		1
	},
	[0.7] = {
		0.684515,
		-0.67497,
		-0.275416,
		0,
		-0.62577,
		-0.350232,
		-0.696957,
		0,
		0.373966,
		0.649425,
		-0.662116,
		0,
		-0.006855,
		0.034126,
		-0.597627,
		1
	},
	[0.816666666667] = {
		0.712208,
		-0.631968,
		-0.305575,
		0,
		-0.63735,
		-0.399728,
		-0.658789,
		0,
		0.294187,
		0.663953,
		-0.687474,
		0,
		-0.009869,
		0.029461,
		-0.594357,
		1
	},
	[0.833333333333] = {
		0.717594,
		-0.622497,
		-0.31234,
		0,
		-0.639148,
		-0.410449,
		-0.650401,
		0,
		0.276673,
		0.666356,
		-0.692403,
		0,
		-0.010456,
		0.028434,
		-0.593623,
		1
	},
	[0.85] = {
		0.723008,
		-0.612509,
		-0.319517,
		0,
		-0.640763,
		-0.421685,
		-0.641564,
		0,
		0.258228,
		0.668591,
		-0.697355,
		0,
		-0.011046,
		0.02735,
		-0.592845,
		1
	},
	[0.866666666667] = {
		0.728351,
		-0.602129,
		-0.327026,
		0,
		-0.642141,
		-0.433291,
		-0.632387,
		0,
		0.239081,
		0.670596,
		-0.70224,
		0,
		-0.011628,
		0.026224,
		-0.592031,
		1
	},
	[0.883333333333] = {
		0.733531,
		-0.591489,
		-0.334773,
		0,
		-0.643243,
		-0.445112,
		-0.622989,
		0,
		0.21948,
		0.672321,
		-0.706974,
		0,
		-0.012192,
		0.02507,
		-0.591191,
		1
	},
	[0.8] = {
		0.706954,
		-0.640809,
		-0.2993,
		0,
		-0.635432,
		-0.389664,
		-0.666624,
		0,
		0.310552,
		0.661457,
		-0.682665,
		0,
		-0.009297,
		0.03042,
		-0.595037,
		1
	},
	[0.916666666667] = {
		0.743098,
		-0.570009,
		-0.350564,
		0,
		-0.644525,
		-0.46875,
		-0.604038,
		0,
		0.17998,
		0.674807,
		-0.715712,
		0,
		-0.013235,
		0.022739,
		-0.589478,
		1
	},
	[0.933333333333] = {
		0.747362,
		-0.559478,
		-0.358378,
		0,
		-0.644703,
		-0.480229,
		-0.594759,
		0,
		0.160651,
		0.675547,
		-0.719602,
		0,
		-0.0137,
		0.021596,
		-0.588631,
		1
	},
	[0.95] = {
		0.751218,
		-0.549307,
		-0.36597,
		0,
		-0.644599,
		-0.49125,
		-0.585804,
		0,
		0.142003,
		0.67597,
		-0.723118,
		0,
		-0.01412,
		0.020493,
		-0.587807,
		1
	},
	[0.966666666667] = {
		0.754637,
		-0.539667,
		-0.373206,
		0,
		-0.644252,
		-0.501636,
		-0.577323,
		0,
		0.124349,
		0.676107,
		-0.726234,
		0,
		-0.014494,
		0.019447,
		-0.587023,
		1
	},
	[0.983333333333] = {
		0.757603,
		-0.530735,
		-0.379944,
		0,
		-0.643717,
		-0.511207,
		-0.56947,
		0,
		0.108008,
		0.676009,
		-0.728935,
		0,
		-0.014817,
		0.018477,
		-0.586292,
		1
	},
	[0.9] = {
		0.73847,
		-0.580732,
		-0.342656,
		0,
		-0.64404,
		-0.456987,
		-0.613494,
		0,
		0.199687,
		0.673731,
		-0.711486,
		0,
		-0.01273,
		0.023902,
		-0.590336,
		1
	},
	[1.01666666667] = {
		0.762157,
		-0.515714,
		-0.39135,
		0,
		-0.64236,
		-0.527192,
		-0.556276,
		0,
		0.080562,
		0.675357,
		-0.733077,
		0,
		-0.015315,
		0.016847,
		-0.585055,
		1
	},
	[1.03333333333] = {
		0.763752,
		-0.509985,
		-0.395725,
		0,
		-0.641691,
		-0.533253,
		-0.551247,
		0,
		0.070106,
		0.674949,
		-0.734526,
		0,
		-0.015489,
		0.016225,
		-0.58458,
		1
	},
	[1.05] = {
		0.764899,
		-0.505681,
		-0.39902,
		0,
		-0.641135,
		-0.537793,
		-0.547471,
		0,
		0.062255,
		0.674585,
		-0.735567,
		0,
		-0.015614,
		0.015758,
		-0.584223,
		1
	},
	[1.06666666667] = {
		0.765597,
		-0.502976,
		-0.401095,
		0,
		-0.640762,
		-0.540641,
		-0.545098,
		0,
		0.057323,
		0.674331,
		-0.736201,
		0,
		-0.015691,
		0.015465,
		-0.583997,
		1
	},
	[1.08333333333] = {
		0.765835,
		-0.502038,
		-0.401815,
		0,
		-0.640628,
		-0.541627,
		-0.544275,
		0,
		0.055613,
		0.674239,
		-0.736416,
		0,
		-0.015717,
		0.015363,
		-0.583919,
		1
	}
}

return spline_matrices
