-- chunkname: @content/characters/player/human/first_person/animations/power_sword/heavy_swing_right_up.lua

local spline_matrices = {
	[0.0166666666667] = {
		-0.008348,
		-0.155732,
		0.987764,
		0,
		-0.786652,
		0.610851,
		0.089659,
		0,
		-0.61734,
		-0.776279,
		-0.127606,
		0,
		-0.359828,
		0.269148,
		-0.153509,
		1,
	},
	[0.0333333333333] = {
		-0.015027,
		-0.174342,
		0.98457,
		0,
		-0.805521,
		0.58548,
		0.091379,
		0,
		-0.592377,
		-0.791719,
		-0.149234,
		0,
		-0.349113,
		0.273572,
		-0.162362,
		1,
	},
	[0.05] = {
		-0.019113,
		-0.193926,
		0.98083,
		0,
		-0.825283,
		0.556839,
		0.094014,
		0,
		-0.564396,
		-0.807665,
		-0.170687,
		0,
		-0.338898,
		0.277936,
		-0.170702,
		1,
	},
	[0.0666666666667] = {
		-0.02234,
		-0.214273,
		0.976518,
		0,
		-0.843874,
		0.527791,
		0.096505,
		0,
		-0.536076,
		-0.821903,
		-0.19261,
		0,
		-0.329013,
		0.282586,
		-0.178745,
		1,
	},
	[0.0833333333333] = {
		-0.026554,
		-0.235248,
		0.971573,
		0,
		-0.859617,
		0.501468,
		0.097927,
		0,
		-0.510249,
		-0.83258,
		-0.215539,
		0,
		-0.31931,
		0.287869,
		-0.186693,
		1,
	},
	[0] = {
		0.002544,
		-0.138346,
		0.990381,
		0,
		-0.771055,
		0.630371,
		0.090037,
		0,
		-0.636764,
		-0.763867,
		-0.105069,
		0,
		-0.371232,
		0.264317,
		-0.143913,
		1,
	},
	[0.116666666667] = {
		-0.04588,
		-0.278746,
		0.959268,
		0,
		-0.877344,
		0.470418,
		0.094733,
		0,
		-0.477663,
		-0.837262,
		-0.266139,
		0,
		-0.29993,
		0.301708,
		-0.203049,
		1,
	},
	[0.133333333333] = {
		-0.06528,
		-0.300847,
		0.951436,
		0,
		-0.876784,
		0.472529,
		0.089257,
		0,
		-0.476433,
		-0.828377,
		-0.294624,
		0,
		-0.289974,
		0.310944,
		-0.211788,
		1,
	},
	[0.15] = {
		-0.094273,
		-0.322301,
		0.941931,
		0,
		-0.867511,
		0.490763,
		0.081099,
		0,
		-0.488403,
		-0.80949,
		-0.325865,
		0,
		-0.279588,
		0.322172,
		-0.221098,
		1,
	},
	[0.166666666667] = {
		-0.136541,
		-0.338417,
		0.931037,
		0,
		-0.845811,
		0.529096,
		0.068276,
		0,
		-0.515714,
		-0.778159,
		-0.35848,
		0,
		-0.268468,
		0.336149,
		-0.2336,
		1,
	},
	[0.183333333333] = {
		-0.191564,
		-0.346572,
		0.918254,
		0,
		-0.809068,
		0.585396,
		0.052158,
		0,
		-0.555619,
		-0.732939,
		-0.392541,
		0,
		-0.25627,
		0.35303,
		-0.249428,
		1,
	},
	[0.1] = {
		-0.03371,
		-0.256776,
		0.965883,
		0,
		-0.871169,
		0.4812,
		0.097521,
		0,
		-0.489824,
		-0.83816,
		-0.239916,
		0,
		-0.309658,
		0.29413,
		-0.194737,
		1,
	},
	[0.216666666667] = {
		-0.325823,
		-0.34655,
		0.879627,
		0,
		-0.68718,
		0.725808,
		0.031411,
		0,
		-0.649326,
		-0.594227,
		-0.474627,
		0,
		-0.22714,
		0.392985,
		-0.276629,
		1,
	},
	[0.233333333333] = {
		-0.400269,
		-0.342788,
		0.849871,
		0,
		-0.602241,
		0.79741,
		0.037987,
		0,
		-0.690717,
		-0.496622,
		-0.52562,
		0,
		-0.209395,
		0.414759,
		-0.280714,
		1,
	},
	[0.25] = {
		-0.487011,
		-0.316009,
		0.814223,
		0,
		-0.49244,
		0.869292,
		0.042838,
		0,
		-0.721334,
		-0.380093,
		-0.57897,
		0,
		-0.188219,
		0.436376,
		-0.274684,
		1,
	},
	[0.266666666667] = {
		-0.579044,
		-0.263838,
		0.771425,
		0,
		-0.354518,
		0.933536,
		0.053175,
		0,
		-0.734183,
		-0.242693,
		-0.634094,
		0,
		-0.163218,
		0.458075,
		-0.259636,
		1,
	},
	[0.283333333333] = {
		-0.662999,
		-0.217616,
		0.716293,
		0,
		-0.203072,
		0.973222,
		0.10771,
		0,
		-0.720551,
		-0.074048,
		-0.689436,
		0,
		-0.135039,
		0.481558,
		-0.237399,
		1,
	},
	[0.2] = {
		-0.255651,
		-0.348587,
		0.901737,
		0,
		-0.756301,
		0.653116,
		0.038059,
		0,
		-0.602206,
		-0.672254,
		-0.430607,
		0,
		-0.242626,
		0.372193,
		-0.264978,
		1,
	},
	[0.316666666667] = {
		-0.831402,
		-0.26819,
		0.486667,
		0,
		0.042674,
		0.842415,
		0.537137,
		0,
		-0.55403,
		0.467345,
		-0.688941,
		0,
		-0.067965,
		0.542716,
		-0.168482,
		1,
	},
	[0.333333333333] = {
		-0.908182,
		-0.271767,
		0.318352,
		0,
		0.104602,
		0.589075,
		0.80128,
		0,
		-0.405295,
		0.761008,
		-0.50656,
		0,
		-0.025999,
		0.569346,
		-0.113523,
		1,
	},
	[0.35] = {
		-0.937923,
		-0.18012,
		0.296407,
		0,
		0.221732,
		0.345768,
		0.911745,
		0,
		-0.266712,
		0.92087,
		-0.284366,
		0,
		0.019176,
		0.590869,
		-0.052445,
		1,
	},
	[0.366666666667] = {
		-0.944514,
		-0.101178,
		0.312499,
		0,
		0.301614,
		0.109624,
		0.947107,
		0,
		-0.130083,
		0.98881,
		-0.073025,
		0,
		0.064461,
		0.599822,
		0.0114,
		1,
	},
	[0.383333333333] = {
		-0.96771,
		-0.079839,
		0.239089,
		0,
		0.245078,
		-0.076202,
		0.966504,
		0,
		-0.058946,
		0.993891,
		0.093308,
		0,
		0.113512,
		0.581601,
		0.081833,
		1,
	},
	[0.3] = {
		-0.739399,
		-0.206351,
		0.640865,
		0,
		-0.058457,
		0.967955,
		0.244225,
		0,
		-0.670725,
		0.143116,
		-0.727768,
		0,
		-0.104324,
		0.508679,
		-0.20909,
		1,
	},
	[0.416666666667] = {
		-0.962395,
		-0.057053,
		0.265595,
		0,
		0.269961,
		-0.309854,
		0.911653,
		0,
		0.030283,
		0.949071,
		0.313604,
		0,
		0.150702,
		0.47105,
		0.193118,
		1,
	},
	[0.433333333333] = {
		-0.91664,
		-0.059652,
		0.395238,
		0,
		0.386938,
		-0.380425,
		0.839974,
		0,
		0.100252,
		0.922886,
		0.371795,
		0,
		0.139211,
		0.387402,
		0.230746,
		1,
	},
	[0.45] = {
		-0.88102,
		-0.059745,
		0.469291,
		0,
		0.443443,
		-0.449877,
		0.775222,
		0,
		0.164807,
		0.89109,
		0.422844,
		0,
		0.161035,
		0.310029,
		0.246415,
		1,
	},
	[0.466666666667] = {
		-0.892776,
		-0.04393,
		0.448354,
		0,
		0.401148,
		-0.530436,
		0.746805,
		0,
		0.205016,
		0.846586,
		0.491183,
		0,
		0.24666,
		0.243593,
		0.233844,
		1,
	},
	[0.483333333333] = {
		-0.925765,
		-0.0102,
		0.377962,
		0,
		0.305464,
		-0.609293,
		0.731748,
		0,
		0.222826,
		0.79288,
		0.567177,
		0,
		0.369744,
		0.181298,
		0.200519,
		1,
	},
	[0.4] = {
		-0.980523,
		-0.068073,
		0.184231,
		0,
		0.194684,
		-0.212966,
		0.957467,
		0,
		-0.025943,
		0.974685,
		0.22207,
		0,
		0.150043,
		0.539725,
		0.144643,
		1,
	},
	[0.516666666667] = {
		-0.962286,
		0.095442,
		0.254749,
		0,
		0.108015,
		-0.72541,
		0.679789,
		0,
		0.249678,
		0.681668,
		0.687743,
		0,
		0.571427,
		0.081811,
		0.115433,
		1,
	},
	[0.533333333333] = {
		-0.956249,
		0.150884,
		0.250644,
		0,
		0.048668,
		-0.76276,
		0.644847,
		0,
		0.288479,
		0.628833,
		0.722045,
		0,
		0.610936,
		0.045345,
		0.076076,
		1,
	},
	[0.55] = {
		-0.942317,
		0.212425,
		0.258676,
		0,
		-0.011228,
		-0.792438,
		0.609849,
		0,
		0.334532,
		0.571767,
		0.749113,
		0,
		0.635267,
		0.012154,
		0.033173,
		1,
	},
	[0.566666666667] = {
		-0.920124,
		0.27614,
		0.277702,
		0,
		-0.070474,
		-0.814274,
		0.576187,
		0,
		0.385234,
		0.510593,
		0.768693,
		0,
		0.646303,
		-0.017787,
		-0.012324,
		1,
	},
	[0.583333333333] = {
		-0.889816,
		0.338401,
		0.306124,
		0,
		-0.127674,
		-0.828689,
		0.544953,
		0,
		0.438095,
		0.445824,
		0.780586,
		0,
		0.64596,
		-0.044507,
		-0.05946,
		1,
	},
	[0.5] = {
		-0.953573,
		0.040367,
		0.298445,
		0,
		0.193868,
		-0.676066,
		0.71088,
		0,
		0.230464,
		0.735735,
		0.636852,
		0,
		0.49083,
		0.126363,
		0.157204,
		1,
	},
	[0.616666666667] = {
		-0.808303,
		0.44659,
		0.383671,
		0,
		-0.230292,
		-0.83955,
		0.492059,
		0,
		0.54186,
		0.309376,
		0.781457,
		0,
		0.618971,
		-0.088454,
		-0.154851,
		1,
	},
	[0.633333333333] = {
		-0.760028,
		0.488118,
		0.429066,
		0,
		-0.273259,
		-0.839037,
		0.470475,
		0,
		0.58965,
		0.240328,
		0.771074,
		0,
		0.596306,
		-0.105806,
		-0.201234,
		1,
	},
	[0.65] = {
		-0.709197,
		0.519397,
		0.476725,
		0,
		-0.309424,
		-0.836902,
		0.4515,
		0,
		0.633479,
		0.172692,
		0.754242,
		0,
		0.570213,
		-0.12019,
		-0.245521,
		1,
	},
	[0.666666666667] = {
		-0.65774,
		0.539709,
		0.525444,
		0,
		-0.338216,
		-0.83491,
		0.434206,
		0,
		0.673044,
		0.107881,
		0.731692,
		0,
		0.542709,
		-0.131751,
		-0.286816,
		1,
	},
	[0.683333333333] = {
		-0.607522,
		0.548621,
		0.574397,
		0,
		-0.359209,
		-0.834736,
		0.417354,
		0,
		0.708439,
		0.047223,
		0.704191,
		0,
		0.515817,
		-0.140635,
		-0.324245,
		1,
	},
	[0.6] = {
		-0.852121,
		0.396062,
		0.342088,
		0,
		-0.18139,
		-0.836653,
		0.516826,
		0,
		0.490904,
		0.378347,
		0.784772,
		0,
		0.636189,
		-0.068045,
		-0.107283,
		1,
	},
	[0.716666666667] = {
		-0.517624,
		0.530375,
		0.671393,
		0,
		-0.375887,
		-0.845879,
		0.378415,
		0,
		0.768619,
		-0.056491,
		0.637208,
		0,
		0.472032,
		-0.150813,
		-0.38412,
		1,
	},
	[0.733333333333] = {
		-0.476501,
		0.502321,
		0.721541,
		0,
		-0.370707,
		-0.858974,
		0.353186,
		0,
		0.797197,
		-0.099187,
		0.595516,
		0,
		0.454842,
		-0.152944,
		-0.40789,
		1,
	},
	[0.75] = {
		-0.431825,
		0.461389,
		0.775014,
		0,
		-0.357075,
		-0.876506,
		0.322854,
		0,
		0.828266,
		-0.137322,
		0.543248,
		0,
		0.436357,
		-0.153974,
		-0.431076,
		1,
	},
	[0.766666666667] = {
		-0.381624,
		0.406653,
		0.830058,
		0,
		-0.33556,
		-0.897707,
		0.285519,
		0,
		0.861257,
		-0.169573,
		0.479043,
		0,
		0.416668,
		-0.153826,
		-0.453858,
		1,
	},
	[0.783333333333] = {
		-0.323666,
		0.337142,
		0.884067,
		0,
		-0.306815,
		-0.921272,
		0.239003,
		0,
		0.895045,
		-0.193888,
		0.401625,
		0,
		0.395828,
		-0.152364,
		-0.4764,
		1,
	},
	[0.7] = {
		-0.560296,
		0.545713,
		0.623109,
		0,
		-0.371958,
		-0.837934,
		0.399392,
		0,
		0.740078,
		-0.007993,
		0.672473,
		0,
		0.491575,
		-0.146951,
		-0.356956,
		1,
	},
	[0.816666666667] = {
		-0.175227,
		0.152052,
		0.972716,
		0,
		-0.232148,
		-0.966524,
		0.109265,
		0,
		0.956767,
		-0.206668,
		0.204659,
		0,
		0.350653,
		-0.144679,
		-0.521156,
		1,
	},
	[0.833333333333] = {
		-0.08104,
		0.038405,
		0.995971,
		0,
		-0.190237,
		-0.981483,
		0.022367,
		0,
		0.978388,
		-0.187658,
		0.086846,
		0,
		0.326137,
		-0.137957,
		-0.543298,
		1,
	},
	[0.85] = {
		0.027097,
		-0.084767,
		0.996032,
		0,
		-0.14953,
		-0.985531,
		-0.079805,
		0,
		0.988386,
		-0.146774,
		-0.03938,
		0,
		0.300134,
		-0.129018,
		-0.564951,
		1,
	},
	[0.866666666667] = {
		0.147175,
		-0.210868,
		0.966372,
		0,
		-0.114338,
		-0.974088,
		-0.195138,
		0,
		0.98248,
		-0.081774,
		-0.167471,
		0,
		0.2725,
		-0.117787,
		-0.58561,
		1,
	},
	[0.883333333333] = {
		0.274576,
		-0.331012,
		0.902795,
		0,
		-0.089262,
		-0.943601,
		-0.318826,
		0,
		0.957413,
		0.006957,
		-0.288637,
		0,
		0.243195,
		-0.104422,
		-0.604602,
		1,
	},
	[0.8] = {
		-0.255596,
		0.252209,
		0.933307,
		0,
		-0.271819,
		-0.945178,
		0.180976,
		0,
		0.927785,
		-0.207434,
		0.310139,
		0,
		0.373843,
		-0.149395,
		-0.498821,
		1,
	},
	[0.916666666667] = {
		0.522518,
		-0.515677,
		0.679008,
		0,
		-0.083217,
		-0.823413,
		-0.561308,
		0,
		0.848558,
		0.236789,
		-0.473161,
		0,
		0.180444,
		-0.073364,
		-0.634905,
		1,
	},
	[0.933333333333] = {
		0.627827,
		-0.566842,
		0.533407,
		0,
		-0.103974,
		-0.740237,
		-0.664257,
		0,
		0.771377,
		0.361578,
		-0.523678,
		0,
		0.148029,
		-0.057236,
		-0.645421,
		1,
	},
	[0.95] = {
		0.713536,
		-0.588573,
		0.380064,
		0,
		-0.137803,
		-0.649772,
		-0.747534,
		0,
		0.686933,
		0.481018,
		-0.544743,
		0,
		0.115869,
		-0.041793,
		-0.652914,
		1,
	},
	[0.966666666667] = {
		0.778075,
		-0.584598,
		0.22988,
		0,
		-0.180622,
		-0.558703,
		-0.809461,
		0,
		0.601643,
		0.5883,
		-0.540304,
		0,
		0.084686,
		-0.027639,
		-0.657849,
		1,
	},
	[0.983333333333] = {
		0.822699,
		-0.561131,
		0.091099,
		0,
		-0.228042,
		-0.472548,
		-0.85129,
		0,
		0.520734,
		0.679581,
		-0.516726,
		0,
		0.055086,
		-0.015126,
		-0.660868,
		1,
	},
	[0.9] = {
		0.402361,
		-0.435427,
		0.805301,
		0,
		-0.078191,
		-0.892778,
		-0.443659,
		0,
		0.912136,
		0.115544,
		-0.393266,
		0,
		0.212375,
		-0.089376,
		-0.621219,
		1,
	},
	[1.01666666667] = {
		0.865166,
		-0.482791,
		-0.135649,
		0,
		-0.32233,
		-0.328136,
		-0.887936,
		0,
		0.384176,
		0.811936,
		-0.43951,
		0,
		0.002281,
		0.00465,
		-0.663748,
		1,
	},
	[1.03333333333] = {
		0.870495,
		-0.439324,
		-0.221885,
		0,
		-0.364489,
		-0.272483,
		-0.89045,
		0,
		0.330736,
		0.856007,
		-0.397324,
		0,
		-0.020419,
		0.012059,
		-0.664674,
		1,
	},
	[1.05] = {
		0.869648,
		-0.398447,
		-0.291465,
		0,
		-0.401679,
		-0.227877,
		-0.886976,
		0,
		0.286995,
		0.888432,
		-0.358221,
		0,
		-0.040446,
		0.017984,
		-0.665769,
		1,
	},
	[1.06666666667] = {
		0.865164,
		-0.362784,
		-0.346235,
		0,
		-0.433447,
		-0.193715,
		-0.880113,
		0,
		0.25222,
		0.911517,
		-0.324843,
		0,
		-0.057687,
		0.022539,
		-0.667292,
		1,
	},
	[1.08333333333] = {
		0.858952,
		-0.334117,
		-0.388031,
		0,
		-0.459689,
		-0.169306,
		-0.871792,
		0,
		0.225585,
		0.927201,
		-0.299016,
		0,
		-0.072034,
		0.025807,
		-0.669434,
		1,
	},
	{
		0.850468,
		-0.525089,
		-0.031383,
		0,
		-0.276231,
		-0.395035,
		-0.876153,
		0,
		0.447661,
		0.753809,
		-0.481011,
		0,
		0.027516,
		-0.004374,
		-0.662637,
		1,
	},
}

return spline_matrices
