-- chunkname: @content/characters/player/human/first_person/animations/power_sword/swing_up.lua

local spline_matrices = {
	[0.0166666666667] = {
		0.683613,
		-0.625693,
		-0.375742,
		0,
		-0.729777,
		-0.578997,
		-0.363578,
		0,
		0.009935,
		0.522754,
		-0.852426,
		0,
		-0.050298,
		0.045017,
		-0.681523,
		1,
	},
	[0.0333333333333] = {
		0.515178,
		-0.781837,
		-0.351173,
		0,
		-0.835765,
		-0.367443,
		-0.408022,
		0,
		0.189971,
		0.503702,
		-0.842731,
		0,
		-0.028045,
		0.059804,
		-0.68017,
		1,
	},
	[0.05] = {
		0.366703,
		-0.869372,
		-0.331243,
		0,
		-0.871724,
		-0.196704,
		-0.448781,
		0,
		0.325001,
		0.453322,
		-0.829984,
		0,
		-0.00409,
		0.074379,
		-0.681281,
		1,
	},
	[0.0666666666667] = {
		0.204954,
		-0.929596,
		-0.306342,
		0,
		-0.86627,
		-0.026594,
		-0.498867,
		0,
		0.455598,
		0.367619,
		-0.810732,
		0,
		0.024081,
		0.087917,
		-0.685356,
		1,
	},
	[0.0833333333333] = {
		0.030671,
		-0.959355,
		-0.280529,
		0,
		-0.818774,
		0.136863,
		-0.557564,
		0,
		0.573296,
		0.246792,
		-0.781298,
		0,
		0.055575,
		0.099918,
		-0.691541,
		1,
	},
	[0] = {
		0.818618,
		-0.397628,
		-0.414436,
		0,
		-0.540005,
		-0.778616,
		-0.319611,
		0,
		-0.1956,
		0.485437,
		-0.85211,
		0,
		-0.068671,
		0.029683,
		-0.683014,
		1,
	},
	[0.116666666667] = {
		-0.336838,
		-0.908859,
		-0.245998,
		0,
		-0.598994,
		0.408423,
		-0.688765,
		0,
		0.726461,
		-0.084651,
		-0.681974,
		0,
		0.124258,
		0.117124,
		-0.706434,
		1,
	},
	[0.133333333333] = {
		-0.510312,
		-0.823658,
		-0.247323,
		0,
		-0.436967,
		0.496037,
		-0.750338,
		0,
		0.740704,
		-0.274834,
		-0.613045,
		0,
		0.158531,
		0.121735,
		-0.713227,
		1,
	},
	[0.15] = {
		-0.65938,
		-0.703486,
		-0.265191,
		0,
		-0.256238,
		0.541907,
		-0.800424,
		0,
		0.706796,
		-0.459832,
		-0.537582,
		0,
		0.190521,
		0.124052,
		-0.718539,
		1,
	},
	[0.166666666667] = {
		-0.772935,
		-0.559699,
		-0.298845,
		0,
		-0.073578,
		0.546895,
		-0.833961,
		0,
		0.630205,
		-0.622609,
		-0.463896,
		0,
		0.218807,
		0.125023,
		-0.721934,
		1,
	},
	[0.183333333333] = {
		-0.846055,
		-0.407027,
		-0.344266,
		0,
		0.095489,
		0.519635,
		-0.849036,
		0,
		0.524473,
		-0.751205,
		-0.400773,
		0,
		0.242556,
		0.125876,
		-0.723253,
		1,
	},
	[0.1] = {
		-0.152538,
		-0.953854,
		-0.258641,
		0,
		-0.728845,
		0.285321,
		-0.622396,
		0,
		0.66747,
		0.09357,
		-0.738734,
		0,
		0.089403,
		0.10981,
		-0.698896,
		1,
	},
	[0.216666666667] = {
		-0.885654,
		-0.12654,
		-0.44677,
		0,
		0.358476,
		0.425237,
		-0.831065,
		0,
		0.295146,
		-0.896193,
		-0.331251,
		0,
		0.276231,
		0.131457,
		-0.719622,
		1,
	},
	[0.233333333333] = {
		-0.869824,
		-0.013494,
		-0.493177,
		0,
		0.450282,
		0.386803,
		-0.804754,
		0,
		0.201621,
		-0.922064,
		-0.330375,
		0,
		0.286956,
		0.137386,
		-0.71449,
		1,
	},
	[0.25] = {
		-0.843287,
		0.078862,
		-0.531647,
		0,
		0.520047,
		0.369501,
		-0.770078,
		0,
		0.135714,
		-0.925878,
		-0.352608,
		0,
		0.294211,
		0.145853,
		-0.706718,
		1,
	},
	[0.266666666667] = {
		-0.814216,
		0.151694,
		-0.560393,
		0,
		0.571266,
		0.381381,
		-0.726777,
		0,
		0.103476,
		-0.911887,
		-0.397184,
		0,
		0.298246,
		0.15706,
		-0.695731,
		1,
	},
	[0.283333333333] = {
		-0.788985,
		0.206335,
		-0.578731,
		0,
		0.604646,
		0.428028,
		-0.67171,
		0,
		0.109116,
		-0.879896,
		-0.462467,
		0,
		0.299033,
		0.171097,
		-0.680782,
		1,
	},
	[0.2] = {
		-0.88106,
		-0.25936,
		-0.395558,
		0,
		0.240719,
		0.474011,
		-0.846976,
		0,
		0.40717,
		-0.841454,
		-0.355199,
		0,
		0.261595,
		0.127755,
		-0.722491,
		1,
	},
	[0.316666666667] = {
		-0.767178,
		0.198379,
		-0.609987,
		0,
		0.536745,
		0.719226,
		-0.441156,
		0,
		0.351203,
		-0.665852,
		-0.658253,
		0,
		0.287129,
		0.19694,
		-0.629278,
		1,
	},
	[0.333333333333] = {
		-0.797385,
		0.159902,
		-0.5819,
		0,
		0.319511,
		0.929881,
		-0.182304,
		0,
		0.511947,
		-0.33129,
		-0.792564,
		0,
		0.24092,
		0.259726,
		-0.562153,
		1,
	},
	[0.35] = {
		-0.940245,
		0.131682,
		-0.314004,
		0,
		0.062721,
		0.973392,
		0.220395,
		0,
		0.334671,
		0.187531,
		-0.923487,
		0,
		0.117715,
		0.477044,
		-0.437858,
		1,
	},
	[0.366666666667] = {
		-0.999099,
		-0.005823,
		-0.042049,
		0,
		-0.031837,
		0.757984,
		0.651496,
		0,
		0.028079,
		0.652248,
		-0.757486,
		0,
		0.000328,
		0.687385,
		-0.283262,
		1,
	},
	[0.383333333333] = {
		-0.999422,
		-0.02625,
		0.021579,
		0,
		0.009121,
		0.404494,
		0.914495,
		0,
		-0.032734,
		0.914164,
		-0.404021,
		0,
		-0.018826,
		0.7369,
		-0.124871,
		1,
	},
	[0.3] = {
		-0.772268,
		0.243024,
		-0.586976,
		0,
		0.616037,
		0.512243,
		-0.59842,
		0,
		0.155244,
		-0.823739,
		-0.545301,
		0,
		0.296172,
		0.188213,
		-0.660865,
		1,
	},
	[0.416666666667] = {
		-0.998828,
		0.032837,
		0.035566,
		0,
		0.031121,
		-0.127149,
		0.991395,
		0,
		0.037077,
		0.99134,
		0.125978,
		0,
		-0.02932,
		0.670637,
		0.099099,
		1,
	},
	[0.433333333333] = {
		-0.997836,
		0.063403,
		0.017397,
		0,
		0.003136,
		-0.218412,
		0.975852,
		0,
		0.065672,
		0.973795,
		0.217741,
		0,
		-0.047033,
		0.608315,
		0.158883,
		1,
	},
	[0.45] = {
		-0.997698,
		0.065204,
		0.018641,
		0,
		-0.00311,
		-0.318586,
		0.947889,
		0,
		0.067745,
		0.945649,
		0.318055,
		0,
		-0.053853,
		0.542052,
		0.20219,
		1,
	},
	[0.466666666667] = {
		-0.997923,
		0.064347,
		0.003109,
		0,
		-0.022102,
		-0.387301,
		0.921688,
		0,
		0.060512,
		0.919705,
		0.387919,
		0,
		-0.065204,
		0.471088,
		0.235115,
		1,
	},
	[0.483333333333] = {
		-0.994537,
		0.08494,
		-0.060675,
		0,
		-0.090335,
		-0.409095,
		0.908009,
		0,
		0.052304,
		0.90853,
		0.414533,
		0,
		-0.095099,
		0.395449,
		0.271301,
		1,
	},
	[0.4] = {
		-0.999049,
		0.007394,
		0.042972,
		0,
		0.043254,
		0.043445,
		0.998119,
		0,
		0.005513,
		0.999028,
		-0.043724,
		0,
		-0.012783,
		0.71506,
		0.012037,
		1,
	},
	[0.516666666667] = {
		-0.959489,
		0.141243,
		-0.243785,
		0,
		-0.279955,
		-0.380536,
		0.881372,
		0,
		0.031719,
		0.913916,
		0.404662,
		0,
		-0.17502,
		0.244382,
		0.337723,
		1,
	},
	[0.533333333333] = {
		-0.937103,
		0.154587,
		-0.312955,
		0,
		-0.3486,
		-0.368794,
		0.861667,
		0,
		0.017787,
		0.916567,
		0.399487,
		0,
		-0.207726,
		0.191381,
		0.350311,
		1,
	},
	[0.55] = {
		-0.92172,
		0.169005,
		-0.349097,
		0,
		-0.387657,
		-0.372685,
		0.843106,
		0,
		0.012386,
		0.912438,
		0.409027,
		0,
		-0.231975,
		0.153275,
		0.351721,
		1,
	},
	[0.566666666667] = {
		-0.910916,
		0.196974,
		-0.362536,
		0,
		-0.411871,
		-0.382229,
		0.827202,
		0,
		0.024366,
		0.90283,
		0.429307,
		0,
		-0.253373,
		0.118735,
		0.352852,
		1,
	},
	[0.583333333333] = {
		-0.903871,
		0.230241,
		-0.360564,
		0,
		-0.425432,
		-0.39511,
		0.814184,
		0,
		0.044996,
		0.889313,
		0.455081,
		0,
		-0.27276,
		0.087268,
		0.353555,
		1,
	},
	[0.5] = {
		-0.981764,
		0.11498,
		-0.151387,
		0,
		-0.1853,
		-0.400956,
		0.897161,
		0,
		0.042456,
		0.908853,
		0.41495,
		0,
		-0.134568,
		0.316079,
		0.308517,
		1,
	},
	[0.616666666667] = {
		-0.896408,
		0.283621,
		-0.340605,
		0,
		-0.435819,
		-0.424085,
		0.79386,
		0,
		0.080709,
		0.860065,
		0.50376,
		0,
		-0.308708,
		0.031498,
		0.35303,
		1,
	},
	[0.633333333333] = {
		-0.894798,
		0.292075,
		-0.337683,
		0,
		-0.438971,
		-0.437468,
		0.78481,
		0,
		0.081498,
		0.850479,
		0.519657,
		0,
		-0.326739,
		0.00607,
		0.351625,
		1,
	},
	[0.65] = {
		-0.893752,
		0.281382,
		-0.34933,
		0,
		-0.444335,
		-0.448726,
		0.775378,
		0,
		0.061424,
		0.848216,
		0.526077,
		0,
		-0.34575,
		-0.01854,
		0.349339,
		1,
	},
	[0.666666666667] = {
		-0.890649,
		0.244947,
		-0.383073,
		0,
		-0.454529,
		-0.457133,
		0.764482,
		0,
		0.012142,
		0.855003,
		0.518481,
		0,
		-0.366556,
		-0.042948,
		0.346009,
		1,
	},
	[0.683333333333] = {
		-0.877973,
		0.172918,
		-0.446388,
		0,
		-0.472509,
		-0.462624,
		0.750143,
		0,
		-0.076797,
		0.869528,
		0.487877,
		0,
		-0.390225,
		-0.067841,
		0.341243,
		1,
	},
	[0.6] = {
		-0.899306,
		0.261236,
		-0.350721,
		0,
		-0.432277,
		-0.40956,
		0.803366,
		0,
		0.066227,
		0.87408,
		0.481246,
		0,
		-0.290954,
		0.058364,
		0.353658,
		1,
	},
	[0.716666666667] = {
		-0.694825,
		-0.219298,
		-0.684928,
		0,
		-0.535873,
		-0.4773,
		0.696437,
		0,
		-0.479644,
		0.850936,
		0.214124,
		0,
		-0.46009,
		-0.132036,
		0.288987,
		1,
	},
	[0.733333333333] = {
		-0.324174,
		-0.587384,
		-0.741547,
		0,
		-0.564106,
		-0.509235,
		0.649972,
		0,
		-0.759405,
		0.629015,
		-0.166266,
		0,
		-0.513008,
		-0.187521,
		0.183467,
		1,
	},
	[0.75] = {
		0.143282,
		-0.78075,
		-0.608194,
		0,
		-0.577313,
		-0.565083,
		0.5894,
		0,
		-0.803853,
		0.266668,
		-0.531703,
		0,
		-0.552842,
		-0.248166,
		0.045527,
		1,
	},
	[0.766666666667] = {
		0.448231,
		-0.772124,
		-0.450459,
		0,
		-0.583806,
		-0.634456,
		0.506592,
		0,
		-0.676948,
		0.035911,
		-0.735154,
		0,
		-0.565824,
		-0.284377,
		-0.091123,
		1,
	},
	[0.783333333333] = {
		0.598046,
		-0.694764,
		-0.399554,
		0,
		-0.600813,
		-0.718586,
		0.350226,
		0,
		-0.530438,
		0.030606,
		-0.847171,
		0,
		-0.498688,
		-0.279583,
		-0.240541,
		1,
	},
	[0.7] = {
		-0.837354,
		0.050477,
		-0.544326,
		0,
		-0.501629,
		-0.466704,
		0.728393,
		0,
		-0.217272,
		0.882972,
		0.416117,
		0,
		-0.418224,
		-0.094146,
		0.334088,
		1,
	},
	[0.816666666667] = {
		0.766181,
		-0.491859,
		-0.413571,
		0,
		-0.586841,
		-0.797792,
		-0.138368,
		0,
		-0.261886,
		0.348715,
		-0.899896,
		0,
		-0.17661,
		-0.204804,
		-0.569978,
		1,
	},
	[0.833333333333] = {
		0.815043,
		-0.42096,
		-0.398117,
		0,
		-0.550668,
		-0.776494,
		-0.306305,
		0,
		-0.180193,
		0.468882,
		-0.864685,
		0,
		-0.061739,
		-0.171512,
		-0.678632,
		1,
	},
	[0.85] = {
		0.847258,
		-0.38365,
		-0.367379,
		0,
		-0.515302,
		-0.761493,
		-0.393182,
		0,
		-0.128912,
		0.522438,
		-0.842876,
		0,
		-0.002433,
		-0.150964,
		-0.74551,
		1,
	},
	[0.866666666667] = {
		0.871514,
		-0.354168,
		-0.339158,
		0,
		-0.482233,
		-0.744476,
		-0.461743,
		0,
		-0.088961,
		0.565969,
		-0.819613,
		0,
		0.04716,
		-0.131499,
		-0.80121,
		1,
	},
	[0.883333333333] = {
		0.889475,
		-0.33128,
		-0.314782,
		0,
		-0.453218,
		-0.72774,
		-0.51477,
		0,
		-0.058546,
		0.60054,
		-0.797448,
		0,
		0.08085,
		-0.109341,
		-0.834402,
		1,
	},
	[0.8] = {
		0.695023,
		-0.594482,
		-0.404395,
		0,
		-0.60707,
		-0.786579,
		0.112957,
		0,
		-0.385239,
		0.166988,
		-0.907582,
		0,
		-0.345685,
		-0.247606,
		-0.412059,
		1,
	},
	[0.916666666667] = {
		0.911701,
		-0.300978,
		-0.279666,
		0,
		-0.410364,
		-0.700321,
		-0.584082,
		0,
		-0.020061,
		0.647273,
		-0.761994,
		0,
		0.11614,
		-0.0661,
		-0.856429,
		1,
	},
	[0.933333333333] = {
		0.917843,
		-0.291858,
		-0.269039,
		0,
		-0.396829,
		-0.690901,
		-0.604303,
		0,
		-0.009509,
		0.661418,
		-0.749957,
		0,
		0.128988,
		-0.049496,
		-0.863944,
		1,
	},
	[0.95] = {
		0.921525,
		-0.285918,
		-0.26276,
		0,
		-0.388303,
		-0.684609,
		-0.616873,
		0,
		-0.003513,
		0.670494,
		-0.741907,
		0,
		0.138462,
		-0.035417,
		-0.868861,
		1,
	},
	[0.966666666667] = {
		0.923159,
		-0.282707,
		-0.260488,
		0,
		-0.384416,
		-0.681377,
		-0.622857,
		0,
		-0.001405,
		0.675132,
		-0.737696,
		0,
		0.144322,
		-0.023555,
		-0.871093,
		1,
	},
	[0.983333333333] = {
		0.92303,
		-0.281888,
		-0.261828,
		0,
		-0.384718,
		-0.681006,
		-0.623076,
		0,
		-0.002669,
		0.675848,
		-0.737036,
		0,
		0.1464,
		-0.013726,
		-0.870709,
		1,
	},
	[0.9] = {
		0.902513,
		-0.313865,
		-0.294887,
		0,
		-0.429151,
		-0.71274,
		-0.554825,
		0,
		-0.036037,
		0.627288,
		-0.777953,
		0,
		0.100112,
		-0.085754,
		-0.846509,
		1,
	},
	[1.01666666667] = {
		0.918198,
		-0.286459,
		-0.273594,
		0,
		-0.395882,
		-0.687615,
		-0.608656,
		0,
		-0.013773,
		0.667178,
		-0.744771,
		0,
		0.139144,
		0.000224,
		-0.863316,
		1,
	},
	[1.03333333333] = {
		0.913727,
		-0.291479,
		-0.283095,
		0,
		-0.405677,
		-0.69384,
		-0.59499,
		0,
		-0.022996,
		0.658503,
		-0.752226,
		0,
		0.130095,
		0.004481,
		-0.857385,
		1,
	},
	[1.05] = {
		0.90801,
		-0.298107,
		-0.294365,
		0,
		-0.417543,
		-0.701449,
		-0.577605,
		0,
		-0.034294,
		0.647381,
		-0.761395,
		0,
		0.117826,
		0.007186,
		-0.850699,
		1,
	},
	[1.06666666667] = {
		0.901144,
		-0.306178,
		-0.306911,
		0,
		-0.430923,
		-0.710001,
		-0.55696,
		0,
		-0.047378,
		0.634156,
		-0.771752,
		0,
		0.102662,
		0.008671,
		-0.843454,
		1,
	},
	[1.08333333333] = {
		0.893255,
		-0.315506,
		-0.320237,
		0,
		-0.445265,
		-0.719059,
		-0.533566,
		0,
		-0.061926,
		0.619201,
		-0.782787,
		0,
		0.084903,
		0.009184,
		-0.835808,
		1,
	},
	{
		0.921332,
		-0.283206,
		-0.266348,
		0,
		-0.388715,
		-0.683204,
		-0.618169,
		0,
		-0.006901,
		0.673073,
		-0.739544,
		0,
		0.144646,
		-0.005823,
		-0.867967,
		1,
	},
	[1.11666666667] = {
		0.875104,
		-0.337005,
		-0.347304,
		0,
		-0.47474,
		-0.737065,
		-0.480996,
		0,
		-0.093887,
		0.585801,
		-0.804998,
		0,
		0.043322,
		0.010878,
		-0.807341,
		1,
	},
	[1.13333333333] = {
		0.865317,
		-0.348606,
		-0.360139,
		0,
		-0.488918,
		-0.745306,
		-0.453297,
		0,
		-0.110391,
		0.568324,
		-0.815366,
		0,
		0.021894,
		0.013002,
		-0.78371,
		1,
	},
	[1.15] = {
		0.855476,
		-0.360204,
		-0.372039,
		0,
		-0.502124,
		-0.752662,
		-0.425877,
		0,
		-0.126617,
		0.551137,
		-0.824752,
		0,
		0.001337,
		0.01491,
		-0.76093,
		1,
	},
	[1.16666666667] = {
		0.845969,
		-0.37128,
		-0.382738,
		0,
		-0.513964,
		-0.758955,
		-0.399785,
		0,
		-0.142049,
		0.534919,
		-0.832877,
		0,
		-0.01776,
		0.01681,
		-0.739702,
		1,
	},
	[1.18333333333] = {
		0.837204,
		-0.381395,
		-0.391953,
		0,
		-0.524151,
		-0.764094,
		-0.376066,
		0,
		-0.156059,
		0.520287,
		-0.839611,
		0,
		-0.034783,
		0.018809,
		-0.72073,
		1,
	},
	[1.1] = {
		0.884504,
		-0.325869,
		-0.333858,
		0,
		-0.460038,
		-0.728207,
		-0.508015,
		0,
		-0.077571,
		0.602929,
		-0.794015,
		0,
		0.064916,
		0.009007,
		-0.827814,
		1,
	},
	[1.21666666667] = {
		0.823667,
		-0.396917,
		-0.405005,
		0,
		-0.538678,
		-0.770819,
		-0.340094,
		0,
		-0.177197,
		0.498291,
		-0.848709,
		0,
		-0.060171,
		0.023521,
		-0.692387,
		1,
	},
	[1.23333333333] = {
		0.819788,
		-0.401408,
		-0.408435,
		0,
		-0.542636,
		-0.772421,
		-0.330017,
		0,
		-0.183012,
		0.492176,
		-0.85104,
		0,
		-0.06732,
		0.026438,
		-0.684432,
		1,
	},
	[1.25] = {
		0.818403,
		-0.403132,
		-0.409513,
		0,
		-0.544114,
		-0.772829,
		-0.326612,
		0,
		-0.184816,
		0.490122,
		-0.851835,
		0,
		-0.06996,
		0.029867,
		-0.681561,
		1,
	},
	[1.26666666667] = {
		0.818393,
		-0.403336,
		-0.409331,
		0,
		-0.544264,
		-0.772613,
		-0.326872,
		0,
		-0.184416,
		0.490294,
		-0.851823,
		0,
		-0.070143,
		0.033527,
		-0.681464,
		1,
	},
	[1.2] = {
		0.829621,
		-0.390094,
		-0.399445,
		0,
		-0.532454,
		-0.768047,
		-0.355804,
		0,
		-0.167995,
		0.507868,
		-0.844895,
		0,
		-0.049123,
		0.021012,
		-0.704722,
		1,
	},
}

return spline_matrices
