-- chunkname: @content/characters/player/human/first_person/animations/power_sword/swing_down_left.lua

local spline_matrices = {
	[0.03333333333333333] = {
		0.624337,
		-0.682142,
		-0.380638,
		0,
		-0.776366,
		-0.595736,
		-0.205803,
		0,
		-0.086373,
		0.424005,
		-0.901532,
		0,
		-0.080146,
		0.015993,
		-0.857413,
		1,
	},
	[0.06666666666666667] = {
		0.661557,
		-0.690875,
		-0.291608,
		0,
		-0.727828,
		-0.685195,
		-0.027832,
		0,
		-0.18058,
		0.230653,
		-0.956133,
		0,
		-0.062843,
		-0.025899,
		-0.818144,
		1,
	},
	[0] = {
		0.611181,
		-0.669479,
		-0.422204,
		0,
		-0.790489,
		-0.543143,
		-0.28306,
		0,
		-0.039814,
		0.506748,
		-0.861174,
		0,
		-0.091059,
		0.017382,
		-0.91075,
		1,
	},
	[0.13333333333333333] = {
		0.773317,
		-0.624709,
		-0.108258,
		0,
		-0.537981,
		-0.736894,
		0.409346,
		0,
		-0.335497,
		-0.258313,
		-0.905934,
		0,
		-0.025866,
		-0.154253,
		-0.777405,
		1,
	},
	[0.16666666666666666] = {
		0.8389,
		-0.543307,
		-0.032627,
		0,
		-0.401691,
		-0.658457,
		0.636458,
		0,
		-0.367276,
		-0.520818,
		-0.770621,
		0,
		0.005389,
		-0.14661,
		-0.537051,
		1,
	},
	[0.1] = {
		0.712223,
		-0.673367,
		-0.19828,
		0,
		-0.648737,
		-0.739308,
		0.180454,
		0,
		-0.268102,
		0.000108,
		-0.963391,
		0,
		-0.048408,
		-0.10166,
		-0.834505,
		1,
	},
	[0.23333333333333334] = {
		0.949358,
		-0.3123,
		0.034474,
		0,
		-0.122898,
		-0.268117,
		0.955515,
		0,
		-0.289164,
		-0.911363,
		-0.29292,
		0,
		0.071252,
		-0.053973,
		0.063387,
		1,
	},
	[0.26666666666666666] = {
		0.980915,
		-0.193142,
		0.022402,
		0,
		-0.023977,
		-0.005821,
		0.999696,
		0,
		-0.192953,
		-0.981154,
		-0.01034,
		0,
		0.102288,
		0.004785,
		0.2718,
		1,
	},
	[0.2] = {
		0.900424,
		-0.434677,
		0.017094,
		0,
		-0.255754,
		-0.497182,
		0.829096,
		0,
		-0.35189,
		-0.75091,
		-0.558845,
		0,
		0.038272,
		-0.109357,
		-0.231469,
		1,
	},
	[0.3333333333333333] = {
		0.999066,
		-0.009353,
		-0.042175,
		0,
		0.041595,
		0.471929,
		0.880655,
		0,
		0.011667,
		-0.881587,
		0.471878,
		0,
		0.150734,
		0.135294,
		0.407813,
		1,
	},
	[0.36666666666666664] = {
		0.996608,
		0.065176,
		-0.050244,
		0,
		-0.008463,
		0.688471,
		0.725214,
		0,
		0.081858,
		-0.722329,
		0.686688,
		0,
		0.155745,
		0.287038,
		0.380052,
		1,
	},
	[0.3] = {
		0.995871,
		-0.090432,
		-0.007915,
		0,
		0.030426,
		0.250373,
		0.967671,
		0,
		-0.085527,
		-0.963917,
		0.25209,
		0,
		0.129368,
		0.05871,
		0.353657,
		1,
	},
	[0.43333333333333335] = {
		0.973175,
		-0.039442,
		-0.226661,
		0,
		-0.103082,
		0.806018,
		-0.582846,
		0,
		0.205681,
		0.590576,
		0.78033,
		0,
		0.058352,
		0.695004,
		0.067829,
		1,
	},
	[0.4666666666666667] = {
		0.942682,
		0.01554,
		-0.33333,
		0,
		-0.333053,
		-0.017955,
		-0.942737,
		0,
		-0.020636,
		0.999718,
		-0.01175,
		0,
		-0.069605,
		0.747779,
		-0.223234,
		1,
	},
	[0.4] = {
		0.974752,
		0.165842,
		-0.149516,
		0,
		-0.097786,
		0.919028,
		0.381871,
		0,
		0.200739,
		-0.357609,
		0.912041,
		0,
		0.135855,
		0.4813,
		0.323623,
		1,
	},
	[0.5333333333333333] = {
		0.892616,
		-0.121636,
		-0.434099,
		0,
		0.153587,
		-0.823259,
		0.546493,
		0,
		-0.423849,
		-0.554481,
		-0.716173,
		0,
		-0.191956,
		0.128709,
		-0.68963,
		1,
	},
	[0.5666666666666667] = {
		0.886371,
		-0.238193,
		-0.397003,
		0,
		0.204936,
		-0.56706,
		0.797775,
		0,
		-0.415149,
		-0.788484,
		-0.453811,
		0,
		-0.161262,
		-0.064228,
		-0.654131,
		1,
	},
	[0.5] = {
		0.912804,
		-0.011263,
		-0.408242,
		0,
		-0.113822,
		-0.967027,
		-0.227822,
		0,
		-0.392215,
		0.254424,
		-0.883989,
		0,
		-0.173344,
		0.451843,
		-0.569857,
		1,
	},
	[0.6333333333333333] = {
		0.895122,
		-0.305399,
		-0.324791,
		0,
		0.1498,
		-0.480131,
		0.864312,
		0,
		-0.419901,
		-0.822318,
		-0.384027,
		0,
		-0.135986,
		-0.152341,
		-0.621352,
		1,
	},
	[0.6666666666666666] = {
		0.893163,
		-0.331874,
		-0.303512,
		0,
		0.111354,
		-0.490666,
		0.864203,
		0,
		-0.435729,
		-0.805672,
		-0.401289,
		0,
		-0.128901,
		-0.175677,
		-0.614096,
		1,
	},
	[0.6] = {
		0.894079,
		-0.276186,
		-0.352626,
		0,
		0.180765,
		-0.497819,
		0.848233,
		0,
		-0.409814,
		-0.82213,
		-0.395165,
		0,
		-0.145394,
		-0.117997,
		-0.63201,
		1,
	},
	[0.7333333333333333] = {
		0.880623,
		-0.380616,
		-0.282198,
		0,
		0.010456,
		-0.579827,
		0.814673,
		0,
		-0.473703,
		-0.72037,
		-0.506629,
		0,
		-0.120698,
		-0.194837,
		-0.608227,
		1,
	},
	[0.7666666666666667] = {
		0.870588,
		-0.402495,
		-0.282974,
		0,
		-0.052349,
		-0.647647,
		0.76014,
		0,
		-0.48922,
		-0.646956,
		-0.584904,
		0,
		-0.119044,
		-0.192371,
		-0.609221,
		1,
	},
	[0.7] = {
		0.888271,
		-0.356876,
		-0.289161,
		0,
		0.065053,
		-0.525449,
		0.848334,
		0,
		-0.454689,
		-0.772362,
		-0.443525,
		0,
		-0.123888,
		-0.189526,
		-0.609797,
		1,
	},
	[0.8333333333333334] = {
		0.846178,
		-0.435632,
		-0.306934,
		0,
		-0.196408,
		-0.790367,
		0.580297,
		0,
		-0.495386,
		-0.43075,
		-0.754352,
		0,
		-0.118945,
		-0.167082,
		-0.617795,
		1,
	},
	[0.8666666666666667] = {
		0.833793,
		-0.444148,
		-0.327905,
		0,
		-0.271102,
		-0.846801,
		0.457637,
		0,
		-0.480929,
		-0.292678,
		-0.826466,
		0,
		-0.119721,
		-0.145982,
		-0.62438,
		1,
	},
	[0.8] = {
		0.858803,
		-0.421323,
		-0.291453,
		0,
		-0.122178,
		-0.720927,
		0.682156,
		0,
		-0.497524,
		-0.550229,
		-0.67061,
		0,
		-0.118588,
		-0.182858,
		-0.612544,
		1,
	},
	[0.9333333333333333] = {
		0.813537,
		-0.442473,
		-0.377327,
		0,
		-0.404327,
		-0.89676,
		0.179838,
		0,
		-0.417945,
		0.006258,
		-0.908451,
		0,
		-0.121255,
		-0.092801,
		-0.638602,
		1,
	},
	[0.9666666666666667] = {
		0.806664,
		-0.434041,
		-0.401125,
		0,
		-0.456385,
		-0.888702,
		0.043837,
		0,
		-0.375508,
		0.147706,
		-0.914974,
		0,
		-0.12157,
		-0.063797,
		-0.644871,
		1,
	},
	[0.9] = {
		0.822675,
		-0.446291,
		-0.35218,
		0,
		-0.341739,
		-0.883269,
		0.321014,
		0,
		-0.454335,
		-0.143737,
		-0.879158,
		0,
		-0.120571,
		-0.12074,
		-0.631565,
		1,
	},
	[1.0333333333333334] = {
		0.798638,
		-0.411278,
		-0.43935,
		0,
		-0.527863,
		-0.82934,
		-0.183183,
		0,
		-0.289031,
		0.378213,
		-0.879441,
		0,
		-0.120734,
		-0.009558,
		-0.653561,
		1,
	},
	[1.0666666666666667] = {
		0.796196,
		-0.401444,
		-0.452676,
		0,
		-0.550118,
		-0.791789,
		-0.265405,
		0,
		-0.251878,
		0.46034,
		-0.851261,
		0,
		-0.119587,
		0.011652,
		-0.655627,
		1,
	},
	{
		0.801884,
		-0.422915,
		-0.422048,
		0,
		-0.497256,
		-0.864,
		-0.079002,
		0,
		-0.331238,
		0.273216,
		-0.903125,
		0,
		-0.121397,
		-0.035433,
		-0.649945,
		1,
	},
	[1.1] = {
		0.793798,
		-0.395485,
		-0.462035,
		0,
		-0.566272,
		-0.757744,
		-0.324283,
		0,
		-0.221855,
		0.519053,
		-0.825448,
		0,
		-0.117939,
		0.026098,
		-0.656184,
		1,
	},
}

return spline_matrices
