-- chunkname: @content/characters/player/human/first_person/animations/power_sword/swing_left_up.lua

local spline_matrices = {
	[0.0166666666667] = {
		0.683613,
		-0.625693,
		-0.375742,
		0,
		-0.729777,
		-0.578997,
		-0.363578,
		0,
		0.009935,
		0.522754,
		-0.852426,
		0,
		-0.050766,
		0.044991,
		-0.681895,
		1,
	},
	[0.0333333333333] = {
		0.515178,
		-0.781837,
		-0.351173,
		0,
		-0.835765,
		-0.367443,
		-0.408022,
		0,
		0.189971,
		0.503702,
		-0.842731,
		0,
		-0.028045,
		0.059804,
		-0.68017,
		1,
	},
	[0.05] = {
		0.366703,
		-0.869372,
		-0.331243,
		0,
		-0.871724,
		-0.196704,
		-0.448781,
		0,
		0.325001,
		0.453322,
		-0.829984,
		0,
		-0.002547,
		0.074842,
		-0.67908,
		1,
	},
	[0.0666666666667] = {
		0.204954,
		-0.929596,
		-0.306342,
		0,
		-0.86627,
		-0.026594,
		-0.498867,
		0,
		0.455598,
		0.367619,
		-0.810732,
		0,
		0.026633,
		0.089463,
		-0.679693,
		1,
	},
	[0.0833333333333] = {
		0.030671,
		-0.959355,
		-0.280529,
		0,
		-0.818774,
		0.136863,
		-0.557564,
		0,
		0.573296,
		0.246792,
		-0.781298,
		0,
		0.05878,
		0.103013,
		-0.6814,
		1,
	},
	[0] = {
		0.818618,
		-0.397628,
		-0.414436,
		0,
		-0.540005,
		-0.778616,
		-0.319611,
		0,
		-0.1956,
		0.485437,
		-0.85211,
		0,
		-0.068671,
		0.029683,
		-0.683014,
		1,
	},
	[0.116666666667] = {
		-0.336838,
		-0.908859,
		-0.245998,
		0,
		-0.598994,
		0.408423,
		-0.688765,
		0,
		0.726461,
		-0.084651,
		-0.681974,
		0,
		0.128426,
		0.124129,
		-0.685267,
		1,
	},
	[0.133333333333] = {
		-0.510312,
		-0.823658,
		-0.247323,
		0,
		-0.436967,
		0.496037,
		-0.750338,
		0,
		0.740704,
		-0.274834,
		-0.613045,
		0,
		0.163367,
		0.130811,
		-0.686006,
		1,
	},
	[0.15] = {
		-0.65938,
		-0.703486,
		-0.265191,
		0,
		-0.256238,
		0.541907,
		-0.800424,
		0,
		0.706796,
		-0.459832,
		-0.537582,
		0,
		0.196389,
		0.135094,
		-0.685239,
		1,
	},
	[0.166666666667] = {
		-0.772935,
		-0.559699,
		-0.298845,
		0,
		-0.073578,
		0.546895,
		-0.833961,
		0,
		0.630205,
		-0.622609,
		-0.463896,
		0,
		0.226249,
		0.137794,
		-0.682783,
		1,
	},
	[0.183333333333] = {
		-0.846055,
		-0.407027,
		-0.344266,
		0,
		0.095489,
		0.519635,
		-0.849036,
		0,
		0.524473,
		-0.751205,
		-0.400773,
		0,
		0.252288,
		0.140013,
		-0.678737,
		1,
	},
	[0.1] = {
		-0.152538,
		-0.953854,
		-0.258641,
		0,
		-0.728845,
		0.285321,
		-0.622396,
		0,
		0.66747,
		0.09357,
		-0.738734,
		0,
		0.093086,
		0.114773,
		-0.683505,
		1,
	},
	[0.216666666667] = {
		-0.885654,
		-0.12654,
		-0.44677,
		0,
		0.358476,
		0.425237,
		-0.831065,
		0,
		0.295146,
		-0.896193,
		-0.331251,
		0,
		0.293395,
		0.146749,
		-0.666865,
		1,
	},
	[0.233333333333] = {
		-0.869824,
		-0.013494,
		-0.493177,
		0,
		0.450282,
		0.386803,
		-0.804754,
		0,
		0.201621,
		-0.922064,
		-0.330375,
		0,
		0.309608,
		0.152226,
		-0.659374,
		1,
	},
	[0.25] = {
		-0.843287,
		0.078862,
		-0.531647,
		0,
		0.520047,
		0.369501,
		-0.770078,
		0,
		0.135714,
		-0.925878,
		-0.352608,
		0,
		0.323763,
		0.159378,
		-0.650756,
		1,
	},
	[0.266666666667] = {
		-0.814216,
		0.151694,
		-0.560393,
		0,
		0.571266,
		0.381381,
		-0.726777,
		0,
		0.103476,
		-0.911887,
		-0.397184,
		0,
		0.336279,
		0.168266,
		-0.640688,
		1,
	},
	[0.283333333333] = {
		-0.788985,
		0.206335,
		-0.578731,
		0,
		0.604646,
		0.428028,
		-0.67171,
		0,
		0.109116,
		-0.879896,
		-0.462467,
		0,
		0.347299,
		0.178848,
		-0.62867,
		1,
	},
	[0.2] = {
		-0.88106,
		-0.25936,
		-0.395558,
		0,
		0.240719,
		0.474011,
		-0.846976,
		0,
		0.40717,
		-0.841454,
		-0.355199,
		0,
		0.274511,
		0.142772,
		-0.673352,
		1,
	},
	[0.316666666667] = {
		-0.781393,
		0.209636,
		-0.587773,
		0,
		0.527644,
		0.724847,
		-0.442932,
		0,
		0.333191,
		-0.656239,
		-0.677003,
		0,
		0.367156,
		0.188944,
		-0.598936,
		1,
	},
	[0.333333333333] = {
		-0.797385,
		0.159902,
		-0.5819,
		0,
		0.319511,
		0.929881,
		-0.182304,
		0,
		0.511947,
		-0.33129,
		-0.792564,
		0,
		0.346431,
		0.240383,
		-0.546476,
		1,
	},
	[0.35] = {
		-0.827959,
		0.163594,
		-0.536397,
		0,
		0.108532,
		0.985164,
		0.132938,
		0,
		0.550187,
		0.051851,
		-0.83343,
		0,
		0.264196,
		0.451432,
		-0.419146,
		1,
	},
	[0.366666666667] = {
		-0.872452,
		0.160429,
		-0.461618,
		0,
		-0.093527,
		0.87231,
		0.479924,
		0,
		0.479668,
		0.461885,
		-0.746044,
		0,
		0.159465,
		0.665152,
		-0.266552,
		1,
	},
	[0.383333333333] = {
		-0.92981,
		0.115896,
		-0.349316,
		0,
		-0.24747,
		0.505655,
		0.826482,
		0,
		0.272419,
		0.854916,
		-0.441482,
		0,
		0.057312,
		0.727903,
		-0.113339,
		1,
	},
	[0.3] = {
		-0.772268,
		0.243024,
		-0.586976,
		0,
		0.616037,
		0.512243,
		-0.59842,
		0,
		0.155244,
		-0.823739,
		-0.545301,
		0,
		0.356596,
		0.191232,
		-0.613939,
		1,
	},
	[0.416666666667] = {
		-0.939529,
		0.025785,
		-0.341498,
		0,
		-0.341658,
		-0.139199,
		0.929459,
		0,
		-0.02357,
		0.989929,
		0.139591,
		0,
		-0.079496,
		0.671224,
		0.10571,
		1,
	},
	[0.433333333333] = {
		-0.911521,
		0.052076,
		-0.407944,
		0,
		-0.409039,
		-0.217623,
		0.886187,
		0,
		-0.042629,
		0.974643,
		0.219669,
		0,
		-0.11749,
		0.608727,
		0.161758,
		1,
	},
	[0.45] = {
		-0.899296,
		0.066657,
		-0.432231,
		0,
		-0.434116,
		-0.255855,
		0.86376,
		0,
		-0.053013,
		0.964414,
		0.259027,
		0,
		-0.159057,
		0.543714,
		0.203426,
		1,
	},
	[0.466666666667] = {
		-0.893413,
		0.077951,
		-0.442421,
		0,
		-0.446195,
		-0.26837,
		0.853749,
		0,
		-0.052182,
		0.960157,
		0.274546,
		0,
		-0.195952,
		0.478448,
		0.240858,
		1,
	},
	[0.483333333333] = {
		-0.888936,
		0.085319,
		-0.450016,
		0,
		-0.454185,
		-0.291259,
		0.841952,
		0,
		-0.059237,
		0.952832,
		0.297661,
		0,
		-0.225596,
		0.418707,
		0.273454,
		1,
	},
	[0.4] = {
		-0.95688,
		0.033096,
		-0.288593,
		0,
		-0.286606,
		0.054242,
		0.956512,
		0,
		0.04731,
		0.997979,
		-0.042418,
		0,
		-0.029454,
		0.714823,
		0.019705,
		1,
	},
	[0.516666666667] = {
		-0.883496,
		0.093115,
		-0.459091,
		0,
		-0.462411,
		-0.330067,
		0.822941,
		0,
		-0.074903,
		0.939354,
		0.33467,
		0,
		-0.273017,
		0.307757,
		0.314633,
		1,
	},
	[0.533333333333] = {
		-0.880568,
		0.093829,
		-0.464539,
		0,
		-0.466313,
		-0.346461,
		0.813952,
		0,
		-0.084572,
		0.93336,
		0.348836,
		0,
		-0.29217,
		0.262718,
		0.32109,
		1,
	},
	[0.55] = {
		-0.880103,
		0.10624,
		-0.462744,
		0,
		-0.467591,
		-0.362945,
		0.805996,
		0,
		-0.082322,
		0.925734,
		0.369106,
		0,
		-0.308921,
		0.223456,
		0.322474,
		1,
	},
	[0.566666666667] = {
		-0.883797,
		0.137288,
		-0.447274,
		0,
		-0.463961,
		-0.38049,
		0.79998,
		0,
		-0.060356,
		0.914538,
		0.399972,
		0,
		-0.323702,
		0.185613,
		0.324052,
		1,
	},
	[0.583333333333] = {
		-0.888449,
		0.177034,
		-0.423459,
		0,
		-0.458132,
		-0.397991,
		0.794807,
		0,
		-0.027825,
		0.900146,
		0.4347,
		0,
		-0.337252,
		0.149076,
		0.325622,
		1,
	},
	[0.5] = {
		-0.885947,
		0.09034,
		-0.454902,
		0,
		-0.458971,
		-0.311739,
		0.831964,
		0,
		-0.066651,
		0.945863,
		0.317647,
		0,
		-0.251055,
		0.360786,
		0.298399,
		1,
	},
	[0.616666666667] = {
		-0.893243,
		0.248116,
		-0.374908,
		0,
		-0.448317,
		-0.429264,
		0.784056,
		0,
		0.033602,
		0.86843,
		0.494672,
		0,
		-0.363309,
		0.079497,
		0.328375,
		1,
	},
	[0.633333333333] = {
		-0.893119,
		0.265774,
		-0.362909,
		0,
		-0.44742,
		-0.441623,
		0.777679,
		0,
		0.046418,
		0.856933,
		0.513334,
		0,
		-0.37693,
		0.046196,
		0.329629,
		1,
	},
	[0.65] = {
		-0.891834,
		0.26366,
		-0.367581,
		0,
		-0.450832,
		-0.451247,
		0.770147,
		0,
		0.037187,
		0.852561,
		0.521303,
		0,
		-0.391622,
		0.013644,
		0.330901,
		1,
	},
	[0.666666666667] = {
		-0.887989,
		0.234774,
		-0.395419,
		0,
		-0.459857,
		-0.458042,
		0.760742,
		0,
		-0.002516,
		0.857367,
		0.514699,
		0,
		-0.407983,
		-0.018347,
		0.332174,
		1,
	},
	[0.683333333333] = {
		-0.875423,
		0.168867,
		-0.452901,
		0,
		-0.476145,
		-0.462542,
		0.74789,
		0,
		-0.083192,
		0.870367,
		0.485325,
		0,
		-0.426859,
		-0.05003,
		0.333212,
		1,
	},
	[0.6] = {
		-0.891824,
		0.216479,
		-0.397223,
		0,
		-0.452338,
		-0.414523,
		0.789659,
		0,
		0.006286,
		0.883916,
		0.467603,
		0,
		-0.350257,
		0.113738,
		0.327066,
		1,
	},
	[0.716666666667] = {
		-0.698379,
		-0.217913,
		-0.681748,
		0,
		-0.533104,
		-0.477187,
		0.698636,
		0,
		-0.477563,
		0.851356,
		0.217087,
		0,
		-0.483279,
		-0.124344,
		0.292863,
		1,
	},
	[0.733333333333] = {
		-0.327976,
		-0.586996,
		-0.74018,
		0,
		-0.562122,
		-0.50845,
		0.652302,
		0,
		-0.759244,
		0.630011,
		-0.163204,
		0,
		-0.525877,
		-0.183671,
		0.187208,
		1,
	},
	[0.75] = {
		0.142121,
		-0.780995,
		-0.608152,
		0,
		-0.576863,
		-0.56462,
		0.590282,
		0,
		-0.804382,
		0.266929,
		-0.530772,
		0,
		-0.556737,
		-0.247093,
		0.046964,
		1,
	},
	[0.766666666667] = {
		0.448231,
		-0.772124,
		-0.450459,
		0,
		-0.583806,
		-0.634456,
		0.506592,
		0,
		-0.676948,
		0.035911,
		-0.735154,
		0,
		-0.565824,
		-0.284377,
		-0.091123,
		1,
	},
	[0.783333333333] = {
		0.598046,
		-0.694764,
		-0.399554,
		0,
		-0.600813,
		-0.718586,
		0.350226,
		0,
		-0.530438,
		0.030606,
		-0.847171,
		0,
		-0.498688,
		-0.279583,
		-0.240541,
		1,
	},
	[0.7] = {
		-0.837354,
		0.050477,
		-0.544326,
		0,
		-0.501629,
		-0.466704,
		0.728393,
		0,
		-0.217272,
		0.882972,
		0.416117,
		0,
		-0.449504,
		-0.081895,
		0.333256,
		1,
	},
	[0.816666666667] = {
		0.766181,
		-0.491859,
		-0.413571,
		0,
		-0.586841,
		-0.797792,
		-0.138368,
		0,
		-0.261886,
		0.348715,
		-0.899896,
		0,
		-0.17661,
		-0.204804,
		-0.569978,
		1,
	},
	[0.833333333333] = {
		0.815043,
		-0.42096,
		-0.398117,
		0,
		-0.550668,
		-0.776494,
		-0.306305,
		0,
		-0.180193,
		0.468882,
		-0.864685,
		0,
		-0.061739,
		-0.171512,
		-0.678632,
		1,
	},
	[0.85] = {
		0.847258,
		-0.38365,
		-0.367379,
		0,
		-0.515302,
		-0.761493,
		-0.393182,
		0,
		-0.128912,
		0.522438,
		-0.842876,
		0,
		-0.002433,
		-0.150964,
		-0.74551,
		1,
	},
	[0.866666666667] = {
		0.871514,
		-0.354168,
		-0.339158,
		0,
		-0.482233,
		-0.744476,
		-0.461743,
		0,
		-0.088961,
		0.565969,
		-0.819613,
		0,
		0.04716,
		-0.131499,
		-0.80121,
		1,
	},
	[0.883333333333] = {
		0.889475,
		-0.33128,
		-0.314782,
		0,
		-0.453218,
		-0.72774,
		-0.51477,
		0,
		-0.058546,
		0.60054,
		-0.797448,
		0,
		0.08085,
		-0.109341,
		-0.834402,
		1,
	},
	[0.8] = {
		0.695023,
		-0.594482,
		-0.404395,
		0,
		-0.60707,
		-0.786579,
		0.112957,
		0,
		-0.385239,
		0.166988,
		-0.907582,
		0,
		-0.345685,
		-0.247606,
		-0.412059,
		1,
	},
	[0.916666666667] = {
		0.911701,
		-0.300978,
		-0.279666,
		0,
		-0.410364,
		-0.700321,
		-0.584082,
		0,
		-0.020061,
		0.647273,
		-0.761994,
		0,
		0.11614,
		-0.0661,
		-0.856429,
		1,
	},
	[0.933333333333] = {
		0.917843,
		-0.291858,
		-0.269039,
		0,
		-0.396829,
		-0.690901,
		-0.604303,
		0,
		-0.009509,
		0.661418,
		-0.749957,
		0,
		0.128988,
		-0.049496,
		-0.863944,
		1,
	},
	[0.95] = {
		0.921525,
		-0.285918,
		-0.26276,
		0,
		-0.388303,
		-0.684609,
		-0.616873,
		0,
		-0.003513,
		0.670494,
		-0.741907,
		0,
		0.138462,
		-0.035417,
		-0.868861,
		1,
	},
	[0.966666666667] = {
		0.923159,
		-0.282707,
		-0.260488,
		0,
		-0.384416,
		-0.681377,
		-0.622857,
		0,
		-0.001405,
		0.675132,
		-0.737696,
		0,
		0.144322,
		-0.023555,
		-0.871093,
		1,
	},
	[0.983333333333] = {
		0.92303,
		-0.281888,
		-0.261828,
		0,
		-0.384718,
		-0.681006,
		-0.623076,
		0,
		-0.002669,
		0.675848,
		-0.737036,
		0,
		0.1464,
		-0.013726,
		-0.870709,
		1,
	},
	[0.9] = {
		0.902513,
		-0.313865,
		-0.294887,
		0,
		-0.429151,
		-0.71274,
		-0.554825,
		0,
		-0.036037,
		0.627288,
		-0.777953,
		0,
		0.100112,
		-0.085754,
		-0.846509,
		1,
	},
	[1.01666666667] = {
		0.918198,
		-0.286459,
		-0.273594,
		0,
		-0.395882,
		-0.687615,
		-0.608656,
		0,
		-0.013773,
		0.667178,
		-0.744771,
		0,
		0.139144,
		0.000224,
		-0.863316,
		1,
	},
	[1.03333333333] = {
		0.913727,
		-0.291479,
		-0.283095,
		0,
		-0.405677,
		-0.69384,
		-0.59499,
		0,
		-0.022996,
		0.658503,
		-0.752226,
		0,
		0.130095,
		0.004481,
		-0.857385,
		1,
	},
	[1.05] = {
		0.90801,
		-0.298107,
		-0.294365,
		0,
		-0.417543,
		-0.701449,
		-0.577605,
		0,
		-0.034294,
		0.647381,
		-0.761395,
		0,
		0.117826,
		0.007186,
		-0.850699,
		1,
	},
	[1.06666666667] = {
		0.901144,
		-0.306178,
		-0.306911,
		0,
		-0.430923,
		-0.710001,
		-0.55696,
		0,
		-0.047378,
		0.634156,
		-0.771752,
		0,
		0.102662,
		0.008671,
		-0.843454,
		1,
	},
	[1.08333333333] = {
		0.893255,
		-0.315506,
		-0.320237,
		0,
		-0.445265,
		-0.719059,
		-0.533566,
		0,
		-0.061926,
		0.619201,
		-0.782787,
		0,
		0.084903,
		0.009184,
		-0.835808,
		1,
	},
	{
		0.921332,
		-0.283206,
		-0.266348,
		0,
		-0.388715,
		-0.683204,
		-0.618169,
		0,
		-0.006901,
		0.673073,
		-0.739544,
		0,
		0.144646,
		-0.005823,
		-0.867967,
		1,
	},
	[1.11666666667] = {
		0.875104,
		-0.337005,
		-0.347304,
		0,
		-0.47474,
		-0.737065,
		-0.480996,
		0,
		-0.093887,
		0.585801,
		-0.804998,
		0,
		0.043322,
		0.010878,
		-0.807341,
		1,
	},
	[1.13333333333] = {
		0.865317,
		-0.348606,
		-0.360139,
		0,
		-0.488918,
		-0.745306,
		-0.453297,
		0,
		-0.110391,
		0.568324,
		-0.815366,
		0,
		0.021894,
		0.013002,
		-0.78371,
		1,
	},
	[1.15] = {
		0.855476,
		-0.360204,
		-0.372039,
		0,
		-0.502124,
		-0.752662,
		-0.425877,
		0,
		-0.126617,
		0.551137,
		-0.824752,
		0,
		0.001337,
		0.01491,
		-0.76093,
		1,
	},
	[1.16666666667] = {
		0.845969,
		-0.37128,
		-0.382738,
		0,
		-0.513964,
		-0.758955,
		-0.399785,
		0,
		-0.142049,
		0.534919,
		-0.832877,
		0,
		-0.01776,
		0.01681,
		-0.739702,
		1,
	},
	[1.18333333333] = {
		0.837204,
		-0.381395,
		-0.391953,
		0,
		-0.524151,
		-0.764094,
		-0.376066,
		0,
		-0.156059,
		0.520287,
		-0.839611,
		0,
		-0.034783,
		0.018809,
		-0.72073,
		1,
	},
	[1.1] = {
		0.884504,
		-0.325869,
		-0.333858,
		0,
		-0.460038,
		-0.728207,
		-0.508015,
		0,
		-0.077571,
		0.602929,
		-0.794015,
		0,
		0.064916,
		0.009007,
		-0.827814,
		1,
	},
	[1.21666666667] = {
		0.823667,
		-0.396917,
		-0.405005,
		0,
		-0.538678,
		-0.770819,
		-0.340094,
		0,
		-0.177197,
		0.498291,
		-0.848709,
		0,
		-0.060171,
		0.023521,
		-0.692387,
		1,
	},
	[1.23333333333] = {
		0.819788,
		-0.401408,
		-0.408435,
		0,
		-0.542636,
		-0.772421,
		-0.330017,
		0,
		-0.183012,
		0.492176,
		-0.85104,
		0,
		-0.06732,
		0.026438,
		-0.684432,
		1,
	},
	[1.25] = {
		0.818403,
		-0.403132,
		-0.409513,
		0,
		-0.544114,
		-0.772829,
		-0.326612,
		0,
		-0.184816,
		0.490122,
		-0.851835,
		0,
		-0.06996,
		0.029867,
		-0.681561,
		1,
	},
	[1.26666666667] = {
		0.818393,
		-0.403336,
		-0.409331,
		0,
		-0.544264,
		-0.772613,
		-0.326872,
		0,
		-0.184416,
		0.490294,
		-0.851823,
		0,
		-0.070143,
		0.033527,
		-0.681464,
		1,
	},
	[1.2] = {
		0.829621,
		-0.390094,
		-0.399445,
		0,
		-0.532454,
		-0.768047,
		-0.355804,
		0,
		-0.167995,
		0.507868,
		-0.844895,
		0,
		-0.049123,
		0.021012,
		-0.704722,
		1,
	},
}

return spline_matrices
