local spline_matrices = {
	[0] = {
		-0.310431,
		0.881241,
		0.356437,
		0,
		0.583343,
		0.472659,
		-0.660533,
		0,
		-0.750562,
		0.002875,
		-0.660794,
		0,
		-0.177031,
		0.232993,
		-0.628084,
		1
	},
	{
		0.679574,
		-0.73351,
		-0.011909,
		0,
		-0.668647,
		-0.612639,
		-0.421407,
		0,
		0.30181,
		0.29434,
		-0.906794,
		0,
		-0.039839,
		0.017286,
		-0.66036,
		1
	},
	[0.0166666666667] = {
		-0.376436,
		0.849054,
		0.37068,
		0,
		0.543658,
		0.526425,
		-0.653691,
		0,
		-0.750154,
		-0.04455,
		-0.659761,
		0,
		-0.174741,
		0.241519,
		-0.620835,
		1
	},
	[0.0333333333333] = {
		-0.449198,
		0.809675,
		0.377689,
		0,
		0.480289,
		0.5753,
		-0.662082,
		0,
		-0.753355,
		-0.116006,
		-0.647301,
		0,
		-0.175116,
		0.243712,
		-0.617382,
		1
	},
	[0.05] = {
		-0.524621,
		0.761208,
		0.381228,
		0,
		0.396699,
		0.614792,
		-0.68166,
		0,
		-0.753261,
		-0.20638,
		-0.624504,
		0,
		-0.177514,
		0.240677,
		-0.616939,
		1
	},
	[0.0666666666667] = {
		-0.598412,
		0.702848,
		0.384587,
		0,
		0.2977,
		0.640714,
		-0.707715,
		0,
		-0.743827,
		-0.309013,
		-0.592649,
		0,
		-0.181267,
		0.233578,
		-0.618688,
		1
	},
	[0.0833333333333] = {
		-0.666411,
		0.635304,
		0.390239,
		0,
		0.18949,
		0.65053,
		-0.735462,
		0,
		-0.721104,
		-0.416174,
		-0.553903,
		0,
		-0.18572,
		0.223663,
		-0.621819,
		1
	},
	[0.116666666667] = {
		-0.772685,
		0.482136,
		0.412921,
		0,
		-0.02747,
		0.624478,
		-0.780559,
		0,
		-0.634195,
		-0.614469,
		-0.46928,
		0,
		-0.194429,
		0.200763,
		-0.629175,
		1
	},
	[0.133333333333] = {
		-0.808242,
		0.402689,
		0.429636,
		0,
		-0.124806,
		0.595894,
		-0.793306,
		0,
		-0.575473,
		-0.694804,
		-0.431368,
		0,
		-0.197789,
		0.19054,
		-0.631975,
		1
	},
	[0.15] = {
		-0.83259,
		0.324953,
		0.448553,
		0,
		-0.210042,
		0.564107,
		-0.79854,
		0,
		-0.51252,
		-0.759071,
		-0.401416,
		0,
		-0.200057,
		0.182941,
		-0.633278,
		1
	},
	[0.166666666667] = {
		-0.847324,
		0.250556,
		0.468256,
		0,
		-0.282029,
		0.534817,
		-0.796512,
		0,
		-0.450002,
		-0.806965,
		-0.382499,
		0,
		-0.200995,
		0.179258,
		-0.632397,
		1
	},
	[0.183333333333] = {
		-0.854451,
		0.180111,
		0.487313,
		0,
		-0.340985,
		0.513266,
		-0.787583,
		0,
		-0.391973,
		-0.839117,
		-0.377146,
		0,
		-0.200392,
		0.180745,
		-0.628625,
		1
	},
	[0.1] = {
		-0.725206,
		0.560722,
		0.399584,
		0,
		0.078954,
		0.644237,
		-0.76074,
		0,
		-0.68399,
		-0.520145,
		-0.511475,
		0,
		-0.190275,
		0.212264,
		-0.625558,
		1
	},
	[0.216666666667] = {
		-0.854086,
		0.049433,
		0.517777,
		0,
		-0.423564,
		0.511661,
		-0.747528,
		0,
		-0.301879,
		-0.857764,
		-0.416064,
		0,
		-0.19367,
		0.20429,
		-0.609399,
		1
	},
	[0.233333333333] = {
		-0.850488,
		-0.013044,
		0.525832,
		0,
		-0.448564,
		0.540076,
		-0.712116,
		0,
		-0.2747,
		-0.841515,
		-0.465179,
		0,
		-0.186982,
		0.229179,
		-0.592278,
		1
	},
	[0.25] = {
		-0.847217,
		-0.075465,
		0.525859,
		0,
		-0.462008,
		0.593295,
		-0.659204,
		0,
		-0.262243,
		-0.80144,
		-0.537515,
		0,
		-0.177599,
		0.265033,
		-0.568781,
		1
	},
	[0.266666666667] = {
		-0.846558,
		-0.138696,
		0.51391,
		0,
		-0.461073,
		0.673509,
		-0.577752,
		0,
		-0.265991,
		-0.726051,
		-0.634113,
		0,
		-0.165123,
		0.313565,
		-0.537544,
		1
	},
	[0.283333333333] = {
		-0.851502,
		-0.201198,
		0.484214,
		0,
		-0.439375,
		0.777765,
		-0.449479,
		0,
		-0.28617,
		-0.595484,
		-0.75067,
		0,
		-0.148916,
		0.376584,
		-0.496571,
		1
	},
	[0.2] = {
		-0.856043,
		0.113365,
		0.504319,
		0,
		-0.387837,
		0.504127,
		-0.771646,
		0,
		-0.341719,
		-0.856157,
		-0.387588,
		0,
		-0.198035,
		0.188655,
		-0.621218,
		1
	},
	[0.316666666667] = {
		-0.925184,
		-0.246692,
		0.288407,
		0,
		-0.172827,
		0.950416,
		0.258534,
		0,
		-0.337884,
		0.189347,
		-0.921945,
		0,
		-0.080791,
		0.609782,
		-0.331491,
		1
	},
	[0.333333333333] = {
		-0.96994,
		-0.130883,
		0.205148,
		0,
		0.073021,
		0.647644,
		0.758436,
		0,
		-0.232129,
		0.750618,
		-0.618618,
		0,
		-0.018209,
		0.746799,
		-0.189173,
		1
	},
	[0.35] = {
		-0.953422,
		-0.089414,
		0.288084,
		0,
		0.244801,
		0.328643,
		0.912177,
		0,
		-0.176238,
		0.940212,
		-0.291446,
		0,
		0.033312,
		0.788956,
		-0.089926,
		1
	},
	[0.366666666667] = {
		-0.925623,
		-0.0992,
		0.365214,
		0,
		0.360867,
		0.05935,
		0.930727,
		0,
		-0.114004,
		0.993296,
		-0.019137,
		0,
		0.07739,
		0.781917,
		-0.000596,
		1
	},
	[0.383333333333] = {
		-0.945346,
		-0.089352,
		0.313589,
		0,
		0.322587,
		-0.116085,
		0.939395,
		0,
		-0.047533,
		0.989212,
		0.138564,
		0,
		0.105268,
		0.721819,
		0.107449,
		1
	},
	[0.3] = {
		-0.866023,
		-0.255682,
		0.429686,
		0,
		-0.385639,
		0.888549,
		-0.248521,
		0,
		-0.318255,
		-0.380929,
		-0.868105,
		0,
		-0.127787,
		0.455457,
		-0.442853,
		1
	},
	[0.416666666667] = {
		-0.981982,
		-0.017841,
		0.188132,
		0,
		0.18512,
		-0.290918,
		0.938668,
		0,
		0.037984,
		0.956582,
		0.288978,
		0,
		0.145155,
		0.566121,
		0.262071,
		1
	},
	[0.433333333333] = {
		-0.989428,
		0.026235,
		0.142633,
		0,
		0.126389,
		-0.326333,
		0.936767,
		0,
		0.071121,
		0.944891,
		0.319567,
		0,
		0.161224,
		0.487091,
		0.30502,
		1
	},
	[0.45] = {
		-0.990664,
		0.069961,
		0.117008,
		0,
		0.085537,
		-0.349337,
		0.933085,
		0,
		0.106155,
		0.934382,
		0.340091,
		0,
		0.17453,
		0.413238,
		0.328375,
		1
	},
	[0.466666666667] = {
		-0.985094,
		0.111549,
		0.130946,
		0,
		0.079384,
		-0.380528,
		0.921356,
		0,
		0.152605,
		0.918017,
		0.366,
		0,
		0.185863,
		0.354313,
		0.329855,
		1
	},
	[0.483333333333] = {
		-0.970992,
		0.151588,
		0.184918,
		0,
		0.104486,
		-0.426623,
		0.898374,
		0,
		0.215073,
		0.891635,
		0.398409,
		0,
		0.196379,
		0.308261,
		0.312949,
		1
	},
	[0.4] = {
		-0.969993,
		-0.05817,
		0.236072,
		0,
		0.243123,
		-0.222899,
		0.944038,
		0,
		-0.002294,
		0.973104,
		0.230353,
		0,
		0.125884,
		0.641222,
		0.202177,
		1
	},
	[0.516666666667] = {
		-0.901708,
		0.223884,
		0.369863,
		0,
		0.199,
		-0.544552,
		0.814778,
		0,
		0.383825,
		0.808294,
		0.446473,
		0,
		0.21674,
		0.227247,
		0.241683,
		1
	},
	[0.533333333333] = {
		-0.832377,
		0.246853,
		0.496198,
		0,
		0.259727,
		-0.617169,
		0.742727,
		0,
		0.489583,
		0.747105,
		0.449603,
		0,
		0.225925,
		0.191572,
		0.189106,
		1
	},
	[0.55] = {
		-0.729564,
		0.251987,
		0.635798,
		0,
		0.319406,
		-0.696494,
		0.642554,
		0,
		0.604745,
		0.671862,
		0.427651,
		0,
		0.233552,
		0.159061,
		0.126586,
		1
	},
	[0.566666666667] = {
		-0.588421,
		0.23191,
		0.774583,
		0,
		0.366668,
		-0.777281,
		0.511262,
		0,
		0.720635,
		0.584852,
		0.372334,
		0,
		0.238645,
		0.129983,
		0.055515,
		1
	},
	[0.583333333333] = {
		-0.41092,
		0.181542,
		0.893414,
		0,
		0.388924,
		-0.851417,
		0.351891,
		0,
		0.82455,
		0.492069,
		0.279258,
		0,
		0.240175,
		0.104837,
		-0.022086,
		1
	},
	[0.5] = {
		-0.945316,
		0.190264,
		0.264909,
		0,
		0.14548,
		-0.48097,
		0.864583,
		0,
		0.291912,
		0.855843,
		0.426989,
		0,
		0.206739,
		0.266067,
		0.283274,
		1
	},
	[0.616666666667] = {
		-0.000432,
		-0.001683,
		0.999998,
		0,
		0.326415,
		-0.945225,
		-0.00145,
		0,
		0.945227,
		0.326414,
		0.000957,
		0,
		0.230592,
		0.068124,
		-0.185381,
		1
	},
	[0.633333333333] = {
		0.192396,
		-0.114956,
		0.974561,
		0,
		0.245221,
		-0.955976,
		-0.161175,
		0,
		0.950184,
		0.269992,
		-0.155736,
		0,
		0.220426,
		0.056442,
		-0.264738,
		1
	},
	[0.65] = {
		0.354698,
		-0.225804,
		0.907305,
		0,
		0.144935,
		-0.945391,
		-0.291943,
		0,
		0.923679,
		0.235052,
		-0.302601,
		0,
		0.208304,
		0.048252,
		-0.339083,
		1
	},
	[0.666666666667] = {
		0.480173,
		-0.324905,
		0.814783,
		0,
		0.038707,
		-0.920119,
		-0.389721,
		0,
		0.876319,
		0.218671,
		-0.42924,
		0,
		0.195516,
		0.042434,
		-0.406773,
		1
	},
	[0.683333333333] = {
		0.570289,
		-0.407726,
		0.713112,
		0,
		-0.063105,
		-0.887301,
		-0.456853,
		0,
		0.819016,
		0.215537,
		-0.531748,
		0,
		0.182974,
		0.037873,
		-0.466754,
		1
	},
	[0.6] = {
		-0.208493,
		0.101243,
		0.97277,
		0,
		0.376371,
		-0.909724,
		0.175349,
		0,
		0.902704,
		0.402682,
		0.151566,
		0,
		0.237468,
		0.084145,
		-0.103461,
		1
	},
	[0.716666666667] = {
		0.668392,
		-0.524225,
		0.527674,
		0,
		-0.231127,
		-0.820681,
		-0.522554,
		0,
		0.706988,
		0.227312,
		-0.6697,
		0,
		0.160735,
		0.028854,
		-0.560266,
		1
	},
	[0.733333333333] = {
		0.689793,
		-0.561898,
		0.45657,
		0,
		-0.29353,
		-0.793505,
		-0.533094,
		0,
		0.661835,
		0.233708,
		-0.712289,
		0,
		0.151416,
		0.02297,
		-0.592069,
		1
	},
	[0.75] = {
		0.701789,
		-0.591005,
		0.39775,
		0,
		-0.344897,
		-0.770413,
		-0.5362,
		0,
		0.623329,
		0.239116,
		-0.744503,
		0,
		0.142257,
		0.016976,
		-0.616237,
		1
	},
	[0.766666666667] = {
		0.708846,
		-0.615073,
		0.345286,
		0,
		-0.389476,
		-0.749425,
		-0.535417,
		0,
		0.588086,
		0.245048,
		-0.770783,
		0,
		0.132245,
		0.012205,
		-0.63634,
		1
	},
	[0.783333333333] = {
		0.71242,
		-0.635087,
		0.298533,
		0,
		-0.428301,
		-0.730492,
		-0.531921,
		0,
		0.555892,
		0.251089,
		-0.792426,
		0,
		0.121442,
		0.008551,
		-0.652729,
		1
	},
	[0.7] = {
		0.630715,
		-0.473634,
		0.614711,
		0,
		-0.154068,
		-0.852796,
		-0.499,
		0,
		0.760567,
		0.220019,
		-0.610844,
		0,
		0.171272,
		0.033607,
		-0.518194,
		1
	},
	[0.816666666667] = {
		0.712982,
		-0.665899,
		0.219626,
		0,
		-0.492075,
		-0.698316,
		-0.519824,
		0,
		0.499519,
		0.262553,
		-0.825558,
		0,
		0.097803,
		0.004188,
		-0.675642,
		1
	},
	[0.833333333333] = {
		0.711255,
		-0.677789,
		0.18633,
		0,
		-0.518382,
		-0.684785,
		-0.5122,
		0,
		0.47476,
		0.267714,
		-0.838411,
		0,
		0.085172,
		0.003281,
		-0.682757,
		1
	},
	[0.85] = {
		0.708759,
		-0.687878,
		0.156479,
		0,
		-0.541688,
		-0.672768,
		-0.503942,
		0,
		0.451925,
		0.27241,
		-0.849445,
		0,
		0.072154,
		0.003089,
		-0.687356,
		1
	},
	[0.866666666667] = {
		0.705777,
		-0.696468,
		0.129657,
		0,
		-0.562416,
		-0.66213,
		-0.495249,
		0,
		0.430775,
		0.276614,
		-0.859021,
		0,
		0.058878,
		0.003514,
		-0.689713,
		1
	},
	[0.883333333333] = {
		0.702516,
		-0.703805,
		0.105496,
		0,
		-0.580921,
		-0.652746,
		-0.486264,
		0,
		0.411097,
		0.280324,
		-0.86742,
		0,
		0.045476,
		0.004455,
		-0.690101,
		1
	},
	[0.8] = {
		0.71355,
		-0.651826,
		0.256847,
		0,
		-0.462254,
		-0.713502,
		-0.526532,
		0,
		0.526468,
		0.256978,
		-0.810428,
		0,
		0.10993,
		0.005912,
		-0.665729,
		1
	},
	[0.916666666667] = {
		0.69571,
		-0.715473,
		0.063923,
		0,
		-0.612402,
		-0.637282,
		-0.467798,
		0,
		0.375434,
		0.286305,
		-0.881521,
		0,
		0.018856,
		0.007485,
		-0.686053,
		1
	},
	[0.933333333333] = {
		0.692327,
		-0.720116,
		0.046013,
		0,
		-0.625855,
		-0.630995,
		-0.458422,
		0,
		0.35915,
		0.28858,
		-0.887543,
		0,
		0.005924,
		0.009346,
		-0.682156,
		1
	},
	[0.95] = {
		0.689012,
		-0.72414,
		0.029721,
		0,
		-0.638049,
		-0.625527,
		-0.449009,
		0,
		0.343736,
		0.29041,
		-0.893033,
		0,
		-0.006561,
		0.011301,
		-0.67737,
		1
	},
	[0.966666666667] = {
		0.685784,
		-0.727655,
		0.014792,
		0,
		-0.649152,
		-0.620735,
		-0.439647,
		0,
		0.329093,
		0.291901,
		-0.898049,
		0,
		-0.01845,
		0.013307,
		-0.671963,
		1
	},
	[0.983333333333] = {
		0.682642,
		-0.730753,
		0.000989,
		0,
		-0.659308,
		-0.616483,
		-0.430419,
		0,
		0.31514,
		0.29317,
		-0.902628,
		0,
		-0.029593,
		0.015318,
		-0.666203,
		1
	},
	[0.9] = {
		0.699127,
		-0.710084,
		0.083679,
		0,
		-0.597499,
		-0.6445,
		-0.477089,
		0,
		0.392704,
		0.283548,
		-0.874862,
		0,
		0.032089,
		0.005812,
		-0.688792,
		1
	},
	[1.01666666667] = {
		0.676561,
		-0.735992,
		-0.024113,
		0,
		-0.677285,
		-0.609073,
		-0.412691,
		0,
		0.289051,
		0.295543,
		-0.910552,
		0,
		-0.049035,
		0.019162,
		-0.654698,
		1
	},
	[1.03333333333] = {
		0.67357,
		-0.738255,
		-0.03582,
		0,
		-0.685325,
		-0.605659,
		-0.40436,
		0,
		0.276826,
		0.296913,
		-0.913898,
		0,
		-0.057028,
		0.020897,
		-0.649486,
		1
	},
	[1.05] = {
		0.670567,
		-0.740345,
		-0.047215,
		0,
		-0.692861,
		-0.602272,
		-0.396499,
		0,
		0.26511,
		0.298592,
		-0.91682,
		0,
		-0.063663,
		0.022436,
		-0.64499,
		1
	},
	[1.06666666667] = {
		0.667508,
		-0.742303,
		-0.05847,
		0,
		-0.699979,
		-0.598792,
		-0.389201,
		0,
		0.253894,
		0.300722,
		-0.919295,
		0,
		-0.068784,
		0.023726,
		-0.641474,
		1
	},
	[1.08333333333] = {
		0.664352,
		-0.744159,
		-0.069744,
		0,
		-0.706755,
		-0.595105,
		-0.382555,
		0,
		0.243177,
		0.303443,
		-0.921297,
		0,
		-0.072234,
		0.024713,
		-0.639204,
		1
	},
	[1.1] = {
		0.661052,
		-0.745936,
		-0.081181,
		0,
		-0.713257,
		-0.5911,
		-0.376651,
		0,
		0.232971,
		0.306889,
		-0.922791,
		0,
		-0.073856,
		0.025341,
		-0.638446,
		1
	}
}

return spline_matrices
