local spline_matrices = {
	[0] = {
		0.61118,
		-0.669479,
		-0.422204,
		0,
		-0.790489,
		-0.543143,
		-0.28306,
		0,
		-0.039814,
		0.506748,
		-0.861174,
		0,
		-0.115519,
		0.031202,
		-0.655504,
		1
	},
	{
		0.800322,
		-0.416609,
		-0.431187,
		0,
		-0.513311,
		-0.847726,
		-0.133687,
		0,
		-0.309833,
		0.328325,
		-0.892304,
		0,
		-0.121116,
		-0.022108,
		-0.651943,
		1
	},
	[0.0166666666667] = {
		0.624302,
		-0.682174,
		-0.380638,
		0,
		-0.776396,
		-0.595697,
		-0.205803,
		0,
		-0.086352,
		0.424009,
		-0.901532,
		0,
		-0.104604,
		0.029878,
		-0.602169,
		1
	},
	[0.0333333333333] = {
		0.64103,
		-0.689584,
		-0.33698,
		0,
		-0.755805,
		-0.643559,
		-0.120795,
		0,
		-0.133568,
		0.332124,
		-0.933731,
		0,
		-0.093092,
		0.025288,
		-0.54534,
		1
	},
	[0.05] = {
		0.661264,
		-0.691155,
		-0.291607,
		0,
		-0.728119,
		-0.684886,
		-0.027833,
		0,
		-0.180481,
		0.230729,
		-0.956133,
		0,
		-0.08098,
		0.018122,
		-0.485453,
		1
	},
	[0.0666666666667] = {
		0.684842,
		-0.686234,
		-0.245099,
		0,
		-0.692812,
		-0.717428,
		0.072854,
		0,
		-0.225836,
		0.119914,
		-0.966757,
		0,
		-0.068257,
		0.009099,
		-0.422942,
		1
	},
	[0.0833333333333] = {
		0.711492,
		-0.674141,
		-0.198276,
		0,
		-0.649541,
		-0.738603,
		0.18045,
		0,
		-0.268096,
		0.0004,
		-0.963392,
		0,
		-0.054906,
		-0.001032,
		-0.358253,
		1
	},
	[0.116666666667] = {
		0.7721,
		-0.626214,
		-0.108244,
		0,
		-0.539422,
		-0.735845,
		0.409336,
		0,
		-0.335983,
		-0.257659,
		-0.90594,
		0,
		-0.026272,
		-0.021478,
		-0.224309,
		1
	},
	[0.133333333333] = {
		0.804613,
		-0.58991,
		-0.067853,
		0,
		-0.473994,
		-0.706896,
		0.525003,
		0,
		-0.35767,
		-0.390262,
		-0.848392,
		0,
		-0.011003,
		-0.030171,
		-0.156177,
		1
	},
	[0.15] = {
		0.837311,
		-0.545754,
		-0.032594,
		0,
		-0.403637,
		-0.657281,
		0.636442,
		0,
		-0.368764,
		-0.519744,
		-0.770636,
		0,
		0.004836,
		-0.036763,
		-0.08815,
		1
	},
	[0.166666666667] = {
		0.869061,
		-0.494689,
		-0.00389,
		0,
		-0.330634,
		-0.586666,
		0.739259,
		0,
		-0.367985,
		-0.641175,
		-0.67341,
		0,
		0.021139,
		-0.040488,
		-0.020988,
		1
	},
	[0.183333333333] = {
		0.898714,
		-0.438199,
		0.017159,
		0,
		-0.257757,
		-0.496177,
		0.829077,
		0,
		-0.354787,
		-0.749527,
		-0.55887,
		0,
		0.03774,
		-0.040654,
		0.044474,
		1
	},
	[0.1] = {
		0.740785,
		-0.654269,
		-0.152218,
		0,
		-0.598271,
		-0.745644,
		0.293406,
		0,
		-0.305467,
		-0.126283,
		-0.943792,
		0,
		-0.040913,
		-0.011493,
		-0.291866,
		1
	},
	[0.216666666667] = {
		0.947831,
		-0.316893,
		0.034577,
		0,
		-0.124297,
		-0.267519,
		0.955502,
		0,
		-0.293542,
		-0.909952,
		-0.292951,
		0,
		0.070927,
		-0.028077,
		0.166766,
		1
	},
	[0.233333333333] = {
		0.96605,
		-0.256405,
		0.031685,
		0,
		-0.069086,
		-0.138202,
		0.987992,
		0,
		-0.248948,
		-0.956638,
		-0.151224,
		0,
		0.086971,
		-0.014529,
		0.22185,
		1
	},
	[0.25] = {
		0.979812,
		-0.198646,
		0.022542,
		0,
		-0.024152,
		-0.005685,
		0.999692,
		0,
		-0.198456,
		-0.980055,
		-0.010368,
		0,
		0.102275,
		0.004211,
		0.271815,
		1
	},
	[0.266666666667] = {
		0.989384,
		-0.14506,
		0.008789,
		0,
		0.009536,
		0.125151,
		0.992092,
		0,
		-0.145012,
		-0.981476,
		0.125206,
		0,
		0.11658,
		0.028312,
		0.315964,
		1
	},
	[0.283333333333] = {
		0.995298,
		-0.096547,
		-0.007748,
		0,
		0.031801,
		0.250181,
		0.967677,
		0,
		-0.091488,
		-0.963373,
		0.252076,
		0,
		0.129667,
		0.057913,
		0.353694,
		1
	},
	[0.2] = {
		0.925235,
		-0.37821,
		0.029966,
		0,
		-0.18801,
		-0.388467,
		0.902078,
		0,
		-0.329534,
		-0.840268,
		-0.430531,
		0,
		0.054423,
		-0.036671,
		0.107355,
		1
	},
	[0.316666666667] = {
		0.998994,
		-0.015685,
		-0.042001,
		0,
		0.044432,
		0.471657,
		0.880662,
		0,
		0.005997,
		-0.881643,
		0.471879,
		0,
		0.151517,
		0.134335,
		0.407875,
		1
	},
	[0.333333333333] = {
		0.998803,
		0.024433,
		-0.042385,
		0,
		0.020126,
		0.584457,
		0.811175,
		0,
		0.044592,
		-0.811057,
		0.583266,
		0,
		0.160386,
		0.200495,
		0.404554,
		1
	},
	[0.35] = {
		0.996957,
		0.059729,
		-0.050099,
		0,
		-0.004805,
		0.688493,
		0.725227,
		0,
		0.077809,
		-0.722779,
		0.686685,
		0,
		0.157258,
		0.28618,
		0.380132,
		1
	},
	[0.366666666667] = {
		0.991181,
		0.078983,
		-0.106408,
		0,
		0.016464,
		0.723357,
		0.690278,
		0,
		0.131491,
		-0.685942,
		0.715677,
		0,
		0.132097,
		0.369492,
		0.361178,
		1
	},
	[0.383333333333] = {
		0.986279,
		0.067033,
		-0.150865,
		0,
		0.031953,
		0.819058,
		0.57282,
		0,
		0.161965,
		-0.569781,
		0.805678,
		0,
		0.095433,
		0.467492,
		0.318535,
		1
	},
	[0.3] = {
		0.998251,
		-0.05346,
		-0.025243,
		0,
		0.043121,
		0.366295,
		0.929499,
		0,
		-0.040444,
		-0.928962,
		0.367959,
		0,
		0.141357,
		0.093161,
		0.384493,
		1
	},
	[0.416666666667] = {
		0.999609,
		-0.025734,
		0.010966,
		0,
		0.027623,
		0.84633,
		-0.531942,
		0,
		0.004408,
		0.532037,
		0.84671,
		0,
		0.00957,
		0.71352,
		0.059812,
		1
	},
	[0.433333333333] = {
		0.999953,
		-0.00935,
		0.002684,
		0,
		0.006665,
		0.457511,
		-0.889179,
		0,
		0.007086,
		0.889155,
		0.457551,
		0,
		-0.000544,
		0.74409,
		-0.072159,
		1
	},
	[0.45] = {
		0.999621,
		-0.005436,
		-0.027004,
		0,
		-0.027044,
		-0.007283,
		-0.999608,
		0,
		0.005237,
		0.999959,
		-0.007428,
		0,
		-0.005389,
		0.748938,
		-0.233443,
		1
	},
	[0.466666666667] = {
		0.998584,
		-0.04986,
		-0.01856,
		0,
		-0.040615,
		-0.489106,
		-0.871278,
		0,
		0.034365,
		0.870798,
		-0.490439,
		0,
		-0.009323,
		0.655293,
		-0.425316,
		1
	},
	[0.483333333333] = {
		0.995769,
		-0.089672,
		0.020082,
		0,
		-0.067271,
		-0.860211,
		-0.505481,
		0,
		0.062602,
		0.501992,
		-0.862604,
		0,
		-0.016055,
		0.476743,
		-0.606989,
		1
	},
	[0.4] = {
		0.996094,
		-0.004981,
		-0.088163,
		0,
		0.011558,
		0.997172,
		0.074258,
		0,
		0.087544,
		-0.074987,
		0.993334,
		0,
		0.048617,
		0.603277,
		0.207344,
		1
	},
	[0.516666666667] = {
		0.96776,
		-0.09602,
		-0.232853,
		0,
		0.011917,
		-0.905991,
		0.423129,
		0,
		-0.251592,
		-0.412262,
		-0.875638,
		0,
		-0.117292,
		0.13388,
		-0.716224,
		1
	},
	[0.533333333333] = {
		0.882535,
		-0.194416,
		-0.428175,
		0,
		0.197604,
		-0.672918,
		0.712835,
		0,
		-0.426713,
		-0.713711,
		-0.555457,
		0,
		-0.174403,
		0.001277,
		-0.669701,
		1
	},
	[0.55] = {
		0.876136,
		-0.243291,
		-0.416167,
		0,
		0.227387,
		-0.552657,
		0.801789,
		0,
		-0.425066,
		-0.797107,
		-0.428881,
		0,
		-0.169297,
		-0.064774,
		-0.651403,
		1
	},
	[0.566666666667] = {
		0.893636,
		-0.255994,
		-0.36862,
		0,
		0.195645,
		-0.516994,
		0.833331,
		0,
		-0.403902,
		-0.816814,
		-0.41192,
		0,
		-0.150548,
		-0.097045,
		-0.638717,
		1
	},
	[0.583333333333] = {
		0.895355,
		-0.272139,
		-0.352534,
		0,
		0.182917,
		-0.497019,
		0.848242,
		0,
		-0.406056,
		-0.823962,
		-0.395229,
		0,
		-0.144789,
		-0.118631,
		-0.63198,
		1
	},
	[0.5] = {
		0.996222,
		-0.086459,
		-0.008185,
		0,
		-0.086754,
		-0.99507,
		-0.048048,
		0,
		-0.003991,
		0.048576,
		-0.998811,
		0,
		-0.044687,
		0.29935,
		-0.720965,
		1
	},
	[0.616666666667] = {
		0.896537,
		-0.30132,
		-0.324697,
		0,
		0.151883,
		-0.479464,
		0.864318,
		0,
		-0.416117,
		-0.824209,
		-0.384091,
		0,
		-0.13522,
		-0.152938,
		-0.621325,
		1
	},
	[0.633333333333] = {
		0.895985,
		-0.314822,
		-0.313207,
		0,
		0.133611,
		-0.4815,
		0.866202,
		0,
		-0.423509,
		-0.817952,
		-0.389353,
		0,
		-0.131348,
		-0.165871,
		-0.617302,
		1
	},
	[0.65] = {
		0.894675,
		-0.327861,
		-0.30342,
		0,
		0.113457,
		-0.490179,
		0.864206,
		0,
		-0.432069,
		-0.807609,
		-0.401352,
		0,
		-0.128043,
		-0.176236,
		-0.614072,
		1
	},
	[0.666666666667] = {
		0.892618,
		-0.340586,
		-0.295355,
		0,
		0.091355,
		-0.50491,
		0.858324,
		0,
		-0.441461,
		-0.793138,
		-0.419577,
		0,
		-0.125273,
		-0.184258,
		-0.611573,
		1
	},
	[0.683333333333] = {
		0.88983,
		-0.35304,
		-0.289077,
		0,
		0.067232,
		-0.525177,
		0.848333,
		0,
		-0.451312,
		-0.774307,
		-0.443582,
		0,
		-0.123008,
		-0.190044,
		-0.609775,
		1
	},
	[0.6] = {
		0.896326,
		-0.287159,
		-0.337846,
		0,
		0.168316,
		-0.484557,
		0.858414,
		0,
		-0.410207,
		-0.826283,
		-0.385987,
		0,
		-0.13969,
		-0.137225,
		-0.626204,
		1
	},
	[0.716666666667] = {
		0.882177,
		-0.37705,
		-0.282128,
		0,
		0.012731,
		-0.579789,
		0.814667,
		0,
		-0.470745,
		-0.722273,
		-0.506677,
		0,
		-0.119857,
		-0.195312,
		-0.608207,
		1
	},
	[0.733333333333] = {
		0.877405,
		-0.388448,
		-0.281547,
		0,
		-0.017646,
		-0.612595,
		0.7902,
		0,
		-0.479426,
		-0.688357,
		-0.544348,
		0,
		-0.118897,
		-0.194983,
		-0.608396,
		1
	},
	[0.75] = {
		0.872089,
		-0.39927,
		-0.282921,
		0,
		-0.050003,
		-0.647842,
		0.760132,
		0,
		-0.486786,
		-0.648756,
		-0.58494,
		0,
		-0.118291,
		-0.192801,
		-0.609202,
		1
	},
	[0.766666666667] = {
		0.866319,
		-0.409346,
		-0.286231,
		0,
		-0.084156,
		-0.684471,
		0.724167,
		0,
		-0.492351,
		-0.603271,
		-0.627419,
		0,
		-0.117994,
		-0.188856,
		-0.610594,
		1
	},
	[0.783333333333] = {
		0.860201,
		-0.418488,
		-0.291415,
		0,
		-0.119832,
		-0.721329,
		0.682147,
		0,
		-0.495677,
		-0.551863,
		-0.670636,
		0,
		-0.117955,
		-0.183241,
		-0.612526,
		1
	},
	[0.7] = {
		0.886337,
		-0.365214,
		-0.284651,
		0,
		0.041033,
		-0.550374,
		0.833909,
		0,
		-0.461219,
		-0.750804,
		-0.472831,
		0,
		-0.121214,
		-0.193696,
		-0.60866,
		1
	},
	[0.816666666667] = {
		0.847427,
		-0.433213,
		-0.30691,
		0,
		-0.194167,
		-0.790926,
		0.580289,
		0,
		-0.494132,
		-0.432161,
		-0.754368,
		0,
		-0.118449,
		-0.167416,
		-0.617779,
		1
	},
	[0.833333333333] = {
		0.841047,
		-0.438465,
		-0.31684,
		0,
		-0.231835,
		-0.821333,
		0.521214,
		0,
		-0.488766,
		-0.364911,
		-0.792432,
		0,
		-0.118877,
		-0.157439,
		-0.620949,
		1
	},
	[0.85] = {
		0.834857,
		-0.442153,
		-0.327893,
		0,
		-0.269084,
		-0.847447,
		0.457632,
		0,
		-0.480216,
		-0.293826,
		-0.826474,
		0,
		-0.119361,
		-0.146265,
		-0.624366,
		1
	},
	[0.866666666667] = {
		0.828984,
		-0.444229,
		-0.339775,
		0,
		-0.305336,
		-0.868485,
		0.390516,
		0,
		-0.468568,
		-0.219986,
		-0.855599,
		0,
		-0.119859,
		-0.134051,
		-0.627932,
		1
	},
	[0.883333333333] = {
		0.823533,
		-0.444709,
		-0.352176,
		0,
		-0.340043,
		-0.883924,
		0.321012,
		0,
		-0.454054,
		-0.144609,
		-0.879161,
		0,
		-0.120335,
		-0.12097,
		-0.631553,
		1
	},
	[0.8] = {
		0.853858,
		-0.426504,
		-0.298363,
		0,
		-0.156656,
		-0.757214,
		0.634102,
		0,
		-0.496372,
		-0.494693,
		-0.713368,
		0,
		-0.118125,
		-0.176058,
		-0.614944,
		1
	},
	[0.916666666667] = {
		0.814184,
		-0.44128,
		-0.377327,
		0,
		-0.403012,
		-0.897352,
		0.179838,
		0,
		-0.417954,
		0.005646,
		-0.908451,
		0,
		-0.121118,
		-0.092977,
		-0.638593,
		1
	},
	[0.933333333333] = {
		0.810362,
		-0.437711,
		-0.389516,
		0,
		-0.430636,
		-0.895719,
		0.110636,
		0,
		-0.397323,
		0.078085,
		-0.914351,
		0,
		-0.121375,
		-0.078476,
		-0.641856,
		1
	},
	[0.95] = {
		0.807115,
		-0.433201,
		-0.401127,
		0,
		-0.455459,
		-0.889177,
		0.043838,
		0,
		-0.375663,
		0.147314,
		-0.914973,
		0,
		-0.121505,
		-0.063923,
		-0.644865,
		1
	},
	[0.966666666667] = {
		0.804403,
		-0.428004,
		-0.412005,
		0,
		-0.477449,
		-0.878441,
		-0.019624,
		0,
		-0.353522,
		0.212497,
		-0.91097,
		0,
		-0.121505,
		-0.049532,
		-0.647573,
		1
	},
	[0.983333333333] = {
		0.802165,
		-0.422381,
		-0.422049,
		0,
		-0.49668,
		-0.864331,
		-0.079001,
		0,
		-0.331422,
		0.272996,
		-0.903124,
		0,
		-0.121374,
		-0.035514,
		-0.649941,
		1
	},
	[0.9] = {
		0.818584,
		-0.443678,
		-0.364788,
		0,
		-0.372728,
		-0.893528,
		0.250364,
		0,
		-0.43703,
		-0.068977,
		-0.896798,
		0,
		-0.120761,
		-0.107212,
		-0.635135,
		1
	},
	[1.01666666667] = {
		0.798785,
		-0.410992,
		-0.43935,
		0,
		-0.527565,
		-0.82953,
		-0.183183,
		0,
		-0.289167,
		0.378109,
		-0.879441,
		0,
		-0.120731,
		-0.009601,
		-0.653559,
		1
	},
	[1.03333333333] = {
		0.79746,
		-0.405812,
		-0.446514,
		0,
		-0.539704,
		-0.810629,
		-0.227158,
		0,
		-0.269774,
		0.422134,
		-0.865462,
		0,
		-0.120222,
		0.001736,
		-0.654786,
		1
	},
	[1.05] = {
		0.79625,
		-0.401336,
		-0.452676,
		0,
		-0.550011,
		-0.791864,
		-0.265405,
		0,
		-0.251941,
		0.460305,
		-0.851261,
		0,
		-0.119589,
		0.011636,
		-0.655627,
		1
	},
	[1.06666666667] = {
		0.795062,
		-0.397812,
		-0.457845,
		0,
		-0.558771,
		-0.774007,
		-0.297805,
		0,
		-0.235905,
		0.492604,
		-0.837669,
		0,
		-0.118829,
		0.01984,
		-0.656089,
		1
	},
	[1.08333333333] = {
		0.793805,
		-0.395472,
		-0.462035,
		0,
		-0.56626,
		-0.757753,
		-0.324283,
		0,
		-0.221864,
		0.519049,
		-0.825448,
		0,
		-0.117939,
		0.026096,
		-0.656184,
		1
	},
	[1.1] = {
		0.792391,
		-0.394539,
		-0.465247,
		0,
		-0.572733,
		-0.743713,
		-0.344773,
		0,
		-0.209984,
		0.539657,
		-0.815277,
		0,
		-0.116913,
		0.030154,
		-0.655918,
		1
	}
}

return spline_matrices
