local spline_matrices = {
	[0] = {
		0.765835,
		-0.502038,
		-0.401815,
		0,
		-0.640628,
		-0.541627,
		-0.544275,
		0,
		0.055613,
		0.674239,
		-0.736416,
		0,
		-0.015717,
		0.015363,
		-0.583919,
		1
	},
	{
		0.743368,
		-0.495815,
		-0.448967,
		0,
		-0.666584,
		-0.493533,
		-0.558651,
		0,
		0.055407,
		0.714558,
		-0.697379,
		0,
		-0.042225,
		0.030855,
		-0.582298,
		1
	},
	[0.0166666666667] = {
		0.52124,
		-0.77166,
		-0.364487,
		0,
		-0.845471,
		-0.408802,
		-0.343599,
		0,
		0.116139,
		0.48726,
		-0.865499,
		0,
		-0.063943,
		0.030438,
		-0.540469,
		1
	},
	[0.0333333333333] = {
		-0.099117,
		-0.946548,
		-0.306956,
		0,
		-0.995076,
		0.094412,
		0.030178,
		0,
		0.000416,
		0.308436,
		-0.951245,
		0,
		-0.102289,
		0.071901,
		-0.484067,
		1
	},
	[0.05] = {
		-0.666178,
		-0.744539,
		-0.043231,
		0,
		-0.716201,
		0.622504,
		0.315508,
		0,
		-0.207997,
		0.241147,
		-0.947938,
		0,
		-0.111583,
		0.10715,
		-0.438506,
		1
	},
	[0.0666666666667] = {
		-0.861822,
		-0.444957,
		0.243467,
		0,
		-0.348082,
		0.867985,
		0.354177,
		0,
		-0.368919,
		0.22049,
		-0.90293,
		0,
		-0.122644,
		0.118773,
		-0.411349,
		1
	},
	[0.0833333333333] = {
		-0.842052,
		-0.275074,
		0.463986,
		0,
		-0.184232,
		0.955134,
		0.231902,
		0,
		-0.506958,
		0.109792,
		-0.85495,
		0,
		-0.152834,
		0.119416,
		-0.394078,
		1
	},
	[0.116666666667] = {
		-0.16808,
		-0.034984,
		0.985152,
		0,
		-0.983794,
		0.069243,
		-0.16539,
		0,
		-0.062429,
		-0.996986,
		-0.046056,
		0,
		-0.293622,
		0.022634,
		-0.358397,
		1
	},
	[0.133333333333] = {
		0.905359,
		0.214658,
		0.366398,
		0,
		-0.407611,
		0.197352,
		0.891575,
		0,
		0.119074,
		-0.956543,
		0.266172,
		0,
		-0.306732,
		0.020236,
		-0.221857,
		1
	},
	[0.15] = {
		0.961742,
		0.253937,
		-0.102805,
		0,
		0.027405,
		0.284202,
		0.958373,
		0,
		0.272584,
		-0.924524,
		0.26637,
		0,
		-0.303393,
		0.01727,
		-0.169406,
		1
	},
	[0.166666666667] = {
		0.928299,
		0.285287,
		-0.238478,
		0,
		0.150998,
		0.296861,
		0.942907,
		0,
		0.339794,
		-0.911309,
		0.232498,
		0,
		-0.321716,
		0.00656,
		-0.132367,
		1
	},
	[0.183333333333] = {
		0.917961,
		0.333334,
		-0.215023,
		0,
		0.127491,
		0.265381,
		0.955677,
		0,
		0.375623,
		-0.904688,
		0.201112,
		0,
		-0.350402,
		-0.009082,
		-0.096956,
		1
	},
	[0.1] = {
		-0.678972,
		-0.248344,
		0.690885,
		0,
		-0.371336,
		0.927969,
		-0.031368,
		0,
		-0.63333,
		-0.277849,
		-0.722284,
		0,
		-0.210427,
		0.108971,
		-0.385452,
		1
	},
	[0.216666666667] = {
		0.878372,
		0.441148,
		0.183985,
		0,
		-0.230849,
		0.054488,
		0.971463,
		0,
		0.418534,
		-0.895779,
		0.149699,
		0,
		-0.421659,
		-0.051062,
		-0.034539,
		1
	},
	[0.233333333333] = {
		0.747314,
		0.436378,
		0.501094,
		0,
		-0.504386,
		-0.118391,
		0.855324,
		0,
		0.432569,
		-0.89194,
		0.131628,
		0,
		-0.45479,
		-0.073146,
		-0.014856,
		1
	},
	[0.25] = {
		0.557423,
		0.370561,
		0.742943,
		0,
		-0.707741,
		-0.25573,
		0.658563,
		0,
		0.43403,
		-0.892909,
		0.119711,
		0,
		-0.475447,
		-0.08802,
		0.001546,
		1
	},
	[0.266666666667] = {
		0.489183,
		0.3233,
		0.810048,
		0,
		-0.768517,
		-0.279385,
		0.575609,
		0,
		0.412409,
		-0.904113,
		0.111791,
		0,
		-0.482263,
		-0.091023,
		0.032104,
		1
	},
	[0.283333333333] = {
		0.551736,
		0.285261,
		0.783718,
		0,
		-0.741791,
		-0.261685,
		0.617468,
		0,
		0.381227,
		-0.922034,
		0.067223,
		0,
		-0.466306,
		-0.021777,
		0.09216,
		1
	},
	[0.2] = {
		0.91672,
		0.392957,
		-0.072176,
		0,
		-0.003216,
		0.187903,
		0.982182,
		0,
		0.399517,
		-0.900154,
		0.173518,
		0,
		-0.384753,
		-0.028588,
		-0.063129,
		1
	},
	[0.316666666667] = {
		0.638746,
		0.100142,
		0.762873,
		0,
		-0.769275,
		0.064075,
		0.635696,
		0,
		0.014779,
		-0.992908,
		0.117964,
		0,
		-0.356225,
		0.347894,
		0.181312,
		1
	},
	[0.333333333333] = {
		0.547153,
		-0.01034,
		0.836969,
		0,
		-0.535555,
		0.764137,
		0.359549,
		0,
		-0.643276,
		-0.644971,
		0.412562,
		0,
		-0.218876,
		0.622084,
		0.094243,
		1
	},
	[0.35] = {
		0.589835,
		0.036243,
		0.80671,
		0,
		-0.083268,
		0.996397,
		0.016117,
		0,
		-0.803219,
		-0.07668,
		0.590728,
		0,
		0.01069,
		0.747341,
		-0.056746,
		1
	},
	[0.366666666667] = {
		0.498804,
		-0.104997,
		0.860331,
		0,
		0.300203,
		0.952119,
		-0.057854,
		0,
		-0.813063,
		0.287132,
		0.506441,
		0,
		0.237315,
		0.735294,
		-0.172942,
		1
	},
	[0.383333333333] = {
		0.46507,
		-0.046195,
		0.884068,
		0,
		0.778312,
		0.497183,
		-0.383457,
		0,
		-0.42183,
		0.866415,
		0.267179,
		0,
		0.442466,
		0.628198,
		-0.285769,
		1
	},
	[0.3] = {
		0.610808,
		0.206093,
		0.764486,
		0,
		-0.73734,
		-0.203777,
		0.644053,
		0,
		0.28852,
		-0.957079,
		0.027492,
		0,
		-0.422553,
		0.142085,
		0.15667,
		1
	},
	[0.416666666667] = {
		0.411031,
		0.000692,
		0.911621,
		0,
		0.909023,
		0.07514,
		-0.409916,
		0,
		-0.068783,
		0.997173,
		0.030255,
		0,
		0.63488,
		0.343939,
		-0.389543,
		1
	},
	[0.433333333333] = {
		0.397876,
		-0.027749,
		0.917019,
		0,
		0.910175,
		-0.113591,
		-0.398344,
		0,
		0.115218,
		0.99314,
		-0.019939,
		0,
		0.657686,
		0.275306,
		-0.402303,
		1
	},
	[0.45] = {
		0.382118,
		-0.06591,
		0.92176,
		0,
		0.876301,
		-0.290839,
		-0.384069,
		0,
		0.293398,
		0.954499,
		-0.053378,
		0,
		0.670459,
		0.223763,
		-0.412389,
		1
	},
	[0.466666666667] = {
		0.366999,
		-0.095354,
		0.925321,
		0,
		0.810468,
		-0.455453,
		-0.368381,
		0,
		0.456566,
		0.885139,
		-0.08987,
		0,
		0.67693,
		0.178134,
		-0.424014,
		1
	},
	[0.483333333333] = {
		0.362209,
		-0.099604,
		0.92676,
		0,
		0.716115,
		-0.606707,
		-0.345088,
		0,
		0.596644,
		0.788661,
		-0.148426,
		0,
		0.677938,
		0.127825,
		-0.438438,
		1
	},
	[0.4] = {
		0.425367,
		0.001004,
		0.90502,
		0,
		0.870477,
		0.273191,
		-0.409435,
		0,
		-0.247655,
		0.961959,
		0.115332,
		0,
		0.592284,
		0.440294,
		-0.365354,
		1
	},
	[0.516666666667] = {
		0.475529,
		0.041723,
		0.87871,
		0,
		0.459328,
		-0.863675,
		-0.207564,
		0,
		0.75026,
		0.502319,
		-0.429867,
		0,
		0.654455,
		-0.016353,
		-0.473744,
		1
	},
	[0.533333333333] = {
		0.626528,
		0.098056,
		0.773206,
		0,
		0.265166,
		-0.959692,
		-0.093157,
		0,
		0.732905,
		0.263393,
		-0.627275,
		0,
		0.618222,
		-0.088413,
		-0.492595,
		1
	},
	[0.55] = {
		0.761908,
		0.085887,
		0.641965,
		0,
		0.086797,
		-0.995768,
		0.030208,
		0,
		0.641843,
		0.032705,
		-0.766138,
		0,
		0.573162,
		-0.144656,
		-0.50726,
		1
	},
	[0.566666666667] = {
		0.838456,
		0.044757,
		0.543129,
		0,
		-0.019992,
		-0.993425,
		0.112727,
		0,
		0.544603,
		-0.105374,
		-0.832048,
		0,
		0.533971,
		-0.182181,
		-0.518405,
		1
	},
	[0.583333333333] = {
		0.877375,
		0.002889,
		0.479797,
		0,
		-0.076402,
		-0.986382,
		0.14565,
		0,
		0.473684,
		-0.164447,
		-0.865206,
		0,
		0.50317,
		-0.205009,
		-0.530545,
		1
	},
	[0.5] = {
		0.38223,
		-0.065791,
		0.921722,
		0,
		0.597705,
		-0.743105,
		-0.300904,
		0,
		0.704733,
		0.665933,
		-0.244713,
		0,
		0.672618,
		0.064139,
		-0.453784,
		1
	},
	[0.616666666667] = {
		0.925165,
		-0.105477,
		0.364614,
		0,
		-0.169512,
		-0.974312,
		0.148262,
		0,
		0.33961,
		-0.198974,
		-0.919279,
		0,
		0.435526,
		-0.230072,
		-0.567846,
		1
	},
	[0.633333333333] = {
		0.935028,
		-0.170048,
		0.311138,
		0,
		-0.208864,
		-0.973245,
		0.095762,
		0,
		0.286529,
		-0.154525,
		-0.945528,
		0,
		0.395931,
		-0.221882,
		-0.580234,
		1
	},
	[0.65] = {
		0.938644,
		-0.237627,
		0.249963,
		0,
		-0.252148,
		-0.967304,
		0.027281,
		0,
		0.235307,
		-0.088635,
		-0.967871,
		0,
		0.351405,
		-0.206669,
		-0.587818,
		1
	},
	[0.666666666667] = {
		0.935407,
		-0.30419,
		0.180225,
		0,
		-0.299546,
		-0.952602,
		-0.053129,
		0,
		0.187844,
		-0.004288,
		-0.982189,
		0,
		0.304502,
		-0.186175,
		-0.593309,
		1
	},
	[0.683333333333] = {
		0.925158,
		-0.365506,
		0.102411,
		0,
		-0.350311,
		-0.926045,
		-0.140435,
		0,
		0.146167,
		0.094049,
		-0.984779,
		0,
		0.256328,
		-0.161443,
		-0.596766,
		1
	},
	[0.6] = {
		0.905816,
		-0.04831,
		0.420908,
		0,
		-0.125072,
		-0.979692,
		0.156717,
		0,
		0.404789,
		-0.194601,
		-0.893463,
		0,
		0.470627,
		-0.220635,
		-0.547179,
		1
	},
	[0.716666666667] = {
		0.886341,
		-0.458027,
		-0.067906,
		0,
		-0.454875,
		-0.8339,
		-0.312568,
		0,
		0.086537,
		0.30793,
		-0.947465,
		0,
		0.160914,
		-0.104127,
		-0.597684,
		1
	},
	[0.733333333333] = {
		0.860849,
		-0.485391,
		-0.152754,
		0,
		-0.504068,
		-0.772317,
		-0.386577,
		0,
		0.069666,
		0.409783,
		-0.909519,
		0,
		0.116169,
		-0.074409,
		-0.595631,
		1
	},
	[0.75] = {
		0.83408,
		-0.500621,
		-0.231708,
		0,
		-0.548333,
		-0.706446,
		-0.447509,
		0,
		0.060343,
		0.500312,
		-0.86374,
		0,
		0.075018,
		-0.046061,
		-0.592524,
		1
	},
	[0.766666666667] = {
		0.808164,
		-0.506148,
		-0.301138,
		0,
		-0.586233,
		-0.6422,
		-0.493873,
		0,
		0.056582,
		0.575668,
		-0.815724,
		0,
		0.038602,
		-0.020654,
		-0.589021,
		1
	},
	[0.783333333333] = {
		0.784937,
		-0.505388,
		-0.358408,
		0,
		-0.61705,
		-0.585493,
		-0.525782,
		0,
		0.055879,
		0.633861,
		-0.771426,
		0,
		0.008006,
		0.000299,
		-0.585886,
		1
	},
	[0.7] = {
		0.908392,
		-0.417708,
		0.01856,
		0,
		-0.402828,
		-0.886201,
		-0.22886,
		0,
		0.112045,
		0.200417,
		-0.973283,
		0,
		0.20805,
		-0.13364,
		-0.598173,
		1
	},
	[0.816666666667] = {
		0.750857,
		-0.498222,
		-0.433576,
		0,
		-0.658148,
		-0.509496,
		-0.554305,
		0,
		0.055262,
		0.701561,
		-0.710463,
		0,
		-0.033467,
		0.025739,
		-0.582863,
		1
	},
	[0.833333333333] = {
		0.739159,
		-0.494323,
		-0.457481,
		0,
		-0.671233,
		-0.484592,
		-0.560907,
		0,
		0.055578,
		0.721676,
		-0.689996,
		0,
		-0.047117,
		0.033712,
		-0.58197,
		1
	},
	[0.85] = {
		0.730549,
		-0.490969,
		-0.474603,
		0,
		-0.680551,
		-0.46636,
		-0.565119,
		0,
		0.05612,
		0.735838,
		-0.674828,
		0,
		-0.057069,
		0.039518,
		-0.581277,
		1
	},
	[0.866666666667] = {
		0.724768,
		-0.488497,
		-0.485883,
		0,
		-0.686662,
		-0.454166,
		-0.567651,
		0,
		0.056625,
		0.745053,
		-0.664597,
		0,
		-0.063711,
		0.043391,
		-0.580795,
		1
	},
	[0.883333333333] = {
		0.721526,
		-0.487036,
		-0.492134,
		0,
		-0.690041,
		-0.447344,
		-0.568971,
		0,
		0.056956,
		0.75012,
		-0.658845,
		0,
		-0.067425,
		0.045554,
		-0.580519,
		1
	},
	[0.8] = {
		0.765834,
		-0.502038,
		-0.401815,
		0,
		-0.640628,
		-0.541627,
		-0.544275,
		0,
		0.055613,
		0.674239,
		-0.736416,
		0,
		-0.015717,
		0.015363,
		-0.583919,
		1
	},
	[0.916666666667] = {
		0.72142,
		-0.486987,
		-0.492338,
		0,
		-0.690151,
		-0.44712,
		-0.569013,
		0,
		0.056967,
		0.750285,
		-0.658656,
		0,
		-0.067546,
		0.045625,
		-0.580509,
		1
	},
	[0.933333333333] = {
		0.723918,
		-0.488119,
		-0.487527,
		0,
		-0.687551,
		-0.452376,
		-0.568004,
		0,
		0.056708,
		0.746388,
		-0.66309,
		0,
		-0.064686,
		0.043958,
		-0.580723,
		1
	},
	[0.95] = {
		0.727687,
		-0.489767,
		-0.480209,
		0,
		-0.68359,
		-0.460319,
		-0.566402,
		0,
		0.056356,
		0.740429,
		-0.669768,
		0,
		-0.060361,
		0.041438,
		-0.58104,
		1
	},
	[0.966666666667] = {
		0.732401,
		-0.491724,
		-0.470952,
		0,
		-0.678568,
		-0.470276,
		-0.564257,
		0,
		0.055981,
		0.732836,
		-0.678098,
		0,
		-0.054934,
		0.038273,
		-0.581428,
		1
	},
	[0.983333333333] = {
		0.737736,
		-0.493796,
		-0.460338,
		0,
		-0.672791,
		-0.481573,
		-0.56164,
		0,
		0.055649,
		0.724053,
		-0.687495,
		0,
		-0.048767,
		0.034675,
		-0.581857,
		1
	},
	[0.9] = {
		0.720516,
		-0.486569,
		-0.494072,
		0,
		-0.691087,
		-0.445219,
		-0.569367,
		0,
		0.057066,
		0.751685,
		-0.657049,
		0,
		-0.068581,
		0.046227,
		-0.580432,
		1
	},
	[1.01666666667] = {
		0.748976,
		-0.497648,
		-0.437471,
		0,
		-0.660287,
		-0.505481,
		-0.555437,
		0,
		0.055279,
		0.704866,
		-0.707183,
		0,
		-0.035674,
		0.027029,
		-0.582723,
		1
	},
	[1.03333333333] = {
		0.754246,
		-0.499205,
		-0.426507,
		0,
		-0.654262,
		-0.51674,
		-0.552196,
		0,
		0.055265,
		0.695539,
		-0.71636,
		0,
		-0.029481,
		0.02341,
		-0.58311,
		1
	},
	[1.05] = {
		0.758867,
		-0.500434,
		-0.416757,
		0,
		-0.64889,
		-0.526644,
		-0.54917,
		0,
		0.05534,
		0.687177,
		-0.724379,
		0,
		-0.024017,
		0.020216,
		-0.58344,
		1
	},
	[1.06666666667] = {
		0.762538,
		-0.501317,
		-0.408922,
		0,
		-0.644562,
		-0.534531,
		-0.546642,
		0,
		0.05546,
		0.68041,
		-0.73073,
		0,
		-0.019654,
		0.017665,
		-0.583695,
		1
	},
	[1.08333333333] = {
		0.76496,
		-0.501853,
		-0.403707,
		0,
		-0.641676,
		-0.539743,
		-0.544912,
		0,
		0.055568,
		0.675885,
		-0.734909,
		0,
		-0.016763,
		0.015975,
		-0.58386,
		1
	},
	[1.1] = {
		0.765834,
		-0.502038,
		-0.401815,
		0,
		-0.640628,
		-0.541627,
		-0.544275,
		0,
		0.055613,
		0.674239,
		-0.736416,
		0,
		-0.015717,
		0.015363,
		-0.583919,
		1
	}
}

return spline_matrices
