-- chunkname: @content/characters/player/human/first_person/animations/power_sword/swing_down_right.lua

local spline_matrices = {
	[0.0166666666667] = {
		0.811923,
		-0.174809,
		-0.556977,
		0,
		-0.554416,
		-0.529629,
		-0.641963,
		0,
		-0.18277,
		0.830021,
		-0.526934,
		0,
		-0.05593,
		0.015431,
		-0.557607,
		1
	},
	[0.0333333333333] = {
		0.741559,
		0.287317,
		-0.60625,
		0,
		-0.479351,
		-0.405311,
		-0.778425,
		0,
		-0.469375,
		0.867855,
		-0.162836,
		0,
		-0.100027,
		0.014378,
		-0.533717,
		1
	},
	[0.05] = {
		0.478711,
		0.77917,
		-0.404635,
		0,
		-0.465729,
		-0.165327,
		-0.869346,
		0,
		-0.744266,
		0.604616,
		0.283738,
		0,
		-0.143874,
		0.013959,
		-0.510365,
		1
	},
	[0.0666666666667] = {
		0.09766,
		0.9942,
		0.045054,
		0,
		-0.567035,
		0.092789,
		-0.818451,
		0,
		-0.817884,
		0.054383,
		0.572808,
		0,
		-0.186876,
		0.014512,
		-0.483914,
		1
	},
	[0.0833333333333] = {
		-0.168859,
		0.86669,
		0.469399,
		0,
		-0.720724,
		0.216287,
		-0.658618,
		0,
		-0.672342,
		-0.449521,
		0.588122,
		0,
		-0.227646,
		0.014311,
		-0.451021,
		1
	},
	[0] = {
		0.776411,
		-0.491055,
		-0.395032,
		0,
		-0.629439,
		-0.57287,
		-0.525002,
		0,
		0.031502,
		0.656266,
		-0.753872,
		0,
		-0.012816,
		0.015726,
		-0.584514,
		1
	},
	[0.116666666667] = {
		-0.236099,
		0.50954,
		0.827421,
		0,
		-0.939325,
		0.098386,
		-0.328618,
		0,
		-0.248851,
		-0.854803,
		0.455395,
		0,
		-0.288661,
		0.004927,
		-0.352619,
		1
	},
	[0.133333333333] = {
		-0.134905,
		0.408134,
		0.9029,
		0,
		-0.990549,
		-0.032768,
		-0.133189,
		0,
		-0.024772,
		-0.912334,
		0.408697,
		0,
		-0.306066,
		-0.00299,
		-0.282077,
		1
	},
	[0.15] = {
		0.036282,
		0.334275,
		0.941777,
		0,
		-0.992489,
		-0.098122,
		0.073063,
		0,
		0.116832,
		-0.937354,
		0.328204,
		0,
		-0.329005,
		-0.012015,
		-0.198882,
		1
	},
	[0.166666666667] = {
		0.246228,
		0.283665,
		0.926772,
		0,
		-0.94539,
		-0.140405,
		0.29415,
		0,
		0.213564,
		-0.948589,
		0.233602,
		0,
		-0.352665,
		-0.023106,
		-0.105377,
		1
	},
	[0.183333333333] = {
		0.444548,
		0.244906,
		0.861625,
		0,
		-0.858038,
		-0.159759,
		0.488107,
		0,
		0.257192,
		-0.956294,
		0.139118,
		0,
		-0.368645,
		-0.025864,
		-0.016971,
		1
	},
	[0.1] = {
		-0.256103,
		0.655381,
		0.710554,
		0,
		-0.842614,
		0.208877,
		-0.496359,
		0,
		-0.473722,
		-0.725842,
		0.498739,
		0,
		-0.263678,
		0.01203,
		-0.409649,
		1
	},
	[0.216666666667] = {
		0.687254,
		0.141154,
		0.712571,
		0,
		-0.69775,
		-0.144577,
		0.7016,
		0,
		0.202055,
		-0.979374,
		-0.000871,
		0,
		-0.35637,
		0.026766,
		0.097113,
		1
	},
	[0.233333333333] = {
		0.753894,
		0.056111,
		0.654595,
		0,
		-0.64549,
		-0.122386,
		0.753899,
		0,
		0.122415,
		-0.990895,
		-0.056047,
		0,
		-0.332298,
		0.077861,
		0.130863,
		1
	},
	[0.25] = {
		0.79489,
		-0.030363,
		0.605993,
		0,
		-0.606309,
		-0.077935,
		0.791401,
		0,
		0.023198,
		-0.996496,
		-0.080359,
		0,
		-0.301021,
		0.139764,
		0.154079,
		1
	},
	[0.266666666667] = {
		0.817163,
		-0.101533,
		0.567394,
		0,
		-0.569949,
		0.004605,
		0.821667,
		0,
		-0.086039,
		-0.994822,
		-0.054106,
		0,
		-0.265287,
		0.209236,
		0.168238,
		1
	},
	[0.283333333333] = {
		0.830616,
		-0.142365,
		0.53834,
		0,
		-0.520482,
		0.145145,
		0.841446,
		0,
		-0.19793,
		-0.979114,
		0.046462,
		0,
		-0.227622,
		0.283531,
		0.174362,
		1
	},
	[0.2] = {
		0.590889,
		0.204602,
		0.780377,
		0,
		-0.766932,
		-0.15769,
		0.622053,
		0,
		0.250331,
		-0.96606,
		0.063739,
		0,
		-0.370215,
		-0.010052,
		0.051036,
		1
	},
	[0.316666666667] = {
		0.861036,
		-0.08485,
		0.501416,
		0,
		-0.331158,
		0.654726,
		0.679461,
		0,
		-0.385943,
		-0.751089,
		0.535644,
		0,
		-0.136783,
		0.485175,
		0.119215,
		1
	},
	[0.333333333333] = {
		0.881873,
		-0.030866,
		0.470476,
		0,
		-0.185522,
		0.894644,
		0.40644,
		0,
		-0.433454,
		-0.445712,
		0.783236,
		0,
		-0.082352,
		0.596056,
		0.052428,
		1
	},
	[0.35] = {
		0.899564,
		-0.004711,
		0.436763,
		0,
		-0.015662,
		0.998951,
		0.043033,
		0,
		-0.436508,
		-0.045551,
		0.898547,
		0,
		-0.024639,
		0.686323,
		-0.031036,
		1
	},
	[0.366666666667] = {
		0.902965,
		-0.019787,
		0.429257,
		0,
		0.169263,
		0.934557,
		-0.312975,
		0,
		-0.394973,
		0.355263,
		0.847222,
		0,
		0.030858,
		0.737911,
		-0.112284,
		1
	},
	[0.383333333333] = {
		0.866464,
		-0.061828,
		0.495396,
		0,
		0.471407,
		0.42802,
		-0.771087,
		0,
		-0.164365,
		0.901652,
		0.40001,
		0,
		0.105034,
		0.724754,
		-0.258277,
		1
	},
	[0.3] = {
		0.843924,
		-0.133504,
		0.519586,
		0,
		-0.443147,
		0.372378,
		0.815448,
		0,
		-0.302348,
		-0.918429,
		0.255097,
		0,
		-0.185763,
		0.374667,
		0.161202,
		1
	},
	[0.416666666667] = {
		0.932898,
		0.052423,
		0.356305,
		0,
		0.182357,
		-0.921903,
		-0.341819,
		0,
		0.310559,
		0.383857,
		-0.869601,
		0,
		0.231081,
		0.633159,
		-0.603515,
		1
	},
	[0.433333333333] = {
		0.874784,
		0.076078,
		0.478504,
		0,
		0.121173,
		-0.990564,
		-0.064033,
		0,
		0.469117,
		0.113997,
		-0.875748,
		0,
		0.295389,
		0.591531,
		-0.65475,
		1
	},
	[0.45] = {
		0.746551,
		0.092028,
		0.658933,
		0,
		0.170294,
		-0.983827,
		-0.055534,
		0,
		0.643166,
		0.153672,
		-0.750149,
		0,
		0.373524,
		0.559269,
		-0.699696,
		1
	},
	[0.466666666667] = {
		0.550318,
		0.04807,
		0.833571,
		0,
		0.307394,
		-0.939886,
		-0.148739,
		0,
		0.776312,
		0.338088,
		-0.532012,
		0,
		0.458526,
		0.522056,
		-0.733652,
		1
	},
	[0.483333333333] = {
		0.358318,
		-0.048266,
		0.932351,
		0,
		0.458603,
		-0.860771,
		-0.220809,
		0,
		0.813198,
		0.506699,
		-0.286295,
		0,
		0.533828,
		0.476008,
		-0.748652,
		1
	},
	[0.4] = {
		0.934517,
		0.017986,
		0.355463,
		0,
		0.355878,
		-0.03232,
		-0.933973,
		0,
		-0.00531,
		0.999316,
		-0.036604,
		0,
		0.172342,
		0.718908,
		-0.433302,
		1
	},
	[0.516666666667] = {
		0.306295,
		-0.027062,
		0.951552,
		0,
		0.419602,
		-0.89341,
		-0.160474,
		0,
		0.854469,
		0.448426,
		-0.262291,
		0,
		0.616059,
		0.298039,
		-0.739951,
		1
	},
	[0.533333333333] = {
		0.451898,
		0.072987,
		0.889079,
		0,
		0.269256,
		-0.961324,
		-0.057939,
		0,
		0.850464,
		0.265572,
		-0.454073,
		0,
		0.631551,
		0.155229,
		-0.724085,
		1
	},
	[0.55] = {
		0.643367,
		0.137804,
		0.753053,
		0,
		0.108631,
		-0.990145,
		0.088382,
		0,
		0.757811,
		0.024943,
		-0.651997,
		0,
		0.632394,
		0.008079,
		-0.700507,
		1
	},
	[0.566666666667] = {
		0.802275,
		0.13064,
		0.582484,
		0,
		-0.008694,
		-0.973099,
		0.230222,
		0,
		0.596891,
		-0.189765,
		-0.779558,
		0,
		0.621193,
		-0.11572,
		-0.673869,
		1
	},
	[0.583333333333] = {
		0.889573,
		0.077056,
		0.450248,
		0,
		-0.072351,
		-0.949459,
		0.305439,
		0,
		0.451028,
		-0.304286,
		-0.839038,
		0,
		0.599308,
		-0.193572,
		-0.653286,
		1
	},
	[0.5] = {
		0.264655,
		-0.09133,
		0.960009,
		0,
		0.50577,
		-0.834456,
		-0.218816,
		0,
		0.821069,
		0.543454,
		-0.174651,
		0,
		0.58595,
		0.407661,
		-0.748568,
		1
	},
	[0.616666666667] = {
		0.958689,
		-0.086473,
		0.270993,
		0,
		-0.157838,
		-0.95427,
		0.253881,
		0,
		0.236646,
		-0.286166,
		-0.928498,
		0,
		0.501663,
		-0.233833,
		-0.629932,
		1
	},
	[0.633333333333] = {
		0.967592,
		-0.181334,
		0.175739,
		0,
		-0.21077,
		-0.963242,
		0.166558,
		0,
		0.139076,
		-0.198201,
		-0.970244,
		0,
		0.428765,
		-0.219462,
		-0.621523,
		1
	},
	[0.65] = {
		0.960139,
		-0.270085,
		0.072026,
		0,
		-0.274033,
		-0.960315,
		0.051965,
		0,
		0.055133,
		-0.069631,
		-0.996048,
		0,
		0.347135,
		-0.188427,
		-0.614512,
		1
	},
	[0.666666666667] = {
		0.938761,
		-0.342522,
		-0.037493,
		0,
		-0.344446,
		-0.93575,
		-0.075691,
		0,
		-0.009158,
		0.08397,
		-0.996426,
		0,
		0.262596,
		-0.145835,
		-0.608228,
		1
	},
	[0.683333333333] = {
		0.908373,
		-0.39216,
		-0.145149,
		0,
		-0.415112,
		-0.887516,
		-0.199992,
		0,
		-0.050394,
		0.24192,
		-0.968987,
		0,
		0.181056,
		-0.09736,
		-0.602186,
		1
	},
	[0.6] = {
		0.932784,
		0.003406,
		0.360419,
		0,
		-0.113725,
		-0.946095,
		0.303267,
		0,
		0.342024,
		-0.323871,
		-0.882115,
		0,
		0.560258,
		-0.226795,
		-0.640356,
		1
	},
	[0.716666666667] = {
		0.846934,
		-0.427858,
		-0.31566,
		0,
		-0.526519,
		-0.757557,
		-0.385858,
		0,
		-0.074038,
		0.492997,
		-0.866875,
		0,
		0.049824,
		-0.007463,
		-0.591245,
		1
	},
	[0.733333333333] = {
		0.827414,
		-0.428278,
		-0.363267,
		0,
		-0.557107,
		-0.707548,
		-0.434751,
		0,
		-0.070835,
		0.562097,
		-0.824032,
		0,
		0.010954,
		0.021535,
		-0.58766,
		1
	},
	[0.75] = {
		0.820312,
		-0.427882,
		-0.379481,
		0,
		-0.567842,
		-0.68841,
		-0.451272,
		0,
		-0.068147,
		0.585669,
		-0.807681,
		0,
		-0.003083,
		0.031904,
		-0.586383,
		1
	},
	[0.766666666667] = {
		0.820206,
		-0.428849,
		-0.378617,
		0,
		-0.568049,
		-0.688861,
		-0.450323,
		0,
		-0.067694,
		0.584431,
		-0.808615,
		0,
		-0.002932,
		0.030985,
		-0.586433,
		1
	},
	[0.783333333333] = {
		0.820094,
		-0.429842,
		-0.377734,
		0,
		-0.568267,
		-0.689314,
		-0.449354,
		0,
		-0.067226,
		0.583165,
		-0.809567,
		0,
		-0.002778,
		0.030046,
		-0.586482,
		1
	},
	[0.7] = {
		0.875589,
		-0.418713,
		-0.240881,
		0,
		-0.477958,
		-0.823208,
		-0.306405,
		0,
		-0.069999,
		0.383416,
		-0.920919,
		0,
		0.108292,
		-0.049142,
		-0.59636,
		1
	},
	[0.816666666667] = {
		0.819854,
		-0.431876,
		-0.375928,
		0,
		-0.568725,
		-0.69022,
		-0.447379,
		0,
		-0.066261,
		0.580585,
		-0.811499,
		0,
		-0.002464,
		0.028134,
		-0.586579,
		1
	},
	[0.833333333333] = {
		0.81973,
		-0.432902,
		-0.375019,
		0,
		-0.568962,
		-0.690666,
		-0.446388,
		0,
		-0.065771,
		0.579289,
		-0.812464,
		0,
		-0.002307,
		0.027175,
		-0.586625,
		1
	},
	[0.85] = {
		0.819603,
		-0.433923,
		-0.374114,
		0,
		-0.569201,
		-0.691105,
		-0.445404,
		0,
		-0.065281,
		0.578,
		-0.813421,
		0,
		-0.00215,
		0.026222,
		-0.586668,
		1
	},
	[0.866666666667] = {
		0.819476,
		-0.434932,
		-0.37322,
		0,
		-0.569439,
		-0.691533,
		-0.444433,
		0,
		-0.064796,
		0.576728,
		-0.814363,
		0,
		-0.001995,
		0.025282,
		-0.58671,
		1
	},
	[0.883333333333] = {
		0.819349,
		-0.435922,
		-0.372342,
		0,
		-0.569675,
		-0.691949,
		-0.443483,
		0,
		-0.064318,
		0.575481,
		-0.815282,
		0,
		-0.001844,
		0.024363,
		-0.58675,
		1
	},
	[0.8] = {
		0.819976,
		-0.430854,
		-0.376835,
		0,
		-0.568493,
		-0.689768,
		-0.44837,
		0,
		-0.066747,
		0.581881,
		-0.810531,
		0,
		-0.002622,
		0.029093,
		-0.586531,
		1
	},
	[0.916666666667] = {
		0.819102,
		-0.437812,
		-0.370664,
		0,
		-0.570133,
		-0.69273,
		-0.441671,
		0,
		-0.063401,
		0.573102,
		-0.817028,
		0,
		-0.001555,
		0.02261,
		-0.586821,
		1
	},
	[0.933333333333] = {
		0.818985,
		-0.438697,
		-0.369876,
		0,
		-0.57035,
		-0.693091,
		-0.440824,
		0,
		-0.06297,
		0.571987,
		-0.817842,
		0,
		-0.00142,
		0.02179,
		-0.586852,
		1
	},
	[0.95] = {
		0.818872,
		-0.439533,
		-0.369132,
		0,
		-0.570556,
		-0.69343,
		-0.440024,
		0,
		-0.062562,
		0.570934,
		-0.818609,
		0,
		-0.001292,
		0.021016,
		-0.586881,
		1
	},
	[0.966666666667] = {
		0.818767,
		-0.440312,
		-0.368437,
		0,
		-0.570749,
		-0.693742,
		-0.43928,
		0,
		-0.06218,
		0.569953,
		-0.819321,
		0,
		-0.001174,
		0.020296,
		-0.586906,
		1
	},
	[0.983333333333] = {
		0.818669,
		-0.441027,
		-0.367799,
		0,
		-0.570928,
		-0.694027,
		-0.438597,
		0,
		-0.061829,
		0.569053,
		-0.819973,
		0,
		-0.001065,
		0.019635,
		-0.586929,
		1
	},
	[0.9] = {
		0.819224,
		-0.436884,
		-0.371488,
		0,
		-0.569907,
		-0.692349,
		-0.44256,
		0,
		-0.063852,
		0.57427,
		-0.816172,
		0,
		-0.001697,
		0.02347,
		-0.586787,
		1
	},
	[1.01666666667] = {
		0.818501,
		-0.442235,
		-0.36672,
		0,
		-0.571232,
		-0.694504,
		-0.437445,
		0,
		-0.061235,
		0.567531,
		-0.821071,
		0,
		-0.000881,
		0.01852,
		-0.586965,
		1
	},
	[1.03333333333] = {
		0.818434,
		-0.442714,
		-0.366292,
		0,
		-0.571353,
		-0.694691,
		-0.436989,
		0,
		-0.060999,
		0.566929,
		-0.821505,
		0,
		-0.000808,
		0.018079,
		-0.586979,
		1
	},
	[1.05] = {
		0.81838,
		-0.443099,
		-0.365947,
		0,
		-0.571451,
		-0.694841,
		-0.436623,
		0,
		-0.060808,
		0.566444,
		-0.821853,
		0,
		-0.000749,
		0.017724,
		-0.58699,
		1
	},
	[1.06666666667] = {
		0.81834,
		-0.443383,
		-0.365693,
		0,
		-0.571524,
		-0.694951,
		-0.436352,
		0,
		-0.060668,
		0.566087,
		-0.82211,
		0,
		-0.000706,
		0.017463,
		-0.586998,
		1
	},
	[1.08333333333] = {
		0.818315,
		-0.443559,
		-0.365536,
		0,
		-0.571569,
		-0.695019,
		-0.436185,
		0,
		-0.060581,
		0.565866,
		-0.822269,
		0,
		-0.000679,
		0.017301,
		-0.587003,
		1
	},
	{
		0.81858,
		-0.441671,
		-0.367225,
		0,
		-0.571089,
		-0.694282,
		-0.437983,
		0,
		-0.061513,
		0.568242,
		-0.820559,
		0,
		-0.000967,
		0.019041,
		-0.586949,
		1
	},
	[1.1] = {
		0.818306,
		-0.443619,
		-0.365482,
		0,
		-0.571584,
		-0.695042,
		-0.436128,
		0,
		-0.060551,
		0.56579,
		-0.822323,
		0,
		-0.00067,
		0.017245,
		-0.587004,
		1
	}
}

return spline_matrices
