local spline_matrices = {
	[0] = {
		0.911768,
		-0.253167,
		-0.323396,
		0,
		-0.410704,
		-0.56043,
		-0.719195,
		0,
		0.000835,
		0.788559,
		-0.614959,
		0,
		0.042099,
		-0.089505,
		-0.561088,
		1
	},
	{
		0.432483,
		0.042111,
		0.900658,
		0,
		0.653973,
		-0.702318,
		-0.281191,
		0,
		0.620707,
		0.710616,
		-0.33128,
		0,
		0.20062,
		0.077402,
		-0.440191,
		1
	},
	[0.0166666666667] = {
		0.957911,
		-0.180424,
		-0.223278,
		0,
		-0.285286,
		-0.511879,
		-0.810303,
		0,
		0.031907,
		0.839897,
		-0.541808,
		0,
		0.066466,
		-0.13567,
		-0.51695,
		1
	},
	[0.0333333333333] = {
		0.987382,
		-0.114465,
		-0.109425,
		0,
		-0.149649,
		-0.448535,
		-0.881148,
		0,
		0.05178,
		0.886405,
		-0.460005,
		0,
		0.091466,
		-0.176911,
		-0.475756,
		1
	},
	[0.05] = {
		0.998194,
		-0.058138,
		0.015146,
		0,
		-0.007604,
		-0.372327,
		-0.92807,
		0,
		0.059596,
		0.926279,
		-0.372097,
		0,
		0.117626,
		-0.20974,
		-0.44045,
		1
	},
	[0.0666666666667] = {
		0.989151,
		-0.013945,
		0.146242,
		0,
		0.136207,
		-0.285887,
		-0.948534,
		0,
		0.055036,
		0.958162,
		-0.280886,
		0,
		0.145495,
		-0.230503,
		-0.414098,
		1
	},
	[0.0833333333333] = {
		0.960192,
		0.016069,
		0.278879,
		0,
		0.276674,
		-0.192328,
		-0.941521,
		0,
		0.038507,
		0.981199,
		-0.189118,
		0,
		0.175671,
		-0.235427,
		-0.399995,
		1
	},
	[0.116666666667] = {
		0.829312,
		0.024541,
		0.558247,
		0,
		0.557743,
		0.024649,
		-0.829648,
		0,
		-0.034121,
		0.999395,
		0.006755,
		0,
		0.299617,
		-0.083947,
		-0.457288,
		1
	},
	[0.133333333333] = {
		0.74126,
		0.004601,
		0.671202,
		0,
		0.665888,
		0.120727,
		-0.736219,
		0,
		-0.08442,
		0.992675,
		0.086427,
		0,
		0.290672,
		0.166518,
		-0.381324,
		1
	},
	[0.15] = {
		0.668518,
		-0.01701,
		0.743501,
		0,
		0.733433,
		0.180595,
		-0.655334,
		0,
		-0.123125,
		0.98341,
		0.133207,
		0,
		0.25426,
		0.4286,
		-0.262797,
		1
	},
	[0.166666666667] = {
		0.710046,
		-0.014461,
		0.704007,
		0,
		0.697588,
		0.15068,
		-0.700476,
		0,
		-0.095951,
		0.988477,
		0.117077,
		0,
		0.156631,
		0.584492,
		-0.149991,
		1
	},
	[0.183333333333] = {
		0.749819,
		-0.007625,
		0.661599,
		0,
		0.658654,
		0.103533,
		-0.745289,
		0,
		-0.062814,
		0.994597,
		0.082653,
		0,
		0.064641,
		0.6737,
		-0.080462,
		1
	},
	[0.1] = {
		0.905718,
		0.02974,
		0.422836,
		0,
		0.423794,
		-0.083718,
		-0.901882,
		0,
		0.008577,
		0.996046,
		-0.088429,
		0,
		0.24512,
		-0.200041,
		-0.429208,
		1
	},
	[0.216666666667] = {
		0.664712,
		0.015804,
		0.746933,
		0,
		0.74213,
		0.101159,
		-0.662578,
		0,
		-0.08603,
		0.994745,
		0.055513,
		0,
		0.071603,
		0.652496,
		-0.070712,
		1
	},
	[0.233333333333] = {
		0.639385,
		0.009093,
		0.768833,
		0,
		0.764379,
		0.100603,
		-0.636871,
		0,
		-0.083138,
		0.994885,
		0.057373,
		0,
		0.067933,
		0.650271,
		-0.06867,
		1
	},
	[0.25] = {
		0.623745,
		-0.002885,
		0.781622,
		0,
		0.778008,
		0.098422,
		-0.620497,
		0,
		-0.075139,
		0.995141,
		0.063635,
		0,
		0.065015,
		0.650831,
		-0.067662,
		1
	},
	[0.266666666667] = {
		0.616962,
		-0.006353,
		0.786968,
		0,
		0.783647,
		0.09707,
		-0.613575,
		0,
		-0.072493,
		0.995257,
		0.064867,
		0,
		0.06606,
		0.652031,
		-0.068026,
		1
	},
	[0.283333333333] = {
		0.614201,
		-0.00376,
		0.78914,
		0,
		0.785535,
		0.098517,
		-0.610925,
		0,
		-0.075447,
		0.995128,
		0.063463,
		0,
		0.067362,
		0.654339,
		-0.069202,
		1
	},
	[0.2] = {
		0.714877,
		0.005555,
		0.699228,
		0,
		0.695524,
		0.097449,
		-0.711864,
		0,
		-0.072093,
		0.995225,
		0.0658,
		0,
		0.058797,
		0.673467,
		-0.075893,
		1
	},
	[0.316666666667] = {
		0.621997,
		-0.003126,
		0.783014,
		0,
		0.779436,
		0.098034,
		-0.618764,
		0,
		-0.074827,
		0.995178,
		0.063413,
		0,
		0.071722,
		0.659982,
		-0.074035,
		1
	},
	[0.333333333333] = {
		0.632652,
		-0.003037,
		0.774431,
		0,
		0.77095,
		0.097252,
		-0.629427,
		0,
		-0.073403,
		0.995255,
		0.063869,
		0,
		0.073982,
		0.66236,
		-0.077353,
		1
	},
	[0.35] = {
		0.645051,
		-0.001687,
		0.764138,
		0,
		0.760632,
		0.097123,
		-0.641877,
		0,
		-0.073132,
		0.995271,
		0.063933,
		0,
		0.075889,
		0.663171,
		-0.080553,
		1
	},
	[0.366666666667] = {
		0.663818,
		0.001023,
		0.747893,
		0,
		0.744313,
		0.096844,
		-0.660772,
		0,
		-0.073105,
		0.995299,
		0.063525,
		0,
		0.076104,
		0.663097,
		-0.083037,
		1
	},
	[0.383333333333] = {
		0.6671,
		0.002888,
		0.744962,
		0,
		0.741117,
		0.09897,
		-0.664041,
		0,
		-0.075647,
		0.995086,
		0.063883,
		0,
		0.078151,
		0.660655,
		-0.083729,
		1
	},
	[0.3] = {
		0.615201,
		-0.003025,
		0.788365,
		0,
		0.7847,
		0.098728,
		-0.611963,
		0,
		-0.075982,
		0.99511,
		0.063111,
		0,
		0.069411,
		0.656988,
		-0.071147,
		1
	},
	[0.416666666667] = {
		0.574719,
		0.001695,
		0.818349,
		0,
		0.812632,
		0.116832,
		-0.570946,
		0,
		-0.096577,
		0.99315,
		0.065768,
		0,
		0.093468,
		0.645625,
		-0.082778,
		1
	},
	[0.433333333333] = {
		0.527197,
		0.000242,
		0.849743,
		0,
		0.843,
		0.125578,
		-0.52305,
		0,
		-0.106836,
		0.992084,
		0.066,
		0,
		0.106893,
		0.633696,
		-0.085242,
		1
	},
	[0.45] = {
		0.500433,
		-0.000461,
		0.865775,
		0,
		0.857813,
		0.135572,
		-0.495759,
		0,
		-0.117146,
		0.990767,
		0.068241,
		0,
		0.124216,
		0.61957,
		-0.090024,
		1
	},
	[0.466666666667] = {
		0.482772,
		-0.000784,
		0.875746,
		0,
		0.866115,
		0.148326,
		-0.47733,
		0,
		-0.129522,
		0.988938,
		0.072287,
		0,
		0.143437,
		0.602495,
		-0.095695,
		1
	},
	[0.483333333333] = {
		0.470427,
		-0.001036,
		0.882438,
		0,
		0.871335,
		0.158689,
		-0.464321,
		0,
		-0.139553,
		0.987328,
		0.075554,
		0,
		0.163953,
		0.579565,
		-0.102423,
		1
	},
	[0.4] = {
		0.63087,
		0.0029,
		0.775883,
		0,
		0.771261,
		0.106712,
		-0.62751,
		0,
		-0.084616,
		0.994286,
		0.065085,
		0,
		0.084395,
		0.65446,
		-0.082894,
		1
	},
	[0.516666666667] = {
		0.445283,
		-0.003726,
		0.895382,
		0,
		0.88533,
		0.15131,
		-0.439654,
		0,
		-0.133842,
		0.988479,
		0.070674,
		0,
		0.206578,
		0.521487,
		-0.119853,
		1
	},
	[0.533333333333] = {
		0.42785,
		-0.006648,
		0.903825,
		0,
		0.897073,
		0.12535,
		-0.423731,
		0,
		-0.110477,
		0.99209,
		0.059595,
		0,
		0.228979,
		0.489737,
		-0.131023,
		1
	},
	[0.55] = {
		0.409948,
		-0.009639,
		0.912058,
		0,
		0.908991,
		0.086932,
		-0.407651,
		0,
		-0.075357,
		0.996168,
		0.044399,
		0,
		0.252748,
		0.456861,
		-0.143845,
		1
	},
	[0.566666666667] = {
		0.392331,
		-0.011715,
		0.919749,
		0,
		0.919249,
		0.040335,
		-0.391604,
		0,
		-0.032511,
		0.999118,
		0.026594,
		0,
		0.276505,
		0.423473,
		-0.158,
		1
	},
	[0.583333333333] = {
		0.375858,
		-0.012185,
		0.926597,
		0,
		0.926573,
		-0.010031,
		-0.375981,
		0,
		0.013876,
		0.999875,
		0.00752,
		0,
		0.298892,
		0.390223,
		-0.173183,
		1
	},
	[0.5] = {
		0.459332,
		-0.001845,
		0.888263,
		0,
		0.876749,
		0.161442,
		-0.453043,
		0,
		-0.142567,
		0.986881,
		0.075773,
		0,
		0.185188,
		0.551568,
		-0.110406,
		1
	},
	[0.616666666667] = {
		0.349048,
		-0.006983,
		0.937079,
		0,
		0.930715,
		-0.113992,
		-0.347527,
		0,
		0.109246,
		0.993457,
		-0.03329,
		0,
		0.337313,
		0.322559,
		-0.206334,
		1
	},
	[0.633333333333] = {
		0.338503,
		-0.001268,
		0.940964,
		0,
		0.926342,
		-0.175161,
		-0.333479,
		0,
		0.165243,
		0.984539,
		-0.058118,
		0,
		0.355605,
		0.283898,
		-0.225404,
		1
	},
	[0.65] = {
		0.330586,
		0.005525,
		0.94376,
		0,
		0.917679,
		-0.235414,
		-0.320072,
		0,
		0.220406,
		0.971879,
		-0.082895,
		0,
		0.371475,
		0.247095,
		-0.244734,
		1
	},
	[0.666666666667] = {
		0.325848,
		0.012162,
		0.945344,
		0,
		0.906708,
		-0.287232,
		-0.308835,
		0,
		0.267777,
		0.957784,
		-0.104622,
		0,
		0.382905,
		0.217529,
		-0.262877,
		1
	},
	[0.683333333333] = {
		0.324611,
		0.017271,
		0.94569,
		0,
		0.896711,
		-0.323689,
		-0.301887,
		0,
		0.300895,
		0.946006,
		-0.12056,
		0,
		0.387936,
		0.200638,
		-0.278411,
		1
	},
	[0.6] = {
		0.361456,
		-0.010698,
		0.932328,
		0,
		0.930481,
		-0.059805,
		-0.361426,
		0,
		0.059624,
		0.998153,
		-0.011662,
		0,
		0.318681,
		0.357794,
		-0.188997,
		1
	},
	[0.716666666667] = {
		0.327663,
		0.024463,
		0.944478,
		0,
		0.878749,
		-0.375087,
		-0.295145,
		0,
		0.347042,
		0.926667,
		-0.1444,
		0,
		0.386723,
		0.183823,
		-0.3062,
		1
	},
	[0.733333333333] = {
		0.332158,
		0.027119,
		0.942834,
		0,
		0.867974,
		-0.400027,
		-0.294279,
		0,
		0.369178,
		0.916102,
		-0.156411,
		0,
		0.383598,
		0.175847,
		-0.319993,
		1
	},
	[0.75] = {
		0.336923,
		0.029584,
		0.941067,
		0,
		0.856729,
		-0.424188,
		-0.293394,
		0,
		0.390509,
		0.905091,
		-0.168264,
		0,
		0.378985,
		0.168147,
		-0.333301,
		1
	},
	[0.766666666667] = {
		0.341946,
		0.03185,
		0.93918,
		0,
		0.84505,
		-0.447589,
		-0.292496,
		0,
		0.411051,
		0.893672,
		-0.179967,
		0,
		0.372988,
		0.160703,
		-0.345855,
		1
	},
	[0.783333333333] = {
		0.347214,
		0.03391,
		0.937173,
		0,
		0.832968,
		-0.470254,
		-0.291592,
		0,
		0.430821,
		0.881879,
		-0.191525,
		0,
		0.365709,
		0.153497,
		-0.35739,
		1
	},
	[0.7] = {
		0.32565,
		0.021035,
		0.945256,
		0,
		0.888094,
		-0.349832,
		-0.298172,
		0,
		0.324409,
		0.936576,
		-0.132604,
		0,
		0.388211,
		0.192069,
		-0.29228,
		1
	},
	[0.816666666667] = {
		0.358439,
		0.037375,
		0.932805,
		0,
		0.807698,
		-0.513464,
		-0.289793,
		0,
		0.46813,
		0.857297,
		-0.214233,
		0,
		0.347717,
		0.139718,
		-0.376334,
		1
	},
	[0.833333333333] = {
		0.364373,
		0.038766,
		0.930446,
		0,
		0.794554,
		-0.534057,
		-0.288905,
		0,
		0.485712,
		0.844559,
		-0.225397,
		0,
		0.33721,
		0.133112,
		-0.38321,
		1
	},
	[0.85] = {
		0.370505,
		0.039919,
		0.927972,
		0,
		0.781096,
		-0.55401,
		-0.288031,
		0,
		0.502608,
		0.831553,
		-0.236444,
		0,
		0.325836,
		0.126676,
		-0.389074,
		1
	},
	[0.866666666667] = {
		0.376822,
		0.040861,
		0.925384,
		0,
		0.767389,
		-0.573277,
		-0.287172,
		0,
		0.518767,
		0.818342,
		-0.24738,
		0,
		0.31369,
		0.120431,
		-0.394908,
		1
	},
	[0.883333333333] = {
		0.383308,
		0.041628,
		0.922682,
		0,
		0.75351,
		-0.59181,
		-0.286329,
		0,
		0.534133,
		0.805002,
		-0.258212,
		0,
		0.300863,
		0.114395,
		-0.40071,
		1
	},
	[0.8] = {
		0.352716,
		0.035754,
		0.935047,
		0,
		0.820509,
		-0.492204,
		-0.29069,
		0,
		0.449841,
		0.869745,
		-0.202944,
		0,
		0.357251,
		0.146508,
		-0.367638,
		1
	},
	[0.916666666667] = {
		0.396738,
		0.042651,
		0.91694,
		0,
		0.725362,
		-0.626737,
		-0.284694,
		0,
		0.562538,
		0.778063,
		-0.279588,
		0,
		0.273577,
		0.102916,
		-0.412206,
		1
	},
	[0.933333333333] = {
		0.40366,
		0.042911,
		0.913902,
		0,
		0.711151,
		-0.643164,
		-0.283908,
		0,
		0.575606,
		0.764525,
		-0.290136,
		0,
		0.259323,
		0.097456,
		-0.417895,
		1
	},
	[0.95] = {
		0.410705,
		0.042992,
		0.910754,
		0,
		0.696884,
		-0.65892,
		-0.283157,
		0,
		0.58794,
		0.750984,
		-0.300582,
		0,
		0.244798,
		0.09218,
		-0.423541,
		1
	},
	[0.966666666667] = {
		0.417864,
		0.042888,
		0.907497,
		0,
		0.682584,
		-0.67402,
		-0.282448,
		0,
		0.599557,
		0.737467,
		-0.310923,
		0,
		0.230104,
		0.087082,
		-0.42914,
		1
	},
	[0.983333333333] = {
		0.425127,
		0.042596,
		0.904131,
		0,
		0.668274,
		-0.68848,
		-0.28179,
		0,
		0.610473,
		0.724003,
		-0.321157,
		0,
		0.215344,
		0.082157,
		-0.434691,
		1
	},
	[0.9] = {
		0.38995,
		0.042222,
		0.919867,
		0,
		0.739491,
		-0.609624,
		-0.285503,
		0,
		0.548718,
		0.791566,
		-0.268946,
		0,
		0.287458,
		0.10856,
		-0.406476,
		1
	},
	[1.01666666667] = {
		0.439925,
		0.041431,
		0.897078,
		0,
		0.639701,
		-0.715551,
		-0.280661,
		0,
		0.630277,
		0.697331,
		-0.341292,
		0,
		0.186035,
		0.072811,
		-0.44564,
		1
	},
	[1.03333333333] = {
		0.447444,
		0.040552,
		0.893392,
		0,
		0.625474,
		-0.728194,
		-0.280207,
		0,
		0.6392,
		0.684171,
		-0.35119,
		0,
		0.171691,
		0.068379,
		-0.451035,
		1
	},
	[1.05] = {
		0.455031,
		0.039471,
		0.8896,
		0,
		0.611308,
		-0.740265,
		-0.279839,
		0,
		0.647494,
		0.671156,
		-0.360973,
		0,
		0.157691,
		0.064103,
		-0.456375,
		1
	},
	[1.06666666667] = {
		0.462679,
		0.038187,
		0.885703,
		0,
		0.597218,
		-0.75178,
		-0.279565,
		0,
		0.655178,
		0.658307,
		-0.370639,
		0,
		0.144136,
		0.059976,
		-0.46166,
		1
	},
	[1.08333333333] = {
		0.470381,
		0.036697,
		0.8817,
		0,
		0.583215,
		-0.762757,
		-0.279395,
		0,
		0.66227,
		0.645643,
		-0.380189,
		0,
		0.13113,
		0.055994,
		-0.466889,
		1
	},
	[1.11666666667] = {
		0.485917,
		0.033094,
		0.873378,
		0,
		0.555519,
		-0.783158,
		-0.279396,
		0,
		0.674747,
		0.620942,
		-0.398934,
		0,
		0.107172,
		0.048445,
		-0.477175,
		1
	},
	[1.13333333333] = {
		0.493738,
		0.030977,
		0.869059,
		0,
		0.541845,
		-0.792614,
		-0.279586,
		0,
		0.680167,
		0.608937,
		-0.408128,
		0,
		0.096424,
		0.044869,
		-0.482231,
		1
	},
	[1.15] = {
		0.501587,
		0.02865,
		0.864633,
		0,
		0.528297,
		-0.801593,
		-0.279912,
		0,
		0.685064,
		0.597183,
		-0.417204,
		0,
		0.086633,
		0.041418,
		-0.487229,
		1
	},
	[1.16666666667] = {
		0.509457,
		0.026111,
		0.8601,
		0,
		0.514884,
		-0.810111,
		-0.280384,
		0,
		0.689455,
		0.585695,
		-0.426161,
		0,
		0.077902,
		0.038087,
		-0.492169,
		1
	},
	[1.18333333333] = {
		0.517344,
		0.02336,
		0.855458,
		0,
		0.501611,
		-0.818181,
		-0.28101,
		0,
		0.693355,
		0.574487,
		-0.434999,
		0,
		0.070332,
		0.034872,
		-0.497049,
		1
	},
	[1.1] = {
		0.478129,
		0.035,
		0.877592,
		0,
		0.569312,
		-0.773211,
		-0.279335,
		0,
		0.668787,
		0.633182,
		-0.38962,
		0,
		0.118775,
		0.052152,
		-0.47206,
		1
	},
	[1.21666666667] = {
		0.533147,
		0.017223,
		0.845847,
		0,
		0.475508,
		-0.833032,
		-0.282756,
		0,
		0.699747,
		0.552957,
		-0.452318,
		0,
		0.058463,
		0.028784,
		-0.506632,
		1
	},
	[1.2] = {
		0.525243,
		0.020398,
		0.850708,
		0,
		0.488484,
		-0.825817,
		-0.281798,
		0,
		0.696781,
		0.56357,
		-0.443718,
		0,
		0.064026,
		0.031769,
		-0.501871,
		1
	}
}

return spline_matrices
