-- chunkname: @content/characters/player/human/first_person/animations/power_sword/swing_right_up.lua

local spline_matrices = {
	[0.03333333333333333] = {
		-0.318118,
		0.915111,
		0.247734,
		0,
		0.70538,
		0.403059,
		-0.58308,
		0,
		-0.633434,
		-0.010741,
		-0.773722,
		0,
		-0.212578,
		0.239,
		-0.659178,
		1,
	},
	[0.06666666666666667] = {
		-0.533942,
		0.81439,
		0.227323,
		0,
		0.570593,
		0.545465,
		-0.613915,
		0,
		-0.623963,
		-0.198086,
		-0.755931,
		0,
		-0.2465,
		0.254227,
		-0.658846,
		1,
	},
	[0] = {
		-0.205236,
		0.94566,
		0.252201,
		0,
		0.753192,
		0.317158,
		-0.576292,
		0,
		-0.624964,
		0.07168,
		-0.777356,
		0,
		-0.19781,
		0.229314,
		-0.659483,
		1,
	},
	[0.13333333333333333] = {
		-0.863655,
		0.450044,
		0.227068,
		0,
		0.209946,
		0.730672,
		-0.649647,
		0,
		-0.458282,
		-0.513399,
		-0.725534,
		0,
		-0.298476,
		0.29396,
		-0.656753,
		1,
	},
	[0.16666666666666666] = {
		-0.943614,
		0.205688,
		0.259394,
		0,
		0.013159,
		0.80624,
		-0.591442,
		0,
		-0.330786,
		-0.554679,
		-0.763486,
		0,
		-0.304146,
		0.334561,
		-0.655792,
		1,
	},
	[0.1] = {
		-0.722287,
		0.65726,
		0.215201,
		0,
		0.399421,
		0.650464,
		-0.646034,
		0,
		-0.564593,
		-0.380666,
		-0.732345,
		0,
		-0.277485,
		0.269779,
		-0.657749,
		1,
	},
	[0.23333333333333334] = {
		-0.877503,
		-0.275868,
		0.392283,
		0,
		-0.24985,
		0.961184,
		0.117048,
		0,
		-0.409346,
		0.004698,
		-0.912367,
		0,
		-0.281199,
		0.601361,
		-0.541738,
		1,
	},
	[0.26666666666666666] = {
		-0.866025,
		-0.275077,
		0.417533,
		0,
		0.203628,
		0.568641,
		0.796984,
		0,
		-0.456658,
		0.775229,
		-0.436444,
		0,
		-0.042016,
		0.827355,
		-0.174141,
		1,
	},
	[0.2] = {
		-0.956885,
		-0.132817,
		0.258322,
		0,
		-0.236888,
		0.871487,
		-0.429411,
		0,
		-0.168091,
		-0.472091,
		-0.865376,
		0,
		-0.298005,
		0.419428,
		-0.607852,
		1,
	},
	[0.3333333333333333] = {
		-0.923519,
		0.012412,
		0.383353,
		0,
		0.341647,
		-0.42765,
		0.836894,
		0,
		0.174329,
		0.903859,
		0.390702,
		0,
		0.308237,
		0.386311,
		0.370349,
		1,
	},
	[0.36666666666666664] = {
		-0.878833,
		-0.05965,
		0.473386,
		0,
		0.371673,
		-0.70772,
		0.600826,
		0,
		0.299185,
		0.703971,
		0.644138,
		0,
		0.429828,
		0.091247,
		0.343585,
		1,
	},
	[0.3] = {
		-0.934676,
		-0.070106,
		0.34852,
		0,
		0.352352,
		-0.05247,
		0.934396,
		0,
		-0.04722,
		0.996159,
		0.073744,
		0,
		0.171644,
		0.655482,
		0.146535,
		1,
	},
	[0.43333333333333335] = {
		-0.336146,
		-0.253325,
		0.907101,
		0,
		0.312639,
		-0.938545,
		-0.146251,
		0,
		0.888404,
		0.234434,
		0.394688,
		0,
		0.475714,
		-0.254894,
		-0.055374,
		1,
	},
	[0.4666666666666667] = {
		0.056024,
		-0.393831,
		0.917474,
		0,
		0.080734,
		-0.914121,
		-0.397322,
		0,
		0.99516,
		0.096331,
		-0.019417,
		0,
		0.436072,
		-0.252821,
		-0.273655,
		1,
	},
	[0.4] = {
		-0.682253,
		-0.124798,
		0.720387,
		0,
		0.412737,
		-0.879042,
		0.238606,
		0,
		0.603473,
		0.46012,
		0.651238,
		0,
		0.477747,
		-0.118366,
		0.175494,
		1,
	},
	[0.5333333333333333] = {
		0.697868,
		-0.610992,
		0.373722,
		0,
		-0.474971,
		-0.785351,
		-0.397022,
		0,
		0.536081,
		0.099562,
		-0.838275,
		0,
		0.148251,
		0.027088,
		-0.616577,
		1,
	},
	[0.5666666666666667] = {
		0.741442,
		-0.645174,
		0.184433,
		0,
		-0.572587,
		-0.751623,
		-0.327424,
		0,
		0.349869,
		0.137162,
		-0.926703,
		0,
		0.077928,
		0.074831,
		-0.672937,
		1,
	},
	[0.5] = {
		0.492748,
		-0.530129,
		0.690045,
		0,
		-0.248812,
		-0.845726,
		-0.47206,
		0,
		0.833842,
		0.060915,
		-0.548632,
		0,
		0.284453,
		-0.101535,
		-0.486487,
		1,
	},
	[0.6333333333333333] = {
		0.743747,
		-0.668336,
		-0.012966,
		0,
		-0.650872,
		-0.71962,
		-0.241894,
		0,
		0.152336,
		0.188346,
		-0.970216,
		0,
		-0.006057,
		0.091804,
		-0.696865,
		1,
	},
	[0.6666666666666666] = {
		0.737711,
		-0.672919,
		-0.054424,
		0,
		-0.66585,
		-0.711907,
		-0.223231,
		0,
		0.111472,
		0.200918,
		-0.973245,
		0,
		-0.026824,
		0.073573,
		-0.681393,
		1,
	},
	[0.6] = {
		0.747984,
		-0.660888,
		0.061214,
		0,
		-0.623846,
		-0.731539,
		-0.275078,
		0,
		0.226576,
		0.167565,
		-0.959471,
		0,
		0.027639,
		0.094531,
		-0.696735,
		1,
	},
	[0.7333333333333333] = {
		0.724076,
		-0.683178,
		-0.094768,
		0,
		-0.685699,
		-0.698213,
		-0.205707,
		0,
		0.074366,
		0.21393,
		-0.974014,
		0,
		-0.040304,
		0.01874,
		-0.632434,
		1,
	},
	[0.7666666666666667] = {
		0.713425,
		-0.690271,
		-0.12063,
		0,
		-0.698862,
		-0.688333,
		-0.194396,
		0,
		0.051153,
		0.22299,
		-0.973478,
		0,
		-0.037518,
		-0.003562,
		-0.612874,
		1,
	},
	[0.7] = {
		0.73149,
		-0.677465,
		-0.077224,
		0,
		-0.675894,
		-0.705493,
		-0.213185,
		0,
		0.089944,
		0.208138,
		-0.973955,
		0,
		-0.03745,
		0.046831,
		-0.657572,
		1,
	},
	[0.8333333333333334] = {
		0.699541,
		-0.696518,
		-0.159705,
		0,
		-0.714435,
		-0.676997,
		-0.176799,
		0,
		0.015024,
		0.237777,
		-0.971204,
		0,
		-0.020777,
		-0.02354,
		-0.59566,
		1,
	},
	[0.8666666666666667] = {
		0.699541,
		-0.696518,
		-0.159705,
		0,
		-0.714435,
		-0.676997,
		-0.176799,
		0,
		0.015024,
		0.237777,
		-0.971204,
		0,
		-0.010757,
		-0.032737,
		-0.587663,
		1,
	},
	[0.8] = {
		0.699541,
		-0.696518,
		-0.159705,
		0,
		-0.714435,
		-0.676997,
		-0.176799,
		0,
		0.015024,
		0.237777,
		-0.971204,
		0,
		-0.030796,
		-0.014344,
		-0.603657,
		1,
	},
	[0.9333333333333333] = {
		0.699541,
		-0.696518,
		-0.159705,
		0,
		-0.714435,
		-0.676997,
		-0.176799,
		0,
		0.015024,
		0.237777,
		-0.971204,
		0,
		0.008023,
		-0.049974,
		-0.572674,
		1,
	},
	[0.9666666666666667] = {
		0.699541,
		-0.696518,
		-0.159705,
		0,
		-0.714435,
		-0.676997,
		-0.176799,
		0,
		0.015024,
		0.237777,
		-0.971204,
		0,
		0.016154,
		-0.057437,
		-0.566185,
		1,
	},
	[0.9] = {
		0.699541,
		-0.696518,
		-0.159705,
		0,
		-0.714435,
		-0.676997,
		-0.176799,
		0,
		0.015024,
		0.237777,
		-0.971204,
		0,
		-0.001052,
		-0.041644,
		-0.579918,
		1,
	},
	[1.0333333333333334] = {
		0.699541,
		-0.696518,
		-0.159705,
		0,
		-0.714435,
		-0.676997,
		-0.176799,
		0,
		0.015024,
		0.237777,
		-0.971204,
		0,
		0.028325,
		-0.068608,
		-0.556471,
		1,
	},
	[1.0666666666666667] = {
		0.699541,
		-0.696518,
		-0.159705,
		0,
		-0.714435,
		-0.676997,
		-0.176799,
		0,
		0.015024,
		0.237777,
		-0.971204,
		0,
		0.031735,
		-0.071737,
		-0.55375,
		1,
	},
	{
		0.699541,
		-0.696518,
		-0.159705,
		0,
		-0.714435,
		-0.676997,
		-0.176799,
		0,
		0.015024,
		0.237777,
		-0.971204,
		0,
		0.023026,
		-0.063745,
		-0.5607,
		1,
	},
	[1.1] = {
		0.699541,
		-0.696518,
		-0.159705,
		0,
		-0.714435,
		-0.676997,
		-0.176799,
		0,
		0.015024,
		0.237777,
		-0.971204,
		0,
		0.032941,
		-0.072845,
		-0.552787,
		1,
	},
}

return spline_matrices
