-- chunkname: @content/characters/player/human/first_person/animations/power_sword/swing_right_up.lua

local spline_matrices = {
	[0.0166666666667] = {
		-0.318118,
		0.915111,
		0.247734,
		0,
		0.70538,
		0.403059,
		-0.58308,
		0,
		-0.633434,
		-0.010741,
		-0.773722,
		0,
		-0.21224,
		0.238821,
		-0.658781,
		1,
	},
	[0.0333333333333] = {
		-0.428278,
		0.871719,
		0.238084,
		0,
		0.643749,
		0.479221,
		-0.596603,
		0,
		-0.634165,
		-0.102245,
		-0.766408,
		0,
		-0.228689,
		0.246702,
		-0.658343,
		1,
	},
	[0.05] = {
		-0.533942,
		0.81439,
		0.227323,
		0,
		0.570593,
		0.545465,
		-0.613915,
		0,
		-0.623963,
		-0.198086,
		-0.755931,
		0,
		-0.245673,
		0.253763,
		-0.657882,
		1,
	},
	[0.0666666666667] = {
		-0.632798,
		0.742746,
		0.218849,
		0,
		0.488337,
		0.602153,
		-0.631616,
		0,
		-0.600911,
		-0.292814,
		-0.743752,
		0,
		-0.262032,
		0.260973,
		-0.657386,
		1,
	},
	[0.0833333333333] = {
		-0.722287,
		0.65726,
		0.215201,
		0,
		0.399421,
		0.650464,
		-0.646034,
		0,
		-0.564593,
		-0.380666,
		-0.732345,
		0,
		-0.276743,
		0.269338,
		-0.656882,
		1,
	},
	[0] = {
		-0.205236,
		0.94566,
		0.252201,
		0,
		0.753192,
		0.317158,
		-0.576292,
		0,
		-0.624964,
		0.07168,
		-0.777356,
		0,
		-0.19761,
		0.229213,
		-0.659247,
		1,
	},
	[0.116666666667] = {
		-0.863655,
		0.450044,
		0.227068,
		0,
		0.209946,
		0.730672,
		-0.649647,
		0,
		-0.458282,
		-0.513399,
		-0.725534,
		0,
		-0.297884,
		0.293565,
		-0.656063,
		1,
	},
	[0.133333333333] = {
		-0.911885,
		0.331698,
		0.241747,
		0,
		0.112152,
		0.767937,
		-0.630631,
		0,
		-0.394826,
		-0.547951,
		-0.737471,
		0,
		-0.302986,
		0.311379,
		-0.655763,
		1,
	},
	[0.15] = {
		-0.943614,
		0.205688,
		0.259394,
		0,
		0.013159,
		0.80624,
		-0.591442,
		0,
		-0.330786,
		-0.554679,
		-0.763486,
		0,
		-0.303754,
		0.334237,
		-0.655346,
		1,
	},
	[0.166666666667] = {
		-0.963727,
		0.042544,
		0.263476,
		0,
		-0.107832,
		0.840977,
		-0.530217,
		0,
		-0.244134,
		-0.539396,
		-0.805885,
		0,
		-0.301022,
		0.367859,
		-0.640444,
		1,
	},
	[0.183333333333] = {
		-0.956885,
		-0.132817,
		0.258322,
		0,
		-0.236888,
		0.871487,
		-0.429411,
		0,
		-0.168091,
		-0.472091,
		-0.865376,
		0,
		-0.297798,
		0.419176,
		-0.607687,
		1,
	},
	[0.1] = {
		-0.799936,
		0.559143,
		0.217857,
		0,
		0.306055,
		0.692423,
		-0.653361,
		0,
		-0.516172,
		-0.455971,
		-0.725022,
		0,
		-0.288937,
		0.279871,
		-0.656427,
		1,
	},
	[0.216666666667] = {
		-0.877503,
		-0.275868,
		0.392283,
		0,
		-0.24985,
		0.961184,
		0.117048,
		0,
		-0.409346,
		0.004698,
		-0.912367,
		0,
		-0.28084,
		0.600696,
		-0.541549,
		1,
	},
	[0.233333333333] = {
		-0.821949,
		-0.305172,
		0.480905,
		0,
		-0.024659,
		0.86262,
		0.505252,
		0,
		-0.569027,
		0.403433,
		-0.716555,
		0,
		-0.216847,
		0.723943,
		-0.466238,
		1,
	},
	[0.25] = {
		-0.866025,
		-0.275077,
		0.417533,
		0,
		0.203628,
		0.568641,
		0.796984,
		0,
		-0.456658,
		0.775229,
		-0.436444,
		0,
		-0.041639,
		0.826178,
		-0.174322,
		1,
	},
	[0.266666666667] = {
		-0.930707,
		-0.184547,
		0.315796,
		0,
		0.278874,
		0.20063,
		0.939136,
		0,
		-0.236673,
		0.962128,
		-0.135263,
		0,
		0.085389,
		0.765774,
		0.006726,
		1,
	},
	[0.283333333333] = {
		-0.934676,
		-0.070106,
		0.34852,
		0,
		0.352352,
		-0.05247,
		0.934396,
		0,
		-0.04722,
		0.996159,
		0.073744,
		0,
		0.171716,
		0.654951,
		0.146263,
		1,
	},
	[0.2] = {
		-0.928736,
		-0.246956,
		0.276518,
		0,
		-0.316248,
		0.916961,
		-0.243248,
		0,
		-0.193485,
		-0.313362,
		-0.929714,
		0,
		-0.29595,
		0.490328,
		-0.571639,
		1,
	},
	[0.316666666667] = {
		-0.923519,
		0.012412,
		0.383353,
		0,
		0.341647,
		-0.42765,
		0.836894,
		0,
		0.174329,
		0.903859,
		0.390702,
		0,
		0.308157,
		0.385854,
		0.369783,
		1,
	},
	[0.333333333333] = {
		-0.909692,
		-0.01877,
		0.414859,
		0,
		0.346802,
		-0.583878,
		0.73404,
		0,
		0.228449,
		0.811625,
		0.537658,
		0,
		0.374889,
		0.23064,
		0.371643,
		1,
	},
	[0.35] = {
		-0.878833,
		-0.05965,
		0.473386,
		0,
		0.371673,
		-0.70772,
		0.600826,
		0,
		0.299185,
		0.703971,
		0.644138,
		0,
		0.429555,
		0.090933,
		0.343168,
		1,
	},
	[0.366666666667] = {
		-0.803558,
		-0.084005,
		0.589268,
		0,
		0.403081,
		-0.805242,
		0.434869,
		0,
		0.437972,
		0.586965,
		0.68092,
		0,
		0.460827,
		-0.018944,
		0.272465,
		1,
	},
	[0.383333333333] = {
		-0.682253,
		-0.124798,
		0.720387,
		0,
		0.412737,
		-0.879042,
		0.238606,
		0,
		0.603473,
		0.46012,
		0.651238,
		0,
		0.477325,
		-0.118672,
		0.175254,
		1,
	},
	[0.3] = {
		-0.931635,
		-0.011375,
		0.363219,
		0,
		0.353896,
		-0.25545,
		0.899724,
		0,
		0.08255,
		0.966755,
		0.242012,
		0,
		0.243326,
		0.524825,
		0.287464,
		1,
	},
	[0.416666666667] = {
		-0.336146,
		-0.253325,
		0.907101,
		0,
		0.312639,
		-0.938545,
		-0.146251,
		0,
		0.888404,
		0.234434,
		0.394688,
		0,
		0.475701,
		-0.254895,
		-0.055375,
		1,
	},
	[0.433333333333] = {
		-0.149952,
		-0.324243,
		0.934013,
		0,
		0.21164,
		-0.933324,
		-0.290026,
		0,
		0.965776,
		0.154185,
		0.208577,
		0,
		0.467047,
		-0.277251,
		-0.165077,
		1,
	},
	[0.45] = {
		0.056024,
		-0.393831,
		0.917474,
		0,
		0.080734,
		-0.914121,
		-0.397322,
		0,
		0.99516,
		0.096331,
		-0.019417,
		0,
		0.436073,
		-0.252821,
		-0.273656,
		1,
	},
	[0.466666666667] = {
		0.286951,
		-0.465012,
		0.83751,
		0,
		-0.081562,
		-0.882962,
		-0.462304,
		0,
		0.954467,
		0.064349,
		-0.291294,
		0,
		0.369164,
		-0.186495,
		-0.385518,
		1,
	},
	[0.483333333333] = {
		0.492748,
		-0.530129,
		0.690045,
		0,
		-0.248812,
		-0.845726,
		-0.47206,
		0,
		0.833842,
		0.060915,
		-0.548632,
		0,
		0.284453,
		-0.101535,
		-0.486487,
		1,
	},
	[0.4] = {
		-0.520564,
		-0.183515,
		0.833868,
		0,
		0.383145,
		-0.922984,
		0.036061,
		0,
		0.763029,
		0.338264,
		0.550785,
		0,
		0.481049,
		-0.199855,
		0.062007,
		1,
	},
	[0.516666666667] = {
		0.697868,
		-0.610992,
		0.373722,
		0,
		-0.474971,
		-0.785351,
		-0.397022,
		0,
		0.536081,
		0.099562,
		-0.838275,
		0,
		0.148251,
		0.027088,
		-0.616577,
		1,
	},
	[0.533333333333] = {
		0.727042,
		-0.63128,
		0.26999,
		0,
		-0.53148,
		-0.766401,
		-0.360773,
		0,
		0.43467,
		0.118803,
		-0.892719,
		0,
		0.110426,
		0.054721,
		-0.649446,
		1,
	},
	[0.55] = {
		0.741442,
		-0.645174,
		0.184433,
		0,
		-0.572587,
		-0.751623,
		-0.327424,
		0,
		0.349869,
		0.137162,
		-0.926703,
		0,
		0.077928,
		0.074831,
		-0.672937,
		1,
	},
	[0.566666666667] = {
		0.747124,
		-0.65456,
		0.115571,
		0,
		-0.602331,
		-0.740251,
		-0.298707,
		0,
		0.281073,
		0.153559,
		-0.947321,
		0,
		0.050127,
		0.088196,
		-0.688598,
		1,
	},
	[0.583333333333] = {
		0.747984,
		-0.660888,
		0.061214,
		0,
		-0.623846,
		-0.731539,
		-0.275077,
		0,
		0.226576,
		0.167565,
		-0.959471,
		0,
		0.026424,
		0.09563,
		-0.697703,
		1,
	},
	[0.5] = {
		0.631702,
		-0.579614,
		0.514782,
		0,
		-0.386632,
		-0.811131,
		-0.438841,
		0,
		0.671914,
		0.078185,
		-0.736491,
		0,
		0.203671,
		-0.022248,
		-0.56553,
		1,
	},
	[0.616666666667] = {
		0.743747,
		-0.668336,
		-0.012965,
		0,
		-0.650872,
		-0.71962,
		-0.241894,
		0,
		0.152336,
		0.188346,
		-0.970216,
		0,
		-0.010697,
		0.096018,
		-0.700558,
		1,
	},
	[0.633333333333] = {
		0.740753,
		-0.670764,
		-0.036872,
		0,
		-0.659345,
		-0.715438,
		-0.231112,
		0,
		0.128642,
		0.195508,
		-0.972228,
		0,
		-0.024943,
		0.090633,
		-0.696239,
		1,
	},
	[0.65] = {
		0.737711,
		-0.672919,
		-0.054424,
		0,
		-0.66585,
		-0.711907,
		-0.223231,
		0,
		0.111472,
		0.200918,
		-0.973245,
		0,
		-0.036765,
		0.082634,
		-0.689292,
		1,
	},
	[0.666666666667] = {
		0.734654,
		-0.675094,
		-0.067318,
		0,
		-0.671161,
		-0.708686,
		-0.217503,
		0,
		0.099128,
		0.20497,
		-0.973735,
		0,
		-0.046452,
		0.07287,
		-0.680583,
		1,
	},
	[0.683333333333] = {
		0.73149,
		-0.677465,
		-0.077224,
		0,
		-0.675894,
		-0.705493,
		-0.213185,
		0,
		0.089944,
		0.208138,
		-0.973955,
		0,
		-0.054266,
		0.062205,
		-0.670959,
		1,
	},
	[0.6] = {
		0.7464,
		-0.665224,
		0.019081,
		0,
		-0.639458,
		-0.724841,
		-0.25632,
		0,
		0.184341,
		0.179115,
		-0.966404,
		0,
		0.006299,
		0.09796,
		-0.701357,
		1,
	},
	[0.716666666667] = {
		0.724076,
		-0.683178,
		-0.094768,
		0,
		-0.685699,
		-0.698213,
		-0.205707,
		0,
		0.074366,
		0.21393,
		-0.974014,
		0,
		-0.065244,
		0.04159,
		-0.652315,
		1,
	},
	[0.733333333333] = {
		0.719319,
		-0.686575,
		-0.10581,
		0,
		-0.691673,
		-0.693691,
		-0.200952,
		0,
		0.064569,
		0.217734,
		-0.97387,
		0,
		-0.068862,
		0.033352,
		-0.644956,
		1,
	},
	[0.75] = {
		0.713425,
		-0.690271,
		-0.12063,
		0,
		-0.698862,
		-0.688333,
		-0.194396,
		0,
		0.051152,
		0.22299,
		-0.973478,
		0,
		-0.071519,
		0.027632,
		-0.640002,
		1,
	},
	[0.766666666667] = {
		0.705939,
		-0.694132,
		-0.140824,
		0,
		-0.707528,
		-0.682,
		-0.185152,
		0,
		0.032478,
		0.230343,
		-0.972567,
		0,
		-0.07342,
		0.025279,
		-0.63827,
		1,
	},
	[0.783333333333] = {
		0.699541,
		-0.696518,
		-0.159705,
		0,
		-0.714435,
		-0.676997,
		-0.176799,
		0,
		0.015024,
		0.237777,
		-0.971204,
		0,
		-0.074494,
		0.025765,
		-0.638534,
		1,
	},
	[0.7] = {
		0.728041,
		-0.680142,
		-0.08581,
		0,
		-0.680581,
		-0.702078,
		-0.209514,
		0,
		0.082254,
		0.210935,
		-0.974033,
		0,
		-0.060453,
		0.051493,
		-0.661259,
		1,
	},
	[0.816666666667] = {
		0.699541,
		-0.696518,
		-0.159705,
		0,
		-0.714435,
		-0.676997,
		-0.176799,
		0,
		0.015024,
		0.237777,
		-0.971204,
		0,
		-0.074494,
		0.025765,
		-0.638534,
		1,
	},
	[0.833333333333] = {
		0.699541,
		-0.696518,
		-0.159705,
		0,
		-0.714435,
		-0.676997,
		-0.176799,
		0,
		0.015024,
		0.237777,
		-0.971204,
		0,
		-0.074494,
		0.025765,
		-0.638534,
		1,
	},
	[0.85] = {
		0.699541,
		-0.696518,
		-0.159705,
		0,
		-0.714435,
		-0.676997,
		-0.176799,
		0,
		0.015024,
		0.237777,
		-0.971204,
		0,
		-0.074494,
		0.025765,
		-0.638534,
		1,
	},
	[0.866666666667] = {
		0.699541,
		-0.696518,
		-0.159705,
		0,
		-0.714435,
		-0.676997,
		-0.176799,
		0,
		0.015024,
		0.237777,
		-0.971204,
		0,
		-0.074494,
		0.025765,
		-0.638534,
		1,
	},
	[0.883333333333] = {
		0.699541,
		-0.696518,
		-0.159705,
		0,
		-0.714435,
		-0.676997,
		-0.176799,
		0,
		0.015024,
		0.237777,
		-0.971204,
		0,
		-0.074494,
		0.025765,
		-0.638534,
		1,
	},
	[0.8] = {
		0.699541,
		-0.696518,
		-0.159705,
		0,
		-0.714435,
		-0.676997,
		-0.176799,
		0,
		0.015024,
		0.237777,
		-0.971204,
		0,
		-0.074494,
		0.025765,
		-0.638534,
		1,
	},
	[0.916666666667] = {
		0.699541,
		-0.696518,
		-0.159705,
		0,
		-0.714435,
		-0.676997,
		-0.176799,
		0,
		0.015024,
		0.237777,
		-0.971204,
		0,
		-0.074494,
		0.025765,
		-0.638534,
		1,
	},
	[0.933333333333] = {
		0.699541,
		-0.696518,
		-0.159705,
		0,
		-0.714435,
		-0.676997,
		-0.176799,
		0,
		0.015024,
		0.237777,
		-0.971204,
		0,
		-0.074494,
		0.025765,
		-0.638534,
		1,
	},
	[0.95] = {
		0.699541,
		-0.696518,
		-0.159705,
		0,
		-0.714435,
		-0.676997,
		-0.176799,
		0,
		0.015024,
		0.237777,
		-0.971204,
		0,
		-0.074494,
		0.025765,
		-0.638534,
		1,
	},
	[0.966666666667] = {
		0.699541,
		-0.696518,
		-0.159705,
		0,
		-0.714435,
		-0.676997,
		-0.176799,
		0,
		0.015024,
		0.237777,
		-0.971204,
		0,
		-0.074494,
		0.025765,
		-0.638534,
		1,
	},
	[0.983333333333] = {
		0.699541,
		-0.696518,
		-0.159705,
		0,
		-0.714435,
		-0.676997,
		-0.176799,
		0,
		0.015024,
		0.237777,
		-0.971204,
		0,
		-0.074494,
		0.025765,
		-0.638534,
		1,
	},
	[0.9] = {
		0.699541,
		-0.696518,
		-0.159705,
		0,
		-0.714435,
		-0.676997,
		-0.176799,
		0,
		0.015024,
		0.237777,
		-0.971204,
		0,
		-0.074494,
		0.025765,
		-0.638534,
		1,
	},
	[1.01666666667] = {
		0.699541,
		-0.696518,
		-0.159705,
		0,
		-0.714435,
		-0.676997,
		-0.176799,
		0,
		0.015024,
		0.237777,
		-0.971204,
		0,
		-0.074494,
		0.025765,
		-0.638534,
		1,
	},
	[1.03333333333] = {
		0.699541,
		-0.696518,
		-0.159705,
		0,
		-0.714435,
		-0.676997,
		-0.176799,
		0,
		0.015024,
		0.237777,
		-0.971204,
		0,
		-0.074494,
		0.025765,
		-0.638534,
		1,
	},
	[1.05] = {
		0.699541,
		-0.696518,
		-0.159705,
		0,
		-0.714435,
		-0.676997,
		-0.176799,
		0,
		0.015024,
		0.237777,
		-0.971204,
		0,
		-0.074494,
		0.025765,
		-0.638534,
		1,
	},
	[1.06666666667] = {
		0.699541,
		-0.696518,
		-0.159705,
		0,
		-0.714435,
		-0.676997,
		-0.176799,
		0,
		0.015024,
		0.237777,
		-0.971204,
		0,
		-0.074494,
		0.025765,
		-0.638534,
		1,
	},
	[1.08333333333] = {
		0.699541,
		-0.696518,
		-0.159705,
		0,
		-0.714435,
		-0.676997,
		-0.176799,
		0,
		0.015024,
		0.237777,
		-0.971204,
		0,
		-0.074494,
		0.025765,
		-0.638534,
		1,
	},
	{
		0.699541,
		-0.696518,
		-0.159705,
		0,
		-0.714435,
		-0.676997,
		-0.176799,
		0,
		0.015024,
		0.237777,
		-0.971204,
		0,
		-0.074494,
		0.025765,
		-0.638534,
		1,
	},
	[1.1] = {
		0.699541,
		-0.696518,
		-0.159705,
		0,
		-0.714435,
		-0.676997,
		-0.176799,
		0,
		0.015024,
		0.237777,
		-0.971204,
		0,
		-0.074494,
		0.025765,
		-0.638534,
		1,
	},
}

return spline_matrices
