-- chunkname: @content/characters/player/human/first_person/animations/power_sword/swing_down.lua

local spline_matrices = {
	[0.0166666666667] = {
		-0.76542,
		0.227389,
		0.602019,
		0,
		0.557395,
		0.701799,
		0.443608,
		0,
		-0.321625,
		0.675109,
		-0.663917,
		0,
		0.303693,
		0.251878,
		-0.536379,
		1
	},
	[0.0333333333333] = {
		-0.786795,
		0.144507,
		0.60006,
		0,
		0.463511,
		0.780316,
		0.419837,
		0,
		-0.407567,
		0.60846,
		-0.680929,
		0,
		0.300379,
		0.254183,
		-0.515306,
		1
	},
	[0.05] = {
		-0.79723,
		0.060277,
		0.600659,
		0,
		0.360922,
		0.845177,
		0.394222,
		0,
		-0.483901,
		0.531077,
		-0.695556,
		0,
		0.296682,
		0.255226,
		-0.494378,
		1
	},
	[0.0666666666667] = {
		-0.793772,
		-0.030848,
		0.607432,
		0,
		0.247554,
		0.895858,
		0.368991,
		0,
		-0.555556,
		0.443267,
		-0.703471,
		0,
		0.292051,
		0.25425,
		-0.471949,
		1
	},
	[0.0833333333333] = {
		-0.769978,
		-0.134807,
		0.623668,
		0,
		0.1186,
		0.930157,
		0.347478,
		0,
		-0.626951,
		0.341518,
		-0.700213,
		0,
		0.28571,
		0.250265,
		-0.446293,
		1
	},
	[0] = {
		-0.733933,
		0.313499,
		0.602545,
		0,
		0.641841,
		0.610347,
		0.464238,
		0,
		-0.222223,
		0.727458,
		-0.64917,
		0,
		0.306925,
		0.248972,
		-0.559196,
		1
	},
	[0.116666666667] = {
		-0.597683,
		-0.408905,
		0.689617,
		0,
		-0.233627,
		0.911658,
		0.338081,
		0,
		-0.766938,
		0.040952,
		-0.640414,
		0,
		0.263422,
		0.218322,
		-0.379781,
		1
	},
	[0.133333333333] = {
		-0.392894,
		-0.563644,
		0.726595,
		0,
		-0.474106,
		0.801184,
		0.365141,
		0,
		-0.787946,
		-0.201021,
		-0.582007,
		0,
		0.247338,
		0.173495,
		-0.339633,
		1
	},
	[0.15] = {
		-0.109129,
		-0.654465,
		0.748176,
		0,
		-0.682453,
		0.59658,
		0.422314,
		0,
		-0.722737,
		-0.464508,
		-0.511746,
		0,
		0.233917,
		0.114603,
		-0.293854,
		1
	},
	[0.166666666667] = {
		0.191257,
		-0.641615,
		0.742799,
		0,
		-0.792508,
		0.345541,
		0.502527,
		0,
		-0.579096,
		-0.684786,
		-0.442398,
		0,
		0.227859,
		0.053731,
		-0.242346,
		1
	},
	[0.183333333333] = {
		0.438809,
		-0.547894,
		0.712221,
		0,
		-0.797298,
		0.128166,
		0.589821,
		0,
		-0.414442,
		-0.826671,
		-0.380595,
		0,
		0.228909,
		0.005261,
		-0.185692,
		1
	},
	[0.1] = {
		-0.713459,
		-0.256826,
		0.651933,
		0,
		-0.032837,
		0.941639,
		0.335019,
		0,
		-0.699927,
		0.217615,
		-0.680255,
		0,
		0.276707,
		0.241852,
		-0.415506,
		1
	},
	[0.216666666667] = {
		0.724863,
		-0.32653,
		0.60659,
		0,
		-0.652297,
		-0.042156,
		0.75679,
		0,
		-0.221543,
		-0.944246,
		-0.243552,
		0,
		0.230791,
		-0.022691,
		-0.050787,
		1
	},
	[0.233333333333] = {
		0.822236,
		-0.234541,
		0.518574,
		0,
		-0.538698,
		-0.02668,
		0.842077,
		0,
		-0.183666,
		-0.97174,
		-0.148285,
		0,
		0.21992,
		-0.018162,
		0.035592,
		1
	},
	[0.25] = {
		0.899444,
		-0.159332,
		0.406958,
		0,
		-0.406763,
		0.035341,
		0.91285,
		0,
		-0.159828,
		-0.986592,
		-0.033023,
		0,
		0.203858,
		-0.004909,
		0.127891,
		1
	},
	[0.266666666667] = {
		0.954285,
		-0.103595,
		0.280372,
		0,
		-0.266261,
		0.131584,
		0.954877,
		0,
		-0.135813,
		-0.985877,
		0.097985,
		0,
		0.186169,
		0.017257,
		0.218624,
		1
	},
	[0.283333333333] = {
		0.986015,
		-0.06651,
		0.152808,
		0,
		-0.132119,
		0.24692,
		0.959987,
		0,
		-0.10158,
		-0.966751,
		0.23468,
		0,
		0.169934,
		0.048228,
		0.300227,
		1
	},
	[0.2] = {
		0.606787,
		-0.431302,
		0.667674,
		0,
		-0.740066,
		-6.5e-05,
		0.672535,
		0,
		-0.290022,
		-0.902208,
		-0.319231,
		0,
		0.232768,
		-0.018652,
		-0.124032,
		1
	},
	[0.316666666667] = {
		0.998994,
		-0.015685,
		-0.042001,
		0,
		0.044432,
		0.471657,
		0.880662,
		0,
		0.005997,
		-0.881643,
		0.471879,
		0,
		0.151517,
		0.134335,
		0.407875,
		1
	},
	[0.333333333333] = {
		0.998262,
		0.022742,
		-0.054367,
		0,
		0.030852,
		0.584341,
		0.810922,
		0,
		0.05021,
		-0.81119,
		0.582624,
		0,
		0.157465,
		0.20209,
		0.406902,
		1
	},
	[0.35] = {
		0.996957,
		0.059729,
		-0.050099,
		0,
		-0.004805,
		0.688493,
		0.725227,
		0,
		0.077809,
		-0.722779,
		0.686685,
		0,
		0.157258,
		0.286181,
		0.380136,
		1
	},
	[0.366666666667] = {
		0.991181,
		0.078983,
		-0.106408,
		0,
		0.016464,
		0.723357,
		0.690278,
		0,
		0.131491,
		-0.685942,
		0.715677,
		0,
		0.132097,
		0.369495,
		0.361184,
		1
	},
	[0.383333333333] = {
		0.986279,
		0.067033,
		-0.150865,
		0,
		0.031953,
		0.819058,
		0.57282,
		0,
		0.161965,
		-0.569781,
		0.805678,
		0,
		0.095433,
		0.467494,
		0.318539,
		1
	},
	[0.3] = {
		0.998316,
		-0.041425,
		0.04062,
		0,
		-0.022726,
		0.364975,
		0.93074,
		0,
		-0.053381,
		-0.930095,
		0.363418,
		0,
		0.157662,
		0.087484,
		0.365496,
		1
	},
	[0.416666666667] = {
		0.999609,
		-0.025734,
		0.010966,
		0,
		0.027623,
		0.84633,
		-0.531942,
		0,
		0.004408,
		0.532037,
		0.84671,
		0,
		0.00957,
		0.713521,
		0.059813,
		1
	},
	[0.433333333333] = {
		0.999953,
		-0.00935,
		0.002684,
		0,
		0.006665,
		0.457511,
		-0.889179,
		0,
		0.007086,
		0.889155,
		0.457551,
		0,
		-0.000544,
		0.744092,
		-0.072159,
		1
	},
	[0.45] = {
		0.999621,
		-0.005436,
		-0.027004,
		0,
		-0.027044,
		-0.007283,
		-0.999608,
		0,
		0.005237,
		0.999959,
		-0.007428,
		0,
		-0.005388,
		0.748945,
		-0.233443,
		1
	},
	[0.466666666667] = {
		0.998584,
		-0.04986,
		-0.01856,
		0,
		-0.040615,
		-0.489106,
		-0.871278,
		0,
		0.034365,
		0.870798,
		-0.490439,
		0,
		-0.009323,
		0.655294,
		-0.425316,
		1
	},
	[0.483333333333] = {
		0.995769,
		-0.089672,
		0.020082,
		0,
		-0.067271,
		-0.860211,
		-0.505481,
		0,
		0.062602,
		0.501992,
		-0.862604,
		0,
		-0.016055,
		0.476743,
		-0.606989,
		1
	},
	[0.4] = {
		0.996094,
		-0.004981,
		-0.088163,
		0,
		0.011558,
		0.997172,
		0.074258,
		0,
		0.087544,
		-0.074987,
		0.993334,
		0,
		0.048617,
		0.603278,
		0.207345,
		1
	},
	[0.516666666667] = {
		0.96776,
		-0.09602,
		-0.232853,
		0,
		0.011917,
		-0.905991,
		0.423129,
		0,
		-0.251592,
		-0.412262,
		-0.875638,
		0,
		-0.117293,
		0.133881,
		-0.716228,
		1
	},
	[0.533333333333] = {
		0.882535,
		-0.194416,
		-0.428175,
		0,
		0.197604,
		-0.672918,
		0.712835,
		0,
		-0.426713,
		-0.713711,
		-0.555457,
		0,
		-0.174406,
		0.001276,
		-0.66971,
		1
	},
	[0.55] = {
		0.876136,
		-0.243291,
		-0.416167,
		0,
		0.227387,
		-0.552657,
		0.801789,
		0,
		-0.425066,
		-0.797107,
		-0.428881,
		0,
		-0.169303,
		-0.06478,
		-0.651422,
		1
	},
	[0.566666666667] = {
		0.893636,
		-0.255994,
		-0.36862,
		0,
		0.195645,
		-0.516994,
		0.833331,
		0,
		-0.403902,
		-0.816814,
		-0.41192,
		0,
		-0.150552,
		-0.09705,
		-0.638729,
		1
	},
	[0.583333333333] = {
		0.895355,
		-0.272139,
		-0.352534,
		0,
		0.182917,
		-0.497019,
		0.848242,
		0,
		-0.406056,
		-0.823962,
		-0.395229,
		0,
		-0.144792,
		-0.118637,
		-0.631995,
		1
	},
	[0.5] = {
		0.996222,
		-0.086459,
		-0.008185,
		0,
		-0.086754,
		-0.99507,
		-0.048048,
		0,
		-0.003991,
		0.048576,
		-0.998811,
		0,
		-0.044687,
		0.299351,
		-0.720967,
		1
	},
	[0.616666666667] = {
		0.896537,
		-0.30132,
		-0.324697,
		0,
		0.151883,
		-0.479464,
		0.864318,
		0,
		-0.416117,
		-0.824209,
		-0.384091,
		0,
		-0.135225,
		-0.152949,
		-0.621346,
		1
	},
	[0.633333333333] = {
		0.895985,
		-0.314822,
		-0.313207,
		0,
		0.133611,
		-0.4815,
		0.866202,
		0,
		-0.423509,
		-0.817952,
		-0.389353,
		0,
		-0.131354,
		-0.165884,
		-0.617326,
		1
	},
	[0.65] = {
		0.894675,
		-0.327861,
		-0.30342,
		0,
		0.113457,
		-0.490179,
		0.864206,
		0,
		-0.432069,
		-0.807609,
		-0.401352,
		0,
		-0.128049,
		-0.176251,
		-0.614098,
		1
	},
	[0.666666666667] = {
		0.892618,
		-0.340586,
		-0.295355,
		0,
		0.091355,
		-0.50491,
		0.858324,
		0,
		-0.441461,
		-0.793138,
		-0.419577,
		0,
		-0.125279,
		-0.184273,
		-0.611599,
		1
	},
	[0.683333333333] = {
		0.88983,
		-0.35304,
		-0.289077,
		0,
		0.067232,
		-0.525177,
		0.848333,
		0,
		-0.451312,
		-0.774307,
		-0.443582,
		0,
		-0.123014,
		-0.190058,
		-0.6098,
		1
	},
	[0.6] = {
		0.896326,
		-0.287159,
		-0.337846,
		0,
		0.168316,
		-0.484557,
		0.858414,
		0,
		-0.410207,
		-0.826283,
		-0.385987,
		0,
		-0.139694,
		-0.137234,
		-0.626221,
		1
	},
	[0.716666666667] = {
		0.882177,
		-0.37705,
		-0.282128,
		0,
		0.012731,
		-0.579789,
		0.814667,
		0,
		-0.470745,
		-0.722273,
		-0.506677,
		0,
		-0.119861,
		-0.195322,
		-0.608223,
		1
	},
	[0.733333333333] = {
		0.877405,
		-0.388448,
		-0.281547,
		0,
		-0.017646,
		-0.612595,
		0.7902,
		0,
		-0.479426,
		-0.688357,
		-0.544348,
		0,
		-0.1189,
		-0.194991,
		-0.608408,
		1
	},
	[0.75] = {
		0.872089,
		-0.39927,
		-0.282921,
		0,
		-0.050003,
		-0.647842,
		0.760132,
		0,
		-0.486786,
		-0.648756,
		-0.58494,
		0,
		-0.118293,
		-0.192806,
		-0.609211,
		1
	},
	[0.766666666667] = {
		0.866319,
		-0.409346,
		-0.286231,
		0,
		-0.084156,
		-0.684471,
		0.724167,
		0,
		-0.492351,
		-0.603271,
		-0.627419,
		0,
		-0.117995,
		-0.188859,
		-0.610599,
		1
	},
	[0.783333333333] = {
		0.860201,
		-0.418488,
		-0.291415,
		0,
		-0.119832,
		-0.721329,
		0.682147,
		0,
		-0.495677,
		-0.551863,
		-0.670636,
		0,
		-0.117956,
		-0.183244,
		-0.61253,
		1
	},
	[0.7] = {
		0.886337,
		-0.365214,
		-0.284651,
		0,
		0.041033,
		-0.550374,
		0.833909,
		0,
		-0.461219,
		-0.750804,
		-0.472831,
		0,
		-0.121219,
		-0.193709,
		-0.608681,
		1
	},
	[0.816666666667] = {
		0.847427,
		-0.433213,
		-0.30691,
		0,
		-0.194167,
		-0.790926,
		0.580289,
		0,
		-0.494132,
		-0.432161,
		-0.754368,
		0,
		-0.118449,
		-0.167417,
		-0.61778,
		1
	},
	[0.833333333333] = {
		0.841047,
		-0.438465,
		-0.31684,
		0,
		-0.231835,
		-0.821333,
		0.521214,
		0,
		-0.488766,
		-0.364911,
		-0.792432,
		0,
		-0.118877,
		-0.157439,
		-0.62095,
		1
	},
	[0.85] = {
		0.834857,
		-0.442153,
		-0.327893,
		0,
		-0.269084,
		-0.847447,
		0.457632,
		0,
		-0.480216,
		-0.293826,
		-0.826474,
		0,
		-0.119362,
		-0.146265,
		-0.624366,
		1
	},
	[0.866666666667] = {
		0.828984,
		-0.444229,
		-0.339775,
		0,
		-0.305336,
		-0.868485,
		0.390516,
		0,
		-0.468568,
		-0.219986,
		-0.855599,
		0,
		-0.119859,
		-0.134051,
		-0.627933,
		1
	},
	[0.883333333333] = {
		0.823533,
		-0.444709,
		-0.352176,
		0,
		-0.340043,
		-0.883924,
		0.321012,
		0,
		-0.454054,
		-0.144609,
		-0.879161,
		0,
		-0.120335,
		-0.12097,
		-0.631553,
		1
	},
	[0.8] = {
		0.853858,
		-0.426504,
		-0.298363,
		0,
		-0.156656,
		-0.757214,
		0.634102,
		0,
		-0.496372,
		-0.494693,
		-0.713368,
		0,
		-0.118125,
		-0.17606,
		-0.614947,
		1
	},
	[0.916666666667] = {
		0.814184,
		-0.44128,
		-0.377327,
		0,
		-0.403012,
		-0.897352,
		0.179838,
		0,
		-0.417954,
		0.005646,
		-0.908451,
		0,
		-0.121118,
		-0.092977,
		-0.638593,
		1
	},
	[0.933333333333] = {
		0.810362,
		-0.437711,
		-0.389516,
		0,
		-0.430636,
		-0.895719,
		0.110636,
		0,
		-0.397323,
		0.078085,
		-0.914351,
		0,
		-0.121375,
		-0.078476,
		-0.641856,
		1
	},
	[0.95] = {
		0.807115,
		-0.433201,
		-0.401127,
		0,
		-0.455459,
		-0.889177,
		0.043838,
		0,
		-0.375663,
		0.147314,
		-0.914973,
		0,
		-0.121505,
		-0.063923,
		-0.644865,
		1
	},
	[0.966666666667] = {
		0.804403,
		-0.428004,
		-0.412005,
		0,
		-0.477449,
		-0.878441,
		-0.019624,
		0,
		-0.353522,
		0.212497,
		-0.91097,
		0,
		-0.121505,
		-0.049532,
		-0.647573,
		1
	},
	[0.983333333333] = {
		0.802165,
		-0.422381,
		-0.422049,
		0,
		-0.49668,
		-0.864331,
		-0.079001,
		0,
		-0.331422,
		0.272996,
		-0.903124,
		0,
		-0.121374,
		-0.035514,
		-0.649941,
		1
	},
	[0.9] = {
		0.818584,
		-0.443678,
		-0.364788,
		0,
		-0.372728,
		-0.893528,
		0.250364,
		0,
		-0.43703,
		-0.068977,
		-0.896798,
		0,
		-0.120761,
		-0.107212,
		-0.635135,
		1
	},
	[1.01666666667] = {
		0.798785,
		-0.410992,
		-0.43935,
		0,
		-0.527565,
		-0.82953,
		-0.183183,
		0,
		-0.289167,
		0.378109,
		-0.879441,
		0,
		-0.120731,
		-0.009601,
		-0.65356,
		1
	},
	[1.03333333333] = {
		0.79746,
		-0.405812,
		-0.446514,
		0,
		-0.539704,
		-0.810629,
		-0.227158,
		0,
		-0.269774,
		0.422134,
		-0.865462,
		0,
		-0.120222,
		0.001736,
		-0.654786,
		1
	},
	[1.05] = {
		0.79625,
		-0.401336,
		-0.452676,
		0,
		-0.550011,
		-0.791864,
		-0.265405,
		0,
		-0.251941,
		0.460305,
		-0.851261,
		0,
		-0.119589,
		0.011636,
		-0.655627,
		1
	},
	[1.06666666667] = {
		0.795062,
		-0.397812,
		-0.457845,
		0,
		-0.558771,
		-0.774007,
		-0.297805,
		0,
		-0.235905,
		0.492604,
		-0.837669,
		0,
		-0.118829,
		0.01984,
		-0.656089,
		1
	},
	[1.08333333333] = {
		0.793805,
		-0.395472,
		-0.462035,
		0,
		-0.56626,
		-0.757753,
		-0.324283,
		0,
		-0.221864,
		0.519049,
		-0.825448,
		0,
		-0.117939,
		0.026096,
		-0.656184,
		1
	},
	{
		0.800322,
		-0.416609,
		-0.431187,
		0,
		-0.513311,
		-0.847726,
		-0.133687,
		0,
		-0.309833,
		0.328325,
		-0.892304,
		0,
		-0.121116,
		-0.022108,
		-0.651943,
		1
	},
	[1.1] = {
		0.792391,
		-0.394539,
		-0.465247,
		0,
		-0.572733,
		-0.743713,
		-0.344773,
		0,
		-0.209984,
		0.539657,
		-0.815277,
		0,
		-0.116913,
		0.030154,
		-0.655919,
		1
	}
}

return spline_matrices
