local spline_matrices = {
	[0] = {
		0.720541,
		-0.538989,
		-0.436247,
		0,
		-0.690443,
		-0.499522,
		-0.523226,
		0,
		0.064098,
		0.67821,
		-0.732067,
		0,
		-0.017901,
		-0.001875,
		-0.565407,
		1
	},
	{
		0.688015,
		-0.550041,
		-0.473381,
		0,
		-0.725512,
		-0.506671,
		-0.465743,
		0,
		0.016329,
		0.663882,
		-0.747659,
		0,
		-0.044279,
		0.012121,
		-0.560897,
		1
	},
	[0.0166666666667] = {
		0.703433,
		-0.659632,
		-0.264705,
		0,
		-0.700221,
		-0.579246,
		-0.417329,
		0,
		0.121954,
		0.478915,
		-0.869349,
		0,
		-0.048332,
		-0.013263,
		-0.513165,
		1
	},
	[0.0333333333333] = {
		0.670449,
		-0.74082,
		-0.041049,
		0,
		-0.720082,
		-0.636351,
		-0.276658,
		0,
		0.178832,
		0.215044,
		-0.960091,
		0,
		-0.080036,
		-0.024595,
		-0.45814,
		1
	},
	[0.05] = {
		0.62026,
		-0.753206,
		0.218993,
		0,
		-0.751124,
		-0.650783,
		-0.11088,
		0,
		0.226032,
		-0.095716,
		-0.969406,
		0,
		-0.112354,
		-0.034068,
		-0.402278,
		1
	},
	[0.0666666666667] = {
		0.557991,
		-0.680433,
		0.475034,
		0,
		-0.790217,
		-0.610461,
		0.053801,
		0,
		0.253382,
		-0.4054,
		-0.878321,
		0,
		-0.144432,
		-0.040478,
		-0.348122,
		1
	},
	[0.0833333333333] = {
		0.494989,
		-0.541135,
		0.679823,
		0,
		-0.829985,
		-0.525987,
		0.185641,
		0,
		0.257121,
		-0.656133,
		-0.709491,
		0,
		-0.175276,
		-0.0437,
		-0.298125,
		1
	},
	[0.116666666667] = {
		0.404911,
		-0.261985,
		0.87602,
		0,
		-0.88547,
		-0.351268,
		0.304227,
		0,
		0.228015,
		-0.898874,
		-0.374212,
		0,
		-0.229835,
		-0.042545,
		-0.215761,
		1
	},
	[0.133333333333] = {
		0.384635,
		-0.192984,
		0.90267,
		0,
		-0.895702,
		-0.314383,
		0.314453,
		0,
		0.2231,
		-0.929473,
		-0.293779,
		0,
		-0.254727,
		-0.040757,
		-0.181538,
		1
	},
	[0.15] = {
		0.376532,
		-0.163608,
		0.911842,
		0,
		-0.896825,
		-0.311108,
		0.31451,
		0,
		0.232225,
		-0.936186,
		-0.263869,
		0,
		-0.279989,
		-0.039839,
		-0.148985,
		1
	},
	[0.166666666667] = {
		0.373428,
		-0.161939,
		0.913415,
		0,
		-0.893691,
		-0.326816,
		0.307423,
		0,
		0.248735,
		-0.931111,
		-0.266765,
		0,
		-0.304154,
		-0.037732,
		-0.119115,
		1
	},
	[0.183333333333] = {
		0.36936,
		-0.176705,
		0.912331,
		0,
		-0.890607,
		-0.347605,
		0.29324,
		0,
		0.265314,
		-0.92084,
		-0.285766,
		0,
		-0.325731,
		-0.032466,
		-0.093052,
		1
	},
	[0.1] = {
		0.442304,
		-0.384562,
		0.810234,
		0,
		-0.862959,
		-0.428536,
		0.26769,
		0,
		0.244271,
		-0.817599,
		-0.521405,
		0,
		-0.203975,
		-0.044284,
		-0.25381,
		1
	},
	[0.216666666667] = {
		0.331477,
		-0.212233,
		0.919282,
		0,
		-0.904392,
		-0.348978,
		0.24554,
		0,
		0.268698,
		-0.912782,
		-0.30762,
		0,
		-0.355283,
		-0.004533,
		-0.056631,
		1
	},
	[0.233333333333] = {
		0.282169,
		-0.20815,
		0.936512,
		0,
		-0.92953,
		-0.300871,
		0.213194,
		0,
		0.237393,
		-0.930672,
		-0.278378,
		0,
		-0.36014,
		0.022114,
		-0.048413,
		1
	},
	[0.25] = {
		0.192924,
		-0.173159,
		0.965814,
		0,
		-0.964002,
		-0.217004,
		0.153656,
		0,
		0.182979,
		-0.96069,
		-0.208791,
		0,
		-0.361641,
		0.081612,
		-0.046945,
		1
	},
	[0.266666666667] = {
		0.072768,
		-0.112017,
		0.991038,
		0,
		-0.992559,
		-0.105406,
		0.060966,
		0,
		0.097632,
		-0.9881,
		-0.118853,
		0,
		-0.360197,
		0.181838,
		-0.049086,
		1
	},
	[0.283333333333] = {
		-0.042874,
		-0.035053,
		0.998465,
		0,
		-0.998255,
		0.042132,
		-0.041386,
		0,
		-0.040617,
		-0.998497,
		-0.036799,
		0,
		-0.348955,
		0.301143,
		-0.051805,
		1
	},
	[0.2] = {
		0.357887,
		-0.197198,
		0.912705,
		0,
		-0.892475,
		-0.359685,
		0.272242,
		0,
		0.274601,
		-0.911998,
		-0.304721,
		0,
		-0.343264,
		-0.022066,
		-0.07188,
		1
	},
	[0.316666666667] = {
		-0.124035,
		0.096307,
		0.987593,
		0,
		-0.817451,
		0.554269,
		-0.156716,
		0,
		-0.562486,
		-0.826747,
		0.009977,
		0,
		-0.252688,
		0.53767,
		-0.046517,
		1
	},
	[0.333333333333] = {
		-0.034301,
		0.10437,
		0.993947,
		0,
		-0.359622,
		0.926626,
		-0.109712,
		0,
		-0.932467,
		-0.361208,
		0.005749,
		0,
		-0.058025,
		0.633704,
		-0.039921,
		1
	},
	[0.35] = {
		0.050512,
		0.155681,
		0.986515,
		0,
		0.248561,
		0.954736,
		-0.163393,
		0,
		-0.967298,
		0.253462,
		0.009529,
		0,
		0.183355,
		0.629326,
		-0.043977,
		1
	},
	[0.366666666667] = {
		0.153884,
		0.100682,
		0.982946,
		0,
		0.776152,
		0.603313,
		-0.183307,
		0,
		-0.61148,
		0.791124,
		0.014696,
		0,
		0.428238,
		0.553598,
		-0.045323,
		1
	},
	[0.383333333333] = {
		0.174139,
		0.025523,
		0.98439,
		0,
		0.95013,
		0.258276,
		-0.174775,
		0,
		-0.258705,
		0.965734,
		0.020726,
		0,
		0.537448,
		0.455709,
		-0.045186,
		1
	},
	[0.3] = {
		-0.119451,
		0.042061,
		0.991949,
		0,
		-0.962812,
		0.238953,
		-0.126074,
		0,
		-0.242332,
		-0.97012,
		0.011953,
		0,
		-0.321031,
		0.418328,
		-0.052196,
		1
	},
	[0.416666666667] = {
		0.144813,
		-0.112368,
		0.983058,
		0,
		0.821509,
		-0.540115,
		-0.182753,
		0,
		0.5515,
		0.834056,
		0.014096,
		0,
		0.688469,
		0.203212,
		-0.045457,
		1
	},
	[0.433333333333] = {
		0.126044,
		-0.169852,
		0.977376,
		0,
		0.683188,
		-0.699496,
		-0.209666,
		0,
		0.719282,
		0.694159,
		0.027873,
		0,
		0.717653,
		0.118831,
		-0.054969,
		1
	},
	[0.45] = {
		0.112392,
		-0.223803,
		0.968132,
		0,
		0.586795,
		-0.771326,
		-0.246429,
		0,
		0.801898,
		0.595792,
		0.044636,
		0,
		0.737357,
		0.046796,
		-0.078277,
		1
	},
	[0.466666666667] = {
		0.108105,
		-0.277372,
		0.954661,
		0,
		0.540766,
		-0.789386,
		-0.290588,
		0,
		0.834197,
		0.547663,
		0.064657,
		0,
		0.749398,
		-0.015645,
		-0.112794,
		1
	},
	[0.483333333333] = {
		0.115857,
		-0.331663,
		0.936257,
		0,
		0.538524,
		-0.771064,
		-0.339784,
		0,
		0.834607,
		0.543563,
		0.089275,
		0,
		0.754589,
		-0.069878,
		-0.155953,
		1
	},
	[0.4] = {
		0.190432,
		-0.019325,
		0.98151,
		0,
		0.981524,
		-0.015219,
		-0.190734,
		0,
		0.018624,
		0.999697,
		0.01607,
		0,
		0.604164,
		0.351975,
		-0.045968,
		1
	},
	[0.516666666667] = {
		0.174249,
		-0.436024,
		0.882904,
		0,
		0.618745,
		-0.649021,
		-0.442635,
		0,
		0.766023,
		0.623422,
		0.156696,
		0,
		0.746622,
		-0.155734,
		-0.257809,
		1
	},
	[0.533333333333] = {
		0.22502,
		-0.479008,
		0.84848,
		0,
		0.674463,
		-0.551882,
		-0.490434,
		0,
		0.703182,
		0.682626,
		0.198889,
		0,
		0.734468,
		-0.188014,
		-0.311277,
		1
	},
	[0.55] = {
		0.28678,
		-0.510798,
		0.810458,
		0,
		0.723197,
		-0.439399,
		-0.532837,
		0,
		0.628286,
		0.738928,
		0.243396,
		0,
		0.717623,
		-0.213992,
		-0.363029,
		1
	},
	[0.566666666667] = {
		0.354348,
		-0.529722,
		0.770605,
		0,
		0.755412,
		-0.323567,
		-0.569786,
		0,
		0.551171,
		0.784027,
		0.285503,
		0,
		0.696932,
		-0.234673,
		-0.410669,
		1
	},
	[0.583333333333] = {
		0.421606,
		-0.537259,
		0.73048,
		0,
		0.766497,
		-0.219265,
		-0.60366,
		0,
		0.484491,
		0.814417,
		0.319364,
		0,
		0.673609,
		-0.251252,
		-0.451967,
		1
	},
	[0.5] = {
		0.137591,
		-0.385551,
		0.91237,
		0,
		0.568852,
		-0.723311,
		-0.391445,
		0,
		0.810849,
		0.572863,
		0.119801,
		0,
		0.753495,
		-0.116478,
		-0.205163,
		1
	},
	[0.616666666667] = {
		0.533073,
		-0.539017,
		0.652145,
		0,
		0.72566,
		-0.105043,
		-0.679987,
		0,
		0.435028,
		0.835719,
		0.335148,
		0,
		0.625366,
		-0.276742,
		-0.507152,
		1
	},
	[0.633333333333] = {
		0.578905,
		-0.539822,
		0.611114,
		0,
		0.678035,
		-0.097607,
		-0.72852,
		0,
		0.452921,
		0.836101,
		0.309513,
		0,
		0.599177,
		-0.284127,
		-0.523222,
		1
	},
	[0.65] = {
		0.628673,
		-0.535675,
		0.563757,
		0,
		0.616218,
		-0.099079,
		-0.781319,
		0,
		0.47439,
		0.838591,
		0.267804,
		0,
		0.566755,
		-0.28428,
		-0.538268,
		1
	},
	[0.666666666667] = {
		0.680365,
		-0.527786,
		0.508474,
		0,
		0.539223,
		-0.109368,
		-0.835031,
		0,
		0.496329,
		0.842306,
		0.210184,
		0,
		0.528768,
		-0.278081,
		-0.551965,
		1
	},
	[0.683333333333] = {
		0.73149,
		-0.517477,
		0.444005,
		0,
		0.446675,
		-0.128323,
		-0.885446,
		0,
		0.515174,
		0.84602,
		0.137277,
		0,
		0.486053,
		-0.266455,
		-0.564036,
		1
	},
	[0.6] = {
		0.482802,
		-0.538054,
		0.690941,
		0,
		0.756212,
		-0.141743,
		-0.63879,
		0,
		0.441639,
		0.830907,
		0.33845,
		0,
		0.649184,
		-0.264913,
		-0.484807,
		1
	},
	[0.716666666667] = {
		0.820047,
		-0.495508,
		0.286349,
		0,
		0.219424,
		-0.189887,
		-0.956972,
		0,
		0.528561,
		0.847594,
		-0.046989,
		0,
		0.390179,
		-0.230414,
		-0.582025,
		1
	},
	[0.733333333333] = {
		0.851326,
		-0.486869,
		0.195454,
		0,
		0.090987,
		-0.229889,
		-0.968954,
		0,
		0.516686,
		0.84268,
		-0.151412,
		0,
		0.339167,
		-0.207619,
		-0.587416,
		1
	},
	[0.75] = {
		0.870706,
		-0.4815,
		0.100143,
		0,
		-0.040578,
		-0.273265,
		-0.961083,
		0,
		0.490127,
		0.832757,
		-0.257472,
		0,
		0.287698,
		-0.182649,
		-0.590278,
		1
	},
	[0.766666666667] = {
		0.877183,
		-0.480137,
		0.004316,
		0,
		-0.169149,
		-0.317414,
		-0.933079,
		0,
		0.449376,
		0.817751,
		-0.359645,
		0,
		0.237002,
		-0.156242,
		-0.590762,
		1
	},
	[0.783333333333] = {
		0.871248,
		-0.482908,
		-0.087906,
		0,
		-0.288914,
		-0.35975,
		-0.887192,
		0,
		0.396808,
		0.798361,
		-0.45295,
		0,
		0.188232,
		-0.129157,
		-0.589214,
		1
	},
	[0.7] = {
		0.779108,
		-0.506204,
		0.369796,
		0,
		0.339315,
		-0.155489,
		-0.927733,
		0,
		0.527121,
		0.848281,
		0.05062,
		0,
		0.439519,
		-0.250288,
		-0.574159,
		1
	},
	[0.816666666667] = {
		0.830648,
		-0.498511,
		-0.248013,
		0,
		-0.485693,
		-0.43092,
		-0.760533,
		0,
		0.272261,
		0.752193,
		-0.600066,
		0,
		0.100342,
		-0.076252,
		-0.582049,
		1
	},
	[0.833333333333] = {
		0.802137,
		-0.509231,
		-0.311865,
		0,
		-0.559219,
		-0.45746,
		-0.691379,
		0,
		0.209406,
		0.728981,
		-0.651717,
		0,
		0.062742,
		-0.052246,
		-0.57752,
		1
	},
	[0.85] = {
		0.772476,
		-0.520274,
		-0.364139,
		0,
		-0.616656,
		-0.477554,
		-0.625841,
		0,
		0.151713,
		0.707995,
		-0.689729,
		0,
		0.030165,
		-0.031171,
		-0.573003,
		1
	},
	[0.866666666667] = {
		0.744503,
		-0.530511,
		-0.405308,
		0,
		-0.659714,
		-0.491445,
		-0.56856,
		0,
		0.10244,
		0.690681,
		-0.715867,
		0,
		0.003117,
		-0.014041,
		-0.568869,
		1
	},
	[0.883333333333] = {
		0.720541,
		-0.538989,
		-0.436247,
		0,
		-0.690443,
		-0.499522,
		-0.523226,
		0,
		0.064098,
		0.67821,
		-0.732067,
		0,
		-0.017901,
		-0.001875,
		-0.565407,
		1
	},
	[0.8] = {
		0.854782,
		-0.489343,
		-0.17289,
		0,
		-0.395328,
		-0.39809,
		-0.827792,
		0,
		0.336249,
		0.77593,
		-0.533731,
		0,
		0.142399,
		-0.102202,
		-0.586125,
		1
	},
	[0.916666666667] = {
		0.689332,
		-0.549598,
		-0.471978,
		0,
		-0.724217,
		-0.506415,
		-0.468032,
		0,
		0.018213,
		0.664444,
		-0.747116,
		0,
		-0.04324,
		0.011563,
		-0.561074,
		1
	},
	[0.933333333333] = {
		0.68167,
		-0.552168,
		-0.480038,
		0,
		-0.731623,
		-0.507869,
		-0.454749,
		0,
		0.007301,
		0.661196,
		-0.750178,
		0,
		-0.049256,
		0.0148,
		-0.560048,
		1
	},
	[0.95] = {
		0.678482,
		-0.553234,
		-0.483317,
		0,
		-0.734612,
		-0.508449,
		-0.449249,
		0,
		0.002798,
		0.659858,
		-0.751385,
		0,
		-0.051739,
		0.016141,
		-0.559624,
		1
	},
	[0.966666666667] = {
		0.679014,
		-0.553056,
		-0.482773,
		0,
		-0.734117,
		-0.508353,
		-0.450166,
		0,
		0.003548,
		0.66008,
		-0.751187,
		0,
		-0.051325,
		0.015917,
		-0.559695,
		1
	},
	[0.983333333333] = {
		0.682465,
		-0.551902,
		-0.479213,
		0,
		-0.730869,
		-0.507722,
		-0.456123,
		0,
		0.008428,
		0.661531,
		-0.749871,
		0,
		-0.048634,
		0.014465,
		-0.560154,
		1
	},
	[0.9] = {
		0.702128,
		-0.545277,
		-0.457918,
		0,
		-0.711102,
		-0.503786,
		-0.490442,
		0,
		0.036734,
		0.669979,
		-0.74147,
		0,
		-0.033026,
		0.006108,
		-0.56282,
		1
	},
	[1.01666666667] = {
		0.69484,
		-0.547743,
		-0.46602,
		0,
		-0.718689,
		-0.505315,
		-0.477643,
		0,
		0.026139,
		0.666809,
		-0.74477,
		0,
		-0.03887,
		0.009223,
		-0.561821,
		1
	},
	[1.03333333333] = {
		0.702128,
		-0.545277,
		-0.457918,
		0,
		-0.711102,
		-0.503786,
		-0.490442,
		0,
		0.036734,
		0.669979,
		-0.74147,
		0,
		-0.033026,
		0.006108,
		-0.56282,
		1
	},
	[1.05] = {
		0.709091,
		-0.542909,
		-0.449933,
		0,
		-0.70355,
		-0.502244,
		-0.50276,
		0,
		0.046977,
		0.673053,
		-0.738101,
		0,
		-0.02737,
		0.00311,
		-0.563787,
		1
	},
	[1.06666666667] = {
		0.714968,
		-0.540901,
		-0.442997,
		0,
		-0.696933,
		-0.500877,
		-0.513232,
		0,
		0.055721,
		0.675684,
		-0.735083,
		0,
		-0.022538,
		0.00056,
		-0.564614,
		1
	},
	[1.08333333333] = {
		0.719026,
		-0.539509,
		-0.438099,
		0,
		-0.692229,
		-0.499896,
		-0.520503,
		0,
		0.061812,
		0.67752,
		-0.732902,
		0,
		-0.019167,
		-0.001211,
		-0.56519,
		1
	},
	[1.1] = {
		0.720541,
		-0.538989,
		-0.436247,
		0,
		-0.690443,
		-0.499522,
		-0.523226,
		0,
		0.064098,
		0.67821,
		-0.732067,
		0,
		-0.017901,
		-0.001875,
		-0.565407,
		1
	}
}

return spline_matrices
