local spline_matrices = {
	[0] = {
		0.720541,
		-0.538989,
		-0.436247,
		0,
		-0.690443,
		-0.499522,
		-0.523226,
		0,
		0.064098,
		0.67821,
		-0.732067,
		0,
		-0.017901,
		-0.001875,
		-0.565407,
		1
	},
	{
		0.697874,
		-0.5808,
		-0.419099,
		0,
		-0.709045,
		-0.477631,
		-0.518772,
		0,
		0.101128,
		0.659197,
		-0.745139,
		0,
		-0.007335,
		0.008775,
		-0.567884,
		1
	},
	[0.0166666666667] = {
		0.638603,
		-0.682535,
		-0.355433,
		0,
		-0.699737,
		-0.322819,
		-0.637304,
		0,
		0.320242,
		0.655693,
		-0.683748,
		0,
		0.035546,
		-0.035705,
		-0.567871,
		1
	},
	[0.0333333333333] = {
		0.483322,
		-0.831407,
		-0.274159,
		0,
		-0.633188,
		-0.115732,
		-0.765297,
		0,
		0.604544,
		0.543479,
		-0.582372,
		0,
		0.100145,
		-0.073373,
		-0.578494,
		1
	},
	[0.05] = {
		0.229013,
		-0.947983,
		-0.22109,
		0,
		-0.447969,
		0.099009,
		-0.88855,
		0,
		0.86422,
		0.302531,
		-0.401993,
		0,
		0.177971,
		-0.112875,
		-0.591455,
		1
	},
	[0.0666666666667] = {
		-0.100793,
		-0.965156,
		-0.241485,
		0,
		-0.129275,
		0.253368,
		-0.958693,
		0,
		0.986473,
		-0.065411,
		-0.150308,
		0,
		0.268346,
		-0.156761,
		-0.597943,
		1
	},
	[0.0833333333333] = {
		-0.400108,
		-0.844926,
		-0.354984,
		0,
		0.245385,
		0.27443,
		-0.929771,
		0,
		0.883006,
		-0.459116,
		0.097531,
		0,
		0.361329,
		-0.208192,
		-0.589312,
		1
	},
	[0.116666666667] = {
		-0.593383,
		-0.454996,
		-0.663985,
		0,
		0.72958,
		0.044433,
		-0.682451,
		0,
		0.340015,
		-0.889384,
		0.30559,
		0,
		0.502074,
		-0.304606,
		-0.521233,
		1
	},
	[0.133333333333] = {
		-0.547997,
		-0.327144,
		-0.769855,
		0,
		0.822887,
		-0.04559,
		-0.566373,
		0,
		0.150187,
		-0.943874,
		0.294186,
		0,
		0.543102,
		-0.32515,
		-0.464109,
		1
	},
	[0.15] = {
		-0.468425,
		-0.234292,
		-0.851872,
		0,
		0.882842,
		-0.086833,
		-0.461573,
		0,
		0.034173,
		-0.968281,
		0.247518,
		0,
		0.570465,
		-0.327222,
		-0.377426,
		1
	},
	[0.166666666667] = {
		-0.359811,
		-0.143307,
		-0.921954,
		0,
		0.931781,
		-0.106205,
		-0.347138,
		0,
		-0.048169,
		-0.983963,
		0.171744,
		0,
		0.588507,
		-0.318656,
		-0.258289,
		1
	},
	[0.183333333333] = {
		-0.228483,
		-0.056472,
		-0.971909,
		0,
		0.96901,
		-0.109465,
		-0.221441,
		0,
		-0.093885,
		-0.992385,
		0.079733,
		0,
		0.597652,
		-0.296798,
		-0.121607,
		1
	},
	[0.1] = {
		-0.564504,
		-0.643617,
		-0.51681,
		0,
		0.548422,
		0.175489,
		-0.81758,
		0,
		0.616903,
		-0.744957,
		0.25391,
		0,
		0.441766,
		-0.261783,
		-0.563062,
		1
	},
	[0.216666666667] = {
		0.058259,
		0.08221,
		-0.994911,
		0,
		0.996244,
		-0.068744,
		0.052656,
		0,
		-0.064065,
		-0.994241,
		-0.085906,
		0,
		0.590655,
		-0.200557,
		0.143609,
		1
	},
	[0.233333333333] = {
		0.185052,
		0.118071,
		-0.97561,
		0,
		0.982704,
		-0.015228,
		0.184555,
		0,
		0.006934,
		-0.992888,
		-0.118847,
		0,
		0.575645,
		-0.118943,
		0.241188,
		1
	},
	[0.25] = {
		0.28406,
		0.118244,
		-0.951487,
		0,
		0.953234,
		0.072011,
		0.293531,
		0,
		0.103226,
		-0.99037,
		-0.092259,
		0,
		0.554097,
		-0.009737,
		0.29436,
		1
	},
	[0.266666666667] = {
		0.363582,
		0.022089,
		-0.9313,
		0,
		0.908398,
		0.213147,
		0.359696,
		0,
		0.206449,
		-0.976771,
		0.057431,
		0,
		0.528506,
		0.168621,
		0.27551,
		1
	},
	[0.283333333333] = {
		0.441394,
		-0.112647,
		-0.890215,
		0,
		0.830191,
		0.427754,
		0.357504,
		0,
		0.340521,
		-0.896848,
		0.282327,
		0,
		0.485661,
		0.399931,
		0.198086,
		1
	},
	[0.2] = {
		-0.084526,
		0.021116,
		-0.996197,
		0,
		0.991455,
		-0.097909,
		-0.086199,
		0,
		-0.099357,
		-0.994971,
		-0.012659,
		0,
		0.59822,
		-0.258579,
		0.017483,
		1
	},
	[0.316666666667] = {
		0.470169,
		0.079601,
		-0.878979,
		0,
		0.016869,
		0.994932,
		0.099124,
		0,
		0.882415,
		-0.061433,
		0.466444,
		0,
		0.199991,
		0.71312,
		0.02312,
		1
	},
	[0.333333333333] = {
		0.274754,
		0.200713,
		-0.940332,
		0,
		-0.66268,
		0.748133,
		-0.033939,
		0,
		0.696682,
		0.632464,
		0.338561,
		0,
		-0.038832,
		0.716429,
		-0.065518,
		1
	},
	[0.35] = {
		0.246083,
		0.185371,
		-0.951357,
		0,
		-0.88069,
		0.452655,
		-0.139604,
		0,
		0.404758,
		0.872205,
		0.274645,
		0,
		-0.253211,
		0.650683,
		-0.162588,
		1
	},
	[0.366666666667] = {
		0.290072,
		0.161775,
		-0.943232,
		0,
		-0.955474,
		0.104686,
		-0.275882,
		0,
		0.054113,
		0.981259,
		0.184938,
		0,
		-0.43279,
		0.52373,
		-0.249845,
		1
	},
	[0.383333333333] = {
		0.386955,
		0.156177,
		-0.908777,
		0,
		-0.707804,
		-0.58136,
		-0.40129,
		0,
		-0.590998,
		0.798517,
		-0.114418,
		0,
		-0.507392,
		0.310763,
		-0.294434,
		1
	},
	[0.3] = {
		0.516111,
		-0.135142,
		-0.845793,
		0,
		0.641479,
		0.71533,
		0.27714,
		0,
		0.567569,
		-0.685594,
		0.45588,
		0,
		0.398887,
		0.601246,
		0.109988,
		1
	},
	[0.416666666667] = {
		0.415965,
		0.239509,
		-0.877273,
		0,
		-0.27316,
		-0.887235,
		-0.371749,
		0,
		-0.867385,
		0.39427,
		-0.303634,
		0,
		-0.513779,
		0.005149,
		-0.322639,
		1
	},
	[0.433333333333] = {
		0.362057,
		0.259796,
		-0.895221,
		0,
		-0.577986,
		-0.690906,
		-0.434259,
		0,
		-0.731332,
		0.674652,
		-0.099989,
		0,
		-0.503655,
		-0.075275,
		-0.336259,
		1
	},
	[0.45] = {
		0.334199,
		0.315306,
		-0.888197,
		0,
		-0.741425,
		-0.493868,
		-0.454295,
		0,
		-0.581894,
		0.810356,
		0.068725,
		0,
		-0.485956,
		-0.122378,
		-0.350488,
		1
	},
	[0.466666666667] = {
		0.339833,
		0.402878,
		-0.849825,
		0,
		-0.724212,
		-0.464396,
		-0.509759,
		0,
		-0.600026,
		0.788686,
		0.133951,
		0,
		-0.466597,
		-0.159039,
		-0.373761,
		1
	},
	[0.483333333333] = {
		0.343881,
		0.515963,
		-0.784556,
		0,
		-0.639821,
		-0.48279,
		-0.597949,
		0,
		-0.687295,
		0.707599,
		0.164101,
		0,
		-0.442128,
		-0.192528,
		-0.402147,
		1
	},
	[0.4] = {
		0.444671,
		0.218124,
		-0.868729,
		0,
		-0.210749,
		-0.917185,
		-0.338165,
		0,
		-0.870547,
		0.333456,
		-0.361877,
		0,
		-0.512196,
		0.121161,
		-0.306654,
		1
	},
	[0.516666666667] = {
		0.277607,
		0.750126,
		-0.600205,
		0,
		-0.30778,
		-0.522387,
		-0.795225,
		0,
		-0.910058,
		0.405491,
		0.085855,
		0,
		-0.379881,
		-0.24061,
		-0.46255,
		1
	},
	[0.533333333333] = {
		0.208215,
		0.832465,
		-0.513468,
		0,
		-0.116815,
		-0.500051,
		-0.858081,
		0,
		-0.971082,
		0.238646,
		-0.006874,
		0,
		-0.3468,
		-0.252815,
		-0.487987,
		1
	},
	[0.55] = {
		0.143792,
		0.881236,
		-0.450274,
		0,
		0.037278,
		-0.459503,
		-0.887394,
		0,
		-0.988906,
		0.110815,
		-0.098924,
		0,
		-0.317054,
		-0.259038,
		-0.507775,
		1
	},
	[0.566666666667] = {
		0.111917,
		0.903049,
		-0.4147,
		0,
		0.125815,
		-0.426841,
		-0.895532,
		0,
		-0.985721,
		0.04805,
		-0.161388,
		0,
		-0.293095,
		-0.262391,
		-0.52185,
		1
	},
	[0.583333333333] = {
		0.111622,
		0.910771,
		-0.397539,
		0,
		0.16826,
		-0.411585,
		-0.895705,
		0,
		-0.979402,
		0.03309,
		-0.199188,
		0,
		-0.272931,
		-0.264113,
		-0.532279,
		1
	},
	[0.5] = {
		0.326293,
		0.638722,
		-0.696827,
		0,
		-0.494712,
		-0.512768,
		-0.701662,
		0,
		-0.805477,
		0.573676,
		0.148671,
		0,
		-0.412738,
		-0.220418,
		-0.432916,
		1
	},
	[0.616666666667] = {
		0.153819,
		0.909283,
		-0.386709,
		0,
		0.2189,
		-0.413001,
		-0.884032,
		0,
		-0.963547,
		0.05133,
		-0.262569,
		0,
		-0.234479,
		-0.261264,
		-0.548513,
		1
	},
	[0.633333333333] = {
		0.195147,
		0.899622,
		-0.390637,
		0,
		0.228641,
		-0.42905,
		-0.873865,
		0,
		-0.953751,
		0.081217,
		-0.289418,
		0,
		-0.216248,
		-0.257121,
		-0.55463,
		1
	},
	[0.65] = {
		0.248812,
		0.882335,
		-0.399472,
		0,
		0.22796,
		-0.454204,
		-0.861239,
		0,
		-0.941343,
		0.123223,
		-0.314148,
		0,
		-0.198804,
		-0.251369,
		-0.559559,
		1
	},
	[0.666666666667] = {
		0.313458,
		0.855428,
		-0.412294,
		0,
		0.21626,
		-0.487073,
		-0.846163,
		0,
		-0.924649,
		0.176074,
		-0.337672,
		0,
		-0.182278,
		-0.244101,
		-0.563385,
		1
	},
	[0.683333333333] = {
		0.387104,
		0.816614,
		-0.428127,
		0,
		0.192737,
		-0.525736,
		-0.828525,
		0,
		-0.901667,
		0.23821,
		-0.360906,
		0,
		-0.166807,
		-0.235361,
		-0.56618,
		1
	},
	[0.6] = {
		0.125753,
		0.912765,
		-0.388646,
		0,
		0.198911,
		-0.406999,
		-0.891508,
		0,
		-0.971916,
		0.034804,
		-0.232741,
		0,
		-0.253392,
		-0.263658,
		-0.541107,
		1
	},
	[0.716666666667] = {
		0.54931,
		0.694798,
		-0.464235,
		0,
		0.107697,
		-0.609791,
		-0.785211,
		0,
		-0.82865,
		0.381327,
		-0.409791,
		0,
		-0.139432,
		-0.213397,
		-0.569007,
		1
	},
	[0.733333333333] = {
		0.629712,
		0.609339,
		-0.48184,
		0,
		0.046298,
		-0.6486,
		-0.75972,
		0,
		-0.775448,
		0.456096,
		-0.436642,
		0,
		-0.127567,
		-0.200064,
		-0.569241,
		1
	},
	[0.75] = {
		0.703301,
		0.508048,
		-0.497247,
		0,
		-0.026056,
		-0.680576,
		-0.732214,
		0,
		-0.710414,
		0.527923,
		-0.465412,
		0,
		-0.116787,
		-0.185111,
		-0.568863,
		1
	},
	[0.766666666667] = {
		0.765466,
		0.393455,
		-0.509172,
		0,
		-0.10675,
		-0.70267,
		-0.703462,
		0,
		-0.63456,
		0.59283,
		-0.495868,
		0,
		-0.106877,
		-0.168577,
		-0.568034,
		1
	},
	[0.783333333333] = {
		0.812591,
		0.269727,
		-0.516666,
		0,
		-0.192222,
		-0.712847,
		-0.674463,
		0,
		-0.550224,
		0.647377,
		-0.527406,
		0,
		-0.097559,
		-0.150625,
		-0.566928,
		1
	},
	[0.7] = {
		0.466952,
		0.76365,
		-0.445864,
		0,
		0.156657,
		-0.567673,
		-0.808212,
		0,
		-0.870296,
		0.307548,
		-0.384707,
		0,
		-0.152505,
		-0.225142,
		-0.568024,
		1
	},
	[0.816666666667] = {
		0.855781,
		0.016318,
		-0.517081,
		0,
		-0.361351,
		-0.696418,
		-0.620023,
		0,
		-0.370222,
		0.717451,
		-0.590084,
		0,
		-0.079581,
		-0.111824,
		-0.564558,
		1
	},
	[0.833333333333] = {
		0.85363,
		-0.102684,
		-0.510659,
		0,
		-0.437725,
		-0.672815,
		-0.59642,
		0,
		-0.282337,
		0.73265,
		-0.619282,
		0,
		-0.070525,
		-0.091962,
		-0.563581,
		1
	},
	[0.85] = {
		0.83941,
		-0.210907,
		-0.500908,
		0,
		-0.505199,
		-0.642629,
		-0.576023,
		0,
		-0.200411,
		0.736578,
		-0.645979,
		0,
		-0.061335,
		-0.072566,
		-0.562882,
		1
	},
	[0.866666666667] = {
		0.817007,
		-0.305781,
		-0.488873,
		0,
		-0.562504,
		-0.609134,
		-0.559057,
		0,
		-0.12684,
		0.731747,
		-0.66967,
		0,
		-0.052076,
		-0.05423,
		-0.562529,
		1
	},
	[0.883333333333] = {
		0.79044,
		-0.38604,
		-0.475581,
		0,
		-0.609279,
		-0.575501,
		-0.545506,
		0,
		-0.06311,
		0.720951,
		-0.690106,
		0,
		-0.042898,
		-0.03751,
		-0.56257,
		1
	},
	[0.8] = {
		0.842704,
		0.142149,
		-0.519273,
		0,
		-0.27841,
		-0.710474,
		-0.646308,
		0,
		-0.460802,
		0.689217,
		-0.559144,
		0,
		-0.088541,
		-0.13156,
		-0.565717,
		1
	},
	[0.916666666667] = {
		0.739252,
		-0.502218,
		-0.448646,
		0,
		-0.672647,
		-0.518576,
		-0.52785,
		0,
		0.032439,
		0.691994,
		-0.721174,
		0,
		-0.025598,
		-0.0109,
		-0.563974,
		1
	},
	[0.933333333333] = {
		0.720541,
		-0.538989,
		-0.436247,
		0,
		-0.690443,
		-0.499522,
		-0.523226,
		0,
		0.064098,
		0.67821,
		-0.732067,
		0,
		-0.017901,
		-0.001875,
		-0.565407,
		1
	},
	[0.95] = {
		0.707973,
		-0.562817,
		-0.426628,
		0,
		-0.701088,
		-0.487254,
		-0.520633,
		0,
		0.085144,
		0.667698,
		-0.739547,
		0,
		-0.011978,
		0.004117,
		-0.566791,
		1
	},
	[0.966666666667] = {
		0.700464,
		-0.576278,
		-0.421014,
		0,
		-0.707051,
		-0.480081,
		-0.519231,
		0,
		0.097101,
		0.661382,
		-0.743738,
		0,
		-0.008517,
		0.007593,
		-0.567605,
		1
	},
	[0.983333333333] = {
		0.697386,
		-0.581644,
		-0.418739,
		0,
		-0.709417,
		-0.477171,
		-0.518686,
		0,
		0.101881,
		0.658785,
		-0.745401,
		0,
		-0.007113,
		0.008997,
		-0.567936,
		1
	},
	[0.9] = {
		0.763444,
		-0.451411,
		-0.461932,
		0,
		-0.645797,
		-0.544535,
		-0.535189,
		0,
		-0.009948,
		0.706902,
		-0.707242,
		0,
		-0.034,
		-0.022916,
		-0.563041,
		1
	},
	[1.01666666667] = {
		0.700948,
		-0.575427,
		-0.421373,
		0,
		-0.706675,
		-0.48054,
		-0.519319,
		0,
		0.096343,
		0.66179,
		-0.743473,
		0,
		-0.008739,
		0.007371,
		-0.567553,
		1
	},
	[1.03333333333] = {
		0.705593,
		-0.567142,
		-0.424839,
		0,
		-0.703008,
		-0.484969,
		-0.520177,
		0,
		0.08898,
		0.665699,
		-0.740896,
		0,
		-0.010875,
		0.005227,
		-0.56705,
		1
	},
	[1.05] = {
		0.710807,
		-0.55759,
		-0.428773,
		0,
		-0.698763,
		-0.489992,
		-0.521189,
		0,
		0.080515,
		0.670076,
		-0.737913,
		0,
		-0.013299,
		0.002786,
		-0.566482,
		1
	},
	[1.06666666667] = {
		0.715634,
		-0.548497,
		-0.432457,
		0,
		-0.694705,
		-0.494691,
		-0.522174,
		0,
		0.072479,
		0.674115,
		-0.735061,
		0,
		-0.015568,
		0.000493,
		-0.565951,
		1
	},
	[1.08333333333] = {
		0.719169,
		-0.541676,
		-0.435182,
		0,
		-0.691649,
		-0.498166,
		-0.522927,
		0,
		0.066464,
		0.677066,
		-0.732915,
		0,
		-0.017246,
		-0.001209,
		-0.565559,
		1
	},
	[1.1] = {
		0.720541,
		-0.538989,
		-0.436247,
		0,
		-0.690443,
		-0.499522,
		-0.523226,
		0,
		0.064098,
		0.67821,
		-0.732067,
		0,
		-0.017901,
		-0.001875,
		-0.565407,
		1
	}
}

return spline_matrices
