-- chunkname: @content/characters/player/human/first_person/animations/power_sword/swing_left_diagonal.lua

local spline_matrices = {
	[0.0166666666667] = {
		0.748876,
		-0.514315,
		-0.417929,
		0,
		-0.660258,
		-0.633239,
		-0.403816,
		0,
		-0.05696,
		0.578349,
		-0.813798,
		0,
		-0.001212,
		0.025931,
		-0.602256,
		1
	},
	[0.0333333333333] = {
		0.671003,
		-0.663002,
		-0.331937,
		0,
		-0.716669,
		-0.465166,
		-0.51962,
		0,
		0.190103,
		0.586556,
		-0.787282,
		0,
		0.060568,
		-0.011593,
		-0.601,
		1
	},
	[0.05] = {
		0.517692,
		-0.82016,
		-0.243583,
		0,
		-0.709414,
		-0.252345,
		-0.658068,
		0,
		0.478254,
		0.513478,
		-0.71247,
		0,
		0.133416,
		-0.056137,
		-0.604935,
		1
	},
	[0.0666666666667] = {
		0.259977,
		-0.948322,
		-0.181929,
		0,
		-0.589643,
		-0.006707,
		-0.807636,
		0,
		0.764679,
		0.31724,
		-0.560914,
		0,
		0.216958,
		-0.106555,
		-0.608226,
		1
	},
	[0.0833333333333] = {
		-0.082027,
		-0.977479,
		-0.194438,
		0,
		-0.321338,
		0.210616,
		-0.923246,
		0,
		0.943405,
		-0.013251,
		-0.331378,
		0,
		0.306653,
		-0.164199,
		-0.603668,
		1
	},
	[0] = {
		0.745918,
		-0.517126,
		-0.419745,
		0,
		-0.663752,
		-0.62933,
		-0.4042,
		0,
		-0.055136,
		0.580107,
		-0.812672,
		0,
		-0.00114,
		0.026049,
		-0.601962,
		1
	},
	[0.116666666667] = {
		-0.586504,
		-0.661757,
		-0.467002,
		0,
		0.377518,
		0.286766,
		-0.88048,
		0,
		0.716584,
		-0.692706,
		0.081636,
		0,
		0.452244,
		-0.27776,
		-0.544129,
		1
	},
	[0.133333333333] = {
		-0.631835,
		-0.467741,
		-0.618064,
		0,
		0.604018,
		0.20259,
		-0.770792,
		0,
		0.485744,
		-0.860335,
		0.15452,
		0,
		0.490793,
		-0.307899,
		-0.491709,
		1
	},
	[0.15] = {
		-0.597964,
		-0.335071,
		-0.728126,
		0,
		0.733393,
		0.137784,
		-0.665695,
		0,
		0.323379,
		-0.932064,
		0.163349,
		0,
		0.521535,
		-0.325292,
		-0.442243,
		1
	},
	[0.166666666667] = {
		-0.527738,
		-0.23643,
		-0.815839,
		0,
		0.822096,
		0.099428,
		-0.5606,
		0,
		0.21366,
		-0.966548,
		0.141896,
		0,
		0.553181,
		-0.339627,
		-0.380945,
		1
	},
	[0.183333333333] = {
		-0.426911,
		-0.14055,
		-0.893304,
		0,
		0.896542,
		0.063285,
		-0.438416,
		0,
		0.118152,
		-0.988049,
		0.098992,
		0,
		0.580861,
		-0.348427,
		-0.291289,
		1
	},
	[0.1] = {
		-0.401233,
		-0.864037,
		-0.304061,
		0,
		0.043619,
		0.313553,
		-0.948568,
		0,
		0.914937,
		-0.393859,
		-0.088119,
		0,
		0.391048,
		-0.227825,
		-0.586339,
		1
	},
	[0.216666666667] = {
		-0.167056,
		0.013307,
		-0.985858,
		0,
		0.985549,
		0.03069,
		-0.16659,
		0,
		0.02804,
		-0.99944,
		-0.018242,
		0,
		0.585803,
		-0.291016,
		-0.06124,
		1
	},
	[0.233333333333] = {
		-0.031954,
		0.063559,
		-0.997466,
		0,
		0.997748,
		0.060919,
		-0.028082,
		0,
		0.05898,
		-0.996117,
		-0.065362,
		0,
		0.578816,
		-0.233264,
		0.04561,
		1
	},
	[0.25] = {
		0.091188,
		0.095286,
		-0.991264,
		0,
		0.983489,
		0.147629,
		0.104664,
		0,
		0.156313,
		-0.984442,
		-0.080251,
		0,
		0.566972,
		-0.150642,
		0.132253,
		1
	},
	[0.266666666667] = {
		0.193806,
		0.108391,
		-0.975034,
		0,
		0.923426,
		0.315425,
		0.218613,
		0,
		0.331246,
		-0.94274,
		-0.038959,
		0,
		0.550471,
		-0.037853,
		0.187612,
		1
	},
	[0.283333333333] = {
		0.292611,
		0.101178,
		-0.950864,
		0,
		0.696391,
		0.6589,
		0.284413,
		0,
		0.6553,
		-0.745395,
		0.122342,
		0,
		0.528284,
		0.154935,
		0.196912,
		1
	},
	[0.2] = {
		-0.302886,
		-0.055489,
		-0.95141,
		0,
		0.95162,
		0.036606,
		-0.305088,
		0,
		0.051756,
		-0.997788,
		0.041717,
		0,
		0.5869,
		-0.328152,
		-0.177302,
		1
	},
	[0.316666666667] = {
		0.452217,
		0.116514,
		-0.884265,
		0,
		-0.31875,
		0.947068,
		-0.038221,
		0,
		0.833006,
		0.299143,
		0.465419,
		0,
		0.369124,
		0.606315,
		0.098556,
		1
	},
	[0.333333333333] = {
		0.526166,
		0.071123,
		-0.847402,
		0,
		-0.682791,
		0.629328,
		-0.371136,
		0,
		0.506898,
		0.773878,
		0.379693,
		0,
		0.171574,
		0.708214,
		0.004708,
		1
	},
	[0.35] = {
		0.593168,
		0.060917,
		-0.802771,
		0,
		-0.80287,
		0.118577,
		-0.584243,
		0,
		0.0596,
		0.991074,
		0.119244,
		0,
		-0.051252,
		0.719495,
		-0.10604,
		1
	},
	[0.366666666667] = {
		0.550771,
		0.087669,
		-0.830039,
		0,
		-0.796234,
		-0.243066,
		-0.554012,
		0,
		-0.250324,
		0.96604,
		-0.064068,
		0,
		-0.218572,
		0.674065,
		-0.20623,
		1
	},
	[0.383333333333] = {
		0.489926,
		0.127107,
		-0.862448,
		0,
		-0.699326,
		-0.533376,
		-0.47587,
		0,
		-0.520496,
		0.836274,
		-0.172426,
		0,
		-0.358079,
		0.570582,
		-0.289361,
		1
	},
	[0.3] = {
		0.389033,
		0.10605,
		-0.915099,
		0,
		0.189187,
		0.962982,
		0.192028,
		0,
		0.901588,
		-0.24783,
		0.354569,
		0,
		0.472467,
		0.405299,
		0.161159,
		1
	},
	[0.416666666667] = {
		0.38044,
		0.398165,
		-0.834703,
		0,
		-0.084436,
		-0.883848,
		-0.460091,
		0,
		-0.920943,
		0.245516,
		-0.302632,
		0,
		-0.533938,
		0.161925,
		-0.361509,
		1
	},
	[0.433333333333] = {
		0.343091,
		0.419327,
		-0.840508,
		0,
		-0.052308,
		-0.884904,
		-0.462827,
		0,
		-0.937845,
		0.202757,
		-0.281668,
		0,
		-0.522898,
		0.043273,
		-0.365361,
		1
	},
	[0.45] = {
		0.33401,
		0.411922,
		-0.847796,
		0,
		-0.149314,
		-0.864971,
		-0.479093,
		0,
		-0.930668,
		0.28661,
		-0.227404,
		0,
		-0.501444,
		-0.040258,
		-0.362973,
		1
	},
	[0.466666666667] = {
		0.330002,
		0.43362,
		-0.838494,
		0,
		-0.205974,
		-0.833775,
		-0.512244,
		0,
		-0.921234,
		0.34175,
		-0.185833,
		0,
		-0.477059,
		-0.093544,
		-0.364891,
		1
	},
	[0.483333333333] = {
		0.319813,
		0.50849,
		-0.799474,
		0,
		-0.163214,
		-0.801609,
		-0.575138,
		0,
		-0.933317,
		0.314422,
		-0.173372,
		0,
		-0.453527,
		-0.126689,
		-0.377749,
		1
	},
	[0.4] = {
		0.454026,
		0.269531,
		-0.849243,
		0,
		-0.393241,
		-0.794672,
		-0.462447,
		0,
		-0.799513,
		0.543921,
		-0.254811,
		0,
		-0.469935,
		0.366011,
		-0.336653,
		1
	},
	[0.516666666667] = {
		0.267604,
		0.71807,
		-0.642467,
		0,
		0.018703,
		-0.670531,
		-0.741646,
		0,
		-0.963347,
		0.186451,
		-0.192867,
		0,
		-0.401691,
		-0.172057,
		-0.424465,
		1
	},
	[0.533333333333] = {
		0.22136,
		0.812759,
		-0.538908,
		0,
		0.123614,
		-0.571546,
		-0.811206,
		0,
		-0.967326,
		0.112952,
		-0.226986,
		0,
		-0.375428,
		-0.184858,
		-0.45187,
		1
	},
	[0.55] = {
		0.171081,
		0.882528,
		-0.438035,
		0,
		0.215582,
		-0.467347,
		-0.857386,
		0,
		-0.961382,
		0.05225,
		-0.270212,
		0,
		-0.350608,
		-0.192514,
		-0.477868,
		1
	},
	[0.566666666667] = {
		0.131171,
		0.925256,
		-0.355944,
		0,
		0.283983,
		-0.379069,
		-0.880716,
		0,
		-0.949815,
		0.014443,
		-0.31248,
		0,
		-0.328597,
		-0.197038,
		-0.500039,
		1
	},
	[0.583333333333] = {
		0.117368,
		0.94484,
		-0.305782,
		0,
		0.323032,
		-0.327488,
		-0.88792,
		0,
		-0.939082,
		0.005436,
		-0.34365,
		0,
		-0.310752,
		-0.200779,
		-0.516495,
		1
	},
	[0.5] = {
		0.300771,
		0.610262,
		-0.732882,
		0,
		-0.082938,
		-0.748816,
		-0.657568,
		0,
		-0.950083,
		0.258561,
		-0.174608,
		0,
		-0.428082,
		-0.152832,
		-0.398667,
		1
	},
	[0.616666666667] = {
		0.151698,
		0.952058,
		-0.265657,
		0,
		0.355591,
		-0.303339,
		-0.884048,
		0,
		-0.922249,
		0.039643,
		-0.384559,
		0,
		-0.28245,
		-0.206794,
		-0.541613,
		1
	},
	[0.633333333333] = {
		0.187493,
		0.947322,
		-0.259667,
		0,
		0.362717,
		-0.312444,
		-0.877961,
		0,
		-0.912843,
		0.070426,
		-0.402191,
		0,
		-0.269761,
		-0.20823,
		-0.553772,
		1
	},
	[0.65] = {
		0.23493,
		0.936092,
		-0.261801,
		0,
		0.363344,
		-0.334387,
		-0.869578,
		0,
		-0.901548,
		0.109166,
		-0.418681,
		0,
		-0.25784,
		-0.2086,
		-0.565884,
		1
	},
	[0.666666666667] = {
		0.293079,
		0.916836,
		-0.271139,
		0,
		0.356563,
		-0.367945,
		-0.858766,
		0,
		-0.887112,
		0.155009,
		-0.434747,
		0,
		-0.246555,
		-0.207807,
		-0.578067,
		1
	},
	[0.683333333333] = {
		0.360544,
		0.887595,
		-0.286677,
		0,
		0.341138,
		-0.411536,
		-0.845141,
		0,
		-0.86812,
		0.206914,
		-0.451169,
		0,
		-0.234184,
		-0.203994,
		-0.588681,
		1
	},
	[0.6] = {
		0.128173,
		0.951201,
		-0.280694,
		0,
		0.342411,
		-0.308068,
		-0.887608,
		0,
		-0.930767,
		0.017655,
		-0.365188,
		0,
		-0.296057,
		-0.204325,
		-0.529253,
		1
	},
	[0.716666666667] = {
		0.514545,
		0.790829,
		-0.33141,
		0,
		0.279061,
		-0.519904,
		-0.807357,
		0,
		-0.810783,
		0.322938,
		-0.488203,
		0,
		-0.199233,
		-0.179661,
		-0.595666,
		1
	},
	[0.733333333333] = {
		0.594768,
		0.720033,
		-0.357495,
		0,
		0.230417,
		-0.578735,
		-0.782287,
		0,
		-0.770168,
		0.382906,
		-0.510121,
		0,
		-0.182316,
		-0.165302,
		-0.597858,
		1
	},
	[0.75] = {
		0.671876,
		0.633591,
		-0.383595,
		0,
		0.169795,
		-0.635873,
		-0.752884,
		0,
		-0.720939,
		0.440712,
		-0.534809,
		0,
		-0.165793,
		-0.149679,
		-0.599355,
		1
	},
	[0.766666666667] = {
		0.74163,
		0.532662,
		-0.407744,
		0,
		0.098244,
		-0.687533,
		-0.719477,
		0,
		-0.663576,
		0.493527,
		-0.562226,
		0,
		-0.149649,
		-0.132978,
		-0.600297,
		1
	},
	[0.783333333333] = {
		0.800211,
		0.419949,
		-0.428142,
		0,
		0.017921,
		-0.73033,
		-0.682859,
		0,
		-0.599451,
		0.538759,
		-0.591944,
		0,
		-0.133851,
		-0.11543,
		-0.600826,
		1
	},
	[0.7] = {
		0.435293,
		0.84624,
		-0.307241,
		0,
		0.315712,
		-0.463081,
		-0.82818,
		0,
		-0.843117,
		0.263502,
		-0.468744,
		0,
		-0.216536,
		-0.192605,
		-0.592648,
		1
	},
	[0.816666666667] = {
		0.874084,
		0.176136,
		-0.452718,
		0,
		-0.156073,
		-0.780713,
		-0.605085,
		0,
		-0.46002,
		0.599552,
		-0.654919,
		0,
		-0.103194,
		-0.07898,
		-0.6012,
		1
	},
	[0.833333333333] = {
		0.888292,
		0.054866,
		-0.455991,
		0,
		-0.24239,
		-0.787306,
		-0.566918,
		0,
		-0.390109,
		0.614116,
		-0.686059,
		0,
		-0.08835,
		-0.060778,
		-0.601291,
		1
	},
	[0.85] = {
		0.889131,
		-0.059882,
		-0.453719,
		0,
		-0.323758,
		-0.783008,
		-0.531112,
		0,
		-0.323461,
		0.619123,
		-0.715584,
		0,
		-0.073902,
		-0.043099,
		-0.60145,
		1
	},
	[0.866666666667] = {
		0.879322,
		-0.164662,
		-0.446855,
		0,
		-0.397671,
		-0.770134,
		-0.49875,
		0,
		-0.262012,
		0.616263,
		-0.742677,
		0,
		-0.059954,
		-0.026325,
		-0.601754,
		1
	},
	[0.883333333333] = {
		0.862112,
		-0.25719,
		-0.436597,
		0,
		-0.462486,
		-0.751444,
		-0.470573,
		0,
		-0.207052,
		0.607606,
		-0.766775,
		0,
		-0.046639,
		-0.010823,
		-0.602264,
		1
	},
	[0.8] = {
		0.844811,
		0.299489,
		-0.443397,
		0,
		-0.06807,
		-0.761789,
		-0.644239,
		0,
		-0.530717,
		0.574442,
		-0.623181,
		0,
		-0.11837,
		-0.09732,
		-0.601084,
		1
	},
	[0.916666666667] = {
		0.81866,
		-0.401283,
		-0.410813,
		0,
		-0.561822,
		-0.707823,
		-0.428185,
		0,
		-0.118959,
		0.581342,
		-0.804916,
		0,
		-0.022519,
		0.015007,
		-0.604108,
		1
	},
	[0.933333333333] = {
		0.79827,
		-0.452558,
		-0.397438,
		0,
		-0.596138,
		-0.687821,
		-0.414152,
		0,
		-0.085938,
		0.567532,
		-0.818854,
		0,
		-0.012032,
		0.024716,
		-0.605535,
		1
	},
	[0.95] = {
		0.781941,
		-0.490365,
		-0.384851,
		0,
		-0.620461,
		-0.671662,
		-0.404845,
		0,
		-0.059968,
		0.555349,
		-0.829452,
		0,
		-0.002792,
		0.031901,
		-0.607364,
		1
	},
	[0.966666666667] = {
		0.77069,
		-0.515215,
		-0.374954,
		0,
		-0.635828,
		-0.660533,
		-0.399274,
		0,
		-0.041958,
		0.546123,
		-0.836654,
		0,
		0.004177,
		0.036513,
		-0.609034,
		1
	},
	[0.983333333333] = {
		0.764072,
		-0.529252,
		-0.368898,
		0,
		-0.644348,
		-0.654217,
		-0.395999,
		0,
		-0.031756,
		0.540271,
		-0.840892,
		0,
		0.008268,
		0.038965,
		-0.610022,
		1
	},
	[0.9] = {
		0.840847,
		-0.336206,
		-0.424196,
		0,
		-0.517304,
		-0.729789,
		-0.446996,
		0,
		-0.159291,
		0.595293,
		-0.787561,
		0,
		-0.034108,
		0.003061,
		-0.603033,
		1
	},
	[1.01666666667] = {
		0.76229,
		-0.53389,
		-0.36589,
		0,
		-0.646609,
		-0.653055,
		-0.394228,
		0,
		-0.028472,
		0.537104,
		-0.843036,
		0,
		0.00981,
		0.038992,
		-0.610409,
		1
	},
	[1.03333333333] = {
		0.765404,
		-0.528222,
		-0.367612,
		0,
		-0.64272,
		-0.65644,
		-0.394966,
		0,
		-0.032686,
		0.53858,
		-0.84194,
		0,
		0.008277,
		0.037352,
		-0.610046,
		1
	},
	[1.05] = {
		0.769924,
		-0.519516,
		-0.370567,
		0,
		-0.636936,
		-0.661222,
		-0.396355,
		0,
		-0.039114,
		0.541191,
		-0.83999,
		0,
		0.005887,
		0.035128,
		-0.609474,
		1
	},
	[1.06666666667] = {
		0.774912,
		-0.509501,
		-0.374059,
		0,
		-0.630358,
		-0.666473,
		-0.398074,
		0,
		-0.046481,
		0.544264,
		-0.837625,
		0,
		0.003149,
		0.032711,
		-0.608815,
		1
	},
	[1.08333333333] = {
		0.779482,
		-0.49998,
		-0.377397,
		0,
		-0.62414,
		-0.671288,
		-0.399777,
		0,
		-0.053462,
		0.547167,
		-0.835314,
		0,
		0.000571,
		0.030495,
		-0.608192,
		1
	},
	{
		0.761539,
		-0.534821,
		-0.366093,
		0,
		-0.647525,
		-0.652008,
		-0.394458,
		0,
		-0.027731,
		0.537449,
		-0.84284,
		0,
		0.009977,
		0.03966,
		-0.610441,
		1
	},
	[1.11666666667] = {
		0.784088,
		-0.490037,
		-0.380879,
		0,
		-0.617671,
		-0.676159,
		-0.401611,
		0,
		-0.060731,
		0.550157,
		-0.83285,
		0,
		-0.002095,
		0.028245,
		-0.607547,
		1
	},
	[1.1] = {
		0.782804,
		-0.492845,
		-0.379896,
		0,
		-0.619495,
		-0.6748,
		-0.401087,
		0,
		-0.05868,
		0.549316,
		-0.833552,
		0,
		-0.001345,
		0.028874,
		-0.607729,
		1
	}
}

return spline_matrices
