local spline_matrices = {
	[0] = {
		0.799286,
		-0.493237,
		-0.343306,
		0,
		-0.584054,
		-0.772092,
		-0.250511,
		0,
		-0.141502,
		0.400739,
		-0.905199,
		0,
		-0.014579,
		0.055908,
		-0.622606,
		1
	},
	{
		0.816229,
		-0.419257,
		-0.397485,
		0,
		-0.517328,
		-0.836683,
		-0.179813,
		0,
		-0.257181,
		0.352399,
		-0.899818,
		0,
		-0.041688,
		0.07661,
		-0.624038,
		1
	},
	[0.0166666666667] = {
		0.800757,
		-0.490908,
		-0.343215,
		0,
		-0.581105,
		-0.775646,
		-0.246354,
		0,
		-0.145276,
		0.396714,
		-0.906373,
		0,
		-0.014059,
		0.056262,
		-0.622684,
		1
	},
	[0.0333333333333] = {
		0.802319,
		-0.488231,
		-0.343389,
		0,
		-0.577917,
		-0.779306,
		-0.242268,
		0,
		-0.149322,
		0.392826,
		-0.907409,
		0,
		-0.013491,
		0.057,
		-0.622736,
		1
	},
	[0.05] = {
		0.727312,
		-0.665024,
		-0.16959,
		0,
		-0.68291,
		-0.725825,
		-0.082539,
		0,
		-0.068202,
		0.175846,
		-0.982052,
		0,
		-0.054733,
		0.011474,
		-0.590207,
		1
	},
	[0.0666666666667] = {
		0.595935,
		-0.799207,
		0.078285,
		0,
		-0.802969,
		-0.591822,
		0.070628,
		0,
		-0.010115,
		-0.10495,
		-0.994426,
		0,
		-0.097458,
		-0.039018,
		-0.559052,
		1
	},
	[0.0833333333333] = {
		0.405888,
		-0.82941,
		0.383842,
		0,
		-0.913871,
		-0.36387,
		0.180105,
		0,
		-0.009712,
		-0.423885,
		-0.905664,
		0,
		-0.140717,
		-0.090418,
		-0.528259,
		1
	},
	[0.116666666667] = {
		0.02439,
		-0.466596,
		0.884134,
		0,
		-0.971016,
		0.199287,
		0.131959,
		0,
		-0.237767,
		-0.861727,
		-0.448212,
		0,
		-0.224478,
		-0.179255,
		-0.464033,
		1
	},
	[0.133333333333] = {
		-0.062668,
		-0.211271,
		0.975417,
		0,
		-0.918821,
		0.3938,
		0.026263,
		0,
		-0.389667,
		-0.894587,
		-0.218799,
		0,
		-0.262912,
		-0.208706,
		-0.428414,
		1
	},
	[0.15] = {
		-0.075664,
		-0.02889,
		0.996715,
		0,
		-0.860549,
		0.506845,
		-0.050636,
		0,
		-0.503717,
		-0.861553,
		-0.063211,
		0,
		-0.297928,
		-0.222866,
		-0.388578,
		1
	},
	[0.166666666667] = {
		-0.044857,
		0.077273,
		0.996,
		0,
		-0.815507,
		0.573024,
		-0.081186,
		0,
		-0.577006,
		-0.815887,
		0.037313,
		0,
		-0.331906,
		-0.222801,
		-0.343724,
		1
	},
	[0.183333333333] = {
		0.008214,
		0.143476,
		0.98962,
		0,
		-0.779755,
		0.620493,
		-0.083488,
		0,
		-0.626031,
		-0.770975,
		0.116973,
		0,
		-0.366595,
		-0.212678,
		-0.294691,
		1
	},
	[0.1] = {
		0.193653,
		-0.707323,
		0.679847,
		0,
		-0.976718,
		-0.073802,
		0.201432,
		0,
		-0.092304,
		-0.703027,
		-0.705147,
		0,
		-0.183428,
		-0.138529,
		-0.496903,
		1
	},
	[0.216666666667] = {
		0.154232,
		0.19298,
		0.969005,
		0,
		-0.719655,
		0.693929,
		-0.023654,
		0,
		-0.676985,
		-0.693701,
		0.245905,
		0,
		-0.431074,
		-0.165001,
		-0.187815,
		1
	},
	[0.233333333333] = {
		0.239583,
		0.188726,
		0.952356,
		0,
		-0.685578,
		0.727448,
		0.028314,
		0,
		-0.687446,
		-0.659698,
		0.303671,
		0,
		-0.457311,
		-0.128996,
		-0.131908,
		1
	},
	[0.25] = {
		0.328269,
		0.171059,
		0.928966,
		0,
		-0.642868,
		0.761016,
		0.087038,
		0,
		-0.692069,
		-0.625775,
		0.359786,
		0,
		-0.477198,
		-0.085963,
		-0.075746,
		1
	},
	[0.266666666667] = {
		0.415571,
		0.143787,
		0.898124,
		0,
		-0.588401,
		0.795479,
		0.144905,
		0,
		-0.693603,
		-0.588675,
		0.415183,
		0,
		-0.489043,
		-0.036713,
		-0.020473,
		1
	},
	[0.283333333333] = {
		0.495977,
		0.110831,
		0.861233,
		0,
		-0.520897,
		0.831521,
		0.192973,
		0,
		-0.694746,
		-0.544325,
		0.470147,
		0,
		-0.49125,
		0.017966,
		0.032673,
		1
	},
	[0.2] = {
		0.07599,
		0.179645,
		0.980792,
		0,
		-0.749421,
		0.659122,
		-0.062663,
		0,
		-0.657719,
		-0.730264,
		0.184716,
		0,
		-0.400243,
		-0.193161,
		-0.242405,
		1
	},
	[0.316666666667] = {
		0.614626,
		0.047016,
		0.787416,
		0,
		-0.353403,
		0.908849,
		0.221586,
		0,
		-0.705224,
		-0.414467,
		0.575218,
		0,
		-0.411761,
		0.335744,
		0.125149,
		1
	},
	[0.333333333333] = {
		0.574345,
		-0.075343,
		0.815139,
		0,
		-0.120099,
		0.977226,
		0.174947,
		0,
		-0.809756,
		-0.198377,
		0.552216,
		0,
		-0.369716,
		0.463148,
		0.120378,
		1
	},
	[0.35] = {
		0.482185,
		-0.173191,
		0.85878,
		0,
		0.196036,
		0.976738,
		0.08691,
		0,
		-0.853855,
		0.126445,
		0.50492,
		0,
		-0.289325,
		0.580432,
		0.083008,
		1
	},
	[0.366666666667] = {
		0.432367,
		-0.165263,
		0.886424,
		0,
		0.521244,
		0.847974,
		-0.09615,
		0,
		-0.735774,
		0.503615,
		0.452778,
		0,
		-0.130163,
		0.714972,
		0.009271,
		1
	},
	[0.383333333333] = {
		0.42082,
		-0.106542,
		0.900866,
		0,
		0.797863,
		0.516016,
		-0.311678,
		0,
		-0.431655,
		0.849927,
		0.302156,
		0,
		0.076134,
		0.810197,
		-0.093812,
		1
	},
	[0.3] = {
		0.563879,
		0.076734,
		0.822285,
		0,
		-0.441524,
		0.869444,
		0.221638,
		0,
		-0.697923,
		-0.488036,
		0.524141,
		0,
		-0.462433,
		0.157238,
		0.087958,
		1
	},
	[0.416666666667] = {
		0.484007,
		-0.049398,
		0.873669,
		0,
		0.753014,
		-0.485086,
		-0.444592,
		0,
		0.445766,
		0.87307,
		-0.197588,
		0,
		0.586216,
		0.646535,
		-0.362031,
		1
	},
	[0.433333333333] = {
		0.517526,
		-0.130108,
		0.845718,
		0,
		0.588852,
		-0.662951,
		-0.462331,
		0,
		0.620822,
		0.737271,
		-0.26648,
		0,
		0.638018,
		0.427464,
		-0.466724,
		1
	},
	[0.45] = {
		0.491781,
		-0.157169,
		0.856417,
		0,
		0.494189,
		-0.759423,
		-0.423147,
		0,
		0.716889,
		0.631327,
		-0.295799,
		0,
		0.661285,
		0.356887,
		-0.503034,
		1
	},
	[0.466666666667] = {
		0.442207,
		-0.165835,
		0.881449,
		0,
		0.435307,
		-0.819569,
		-0.372578,
		0,
		0.784195,
		0.548457,
		-0.29023,
		0,
		0.668211,
		0.30623,
		-0.507269,
		1
	},
	[0.483333333333] = {
		0.383138,
		-0.153206,
		0.910897,
		0,
		0.395031,
		-0.864239,
		-0.311515,
		0,
		0.834958,
		0.479186,
		-0.270602,
		0,
		0.629636,
		0.245024,
		-0.477341,
		1
	},
	[0.4] = {
		0.46673,
		-0.027621,
		0.883969,
		0,
		0.876764,
		-0.116606,
		-0.46657,
		0,
		0.115964,
		0.992794,
		-0.030206,
		0,
		0.324905,
		0.77539,
		-0.228154,
		1
	},
	[0.516666666667] = {
		0.296422,
		-0.057943,
		0.953298,
		0,
		0.293853,
		-0.944203,
		-0.148762,
		0,
		0.908727,
		0.324226,
		-0.262856,
		0,
		0.657418,
		0.182605,
		-0.464227,
		1
	},
	[0.533333333333] = {
		0.305431,
		0.020302,
		0.951998,
		0,
		0.204216,
		-0.977906,
		-0.044665,
		0,
		0.930058,
		0.208055,
		-0.302829,
		0,
		0.665146,
		0.133324,
		-0.471774,
		1
	},
	[0.55] = {
		0.41373,
		0.143656,
		0.898994,
		0,
		0.07467,
		-0.9895,
		0.123754,
		0,
		0.907332,
		0.015927,
		-0.420113,
		0,
		0.656813,
		0.058479,
		-0.497531,
		1
	},
	[0.566666666667] = {
		0.587001,
		0.216122,
		0.780205,
		0,
		-0.064247,
		-0.948234,
		0.311005,
		0,
		0.807033,
		-0.232686,
		-0.54273,
		0,
		0.626149,
		-0.011546,
		-0.520976,
		1
	},
	[0.583333333333] = {
		0.743776,
		0.214024,
		0.633238,
		0,
		-0.154341,
		-0.866764,
		0.474235,
		0,
		0.650366,
		-0.45046,
		-0.611646,
		0,
		0.585155,
		-0.067974,
		-0.539895,
		1
	},
	[0.5] = {
		0.32879,
		-0.116781,
		0.937155,
		0,
		0.352509,
		-0.905431,
		-0.236501,
		0,
		0.876148,
		0.408114,
		-0.25653,
		0,
		0.644664,
		0.216855,
		-0.468932,
		1
	},
	[0.616666666667] = {
		0.879919,
		0.137139,
		0.454902,
		0,
		-0.194155,
		-0.770062,
		0.607707,
		0,
		0.433643,
		-0.623054,
		-0.650966,
		0,
		0.519073,
		-0.130578,
		-0.568005,
		1
	},
	[0.633333333333] = {
		0.915043,
		0.087919,
		0.393658,
		0,
		-0.196718,
		-0.754747,
		0.625827,
		0,
		0.352134,
		-0.650098,
		-0.673331,
		0,
		0.487639,
		-0.147597,
		-0.586061,
		1
	},
	[0.65] = {
		0.940774,
		0.032739,
		0.337449,
		0,
		-0.198383,
		-0.753983,
		0.626222,
		0,
		0.274933,
		-0.656078,
		-0.702833,
		0,
		0.453334,
		-0.158647,
		-0.607803,
		1
	},
	[0.666666666667] = {
		0.956674,
		-0.029405,
		0.289674,
		0,
		-0.20248,
		-0.78212,
		0.589314,
		0,
		0.209231,
		-0.622434,
		-0.754187,
		0,
		0.412718,
		-0.152052,
		-0.618307,
		1
	},
	[0.683333333333] = {
		0.966981,
		-0.095148,
		0.236422,
		0,
		-0.211469,
		-0.817307,
		0.535995,
		0,
		0.142231,
		-0.568293,
		-0.81044,
		0,
		0.368401,
		-0.139494,
		-0.62631,
		1
	},
	[0.6] = {
		0.833644,
		0.176924,
		0.523197,
		0,
		-0.186994,
		-0.80094,
		0.568795,
		0,
		0.519684,
		-0.572008,
		-0.634615,
		0,
		0.548433,
		-0.106612,
		-0.554049,
		1
	},
	[0.716666666667] = {
		0.968482,
		-0.223637,
		0.109677,
		0,
		-0.248843,
		-0.888036,
		0.386612,
		0,
		0.010937,
		-0.401719,
		-0.915698,
		0,
		0.272954,
		-0.100146,
		-0.635577,
		1
	},
	[0.733333333333] = {
		0.959514,
		-0.279158,
		0.037474,
		0,
		-0.277425,
		-0.913683,
		0.297017,
		0,
		-0.048675,
		-0.295388,
		-0.954137,
		0,
		0.224194,
		-0.075396,
		-0.637082,
		1
	},
	[0.75] = {
		0.945002,
		-0.324907,
		-0.037511,
		0,
		-0.311045,
		-0.928239,
		0.204019,
		0,
		-0.101107,
		-0.181131,
		-0.978248,
		0,
		0.176468,
		-0.048877,
		-0.63678,
		1
	},
	[0.766666666667] = {
		0.926441,
		-0.359467,
		-0.111763,
		0,
		-0.347479,
		-0.930805,
		0.113404,
		0,
		-0.144795,
		-0.066226,
		-0.987243,
		0,
		0.131085,
		-0.021993,
		-0.635025,
		1
	},
	[0.783333333333] = {
		0.905718,
		-0.383024,
		-0.181567,
		0,
		-0.384097,
		-0.922784,
		0.030649,
		0,
		-0.179287,
		0.04198,
		-0.982901,
		0,
		0.089304,
		0.003764,
		-0.632313,
		1
	},
	[0.7] = {
		0.971036,
		-0.161113,
		0.176443,
		0,
		-0.22672,
		-0.854374,
		0.467593,
		0,
		0.075413,
		-0.494053,
		-0.866155,
		0,
		0.32144,
		-0.121873,
		-0.632034,
		1
	},
	[0.816666666667] = {
		0.865476,
		-0.404562,
		-0.295432,
		0,
		-0.447901,
		-0.889057,
		-0.094673,
		0,
		-0.224355,
		0.214262,
		-0.950661,
		0,
		0.02127,
		0.045867,
		-0.626637,
		1
	},
	[0.833333333333] = {
		0.849197,
		-0.408007,
		-0.335252,
		0,
		-0.471115,
		-0.872152,
		-0.131916,
		0,
		-0.238568,
		0.269965,
		-0.932847,
		0,
		-0.002764,
		0.0593,
		-0.625153,
		1
	},
	[0.85] = {
		0.836167,
		-0.409673,
		-0.364683,
		0,
		-0.488647,
		-0.858405,
		-0.156095,
		0,
		-0.249097,
		0.308723,
		-0.917955,
		0,
		-0.020705,
		0.068321,
		-0.624529,
		1
	},
	[0.866666666667] = {
		0.825784,
		-0.410417,
		-0.386831,
		0,
		-0.502366,
		-0.847016,
		-0.17376,
		0,
		-0.256338,
		0.337819,
		-0.905632,
		0,
		-0.034471,
		0.075142,
		-0.624008,
		1
	},
	[0.883333333333] = {
		0.81796,
		-0.410879,
		-0.40264,
		0,
		-0.512623,
		-0.838221,
		-0.186017,
		0,
		-0.261071,
		0.358558,
		-0.896258,
		0,
		-0.044471,
		0.079986,
		-0.623619,
		1
	},
	[0.8] = {
		0.884803,
		-0.397201,
		-0.243629,
		0,
		-0.418311,
		-0.907432,
		-0.039773,
		0,
		-0.205279,
		0.137105,
		-0.969053,
		0,
		0.052322,
		0.026879,
		-0.629276,
		1
	},
	[0.916666666667] = {
		0.809249,
		-0.412236,
		-0.418542,
		0,
		-0.524218,
		-0.828306,
		-0.197748,
		0,
		-0.265162,
		0.379435,
		-0.886408,
		0,
		-0.054768,
		0.084613,
		-0.623259,
		1
	},
	[0.933333333333] = {
		0.807892,
		-0.413347,
		-0.420065,
		0,
		-0.526269,
		-0.82681,
		-0.198561,
		0,
		-0.265239,
		0.381484,
		-0.885505,
		0,
		-0.055837,
		0.084826,
		-0.623267,
		1
	},
	[0.95] = {
		0.808186,
		-0.414714,
		-0.418149,
		0,
		-0.526278,
		-0.827242,
		-0.196728,
		0,
		-0.264324,
		0.379055,
		-0.88682,
		0,
		-0.054692,
		0.083924,
		-0.623373,
		1
	},
	[0.966666666667] = {
		0.809858,
		-0.416234,
		-0.413375,
		0,
		-0.524575,
		-0.829267,
		-0.192711,
		0,
		-0.262585,
		0.372914,
		-0.889935,
		0,
		-0.051705,
		0.082118,
		-0.623552,
		1
	},
	[0.983333333333] = {
		0.812632,
		-0.417783,
		-0.406309,
		0,
		-0.521484,
		-0.832529,
		-0.186948,
		0,
		-0.260161,
		0.363803,
		-0.894407,
		0,
		-0.047247,
		0.079623,
		-0.62378,
		1
	},
	[0.9] = {
		0.812522,
		-0.411427,
		-0.41296,
		0,
		-0.519787,
		-0.832031,
		-0.193768,
		0,
		-0.263874,
		0.372092,
		-0.889898,
		0,
		-0.051107,
		0.08307,
		-0.623371,
		1
	},
	[1.01666666667] = {
		0.820371,
		-0.420582,
		-0.387429,
		0,
		-0.512431,
		-0.841395,
		-0.171665,
		0,
		-0.253782,
		0.33936,
		-0.905776,
		0,
		-0.035395,
		0.07323,
		-0.624311,
		1
	},
	[1.03333333333] = {
		0.824787,
		-0.421683,
		-0.37671,
		0,
		-0.507118,
		-0.846336,
		-0.162933,
		0,
		-0.250117,
		0.325421,
		-0.911889,
		0,
		-0.028737,
		0.06967,
		-0.624582,
		1
	},
	[1.05] = {
		0.829207,
		-0.422517,
		-0.365916,
		0,
		-0.501716,
		-0.851199,
		-0.154081,
		0,
		-0.246366,
		0.311351,
		-0.917804,
		0,
		-0.022084,
		0.066122,
		-0.624837,
		1
	},
	[1.06666666667] = {
		0.833374,
		-0.42308,
		-0.355657,
		0,
		-0.496557,
		-0.855704,
		-0.145607,
		0,
		-0.242733,
		0.297949,
		-0.923205,
		0,
		-0.015806,
		0.062779,
		-0.625063,
		1
	},
	[1.08333333333] = {
		0.837035,
		-0.423402,
		-0.34656,
		0,
		-0.49197,
		-0.859599,
		-0.138043,
		0,
		-0.239455,
		0.286044,
		-0.927815,
		0,
		-0.010274,
		0.059837,
		-0.625251,
		1
	},
	[1.11666666667] = {
		0.84187,
		-0.423577,
		-0.334421,
		0,
		-0.485834,
		-0.864646,
		-0.127875,
		0,
		-0.234991,
		0.270127,
		-0.933708,
		0,
		-0.00294,
		0.055943,
		-0.625483,
		1
	},
	[1.13333333333] = {
		0.842565,
		-0.423577,
		-0.332666,
		0,
		-0.484943,
		-0.865363,
		-0.126398,
		0,
		-0.234337,
		0.267822,
		-0.934536,
		0,
		-0.001883,
		0.055383,
		-0.625515,
		1
	},
	[1.1] = {
		0.839947,
		-0.423542,
		-0.339266,
		0,
		-0.488286,
		-0.862652,
		-0.131944,
		0,
		-0.236785,
		0.276485,
		-0.931391,
		0,
		-0.005861,
		0.057493,
		-0.625393,
		1
	}
}

return spline_matrices
