-- chunkname: @content/characters/player/human/first_person/animations/power_sword/swing_left.lua

local spline_matrices = {
	[0.0166666666667] = {
		0.421189,
		-0.807022,
		-0.413903,
		0,
		-0.6539,
		0.04604,
		-0.755179,
		0,
		0.628502,
		0.588724,
		-0.50832,
		0,
		0.043862,
		-0.003353,
		-0.60562,
		1,
	},
	[0.0333333333333] = {
		0.302121,
		-0.889064,
		-0.343931,
		0,
		-0.490348,
		0.16446,
		-0.855869,
		0,
		0.817485,
		0.427222,
		-0.386264,
		0,
		0.109429,
		-0.042927,
		-0.587882,
		1,
	},
	[0.05] = {
		0.106249,
		-0.96347,
		-0.245839,
		0,
		-0.328348,
		0.199373,
		-0.923276,
		0,
		0.938562,
		0.178817,
		-0.29517,
		0,
		0.189231,
		-0.085576,
		-0.563593,
		1,
	},
	[0.0666666666667] = {
		-0.134527,
		-0.976469,
		-0.168556,
		0,
		-0.16165,
		0.189449,
		-0.968493,
		0,
		0.977636,
		-0.103041,
		-0.183332,
		0,
		0.267499,
		-0.122291,
		-0.530394,
		1,
	},
	[0.0833333333333] = {
		-0.305273,
		-0.933584,
		-0.187692,
		0,
		0.004997,
		0.195528,
		-0.980685,
		0,
		0.952252,
		-0.300315,
		-0.055025,
		0,
		0.326327,
		-0.139066,
		-0.490345,
		1,
	},
	[0] = {
		0.77334,
		-0.491621,
		-0.400318,
		0,
		-0.632481,
		-0.55467,
		-0.540657,
		0,
		0.043754,
		0.671305,
		-0.739889,
		0,
		-0.013237,
		0.020698,
		-0.585612,
		1,
	},
	[0.116666666667] = {
		-0.380323,
		-0.814276,
		-0.43853,
		0,
		0.349313,
		0.312569,
		-0.883335,
		0,
		0.85635,
		-0.489137,
		0.165561,
		0,
		0.414936,
		-0.104991,
		-0.36016,
		1,
	},
	[0.133333333333] = {
		-0.338324,
		-0.724768,
		-0.600207,
		0,
		0.526689,
		0.38272,
		-0.759029,
		0,
		0.77983,
		-0.57292,
		0.252244,
		0,
		0.456849,
		-0.067029,
		-0.258793,
		1,
	},
	[0.15] = {
		-0.235597,
		-0.609777,
		-0.756747,
		0,
		0.686808,
		0.446449,
		-0.573566,
		0,
		0.687597,
		-0.65487,
		0.313617,
		0,
		0.492231,
		-0.02135,
		-0.155805,
		1,
	},
	[0.166666666667] = {
		-0.078286,
		-0.472318,
		-0.877945,
		0,
		0.805089,
		0.489432,
		-0.335095,
		0,
		0.587966,
		-0.733057,
		0.341942,
		0,
		0.519094,
		0.02646,
		-0.071467,
		1,
	},
	[0.183333333333] = {
		0.110947,
		-0.324543,
		-0.939342,
		0,
		0.862205,
		0.501498,
		-0.071432,
		0,
		0.494261,
		-0.80198,
		0.335462,
		0,
		0.539366,
		0.07479,
		-0.026826,
		1,
	},
	[0.1] = {
		-0.366727,
		-0.882043,
		-0.295824,
		0,
		0.172814,
		0.247858,
		-0.953259,
		0,
		0.914137,
		-0.400708,
		0.061533,
		0,
		0.370473,
		-0.130306,
		-0.440769,
		1,
	},
	[0.216666666667] = {
		0.175318,
		-0.022098,
		-0.984264,
		0,
		0.902107,
		0.404,
		0.151614,
		0,
		0.394292,
		-0.914492,
		0.090763,
		0,
		0.620667,
		0.180867,
		-0.01728,
		1,
	},
	[0.233333333333] = {
		0.17757,
		0.085948,
		-0.980348,
		0,
		0.903513,
		0.380589,
		0.197019,
		0,
		0.390043,
		-0.920741,
		-0.010074,
		0,
		0.647116,
		0.240837,
		-0.019675,
		1,
	},
	[0.25] = {
		0.180062,
		0.119343,
		-0.976389,
		0,
		0.879394,
		0.425215,
		0.214148,
		0,
		0.440732,
		-0.89719,
		-0.028384,
		0,
		0.656815,
		0.311854,
		-0.024114,
		1,
	},
	[0.266666666667] = {
		0.172477,
		0.109114,
		-0.978951,
		0,
		0.834512,
		0.511804,
		0.204075,
		0,
		0.523299,
		-0.852145,
		-0.002783,
		0,
		0.649785,
		0.380908,
		-0.031494,
		1,
	},
	[0.283333333333] = {
		0.174597,
		0.102905,
		-0.979248,
		0,
		0.776149,
		0.597593,
		0.201183,
		0,
		0.605894,
		-0.795169,
		0.024468,
		0,
		0.622144,
		0.438068,
		-0.039386,
		1,
	},
	[0.2] = {
		0.169484,
		-0.173335,
		-0.97017,
		0,
		0.884167,
		0.461591,
		0.07199,
		0,
		0.435343,
		-0.869993,
		0.231489,
		0,
		0.577163,
		0.126473,
		-0.018806,
		1,
	},
	[0.316666666667] = {
		0.132849,
		0.239459,
		-0.961775,
		0,
		0.061649,
		0.966501,
		0.249151,
		0,
		0.989217,
		-0.092392,
		0.113637,
		0,
		0.447456,
		0.599652,
		-0.046124,
		1,
	},
	[0.333333333333] = {
		-0.005982,
		0.211006,
		-0.977467,
		0,
		-0.535676,
		0.824728,
		0.181312,
		0,
		0.844402,
		0.52469,
		0.108097,
		0,
		0.273596,
		0.653584,
		-0.055565,
		1,
	},
	[0.35] = {
		-0.082241,
		0.104495,
		-0.991119,
		0,
		-0.921566,
		0.370629,
		0.115545,
		0,
		0.379411,
		0.922884,
		0.065818,
		0,
		0.061164,
		0.662368,
		-0.063568,
		1,
	},
	[0.366666666667] = {
		-0.051143,
		0.061604,
		-0.99679,
		0,
		-0.970502,
		-0.23853,
		0.035053,
		0,
		-0.235605,
		0.969179,
		0.071986,
		0,
		-0.175602,
		0.580213,
		-0.067881,
		1,
	},
	[0.383333333333] = {
		-0.00099,
		0.082748,
		-0.99657,
		0,
		-0.780267,
		-0.623365,
		-0.050984,
		0,
		-0.625445,
		0.777541,
		0.065183,
		0,
		-0.385134,
		0.440317,
		-0.089794,
		1,
	},
	[0.3] = {
		0.197247,
		0.124048,
		-0.972474,
		0,
		0.702331,
		0.674196,
		0.228454,
		0,
		0.683977,
		-0.728061,
		0.04586,
		0,
		0.576688,
		0.499882,
		-0.044289,
		1,
	},
	[0.416666666667] = {
		0.064409,
		0.123487,
		-0.990254,
		0,
		-0.541076,
		-0.829469,
		-0.13863,
		0,
		-0.838504,
		0.544731,
		0.01339,
		0,
		-0.507246,
		0.242683,
		-0.143096,
		1,
	},
	[0.433333333333] = {
		0.092591,
		0.144142,
		-0.985216,
		0,
		-0.464708,
		-0.868837,
		-0.170789,
		0,
		-0.88061,
		0.473651,
		-0.013463,
		0,
		-0.504144,
		0.213449,
		-0.15852,
		1,
	},
	[0.45] = {
		0.118229,
		0.166457,
		-0.978935,
		0,
		-0.398174,
		-0.895174,
		-0.200303,
		0,
		-0.909659,
		0.413468,
		-0.039556,
		0,
		-0.497364,
		0.187239,
		-0.172218,
		1,
	},
	[0.466666666667] = {
		0.141328,
		0.189844,
		-0.971589,
		0,
		-0.338939,
		-0.912846,
		-0.227668,
		0,
		-0.930133,
		0.361485,
		-0.064666,
		0,
		-0.489872,
		0.159833,
		-0.184892,
		1,
	},
	[0.483333333333] = {
		0.163135,
		0.213085,
		-0.963318,
		0,
		-0.290092,
		-0.922877,
		-0.253266,
		0,
		-0.942992,
		0.320768,
		-0.088739,
		0,
		-0.481384,
		0.132214,
		-0.196831,
		1,
	},
	[0.4] = {
		0.033856,
		0.104839,
		-0.993913,
		0,
		-0.630036,
		-0.769751,
		-0.102656,
		0,
		-0.775828,
		0.629676,
		0.039991,
		0,
		-0.486258,
		0.292892,
		-0.126224,
		1,
	},
	[0.516666666667] = {
		0.205771,
		0.256494,
		-0.944388,
		0,
		-0.220879,
		-0.927963,
		-0.30016,
		0,
		-0.953347,
		0.27036,
		-0.134294,
		0,
		-0.46207,
		0.079161,
		-0.219541,
		1,
	},
	[0.533333333333] = {
		0.227919,
		0.275592,
		-0.933864,
		0,
		-0.198651,
		-0.925773,
		-0.321687,
		0,
		-0.9532,
		0.258832,
		-0.156255,
		0,
		-0.451662,
		0.054235,
		-0.231503,
		1,
	},
	[0.55] = {
		0.251377,
		0.292318,
		-0.922692,
		0,
		-0.183312,
		-0.921671,
		-0.341935,
		0,
		-0.950372,
		0.255095,
		-0.178101,
		0,
		-0.440903,
		0.030311,
		-0.244778,
		1,
	},
	[0.566666666667] = {
		0.276605,
		0.306212,
		-0.910892,
		0,
		-0.17383,
		-0.916295,
		-0.360814,
		0,
		-0.945131,
		0.258144,
		-0.200223,
		0,
		-0.429683,
		0.007564,
		-0.260123,
		1,
	},
	[0.583333333333] = {
		0.303981,
		0.316806,
		-0.89846,
		0,
		-0.169198,
		-0.910142,
		-0.378171,
		0,
		-0.937533,
		0.266974,
		-0.223063,
		0,
		-0.403403,
		-0.013654,
		-0.275247,
		1,
	},
	[0.5] = {
		0.184385,
		0.235492,
		-0.954225,
		0,
		-0.251029,
		-0.927387,
		-0.277375,
		0,
		-0.950256,
		0.290682,
		-0.111881,
		0,
		-0.472055,
		0.105091,
		-0.208193,
		1,
	},
	[0.616666666667] = {
		0.36626,
		0.326105,
		-0.871498,
		0,
		-0.170727,
		-0.897129,
		-0.407446,
		0,
		-0.914717,
		0.298019,
		-0.272907,
		0,
		-0.322805,
		-0.045916,
		-0.302843,
		1,
	},
	[0.633333333333] = {
		0.401463,
		0.323791,
		-0.85673,
		0,
		-0.175077,
		-0.891041,
		-0.4188,
		0,
		-0.898986,
		0.318126,
		-0.301032,
		0,
		-0.283308,
		-0.05534,
		-0.317507,
		1,
	},
	[0.65] = {
		0.439402,
		0.316174,
		-0.840809,
		0,
		-0.180666,
		-0.885779,
		-0.427499,
		0,
		-0.879935,
		0.33975,
		-0.332091,
		0,
		-0.246324,
		-0.059437,
		-0.332905,
		1,
	},
	[0.666666666667] = {
		0.479962,
		0.302808,
		-0.823374,
		0,
		-0.186702,
		-0.881786,
		-0.433123,
		0,
		-0.857193,
		0.361607,
		-0.366689,
		0,
		-0.213386,
		-0.059356,
		-0.349167,
		1,
	},
	[0.683333333333] = {
		0.522915,
		0.283327,
		-0.803919,
		0,
		-0.192468,
		-0.879536,
		-0.435169,
		0,
		-0.830371,
		0.382285,
		-0.405391,
		0,
		-0.186043,
		-0.056929,
		-0.366425,
		1,
	},
	[0.6] = {
		0.333797,
		0.323607,
		-0.885358,
		0,
		-0.168467,
		-0.903626,
		-0.393799,
		0,
		-0.927469,
		0.280603,
		-0.247111,
		0,
		-0.363331,
		-0.031804,
		-0.288795,
		1,
	},
	[0.716666666667] = {
		0.632122,
		0.195709,
		-0.749747,
		0,
		-0.238267,
		-0.871607,
		-0.428405,
		0,
		-0.737327,
		0.449444,
		-0.504331,
		0,
		-0.140732,
		-0.044101,
		-0.408767,
		1,
	},
	[0.733333333333] = {
		0.692671,
		0.122555,
		-0.710766,
		0,
		-0.282342,
		-0.86074,
		-0.423568,
		0,
		-0.663694,
		0.494073,
		-0.561607,
		0,
		-0.119799,
		-0.034146,
		-0.433824,
		1,
	},
	[0.75] = {
		0.747712,
		0.033866,
		-0.663158,
		0,
		-0.335069,
		-0.842984,
		-0.420841,
		0,
		-0.573284,
		0.536872,
		-0.618962,
		0,
		-0.099711,
		-0.022697,
		-0.460326,
		1,
	},
	[0.766666666667] = {
		0.791056,
		-0.064847,
		-0.608298,
		0,
		-0.391424,
		-0.817826,
		-0.42184,
		0,
		-0.470126,
		0.571801,
		-0.672328,
		0,
		-0.080343,
		-0.010504,
		-0.487312,
		1,
	},
	[0.783333333333] = {
		0.818965,
		-0.166385,
		-0.549192,
		0,
		-0.446232,
		-0.786377,
		-0.427186,
		0,
		-0.360795,
		0.594917,
		-0.718262,
		0,
		-0.061741,
		0.001634,
		-0.513746,
		1,
	},
	[0.7] = {
		0.573251,
		0.249904,
		-0.780341,
		0,
		-0.207142,
		-0.877221,
		-0.4331,
		0,
		-0.792764,
		0.409916,
		-0.451102,
		0,
		-0.162731,
		-0.051894,
		-0.386031,
		1,
	},
	[0.816666666667] = {
		0.830546,
		-0.34767,
		-0.435108,
		0,
		-0.534622,
		-0.716662,
		-0.447857,
		0,
		-0.156119,
		0.604584,
		-0.781092,
		0,
		-0.027983,
		0.022716,
		-0.560676,
		1,
	},
	[0.833333333333] = {
		0.822648,
		-0.415032,
		-0.388584,
		0,
		-0.563448,
		-0.686489,
		-0.459629,
		0,
		-0.075998,
		0.59706,
		-0.798588,
		0,
		-0.013755,
		0.030388,
		-0.57909,
		1,
	},
	[0.85] = {
		0.813729,
		-0.461285,
		-0.35364,
		0,
		-0.580948,
		-0.664884,
		-0.469499,
		0,
		-0.018557,
		0.587492,
		-0.809017,
		0,
		-0.001996,
		0.035471,
		-0.59283,
		1,
	},
	[0.866666666667] = {
		0.806638,
		-0.490964,
		-0.329073,
		0,
		-0.59071,
		-0.650925,
		-0.47682,
		0,
		0.0199,
		0.579008,
		-0.815079,
		0,
		0.007048,
		0.038592,
		-0.602422,
		1,
	},
	[0.883333333333] = {
		0.800788,
		-0.511669,
		-0.311342,
		0,
		-0.597087,
		-0.641015,
		-0.482273,
		0,
		0.047189,
		0.572097,
		-0.818828,
		0,
		0.013619,
		0.040776,
		-0.609238,
		1,
	},
	[0.8] = {
		0.831117,
		-0.262991,
		-0.489981,
		0,
		-0.495008,
		-0.751372,
		-0.436356,
		0,
		-0.253401,
		0.605207,
		-0.75466,
		0,
		-0.044149,
		0.012938,
		-0.538555,
		1,
	},
	[0.916666666667] = {
		0.794654,
		-0.531621,
		-0.293095,
		0,
		-0.602506,
		-0.631632,
		-0.48788,
		0,
		0.074239,
		0.564287,
		-0.822234,
		0,
		0.020352,
		0.042862,
		-0.615849,
		1,
	},
	[0.933333333333] = {
		0.794417,
		-0.533126,
		-0.290997,
		0,
		-0.602514,
		-0.631239,
		-0.48838,
		0,
		0.07668,
		0.563307,
		-0.822682,
		0,
		0.021053,
		0.042987,
		-0.616279,
		1,
	},
	[0.95] = {
		0.795749,
		-0.530263,
		-0.292582,
		0,
		-0.601168,
		-0.633084,
		-0.487649,
		0,
		0.073353,
		0.563937,
		-0.822554,
		0,
		0.020351,
		0.042632,
		-0.615206,
		1,
	},
	[0.966666666667] = {
		0.798278,
		-0.523898,
		-0.297126,
		0,
		-0.598728,
		-0.636701,
		-0.485939,
		0,
		0.065402,
		0.565812,
		-0.821936,
		0,
		0.018529,
		0.041892,
		-0.612936,
		1,
	},
	[0.983333333333] = {
		0.801593,
		-0.514865,
		-0.303912,
		0,
		-0.595431,
		-0.641619,
		-0.483516,
		0,
		0.05395,
		0.568541,
		-0.820884,
		0,
		0.015874,
		0.040859,
		-0.609776,
		1,
	},
	[0.9] = {
		0.79674,
		-0.524818,
		-0.299619,
		0,
		-0.600834,
		-0.634736,
		-0.485911,
		0,
		0.064836,
		0.567166,
		-0.821047,
		0,
		0.017966,
		0.04216,
		-0.613607,
		1,
	},
	[1.01666666667] = {
		0.809011,
		-0.492198,
		-0.321313,
		0,
		-0.587258,
		-0.65349,
		-0.477577,
		0,
		0.025088,
		0.575058,
		-0.817728,
		0,
		0.009199,
		0.038294,
		-0.602011,
		1,
	},
	[1.03333333333] = {
		0.812448,
		-0.480342,
		-0.330454,
		0,
		-0.582948,
		-0.659513,
		-0.474567,
		0,
		0.010016,
		0.578199,
		-0.815835,
		0,
		0.005742,
		0.036961,
		-0.598021,
		1,
	},
	[1.05] = {
		0.815369,
		-0.46939,
		-0.338889,
		0,
		-0.578928,
		-0.664981,
		-0.47185,
		0,
		-0.003873,
		0.580924,
		-0.813949,
		0,
		0.002578,
		0.035733,
		-0.594374,
		1,
	},
	[1.06666666667] = {
		0.817609,
		-0.460326,
		-0.345856,
		0,
		-0.57557,
		-0.669442,
		-0.469646,
		0,
		-0.015341,
		0.583051,
		-0.812291,
		0,
		-2.1e-05,
		0.034719,
		-0.591381,
		1,
	},
	[1.08333333333] = {
		0.819042,
		-0.454152,
		-0.350594,
		0,
		-0.573267,
		-0.672446,
		-0.468168,
		0,
		-0.023136,
		0.584433,
		-0.811112,
		0,
		-0.001779,
		0.03403,
		-0.589356,
		1,
	},
	{
		0.805292,
		-0.504009,
		-0.312218,
		0,
		-0.591519,
		-0.647371,
		-0.480642,
		0,
		0.040127,
		0.57174,
		-0.819453,
		0,
		0.012669,
		0.039627,
		-0.606032,
		1,
	},
	[1.1] = {
		0.819552,
		-0.451874,
		-0.352342,
		0,
		-0.572415,
		-0.673547,
		-0.467628,
		0,
		-0.02601,
		0.584931,
		-0.810666,
		0,
		-0.002426,
		0.033776,
		-0.588612,
		1,
	},
}

return spline_matrices
