-- chunkname: @content/characters/player/human/first_person/animations/power_sword/swing_right.lua

local spline_matrices = {
	[0.0166666666667] = {
		0.773056,
		-0.581323,
		-0.253866,
		0,
		-0.633482,
		-0.686717,
		-0.356539,
		0,
		0.03293,
		0.436444,
		-0.899128,
		0,
		-0.044594,
		-3.7e-05,
		-0.508515,
		1,
	},
	[0.0333333333333] = {
		0.748502,
		-0.661475,
		-0.046852,
		0,
		-0.658406,
		-0.732891,
		-0.171382,
		0,
		0.079027,
		0.159128,
		-0.98409,
		0,
		-0.071824,
		-0.017825,
		-0.454591,
		1,
	},
	[0.05] = {
		0.707987,
		-0.679063,
		0.193979,
		0,
		-0.697189,
		-0.715846,
		0.038641,
		0,
		0.11262,
		-0.162597,
		-0.980244,
		0,
		-0.099561,
		-0.035005,
		-0.397652,
		1,
	},
	[0.0666666666667] = {
		0.656472,
		-0.618634,
		0.431667,
		0,
		-0.744249,
		-0.624488,
		0.236871,
		0,
		0.123035,
		-0.476767,
		-0.870377,
		0,
		-0.128302,
		-0.049139,
		-0.340378,
		1,
	},
	[0.0833333333333] = {
		0.604716,
		-0.496625,
		0.622641,
		0,
		-0.789174,
		-0.479002,
		0.384398,
		0,
		0.107345,
		-0.723824,
		-0.681583,
		0,
		-0.158227,
		-0.058551,
		-0.286438,
		1,
	},
	[0] = {
		0.782829,
		-0.465627,
		-0.41276,
		0,
		-0.622037,
		-0.602467,
		-0.500105,
		0,
		-0.015812,
		0.648248,
		-0.761265,
		0,
		-0.017208,
		0.016136,
		-0.557715,
		1,
	},
	[0.116666666667] = {
		0.535632,
		-0.248248,
		0.807138,
		0,
		-0.843564,
		-0.20111,
		0.497951,
		0,
		0.038708,
		-0.947591,
		-0.317134,
		0,
		-0.221525,
		-0.062729,
		-0.202609,
		1,
	},
	[0.133333333333] = {
		0.521098,
		-0.184443,
		0.833329,
		0,
		-0.853323,
		-0.13228,
		0.504323,
		0,
		0.017213,
		-0.973901,
		-0.22632,
		0,
		-0.259221,
		-0.060925,
		-0.174942,
		1,
	},
	[0.15] = {
		0.513656,
		-0.153022,
		0.84424,
		0,
		-0.857905,
		-0.105976,
		0.502761,
		0,
		0.012536,
		-0.982524,
		-0.185714,
		0,
		-0.303654,
		-0.059112,
		-0.153405,
		1,
	},
	[0.166666666667] = {
		0.509284,
		-0.145187,
		0.848264,
		0,
		-0.860433,
		-0.105226,
		0.49858,
		0,
		0.016872,
		-0.983793,
		-0.178513,
		0,
		-0.350294,
		-0.055653,
		-0.136816,
		1,
	},
	[0.183333333333] = {
		0.505286,
		-0.152811,
		0.849314,
		0,
		-0.862678,
		-0.114226,
		0.492685,
		0,
		0.021726,
		-0.981632,
		-0.189543,
		0,
		-0.394615,
		-0.048919,
		-0.124131,
		1,
	},
	[0.1] = {
		0.562989,
		-0.357634,
		0.745078,
		0,
		-0.823115,
		-0.323713,
		0.466574,
		0,
		0.074329,
		-0.875961,
		-0.476621,
		0,
		-0.1893,
		-0.062921,
		-0.239552,
		1,
	},
	[0.216666666667] = {
		0.4871,
		-0.184229,
		0.853694,
		0,
		-0.87333,
		-0.096749,
		0.477425,
		0,
		-0.005361,
		-0.97811,
		-0.208019,
		0,
		-0.458492,
		-0.019449,
		-0.106059,
		1,
	},
	[0.233333333333] = {
		0.466181,
		-0.192037,
		0.863596,
		0,
		-0.882682,
		-0.035239,
		0.468648,
		0,
		-0.059565,
		-0.980755,
		-0.185936,
		0,
		-0.469171,
		0.006479,
		-0.098366,
		1,
	},
	[0.25] = {
		0.443879,
		-0.170983,
		0.879623,
		0,
		-0.891255,
		0.017556,
		0.453162,
		0,
		-0.092925,
		-0.985118,
		-0.144597,
		0,
		-0.471734,
		0.061405,
		-0.090954,
		1,
	},
	[0.266666666667] = {
		0.42032,
		-0.139185,
		0.896637,
		0,
		-0.8995,
		0.065998,
		0.431907,
		0,
		-0.119292,
		-0.988065,
		-0.097457,
		0,
		-0.469656,
		0.154772,
		-0.081319,
		1,
	},
	[0.283333333333] = {
		0.380297,
		-0.135416,
		0.914897,
		0,
		-0.891338,
		0.210267,
		0.401627,
		0,
		-0.246759,
		-0.96822,
		-0.040737,
		0,
		-0.451399,
		0.271324,
		-0.06863,
		1,
	},
	[0.2] = {
		0.498968,
		-0.168352,
		0.850111,
		0,
		-0.866438,
		-0.117032,
		0.485375,
		0,
		0.017776,
		-0.978755,
		-0.204262,
		0,
		-0.432153,
		-0.037351,
		-0.114266,
		1,
	},
	[0.316666666667] = {
		-0.001756,
		-0.178145,
		0.984003,
		0,
		0.071383,
		0.981472,
		0.177814,
		0,
		-0.997447,
		0.070553,
		0.010993,
		0,
		-0.230533,
		0.552225,
		-0.054393,
		1,
	},
	[0.333333333333] = {
		-0.119828,
		-0.147319,
		0.981804,
		0,
		0.713492,
		0.674874,
		0.188345,
		0,
		-0.690341,
		0.723078,
		0.024242,
		0,
		-0.020651,
		0.631038,
		-0.046979,
		1,
	},
	[0.35] = {
		-0.077575,
		-0.054688,
		0.995485,
		0,
		0.990635,
		0.108302,
		0.083147,
		0,
		-0.11236,
		0.992613,
		0.045774,
		0,
		0.213401,
		0.608238,
		-0.050268,
		1,
	},
	[0.366666666667] = {
		-0.084778,
		-0.017431,
		0.996247,
		0,
		0.961391,
		-0.264138,
		0.07719,
		0,
		0.261801,
		0.964327,
		0.039151,
		0,
		0.430271,
		0.542657,
		-0.052444,
		1,
	},
	[0.383333333333] = {
		-0.106194,
		0.060121,
		0.992526,
		0,
		0.870424,
		-0.476942,
		0.12202,
		0,
		0.480713,
		0.876876,
		-0.001682,
		0,
		0.578466,
		0.437067,
		-0.049377,
		1,
	},
	[0.3] = {
		0.28735,
		-0.179726,
		0.940813,
		0,
		-0.761585,
		0.552811,
		0.338214,
		0,
		-0.580878,
		-0.813694,
		0.021974,
		0,
		-0.400216,
		0.398976,
		-0.056659,
		1,
	},
	[0.416666666667] = {
		-0.022916,
		0.039666,
		0.99895,
		0,
		0.588562,
		-0.807168,
		0.045552,
		0,
		0.808127,
		0.588988,
		-0.004849,
		0,
		0.694564,
		0.23166,
		-0.051626,
		1,
	},
	[0.433333333333] = {
		0.003023,
		0.013843,
		0.9999,
		0,
		0.496447,
		-0.868003,
		0.010516,
		0,
		0.868062,
		0.496366,
		-0.009497,
		0,
		0.732043,
		0.152728,
		-0.060749,
		1,
	},
	[0.45] = {
		0.022908,
		-0.026752,
		0.99938,
		0,
		0.444931,
		-0.894913,
		-0.034154,
		0,
		0.895272,
		0.445438,
		-0.008598,
		0,
		0.757144,
		0.085653,
		-0.082074,
		1,
	},
	[0.466666666667] = {
		0.039572,
		-0.077663,
		0.996194,
		0,
		0.42717,
		-0.899963,
		-0.087129,
		0,
		0.903305,
		0.428992,
		-0.002438,
		0,
		0.772182,
		0.026235,
		-0.11335,
		1,
	},
	[0.483333333333] = {
		0.056255,
		-0.135465,
		0.989184,
		0,
		0.436288,
		-0.887818,
		-0.146396,
		0,
		0.898047,
		0.439805,
		0.009157,
		0,
		0.778114,
		-0.026911,
		-0.152257,
		1,
	},
	[0.4] = {
		-0.05003,
		0.02019,
		0.998544,
		0,
		0.80077,
		-0.596695,
		0.052186,
		0,
		0.596879,
		0.802214,
		0.013685,
		0,
		0.597006,
		0.363711,
		-0.049917,
		1,
	},
	[0.516666666667] = {
		0.102454,
		-0.25801,
		0.960695,
		0,
		0.510083,
		-0.815511,
		-0.273417,
		0,
		0.854002,
		0.518046,
		0.048054,
		0,
		0.76655,
		-0.111819,
		-0.243618,
		1,
	},
	[0.533333333333] = {
		0.135905,
		-0.315539,
		0.93913,
		0,
		0.557975,
		-0.758912,
		-0.335734,
		0,
		0.818654,
		0.569639,
		0.072923,
		0,
		0.751304,
		-0.14486,
		-0.291522,
		1,
	},
	[0.55] = {
		0.176683,
		-0.365969,
		0.913701,
		0,
		0.602497,
		-0.693853,
		-0.394417,
		0,
		0.778319,
		0.620189,
		0.097903,
		0,
		0.731414,
		-0.172558,
		-0.338032,
		1,
	},
	[0.566666666667] = {
		0.223528,
		-0.406771,
		0.885761,
		0,
		0.637094,
		-0.626783,
		-0.448614,
		0,
		0.737663,
		0.664591,
		0.119047,
		0,
		0.708321,
		-0.195629,
		-0.381129,
		1,
	},
	[0.583333333333] = {
		0.274417,
		-0.436661,
		0.856751,
		0,
		0.656862,
		-0.565579,
		-0.498651,
		0,
		0.702302,
		0.699606,
		0.131621,
		0,
		0.683616,
		-0.214742,
		-0.418895,
		1,
	},
	[0.5] = {
		0.076358,
		-0.196761,
		0.977474,
		0,
		0.466698,
		-0.859264,
		-0.209423,
		0,
		0.881114,
		0.472177,
		0.026216,
		0,
		0.775871,
		-0.072723,
		-0.196451,
		1,
	},
	[0.616666666667] = {
		0.379834,
		-0.464975,
		0.799703,
		0,
		0.637679,
		-0.494659,
		-0.59049,
		0,
		0.670143,
		0.734242,
		0.108617,
		0,
		0.636054,
		-0.243426,
		-0.471014,
		1,
	},
	[0.633333333333] = {
		0.436019,
		-0.46609,
		0.769836,
		0,
		0.598414,
		-0.488752,
		-0.63484,
		0,
		0.672151,
		0.737483,
		0.06581,
		0,
		0.611251,
		-0.251205,
		-0.487167,
		1,
	},
	[0.65] = {
		0.499228,
		-0.460176,
		0.734173,
		0,
		0.54597,
		-0.490882,
		-0.678935,
		0,
		0.672821,
		0.739779,
		0.00618,
		0,
		0.580342,
		-0.25173,
		-0.502713,
		1,
	},
	[0.666666666667] = {
		0.567624,
		-0.448505,
		0.690396,
		0,
		0.480079,
		-0.500934,
		-0.720132,
		0,
		0.668825,
		0.740208,
		-0.069025,
		0,
		0.543979,
		-0.245935,
		-0.517444,
		1,
	},
	[0.683333333333] = {
		0.638756,
		-0.432501,
		0.636344,
		0,
		0.401075,
		-0.51863,
		-0.755091,
		0,
		0.656604,
		0.737541,
		-0.157813,
		0,
		0.502857,
		-0.234752,
		-0.531091,
		1,
	},
	[0.6] = {
		0.327148,
		-0.455677,
		0.827849,
		0,
		0.658191,
		-0.518725,
		-0.545627,
		0,
		0.678055,
		0.723383,
		0.130223,
		0,
		0.658974,
		-0.230491,
		-0.449471,
		1,
	},
	[0.716666666667] = {
		0.776003,
		-0.394459,
		0.492161,
		0,
		0.210182,
		-0.573981,
		-0.791435,
		0,
		0.594679,
		0.717599,
		-0.362502,
		0,
		0.409483,
		-0.199907,
		-0.553814,
		1,
	},
	[0.733333333333] = {
		0.834529,
		-0.37628,
		0.40246,
		0,
		0.104753,
		-0.608781,
		-0.786392,
		0,
		0.540913,
		0.698426,
		-0.468629,
		0,
		0.359127,
		-0.177925,
		-0.562244,
		1,
	},
	[0.75] = {
		0.881619,
		-0.361097,
		0.303903,
		0,
		-0.001171,
		-0.645585,
		-0.763687,
		0,
		0.47196,
		0.672925,
		-0.569583,
		0,
		0.307802,
		-0.153923,
		-0.568425,
		1,
	},
	[0.766666666667] = {
		0.91496,
		-0.350248,
		0.200437,
		0,
		-0.102455,
		-0.682033,
		-0.724109,
		0,
		0.390322,
		0.641995,
		-0.659917,
		0,
		0.25671,
		-0.128625,
		-0.572326,
		1,
	},
	[0.783333333333] = {
		0.933821,
		-0.344402,
		0.096776,
		0,
		-0.194557,
		-0.715936,
		-0.67051,
		0,
		0.30021,
		0.607308,
		-0.735561,
		0,
		0.207045,
		-0.102753,
		-0.574103,
		1,
	},
	[0.7] = {
		0.709457,
		-0.413849,
		0.570438,
		0,
		0.310255,
		-0.543357,
		-0.780068,
		0,
		0.632782,
		0.730406,
		-0.25709,
		0,
		0.457733,
		-0.219116,
		-0.543329,
		1,
	},
	[0.816666666667] = {
		0.933297,
		-0.346796,
		-0.093219,
		0,
		-0.340054,
		-0.770055,
		-0.539795,
		0,
		0.115415,
		0.535488,
		-0.836619,
		0,
		0.116317,
		-0.052366,
		-0.57267,
		1,
	},
	[0.833333333333] = {
		0.919434,
		-0.353185,
		-0.172919,
		0,
		-0.392046,
		-0.788965,
		-0.473112,
		0,
		0.030669,
		0.502787,
		-0.863866,
		0,
		0.077077,
		-0.029532,
		-0.570347,
		1,
	},
	[0.85] = {
		0.901015,
		-0.361343,
		-0.240009,
		0,
		-0.431572,
		-0.802563,
		-0.411871,
		0,
		-0.043796,
		0.474683,
		-0.879067,
		0,
		0.042921,
		-0.009486,
		-0.567544,
		1,
	},
	[0.866666666667] = {
		0.8813,
		-0.369987,
		-0.293974,
		0,
		-0.460652,
		-0.811385,
		-0.359796,
		0,
		-0.105407,
		0.452508,
		-0.885509,
		0,
		0.014491,
		0.006807,
		-0.564644,
		1,
	},
	[0.883333333333] = {
		0.863104,
		-0.378003,
		-0.33491,
		0,
		-0.481474,
		-0.816043,
		-0.319776,
		0,
		-0.152424,
		0.437251,
		-0.886329,
		0,
		-0.007608,
		0.018364,
		-0.561957,
		1,
	},
	[0.8] = {
		0.939153,
		-0.343489,
		-0.002411,
		0,
		-0.274261,
		-0.745609,
		-0.607329,
		0,
		0.206813,
		0.571036,
		-0.794447,
		0,
		0.15992,
		-0.077064,
		-0.574076,
		1,
	},
	[0.916666666667] = {
		0.837854,
		-0.38929,
		-0.382692,
		0,
		-0.504933,
		-0.819092,
		-0.272269,
		0,
		-0.207468,
		0.421356,
		-0.882845,
		0,
		-0.03422,
		0.031184,
		-0.5582,
		1,
	},
	[0.933333333333] = {
		0.831268,
		-0.392463,
		-0.393657,
		0,
		-0.510419,
		-0.819381,
		-0.260934,
		0,
		-0.220148,
		0.417836,
		-0.881446,
		0,
		-0.040521,
		0.034326,
		-0.557152,
		1,
	},
	[0.95] = {
		0.82829,
		-0.394225,
		-0.398148,
		0,
		-0.51308,
		-0.819191,
		-0.256271,
		0,
		-0.225131,
		0.416549,
		-0.880797,
		0,
		-0.043101,
		0.03567,
		-0.556564,
		1,
	},
	[0.966666666667] = {
		0.828363,
		-0.394804,
		-0.397422,
		0,
		-0.513522,
		-0.818657,
		-0.257091,
		0,
		-0.223852,
		0.41705,
		-0.880886,
		0,
		-0.042633,
		0.03552,
		-0.556362,
		1,
	},
	[0.983333333333] = {
		0.830838,
		-0.394444,
		-0.392585,
		0,
		-0.512188,
		-0.817866,
		-0.262219,
		0,
		-0.217651,
		0.418939,
		-0.881543,
		0,
		-0.039773,
		0.03419,
		-0.55647,
		1,
	},
	[0.9] = {
		0.848436,
		-0.384512,
		-0.363741,
		0,
		-0.49573,
		-0.818099,
		-0.291487,
		0,
		-0.185496,
		0.427626,
		-0.884719,
		0,
		-0.023496,
		0.025956,
		-0.559781,
		1,
	},
	[1.01666666667] = {
		0.84023,
		-0.391896,
		-0.374742,
		0,
		-0.505688,
		-0.815765,
		-0.280724,
		0,
		-0.195687,
		0.425376,
		-0.883608,
		0,
		-0.029467,
		0.029258,
		-0.557307,
		1,
	},
	[1.03333333333] = {
		0.845785,
		-0.390192,
		-0.363865,
		0,
		-0.501317,
		-0.814593,
		-0.291753,
		0,
		-0.182562,
		0.429172,
		-0.88458,
		0,
		-0.023316,
		0.026298,
		-0.557881,
		1,
	},
	[1.05] = {
		0.851064,
		-0.388506,
		-0.353205,
		0,
		-0.496836,
		-0.813458,
		-0.302391,
		0,
		-0.169837,
		0.432838,
		-0.885328,
		0,
		-0.017374,
		0.023438,
		-0.558458,
		1,
	},
	[1.06666666667] = {
		0.855489,
		-0.387052,
		-0.343992,
		0,
		-0.492827,
		-0.812478,
		-0.311451,
		0,
		-0.158938,
		0.435971,
		-0.885815,
		0,
		-0.012301,
		0.020999,
		-0.558961,
		1,
	},
	[1.08333333333] = {
		0.858525,
		-0.386033,
		-0.337512,
		0,
		-0.489935,
		-0.811787,
		-0.317752,
		0,
		-0.151325,
		0.438157,
		-0.88607,
		0,
		-0.008766,
		0.019302,
		-0.559317,
		1,
	},
	{
		0.835024,
		-0.393393,
		-0.384678,
		0,
		-0.509453,
		-0.816881,
		-0.270487,
		0,
		-0.207828,
		0.421838,
		-0.88253,
		0,
		-0.035169,
		0.031996,
		-0.55681,
		1,
	},
	[1.1] = {
		0.859655,
		-0.385648,
		-0.335066,
		0,
		-0.488827,
		-0.811526,
		-0.320114,
		0,
		-0.148464,
		0.438977,
		-0.886148,
		0,
		-0.007439,
		0.018665,
		-0.559452,
		1,
	},
}

return spline_matrices
