local spline_matrices = {
	[0] = {
		0.765835,
		-0.502038,
		-0.401815,
		0,
		-0.640628,
		-0.541627,
		-0.544275,
		0,
		0.055613,
		0.674239,
		-0.736416,
		0,
		-0.015717,
		0.015363,
		-0.583919,
		1
	},
	{
		0.752205,
		-0.550079,
		-0.362769,
		0,
		-0.647525,
		-0.515094,
		-0.561595,
		0,
		0.122062,
		0.657337,
		-0.743646,
		0,
		-0.001899,
		0.019024,
		-0.60082,
		1
	},
	[0.0166666666667] = {
		0.406549,
		-0.81003,
		-0.422575,
		0,
		-0.648533,
		0.06992,
		-0.757968,
		0,
		0.643523,
		0.582205,
		-0.496905,
		0,
		0.037567,
		-0.006235,
		-0.60584,
		1
	},
	[0.0333333333333] = {
		0.285743,
		-0.888411,
		-0.359273,
		0,
		-0.473886,
		0.194862,
		-0.858755,
		0,
		0.832936,
		0.415638,
		-0.365324,
		0,
		0.101921,
		-0.04433,
		-0.589177,
		1
	},
	[0.05] = {
		0.089734,
		-0.959164,
		-0.268238,
		0,
		-0.296312,
		0.231418,
		-0.926631,
		0,
		0.950867,
		0.162632,
		-0.263446,
		0,
		0.180952,
		-0.085165,
		-0.565752,
		1
	},
	[0.0666666666667] = {
		-0.148853,
		-0.968752,
		-0.198401,
		0,
		-0.111819,
		0.21584,
		-0.970005,
		0,
		0.982517,
		-0.122203,
		-0.140453,
		0,
		0.259184,
		-0.12006,
		-0.533531,
		1
	},
	[0.0833333333333] = {
		-0.31494,
		-0.922224,
		-0.224312,
		0,
		0.070115,
		0.213087,
		-0.974514,
		0,
		0.946518,
		-0.322641,
		-0.002448,
		0,
		0.318701,
		-0.135559,
		-0.494342,
		1
	},
	[0.116666666667] = {
		-0.373408,
		-0.792548,
		-0.482115,
		0,
		0.433783,
		0.310212,
		-0.845932,
		0,
		0.819999,
		-0.525011,
		0.227958,
		0,
		0.41031,
		-0.100054,
		-0.364147,
		1
	},
	[0.133333333333] = {
		-0.31915,
		-0.697558,
		-0.641526,
		0,
		0.613052,
		0.364259,
		-0.701058,
		0,
		0.72271,
		-0.617032,
		0.311386,
		0,
		0.454739,
		-0.061618,
		-0.261528,
		1
	},
	[0.15] = {
		-0.202725,
		-0.578349,
		-0.790199,
		0,
		0.767473,
		0.407345,
		-0.495031,
		0,
		0.608184,
		-0.706812,
		0.361288,
		0,
		0.49305,
		-0.015559,
		-0.156153,
		1
	},
	[0.166666666667] = {
		-0.032372,
		-0.439313,
		-0.897751,
		0,
		0.87218,
		0.426247,
		-0.240033,
		0,
		0.488113,
		-0.79077,
		0.369362,
		0,
		0.522771,
		0.032538,
		-0.068268,
		1
	},
	[0.183333333333] = {
		0.166881,
		-0.293383,
		-0.941317,
		0,
		0.910023,
		0.41328,
		0.032525,
		0,
		0.379485,
		-0.862048,
		0.335954,
		0,
		0.545329,
		0.08098,
		-0.019221,
		1
	},
	[0.1] = {
		-0.369504,
		-0.865831,
		-0.337348,
		0,
		0.249538,
		0.257248,
		-0.933571,
		0,
		0.895096,
		-0.42914,
		0.121004,
		0,
		0.363997,
		-0.125987,
		-0.44509,
		1
	},
	[0.216666666667] = {
		0.256975,
		-0.063899,
		-0.964303,
		0,
		0.927892,
		0.295239,
		0.227708,
		0,
		0.27015,
		-0.953284,
		0.135161,
		0,
		0.611887,
		0.192467,
		-0.003222,
		1
	},
	[0.233333333333] = {
		0.253293,
		0.033005,
		-0.966826,
		0,
		0.936361,
		0.242724,
		0.253598,
		0,
		0.243042,
		-0.969534,
		0.030576,
		0,
		0.643038,
		0.250428,
		-0.001844,
		1
	},
	[0.25] = {
		0.2555,
		0.104281,
		-0.961169,
		0,
		0.934796,
		0.227068,
		0.273125,
		0,
		0.246732,
		-0.96828,
		-0.039465,
		0,
		0.658748,
		0.306239,
		-0.000883,
		1
	},
	[0.266666666667] = {
		0.258549,
		0.133631,
		-0.95671,
		0,
		0.919099,
		0.270813,
		0.286212,
		0,
		0.297336,
		-0.953312,
		-0.052802,
		0,
		0.654457,
		0.358833,
		0.000107,
		1
	},
	[0.283333333333] = {
		0.251839,
		0.134597,
		-0.958363,
		0,
		0.889533,
		0.357866,
		0.284012,
		0,
		0.381193,
		-0.924021,
		-0.029604,
		0,
		0.634051,
		0.40996,
		0.000235,
		1
	},
	[0.2] = {
		0.238524,
		-0.174937,
		-0.95525,
		0,
		0.917956,
		0.361656,
		0.162981,
		0,
		0.31696,
		-0.915752,
		0.246848,
		0,
		0.575856,
		0.135192,
		-0.008111,
		1
	},
	[0.316666666667] = {
		0.271156,
		0.168956,
		-0.947591,
		0,
		0.784118,
		0.532191,
		0.319268,
		0,
		0.558242,
		-0.829594,
		0.011825,
		0,
		0.53972,
		0.509851,
		0.003141,
		1
	},
	[0.333333333333] = {
		0.181838,
		0.305437,
		-0.934689,
		0,
		0.402214,
		0.844279,
		0.354142,
		0,
		0.897306,
		-0.440341,
		0.030671,
		0,
		0.430967,
		0.583224,
		0.00576,
		1
	},
	[0.35] = {
		-0.017373,
		0.077471,
		-0.996843,
		0,
		-0.426372,
		0.901224,
		0.07747,
		0,
		0.904381,
		0.426372,
		0.017375,
		0,
		0.074949,
		0.680483,
		-0.013754,
		1
	},
	[0.366666666667] = {
		-0.086507,
		-0.005931,
		-0.996234,
		0,
		-0.995594,
		0.036834,
		0.086232,
		0,
		0.036183,
		0.999304,
		-0.009091,
		0,
		-0.268117,
		0.549899,
		-0.013657,
		1
	},
	[0.383333333333] = {
		-0.068663,
		-0.025747,
		-0.997308,
		0,
		-0.902328,
		-0.424809,
		0.073091,
		0,
		-0.425547,
		0.904917,
		0.005936,
		0,
		-0.376471,
		0.399983,
		-0.014427,
		1
	},
	[0.3] = {
		0.25263,
		0.140211,
		-0.95735,
		0,
		0.846175,
		0.447814,
		0.288878,
		0,
		0.469218,
		-0.883065,
		-0.005512,
		0,
		0.599873,
		0.460452,
		0.000796,
		1
	},
	[0.416666666667] = {
		-0.021261,
		-0.192746,
		-0.981018,
		0,
		0.019997,
		-0.981126,
		0.192334,
		0,
		-0.999574,
		-0.015528,
		0.024714,
		0,
		-0.378433,
		0.117964,
		-0.006778,
		1
	},
	[0.433333333333] = {
		0.038908,
		-0.184495,
		-0.982063,
		0,
		0.489005,
		-0.853564,
		0.179729,
		0,
		-0.871413,
		-0.487226,
		0.057009,
		0,
		-0.321468,
		0.014874,
		-0.013757,
		1
	},
	[0.45] = {
		0.06875,
		-0.154418,
		-0.985611,
		0,
		0.644663,
		-0.747101,
		0.162018,
		0,
		-0.761369,
		-0.646525,
		0.048185,
		0,
		-0.294568,
		0.00809,
		-0.027516,
		1
	},
	[0.466666666667] = {
		0.084921,
		-0.117834,
		-0.989395,
		0,
		0.727115,
		-0.671586,
		0.142393,
		0,
		-0.681243,
		-0.731497,
		0.028647,
		0,
		-0.273443,
		0.001773,
		-0.043383,
		1
	},
	[0.483333333333] = {
		0.092585,
		-0.078186,
		-0.99263,
		0,
		0.762923,
		-0.635031,
		0.121179,
		0,
		-0.639825,
		-0.76852,
		0.000855,
		0,
		-0.256341,
		-0.005202,
		-0.061121,
		1
	},
	[0.4] = {
		-0.07658,
		-0.137809,
		-0.987494,
		0,
		-0.571867,
		-0.805237,
		0.156723,
		0,
		-0.816764,
		0.576717,
		-0.017143,
		0,
		-0.419727,
		0.265025,
		-0.009038,
		1
	},
	[0.516666666667] = {
		0.099735,
		0.00824,
		-0.99498,
		0,
		0.742916,
		-0.665824,
		0.068954,
		0,
		-0.661913,
		-0.746064,
		-0.072528,
		0,
		-0.230683,
		-0.021529,
		-0.101774,
		1
	},
	[0.533333333333] = {
		0.106516,
		0.055049,
		-0.992786,
		0,
		0.693322,
		-0.719803,
		0.034474,
		0,
		-0.712713,
		-0.691992,
		-0.114837,
		0,
		-0.221567,
		-0.03027,
		-0.124547,
		1
	},
	[0.55] = {
		0.11981,
		0.103262,
		-0.987412,
		0,
		0.616201,
		-0.787553,
		-0.007592,
		0,
		-0.778423,
		-0.607534,
		-0.157987,
		0,
		-0.214884,
		-0.038637,
		-0.148825,
		1
	},
	[0.566666666667] = {
		0.142306,
		0.150637,
		-0.978293,
		0,
		0.511039,
		-0.857617,
		-0.057718,
		0,
		-0.847696,
		-0.491733,
		-0.199026,
		0,
		-0.210515,
		-0.045839,
		-0.174415,
		1
	},
	[0.583333333333] = {
		0.175523,
		0.193671,
		-0.965238,
		0,
		0.38075,
		-0.917517,
		-0.114858,
		0,
		-0.907866,
		-0.347354,
		-0.234785,
		0,
		-0.208028,
		-0.051036,
		-0.200998,
		1
	},
	[0.5] = {
		0.096248,
		-0.036201,
		-0.994699,
		0,
		0.766325,
		-0.635048,
		0.097262,
		0,
		-0.635203,
		-0.771624,
		-0.033381,
		0,
		-0.242237,
		-0.013034,
		-0.080609,
		1
	},
	[0.616666666667] = {
		0.270838,
		0.250826,
		-0.929372,
		0,
		0.081002,
		-0.967971,
		-0.237638,
		0,
		-0.959211,
		-0.010919,
		-0.282481,
		0,
		-0.205006,
		-0.053321,
		-0.255233,
		1
	},
	[0.633333333333] = {
		0.326876,
		0.259662,
		-0.908696,
		0,
		-0.061929,
		-0.953563,
		-0.29476,
		0,
		-0.943036,
		0.152624,
		-0.295616,
		0,
		-0.202102,
		-0.050692,
		-0.28182,
		1
	},
	[0.65] = {
		0.38343,
		0.25527,
		-0.887591,
		0,
		-0.183314,
		-0.920888,
		-0.344036,
		0,
		-0.905194,
		0.294622,
		-0.306302,
		0,
		-0.196914,
		-0.04669,
		-0.307464,
		1
	},
	[0.666666666667] = {
		0.437757,
		0.240033,
		-0.86646,
		0,
		-0.275027,
		-0.88176,
		-0.383222,
		0,
		-0.855996,
		0.406058,
		-0.319981,
		0,
		-0.188896,
		-0.042587,
		-0.331887,
		1
	},
	[0.683333333333] = {
		0.488785,
		0.217341,
		-0.844898,
		0,
		-0.332806,
		-0.848778,
		-0.410872,
		0,
		-0.80643,
		0.482015,
		-0.342538,
		0,
		-0.177855,
		-0.039667,
		-0.354901,
		1
	},
	[0.6] = {
		0.219147,
		0.228244,
		-0.94862,
		0,
		0.233264,
		-0.956315,
		-0.176208,
		0,
		-0.947398,
		-0.182663,
		-0.262815,
		0,
		-0.206579,
		-0.053586,
		-0.228117,
		1
	},
	[0.716666666667] = {
		0.600236,
		0.125485,
		-0.789918,
		0,
		-0.416513,
		-0.794092,
		-0.442644,
		0,
		-0.682813,
		0.594703,
		-0.424377,
		0,
		-0.14876,
		-0.03249,
		-0.40282,
		1
	},
	[0.733333333333] = {
		0.656922,
		0.052124,
		-0.752154,
		0,
		-0.459188,
		-0.763585,
		-0.453966,
		0,
		-0.597996,
		0.6436,
		-0.477681,
		0,
		-0.131816,
		-0.026806,
		-0.428643,
		1
	},
	[0.75] = {
		0.706847,
		-0.034569,
		-0.706522,
		0,
		-0.500302,
		-0.730527,
		-0.464788,
		0,
		-0.500066,
		0.682008,
		-0.533666,
		0,
		-0.113797,
		-0.020167,
		-0.454994,
		1
	},
	[0.766666666667] = {
		0.745547,
		-0.129066,
		-0.653837,
		0,
		-0.538099,
		-0.695401,
		-0.476305,
		0,
		-0.393204,
		0.706936,
		-0.587904,
		0,
		-0.095156,
		-0.012994,
		-0.481234,
		1
	},
	[0.783333333333] = {
		0.770502,
		-0.224825,
		-0.596474,
		0,
		-0.570999,
		-0.659381,
		-0.489057,
		0,
		-0.283351,
		0.717405,
		-0.636429,
		0,
		-0.076442,
		-0.005754,
		-0.506643,
		1
	},
	[0.7] = {
		0.542288,
		0.181454,
		-0.820364,
		0,
		-0.373923,
		-0.822253,
		-0.429047,
		0,
		-0.7524,
		0.53942,
		-0.378049,
		0,
		-0.164233,
		-0.036869,
		-0.378079,
		1
	},
	[0.816666666667] = {
		0.781668,
		-0.394267,
		-0.483269,
		0,
		-0.61829,
		-0.591635,
		-0.517383,
		0,
		-0.081932,
		0.703222,
		-0.706233,
		0,
		-0.041585,
		0.007108,
		-0.551788,
		1
	},
	[0.833333333333] = {
		0.774672,
		-0.457604,
		-0.436442,
		0,
		-0.632357,
		-0.563619,
		-0.531468,
		0,
		-0.002786,
		0.687701,
		-0.725989,
		0,
		-0.027086,
		0.011961,
		-0.569883,
		1
	},
	[0.85] = {
		0.765835,
		-0.502038,
		-0.401815,
		0,
		-0.640628,
		-0.541627,
		-0.544275,
		0,
		0.055613,
		0.674239,
		-0.736416,
		0,
		-0.015717,
		0.015363,
		-0.583919,
		1
	},
	[0.866666666667] = {
		0.758059,
		-0.53138,
		-0.378129,
		0,
		-0.645074,
		-0.525525,
		-0.55471,
		0,
		0.096045,
		0.664424,
		-0.741158,
		0,
		-0.007387,
		0.017596,
		-0.594148,
		1
	},
	[0.883333333333] = {
		0.751528,
		-0.552101,
		-0.361095,
		0,
		-0.647772,
		-0.513958,
		-0.562351,
		0,
		0.124887,
		0.65653,
		-0.743889,
		0,
		-0.001297,
		0.019179,
		-0.601549,
		1
	},
	[0.8] = {
		0.781714,
		-0.315179,
		-0.538132,
		0,
		-0.597886,
		-0.624158,
		-0.502951,
		0,
		-0.17736,
		0.714905,
		-0.676354,
		0,
		-0.058324,
		0.001087,
		-0.530435,
		1
	},
	[0.916666666667] = {
		0.744061,
		-0.572914,
		-0.343719,
		0,
		-0.650096,
		-0.50217,
		-0.570264,
		0,
		0.154107,
		0.647761,
		-0.746094,
		0,
		0.005013,
		0.020773,
		-0.609149,
		1
	},
	[0.933333333333] = {
		0.743197,
		-0.575164,
		-0.341825,
		0,
		-0.650323,
		-0.500885,
		-0.571134,
		0,
		0.157281,
		0.646762,
		-0.746299,
		0,
		0.005707,
		0.020946,
		-0.609981,
		1
	},
	[0.95] = {
		0.743953,
		-0.573196,
		-0.343482,
		0,
		-0.650125,
		-0.502009,
		-0.570373,
		0,
		0.154504,
		0.647637,
		-0.74612,
		0,
		0.005099,
		0.020795,
		-0.609253,
		1
	},
	[0.966666666667] = {
		0.745971,
		-0.56783,
		-0.34799,
		0,
		-0.649565,
		-0.505065,
		-0.568308,
		0,
		0.146945,
		0.649983,
		-0.745606,
		0,
		0.003453,
		0.020383,
		-0.607276,
		1
	},
	[0.983333333333] = {
		0.748853,
		-0.559858,
		-0.354651,
		0,
		-0.648684,
		-0.509584,
		-0.565272,
		0,
		0.135748,
		0.653362,
		-0.744775,
		0,
		0.001032,
		0.019772,
		-0.604361,
		1
	},
	[0.9] = {
		0.746806,
		-0.56556,
		-0.349891,
		0,
		-0.64932,
		-0.506355,
		-0.56744,
		0,
		0.143753,
		0.650958,
		-0.745378,
		0,
		0.00276,
		0.020209,
		-0.606443,
		1
	},
	[1.01666666667] = {
		0.755663,
		-0.539314,
		-0.371637,
		0,
		-0.646152,
		-0.521115,
		-0.557608,
		0,
		0.10706,
		0.661498,
		-0.742266,
		0,
		-0.005077,
		0.018202,
		-0.596964,
		1
	},
	[1.03333333333] = {
		0.75892,
		-0.528424,
		-0.380538,
		0,
		-0.644659,
		-0.527161,
		-0.553639,
		0,
		0.091951,
		0.665484,
		-0.740726,
		0,
		-0.008242,
		0.017371,
		-0.593105,
		1
	},
	[1.05] = {
		0.761732,
		-0.518309,
		-0.388742,
		0,
		-0.643183,
		-0.532737,
		-0.550007,
		0,
		0.077977,
		0.66899,
		-0.73917,
		0,
		-0.011138,
		0.016601,
		-0.589557,
		1
	},
	[1.06666666667] = {
		0.763916,
		-0.509903,
		-0.395514,
		0,
		-0.64189,
		-0.537341,
		-0.547029,
		0,
		0.066406,
		0.671761,
		-0.737786,
		0,
		-0.013516,
		0.015961,
		-0.586634,
		1
	},
	[1.08333333333] = {
		0.765328,
		-0.504161,
		-0.400118,
		0,
		-0.640974,
		-0.540472,
		-0.545016,
		0,
		0.058523,
		0.673581,
		-0.736793,
		0,
		-0.015125,
		0.015524,
		-0.58465,
		1
	},
	[1.1] = {
		0.765835,
		-0.502038,
		-0.401815,
		0,
		-0.640628,
		-0.541627,
		-0.544275,
		0,
		0.055613,
		0.674239,
		-0.736416,
		0,
		-0.015717,
		0.015363,
		-0.583919,
		1
	}
}

return spline_matrices
