local spline_matrices = {
	[0] = {
		0.856787,
		-0.184684,
		0.481464,
		0,
		-0.35939,
		-0.88342,
		0.300679,
		0,
		0.369804,
		-0.430651,
		-0.823276,
		0,
		-0.219976,
		0.215391,
		0.118368,
		1
	},
	{
		0.534331,
		0.306089,
		0.787908,
		0,
		-0.017037,
		0.935843,
		-0.352005,
		0,
		-0.845103,
		0.174664,
		0.505265,
		0,
		0.061852,
		0.371199,
		-0.263522,
		1
	},
	[0.0333333333333] = {
		0.850197,
		-0.175883,
		0.496215,
		0,
		-0.344165,
		-0.898933,
		0.271054,
		0,
		0.39839,
		-0.40123,
		-0.824803,
		0,
		-0.214851,
		0.219575,
		0.114613,
		1
	},
	[0.0666666666667] = {
		0.825844,
		-0.160315,
		0.54063,
		0,
		-0.311692,
		-0.92874,
		0.200724,
		0,
		0.469926,
		-0.334277,
		-0.816963,
		0,
		-0.199742,
		0.237887,
		0.103439,
		1
	},
	[0.133333333333] = {
		0.652062,
		-0.194141,
		0.732888,
		0,
		-0.263694,
		-0.964381,
		-0.02085,
		0,
		0.710831,
		-0.179663,
		-0.68003,
		0,
		-0.094997,
		0.443814,
		0.033383,
		1
	},
	[0.166666666667] = {
		0.58913,
		-0.151999,
		0.793614,
		0,
		-0.3129,
		-0.948436,
		0.050626,
		0,
		0.744997,
		-0.278147,
		-0.606312,
		0,
		-0.101868,
		0.389339,
		0.027202,
		1
	},
	[0.1] = {
		0.775744,
		-0.154403,
		0.611867,
		0,
		-0.282746,
		-0.951876,
		0.118271,
		0,
		0.56416,
		-0.26475,
		-0.782068,
		0,
		-0.175262,
		0.278941,
		0.085569,
		1
	},
	[0.233333333333] = {
		0.675755,
		-0.107608,
		0.729229,
		0,
		-0.263308,
		-0.959257,
		0.102449,
		0,
		0.688494,
		-0.261242,
		-0.676556,
		0,
		-0.122672,
		0.341858,
		0.047898,
		1
	},
	[0.266666666667] = {
		0.673291,
		-0.101083,
		0.732436,
		0,
		-0.263642,
		-0.958317,
		0.110096,
		0,
		0.690777,
		-0.267228,
		-0.671876,
		0,
		-0.120539,
		0.346787,
		0.046687,
		1
	},
	[0.2] = {
		0.6426,
		-0.10174,
		0.759417,
		0,
		-0.270825,
		-0.957325,
		0.100912,
		0,
		0.716742,
		-0.270516,
		-0.64273,
		0,
		-0.125522,
		0.337743,
		0.041518,
		1
	},
	[0.333333333333] = {
		0.637241,
		-0.086346,
		0.765812,
		0,
		-0.240331,
		-0.966415,
		0.091017,
		0,
		0.732233,
		-0.242048,
		-0.636591,
		0,
		-0.128045,
		0.341697,
		0.039739,
		1
	},
	[0.366666666667] = {
		0.622298,
		-0.099251,
		0.776463,
		0,
		-0.237093,
		-0.969234,
		0.066128,
		0,
		0.74601,
		-0.225245,
		-0.626684,
		0,
		-0.129346,
		0.338713,
		0.034698,
		1
	},
	[0.3] = {
		0.658229,
		-0.087256,
		0.747744,
		0,
		-0.251822,
		-0.961562,
		0.109469,
		0,
		0.709451,
		-0.260354,
		-0.654901,
		0,
		-0.124051,
		0.345151,
		0.043131,
		1
	},
	[0.433333333333] = {
		0.622832,
		-0.142359,
		0.769295,
		0,
		-0.233203,
		-0.972388,
		0.008863,
		0,
		0.746791,
		-0.184922,
		-0.638833,
		0,
		-0.1363,
		0.334111,
		0.023358,
		1
	},
	[0.466666666667] = {
		0.632725,
		-0.173814,
		0.754618,
		0,
		-0.231664,
		-0.972342,
		-0.029719,
		0,
		0.738912,
		-0.156014,
		-0.655491,
		0,
		-0.145624,
		0.331776,
		0.017313,
		1
	},
	[0.4] = {
		0.618297,
		-0.115746,
		0.777375,
		0,
		-0.234291,
		-0.97127,
		0.041731,
		0,
		0.750211,
		-0.207934,
		-0.627652,
		0,
		-0.1305,
		0.336118,
		0.028302,
		1
	},
	[0.533333333333] = {
		0.641242,
		-0.182945,
		0.745211,
		0,
		-0.196431,
		-0.97794,
		-0.071053,
		0,
		0.741771,
		-0.10082,
		-0.663032,
		0,
		-0.1506,
		0.321101,
		-0.015773,
		1
	},
	[0.566666666667] = {
		0.644213,
		-0.161179,
		0.747671,
		0,
		-0.157104,
		-0.984584,
		-0.076887,
		0,
		0.748537,
		-0.067931,
		-0.659604,
		0,
		-0.151663,
		0.312063,
		-0.039055,
		1
	},
	[0.5] = {
		0.638993,
		-0.189713,
		0.745451,
		0,
		-0.222007,
		-0.973353,
		-0.05741,
		0,
		0.736479,
		-0.12881,
		-0.664084,
		0,
		-0.150324,
		0.327925,
		0.004407,
		1
	},
	[0.633333333333] = {
		0.651944,
		-0.080995,
		0.753929,
		0,
		-0.061016,
		-0.996658,
		-0.05431,
		0,
		0.755808,
		-0.010595,
		-0.654707,
		0,
		-0.153961,
		0.296157,
		-0.09029,
		1
	},
	[0.666666666667] = {
		0.65552,
		-0.027657,
		0.754671,
		0,
		-0.017824,
		-0.999617,
		-0.021151,
		0,
		0.754967,
		0.000413,
		-0.655762,
		0,
		-0.153794,
		0.294136,
		-0.116062,
		1
	},
	[0.6] = {
		0.647893,
		-0.126314,
		0.751185,
		0,
		-0.109761,
		-0.991345,
		-0.07203,
		0,
		0.753782,
		-0.035784,
		-0.65615,
		0,
		-0.153005,
		0.302956,
		-0.06431,
		1
	},
	[0.733333333333] = {
		0.553251,
		0.14541,
		0.820225,
		0,
		-0.165215,
		-0.945932,
		0.279135,
		0,
		0.816466,
		-0.289946,
		-0.499314,
		0,
		-0.131041,
		0.319422,
		-0.19474,
		1
	},
	[0.766666666667] = {
		0.445859,
		0.249556,
		0.859611,
		0,
		-0.427179,
		-0.784605,
		0.449347,
		0,
		0.786593,
		-0.567553,
		-0.243219,
		0,
		-0.101249,
		0.338457,
		-0.243666,
		1
	},
	[0.7] = {
		0.629266,
		0.046972,
		0.775769,
		0,
		-0.031297,
		-0.995831,
		0.085683,
		0,
		0.776559,
		-0.078197,
		-0.625173,
		0,
		-0.147903,
		0.302054,
		-0.149374,
		1
	},
	[0.833333333333] = {
		0.249212,
		0.407362,
		0.878607,
		0,
		-0.949408,
		-0.076251,
		0.304648,
		0,
		0.191097,
		-0.910078,
		0.36775,
		0,
		-0.020226,
		0.358118,
		-0.306784,
		1
	},
	[0.866666666667] = {
		0.216081,
		0.43117,
		0.876015,
		0,
		-0.93913,
		0.337227,
		0.065668,
		0,
		-0.267101,
		-0.836882,
		0.477793,
		0,
		0.009447,
		0.3586,
		-0.312137,
		1
	},
	[0.8] = {
		0.334514,
		0.342011,
		0.87814,
		0,
		-0.740532,
		-0.480915,
		0.469397,
		0,
		0.582849,
		-0.80731,
		0.092397,
		0,
		-0.061023,
		0.352214,
		-0.284071,
		1
	},
	[0.933333333333] = {
		0.311736,
		0.392326,
		0.86539,
		0,
		-0.441505,
		0.866291,
		-0.233693,
		0,
		-0.841364,
		-0.309224,
		0.443268,
		0,
		0.038271,
		0.35995,
		-0.293707,
		1
	},
	[0.966666666667] = {
		0.41371,
		0.352986,
		0.839193,
		0,
		-0.178104,
		0.935345,
		-0.305628,
		0,
		-0.892818,
		-0.023022,
		0.44983,
		0,
		0.048559,
		0.365371,
		-0.279272,
		1
	},
	[0.9] = {
		0.242132,
		0.419795,
		0.874725,
		0,
		-0.732901,
		0.669913,
		-0.118629,
		0,
		-0.63579,
		-0.612363,
		0.469876,
		0,
		0.026888,
		0.35796,
		-0.306053,
		1
	},
	[1.03333333333] = {
		0.65772,
		0.255874,
		0.708472,
		0,
		0.016353,
		0.935466,
		-0.353038,
		0,
		-0.753085,
		0.243786,
		0.611091,
		0,
		0.079338,
		0.372919,
		-0.249041,
		1
	},
	[1.06666666667] = {
		0.768557,
		0.206288,
		0.605612,
		0,
		-0.009734,
		0.950252,
		-0.311329,
		0,
		-0.639707,
		0.233379,
		0.732331,
		0,
		0.09566,
		0.366851,
		-0.235946,
		1
	},
	[1.13333333333] = {
		0.914477,
		0.123263,
		0.385405,
		0,
		-0.037777,
		0.974319,
		-0.221979,
		0,
		-0.40287,
		0.188435,
		0.89565,
		0,
		0.106951,
		0.335976,
		-0.207652,
		1
	},
	[1.16666666667] = {
		0.956563,
		0.085957,
		0.278565,
		0,
		-0.036887,
		0.98355,
		-0.176829,
		0,
		-0.289182,
		0.158872,
		0.943999,
		0,
		0.103354,
		0.316777,
		-0.194744,
		1
	},
	[1.1] = {
		0.85556,
		0.161014,
		0.492028,
		0,
		-0.028171,
		0.963476,
		-0.266309,
		0,
		-0.516936,
		0.213983,
		0.828847,
		0,
		0.105338,
		0.353602,
		-0.221911,
		1
	},
	[1.23333333333] = {
		0.996559,
		0.015501,
		0.08142,
		0,
		-0.007521,
		0.995215,
		-0.097419,
		0,
		-0.082541,
		0.096472,
		0.991907,
		0,
		0.095332,
		0.278983,
		-0.177329,
		1
	},
	[1.26666666667] = {
		0.997265,
		-0.002708,
		0.073858,
		0,
		0.007783,
		0.99762,
		-0.068507,
		0,
		-0.073497,
		0.068894,
		0.994913,
		0,
		0.097391,
		0.285381,
		-0.172226,
		1
	},
	[1.2] = {
		0.984648,
		0.046636,
		0.168205,
		0,
		-0.024101,
		0.990742,
		-0.133604,
		0,
		-0.172878,
		0.127499,
		0.976656,
		0,
		0.099094,
		0.276219,
		-0.18526,
		1
	},
	[1.33333333333] = {
		0.995377,
		-0.008595,
		0.095655,
		0,
		0.011252,
		0.999565,
		-0.02728,
		0,
		-0.095379,
		0.02823,
		0.995041,
		0,
		0.101207,
		0.294404,
		-0.165126,
		1
	},
	[1.36666666667] = {
		0.996199,
		-0.005636,
		0.086924,
		0,
		0.006961,
		0.999864,
		-0.014949,
		0,
		-0.086828,
		0.015498,
		0.996103,
		0,
		0.100263,
		0.293705,
		-0.162887,
		1
	},
	[1.3] = {
		0.99491,
		-0.00944,
		0.100328,
		0,
		0.014004,
		0.998894,
		-0.044885,
		0,
		-0.099794,
		0.046062,
		0.993941,
		0,
		0.101329,
		0.291742,
		-0.168248,
		1
	},
	[1.43333333333] = {
		0.997562,
		-0.002488,
		0.069743,
		0,
		0.002232,
		0.99999,
		0.003752,
		0,
		-0.069751,
		-0.003588,
		0.997558,
		0,
		0.099196,
		0.29149,
		-0.160621,
		1
	},
	[1.46666666667] = {
		0.997955,
		-0.003271,
		0.063841,
		0,
		0.002632,
		0.999946,
		0.010076,
		0,
		-0.06387,
		-0.009888,
		0.997909,
		0,
		0.099451,
		0.290309,
		-0.160417,
		1
	},
	[1.4] = {
		0.997006,
		-0.002841,
		0.077273,
		0,
		0.003213,
		0.999984,
		-0.004687,
		0,
		-0.077259,
		0.004922,
		0.996999,
		0,
		0.099315,
		0.292666,
		-0.161443,
		1
	},
	[1.53333333333] = {
		0.998639,
		-0.002289,
		0.052114,
		0,
		0.001459,
		0.999872,
		0.015953,
		0,
		-0.052144,
		-0.015855,
		0.998514,
		0,
		0.099112,
		0.2881,
		-0.161401,
		1
	},
	[1.56666666667] = {
		0.99888,
		-0.001646,
		0.047287,
		0,
		0.000884,
		0.999869,
		0.016138,
		0,
		-0.047307,
		-0.016079,
		0.998751,
		0,
		0.098897,
		0.287257,
		-0.162139,
		1
	},
	[1.5] = {
		0.998329,
		-0.002881,
		0.057712,
		0,
		0.002075,
		0.999899,
		0.014038,
		0,
		-0.057747,
		-0.013894,
		0.998235,
		0,
		0.099306,
		0.289162,
		-0.160761,
		1
	},
	[1.63333333333] = {
		0.999162,
		-0.000727,
		0.040935,
		0,
		0.000176,
		0.999909,
		0.013464,
		0,
		-0.040941,
		-0.013445,
		0.999071,
		0,
		0.09854,
		0.286567,
		-0.163192,
		1
	},
	[1.66666666667] = {
		0.999199,
		-0.000582,
		0.04001,
		0,
		6.5e-05,
		0.999916,
		0.012933,
		0,
		-0.040014,
		-0.01292,
		0.999116,
		0,
		0.098481,
		0.286494,
		-0.163343,
		1
	},
	[1.6] = {
		0.999054,
		-0.001098,
		0.043473,
		0,
		0.00045,
		0.999889,
		0.01491,
		0,
		-0.043485,
		-0.014876,
		0.998943,
		0,
		0.098694,
		0.286771,
		-0.162778,
		1
	}
}

return spline_matrices
