-- chunkname: @content/characters/player/human/first_person/animations/double_barrel/attack_left_diagonal_up_bash.lua

local spline_matrices = {
	[0.0333333333333] = {
		0.89523,
		0.105197,
		0.433008,
		0,
		-0.123301,
		0.992273,
		0.013852,
		0,
		-0.428205,
		-0.065791,
		0.901283,
		0,
		0.126616,
		0.306297,
		-0.174855,
		1,
	},
	[0.0666666666667] = {
		0.420061,
		0.166914,
		0.892014,
		0,
		-0.320321,
		0.946942,
		-0.026349,
		0,
		-0.849084,
		-0.274663,
		0.45124,
		0,
		0.115419,
		0.305453,
		-0.175591,
		1,
	},
	[0] = {
		0.999168,
		0.027805,
		0.029827,
		0,
		-0.027681,
		0.999606,
		-0.004564,
		0,
		-0.029942,
		0.003735,
		0.999545,
		0,
		0.111303,
		0.306946,
		-0.174209,
		1,
	},
	[0.133333333333] = {
		-0.068486,
		-0.260586,
		0.963019,
		0,
		-0.955256,
		0.295534,
		0.012035,
		0,
		-0.287741,
		-0.919105,
		-0.269166,
		0,
		0.001949,
		0.37967,
		-0.097466,
		1,
	},
	[0.166666666667] = {
		-0.025184,
		-0.22118,
		0.974908,
		0,
		-0.783638,
		-0.601148,
		-0.156627,
		0,
		0.620706,
		-0.76792,
		-0.158186,
		0,
		-0.073122,
		0.412269,
		-0.074973,
		1,
	},
	[0.1] = {
		-0.008562,
		-0.025316,
		0.999643,
		0,
		-0.759909,
		0.649953,
		0.009951,
		0,
		-0.649973,
		-0.759553,
		-0.024802,
		0,
		0.067728,
		0.320095,
		-0.156233,
		1,
	},
	[0.233333333333] = {
		0.088916,
		-0.152198,
		0.984342,
		0,
		-0.265292,
		-0.956177,
		-0.123879,
		0,
		0.960059,
		-0.250124,
		-0.125396,
		0,
		-0.085201,
		0.386371,
		-0.060242,
		1,
	},
	[0.266666666667] = {
		0.017468,
		-0.15642,
		0.987536,
		0,
		-0.258744,
		-0.954749,
		-0.146649,
		0,
		0.965788,
		-0.252958,
		-0.05715,
		0,
		-0.083411,
		0.367199,
		-0.072887,
		1,
	},
	[0.2] = {
		0.021965,
		-0.166262,
		0.985837,
		0,
		-0.26791,
		-0.950989,
		-0.154416,
		0,
		0.963194,
		-0.260724,
		-0.065432,
		0,
		-0.10064,
		0.420991,
		-0.067351,
		1,
	},
	[0.333333333333] = {
		-0.079076,
		-0.152926,
		0.985069,
		0,
		-0.293572,
		-0.940769,
		-0.169615,
		0,
		0.952661,
		-0.302601,
		0.029498,
		0,
		-0.080426,
		0.351417,
		-0.073071,
		1,
	},
	[0.366666666667] = {
		-0.097189,
		-0.146883,
		0.984368,
		0,
		-0.31431,
		-0.933905,
		-0.170385,
		0,
		0.944332,
		-0.325956,
		0.044598,
		0,
		-0.079968,
		0.349282,
		-0.074756,
		1,
	},
	[0.3] = {
		-0.034358,
		-0.155343,
		0.987263,
		0,
		-0.272367,
		-0.948999,
		-0.1588,
		0,
		0.96158,
		-0.274354,
		-0.009705,
		0,
		-0.08073,
		0.357649,
		-0.072959,
		1,
	},
	[0.433333333333] = {
		-0.076294,
		-0.118116,
		0.990065,
		0,
		-0.404562,
		-0.903884,
		-0.139009,
		0,
		0.911323,
		-0.411148,
		0.021176,
		0,
		-0.078762,
		0.359353,
		-0.088193,
		1,
	},
	[0.466666666667] = {
		-0.053087,
		-0.092082,
		0.994335,
		0,
		-0.522463,
		-0.846017,
		-0.106241,
		0,
		0.851007,
		-0.525144,
		-0.003197,
		0,
		-0.074598,
		0.367868,
		-0.103896,
		1,
	},
	[0.4] = {
		-0.091038,
		-0.13574,
		0.986553,
		0,
		-0.341465,
		-0.926354,
		-0.158967,
		0,
		0.935475,
		-0.351345,
		0.037983,
		0,
		-0.079633,
		0.352292,
		-0.079215,
		1,
	},
	[0.533333333333] = {
		0.017935,
		-0.006964,
		0.999815,
		0,
		-0.896687,
		-0.442475,
		0.013003,
		0,
		0.442302,
		-0.896754,
		-0.014181,
		0,
		-0.039854,
		0.378972,
		-0.164636,
		1,
	},
	[0.566666666667] = {
		0.062248,
		0.064781,
		0.995956,
		0,
		-0.996626,
		-0.049454,
		0.065507,
		0,
		0.053498,
		-0.996673,
		0.061484,
		0,
		-0.001863,
		0.377087,
		-0.202852,
		1,
	},
	[0.5] = {
		-0.02158,
		-0.055677,
		0.998216,
		0,
		-0.698713,
		-0.713293,
		-0.054891,
		0,
		0.715076,
		-0.698651,
		-0.023509,
		0,
		-0.064345,
		0.375271,
		-0.128601,
		1,
	},
	[0.633333333333] = {
		0.205225,
		0.22704,
		0.952017,
		0,
		-0.760122,
		0.649719,
		0.008911,
		0,
		-0.616521,
		-0.725477,
		0.305917,
		0,
		0.072757,
		0.330415,
		-0.254528,
		1,
	},
	[0.666666666667] = {
		0.335066,
		0.267175,
		0.90352,
		0,
		-0.538229,
		0.841362,
		-0.049195,
		0,
		-0.773331,
		-0.469817,
		0.425713,
		0,
		0.101032,
		0.293303,
		-0.267866,
		1,
	},
	[0.6] = {
		0.119384,
		0.151449,
		0.981229,
		0,
		-0.937756,
		0.341835,
		0.061334,
		0,
		-0.326129,
		-0.927476,
		0.182832,
		0,
		0.039179,
		0.363488,
		-0.232738,
		1,
	},
	[0.733333333333] = {
		0.671182,
		0.24315,
		0.700281,
		0,
		-0.268813,
		0.960208,
		-0.075759,
		0,
		-0.690836,
		-0.137396,
		0.709836,
		0,
		0.140903,
		0.250907,
		-0.266749,
		1,
	},
	[0.766666666667] = {
		0.806464,
		0.21181,
		0.552044,
		0,
		-0.201263,
		0.97622,
		-0.080542,
		0,
		-0.555977,
		-0.046152,
		0.829916,
		0,
		0.143397,
		0.255785,
		-0.251973,
		1,
	},
	[0.7] = {
		0.50304,
		0.264419,
		0.82282,
		0,
		-0.358249,
		0.9302,
		-0.079907,
		0,
		-0.786517,
		-0.254578,
		0.562656,
		0,
		0.126926,
		0.264536,
		-0.272483,
		1,
	},
	[0.833333333333] = {
		0.949891,
		0.140532,
		0.279208,
		0,
		-0.113863,
		0.98743,
		-0.109625,
		0,
		-0.291104,
		0.07234,
		0.953952,
		0,
		0.137407,
		0.288619,
		-0.213244,
		1,
	},
	[0.866666666667] = {
		0.980886,
		0.103369,
		0.164857,
		0,
		-0.086237,
		0.990413,
		-0.107912,
		0,
		-0.174432,
		0.091633,
		0.980396,
		0,
		0.131093,
		0.299257,
		-0.198264,
		1,
	},
	[0.8] = {
		0.894239,
		0.177569,
		0.410861,
		0,
		-0.150616,
		0.983786,
		-0.097362,
		0,
		-0.421488,
		0.025183,
		0.906484,
		0,
		0.141872,
		0.271261,
		-0.232085,
		1,
	},
	[0.933333333333] = {
		0.998349,
		0.047932,
		0.031658,
		0,
		-0.045253,
		0.995725,
		-0.080521,
		0,
		-0.035383,
		0.078955,
		0.99625,
		0,
		0.116627,
		0.308944,
		-0.185005,
		1,
	},
	[0.966666666667] = {
		0.9992,
		0.039273,
		0.007592,
		0,
		-0.038723,
		0.997289,
		-0.062575,
		0,
		-0.010029,
		0.062231,
		0.998011,
		0,
		0.110335,
		0.311753,
		-0.182046,
		1,
	},
	[0.9] = {
		0.994254,
		0.07083,
		0.080265,
		0,
		-0.06305,
		0.993418,
		-0.095634,
		0,
		-0.086511,
		0.090024,
		0.992175,
		0,
		0.12386,
		0.304829,
		-0.188894,
		1,
	},
	[1.03333333333] = {
		0.999419,
		0.033894,
		-0.00359,
		0,
		-0.033981,
		0.999036,
		-0.027784,
		0,
		0.002644,
		0.02789,
		0.999608,
		0,
		0.104363,
		0.3141,
		-0.177853,
		1,
	},
	[1.06666666667] = {
		0.999481,
		0.031997,
		-0.003751,
		0,
		-0.032059,
		0.999329,
		-0.017703,
		0,
		0.003182,
		0.017814,
		0.999836,
		0,
		0.104823,
		0.313996,
		-0.176477,
		1,
	},
	{
		0.999341,
		0.036282,
		-0.001218,
		0,
		-0.036301,
		0.998375,
		-0.043928,
		0,
		-0.000378,
		0.043943,
		0.999034,
		0,
		0.105922,
		0.31341,
		-0.179686,
		1,
	},
	[1.13333333333] = {
		0.999556,
		0.029464,
		0.004542,
		0,
		-0.029421,
		0.999525,
		-0.009191,
		0,
		-0.004811,
		0.009054,
		0.999947,
		0,
		0.106807,
		0.31215,
		-0.174834,
		1,
	},
	[1.16666666667] = {
		0.999527,
		0.028714,
		0.011037,
		0,
		-0.02864,
		0.999566,
		-0.006861,
		0,
		-0.011229,
		0.006541,
		0.999916,
		0,
		0.108045,
		0.310791,
		-0.174438,
		1,
	},
	[1.1] = {
		0.999533,
		0.030539,
		-0.000713,
		0,
		-0.030545,
		0.999452,
		-0.012722,
		0,
		0.000325,
		0.012737,
		0.999919,
		0,
		0.105686,
		0.313282,
		-0.175492,
		1,
	},
	[1.23333333333] = {
		0.999325,
		0.027957,
		0.023826,
		0,
		-0.02785,
		0.999601,
		-0.004805,
		0,
		-0.023951,
		0.004138,
		0.999705,
		0,
		0.110298,
		0.308164,
		-0.174181,
		1,
	},
	[1.26666666667] = {
		0.999216,
		0.027834,
		0.028164,
		0,
		-0.027715,
		0.999605,
		-0.004583,
		0,
		-0.02828,
		0.003799,
		0.999593,
		0,
		0.111028,
		0.307283,
		-0.174191,
		1,
	},
	[1.2] = {
		0.999443,
		0.028231,
		0.017791,
		0,
		-0.028138,
		0.999589,
		-0.005481,
		0,
		-0.017939,
		0.004978,
		0.999827,
		0,
		0.109257,
		0.309398,
		-0.174242,
		1,
	},
	[1.3] = {
		0.999168,
		0.027805,
		0.029827,
		0,
		-0.027681,
		0.999606,
		-0.004564,
		0,
		-0.029942,
		0.003735,
		0.999545,
		0,
		0.111303,
		0.306946,
		-0.174209,
		1,
	},
}

return spline_matrices
