local spline_matrices = {
	[0] = {
		0.423779,
		0.019864,
		-0.905548,
		0,
		0.885957,
		-0.217031,
		0.40985,
		0,
		-0.188391,
		-0.975963,
		-0.109572,
		0,
		0.357776,
		-0.271917,
		-0.207032,
		1
	},
	{
		0.991526,
		-0.094831,
		-0.08879,
		0,
		0.124718,
		0.886158,
		0.446283,
		0,
		0.036361,
		-0.453575,
		0.890476,
		0,
		-0.190693,
		-0.18181,
		-0.3487,
		1
	},
	[0.0333333333333] = {
		0.827293,
		-0.067749,
		-0.557671,
		0,
		0.541851,
		-0.165774,
		0.823964,
		0,
		-0.14827,
		-0.983834,
		-0.100433,
		0,
		0.279505,
		-0.108643,
		-0.103385,
		1
	},
	[0.0666666666667] = {
		0.803144,
		-0.024626,
		-0.595275,
		0,
		0.586748,
		-0.140667,
		0.797458,
		0,
		-0.103374,
		-0.989751,
		-0.098526,
		0,
		0.260914,
		0.008404,
		-0.082153,
		1
	},
	[0.133333333333] = {
		0.47397,
		0.012404,
		-0.880453,
		0,
		0.871629,
		0.135292,
		0.471126,
		0,
		0.124962,
		-0.990728,
		0.053313,
		0,
		0.315548,
		0.139778,
		-0.128631,
		1
	},
	[0.166666666667] = {
		0.458352,
		-0.04937,
		-0.887398,
		0,
		0.83012,
		0.380478,
		0.4076,
		0,
		0.317513,
		-0.923471,
		0.215376,
		0,
		0.352792,
		0.242856,
		-0.120922,
		1
	},
	[0.1] = {
		0.563089,
		0.040516,
		-0.825402,
		0,
		0.824241,
		-0.09962,
		0.557407,
		0,
		-0.059643,
		-0.9942,
		-0.08949,
		0,
		0.286489,
		0.052028,
		-0.112021,
		1
	},
	[0.233333333333] = {
		0.233441,
		0.066724,
		-0.970079,
		0,
		0.197301,
		0.97364,
		0.114448,
		0,
		0.952144,
		-0.218114,
		0.214123,
		0,
		0.286064,
		0.46802,
		-0.117157,
		1
	},
	[0.266666666667] = {
		0.034639,
		0.097065,
		-0.994675,
		0,
		-0.655734,
		0.75329,
		0.050674,
		0,
		0.754197,
		0.650487,
		0.089742,
		0,
		0.199495,
		0.579422,
		-0.098901,
		1
	},
	[0.2] = {
		0.421734,
		0.041539,
		-0.905768,
		0,
		0.607688,
		0.728448,
		0.316353,
		0,
		0.672946,
		-0.683841,
		0.281968,
		0,
		0.328735,
		0.347759,
		-0.124872,
		1
	},
	[0.333333333333] = {
		-0.010875,
		0.085382,
		-0.996289,
		0,
		-0.990298,
		0.137117,
		0.02256,
		0,
		0.138535,
		0.986868,
		0.083062,
		0,
		-0.171788,
		0.667499,
		-0.111911,
		1
	},
	[0.366666666667] = {
		-0.025781,
		0.106882,
		-0.993937,
		0,
		-0.995126,
		-0.097407,
		0.015337,
		0,
		-0.095178,
		0.989489,
		0.108873,
		0,
		-0.470988,
		0.612356,
		-0.143542,
		1
	},
	[0.3] = {
		0.018205,
		0.078359,
		-0.996759,
		0,
		-0.892802,
		0.450045,
		0.019074,
		0,
		0.450081,
		0.889561,
		0.078152,
		0,
		0.087862,
		0.630665,
		-0.08208,
		1
	},
	[0.433333333333] = {
		0.229058,
		0.506164,
		-0.831463,
		0,
		-0.288544,
		-0.780476,
		-0.554616,
		0,
		-0.929664,
		0.366952,
		-0.032724,
		0,
		-0.578125,
		0.043727,
		-0.127073,
		1
	},
	[0.466666666667] = {
		0.000654,
		0.068391,
		-0.997658,
		0,
		0.12681,
		-0.98961,
		-0.067756,
		0,
		-0.991927,
		-0.126469,
		-0.00932,
		0,
		-0.656614,
		-0.223906,
		-0.109842,
		1
	},
	[0.4] = {
		-0.041912,
		0.063402,
		-0.997108,
		0,
		-0.85405,
		-0.520183,
		0.002822,
		0,
		-0.518499,
		0.851698,
		0.07595,
		0,
		-0.586228,
		0.314823,
		-0.131607,
		1
	},
	[0.533333333333] = {
		0.031668,
		0.962631,
		-0.26896,
		0,
		-0.842587,
		-0.119034,
		-0.525241,
		0,
		-0.537628,
		0.243255,
		0.807331,
		0,
		-0.60848,
		-0.225694,
		-0.138523,
		1
	},
	[0.566666666667] = {
		0.295769,
		0.92964,
		-0.21975,
		0,
		-0.896211,
		0.190419,
		-0.400683,
		0,
		-0.330647,
		0.315451,
		0.889474,
		0,
		-0.564425,
		-0.226645,
		-0.163385,
		1
	},
	[0.5] = {
		-0.349052,
		0.478116,
		-0.805958,
		0,
		0.001945,
		-0.859681,
		-0.510828,
		0,
		-0.937101,
		-0.179873,
		0.299143,
		0,
		-0.640273,
		-0.224739,
		-0.119972,
		1
	},
	[0.633333333333] = {
		0.751252,
		0.64106,
		-0.157043,
		0,
		-0.65993,
		0.733411,
		-0.163101,
		0,
		0.010619,
		0.226167,
		0.974031,
		0,
		-0.452293,
		-0.227855,
		-0.223653,
		1
	},
	[0.666666666667] = {
		0.888912,
		0.440141,
		-0.126926,
		0,
		-0.447554,
		0.893537,
		-0.035876,
		0,
		0.097623,
		0.088696,
		0.991263,
		0,
		-0.39062,
		-0.226989,
		-0.255001,
		1
	},
	[0.6] = {
		0.547687,
		0.815448,
		-0.187305,
		0,
		-0.825235,
		0.489577,
		-0.281605,
		0,
		-0.137934,
		0.308803,
		0.941071,
		0,
		-0.511297,
		-0.227447,
		-0.19245,
		1
	},
	[0.733333333333] = {
		0.992091,
		0.088421,
		-0.089089,
		0,
		-0.065457,
		0.970063,
		0.233867,
		0,
		0.1071,
		-0.226186,
		0.968178,
		0,
		-0.276921,
		-0.221227,
		-0.310552,
		1
	},
	[0.766666666667] = {
		0.996055,
		-0.024281,
		-0.085357,
		0,
		0.052523,
		0.936582,
		0.346491,
		0,
		0.071531,
		-0.349607,
		0.934162,
		0,
		-0.233517,
		-0.216777,
		-0.331189,
		1
	},
	[0.7] = {
		0.963464,
		0.247382,
		-0.102661,
		0,
		-0.237388,
		0.966211,
		0.100417,
		0,
		0.124034,
		-0.072378,
		0.989635,
		0,
		-0.330591,
		-0.224734,
		-0.284574,
		1
	},
	[0.833333333333] = {
		0.99036,
		-0.107665,
		-0.087147,
		0,
		0.135528,
		0.883137,
		0.449111,
		0,
		0.02861,
		-0.456592,
		0.889216,
		0,
		-0.193097,
		-0.206835,
		-0.349627,
		1
	},
	[0.866666666667] = {
		0.99077,
		-0.103686,
		-0.08731,
		0,
		0.132046,
		0.883786,
		0.448871,
		0,
		0.030622,
		-0.456257,
		0.889321,
		0,
		-0.192206,
		-0.201896,
		-0.349536,
		1
	},
	[0.8] = {
		0.99229,
		-0.08895,
		-0.086305,
		0,
		0.117292,
		0.898944,
		0.422069,
		0,
		0.04004,
		-0.428938,
		0.902446,
		0,
		-0.204292,
		-0.211808,
		-0.344781,
		1
	},
	[0.933333333333] = {
		0.991297,
		-0.097927,
		-0.087985,
		0,
		0.127181,
		0.884979,
		0.447925,
		0,
		0.034001,
		-0.455217,
		0.889731,
		0,
		-0.191108,
		-0.191537,
		-0.349195,
		1
	},
	[0.966666666667] = {
		0.991437,
		-0.096114,
		-0.088397,
		0,
		0.125721,
		0.885556,
		0.447197,
		0,
		0.035298,
		-0.454481,
		0.890057,
		0,
		-0.190841,
		-0.18649,
		-0.348963,
		1
	},
	[0.9] = {
		0.991084,
		-0.100387,
		-0.087606,
		0,
		0.129224,
		0.884402,
		0.44848,
		0,
		0.032457,
		-0.455802,
		0.889489,
		0,
		-0.191541,
		-0.196745,
		-0.349389,
		1
	},
	[1.03333333333] = {
		0.991576,
		-0.093999,
		-0.089116,
		0,
		0.124076,
		0.886807,
		0.445173,
		0,
		0.037182,
		-0.45248,
		0.890999,
		0,
		-0.190625,
		-0.177695,
		-0.348414,
		1
	},
	[1.06666666667] = {
		0.991601,
		-0.09354,
		-0.089321,
		0,
		0.123703,
		0.887519,
		0.443855,
		0,
		0.037756,
		-0.451176,
		0.891636,
		0,
		-0.190599,
		-0.17434,
		-0.348111,
		1
	},
	[1.13333333333] = {
		0.991623,
		-0.093418,
		-0.089197,
		0,
		0.123397,
		0.88921,
		0.440543,
		0,
		0.03816,
		-0.44786,
		0.893289,
		0,
		-0.190549,
		-0.170703,
		-0.347462,
		1
	},
	[1.16666666667] = {
		0.991626,
		-0.093596,
		-0.088982,
		0,
		0.123373,
		0.890223,
		0.438501,
		0,
		0.038172,
		-0.445807,
		0.894315,
		0,
		-0.190538,
		-0.170814,
		-0.347077,
		1
	},
	[1.1] = {
		0.991613,
		-0.093373,
		-0.089356,
		0,
		0.123504,
		0.888315,
		0.442316,
		0,
		0.038076,
		-0.449643,
		0.892397,
		0,
		-0.190581,
		-0.171944,
		-0.347795,
		1
	}
}

return spline_matrices
