local spline_matrices = {
	[0] = {
		-0.161967,
		-0.335131,
		0.928146,
		0,
		-0.972244,
		0.21513,
		-0.091984,
		0,
		-0.168845,
		-0.917282,
		-0.360672,
		0,
		-0.315406,
		-0.030221,
		-0.25497,
		1
	},
	{
		0.598171,
		-0.017148,
		0.801185,
		0,
		0.651858,
		-0.571117,
		-0.498906,
		0,
		0.466126,
		0.82069,
		-0.330447,
		0,
		0.531898,
		0.319988,
		-0.413718,
		1
	},
	[0.0166666666667] = {
		-0.160768,
		-0.333683,
		0.928875,
		0,
		-0.971797,
		0.218018,
		-0.089877,
		0,
		-0.172521,
		-0.917128,
		-0.359323,
		0,
		-0.316781,
		-0.028453,
		-0.254207,
		1
	},
	[0.0333333333333] = {
		-0.157484,
		-0.329603,
		0.930893,
		0,
		-0.970244,
		0.227203,
		-0.083695,
		0,
		-0.183915,
		-0.916374,
		-0.355576,
		0,
		-0.320495,
		-0.023107,
		-0.251963,
		1
	},
	[0.05] = {
		-0.152569,
		-0.32351,
		0.933844,
		0,
		-0.967106,
		0.243475,
		-0.073657,
		0,
		-0.203539,
		-0.914364,
		-0.350015,
		0,
		-0.32592,
		-0.01405,
		-0.248302,
		1
	},
	[0.0666666666667] = {
		-0.146475,
		-0.315973,
		0.937393,
		0,
		-0.961662,
		0.267576,
		-0.060073,
		0,
		-0.231843,
		-0.910255,
		-0.343052,
		0,
		-0.332419,
		-0.001172,
		-0.243278,
		1
	},
	[0.0833333333333] = {
		-0.139659,
		-0.307305,
		0.941307,
		0,
		-0.952906,
		0.300147,
		-0.043392,
		0,
		-0.269196,
		-0.903037,
		-0.334751,
		0,
		-0.33935,
		0.015567,
		-0.236934,
		1
	},
	[0.116666666667] = {
		-0.125782,
		-0.287821,
		0.949388,
		0,
		-0.919754,
		0.392485,
		-0.002868,
		0,
		-0.371795,
		-0.873564,
		-0.314092,
		0,
		-0.351936,
		0.060744,
		-0.220496,
		1
	},
	[0.133333333333] = {
		-0.119733,
		-0.277624,
		0.953199,
		0,
		-0.891563,
		0.452464,
		0.019791,
		0,
		-0.436783,
		-0.847468,
		-0.301694,
		0,
		-0.356324,
		0.089231,
		-0.210535,
		1
	},
	[0.15] = {
		-0.114991,
		-0.267533,
		0.956663,
		0,
		-0.852431,
		0.521048,
		0.04325,
		0,
		-0.510038,
		-0.810515,
		-0.287969,
		0,
		-0.358616,
		0.121675,
		-0.199527,
		1
	},
	[0.166666666667] = {
		-0.112111,
		-0.257855,
		0.959657,
		0,
		-0.799489,
		0.596933,
		0.066993,
		0,
		-0.590125,
		-0.759725,
		-0.273075,
		0,
		-0.358215,
		0.158094,
		-0.187577,
		1
	},
	[0.183333333333] = {
		-0.137302,
		-0.245514,
		0.95962,
		0,
		-0.704949,
		0.704793,
		0.079454,
		0,
		-0.695841,
		-0.665574,
		-0.269844,
		0,
		-0.333344,
		0.219462,
		-0.170888,
		1
	},
	[0.1] = {
		-0.132596,
		-0.297817,
		0.945369,
		0,
		-0.939503,
		0.34169,
		-0.024132,
		0,
		-0.315836,
		-0.891377,
		-0.325107,
		0,
		-0.346068,
		0.036197,
		-0.22932,
		1
	},
	[0.216666666667] = {
		-0.288878,
		-0.20738,
		0.934635,
		0,
		-0.289316,
		0.949522,
		0.121261,
		0,
		-0.912604,
		-0.235376,
		-0.334295,
		0,
		-0.193717,
		0.411085,
		-0.12077,
		1
	},
	[0.233333333333] = {
		-0.380695,
		-0.184982,
		0.906009,
		0,
		0.005097,
		0.979352,
		0.202099,
		0,
		-0.924687,
		0.081556,
		-0.371891,
		0,
		-0.110418,
		0.495812,
		-0.094073,
		1
	},
	[0.25] = {
		-0.498896,
		-0.154362,
		0.852804,
		0,
		0.379707,
		0.845609,
		0.375191,
		0,
		-0.779054,
		0.510997,
		-0.363259,
		0,
		-0.016719,
		0.567168,
		-0.063229,
		1
	},
	[0.266666666667] = {
		-0.61414,
		-0.120706,
		0.779912,
		0,
		0.659009,
		0.465284,
		0.590947,
		0,
		-0.434211,
		0.876893,
		-0.206203,
		0,
		0.089103,
		0.626273,
		-0.028042,
		1
	},
	[0.283333333333] = {
		-0.659439,
		-0.102559,
		0.744729,
		0,
		0.736331,
		0.111542,
		0.667364,
		0,
		-0.151513,
		0.988453,
		0.001962,
		0,
		0.185598,
		0.649535,
		0.000978,
		1
	},
	[0.2] = {
		-0.20308,
		-0.228161,
		0.952209,
		0,
		-0.53507,
		0.840292,
		0.087228,
		0,
		-0.820036,
		-0.491784,
		-0.292729,
		0,
		-0.273169,
		0.31141,
		-0.14762,
		1
	},
	[0.316666666667] = {
		-0.55546,
		-0.101767,
		0.825293,
		0,
		0.830949,
		-0.03041,
		0.555517,
		0,
		-0.031436,
		0.994343,
		0.101455,
		0,
		0.348069,
		0.564717,
		0.045956,
		1
	},
	[0.333333333333] = {
		-0.485881,
		-0.099071,
		0.868392,
		0,
		0.873712,
		-0.08163,
		0.479545,
		0,
		0.023378,
		0.991727,
		0.126222,
		0,
		0.411267,
		0.510886,
		0.05355,
		1
	},
	[0.35] = {
		-0.418051,
		-0.089973,
		0.903957,
		0,
		0.891526,
		-0.231671,
		0.389243,
		0,
		0.174399,
		0.968624,
		0.177064,
		0,
		0.464598,
		0.461808,
		0.050399,
		1
	},
	[0.366666666667] = {
		-0.341326,
		-0.077225,
		0.936767,
		0,
		0.86558,
		-0.414345,
		0.28123,
		0,
		0.366427,
		0.906838,
		0.208271,
		0,
		0.513397,
		0.408658,
		0.048083,
		1
	},
	[0.383333333333] = {
		-0.277911,
		-0.067287,
		0.958247,
		0,
		0.810128,
		-0.552461,
		0.196161,
		0,
		0.516195,
		0.830818,
		0.208047,
		0,
		0.546056,
		0.370874,
		0.047093,
		1
	},
	[0.3] = {
		-0.625467,
		-0.101009,
		0.773685,
		0,
		0.778173,
		-0.00845,
		0.627993,
		0,
		-0.056895,
		0.99485,
		0.083888,
		0,
		0.270018,
		0.621556,
		0.025222,
		1
	},
	[0.416666666667] = {
		-0.255684,
		-0.057015,
		0.965078,
		0,
		0.775791,
		-0.607761,
		0.16963,
		0,
		0.576865,
		0.792071,
		0.199626,
		0,
		0.559317,
		0.354848,
		0.047333,
		1
	},
	[0.433333333333] = {
		-0.255538,
		-0.055186,
		0.965223,
		0,
		0.776794,
		-0.606094,
		0.171,
		0,
		0.575579,
		0.793476,
		0.197748,
		0,
		0.558738,
		0.355872,
		0.046474,
		1
	},
	[0.45] = {
		-0.255378,
		-0.053909,
		0.965337,
		0,
		0.777718,
		-0.60463,
		0.171979,
		0,
		0.574401,
		0.79468,
		0.196335,
		0,
		0.558206,
		0.356791,
		0.045816,
		1
	},
	[0.466666666667] = {
		-0.255195,
		-0.052944,
		0.965439,
		0,
		0.778562,
		-0.603334,
		0.172711,
		0,
		0.573338,
		0.795729,
		0.195188,
		0,
		0.557724,
		0.357615,
		0.045267,
		1
	},
	[0.483333333333] = {
		-0.254979,
		-0.052269,
		0.965533,
		0,
		0.779325,
		-0.602207,
		0.173205,
		0,
		0.572397,
		0.796627,
		0.194285,
		0,
		0.557294,
		0.358341,
		0.044813,
		1
	},
	[0.4] = {
		-0.253957,
		-0.059559,
		0.96538,
		0,
		0.775005,
		-0.609692,
		0.166262,
		0,
		0.578682,
		0.790398,
		0.200994,
		0,
		0.56005,
		0.353685,
		0.047374,
		1
	},
	[0.516666666667] = {
		-0.25441,
		-0.051703,
		0.965713,
		0,
		0.780604,
		-0.600464,
		0.173496,
		0,
		0.570906,
		0.797979,
		0.193123,
		0,
		0.556602,
		0.359497,
		0.044146,
		1
	},
	[0.533333333333] = {
		-0.254037,
		-0.051768,
		0.965808,
		0,
		0.781118,
		-0.59985,
		0.173306,
		0,
		0.570369,
		0.798436,
		0.192821,
		0,
		0.556345,
		0.359924,
		0.043907,
		1
	},
	[0.55] = {
		-0.253627,
		-0.051983,
		0.965904,
		0,
		0.781541,
		-0.599399,
		0.172959,
		0,
		0.569971,
		0.798761,
		0.192651,
		0,
		0.556149,
		0.360251,
		0.043712,
		1
	},
	[0.566666666667] = {
		-0.253212,
		-0.052282,
		0.965997,
		0,
		0.781866,
		-0.599101,
		0.172522,
		0,
		0.56971,
		0.798965,
		0.192577,
		0,
		0.556014,
		0.360479,
		0.043557,
		1
	},
	[0.583333333333] = {
		-0.252793,
		-0.052657,
		0.966086,
		0,
		0.78209,
		-0.598959,
		0.172,
		0,
		0.569589,
		0.799047,
		0.192595,
		0,
		0.555941,
		0.360605,
		0.04344,
		1
	},
	[0.5] = {
		-0.254721,
		-0.051863,
		0.965623,
		0,
		0.780006,
		-0.60125,
		0.173464,
		0,
		0.571584,
		0.797376,
		0.193604,
		0,
		0.55692,
		0.358969,
		0.044444,
		1
	},
	[0.616666666667] = {
		-0.251951,
		-0.053606,
		0.966254,
		0,
		0.782216,
		-0.599159,
		0.170723,
		0,
		0.569788,
		0.798833,
		0.19289,
		0,
		0.555993,
		0.36054,
		0.043312,
		1
	},
	[0.633333333333] = {
		-0.251533,
		-0.054163,
		0.966332,
		0,
		0.782109,
		-0.59951,
		0.169978,
		0,
		0.570119,
		0.798532,
		0.193158,
		0,
		0.556123,
		0.360342,
		0.043298,
		1
	},
	[0.65] = {
		-0.251117,
		-0.05477,
		0.966406,
		0,
		0.781895,
		-0.600019,
		0.169167,
		0,
		0.570596,
		0.798109,
		0.1935,
		0,
		0.556318,
		0.360039,
		0.043316,
		1
	},
	[0.666666666667] = {
		-0.250704,
		-0.055424,
		0.966476,
		0,
		0.781579,
		-0.600675,
		0.168296,
		0,
		0.57121,
		0.79757,
		0.19391,
		0,
		0.556574,
		0.359636,
		0.043362,
		1
	},
	[0.683333333333] = {
		-0.250295,
		-0.05612,
		0.966542,
		0,
		0.781167,
		-0.60147,
		0.167367,
		0,
		0.571953,
		0.796922,
		0.194384,
		0,
		0.556888,
		0.359141,
		0.043435,
		1
	},
	[0.6] = {
		-0.252372,
		-0.053101,
		0.966172,
		0,
		0.782209,
		-0.598976,
		0.171399,
		0,
		0.569612,
		0.799005,
		0.192701,
		0,
		0.555933,
		0.360628,
		0.043358,
		1
	},
	[0.716666666667] = {
		-0.242754,
		-0.059082,
		0.968287,
		0,
		0.782072,
		-0.602482,
		0.159307,
		0,
		0.573964,
		0.795942,
		0.192461,
		0,
		0.559403,
		0.357781,
		0.040927,
		1
	},
	[0.733333333333] = {
		-0.223214,
		-0.063911,
		0.972672,
		0,
		0.786836,
		-0.600819,
		0.14109,
		0,
		0.575383,
		0.796826,
		0.184399,
		0,
		0.56464,
		0.356715,
		0.033272,
		1
	},
	[0.75] = {
		-0.19281,
		-0.070796,
		0.978679,
		0,
		0.793962,
		-0.597334,
		0.113209,
		0,
		0.576584,
		0.798861,
		0.171381,
		0,
		0.572344,
		0.355384,
		0.021133,
		1
	},
	[0.766666666667] = {
		-0.153084,
		-0.07914,
		0.985039,
		0,
		0.802334,
		-0.59187,
		0.077138,
		0,
		0.57691,
		0.802139,
		0.154103,
		0,
		0.581894,
		0.353812,
		0.005077,
		1
	},
	[0.783333333333] = {
		-0.105651,
		-0.088289,
		0.990476,
		0,
		0.810826,
		-0.584275,
		0.034407,
		0,
		0.575673,
		0.806739,
		0.133317,
		0,
		0.592668,
		0.352027,
		-0.014328,
		1
	},
	[0.7] = {
		-0.249889,
		-0.056855,
		0.966604,
		0,
		0.780664,
		-0.602394,
		0.166387,
		0,
		0.572816,
		0.796171,
		0.194917,
		0,
		0.557256,
		0.358558,
		0.043532,
		1
	},
	[0.816666666667] = {
		0.005292,
		-0.106142,
		0.994337,
		0,
		0.824208,
		-0.562608,
		-0.064443,
		0,
		0.566262,
		0.819882,
		0.084506,
		0,
		0.61541,
		0.347919,
		-0.060904,
		1
	},
	[0.833333333333] = {
		0.065001,
		-0.11338,
		0.991423,
		0,
		0.827633,
		-0.548931,
		-0.117039,
		0,
		0.557492,
		0.828143,
		0.058156,
		0,
		0.626143,
		0.345653,
		-0.08693,
		1
	},
	[0.85] = {
		0.124894,
		-0.118576,
		0.985059,
		0,
		0.828368,
		-0.533987,
		-0.169306,
		0,
		0.546085,
		0.837136,
		0.031533,
		0,
		0.635629,
		0.343286,
		-0.114018,
		1
	},
	[0.866666666667] = {
		0.183004,
		-0.12116,
		0.975618,
		0,
		0.826421,
		-0.518542,
		-0.219415,
		0,
		0.532483,
		0.846425,
		0.005233,
		0,
		0.643253,
		0.340849,
		-0.14159,
		1
	},
	[0.883333333333] = {
		0.237457,
		-0.1207,
		0.96387,
		0,
		0.822116,
		-0.503573,
		-0.265594,
		0,
		0.517436,
		0.85548,
		-0.020348,
		0,
		0.648403,
		0.338376,
		-0.169072,
		1
	},
	[0.8] = {
		-0.052242,
		-0.097536,
		0.99386,
		0,
		0.818403,
		-0.574489,
		-0.01336,
		0,
		0.572265,
		0.81268,
		0.109836,
		0,
		0.604046,
		0.350053,
		-0.036512,
		1
	},
	[0.916666666667] = {
		0.334907,
		-0.109494,
		0.935868,
		0,
		0.80458,
		-0.483694,
		-0.344516,
		0,
		0.490396,
		0.868361,
		-0.073896,
		0,
		0.646519,
		0.333316,
		-0.224539,
		1
	},
	[0.933333333333] = {
		0.387123,
		-0.098195,
		0.916785,
		0,
		0.784538,
		-0.487288,
		-0.383472,
		0,
		0.484393,
		0.867703,
		-0.111603,
		0,
		0.634772,
		0.330568,
		-0.257374,
		1
	},
	[0.95] = {
		0.441321,
		-0.083096,
		0.893493,
		0,
		0.757412,
		-0.499458,
		-0.420557,
		0,
		0.481209,
		0.862344,
		-0.157483,
		0,
		0.616329,
		0.327772,
		-0.293549,
		1
	},
	[0.966666666667] = {
		0.495675,
		-0.064349,
		0.866121,
		0,
		0.724915,
		-0.518587,
		-0.453393,
		0,
		0.478335,
		0.8526,
		-0.210403,
		0,
		0.592297,
		0.325024,
		-0.332222,
		1
	},
	[0.983333333333] = {
		0.548466,
		-0.042225,
		0.835106,
		0,
		0.689018,
		-0.543025,
		-0.479977,
		0,
		0.473751,
		0.838654,
		-0.268737,
		0,
		0.563783,
		0.322408,
		-0.372557,
		1
	},
	[0.9] = {
		0.286528,
		-0.116924,
		0.95091,
		0,
		0.816045,
		-0.490236,
		-0.30617,
		0,
		0.501969,
		0.863712,
		-0.045051,
		0,
		0.650468,
		0.335902,
		-0.195884,
		1
	},
	[1.01666666667] = {
		0.643544,
		0.010284,
		0.76534,
		0,
		0.615559,
		-0.601229,
		-0.509521,
		0,
		0.454904,
		0.799011,
		-0.393248,
		0,
		0.497756,
		0.317814,
		-0.454871,
		1
	},
	[1.03333333333] = {
		0.683679,
		0.039301,
		0.728724,
		0,
		0.582006,
		-0.6318,
		-0.511956,
		0,
		0.440287,
		0.774135,
		-0.454822,
		0,
		0.462471,
		0.31592,
		-0.495185,
		1
	},
	[1.05] = {
		0.718038,
		0.068976,
		0.692578,
		0,
		0.55264,
		-0.661404,
		-0.507084,
		0,
		0.423097,
		0.746852,
		-0.513032,
		0,
		0.427161,
		0.314325,
		-0.53383,
		1
	},
	[1.06666666667] = {
		0.746455,
		0.098254,
		0.658142,
		0,
		0.528324,
		-0.688824,
		-0.496382,
		0,
		0.404573,
		0.718239,
		-0.566086,
		0,
		0.392943,
		0.313034,
		-0.569977,
		1
	},
	[1.08333333333] = {
		0.769099,
		0.125996,
		0.626588,
		0,
		0.509306,
		-0.71311,
		-0.481748,
		0,
		0.386128,
		0.689637,
		-0.612623,
		0,
		0.360937,
		0.312039,
		-0.602802,
		1
	},
	[1.11666666667] = {
		0.79898,
		0.172148,
		0.576191,
		0,
		0.485568,
		-0.749924,
		-0.449264,
		0,
		0.35476,
		0.638733,
		-0.682763,
		0,
		0.308043,
		0.310863,
		-0.655185,
		1
	},
	[1.13333333333] = {
		0.807481,
		0.188232,
		0.559056,
		0,
		0.479267,
		-0.761875,
		-0.435718,
		0,
		0.343914,
		0.619771,
		-0.705412,
		0,
		0.289397,
		0.310624,
		-0.673097,
		1
	},
	[1.15] = {
		0.812481,
		0.19819,
		0.548266,
		0,
		0.475543,
		-0.769325,
		-0.426612,
		0,
		0.337245,
		0.607338,
		-0.71931,
		0,
		0.277447,
		0.310573,
		-0.684393,
		1
	},
	[1.16666666667] = {
		0.814316,
		0.201024,
		0.544498,
		0,
		0.473841,
		-0.772023,
		-0.423622,
		0,
		0.335207,
		0.602968,
		-0.723924,
		0,
		0.273314,
		0.310674,
		-0.688251,
		1
	},
	[1.18333333333] = {
		0.814567,
		0.200077,
		0.544472,
		0,
		0.473152,
		-0.772174,
		-0.424116,
		0,
		0.335571,
		0.603089,
		-0.723654,
		0,
		0.27345,
		0.310827,
		-0.688129,
		1
	},
	[1.1] = {
		0.786405,
		0.151021,
		0.598965,
		0,
		0.495286,
		-0.733605,
		-0.465312,
		0,
		0.369132,
		0.662583,
		-0.651709,
		0,
		0.332263,
		0.311324,
		-0.631479,
		1
	},
	[1.21666666667] = {
		0.814911,
		0.198766,
		0.544437,
		0,
		0.472198,
		-0.772383,
		-0.424798,
		0,
		0.336078,
		0.603255,
		-0.72328,
		0,
		0.27364,
		0.311035,
		-0.687959,
		1
	},
	[1.23333333333] = {
		0.815001,
		0.198424,
		0.544428,
		0,
		0.471949,
		-0.772438,
		-0.424975,
		0,
		0.336211,
		0.603297,
		-0.723183,
		0,
		0.27369,
		0.311089,
		-0.687915,
		1
	},
	[1.25] = {
		0.815031,
		0.198308,
		0.544425,
		0,
		0.471864,
		-0.772456,
		-0.425036,
		0,
		0.336257,
		0.603312,
		-0.72315,
		0,
		0.273707,
		0.311107,
		-0.6879,
		1
	},
	[1.2] = {
		0.814766,
		0.199321,
		0.544452,
		0,
		0.472602,
		-0.772294,
		-0.42451,
		0,
		0.335863,
		0.603185,
		-0.723438,
		0,
		0.273559,
		0.310947,
		-0.688031,
		1
	}
}

return spline_matrices
