local spline_matrices = {
	[0] = {
		0.884309,
		-0.148698,
		-0.442591,
		0,
		0.409566,
		-0.208079,
		0.888233,
		0,
		-0.224173,
		-0.966743,
		-0.123104,
		0,
		0.273961,
		-0.121185,
		-0.026364,
		1
	},
	{
		0.077789,
		0.512922,
		-0.854903,
		0,
		0.22094,
		-0.845049,
		-0.486906,
		0,
		-0.97218,
		-0.151006,
		-0.179061,
		0,
		-0.449388,
		-0.206236,
		-0.630233,
		1
	},
	[0.0166666666667] = {
		0.886407,
		-0.146573,
		-0.439088,
		0,
		0.406808,
		-0.205958,
		0.889993,
		0,
		-0.220883,
		-0.967521,
		-0.122936,
		0,
		0.272414,
		-0.110095,
		-0.022822,
		1
	},
	[0.0333333333333] = {
		0.891643,
		-0.139312,
		-0.430772,
		0,
		0.400849,
		-0.199378,
		0.894186,
		0,
		-0.210458,
		-0.969969,
		-0.121931,
		0,
		0.26865,
		-0.080703,
		-0.014272,
		1
	},
	[0.05] = {
		0.89835,
		-0.127907,
		-0.420247,
		0,
		0.394927,
		-0.183747,
		0.90015,
		0,
		-0.192355,
		-0.974616,
		-0.114555,
		0,
		0.263969,
		-0.039783,
		-0.003231,
		1
	},
	[0.0666666666667] = {
		0.904862,
		-0.113868,
		-0.410194,
		0,
		0.391761,
		-0.154305,
		0.907035,
		0,
		-0.166577,
		-0.98144,
		-0.095016,
		0,
		0.259738,
		0.004755,
		0.007882,
		1
	},
	[0.0833333333333] = {
		0.909643,
		-0.099341,
		-0.403338,
		0,
		0.39334,
		-0.106167,
		0.913243,
		0,
		-0.133544,
		-0.989373,
		-0.057499,
		0,
		0.257449,
		0.044985,
		0.01677,
		1
	},
	[0.116666666667] = {
		0.916084,
		-0.084411,
		-0.392001,
		0,
		0.397147,
		0.05605,
		0.916042,
		0,
		-0.055352,
		-0.994853,
		0.08487,
		0,
		0.258533,
		0.115246,
		0.025585,
		1
	},
	[0.133333333333] = {
		0.920277,
		-0.086525,
		-0.38158,
		0,
		0.390929,
		0.162819,
		0.905905,
		0,
		-0.016255,
		-0.982855,
		0.183664,
		0,
		0.254752,
		0.178252,
		0.026249,
		1
	},
	[0.15] = {
		0.926202,
		-0.09432,
		-0.365038,
		0,
		0.376562,
		0.279477,
		0.883229,
		0,
		0.018713,
		-0.955508,
		0.294369,
		0,
		0.2468,
		0.246214,
		0.026491,
		1
	},
	[0.166666666667] = {
		0.93442,
		-0.105265,
		-0.340264,
		0,
		0.353038,
		0.400218,
		0.845689,
		0,
		0.047158,
		-0.910354,
		0.411134,
		0,
		0.235485,
		0.314971,
		0.026392,
		1
	},
	[0.183333333333] = {
		0.938785,
		-0.054793,
		-0.340118,
		0,
		0.313163,
		0.54716,
		0.776238,
		0,
		0.143567,
		-0.835233,
		0.530824,
		0,
		0.227022,
		0.380895,
		0.016362,
		1
	},
	[0.1] = {
		0.91284,
		-0.08859,
		-0.398591,
		0,
		0.397035,
		-0.035306,
		0.917124,
		0,
		-0.095321,
		-0.995442,
		0.002944,
		0,
		0.258142,
		0.074211,
		0.022706,
		1
	},
	[0.216666666667] = {
		0.871245,
		0.192332,
		-0.451598,
		0,
		0.079009,
		0.853087,
		0.515752,
		0,
		0.484448,
		-0.485027,
		0.728052,
		0,
		0.210176,
		0.494215,
		-0.02254,
		1
	},
	[0.233333333333] = {
		0.813918,
		0.198768,
		-0.54592,
		0,
		-0.061673,
		0.963905,
		0.259007,
		0,
		0.577697,
		-0.177142,
		0.796798,
		0,
		0.194864,
		0.547262,
		-0.031747,
		1
	},
	[0.25] = {
		0.768868,
		0.075101,
		-0.634982,
		0,
		-0.127664,
		0.991114,
		-0.03736,
		0,
		0.626534,
		0.109789,
		0.771623,
		0,
		0.174829,
		0.600338,
		-0.038843,
		1
	},
	[0.266666666667] = {
		0.672872,
		0.029962,
		-0.739152,
		0,
		-0.457388,
		0.802152,
		-0.383859,
		0,
		0.581411,
		0.596367,
		0.55345,
		0,
		0.147599,
		0.620677,
		-0.043112,
		1
	},
	[0.283333333333] = {
		0.691302,
		0.011379,
		-0.722477,
		0,
		-0.635368,
		0.485742,
		-0.600301,
		0,
		0.344106,
		0.874028,
		0.343024,
		0,
		0.048146,
		0.669124,
		-0.111291,
		1
	},
	[0.2] = {
		0.917809,
		0.058239,
		-0.392727,
		0,
		0.239417,
		0.707899,
		0.664499,
		0,
		0.316711,
		-0.703909,
		0.635772,
		0,
		0.224443,
		0.441658,
		-0.001926,
		1
	},
	[0.316666666667] = {
		0.478593,
		0.112741,
		-0.870769,
		0,
		-0.833305,
		-0.254184,
		-0.490912,
		0,
		-0.276681,
		0.960562,
		-0.027703,
		0,
		-0.299919,
		0.723664,
		-0.250254,
		1
	},
	[0.333333333333] = {
		0.416775,
		0.051407,
		-0.907555,
		0,
		-0.731366,
		-0.573938,
		-0.368374,
		0,
		-0.539817,
		0.817284,
		-0.201605,
		0,
		-0.519134,
		0.649321,
		-0.346658,
		1
	},
	[0.35] = {
		0.481679,
		0.474401,
		-0.736837,
		0,
		-0.392425,
		-0.63503,
		-0.665387,
		0,
		-0.783574,
		0.609656,
		-0.119714,
		0,
		-0.511756,
		0.399601,
		-0.472538,
		1
	},
	[0.366666666667] = {
		0.333254,
		0.721822,
		-0.606559,
		0,
		-0.033757,
		-0.633787,
		-0.772771,
		0,
		-0.942233,
		0.278004,
		-0.186846,
		0,
		-0.505627,
		0.215377,
		-0.586338,
		1
	},
	[0.383333333333] = {
		0.267964,
		0.63307,
		-0.726235,
		0,
		0.015154,
		-0.756479,
		-0.653842,
		0,
		-0.96331,
		0.164201,
		-0.212303,
		0,
		-0.526265,
		0.176399,
		-0.626263,
		1
	},
	[0.3] = {
		0.583848,
		0.076941,
		-0.808209,
		0,
		-0.80378,
		0.1949,
		-0.562095,
		0,
		0.114272,
		0.977801,
		0.175635,
		0,
		-0.017126,
		0.714572,
		-0.15547,
		1
	},
	[0.416666666667] = {
		0.128296,
		0.121884,
		-0.984218,
		0,
		0.245504,
		-0.965434,
		-0.087556,
		0,
		-0.960868,
		-0.230396,
		-0.153784,
		0,
		-0.529284,
		0.096042,
		-0.623795,
		1
	},
	[0.433333333333] = {
		0.116949,
		0.144721,
		-0.982537,
		0,
		0.253612,
		-0.960876,
		-0.111344,
		0,
		-0.96021,
		-0.236162,
		-0.149076,
		0,
		-0.527206,
		0.050974,
		-0.622632,
		1
	},
	[0.45] = {
		0.107321,
		0.189757,
		-0.975948,
		0,
		0.252891,
		-0.954542,
		-0.157785,
		0,
		-0.961524,
		-0.229875,
		-0.150431,
		0,
		-0.522494,
		0.004726,
		-0.622316,
		1
	},
	[0.466666666667] = {
		0.100519,
		0.249768,
		-0.963074,
		0,
		0.245122,
		-0.944357,
		-0.219329,
		0,
		-0.964267,
		-0.214023,
		-0.15615,
		0,
		-0.514949,
		-0.040969,
		-0.623391,
		1
	},
	[0.483333333333] = {
		0.096134,
		0.317389,
		-0.94341,
		0,
		0.232203,
		-0.9288,
		-0.288812,
		0,
		-0.967905,
		-0.191298,
		-0.162988,
		0,
		-0.505615,
		-0.084352,
		-0.625353,
		1
	},
	[0.4] = {
		0.171607,
		0.354508,
		-0.919171,
		0,
		0.136763,
		-0.93255,
		-0.334134,
		0,
		-0.975626,
		-0.068368,
		-0.208516,
		0,
		-0.528919,
		0.138365,
		-0.625211,
		1
	},
	[0.516666666667] = {
		0.091165,
		0.447455,
		-0.889648,
		0,
		0.199584,
		-0.883451,
		-0.423886,
		0,
		-0.975631,
		-0.138916,
		-0.169845,
		0,
		-0.487047,
		-0.157683,
		-0.629111,
		1
	},
	[0.533333333333] = {
		0.090433,
		0.497641,
		-0.862656,
		0,
		0.185146,
		-0.859505,
		-0.476415,
		0,
		-0.978541,
		-0.116633,
		-0.169864,
		0,
		-0.479216,
		-0.184351,
		-0.630694,
		1
	},
	[0.55] = {
		0.090226,
		0.531192,
		-0.842434,
		0,
		0.175722,
		-0.841104,
		-0.511533,
		0,
		-0.980296,
		-0.101881,
		-0.169231,
		0,
		-0.47335,
		-0.202184,
		-0.631955,
		1
	},
	[0.566666666667] = {
		0.089878,
		0.543635,
		-0.834496,
		0,
		0.174133,
		-0.833558,
		-0.524269,
		0,
		-0.980612,
		-0.098193,
		-0.169584,
		0,
		-0.470247,
		-0.20957,
		-0.632809,
		1
	},
	[0.583333333333] = {
		0.089274,
		0.543813,
		-0.834445,
		0,
		0.177487,
		-0.833067,
		-0.523926,
		0,
		-0.980066,
		-0.10133,
		-0.17089,
		0,
		-0.468735,
		-0.211317,
		-0.63342,
		1
	},
	[0.5] = {
		0.092983,
		0.385474,
		-0.918022,
		0,
		0.216185,
		-0.907837,
		-0.359301,
		0,
		-0.971915,
		-0.165054,
		-0.167747,
		0,
		-0.496087,
		-0.123805,
		-0.627296,
		1
	},
	[0.616666666667] = {
		0.088016,
		0.543371,
		-0.834866,
		0,
		0.184735,
		-0.832483,
		-0.522345,
		0,
		-0.978839,
		-0.108254,
		-0.173651,
		0,
		-0.465408,
		-0.21543,
		-0.634536,
		1
	},
	[0.633333333333] = {
		0.087376,
		0.542788,
		-0.835312,
		0,
		0.188505,
		-0.832379,
		-0.521164,
		0,
		-0.978178,
		-0.111923,
		-0.175048,
		0,
		-0.463646,
		-0.217587,
		-0.635017,
		1
	},
	[0.65] = {
		0.086739,
		0.541988,
		-0.835898,
		0,
		0.19229,
		-0.832391,
		-0.51976,
		0,
		-0.977497,
		-0.115651,
		-0.17642,
		0,
		-0.461855,
		-0.219571,
		-0.635428,
		1
	},
	[0.666666666667] = {
		0.086113,
		0.540988,
		-0.83661,
		0,
		0.196028,
		-0.832514,
		-0.518163,
		0,
		-0.97681,
		-0.119378,
		-0.177739,
		0,
		-0.460067,
		-0.22136,
		-0.635765,
		1
	},
	[0.683333333333] = {
		0.085504,
		0.53981,
		-0.837433,
		0,
		0.199657,
		-0.832746,
		-0.516402,
		0,
		-0.976128,
		-0.123045,
		-0.17898,
		0,
		-0.458318,
		-0.22293,
		-0.636021,
		1
	},
	[0.6] = {
		0.088651,
		0.543719,
		-0.834572,
		0,
		0.181041,
		-0.832711,
		-0.523275,
		0,
		-0.979472,
		-0.104703,
		-0.172256,
		0,
		-0.467112,
		-0.213279,
		-0.633999,
		1
	},
	[0.716666666667] = {
		0.08437,
		0.536991,
		-0.839358,
		0,
		0.206345,
		-0.833518,
		-0.512513,
		0,
		-0.974835,
		-0.129957,
		-0.18113,
		0,
		-0.455074,
		-0.225328,
		-0.636277,
		1
	},
	[0.733333333333] = {
		0.08386,
		0.535392,
		-0.84043,
		0,
		0.209282,
		-0.834053,
		-0.510447,
		0,
		-0.974253,
		-0.133081,
		-0.181992,
		0,
		-0.453645,
		-0.22611,
		-0.63627,
		1
	},
	[0.75] = {
		0.083398,
		0.533693,
		-0.841556,
		0,
		0.211866,
		-0.834687,
		-0.508341,
		0,
		-0.973734,
		-0.135902,
		-0.182682,
		0,
		-0.452389,
		-0.226585,
		-0.636169,
		1
	},
	[0.766666666667] = {
		0.082992,
		0.531915,
		-0.842721,
		0,
		0.214036,
		-0.835418,
		-0.506227,
		0,
		-0.973294,
		-0.138359,
		-0.183182,
		0,
		-0.451336,
		-0.226731,
		-0.635973,
		1
	},
	[0.783333333333] = {
		0.08265,
		0.530079,
		-0.843911,
		0,
		0.215731,
		-0.836246,
		-0.504136,
		0,
		-0.972949,
		-0.140391,
		-0.18347,
		0,
		-0.450518,
		-0.226524,
		-0.63568,
		1
	},
	[0.7] = {
		0.084921,
		0.538471,
		-0.838354,
		0,
		0.203117,
		-0.833081,
		-0.514509,
		0,
		-0.975465,
		-0.126591,
		-0.180118,
		0,
		-0.456643,
		-0.22426,
		-0.636193,
		1
	},
	[0.816666666667] = {
		0.082059,
		0.526338,
		-0.846307,
		0,
		0.217668,
		-0.838135,
		-0.50015,
		0,
		-0.972567,
		-0.143172,
		-0.183343,
		0,
		-0.449639,
		-0.225076,
		-0.634794,
		1
	},
	[0.833333333333] = {
		0.081642,
		0.524518,
		-0.847476,
		0,
		0.218302,
		-0.839077,
		-0.49829,
		0,
		-0.97246,
		-0.144324,
		-0.183007,
		0,
		-0.449436,
		-0.224033,
		-0.634252,
		1
	},
	[0.85] = {
		0.081221,
		0.522774,
		-0.848593,
		0,
		0.21885,
		-0.839982,
		-0.496522,
		0,
		-0.972372,
		-0.145387,
		-0.182633,
		0,
		-0.449284,
		-0.222818,
		-0.633716,
		1
	},
	[0.866666666667] = {
		0.080799,
		0.521129,
		-0.849645,
		0,
		0.21932,
		-0.840835,
		-0.494869,
		0,
		-0.972302,
		-0.146359,
		-0.182232,
		0,
		-0.449177,
		-0.221435,
		-0.633197,
		1
	},
	[0.883333333333] = {
		0.080379,
		0.519633,
		-0.8506,
		0,
		0.219715,
		-0.841608,
		-0.493377,
		0,
		-0.972247,
		-0.147233,
		-0.181819,
		0,
		-0.449112,
		-0.219872,
		-0.632709,
		1
	},
	[0.8] = {
		0.08238,
		0.528206,
		-0.845111,
		0,
		0.216891,
		-0.83717,
		-0.502101,
		0,
		-0.972714,
		-0.141934,
		-0.183529,
		0,
		-0.449962,
		-0.225942,
		-0.635287,
		1
	},
	[0.916666666667] = {
		0.07956,
		0.517129,
		-0.852202,
		0,
		0.220311,
		-0.842893,
		-0.490913,
		0,
		-0.97218,
		-0.148692,
		-0.18099,
		0,
		-0.449084,
		-0.216273,
		-0.631847,
		1
	},
	[0.933333333333] = {
		0.079168,
		0.516088,
		-0.852869,
		0,
		0.220523,
		-0.843425,
		-0.489903,
		0,
		-0.972164,
		-0.149293,
		-0.180581,
		0,
		-0.449112,
		-0.214311,
		-0.631467,
		1
	},
	[0.95] = {
		0.078791,
		0.515164,
		-0.853462,
		0,
		0.220685,
		-0.843896,
		-0.489016,
		0,
		-0.972157,
		-0.149817,
		-0.18018,
		0,
		-0.449161,
		-0.212289,
		-0.631119,
		1
	},
	[0.966666666667] = {
		0.078433,
		0.51434,
		-0.853992,
		0,
		0.220805,
		-0.844318,
		-0.488234,
		0,
		-0.972159,
		-0.150272,
		-0.179792,
		0,
		-0.449227,
		-0.210245,
		-0.630799,
		1
	},
	[0.983333333333] = {
		0.078098,
		0.513599,
		-0.854469,
		0,
		0.220888,
		-0.844699,
		-0.487537,
		0,
		-0.972167,
		-0.150666,
		-0.179417,
		0,
		-0.449304,
		-0.208215,
		-0.630504,
		1
	},
	[0.9] = {
		0.079965,
		0.518305,
		-0.851449,
		0,
		0.220044,
		-0.842291,
		-0.492065,
		0,
		-0.972207,
		-0.148008,
		-0.181403,
		0,
		-0.449082,
		-0.218139,
		-0.632259,
		1
	},
	[1.01666666667] = {
		0.077509,
		0.512294,
		-0.855305,
		0,
		0.220967,
		-0.845378,
		-0.486323,
		0,
		-0.972196,
		-0.1513,
		-0.178725,
		0,
		-0.449474,
		-0.204345,
		-0.629982,
		1
	},
	[1.03333333333] = {
		0.077262,
		0.511696,
		-0.855686,
		0,
		0.220976,
		-0.845694,
		-0.485768,
		0,
		-0.972214,
		-0.151554,
		-0.178412,
		0,
		-0.449557,
		-0.202579,
		-0.629751,
		1
	},
	[1.05] = {
		0.07705,
		0.51111,
		-0.856055,
		0,
		0.220971,
		-0.846009,
		-0.485223,
		0,
		-0.972232,
		-0.151777,
		-0.178126,
		0,
		-0.449634,
		-0.200974,
		-0.629536,
		1
	},
	[1.06666666667] = {
		0.076878,
		0.510519,
		-0.856423,
		0,
		0.220961,
		-0.84633,
		-0.484667,
		0,
		-0.972248,
		-0.151975,
		-0.177869,
		0,
		-0.449698,
		-0.199566,
		-0.629335,
		1
	},
	[1.08333333333] = {
		0.076749,
		0.509905,
		-0.8568,
		0,
		0.220949,
		-0.846667,
		-0.484083,
		0,
		-0.972261,
		-0.152157,
		-0.177644,
		0,
		-0.449746,
		-0.198394,
		-0.629147,
		1
	},
	[1.11666666667] = {
		0.076631,
		0.50854,
		-0.857622,
		0,
		0.22095,
		-0.847427,
		-0.482752,
		0,
		-0.97227,
		-0.152498,
		-0.177301,
		0,
		-0.449774,
		-0.196899,
		-0.628802,
		1
	},
	[1.13333333333] = {
		0.076625,
		0.507752,
		-0.858089,
		0,
		0.220959,
		-0.847867,
		-0.481973,
		0,
		-0.972268,
		-0.152672,
		-0.17716,
		0,
		-0.449764,
		-0.19665,
		-0.628628,
		1
	},
	[1.15] = {
		0.076623,
		0.506871,
		-0.85861,
		0,
		0.220963,
		-0.848361,
		-0.481102,
		0,
		-0.972268,
		-0.152858,
		-0.177003,
		0,
		-0.449758,
		-0.196783,
		-0.62843,
		1
	},
	[1.16666666667] = {
		0.076622,
		0.505878,
		-0.859195,
		0,
		0.220964,
		-0.848917,
		-0.480121,
		0,
		-0.972268,
		-0.153063,
		-0.176826,
		0,
		-0.449757,
		-0.197333,
		-0.628204,
		1
	},
	[1.1] = {
		0.076665,
		0.509252,
		-0.857196,
		0,
		0.220944,
		-0.847029,
		-0.483451,
		0,
		-0.972269,
		-0.152328,
		-0.177453,
		0,
		-0.449773,
		-0.197492,
		-0.62897,
		1
	}
}

return spline_matrices
