local spline_matrices = {
	[0] = {
		0.884309,
		-0.148698,
		-0.442591,
		0,
		0.409566,
		-0.208079,
		0.888233,
		0,
		-0.224173,
		-0.966743,
		-0.123104,
		0,
		0.273961,
		-0.121185,
		-0.026364,
		1
	},
	{
		0.077789,
		0.512922,
		-0.854903,
		0,
		0.22094,
		-0.845049,
		-0.486906,
		0,
		-0.97218,
		-0.151006,
		-0.179061,
		0,
		-0.449388,
		-0.206236,
		-0.630233,
		1
	},
	[0.0333333333333] = {
		0.891643,
		-0.139312,
		-0.430772,
		0,
		0.400849,
		-0.199378,
		0.894186,
		0,
		-0.210458,
		-0.969969,
		-0.121931,
		0,
		0.26865,
		-0.080703,
		-0.014272,
		1
	},
	[0.0666666666667] = {
		0.904862,
		-0.113868,
		-0.410194,
		0,
		0.391761,
		-0.154305,
		0.907035,
		0,
		-0.166577,
		-0.98144,
		-0.095016,
		0,
		0.259738,
		0.004755,
		0.007882,
		1
	},
	[0.133333333333] = {
		0.920277,
		-0.086525,
		-0.38158,
		0,
		0.390929,
		0.162819,
		0.905905,
		0,
		-0.016255,
		-0.982855,
		0.183664,
		0,
		0.254752,
		0.178252,
		0.026249,
		1
	},
	[0.166666666667] = {
		0.93442,
		-0.105265,
		-0.340264,
		0,
		0.353038,
		0.400218,
		0.845689,
		0,
		0.047158,
		-0.910354,
		0.411134,
		0,
		0.235485,
		0.314971,
		0.026392,
		1
	},
	[0.1] = {
		0.91284,
		-0.08859,
		-0.398591,
		0,
		0.397035,
		-0.035306,
		0.917124,
		0,
		-0.095321,
		-0.995442,
		0.002944,
		0,
		0.258142,
		0.074211,
		0.022706,
		1
	},
	[0.233333333333] = {
		0.813918,
		0.198768,
		-0.54592,
		0,
		-0.061673,
		0.963905,
		0.259007,
		0,
		0.577697,
		-0.177142,
		0.796798,
		0,
		0.194864,
		0.547262,
		-0.031747,
		1
	},
	[0.266666666667] = {
		0.672872,
		0.029962,
		-0.739152,
		0,
		-0.457388,
		0.802152,
		-0.383859,
		0,
		0.581411,
		0.596367,
		0.55345,
		0,
		0.147599,
		0.620677,
		-0.043112,
		1
	},
	[0.2] = {
		0.917809,
		0.058239,
		-0.392727,
		0,
		0.239417,
		0.707899,
		0.664499,
		0,
		0.316711,
		-0.703909,
		0.635772,
		0,
		0.224443,
		0.441658,
		-0.001926,
		1
	},
	[0.333333333333] = {
		0.428538,
		0.201858,
		-0.880686,
		0,
		-0.795461,
		-0.377958,
		-0.473698,
		0,
		-0.428483,
		0.903549,
		-0.001399,
		0,
		-0.456337,
		0.693411,
		-0.309291,
		1
	},
	[0.366666666667] = {
		0.365928,
		0.757438,
		-0.540726,
		0,
		-0.062476,
		-0.55972,
		-0.826323,
		0,
		-0.928544,
		0.336157,
		-0.157496,
		0,
		-0.48271,
		0.235856,
		-0.573152,
		1
	},
	[0.3] = {
		0.583848,
		0.076941,
		-0.808209,
		0,
		-0.80378,
		0.1949,
		-0.562095,
		0,
		0.114272,
		0.977801,
		0.175635,
		0,
		-0.061484,
		0.714572,
		-0.192824,
		1
	},
	[0.433333333333] = {
		0.123636,
		0.146396,
		-0.981469,
		0,
		0.258289,
		-0.959714,
		-0.110614,
		0,
		-0.958124,
		-0.239827,
		-0.156468,
		0,
		-0.527581,
		0.045567,
		-0.622827,
		1
	},
	[0.466666666667] = {
		0.106275,
		0.251317,
		-0.962053,
		0,
		0.250162,
		-0.943169,
		-0.21875,
		0,
		-0.962354,
		-0.217421,
		-0.163105,
		0,
		-0.515301,
		-0.046038,
		-0.623578,
		1
	},
	[0.4] = {
		0.172483,
		0.345034,
		-0.922606,
		0,
		0.144175,
		-0.935399,
		-0.322864,
		0,
		-0.974404,
		-0.077328,
		-0.211086,
		0,
		-0.529103,
		0.135548,
		-0.625309,
		1
	},
	[0.533333333333] = {
		0.091265,
		0.497938,
		-0.862397,
		0,
		0.186442,
		-0.859242,
		-0.476386,
		0,
		-0.978218,
		-0.117309,
		-0.171255,
		0,
		-0.47928,
		-0.185365,
		-0.630733,
		1
	},
	[0.566666666667] = {
		0.089878,
		0.543635,
		-0.834496,
		0,
		0.174133,
		-0.833558,
		-0.524269,
		0,
		-0.980612,
		-0.098193,
		-0.169584,
		0,
		-0.470247,
		-0.20957,
		-0.632809,
		1
	},
	[0.5] = {
		0.096064,
		0.386418,
		-0.917307,
		0,
		0.219829,
		-0.90705,
		-0.359076,
		0,
		-0.970797,
		-0.167157,
		-0.17208,
		0,
		-0.496299,
		-0.126959,
		-0.627415,
		1
	},
	[0.633333333333] = {
		0.087376,
		0.542788,
		-0.835312,
		0,
		0.188505,
		-0.832379,
		-0.521164,
		0,
		-0.978178,
		-0.111923,
		-0.175048,
		0,
		-0.463646,
		-0.217587,
		-0.635017,
		1
	},
	[0.666666666667] = {
		0.086113,
		0.540988,
		-0.83661,
		0,
		0.196028,
		-0.832514,
		-0.518163,
		0,
		-0.97681,
		-0.119378,
		-0.177739,
		0,
		-0.460067,
		-0.22136,
		-0.635765,
		1
	},
	[0.6] = {
		0.088651,
		0.543719,
		-0.834572,
		0,
		0.181041,
		-0.832711,
		-0.523275,
		0,
		-0.979472,
		-0.104703,
		-0.172256,
		0,
		-0.467112,
		-0.213279,
		-0.633999,
		1
	},
	[0.733333333333] = {
		0.08386,
		0.535392,
		-0.84043,
		0,
		0.209282,
		-0.834053,
		-0.510447,
		0,
		-0.974253,
		-0.133081,
		-0.181992,
		0,
		-0.453645,
		-0.22611,
		-0.63627,
		1
	},
	[0.766666666667] = {
		0.082992,
		0.531915,
		-0.842721,
		0,
		0.214036,
		-0.835418,
		-0.506227,
		0,
		-0.973294,
		-0.138359,
		-0.183182,
		0,
		-0.451336,
		-0.226731,
		-0.635973,
		1
	},
	[0.7] = {
		0.084921,
		0.538471,
		-0.838354,
		0,
		0.203117,
		-0.833081,
		-0.514509,
		0,
		-0.975465,
		-0.126591,
		-0.180118,
		0,
		-0.456643,
		-0.22426,
		-0.636193,
		1
	},
	[0.833333333333] = {
		0.081642,
		0.524518,
		-0.847476,
		0,
		0.218302,
		-0.839077,
		-0.49829,
		0,
		-0.97246,
		-0.144324,
		-0.183007,
		0,
		-0.449436,
		-0.224033,
		-0.634252,
		1
	},
	[0.866666666667] = {
		0.080799,
		0.521129,
		-0.849645,
		0,
		0.21932,
		-0.840835,
		-0.494869,
		0,
		-0.972302,
		-0.146359,
		-0.182232,
		0,
		-0.449177,
		-0.221435,
		-0.633197,
		1
	},
	[0.8] = {
		0.08238,
		0.528206,
		-0.845111,
		0,
		0.216891,
		-0.83717,
		-0.502101,
		0,
		-0.972714,
		-0.141934,
		-0.183529,
		0,
		-0.449962,
		-0.225942,
		-0.635287,
		1
	},
	[0.933333333333] = {
		0.079168,
		0.516088,
		-0.852869,
		0,
		0.220523,
		-0.843425,
		-0.489903,
		0,
		-0.972164,
		-0.149293,
		-0.180581,
		0,
		-0.449112,
		-0.214311,
		-0.631467,
		1
	},
	[0.966666666667] = {
		0.078433,
		0.51434,
		-0.853992,
		0,
		0.220805,
		-0.844318,
		-0.488234,
		0,
		-0.972159,
		-0.150272,
		-0.179792,
		0,
		-0.449227,
		-0.210245,
		-0.630799,
		1
	},
	[0.9] = {
		0.079965,
		0.518305,
		-0.851449,
		0,
		0.220044,
		-0.842291,
		-0.492065,
		0,
		-0.972207,
		-0.148008,
		-0.181403,
		0,
		-0.449082,
		-0.218139,
		-0.632259,
		1
	},
	[1.03333333333] = {
		0.077262,
		0.511696,
		-0.855686,
		0,
		0.220976,
		-0.845694,
		-0.485768,
		0,
		-0.972214,
		-0.151554,
		-0.178412,
		0,
		-0.449557,
		-0.202579,
		-0.629751,
		1
	},
	[1.06666666667] = {
		0.076878,
		0.510519,
		-0.856423,
		0,
		0.220961,
		-0.84633,
		-0.484667,
		0,
		-0.972248,
		-0.151975,
		-0.177869,
		0,
		-0.449698,
		-0.199566,
		-0.629335,
		1
	},
	[1.13333333333] = {
		0.076625,
		0.507752,
		-0.858089,
		0,
		0.220959,
		-0.847867,
		-0.481973,
		0,
		-0.972268,
		-0.152672,
		-0.17716,
		0,
		-0.449764,
		-0.19665,
		-0.628628,
		1
	},
	[1.16666666667] = {
		0.076622,
		0.505878,
		-0.859195,
		0,
		0.220964,
		-0.848917,
		-0.480121,
		0,
		-0.972268,
		-0.153063,
		-0.176826,
		0,
		-0.449757,
		-0.197333,
		-0.628204,
		1
	},
	[1.1] = {
		0.076665,
		0.509252,
		-0.857196,
		0,
		0.220944,
		-0.847029,
		-0.483451,
		0,
		-0.972269,
		-0.152328,
		-0.177453,
		0,
		-0.449773,
		-0.197492,
		-0.62897,
		1
	}
}

return spline_matrices
