-- chunkname: @content/characters/player/human/first_person/animations/2h_chain_sword/attack_right.lua

local spline_matrices = {
	[0.0166666666667] = {
		0.319392,
		-0.257856,
		0.911865,
		0,
		-0.942186,
		-0.189343,
		0.276469,
		0,
		0.101366,
		-0.947449,
		-0.303423,
		0,
		-0.312318,
		-0.007541,
		-0.219369,
		1,
	},
	[0.0333333333333] = {
		0.319272,
		-0.257766,
		0.911933,
		0,
		-0.942404,
		-0.187605,
		0.276911,
		0,
		0.099704,
		-0.947819,
		-0.302816,
		0,
		-0.310713,
		0.004458,
		-0.212258,
		1,
	},
	[0.05] = {
		0.318933,
		-0.257584,
		0.912103,
		0,
		-0.942829,
		-0.184438,
		0.27759,
		0,
		0.096724,
		-0.94849,
		-0.301681,
		0,
		-0.308363,
		0.022547,
		-0.201892,
		1,
	},
	[0.0666666666667] = {
		0.318259,
		-0.257281,
		0.912424,
		0,
		-0.943505,
		-0.179621,
		0.278451,
		0,
		0.09225,
		-0.949496,
		-0.299911,
		0,
		-0.30552,
		0.045165,
		-0.18949,
		1,
	},
	[0.0833333333333] = {
		0.317137,
		-0.256826,
		0.912943,
		0,
		-0.944463,
		-0.172929,
		0.279438,
		0,
		0.086107,
		-0.950861,
		-0.297404,
		0,
		-0.30245,
		0.070752,
		-0.176273,
		1,
	},
	[0] = {
		0.319406,
		-0.257881,
		0.911853,
		0,
		-0.942125,
		-0.189874,
		0.276311,
		0,
		0.101882,
		-0.947336,
		-0.303603,
		0,
		-0.312915,
		-0.011888,
		-0.222008,
		1,
	},
	[0.116666666667] = {
		0.313092,
		-0.255327,
		0.914757,
		0,
		-0.947279,
		-0.153009,
		0.281514,
		0,
		0.068088,
		-0.954671,
		-0.289772,
		0,
		-0.296833,
		0.124574,
		-0.152219,
		1,
	},
	[0.133333333333] = {
		0.309941,
		-0.254213,
		0.91614,
		0,
		-0.949115,
		-0.139318,
		0.282438,
		0,
		0.055835,
		-0.957061,
		-0.284458,
		0,
		-0.294985,
		0.149673,
		-0.143761,
		1,
	},
	[0.15] = {
		0.304195,
		-0.252756,
		0.918466,
		0,
		-0.951951,
		-0.116512,
		0.283221,
		0,
		0.035426,
		-0.960489,
		-0.276053,
		0,
		-0.306368,
		0.172068,
		-0.138679,
		1,
	},
	[0.166666666667] = {
		0.292286,
		-0.250193,
		0.923023,
		0,
		-0.956326,
		-0.073283,
		0.282967,
		0,
		-0.003154,
		-0.965419,
		-0.260685,
		0,
		-0.332871,
		0.19608,
		-0.135844,
		1,
	},
	[0.183333333333] = {
		0.271385,
		-0.245451,
		0.930647,
		0,
		-0.960166,
		-0.002166,
		0.279422,
		0,
		-0.066569,
		-0.969407,
		-0.236262,
		0,
		-0.358973,
		0.22792,
		-0.13392,
		1,
	},
	[0.1] = {
		0.315452,
		-0.256186,
		0.913706,
		0,
		-0.945721,
		-0.164135,
		0.280484,
		0,
		0.078115,
		-0.95259,
		-0.294057,
		0,
		-0.299445,
		0.097744,
		-0.163451,
		1,
	},
	[0.216666666667] = {
		0.18643,
		-0.222672,
		0.956902,
		0,
		-0.937146,
		0.252106,
		0.241246,
		0,
		-0.29496,
		-0.941732,
		-0.161676,
		0,
		-0.363721,
		0.339832,
		-0.129832,
		1,
	},
	[0.233333333333] = {
		0.117894,
		-0.202707,
		0.972116,
		0,
		-0.881537,
		0.429312,
		0.196429,
		0,
		-0.457159,
		-0.880114,
		-0.12808,
		0,
		-0.351957,
		0.421578,
		-0.128735,
		1,
	},
	[0.25] = {
		0.04539,
		-0.184267,
		0.981827,
		0,
		-0.778517,
		0.609348,
		0.150352,
		0,
		-0.62598,
		-0.771194,
		-0.115796,
		0,
		-0.331313,
		0.507655,
		-0.126835,
		1,
	},
	[0.266666666667] = {
		-0.01746,
		-0.174186,
		0.984558,
		0,
		-0.631092,
		0.765689,
		0.124272,
		0,
		-0.775512,
		-0.619177,
		-0.123297,
		0,
		-0.299362,
		0.586788,
		-0.122495,
		1,
	},
	[0.283333333333] = {
		-0.060549,
		-0.195923,
		0.978748,
		0,
		-0.36714,
		0.916181,
		0.160686,
		0,
		-0.928193,
		-0.349608,
		-0.127405,
		0,
		-0.23723,
		0.65175,
		-0.108953,
		1,
	},
	[0.2] = {
		0.23849,
		-0.23744,
		0.941671,
		0,
		-0.957578,
		0.104018,
		0.268746,
		0,
		-0.161762,
		-0.965817,
		-0.20256,
		0,
		-0.36912,
		0.273631,
		-0.131695,
		1,
	},
	[0.316666666667] = {
		-0.029582,
		-0.140606,
		0.989623,
		0,
		0.636391,
		0.76082,
		0.127121,
		0,
		-0.770799,
		0.633548,
		0.066974,
		0,
		-0.073071,
		0.764688,
		-0.080365,
		1,
	},
	[0.333333333333] = {
		0.034299,
		-0.078121,
		0.996353,
		0,
		0.932538,
		0.361053,
		-0.003794,
		0,
		-0.35944,
		0.929267,
		0.085234,
		0,
		0.056107,
		0.793918,
		-0.084668,
		1,
	},
	[0.35] = {
		0.043882,
		-0.081311,
		0.995722,
		0,
		0.997748,
		0.054179,
		-0.039547,
		0,
		-0.050732,
		0.995215,
		0.083506,
		0,
		0.196559,
		0.777221,
		-0.093828,
		1,
	},
	[0.366666666667] = {
		0.046514,
		-0.089925,
		0.994861,
		0,
		0.989985,
		-0.128742,
		-0.057923,
		0,
		0.133289,
		0.987593,
		0.083036,
		0,
		0.333039,
		0.74533,
		-0.108108,
		1,
	},
	[0.383333333333] = {
		0.046306,
		-0.102442,
		0.99366,
		0,
		0.973326,
		-0.219134,
		-0.06795,
		0,
		0.224706,
		0.970302,
		0.089562,
		0,
		0.466653,
		0.714564,
		-0.121241,
		1,
	},
	[0.3] = {
		-0.075837,
		-0.219449,
		0.972672,
		0,
		0.088543,
		0.970146,
		0.225783,
		0,
		-0.993181,
		0.103246,
		-0.054142,
		0,
		-0.15908,
		0.70684,
		-0.089856,
		1,
	},
	[0.416666666667] = {
		0.033991,
		-0.131643,
		0.990714,
		0,
		0.87959,
		-0.466715,
		-0.092194,
		0,
		0.474518,
		0.874556,
		0.099928,
		0,
		0.780499,
		0.640083,
		-0.138723,
		1,
	},
	[0.433333333333] = {
		0.032944,
		-0.146241,
		0.9887,
		0,
		0.817656,
		-0.564943,
		-0.110806,
		0,
		0.574764,
		0.812067,
		0.100963,
		0,
		0.926367,
		0.599984,
		-0.152398,
		1,
	},
	[0.45] = {
		0.039347,
		-0.159425,
		0.986425,
		0,
		0.761579,
		-0.634301,
		-0.132893,
		0,
		0.646877,
		0.75647,
		0.096457,
		0,
		1.05202,
		0.563031,
		-0.175949,
		1,
	},
	[0.466666666667] = {
		0.052996,
		-0.17244,
		0.983593,
		0,
		0.718664,
		-0.677294,
		-0.157462,
		0,
		0.693335,
		0.715218,
		0.088032,
		0,
		1.136518,
		0.497245,
		-0.209672,
		1,
	},
	[0.483333333333] = {
		0.092606,
		-0.184446,
		0.97847,
		0,
		0.6874,
		-0.699096,
		-0.196841,
		0,
		0.720351,
		0.690829,
		0.062048,
		0,
		1.163459,
		0.399941,
		-0.252049,
		1,
	},
	[0.4] = {
		0.040291,
		-0.116699,
		0.992349,
		0,
		0.937612,
		-0.33884,
		-0.077916,
		0,
		0.345341,
		0.933578,
		0.095766,
		0,
		0.621658,
		0.679401,
		-0.13036,
		1,
	},
	[0.516666666667] = {
		0.345792,
		-0.186272,
		0.919636,
		0,
		0.585273,
		-0.723248,
		-0.366562,
		0,
		0.733406,
		0.664992,
		-0.141073,
		0,
		1.100316,
		0.278959,
		-0.353765,
		1,
	},
	[0.533333333333] = {
		0.614699,
		-0.134573,
		0.777197,
		0,
		0.450784,
		-0.748627,
		-0.486159,
		0,
		0.647255,
		0.64919,
		-0.399517,
		0,
		0.910776,
		0.288708,
		-0.417201,
		1,
	},
	[0.55] = {
		0.886687,
		-0.029001,
		0.461461,
		0,
		0.269191,
		-0.779069,
		-0.566204,
		0,
		0.37593,
		0.626267,
		-0.682983,
		0,
		0.595554,
		0.310135,
		-0.491833,
		1,
	},
	[0.566666666667] = {
		0.995087,
		0.087641,
		0.04605,
		0,
		0.097892,
		-0.801512,
		-0.589911,
		0,
		-0.014791,
		0.591522,
		-0.806153,
		0,
		0.250775,
		0.335003,
		-0.56377,
		1,
	},
	[0.583333333333] = {
		0.941701,
		0.177483,
		-0.28583,
		0,
		-0.024346,
		-0.811373,
		-0.584022,
		0,
		-0.335569,
		0.556933,
		-0.759749,
		0,
		-0.026906,
		0.355203,
		-0.618188,
		1,
	},
	[0.5] = {
		0.183318,
		-0.1907,
		0.964379,
		0,
		0.652539,
		-0.710108,
		-0.26446,
		0,
		0.735247,
		0.677776,
		-0.005736,
		0,
		1.155399,
		0.314632,
		-0.301057,
		1,
	},
	[0.616666666667] = {
		0.887133,
		0.216123,
		-0.407782,
		0,
		-0.067839,
		-0.81291,
		-0.578424,
		0,
		-0.456501,
		0.540803,
		-0.706498,
		0,
		-0.140616,
		0.363609,
		-0.639798,
		1,
	},
	[0.633333333333] = {
		0.887448,
		0.217995,
		-0.406096,
		0,
		-0.06529,
		-0.812736,
		-0.578962,
		0,
		-0.45626,
		0.540313,
		-0.707028,
		0,
		-0.140162,
		0.363676,
		-0.639859,
		1,
	},
	[0.65] = {
		0.887883,
		0.219641,
		-0.404254,
		0,
		-0.062815,
		-0.812579,
		-0.579457,
		0,
		-0.455761,
		0.539883,
		-0.707678,
		0,
		-0.139505,
		0.363737,
		-0.639968,
		1,
	},
	[0.666666666667] = {
		0.888428,
		0.22104,
		-0.40229,
		0,
		-0.060456,
		-0.812436,
		-0.579908,
		0,
		-0.455018,
		0.539527,
		-0.708427,
		0,
		-0.138661,
		0.363795,
		-0.640118,
		1,
	},
	[0.683333333333] = {
		0.889072,
		0.222172,
		-0.400239,
		0,
		-0.058256,
		-0.812305,
		-0.580316,
		0,
		-0.454046,
		0.539259,
		-0.709255,
		0,
		-0.137645,
		0.363858,
		-0.640302,
		1,
	},
	[0.6] = {
		0.886948,
		0.21403,
		-0.409286,
		0,
		-0.070418,
		-0.813125,
		-0.577813,
		0,
		-0.45647,
		0.541312,
		-0.706128,
		0,
		-0.140851,
		0.363504,
		-0.639806,
		1,
	},
	[0.716666666667] = {
		0.890621,
		0.223548,
		-0.396007,
		0,
		-0.054506,
		-0.812073,
		-0.581005,
		0,
		-0.451469,
		0.53904,
		-0.711064,
		0,
		-0.13516,
		0.364017,
		-0.640741,
		1,
	},
	[0.733333333333] = {
		0.891506,
		0.223752,
		-0.393894,
		0,
		-0.053042,
		-0.811966,
		-0.581289,
		0,
		-0.449893,
		0.539116,
		-0.712004,
		0,
		-0.133723,
		0.364124,
		-0.640981,
		1,
	},
	[0.75] = {
		0.892465,
		0.223555,
		-0.391829,
		0,
		-0.051955,
		-0.811859,
		-0.581537,
		0,
		-0.448115,
		0.539359,
		-0.712941,
		0,
		-0.132159,
		0.364264,
		-0.641227,
		1,
	},
	[0.766666666667] = {
		0.893491,
		0.222922,
		-0.389846,
		0,
		-0.0513,
		-0.811749,
		-0.581749,
		0,
		-0.446142,
		0.539787,
		-0.713854,
		0,
		-0.130477,
		0.364443,
		-0.641469,
		1,
	},
	[0.783333333333] = {
		0.894561,
		0.221885,
		-0.387978,
		0,
		-0.051073,
		-0.811633,
		-0.581931,
		0,
		-0.444018,
		0.540388,
		-0.714722,
		0,
		-0.128714,
		0.364658,
		-0.641703,
		1,
	},
	[0.7] = {
		0.889806,
		0.223015,
		-0.398133,
		0,
		-0.056258,
		-0.812185,
		-0.580681,
		0,
		-0.452858,
		0.539092,
		-0.71014,
		0,
		-0.136472,
		0.36393,
		-0.640512,
		1,
	},
	[0.816666666667] = {
		0.896745,
		0.218721,
		-0.38472,
		0,
		-0.05188,
		-0.811379,
		-0.582213,
		0,
		-0.439496,
		0.542056,
		-0.716253,
		0,
		-0.125089,
		0.365189,
		-0.642118,
		1,
	},
	[0.833333333333] = {
		0.897813,
		0.216656,
		-0.383395,
		0,
		-0.052904,
		-0.811238,
		-0.582318,
		0,
		-0.437188,
		0.543096,
		-0.716878,
		0,
		-0.123301,
		0.365499,
		-0.642287,
		1,
	},
	[0.85] = {
		0.898834,
		0.21431,
		-0.382319,
		0,
		-0.054336,
		-0.811085,
		-0.582399,
		0,
		-0.434908,
		0.544254,
		-0.717386,
		0,
		-0.121576,
		0.365834,
		-0.642426,
		1,
	},
	[0.866666666667] = {
		0.899787,
		0.211714,
		-0.381525,
		0,
		-0.056169,
		-0.810918,
		-0.582458,
		0,
		-0.4327,
		0.545518,
		-0.717761,
		0,
		-0.119952,
		0.366191,
		-0.642527,
		1,
	},
	[0.883333333333] = {
		0.900647,
		0.208882,
		-0.381056,
		0,
		-0.058399,
		-0.810759,
		-0.58246,
		0,
		-0.430611,
		0.546844,
		-0.718009,
		0,
		-0.118465,
		0.366541,
		-0.642603,
		1,
	},
	[0.8] = {
		0.895654,
		0.220475,
		-0.386258,
		0,
		-0.051268,
		-0.81151,
		-0.582085,
		0,
		-0.441788,
		0.541149,
		-0.715528,
		0,
		-0.126906,
		0.364908,
		-0.641921,
		1,
	},
	[0.916666666667] = {
		0.902074,
		0.202591,
		-0.381077,
		0,
		-0.063919,
		-0.810525,
		-0.582205,
		0,
		-0.426822,
		0.549551,
		-0.718204,
		0,
		-0.115922,
		0.36714,
		-0.642726,
		1,
	},
	[0.933333333333] = {
		0.902755,
		0.199191,
		-0.381257,
		0,
		-0.066964,
		-0.81044,
		-0.581981,
		0,
		-0.424912,
		0.550917,
		-0.71829,
		0,
		-0.11467,
		0.36739,
		-0.642807,
		1,
	},
	[0.95] = {
		0.903429,
		0.195662,
		-0.381488,
		0,
		-0.070126,
		-0.810372,
		-0.581704,
		0,
		-0.422964,
		0.552281,
		-0.718392,
		0,
		-0.113403,
		0.367611,
		-0.642906,
		1,
	},
	[0.966666666667] = {
		0.904091,
		0.192038,
		-0.381761,
		0,
		-0.073376,
		-0.810315,
		-0.581382,
		0,
		-0.420994,
		0.553635,
		-0.718507,
		0,
		-0.112129,
		0.367802,
		-0.64302,
		1,
	},
	[0.983333333333] = {
		0.904736,
		0.188351,
		-0.38207,
		0,
		-0.076682,
		-0.810267,
		-0.581022,
		0,
		-0.419015,
		0.554969,
		-0.718634,
		0,
		-0.110858,
		0.367966,
		-0.643146,
		1,
	},
	[0.9] = {
		0.901392,
		0.205832,
		-0.380954,
		0,
		-0.06102,
		-0.81063,
		-0.582371,
		0,
		-0.428683,
		0.54819,
		-0.718135,
		0,
		-0.117151,
		0.366857,
		-0.642664,
		1,
	},
	[1.01666666667] = {
		0.905957,
		0.180917,
		-0.382767,
		0,
		-0.083349,
		-0.810188,
		-0.580214,
		0,
		-0.415084,
		0.557553,
		-0.718916,
		0,
		-0.108353,
		0.368218,
		-0.643429,
		1,
	},
	[1.03333333333] = {
		0.906527,
		0.177236,
		-0.383141,
		0,
		-0.086649,
		-0.810151,
		-0.579782,
		0,
		-0.413161,
		0.558786,
		-0.719066,
		0,
		-0.107138,
		0.36831,
		-0.64358,
		1,
	},
	[1.05] = {
		0.907064,
		0.173624,
		-0.383524,
		0,
		-0.089889,
		-0.810115,
		-0.579339,
		0,
		-0.411286,
		0.559972,
		-0.719218,
		0,
		-0.105958,
		0.368383,
		-0.643733,
		1,
	},
	[1.06666666667] = {
		0.907566,
		0.170112,
		-0.383908,
		0,
		-0.093038,
		-0.810077,
		-0.578894,
		0,
		-0.409473,
		0.561103,
		-0.719371,
		0,
		-0.104822,
		0.368438,
		-0.643888,
		1,
	},
	[1.08333333333] = {
		0.908032,
		0.166735,
		-0.384289,
		0,
		-0.096067,
		-0.810037,
		-0.578455,
		0,
		-0.407737,
		0.562173,
		-0.719522,
		0,
		-0.103739,
		0.368479,
		-0.644039,
		1,
	},
	{
		0.905359,
		0.184633,
		-0.382408,
		0,
		-0.080016,
		-0.810226,
		-0.58063,
		0,
		-0.41704,
		0.556278,
		-0.718771,
		0,
		-0.109596,
		0.368104,
		-0.643284,
		1,
	},
	[1.11666666667] = {
		0.908846,
		0.160516,
		-0.385012,
		0,
		-0.101648,
		-0.80995,
		-0.577623,
		0,
		-0.404558,
		0.564106,
		-0.719803,
		0,
		-0.101768,
		0.368529,
		-0.644326,
		1,
	},
	[1.13333333333] = {
		0.909191,
		0.15774,
		-0.385343,
		0,
		-0.104141,
		-0.809902,
		-0.577246,
		0,
		-0.403146,
		0.564957,
		-0.719928,
		0,
		-0.100896,
		0.368543,
		-0.644454,
		1,
	},
	[1.15] = {
		0.909494,
		0.155232,
		-0.385647,
		0,
		-0.106396,
		-0.809852,
		-0.576905,
		0,
		-0.401872,
		0.565723,
		-0.720039,
		0,
		-0.100112,
		0.368555,
		-0.64457,
		1,
	},
	[1.16666666667] = {
		0.909754,
		0.153025,
		-0.385917,
		0,
		-0.108385,
		-0.8098,
		-0.576608,
		0,
		-0.400751,
		0.566398,
		-0.720133,
		0,
		-0.099425,
		0.368567,
		-0.64467,
		1,
	},
	[1.18333333333] = {
		0.909969,
		0.151152,
		-0.386148,
		0,
		-0.110077,
		-0.809746,
		-0.576362,
		0,
		-0.3998,
		0.566978,
		-0.720205,
		0,
		-0.098843,
		0.368582,
		-0.64475,
		1,
	},
	[1.1] = {
		0.908459,
		0.163525,
		-0.384658,
		0,
		-0.098947,
		-0.809995,
		-0.578029,
		0,
		-0.406094,
		0.563176,
		-0.719666,
		0,
		-0.102718,
		0.368508,
		-0.644186,
		1,
	},
	[1.21666666667] = {
		0.910262,
		0.148541,
		-0.38647,
		0,
		-0.112458,
		-0.809635,
		-0.576059,
		0,
		-0.398468,
		0.567827,
		-0.720275,
		0,
		-0.098031,
		0.368636,
		-0.644844,
		1,
	},
	[1.23333333333] = {
		0.910337,
		0.14787,
		-0.38655,
		0,
		-0.113088,
		-0.809577,
		-0.576017,
		0,
		-0.398118,
		0.568084,
		-0.720266,
		0,
		-0.097818,
		0.36868,
		-0.644851,
		1,
	},
	[1.25] = {
		0.910363,
		0.147666,
		-0.386568,
		0,
		-0.113304,
		-0.809518,
		-0.576058,
		0,
		-0.397998,
		0.568222,
		-0.720223,
		0,
		-0.097745,
		0.368739,
		-0.644828,
		1,
	},
	[1.2] = {
		0.910138,
		0.149646,
		-0.386335,
		0,
		-0.111445,
		-0.809691,
		-0.576177,
		0,
		-0.399034,
		0.567456,
		-0.720253,
		0,
		-0.098376,
		0.368604,
		-0.644809,
		1,
	},
}

return spline_matrices
