local spline_matrices = {
	[0] = {
		0.941911,
		-0.243022,
		-0.231827,
		0,
		0.194466,
		-0.168153,
		0.966389,
		0,
		-0.273836,
		-0.955335,
		-0.111126,
		0,
		0.304266,
		-0.120554,
		-0.004453,
		1
	},
	{
		0.83608,
		-0.022753,
		-0.548135,
		0,
		-0.325109,
		-0.825347,
		-0.461635,
		0,
		-0.441898,
		0.564167,
		-0.697454,
		0,
		-0.027638,
		0.204234,
		-0.737859,
		1
	},
	[0.0333333333333] = {
		0.947803,
		-0.240697,
		-0.209129,
		0,
		0.174556,
		-0.157179,
		0.972021,
		0,
		-0.266833,
		-0.957789,
		-0.106959,
		0,
		0.298626,
		-0.081429,
		0.020849,
		1
	},
	[0.0666666666667] = {
		0.964459,
		-0.217083,
		-0.150648,
		0,
		0.128888,
		-0.11121,
		0.985404,
		0,
		-0.230667,
		-0.969798,
		-0.079278,
		0,
		0.289735,
		-0.002272,
		0.076083,
		1
	},
	[0.133333333333] = {
		0.997349,
		-0.011269,
		0.071887,
		0,
		-0.069429,
		0.148316,
		0.9865,
		0,
		-0.021779,
		-0.988876,
		0.14714,
		0,
		0.280449,
		0.174302,
		0.158687,
		1
	},
	[0.166666666667] = {
		0.982732,
		0.138147,
		0.123102,
		0,
		-0.165275,
		0.356187,
		0.919682,
		0,
		0.083204,
		-0.924146,
		0.372868,
		0,
		0.221634,
		0.348325,
		0.121146,
		1
	},
	[0.1] = {
		0.987274,
		-0.146656,
		-0.061496,
		0,
		0.061368,
		-0.0054,
		0.998101,
		0,
		-0.146709,
		-0.989173,
		0.003668,
		0,
		0.289053,
		0.056455,
		0.133118,
		1
	},
	[0.233333333333] = {
		0.980062,
		0.164052,
		-0.112096,
		0,
		-0.136759,
		0.966232,
		0.218386,
		0,
		0.144138,
		-0.198702,
		0.969403,
		0,
		0.081021,
		0.643169,
		-0.071022,
		1
	},
	[0.266666666667] = {
		0.992244,
		0.058296,
		-0.109785,
		0,
		-0.124259,
		0.441781,
		-0.888476,
		0,
		-0.003294,
		0.895227,
		0.445599,
		0,
		0.004005,
		0.717599,
		-0.226135,
		1
	},
	[0.2] = {
		0.991226,
		0.102815,
		-0.083069,
		0,
		-0.003344,
		0.647764,
		0.761834,
		0,
		0.132137,
		-0.754871,
		0.642424,
		0,
		0.151638,
		0.518344,
		0.047538,
		1
	},
	[0.333333333333] = {
		0.991118,
		0.105037,
		-0.081562,
		0,
		-0.040272,
		-0.347455,
		-0.936832,
		0,
		-0.126741,
		0.931795,
		-0.340139,
		0,
		-0.089193,
		0.696914,
		-0.487875,
		1
	},
	[0.366666666667] = {
		0.870559,
		-0.160857,
		-0.465029,
		0,
		-0.477078,
		-0.507382,
		-0.717607,
		0,
		-0.120515,
		0.846575,
		-0.518447,
		0,
		-0.195511,
		0.629684,
		-0.665298,
		1
	},
	[0.3] = {
		0.975818,
		0.086055,
		-0.200931,
		0,
		-0.212666,
		0.161335,
		-0.963714,
		0,
		-0.050515,
		0.983141,
		0.175735,
		0,
		-0.044006,
		0.717815,
		-0.338459,
		1
	},
	[0.433333333333] = {
		0.877571,
		-0.138902,
		-0.458885,
		0,
		-0.223792,
		-0.965124,
		-0.135841,
		0,
		-0.424012,
		0.221905,
		-0.87805,
		0,
		-0.179542,
		0.490036,
		-0.696367,
		1
	},
	[0.466666666667] = {
		0.867741,
		-0.091553,
		-0.488512,
		0,
		-0.233468,
		-0.942783,
		-0.238019,
		0,
		-0.438769,
		0.32059,
		-0.839466,
		0,
		-0.13383,
		0.404799,
		-0.698747,
		1
	},
	[0.4] = {
		0.857904,
		-0.146948,
		-0.492348,
		0,
		-0.346879,
		-0.872546,
		-0.344003,
		0,
		-0.379046,
		0.465907,
		-0.799534,
		0,
		-0.208543,
		0.569088,
		-0.697074,
		1
	},
	[0.533333333333] = {
		0.840201,
		-0.006887,
		-0.542232,
		0,
		-0.30799,
		-0.829051,
		-0.466709,
		0,
		-0.446324,
		0.559131,
		-0.69869,
		0,
		-0.045505,
		0.267567,
		-0.706941,
		1
	},
	[0.566666666667] = {
		0.834921,
		0.00748,
		-0.550318,
		0,
		-0.32627,
		-0.798534,
		-0.505857,
		0,
		-0.443232,
		0.601903,
		-0.664273,
		0,
		-0.029064,
		0.243798,
		-0.709275,
		1
	},
	[0.5] = {
		0.853177,
		-0.044423,
		-0.519727,
		0,
		-0.269065,
		-0.891062,
		-0.36553,
		0,
		-0.446871,
		0.451702,
		-0.772186,
		0,
		-0.084781,
		0.326048,
		-0.702907,
		1
	},
	[0.633333333333] = {
		0.835689,
		0.002027,
		-0.549199,
		0,
		-0.326902,
		-0.801713,
		-0.500391,
		0,
		-0.441315,
		0.597705,
		-0.66932,
		0,
		-0.027687,
		0.238666,
		-0.7126,
		1
	},
	[0.666666666667] = {
		0.83607,
		-0.001186,
		-0.548622,
		0,
		-0.327094,
		-0.803906,
		-0.496734,
		0,
		-0.440451,
		0.594755,
		-0.672509,
		0,
		-0.027037,
		0.23528,
		-0.714797,
		1
	},
	[0.6] = {
		0.835299,
		0.004962,
		-0.549774,
		0,
		-0.326631,
		-0.799884,
		-0.503485,
		0,
		-0.442254,
		0.600134,
		-0.666522,
		0,
		-0.028373,
		0.241555,
		-0.710729,
		1
	},
	[0.733333333333] = {
		0.836714,
		-0.007913,
		-0.547584,
		0,
		-0.327273,
		-0.808932,
		-0.488387,
		0,
		-0.439093,
		0.587849,
		-0.679434,
		0,
		-0.025975,
		0.227632,
		-0.719816,
		1
	},
	[0.766666666667] = {
		0.836933,
		-0.011161,
		-0.547192,
		0,
		-0.32728,
		-0.811547,
		-0.484023,
		0,
		-0.43867,
		0.58418,
		-0.682863,
		0,
		-0.025628,
		0.223679,
		-0.722467,
		1
	},
	[0.7] = {
		0.836418,
		-0.004544,
		-0.548073,
		0,
		-0.327214,
		-0.806349,
		-0.492679,
		0,
		-0.439699,
		0.591423,
		-0.675932,
		0,
		-0.026456,
		0.231551,
		-0.717232,
		1
	},
	[0.833333333333] = {
		0.83706,
		-0.016712,
		-0.546855,
		0,
		-0.327117,
		-0.816485,
		-0.475759,
		0,
		-0.438548,
		0.577125,
		-0.688914,
		0,
		-0.025477,
		0.216315,
		-0.727654,
		1
	},
	[0.866666666667] = {
		0.836965,
		-0.018688,
		-0.546937,
		0,
		-0.326866,
		-0.818635,
		-0.472223,
		0,
		-0.438917,
		0.57401,
		-0.691278,
		0,
		-0.025704,
		0.213229,
		-0.73004,
		1
	},
	[0.8] = {
		0.837054,
		-0.014155,
		-0.546937,
		0,
		-0.327243,
		-0.814092,
		-0.479757,
		0,
		-0.438465,
		0.580564,
		-0.686071,
		0,
		-0.025448,
		0.219853,
		-0.725105,
		1
	},
	[0.933333333333] = {
		0.836573,
		-0.021244,
		-0.547443,
		0,
		-0.326087,
		-0.822276,
		-0.4664,
		0,
		-0.440241,
		0.568692,
		-0.694822,
		0,
		-0.026561,
		0.208247,
		-0.734289,
		1
	},
	[0.966666666667] = {
		0.836327,
		-0.022084,
		-0.547786,
		0,
		-0.32561,
		-0.823873,
		-0.463908,
		0,
		-0.441061,
		0.566344,
		-0.696218,
		0,
		-0.027096,
		0.206146,
		-0.736165,
		1
	},
	[0.9] = {
		0.836794,
		-0.020143,
		-0.547147,
		0,
		-0.326514,
		-0.820537,
		-0.469157,
		0,
		-0.439504,
		0.571239,
		-0.693197,
		0,
		-0.026081,
		0.210591,
		-0.732245,
		1
	},
	[1.03333333333] = {
		0.835859,
		-0.023343,
		-0.548447,
		0,
		-0.324609,
		-0.826716,
		-0.459533,
		0,
		-0.442683,
		0.562136,
		-0.698595,
		0,
		-0.028138,
		0.202458,
		-0.739363,
		1
	},
	[1.06666666667] = {
		0.835689,
		-0.023943,
		-0.54868,
		0,
		-0.324135,
		-0.827997,
		-0.457556,
		0,
		-0.443351,
		0.560221,
		-0.699709,
		0,
		-0.028548,
		0.200765,
		-0.740663,
		1
	},
	[1.13333333333] = {
		0.83559,
		-0.025537,
		-0.548759,
		0,
		-0.323385,
		-0.830368,
		-0.453774,
		0,
		-0.444084,
		0.55663,
		-0.702106,
		0,
		-0.028925,
		0.197413,
		-0.742605,
		1
	},
	[1.16666666667] = {
		0.835594,
		-0.026712,
		-0.548698,
		0,
		-0.323261,
		-0.83149,
		-0.451804,
		0,
		-0.444169,
		0.554897,
		-0.703423,
		0,
		-0.028956,
		0.195645,
		-0.743214,
		1
	},
	[1.1] = {
		0.835596,
		-0.024644,
		-0.548791,
		0,
		-0.323715,
		-0.829209,
		-0.455655,
		0,
		-0.443833,
		0.558396,
		-0.700861,
		0,
		-0.02882,
		0.199101,
		-0.741748,
		1
	}
}

return spline_matrices
