local spline_matrices = {
	[0] = {
		0.847353,
		-0.469439,
		0.248233,
		0,
		0.293339,
		0.803449,
		0.518095,
		0,
		-0.442657,
		-0.366192,
		0.81851,
		0,
		-0.368439,
		-0.543117,
		-0.302249,
		1
	},
	{
		0.956339,
		0.069169,
		-0.283955,
		0,
		-0.111798,
		-0.811113,
		-0.574105,
		0,
		-0.27003,
		0.580785,
		-0.767967,
		0,
		-0.052304,
		0.196104,
		-0.760785,
		1
	},
	[0.0166666666667] = {
		0.816792,
		-0.5131,
		0.263778,
		0,
		0.225756,
		0.705003,
		0.672313,
		0,
		-0.530928,
		-0.489591,
		0.691676,
		0,
		-0.343268,
		-0.422363,
		-0.206029,
		1
	},
	[0.0333333333333] = {
		0.784807,
		-0.564714,
		0.255297,
		0,
		0.030397,
		0.446521,
		0.894257,
		0,
		-0.618995,
		-0.694058,
		0.367598,
		0,
		-0.296462,
		-0.189929,
		-0.031052,
		1
	},
	[0.05] = {
		0.84003,
		-0.488686,
		0.235659,
		0,
		-0.153069,
		0.20324,
		0.96709,
		0,
		-0.520499,
		-0.848457,
		0.095925,
		0,
		-0.271031,
		-0.043932,
		0.055998,
		1
	},
	[0.0666666666667] = {
		0.922187,
		-0.281675,
		0.265011,
		0,
		-0.242372,
		0.113059,
		0.963573,
		0,
		-0.301376,
		-0.952826,
		0.035991,
		0,
		-0.274839,
		-0.029292,
		0.04502,
		1
	},
	[0.0833333333333] = {
		0.952951,
		-0.102986,
		0.285093,
		0,
		-0.269398,
		0.143401,
		0.952292,
		0,
		-0.138955,
		-0.984292,
		0.10891,
		0,
		-0.272163,
		-0.015094,
		0.034964,
		1
	},
	[0.116666666667] = {
		0.965077,
		0.076599,
		0.250516,
		0,
		-0.261922,
		0.299309,
		0.917502,
		0,
		-0.004702,
		-0.951077,
		0.30892,
		0,
		-0.230002,
		0.095344,
		0.037407,
		1
	},
	[0.133333333333] = {
		0.966465,
		0.067767,
		0.247694,
		0,
		-0.255819,
		0.338178,
		0.905645,
		0,
		-0.022392,
		-0.938639,
		0.344173,
		0,
		-0.21326,
		0.161361,
		0.035819,
		1
	},
	[0.15] = {
		0.962642,
		-0.02271,
		0.269822,
		0,
		-0.243662,
		0.361974,
		0.89978,
		0,
		-0.118103,
		-0.931912,
		0.342918,
		0,
		-0.201697,
		0.229928,
		0.034267,
		1
	},
	[0.166666666667] = {
		0.941935,
		-0.13083,
		0.30926,
		0,
		-0.237623,
		0.391038,
		0.889171,
		0,
		-0.237263,
		-0.911029,
		0.337244,
		0,
		-0.191686,
		0.29849,
		0.031796,
		1
	},
	[0.183333333333] = {
		0.915126,
		-0.195889,
		0.352381,
		0,
		-0.235132,
		0.450677,
		0.861164,
		0,
		-0.327502,
		-0.870929,
		0.366367,
		0,
		-0.179578,
		0.36481,
		0.027493,
		1
	},
	[0.1] = {
		0.963077,
		0.004911,
		0.269181,
		0,
		-0.263025,
		0.230515,
		0.936846,
		0,
		-0.05745,
		-0.973056,
		0.223296,
		0,
		-0.252873,
		0.032894,
		0.03413,
		1
	},
	[0.216666666667] = {
		0.937639,
		-0.106403,
		0.330924,
		0,
		-0.145087,
		0.745316,
		0.650733,
		0,
		-0.315883,
		-0.658166,
		0.6834,
		0,
		-0.126755,
		0.497839,
		-0.018042,
		1
	},
	[0.233333333333] = {
		0.952808,
		-0.064644,
		0.29661,
		0,
		-0.048424,
		0.932189,
		0.358719,
		0,
		-0.299685,
		-0.356154,
		0.885067,
		0,
		-0.081975,
		0.576381,
		-0.096903,
		1
	},
	[0.25] = {
		0.951543,
		-0.019631,
		0.30689,
		0,
		0.029053,
		0.999235,
		-0.026162,
		0,
		-0.306141,
		0.03381,
		0.951385,
		0,
		-0.041539,
		0.649837,
		-0.185608,
		1
	},
	[0.266666666667] = {
		0.950925,
		-0.030088,
		0.307955,
		0,
		0.147511,
		0.918965,
		-0.36571,
		0,
		-0.271997,
		0.393189,
		0.878305,
		0,
		0.021653,
		0.703927,
		-0.263296,
		1
	},
	[0.283333333333] = {
		0.946254,
		-0.049666,
		0.319589,
		0,
		0.244915,
		0.755411,
		-0.607759,
		0,
		-0.211236,
		0.653367,
		0.726974,
		0,
		0.082938,
		0.721839,
		-0.332753,
		1
	},
	[0.2] = {
		0.913622,
		-0.173243,
		0.367806,
		0,
		-0.215314,
		0.56121,
		0.799176,
		0,
		-0.344868,
		-0.809339,
		0.475433,
		0,
		-0.161786,
		0.427808,
		0.02043,
		1
	},
	[0.316666666667] = {
		0.944217,
		-0.076996,
		0.320196,
		0,
		0.321777,
		0.422649,
		-0.847247,
		0,
		-0.070096,
		0.903017,
		0.423848,
		0,
		0.105134,
		0.705014,
		-0.458087,
		1
	},
	[0.333333333333] = {
		0.912861,
		-0.039459,
		0.406358,
		0,
		0.40669,
		0.175348,
		-0.89658,
		0,
		-0.035876,
		0.983715,
		0.176116,
		0,
		0.193112,
		0.685059,
		-0.579183,
		1
	},
	[0.35] = {
		0.891971,
		0.040198,
		0.450302,
		0,
		0.452053,
		-0.06613,
		-0.889536,
		0,
		-0.005979,
		0.997001,
		-0.077158,
		0,
		0.246503,
		0.647385,
		-0.709182,
		1
	},
	[0.366666666667] = {
		0.917705,
		-0.00973,
		0.397143,
		0,
		0.3637,
		-0.381582,
		-0.849775,
		0,
		0.159811,
		0.924284,
		-0.346641,
		0,
		0.199891,
		0.591924,
		-0.765669,
		1
	},
	[0.383333333333] = {
		0.888472,
		-0.047445,
		0.456473,
		0,
		0.247063,
		-0.788762,
		-0.562862,
		0,
		0.386753,
		0.612864,
		-0.689071,
		0,
		0.130379,
		0.535594,
		-0.759571,
		1
	},
	[0.3] = {
		0.948524,
		-0.05015,
		0.312711,
		0,
		0.279477,
		0.597017,
		-0.751973,
		0,
		-0.148982,
		0.800659,
		0.580301,
		0,
		0.091903,
		0.716751,
		-0.390276,
		1
	},
	[0.416666666667] = {
		0.745521,
		-0.13661,
		0.652332,
		0,
		-0.019945,
		-0.982902,
		-0.183044,
		0,
		0.666184,
		0.123452,
		-0.735499,
		0,
		0.023921,
		0.424435,
		-0.753356,
		1
	},
	[0.433333333333] = {
		0.75635,
		-0.159538,
		0.634415,
		0,
		-0.021117,
		-0.975255,
		-0.220074,
		0,
		0.653826,
		0.153056,
		-0.741003,
		0,
		0.020713,
		0.381789,
		-0.754119,
		1
	},
	[0.45] = {
		0.767644,
		-0.194478,
		0.610657,
		0,
		-0.027637,
		-0.962005,
		-0.271631,
		0,
		0.640281,
		0.191639,
		-0.743851,
		0,
		0.019825,
		0.339946,
		-0.754994,
		1
	},
	[0.466666666667] = {
		0.77796,
		-0.236216,
		0.58222,
		0,
		-0.037882,
		-0.942587,
		-0.331805,
		0,
		0.627171,
		0.236075,
		-0.742243,
		0,
		0.022242,
		0.300012,
		-0.7559,
		1
	},
	[0.483333333333] = {
		0.787658,
		-0.279567,
		0.549033,
		0,
		-0.050402,
		-0.917376,
		-0.394819,
		0,
		0.614047,
		0.28331,
		-0.736669,
		0,
		0.026735,
		0.263094,
		-0.756778,
		1
	},
	[0.4] = {
		0.79861,
		-0.061421,
		0.598707,
		0,
		0.09492,
		-0.969475,
		-0.226071,
		0,
		0.594317,
		0.237372,
		-0.768402,
		0,
		0.059047,
		0.475725,
		-0.75492,
		1
	},
	[0.516666666667] = {
		0.808327,
		-0.352816,
		0.471305,
		0,
		-0.077942,
		-0.857624,
		-0.508336,
		0,
		0.583552,
		0.374167,
		-0.72074,
		0,
		0.03426,
		0.202728,
		-0.758307,
		1
	},
	[0.533333333333] = {
		0.819128,
		-0.375728,
		0.433427,
		0,
		-0.089642,
		-0.830176,
		-0.550247,
		0,
		0.566563,
		0.411869,
		-0.713702,
		0,
		0.035946,
		0.181486,
		-0.758835,
		1
	},
	[0.55] = {
		0.830351,
		-0.386338,
		0.401573,
		0,
		-0.097645,
		-0.810371,
		-0.577723,
		0,
		0.548619,
		0.440501,
		-0.710616,
		0,
		0.035352,
		0.167679,
		-0.759134,
		1
	},
	[0.566666666667] = {
		0.842165,
		-0.383029,
		0.379536,
		0,
		-0.100282,
		-0.802836,
		-0.587705,
		0,
		0.529813,
		0.456884,
		-0.714531,
		0,
		0.031812,
		0.16241,
		-0.75916,
		1
	},
	[0.583333333333] = {
		0.854553,
		-0.37174,
		0.362696,
		0,
		-0.099743,
		-0.802814,
		-0.587828,
		0,
		0.509697,
		0.466154,
		-0.723125,
		0,
		0.026723,
		0.161851,
		-0.759042,
		1
	},
	[0.5] = {
		0.797832,
		-0.319755,
		0.511097,
		0,
		-0.064291,
		-0.888051,
		-0.455228,
		0,
		0.599442,
		0.330337,
		-0.729073,
		0,
		0.030965,
		0.230298,
		-0.757601,
		1
	},
	[0.616666666667] = {
		0.880195,
		-0.346188,
		0.324669,
		0,
		-0.098797,
		-0.802735,
		-0.588095,
		0,
		0.464215,
		0.485562,
		-0.740766,
		0,
		0.017343,
		0.161095,
		-0.758839,
		1
	},
	[0.633333333333] = {
		0.893096,
		-0.331976,
		0.303599,
		0,
		-0.098409,
		-0.802689,
		-0.588223,
		0,
		0.438972,
		0.495462,
		-0.749547,
		0,
		0.013008,
		0.160997,
		-0.758756,
		1
	},
	[0.65] = {
		0.905818,
		-0.316851,
		0.281247,
		0,
		-0.09809,
		-0.802645,
		-0.588336,
		0,
		0.412156,
		0.505337,
		-0.75813,
		0,
		0.008877,
		0.16124,
		-0.758681,
		1
	},
	[0.666666666667] = {
		0.918195,
		-0.30086,
		0.257686,
		0,
		-0.097849,
		-0.802609,
		-0.588425,
		0,
		0.383854,
		0.515075,
		-0.76639,
		0,
		0.004929,
		0.161797,
		-0.758616,
		1
	},
	[0.683333333333] = {
		0.930067,
		-0.284054,
		0.232998,
		0,
		-0.097694,
		-0.802586,
		-0.588483,
		0,
		0.354162,
		0.524566,
		-0.774209,
		0,
		0.001144,
		0.162641,
		-0.758562,
		1
	},
	[0.6] = {
		0.867289,
		-0.359453,
		0.344389,
		0,
		-0.099244,
		-0.802778,
		-0.587961,
		0,
		0.487812,
		0.475753,
		-0.731914,
		0,
		0.021907,
		0.16142,
		-0.758934,
		1
	},
	[0.716666666667] = {
		0.951709,
		-0.248253,
		0.180609,
		0,
		-0.097681,
		-0.802596,
		-0.588471,
		0,
		0.291046,
		0.542411,
		-0.788088,
		0,
		-0.006021,
		0.165082,
		-0.758491,
		1
	},
	[0.733333333333] = {
		0.961213,
		-0.229406,
		0.153106,
		0,
		-0.097841,
		-0.802641,
		-0.588384,
		0,
		0.257868,
		0.550582,
		-0.793954,
		0,
		-0.009441,
		0.166624,
		-0.758473,
		1
	},
	[0.75] = {
		0.969685,
		-0.210042,
		0.124876,
		0,
		-0.098123,
		-0.802718,
		-0.588231,
		0,
		0.223794,
		0.558146,
		-0.798993,
		0,
		-0.012782,
		0.168343,
		-0.758469,
		1
	},
	[0.766666666667] = {
		0.977027,
		-0.190254,
		0.096033,
		0,
		-0.098537,
		-0.802833,
		-0.588005,
		0,
		0.188969,
		0.565034,
		-0.803136,
		0,
		-0.016063,
		0.170211,
		-0.758477,
		1
	},
	[0.783333333333] = {
		0.98316,
		-0.170141,
		0.066697,
		0,
		-0.099093,
		-0.80299,
		-0.587696,
		0,
		0.153549,
		0.57119,
		-0.806328,
		0,
		-0.019306,
		0.1722,
		-0.758498,
		1
	},
	[0.7] = {
		0.941285,
		-0.266495,
		0.207274,
		0,
		-0.097635,
		-0.80258,
		-0.588501,
		0,
		0.323186,
		0.53371,
		-0.781476,
		0,
		-0.002499,
		0.163745,
		-0.75852,
		1
	},
	[0.816666666667] = {
		0.991571,
		-0.129375,
		0.007043,
		0,
		-0.100663,
		-0.803455,
		-0.586794,
		0,
		0.081575,
		0.581139,
		-0.809706,
		0,
		-0.025761,
		0.176427,
		-0.758577,
		1
	},
	[0.833333333333] = {
		0.993783,
		-0.10895,
		-0.022909,
		0,
		-0.101632,
		-0.803771,
		-0.586193,
		0,
		0.045452,
		0.584877,
		-0.809847,
		0,
		-0.028929,
		0.178608,
		-0.758638,
		1
	},
	[0.85] = {
		0.994673,
		-0.088655,
		-0.052601,
		0,
		-0.102636,
		-0.80415,
		-0.585498,
		0,
		0.009608,
		0.587778,
		-0.808965,
		0,
		-0.031953,
		0.180797,
		-0.758719,
		1
	},
	[0.866666666667] = {
		0.994278,
		-0.068608,
		-0.081875,
		0,
		-0.103668,
		-0.804596,
		-0.584704,
		0,
		-0.025761,
		0.589846,
		-0.807105,
		0,
		-0.03483,
		0.182964,
		-0.758822,
		1
	},
	[0.883333333333] = {
		0.992662,
		-0.048929,
		-0.110577,
		0,
		-0.104717,
		-0.805114,
		-0.583803,
		0,
		-0.060462,
		0.591098,
		-0.80433,
		0,
		-0.037559,
		0.18508,
		-0.75895,
		1
	},
	[0.8] = {
		0.988022,
		-0.149812,
		0.036992,
		0,
		-0.099799,
		-0.803196,
		-0.587296,
		0,
		0.117695,
		0.576569,
		-0.808527,
		0,
		-0.022532,
		0.174281,
		-0.758532,
		1
	},
	[0.916666666667] = {
		0.986117,
		-0.011136,
		-0.16568,
		0,
		-0.106833,
		-0.806386,
		-0.581661,
		0,
		-0.127125,
		0.591285,
		-0.79638,
		0,
		-0.042559,
		0.189046,
		-0.759295,
		1
	},
	[0.933333333333] = {
		0.98141,
		0.006752,
		-0.191806,
		0,
		-0.107881,
		-0.807149,
		-0.580408,
		0,
		-0.158735,
		0.59031,
		-0.791415,
		0,
		-0.044827,
		0.190837,
		-0.759517,
		1
	},
	[0.95] = {
		0.975923,
		0.023824,
		-0.21681,
		0,
		-0.108911,
		-0.808003,
		-0.579025,
		0,
		-0.188978,
		0.588697,
		-0.785954,
		0,
		-0.046937,
		0.192462,
		-0.759776,
		1
	},
	[0.966666666667] = {
		0.969807,
		0.039978,
		-0.240575,
		0,
		-0.109913,
		-0.808952,
		-0.577508,
		0,
		-0.217702,
		0.586514,
		-0.780133,
		0,
		-0.048887,
		0.193892,
		-0.760075,
		1
	},
	[0.983333333333] = {
		0.963222,
		0.055119,
		-0.262992,
		0,
		-0.110878,
		-0.809995,
		-0.575859,
		0,
		-0.244763,
		0.58384,
		-0.774094,
		0,
		-0.050677,
		0.195105,
		-0.760413,
		1
	},
	[0.9] = {
		0.989908,
		-0.029733,
		-0.138559,
		0,
		-0.105775,
		-0.805709,
		-0.58279,
		0,
		-0.09431,
		0.591565,
		-0.800723,
		0,
		-0.040136,
		0.187117,
		-0.759107,
		1
	},
	[1.01666666667] = {
		0.949335,
		0.082058,
		-0.303365,
		0,
		-0.112662,
		-0.812285,
		-0.572277,
		0,
		-0.293378,
		0.57746,
		-0.761885,
		0,
		-0.053768,
		0.196894,
		-0.761184,
		1
	},
	[1.03333333333] = {
		0.942388,
		0.093726,
		-0.321125,
		0,
		-0.113463,
		-0.813489,
		-0.570405,
		0,
		-0.314693,
		0.573978,
		-0.755987,
		0,
		-0.055066,
		0.197479,
		-0.761602,
		1
	},
	[1.05] = {
		0.935678,
		0.10412,
		-0.337143,
		0,
		-0.114191,
		-0.814705,
		-0.56852,
		0,
		-0.333867,
		0.570451,
		-0.750413,
		0,
		-0.056199,
		0.197865,
		-0.762032,
		1
	},
	[1.06666666667] = {
		0.929384,
		0.113193,
		-0.35133,
		0,
		-0.114836,
		-0.815914,
		-0.566654,
		0,
		-0.350796,
		0.566984,
		-0.745299,
		0,
		-0.057165,
		0.198056,
		-0.762466,
		1
	},
	[1.08333333333] = {
		0.923678,
		0.120902,
		-0.363595,
		0,
		-0.11539,
		-0.817095,
		-0.564836,
		0,
		-0.365382,
		0.563682,
		-0.740782,
		0,
		-0.057963,
		0.198059,
		-0.762894,
		1
	},
	[1.11666666667] = {
		0.914675,
		0.132075,
		-0.382002,
		0,
		-0.116189,
		-0.819297,
		-0.561474,
		0,
		-0.38713,
		0.557951,
		-0.734045,
		0,
		-0.05905,
		0.197518,
		-0.763704,
		1
	},
	[1.13333333333] = {
		0.911658,
		0.135465,
		-0.387981,
		0,
		-0.116431,
		-0.820278,
		-0.559989,
		0,
		-0.394111,
		0.555691,
		-0.732041,
		0,
		-0.059359,
		0.196986,
		-0.764065,
		1
	},
	[1.15] = {
		0.90978,
		0.137338,
		-0.391713,
		0,
		-0.116581,
		-0.821155,
		-0.558671,
		0,
		-0.398384,
		0.553934,
		-0.731059,
		0,
		-0.059542,
		0.196287,
		-0.764385,
		1
	},
	[1.16666666667] = {
		0.909136,
		0.137651,
		-0.393095,
		0,
		-0.116632,
		-0.821907,
		-0.557553,
		0,
		-0.399835,
		0.552739,
		-0.731171,
		0,
		-0.059603,
		0.195427,
		-0.764653,
		1
	},
	[1.1] = {
		0.918724,
		0.127208,
		-0.37385,
		0,
		-0.115844,
		-0.818229,
		-0.563099,
		0,
		-0.377526,
		0.560641,
		-0.736991,
		0,
		-0.058592,
		0.197878,
		-0.76331,
		1
	}
}

return spline_matrices
