-- chunkname: @content/characters/player/human/first_person/animations/2h_chain_sword/attack_stab.lua

local spline_matrices = {
	[0.0333333333333] = {
		0.604918,
		-0.00148,
		0.796286,
		0,
		0.792617,
		-0.094787,
		-0.602307,
		0,
		0.076369,
		0.995496,
		-0.056166,
		0,
		0.094099,
		0.247452,
		-0.561583,
		1
	},
	[0.0666666666667] = {
		0.605393,
		-0.00245,
		0.795923,
		0,
		0.792582,
		-0.08972,
		-0.603128,
		0,
		0.072888,
		0.995964,
		-0.052374,
		0,
		0.099873,
		0.137319,
		-0.544886,
		1
	},
	[0] = {
		0.604733,
		-0.000929,
		0.796428,
		0,
		0.79263,
		-0.096845,
		-0.601962,
		0,
		0.077689,
		0.995299,
		-0.05783,
		0,
		0.092091,
		0.289451,
		-0.567939,
		1
	},
	[0.133333333333] = {
		0.606716,
		-0.002022,
		0.794916,
		0,
		0.792471,
		-0.076865,
		-0.605046,
		0,
		0.062325,
		0.997039,
		-0.045033,
		0,
		0.121611,
		-0.191587,
		-0.492922,
		1
	},
	[0.166666666667] = {
		0.607465,
		-0.001903,
		0.794344,
		0,
		0.792322,
		-0.069897,
		-0.606086,
		0,
		0.056676,
		0.997552,
		-0.040952,
		0,
		0.135446,
		-0.35993,
		-0.462119,
		1
	},
	[0.1] = {
		0.606033,
		-0.002819,
		0.795435,
		0,
		0.792531,
		-0.083305,
		-0.604115,
		0,
		0.067967,
		0.99652,
		-0.048252,
		0,
		0.109234,
		-0.017115,
		-0.521231,
		1
	},
	[0.233333333333] = {
		0.609135,
		-0.002305,
		0.793063,
		0,
		0.791641,
		-0.058163,
		-0.608212,
		0,
		0.047529,
		0.998304,
		-0.033605,
		0,
		0.152245,
		-0.726175,
		-0.398623,
		1
	},
	[0.266666666667] = {
		0.674738,
		0.005777,
		0.738035,
		0,
		0.737918,
		-0.02473,
		-0.674437,
		0,
		0.014355,
		0.999677,
		-0.02095,
		0,
		0.148481,
		-0.703514,
		-0.364665,
		1
	},
	[0.2] = {
		0.608344,
		-0.002216,
		0.79367,
		0,
		0.791986,
		-0.063482,
		-0.60723,
		0,
		0.051729,
		0.997981,
		-0.036864,
		0,
		0.147343,
		-0.520786,
		-0.430384,
		1
	},
	[0.333333333333] = {
		0.960328,
		0.057222,
		0.272939,
		0,
		0.263762,
		0.131429,
		-0.955592,
		0,
		-0.090553,
		0.989673,
		0.111122,
		0,
		0.122694,
		0.176552,
		-0.28846,
		1
	},
	[0.366666666667] = {
		0.844222,
		0.042236,
		0.534327,
		0,
		0.530489,
		0.076657,
		-0.844219,
		0,
		-0.076616,
		0.996163,
		0.04231,
		0,
		0.026225,
		0.368285,
		-0.29682,
		1
	},
	[0.3] = {
		0.907757,
		0.036169,
		0.417935,
		0,
		0.412424,
		0.105229,
		-0.904894,
		0,
		-0.076708,
		0.99379,
		0.080605,
		0,
		0.131996,
		-0.21224,
		-0.289828,
		1
	},
	[0.433333333333] = {
		0.923577,
		0.007205,
		0.383346,
		0,
		0.381395,
		0.085194,
		-0.920478,
		0,
		-0.039291,
		0.996338,
		0.075936,
		0,
		0.025284,
		0.63829,
		-0.093067,
		1
	},
	[0.466666666667] = {
		0.919288,
		0.01179,
		0.393408,
		0,
		0.390919,
		0.088784,
		-0.916133,
		0,
		-0.045729,
		0.995981,
		0.077009,
		0,
		0.030736,
		0.631911,
		-0.119414,
		1
	},
	[0.4] = {
		0.922635,
		-0.022022,
		0.385044,
		0,
		0.385642,
		0.065352,
		-0.920331,
		0,
		-0.004895,
		0.997619,
		0.068789,
		0,
		0.032018,
		0.534377,
		-0.203058,
		1
	},
	[0.533333333333] = {
		0.879198,
		-0.007796,
		0.476392,
		0,
		0.474778,
		0.098177,
		-0.874613,
		0,
		-0.039952,
		0.995138,
		0.090018,
		0,
		0.027639,
		0.622254,
		-0.111594,
		1
	},
	[0.566666666667] = {
		0.875192,
		-0.012461,
		0.483615,
		0,
		0.482251,
		0.101773,
		-0.870101,
		0,
		-0.038377,
		0.99473,
		0.09508,
		0,
		0.027445,
		0.619093,
		-0.110772,
		1
	},
	[0.5] = {
		0.900157,
		0.001704,
		0.435562,
		0,
		0.433553,
		0.092514,
		-0.896366,
		0,
		-0.041823,
		0.99571,
		0.082539,
		0,
		0.031012,
		0.626446,
		-0.113577,
		1
	},
	[0.633333333333] = {
		0.885573,
		-0.010946,
		0.46437,
		0,
		0.462924,
		0.103063,
		-0.880386,
		0,
		-0.038223,
		0.994615,
		0.096337,
		0,
		0.029093,
		0.615422,
		-0.108745,
		1
	},
	[0.666666666667] = {
		0.894592,
		-0.010112,
		0.44677,
		0,
		0.445397,
		0.101664,
		-0.889542,
		0,
		-0.036425,
		0.994767,
		0.095452,
		0,
		0.028382,
		0.614505,
		-0.107519,
		1
	},
	[0.6] = {
		0.878671,
		-0.011764,
		0.477282,
		0,
		0.475839,
		0.103053,
		-0.873474,
		0,
		-0.03891,
		0.994606,
		0.096148,
		0,
		0.028477,
		0.616897,
		-0.109826,
		1
	},
	[0.733333333333] = {
		0.913247,
		-0.009079,
		0.407304,
		0,
		0.406258,
		0.095277,
		-0.908778,
		0,
		-0.030556,
		0.995409,
		0.0907,
		0,
		0.022519,
		0.613787,
		-0.105255,
		1
	},
	[0.766666666667] = {
		0.921901,
		-0.009264,
		0.387315,
		0,
		0.386502,
		0.09097,
		-0.917791,
		0,
		-0.026731,
		0.995811,
		0.087445,
		0,
		0.019126,
		0.613654,
		-0.104423,
		1
	},
	[0.7] = {
		0.904196,
		-0.009416,
		0.427014,
		0,
		0.425781,
		0.098899,
		-0.899405,
		0,
		-0.033762,
		0.995053,
		0.093433,
		0,
		0.025904,
		0.614005,
		-0.10628,
		1
	},
	[0.833333333333] = {
		0.942494,
		-0.000251,
		0.334224,
		0,
		0.332801,
		0.092887,
		-0.938411,
		0,
		-0.030809,
		0.995677,
		0.087629,
		0,
		0.014211,
		0.618666,
		-0.103158,
		1
	},
	[0.866666666667] = {
		0.951874,
		0.00741,
		0.306401,
		0,
		0.304182,
		0.099617,
		-0.947391,
		0,
		-0.037543,
		0.994998,
		0.092569,
		0,
		0.012983,
		0.62591,
		-0.102856,
		1
	},
	[0.8] = {
		0.932047,
		-0.006693,
		0.362275,
		0,
		0.36139,
		0.089421,
		-0.928117,
		0,
		-0.026183,
		0.995971,
		0.085763,
		0,
		0.01623,
		0.614053,
		-0.103699,
		1
	},
	[0.933333333333] = {
		0.963038,
		0.014185,
		0.268992,
		0,
		0.265513,
		0.118292,
		-0.956823,
		0,
		-0.045392,
		0.992877,
		0.110154,
		0,
		0.018671,
		0.638652,
		-0.128105,
		1
	},
	[0.966666666667] = {
		0.967186,
		0.010261,
		0.253862,
		0,
		0.25039,
		0.130932,
		-0.95925,
		0,
		-0.043082,
		0.991338,
		0.124067,
		0,
		0.028474,
		0.615621,
		-0.150423,
		1
	},
	[0.9] = {
		0.958766,
		0.013543,
		0.283875,
		0,
		0.280835,
		0.108077,
		-0.953652,
		0,
		-0.043596,
		0.99405,
		0.099817,
		0,
		0.013204,
		0.633297,
		-0.109264,
		1
	},
	[1.03333333333] = {
		0.977379,
		0.009321,
		0.211289,
		0,
		0.207612,
		0.148243,
		-0.966913,
		0,
		-0.040335,
		0.988907,
		0.142955,
		0,
		0.042717,
		0.484738,
		-0.20366,
		1
	},
	[1.06666666667] = {
		0.982501,
		0.006413,
		0.186146,
		0,
		0.183284,
		0.144554,
		-0.972374,
		0,
		-0.033144,
		0.989476,
		0.140849,
		0,
		0.053815,
		0.31523,
		-0.240193,
		1
	},
	{
		0.971919,
		0.010001,
		0.235102,
		0,
		0.231352,
		0.141961,
		-0.962457,
		0,
		-0.043001,
		0.989822,
		0.135661,
		0,
		0.034835,
		0.569446,
		-0.174202,
		1
	},
	[1.13333333333] = {
		0.99062,
		-0.001254,
		0.136641,
		0,
		0.135803,
		0.120005,
		-0.983441,
		0,
		-0.015164,
		0.992773,
		0.11905,
		0,
		0.081303,
		-0.426176,
		-0.326213,
		1
	},
	[1.16666666667] = {
		0.993565,
		-0.00551,
		0.113131,
		0,
		0.113088,
		0.104165,
		-0.98811,
		0,
		-0.00634,
		0.994545,
		0.104117,
		0,
		0.093722,
		-0.663003,
		-0.377812,
		1
	},
	[1.1] = {
		0.986933,
		0.002825,
		0.161105,
		0,
		0.159271,
		0.134323,
		-0.978054,
		0,
		-0.024404,
		0.990934,
		0.132118,
		0,
		0.066777,
		0.019901,
		-0.280195,
		1
	},
	[1.23333333333] = {
		0.997398,
		-0.014622,
		0.070593,
		0,
		0.071531,
		0.078853,
		-0.994317,
		0,
		0.008972,
		0.996779,
		0.079694,
		0,
		0.11056,
		-0.661043,
		-0.430055,
		1
	},
	[1.26666666667] = {
		0.998459,
		-0.018393,
		0.052363,
		0,
		0.053585,
		0.073844,
		-0.995829,
		0,
		0.014449,
		0.9971,
		0.074716,
		0,
		0.117185,
		-0.661115,
		-0.453978,
		1
	},
	[1.2] = {
		0.995801,
		-0.010058,
		0.090987,
		0,
		0.091523,
		0.089518,
		-0.991771,
		0,
		0.00183,
		0.995934,
		0.090063,
		0,
		0.102714,
		-0.661762,
		-0.405552,
		1
	},
	[1.33333333333] = {
		0.999444,
		-0.022935,
		0.024185,
		0,
		0.025905,
		0.077911,
		-0.996624,
		0,
		0.020973,
		0.996697,
		0.078461,
		0,
		0.126189,
		-0.664484,
		-0.492435,
		1
	},
	[1.36666666667] = {
		0.999582,
		-0.024562,
		0.015249,
		0,
		0.017205,
		0.081514,
		-0.996524,
		0,
		0.023233,
		0.99637,
		0.081902,
		0,
		0.128291,
		-0.667276,
		-0.504294,
		1
	},
	[1.3] = {
		0.999104,
		-0.021011,
		0.036728,
		0,
		0.038197,
		0.074443,
		-0.996493,
		0,
		0.018203,
		0.997004,
		0.075179,
		0,
		0.122442,
		-0.662331,
		-0.475217,
		1
	},
	[1.43333333333] = {
		0.999555,
		-0.02822,
		0.009651,
		0,
		0.011859,
		0.079153,
		-0.996792,
		0,
		0.027366,
		0.996463,
		0.079452,
		0,
		0.12731,
		-0.673195,
		-0.507785,
		1
	},
	[1.46666666667] = {
		0.999506,
		-0.029943,
		0.009546,
		0,
		0.011796,
		0.075865,
		-0.997048,
		0,
		0.02913,
		0.996668,
		0.076181,
		0,
		0.126022,
		-0.675407,
		-0.505604,
		1
	},
	[1.4] = {
		0.999601,
		-0.02625,
		0.010437,
		0,
		0.012571,
		0.082513,
		-0.996511,
		0,
		0.025297,
		0.996244,
		0.08281,
		0,
		0.128614,
		-0.670327,
		-0.509462,
		1
	},
	[1.5] = {
		0.999468,
		-0.031191,
		0.009529,
		0,
		0.011817,
		0.074031,
		-0.997186,
		0,
		0.030398,
		0.996768,
		0.07436,
		0,
		0.125128,
		-0.676612,
		-0.50438,
		1
	}
}

return spline_matrices
