-- chunkname: @content/characters/player/human/first_person/animations/2h_chain_sword/attack_down_right.lua

local spline_matrices = {
	[0.0166666666667] = {
		0.778011,
		-0.107616,
		0.618965,
		0,
		0.078346,
		-0.96091,
		-0.265544,
		0,
		0.623346,
		0.25509,
		-0.739167,
		0,
		-0.295122,
		-0.633855,
		-0.751065,
		1
	},
	[0.0333333333333] = {
		0.778252,
		-0.107374,
		0.618703,
		0,
		0.078551,
		-0.960887,
		-0.265567,
		0,
		0.623019,
		0.255279,
		-0.739378,
		0,
		-0.29518,
		-0.633949,
		-0.750964,
		1
	},
	[0.05] = {
		0.778635,
		-0.106995,
		0.618287,
		0,
		0.078874,
		-0.96085,
		-0.265604,
		0,
		0.6225,
		0.255576,
		-0.739713,
		0,
		-0.295276,
		-0.634095,
		-0.750802,
		1
	},
	[0.0666666666667] = {
		0.779144,
		-0.106495,
		0.617732,
		0,
		0.079296,
		-0.960802,
		-0.265654,
		0,
		0.621809,
		0.255967,
		-0.740159,
		0,
		-0.295407,
		-0.634288,
		-0.750587,
		1
	},
	[0.0833333333333] = {
		0.813356,
		-0.117035,
		0.569873,
		0,
		0.033303,
		-0.968583,
		-0.246449,
		0,
		0.580812,
		0.219429,
		-0.783906,
		0,
		-0.312709,
		-0.565376,
		-0.558071,
		1
	},
	[0] = {
		0.777927,
		-0.1077,
		0.619056,
		0,
		0.078274,
		-0.960918,
		-0.265537,
		0,
		0.62346,
		0.255024,
		-0.739094,
		0,
		-0.295102,
		-0.633823,
		-0.751101,
		1
	},
	[0.116666666667] = {
		0.920502,
		-0.042939,
		0.388372,
		0,
		-0.159108,
		-0.948999,
		0.272186,
		0,
		0.356877,
		-0.312341,
		-0.880387,
		0,
		-0.304005,
		-0.204489,
		0.091572,
		1
	},
	[0.133333333333] = {
		0.926509,
		0.108497,
		0.360292,
		0,
		-0.154048,
		-0.764227,
		0.62628,
		0,
		0.343295,
		-0.635756,
		-0.691349,
		0,
		-0.262991,
		-0.054017,
		0.175222,
		1
	},
	[0.15] = {
		0.937602,
		0.165225,
		0.305946,
		0,
		-0.158059,
		-0.581202,
		0.798262,
		0,
		0.309709,
		-0.796809,
		-0.518821,
		0,
		-0.258168,
		0.026054,
		0.202279,
		1
	},
	[0.166666666667] = {
		0.967279,
		0.119192,
		0.223975,
		0,
		-0.153233,
		-0.429145,
		0.890143,
		0,
		0.202216,
		-0.895337,
		-0.396839,
		0,
		-0.255151,
		0.075053,
		0.210992,
		1
	},
	[0.183333333333] = {
		0.986009,
		0.034255,
		0.163136,
		0,
		-0.145407,
		-0.301792,
		0.94222,
		0,
		0.081509,
		-0.952758,
		-0.292589,
		0,
		-0.248453,
		0.115746,
		0.212041,
		1
	},
	[0.1] = {
		0.877462,
		-0.11675,
		0.465221,
		0,
		-0.082062,
		-0.992164,
		-0.094212,
		0,
		0.472575,
		0.04449,
		-0.880167,
		0,
		-0.331676,
		-0.399369,
		-0.179368,
		1
	},
	[0.216666666667] = {
		0.981619,
		-0.160884,
		0.102666,
		0,
		-0.092746,
		0.068021,
		0.993364,
		0,
		-0.166799,
		-0.984627,
		0.051849,
		0,
		-0.215929,
		0.251594,
		0.207981,
		1
	},
	[0.233333333333] = {
		0.954639,
		-0.247738,
		0.165197,
		0,
		-0.084527,
		0.306502,
		0.94811,
		0,
		-0.285516,
		-0.919066,
		0.271658,
		0,
		-0.193012,
		0.33933,
		0.199888,
		1
	},
	[0.25] = {
		0.921611,
		-0.260491,
		0.28771,
		0,
		-0.095845,
		0.565589,
		0.819099,
		0,
		-0.376093,
		-0.782466,
		0.496287,
		0,
		-0.162111,
		0.427892,
		0.177191,
		1
	},
	[0.266666666667] = {
		0.905823,
		-0.183816,
		0.381703,
		0,
		-0.078303,
		0.812808,
		0.577245,
		0,
		-0.416358,
		-0.55277,
		0.721866,
		0,
		-0.119207,
		0.510778,
		0.127414,
		1
	},
	[0.283333333333] = {
		0.892343,
		-0.07064,
		0.445796,
		0,
		0.041267,
		0.996309,
		0.075269,
		0,
		-0.449468,
		-0.048769,
		0.891964,
		0,
		-0.067781,
		0.588703,
		0.038595,
		1
	},
	[0.2] = {
		0.991341,
		-0.060058,
		0.116777,
		0,
		-0.124428,
		-0.145394,
		0.981518,
		0,
		-0.04197,
		-0.987549,
		-0.151608,
		0,
		-0.234957,
		0.172269,
		0.210914,
		1
	},
	[0.316666666667] = {
		0.910212,
		-0.045067,
		0.411684,
		0,
		0.305206,
		0.74492,
		-0.593248,
		0,
		-0.279936,
		0.665629,
		0.69179,
		0,
		0.038868,
		0.728326,
		-0.19097,
		1
	},
	[0.333333333333] = {
		0.912054,
		-0.024797,
		0.409319,
		0,
		0.325374,
		0.651269,
		-0.685551,
		0,
		-0.249577,
		0.758441,
		0.602061,
		0,
		0.086632,
		0.772496,
		-0.307931,
		1
	},
	[0.35] = {
		0.900305,
		-0.00911,
		0.435163,
		0,
		0.38374,
		0.48844,
		-0.78369,
		0,
		-0.205412,
		0.87255,
		0.443241,
		0,
		0.147197,
		0.775598,
		-0.410137,
		1
	},
	[0.366666666667] = {
		0.876492,
		-0.020328,
		0.480987,
		0,
		0.460059,
		0.329652,
		-0.824424,
		0,
		-0.141799,
		0.943884,
		0.298289,
		0,
		0.212645,
		0.777172,
		-0.504308,
		1
	},
	[0.383333333333] = {
		0.850791,
		0.010686,
		0.525395,
		0,
		0.519023,
		0.139446,
		-0.843309,
		0,
		-0.082276,
		0.990172,
		0.113094,
		0,
		0.294185,
		0.784392,
		-0.623385,
		1
	},
	[0.3] = {
		0.8924,
		-0.039817,
		0.449486,
		0,
		0.248081,
		0.875349,
		-0.414993,
		0,
		-0.376933,
		0.481848,
		0.791039,
		0,
		-0.011827,
		0.659224,
		-0.074158,
		1
	},
	[0.416666666667] = {
		0.919466,
		-0.112369,
		0.376769,
		0,
		0.354398,
		-0.178075,
		-0.917982,
		0,
		0.170246,
		0.97758,
		-0.123911,
		0,
		0.262599,
		0.679045,
		-0.748082,
		1
	},
	[0.433333333333] = {
		0.931132,
		-0.246686,
		0.268589,
		0,
		0.17366,
		-0.3477,
		-0.921383,
		0,
		0.320681,
		0.904572,
		-0.280915,
		0,
		0.187811,
		0.597639,
		-0.751383,
		1
	},
	[0.45] = {
		0.876214,
		-0.327137,
		0.353879,
		0,
		-0.073547,
		-0.816477,
		-0.572674,
		0,
		0.476277,
		0.475759,
		-0.739469,
		0,
		0.125224,
		0.539265,
		-0.746705,
		1
	},
	[0.466666666667] = {
		0.772366,
		-0.252276,
		0.58293,
		0,
		-0.214129,
		-0.967436,
		-0.134966,
		0,
		0.597996,
		-0.020579,
		-0.801235,
		0,
		0.059238,
		0.479033,
		-0.743719,
		1
	},
	[0.483333333333] = {
		0.783473,
		-0.259123,
		0.564823,
		0,
		-0.213046,
		-0.965833,
		-0.147575,
		0,
		0.583764,
		-0.004712,
		-0.81191,
		0,
		0.055611,
		0.435991,
		-0.744566,
		1
	},
	[0.4] = {
		0.864683,
		0.011722,
		0.502182,
		0,
		0.501727,
		-0.068645,
		-0.862298,
		0,
		0.024365,
		0.997572,
		-0.065238,
		0,
		0.341393,
		0.764763,
		-0.718038,
		1
	},
	[0.516666666667] = {
		0.805003,
		-0.318711,
		0.500393,
		0,
		-0.236393,
		-0.945915,
		-0.222179,
		0,
		0.544141,
		0.060565,
		-0.836805,
		0,
		0.052821,
		0.352562,
		-0.746951,
		1
	},
	[0.533333333333] = {
		0.812002,
		-0.360683,
		0.458868,
		0,
		-0.256615,
		-0.926757,
		-0.274355,
		0,
		0.524214,
		0.105024,
		-0.845085,
		0,
		0.055639,
		0.313988,
		-0.74822,
		1
	},
	[0.55] = {
		0.816329,
		-0.403696,
		0.413081,
		0,
		-0.279156,
		-0.901867,
		-0.32971,
		0,
		0.505647,
		0.153838,
		-0.848914,
		0,
		0.060376,
		0.278716,
		-0.749436,
		1
	},
	[0.566666666667] = {
		0.819335,
		-0.44304,
		0.363877,
		0,
		-0.301897,
		-0.872973,
		-0.383115,
		0,
		0.48739,
		0.204045,
		-0.849009,
		0,
		0.06471,
		0.247655,
		-0.750617,
		1
	},
	[0.583333333333] = {
		0.821784,
		-0.474976,
		0.314751,
		0,
		-0.322328,
		-0.843023,
		-0.430601,
		0,
		0.469868,
		0.252408,
		-0.845881,
		0,
		0.067978,
		0.221706,
		-0.751669,
		1
	},
	[0.5] = {
		0.794964,
		-0.283049,
		0.536578,
		0,
		-0.221034,
		-0.958826,
		-0.178316,
		0,
		0.564957,
		0.023153,
		-0.824795,
		0,
		0.053142,
		0.393531,
		-0.745684,
		1
	},
	[0.616666666667] = {
		0.830041,
		-0.506597,
		0.233219,
		0,
		-0.346919,
		-0.796438,
		-0.495312,
		0,
		0.436668,
		0.330221,
		-0.836824,
		0,
		0.06866,
		0.188757,
		-0.753023,
		1
	},
	[0.633333333333] = {
		0.838632,
		-0.503015,
		0.208979,
		0,
		-0.346835,
		-0.788962,
		-0.507194,
		0,
		0.420003,
		0.352867,
		-0.836111,
		0,
		0.064757,
		0.183564,
		-0.753172,
		1
	},
	[0.65] = {
		0.849478,
		-0.49163,
		0.191538,
		0,
		-0.341425,
		-0.788965,
		-0.510845,
		0,
		0.402264,
		0.368555,
		-0.838064,
		0,
		0.059203,
		0.182579,
		-0.753137,
		1
	},
	[0.666666666667] = {
		0.860572,
		-0.47899,
		0.173161,
		0,
		-0.335665,
		-0.789066,
		-0.514494,
		0,
		0.383073,
		0.384635,
		-0.839828,
		0,
		0.053823,
		0.181577,
		-0.753147,
		1
	},
	[0.683333333333] = {
		0.871783,
		-0.46508,
		0.153936,
		0,
		-0.329572,
		-0.789266,
		-0.518113,
		0,
		0.36246,
		0.400949,
		-0.841346,
		0,
		0.048602,
		0.180552,
		-0.753201,
		1
	},
	[0.6] = {
		0.824878,
		-0.496781,
		0.269785,
		0,
		-0.338066,
		-0.815988,
		-0.468908,
		0,
		0.453086,
		0.295587,
		-0.841036,
		0,
		0.069514,
		0.201773,
		-0.752499,
		1
	},
	[0.716666666667] = {
		0.894023,
		-0.433459,
		0.113301,
		0,
		-0.316461,
		-0.789979,
		-0.525152,
		0,
		0.317137,
		0.433643,
		-0.843432,
		0,
		0.038565,
		0.178964,
		-0.753415,
		1
	},
	[0.733333333333] = {
		0.90479,
		-0.415787,
		0.092068,
		0,
		-0.309483,
		-0.790494,
		-0.528526,
		0,
		0.292534,
		0.449711,
		-0.84391,
		0,
		0.033718,
		0.178517,
		-0.753568,
		1
	},
	[0.75] = {
		0.915152,
		-0.396924,
		0.070343,
		0,
		-0.302251,
		-0.791114,
		-0.531774,
		0,
		0.266724,
		0.465392,
		-0.84396,
		0,
		0.028966,
		0.178285,
		-0.753751,
		1
	},
	[0.766666666667] = {
		0.924987,
		-0.376928,
		0.048211,
		0,
		-0.294791,
		-0.791835,
		-0.53488,
		0,
		0.239786,
		0.480545,
		-0.843552,
		0,
		0.024296,
		0.178255,
		-0.753963,
		1
	},
	[0.783333333333] = {
		0.934181,
		-0.35587,
		0.025755,
		0,
		-0.287128,
		-0.792652,
		-0.537829,
		0,
		0.211812,
		0.495034,
		-0.842661,
		0,
		0.019693,
		0.178415,
		-0.754203,
		1
	},
	[0.7] = {
		0.882977,
		-0.449898,
		0.133953,
		0,
		-0.323165,
		-0.78957,
		-0.521674,
		0,
		0.340465,
		0.417337,
		-0.842563,
		0,
		0.043521,
		0.179638,
		-0.753293,
		1
	},
	[0.816666666667] = {
		0.950227,
		-0.310928,
		-0.019802,
		0,
		-0.271309,
		-0.794552,
		-0.543211,
		0,
		0.153165,
		0.521547,
		-0.839362,
		0,
		0.010632,
		0.179249,
		-0.754762,
		1
	},
	[0.833333333333] = {
		0.956899,
		-0.287259,
		-0.042749,
		0,
		-0.263218,
		-0.795617,
		-0.545628,
		0,
		0.122725,
		0.533363,
		-0.836936,
		0,
		0.006146,
		0.179896,
		-0.755076,
		1
	},
	[0.85] = {
		0.962568,
		-0.262955,
		-0.06571,
		0,
		-0.255055,
		-0.796744,
		-0.547856,
		0,
		0.091707,
		0.544108,
		-0.833988,
		0,
		0.00167,
		0.180677,
		-0.75541,
		1
	},
	[0.866666666667] = {
		0.967177,
		-0.238152,
		-0.088616,
		0,
		-0.246859,
		-0.797923,
		-0.549891,
		0,
		0.060249,
		0.553717,
		-0.830522,
		0,
		-0.002809,
		0.181579,
		-0.755761,
		1
	},
	[0.883333333333] = {
		0.970682,
		-0.212994,
		-0.1114,
		0,
		-0.238673,
		-0.79914,
		-0.551734,
		0,
		0.028492,
		0.562146,
		-0.826547,
		0,
		-0.007307,
		0.182587,
		-0.756123,
		1
	},
	[0.8] = {
		0.942626,
		-0.333836,
		0.003058,
		0,
		-0.27929,
		-0.793561,
		-0.540609,
		0,
		0.182901,
		0.508739,
		-0.841268,
		0,
		0.015143,
		0.178751,
		-0.75447,
		1
	},
	[0.916666666667] = {
		0.97436,
		-0.162235,
		-0.155891,
		0,
		-0.222266,
		-0.801637,
		-0.554956,
		0,
		-0.034934,
		0.575376,
		-0.817142,
		0,
		-0.016054,
		0.184864,
		-0.756876,
		1
	},
	[0.933333333333] = {
		0.974578,
		-0.13695,
		-0.17732,
		0,
		-0.214053,
		-0.80289,
		-0.556371,
		0,
		-0.066173,
		0.580183,
		-0.811794,
		0,
		-0.020206,
		0.186104,
		-0.757264,
		1
	},
	[0.95] = {
		0.973771,
		-0.111939,
		-0.198093,
		0,
		-0.205882,
		-0.80413,
		-0.557662,
		0,
		-0.096869,
		0.583818,
		-0.806085,
		0,
		-0.024198,
		0.187391,
		-0.757657,
		1
	},
	[0.966666666667] = {
		0.972001,
		-0.087357,
		-0.218133,
		0,
		-0.19779,
		-0.805347,
		-0.558834,
		0,
		-0.126855,
		0.586332,
		-0.800076,
		0,
		-0.02802,
		0.188711,
		-0.758053,
		1
	},
	[0.983333333333] = {
		0.969351,
		-0.063358,
		-0.237369,
		0,
		-0.189819,
		-0.806529,
		-0.559893,
		0,
		-0.155971,
		0.58779,
		-0.793836,
		0,
		-0.031664,
		0.190049,
		-0.758451,
		1
	},
	[0.9] = {
		0.973071,
		-0.187636,
		-0.133889,
		0,
		-0.230483,
		-0.800383,
		-0.553412,
		0,
		-0.003322,
		0.569368,
		-0.822076,
		0,
		-0.011752,
		0.183687,
		-0.756496,
		1
	},
	[1.01666666667] = {
		0.961805,
		-0.017701,
		-0.273164,
		0,
		-0.174411,
		-0.808755,
		-0.561691,
		0,
		-0.21098,
		0.58788,
		-0.780951,
		0,
		-0.038383,
		0.192717,
		-0.759244,
		1
	},
	[1.03333333333] = {
		0.95714,
		0.003678,
		-0.289602,
		0,
		-0.167065,
		-0.809785,
		-0.562439,
		0,
		-0.236584,
		0.586715,
		-0.774463,
		0,
		-0.041441,
		0.194018,
		-0.759635,
		1
	},
	[1.05] = {
		0.952054,
		0.023884,
		-0.304997,
		0,
		-0.160022,
		-0.810813,
		-0.563005,
		0,
		-0.260742,
		0.584817,
		-0.768116,
		0,
		-0.044287,
		0.195194,
		-0.76004,
		1
	},
	[1.06666666667] = {
		0.946686,
		0.042761,
		-0.319308,
		0,
		-0.153331,
		-0.811887,
		-0.56332,
		0,
		-0.28333,
		0.582247,
		-0.762045,
		0,
		-0.046914,
		0.196164,
		-0.760474,
		1
	},
	[1.08333333333] = {
		0.941182,
		0.060197,
		-0.332496,
		0,
		-0.14704,
		-0.812989,
		-0.563408,
		0,
		-0.304231,
		0.579159,
		-0.756319,
		0,
		-0.049313,
		0.196932,
		-0.760929,
		1
	},
	{
		0.965916,
		-0.040091,
		-0.255733,
		0,
		-0.182011,
		-0.807667,
		-0.560844,
		0,
		-0.184062,
		0.588274,
		-0.787435,
		0,
		-0.035121,
		0.191389,
		-0.758849,
		1
	},
	[1.11666666667] = {
		0.930363,
		0.090344,
		-0.355334,
		0,
		-0.13586,
		-0.815221,
		-0.56299,
		0,
		-0.340538,
		0.572061,
		-0.746177,
		0,
		-0.053397,
		0.197875,
		-0.761875,
		1
	},
	[1.13333333333] = {
		0.925348,
		0.102875,
		-0.364895,
		0,
		-0.131069,
		-0.816323,
		-0.562529,
		0,
		-0.355742,
		0.568361,
		-0.741899,
		0,
		-0.055067,
		0.198059,
		-0.762349,
		1
	},
	[1.15] = {
		0.920789,
		0.113603,
		-0.373153,
		0,
		-0.126876,
		-0.817398,
		-0.561928,
		0,
		-0.368851,
		0.564761,
		-0.738237,
		0,
		-0.056478,
		0.198058,
		-0.762812,
		1
	},
	[1.16666666667] = {
		0.916823,
		0.122453,
		-0.380054,
		0,
		-0.123329,
		-0.818433,
		-0.56121,
		0,
		-0.379771,
		0.561402,
		-0.735256,
		0,
		-0.057624,
		0.197875,
		-0.763257,
		1
	},
	[1.18333333333] = {
		0.913578,
		0.129354,
		-0.385541,
		0,
		-0.120472,
		-0.819416,
		-0.560396,
		0,
		-0.388408,
		0.558412,
		-0.733017,
		0,
		-0.058496,
		0.197516,
		-0.763673,
		1
	},
	[1.1] = {
		0.935691,
		0.076089,
		-0.344519,
		0,
		-0.1412,
		-0.814105,
		-0.56329,
		0,
		-0.323335,
		0.575711,
		-0.751007,
		0,
		-0.051477,
		0.197501,
		-0.761399,
		1
	},
	[1.21666666667] = {
		0.909653,
		0.137026,
		-0.392118,
		0,
		-0.117072,
		-0.821169,
		-0.558548,
		0,
		-0.39853,
		0.553991,
		-0.730936,
		0,
		-0.059479,
		0.196286,
		-0.764381,
		1
	},
	[1.23333333333] = {
		0.909136,
		0.137651,
		-0.393095,
		0,
		-0.116632,
		-0.821907,
		-0.557553,
		0,
		-0.399835,
		0.552739,
		-0.731171,
		0,
		-0.059603,
		0.195427,
		-0.764653,
		1
	},
	[1.2] = {
		0.911159,
		0.134235,
		-0.389576,
		0,
		-0.118367,
		-0.820333,
		-0.559502,
		0,
		-0.394687,
		0.555909,
		-0.731565,
		0,
		-0.059109,
		0.196984,
		-0.764052,
		1
	}
}

return spline_matrices
