local spline_matrices = {
	[0] = {
		0.604733,
		-0.000929,
		0.796428,
		0,
		0.79263,
		-0.096845,
		-0.601962,
		0,
		0.077689,
		0.995299,
		-0.05783,
		0,
		0.092091,
		0.289451,
		-0.567939,
		1
	},
	{
		0.994354,
		0.075418,
		-0.074645,
		0,
		-0.085837,
		0.158129,
		-0.98368,
		0,
		-0.062384,
		0.984534,
		0.16371,
		0,
		0.071099,
		0.513326,
		-0.164758,
		1
	},
	[0.0333333333333] = {
		0.604918,
		-0.00148,
		0.796286,
		0,
		0.792617,
		-0.094787,
		-0.602307,
		0,
		0.076369,
		0.995496,
		-0.056166,
		0,
		0.092951,
		0.247451,
		-0.560718,
		1
	},
	[0.0666666666667] = {
		0.605393,
		-0.00245,
		0.795923,
		0,
		0.792582,
		-0.08972,
		-0.603128,
		0,
		0.072888,
		0.995964,
		-0.052374,
		0,
		0.095983,
		0.137289,
		-0.541479,
		1
	},
	[0.133333333333] = {
		0.606716,
		-0.002022,
		0.794916,
		0,
		0.792471,
		-0.076865,
		-0.605046,
		0,
		0.062325,
		0.997039,
		-0.045033,
		0,
		0.111682,
		-0.191875,
		-0.47972,
		1
	},
	[0.166666666667] = {
		0.607465,
		-0.001903,
		0.794344,
		0,
		0.792322,
		-0.069897,
		-0.606086,
		0,
		0.056676,
		0.997552,
		-0.040952,
		0,
		0.124335,
		-0.36045,
		-0.441833,
		1
	},
	[0.1] = {
		0.606033,
		-0.002819,
		0.795435,
		0,
		0.792531,
		-0.083305,
		-0.604115,
		0,
		0.067967,
		0.99652,
		-0.048252,
		0,
		0.102065,
		-0.017239,
		-0.513684,
		1
	},
	[0.233333333333] = {
		0.609135,
		-0.002305,
		0.793063,
		0,
		0.791641,
		-0.058163,
		-0.608212,
		0,
		0.047529,
		0.998304,
		-0.033605,
		0,
		0.14773,
		-0.727098,
		-0.360246,
		1
	},
	[0.266666666667] = {
		0.674738,
		0.005777,
		0.738035,
		0,
		0.737918,
		-0.02473,
		-0.674437,
		0,
		0.014355,
		0.999677,
		-0.02095,
		0,
		0.162539,
		-0.705157,
		-0.26517,
		1
	},
	[0.2] = {
		0.608344,
		-0.002216,
		0.79367,
		0,
		0.791986,
		-0.063482,
		-0.60723,
		0,
		0.051729,
		0.997981,
		-0.036864,
		0,
		0.137684,
		-0.521556,
		-0.401674,
		1
	},
	[0.333333333333] = {
		0.960328,
		0.057222,
		0.272939,
		0,
		0.263762,
		0.131429,
		-0.955592,
		0,
		-0.090553,
		0.989673,
		0.111122,
		0,
		0.155393,
		0.211248,
		-0.216849,
		1
	},
	[0.366666666667] = {
		0.889269,
		0.04308,
		0.455352,
		0,
		0.451479,
		0.076798,
		-0.888971,
		0,
		-0.073267,
		0.996116,
		0.048845,
		0,
		0.082537,
		0.429992,
		-0.116112,
		1
	},
	[0.3] = {
		0.907757,
		0.036169,
		0.417935,
		0,
		0.412424,
		0.105229,
		-0.904894,
		0,
		-0.076708,
		0.99379,
		0.080605,
		0,
		0.177165,
		-0.221452,
		-0.21818,
		1
	},
	[0.433333333333] = {
		0.874964,
		0.00499,
		0.484163,
		0,
		0.482336,
		0.078411,
		-0.87247,
		0,
		-0.042317,
		0.996909,
		0.0662,
		0,
		0.045236,
		0.620698,
		-0.104418,
		1
	},
	[0.466666666667] = {
		0.874045,
		0.007463,
		0.485788,
		0,
		0.484058,
		0.072322,
		-0.872042,
		0,
		-0.041641,
		0.997353,
		0.0596,
		0,
		0.052887,
		0.612718,
		-0.098547,
		1
	},
	[0.4] = {
		0.871363,
		-0.020279,
		0.49022,
		0,
		0.490439,
		0.064578,
		-0.86908,
		0,
		-0.014033,
		0.997707,
		0.066217,
		0,
		0.055454,
		0.622245,
		-0.112522,
		1
	},
	[0.533333333333] = {
		0.831925,
		-0.011888,
		0.554761,
		0,
		0.553784,
		0.080834,
		-0.828727,
		0,
		-0.034992,
		0.996657,
		0.073831,
		0,
		0.05556,
		0.593873,
		-0.099197,
		1
	},
	[0.566666666667] = {
		0.815421,
		-0.016206,
		0.578641,
		0,
		0.577717,
		0.08577,
		-0.811718,
		0,
		-0.036475,
		0.996183,
		0.079301,
		0,
		0.054435,
		0.588875,
		-0.099598,
		1
	},
	[0.5] = {
		0.859637,
		-0.002553,
		0.510898,
		0,
		0.509639,
		0.074645,
		-0.857144,
		0,
		-0.035948,
		0.997207,
		0.065469,
		0,
		0.056497,
		0.602652,
		-0.098768,
		1
	},
	[0.633333333333] = {
		0.823488,
		-0.013221,
		0.567179,
		0,
		0.565777,
		0.093142,
		-0.819281,
		0,
		-0.041997,
		0.995565,
		0.084181,
		0,
		0.051674,
		0.58589,
		-0.101325,
		1
	},
	[0.666666666667] = {
		0.833365,
		-0.011398,
		0.552605,
		0,
		0.551002,
		0.095963,
		-0.828968,
		0,
		-0.043581,
		0.99532,
		0.086253,
		0,
		0.049165,
		0.585201,
		-0.102479,
		1
	},
	[0.6] = {
		0.817003,
		-0.014918,
		0.57644,
		0,
		0.575284,
		0.089435,
		-0.81305,
		0,
		-0.039425,
		0.995881,
		0.081651,
		0,
		0.053435,
		0.587067,
		-0.100246,
		1
	},
	[0.733333333333] = {
		0.85624,
		-0.008758,
		0.516504,
		0,
		0.514841,
		0.096402,
		-0.851848,
		0,
		-0.042331,
		0.995304,
		0.087052,
		0,
		0.043248,
		0.584742,
		-0.104246,
		1
	},
	[0.766666666667] = {
		0.867234,
		-0.008625,
		0.497825,
		0,
		0.496378,
		0.093104,
		-0.8631,
		0,
		-0.038905,
		0.995619,
		0.085024,
		0,
		0.04057,
		0.584629,
		-0.104386,
		1
	},
	[0.7] = {
		0.84477,
		-0.009779,
		0.53504,
		0,
		0.533337,
		0.097146,
		-0.840306,
		0,
		-0.043759,
		0.995222,
		0.087281,
		0,
		0.046238,
		0.584863,
		-0.103492,
		1
	},
	[0.833333333333] = {
		0.877819,
		-0.008948,
		0.478908,
		0,
		0.478123,
		0.076559,
		-0.87495,
		0,
		-0.028836,
		0.997025,
		0.071483,
		0,
		0.03651,
		0.593312,
		-0.096407,
		1
	},
	[0.866666666667] = {
		0.884641,
		-0.007397,
		0.466214,
		0,
		0.465639,
		0.066142,
		-0.8825,
		0,
		-0.024308,
		0.997783,
		0.061956,
		0,
		0.035577,
		0.600866,
		-0.090002,
		1
	},
	[0.8] = {
		0.874013,
		-0.008986,
		0.48582,
		0,
		0.484706,
		0.086249,
		-0.870414,
		0,
		-0.03408,
		0.996233,
		0.079738,
		0,
		0.038263,
		0.587081,
		-0.101882,
		1
	},
	[0.933333333333] = {
		0.923659,
		0.002258,
		0.383208,
		0,
		0.382518,
		0.054833,
		-0.92232,
		0,
		-0.023095,
		0.998493,
		0.049783,
		0,
		0.037649,
		0.610376,
		-0.085717,
		1
	},
	[0.966666666667] = {
		0.998697,
		0.05036,
		-0.008242,
		0,
		-0.013557,
		0.106113,
		-0.994262,
		0,
		-0.049196,
		0.993078,
		0.106657,
		0,
		0.047627,
		0.54696,
		-0.126927,
		1
	},
	[0.9] = {
		0.898881,
		-0.003486,
		0.438179,
		0,
		0.437636,
		0.057528,
		-0.89731,
		0,
		-0.02208,
		0.998338,
		0.053237,
		0,
		0.035859,
		0.607285,
		-0.085264,
		1
	},
	[1.03333333333] = {
		0.993363,
		0.041889,
		0.107123,
		0,
		0.098379,
		0.173116,
		-0.979976,
		0,
		-0.059595,
		0.98401,
		0.167846,
		0,
		0.088406,
		0.37088,
		-0.191029,
		1
	},
	[1.06666666667] = {
		0.958807,
		0.002859,
		0.284043,
		0,
		0.278993,
		0.178496,
		-0.943558,
		0,
		-0.053398,
		0.983936,
		0.170346,
		0,
		0.104279,
		0.1648,
		-0.222555,
		1
	},
	[1.13333333333] = {
		0.996416,
		-0.009469,
		0.084056,
		0,
		0.084549,
		0.081452,
		-0.993085,
		0,
		0.002557,
		0.996632,
		0.08196,
		0,
		0.131457,
		-0.501319,
		-0.325383,
		1
	},
	[1.16666666667] = {
		0.999827,
		-0.013292,
		0.013014,
		0,
		0.013651,
		0.048975,
		-0.998707,
		0,
		0.012637,
		0.998712,
		0.049148,
		0,
		0.136689,
		-0.663457,
		-0.350295,
		1
	},
	[1.1] = {
		0.976689,
		-0.00226,
		0.214645,
		0,
		0.212768,
		0.142558,
		-0.966647,
		0,
		-0.028415,
		0.989784,
		0.139715,
		0,
		0.118806,
		-0.154782,
		-0.272284,
		1
	},
	[1.23333333333] = {
		0.999809,
		-0.015359,
		0.012047,
		0,
		0.012921,
		0.058122,
		-0.998226,
		0,
		0.014632,
		0.998191,
		0.05831,
		0,
		0.134973,
		-0.663356,
		-0.350578,
		1
	},
	[1.26666666667] = {
		0.999786,
		-0.017154,
		0.011529,
		0,
		0.01264,
		0.066101,
		-0.997733,
		0,
		0.016353,
		0.997665,
		0.066303,
		0,
		0.133584,
		-0.664181,
		-0.35,
		1
	},
	[1.2] = {
		0.999823,
		-0.014022,
		0.012549,
		0,
		0.013258,
		0.051632,
		-0.998578,
		0,
		0.013354,
		0.998568,
		0.051809,
		0,
		0.13604,
		-0.663198,
		-0.350477,
		1
	},
	[1.33333333333] = {
		0.999712,
		-0.021548,
		0.010562,
		0,
		0.01224,
		0.079313,
		-0.996775,
		0,
		0.020641,
		0.996617,
		0.079554,
		0,
		0.130233,
		-0.667971,
		-0.345817,
		1
	},
	[1.36666666667] = {
		0.999663,
		-0.023889,
		0.01016,
		0,
		0.012104,
		0.082704,
		-0.996501,
		0,
		0.022965,
		0.996288,
		0.082965,
		0,
		0.128465,
		-0.670394,
		-0.342886,
		1
	},
	[1.3] = {
		0.999754,
		-0.01926,
		0.011027,
		0,
		0.012415,
		0.073472,
		-0.99722,
		0,
		0.018396,
		0.997111,
		0.073693,
		0,
		0.131972,
		-0.66581,
		-0.348301,
		1
	},
	[1.43333333333] = {
		0.999555,
		-0.02822,
		0.009651,
		0,
		0.011859,
		0.079153,
		-0.996792,
		0,
		0.027366,
		0.996463,
		0.079452,
		0,
		0.125241,
		-0.674975,
		-0.337062,
		1
	},
	[1.46666666667] = {
		0.999506,
		-0.029943,
		0.009546,
		0,
		0.011796,
		0.075865,
		-0.997048,
		0,
		0.02913,
		0.996668,
		0.076181,
		0,
		0.123985,
		-0.676625,
		-0.334876,
		1
	},
	[1.4] = {
		0.999609,
		-0.026156,
		0.009851,
		0,
		0.011985,
		0.082721,
		-0.996501,
		0,
		0.02525,
		0.996229,
		0.083003,
		0,
		0.126768,
		-0.672815,
		-0.339851,
		1
	},
	[1.5] = {
		0.999468,
		-0.031191,
		0.009529,
		0,
		0.011817,
		0.074031,
		-0.997186,
		0,
		0.030398,
		0.996768,
		0.07436,
		0,
		0.123102,
		-0.677515,
		-0.33365,
		1
	}
}

return spline_matrices
