local spline_matrices = {
	[0] = {
		0.777927,
		-0.1077,
		0.619056,
		0,
		0.078274,
		-0.960918,
		-0.265537,
		0,
		0.62346,
		0.255024,
		-0.739094,
		0,
		-0.295102,
		-0.633823,
		-0.751101,
		1
	},
	{
		0.98141,
		0.006752,
		-0.191806,
		0,
		-0.107881,
		-0.807149,
		-0.580408,
		0,
		-0.158735,
		0.59031,
		-0.791415,
		0,
		-0.044826,
		0.190826,
		-0.758853,
		1
	},
	[0.0333333333333] = {
		0.778252,
		-0.107374,
		0.618703,
		0,
		0.078551,
		-0.960887,
		-0.265567,
		0,
		0.623019,
		0.255279,
		-0.739378,
		0,
		-0.29518,
		-0.633949,
		-0.750964,
		1
	},
	[0.0666666666667] = {
		0.779144,
		-0.106495,
		0.617732,
		0,
		0.079296,
		-0.960802,
		-0.265654,
		0,
		0.621809,
		0.255967,
		-0.740159,
		0,
		-0.295407,
		-0.634288,
		-0.750587,
		1
	},
	[0.133333333333] = {
		0.926517,
		0.107451,
		0.360583,
		0,
		-0.153978,
		-0.766144,
		0.623951,
		0,
		0.343303,
		-0.633623,
		-0.6933,
		0,
		-0.262991,
		-0.054556,
		0.175055,
		1
	},
	[0.166666666667] = {
		0.967303,
		0.11806,
		0.22447,
		0,
		-0.153017,
		-0.434168,
		0.887741,
		0,
		0.202264,
		-0.893062,
		-0.401907,
		0,
		-0.255151,
		0.073857,
		0.211413,
		1
	},
	[0.1] = {
		0.877462,
		-0.117173,
		0.465115,
		0,
		-0.082062,
		-0.992078,
		-0.095113,
		0,
		0.472575,
		0.04529,
		-0.880126,
		0,
		-0.331676,
		-0.399206,
		-0.179731,
		1
	},
	[0.233333333333] = {
		0.958357,
		-0.236353,
		0.160277,
		0,
		-0.086938,
		0.293135,
		0.95211,
		0,
		-0.272017,
		-0.926396,
		0.26038,
		0,
		-0.190026,
		0.337508,
		0.20284,
		1
	},
	[0.266666666667] = {
		0.914268,
		-0.173534,
		0.36606,
		0,
		-0.083057,
		0.804117,
		0.588641,
		0,
		-0.396505,
		-0.568579,
		0.720765,
		0,
		-0.119207,
		0.509668,
		0.131783,
		1
	},
	[0.2] = {
		0.991371,
		-0.058931,
		0.117089,
		0,
		-0.124921,
		-0.154097,
		0.980127,
		0,
		-0.039716,
		-0.986297,
		-0.160129,
		0,
		-0.234293,
		0.170598,
		0.212257,
		1
	},
	[0.333333333333] = {
		0.871642,
		-0.066946,
		0.48555,
		0,
		0.416541,
		0.623284,
		-0.661823,
		0,
		-0.258329,
		0.779124,
		0.571167,
		0,
		0.133545,
		0.773175,
		-0.294577,
		1
	},
	[0.366666666667] = {
		0.844762,
		-0.021788,
		0.534698,
		0,
		0.513813,
		0.312297,
		-0.799041,
		0,
		-0.149575,
		0.949735,
		0.275012,
		0,
		0.238121,
		0.77802,
		-0.503449,
		1
	},
	[0.3] = {
		0.883426,
		-0.04187,
		0.466696,
		0,
		0.265691,
		0.865168,
		-0.425315,
		0,
		-0.385963,
		0.499731,
		0.775436,
		0,
		0.007357,
		0.66023,
		-0.079094,
		1
	},
	[0.433333333333] = {
		0.921676,
		-0.142259,
		0.360938,
		0,
		0.349674,
		-0.098389,
		-0.931691,
		0,
		0.168054,
		0.984927,
		-0.040938,
		0,
		0.200051,
		0.597319,
		-0.75517,
		1
	},
	[0.466666666667] = {
		0.798252,
		-0.009453,
		0.602249,
		0,
		0.188506,
		-0.945727,
		-0.264701,
		0,
		0.572065,
		0.324826,
		-0.753146,
		0,
		0.059238,
		0.47257,
		-0.747842,
		1
	},
	[0.4] = {
		0.863416,
		-0.008786,
		0.504415,
		0,
		0.501048,
		0.131559,
		-0.855361,
		0,
		-0.058845,
		0.991269,
		0.117992,
		0,
		0.33638,
		0.762529,
		-0.719207,
		1
	},
	[0.533333333333] = {
		0.78952,
		-0.206719,
		0.577863,
		0,
		0.016903,
		-0.933886,
		-0.357172,
		0,
		0.613492,
		0.291762,
		-0.733827,
		0,
		0.022476,
		0.294852,
		-0.750904,
		1
	},
	[0.566666666667] = {
		0.806968,
		-0.30241,
		0.507297,
		0,
		-0.036594,
		-0.882912,
		-0.46811,
		0,
		0.58946,
		0.359186,
		-0.723549,
		0,
		0.03113,
		0.227064,
		-0.753168,
		1
	},
	[0.5] = {
		0.765407,
		-0.12067,
		0.632132,
		0,
		0.059372,
		-0.964833,
		-0.256069,
		0,
		0.640802,
		0.233528,
		-0.731326,
		0,
		0.020956,
		0.376217,
		-0.7483,
		1
	},
	[0.633333333333] = {
		0.842165,
		-0.383029,
		0.379536,
		0,
		-0.100282,
		-0.802836,
		-0.587705,
		0,
		0.529813,
		0.456884,
		-0.714531,
		0,
		0.031874,
		0.162307,
		-0.755478,
		1
	},
	[0.666666666667] = {
		0.867289,
		-0.359453,
		0.344389,
		0,
		-0.099244,
		-0.802778,
		-0.587961,
		0,
		0.487812,
		0.475753,
		-0.731914,
		0,
		0.021955,
		0.161326,
		-0.755592,
		1
	},
	[0.6] = {
		0.8224,
		-0.370151,
		0.432026,
		0,
		-0.082044,
		-0.828619,
		-0.553768,
		0,
		0.562963,
		0.419974,
		-0.711825,
		0,
		0.036044,
		0.180377,
		-0.754806,
		1
	},
	[0.733333333333] = {
		0.918195,
		-0.30086,
		0.257686,
		0,
		-0.097849,
		-0.802609,
		-0.588425,
		0,
		0.383854,
		0.515075,
		-0.76639,
		0,
		0.004952,
		0.161721,
		-0.755925,
		1
	},
	[0.766666666667] = {
		0.941285,
		-0.266495,
		0.207274,
		0,
		-0.097635,
		-0.80258,
		-0.588501,
		0,
		0.323186,
		0.53371,
		-0.781476,
		0,
		-0.002485,
		0.163679,
		-0.756137,
		1
	},
	[0.7] = {
		0.893096,
		-0.331976,
		0.303599,
		0,
		-0.098409,
		-0.802689,
		-0.588223,
		0,
		0.438972,
		0.495462,
		-0.749547,
		0,
		0.013042,
		0.160913,
		-0.755745,
		1
	},
	[0.833333333333] = {
		0.977027,
		-0.190254,
		0.096033,
		0,
		-0.098537,
		-0.802833,
		-0.588005,
		0,
		0.188969,
		0.565034,
		-0.803136,
		0,
		-0.01606,
		0.170163,
		-0.756669,
		1
	},
	[0.866666666667] = {
		0.988022,
		-0.149812,
		0.036992,
		0,
		-0.099799,
		-0.803196,
		-0.587296,
		0,
		0.117695,
		0.576569,
		-0.808527,
		0,
		-0.022531,
		0.174242,
		-0.756988,
		1
	},
	[0.8] = {
		0.961213,
		-0.229406,
		0.153106,
		0,
		-0.097841,
		-0.802641,
		-0.588384,
		0,
		0.257868,
		0.550582,
		-0.793954,
		0,
		-0.009434,
		0.166567,
		-0.756385,
		1
	},
	[0.933333333333] = {
		0.994278,
		-0.068608,
		-0.081875,
		0,
		-0.103668,
		-0.804596,
		-0.584704,
		0,
		-0.025761,
		0.589846,
		-0.807105,
		0,
		-0.034829,
		0.18294,
		-0.757756,
		1
	},
	[0.966666666667] = {
		0.989908,
		-0.029733,
		-0.138559,
		0,
		-0.105775,
		-0.805709,
		-0.58279,
		0,
		-0.09431,
		0.591565,
		-0.800723,
		0,
		-0.040135,
		0.1871,
		-0.758253,
		1
	},
	[0.9] = {
		0.993783,
		-0.10895,
		-0.022909,
		0,
		-0.101632,
		-0.803771,
		-0.586193,
		0,
		0.045452,
		0.584877,
		-0.809847,
		0,
		-0.028928,
		0.178577,
		-0.757342,
		1
	},
	[1.03333333333] = {
		0.969807,
		0.039978,
		-0.240575,
		0,
		-0.109913,
		-0.808952,
		-0.577508,
		0,
		-0.217702,
		0.586514,
		-0.780133,
		0,
		-0.048886,
		0.193885,
		-0.75958,
		1
	},
	[1.06666666667] = {
		0.956339,
		0.069169,
		-0.283955,
		0,
		-0.111798,
		-0.811113,
		-0.574105,
		0,
		-0.27003,
		0.580785,
		-0.767967,
		0,
		-0.052303,
		0.196101,
		-0.760436,
		1
	},
	[1.13333333333] = {
		0.929384,
		0.113193,
		-0.35133,
		0,
		-0.114836,
		-0.815914,
		-0.566654,
		0,
		-0.350796,
		0.566984,
		-0.745299,
		0,
		-0.057165,
		0.198056,
		-0.762337,
		1
	},
	[1.16666666667] = {
		0.918724,
		0.127208,
		-0.37385,
		0,
		-0.115844,
		-0.818229,
		-0.563099,
		0,
		-0.377526,
		0.560641,
		-0.736991,
		0,
		-0.058591,
		0.197878,
		-0.763252,
		1
	},
	[1.1] = {
		0.942388,
		0.093726,
		-0.321125,
		0,
		-0.113463,
		-0.813489,
		-0.570405,
		0,
		-0.314693,
		0.573978,
		-0.755987,
		0,
		-0.055066,
		0.197478,
		-0.761376,
		1
	},
	[1.23333333333] = {
		0.909136,
		0.137651,
		-0.393095,
		0,
		-0.116632,
		-0.821907,
		-0.557553,
		0,
		-0.399835,
		0.552739,
		-0.731171,
		0,
		-0.059603,
		0.195427,
		-0.764653,
		1
	},
	[1.2] = {
		0.911658,
		0.135465,
		-0.387981,
		0,
		-0.116431,
		-0.820278,
		-0.559989,
		0,
		-0.394111,
		0.555691,
		-0.732041,
		0,
		-0.059359,
		0.196986,
		-0.764051,
		1
	}
}

return spline_matrices
