local spline_matrices = {
	[0] = {
		0.941911,
		-0.243022,
		-0.231827,
		0,
		0.194466,
		-0.168153,
		0.966389,
		0,
		-0.273836,
		-0.955335,
		-0.111126,
		0,
		0.304266,
		-0.120554,
		-0.004453,
		1
	},
	{
		0.83608,
		-0.024509,
		-0.548059,
		0,
		-0.325109,
		-0.826822,
		-0.458988,
		0,
		-0.441898,
		0.56193,
		-0.699258,
		0,
		-0.027824,
		0.187482,
		-0.741567,
		1
	},
	[0.0166666666667] = {
		0.944027,
		-0.241744,
		-0.224438,
		0,
		0.1876,
		-0.166192,
		0.968084,
		0,
		-0.271329,
		-0.956002,
		-0.111538,
		0,
		0.302646,
		-0.109613,
		-0.000934,
		1
	},
	[0.0333333333333] = {
		0.949652,
		-0.236588,
		-0.205394,
		0,
		0.170302,
		-0.160466,
		0.972239,
		0,
		-0.262979,
		-0.958268,
		-0.112095,
		0,
		0.298764,
		-0.080668,
		0.007577,
		1
	},
	[0.05] = {
		0.957536,
		-0.226654,
		-0.178195,
		0,
		0.147315,
		-0.146667,
		0.978155,
		0,
		-0.247838,
		-0.962869,
		-0.107049,
		0,
		0.294096,
		-0.040399,
		0.018617,
		1
	},
	[0.0666666666667] = {
		0.966448,
		-0.211035,
		-0.146435,
		0,
		0.122973,
		-0.120377,
		0.985082,
		0,
		-0.225514,
		-0.970038,
		-0.090387,
		0,
		0.290123,
		0.003369,
		0.029819,
		1
	},
	[0.0833333333333] = {
		0.975379,
		-0.188788,
		-0.113991,
		0,
		0.101012,
		-0.077027,
		0.991899,
		0,
		-0.196039,
		-0.978992,
		-0.05606,
		0,
		0.288317,
		0.042785,
		0.038906,
		1
	},
	[0.116666666667] = {
		0.991169,
		-0.128321,
		-0.033441,
		0,
		0.038376,
		0.036174,
		0.998608,
		0,
		-0.126933,
		-0.991073,
		0.040779,
		0,
		0.290781,
		0.111628,
		0.048457,
		1
	},
	[0.133333333333] = {
		0.995778,
		-0.090807,
		0.013456,
		0,
		-0.003545,
		0.108434,
		0.994097,
		0,
		-0.09173,
		-0.989948,
		0.107654,
		0,
		0.287579,
		0.1732,
		0.047036,
		1
	},
	[0.15] = {
		0.997198,
		-0.047684,
		0.057641,
		0,
		-0.04702,
		0.199769,
		0.978714,
		0,
		-0.058184,
		-0.978682,
		0.196967,
		0,
		0.278805,
		0.239873,
		0.044996,
		1
	},
	[0.166666666667] = {
		0.999488,
		-0.021454,
		0.023746,
		0,
		-0.015711,
		0.317495,
		0.94813,
		0,
		-0.027881,
		-0.948017,
		0.316996,
		0,
		0.264956,
		0.30802,
		0.041883,
		1
	},
	[0.183333333333] = {
		0.994163,
		-0.050588,
		-0.095289,
		0,
		0.107885,
		0.464381,
		0.87904,
		0,
		-0.000218,
		-0.884189,
		0.467129,
		0,
		0.246522,
		0.374334,
		0.037248,
		1
	},
	[0.1] = {
		0.983941,
		-0.160802,
		-0.07748,
		0,
		0.074704,
		-0.023246,
		0.996935,
		0,
		-0.16211,
		-0.986713,
		-0.010861,
		0,
		0.289551,
		0.071409,
		0.045817,
		1
	},
	[0.216666666667] = {
		0.95937,
		-0.195221,
		-0.20371,
		0,
		0.275817,
		0.801013,
		0.531321,
		0,
		0.059449,
		-0.565921,
		0.822314,
		0,
		0.197747,
		0.505708,
		0.000434,
		1
	},
	[0.233333333333] = {
		0.976169,
		-0.16827,
		-0.137039,
		0,
		0.197338,
		0.951024,
		0.237932,
		0,
		0.09029,
		-0.259304,
		0.961566,
		0,
		0.158234,
		0.583502,
		-0.064208,
		1
	},
	[0.25] = {
		0.990941,
		-0.076468,
		-0.110398,
		0,
		0.066259,
		0.993426,
		-0.093355,
		0,
		0.116811,
		0.085195,
		0.989493,
		0,
		0.103913,
		0.655927,
		-0.145355,
		1
	},
	[0.266666666667] = {
		0.989116,
		0.009003,
		-0.146864,
		0,
		-0.069807,
		0.907359,
		-0.41452,
		0,
		0.129526,
		0.42026,
		0.898111,
		0,
		0.047176,
		0.708859,
		-0.227822,
		1
	},
	[0.283333333333] = {
		0.980613,
		0.040683,
		-0.191682,
		0,
		-0.16284,
		0.71331,
		-0.681668,
		0,
		0.108996,
		0.699666,
		0.706107,
		0,
		0.000457,
		0.725531,
		-0.301857,
		1
	},
	[0.2] = {
		0.971175,
		-0.129691,
		-0.199999,
		0,
		0.236769,
		0.621867,
		0.746473,
		0,
		0.027562,
		-0.772309,
		0.634649,
		0,
		0.223988,
		0.436681,
		0.030625,
		1
	},
	[0.316666666667] = {
		0.98783,
		0.05261,
		-0.146367,
		0,
		-0.15553,
		0.326882,
		-0.932179,
		0,
		-0.001197,
		0.9436,
		0.331086,
		0,
		-0.032026,
		0.690895,
		-0.424761,
		1
	},
	[0.333333333333] = {
		0.977793,
		0.058034,
		-0.201378,
		0,
		-0.205699,
		0.081854,
		-0.975186,
		0,
		-0.04011,
		0.994953,
		0.091974,
		0,
		-0.054346,
		0.654268,
		-0.513066,
		1
	},
	[0.35] = {
		0.939192,
		0.030292,
		-0.342053,
		0,
		-0.332448,
		-0.169254,
		-0.92781,
		0,
		-0.085999,
		0.985107,
		-0.148891,
		0,
		-0.082855,
		0.614837,
		-0.613815,
		1
	},
	[0.366666666667] = {
		0.873935,
		-0.032903,
		-0.484928,
		0,
		-0.452885,
		-0.417317,
		-0.787871,
		0,
		-0.176446,
		0.908165,
		-0.379609,
		0,
		-0.10677,
		0.575579,
		-0.696321,
		1
	},
	[0.383333333333] = {
		0.837318,
		-0.103658,
		-0.5368,
		0,
		-0.472844,
		-0.63018,
		-0.615867,
		0,
		-0.274441,
		0.769499,
		-0.576675,
		0,
		-0.117421,
		0.538482,
		-0.730076,
		1
	},
	[0.3] = {
		0.983807,
		0.043133,
		-0.173962,
		0,
		-0.170865,
		0.518769,
		-0.837666,
		0,
		0.054115,
		0.853826,
		0.517738,
		0,
		-0.021169,
		0.714754,
		-0.362047,
		1
	},
	[0.416666666667] = {
		0.871034,
		-0.199688,
		-0.448804,
		0,
		-0.26045,
		-0.96239,
		-0.077278,
		0,
		-0.416493,
		0.184202,
		-0.890283,
		0,
		-0.111053,
		0.457607,
		-0.730177,
		1
	},
	[0.433333333333] = {
		0.868578,
		-0.184438,
		-0.45995,
		0,
		-0.254627,
		-0.962368,
		-0.094937,
		0,
		-0.425131,
		0.199576,
		-0.882855,
		0,
		-0.102667,
		0.412509,
		-0.730872,
		1
	},
	[0.45] = {
		0.864992,
		-0.16332,
		-0.474463,
		0,
		-0.255704,
		-0.957036,
		-0.136741,
		0,
		-0.431745,
		0.239602,
		-0.86959,
		0,
		-0.092286,
		0.366629,
		-0.731732,
		1
	},
	[0.466666666667] = {
		0.860396,
		-0.137802,
		-0.490642,
		0,
		-0.262461,
		-0.94507,
		-0.194823,
		0,
		-0.436845,
		0.296399,
		-0.849302,
		0,
		-0.080704,
		0.321581,
		-0.732696,
		1
	},
	[0.483333333333] = {
		0.855054,
		-0.109497,
		-0.506846,
		0,
		-0.273405,
		-0.925744,
		-0.261244,
		0,
		-0.440604,
		0.361952,
		-0.821498,
		0,
		-0.068711,
		0.278977,
		-0.7337,
		1
	},
	[0.4] = {
		0.852952,
		-0.174762,
		-0.491866,
		0,
		-0.363304,
		-0.875359,
		-0.318992,
		0,
		-0.374812,
		0.450782,
		-0.810131,
		0,
		-0.116273,
		0.500308,
		-0.729763,
		1
	},
	[0.516666666667] = {
		0.843877,
		-0.052837,
		-0.533928,
		0,
		-0.300865,
		-0.870558,
		-0.38937,
		0,
		-0.444242,
		0.48922,
		-0.750541,
		0,
		-0.046633,
		0.207571,
		-0.735549,
		1
	},
	[0.533333333333] = {
		0.839196,
		-0.029627,
		-0.543022,
		0,
		-0.313484,
		-0.842282,
		-0.438509,
		0,
		-0.444386,
		0.538223,
		-0.716126,
		0,
		-0.03811,
		0.182004,
		-0.736255,
		1
	},
	[0.55] = {
		0.835996,
		-0.013697,
		-0.548565,
		0,
		-0.322608,
		-0.820941,
		-0.471148,
		0,
		-0.443886,
		0.570849,
		-0.690722,
		0,
		-0.032302,
		0.165355,
		-0.736729,
		1
	},
	[0.566666666667] = {
		0.834923,
		-0.008008,
		-0.550308,
		0,
		-0.32621,
		-0.812528,
		-0.4831,
		0,
		-0.443272,
		0.582867,
		-0.681011,
		0,
		-0.029983,
		0.159245,
		-0.736911,
		1
	},
	[0.583333333333] = {
		0.835109,
		-0.008424,
		-0.55002,
		0,
		-0.326405,
		-0.812423,
		-0.483145,
		0,
		-0.442779,
		0.583008,
		-0.681211,
		0,
		-0.029662,
		0.158948,
		-0.736941,
		1
	},
	[0.5] = {
		0.849372,
		-0.080376,
		-0.521639,
		0,
		-0.286832,
		-0.899943,
		-0.328375,
		0,
		-0.443051,
		0.428536,
		-0.787441,
		0,
		-0.057093,
		0.240435,
		-0.734674,
		1
	},
	[0.616666666667] = {
		0.835495,
		-0.009458,
		-0.549416,
		0,
		-0.326728,
		-0.812457,
		-0.482868,
		0,
		-0.441811,
		0.582944,
		-0.681894,
		0,
		-0.029006,
		0.158329,
		-0.737067,
		1
	},
	[0.633333333333] = {
		0.83569,
		-0.010064,
		-0.549109,
		0,
		-0.326859,
		-0.812592,
		-0.482553,
		0,
		-0.441345,
		0.582746,
		-0.682365,
		0,
		-0.028677,
		0.158123,
		-0.737157,
		1
	},
	[0.65] = {
		0.835883,
		-0.010724,
		-0.548803,
		0,
		-0.326969,
		-0.812802,
		-0.482125,
		0,
		-0.440898,
		0.582442,
		-0.682913,
		0,
		-0.028351,
		0.158153,
		-0.73726,
		1
	},
	[0.666666666667] = {
		0.836071,
		-0.011432,
		-0.548503,
		0,
		-0.327062,
		-0.813084,
		-0.481586,
		0,
		-0.440473,
		0.582034,
		-0.683534,
		0,
		-0.028032,
		0.158402,
		-0.737375,
		1
	},
	[0.683333333333] = {
		0.83625,
		-0.012182,
		-0.548213,
		0,
		-0.327136,
		-0.813436,
		-0.480941,
		0,
		-0.440077,
		0.581527,
		-0.684221,
		0,
		-0.027723,
		0.158852,
		-0.737504,
		1
	},
	[0.6] = {
		0.8353,
		-0.008909,
		-0.549722,
		0,
		-0.326577,
		-0.8124,
		-0.483067,
		0,
		-0.44229,
		0.583032,
		-0.681508,
		0,
		-0.029335,
		0.158646,
		-0.736993,
		1
	},
	[0.716666666667] = {
		0.836575,
		-0.013792,
		-0.547679,
		0,
		-0.327236,
		-0.814339,
		-0.479342,
		0,
		-0.439386,
		0.580225,
		-0.685769,
		0,
		-0.027155,
		0.160286,
		-0.737802,
		1
	},
	[0.733333333333] = {
		0.836714,
		-0.014641,
		-0.547444,
		0,
		-0.327263,
		-0.814885,
		-0.478395,
		0,
		-0.4391,
		0.579438,
		-0.686617,
		0,
		-0.026904,
		0.161236,
		-0.737972,
		1
	},
	[0.75] = {
		0.836834,
		-0.015514,
		-0.547236,
		0,
		-0.327276,
		-0.81549,
		-0.477353,
		0,
		-0.43886,
		0.578563,
		-0.687507,
		0,
		-0.026682,
		0.162318,
		-0.738157,
		1
	},
	[0.766666666667] = {
		0.836933,
		-0.016404,
		-0.547059,
		0,
		-0.327277,
		-0.816152,
		-0.476221,
		0,
		-0.438672,
		0.577605,
		-0.688433,
		0,
		-0.026493,
		0.163515,
		-0.738357,
		1
	},
	[0.783333333333] = {
		0.837007,
		-0.017307,
		-0.546918,
		0,
		-0.327266,
		-0.816867,
		-0.475,
		0,
		-0.438539,
		0.576566,
		-0.689388,
		0,
		-0.026341,
		0.164809,
		-0.738573,
		1
	},
	[0.7] = {
		0.836419,
		-0.012971,
		-0.547937,
		0,
		-0.327194,
		-0.813855,
		-0.480192,
		0,
		-0.439713,
		0.580923,
		-0.684968,
		0,
		-0.027429,
		0.159486,
		-0.737646,
		1
	},
	[0.816666666667] = {
		0.837072,
		-0.01912,
		-0.546759,
		0,
		-0.327197,
		-0.818454,
		-0.472308,
		0,
		-0.438466,
		0.574254,
		-0.691361,
		0,
		-0.026173,
		0.167619,
		-0.739053,
		1
	},
	[0.833333333333] = {
		0.83706,
		-0.019998,
		-0.546745,
		0,
		-0.327117,
		-0.819329,
		-0.470845,
		0,
		-0.438548,
		0.572975,
		-0.692369,
		0,
		-0.026166,
		0.1691,
		-0.739318,
		1
	},
	[0.85] = {
		0.837024,
		-0.020855,
		-0.546769,
		0,
		-0.327006,
		-0.820252,
		-0.469312,
		0,
		-0.438701,
		0.571622,
		-0.69339,
		0,
		-0.026205,
		0.170608,
		-0.739598,
		1
	},
	[0.866666666667] = {
		0.836965,
		-0.021694,
		-0.546826,
		0,
		-0.326866,
		-0.821218,
		-0.467717,
		0,
		-0.438917,
		0.570202,
		-0.694422,
		0,
		-0.026286,
		0.172127,
		-0.739895,
		1
	},
	[0.883333333333] = {
		0.836888,
		-0.022445,
		-0.546914,
		0,
		-0.326701,
		-0.822159,
		-0.466177,
		0,
		-0.439187,
		0.568816,
		-0.695387,
		0,
		-0.026404,
		0.173739,
		-0.740185,
		1
	},
	[0.8] = {
		0.837054,
		-0.018219,
		-0.546816,
		0,
		-0.327243,
		-0.817634,
		-0.473695,
		0,
		-0.438465,
		0.57545,
		-0.690366,
		0,
		-0.026232,
		0.166183,
		-0.738805,
		1
	},
	[0.916666666667] = {
		0.836689,
		-0.023517,
		-0.547174,
		0,
		-0.326309,
		-0.823795,
		-0.463557,
		0,
		-0.439858,
		0.5664,
		-0.696934,
		0,
		-0.02673,
		0.177411,
		-0.74068,
		1
	},
	[0.933333333333] = {
		0.836573,
		-0.023873,
		-0.547334,
		0,
		-0.326087,
		-0.824506,
		-0.462446,
		0,
		-0.440241,
		0.565349,
		-0.697545,
		0,
		-0.026927,
		0.179398,
		-0.740892,
		1
	},
	[0.95] = {
		0.836452,
		-0.024133,
		-0.547509,
		0,
		-0.325853,
		-0.825157,
		-0.461449,
		0,
		-0.440645,
		0.564388,
		-0.698068,
		0,
		-0.027141,
		0.181436,
		-0.741084,
		1
	},
	[0.966666666667] = {
		0.836327,
		-0.024314,
		-0.547691,
		0,
		-0.32561,
		-0.825755,
		-0.460551,
		0,
		-0.441061,
		0.563505,
		-0.698518,
		0,
		-0.027366,
		0.183487,
		-0.741258,
		1
	},
	[0.983333333333] = {
		0.836202,
		-0.024433,
		-0.547877,
		0,
		-0.325361,
		-0.826307,
		-0.459735,
		0,
		-0.441482,
		0.562689,
		-0.69891,
		0,
		-0.027595,
		0.185515,
		-0.741418,
		1
	},
	[0.9] = {
		0.836794,
		-0.023046,
		-0.547032,
		0,
		-0.326514,
		-0.823015,
		-0.464795,
		0,
		-0.439504,
		0.567552,
		-0.696219,
		0,
		-0.026553,
		0.175513,
		-0.740445,
		1
	},
	[1.01666666667] = {
		0.835965,
		-0.024559,
		-0.548233,
		0,
		-0.324857,
		-0.827306,
		-0.458294,
		0,
		-0.442301,
		0.561215,
		-0.699577,
		0,
		-0.028046,
		0.189352,
		-0.741709,
		1
	},
	[1.03333333333] = {
		0.835859,
		-0.024599,
		-0.548392,
		0,
		-0.324609,
		-0.827767,
		-0.457637,
		0,
		-0.442683,
		0.560533,
		-0.699882,
		0,
		-0.028256,
		0.191086,
		-0.741845,
		1
	},
	[1.05] = {
		0.835766,
		-0.024649,
		-0.548532,
		0,
		-0.324367,
		-0.828212,
		-0.457003,
		0,
		-0.443036,
		0.559873,
		-0.700187,
		0,
		-0.028447,
		0.192649,
		-0.741982,
		1
	},
	[1.06666666667] = {
		0.835689,
		-0.024725,
		-0.548646,
		0,
		-0.324135,
		-0.828648,
		-0.456376,
		0,
		-0.443351,
		0.559224,
		-0.700506,
		0,
		-0.028614,
		0.194002,
		-0.742121,
		1
	},
	[1.08333333333] = {
		0.835631,
		-0.024844,
		-0.548728,
		0,
		-0.323917,
		-0.829083,
		-0.45574,
		0,
		-0.443619,
		0.558573,
		-0.700856,
		0,
		-0.02875,
		0.195109,
		-0.742266,
		1
	},
	[1.11666666667] = {
		0.835587,
		-0.025284,
		-0.548776,
		0,
		-0.323532,
		-0.829979,
		-0.454381,
		0,
		-0.443984,
		0.557221,
		-0.7017,
		0,
		-0.028905,
		0.196435,
		-0.742593,
		1
	},
	[1.13333333333] = {
		0.83559,
		-0.02564,
		-0.548754,
		0,
		-0.323385,
		-0.830453,
		-0.453618,
		0,
		-0.444084,
		0.556498,
		-0.702211,
		0,
		-0.028932,
		0.19658,
		-0.74278,
		1
	},
	[1.15] = {
		0.835593,
		-0.02611,
		-0.548729,
		0,
		-0.323293,
		-0.830955,
		-0.452765,
		0,
		-0.444147,
		0.555727,
		-0.702781,
		0,
		-0.02895,
		0.196329,
		-0.742986,
		1
	},
	[1.16666666667] = {
		0.835594,
		-0.026712,
		-0.548698,
		0,
		-0.323261,
		-0.83149,
		-0.451804,
		0,
		-0.444169,
		0.554897,
		-0.703423,
		0,
		-0.028956,
		0.195645,
		-0.743214,
		1
	},
	[1.1] = {
		0.835596,
		-0.025025,
		-0.548774,
		0,
		-0.323715,
		-0.829525,
		-0.45508,
		0,
		-0.443833,
		0.557909,
		-0.701248,
		0,
		-0.028849,
		0.195933,
		-0.742423,
		1
	}
}

return spline_matrices
