-- chunkname: @content/characters/player/human/first_person/animations/2h_chain_sword/attack_left_up.lua

local spline_matrices = {
	[0.0166666666667] = {
		0.425994,
		0.443664,
		-0.788474,
		0,
		0.886646,
		-0.378086,
		0.26629,
		0,
		-0.179968,
		-0.812535,
		-0.554435,
		0,
		0.358812,
		0.040982,
		-0.232891,
		1
	},
	[0.0333333333333] = {
		0.425817,
		0.444818,
		-0.78792,
		0,
		0.887109,
		-0.376647,
		0.266787,
		0,
		-0.178096,
		-0.812573,
		-0.554984,
		0,
		0.359662,
		0.039274,
		-0.238991,
		1
	},
	[0.05] = {
		0.425559,
		0.446561,
		-0.787072,
		0,
		0.887791,
		-0.374503,
		0.267534,
		0,
		-0.175291,
		-0.812607,
		-0.555826,
		0,
		0.360907,
		0.036942,
		-0.247587,
		1
	},
	[0.0666666666667] = {
		0.425251,
		0.448748,
		-0.785994,
		0,
		0.888619,
		-0.371865,
		0.268465,
		0,
		-0.171811,
		-0.812614,
		-0.556901,
		0,
		0.362402,
		0.034409,
		-0.257393,
		1
	},
	[0.0833333333333] = {
		0.424924,
		0.451231,
		-0.784749,
		0,
		0.88952,
		-0.36894,
		0.269515,
		0,
		-0.167912,
		-0.812572,
		-0.55815,
		0,
		0.363991,
		0.032089,
		-0.267123,
		1
	},
	[0] = {
		0.42606,
		0.443247,
		-0.788673,
		0,
		0.886476,
		-0.378612,
		0.266109,
		0,
		-0.180649,
		-0.812518,
		-0.554239,
		0,
		0.358497,
		0.041645,
		-0.230571,
		1
	},
	[0.116666666667] = {
		0.424348,
		0.456509,
		-0.782002,
		0,
		0.89127,
		-0.363075,
		0.27169,
		0,
		-0.159896,
		-0.812266,
		-0.560943,
		0,
		0.366704,
		0.029691,
		-0.281199,
		1
	},
	[0.133333333333] = {
		0.42417,
		0.459022,
		-0.780627,
		0,
		0.891992,
		-0.360556,
		0.27267,
		0,
		-0.156298,
		-0.811972,
		-0.562381,
		0,
		0.367401,
		0.030384,
		-0.282968,
		1
	},
	[0.15] = {
		0.424116,
		0.461264,
		-0.779334,
		0,
		0.892535,
		-0.358595,
		0.273479,
		0,
		-0.153319,
		-0.811569,
		-0.56378,
		0,
		0.367661,
		0.031887,
		-0.278574,
		1
	},
	[0.166666666667] = {
		0.424224,
		0.463099,
		-0.778186,
		0,
		0.892841,
		-0.357405,
		0.274036,
		0,
		-0.151222,
		-0.81105,
		-0.565093,
		0,
		0.367456,
		0.034006,
		-0.268224,
		1
	},
	[0.183333333333] = {
		0.424534,
		0.464388,
		-0.777248,
		0,
		0.892856,
		-0.357196,
		0.274263,
		0,
		-0.150265,
		-0.810404,
		-0.566273,
		0,
		0.366416,
		0.037694,
		-0.254259,
		1
	},
	[0.1] = {
		0.424612,
		0.453865,
		-0.783397,
		0,
		0.890425,
		-0.36594,
		0.270613,
		0,
		-0.163854,
		-0.812462,
		-0.559515,
		0,
		0.365492,
		0.030386,
		-0.275487,
		1
	},
	[0.216666666667] = {
		0.424598,
		0.46584,
		-0.776344,
		0,
		0.892724,
		-0.358296,
		0.273255,
		0,
		-0.150868,
		-0.809084,
		-0.567998,
		0,
		0.360354,
		0.054611,
		-0.224901,
		1
	},
	[0.233333333333] = {
		0.359756,
		0.467327,
		-0.807577,
		0,
		0.93234,
		-0.213726,
		0.291657,
		0,
		-0.036301,
		-0.857862,
		-0.512596,
		0,
		0.349092,
		0.091971,
		-0.211663,
		1
	},
	[0.25] = {
		0.196431,
		0.465097,
		-0.863191,
		0,
		0.938075,
		0.167065,
		0.303488,
		0,
		0.28536,
		-0.869353,
		-0.40348,
		0,
		0.325043,
		0.165184,
		-0.197161,
		1
	},
	[0.266666666667] = {
		-0.009463,
		0.449054,
		-0.893455,
		0,
		0.734588,
		0.609338,
		0.298476,
		0,
		0.678448,
		-0.653496,
		-0.335636,
		0,
		0.28867,
		0.254394,
		-0.181,
		1
	},
	[0.283333333333] = {
		-0.182984,
		0.410706,
		-0.893218,
		0,
		0.353185,
		0.875366,
		0.330144,
		0,
		0.917484,
		-0.25506,
		-0.305233,
		0,
		0.240409,
		0.339638,
		-0.163299,
		1
	},
	[0.2] = {
		0.4248,
		0.465257,
		-0.776583,
		0,
		0.892741,
		-0.357617,
		0.274088,
		0,
		-0.150198,
		-0.809719,
		-0.56727,
		0,
		0.36418,
		0.044153,
		-0.239016,
		1
	},
	[0.316666666667] = {
		-0.32804,
		0.184364,
		-0.926499,
		0,
		-0.628364,
		0.689747,
		0.359734,
		0,
		0.705371,
		0.700185,
		-0.110417,
		0,
		0.035333,
		0.519065,
		-0.113507,
		1
	},
	[0.333333333333] = {
		-0.448492,
		0.151253,
		-0.880896,
		0,
		-0.873309,
		0.135607,
		0.467913,
		0,
		0.190229,
		0.979149,
		0.071271,
		0,
		-0.096974,
		0.542814,
		-0.049004,
		1
	},
	[0.35] = {
		-0.467693,
		0.161645,
		-0.868985,
		0,
		-0.882519,
		-0.14016,
		0.448905,
		0,
		-0.049234,
		0.976845,
		0.208206,
		0,
		-0.173885,
		0.514937,
		-0.020495,
		1
	},
	[0.366666666667] = {
		-0.469709,
		0.174958,
		-0.865311,
		0,
		-0.853003,
		-0.342536,
		0.39377,
		0,
		-0.227507,
		0.92307,
		0.310132,
		0,
		-0.242443,
		0.449768,
		0.001485,
		1
	},
	[0.383333333333] = {
		-0.473576,
		0.182149,
		-0.861712,
		0,
		-0.801989,
		-0.493596,
		0.336417,
		0,
		-0.36406,
		0.850403,
		0.379837,
		0,
		-0.29504,
		0.382831,
		0.010489,
		1
	},
	[0.3] = {
		-0.266817,
		0.307874,
		-0.913248,
		0,
		-0.13578,
		0.926141,
		0.35189,
		0,
		0.954134,
		0.217891,
		-0.205307,
		0,
		0.151932,
		0.431999,
		-0.143151,
		1
	},
	[0.416666666667] = {
		-0.511024,
		0.156211,
		-0.845253,
		0,
		-0.677472,
		-0.678422,
		0.284208,
		0,
		-0.529042,
		0.717873,
		0.452519,
		0,
		-0.347477,
		0.273008,
		-0.001071,
		1
	},
	[0.433333333333] = {
		-0.531854,
		0.124143,
		-0.837687,
		0,
		-0.607551,
		-0.745035,
		0.275326,
		0,
		-0.589927,
		0.655371,
		0.471673,
		0,
		-0.363747,
		0.214999,
		-0.01372,
		1
	},
	[0.45] = {
		-0.545986,
		0.083255,
		-0.833647,
		0,
		-0.516511,
		-0.816898,
		0.256699,
		0,
		-0.659633,
		0.570742,
		0.489017,
		0,
		-0.385058,
		0.151266,
		-0.028415,
		1
	},
	[0.466666666667] = {
		-0.392933,
		-0.022578,
		-0.91929,
		0,
		-0.481363,
		-0.846739,
		0.226546,
		0,
		-0.783513,
		0.531529,
		0.321844,
		0,
		-0.398947,
		0.11356,
		-0.050215,
		1
	},
	[0.483333333333] = {
		-0.392887,
		-0.021281,
		-0.919341,
		0,
		-0.48287,
		-0.846042,
		0.225942,
		0,
		-0.782609,
		0.532692,
		0.322123,
		0,
		-0.398743,
		0.114293,
		-0.050177,
		1
	},
	[0.4] = {
		-0.489518,
		0.176195,
		-0.854007,
		0,
		-0.740049,
		-0.601932,
		0.30001,
		0,
		-0.461194,
		0.778867,
		0.425049,
		0,
		-0.327487,
		0.328015,
		0.007498,
		1
	},
	[0.516666666667] = {
		-0.392761,
		-0.018748,
		-0.919449,
		0,
		-0.485184,
		-0.845104,
		0.224489,
		0,
		-0.781239,
		0.534273,
		0.322828,
		0,
		-0.398425,
		0.115444,
		-0.05007,
		1
	},
	[0.533333333333] = {
		-0.392684,
		-0.017546,
		-0.919506,
		0,
		-0.485996,
		-0.844854,
		0.223671,
		0,
		-0.780773,
		0.534708,
		0.323234,
		0,
		-0.398311,
		0.115862,
		-0.050006,
		1
	},
	[0.55] = {
		-0.392598,
		-0.016408,
		-0.919564,
		0,
		-0.486581,
		-0.844744,
		0.222814,
		0,
		-0.780452,
		0.534918,
		0.323662,
		0,
		-0.398229,
		0.116174,
		-0.049937,
		1
	},
	[0.566666666667] = {
		-0.392505,
		-0.015352,
		-0.919622,
		0,
		-0.48694,
		-0.844769,
		0.221933,
		0,
		-0.780275,
		0.53491,
		0.324101,
		0,
		-0.398178,
		0.116381,
		-0.049866,
		1
	},
	[0.583333333333] = {
		-0.392404,
		-0.014394,
		-0.91968,
		0,
		-0.487075,
		-0.844924,
		0.221046,
		0,
		-0.780242,
		0.534693,
		0.324541,
		0,
		-0.398157,
		0.116482,
		-0.049796,
		1
	},
	[0.5] = {
		-0.392829,
		-0.019999,
		-0.919394,
		0,
		-0.484143,
		-0.845498,
		0.225251,
		0,
		-0.781851,
		0.533603,
		0.322454,
		0,
		-0.398568,
		0.114922,
		-0.050128,
		1
	},
	[0.616666666667] = {
		-0.392183,
		-0.012809,
		-0.919798,
		0,
		-0.486748,
		-0.845564,
		0.219314,
		0,
		-0.780557,
		0.533721,
		0.325381,
		0,
		-0.398197,
		0.116398,
		-0.049666,
		1
	},
	[0.633333333333] = {
		-0.392064,
		-0.012202,
		-0.919857,
		0,
		-0.486319,
		-0.846021,
		0.218503,
		0,
		-0.780884,
		0.533011,
		0.32576,
		0,
		-0.398254,
		0.116228,
		-0.049612,
		1
	},
	[0.65] = {
		-0.391939,
		-0.011736,
		-0.919916,
		0,
		-0.485727,
		-0.846555,
		0.217749,
		0,
		-0.781315,
		0.532172,
		0.326098,
		0,
		-0.398333,
		0.115977,
		-0.049567,
		1
	},
	[0.666666666667] = {
		-0.39181,
		-0.011331,
		-0.919976,
		0,
		-0.484984,
		-0.847176,
		0.216985,
		0,
		-0.781841,
		0.531191,
		0.326437,
		0,
		-0.398432,
		0.115656,
		-0.049522,
		1
	},
	[0.683333333333] = {
		-0.391677,
		-0.01091,
		-0.920038,
		0,
		-0.484101,
		-0.847896,
		0.216145,
		0,
		-0.782455,
		0.53005,
		0.326819,
		0,
		-0.398549,
		0.115272,
		-0.049469,
		1
	},
	[0.6] = {
		-0.392296,
		-0.013544,
		-0.919739,
		0,
		-0.487004,
		-0.845194,
		0.220168,
		0,
		-0.78034,
		0.534287,
		0.324971,
		0,
		-0.398164,
		0.116485,
		-0.049729,
		1
	},
	[0.716666666667] = {
		-0.391398,
		-0.01007,
		-0.920166,
		0,
		-0.481956,
		-0.849584,
		0.214301,
		0,
		-0.783917,
		0.527357,
		0.327672,
		0,
		-0.398834,
		0.114337,
		-0.049346,
		1
	},
	[0.733333333333] = {
		-0.391253,
		-0.009676,
		-0.920232,
		0,
		-0.480717,
		-0.85053,
		0.213329,
		0,
		-0.78475,
		0.525837,
		0.328121,
		0,
		-0.398997,
		0.113794,
		-0.049281,
		1
	},
	[0.75] = {
		-0.391106,
		-0.009316,
		-0.920298,
		0,
		-0.479381,
		-0.85153,
		0.212346,
		0,
		-0.78564,
		0.524223,
		0.328572,
		0,
		-0.399173,
		0.113206,
		-0.049217,
		1
	},
	[0.766666666667] = {
		-0.390956,
		-0.009003,
		-0.920365,
		0,
		-0.477959,
		-0.852572,
		0.211369,
		0,
		-0.78658,
		0.522533,
		0.329015,
		0,
		-0.399358,
		0.112577,
		-0.049155,
		1
	},
	[0.783333333333] = {
		-0.390804,
		-0.00875,
		-0.920432,
		0,
		-0.476462,
		-0.853645,
		0.210414,
		0,
		-0.787564,
		0.520782,
		0.329439,
		0,
		-0.399552,
		0.111912,
		-0.049098,
		1
	},
	[0.7] = {
		-0.391539,
		-0.010486,
		-0.920102,
		0,
		-0.483088,
		-0.848702,
		0.215245,
		0,
		-0.78315,
		0.528767,
		0.327235,
		0,
		-0.398684,
		0.114831,
		-0.04941,
		1
	},
	[0.816666666667] = {
		-0.390496,
		-0.008471,
		-0.920566,
		0,
		-0.473287,
		-0.855844,
		0.208639,
		0,
		-0.789628,
		0.517164,
		0.330194,
		0,
		-0.399958,
		0.110492,
		-0.049005,
		1
	},
	[0.833333333333] = {
		-0.39034,
		-0.008471,
		-0.920632,
		0,
		-0.471631,
		-0.856949,
		0.207852,
		0,
		-0.790695,
		0.515332,
		0.330506,
		0,
		-0.400168,
		0.109745,
		-0.048973,
		1
	},
	[0.85] = {
		-0.390184,
		-0.008581,
		-0.920697,
		0,
		-0.469945,
		-0.858044,
		0.207156,
		0,
		-0.791775,
		0.513505,
		0.330763,
		0,
		-0.400379,
		0.108979,
		-0.048954,
		1
	},
	[0.866666666667] = {
		-0.390029,
		-0.008813,
		-0.92076,
		0,
		-0.468239,
		-0.859118,
		0.206566,
		0,
		-0.792862,
		0.511702,
		0.330954,
		0,
		-0.400592,
		0.108198,
		-0.048948,
		1
	},
	[0.883333333333] = {
		-0.389875,
		-0.009181,
		-0.920822,
		0,
		-0.466524,
		-0.860161,
		0.206102,
		0,
		-0.793947,
		0.50994,
		0.331072,
		0,
		-0.400803,
		0.107407,
		-0.048957,
		1
	},
	[0.8] = {
		-0.39065,
		-0.008568,
		-0.920499,
		0,
		-0.474901,
		-0.85474,
		0.209499,
		0,
		-0.788582,
		0.518986,
		0.329836,
		0,
		-0.399752,
		0.111216,
		-0.049047,
		1
	},
	[0.916666666667] = {
		-0.389573,
		-0.010372,
		-0.920937,
		0,
		-0.463116,
		-0.862117,
		0.205616,
		0,
		-0.796088,
		0.506603,
		0.331054,
		0,
		-0.401219,
		0.105813,
		-0.049028,
		1
	},
	[0.933333333333] = {
		-0.389426,
		-0.011177,
		-0.92099,
		0,
		-0.461445,
		-0.863019,
		0.205588,
		0,
		-0.79713,
		0.505048,
		0.330924,
		0,
		-0.40142,
		0.10502,
		-0.049087,
		1
	},
	[0.95] = {
		-0.389283,
		-0.012058,
		-0.921039,
		0,
		-0.459811,
		-0.863876,
		0.205652,
		0,
		-0.798143,
		0.503561,
		0.330748,
		0,
		-0.401614,
		0.104241,
		-0.049155,
		1
	},
	[0.966666666667] = {
		-0.389145,
		-0.012995,
		-0.921085,
		0,
		-0.458226,
		-0.864684,
		0.205794,
		0,
		-0.799121,
		0.502149,
		0.330533,
		0,
		-0.401802,
		0.103481,
		-0.049229,
		1
	},
	[0.983333333333] = {
		-0.389013,
		-0.01397,
		-0.921126,
		0,
		-0.456701,
		-0.865441,
		0.206001,
		0,
		-0.800058,
		0.500816,
		0.330287,
		0,
		-0.401981,
		0.102746,
		-0.049307,
		1
	},
	[0.9] = {
		-0.389723,
		-0.009696,
		-0.920881,
		0,
		-0.464813,
		-0.861164,
		0.205779,
		0,
		-0.795025,
		0.508235,
		0.331108,
		0,
		-0.401013,
		0.106611,
		-0.048984,
		1
	},
	[1.01666666667] = {
		-0.388769,
		-0.015953,
		-0.921197,
		0,
		-0.453877,
		-0.866792,
		0.206559,
		0,
		-0.801782,
		0.498414,
		0.329741,
		0,
		-0.402308,
		0.101378,
		-0.049469,
		1
	},
	[1.03333333333] = {
		-0.388659,
		-0.016922,
		-0.921226,
		0,
		-0.452602,
		-0.867382,
		0.206882,
		0,
		-0.802556,
		0.497356,
		0.329457,
		0,
		-0.402454,
		0.100756,
		-0.049549,
		1
	},
	[1.05] = {
		-0.388558,
		-0.01785,
		-0.921251,
		0,
		-0.451433,
		-0.86791,
		0.207219,
		0,
		-0.803262,
		0.4964,
		0.329176,
		0,
		-0.402588,
		0.100185,
		-0.049626,
		1
	},
	[1.06666666667] = {
		-0.388468,
		-0.018718,
		-0.921272,
		0,
		-0.450383,
		-0.868376,
		0.207554,
		0,
		-0.803895,
		0.495553,
		0.328906,
		0,
		-0.402707,
		0.099669,
		-0.049698,
		1
	},
	[1.08333333333] = {
		-0.388389,
		-0.019505,
		-0.921289,
		0,
		-0.449462,
		-0.868776,
		0.207874,
		0,
		-0.804449,
		0.49482,
		0.328656,
		0,
		-0.40281,
		0.099216,
		-0.049763,
		1
	},
	{
		-0.388887,
		-0.014962,
		-0.921164,
		0,
		-0.455248,
		-0.866145,
		0.20626,
		0,
		-0.800947,
		0.499569,
		0.330021,
		0,
		-0.40215,
		0.102043,
		-0.049388,
		1
	},
	[1.11666666667] = {
		-0.388269,
		-0.020763,
		-0.921312,
		0,
		-0.448056,
		-0.869372,
		0.208417,
		0,
		-0.80529,
		0.493722,
		0.328247,
		0,
		-0.402968,
		0.098522,
		-0.049868,
		1
	},
	[1.13333333333] = {
		-0.38823,
		-0.021194,
		-0.921319,
		0,
		-0.447595,
		-0.869563,
		0.208613,
		0,
		-0.805566,
		0.493367,
		0.328104,
		0,
		-0.403019,
		0.098293,
		-0.049904,
		1
	},
	[1.15] = {
		-0.388206,
		-0.021467,
		-0.921323,
		0,
		-0.447309,
		-0.869679,
		0.20874,
		0,
		-0.805736,
		0.493151,
		0.328012,
		0,
		-0.403051,
		0.098151,
		-0.049926,
		1
	},
	[1.16666666667] = {
		-0.388198,
		-0.021562,
		-0.921324,
		0,
		-0.447212,
		-0.869718,
		0.208786,
		0,
		-0.805794,
		0.493077,
		0.32798,
		0,
		-0.403062,
		0.098103,
		-0.049934,
		1
	},
	[1.1] = {
		-0.388323,
		-0.020194,
		-0.921302,
		0,
		-0.448683,
		-0.869109,
		0.208166,
		0,
		-0.804916,
		0.494208,
		0.328434,
		0,
		-0.402898,
		0.098832,
		-0.04982,
		1
	}
}

return spline_matrices
