local spline_matrices = {
	[0] = {
		0.319406,
		-0.257881,
		0.911854,
		0,
		-0.942125,
		-0.189874,
		0.276311,
		0,
		0.101882,
		-0.947336,
		-0.303603,
		0,
		-0.312915,
		-0.011888,
		-0.222008,
		1
	},
	{
		0.856656,
		0.206836,
		0.47261,
		0,
		0.240862,
		-0.970487,
		-0.011858,
		0,
		0.456209,
		0.123992,
		-0.881192,
		0,
		0.106906,
		-0.257301,
		-0.61167,
		1
	},
	[0.0333333333333] = {
		0.319136,
		-0.258326,
		0.911822,
		0,
		-0.942485,
		-0.187393,
		0.276778,
		0,
		0.09937,
		-0.947709,
		-0.303272,
		0,
		-0.309565,
		7e-06,
		-0.216645,
		1
	},
	[0.0666666666667] = {
		0.318258,
		-0.259408,
		0.911822,
		0,
		-0.943506,
		-0.180266,
		0.278031,
		0,
		0.092247,
		-0.948795,
		-0.302124,
		0,
		-0.301198,
		0.030481,
		-0.202981,
		1
	},
	[0.133333333333] = {
		0.314264,
		-0.261927,
		0.912487,
		0,
		-0.946996,
		-0.153937,
		0.281961,
		0,
		0.066612,
		-0.952732,
		-0.29642,
		0,
		-0.279562,
		0.115992,
		-0.165333,
		1
	},
	[0.166666666667] = {
		0.310958,
		-0.262588,
		0.913429,
		0,
		-0.949144,
		-0.135657,
		0.284118,
		0,
		0.049307,
		-0.955324,
		-0.291418,
		0,
		-0.272067,
		0.155658,
		-0.148568,
		1
	},
	[0.1] = {
		0.316666,
		-0.260739,
		0.911997,
		0,
		-0.945062,
		-0.16896,
		0.279841,
		0,
		0.081126,
		-0.950509,
		-0.299918,
		0,
		-0.290299,
		0.071724,
		-0.184667,
		1
	},
	[0.233333333333] = {
		0.106157,
		-0.222192,
		0.969207,
		0,
		-0.786349,
		0.577816,
		0.218594,
		0,
		-0.608593,
		-0.78534,
		-0.113382,
		0,
		-0.349932,
		0.4497,
		-0.106391,
		1
	},
	[0.266666666667] = {
		-0.01746,
		-0.191105,
		0.981414,
		0,
		-0.382444,
		0.908197,
		0.170043,
		0,
		-0.923814,
		-0.372367,
		-0.088944,
		0,
		-0.297044,
		0.616199,
		-0.084167,
		1
	},
	[0.2] = {
		0.238489,
		-0.250086,
		0.938392,
		0,
		-0.957578,
		0.100393,
		0.270121,
		0,
		-0.161762,
		-0.963005,
		-0.215534,
		0,
		-0.36912,
		0.275378,
		-0.128002,
		1
	},
	[0.333333333333] = {
		0.044904,
		-0.069157,
		0.996595,
		0,
		0.621556,
		0.782927,
		0.026324,
		0,
		-0.782082,
		0.618258,
		0.078142,
		0,
		0.081038,
		0.780002,
		-0.068938,
		1
	},
	[0.366666666667] = {
		0.056542,
		-0.078022,
		0.995347,
		0,
		0.966281,
		0.255114,
		-0.034893,
		0,
		-0.251205,
		0.963758,
		0.089816,
		0,
		0.304424,
		0.767368,
		-0.094471,
		1
	},
	[0.3] = {
		-0.069145,
		-0.153325,
		0.985754,
		0,
		0.157786,
		0.974,
		0.162564,
		0,
		-0.985049,
		0.166779,
		-0.043155,
		0,
		-0.138098,
		0.753536,
		-0.051663,
		1
	},
	[0.433333333333] = {
		0.153732,
		-0.097655,
		0.983275,
		0,
		0.885164,
		-0.428645,
		-0.180964,
		0,
		0.439148,
		0.89818,
		0.020544,
		0,
		0.609171,
		0.332871,
		-0.193977,
		1
	},
	[0.466666666667] = {
		0.18922,
		-0.133097,
		0.972873,
		0,
		0.759548,
		-0.608081,
		-0.230919,
		0,
		0.62232,
		0.782638,
		-0.013967,
		0,
		0.625164,
		0.201759,
		-0.23036,
		1
	},
	[0.4] = {
		0.100608,
		-0.085666,
		0.991231,
		0,
		0.985723,
		-0.126616,
		-0.110991,
		0,
		0.135014,
		0.988246,
		0.071704,
		0,
		0.472186,
		0.60074,
		-0.144284,
		1
	},
	[0.533333333333] = {
		0.224639,
		-0.262051,
		0.938545,
		0,
		0.44209,
		-0.830925,
		-0.337816,
		0,
		0.868386,
		0.490808,
		-0.070809,
		0,
		0.598696,
		0.05772,
		-0.288993,
		1
	},
	[0.566666666667] = {
		0.226745,
		-0.31555,
		0.92142,
		0,
		0.316869,
		-0.870691,
		-0.376154,
		0,
		0.920967,
		0.377261,
		-0.097436,
		0,
		0.586782,
		0.019047,
		-0.305095,
		1
	},
	[0.5] = {
		0.212462,
		-0.194537,
		0.957609,
		0,
		0.603912,
		-0.744284,
		-0.285189,
		0,
		0.768212,
		0.638903,
		-0.040649,
		0,
		0.613245,
		0.119261,
		-0.262864,
		1
	},
	[0.633333333333] = {
		0.221565,
		-0.3343,
		0.916052,
		0,
		0.268495,
		-0.882177,
		-0.386879,
		0,
		0.937454,
		0.331674,
		-0.105702,
		0,
		0.583149,
		0.003988,
		-0.308124,
		1
	},
	[0.666666666667] = {
		0.216962,
		-0.333541,
		0.91743,
		0,
		0.267653,
		-0.883474,
		-0.384493,
		0,
		0.93877,
		0.328974,
		-0.102407,
		0,
		0.584394,
		0.00195,
		-0.305775,
		1
	},
	[0.6] = {
		0.224874,
		-0.336053,
		0.914604,
		0,
		0.268096,
		-0.881077,
		-0.389651,
		0,
		0.93678,
		0.332824,
		-0.108037,
		0,
		0.582138,
		0.005226,
		-0.310012,
		1
	},
	[0.733333333333] = {
		0.205454,
		-0.335038,
		0.919531,
		0,
		0.262978,
		-0.886119,
		-0.381622,
		0,
		0.942672,
		0.320223,
		-0.093949,
		0,
		0.587164,
		-0.003619,
		-0.300407,
		1
	},
	[0.766666666667] = {
		0.199343,
		-0.336595,
		0.920308,
		0,
		0.259514,
		-0.887491,
		-0.380804,
		0,
		0.944942,
		0.314743,
		-0.089564,
		0,
		0.588482,
		-0.006934,
		-0.297759,
		1
	},
	[0.7] = {
		0.21146,
		-0.33388,
		0.918591,
		0,
		0.265754,
		-0.884794,
		-0.382773,
		0,
		0.940563,
		0.32506,
		-0.098369,
		0,
		0.585768,
		-0.000629,
		-0.303141,
		1
	},
	[0.833333333333] = {
		0.309616,
		-0.260985,
		0.914344,
		0,
		0.19974,
		-0.922289,
		-0.330889,
		0,
		0.929646,
		0.28508,
		-0.233426,
		0,
		0.52118,
		-0.049228,
		-0.339208,
		1
	},
	[0.866666666667] = {
		0.432473,
		-0.178828,
		0.883735,
		0,
		0.159295,
		-0.949563,
		-0.270103,
		0,
		0.887464,
		0.257587,
		-0.382174,
		0,
		0.448409,
		-0.088806,
		-0.386558,
		1
	},
	[0.8] = {
		0.226245,
		-0.316843,
		0.921099,
		0,
		0.24003,
		-0.898324,
		-0.367966,
		0,
		0.944033,
		0.304342,
		-0.12719,
		0,
		0.570806,
		-0.020145,
		-0.307742,
		1
	},
	[0.933333333333] = {
		0.70052,
		0.023773,
		0.713237,
		0,
		0.149925,
		-0.982043,
		-0.114519,
		0,
		0.697706,
		0.187154,
		-0.691505,
		0,
		0.268962,
		-0.179766,
		-0.504681,
		1
	},
	[0.966666666667] = {
		0.797899,
		0.122984,
		0.590112,
		0,
		0.189028,
		-0.980635,
		-0.051215,
		0,
		0.572386,
		0.152412,
		-0.805695,
		0,
		0.181037,
		-0.222252,
		-0.562644,
		1
	},
	[0.9] = {
		0.571696,
		-0.0804,
		0.816517,
		0,
		0.138941,
		-0.971327,
		-0.192925,
		0,
		0.808616,
		0.223742,
		-0.544132,
		0,
		0.361272,
		-0.133861,
		-0.44386,
		1
	},
	[1.03333333333] = {
		0.883195,
		0.265155,
		0.386859,
		0,
		0.285308,
		-0.95842,
		0.005549,
		0,
		0.372245,
		0.105473,
		-0.922122,
		0,
		0.055878,
		-0.280996,
		-0.645688,
		1
	},
	[1.06666666667] = {
		0.889869,
		0.28745,
		0.354267,
		0,
		0.304134,
		-0.952587,
		0.00898,
		0,
		0.340051,
		0.099754,
		-0.935101,
		0,
		0.036924,
		-0.289243,
		-0.65864,
		1
	},
	[1.13333333333] = {
		0.889871,
		0.287746,
		0.354022,
		0,
		0.305368,
		-0.952213,
		0.006374,
		0,
		0.338938,
		0.102435,
		-0.935215,
		0,
		0.036603,
		-0.287614,
		-0.659371,
		1
	},
	[1.16666666667] = {
		0.890028,
		0.287409,
		0.353901,
		0,
		0.305375,
		-0.952217,
		0.005322,
		0,
		0.338521,
		0.103336,
		-0.935268,
		0,
		0.03631,
		-0.286979,
		-0.659663,
		1
	},
	[1.1] = {
		0.889742,
		0.287983,
		0.354153,
		0,
		0.305189,
		-0.952261,
		0.00761,
		0,
		0.339438,
		0.101312,
		-0.935157,
		0,
		0.036889,
		-0.288368,
		-0.659025,
		1
	},
	[1.23333333333] = {
		0.890212,
		0.286972,
		0.353794,
		0,
		0.305383,
		-0.952221,
		0.003973,
		0,
		0.33803,
		0.104506,
		-0.935315,
		0,
		0.035966,
		-0.286155,
		-0.66004,
		1
	},
	[1.2] = {
		0.890146,
		0.287147,
		0.353817,
		0,
		0.30538,
		-0.95222,
		0.004505,
		0,
		0.338205,
		0.104038,
		-0.935304,
		0,
		0.036089,
		-0.286485,
		-0.659891,
		1
	}
}

return spline_matrices
