local spline_matrices = {
	[0] = {
		0.56671,
		-0.015498,
		0.823771,
		0,
		0.821828,
		-0.06053,
		-0.566512,
		0,
		0.058642,
		0.998046,
		-0.021566,
		0,
		0.08488,
		0.289437,
		-0.582292,
		1
	},
	{
		0.994547,
		0.071652,
		-0.07578,
		0,
		-0.086271,
		0.156946,
		-0.983832,
		0,
		-0.0586,
		0.985005,
		0.162271,
		0,
		0.071738,
		0.514951,
		-0.165043,
		1
	},
	[0.0166666666667] = {
		0.566766,
		-0.015682,
		0.82373,
		0,
		0.821814,
		-0.059987,
		-0.56659,
		0,
		0.058298,
		0.998076,
		-0.02111,
		0,
		0.085082,
		0.280599,
		-0.580422,
		1
	},
	[0.0333333333333] = {
		0.566921,
		-0.016145,
		0.823614,
		0,
		0.821775,
		-0.058493,
		-0.566802,
		0,
		0.057327,
		0.998157,
		-0.019894,
		0,
		0.085715,
		0.255283,
		-0.575085,
		1
	},
	[0.05] = {
		0.567159,
		-0.016747,
		0.823438,
		0,
		0.821715,
		-0.056251,
		-0.567116,
		0,
		0.055817,
		0.998276,
		-0.018142,
		0,
		0.086855,
		0.215281,
		-0.566722,
		1
	},
	[0.0666666666667] = {
		0.567463,
		-0.017352,
		0.823216,
		0,
		0.821636,
		-0.053462,
		-0.567501,
		0,
		0.053858,
		0.998419,
		-0.01608,
		0,
		0.088606,
		0.162383,
		-0.555781,
		1
	},
	[0.0833333333333] = {
		0.567815,
		-0.017823,
		0.822963,
		0,
		0.821541,
		-0.050329,
		-0.567924,
		0,
		0.051541,
		0.998574,
		-0.013936,
		0,
		0.091077,
		0.098389,
		-0.542679,
		1
	},
	[0.116666666667] = {
		0.568595,
		-0.01781,
		0.822425,
		0,
		0.82132,
		-0.043843,
		-0.568781,
		0,
		0.046188,
		0.99888,
		-0.010301,
		0,
		0.098531,
		-0.055629,
		-0.511324,
		1
	},
	[0.133333333333] = {
		0.568991,
		-0.017526,
		0.822157,
		0,
		0.821202,
		-0.040571,
		-0.569194,
		0,
		0.043331,
		0.999023,
		-0.008692,
		0,
		0.103601,
		-0.141694,
		-0.493588,
		1
	},
	[0.15] = {
		0.569402,
		-0.017532,
		0.821872,
		0,
		0.821062,
		-0.037095,
		-0.569632,
		0,
		0.040474,
		0.999158,
		-0.006728,
		0,
		0.109485,
		-0.22873,
		-0.474898,
		1
	},
	[0.166666666667] = {
		0.569853,
		-0.017732,
		0.821556,
		0,
		0.820881,
		-0.03359,
		-0.57011,
		0,
		0.037705,
		0.999278,
		-0.004586,
		0,
		0.115992,
		-0.311785,
		-0.455506,
		1
	},
	[0.183333333333] = {
		0.570334,
		-0.018033,
		0.821215,
		0,
		0.820662,
		-0.030228,
		-0.570614,
		0,
		0.035114,
		0.99938,
		-0.002441,
		0,
		0.122913,
		-0.387691,
		-0.435584,
		1
	},
	[0.1] = {
		0.568198,
		-0.018021,
		0.822695,
		0,
		0.821435,
		-0.047055,
		-0.568358,
		0,
		0.048954,
		0.99873,
		-0.011934,
		0,
		0.094364,
		0.025109,
		-0.527771,
		1
	},
	[0.216666666667] = {
		0.571365,
		-0.018565,
		0.820486,
		0,
		0.820117,
		-0.024634,
		-0.571665,
		0,
		0.030824,
		0.999524,
		0.001151,
		0,
		0.134404,
		-0.585754,
		-0.394528,
		1
	},
	[0.233333333333] = {
		0.5719,
		-0.018608,
		0.820112,
		0,
		0.8198,
		-0.02275,
		-0.572198,
		0,
		0.029305,
		0.999568,
		0.002244,
		0,
		0.138956,
		-0.68873,
		-0.373549,
		1
	},
	[0.25] = {
		0.57244,
		-0.01838,
		0.81974,
		0,
		0.819457,
		-0.02171,
		-0.572729,
		0,
		0.028323,
		0.999595,
		0.002634,
		0,
		0.143095,
		-0.760803,
		-0.352093,
		1
	},
	[0.266666666667] = {
		0.640933,
		-0.011851,
		0.767505,
		0,
		0.767596,
		0.008568,
		-0.640877,
		0,
		0.001019,
		0.999893,
		0.014588,
		0,
		0.15309,
		-0.674347,
		-0.277969,
		1
	},
	[0.283333333333] = {
		0.777093,
		0.001549,
		0.629383,
		0,
		0.627613,
		0.073086,
		-0.775087,
		0,
		-0.047199,
		0.997324,
		0.055823,
		0,
		0.163532,
		-0.456795,
		-0.212501,
		1
	},
	[0.2] = {
		0.570841,
		-0.018342,
		0.820856,
		0,
		0.820406,
		-0.027185,
		-0.571135,
		0,
		0.03279,
		0.999462,
		-0.00047,
		0,
		0.1292,
		-0.47703,
		-0.415209,
		1
	},
	[0.316666666667] = {
		0.940806,
		0.017396,
		0.338499,
		0,
		0.33129,
		0.163855,
		-0.929192,
		0,
		-0.071629,
		0.986331,
		0.148393,
		0,
		0.16551,
		0.055014,
		-0.248106,
		1
	},
	[0.333333333333] = {
		0.949804,
		0.034221,
		0.310968,
		0,
		0.302102,
		0.157928,
		-0.940103,
		0,
		-0.081282,
		0.986858,
		0.139662,
		0,
		0.143727,
		0.222998,
		-0.22785,
		1
	},
	[0.35] = {
		0.949728,
		0.049861,
		0.309082,
		0,
		0.298927,
		0.149034,
		-0.942567,
		0,
		-0.093061,
		0.987574,
		0.126637,
		0,
		0.108493,
		0.34365,
		-0.189078,
		1
	},
	[0.366666666667] = {
		0.871434,
		0.018954,
		0.490146,
		0,
		0.48644,
		0.095109,
		-0.868522,
		0,
		-0.063079,
		0.995286,
		0.073661,
		0,
		0.071103,
		0.422769,
		-0.125924,
		1
	},
	[0.383333333333] = {
		0.757416,
		-0.007314,
		0.652891,
		0,
		0.652769,
		0.030842,
		-0.756929,
		0,
		-0.0146,
		0.999498,
		0.028135,
		0,
		0.042889,
		0.493978,
		-0.090959,
		1
	},
	[0.3] = {
		0.890235,
		0.01354,
		0.4553,
		0,
		0.449483,
		0.135828,
		-0.882902,
		0,
		-0.073797,
		0.99064,
		0.114833,
		0,
		0.166835,
		-0.19886,
		-0.230172,
		1
	},
	[0.416666666667] = {
		0.8559,
		-0.02466,
		0.516553,
		0,
		0.516028,
		0.10623,
		-0.849959,
		0,
		-0.033913,
		0.994036,
		0.103648,
		0,
		0.024324,
		0.597935,
		-0.105632,
		1
	},
	[0.433333333333] = {
		0.857185,
		-0.017123,
		0.514723,
		0,
		0.513939,
		0.092795,
		-0.852793,
		0,
		-0.033162,
		0.995538,
		0.088343,
		0,
		0.027778,
		0.572806,
		-0.10586,
		1
	},
	[0.45] = {
		0.857364,
		-0.011852,
		0.514573,
		0,
		0.513845,
		0.077627,
		-0.854363,
		0,
		-0.029819,
		0.996912,
		0.072645,
		0,
		0.03254,
		0.548043,
		-0.105543,
		1
	},
	[0.466666666667] = {
		0.857228,
		-0.013158,
		0.51477,
		0,
		0.51432,
		0.070821,
		-0.854669,
		0,
		-0.025211,
		0.997402,
		0.067477,
		0,
		0.036005,
		0.536627,
		-0.103328,
		1
	},
	[0.483333333333] = {
		0.853233,
		-0.016656,
		0.521265,
		0,
		0.521079,
		0.068794,
		-0.850731,
		0,
		-0.02169,
		0.997492,
		0.067377,
		0,
		0.03685,
		0.53826,
		-0.102427,
		1
	},
	[0.4] = {
		0.852331,
		-0.032915,
		0.521965,
		0,
		0.522588,
		0.093314,
		-0.847464,
		0,
		-0.020813,
		0.995092,
		0.096736,
		0,
		0.031224,
		0.608944,
		-0.113764,
		1
	},
	[0.516666666667] = {
		0.82947,
		-0.025194,
		0.557983,
		0,
		0.558266,
		0.069317,
		-0.826761,
		0,
		-0.017848,
		0.997276,
		0.071561,
		0,
		0.034959,
		0.551178,
		-0.100657,
		1
	},
	[0.533333333333] = {
		0.815326,
		-0.029876,
		0.578231,
		0,
		0.578773,
		0.070171,
		-0.812464,
		0,
		-0.016302,
		0.997087,
		0.074504,
		0,
		0.033736,
		0.558748,
		-0.09977,
		1
	},
	[0.55] = {
		0.804113,
		-0.033389,
		0.593538,
		0,
		0.594277,
		0.071007,
		-0.80112,
		0,
		-0.015397,
		0.996917,
		0.07694,
		0,
		0.032593,
		0.564632,
		-0.098874,
		1
	},
	[0.566666666667] = {
		0.799572,
		-0.034634,
		0.59957,
		0,
		0.600375,
		0.071512,
		-0.796515,
		0,
		-0.015289,
		0.996838,
		0.077972,
		0,
		0.031732,
		0.567107,
		-0.097965,
		1
	},
	[0.583333333333] = {
		0.800404,
		-0.034313,
		0.598478,
		0,
		0.599254,
		0.072002,
		-0.797314,
		0,
		-0.015734,
		0.996814,
		0.078193,
		0,
		0.031085,
		0.567314,
		-0.097168,
		1
	},
	[0.5] = {
		0.843102,
		-0.020429,
		0.537365,
		0,
		0.537389,
		0.068755,
		-0.840527,
		0,
		-0.019775,
		0.997424,
		0.068946,
		0,
		0.036062,
		0.543742,
		-0.10154,
		1
	},
	[0.616666666667] = {
		0.806229,
		-0.03333,
		0.590664,
		0,
		0.591357,
		0.074213,
		-0.802987,
		0,
		-0.017071,
		0.996685,
		0.079543,
		0,
		0.029859,
		0.567646,
		-0.096209,
		1
	},
	[0.633333333333] = {
		0.810822,
		-0.032695,
		0.584379,
		0,
		0.58502,
		0.075734,
		-0.807475,
		0,
		-0.017857,
		0.996592,
		0.080534,
		0,
		0.029304,
		0.567767,
		-0.096002,
		1
	},
	[0.65] = {
		0.816262,
		-0.031982,
		0.576796,
		0,
		0.577381,
		0.077399,
		-0.812798,
		0,
		-0.018648,
		0.996487,
		0.081643,
		0,
		0.028803,
		0.567857,
		-0.095947,
		1
	},
	[0.666666666667] = {
		0.822346,
		-0.031209,
		0.568131,
		0,
		0.568657,
		0.079108,
		-0.818762,
		0,
		-0.019391,
		0.996377,
		0.082802,
		0,
		0.028367,
		0.567913,
		-0.096021,
		1
	},
	[0.683333333333] = {
		0.828876,
		-0.030395,
		0.558606,
		0,
		0.559074,
		0.080764,
		-0.825175,
		0,
		-0.020034,
		0.99627,
		0.083937,
		0,
		0.028008,
		0.567932,
		-0.096203,
		1
	},
	[0.6] = {
		0.802688,
		-0.033874,
		0.595436,
		0,
		0.596175,
		0.072936,
		-0.799535,
		0,
		-0.016345,
		0.996761,
		0.07874,
		0,
		0.030457,
		0.567494,
		-0.09659,
		1
	},
	[0.716666666667] = {
		0.842523,
		-0.028725,
		0.537894,
		0,
		0.538257,
		0.083524,
		-0.838631,
		0,
		-0.020838,
		0.996092,
		0.085832,
		0,
		0.02757,
		0.567855,
		-0.096799,
		1
	},
	[0.733333333333] = {
		0.849391,
		-0.027988,
		0.527021,
		0,
		0.527353,
		0.084389,
		-0.845445,
		0,
		-0.020812,
		0.99604,
		0.086439,
		0,
		0.027544,
		0.567751,
		-0.097173,
		1
	},
	[0.75] = {
		0.856173,
		-0.027391,
		0.515962,
		0,
		0.516287,
		0.084707,
		-0.852216,
		0,
		-0.020363,
		0.996029,
		0.086666,
		0,
		0.027681,
		0.567598,
		-0.097502,
		1
	},
	[0.766666666667] = {
		0.862675,
		-0.026756,
		0.505051,
		0,
		0.505382,
		0.084162,
		-0.858782,
		0,
		-0.019529,
		0.996093,
		0.086127,
		0,
		0.027962,
		0.566927,
		-0.097821,
		1
	},
	[0.783333333333] = {
		0.867887,
		-0.026012,
		0.49608,
		0,
		0.496422,
		0.082339,
		-0.864168,
		0,
		-0.018368,
		0.996265,
		0.084374,
		0,
		0.028355,
		0.566122,
		-0.097728,
		1
	},
	[0.7] = {
		0.835661,
		-0.02956,
		0.548449,
		0,
		0.548861,
		0.082269,
		-0.831855,
		0,
		-0.020531,
		0.996172,
		0.084973,
		0,
		0.027739,
		0.567914,
		-0.096469,
		1
	},
	[0.816666666667] = {
		0.874248,
		-0.024068,
		0.484882,
		0,
		0.485231,
		0.075227,
		-0.871144,
		0,
		-0.01551,
		0.996876,
		0.077445,
		0,
		0.029444,
		0.566153,
		-0.095364,
		1
	},
	[0.833333333333] = {
		0.87693,
		-0.02269,
		0.480081,
		0,
		0.480412,
		0.070583,
		-0.874198,
		0,
		-0.014049,
		0.997248,
		0.072797,
		0,
		0.030156,
		0.566832,
		-0.093447,
		1
	},
	[0.85] = {
		0.880244,
		-0.020935,
		0.47406,
		0,
		0.474351,
		0.065646,
		-0.877885,
		0,
		-0.012742,
		0.997623,
		0.067716,
		0,
		0.030989,
		0.567846,
		-0.091277,
		1
	},
	[0.866666666667] = {
		0.884861,
		-0.018732,
		0.465478,
		0,
		0.465707,
		0.060748,
		-0.882851,
		0,
		-0.011739,
		0.997977,
		0.062477,
		0,
		0.031944,
		0.569112,
		-0.089029,
		1
	},
	[0.883333333333] = {
		0.891142,
		-0.016012,
		0.453443,
		0,
		0.453586,
		0.05622,
		-0.889438,
		0,
		-0.011251,
		0.99829,
		0.057363,
		0,
		0.033068,
		0.570542,
		-0.086858,
		1
	},
	[0.8] = {
		0.871482,
		-0.025146,
		0.489782,
		0,
		0.490133,
		0.079253,
		-0.868037,
		0,
		-0.016989,
		0.996537,
		0.081393,
		0,
		0.028846,
		0.56589,
		-0.09685,
		1
	},
	[0.916666666667] = {
		0.910394,
		-0.009411,
		0.413635,
		0,
		0.413554,
		0.050824,
		-0.90906,
		0,
		-0.012467,
		0.998663,
		0.050162,
		0,
		0.035969,
		0.57354,
		-0.08559,
		1
	},
	[0.933333333333] = {
		0.924164,
		-0.005627,
		0.381955,
		0,
		0.381723,
		0.051413,
		-0.922846,
		0,
		-0.014444,
		0.998662,
		0.049662,
		0,
		0.037689,
		0.576778,
		-0.08618,
		1
	},
	[0.95] = {
		0.978326,
		0.015014,
		0.206525,
		0,
		0.204973,
		0.071375,
		-0.976162,
		0,
		-0.029397,
		0.997337,
		0.06675,
		0,
		0.041345,
		0.55707,
		-0.102019,
		1
	},
	[0.966666666667] = {
		0.998965,
		0.044464,
		-0.009621,
		0,
		-0.014206,
		0.103961,
		-0.99448,
		0,
		-0.043219,
		0.993587,
		0.104485,
		0,
		0.048309,
		0.527662,
		-0.127476,
		1
	},
	[0.983333333333] = {
		0.995583,
		0.062246,
		-0.070279,
		0,
		-0.078215,
		0.13592,
		-0.987628,
		0,
		-0.051924,
		0.988762,
		0.140188,
		0,
		0.060056,
		0.528599,
		-0.147783,
		1
	},
	[0.9] = {
		0.899473,
		-0.012901,
		0.436786,
		0,
		0.436827,
		0.052741,
		-0.897998,
		0,
		-0.011452,
		0.998525,
		0.053074,
		0,
		0.034414,
		0.572048,
		-0.085548,
		1
	},
	[1.01666666667] = {
		0.997806,
		0.063685,
		-0.018077,
		0,
		-0.028335,
		0.164062,
		-0.986043,
		0,
		-0.059831,
		0.984392,
		0.165506,
		0,
		0.080142,
		0.462364,
		-0.178055,
		1
	},
	[1.03333333333] = {
		0.993504,
		0.039998,
		0.106534,
		0,
		0.098147,
		0.172611,
		-0.980088,
		0,
		-0.05759,
		0.984178,
		0.167564,
		0,
		0.08864,
		0.392014,
		-0.190665,
		1
	},
	[1.05] = {
		0.973255,
		0.014419,
		0.229273,
		0,
		0.223124,
		0.178211,
		-0.958361,
		0,
		-0.054677,
		0.983887,
		0.170227,
		0,
		0.096865,
		0.303276,
		-0.204782,
		1
	},
	[1.06666666667] = {
		0.958858,
		0.002331,
		0.283878,
		0,
		0.278927,
		0.178376,
		-0.9436,
		0,
		-0.052837,
		0.98396,
		0.170387,
		0,
		0.104117,
		0.197717,
		-0.221675,
		1
	},
	[1.08333333333] = {
		0.964477,
		0.000763,
		0.264167,
		0,
		0.26034,
		0.166883,
		-0.950985,
		0,
		-0.04481,
		0.985976,
		0.160756,
		0,
		0.111123,
		0.059251,
		-0.243974,
		1
	},
	[1.11666666667] = {
		0.988727,
		-0.005924,
		0.14961,
		0,
		0.149329,
		0.111864,
		-0.982439,
		0,
		-0.010916,
		0.993706,
		0.111488,
		0,
		0.125279,
		-0.29191,
		-0.298984,
		1
	},
	[1.13333333333] = {
		0.996416,
		-0.009469,
		0.084056,
		0,
		0.084549,
		0.081452,
		-0.993085,
		0,
		0.002557,
		0.996632,
		0.08196,
		0,
		0.13099,
		-0.451856,
		-0.323869,
		1
	},
	[1.15] = {
		0.999368,
		-0.012142,
		0.033412,
		0,
		0.034064,
		0.058173,
		-0.997725,
		0,
		0.010171,
		0.998233,
		0.05855,
		0,
		0.134863,
		-0.566221,
		-0.341725,
		1
	},
	[1.16666666667] = {
		0.999827,
		-0.013292,
		0.013014,
		0,
		0.013651,
		0.048975,
		-0.998707,
		0,
		0.012637,
		0.998712,
		0.049148,
		0,
		0.136177,
		-0.608647,
		-0.348591,
		1
	},
	[1.18333333333] = {
		0.999826,
		-0.013572,
		0.012787,
		0,
		0.013447,
		0.049743,
		-0.998671,
		0,
		0.012918,
		0.99867,
		0.049917,
		0,
		0.13591,
		-0.606695,
		-0.348636,
		1
	},
	[1.1] = {
		0.976689,
		-0.00226,
		0.214645,
		0,
		0.212768,
		0.142558,
		-0.966647,
		0,
		-0.028415,
		0.989784,
		0.139715,
		0,
		0.118417,
		-0.11275,
		-0.271038,
		1
	},
	[1.21666666667] = {
		0.999817,
		-0.014623,
		0.012303,
		0,
		0.013082,
		0.054479,
		-0.998429,
		0,
		0.01393,
		0.998408,
		0.054661,
		0,
		0.135088,
		-0.605179,
		-0.348713,
		1
	},
	[1.23333333333] = {
		0.999809,
		-0.015359,
		0.012047,
		0,
		0.012921,
		0.058122,
		-0.998226,
		0,
		0.014632,
		0.998191,
		0.05831,
		0,
		0.134555,
		-0.605884,
		-0.348777,
		1
	},
	[1.25] = {
		0.999799,
		-0.01621,
		0.011787,
		0,
		0.012773,
		0.062129,
		-0.997986,
		0,
		0.015445,
		0.997936,
		0.062324,
		0,
		0.133955,
		-0.60782,
		-0.348715,
		1
	},
	[1.26666666667] = {
		0.999786,
		-0.017154,
		0.011529,
		0,
		0.01264,
		0.066101,
		-0.997733,
		0,
		0.016353,
		0.997665,
		0.066303,
		0,
		0.133294,
		-0.610913,
		-0.348383,
		1
	},
	[1.28333333333] = {
		0.999771,
		-0.018176,
		0.011275,
		0,
		0.01252,
		0.06992,
		-0.997474,
		0,
		0.017342,
		0.997387,
		0.070131,
		0,
		0.13258,
		-0.614986,
		-0.347813,
		1
	},
	[1.2] = {
		0.999823,
		-0.014022,
		0.012549,
		0,
		0.013258,
		0.051632,
		-0.998578,
		0,
		0.013354,
		0.998568,
		0.051809,
		0,
		0.135543,
		-0.605524,
		-0.348672,
		1
	},
	[1.31666666667] = {
		0.999734,
		-0.020389,
		0.010788,
		0,
		0.012322,
		0.076641,
		-0.996983,
		0,
		0.019501,
		0.99685,
		0.076872,
		0,
		0.131024,
		-0.625371,
		-0.346064,
		1
	},
	[1.33333333333] = {
		0.999712,
		-0.021548,
		0.010561,
		0,
		0.01224,
		0.079313,
		-0.996775,
		0,
		0.020641,
		0.996617,
		0.079554,
		0,
		0.130198,
		-0.631333,
		-0.344945,
		1
	},
	[1.35] = {
		0.999688,
		-0.02272,
		0.010351,
		0,
		0.012169,
		0.081372,
		-0.996609,
		0,
		0.0218,
		0.996425,
		0.081623,
		0,
		0.129355,
		-0.637574,
		-0.343704,
		1
	},
	[1.36666666667] = {
		0.999663,
		-0.023889,
		0.01016,
		0,
		0.012104,
		0.082704,
		-0.996501,
		0,
		0.022965,
		0.996288,
		0.082965,
		0,
		0.128504,
		-0.643918,
		-0.342375,
		1
	},
	[1.38333333333] = {
		0.999637,
		-0.02504,
		0.009992,
		0,
		0.012044,
		0.083192,
		-0.996461,
		0,
		0.02412,
		0.996219,
		0.083463,
		0,
		0.127658,
		-0.650191,
		-0.340996,
		1
	},
	[1.3] = {
		0.999754,
		-0.01926,
		0.011027,
		0,
		0.012415,
		0.073472,
		-0.99722,
		0,
		0.018396,
		0.997111,
		0.073693,
		0,
		0.131821,
		-0.619864,
		-0.34703,
		1
	},
	[1.41666666667] = {
		0.999582,
		-0.027222,
		0.009738,
		0,
		0.01192,
		0.081178,
		-0.996628,
		0,
		0.02634,
		0.996328,
		0.081468,
		0,
		0.126036,
		-0.661827,
		-0.338252,
		1
	},
	[1.43333333333] = {
		0.999555,
		-0.02822,
		0.009651,
		0,
		0.011859,
		0.079153,
		-0.996792,
		0,
		0.027366,
		0.996463,
		0.079452,
		0,
		0.125289,
		-0.666842,
		-0.336977,
		1
	},
	[1.45] = {
		0.99953,
		-0.029133,
		0.009587,
		0,
		0.011817,
		0.07736,
		-0.996933,
		0,
		0.028302,
		0.996577,
		0.077668,
		0,
		0.124605,
		-0.671092,
		-0.33583,
		1
	},
	[1.46666666667] = {
		0.999506,
		-0.029943,
		0.009546,
		0,
		0.011796,
		0.075865,
		-0.997048,
		0,
		0.02913,
		0.996668,
		0.076181,
		0,
		0.124002,
		-0.674402,
		-0.33486,
		1
	},
	[1.48333333333] = {
		0.999485,
		-0.030635,
		0.009527,
		0,
		0.011795,
		0.074733,
		-0.997134,
		0,
		0.029835,
		0.996733,
		0.075056,
		0,
		0.123496,
		-0.676601,
		-0.334117,
		1
	},
	[1.4] = {
		0.999609,
		-0.026156,
		0.009851,
		0,
		0.011984,
		0.082721,
		-0.996501,
		0,
		0.02525,
		0.996229,
		0.083002,
		0,
		0.126831,
		-0.656218,
		-0.339607,
		1
	},
	[1.5] = {
		0.999468,
		-0.031191,
		0.009529,
		0,
		0.011817,
		0.074031,
		-0.997186,
		0,
		0.030398,
		0.996768,
		0.07436,
		0,
		0.123102,
		-0.677515,
		-0.33365,
		1
	}
}

return spline_matrices
