-- chunkname: @content/characters/player/human/first_person/animations/2h_chain_sword/attack_left_diagonal_down.lua

local spline_matrices = {
	[0.0166666666667] = {
		0.890145,
		-0.14641,
		-0.431517,
		0,
		0.399437,
		-0.205036,
		0.893538,
		0,
		-0.219299,
		-0.967742,
		-0.12403,
		0,
		0.284388,
		-0.109922,
		-0.024748,
		1
	},
	[0.0333333333333] = {
		0.903551,
		-0.139015,
		-0.405303,
		0,
		0.376085,
		-0.19596,
		0.905627,
		0,
		-0.205319,
		-0.970708,
		-0.124778,
		0,
		0.310355,
		-0.079953,
		-0.020891,
		1
	},
	[0.05] = {
		0.918605,
		-0.127835,
		-0.373929,
		0,
		0.349884,
		-0.176764,
		0.919965,
		0,
		-0.183701,
		-0.975916,
		-0.117648,
		0,
		0.343839,
		-0.037926,
		-0.015717,
		1
	},
	[0.0666666666667] = {
		0.930505,
		-0.114427,
		-0.347946,
		0,
		0.331148,
		-0.143148,
		0.932657,
		0,
		-0.15653,
		-0.983064,
		-0.095308,
		0,
		0.376891,
		0.008291,
		-0.010017,
		1
	},
	[0.0833333333333] = {
		0.935606,
		-0.100692,
		-0.338381,
		0,
		0.330089,
		-0.090481,
		0.939603,
		0,
		-0.125228,
		-0.990795,
		-0.051418,
		0,
		0.401753,
		0.050619,
		-0.004339,
		1
	},
	[0] = {
		0.884309,
		-0.148698,
		-0.442591,
		0,
		0.409566,
		-0.208079,
		0.888233,
		0,
		-0.224173,
		-0.966743,
		-0.123104,
		0,
		0.273961,
		-0.121185,
		-0.026364,
		1
	},
	[0.116666666667] = {
		0.911517,
		-0.075298,
		-0.404311,
		0,
		0.411261,
		0.169892,
		0.895545,
		0,
		0.001256,
		-0.982582,
		0.185826,
		0,
		0.402863,
		0.12471,
		0.005086,
		1
	},
	[0.133333333333] = {
		0.880723,
		-0.064239,
		-0.469255,
		0,
		0.458028,
		0.367731,
		0.809311,
		0,
		0.12057,
		-0.927711,
		0.353292,
		0,
		0.383273,
		0.178353,
		0.007441,
		1
	},
	[0.15] = {
		0.838148,
		-0.054552,
		-0.542709,
		0,
		0.47141,
		0.572955,
		0.670444,
		0,
		0.274374,
		-0.817769,
		0.505937,
		0,
		0.354363,
		0.234281,
		0.008084,
		1
	},
	[0.166666666667] = {
		0.786683,
		-0.046264,
		-0.615621,
		0,
		0.431457,
		0.75443,
		0.494651,
		0,
		0.441559,
		-0.654748,
		0.613458,
		0,
		0.318357,
		0.28947,
		0.006767,
		1
	},
	[0.183333333333] = {
		0.731795,
		-0.039386,
		-0.680386,
		0,
		0.337138,
		0.888543,
		0.311175,
		0,
		0.592296,
		-0.4571,
		0.66351,
		0,
		0.277582,
		0.341323,
		0.002811,
		1
	},
	[0.1] = {
		0.929784,
		-0.087624,
		-0.357525,
		0,
		0.359667,
		0.009469,
		0.933033,
		0,
		-0.078371,
		-0.996109,
		0.04032,
		0,
		0.410806,
		0.084225,
		0.000961,
		1
	},
	[0.216666666667] = {
		0.63195,
		-0.029929,
		-0.774431,
		0,
		0.056441,
		0.998378,
		0.007473,
		0,
		0.772951,
		-0.048432,
		0.632614,
		0,
		0.189293,
		0.433328,
		-0.016792,
		1
	},
	[0.233333333333] = {
		0.587129,
		-0.02767,
		-0.809021,
		0,
		-0.120278,
		0.98534,
		-0.12099,
		0,
		0.800508,
		0.168344,
		0.575193,
		0,
		0.145353,
		0.475681,
		-0.03438,
		1
	},
	[0.25] = {
		0.566121,
		-0.015271,
		-0.824181,
		0,
		-0.307694,
		0.923649,
		-0.228466,
		0,
		0.764743,
		0.382935,
		0.518198,
		0,
		0.104285,
		0.513762,
		-0.057527,
		1
	},
	[0.266666666667] = {
		0.58272,
		0.019692,
		-0.812434,
		0,
		-0.484505,
		0.811028,
		-0.327854,
		0,
		0.65245,
		0.584676,
		0.482144,
		0,
		0.047838,
		0.541042,
		-0.086093,
		1
	},
	[0.283333333333] = {
		0.59864,
		0.061735,
		-0.798636,
		0,
		-0.63272,
		0.647862,
		-0.424193,
		0,
		0.491218,
		0.759252,
		0.426897,
		0,
		-0.031971,
		0.567755,
		-0.12176,
		1
	},
	[0.2] = {
		0.681161,
		-0.032954,
		-0.731391,
		0,
		0.207525,
		0.966705,
		0.149716,
		0,
		0.702106,
		-0.253763,
		0.665321,
		0,
		0.234015,
		0.388744,
		-0.004722,
		1
	},
	[0.316666666667] = {
		0.530486,
		0.116009,
		-0.839718,
		0,
		-0.83645,
		0.232438,
		-0.49631,
		0,
		0.137606,
		0.965668,
		0.220341,
		0,
		-0.227233,
		0.657067,
		-0.242333,
		1
	},
	[0.333333333333] = {
		0.491166,
		0.12079,
		-0.86265,
		0,
		-0.869256,
		0.00416,
		-0.494345,
		0,
		-0.056123,
		0.992669,
		0.107041,
		0,
		-0.306605,
		0.634321,
		-0.30357,
		1
	},
	[0.35] = {
		0.452578,
		0.119193,
		-0.883723,
		0,
		-0.855591,
		-0.221212,
		-0.468006,
		0,
		-0.251273,
		0.967914,
		0.001864,
		0,
		-0.383754,
		0.583932,
		-0.369176,
		1
	},
	[0.366666666667] = {
		0.435359,
		0.124695,
		-0.89158,
		0,
		-0.793377,
		-0.414901,
		-0.445433,
		0,
		-0.42546,
		0.901282,
		-0.081701,
		0,
		-0.44407,
		0.526997,
		-0.43644,
		1
	},
	[0.383333333333] = {
		0.43106,
		0.164533,
		-0.887196,
		0,
		-0.720762,
		-0.528746,
		-0.448253,
		0,
		-0.542853,
		0.83268,
		-0.109332,
		0,
		-0.48614,
		0.464204,
		-0.509215,
		1
	},
	[0.3] = {
		0.571985,
		0.094921,
		-0.814753,
		0,
		-0.754925,
		0.4494,
		-0.477627,
		0,
		0.320814,
		0.888273,
		0.328709,
		0,
		-0.132232,
		0.621349,
		-0.176965,
		1
	},
	[0.416666666667] = {
		0.428847,
		0.242411,
		-0.870245,
		0,
		-0.646067,
		-0.591019,
		-0.483006,
		0,
		-0.631417,
		0.769372,
		-0.096843,
		0,
		-0.51769,
		0.352506,
		-0.632736,
		1
	},
	[0.433333333333] = {
		0.45521,
		0.238303,
		-0.857902,
		0,
		-0.610372,
		-0.617979,
		-0.495527,
		0,
		-0.648251,
		0.749209,
		-0.135857,
		0,
		-0.500126,
		0.328168,
		-0.657032,
		1
	},
	[0.45] = {
		0.513477,
		0.227286,
		-0.827455,
		0,
		-0.556286,
		-0.646044,
		-0.522659,
		0,
		-0.653366,
		0.728675,
		-0.205293,
		0,
		-0.457351,
		0.303236,
		-0.678993,
		1
	},
	[0.466666666667] = {
		0.590603,
		0.211709,
		-0.778696,
		0,
		-0.487184,
		-0.675723,
		-0.553218,
		0,
		-0.643304,
		0.7061,
		-0.295943,
		0,
		-0.397399,
		0.276793,
		-0.698546,
		1
	},
	[0.483333333333] = {
		0.674151,
		0.193304,
		-0.71285,
		0,
		-0.409538,
		-0.705356,
		-0.578577,
		0,
		-0.614654,
		0.681987,
		-0.396351,
		0,
		-0.327206,
		0.25002,
		-0.715574,
		1
	},
	[0.4] = {
		0.426531,
		0.217784,
		-0.877862,
		0,
		-0.67461,
		-0.569904,
		-0.46916,
		0,
		-0.602473,
		0.792325,
		-0.096163,
		0,
		-0.511303,
		0.397537,
		-0.583432,
		1
	},
	[0.516666666667] = {
		0.819533,
		0.152843,
		-0.552272,
		0,
		-0.263039,
		-0.755896,
		-0.599527,
		0,
		-0.509093,
		0.636601,
		-0.579278,
		0,
		-0.18302,
		0.202814,
		-0.741228,
		1
	},
	[0.533333333333] = {
		0.868164,
		0.136075,
		-0.477259,
		0,
		-0.207878,
		-0.773534,
		-0.598691,
		0,
		-0.450642,
		0.618974,
		-0.643267,
		0,
		-0.123463,
		0.185805,
		-0.749274,
		1
	},
	[0.55] = {
		0.897789,
		0.124517,
		-0.422457,
		0,
		-0.171636,
		-0.784451,
		-0.595967,
		0,
		-0.405605,
		0.607562,
		-0.6829,
		0,
		-0.081908,
		0.175002,
		-0.75402,
		1
	},
	[0.566666666667] = {
		0.908362,
		0.120227,
		-0.40053,
		0,
		-0.158361,
		-0.787556,
		-0.595548,
		0,
		-0.387041,
		0.604401,
		-0.696347,
		0,
		-0.065607,
		0.171604,
		-0.755472,
		1
	},
	[0.583333333333] = {
		0.909056,
		0.120381,
		-0.398906,
		0,
		-0.157868,
		-0.786478,
		-0.597102,
		0,
		-0.38561,
		0.605773,
		-0.695948,
		0,
		-0.064358,
		0.172271,
		-0.755313,
		1
	},
	[0.5] = {
		0.753285,
		0.172786,
		-0.634592,
		0,
		-0.332343,
		-0.732622,
		-0.593981,
		0,
		-0.567548,
		0.658339,
		-0.494448,
		0,
		-0.253342,
		0.224814,
		-0.729911,
		1
	},
	[0.616666666667] = {
		0.910368,
		0.120981,
		-0.395718,
		0,
		-0.156072,
		-0.785289,
		-0.599135,
		0,
		-0.383238,
		0.607194,
		-0.69602,
		0,
		-0.061901,
		0.173209,
		-0.755206,
		1
	},
	[0.633333333333] = {
		0.910984,
		0.121186,
		-0.394236,
		0,
		-0.154906,
		-0.785348,
		-0.59936,
		0,
		-0.382246,
		0.607077,
		-0.696667,
		0,
		-0.060701,
		0.173343,
		-0.755305,
		1
	},
	[0.65] = {
		0.911565,
		0.12138,
		-0.392832,
		0,
		-0.153601,
		-0.78572,
		-0.599209,
		0,
		-0.381387,
		0.606557,
		-0.69759,
		0,
		-0.059534,
		0.173446,
		-0.755468,
		1
	},
	[0.666666666667] = {
		0.912104,
		0.121695,
		-0.391481,
		0,
		-0.152181,
		-0.786188,
		-0.598956,
		0,
		-0.380668,
		0.605886,
		-0.698566,
		0,
		-0.058417,
		0.173768,
		-0.755634,
		1
	},
	[0.683333333333] = {
		0.912593,
		0.122122,
		-0.390205,
		0,
		-0.150668,
		-0.786749,
		-0.598603,
		0,
		-0.380095,
		0.605072,
		-0.699582,
		0,
		-0.057366,
		0.174289,
		-0.755802,
		1
	},
	[0.6] = {
		0.909725,
		0.120676,
		-0.397288,
		0,
		-0.157079,
		-0.785694,
		-0.59834,
		0,
		-0.384353,
		0.60673,
		-0.69581,
		0,
		-0.063122,
		0.172833,
		-0.755217,
		1
	},
	[0.716666666667] = {
		0.913398,
		0.123276,
		-0.387952,
		0,
		-0.147448,
		-0.788128,
		-0.597589,
		0,
		-0.379424,
		0.60304,
		-0.701698,
		0,
		-0.055528,
		0.175859,
		-0.756148,
		1
	},
	[0.733333333333] = {
		0.9137,
		0.123984,
		-0.387015,
		0,
		-0.145787,
		-0.788937,
		-0.59693,
		0,
		-0.37934,
		0.601836,
		-0.702776,
		0,
		-0.054774,
		0.176872,
		-0.756325,
		1
	},
	[0.75] = {
		0.913925,
		0.124768,
		-0.386232,
		0,
		-0.14412,
		-0.789818,
		-0.596168,
		0,
		-0.379435,
		0.600517,
		-0.703853,
		0,
		-0.054151,
		0.178012,
		-0.756506,
		1
	},
	[0.766666666667] = {
		0.914066,
		0.125617,
		-0.38562,
		0,
		-0.142471,
		-0.790768,
		-0.595305,
		0,
		-0.379716,
		0.599088,
		-0.704918,
		0,
		-0.053678,
		0.179262,
		-0.75669,
		1
	},
	[0.783333333333] = {
		0.914118,
		0.126521,
		-0.385202,
		0,
		-0.140862,
		-0.79178,
		-0.594341,
		0,
		-0.380192,
		0.597558,
		-0.705959,
		0,
		-0.053369,
		0.180604,
		-0.756878,
		1
	},
	[0.7] = {
		0.913027,
		0.122652,
		-0.389021,
		0,
		-0.149082,
		-0.787397,
		-0.598147,
		0,
		-0.379678,
		0.604121,
		-0.70063,
		0,
		-0.056398,
		0.174992,
		-0.755974,
		1
	},
	[0.816666666667] = {
		0.913925,
		0.128456,
		-0.385019,
		0,
		-0.13785,
		-0.793975,
		-0.592115,
		0,
		-0.381757,
		0.594224,
		-0.707926,
		0,
		-0.053312,
		0.183492,
		-0.757265,
		1
	},
	[0.833333333333] = {
		0.913709,
		0.129463,
		-0.385196,
		0,
		-0.136431,
		-0.795148,
		-0.59087,
		0,
		-0.382784,
		0.592435,
		-0.70887,
		0,
		-0.053512,
		0.185001,
		-0.75747,
		1
	},
	[0.85] = {
		0.913465,
		0.130478,
		-0.38543,
		0,
		-0.135009,
		-0.796363,
		-0.589559,
		0,
		-0.383867,
		0.590578,
		-0.709834,
		0,
		-0.053764,
		0.18653,
		-0.757689,
		1
	},
	[0.866666666667] = {
		0.9132,
		0.131491,
		-0.385716,
		0,
		-0.133589,
		-0.797616,
		-0.588186,
		0,
		-0.384994,
		0.588659,
		-0.710816,
		0,
		-0.054061,
		0.188062,
		-0.757925,
		1
	},
	[0.883333333333] = {
		0.912915,
		0.132491,
		-0.386048,
		0,
		-0.132179,
		-0.798902,
		-0.586757,
		0,
		-0.386154,
		0.586687,
		-0.711817,
		0,
		-0.054397,
		0.189577,
		-0.758176,
		1
	},
	[0.8] = {
		0.914073,
		0.127471,
		-0.384995,
		0,
		-0.139314,
		-0.792851,
		-0.593278,
		0,
		-0.380869,
		0.595934,
		-0.706966,
		0,
		-0.053242,
		0.18202,
		-0.75707,
		1
	},
	[0.916666666667] = {
		0.912304,
		0.134412,
		-0.386827,
		0,
		-0.129418,
		-0.801558,
		-0.583743,
		0,
		-0.388526,
		0.582613,
		-0.713869,
		0,
		-0.055166,
		0.192487,
		-0.758731,
		1
	},
	[0.933333333333] = {
		0.911986,
		0.135311,
		-0.387263,
		0,
		-0.12808,
		-0.802919,
		-0.582166,
		0,
		-0.389714,
		0.580528,
		-0.71492,
		0,
		-0.055584,
		0.193846,
		-0.759035,
		1
	},
	[0.95] = {
		0.911665,
		0.136157,
		-0.387721,
		0,
		-0.12678,
		-0.804295,
		-0.580548,
		0,
		-0.390888,
		0.57842,
		-0.715986,
		0,
		-0.056017,
		0.195117,
		-0.759355,
		1
	},
	[0.966666666667] = {
		0.911346,
		0.136938,
		-0.388197,
		0,
		-0.125524,
		-0.805684,
		-0.578893,
		0,
		-0.392036,
		0.576299,
		-0.717068,
		0,
		-0.056457,
		0.196281,
		-0.759692,
		1
	},
	[0.983333333333] = {
		0.911032,
		0.137644,
		-0.388683,
		0,
		-0.12432,
		-0.807081,
		-0.577204,
		0,
		-0.393147,
		0.574172,
		-0.718165,
		0,
		-0.056896,
		0.197322,
		-0.760046,
		1
	},
	[0.9] = {
		0.912615,
		0.133468,
		-0.38642,
		0,
		-0.130787,
		-0.800218,
		-0.585274,
		0,
		-0.387336,
		0.584669,
		-0.712835,
		0,
		-0.054768,
		0.191058,
		-0.758445,
		1
	},
	[1.01666666667] = {
		0.91044,
		0.138793,
		-0.389661,
		0,
		-0.122094,
		-0.809884,
		-0.573744,
		0,
		-0.395212,
		0.569934,
		-0.720404,
		0,
		-0.057742,
		0.198957,
		-0.760799,
		1
	},
	[1.03333333333] = {
		0.91017,
		0.139216,
		-0.390141,
		0,
		-0.121086,
		-0.811281,
		-0.571979,
		0,
		-0.396142,
		0.567839,
		-0.721547,
		0,
		-0.058132,
		0.199517,
		-0.761197,
		1
	},
	[1.05] = {
		0.909924,
		0.139524,
		-0.390605,
		0,
		-0.120158,
		-0.812672,
		-0.570198,
		0,
		-0.39699,
		0.565771,
		-0.722705,
		0,
		-0.05849,
		0.19988,
		-0.761607,
		1
	},
	[1.06666666667] = {
		0.909705,
		0.139707,
		-0.391047,
		0,
		-0.119317,
		-0.814052,
		-0.568403,
		0,
		-0.397743,
		0.563738,
		-0.723878,
		0,
		-0.058808,
		0.20003,
		-0.762028,
		1
	},
	[1.08333333333] = {
		0.90952,
		0.139757,
		-0.39146,
		0,
		-0.118569,
		-0.815418,
		-0.566599,
		0,
		-0.39839,
		0.561749,
		-0.725068,
		0,
		-0.059076,
		0.199947,
		-0.762458,
		1
	},
	{
		0.910729,
		0.138266,
		-0.389173,
		0,
		-0.123174,
		-0.808482,
		-0.575486,
		0,
		-0.39421,
		0.572048,
		-0.719277,
		0,
		-0.057327,
		0.19822,
		-0.760415,
		1
	},
	[1.11666666667] = {
		0.909266,
		0.139415,
		-0.392172,
		0,
		-0.117381,
		-0.818092,
		-0.56298,
		0,
		-0.39932,
		0.557932,
		-0.727499,
		0,
		-0.059432,
		0.199014,
		-0.763337,
		1
	},
	[1.13333333333] = {
		0.909195,
		0.139003,
		-0.392482,
		0,
		-0.116972,
		-0.819394,
		-0.56117,
		0,
		-0.399602,
		0.556122,
		-0.728729,
		0,
		-0.059525,
		0.198128,
		-0.76378,
		1
	},
	[1.15] = {
		0.909151,
		0.138419,
		-0.39279,
		0,
		-0.116719,
		-0.820667,
		-0.559359,
		0,
		-0.399776,
		0.554388,
		-0.729954,
		0,
		-0.059583,
		0.196938,
		-0.76422,
		1
	},
	[1.16666666667] = {
		0.909136,
		0.137651,
		-0.393095,
		0,
		-0.116632,
		-0.821907,
		-0.557553,
		0,
		-0.399835,
		0.552739,
		-0.731171,
		0,
		-0.059603,
		0.195427,
		-0.764653,
		1
	},
	[1.1] = {
		0.909372,
		0.139663,
		-0.391838,
		0,
		-0.117921,
		-0.816766,
		-0.56479,
		0,
		-0.39892,
		0.559811,
		-0.726275,
		0,
		-0.059287,
		0.199614,
		-0.762895,
		1
	}
}

return spline_matrices
