local spline_matrices = {
	[0] = {
		-0.161967,
		-0.335131,
		0.928145,
		0,
		-0.972244,
		0.21513,
		-0.091984,
		0,
		-0.168845,
		-0.917282,
		-0.360672,
		0,
		-0.315406,
		-0.030221,
		-0.25497,
		1
	},
	{
		0.935035,
		0.227508,
		-0.271937,
		0,
		0.016859,
		-0.794642,
		-0.606845,
		0,
		-0.354155,
		0.562837,
		-0.746853,
		0,
		-0.141953,
		0.369337,
		-0.584157,
		1
	},
	[0.0166666666667] = {
		-0.160731,
		-0.335096,
		0.928373,
		0,
		-0.971846,
		0.217918,
		-0.0896,
		0,
		-0.172285,
		-0.916637,
		-0.360687,
		0,
		-0.316778,
		-0.028456,
		-0.254058,
		1
	},
	[0.0333333333333] = {
		-0.157357,
		-0.334936,
		0.929008,
		0,
		-0.97043,
		0.226811,
		-0.0826,
		0,
		-0.183044,
		-0.914535,
		-0.360722,
		0,
		-0.320486,
		-0.023115,
		-0.251438,
		1
	},
	[0.05] = {
		-0.152343,
		-0.334799,
		0.929893,
		0,
		-0.967515,
		0.242594,
		-0.071162,
		0,
		-0.201761,
		-0.910526,
		-0.36088,
		0,
		-0.325901,
		-0.014065,
		-0.247284,
		1
	},
	[0.0666666666667] = {
		-0.146186,
		-0.334779,
		0.930888,
		0,
		-0.962382,
		0.265976,
		-0.055478,
		0,
		-0.229021,
		-0.90398,
		-0.361067,
		0,
		-0.332387,
		-0.001195,
		-0.241758,
		1
	},
	[0.0833333333333] = {
		-0.139382,
		-0.334715,
		0.931954,
		0,
		-0.954034,
		0.297551,
		-0.035818,
		0,
		-0.265315,
		-0.894108,
		-0.360802,
		0,
		-0.339304,
		0.015535,
		-0.235011,
		1
	},
	[0.116666666667] = {
		-0.125822,
		-0.333783,
		0.934215,
		0,
		-0.922015,
		0.3869,
		0.014056,
		0,
		-0.366139,
		-0.859592,
		-0.356433,
		0,
		-0.351877,
		0.060706,
		-0.218498,
		1
	},
	[0.133333333333] = {
		-0.120063,
		-0.332569,
		0.935405,
		0,
		-0.894554,
		0.444855,
		0.043342,
		0,
		-0.430534,
		-0.831566,
		-0.350911,
		0,
		-0.356277,
		0.089201,
		-0.209082,
		1
	},
	[0.15] = {
		-0.115654,
		-0.330616,
		0.936652,
		0,
		-0.85626,
		0.511117,
		0.074684,
		0,
		-0.503431,
		-0.793381,
		-0.342206,
		0,
		-0.358603,
		0.121666,
		-0.199152,
		1
	},
	[0.166666666667] = {
		-0.113103,
		-0.327736,
		0.937975,
		0,
		-0.804267,
		0.584509,
		0.107252,
		0,
		-0.583406,
		-0.742252,
		-0.329697,
		0,
		-0.358265,
		0.158126,
		-0.18892,
		1
	},
	[0.183333333333] = {
		-0.144676,
		-0.319463,
		0.936489,
		0,
		-0.708619,
		0.694017,
		0.127276,
		0,
		-0.6906,
		-0.645201,
		-0.326785,
		0,
		-0.333106,
		0.219618,
		-0.176636,
		1
	},
	[0.1] = {
		-0.132428,
		-0.334439,
		0.933066,
		0,
		-0.941143,
		0.337777,
		-0.012505,
		0,
		-0.310986,
		-0.879805,
		-0.359486,
		0,
		-0.346012,
		0.036159,
		-0.227202,
		1
	},
	[0.216666666667] = {
		-0.306704,
		-0.280951,
		0.909394,
		0,
		-0.296297,
		0.936151,
		0.189288,
		0,
		-0.904511,
		-0.211396,
		-0.370366,
		0,
		-0.193217,
		0.411701,
		-0.142605,
		1
	},
	[0.233333333333] = {
		-0.378155,
		-0.256241,
		0.889572,
		0,
		-0.022675,
		0.963205,
		0.267812,
		0,
		-0.925465,
		0.081103,
		-0.37005,
		0,
		-0.111377,
		0.496599,
		-0.123118,
		1
	},
	[0.25] = {
		-0.422229,
		-0.225011,
		0.878119,
		0,
		0.296354,
		0.881209,
		0.3683,
		0,
		-0.856678,
		0.415741,
		-0.305389,
		0,
		-0.025321,
		0.568033,
		-0.097528,
		1
	},
	[0.266666666667] = {
		-0.442192,
		-0.187101,
		0.877188,
		0,
		0.612963,
		0.650937,
		0.447837,
		0,
		-0.654785,
		0.735714,
		-0.173153,
		0,
		0.070566,
		0.626983,
		-0.066818,
		1
	},
	[0.283333333333] = {
		-0.442008,
		-0.151059,
		0.8842,
		0,
		0.815361,
		0.343238,
		0.466234,
		0,
		-0.37392,
		0.927022,
		-0.028546,
		0,
		0.167723,
		0.649702,
		-0.041622,
		1
	},
	[0.2] = {
		-0.22031,
		-0.303002,
		0.927175,
		0,
		-0.536606,
		0.83142,
		0.144204,
		0,
		-0.814567,
		-0.465758,
		-0.345762,
		0,
		-0.272472,
		0.311786,
		-0.160946,
		1
	},
	[0.316666666667] = {
		-0.377661,
		-0.097078,
		0.920841,
		0,
		0.921254,
		-0.139358,
		0.363139,
		0,
		0.093073,
		0.985472,
		0.142063,
		0,
		0.379382,
		0.541842,
		-0.018995,
		1
	},
	[0.333333333333] = {
		-0.320168,
		-0.078494,
		0.944103,
		0,
		0.926496,
		-0.233947,
		0.294745,
		0,
		0.197735,
		0.969076,
		0.147627,
		0,
		0.442112,
		0.479555,
		-0.015785,
		1
	},
	[0.35] = {
		-0.254901,
		-0.048318,
		0.965759,
		0,
		0.899508,
		-0.378351,
		0.218485,
		0,
		0.354839,
		0.924401,
		0.139905,
		0,
		0.48894,
		0.442,
		-0.016178,
		1
	},
	[0.366666666667] = {
		-0.189013,
		-0.015391,
		0.981854,
		0,
		0.835158,
		-0.52845,
		0.152489,
		0,
		0.516514,
		0.848825,
		0.112738,
		0,
		0.535578,
		0.407419,
		-0.014856,
		1
	},
	[0.383333333333] = {
		-0.130316,
		0.01786,
		0.991311,
		0,
		0.755813,
		-0.645314,
		0.110984,
		0,
		0.641689,
		0.763709,
		0.070596,
		0,
		0.575496,
		0.380968,
		-0.012567,
		1
	},
	[0.3] = {
		-0.421423,
		-0.122066,
		0.898611,
		0,
		0.898905,
		0.074772,
		0.431717,
		0,
		-0.119889,
		0.989702,
		0.078215,
		0,
		0.274412,
		0.608772,
		-0.027686,
		1
	},
	[0.416666666667] = {
		-0.058574,
		0.085062,
		0.994652,
		0,
		0.648765,
		-0.754028,
		0.102689,
		0,
		0.758731,
		0.651311,
		-0.011019,
		0,
		0.640417,
		0.330665,
		-0.009805,
		1
	},
	[0.433333333333] = {
		-0.038875,
		0.114159,
		0.992701,
		0,
		0.626372,
		-0.771258,
		0.113222,
		0,
		0.778555,
		0.626202,
		-0.041523,
		0,
		0.666859,
		0.307556,
		-0.013075,
		1
	},
	[0.45] = {
		-0.026656,
		0.139074,
		0.989923,
		0,
		0.616877,
		-0.776947,
		0.125764,
		0,
		0.786608,
		0.614013,
		-0.065081,
		0,
		0.688194,
		0.288254,
		-0.021703,
		1
	},
	[0.466666666667] = {
		-0.018654,
		0.15928,
		0.987057,
		0,
		0.616203,
		-0.775615,
		0.136805,
		0,
		0.787367,
		0.610779,
		-0.083681,
		0,
		0.702196,
		0.275609,
		-0.038456,
		1
	},
	[0.483333333333] = {
		-0.011574,
		0.173728,
		0.984725,
		0,
		0.620021,
		-0.771374,
		0.143375,
		0,
		0.7845,
		0.61221,
		-0.098787,
		0,
		0.706567,
		0.272434,
		-0.065889,
		1
	},
	[0.4] = {
		-0.087012,
		0.052499,
		0.994823,
		0,
		0.687267,
		-0.719751,
		0.098095,
		0,
		0.721175,
		0.692245,
		0.026546,
		0,
		0.611022,
		0.354653,
		-0.010287,
		1
	},
	[0.516666666667] = {
		0.012367,
		0.194164,
		0.980891,
		0,
		0.665047,
		-0.73414,
		0.136935,
		0,
		0.7467,
		0.650645,
		-0.138207,
		0,
		0.698555,
		0.324995,
		-0.164554,
		1
	},
	[0.533333333333] = {
		0.03541,
		0.203259,
		0.978484,
		0,
		0.701725,
		-0.702189,
		0.12047,
		0,
		0.711568,
		0.682361,
		-0.167496,
		0,
		0.687071,
		0.371196,
		-0.226847,
		1
	},
	[0.55] = {
		0.069908,
		0.211972,
		0.974772,
		0,
		0.736972,
		-0.669531,
		0.092741,
		0,
		0.672299,
		0.711896,
		-0.203023,
		0,
		0.667967,
		0.416627,
		-0.288349,
		1
	},
	[0.566666666667] = {
		0.118768,
		0.220541,
		0.968119,
		0,
		0.763418,
		-0.643728,
		0.052988,
		0,
		0.634892,
		0.732787,
		-0.24482,
		0,
		0.639498,
		0.450727,
		-0.342014,
		1
	},
	[0.583333333333] = {
		0.184637,
		0.229124,
		0.955725,
		0,
		0.774123,
		-0.633032,
		0.002209,
		0,
		0.605511,
		0.739441,
		-0.294251,
		0,
		0.600004,
		0.462933,
		-0.380866,
		1
	},
	[0.5] = {
		-0.002254,
		0.184411,
		0.982846,
		0,
		0.63499,
		-0.759006,
		0.143868,
		0,
		0.772517,
		0.624422,
		-0.115389,
		0,
		0.70434,
		0.288569,
		-0.108545,
		1
	},
	[0.616666666667] = {
		0.398191,
		0.247555,
		0.883267,
		0,
		0.746968,
		-0.646402,
		-0.155576,
		0,
		0.532432,
		0.721721,
		-0.442307,
		0,
		0.481126,
		0.4506,
		-0.437071,
		1
	},
	[0.633333333333] = {
		0.532686,
		0.256449,
		0.806523,
		0,
		0.70504,
		-0.661627,
		-0.255282,
		0,
		0.46815,
		0.704616,
		-0.533246,
		0,
		0.405639,
		0.440093,
		-0.463216,
		1
	},
	[0.65] = {
		0.666039,
		0.263989,
		0.69764,
		0,
		0.641084,
		-0.680711,
		-0.354462,
		0,
		0.381317,
		0.683331,
		-0.62262,
		0,
		0.323873,
		0.427812,
		-0.487688,
		1
	},
	[0.666666666667] = {
		0.783802,
		0.269497,
		0.559487,
		0,
		0.557553,
		-0.70213,
		-0.442886,
		0,
		0.273476,
		0.659079,
		-0.700589,
		0,
		0.239181,
		0.414541,
		-0.510211,
		1
	},
	[0.683333333333] = {
		0.874715,
		0.27262,
		0.40069,
		0,
		0.460722,
		-0.724283,
		-0.512981,
		0,
		0.150364,
		0.633319,
		-0.759143,
		0,
		0.154919,
		0.40105,
		-0.530513,
		1
	},
	[0.6] = {
		0.2776,
		0.238172,
		0.930705,
		0,
		0.768502,
		-0.636398,
		-0.066362,
		0,
		0.576493,
		0.733671,
		-0.359699,
		0,
		0.546981,
		0.458541,
		-0.409529,
		1
	},
	[0.716666666667] = {
		0.959367,
		0.272258,
		0.074109,
		0,
		0.262505,
		-0.764874,
		-0.588268,
		0,
		-0.103477,
		0.583819,
		-0.805262,
		0,
		0.001132,
		0.376346,
		-0.563369,
		1
	},
	[0.733333333333] = {
		0.960658,
		0.269845,
		-0.065731,
		0,
		0.178392,
		-0.780904,
		-0.598636,
		0,
		-0.212868,
		0.563358,
		-0.798319,
		0,
		-0.061651,
		0.366509,
		-0.575387,
		1
	},
	[0.75] = {
		0.947771,
		0.266897,
		-0.174633,
		0,
		0.112962,
		-0.792916,
		-0.598769,
		0,
		-0.298279,
		0.547769,
		-0.781651,
		0,
		-0.11052,
		0.35919,
		-0.584113,
		1
	},
	[0.766666666667] = {
		0.932965,
		0.264047,
		-0.244655,
		0,
		0.070325,
		-0.80026,
		-0.595515,
		0,
		-0.353032,
		0.538389,
		-0.765183,
		0,
		-0.14208,
		0.354959,
		-0.589286,
		1
	},
	[0.783333333333] = {
		0.926775,
		0.26168,
		-0.269464,
		0,
		0.053705,
		-0.802337,
		-0.59445,
		0,
		-0.371757,
		0.53645,
		-0.757639,
		0,
		-0.152927,
		0.354327,
		-0.590648,
		1
	},
	[0.7] = {
		0.932984,
		0.273402,
		0.234076,
		0,
		0.359298,
		-0.745643,
		-0.561179,
		0,
		0.02111,
		0.607675,
		-0.793905,
		0,
		0.074447,
		0.388082,
		-0.548322,
		1
	},
	[0.816666666667] = {
		0.92796,
		0.257249,
		-0.269654,
		0,
		0.048539,
		-0.800817,
		-0.596938,
		0,
		-0.369506,
		0.540846,
		-0.755613,
		0,
		-0.151536,
		0.35698,
		-0.589408,
		1
	},
	[0.833333333333] = {
		0.928587,
		0.254852,
		-0.269772,
		0,
		0.045813,
		-0.800083,
		-0.598138,
		0,
		-0.368277,
		0.543064,
		-0.754622,
		0,
		-0.150773,
		0.358299,
		-0.588803,
		1
	},
	[0.85] = {
		0.92923,
		0.252352,
		-0.269907,
		0,
		0.043012,
		-0.79937,
		-0.599297,
		0,
		-0.366989,
		0.545276,
		-0.753653,
		0,
		-0.149972,
		0.359602,
		-0.588213,
		1
	},
	[0.866666666667] = {
		0.929885,
		0.249763,
		-0.270059,
		0,
		0.04015,
		-0.798683,
		-0.600411,
		0,
		-0.365652,
		0.547471,
		-0.752711,
		0,
		-0.149139,
		0.360881,
		-0.587641,
		1
	},
	[0.883333333333] = {
		0.930548,
		0.247099,
		-0.270229,
		0,
		0.037243,
		-0.798025,
		-0.601472,
		0,
		-0.364273,
		0.549634,
		-0.751803,
		0,
		-0.148279,
		0.362129,
		-0.587091,
		1
	},
	[0.8] = {
		0.927354,
		0.25953,
		-0.269552,
		0,
		0.051175,
		-0.80157,
		-0.595707,
		0,
		-0.370669,
		0.538637,
		-0.75662,
		0,
		-0.152256,
		0.355654,
		-0.590024,
		1
	},
	[0.916666666667] = {
		0.931875,
		0.241601,
		-0.270625,
		0,
		0.03135,
		-0.796817,
		-0.603407,
		0,
		-0.361422,
		0.553816,
		-0.750108,
		0,
		-0.146499,
		0.364498,
		-0.586071,
		1
	},
	[0.933333333333] = {
		0.932533,
		0.238794,
		-0.270851,
		0,
		0.028394,
		-0.796275,
		-0.604267,
		0,
		-0.359968,
		0.555809,
		-0.749333,
		0,
		-0.145589,
		0.365604,
		-0.585608,
		1
	},
	[0.95] = {
		0.933181,
		0.235967,
		-0.271096,
		0,
		0.025453,
		-0.795782,
		-0.605048,
		0,
		-0.358505,
		0.557719,
		-0.748614,
		0,
		-0.144674,
		0.366648,
		-0.585182,
		1
	},
	[0.966666666667] = {
		0.933816,
		0.233134,
		-0.271359,
		0,
		0.022539,
		-0.795342,
		-0.605742,
		0,
		-0.357043,
		0.559536,
		-0.747957,
		0,
		-0.14376,
		0.367624,
		-0.584795,
		1
	},
	[0.983333333333] = {
		0.934435,
		0.23031,
		-0.27164,
		0,
		0.01967,
		-0.79496,
		-0.606343,
		0,
		-0.35559,
		0.561246,
		-0.747368,
		0,
		-0.142851,
		0.368522,
		-0.584453,
		1
	},
	[0.9] = {
		0.931212,
		0.244374,
		-0.270418,
		0,
		0.034304,
		-0.797402,
		-0.602473,
		0,
		-0.36286,
		0.551753,
		-0.750933,
		0,
		-0.147397,
		0.363337,
		-0.586567,
		1
	},
	[1.01666666667] = {
		0.935613,
		0.224742,
		-0.272251,
		0,
		0.014121,
		-0.794393,
		-0.60724,
		0,
		-0.352747,
		0.564297,
		-0.746417,
		0,
		-0.141072,
		0.370061,
		-0.583912,
		1
	},
	[1.03333333333] = {
		0.936165,
		0.222026,
		-0.27258,
		0,
		0.011471,
		-0.79422,
		-0.607522,
		0,
		-0.351374,
		0.565614,
		-0.746067,
		0,
		-0.140213,
		0.370687,
		-0.583722,
		1
	},
	[1.05] = {
		0.93669,
		0.219375,
		-0.272923,
		0,
		0.008925,
		-0.794127,
		-0.607686,
		0,
		-0.350046,
		0.566777,
		-0.745809,
		0,
		-0.139383,
		0.371208,
		-0.58359,
		1
	},
	[1.06666666667] = {
		0.937185,
		0.216802,
		-0.273279,
		0,
		0.006497,
		-0.794122,
		-0.607724,
		0,
		-0.348772,
		0.567774,
		-0.745647,
		0,
		-0.138586,
		0.371617,
		-0.583519,
		1
	},
	[1.08333333333] = {
		0.937648,
		0.214299,
		-0.273665,
		0,
		0.004202,
		-0.794258,
		-0.607566,
		0,
		-0.347561,
		0.568533,
		-0.745635,
		0,
		-0.137828,
		0.37186,
		-0.583543,
		1
	},
	[1.11666666667] = {
		0.938469,
		0.209556,
		-0.274523,
		0,
		7e-05,
		-0.794994,
		-0.606617,
		0,
		-0.345364,
		0.569272,
		-0.746092,
		0,
		-0.136455,
		0.371808,
		-0.5839,
		1
	},
	[1.13333333333] = {
		0.938823,
		0.207383,
		-0.274962,
		0,
		-0.001736,
		-0.795518,
		-0.605928,
		0,
		-0.344397,
		0.569336,
		-0.746489,
		0,
		-0.135849,
		0.371583,
		-0.584184,
		1
	},
	[1.15] = {
		0.939136,
		0.205389,
		-0.275388,
		0,
		-0.00335,
		-0.796094,
		-0.605164,
		0,
		-0.343529,
		0.569254,
		-0.746952,
		0,
		-0.135307,
		0.371272,
		-0.584507,
		1
	},
	[1.16666666667] = {
		0.939408,
		0.203606,
		-0.275786,
		0,
		-0.004757,
		-0.796684,
		-0.604377,
		0,
		-0.342769,
		0.569068,
		-0.747443,
		0,
		-0.134832,
		0.370912,
		-0.584846,
		1
	},
	[1.18333333333] = {
		0.939635,
		0.20207,
		-0.276141,
		0,
		-0.005941,
		-0.797252,
		-0.603617,
		0,
		-0.342128,
		0.56882,
		-0.747925,
		0,
		-0.134431,
		0.370537,
		-0.585175,
		1
	},
	[1.1] = {
		0.938077,
		0.211873,
		-0.274085,
		0,
		0.002055,
		-0.794562,
		-0.60718,
		0,
		-0.346422,
		0.569018,
		-0.745795,
		0,
		-0.137116,
		0.371912,
		-0.583678,
		1
	},
	[1.21666666667] = {
		0.939948,
		0.199877,
		-0.276671,
		0,
		-0.007583,
		-0.798169,
		-0.602386,
		0,
		-0.341234,
		0.56831,
		-0.748721,
		0,
		-0.133872,
		0.369888,
		-0.585714,
		1
	},
	[1.23333333333] = {
		0.940029,
		0.199289,
		-0.27682,
		0,
		-0.008011,
		-0.798442,
		-0.602019,
		0,
		-0.341,
		0.568133,
		-0.748962,
		0,
		-0.133725,
		0.369684,
		-0.585876,
		1
	},
	[1.25] = {
		0.940057,
		0.199085,
		-0.276872,
		0,
		-0.008157,
		-0.798541,
		-0.601885,
		0,
		-0.34092,
		0.568064,
		-0.74905,
		0,
		-0.133675,
		0.369608,
		-0.585936,
		1
	},
	[1.2] = {
		0.939816,
		0.200816,
		-0.276441,
		0,
		-0.006888,
		-0.79776,
		-0.602936,
		0,
		-0.341613,
		0.568553,
		-0.748363,
		0,
		-0.134109,
		0.370184,
		-0.585473,
		1
	}
}

return spline_matrices
