local spline_matrices = {
	[0] = {
		0.486755,
		0.101365,
		-0.867637,
		0,
		0.859617,
		-0.232205,
		0.455127,
		0,
		-0.155336,
		-0.967371,
		-0.200161,
		0,
		0.362843,
		-0.273729,
		-0.132108,
		1
	},
	{
		0.914387,
		0.106468,
		-0.390591,
		0,
		-0.147959,
		-0.810171,
		-0.567214,
		0,
		-0.376836,
		0.576445,
		-0.725056,
		0,
		-0.061395,
		0.332906,
		-0.648497,
		1
	},
	[0.0166666666667] = {
		0.488969,
		0.105767,
		-0.865865,
		0,
		0.860122,
		-0.223752,
		0.458394,
		0,
		-0.145256,
		-0.96889,
		-0.20038,
		0,
		0.373944,
		-0.198048,
		-0.120788,
		1
	},
	[0.0333333333333] = {
		0.494925,
		0.116694,
		-0.861064,
		0,
		0.861113,
		-0.198539,
		0.468045,
		0,
		-0.116337,
		-0.973121,
		-0.198749,
		0,
		0.403525,
		-0.08642,
		-0.095555,
		1
	},
	[0.05] = {
		0.503496,
		0.134044,
		-0.853536,
		0,
		0.861114,
		-0.158501,
		0.483074,
		0,
		-0.070533,
		-0.978218,
		-0.195231,
		0,
		0.446405,
		-0.028663,
		-0.070302,
		1
	},
	[0.0666666666667] = {
		0.513528,
		0.156242,
		-0.843728,
		0,
		0.858015,
		-0.104901,
		0.502798,
		0,
		-0.00995,
		-0.982133,
		-0.187927,
		0,
		0.497279,
		0.012459,
		-0.059002,
		1
	},
	[0.0833333333333] = {
		0.523934,
		0.181675,
		-0.832158,
		0,
		0.849429,
		-0.039229,
		0.526243,
		0,
		0.06296,
		-0.982576,
		-0.174873,
		0,
		0.550906,
		0.039145,
		-0.067126,
		1
	},
	[0.116666666667] = {
		0.542339,
		0.235632,
		-0.80644,
		0,
		0.80703,
		0.120784,
		0.578026,
		0,
		0.233607,
		-0.964307,
		-0.124657,
		0,
		0.643595,
		0.106882,
		-0.102941,
		1
	},
	[0.133333333333] = {
		0.549122,
		0.260827,
		-0.793999,
		0,
		0.770293,
		0.210604,
		0.60191,
		0,
		0.324213,
		-0.942134,
		-0.085265,
		0,
		0.671426,
		0.155087,
		-0.112054,
		1
	},
	[0.15] = {
		0.55386,
		0.282662,
		-0.783161,
		0,
		0.722801,
		0.303653,
		0.620768,
		0,
		0.413277,
		-0.909888,
		-0.036127,
		0,
		0.679764,
		0.208425,
		-0.11287,
		1
	},
	[0.166666666667] = {
		0.556446,
		0.299494,
		-0.775029,
		0,
		0.665665,
		0.39754,
		0.631547,
		0,
		0.49725,
		-0.867333,
		0.021846,
		0,
		0.663181,
		0.264077,
		-0.112464,
		1
	},
	[0.183333333333] = {
		0.556841,
		0.309668,
		-0.770736,
		0,
		0.6011,
		0.49015,
		0.631215,
		0,
		0.573243,
		-0.814776,
		0.086794,
		0,
		0.623145,
		0.318731,
		-0.110978,
		1
	},
	[0.1] = {
		0.533779,
		0.208694,
		-0.819467,
		0,
		0.833052,
		0.03671,
		0.551976,
		0,
		0.145277,
		-0.977292,
		-0.154258,
		0,
		0.601651,
		0.065486,
		-0.084825,
		1
	},
	[0.216666666667] = {
		0.422873,
		0.201675,
		-0.883462,
		0,
		0.445235,
		0.802893,
		0.396396,
		0,
		0.789268,
		-0.560973,
		0.249729,
		0,
		0.492198,
		0.426192,
		-0.105706,
		1
	},
	[0.233333333333] = {
		0.192612,
		0.077357,
		-0.978221,
		0,
		0.134942,
		0.985329,
		0.104489,
		0,
		0.971952,
		-0.152129,
		0.179348,
		0,
		0.410874,
		0.479435,
		-0.102415,
		1
	},
	[0.25] = {
		0.064048,
		0.068418,
		-0.995598,
		0,
		-0.332494,
		0.942109,
		0.043352,
		0,
		0.940928,
		0.328254,
		0.083089,
		0,
		0.325695,
		0.529954,
		-0.099075,
		1
	},
	[0.266666666667] = {
		0.007184,
		0.068213,
		-0.997645,
		0,
		-0.700044,
		0.712762,
		0.043693,
		0,
		0.714064,
		0.698082,
		0.052872,
		0,
		0.241779,
		0.575605,
		-0.096037,
		1
	},
	[0.283333333333] = {
		0.000746,
		0.053778,
		-0.998552,
		0,
		-0.837924,
		0.545031,
		0.028727,
		0,
		0.545787,
		0.83669,
		0.045469,
		0,
		0.159143,
		0.614153,
		-0.093645,
		1
	},
	[0.2] = {
		0.554926,
		0.31156,
		-0.771354,
		0,
		0.532204,
		0.579692,
		0.617022,
		0,
		0.639387,
		-0.75292,
		0.155873,
		0,
		0.564561,
		0.372475,
		-0.108642,
		1
	},
	[0.316666666667] = {
		0.016229,
		0.047013,
		-0.998762,
		0,
		-0.982614,
		0.185522,
		-0.007234,
		0,
		0.184952,
		0.981515,
		0.049207,
		0,
		-0.032646,
		0.661083,
		-0.096211,
		1
	},
	[0.333333333333] = {
		0.029788,
		0.061786,
		-0.997644,
		0,
		-0.998493,
		-0.044189,
		-0.03255,
		0,
		-0.046096,
		0.997111,
		0.060377,
		0,
		-0.155634,
		0.665271,
		-0.106324,
		1
	},
	[0.35] = {
		0.041288,
		0.078085,
		-0.996091,
		0,
		-0.969376,
		-0.23842,
		-0.05887,
		0,
		-0.242085,
		0.968018,
		0.06585,
		0,
		-0.318047,
		0.657218,
		-0.117126,
		1
	},
	[0.366666666667] = {
		0.048076,
		0.087998,
		-0.994959,
		0,
		-0.905855,
		-0.41586,
		-0.080551,
		0,
		-0.420852,
		0.905161,
		0.059721,
		0,
		-0.464439,
		0.608686,
		-0.122791,
		1
	},
	[0.383333333333] = {
		0.025772,
		0.079313,
		-0.996516,
		0,
		-0.806618,
		-0.587195,
		-0.067596,
		0,
		-0.590511,
		0.805551,
		0.048842,
		0,
		-0.544903,
		0.474533,
		-0.122166,
		1
	},
	[0.3] = {
		0.005154,
		0.041998,
		-0.999104,
		0,
		-0.914343,
		0.404755,
		0.012297,
		0,
		0.404909,
		0.91346,
		0.040486,
		0,
		0.069971,
		0.643354,
		-0.092186,
		1
	},
	[0.416666666667] = {
		0.119449,
		0.330586,
		-0.936186,
		0,
		-0.510751,
		-0.788137,
		-0.343473,
		0,
		-0.851391,
		0.519186,
		0.074705,
		0,
		-0.560153,
		0.170822,
		-0.111397,
		1
	},
	[0.433333333333] = {
		0.211465,
		0.566057,
		-0.796782,
		0,
		-0.250357,
		-0.756649,
		-0.60399,
		0,
		-0.944777,
		0.327203,
		-0.018289,
		0,
		-0.544938,
		0.034919,
		-0.104906,
		1
	},
	[0.45] = {
		0.154549,
		0.345567,
		-0.925579,
		0,
		-0.005637,
		-0.936512,
		-0.35059,
		0,
		-0.987969,
		0.059401,
		-0.142789,
		0,
		-0.582321,
		-0.121537,
		-0.09876,
		1
	},
	[0.466666666667] = {
		-0.002495,
		0.104949,
		-0.994474,
		0,
		0.183709,
		-0.977504,
		-0.103619,
		0,
		-0.982978,
		-0.182953,
		-0.016841,
		0,
		-0.617428,
		-0.225466,
		-0.095357,
		1
	},
	[0.483333333333] = {
		-0.209417,
		0.321405,
		-0.923495,
		0,
		0.126689,
		-0.927558,
		-0.351548,
		0,
		-0.969585,
		-0.190617,
		0.153528,
		0,
		-0.590262,
		-0.230647,
		-0.118876,
		1
	},
	[0.4] = {
		0.00112,
		0.071916,
		-0.99741,
		0,
		-0.677025,
		-0.733999,
		-0.053684,
		0,
		-0.735959,
		0.675332,
		0.047866,
		0,
		-0.574521,
		0.311149,
		-0.117701,
		1
	},
	[0.516666666667] = {
		-0.250503,
		0.501922,
		-0.827842,
		0,
		-0.000557,
		-0.855181,
		-0.518329,
		0,
		-0.968116,
		-0.129382,
		0.214505,
		0,
		-0.444559,
		-0.132611,
		-0.263799,
		1
	},
	[0.533333333333] = {
		-0.105342,
		0.455575,
		-0.883942,
		0,
		-0.004591,
		-0.889102,
		-0.457687,
		0,
		-0.994426,
		-0.044156,
		0.095751,
		0,
		-0.353392,
		-0.056536,
		-0.356949,
		1
	},
	[0.55] = {
		0.115657,
		0.3864,
		-0.915051,
		0,
		-0.03803,
		-0.918836,
		-0.392804,
		0,
		-0.992561,
		0.08023,
		-0.091575,
		0,
		-0.266799,
		0.019666,
		-0.445157,
		1
	},
	[0.566666666667] = {
		0.373741,
		0.304263,
		-0.876208,
		0,
		-0.10075,
		-0.92576,
		-0.364443,
		0,
		-0.922045,
		0.224485,
		-0.31534,
		0,
		-0.196606,
		0.082623,
		-0.514476,
		1
	},
	[0.583333333333] = {
		0.612847,
		0.221632,
		-0.758484,
		0,
		-0.161894,
		-0.904285,
		-0.395043,
		0,
		-0.77344,
		0.364895,
		-0.518307,
		0,
		-0.138045,
		0.145321,
		-0.566566,
		1
	},
	[0.5] = {
		-0.303042,
		0.51812,
		-0.799823,
		0,
		-0.002745,
		-0.83976,
		-0.542951,
		0,
		-0.952973,
		-0.162342,
		0.255905,
		0,
		-0.52812,
		-0.195134,
		-0.179736,
		1
	},
	[0.616666666667] = {
		0.883269,
		0.103125,
		-0.457386,
		0,
		-0.181263,
		-0.824561,
		-0.535951,
		0,
		-0.432413,
		0.556296,
		-0.709615,
		0,
		-0.044195,
		0.273382,
		-0.638185,
		1
	},
	[0.633333333333] = {
		0.913135,
		0.085504,
		-0.398589,
		0,
		-0.170937,
		-0.807338,
		-0.564788,
		0,
		-0.370088,
		0.583862,
		-0.722592,
		0,
		-0.028675,
		0.297428,
		-0.648761,
		1
	},
	[0.65] = {
		0.913678,
		0.085808,
		-0.397278,
		0,
		-0.169941,
		-0.807261,
		-0.565199,
		0,
		-0.369206,
		0.583924,
		-0.722993,
		0,
		-0.028628,
		0.297896,
		-0.648731,
		1
	},
	[0.666666666667] = {
		0.914205,
		0.086189,
		-0.395981,
		0,
		-0.16888,
		-0.807209,
		-0.565591,
		0,
		-0.368388,
		0.583939,
		-0.723398,
		0,
		-0.028712,
		0.298532,
		-0.648705,
		1
	},
	[0.683333333333] = {
		0.914706,
		0.086643,
		-0.394723,
		0,
		-0.16777,
		-0.807184,
		-0.565957,
		0,
		-0.36765,
		0.583907,
		-0.7238,
		0,
		-0.028935,
		0.299326,
		-0.648686,
		1
	},
	[0.6] = {
		0.787144,
		0.151171,
		-0.597956,
		0,
		-0.188644,
		-0.864027,
		-0.466766,
		0,
		-0.587212,
		0.480213,
		-0.651596,
		0,
		-0.083939,
		0.21579,
		-0.609308,
		1
	},
	[0.716666666667] = {
		0.915594,
		0.087758,
		-0.392412,
		0,
		-0.165465,
		-0.807213,
		-0.566594,
		0,
		-0.366484,
		0.583701,
		-0.724557,
		0,
		-0.029846,
		0.301349,
		-0.648663,
		1
	},
	[0.733333333333] = {
		0.915961,
		0.088415,
		-0.391407,
		0,
		-0.164305,
		-0.807267,
		-0.566854,
		0,
		-0.366088,
		0.583526,
		-0.724897,
		0,
		-0.030555,
		0.302557,
		-0.648659,
		1
	},
	[0.75] = {
		0.916264,
		0.089133,
		-0.390532,
		0,
		-0.16316,
		-0.807349,
		-0.567069,
		0,
		-0.36584,
		0.583304,
		-0.725201,
		0,
		-0.031447,
		0.303882,
		-0.648661,
		1
	},
	[0.766666666667] = {
		0.916495,
		0.089909,
		-0.389813,
		0,
		-0.162049,
		-0.807457,
		-0.567233,
		0,
		-0.365757,
		0.583034,
		-0.72546,
		0,
		-0.032534,
		0.305314,
		-0.648667,
		1
	},
	[0.783333333333] = {
		0.916643,
		0.090742,
		-0.389271,
		0,
		-0.160986,
		-0.807594,
		-0.567341,
		0,
		-0.365855,
		0.582717,
		-0.725666,
		0,
		-0.033825,
		0.306844,
		-0.648678,
		1
	},
	[0.7] = {
		0.915172,
		0.087167,
		-0.393525,
		0,
		-0.166626,
		-0.807185,
		-0.566293,
		0,
		-0.36701,
		0.583828,
		-0.724189,
		0,
		-0.02931,
		0.300269,
		-0.648671,
		1
	},
	[0.816666666667] = {
		0.916655,
		0.092595,
		-0.388806,
		0,
		-0.159075,
		-0.807901,
		-0.567442,
		0,
		-0.36666,
		0.581998,
		-0.725837,
		0,
		-0.037067,
		0.310206,
		-0.648681,
		1
	},
	[0.833333333333] = {
		0.916542,
		0.093617,
		-0.388827,
		0,
		-0.158197,
		-0.808063,
		-0.567458,
		0,
		-0.36732,
		0.58161,
		-0.725813,
		0,
		-0.038968,
		0.31203,
		-0.64867,
		1
	},
	[0.85] = {
		0.916404,
		0.094698,
		-0.388891,
		0,
		-0.157296,
		-0.80823,
		-0.567469,
		0,
		-0.368052,
		0.581202,
		-0.725769,
		0,
		-0.040959,
		0.313936,
		-0.648654,
		1
	},
	[0.866666666667] = {
		0.916242,
		0.095833,
		-0.388995,
		0,
		-0.156371,
		-0.808405,
		-0.567476,
		0,
		-0.368849,
		0.580773,
		-0.725708,
		0,
		-0.043032,
		0.315911,
		-0.648635,
		1
	},
	[0.883333333333] = {
		0.916058,
		0.09702,
		-0.389133,
		0,
		-0.155421,
		-0.808587,
		-0.567477,
		0,
		-0.369705,
		0.580322,
		-0.725634,
		0,
		-0.045177,
		0.317945,
		-0.648615,
		1
	},
	[0.8] = {
		0.9167,
		0.091636,
		-0.388928,
		0,
		-0.15999,
		-0.807745,
		-0.567407,
		0,
		-0.36615,
		0.582366,
		-0.725798,
		0,
		-0.035333,
		0.308473,
		-0.648685,
		1
	},
	[0.916666666667] = {
		0.915638,
		0.099534,
		-0.389488,
		0,
		-0.153441,
		-0.80898,
		-0.567456,
		0,
		-0.37157,
		0.579348,
		-0.72546,
		0,
		-0.049645,
		0.322145,
		-0.64857,
		1
	},
	[0.933333333333] = {
		0.915405,
		0.100854,
		-0.389694,
		0,
		-0.152408,
		-0.809193,
		-0.567432,
		0,
		-0.372566,
		0.578823,
		-0.725368,
		0,
		-0.051948,
		0.324289,
		-0.648549,
		1
	},
	[0.95] = {
		0.915162,
		0.102211,
		-0.389913,
		0,
		-0.151344,
		-0.809417,
		-0.567397,
		0,
		-0.373597,
		0.578271,
		-0.725278,
		0,
		-0.054284,
		0.326448,
		-0.64853,
		1
	},
	[0.966666666667] = {
		0.914909,
		0.103601,
		-0.390139,
		0,
		-0.150249,
		-0.809654,
		-0.56735,
		0,
		-0.374656,
		0.577692,
		-0.725193,
		0,
		-0.056644,
		0.328611,
		-0.648514,
		1
	},
	[0.983333333333] = {
		0.91465,
		0.105021,
		-0.390367,
		0,
		-0.149121,
		-0.809905,
		-0.567289,
		0,
		-0.375738,
		0.577083,
		-0.725118,
		0,
		-0.059018,
		0.330767,
		-0.648502,
		1
	},
	[0.9] = {
		0.915856,
		0.098255,
		-0.389299,
		0,
		-0.154445,
		-0.808779,
		-0.567471,
		0,
		-0.370614,
		0.579847,
		-0.72555,
		0,
		-0.047385,
		0.320027,
		-0.648593,
		1
	},
	[1.01666666667] = {
		0.914123,
		0.107937,
		-0.390806,
		0,
		-0.146761,
		-0.810452,
		-0.567123,
		0,
		-0.377943,
		0.575775,
		-0.725011,
		0,
		-0.063766,
		0.335016,
		-0.648499,
		1
	},
	[1.03333333333] = {
		0.91386,
		0.109425,
		-0.391008,
		0,
		-0.145527,
		-0.810751,
		-0.567014,
		0,
		-0.379055,
		0.575074,
		-0.724987,
		0,
		-0.06612,
		0.337088,
		-0.64851,
		1
	},
	[1.05] = {
		0.9136,
		0.110928,
		-0.39119,
		0,
		-0.144254,
		-0.811067,
		-0.566887,
		0,
		-0.380165,
		0.574339,
		-0.724989,
		0,
		-0.068447,
		0.33911,
		-0.648532,
		1
	},
	[1.06666666667] = {
		0.913347,
		0.112443,
		-0.391348,
		0,
		-0.142942,
		-0.811402,
		-0.56674,
		0,
		-0.381267,
		0.573571,
		-0.725018,
		0,
		-0.070737,
		0.341071,
		-0.648567,
		1
	},
	[1.08333333333] = {
		0.913103,
		0.113967,
		-0.391477,
		0,
		-0.14159,
		-0.811757,
		-0.566571,
		0,
		-0.382355,
		0.572767,
		-0.725081,
		0,
		-0.07298,
		0.342963,
		-0.648615,
		1
	},
	[1.11666666667] = {
		0.912653,
		0.117024,
		-0.391626,
		0,
		-0.138758,
		-0.812532,
		-0.566161,
		0,
		-0.384463,
		0.571049,
		-0.725321,
		0,
		-0.07728,
		0.346492,
		-0.648763,
		1
	},
	[1.13333333333] = {
		0.91244,
		0.11855,
		-0.391662,
		0,
		-0.137292,
		-0.812954,
		-0.565913,
		0,
		-0.385493,
		0.570134,
		-0.725495,
		0,
		-0.079335,
		0.34811,
		-0.648864,
		1
	},
	[1.15] = {
		0.912223,
		0.120071,
		-0.391705,
		0,
		-0.135815,
		-0.813399,
		-0.565628,
		0,
		-0.386528,
		0.569179,
		-0.725694,
		0,
		-0.08134,
		0.349617,
		-0.648982,
		1
	},
	[1.16666666667] = {
		0.912002,
		0.121582,
		-0.391754,
		0,
		-0.13433,
		-0.813871,
		-0.565305,
		0,
		-0.387568,
		0.568184,
		-0.725919,
		0,
		-0.083288,
		0.351001,
		-0.649117,
		1
	},
	[1.18333333333] = {
		0.911776,
		0.123079,
		-0.391811,
		0,
		-0.132838,
		-0.814368,
		-0.564941,
		0,
		-0.388611,
		0.567147,
		-0.726172,
		0,
		-0.085172,
		0.352254,
		-0.649272,
		1
	},
	[1.1] = {
		0.912871,
		0.115495,
		-0.391571,
		0,
		-0.140196,
		-0.812134,
		-0.566378,
		0,
		-0.383422,
		0.571927,
		-0.725181,
		0,
		-0.075164,
		0.344773,
		-0.64868,
		1
	},
	[1.21666666667] = {
		0.911315,
		0.12602,
		-0.391949,
		0,
		-0.129843,
		-0.815448,
		-0.56408,
		0,
		-0.390699,
		0.564946,
		-0.726766,
		0,
		-0.088719,
		0.354324,
		-0.649642,
		1
	},
	[1.23333333333] = {
		0.91108,
		0.127456,
		-0.392031,
		0,
		-0.128345,
		-0.816031,
		-0.563578,
		0,
		-0.391742,
		0.56378,
		-0.727111,
		0,
		-0.090367,
		0.355121,
		-0.649859,
		1
	},
	[1.25] = {
		0.910842,
		0.128865,
		-0.392124,
		0,
		-0.126849,
		-0.816646,
		-0.563027,
		0,
		-0.392781,
		0.562569,
		-0.727488,
		0,
		-0.091924,
		0.355747,
		-0.6501,
		1
	},
	[1.26666666667] = {
		0.910602,
		0.130243,
		-0.392226,
		0,
		-0.125357,
		-0.817293,
		-0.562422,
		0,
		-0.393815,
		0.561311,
		-0.727901,
		0,
		-0.09338,
		0.356192,
		-0.650364,
		1
	},
	[1.28333333333] = {
		0.91036,
		0.131585,
		-0.39234,
		0,
		-0.123873,
		-0.817972,
		-0.561762,
		0,
		-0.394843,
		0.560006,
		-0.728349,
		0,
		-0.094729,
		0.356445,
		-0.650652,
		1
	},
	[1.2] = {
		0.911547,
		0.12456,
		-0.391875,
		0,
		-0.131341,
		-0.814894,
		-0.564533,
		0,
		-0.389655,
		0.566068,
		-0.726454,
		0,
		-0.086984,
		0.353365,
		-0.649446,
		1
	},
	[1.31666666667] = {
		0.909872,
		0.134152,
		-0.392603,
		0,
		-0.120933,
		-0.819436,
		-0.560268,
		0,
		-0.396874,
		0.557251,
		-0.729358,
		0,
		-0.097074,
		0.356341,
		-0.651304,
		1
	},
	[1.33333333333] = {
		0.909627,
		0.135369,
		-0.392753,
		0,
		-0.119483,
		-0.820222,
		-0.559428,
		0,
		-0.397874,
		0.555798,
		-0.729921,
		0,
		-0.098055,
		0.355964,
		-0.651669,
		1
	},
	[1.35] = {
		0.909381,
		0.136537,
		-0.392917,
		0,
		-0.118048,
		-0.821045,
		-0.558524,
		0,
		-0.398861,
		0.554295,
		-0.730525,
		0,
		-0.098899,
		0.355357,
		-0.65206,
		1
	},
	[1.36666666667] = {
		0.909137,
		0.137652,
		-0.393094,
		0,
		-0.116631,
		-0.821907,
		-0.557553,
		0,
		-0.399835,
		0.552739,
		-0.731171,
		0,
		-0.099597,
		0.354511,
		-0.652478,
		1
	},
	[1.3] = {
		0.910116,
		0.13289,
		-0.392465,
		0,
		-0.122397,
		-0.818686,
		-0.561045,
		0,
		-0.395863,
		0.558653,
		-0.728834,
		0,
		-0.095963,
		0.356498,
		-0.650965,
		1
	}
}

return spline_matrices
