local spline_matrices = {
	[0] = {
		0.319406,
		-0.257881,
		0.911854,
		0,
		-0.942125,
		-0.189874,
		0.276311,
		0,
		0.101882,
		-0.947336,
		-0.303603,
		0,
		-0.312915,
		-0.011888,
		-0.222008,
		1
	},
	{
		0.848966,
		0.214637,
		0.482895,
		0,
		0.249809,
		-0.968255,
		-0.008813,
		0,
		0.465674,
		0.128114,
		-0.875634,
		0,
		0.116625,
		-0.256335,
		-0.610298,
		1
	},
	[0.0166666666667] = {
		0.319422,
		-0.25798,
		0.91182,
		0,
		-0.942185,
		-0.189304,
		0.276499,
		0,
		0.10128,
		-0.947423,
		-0.303533,
		0,
		-0.312038,
		-0.008772,
		-0.22057,
		1
	},
	[0.0333333333333] = {
		0.319457,
		-0.258242,
		0.911734,
		0,
		-0.942357,
		-0.187654,
		0.277035,
		0,
		0.099549,
		-0.94768,
		-0.303304,
		0,
		-0.309624,
		-7.8e-05,
		-0.21656,
		1
	},
	[0.05] = {
		0.319494,
		-0.258609,
		0.911617,
		0,
		-0.942631,
		-0.185013,
		0.277879,
		0,
		0.096799,
		-0.948099,
		-0.302883,
		0,
		-0.305988,
		0.013209,
		-0.210441,
		1
	},
	[0.0666666666667] = {
		0.319515,
		-0.259024,
		0.911492,
		0,
		-0.942992,
		-0.18147,
		0.278988,
		0,
		0.093144,
		-0.94867,
		-0.30224,
		0,
		-0.301443,
		0.030103,
		-0.202674,
		1
	},
	[0.0833333333333] = {
		0.319502,
		-0.259431,
		0.911381,
		0,
		-0.943426,
		-0.177112,
		0.28032,
		0,
		0.088693,
		-0.949383,
		-0.301341,
		0,
		-0.296307,
		0.049625,
		-0.193722,
		1
	},
	[0.116666666667] = {
		0.319307,
		-0.259992,
		0.911288,
		0,
		-0.944448,
		-0.166305,
		0.283479,
		0,
		0.077849,
		-0.951182,
		-0.298652,
		0,
		-0.285644,
		0.092652,
		-0.174103,
		1
	},
	[0.133333333333] = {
		0.319092,
		-0.260037,
		0.911351,
		0,
		-0.945009,
		-0.160032,
		0.285215,
		0,
		0.071679,
		-0.952245,
		-0.296802,
		0,
		-0.28087,
		0.114224,
		-0.164345,
		1
	},
	[0.15] = {
		0.318777,
		-0.259853,
		0.911514,
		0,
		-0.945587,
		-0.153298,
		0.286991,
		0,
		0.065158,
		-0.953402,
		-0.294582,
		0,
		-0.27701,
		0.134555,
		-0.155221,
		1
	},
	[0.166666666667] = {
		0.318344,
		-0.259389,
		0.911797,
		0,
		-0.946175,
		-0.146192,
		0.288758,
		0,
		0.058397,
		-0.954644,
		-0.291967,
		0,
		-0.274498,
		0.152688,
		-0.147172,
		1
	},
	[0.183333333333] = {
		0.303373,
		-0.256389,
		0.917731,
		0,
		-0.952749,
		-0.097113,
		0.287818,
		0,
		0.01533,
		-0.961683,
		-0.273736,
		0,
		-0.273547,
		0.17565,
		-0.142779,
		1
	},
	[0.1] = {
		0.319438,
		-0.259772,
		0.911306,
		0,
		-0.943916,
		-0.172028,
		0.281832,
		0,
		0.083558,
		-0.950224,
		-0.300155,
		0,
		-0.29092,
		0.070798,
		-0.184046,
		1
	},
	[0.216666666667] = {
		0.18707,
		-0.235874,
		0.953608,
		0,
		-0.919838,
		0.29869,
		0.254326,
		0,
		-0.344823,
		-0.924742,
		-0.16109,
		0,
		-0.261214,
		0.338832,
		-0.111662,
		1
	},
	[0.233333333333] = {
		0.118302,
		-0.222914,
		0.967633,
		0,
		-0.816771,
		0.532337,
		0.222492,
		0,
		-0.564704,
		-0.816656,
		-0.119093,
		0,
		-0.250043,
		0.431309,
		-0.09366,
		1
	},
	[0.25] = {
		0.05209,
		-0.208306,
		0.976676,
		0,
		-0.639879,
		0.743901,
		0.192787,
		0,
		-0.766709,
		-0.634996,
		-0.094541,
		0,
		-0.234576,
		0.523989,
		-0.076555,
		1
	},
	[0.266666666667] = {
		-0.003965,
		-0.192165,
		0.981355,
		0,
		-0.401193,
		0.899226,
		0.174462,
		0,
		-0.915985,
		-0.393021,
		-0.080661,
		0,
		-0.214061,
		0.611591,
		-0.062239,
		1
	},
	[0.283333333333] = {
		-0.042296,
		-0.17456,
		0.983738,
		0,
		-0.129767,
		0.977238,
		0.167828,
		0,
		-0.990642,
		-0.120558,
		-0.063985,
		0,
		-0.187706,
		0.688838,
		-0.052592,
		1
	},
	[0.2] = {
		0.251034,
		-0.247065,
		0.935917,
		0,
		-0.957396,
		0.079203,
		0.277703,
		0,
		-0.142738,
		-0.965757,
		-0.216657,
		0,
		-0.268811,
		0.251848,
		-0.128667,
		1
	},
	[0.316666666667] = {
		-0.002861,
		-0.107556,
		0.994195,
		0,
		0.382483,
		0.918484,
		0.100466,
		0,
		-0.923958,
		0.380551,
		0.038511,
		0,
		-0.062017,
		0.779165,
		-0.056511,
		1
	},
	[0.333333333333] = {
		0.057307,
		-0.069013,
		0.995968,
		0,
		0.61084,
		0.791509,
		0.019699,
		0,
		-0.789678,
		0.607248,
		0.087515,
		0,
		0.069356,
		0.781091,
		-0.069355,
		1
	},
	[0.35] = {
		0.063211,
		-0.071701,
		0.995421,
		0,
		0.842911,
		0.53785,
		-0.014784,
		0,
		-0.534327,
		0.839986,
		0.094436,
		0,
		0.193776,
		0.778179,
		-0.081146,
		1
	},
	[0.366666666667] = {
		0.068737,
		-0.077936,
		0.994586,
		0,
		0.964838,
		0.258715,
		-0.046408,
		0,
		-0.253697,
		0.962804,
		0.092979,
		0,
		0.300414,
		0.768508,
		-0.097975,
		1
	},
	[0.383333333333] = {
		0.088394,
		-0.082538,
		0.99266,
		0,
		0.994467,
		0.064096,
		-0.083225,
		0,
		-0.056756,
		0.994525,
		0.087747,
		0,
		0.380101,
		0.715256,
		-0.122624,
		1
	},
	[0.3] = {
		-0.055433,
		-0.155499,
		0.986279,
		0,
		0.138544,
		0.977045,
		0.16183,
		0,
		-0.988804,
		0.145614,
		-0.032617,
		0,
		-0.154783,
		0.750433,
		-0.049481,
		1
	},
	[0.416666666667] = {
		0.138962,
		-0.090035,
		0.986196,
		0,
		0.942075,
		-0.294956,
		-0.159673,
		0,
		0.305261,
		0.951259,
		0.043832,
		0,
		0.551299,
		0.460786,
		-0.176669,
		1
	},
	[0.433333333333] = {
		0.165565,
		-0.097628,
		0.981355,
		0,
		0.882995,
		-0.428497,
		-0.191599,
		0,
		0.439213,
		0.898253,
		0.015261,
		0,
		0.606738,
		0.332973,
		-0.201291,
		1
	},
	[0.45] = {
		0.186581,
		-0.111142,
		0.976133,
		0,
		0.821528,
		-0.527235,
		-0.21706,
		0,
		0.538776,
		0.84242,
		-0.007066,
		0,
		0.625934,
		0.250164,
		-0.221389,
		1
	},
	[0.466666666667] = {
		0.20072,
		-0.133357,
		0.97053,
		0,
		0.755764,
		-0.60927,
		-0.240021,
		0,
		0.623323,
		0.781669,
		-0.021506,
		0,
		0.622657,
		0.200778,
		-0.237886,
		1
	},
	[0.483333333333] = {
		0.213044,
		-0.162368,
		0.963457,
		0,
		0.679501,
		-0.683943,
		-0.265517,
		0,
		0.702061,
		0.711237,
		-0.035381,
		0,
		0.617399,
		0.15589,
		-0.254472,
		1
	},
	[0.4] = {
		0.11254,
		-0.085645,
		0.989949,
		0,
		0.984341,
		-0.126422,
		-0.12284,
		0,
		0.135672,
		0.988272,
		0.070076,
		0,
		0.470298,
		0.600833,
		-0.149953,
		1
	},
	[0.516666666667] = {
		0.229825,
		-0.230312,
		0.945588,
		0,
		0.51107,
		-0.798291,
		-0.318651,
		0,
		0.828244,
		0.556496,
		-0.065762,
		0,
		0.603172,
		0.080946,
		-0.28446,
		1
	},
	[0.533333333333] = {
		0.233316,
		-0.264009,
		0.935875,
		0,
		0.429601,
		-0.835433,
		-0.342775,
		0,
		0.872357,
		0.482028,
		-0.081501,
		0,
		0.595711,
		0.051608,
		-0.296227,
		1
	},
	[0.55] = {
		0.233938,
		-0.294121,
		0.926696,
		0,
		0.35773,
		-0.860242,
		-0.363336,
		0,
		0.904048,
		0.416505,
		-0.096027,
		0,
		0.588974,
		0.028185,
		-0.305294,
		1
	},
	[0.566666666667] = {
		0.232855,
		-0.318203,
		0.918981,
		0,
		0.300887,
		-0.875019,
		-0.379221,
		0,
		0.924795,
		0.364812,
		-0.108009,
		0,
		0.58351,
		0.011039,
		-0.311695,
		1
	},
	[0.583333333333] = {
		0.230791,
		-0.333885,
		0.913923,
		0,
		0.264199,
		-0.882488,
		-0.389119,
		0,
		0.936448,
		0.331262,
		-0.115458,
		0,
		0.580047,
		0.00052,
		-0.31513,
		1
	},
	[0.5] = {
		0.222931,
		-0.195564,
		0.955016,
		0,
		0.5963,
		-0.747655,
		-0.292297,
		0,
		0.771186,
		0.634639,
		-0.050061,
		0,
		0.610676,
		0.115828,
		-0.270275,
		1
	},
	[0.616666666667] = {
		0.225494,
		-0.337908,
		0.913767,
		0,
		0.252757,
		-0.885518,
		-0.389835,
		0,
		0.940886,
		0.318867,
		-0.114271,
		0,
		0.58025,
		-0.0038,
		-0.313551,
		1
	},
	[0.633333333333] = {
		0.222212,
		-0.337088,
		0.914873,
		0,
		0.253712,
		-0.886016,
		-0.388079,
		0,
		0.94141,
		0.31835,
		-0.11136,
		0,
		0.581321,
		-0.004362,
		-0.311554,
		1
	},
	[0.65] = {
		0.218545,
		-0.336458,
		0.915988,
		0,
		0.254675,
		-0.886481,
		-0.386383,
		0,
		0.942008,
		0.317721,
		-0.108049,
		0,
		0.582496,
		-0.004951,
		-0.309342,
		1
	},
	[0.666666666667] = {
		0.214573,
		-0.336036,
		0.917081,
		0,
		0.255629,
		-0.8869,
		-0.384788,
		0,
		0.942662,
		0.316998,
		-0.104404,
		0,
		0.583749,
		-0.00555,
		-0.306961,
		1
	},
	[0.683333333333] = {
		0.210375,
		-0.335842,
		0.918124,
		0,
		0.256557,
		-0.88726,
		-0.383339,
		0,
		0.943356,
		0.316196,
		-0.100494,
		0,
		0.585053,
		-0.006144,
		-0.304457,
		1
	},
	[0.6] = {
		0.228314,
		-0.338897,
		0.9127,
		0,
		0.251829,
		-0.885,
		-0.391608,
		0,
		0.940454,
		0.319254,
		-0.116714,
		0,
		0.579312,
		-0.003281,
		-0.315288,
		1
	},
	[0.716666666667] = {
		0.201613,
		-0.336123,
		0.919986,
		0,
		0.258263,
		-0.88779,
		-0.380958,
		0,
		0.944803,
		0.314404,
		-0.092182,
		0,
		0.58771,
		-0.007285,
		-0.299271,
		1
	},
	[0.733333333333] = {
		0.197209,
		-0.336435,
		0.920826,
		0,
		0.259008,
		-0.888018,
		-0.379919,
		0,
		0.945528,
		0.313425,
		-0.087986,
		0,
		0.589014,
		-0.007867,
		-0.296681,
		1
	},
	[0.75] = {
		0.192896,
		-0.336825,
		0.921596,
		0,
		0.25966,
		-0.88823,
		-0.378979,
		0,
		0.946239,
		0.312406,
		-0.083876,
		0,
		0.59027,
		-0.008456,
		-0.294158,
		1
	},
	[0.766666666667] = {
		0.188755,
		-0.337284,
		0.922286,
		0,
		0.260203,
		-0.888422,
		-0.378153,
		0,
		0.946925,
		0.31136,
		-0.079932,
		0,
		0.591455,
		-0.009045,
		-0.29175,
		1
	},
	[0.783333333333] = {
		0.193346,
		-0.332193,
		0.923182,
		0,
		0.256448,
		-0.891115,
		-0.374363,
		0,
		0.947023,
		0.30913,
		-0.087103,
		0,
		0.58769,
		-0.012173,
		-0.292766,
		1
	},
	[0.7] = {
		0.206028,
		-0.335895,
		0.91909,
		0,
		0.25744,
		-0.887548,
		-0.382077,
		0,
		0.944075,
		0.315329,
		-0.096387,
		0,
		0.586382,
		-0.006717,
		-0.301878,
		1
	},
	[0.816666666667] = {
		0.24902,
		-0.292206,
		0.923366,
		0,
		0.228516,
		-0.908754,
		-0.349209,
		0,
		0.941153,
		0.297964,
		-0.159524,
		0,
		0.554144,
		-0.031774,
		-0.31307,
		1
	},
	[0.833333333333] = {
		0.296471,
		-0.259651,
		0.919068,
		0,
		0.208818,
		-0.921424,
		-0.327677,
		0,
		0.931933,
		0.289065,
		-0.218956,
		0,
		0.526601,
		-0.046992,
		-0.331055,
		1
	},
	[0.85] = {
		0.354137,
		-0.220275,
		0.908882,
		0,
		0.188866,
		-0.934994,
		-0.300193,
		0,
		0.915924,
		0.277966,
		-0.289513,
		0,
		0.493332,
		-0.064996,
		-0.353327,
		1
	},
	[0.866666666667] = {
		0.419324,
		-0.175349,
		0.890742,
		0,
		0.171279,
		-0.948268,
		-0.267305,
		0,
		0.891533,
		0.264653,
		-0.367597,
		0,
		0.455388,
		-0.085233,
		-0.379132,
		1
	},
	[0.883333333333] = {
		0.488949,
		-0.126248,
		0.863128,
		0,
		0.158397,
		-0.960173,
		-0.230172,
		0,
		0.857811,
		0.249259,
		-0.449478,
		0,
		0.413787,
		-0.107138,
		-0.407679,
		1
	},
	[0.8] = {
		0.214013,
		-0.31677,
		0.924043,
		0,
		0.24522,
		-0.898246,
		-0.364721,
		0,
		0.94555,
		0.304649,
		-0.114558,
		0,
		0.574876,
		-0.01996,
		-0.300083,
		1
	},
	[0.916666666667] = {
		0.627212,
		-0.021165,
		0.778561,
		0,
		0.153676,
		-0.976616,
		-0.150352,
		0,
		0.763537,
		0.213949,
		-0.609292,
		0,
		0.324256,
		-0.153461,
		-0.469238,
		1
	},
	[0.933333333333] = {
		0.689317,
		0.031904,
		0.723757,
		0,
		0.162986,
		-0.980248,
		-0.112021,
		0,
		0.705888,
		0.19518,
		-0.680902,
		0,
		0.278634,
		-0.176666,
		-0.500512,
		1
	},
	[0.95] = {
		0.743462,
		0.083388,
		0.663559,
		0,
		0.179202,
		-0.980753,
		-0.077531,
		0,
		0.644322,
		0.176552,
		-0.744096,
		0,
		0.233926,
		-0.199116,
		-0.531046,
		1
	},
	[0.966666666667] = {
		0.788248,
		0.131885,
		0.601059,
		0,
		0.200625,
		-0.978471,
		-0.048408,
		0,
		0.581734,
		0.158745,
		-0.797738,
		0,
		0.191259,
		-0.220244,
		-0.560045,
		1
	},
	[0.983333333333] = {
		0.823252,
		0.176056,
		0.539685,
		0,
		0.225002,
		-0.974025,
		-0.025478,
		0,
		0.521181,
		0.142405,
		-0.841482,
		0,
		0.151774,
		-0.239496,
		-0.586722,
		1
	},
	[0.9] = {
		0.559436,
		-0.074371,
		0.82553,
		0,
		0.152165,
		-0.969825,
		-0.190488,
		0,
		0.814786,
		0.232183,
		-0.531239,
		0,
		0.369675,
		-0.130085,
		-0.438025,
		1
	},
	[1.01666666667] = {
		0.866585,
		0.246433,
		0.433936,
		0,
		0.272521,
		-0.962147,
		0.002171,
		0,
		0.418045,
		0.116375,
		-0.900941,
		0,
		0.086976,
		-0.270234,
		-0.630002,
		1
	},
	[1.03333333333] = {
		0.8777,
		0.270297,
		0.395705,
		0,
		0.290812,
		-0.956743,
		0.00849,
		0,
		0.380883,
		0.107624,
		-0.918338,
		0,
		0.064006,
		-0.280676,
		-0.645073,
		1
	},
	[1.05] = {
		0.883896,
		0.285098,
		0.370739,
		0,
		0.302667,
		-0.95303,
		0.011277,
		0,
		0.35654,
		0.102242,
		-0.928669,
		0,
		0.048899,
		-0.287152,
		-0.65476,
		1
	},
	[1.06666666667] = {
		0.886323,
		0.289672,
		0.361279,
		0,
		0.306431,
		-0.951825,
		0.011406,
		0,
		0.347178,
		0.100597,
		-0.932388,
		0,
		0.042848,
		-0.289153,
		-0.65832,
		1
	},
	[1.08333333333] = {
		0.887007,
		0.288837,
		0.360265,
		0,
		0.305802,
		-0.952039,
		0.010368,
		0,
		0.345981,
		0.100974,
		-0.932792,
		0,
		0.04176,
		-0.288751,
		-0.658567,
		1
	},
	[1.11666666667] = {
		0.888111,
		0.287901,
		0.35829,
		0,
		0.305289,
		-0.952223,
		0.008416,
		0,
		0.343595,
		0.101908,
		-0.933572,
		0,
		0.039872,
		-0.287977,
		-0.659023,
		1
	},
	[1.13333333333] = {
		0.888543,
		0.287715,
		0.357367,
		0,
		0.305309,
		-0.952224,
		0.007522,
		0,
		0.342457,
		0.102423,
		-0.933934,
		0,
		0.039073,
		-0.287615,
		-0.659229,
		1
	},
	[1.15] = {
		0.888943,
		0.287544,
		0.35651,
		0,
		0.305327,
		-0.952224,
		0.006697,
		0,
		0.341403,
		0.102899,
		-0.934268,
		0,
		0.038333,
		-0.287282,
		-0.659417,
		1
	},
	[1.16666666667] = {
		0.889302,
		0.28739,
		0.355738,
		0,
		0.305343,
		-0.952224,
		0.005952,
		0,
		0.340453,
		0.103329,
		-0.934567,
		0,
		0.037666,
		-0.28698,
		-0.659587,
		1
	},
	[1.18333333333] = {
		0.889612,
		0.287255,
		0.35507,
		0,
		0.305357,
		-0.952223,
		0.005299,
		0,
		0.339628,
		0.103709,
		-0.934825,
		0,
		0.037087,
		-0.286714,
		-0.659736,
		1
	},
	[1.1] = {
		0.887609,
		0.288237,
		0.359263,
		0,
		0.305412,
		-0.952174,
		0.009367,
		0,
		0.344781,
		0.101408,
		-0.93319,
		0,
		0.04076,
		-0.288358,
		-0.658802,
		1
	},
	[1.21666666667] = {
		0.890058,
		0.287044,
		0.354121,
		0,
		0.305377,
		-0.952222,
		0.004312,
		0,
		0.33844,
		0.104302,
		-0.93519,
		0,
		0.036253,
		-0.286298,
		-0.659963,
		1
	},
	[1.23333333333] = {
		0.890179,
		0.286971,
		0.353877,
		0,
		0.305382,
		-0.952222,
		0.004002,
		0,
		0.338118,
		0.104505,
		-0.935283,
		0,
		0.036028,
		-0.286155,
		-0.660037,
		1
	},
	[1.25] = {
		0.890221,
		0.286922,
		0.353812,
		0,
		0.305383,
		-0.952222,
		0.003829,
		0,
		0.338006,
		0.10464,
		-0.935309,
		0,
		0.035949,
		-0.286061,
		-0.660082,
		1
	},
	[1.2] = {
		0.889867,
		0.287139,
		0.354525,
		0,
		0.305368,
		-0.952222,
		0.004748,
		0,
		0.33895,
		0.104036,
		-0.935034,
		0,
		0.036611,
		-0.286485,
		-0.659862,
		1
	}
}

return spline_matrices
