local spline_matrices = {
	[0] = {
		0.42606,
		0.443247,
		-0.788673,
		0,
		0.886476,
		-0.378612,
		0.266109,
		0,
		-0.180649,
		-0.812518,
		-0.554239,
		0,
		0.358497,
		0.041645,
		-0.230571,
		1
	},
	{
		-0.388887,
		-0.014962,
		-0.921164,
		0,
		-0.455248,
		-0.866145,
		0.20626,
		0,
		-0.800947,
		0.499569,
		0.330021,
		0,
		-0.40215,
		0.102043,
		-0.049388,
		1
	},
	[0.0333333333333] = {
		0.425817,
		0.444818,
		-0.78792,
		0,
		0.887109,
		-0.376647,
		0.266787,
		0,
		-0.178096,
		-0.812573,
		-0.554984,
		0,
		0.359662,
		0.039274,
		-0.238991,
		1
	},
	[0.0666666666667] = {
		0.425251,
		0.448748,
		-0.785994,
		0,
		0.888619,
		-0.371865,
		0.268465,
		0,
		-0.171811,
		-0.812614,
		-0.556901,
		0,
		0.362402,
		0.034409,
		-0.257393,
		1
	},
	[0.133333333333] = {
		0.42417,
		0.459022,
		-0.780627,
		0,
		0.891992,
		-0.360556,
		0.27267,
		0,
		-0.156298,
		-0.811972,
		-0.562381,
		0,
		0.367401,
		0.030384,
		-0.282968,
		1
	},
	[0.166666666667] = {
		0.424224,
		0.463099,
		-0.778186,
		0,
		0.892841,
		-0.357405,
		0.274036,
		0,
		-0.151222,
		-0.81105,
		-0.565093,
		0,
		0.367456,
		0.034006,
		-0.268224,
		1
	},
	[0.1] = {
		0.424612,
		0.453865,
		-0.783397,
		0,
		0.890425,
		-0.36594,
		0.270613,
		0,
		-0.163854,
		-0.812462,
		-0.559515,
		0,
		0.365492,
		0.030386,
		-0.275487,
		1
	},
	[0.233333333333] = {
		0.359756,
		0.467327,
		-0.807577,
		0,
		0.93234,
		-0.213726,
		0.291657,
		0,
		-0.036301,
		-0.857862,
		-0.512596,
		0,
		0.349092,
		0.091971,
		-0.211663,
		1
	},
	[0.266666666667] = {
		-0.009463,
		0.449054,
		-0.893455,
		0,
		0.734588,
		0.609338,
		0.298476,
		0,
		0.678448,
		-0.653496,
		-0.335636,
		0,
		0.28867,
		0.254394,
		-0.181,
		1
	},
	[0.2] = {
		0.4248,
		0.465257,
		-0.776583,
		0,
		0.892741,
		-0.357617,
		0.274088,
		0,
		-0.150198,
		-0.809719,
		-0.56727,
		0,
		0.36418,
		0.044153,
		-0.239016,
		1
	},
	[0.333333333333] = {
		-0.448492,
		0.151253,
		-0.880896,
		0,
		-0.873309,
		0.135607,
		0.467913,
		0,
		0.190229,
		0.979149,
		0.071271,
		0,
		-0.096974,
		0.542814,
		-0.049004,
		1
	},
	[0.366666666667] = {
		-0.469709,
		0.174958,
		-0.865311,
		0,
		-0.853003,
		-0.342536,
		0.39377,
		0,
		-0.227507,
		0.92307,
		0.310132,
		0,
		-0.242443,
		0.449768,
		0.001485,
		1
	},
	[0.3] = {
		-0.266817,
		0.307874,
		-0.913248,
		0,
		-0.13578,
		0.926141,
		0.35189,
		0,
		0.954134,
		0.217891,
		-0.205307,
		0,
		0.151932,
		0.431999,
		-0.143151,
		1
	},
	[0.433333333333] = {
		-0.531854,
		0.124143,
		-0.837687,
		0,
		-0.607551,
		-0.745035,
		0.275326,
		0,
		-0.589927,
		0.655371,
		0.471673,
		0,
		-0.363747,
		0.214999,
		-0.01372,
		1
	},
	[0.466666666667] = {
		-0.392933,
		-0.022578,
		-0.91929,
		0,
		-0.481363,
		-0.846739,
		0.226546,
		0,
		-0.783513,
		0.531529,
		0.321844,
		0,
		-0.398947,
		0.11356,
		-0.050215,
		1
	},
	[0.4] = {
		-0.489518,
		0.176195,
		-0.854007,
		0,
		-0.740049,
		-0.601932,
		0.30001,
		0,
		-0.461194,
		0.778867,
		0.425049,
		0,
		-0.327487,
		0.328015,
		0.007498,
		1
	},
	[0.533333333333] = {
		-0.392684,
		-0.017546,
		-0.919506,
		0,
		-0.485996,
		-0.844854,
		0.223671,
		0,
		-0.780773,
		0.534708,
		0.323234,
		0,
		-0.398311,
		0.115862,
		-0.050006,
		1
	},
	[0.566666666667] = {
		-0.392505,
		-0.015352,
		-0.919622,
		0,
		-0.48694,
		-0.844769,
		0.221933,
		0,
		-0.780275,
		0.53491,
		0.324101,
		0,
		-0.398178,
		0.116381,
		-0.049866,
		1
	},
	[0.5] = {
		-0.392829,
		-0.019999,
		-0.919394,
		0,
		-0.484143,
		-0.845498,
		0.225251,
		0,
		-0.781851,
		0.533603,
		0.322454,
		0,
		-0.398568,
		0.114922,
		-0.050128,
		1
	},
	[0.633333333333] = {
		-0.392064,
		-0.012202,
		-0.919857,
		0,
		-0.486319,
		-0.846021,
		0.218503,
		0,
		-0.780884,
		0.533011,
		0.32576,
		0,
		-0.398254,
		0.116228,
		-0.049612,
		1
	},
	[0.666666666667] = {
		-0.39181,
		-0.011331,
		-0.919976,
		0,
		-0.484984,
		-0.847176,
		0.216985,
		0,
		-0.781841,
		0.531191,
		0.326437,
		0,
		-0.398432,
		0.115656,
		-0.049522,
		1
	},
	[0.6] = {
		-0.392296,
		-0.013544,
		-0.919739,
		0,
		-0.487004,
		-0.845194,
		0.220168,
		0,
		-0.78034,
		0.534287,
		0.324971,
		0,
		-0.398164,
		0.116485,
		-0.049729,
		1
	},
	[0.733333333333] = {
		-0.391253,
		-0.009676,
		-0.920232,
		0,
		-0.480717,
		-0.85053,
		0.213329,
		0,
		-0.78475,
		0.525837,
		0.328121,
		0,
		-0.398997,
		0.113794,
		-0.049281,
		1
	},
	[0.766666666667] = {
		-0.390956,
		-0.009003,
		-0.920365,
		0,
		-0.477959,
		-0.852572,
		0.211369,
		0,
		-0.78658,
		0.522533,
		0.329015,
		0,
		-0.399358,
		0.112577,
		-0.049155,
		1
	},
	[0.7] = {
		-0.391539,
		-0.010486,
		-0.920102,
		0,
		-0.483088,
		-0.848702,
		0.215245,
		0,
		-0.78315,
		0.528767,
		0.327235,
		0,
		-0.398684,
		0.114831,
		-0.04941,
		1
	},
	[0.833333333333] = {
		-0.39034,
		-0.008471,
		-0.920632,
		0,
		-0.471631,
		-0.856949,
		0.207852,
		0,
		-0.790695,
		0.515332,
		0.330506,
		0,
		-0.400168,
		0.109745,
		-0.048973,
		1
	},
	[0.866666666667] = {
		-0.390029,
		-0.008813,
		-0.92076,
		0,
		-0.468239,
		-0.859118,
		0.206566,
		0,
		-0.792862,
		0.511702,
		0.330954,
		0,
		-0.400592,
		0.108198,
		-0.048948,
		1
	},
	[0.8] = {
		-0.39065,
		-0.008568,
		-0.920499,
		0,
		-0.474901,
		-0.85474,
		0.209499,
		0,
		-0.788582,
		0.518986,
		0.329836,
		0,
		-0.399752,
		0.111216,
		-0.049047,
		1
	},
	[0.933333333333] = {
		-0.389426,
		-0.011177,
		-0.92099,
		0,
		-0.461445,
		-0.863019,
		0.205588,
		0,
		-0.79713,
		0.505048,
		0.330924,
		0,
		-0.40142,
		0.10502,
		-0.049087,
		1
	},
	[0.966666666667] = {
		-0.389145,
		-0.012995,
		-0.921085,
		0,
		-0.458226,
		-0.864684,
		0.205794,
		0,
		-0.799121,
		0.502149,
		0.330533,
		0,
		-0.401802,
		0.103481,
		-0.049229,
		1
	},
	[0.9] = {
		-0.389723,
		-0.009696,
		-0.920881,
		0,
		-0.464813,
		-0.861164,
		0.205779,
		0,
		-0.795025,
		0.508235,
		0.331108,
		0,
		-0.401013,
		0.106611,
		-0.048984,
		1
	},
	[1.03333333333] = {
		-0.388659,
		-0.016922,
		-0.921226,
		0,
		-0.452602,
		-0.867382,
		0.206882,
		0,
		-0.802556,
		0.497356,
		0.329457,
		0,
		-0.402454,
		0.100756,
		-0.049549,
		1
	},
	[1.06666666667] = {
		-0.388468,
		-0.018718,
		-0.921272,
		0,
		-0.450383,
		-0.868376,
		0.207554,
		0,
		-0.803895,
		0.495553,
		0.328906,
		0,
		-0.402707,
		0.099669,
		-0.049698,
		1
	},
	[1.13333333333] = {
		-0.38823,
		-0.021194,
		-0.921319,
		0,
		-0.447595,
		-0.869563,
		0.208613,
		0,
		-0.805566,
		0.493367,
		0.328104,
		0,
		-0.403019,
		0.098293,
		-0.049904,
		1
	},
	[1.16666666667] = {
		-0.388198,
		-0.021562,
		-0.921324,
		0,
		-0.447212,
		-0.869718,
		0.208786,
		0,
		-0.805794,
		0.493077,
		0.32798,
		0,
		-0.403062,
		0.098103,
		-0.049934,
		1
	},
	[1.1] = {
		-0.388323,
		-0.020194,
		-0.921302,
		0,
		-0.448683,
		-0.869109,
		0.208166,
		0,
		-0.804916,
		0.494208,
		0.328434,
		0,
		-0.402898,
		0.098832,
		-0.04982,
		1
	}
}

return spline_matrices
