-- chunkname: @content/characters/player/human/first_person/animations/2h_chain_sword/attack_right_diagonal_down.lua

local spline_matrices = {
	[0.0166666666667] = {
		-0.896236,
		-0.374485,
		0.237745,
		0,
		-0.443393,
		0.740832,
		-0.504549,
		0,
		0.012817,
		-0.55761,
		-0.830004,
		0,
		-0.287174,
		-0.279483,
		-0.872458,
		1,
	},
	[0.0333333333333] = {
		-0.320776,
		-0.344088,
		0.882443,
		0,
		-0.859035,
		0.498123,
		-0.118035,
		0,
		-0.398951,
		-0.795913,
		-0.455369,
		0,
		-0.275433,
		-0.330665,
		-0.865886,
		1,
	},
	[0.05] = {
		0.565818,
		-0.316457,
		0.761384,
		0,
		-0.755488,
		0.170918,
		0.632475,
		0,
		-0.330285,
		-0.933082,
		-0.142371,
		0,
		-0.264398,
		-0.381548,
		-0.844058,
		1,
	},
	[0.0666666666667] = {
		0.871812,
		-0.279708,
		0.402128,
		0,
		-0.4189,
		-0.000202,
		0.908032,
		0,
		-0.253903,
		-0.960085,
		-0.117346,
		0,
		-0.260808,
		-0.404237,
		-0.79806,
		1,
	},
	[0.0833333333333] = {
		0.910126,
		-0.228337,
		0.345735,
		0,
		-0.355646,
		-0.002422,
		0.934618,
		0,
		-0.21257,
		-0.973579,
		-0.083411,
		0,
		-0.264976,
		-0.39429,
		-0.696634,
		1,
	},
	[0] = {
		-0.906358,
		-0.390967,
		-0.160186,
		0,
		-0.26205,
		0.817574,
		-0.51274,
		0,
		0.331428,
		-0.42275,
		-0.843468,
		0,
		-0.292656,
		-0.256218,
		-0.872811,
		1,
	},
	[0.116666666667] = {
		0.954619,
		-0.099847,
		0.280595,
		0,
		-0.282174,
		-0.001763,
		0.959362,
		0,
		-0.095295,
		-0.995001,
		-0.029857,
		0,
		-0.280469,
		-0.326421,
		-0.353628,
		1,
	},
	[0.133333333333] = {
		0.963226,
		-0.039075,
		0.265837,
		0,
		-0.266061,
		-0.000569,
		0.963956,
		0,
		-0.037515,
		-0.999236,
		-0.010944,
		0,
		-0.289269,
		-0.273715,
		-0.180186,
		1,
	},
	[0.15] = {
		0.965926,
		0.008112,
		0.25869,
		0,
		-0.258697,
		-0.000145,
		0.965958,
		0,
		0.007874,
		-0.999967,
		0.001959,
		0,
		-0.297399,
		-0.212313,
		-0.05085,
		1,
	},
	[0.166666666667] = {
		0.966133,
		0.033366,
		0.255879,
		0,
		-0.255969,
		-0.001625,
		0.966684,
		0,
		0.03267,
		-0.999442,
		0.00697,
		0,
		-0.304139,
		-0.145307,
		0.000354,
		1,
	},
	[0.183333333333] = {
		0.943412,
		0.044307,
		0.32865,
		0,
		-0.328334,
		-0.014449,
		0.944451,
		0,
		0.046594,
		-0.998913,
		0.000916,
		0,
		-0.308312,
		-0.05437,
		0.000751,
		1,
	},
	[0.1] = {
		0.937432,
		-0.165727,
		0.306195,
		0,
		-0.310916,
		-0.002685,
		0.950434,
		0,
		-0.15669,
		-0.986168,
		-0.054044,
		0,
		-0.271975,
		-0.36751,
		-0.537131,
		1,
	},
	[0.216666666667] = {
		0.761915,
		0.064183,
		0.644489,
		0,
		-0.641399,
		-0.06344,
		0.76458,
		0,
		0.089959,
		-0.99592,
		-0.007169,
		0,
		-0.30756,
		0.187654,
		0.000294,
		1,
	},
	[0.233333333333] = {
		0.677885,
		0.070136,
		0.731815,
		0,
		-0.728051,
		-0.07413,
		0.681503,
		0,
		0.102047,
		-0.994779,
		0.000811,
		0,
		-0.303993,
		0.290149,
		0.000339,
		1,
	},
	[0.25] = {
		0.657333,
		0.069294,
		0.750408,
		0,
		-0.74974,
		-0.040528,
		0.66049,
		0,
		0.076181,
		-0.996773,
		0.025312,
		0,
		-0.301461,
		0.33245,
		0.001674,
		1,
	},
	[0.266666666667] = {
		0.650319,
		0.056057,
		0.75759,
		0,
		-0.75161,
		0.192289,
		0.630957,
		0,
		-0.110306,
		-0.979736,
		0.167182,
		0,
		-0.297041,
		0.363291,
		0.003317,
		1,
	},
	[0.283333333333] = {
		0.634566,
		0.011492,
		0.772783,
		0,
		-0.481599,
		0.787909,
		0.383746,
		0,
		-0.604473,
		-0.615684,
		0.505515,
		0,
		-0.253489,
		0.461128,
		-0.005611,
		1,
	},
	[0.2] = {
		0.870891,
		0.054682,
		0.488424,
		0,
		-0.486917,
		-0.039046,
		0.872575,
		0,
		0.066785,
		-0.99774,
		-0.007379,
		0,
		-0.309266,
		0.064718,
		0.00059,
		1,
	},
	[0.316666666667] = {
		0.536484,
		-0.08434,
		0.839686,
		0,
		0.387284,
		0.908637,
		-0.156174,
		0,
		-0.749798,
		0.408982,
		0.520132,
		0,
		-0.074489,
		0.640603,
		-0.062406,
		1,
	},
	[0.333333333333] = {
		0.488311,
		-0.081288,
		0.868875,
		0,
		0.651156,
		0.696805,
		-0.300762,
		0,
		-0.580988,
		0.712639,
		0.393189,
		0,
		0.023863,
		0.675598,
		-0.102023,
		1,
	},
	[0.35] = {
		0.522107,
		-0.084166,
		0.848717,
		0,
		0.761136,
		0.494966,
		-0.419144,
		0,
		-0.384808,
		0.864827,
		0.322487,
		0,
		0.095776,
		0.672309,
		-0.134246,
		1,
	},
	[0.366666666667] = {
		0.56466,
		-0.084792,
		0.820957,
		0,
		0.798718,
		0.306672,
		-0.517689,
		0,
		-0.207869,
		0.948031,
		0.24089,
		0,
		0.177812,
		0.6599,
		-0.179956,
		1,
	},
	[0.383333333333] = {
		0.57859,
		-0.079795,
		0.811706,
		0,
		0.805017,
		0.215805,
		-0.552608,
		0,
		-0.131075,
		0.973171,
		0.189099,
		0,
		0.299591,
		0.604499,
		-0.282157,
		1,
	},
	[0.3] = {
		0.607607,
		-0.045609,
		0.792928,
		0,
		0.145273,
		0.98789,
		-0.054498,
		0,
		-0.780839,
		0.148304,
		0.606874,
		0,
		-0.172114,
		0.568964,
		-0.028423,
		1,
	},
	[0.416666666667] = {
		0.549689,
		-0.1627,
		0.819372,
		0,
		0.523203,
		-0.69759,
		-0.489517,
		0,
		0.65123,
		0.69778,
		-0.298332,
		0,
		0.626114,
		0.394254,
		-0.268273,
		1,
	},
	[0.433333333333] = {
		0.609454,
		-0.175209,
		0.773219,
		0,
		0.635813,
		-0.474591,
		-0.608691,
		0,
		0.473611,
		0.862592,
		-0.177841,
		0,
		0.556401,
		0.31641,
		-0.431356,
		1,
	},
	[0.45] = {
		0.723318,
		-0.128963,
		0.678365,
		0,
		-0.158147,
		-0.987232,
		-0.019053,
		0,
		0.672161,
		-0.0935,
		-0.734478,
		0,
		0.566489,
		0.118344,
		-0.665416,
		1,
	},
	[0.466666666667] = {
		0.688857,
		-0.121499,
		0.714643,
		0,
		-0.115515,
		-0.991655,
		-0.057249,
		0,
		0.715635,
		-0.043116,
		-0.697143,
		0,
		0.613372,
		0.117493,
		-0.457357,
		1,
	},
	[0.483333333333] = {
		0.689339,
		-0.121857,
		0.714117,
		0,
		-0.112833,
		-0.991781,
		-0.06032,
		0,
		0.715598,
		-0.038995,
		-0.697423,
		0,
		0.612956,
		0.120504,
		-0.457722,
		1,
	},
	[0.4] = {
		0.578389,
		-0.08189,
		0.811641,
		0,
		0.815506,
		0.033136,
		-0.5778,
		0,
		0.020421,
		0.99609,
		0.085948,
		0,
		0.445511,
		0.561007,
		-0.353226,
		1,
	},
	[0.516666666667] = {
		0.691021,
		-0.123857,
		0.712144,
		0,
		-0.109243,
		-0.991789,
		-0.066491,
		0,
		0.714532,
		-0.03185,
		-0.698877,
		0,
		0.611715,
		0.125612,
		-0.459221,
		1,
	},
	[0.533333333333] = {
		0.692165,
		-0.124928,
		0.710845,
		0,
		-0.108181,
		-0.991737,
		-0.068956,
		0,
		0.713586,
		-0.029171,
		-0.69996,
		0,
		0.610924,
		0.127502,
		-0.460351,
		1,
	},
	[0.55] = {
		0.693471,
		-0.125668,
		0.70944,
		0,
		-0.107505,
		-0.991696,
		-0.070581,
		0,
		0.712419,
		-0.027323,
		-0.701223,
		0,
		0.610038,
		0.128808,
		-0.461736,
		1,
	},
	[0.566666666667] = {
		0.694911,
		-0.125799,
		0.708006,
		0,
		-0.107139,
		-0.991702,
		-0.071049,
		0,
		0.711069,
		-0.026482,
		-0.702623,
		0,
		0.609073,
		0.129419,
		-0.463375,
		1,
	},
	[0.583333333333] = {
		0.696455,
		-0.125589,
		0.706525,
		0,
		-0.107004,
		-0.991734,
		-0.070808,
		0,
		0.709578,
		-0.026286,
		-0.704136,
		0,
		0.608045,
		0.129582,
		-0.465168,
		1,
	},
	[0.5] = {
		0.69007,
		-0.122739,
		0.713259,
		0,
		-0.110768,
		-0.991815,
		-0.063507,
		0,
		0.715216,
		-0.035182,
		-0.698017,
		0,
		0.612398,
		0.123245,
		-0.458344,
		1,
	},
	[0.616666666667] = {
		0.699733,
		-0.125355,
		0.703321,
		0,
		-0.107122,
		-0.991765,
		-0.070191,
		0,
		0.706328,
		-0.026226,
		-0.707399,
		0,
		0.605856,
		0.129657,
		-0.468774,
		1,
	},
	[0.633333333333] = {
		0.701395,
		-0.12531,
		0.701671,
		0,
		-0.107344,
		-0.991768,
		-0.069815,
		0,
		0.704643,
		-0.026352,
		-0.709072,
		0,
		0.604744,
		0.129583,
		-0.470498,
		1,
	},
	[0.65] = {
		0.703011,
		-0.125383,
		0.700039,
		0,
		-0.107779,
		-0.99175,
		-0.069394,
		0,
		0.702964,
		-0.026665,
		-0.710725,
		0,
		0.603666,
		0.129372,
		-0.472114,
		1,
	},
	[0.666666666667] = {
		0.704546,
		-0.125564,
		0.698461,
		0,
		-0.108411,
		-0.991714,
		-0.068927,
		0,
		0.701329,
		-0.027159,
		-0.712321,
		0,
		0.602647,
		0.12903,
		-0.473577,
		1,
	},
	[0.683333333333] = {
		0.705964,
		-0.12584,
		0.696978,
		0,
		-0.109223,
		-0.99166,
		-0.068414,
		0,
		0.699775,
		-0.027828,
		-0.713821,
		0,
		0.60171,
		0.128561,
		-0.474908,
		1,
	},
	[0.6] = {
		0.698072,
		-0.125459,
		0.704951,
		0,
		-0.107024,
		-0.991752,
		-0.070522,
		0,
		0.707984,
		-0.026217,
		-0.705741,
		0,
		0.606967,
		0.129648,
		-0.466983,
		1,
	},
	[0.716666666667] = {
		0.708312,
		-0.126632,
		0.694449,
		0,
		-0.111322,
		-0.991506,
		-0.067256,
		0,
		0.697067,
		-0.029669,
		-0.716392,
		0,
		0.600176,
		0.127265,
		-0.477231,
		1,
	},
	[0.733333333333] = {
		0.709171,
		-0.127124,
		0.693481,
		0,
		-0.112577,
		-0.991408,
		-0.066614,
		0,
		0.69599,
		-0.030829,
		-0.717389,
		0,
		0.599627,
		0.126446,
		-0.478161,
		1,
	},
	[0.75] = {
		0.709776,
		-0.127664,
		0.692763,
		0,
		-0.113947,
		-0.991297,
		-0.065934,
		0,
		0.695151,
		-0.03214,
		-0.718145,
		0,
		0.599256,
		0.125519,
		-0.478895,
		1,
	},
	[0.766666666667] = {
		0.71009,
		-0.12824,
		0.692334,
		0,
		-0.115417,
		-0.991174,
		-0.065217,
		0,
		0.694587,
		-0.033597,
		-0.718624,
		0,
		0.599087,
		0.124489,
		-0.479403,
		1,
	},
	[0.783333333333] = {
		0.71008,
		-0.12884,
		0.692234,
		0,
		-0.11697,
		-0.991041,
		-0.064469,
		0,
		0.694338,
		-0.035193,
		-0.718788,
		0,
		0.599145,
		0.12336,
		-0.479653,
		1,
	},
	[0.7] = {
		0.707231,
		-0.1262,
		0.695628,
		0,
		-0.110198,
		-0.991591,
		-0.067857,
		0,
		0.698341,
		-0.028667,
		-0.715191,
		0,
		0.600878,
		0.127971,
		-0.476136,
		1,
	},
	[0.816666666667] = {
		0.709224,
		-0.130052,
		0.692883,
		0,
		-0.12028,
		-0.990749,
		-0.062844,
		0,
		0.694646,
		-0.038769,
		-0.718306,
		0,
		0.59984,
		0.12083,
		-0.479494,
		1,
	},
	[0.833333333333] = {
		0.708471,
		-0.130637,
		0.693544,
		0,
		-0.122014,
		-0.990593,
		-0.061949,
		0,
		0.695112,
		-0.040733,
		-0.717746,
		0,
		0.600412,
		0.119442,
		-0.479162,
		1,
	},
	[0.85] = {
		0.707535,
		-0.131188,
		0.694395,
		0,
		-0.123785,
		-0.990433,
		-0.06099,
		0,
		0.695753,
		-0.042803,
		-0.717005,
		0,
		0.601108,
		0.117979,
		-0.478688,
		1,
	},
	[0.866666666667] = {
		0.706442,
		-0.131693,
		0.695411,
		0,
		-0.125581,
		-0.99027,
		-0.059959,
		0,
		0.696541,
		-0.044973,
		-0.716106,
		0,
		0.601908,
		0.116448,
		-0.478093,
		1,
	},
	[0.883333333333] = {
		0.705218,
		-0.132136,
		0.696569,
		0,
		-0.127388,
		-0.990106,
		-0.058849,
		0,
		0.697453,
		-0.047233,
		-0.715073,
		0,
		0.602794,
		0.114855,
		-0.4774,
		1,
	},
	[0.8] = {
		0.709769,
		-0.129449,
		0.692438,
		0,
		-0.118594,
		-0.990899,
		-0.063682,
		0,
		0.69438,
		-0.03692,
		-0.718661,
		0,
		0.599412,
		0.122138,
		-0.479665,
		1,
	},
	[0.916666666667] = {
		0.702482,
		-0.132785,
		0.699205,
		0,
		-0.130991,
		-0.98978,
		-0.056363,
		0,
		0.699543,
		-0.051996,
		-0.712696,
		0,
		0.604745,
		0.111506,
		-0.475798,
		1,
	},
	[0.933333333333] = {
		0.701022,
		-0.132962,
		0.700634,
		0,
		-0.132761,
		-0.989623,
		-0.05497,
		0,
		0.700673,
		-0.054482,
		-0.7114,
		0,
		0.605774,
		0.109761,
		-0.474932,
		1,
	},
	[0.95] = {
		0.699538,
		-0.133023,
		0.702105,
		0,
		-0.134495,
		-0.989471,
		-0.053466,
		0,
		0.701825,
		-0.057028,
		-0.710063,
		0,
		0.606812,
		0.107978,
		-0.474051,
		1,
	},
	[0.966666666667] = {
		0.698055,
		-0.132955,
		0.703592,
		0,
		-0.136179,
		-0.989327,
		-0.051842,
		0,
		0.702975,
		-0.059626,
		-0.70871,
		0,
		0.607842,
		0.106163,
		-0.473177,
		1,
	},
	[0.983333333333] = {
		0.696601,
		-0.132847,
		0.705052,
		0,
		-0.137803,
		-0.989185,
		-0.050233,
		0,
		0.7041,
		-0.062165,
		-0.707374,
		0,
		0.608845,
		0.104389,
		-0.472315,
		1,
	},
	[0.9] = {
		0.703889,
		-0.132505,
		0.697841,
		0,
		-0.129196,
		-0.989942,
		-0.057653,
		0,
		0.698462,
		-0.049577,
		-0.713928,
		0,
		0.603746,
		0.113205,
		-0.476627,
		1,
	},
	[1.01666666667] = {
		0.693891,
		-0.132748,
		0.707739,
		0,
		-0.140817,
		-0.988899,
		-0.047422,
		0,
		0.706177,
		-0.066756,
		-0.704881,
		0,
		0.6107,
		0.101179,
		-0.470682,
		1,
	},
	[1.03333333333] = {
		0.692689,
		-0.132714,
		0.708921,
		0,
		-0.142185,
		-0.988763,
		-0.046172,
		0,
		0.707082,
		-0.068815,
		-0.703775,
		0,
		0.611516,
		0.099738,
		-0.469959,
		1,
	},
	[1.05] = {
		0.691628,
		-0.132661,
		0.709966,
		0,
		-0.143443,
		-0.988635,
		-0.044994,
		0,
		0.707867,
		-0.070721,
		-0.702797,
		0,
		0.612234,
		0.098406,
		-0.469331,
		1,
	},
	[1.06666666667] = {
		0.690734,
		-0.13257,
		0.710853,
		0,
		-0.14458,
		-0.98852,
		-0.043865,
		0,
		0.708507,
		-0.072476,
		-0.701972,
		0,
		0.612837,
		0.097179,
		-0.468825,
		1,
	},
	[1.08333333333] = {
		0.690037,
		-0.132418,
		0.711558,
		0,
		-0.145584,
		-0.988421,
		-0.042759,
		0,
		0.708981,
		-0.074086,
		-0.701325,
		0,
		0.613307,
		0.096056,
		-0.468463,
		1,
	},
	{
		0.695204,
		-0.132785,
		0.706442,
		0,
		-0.139353,
		-0.989041,
		-0.048768,
		0,
		0.705175,
		-0.064541,
		-0.706089,
		0,
		0.609804,
		0.102729,
		-0.471475,
		1,
	},
	[1.11666666667] = {
		0.689343,
		-0.131846,
		0.712336,
		0,
		-0.147145,
		-0.988284,
		-0.040525,
		0,
		0.709334,
		-0.076881,
		-0.700667,
		0,
		0.613778,
		0.094115,
		-0.468273,
		1,
	},
	[1.13333333333] = {
		0.68927,
		-0.131383,
		0.712492,
		0,
		-0.14767,
		-0.988253,
		-0.039376,
		0,
		0.709296,
		-0.078073,
		-0.700574,
		0,
		0.61383,
		0.093294,
		-0.46838,
		1,
	},
	[1.15] = {
		0.689225,
		-0.130772,
		0.712648,
		0,
		-0.147994,
		-0.98825,
		-0.038214,
		0,
		0.709272,
		-0.07913,
		-0.70048,
		0,
		0.613862,
		0.092572,
		-0.468488,
		1,
	},
	[1.16666666667] = {
		0.689209,
		-0.129989,
		0.712807,
		0,
		-0.148106,
		-0.988278,
		-0.037022,
		0,
		0.709264,
		-0.080055,
		-0.700383,
		0,
		0.613873,
		0.091949,
		-0.468599,
		1,
	},
	[1.1] = {
		0.689564,
		-0.132183,
		0.71206,
		0,
		-0.146443,
		-0.988342,
		-0.041654,
		0,
		0.709264,
		-0.075553,
		-0.700882,
		0,
		0.613626,
		0.095035,
		-0.468271,
		1,
	},
}

return spline_matrices
