local spline_matrices = {
	[0] = {
		0.423779,
		0.019864,
		-0.905548,
		0,
		0.885957,
		-0.217031,
		0.40985,
		0,
		-0.188391,
		-0.975963,
		-0.109572,
		0,
		0.357776,
		-0.271917,
		-0.207032,
		1
	},
	{
		0.991526,
		-0.094831,
		-0.08879,
		0,
		0.124718,
		0.886158,
		0.446283,
		0,
		0.036361,
		-0.453575,
		0.890476,
		0,
		-0.028065,
		-0.221334,
		-0.094207,
		1
	},
	[0.0166666666667] = {
		0.58823,
		-0.012199,
		-0.808602,
		0,
		0.791001,
		-0.199329,
		0.578433,
		0,
		-0.168234,
		-0.979857,
		-0.107602,
		0,
		0.330212,
		-0.21865,
		-0.170382,
		1
	},
	[0.0333333333333] = {
		0.827293,
		-0.067749,
		-0.557671,
		0,
		0.541851,
		-0.165774,
		0.823964,
		0,
		-0.14827,
		-0.983834,
		-0.100433,
		0,
		0.279505,
		-0.108643,
		-0.103385,
		1
	},
	[0.05] = {
		0.908355,
		-0.083564,
		-0.409766,
		0,
		0.395472,
		-0.14698,
		0.906642,
		0,
		-0.13599,
		-0.985603,
		-0.100462,
		0,
		0.253704,
		-0.016824,
		-0.071168,
		1
	},
	[0.0666666666667] = {
		0.803144,
		-0.024626,
		-0.595275,
		0,
		0.586748,
		-0.140667,
		0.797458,
		0,
		-0.103374,
		-0.989751,
		-0.098526,
		0,
		0.260914,
		0.008404,
		-0.082153,
		1
	},
	[0.0833333333333] = {
		0.629347,
		0.036201,
		-0.776281,
		0,
		0.773046,
		-0.131363,
		0.620599,
		0,
		-0.079508,
		-0.990673,
		-0.110658,
		0,
		0.273413,
		0.018727,
		-0.096588,
		1
	},
	[0.116666666667] = {
		0.513811,
		0.026524,
		-0.857493,
		0,
		0.857795,
		4.1e-05,
		0.513993,
		0,
		0.013668,
		-0.999648,
		-0.022731,
		0,
		0.298871,
		0.093483,
		-0.124121,
		1
	},
	[0.133333333333] = {
		0.47397,
		0.012404,
		-0.880453,
		0,
		0.871629,
		0.135292,
		0.471126,
		0,
		0.124962,
		-0.990728,
		0.053313,
		0,
		0.315548,
		0.139778,
		-0.128631,
		1
	},
	[0.15] = {
		0.455443,
		-0.012851,
		-0.890172,
		0,
		0.861367,
		0.259051,
		0.436966,
		0,
		0.224985,
		-0.965778,
		0.129052,
		0,
		0.336329,
		0.190115,
		-0.127589,
		1
	},
	[0.166666666667] = {
		0.458352,
		-0.04937,
		-0.887398,
		0,
		0.83012,
		0.380478,
		0.4076,
		0,
		0.317513,
		-0.923471,
		0.215376,
		0,
		0.352792,
		0.242856,
		-0.120922,
		1
	},
	[0.183333333333] = {
		0.460479,
		-0.033095,
		-0.887053,
		0,
		0.754984,
		0.540175,
		0.371767,
		0,
		0.46686,
		-0.840902,
		0.273726,
		0,
		0.358683,
		0.295719,
		-0.120413,
		1
	},
	[0.1] = {
		0.563089,
		0.040516,
		-0.825402,
		0,
		0.824241,
		-0.09962,
		0.557407,
		0,
		-0.059643,
		-0.9942,
		-0.08949,
		0,
		0.286489,
		0.052028,
		-0.112021,
		1
	},
	[0.216666666667] = {
		0.344789,
		0.087591,
		-0.934585,
		0,
		0.40946,
		0.881886,
		0.23371,
		0,
		0.844668,
		-0.463255,
		0.268199,
		0,
		0.304362,
		0.406475,
		-0.128424,
		1
	},
	[0.233333333333] = {
		0.233441,
		0.066724,
		-0.970079,
		0,
		0.197301,
		0.97364,
		0.114448,
		0,
		0.952144,
		-0.218114,
		0.214123,
		0,
		0.286064,
		0.46802,
		-0.117157,
		1
	},
	[0.25] = {
		0.160607,
		0.060318,
		-0.985174,
		0,
		-0.141347,
		0.989249,
		0.037525,
		0,
		0.976845,
		0.133224,
		0.167406,
		0,
		0.246024,
		0.519118,
		-0.113356,
		1
	},
	[0.266666666667] = {
		0.034639,
		0.097065,
		-0.994675,
		0,
		-0.655734,
		0.75329,
		0.050674,
		0,
		0.754197,
		0.650487,
		0.089742,
		0,
		0.199495,
		0.579422,
		-0.098901,
		1
	},
	[0.283333333333] = {
		0.051265,
		0.055962,
		-0.997116,
		0,
		-0.858802,
		0.512075,
		-0.015414,
		0,
		0.509736,
		0.857116,
		0.074312,
		0,
		0.137445,
		0.604497,
		-0.081482,
		1
	},
	[0.2] = {
		0.421734,
		0.041539,
		-0.905768,
		0,
		0.607688,
		0.728448,
		0.316353,
		0,
		0.672946,
		-0.683841,
		0.281968,
		0,
		0.328735,
		0.347759,
		-0.124872,
		1
	},
	[0.316666666667] = {
		-0.019987,
		0.105943,
		-0.994171,
		0,
		-0.994677,
		0.098427,
		0.030486,
		0,
		0.101083,
		0.989489,
		0.103411,
		0,
		0.009993,
		0.652736,
		-0.083721,
		1
	},
	[0.333333333333] = {
		0.071269,
		0.100354,
		-0.992396,
		0,
		-0.989268,
		-0.120119,
		-0.083191,
		0,
		-0.127554,
		0.987674,
		0.090716,
		0,
		-0.121577,
		0.667499,
		-0.100995,
		1
	},
	[0.35] = {
		0.076894,
		0.182327,
		-0.980227,
		0,
		-0.928121,
		-0.346082,
		-0.13718,
		0,
		-0.36425,
		0.920317,
		0.14261,
		0,
		-0.271622,
		0.67185,
		-0.114499,
		1
	},
	[0.366666666667] = {
		0.135586,
		0.220183,
		-0.96599,
		0,
		-0.822643,
		-0.518346,
		-0.233615,
		0,
		-0.552155,
		0.82634,
		0.110851,
		0,
		-0.483301,
		0.609412,
		-0.117763,
		1
	},
	[0.383333333333] = {
		-0.023898,
		0.101969,
		-0.994501,
		0,
		-0.783004,
		-0.620402,
		-0.044796,
		0,
		-0.621557,
		0.777627,
		0.094668,
		0,
		-0.577597,
		0.513098,
		-0.161733,
		1
	},
	[0.3] = {
		0.018205,
		0.078359,
		-0.996759,
		0,
		-0.960775,
		0.277295,
		0.004252,
		0,
		0.27673,
		0.957584,
		0.080334,
		0,
		0.087862,
		0.630665,
		-0.08208,
		1
	},
	[0.416666666667] = {
		0.243451,
		0.6816,
		-0.690039,
		0,
		-0.528285,
		-0.503467,
		-0.683693,
		0,
		-0.813417,
		0.530983,
		0.23751,
		0,
		-0.504483,
		0.216706,
		-0.143575,
		1
	},
	[0.433333333333] = {
		0.147314,
		0.478959,
		-0.865388,
		0,
		-0.30719,
		-0.809511,
		-0.500326,
		0,
		-0.940177,
		0.339543,
		0.027879,
		0,
		-0.582078,
		0.185136,
		-0.125582,
		1
	},
	[0.45] = {
		0.126565,
		0.168872,
		-0.977478,
		0,
		-0.04415,
		-0.983467,
		-0.175623,
		0,
		-0.990975,
		0.065384,
		-0.117017,
		0,
		-0.639112,
		0.139109,
		-0.111482,
		1
	},
	[0.466666666667] = {
		0.130694,
		0.026435,
		-0.99107,
		0,
		0.093362,
		-0.99553,
		-0.014242,
		0,
		-0.987017,
		-0.090667,
		-0.132578,
		0,
		-0.63476,
		0.082603,
		-0.135291,
		1
	},
	[0.483333333333] = {
		0.172997,
		-0.004964,
		-0.98491,
		0,
		0.157973,
		-0.986901,
		0.032721,
		0,
		-0.972171,
		-0.16125,
		-0.169947,
		0,
		-0.617734,
		0.016125,
		-0.20104,
		1
	},
	[0.4] = {
		0.346555,
		0.726312,
		-0.593608,
		0,
		-0.538699,
		-0.363962,
		-0.759825,
		0,
		-0.767921,
		0.583097,
		0.265131,
		0,
		-0.459382,
		0.234783,
		-0.153082,
		1
	},
	[0.516666666667] = {
		0.266234,
		0.111558,
		-0.957431,
		0,
		0.207645,
		-0.976597,
		-0.056051,
		0,
		-0.941277,
		-0.183883,
		-0.283168,
		0,
		-0.559464,
		-0.12047,
		-0.38968,
		1
	},
	[0.533333333333] = {
		0.297695,
		0.211609,
		-0.930913,
		0,
		0.219271,
		-0.964211,
		-0.149058,
		0,
		-0.929138,
		-0.159748,
		-0.33344,
		0,
		-0.524721,
		-0.177419,
		-0.480288,
		1
	},
	[0.55] = {
		0.316104,
		0.330284,
		-0.889377,
		0,
		0.214551,
		-0.938045,
		-0.272102,
		0,
		-0.924146,
		-0.104804,
		-0.367382,
		0,
		-0.490677,
		-0.218032,
		-0.546898,
		1
	},
	[0.566666666667] = {
		0.325471,
		0.457963,
		-0.827248,
		0,
		0.18384,
		-0.888837,
		-0.419729,
		0,
		-0.927508,
		-0.015472,
		-0.373483,
		0,
		-0.460817,
		-0.235765,
		-0.573374,
		1
	},
	[0.583333333333] = {
		0.33413,
		0.58777,
		-0.736806,
		0,
		0.12846,
		-0.802839,
		-0.582191,
		0,
		-0.933732,
		0.099878,
		-0.343758,
		0,
		-0.432678,
		-0.239814,
		-0.56896,
		1
	},
	[0.5] = {
		0.223118,
		0.037495,
		-0.97407,
		0,
		0.186161,
		-0.982507,
		0.004822,
		0,
		-0.95685,
		-0.18241,
		-0.226195,
		0,
		-0.591556,
		-0.05376,
		-0.291216,
		1
	},
	[0.616666666667] = {
		0.37363,
		0.807138,
		-0.457088,
		0,
		-0.028731,
		-0.482469,
		-0.875442,
		0,
		-0.927133,
		0.340224,
		-0.157075,
		0,
		-0.368776,
		-0.24739,
		-0.531603,
		1
	},
	[0.633333333333] = {
		0.415941,
		0.864772,
		-0.281358,
		0,
		-0.122714,
		-0.253188,
		-0.959603,
		0,
		-0.901074,
		0.433664,
		0.000809,
		0,
		-0.334187,
		-0.250721,
		-0.501445,
		1
	},
	[0.65] = {
		0.477897,
		0.872465,
		-0.102077,
		0,
		-0.215087,
		0.003555,
		-0.976589,
		0,
		-0.851676,
		0.488664,
		0.189355,
		0,
		-0.298607,
		-0.253531,
		-0.4655,
		1
	},
	[0.666666666667] = {
		0.55827,
		0.827442,
		0.060619,
		0,
		-0.293173,
		0.265097,
		-0.918571,
		0,
		-0.776134,
		0.495038,
		0.390579,
		0,
		-0.262608,
		-0.255804,
		-0.425175,
		1
	},
	[0.683333333333] = {
		0.651295,
		0.735208,
		0.18784,
		0,
		-0.344349,
		0.506941,
		-0.790212,
		0,
		-0.676194,
		0.449979,
		0.583336,
		0,
		-0.226992,
		-0.257517,
		-0.381883,
		1
	},
	[0.6] = {
		0.348145,
		0.709765,
		-0.612396,
		0,
		0.056937,
		-0.668068,
		-0.741919,
		0,
		-0.93571,
		0.223428,
		-0.272996,
		0,
		-0.4018,
		-0.243699,
		-0.554573,
		1
	},
	[0.716666666667] = {
		0.836676,
		0.463409,
		0.291933,
		0,
		-0.335403,
		0.8549,
		-0.395791,
		0,
		-0.432987,
		0.233234,
		0.870703,
		0,
		-0.160014,
		-0.25922,
		-0.292086,
		1
	},
	[0.733333333333] = {
		0.90925,
		0.317525,
		0.26915,
		0,
		-0.276382,
		0.944035,
		-0.180029,
		0,
		-0.311251,
		0.089304,
		0.946123,
		0,
		-0.129843,
		-0.259225,
		-0.248446,
		1
	},
	[0.75] = {
		0.960023,
		0.18481,
		0.210239,
		0,
		-0.192586,
		0.981134,
		0.01695,
		0,
		-0.20314,
		-0.056761,
		0.977503,
		0,
		-0.102661,
		-0.25869,
		-0.207561,
		1
	},
	[0.766666666667] = {
		0.988524,
		0.074559,
		0.131382,
		0,
		-0.09777,
		0.978763,
		0.180176,
		0,
		-0.115158,
		-0.190954,
		0.974821,
		0,
		-0.079041,
		-0.257645,
		-0.170873,
		1
	},
	[0.783333333333] = {
		0.998745,
		-0.009096,
		0.049258,
		0,
		-0.006273,
		0.952921,
		0.303154,
		0,
		-0.049696,
		-0.303083,
		0.951668,
		0,
		-0.059549,
		-0.256128,
		-0.139826,
		1
	},
	[0.7] = {
		0.747643,
		0.608314,
		0.266428,
		0,
		-0.359434,
		0.708003,
		-0.607897,
		0,
		-0.558424,
		0.358727,
		0.747982,
		0,
		-0.192594,
		-0.258655,
		-0.337044,
		1
	},
	[0.816666666667] = {
		0.992705,
		-0.09836,
		-0.069726,
		0,
		0.118959,
		0.893183,
		0.433674,
		0,
		0.019622,
		-0.438805,
		0.898368,
		0,
		-0.035214,
		-0.251868,
		-0.100419,
		1
	},
	[0.833333333333] = {
		0.99036,
		-0.107665,
		-0.087147,
		0,
		0.135528,
		0.883137,
		0.449111,
		0,
		0.02861,
		-0.456592,
		0.889216,
		0,
		-0.031508,
		-0.24924,
		-0.094937,
		1
	},
	[0.85] = {
		0.990577,
		-0.105604,
		-0.087209,
		0,
		0.133715,
		0.883465,
		0.44901,
		0,
		0.029629,
		-0.45644,
		0.889261,
		0,
		-0.030929,
		-0.246442,
		-0.094906,
		1
	},
	[0.866666666667] = {
		0.99077,
		-0.103686,
		-0.08731,
		0,
		0.132046,
		0.883786,
		0.448871,
		0,
		0.030622,
		-0.456257,
		0.889321,
		0,
		-0.030399,
		-0.243587,
		-0.094866,
		1
	},
	[0.883333333333] = {
		0.99094,
		-0.101939,
		-0.087444,
		0,
		0.130542,
		0.884099,
		0.448695,
		0,
		0.03157,
		-0.456045,
		0.889396,
		0,
		-0.029924,
		-0.240696,
		-0.094816,
		1
	},
	[0.8] = {
		0.997582,
		-0.066077,
		-0.021547,
		0,
		0.069266,
		0.91977,
		0.386298,
		0,
		-0.005707,
		-0.386856,
		0.922122,
		0,
		-0.04475,
		-0.254184,
		-0.115861,
		1
	},
	[0.916666666667] = {
		0.991202,
		-0.099057,
		-0.087788,
		0,
		0.128111,
		0.884694,
		0.448223,
		0,
		0.033266,
		-0.455526,
		0.889601,
		0,
		-0.029156,
		-0.234895,
		-0.09469,
		1
	},
	[0.933333333333] = {
		0.991297,
		-0.097927,
		-0.087985,
		0,
		0.127181,
		0.884979,
		0.447925,
		0,
		0.034001,
		-0.455217,
		0.889731,
		0,
		-0.02886,
		-0.232029,
		-0.094612,
		1
	},
	[0.95] = {
		0.991375,
		-0.096949,
		-0.08819,
		0,
		0.126388,
		0.885266,
		0.447583,
		0,
		0.034679,
		-0.454869,
		0.889883,
		0,
		-0.028607,
		-0.229217,
		-0.094525,
		1
	},
	[0.966666666667] = {
		0.991437,
		-0.096114,
		-0.088397,
		0,
		0.125721,
		0.885556,
		0.447197,
		0,
		0.035298,
		-0.454481,
		0.890057,
		0,
		-0.028393,
		-0.226483,
		-0.094429,
		1
	},
	[0.983333333333] = {
		0.991487,
		-0.095411,
		-0.088599,
		0,
		0.125168,
		0.885853,
		0.446764,
		0,
		0.035859,
		-0.45405,
		0.890254,
		0,
		-0.028213,
		-0.223847,
		-0.094323,
		1
	},
	[0.9] = {
		0.991084,
		-0.100387,
		-0.087606,
		0,
		0.129224,
		0.884402,
		0.44848,
		0,
		0.032457,
		-0.455802,
		0.889489,
		0,
		-0.029508,
		-0.237791,
		-0.094758,
		1
	},
	[1.01666666667] = {
		0.991555,
		-0.094363,
		-0.088965,
		0,
		0.124357,
		0.886476,
		0.445753,
		0,
		0.036802,
		-0.453052,
		0.890724,
		0,
		-0.027944,
		-0.218964,
		-0.094082,
		1
	},
	[1.03333333333] = {
		0.991576,
		-0.093999,
		-0.089116,
		0,
		0.124076,
		0.886807,
		0.445173,
		0,
		0.037182,
		-0.45248,
		0.890999,
		0,
		-0.027847,
		-0.216761,
		-0.093946,
		1
	},
	[1.05] = {
		0.991591,
		-0.093728,
		-0.089236,
		0,
		0.123862,
		0.887154,
		0.444541,
		0,
		0.0375,
		-0.451855,
		0.891303,
		0,
		-0.027771,
		-0.214748,
		-0.0938,
		1
	},
	[1.06666666667] = {
		0.991601,
		-0.09354,
		-0.089321,
		0,
		0.123703,
		0.887519,
		0.443855,
		0,
		0.037756,
		-0.451176,
		0.891636,
		0,
		-0.027711,
		-0.212945,
		-0.093643,
		1
	},
	[1.08333333333] = {
		0.991608,
		-0.093425,
		-0.089363,
		0,
		0.123587,
		0.887906,
		0.443114,
		0,
		0.037948,
		-0.450439,
		0.892,
		0,
		-0.027666,
		-0.211376,
		-0.093474,
		1
	},
	[1.11666666667] = {
		0.991619,
		-0.093374,
		-0.089293,
		0,
		0.12344,
		0.888749,
		0.441461,
		0,
		0.038138,
		-0.448784,
		0.892826,
		0,
		-0.027605,
		-0.209027,
		-0.093099,
		1
	},
	[1.13333333333] = {
		0.991623,
		-0.093418,
		-0.089197,
		0,
		0.123397,
		0.88921,
		0.440543,
		0,
		0.03816,
		-0.44786,
		0.893289,
		0,
		-0.027587,
		-0.208293,
		-0.09289,
		1
	},
	[1.15] = {
		0.991625,
		-0.093495,
		-0.089093,
		0,
		0.123378,
		0.889701,
		0.439557,
		0,
		0.03817,
		-0.446868,
		0.893785,
		0,
		-0.027577,
		-0.207881,
		-0.092664,
		1
	},
	[1.16666666667] = {
		0.991626,
		-0.093596,
		-0.088982,
		0,
		0.123373,
		0.890223,
		0.438501,
		0,
		0.038172,
		-0.445807,
		0.894315,
		0,
		-0.027575,
		-0.207815,
		-0.092419,
		1
	},
	[1.1] = {
		0.991613,
		-0.093373,
		-0.089356,
		0,
		0.123504,
		0.888315,
		0.442316,
		0,
		0.038076,
		-0.449643,
		0.892397,
		0,
		-0.027631,
		-0.210062,
		-0.093293,
		1
	}
}

return spline_matrices
