-- chunkname: @content/characters/player/human/first_person/animations/2h_chain_sword/attack_down.lua

local spline_matrices = {
	[0.0166666666667] = {
		0.8922,
		-0.138719,
		-0.42981,
		0,
		0.445571,
		0.114846,
		0.887849,
		0,
		-0.0738,
		-0.98365,
		0.164274,
		0,
		0.047559,
		-0.387845,
		-0.211516,
		1
	},
	[0.0333333333333] = {
		0.891767,
		-0.140621,
		-0.43009,
		0,
		0.444499,
		0.094342,
		0.890797,
		0,
		-0.084689,
		-0.985559,
		0.146637,
		0,
		-0.001548,
		-0.427273,
		-0.157244,
		1
	},
	[0.05] = {
		0.891345,
		-0.142994,
		-0.430182,
		0,
		0.439514,
		0.040138,
		0.897338,
		0,
		-0.111047,
		-0.98891,
		0.098624,
		0,
		-0.050655,
		-0.4667,
		-0.102973,
		1
	},
	[0.0666666666667] = {
		0.891147,
		-0.144818,
		-0.429983,
		0,
		0.429436,
		-0.036644,
		0.902353,
		0,
		-0.146434,
		-0.98878,
		0.029535,
		0,
		-0.072976,
		-0.484621,
		-0.078304,
		1
	},
	[0.0833333333333] = {
		0.894209,
		-0.14673,
		-0.422918,
		0,
		0.407909,
		-0.122073,
		0.904825,
		0,
		-0.184392,
		-0.981615,
		-0.049306,
		0,
		-0.031468,
		-0.462533,
		-0.035819,
		1
	},
	[0] = {
		0.892404,
		-0.137982,
		-0.429624,
		0,
		0.445264,
		0.114846,
		0.888004,
		0,
		-0.073188,
		-0.983754,
		0.163927,
		0,
		0.069881,
		-0.369924,
		-0.236185,
		1
	},
	[0.116666666667] = {
		0.9113,
		-0.145324,
		-0.385244,
		0,
		0.336773,
		-0.275223,
		0.900464,
		0,
		-0.236888,
		-0.950333,
		-0.20187,
		0,
		0.086398,
		-0.316063,
		0.110277,
		1
	},
	[0.133333333333] = {
		0.923011,
		-0.139502,
		-0.358595,
		0,
		0.300051,
		-0.322464,
		0.897767,
		0,
		-0.240875,
		-0.936246,
		-0.25578,
		0,
		0.080518,
		-0.212909,
		0.138137,
		1
	},
	[0.15] = {
		0.939267,
		-0.121401,
		-0.320999,
		0,
		0.264901,
		-0.338195,
		0.903023,
		0,
		-0.218188,
		-0.933213,
		-0.285496,
		0,
		0.070884,
		-0.102673,
		0.160892,
		1
	},
	[0.166666666667] = {
		0.958932,
		-0.086331,
		-0.270178,
		0,
		0.230877,
		-0.315734,
		0.92033,
		0,
		-0.164758,
		-0.944912,
		-0.282835,
		0,
		0.061828,
		0.004581,
		0.178943,
		1
	},
	[0.183333333333] = {
		0.977089,
		-0.041932,
		-0.208661,
		0,
		0.191324,
		-0.256426,
		0.947439,
		0,
		-0.093234,
		-0.965654,
		-0.242528,
		0,
		0.052877,
		0.098715,
		0.192521,
		1
	},
	[0.1] = {
		0.901748,
		-0.147501,
		-0.406317,
		0,
		0.373978,
		-0.205171,
		0.904458,
		0,
		-0.216773,
		-0.967548,
		-0.129851,
		0,
		0.045466,
		-0.402774,
		0.048064,
		1
	},
	[0.216666666667] = {
		0.995365,
		0.053817,
		-0.079708,
		0,
		0.082008,
		-0.041977,
		0.995747,
		0,
		0.050242,
		-0.997668,
		-0.046196,
		0,
		0.0365,
		0.275446,
		0.203393,
		1
	},
	[0.233333333333] = {
		0.9952,
		0.094113,
		-0.026848,
		0,
		0.017061,
		0.10329,
		0.994505,
		0,
		0.096369,
		-0.990189,
		0.101188,
		0,
		0.028615,
		0.364259,
		0.200983,
		1
	},
	[0.25] = {
		0.992443,
		0.122399,
		0.008689,
		0,
		-0.040881,
		0.263049,
		0.963916,
		0,
		0.115696,
		-0.956987,
		0.266065,
		0,
		0.021155,
		0.447827,
		0.189122,
		1
	},
	[0.266666666667] = {
		0.990877,
		0.133227,
		0.020319,
		0,
		-0.07592,
		0.427251,
		0.90094,
		0,
		0.111349,
		-0.894264,
		0.433468,
		0,
		0.014498,
		0.521818,
		0.15863,
		1
	},
	[0.283333333333] = {
		0.993121,
		0.116779,
		0.00854,
		0,
		-0.089664,
		0.711572,
		0.696869,
		0,
		0.075303,
		-0.692841,
		0.717148,
		0,
		0.010002,
		0.591989,
		0.083041,
		1
	},
	[0.2] = {
		0.98973,
		0.00665,
		-0.142798,
		0,
		0.14195,
		-0.163842,
		0.97622,
		0,
		-0.016904,
		-0.986464,
		-0.163103,
		0,
		0.044643,
		0.185644,
		0.200939,
		1
	},
	[0.316666666667] = {
		0.998625,
		0.033877,
		-0.040011,
		0,
		-0.046251,
		0.928642,
		-0.368083,
		0,
		0.024686,
		0.369428,
		0.928931,
		0,
		0.00446,
		0.725531,
		-0.099682,
		1
	},
	[0.333333333333] = {
		0.998608,
		0.011543,
		-0.051465,
		0,
		-0.044625,
		0.705052,
		-0.70775,
		0,
		0.028116,
		0.709062,
		0.704585,
		0,
		0.001321,
		0.773064,
		-0.165081,
		1
	},
	[0.35] = {
		0.998579,
		0.008921,
		-0.052548,
		0,
		-0.051554,
		0.411972,
		-0.909737,
		0,
		0.013532,
		0.911153,
		0.411846,
		0,
		-0.005113,
		0.792862,
		-0.229828,
		1
	},
	[0.366666666667] = {
		0.998647,
		0.006741,
		-0.051568,
		0,
		-0.052004,
		0.140052,
		-0.988777,
		0,
		0.000557,
		0.990121,
		0.140213,
		0,
		-0.011285,
		0.787694,
		-0.305102,
		1
	},
	[0.383333333333] = {
		0.998743,
		0.003588,
		-0.05001,
		0,
		-0.049788,
		-0.046814,
		-0.997662,
		0,
		-0.00592,
		0.998897,
		-0.046576,
		0,
		-0.013064,
		0.771784,
		-0.397009,
		1
	},
	[0.3] = {
		0.996885,
		0.07743,
		-0.015033,
		0,
		-0.07098,
		0.963764,
		0.257141,
		0,
		0.034398,
		-0.255273,
		0.966257,
		0,
		0.007042,
		0.662402,
		-0.014591,
		1
	},
	[0.416666666667] = {
		0.998846,
		-0.002461,
		-0.047969,
		0,
		-0.045871,
		-0.345073,
		-0.937454,
		0,
		-0.014245,
		0.938573,
		-0.344787,
		0,
		-0.018816,
		0.720527,
		-0.561245,
		1
	},
	[0.433333333333] = {
		0.998819,
		-0.004842,
		-0.048347,
		0,
		-0.045567,
		-0.438755,
		-0.89745,
		0,
		-0.016867,
		0.898594,
		-0.438457,
		0,
		-0.022344,
		0.689142,
		-0.650102,
		1
	},
	[0.45] = {
		0.998758,
		-0.006618,
		-0.049383,
		0,
		-0.046273,
		-0.490735,
		-0.870079,
		0,
		-0.018476,
		0.871284,
		-0.490431,
		0,
		-0.026754,
		0.65462,
		-0.743528,
		1
	},
	[0.466666666667] = {
		0.998696,
		-0.007928,
		-0.050434,
		0,
		-0.047222,
		-0.518934,
		-0.853509,
		0,
		-0.019405,
		0.854778,
		-0.518631,
		0,
		-0.031099,
		0.611189,
		-0.73967,
		1
	},
	[0.483333333333] = {
		0.998674,
		-0.008813,
		-0.050726,
		0,
		-0.047389,
		-0.542489,
		-0.838725,
		0,
		-0.020127,
		0.840017,
		-0.542187,
		0,
		-0.035262,
		0.563768,
		-0.736093,
		1
	},
	[0.4] = {
		0.998821,
		0.000405,
		-0.048557,
		0,
		-0.047361,
		-0.212568,
		-0.975997,
		0,
		-0.010717,
		0.977146,
		-0.212298,
		0,
		-0.016238,
		0.748419,
		-0.474668,
		1
	},
	[0.516666666667] = {
		0.99869,
		-0.009885,
		-0.050204,
		0,
		-0.046765,
		-0.574509,
		-0.817161,
		0,
		-0.020765,
		0.818438,
		-0.574219,
		0,
		-0.04292,
		0.466604,
		-0.727459,
		1
	},
	[0.533333333333] = {
		0.998698,
		-0.010395,
		-0.049944,
		0,
		-0.046588,
		-0.584727,
		-0.809891,
		0,
		-0.020785,
		0.811164,
		-0.58445,
		0,
		-0.04647,
		0.419555,
		-0.722997,
		1
	},
	[0.55] = {
		0.998706,
		-0.010908,
		-0.04968,
		0,
		-0.046486,
		-0.592157,
		-0.804481,
		0,
		-0.020643,
		0.805749,
		-0.591897,
		0,
		-0.049707,
		0.375334,
		-0.718776,
		1
	},
	[0.566666666667] = {
		0.998714,
		-0.011435,
		-0.049405,
		0,
		-0.046441,
		-0.597549,
		-0.800486,
		0,
		-0.020368,
		0.801751,
		-0.597311,
		0,
		-0.052532,
		0.335302,
		-0.715018,
		1
	},
	[0.583333333333] = {
		0.998722,
		-0.011968,
		-0.049117,
		0,
		-0.046436,
		-0.601296,
		-0.797676,
		0,
		-0.019987,
		0.798937,
		-0.601082,
		0,
		-0.054843,
		0.301121,
		-0.711834,
		1
	},
	[0.5] = {
		0.998682,
		-0.009362,
		-0.050463,
		0,
		-0.047028,
		-0.560712,
		-0.826674,
		0,
		-0.020556,
		0.827958,
		-0.560413,
		0,
		-0.039153,
		0.515124,
		-0.731918,
		1
	},
	[0.616666666667] = {
		0.998739,
		-0.01301,
		-0.048503,
		0,
		-0.046477,
		-0.605245,
		-0.794681,
		0,
		-0.019018,
		0.795933,
		-0.605085,
		0,
		-0.057495,
		0.257023,
		-0.707942,
		1
	},
	[0.633333333333] = {
		0.998748,
		-0.013522,
		-0.048169,
		0,
		-0.046491,
		-0.606549,
		-0.793685,
		0,
		-0.018484,
		0.794931,
		-0.606418,
		0,
		-0.057618,
		0.250069,
		-0.707863,
		1
	},
	[0.65] = {
		0.998758,
		-0.014032,
		-0.047813,
		0,
		-0.046483,
		-0.60804,
		-0.792544,
		0,
		-0.017951,
		0.793783,
		-0.607936,
		0,
		-0.057281,
		0.248764,
		-0.708653,
		1
	},
	[0.666666666667] = {
		0.998769,
		-0.014535,
		-0.047438,
		0,
		-0.046454,
		-0.60978,
		-0.791208,
		0,
		-0.017427,
		0.792438,
		-0.609704,
		0,
		-0.056941,
		0.247234,
		-0.709574,
		1
	},
	[0.683333333333] = {
		0.99878,
		-0.015028,
		-0.047052,
		0,
		-0.046406,
		-0.611738,
		-0.789698,
		0,
		-0.016916,
		0.790918,
		-0.611689,
		0,
		-0.056601,
		0.245504,
		-0.710613,
		1
	},
	[0.6] = {
		0.99873,
		-0.012492,
		-0.048818,
		0,
		-0.046453,
		-0.603676,
		-0.795875,
		0,
		-0.019528,
		0.797132,
		-0.603489,
		0,
		-0.056533,
		0.274534,
		-0.709376,
		1
	},
	[0.716666666667] = {
		0.998802,
		-0.015968,
		-0.046262,
		0,
		-0.046268,
		-0.616185,
		-0.786241,
		0,
		-0.015951,
		0.78744,
		-0.616185,
		0,
		-0.05594,
		0.241549,
		-0.712983,
		1
	},
	[0.733333333333] = {
		0.998813,
		-0.016407,
		-0.04587,
		0,
		-0.046182,
		-0.618611,
		-0.784339,
		0,
		-0.015507,
		0.785527,
		-0.618633,
		0,
		-0.055626,
		0.239376,
		-0.714285,
		1
	},
	[0.75] = {
		0.998823,
		-0.016822,
		-0.045488,
		0,
		-0.046091,
		-0.62113,
		-0.782351,
		0,
		-0.015093,
		0.783527,
		-0.621174,
		0,
		-0.055329,
		0.237108,
		-0.715647,
		1
	},
	[0.766666666667] = {
		0.998833,
		-0.017209,
		-0.045122,
		0,
		-0.045996,
		-0.623713,
		-0.780299,
		0,
		-0.014716,
		0.781464,
		-0.623776,
		0,
		-0.055052,
		0.23477,
		-0.717054,
		1
	},
	[0.783333333333] = {
		0.998843,
		-0.017564,
		-0.044778,
		0,
		-0.0459,
		-0.626328,
		-0.778207,
		0,
		-0.014378,
		0.779362,
		-0.626409,
		0,
		-0.0548,
		0.232389,
		-0.718493,
		1
	},
	[0.7] = {
		0.998791,
		-0.015507,
		-0.046658,
		0,
		-0.046343,
		-0.613884,
		-0.788035,
		0,
		-0.016423,
		0.789244,
		-0.61386,
		0,
		-0.056266,
		0.243601,
		-0.711754,
		1
	},
	[0.816666666667] = {
		0.998859,
		-0.018167,
		-0.044179,
		0,
		-0.04572,
		-0.631538,
		-0.773996,
		0,
		-0.013839,
		0.775133,
		-0.631647,
		0,
		-0.054387,
		0.227609,
		-0.721415,
		1
	},
	[0.833333333333] = {
		0.998865,
		-0.01841,
		-0.043936,
		0,
		-0.045641,
		-0.634073,
		-0.771925,
		0,
		-0.013648,
		0.773054,
		-0.634193,
		0,
		-0.054234,
		0.225264,
		-0.722873,
		1
	},
	[0.85] = {
		0.99887,
		-0.01861,
		-0.04374,
		0,
		-0.045573,
		-0.636522,
		-0.769911,
		0,
		-0.013514,
		0.771034,
		-0.63665,
		0,
		-0.054122,
		0.222985,
		-0.724312,
		1
	},
	[0.866666666667] = {
		0.998873,
		-0.018764,
		-0.043597,
		0,
		-0.04552,
		-0.638858,
		-0.767977,
		0,
		-0.013442,
		0.769096,
		-0.638991,
		0,
		-0.054055,
		0.220801,
		-0.72572,
		1
	},
	[0.883333333333] = {
		0.998875,
		-0.01886,
		-0.043512,
		0,
		-0.045478,
		-0.641051,
		-0.76615,
		0,
		-0.013444,
		0.767267,
		-0.641187,
		0,
		-0.054039,
		0.21874,
		-0.727087,
		1
	},
	[0.8] = {
		0.998851,
		-0.017884,
		-0.044461,
		0,
		-0.045807,
		-0.628946,
		-0.776098,
		0,
		-0.014084,
		0.777243,
		-0.629043,
		0,
		-0.054577,
		0.229993,
		-0.719951,
		1
	},
	[0.916666666667] = {
		0.998875,
		-0.018861,
		-0.043516,
		0,
		-0.045414,
		-0.644897,
		-0.762919,
		0,
		-0.013674,
		0.764037,
		-0.645028,
		0,
		-0.054159,
		0.215099,
		-0.729652,
		1
	},
	[0.933333333333] = {
		0.998873,
		-0.018774,
		-0.043592,
		0,
		-0.045387,
		-0.646494,
		-0.761568,
		0,
		-0.013884,
		0.762688,
		-0.646617,
		0,
		-0.054282,
		0.213578,
		-0.73083,
		1
	},
	[0.95] = {
		0.998871,
		-0.01864,
		-0.04371,
		0,
		-0.045363,
		-0.647921,
		-0.760355,
		0,
		-0.014148,
		0.76148,
		-0.648034,
		0,
		-0.05444,
		0.212213,
		-0.731948,
		1
	},
	[0.966666666667] = {
		0.998867,
		-0.018468,
		-0.043861,
		0,
		-0.045341,
		-0.649259,
		-0.759214,
		0,
		-0.014456,
		0.760343,
		-0.649361,
		0,
		-0.054628,
		0.210928,
		-0.733026,
		1
	},
	[0.983333333333] = {
		0.998863,
		-0.018265,
		-0.044038,
		0,
		-0.04532,
		-0.650516,
		-0.758139,
		0,
		-0.0148,
		0.759273,
		-0.650604,
		0,
		-0.05484,
		0.209716,
		-0.734064,
		1
	},
	[0.9] = {
		0.998876,
		-0.018891,
		-0.043488,
		0,
		-0.045444,
		-0.643073,
		-0.764455,
		0,
		-0.013525,
		0.765572,
		-0.643208,
		0,
		-0.054076,
		0.21683,
		-0.728401,
		1
	},
	[1.01666666667] = {
		0.998854,
		-0.017787,
		-0.044449,
		0,
		-0.045274,
		-0.652816,
		-0.756162,
		0,
		-0.015567,
		0.757308,
		-0.652872,
		0,
		-0.055312,
		0.207485,
		-0.736013,
		1
	},
	[1.03333333333] = {
		0.998848,
		-0.017525,
		-0.04467,
		0,
		-0.045248,
		-0.653873,
		-0.75525,
		0,
		-0.015973,
		0.756401,
		-0.653913,
		0,
		-0.055561,
		0.206454,
		-0.736922,
		1
	},
	[1.05] = {
		0.998843,
		-0.017255,
		-0.044893,
		0,
		-0.045219,
		-0.654878,
		-0.75438,
		0,
		-0.016382,
		0.755538,
		-0.6549,
		0,
		-0.055811,
		0.20547,
		-0.737786,
		1
	},
	[1.06666666667] = {
		0.998838,
		-0.016983,
		-0.045112,
		0,
		-0.045185,
		-0.655839,
		-0.753548,
		0,
		-0.016788,
		0.75471,
		-0.655843,
		0,
		-0.056058,
		0.204527,
		-0.738604,
		1
	},
	[1.08333333333] = {
		0.998833,
		-0.016715,
		-0.04532,
		0,
		-0.045145,
		-0.656761,
		-0.752746,
		0,
		-0.017182,
		0.753914,
		-0.656749,
		0,
		-0.056294,
		0.203618,
		-0.739374,
		1
	},
	{
		0.998859,
		-0.018036,
		-0.044236,
		0,
		-0.045298,
		-0.651699,
		-0.757123,
		0,
		-0.015173,
		0.758263,
		-0.651772,
		0,
		-0.055069,
		0.20857,
		-0.73506,
		1
	},
	[1.11666666667] = {
		0.998825,
		-0.016214,
		-0.045678,
		0,
		-0.045044,
		-0.658521,
		-0.751213,
		0,
		-0.0179,
		0.752387,
		-0.658477,
		0,
		-0.056714,
		0.201877,
		-0.740767,
		1
	},
	[1.13333333333] = {
		0.998822,
		-0.015992,
		-0.045816,
		0,
		-0.044981,
		-0.659373,
		-0.750469,
		0,
		-0.018208,
		0.751646,
		-0.659316,
		0,
		-0.056886,
		0.201031,
		-0.741387,
		1
	},
	[1.15] = {
		0.998821,
		-0.015797,
		-0.045918,
		0,
		-0.044908,
		-0.660216,
		-0.749732,
		0,
		-0.018472,
		0.75091,
		-0.660146,
		0,
		-0.057025,
		0.200193,
		-0.741955,
		1
	},
	[1.16666666667] = {
		0.99882,
		-0.015634,
		-0.045977,
		0,
		-0.044824,
		-0.661056,
		-0.748996,
		0,
		-0.018683,
		0.750173,
		-0.660977,
		0,
		-0.057126,
		0.199357,
		-0.742468,
		1
	},
	[1.18333333333] = {
		0.998822,
		-0.01551,
		-0.045987,
		0,
		-0.044729,
		-0.661901,
		-0.748255,
		0,
		-0.018833,
		0.749431,
		-0.661815,
		0,
		-0.057182,
		0.198515,
		-0.742925,
		1
	},
	[1.1] = {
		0.998829,
		-0.016457,
		-0.045511,
		0,
		-0.045098,
		-0.657653,
		-0.75197,
		0,
		-0.017555,
		0.753141,
		-0.657624,
		0,
		-0.056515,
		0.202737,
		-0.740096,
		1
	},
	[1.21666666667] = {
		0.998825,
		-0.0154,
		-0.045953,
		0,
		-0.044587,
		-0.663633,
		-0.746728,
		0,
		-0.018996,
		0.7479,
		-0.66354,
		0,
		-0.057227,
		0.196788,
		-0.743661,
		1
	},
	[1.23333333333] = {
		0.998826,
		-0.015427,
		-0.045935,
		0,
		-0.044568,
		-0.664534,
		-0.745928,
		0,
		-0.019018,
		0.747099,
		-0.66444,
		0,
		-0.057233,
		0.195889,
		-0.743934,
		1
	},
	[1.2] = {
		0.998824,
		-0.01543,
		-0.04597,
		0,
		-0.044642,
		-0.662758,
		-0.747502,
		0,
		-0.018933,
		0.748675,
		-0.662667,
		0,
		-0.05721,
		0.197661,
		-0.743324,
		1
	}
}

return spline_matrices
