local spline_matrices = {
	[0] = {
		0.941911,
		-0.243022,
		-0.231827,
		0,
		0.194466,
		-0.168153,
		0.966389,
		0,
		-0.273836,
		-0.955335,
		-0.111126,
		0,
		0.185709,
		0.016023,
		-0.193409,
		1
	},
	{
		0.83608,
		-0.022753,
		-0.548135,
		0,
		-0.325109,
		-0.825347,
		-0.461635,
		0,
		-0.441898,
		0.564167,
		-0.697454,
		0,
		-0.027638,
		0.204234,
		-0.737859,
		1
	},
	[0.0166666666667] = {
		0.94338,
		-0.243089,
		-0.225705,
		0,
		0.189009,
		-0.165244,
		0.967972,
		0,
		-0.2726,
		-0.955825,
		-0.109942,
		0,
		0.195864,
		0.015813,
		-0.185329,
		1
	},
	[0.0333333333333] = {
		0.947803,
		-0.240697,
		-0.209129,
		0,
		0.174556,
		-0.157179,
		0.972021,
		0,
		-0.266833,
		-0.957789,
		-0.106959,
		0,
		0.220301,
		0.016332,
		-0.163226,
		1
	},
	[0.05] = {
		0.954988,
		-0.232994,
		-0.183609,
		0,
		0.153795,
		-0.140397,
		0.978078,
		0,
		-0.253664,
		-0.96229,
		-0.098244,
		0,
		0.249998,
		0.018413,
		-0.130396,
		1
	},
	[0.0666666666667] = {
		0.964459,
		-0.217083,
		-0.150648,
		0,
		0.128888,
		-0.11121,
		0.985404,
		0,
		-0.230667,
		-0.969798,
		-0.079278,
		0,
		0.275934,
		0.022838,
		-0.090129,
		1
	},
	[0.0833333333333] = {
		0.975393,
		-0.190003,
		-0.111837,
		0,
		0.101019,
		-0.065727,
		0.992711,
		0,
		-0.195969,
		-0.979581,
		-0.044916,
		0,
		0.289083,
		0.030275,
		-0.045684,
		1
	},
	[0.116666666667] = {
		0.99593,
		-0.090124,
		0.001198,
		0,
		0.00222,
		0.037826,
		0.999282,
		0,
		-0.090104,
		-0.995212,
		0.037872,
		0,
		0.290912,
		0.094402,
		0.041521,
		1
	},
	[0.133333333333] = {
		0.997326,
		-0.018958,
		0.070583,
		0,
		-0.068405,
		0.097889,
		0.992844,
		0,
		-0.025732,
		-0.995017,
		0.096331,
		0,
		0.28188,
		0.171543,
		0.075661,
		1
	},
	[0.15] = {
		0.988498,
		0.063009,
		0.137485,
		0,
		-0.146569,
		0.175042,
		0.97359,
		0,
		0.037279,
		-0.982543,
		0.182264,
		0,
		0.259467,
		0.257792,
		0.098915,
		1
	},
	[0.166666666667] = {
		0.983485,
		0.132425,
		0.123372,
		0,
		-0.15748,
		0.290156,
		0.943933,
		0,
		0.089203,
		-0.947773,
		0.306218,
		0,
		0.228974,
		0.347922,
		0.107569,
		1
	},
	[0.183333333333] = {
		0.988971,
		0.147059,
		0.017605,
		0,
		-0.08415,
		0.460095,
		0.883873,
		0,
		0.121882,
		-0.875606,
		0.467396,
		0,
		0.195676,
		0.436424,
		0.088764,
		1
	},
	[0.1] = {
		0.987061,
		-0.147881,
		-0.061985,
		0,
		0.060603,
		-0.013839,
		0.998066,
		0,
		-0.148453,
		-0.988908,
		-0.004698,
		0,
		0.291076,
		0.046912,
		-0.000351,
		1
	},
	[0.216666666667] = {
		0.960909,
		0.066717,
		-0.268705,
		0,
		0.089564,
		0.843439,
		0.529706,
		0,
		0.261976,
		-0.533066,
		0.804493,
		0,
		0.132454,
		0.585666,
		-0.006227,
		1
	},
	[0.233333333333] = {
		0.923338,
		0.104214,
		-0.369575,
		0,
		-0.014544,
		0.971268,
		0.237543,
		0,
		0.383712,
		-0.213957,
		0.898325,
		0,
		0.094455,
		0.643154,
		-0.071062,
		1
	},
	[0.25] = {
		0.953819,
		-0.03348,
		-0.29851,
		0,
		-0.023403,
		0.982466,
		-0.184967,
		0,
		0.299469,
		0.183411,
		0.936311,
		0,
		0.054712,
		0.691377,
		-0.150708,
		1
	},
	[0.266666666667] = {
		0.973377,
		0.056643,
		-0.222103,
		0,
		-0.172113,
		0.820565,
		-0.545024,
		0,
		0.151378,
		0.56874,
		0.808467,
		0,
		0.017438,
		0.717552,
		-0.226185,
		1
	},
	[0.283333333333] = {
		0.974123,
		0.09713,
		-0.204086,
		0,
		-0.224755,
		0.511672,
		-0.829263,
		0,
		0.023879,
		0.853673,
		0.520262,
		0,
		-0.013317,
		0.72192,
		-0.296797,
		1
	},
	[0.2] = {
		0.991226,
		0.102815,
		-0.083069,
		0,
		-0.004654,
		0.655212,
		0.75543,
		0,
		0.132097,
		-0.748415,
		0.649942,
		0,
		0.165072,
		0.518385,
		0.04752,
		1
	},
	[0.316666666667] = {
		0.983847,
		0.120095,
		-0.132748,
		0,
		-0.12881,
		-0.04001,
		-0.990862,
		0,
		-0.124309,
		0.991956,
		-0.023894,
		0,
		-0.048396,
		0.711931,
		-0.410148,
		1
	},
	[0.333333333333] = {
		0.984692,
		0.171381,
		-0.031779,
		0,
		0.008565,
		-0.22968,
		-0.973228,
		0,
		-0.174091,
		0.958058,
		-0.227632,
		0,
		-0.075759,
		0.696908,
		-0.48789,
		1
	},
	[0.35] = {
		0.969062,
		0.101159,
		-0.225136,
		0,
		-0.150408,
		-0.481189,
		-0.863617,
		0,
		-0.195696,
		0.870761,
		-0.451087,
		0,
		-0.112671,
		0.663522,
		-0.580431,
		1
	},
	[0.366666666667] = {
		0.886414,
		-0.032375,
		-0.46176,
		0,
		-0.359995,
		-0.675304,
		-0.643714,
		0,
		-0.290989,
		0.736828,
		-0.610254,
		0,
		-0.147831,
		0.629506,
		-0.66545,
		1
	},
	[0.383333333333] = {
		0.841009,
		-0.142509,
		-0.521914,
		0,
		-0.450983,
		-0.717556,
		-0.53078,
		0,
		-0.298862,
		0.681765,
		-0.667741,
		0,
		-0.164738,
		0.600812,
		-0.700179,
		1
	},
	[0.3] = {
		0.97414,
		0.106003,
		-0.199536,
		0,
		-0.21374,
		0.146009,
		-0.965917,
		0,
		-0.073256,
		0.983588,
		0.16489,
		0,
		-0.036757,
		0.722522,
		-0.366519,
		1
	},
	[0.416666666667] = {
		0.870409,
		-0.206782,
		-0.446799,
		0,
		-0.276583,
		-0.956153,
		-0.096296,
		0,
		-0.407296,
		0.207394,
		-0.889437,
		0,
		-0.153513,
		0.530817,
		-0.69655,
		1
	},
	[0.433333333333] = {
		0.869266,
		-0.188278,
		-0.457087,
		0,
		-0.268806,
		-0.956011,
		-0.117413,
		0,
		-0.414874,
		0.224931,
		-0.881638,
		0,
		-0.140569,
		0.489719,
		-0.696643,
		1
	},
	[0.45] = {
		0.866625,
		-0.163472,
		-0.471421,
		0,
		-0.267317,
		-0.949889,
		-0.162028,
		0,
		-0.42131,
		0.266436,
		-0.866896,
		0,
		-0.124576,
		0.447105,
		-0.697481,
		1
	},
	[0.466666666667] = {
		0.862563,
		-0.134116,
		-0.48785,
		0,
		-0.271221,
		-0.936548,
		-0.222073,
		0,
		-0.427111,
		0.323867,
		-0.844207,
		0,
		-0.106749,
		0.40455,
		-0.698936,
		1
	},
	[0.483333333333] = {
		0.857331,
		-0.102149,
		-0.504529,
		0,
		-0.279398,
		-0.91552,
		-0.289412,
		0,
		-0.432344,
		0.389087,
		-0.813444,
		0,
		-0.088305,
		0.363624,
		-0.700839,
		1
	},
	[0.4] = {
		0.855632,
		-0.192173,
		-0.480586,
		0,
		-0.358535,
		-0.889727,
		-0.282556,
		0,
		-0.373291,
		0.414071,
		-0.83018,
		0,
		-0.161975,
		0.568775,
		-0.697372,
		1
	},
	[0.516666666667] = {
		0.845321,
		-0.039864,
		-0.53277,
		0,
		-0.302758,
		-0.857379,
		-0.416219,
		0,
		-0.440194,
		0.513139,
		-0.73683,
		0,
		-0.0544,
		0.293225,
		-0.70513,
		1
	},
	[0.533333333333] = {
		0.839976,
		-0.01487,
		-0.542419,
		0,
		-0.314271,
		-0.828232,
		-0.463967,
		0,
		-0.44235,
		0.560188,
		-0.700369,
		0,
		-0.04135,
		0.26752,
		-0.706966,
		1
	},
	[0.55] = {
		0.836222,
		0.001956,
		-0.548387,
		0,
		-0.322833,
		-0.806597,
		-0.495157,
		0,
		-0.443296,
		0.591099,
		-0.673863,
		0,
		-0.032505,
		0.250479,
		-0.708382,
		1
	},
	[0.566666666667] = {
		0.834921,
		0.00748,
		-0.550318,
		0,
		-0.32627,
		-0.798534,
		-0.505857,
		0,
		-0.443232,
		0.601903,
		-0.664273,
		0,
		-0.029064,
		0.243798,
		-0.709275,
		1
	},
	[0.583333333333] = {
		0.835107,
		0.006281,
		-0.550051,
		0,
		-0.326462,
		-0.799142,
		-0.504772,
		0,
		-0.44274,
		0.601109,
		-0.665319,
		0,
		-0.02872,
		0.242767,
		-0.709944,
		1
	},
	[0.5] = {
		0.851371,
		-0.069887,
		-0.519888,
		0,
		-0.290472,
		-0.888076,
		-0.356296,
		0,
		-0.4368,
		0.454353,
		-0.776382,
		0,
		-0.070453,
		0.325901,
		-0.703002,
		1
	},
	[0.616666666667] = {
		0.835494,
		0.003538,
		-0.549489,
		0,
		-0.326777,
		-0.800746,
		-0.502018,
		0,
		-0.441777,
		0.598993,
		-0.667862,
		0,
		-0.028028,
		0.240182,
		-0.711618,
		1
	},
	[0.633333333333] = {
		0.835689,
		0.002027,
		-0.549199,
		0,
		-0.326902,
		-0.801713,
		-0.500391,
		0,
		-0.441315,
		0.597705,
		-0.66932,
		0,
		-0.027687,
		0.238666,
		-0.7126,
		1
	},
	[0.65] = {
		0.835882,
		0.000447,
		-0.548909,
		0,
		-0.327008,
		-0.802771,
		-0.498623,
		0,
		-0.440871,
		0.596287,
		-0.670876,
		0,
		-0.027356,
		0.237026,
		-0.713663,
		1
	},
	[0.666666666667] = {
		0.83607,
		-0.001186,
		-0.548622,
		0,
		-0.327094,
		-0.803906,
		-0.496734,
		0,
		-0.440451,
		0.594755,
		-0.672509,
		0,
		-0.027037,
		0.23528,
		-0.714797,
		1
	},
	[0.683333333333] = {
		0.836249,
		-0.002856,
		-0.548342,
		0,
		-0.327162,
		-0.805103,
		-0.494746,
		0,
		-0.440059,
		0.593128,
		-0.674201,
		0,
		-0.026736,
		0.233449,
		-0.71599,
		1
	},
	[0.6] = {
		0.835299,
		0.004962,
		-0.549774,
		0,
		-0.326631,
		-0.799884,
		-0.503485,
		0,
		-0.442254,
		0.600134,
		-0.666522,
		0,
		-0.028373,
		0.241555,
		-0.710729,
		1
	},
	[0.716666666667] = {
		0.836574,
		-0.006236,
		-0.547818,
		0,
		-0.327251,
		-0.80763,
		-0.490552,
		0,
		-0.439375,
		0.589657,
		-0.677683,
		0,
		-0.026201,
		0.229605,
		-0.71851,
		1
	},
	[0.733333333333] = {
		0.836714,
		-0.007913,
		-0.547584,
		0,
		-0.327273,
		-0.808932,
		-0.488387,
		0,
		-0.439093,
		0.587849,
		-0.679434,
		0,
		-0.025975,
		0.227632,
		-0.719816,
		1
	},
	[0.75] = {
		0.836834,
		-0.009561,
		-0.547373,
		0,
		-0.327282,
		-0.810242,
		-0.486203,
		0,
		-0.438856,
		0.586017,
		-0.681167,
		0,
		-0.025783,
		0.22565,
		-0.721138,
		1
	},
	[0.766666666667] = {
		0.836933,
		-0.011161,
		-0.547192,
		0,
		-0.32728,
		-0.811547,
		-0.484023,
		0,
		-0.43867,
		0.58418,
		-0.682863,
		0,
		-0.025628,
		0.223679,
		-0.722467,
		1
	},
	[0.783333333333] = {
		0.837007,
		-0.012698,
		-0.547044,
		0,
		-0.327266,
		-0.812835,
		-0.481868,
		0,
		-0.438538,
		0.582356,
		-0.684504,
		0,
		-0.025515,
		0.22174,
		-0.723793,
		1
	},
	[0.7] = {
		0.836418,
		-0.004544,
		-0.548073,
		0,
		-0.327214,
		-0.806349,
		-0.492679,
		0,
		-0.439699,
		0.591423,
		-0.675932,
		0,
		-0.026456,
		0.231551,
		-0.717232,
		1
	},
	[0.816666666667] = {
		0.837072,
		-0.015502,
		-0.546873,
		0,
		-0.327197,
		-0.815311,
		-0.477713,
		0,
		-0.438466,
		0.578816,
		-0.687546,
		0,
		-0.025434,
		0.218038,
		-0.726395,
		1
	},
	[0.833333333333] = {
		0.83706,
		-0.016712,
		-0.546855,
		0,
		-0.327117,
		-0.816485,
		-0.475759,
		0,
		-0.438548,
		0.577125,
		-0.688914,
		0,
		-0.025477,
		0.216315,
		-0.727654,
		1
	},
	[0.85] = {
		0.837024,
		-0.017777,
		-0.546878,
		0,
		-0.327006,
		-0.817598,
		-0.473921,
		0,
		-0.438701,
		0.575515,
		-0.690162,
		0,
		-0.025569,
		0.214705,
		-0.728871,
		1
	},
	[0.866666666667] = {
		0.836965,
		-0.018688,
		-0.546937,
		0,
		-0.326866,
		-0.818635,
		-0.472223,
		0,
		-0.438917,
		0.57401,
		-0.691278,
		0,
		-0.025704,
		0.213229,
		-0.73004,
		1
	},
	[0.883333333333] = {
		0.836888,
		-0.019465,
		-0.547029,
		0,
		-0.326701,
		-0.819607,
		-0.470648,
		0,
		-0.439187,
		0.572595,
		-0.692279,
		0,
		-0.025877,
		0.21187,
		-0.731162,
		1
	},
	[0.8] = {
		0.837054,
		-0.014155,
		-0.546937,
		0,
		-0.327243,
		-0.814092,
		-0.479757,
		0,
		-0.438465,
		0.580564,
		-0.686071,
		0,
		-0.025448,
		0.219853,
		-0.725105,
		1
	},
	[0.916666666667] = {
		0.836689,
		-0.020732,
		-0.547286,
		0,
		-0.326309,
		-0.821425,
		-0.467742,
		0,
		-0.439858,
		0.569939,
		-0.694042,
		0,
		-0.026311,
		0.209386,
		-0.733288,
		1
	},
	[0.933333333333] = {
		0.836573,
		-0.021244,
		-0.547443,
		0,
		-0.326087,
		-0.822276,
		-0.4664,
		0,
		-0.440241,
		0.568692,
		-0.694822,
		0,
		-0.026561,
		0.208247,
		-0.734289,
		1
	},
	[0.95] = {
		0.836452,
		-0.021691,
		-0.547611,
		0,
		-0.325853,
		-0.823091,
		-0.465124,
		0,
		-0.440645,
		0.567495,
		-0.695544,
		0,
		-0.026825,
		0.20717,
		-0.735249,
		1
	},
	[0.966666666667] = {
		0.836327,
		-0.022084,
		-0.547786,
		0,
		-0.32561,
		-0.823873,
		-0.463908,
		0,
		-0.441061,
		0.566344,
		-0.696218,
		0,
		-0.027096,
		0.206146,
		-0.736165,
		1
	},
	[0.983333333333] = {
		0.836202,
		-0.022434,
		-0.547962,
		0,
		-0.325361,
		-0.824624,
		-0.462747,
		0,
		-0.441482,
		0.565236,
		-0.696852,
		0,
		-0.027369,
		0.205169,
		-0.737035,
		1
	},
	[0.9] = {
		0.836794,
		-0.020143,
		-0.547147,
		0,
		-0.326514,
		-0.820537,
		-0.469157,
		0,
		-0.439504,
		0.571239,
		-0.693197,
		0,
		-0.026081,
		0.210591,
		-0.732245,
		1
	},
	[1.01666666667] = {
		0.835965,
		-0.023052,
		-0.548298,
		0,
		-0.324857,
		-0.826043,
		-0.460565,
		0,
		-0.442301,
		0.563135,
		-0.698032,
		0,
		-0.027896,
		0.203332,
		-0.738636,
		1
	},
	[1.03333333333] = {
		0.835859,
		-0.023343,
		-0.548447,
		0,
		-0.324609,
		-0.826716,
		-0.459533,
		0,
		-0.442683,
		0.562136,
		-0.698595,
		0,
		-0.028138,
		0.202458,
		-0.739363,
		1
	},
	[1.05] = {
		0.835766,
		-0.023636,
		-0.548576,
		0,
		-0.324367,
		-0.827366,
		-0.458532,
		0,
		-0.443036,
		0.561166,
		-0.699151,
		0,
		-0.028358,
		0.201604,
		-0.740039,
		1
	},
	[1.06666666667] = {
		0.835689,
		-0.023943,
		-0.54868,
		0,
		-0.324135,
		-0.827997,
		-0.457556,
		0,
		-0.443351,
		0.560221,
		-0.699709,
		0,
		-0.028548,
		0.200765,
		-0.740663,
		1
	},
	[1.08333333333] = {
		0.835631,
		-0.024275,
		-0.548754,
		0,
		-0.323917,
		-0.82861,
		-0.456599,
		0,
		-0.443619,
		0.559299,
		-0.700276,
		0,
		-0.028704,
		0.199933,
		-0.741234,
		1
	},
	[1.11666666667] = {
		0.835587,
		-0.025061,
		-0.548787,
		0,
		-0.323532,
		-0.829794,
		-0.454719,
		0,
		-0.443984,
		0.557507,
		-0.701473,
		0,
		-0.028888,
		0.198263,
		-0.742207,
		1
	},
	[1.13333333333] = {
		0.83559,
		-0.025537,
		-0.548759,
		0,
		-0.323385,
		-0.830368,
		-0.453774,
		0,
		-0.444084,
		0.55663,
		-0.702106,
		0,
		-0.028925,
		0.197413,
		-0.742605,
		1
	},
	[1.15] = {
		0.835593,
		-0.026083,
		-0.54873,
		0,
		-0.323293,
		-0.830933,
		-0.452805,
		0,
		-0.444147,
		0.555761,
		-0.702754,
		0,
		-0.028948,
		0.196542,
		-0.742942,
		1
	},
	[1.16666666667] = {
		0.835594,
		-0.026712,
		-0.548698,
		0,
		-0.323261,
		-0.83149,
		-0.451804,
		0,
		-0.444169,
		0.554897,
		-0.703423,
		0,
		-0.028956,
		0.195645,
		-0.743214,
		1
	},
	[1.1] = {
		0.835596,
		-0.024644,
		-0.548791,
		0,
		-0.323715,
		-0.829209,
		-0.455655,
		0,
		-0.443833,
		0.558396,
		-0.700861,
		0,
		-0.02882,
		0.199101,
		-0.741748,
		1
	}
}

return spline_matrices
