-- chunkname: @content/characters/player/human/first_person/animations/2h_chain_sword/heavy_attack_down_right.lua

local spline_matrices = {
	[0.0166666666667] = {
		0.628998,
		-0.347018,
		0.695658,
		0,
		-0.671323,
		0.208795,
		0.711148,
		0,
		-0.392031,
		-0.914321,
		-0.10163,
		0,
		-0.260054,
		0.064551,
		0.113098,
		1
	},
	[0.0333333333333] = {
		0.628998,
		-0.347018,
		0.695658,
		0,
		-0.671323,
		0.208795,
		0.711148,
		0,
		-0.392031,
		-0.914321,
		-0.10163,
		0,
		-0.260054,
		0.064551,
		0.113098,
		1
	},
	[0.05] = {
		0.628998,
		-0.347018,
		0.695658,
		0,
		-0.671323,
		0.208795,
		0.711148,
		0,
		-0.392031,
		-0.914321,
		-0.10163,
		0,
		-0.260054,
		0.064551,
		0.113098,
		1
	},
	[0.0666666666667] = {
		0.628998,
		-0.347018,
		0.695658,
		0,
		-0.671323,
		0.208795,
		0.711148,
		0,
		-0.392031,
		-0.914321,
		-0.10163,
		0,
		-0.260054,
		0.064551,
		0.113098,
		1
	},
	[0.0833333333333] = {
		0.643104,
		-0.339204,
		0.686554,
		0,
		-0.650083,
		0.232019,
		0.723574,
		0,
		-0.404733,
		-0.911651,
		-0.071298,
		0,
		-0.254838,
		0.082122,
		0.109918,
		1
	},
	[0] = {
		0.628998,
		-0.347018,
		0.695658,
		0,
		-0.671323,
		0.208795,
		0.711148,
		0,
		-0.392031,
		-0.914321,
		-0.10163,
		0,
		-0.260054,
		0.064551,
		0.113098,
		1
	},
	[0.116666666667] = {
		0.728357,
		-0.29838,
		0.616819,
		0,
		-0.496325,
		0.390882,
		0.77516,
		0,
		-0.472395,
		-0.870736,
		0.136609,
		0,
		-0.220038,
		0.199634,
		0.084197,
		1
	},
	[0.133333333333] = {
		0.780306,
		-0.274863,
		0.561759,
		0,
		-0.378029,
		0.508274,
		0.77379,
		0,
		-0.498214,
		-0.816154,
		0.292703,
		0,
		-0.195187,
		0.282883,
		0.062188,
		1
	},
	[0.15] = {
		0.827681,
		-0.252823,
		0.501023,
		0,
		-0.24776,
		0.636441,
		0.730451,
		0,
		-0.503546,
		-0.728714,
		0.464131,
		0,
		-0.16839,
		0.371151,
		0.035179,
		1
	},
	[0.166666666667] = {
		0.865106,
		-0.233779,
		0.443779,
		0,
		-0.119873,
		0.762746,
		0.635491,
		0,
		-0.487055,
		-0.602964,
		0.631832,
		0,
		-0.141781,
		0.456084,
		0.003271,
		1
	},
	[0.183333333333] = {
		0.897242,
		-0.22708,
		0.378671,
		0,
		0.091107,
		0.934374,
		0.344448,
		0,
		-0.432038,
		-0.274553,
		0.859048,
		0,
		-0.100819,
		0.575595,
		-0.064361,
		1
	},
	[0.1] = {
		0.679484,
		-0.321331,
		0.659581,
		0,
		-0.589904,
		0.295269,
		0.751551,
		0,
		-0.436251,
		-0.899757,
		0.011077,
		0,
		-0.240709,
		0.129773,
		0.100358,
		1
	},
	[0.216666666667] = {
		0.948488,
		-0.122716,
		0.292081,
		0,
		0.275741,
		0.773741,
		-0.570344,
		0,
		-0.156005,
		0.621503,
		0.767722,
		0,
		0.00368,
		0.794838,
		-0.258054,
		1
	},
	[0.233333333333] = {
		0.958711,
		-0.059027,
		0.278188,
		0,
		0.273565,
		0.458641,
		-0.845464,
		0,
		-0.077684,
		0.886659,
		0.455852,
		0,
		0.054331,
		0.846069,
		-0.342118,
		1
	},
	[0.25] = {
		0.959827,
		-0.06355,
		0.273301,
		0,
		0.278568,
		0.099047,
		-0.955295,
		0,
		0.033639,
		0.993051,
		0.112771,
		0,
		0.101154,
		0.85758,
		-0.409158,
		1
	},
	[0.266666666667] = {
		0.961827,
		-0.063082,
		0.266289,
		0,
		0.248274,
		-0.208137,
		-0.946065,
		0,
		0.115105,
		0.976063,
		-0.18453,
		0,
		0.13474,
		0.854522,
		-0.48459,
		1
	},
	[0.283333333333] = {
		0.968641,
		-0.047155,
		0.243949,
		0,
		0.208185,
		-0.381893,
		-0.900454,
		0,
		0.135623,
		0.923003,
		-0.3601,
		0,
		0.151232,
		0.831659,
		-0.5827,
		1
	},
	[0.2] = {
		0.924996,
		-0.20686,
		0.318734,
		0,
		0.26271,
		0.9542,
		-0.143127,
		0,
		-0.274529,
		0.216126,
		0.936976,
		0,
		-0.048429,
		0.702984,
		-0.159956,
		1
	},
	[0.316666666667] = {
		0.984315,
		-0.011807,
		0.176023,
		0,
		0.132106,
		-0.611954,
		-0.779782,
		0,
		0.116925,
		0.790805,
		-0.600796,
		0,
		0.168254,
		0.761759,
		-0.713557,
		1
	},
	[0.333333333333] = {
		0.991164,
		0.006608,
		0.132481,
		0,
		0.086009,
		-0.792365,
		-0.603954,
		0,
		0.100982,
		0.610012,
		-0.785931,
		0,
		0.169479,
		0.720175,
		-0.710046,
		1
	},
	[0.35] = {
		0.996256,
		0.026599,
		0.082263,
		0,
		0.05477,
		-0.930386,
		-0.362467,
		0,
		0.066895,
		0.365615,
		-0.928359,
		0,
		0.163159,
		0.676341,
		-0.70666,
		1
	},
	[0.366666666667] = {
		0.998476,
		0.048373,
		0.026573,
		0,
		0.053386,
		-0.968633,
		-0.242694,
		0,
		0.013999,
		0.243743,
		-0.969739,
		0,
		0.14804,
		0.629563,
		-0.705556,
		1
	},
	[0.383333333333] = {
		0.997003,
		0.071084,
		-0.030542,
		0,
		0.060649,
		-0.963186,
		-0.261905,
		0,
		-0.048035,
		0.259268,
		-0.96461,
		0,
		0.127626,
		0.579134,
		-0.70773,
		1
	},
	[0.3] = {
		0.976474,
		-0.029516,
		0.213608,
		0,
		0.171796,
		-0.492216,
		-0.853352,
		0,
		0.130329,
		0.869972,
		-0.475566,
		0,
		0.162347,
		0.799425,
		-0.675126,
		1
	},
	[0.416666666667] = {
		0.984578,
		0.11429,
		-0.132451,
		0,
		0.062662,
		-0.937261,
		-0.342952,
		0,
		-0.163337,
		0.329363,
		-0.929968,
		0,
		0.084749,
		0.476494,
		-0.715541,
		1
	},
	[0.433333333333] = {
		0.975804,
		0.133599,
		-0.173083,
		0,
		0.054958,
		-0.916064,
		-0.397249,
		0,
		-0.211627,
		0.378125,
		-0.901241,
		0,
		0.065911,
		0.428364,
		-0.719403,
		1
	},
	[0.45] = {
		0.966185,
		0.151185,
		-0.208879,
		0,
		0.041015,
		-0.889872,
		-0.454364,
		0,
		-0.254568,
		0.430432,
		-0.865981,
		0,
		0.047698,
		0.382891,
		-0.723623,
		1
	},
	[0.466666666667] = {
		0.955839,
		0.167,
		-0.24183,
		0,
		0.021221,
		-0.859933,
		-0.509966,
		0,
		-0.293122,
		0.482314,
		-0.825502,
		0,
		0.028915,
		0.341216,
		-0.728141,
		1
	},
	[0.483333333333] = {
		0.944576,
		0.181024,
		-0.273874,
		0,
		-0.00369,
		-0.828328,
		-0.560231,
		0,
		-0.328272,
		0.530191,
		-0.781751,
		0,
		0.008373,
		0.304449,
		-0.732638,
		1
	},
	[0.4] = {
		0.992002,
		0.093352,
		-0.084958,
		0,
		0.064314,
		-0.952968,
		-0.296168,
		0,
		-0.10861,
		0.288335,
		-0.95135,
		0,
		0.105405,
		0.526961,
		-0.71174,
		1
	},
	[0.516666666667] = {
		0.924023,
		0.201594,
		-0.324871,
		0,
		-0.054314,
		-0.77187,
		-0.633456,
		0,
		-0.378459,
		0.602973,
		-0.702277,
		0,
		-0.027973,
		0.249981,
		-0.739683,
		1
	},
	[0.533333333333] = {
		0.917682,
		0.207149,
		-0.339041,
		0,
		-0.071172,
		-0.75382,
		-0.653215,
		0,
		-0.390889,
		0.623574,
		-0.677024,
		0,
		-0.038828,
		0.234492,
		-0.741704,
		1
	},
	[0.55] = {
		0.915203,
		0.209081,
		-0.344513,
		0,
		-0.077812,
		-0.747116,
		-0.660123,
		0,
		-0.39541,
		0.630954,
		-0.667494,
		0,
		-0.043147,
		0.228318,
		-0.742478,
		1
	},
	[0.566666666667] = {
		0.914879,
		0.208966,
		-0.345442,
		0,
		-0.078513,
		-0.747206,
		-0.659938,
		0,
		-0.396022,
		0.630885,
		-0.667197,
		0,
		-0.043841,
		0.227168,
		-0.74259,
		1
	},
	[0.583333333333] = {
		0.914513,
		0.208668,
		-0.346588,
		0,
		-0.079397,
		-0.747477,
		-0.659526,
		0,
		-0.396688,
		0.630663,
		-0.66701,
		0,
		-0.044645,
		0.226002,
		-0.742736,
		1
	},
	[0.5] = {
		0.93333,
		0.192782,
		-0.302871,
		0,
		-0.030565,
		-0.797876,
		-0.602047,
		0,
		-0.357717,
		0.571165,
		-0.738789,
		0,
		-0.011829,
		0.273671,
		-0.736593,
		1
	},
	[0.616666666667] = {
		0.913682,
		0.207554,
		-0.349438,
		0,
		-0.081643,
		-0.74852,
		-0.658067,
		0,
		-0.398146,
		0.629794,
		-0.666963,
		0,
		-0.046528,
		0.223602,
		-0.743121,
		1
	},
	[0.633333333333] = {
		0.913227,
		0.206757,
		-0.351097,
		0,
		-0.082969,
		-0.749271,
		-0.657046,
		0,
		-0.398915,
		0.629162,
		-0.6671,
		0,
		-0.047577,
		0.222358,
		-0.743357,
		1
	},
	[0.65] = {
		0.912752,
		0.205812,
		-0.35288,
		0,
		-0.084407,
		-0.750162,
		-0.655845,
		0,
		-0.399698,
		0.62841,
		-0.66734,
		0,
		-0.048679,
		0.221078,
		-0.743622,
		1
	},
	[0.666666666667] = {
		0.912265,
		0.204729,
		-0.354766,
		0,
		-0.085938,
		-0.751182,
		-0.654477,
		0,
		-0.400484,
		0.627545,
		-0.667683,
		0,
		-0.049819,
		0.219757,
		-0.743912,
		1
	},
	[0.683333333333] = {
		0.91177,
		0.203516,
		-0.35673,
		0,
		-0.087544,
		-0.75232,
		-0.652955,
		0,
		-0.401262,
		0.626575,
		-0.668126,
		0,
		-0.050982,
		0.21839,
		-0.744228,
		1
	},
	[0.6] = {
		0.914113,
		0.208194,
		-0.347927,
		0,
		-0.080446,
		-0.747918,
		-0.658898,
		0,
		-0.3974,
		0.630297,
		-0.666933,
		0,
		-0.045546,
		0.224815,
		-0.742913,
		1
	},
	[0.716666666667] = {
		0.910782,
		0.200742,
		-0.360803,
		0,
		-0.090909,
		-0.754909,
		-0.649498,
		0,
		-0.402755,
		0.624351,
		-0.669308,
		0,
		-0.053326,
		0.216047,
		-0.744875,
		1
	},
	[0.733333333333] = {
		0.910301,
		0.1992,
		-0.362865,
		0,
		-0.092633,
		-0.756339,
		-0.647588,
		0,
		-0.403449,
		0.623113,
		-0.670044,
		0,
		-0.054478,
		0.215192,
		-0.745194,
		1
	},
	[0.75] = {
		0.909837,
		0.197569,
		-0.364915,
		0,
		-0.094361,
		-0.757846,
		-0.645574,
		0,
		-0.404095,
		0.621801,
		-0.670873,
		0,
		-0.055597,
		0.214534,
		-0.745513,
		1
	},
	[0.766666666667] = {
		0.909397,
		0.195859,
		-0.366928,
		0,
		-0.096073,
		-0.759418,
		-0.643471,
		0,
		-0.404681,
		0.620422,
		-0.671795,
		0,
		-0.056667,
		0.214062,
		-0.745832,
		1
	},
	[0.783333333333] = {
		0.908987,
		0.194081,
		-0.368883,
		0,
		-0.097753,
		-0.761046,
		-0.64129,
		0,
		-0.4052,
		0.618984,
		-0.672809,
		0,
		-0.057672,
		0.213766,
		-0.746155,
		1
	},
	[0.7] = {
		0.911274,
		0.202184,
		-0.35875,
		0,
		-0.089207,
		-0.753566,
		-0.651291,
		0,
		-0.402023,
		0.625508,
		-0.668669,
		0,
		-0.052155,
		0.21711,
		-0.744554,
		1
	},
	[0.816666666667] = {
		0.908285,
		0.190368,
		-0.372529,
		0,
		-0.100945,
		-0.76443,
		-0.636755,
		0,
		-0.40599,
		0.61596,
		-0.675104,
		0,
		-0.059431,
		0.21366,
		-0.746819,
		1
	},
	[0.833333333333] = {
		0.908007,
		0.188457,
		-0.374175,
		0,
		-0.10242,
		-0.766166,
		-0.634429,
		0,
		-0.406243,
		0.614389,
		-0.676382,
		0,
		-0.060154,
		0.21383,
		-0.747164,
		1
	},
	[0.85] = {
		0.907787,
		0.186527,
		-0.375674,
		0,
		-0.103791,
		-0.767919,
		-0.632082,
		0,
		-0.406388,
		0.612787,
		-0.677747,
		0,
		-0.060753,
		0.214134,
		-0.74752,
		1
	},
	[0.866666666667] = {
		0.907631,
		0.184589,
		-0.377005,
		0,
		-0.10504,
		-0.769679,
		-0.629731,
		0,
		-0.406414,
		0.611164,
		-0.679195,
		0,
		-0.061215,
		0.214561,
		-0.747888,
		1
	},
	[0.883333333333] = {
		0.907547,
		0.182658,
		-0.378145,
		0,
		-0.106149,
		-0.771437,
		-0.627389,
		0,
		-0.406313,
		0.609525,
		-0.680727,
		0,
		-0.061523,
		0.215102,
		-0.74827,
		1
	},
	[0.8] = {
		0.908614,
		0.192247,
		-0.370758,
		0,
		-0.099383,
		-0.76272,
		-0.639047,
		0,
		-0.405639,
		0.617494,
		-0.673912,
		0,
		-0.058599,
		0.213636,
		-0.746483,
		1
	},
	[0.916666666667] = {
		0.907624,
		0.178868,
		-0.379769,
		0,
		-0.107876,
		-0.774913,
		-0.622794,
		0,
		-0.405686,
		0.606231,
		-0.684034,
		0,
		-0.061628,
		0.21648,
		-0.749076,
		1
	},
	[0.933333333333] = {
		0.907761,
		0.177043,
		-0.380296,
		0,
		-0.108511,
		-0.776614,
		-0.620561,
		0,
		-0.405209,
		0.604587,
		-0.685769,
		0,
		-0.061467,
		0.217296,
		-0.749495,
		1
	},
	[0.95] = {
		0.907917,
		0.175258,
		-0.380751,
		0,
		-0.109052,
		-0.778337,
		-0.618303,
		0,
		-0.404715,
		0.60289,
		-0.687553,
		0,
		-0.061256,
		0.218114,
		-0.749936,
		1
	},
	[0.966666666667] = {
		0.908086,
		0.173492,
		-0.381156,
		0,
		-0.109498,
		-0.780126,
		-0.615966,
		0,
		-0.404215,
		0.601086,
		-0.689424,
		0,
		-0.061006,
		0.218857,
		-0.750414,
		1
	},
	[0.983333333333] = {
		0.908263,
		0.171765,
		-0.381516,
		0,
		-0.109848,
		-0.781966,
		-0.613566,
		0,
		-0.403722,
		0.599188,
		-0.691363,
		0,
		-0.060725,
		0.219523,
		-0.750926,
		1
	},
	[0.9] = {
		0.907543,
		0.180746,
		-0.379074,
		0,
		-0.1071,
		-0.773185,
		-0.625072,
		0,
		-0.406073,
		0.607878,
		-0.682341,
		0,
		-0.061666,
		0.215745,
		-0.748666,
		1
	},
	[1.01666666667] = {
		0.908621,
		0.168496,
		-0.382122,
		0,
		-0.110259,
		-0.785741,
		-0.608649,
		0,
		-0.402804,
		0.595164,
		-0.695363,
		0,
		-0.060116,
		0.220605,
		-0.752029,
		1
	},
	[1.03333333333] = {
		0.908791,
		0.16699,
		-0.382379,
		0,
		-0.110319,
		-0.787648,
		-0.606168,
		0,
		-0.402404,
		0.593064,
		-0.697386,
		0,
		-0.059808,
		0.221013,
		-0.75261,
		1
	},
	[1.05] = {
		0.908948,
		0.165592,
		-0.382613,
		0,
		-0.11028,
		-0.78955,
		-0.603696,
		0,
		-0.402059,
		0.590923,
		-0.699399,
		0,
		-0.059511,
		0.221327,
		-0.753204,
		1
	},
	[1.06666666667] = {
		0.909088,
		0.164319,
		-0.38283,
		0,
		-0.110143,
		-0.791433,
		-0.601251,
		0,
		-0.401782,
		0.588756,
		-0.701383,
		0,
		-0.059237,
		0.221543,
		-0.753803,
		1
	},
	[1.08333333333] = {
		0.909202,
		0.163201,
		-0.383037,
		0,
		-0.109896,
		-0.793284,
		-0.598852,
		0,
		-0.40159,
		0.586572,
		-0.70332,
		0,
		-0.058998,
		0.221657,
		-0.754401,
		1
	},
	{
		0.908443,
		0.170094,
		-0.381836,
		0,
		-0.110102,
		-0.783842,
		-0.611121,
		0,
		-0.403247,
		0.59721,
		-0.693348,
		0,
		-0.060425,
		0.220107,
		-0.751466,
		1
	},
	[1.11666666667] = {
		0.909348,
		0.161412,
		-0.383449,
		0,
		-0.109146,
		-0.796829,
		-0.594264,
		0,
		-0.401465,
		0.582245,
		-0.706977,
		0,
		-0.058649,
		0.221568,
		-0.75557,
		1
	},
	[1.13333333333] = {
		0.909381,
		0.160701,
		-0.383669,
		0,
		-0.108709,
		-0.798489,
		-0.592113,
		0,
		-0.401509,
		0.580165,
		-0.70866,
		0,
		-0.058544,
		0.221363,
		-0.756127,
		1
	},
	[1.15] = {
		0.909388,
		0.160085,
		-0.383909,
		0,
		-0.108273,
		-0.800049,
		-0.590083,
		0,
		-0.401609,
		0.578182,
		-0.710222,
		0,
		-0.058488,
		0.221049,
		-0.756655,
		1
	},
	[1.16666666667] = {
		0.909371,
		0.159542,
		-0.384175,
		0,
		-0.107874,
		-0.801494,
		-0.588193,
		0,
		-0.401756,
		0.576328,
		-0.711645,
		0,
		-0.058481,
		0.220625,
		-0.757149,
		1
	},
	[1.18333333333] = {
		0.90933,
		0.159052,
		-0.384475,
		0,
		-0.107543,
		-0.802806,
		-0.586462,
		0,
		-0.401936,
		0.574635,
		-0.712911,
		0,
		-0.058525,
		0.22009,
		-0.7576,
		1
	},
	[1.1] = {
		0.909288,
		0.162239,
		-0.383241,
		0,
		-0.109553,
		-0.795089,
		-0.596517,
		0,
		-0.401488,
		0.584391,
		-0.705191,
		0,
		-0.058801,
		0.221666,
		-0.754993,
		1
	},
	[1.21666666667] = {
		0.909252,
		0.158143,
		-0.385034,
		0,
		-0.107117,
		-0.804963,
		-0.583575,
		0,
		-0.402227,
		0.571861,
		-0.714975,
		0,
		-0.058629,
		0.218683,
		-0.758358,
		1
	},
	[1.23333333333] = {
		0.909241,
		0.157683,
		-0.38525,
		0,
		-0.107054,
		-0.805776,
		-0.582465,
		0,
		-0.40227,
		0.570843,
		-0.715763,
		0,
		-0.058645,
		0.217809,
		-0.758655,
		1
	},
	[1.2] = {
		0.909284,
		0.158593,
		-0.384774,
		0,
		-0.10729,
		-0.803968,
		-0.584914,
		0,
		-0.402109,
		0.573135,
		-0.71402,
		0,
		-0.058587,
		0.219443,
		-0.758004,
		1
	}
}

return spline_matrices
