-- chunkname: @content/characters/player/human/first_person/animations/2h_chain_sword/heavy_attack_right.lua

local spline_matrices = {
	[0.0166666666667] = {
		0.313375,
		-0.265762,
		0.911683,
		0,
		-0.946535,
		-0.164857,
		0.277298,
		0,
		0.076602,
		-0.949838,
		-0.303216,
		0,
		-0.271508,
		0.141896,
		-0.153126,
		1,
	},
	[0.0333333333333] = {
		0.313502,
		-0.266164,
		0.911523,
		0,
		-0.946707,
		-0.162325,
		0.278204,
		0,
		0.073915,
		-0.950162,
		-0.302868,
		0,
		-0.27137,
		0.142731,
		-0.152824,
		1,
	},
	[0.05] = {
		0.313415,
		-0.266703,
		0.911395,
		0,
		-0.947103,
		-0.157576,
		0.279583,
		0,
		0.069048,
		-0.95081,
		-0.301981,
		0,
		-0.271134,
		0.144422,
		-0.152286,
		1,
	},
	[0.0666666666667] = {
		0.312873,
		-0.267265,
		0.911416,
		0,
		-0.94779,
		-0.150174,
		0.281323,
		0,
		0.061683,
		-0.951849,
		-0.300297,
		0,
		-0.270784,
		0.147215,
		-0.151483,
		1,
	},
	[0.0833333333333] = {
		0.311636,
		-0.267735,
		0.911702,
		0,
		-0.948805,
		-0.139678,
		0.2833,
		0,
		0.051495,
		-0.953314,
		-0.297557,
		0,
		-0.270303,
		0.151353,
		-0.150389,
		1,
	},
	[0] = {
		0.313279,
		-0.265605,
		0.911762,
		0,
		-0.946499,
		-0.165606,
		0.276973,
		0,
		0.077428,
		-0.949752,
		-0.303276,
		0,
		-0.271553,
		0.141672,
		-0.15322,
		1,
	},
	[0.116666666667] = {
		0.306114,
		-0.267912,
		0.913519,
		0,
		-0.951756,
		-0.107599,
		0.287371,
		0,
		0.021304,
		-0.957416,
		-0.287924,
		0,
		-0.268841,
		0.164644,
		-0.147224,
		1,
	},
	[0.133333333333] = {
		0.301349,
		-0.267373,
		0.91526,
		0,
		-0.953514,
		-0.085101,
		0.289084,
		0,
		0.000596,
		-0.959828,
		-0.280589,
		0,
		-0.267806,
		0.174287,
		-0.145104,
		1,
	},
	[0.15] = {
		0.294921,
		-0.266256,
		0.917676,
		0,
		-0.955211,
		-0.057679,
		0.290248,
		0,
		-0.02435,
		-0.962175,
		-0.271342,
		0,
		-0.266538,
		0.186256,
		-0.142594,
		1,
	},
	[0.166666666667] = {
		0.272555,
		-0.257514,
		0.927038,
		0,
		-0.954442,
		0.049273,
		0.294299,
		0,
		-0.121464,
		-0.965017,
		-0.232353,
		0,
		-0.261814,
		0.226114,
		-0.133797,
		1,
	},
	[0.183333333333] = {
		0.224889,
		-0.237379,
		0.945027,
		0,
		-0.915204,
		0.281396,
		0.288475,
		0,
		-0.334405,
		-0.929768,
		-0.153967,
		0,
		-0.249706,
		0.308826,
		-0.116081,
		1,
	},
	[0.1] = {
		0.309463,
		-0.267992,
		0.912367,
		0,
		-0.950146,
		-0.125638,
		0.285373,
		0,
		0.03815,
		-0.955194,
		-0.293511,
		0,
		-0.269664,
		0.157081,
		-0.148977,
		1,
	},
	[0.216666666667] = {
		0.083614,
		-0.183379,
		0.97948,
		0,
		-0.516575,
		0.832563,
		0.199971,
		0,
		-0.85215,
		-0.522695,
		-0.025115,
		0,
		-0.201742,
		0.540104,
		-0.073158,
		1,
	},
	[0.233333333333] = {
		0.007721,
		-0.161067,
		0.986913,
		0,
		-0.169312,
		0.972482,
		0.160036,
		0,
		-0.985532,
		-0.168331,
		-0.019762,
		0,
		-0.167588,
		0.657308,
		-0.057361,
		1,
	},
	[0.25] = {
		-0.05875,
		-0.150313,
		0.986891,
		0,
		0.174583,
		0.971816,
		0.15841,
		0,
		-0.982888,
		0.181601,
		-0.030852,
		0,
		-0.127338,
		0.755438,
		-0.051518,
		1,
	},
	[0.266666666667] = {
		-0.100504,
		-0.280842,
		0.954477,
		0,
		0.629198,
		0.7252,
		0.279633,
		0,
		-0.77072,
		0.628659,
		0.10382,
		0,
		0.087697,
		0.779102,
		-0.070943,
		1,
	},
	[0.283333333333] = {
		0.003696,
		-0.094723,
		0.995497,
		0,
		0.968968,
		0.246387,
		0.019847,
		0,
		-0.247157,
		0.964531,
		0.092695,
		0,
		0.305601,
		0.766423,
		-0.098264,
		1,
	},
	[0.2] = {
		0.159118,
		-0.210876,
		0.964475,
		0,
		-0.778405,
		0.574106,
		0.253945,
		0,
		-0.607262,
		-0.79116,
		-0.072797,
		0,
		-0.229519,
		0.418773,
		-0.094284,
		1,
	},
	[0.316666666667] = {
		0.091125,
		-0.095639,
		0.991236,
		0,
		0.983286,
		-0.148909,
		-0.104761,
		0,
		0.157624,
		0.984215,
		0.080471,
		0,
		0.477374,
		0.590378,
		-0.150353,
		1,
	},
	[0.333333333333] = {
		0.130959,
		-0.097276,
		0.986604,
		0,
		0.941588,
		-0.299241,
		-0.154488,
		0,
		0.31026,
		0.949206,
		0.052405,
		0,
		0.55068,
		0.460034,
		-0.176557,
		1,
	},
	[0.35] = {
		0.167014,
		-0.101696,
		0.980696,
		0,
		0.887008,
		-0.418797,
		-0.194487,
		0,
		0.430491,
		0.902367,
		0.02026,
		0,
		0.601894,
		0.340943,
		-0.202117,
		1,
	},
	[0.366666666667] = {
		0.190796,
		-0.110523,
		0.975388,
		0,
		0.830775,
		-0.511104,
		-0.220422,
		0,
		0.522886,
		0.852383,
		-0.005697,
		0,
		0.620646,
		0.262504,
		-0.221988,
		1,
	},
	[0.383333333333] = {
		0.205924,
		-0.126493,
		0.970358,
		0,
		0.771882,
		-0.588514,
		-0.240522,
		0,
		0.601493,
		0.798531,
		-0.023552,
		0,
		0.618377,
		0.216516,
		-0.237864,
		1,
	},
	[0.3] = {
		0.051348,
		-0.095117,
		0.994141,
		0,
		0.99765,
		0.050111,
		-0.046735,
		0,
		-0.045372,
		0.994204,
		0.097466,
		0,
		0.381071,
		0.708831,
		-0.123861,
		1,
	},
	[0.416666666667] = {
		0.228845,
		-0.178337,
		0.956988,
		0,
		0.632849,
		-0.719733,
		-0.285458,
		0,
		0.739684,
		0.670955,
		-0.051847,
		0,
		0.609294,
		0.138523,
		-0.267636,
		1,
	},
	[0.433333333333] = {
		0.235513,
		-0.209831,
		0.948949,
		0,
		0.558586,
		-0.769801,
		-0.308849,
		0,
		0.795308,
		0.602808,
		-0.06409,
		0,
		0.603621,
		0.106533,
		-0.280125,
		1,
	},
	[0.45] = {
		0.239286,
		-0.242116,
		0.940278,
		0,
		0.485903,
		-0.808561,
		-0.331854,
		0,
		0.840619,
		0.536292,
		-0.075833,
		0,
		0.597771,
		0.079255,
		-0.29075,
		1,
	},
	[0.466666666667] = {
		0.241178,
		-0.273042,
		0.931279,
		0,
		0.418468,
		-0.836554,
		-0.353642,
		0,
		0.875624,
		0.475001,
		-0.087499,
		0,
		0.591978,
		0.056737,
		-0.299769,
		1,
	},
	[0.483333333333] = {
		0.241516,
		-0.300527,
		0.922688,
		0,
		0.36015,
		-0.855166,
		-0.372805,
		0,
		0.901089,
		0.422345,
		-0.098302,
		0,
		0.586715,
		0.039024,
		-0.306958,
		1,
	},
	[0.4] = {
		0.218796,
		-0.149825,
		0.9642,
		0,
		0.705067,
		-0.65882,
		-0.262366,
		0,
		0.674543,
		0.73723,
		-0.03851,
		0,
		0.614417,
		0.17519,
		-0.253318,
		1,
	},
	[0.516666666667] = {
		0.239197,
		-0.337145,
		0.910559,
		0,
		0.28534,
		-0.871967,
		-0.397812,
		0,
		0.928098,
		0.354975,
		-0.112371,
		0,
		0.579772,
		0.018325,
		-0.314937,
		1,
	},
	[0.533333333333] = {
		0.237532,
		-0.342292,
		0.909073,
		0,
		0.275468,
		-0.873702,
		-0.400951,
		0,
		0.931502,
		0.345659,
		-0.113242,
		0,
		0.579127,
		0.015649,
		-0.315256,
		1,
	},
	[0.55] = {
		0.2358,
		-0.342125,
		0.909587,
		0,
		0.276177,
		-0.873796,
		-0.400258,
		0,
		0.931732,
		0.345588,
		-0.111554,
		0,
		0.579721,
		0.015556,
		-0.314167,
		1,
	},
	[0.566666666667] = {
		0.233868,
		-0.342082,
		0.910102,
		0,
		0.276935,
		-0.873849,
		-0.399619,
		0,
		0.931994,
		0.345497,
		-0.109631,
		0,
		0.580378,
		0.015482,
		-0.312955,
		1,
	},
	[0.583333333333] = {
		0.231753,
		-0.342175,
		0.910608,
		0,
		0.277723,
		-0.87386,
		-0.399047,
		0,
		0.932288,
		0.345377,
		-0.10749,
		0,
		0.581089,
		0.015424,
		-0.311635,
		1,
	},
	[0.5] = {
		0.240688,
		-0.322562,
		0.915436,
		0,
		0.3146,
		-0.866318,
		-0.38797,
		0,
		0.918203,
		0.381376,
		-0.107034,
		0,
		0.582477,
		0.026161,
		-0.312091,
		1,
	},
	[0.616666666667] = {
		0.227041,
		-0.342758,
		0.911575,
		0,
		0.279312,
		-0.873779,
		-0.398113,
		0,
		0.932972,
		0.345002,
		-0.102648,
		0,
		0.582647,
		0.015318,
		-0.308719,
		1,
	},
	[0.633333333333] = {
		0.224479,
		-0.343235,
		0.91203,
		0,
		0.280074,
		-0.873703,
		-0.397745,
		0,
		0.933364,
		0.344722,
		-0.099996,
		0,
		0.583477,
		0.01525,
		-0.30715,
		1,
	},
	[0.65] = {
		0.2218,
		-0.343825,
		0.912463,
		0,
		0.280789,
		-0.873613,
		-0.39744,
		0,
		0.933789,
		0.344362,
		-0.097225,
		0,
		0.584332,
		0.015157,
		-0.305524,
		1,
	},
	[0.666666666667] = {
		0.219023,
		-0.344522,
		0.912871,
		0,
		0.281438,
		-0.873516,
		-0.397194,
		0,
		0.934249,
		0.343911,
		-0.094358,
		0,
		0.585205,
		0.015029,
		-0.303856,
		1,
	},
	[0.683333333333] = {
		0.216163,
		-0.345319,
		0.913251,
		0,
		0.282002,
		-0.873419,
		-0.397006,
		0,
		0.934745,
		0.343357,
		-0.091421,
		0,
		0.586088,
		0.014856,
		-0.302158,
		1,
	},
	[0.6] = {
		0.229472,
		-0.342402,
		0.9111,
		0,
		0.278522,
		-0.873834,
		-0.398546,
		0,
		0.932614,
		0.345217,
		-0.105154,
		0,
		0.581848,
		0.015373,
		-0.310218,
		1,
	},
	[0.716666666667] = {
		0.210267,
		-0.347183,
		0.913921,
		0,
		0.282797,
		-0.873257,
		-0.396798,
		0,
		0.935849,
		0.341887,
		-0.085435,
		0,
		0.587855,
		0.014335,
		-0.29873,
		1,
	},
	[0.733333333333] = {
		0.207264,
		-0.348235,
		0.914207,
		0,
		0.28299,
		-0.873205,
		-0.396775,
		0,
		0.936461,
		0.340948,
		-0.082437,
		0,
		0.588727,
		0.013967,
		-0.297027,
		1,
	},
	[0.75] = {
		0.21253,
		-0.343519,
		0.914782,
		0,
		0.27888,
		-0.875908,
		-0.393714,
		0,
		0.936513,
		0.338791,
		-0.090356,
		0,
		0.584768,
		0.010832,
		-0.298613,
		1,
	},
	[0.766666666667] = {
		0.233191,
		-0.328063,
		0.915422,
		0,
		0.267326,
		-0.883478,
		-0.384713,
		0,
		0.934964,
		0.334428,
		-0.118319,
		0,
		0.571917,
		0.002704,
		-0.306323,
		1,
	},
	[0.783333333333] = {
		0.267506,
		-0.303112,
		0.914638,
		0,
		0.250319,
		-0.89478,
		-0.369742,
		0,
		0.930474,
		0.327859,
		-0.163484,
		0,
		0.551294,
		-0.009726,
		-0.319496,
		1,
	},
	[0.7] = {
		0.213239,
		-0.346208,
		0.913602,
		0,
		0.282461,
		-0.87333,
		-0.396875,
		0,
		0.935278,
		0.342686,
		-0.088438,
		0,
		0.586973,
		0.014629,
		-0.300445,
		1,
	},
	[0.816666666667] = {
		0.369225,
		-0.229625,
		0.900525,
		0,
		0.209986,
		-0.923321,
		-0.321534,
		0,
		0.905306,
		0.307816,
		-0.292695,
		0,
		0.491138,
		-0.044723,
		-0.359478,
		1,
	},
	[0.833333333333] = {
		0.431798,
		-0.183647,
		0.883077,
		0,
		0.192016,
		-0.937894,
		-0.288937,
		0,
		0.881295,
		0.294327,
		-0.369718,
		0,
		0.453786,
		-0.065927,
		-0.384858,
		1,
	},
	[0.85] = {
		0.49831,
		-0.133343,
		0.856684,
		0,
		0.178765,
		-0.951068,
		-0.252017,
		0,
		0.848369,
		0.278728,
		-0.450089,
		0,
		0.413026,
		-0.088713,
		-0.412844,
		1,
	},
	[0.866666666667] = {
		0.565541,
		-0.080182,
		0.820814,
		0,
		0.172021,
		-0.961903,
		-0.212487,
		0,
		0.806581,
		0.261368,
		-0.530202,
		0,
		0.369935,
		-0.112436,
		-0.442668,
		1,
	},
	[0.883333333333] = {
		0.630311,
		-0.025682,
		0.775918,
		0,
		0.172764,
		-0.969751,
		-0.172441,
		0,
		0.756876,
		0.242743,
		-0.606807,
		0,
		0.325588,
		-0.136473,
		-0.473544,
		1,
	},
	[0.8] = {
		0.313587,
		-0.269884,
		0.910399,
		0,
		0.230309,
		-0.908514,
		-0.348656,
		0,
		0.921206,
		0.319007,
		-0.222741,
		0,
		0.524003,
		-0.025764,
		-0.337449,
		1,
	},
	[0.916666666667] = {
		0.741769,
		0.081202,
		0.665721,
		0,
		0.196007,
		-0.975551,
		-0.099404,
		0,
		0.641373,
		0.204221,
		-0.73955,
		0,
		0.237428,
		-0.183111,
		-0.535235,
		1,
	},
	[0.933333333333] = {
		0.78491,
		0.130604,
		0.605689,
		0,
		0.215997,
		-0.973888,
		-0.069912,
		0,
		0.580742,
		0.185702,
		-0.792624,
		0,
		0.195777,
		-0.204581,
		-0.564408,
		1,
	},
	[0.95] = {
		0.818788,
		0.175438,
		0.546633,
		0,
		0.23883,
		-0.96995,
		-0.04644,
		0,
		0.522059,
		0.168577,
		-0.836084,
		0,
		0.157196,
		-0.224102,
		-0.591359,
		1,
	},
	[0.966666666667] = {
		0.843858,
		0.214402,
		0.49187,
		0,
		0.262045,
		-0.964617,
		-0.0291,
		0,
		0.468227,
		0.153449,
		-0.870182,
		0,
		0.122784,
		-0.241165,
		-0.615253,
		1,
	},
	[0.983333333333] = {
		0.861252,
		0.246276,
		0.444515,
		0,
		0.283168,
		-0.958913,
		-0.017371,
		0,
		0.421973,
		0.140833,
		-0.895603,
		0,
		0.093642,
		-0.255277,
		-0.635262,
		1,
	},
	[0.9] = {
		0.689786,
		0.028618,
		0.723447,
		0,
		0.181047,
		-0.974291,
		-0.134082,
		0,
		0.701011,
		0.223466,
		-0.677234,
		0,
		0.281059,
		-0.160224,
		-0.504672,
		1,
	},
	[1.01666666667] = {
		0.878951,
		0.284122,
		0.383039,
		0,
		0.310256,
		-0.950629,
		-0.006802,
		0,
		0.362196,
		0.124819,
		-0.923707,
		0,
		0.055796,
		-0.272744,
		-0.660345,
		1,
	},
	[1.03333333333] = {
		0.881783,
		0.287785,
		0.373683,
		0,
		0.312565,
		-0.949877,
		-0.006031,
		0,
		0.353218,
		0.122118,
		-0.927537,
		0,
		0.04948,
		-0.275167,
		-0.663827,
		1,
	},
	[1.05] = {
		0.882933,
		0.285921,
		0.372395,
		0,
		0.310503,
		-0.950551,
		-0.006367,
		0,
		0.352159,
		0.121252,
		-0.928053,
		0,
		0.04794,
		-0.275347,
		-0.663865,
		1,
	},
	[1.06666666667] = {
		0.884066,
		0.284387,
		0.370879,
		0,
		0.308682,
		-0.951143,
		-0.006478,
		0,
		0.350917,
		0.120211,
		-0.928659,
		0,
		0.046362,
		-0.275703,
		-0.66383,
		1,
	},
	[1.08333333333] = {
		0.885154,
		0.283198,
		0.369189,
		0,
		0.30713,
		-0.951646,
		-0.006374,
		0,
		0.349532,
		0.119031,
		-0.929332,
		0,
		0.044788,
		-0.276214,
		-0.663725,
		1,
	},
	{
		0.872458,
		0.269897,
		0.407398,
		0,
		0.299905,
		-0.953913,
		-0.0103,
		0,
		0.385842,
		0.131167,
		-0.913193,
		0,
		0.070918,
		-0.265959,
		-0.650562,
		1,
	},
	[1.11666666667] = {
		0.887094,
		0.281922,
		0.365492,
		0,
		0.304953,
		-0.952351,
		-0.005563,
		0,
		0.346508,
		0.116393,
		-0.930798,
		0,
		0.041813,
		-0.277632,
		-0.663328,
		1,
	},
	[1.13333333333] = {
		0.887894,
		0.281868,
		0.363587,
		0,
		0.304388,
		-0.952536,
		-0.004882,
		0,
		0.344953,
		0.115006,
		-0.931548,
		0,
		0.040495,
		-0.2785,
		-0.663045,
		1,
	},
	[1.15] = {
		0.888546,
		0.282225,
		0.361712,
		0,
		0.304211,
		-0.952596,
		-0.004033,
		0,
		0.343427,
		0.11362,
		-0.932281,
		0,
		0.039345,
		-0.27945,
		-0.662715,
		1,
	},
	[1.16666666667] = {
		0.88909,
		0.282809,
		0.359914,
		0,
		0.304236,
		-0.952592,
		-0.003031,
		0,
		0.341994,
		0.112194,
		-0.932981,
		0,
		0.038338,
		-0.280469,
		-0.662343,
		1,
	},
	[1.18333333333] = {
		0.889572,
		0.283418,
		0.358239,
		0,
		0.304257,
		-0.952588,
		-0.001892,
		0,
		0.340718,
		0.11068,
		-0.933628,
		0,
		0.037443,
		-0.281548,
		-0.661937,
		1,
	},
	[1.1] = {
		0.886172,
		0.282371,
		0.367376,
		0,
		0.305877,
		-0.952052,
		-0.006065,
		0,
		0.348049,
		0.117747,
		-0.930053,
		0,
		0.043258,
		-0.276864,
		-0.663556,
		1,
	},
	[1.21666666667] = {
		0.890284,
		0.284671,
		0.355466,
		0,
		0.304289,
		-0.95258,
		0.000756,
		0,
		0.338825,
		0.107491,
		-0.934689,
		0,
		0.036115,
		-0.283813,
		-0.661042,
		1,
	},
	[1.23333333333] = {
		0.890482,
		0.285297,
		0.354469,
		0,
		0.304297,
		-0.952575,
		0.002243,
		0,
		0.338298,
		0.105866,
		-0.935065,
		0,
		0.035745,
		-0.284964,
		-0.660568,
		1,
	},
	[1.25] = {
		0.890551,
		0.285909,
		0.3538,
		0,
		0.3043,
		-0.952569,
		0.003825,
		0,
		0.338113,
		0.104255,
		-0.935313,
		0,
		0.035615,
		-0.286102,
		-0.660083,
		1,
	},
	[1.2] = {
		0.889976,
		0.284042,
		0.35674,
		0,
		0.304275,
		-0.952584,
		-0.000626,
		0,
		0.339647,
		0.109104,
		-0.934204,
		0,
		0.036691,
		-0.282669,
		-0.661501,
		1,
	},
}

return spline_matrices
