local spline_matrices = {
	[0] = {
		0.573256,
		0.03532,
		-0.818615,
		0,
		0.816476,
		-0.108606,
		0.567072,
		0,
		-0.068878,
		-0.993457,
		-0.091097,
		0,
		0.289857,
		-0.041748,
		-0.074923,
		1
	},
	{
		0.004923,
		0.108931,
		-0.994037,
		0,
		-0.657432,
		-0.74867,
		-0.085299,
		0,
		-0.753497,
		0.653932,
		0.067929,
		0,
		-0.468484,
		0.043929,
		-0.160091,
		1
	},
	[0.0333333333333] = {
		0.572664,
		0.03542,
		-0.819024,
		0,
		0.817075,
		-0.105905,
		0.566721,
		0,
		-0.066666,
		-0.993745,
		-0.089588,
		0,
		0.289345,
		-0.040013,
		-0.075055,
		1
	},
	[0.0666666666667] = {
		0.571078,
		0.035953,
		-0.820108,
		0,
		0.818505,
		-0.101137,
		0.565528,
		0,
		-0.062611,
		-0.994223,
		-0.087185,
		0,
		0.28816,
		-0.021155,
		-0.089261,
		1
	},
	[0.133333333333] = {
		0.31115,
		-0.01951,
		-0.95016,
		0,
		0.94615,
		0.100369,
		0.307776,
		0,
		0.089362,
		-0.994759,
		0.049689,
		0,
		0.313508,
		0.317527,
		-0.120482,
		1
	},
	[0.166666666667] = {
		0.074149,
		0.271811,
		-0.95949,
		0,
		-0.269208,
		0.931874,
		0.243183,
		0,
		0.960223,
		0.240271,
		0.142272,
		0,
		0.283655,
		0.639242,
		-0.0975,
		1
	},
	[0.1] = {
		0.568893,
		0.036096,
		-0.821619,
		0,
		0.820177,
		-0.098491,
		0.563568,
		0,
		-0.06058,
		-0.994483,
		-0.085636,
		0,
		0.28621,
		0.054902,
		-0.111002,
		1
	},
	[0.233333333333] = {
		0.001687,
		0.103447,
		-0.994633,
		0,
		-0.987855,
		-0.154365,
		-0.01773,
		0,
		-0.155371,
		0.982583,
		0.101931,
		0,
		-0.374708,
		0.552842,
		-0.114774,
		1
	},
	[0.266666666667] = {
		0.001619,
		0.103889,
		-0.994588,
		0,
		-0.818021,
		-0.571937,
		-0.061073,
		0,
		-0.575187,
		0.813692,
		0.084057,
		0,
		-0.449969,
		0.336738,
		-0.128621,
		1
	},
	[0.2] = {
		0.151649,
		0.057507,
		-0.98676,
		0,
		-0.969254,
		0.204361,
		-0.137049,
		0,
		0.193774,
		0.977205,
		0.08673,
		0,
		-0.060675,
		0.797981,
		-0.07514,
		1
	},
	[0.333333333333] = {
		0.003046,
		0.105101,
		-0.994457,
		0,
		-0.676383,
		-0.732251,
		-0.079461,
		0,
		-0.736544,
		0.672876,
		0.068858,
		0,
		-0.458441,
		0.029683,
		-0.158059,
		1
	},
	[0.366666666667] = {
		0.010386,
		0.105766,
		-0.994337,
		0,
		-0.678276,
		-0.729906,
		-0.084724,
		0,
		-0.734734,
		0.675315,
		0.064157,
		0,
		-0.454989,
		0.023468,
		-0.161216,
		1
	},
	[0.3] = {
		0.002035,
		0.104371,
		-0.994536,
		0,
		-0.680868,
		-0.72826,
		-0.07782,
		0,
		-0.732403,
		0.677307,
		0.069581,
		0,
		-0.460985,
		0.045887,
		-0.157388,
		1
	},
	[0.433333333333] = {
		-0.000203,
		0.10696,
		-0.994263,
		0,
		-0.690193,
		-0.719489,
		-0.077259,
		0,
		-0.723625,
		0.686218,
		0.073969,
		0,
		-0.454626,
		0.020897,
		-0.155583,
		1
	},
	[0.466666666667] = {
		-0.00785,
		0.107605,
		-0.994163,
		0,
		-0.693263,
		-0.717065,
		-0.072139,
		0,
		-0.720641,
		0.68865,
		0.080228,
		0,
		-0.456791,
		0.019377,
		-0.15187,
		1
	},
	[0.4] = {
		0.010391,
		0.106386,
		-0.994271,
		0,
		-0.68381,
		-0.724729,
		-0.084692,
		0,
		-0.729586,
		0.680772,
		0.065217,
		0,
		-0.453428,
		0.021612,
		-0.160815,
		1
	},
	[0.533333333333] = {
		-0.006098,
		0.108909,
		-0.994033,
		0,
		-0.691185,
		-0.718826,
		-0.074516,
		0,
		-0.722652,
		0.686607,
		0.079659,
		0,
		-0.461819,
		0.014656,
		-0.152679,
		1
	},
	[0.566666666667] = {
		-0.004349,
		0.109524,
		-0.993975,
		0,
		-0.688847,
		-0.720868,
		-0.076417,
		0,
		-0.724894,
		0.684364,
		0.078581,
		0,
		-0.464794,
		0.012551,
		-0.153581,
		1
	},
	[0.5] = {
		-0.007323,
		0.108264,
		-0.994095,
		0,
		-0.692711,
		-0.717507,
		-0.073039,
		0,
		-0.721178,
		0.688086,
		0.080251,
		0,
		-0.458984,
		0.016912,
		-0.152084,
		1
	},
	[0.633333333333] = {
		8e-06,
		0.110614,
		-0.993863,
		0,
		-0.682366,
		-0.726525,
		-0.080865,
		0,
		-0.731011,
		0.678179,
		0.075474,
		0,
		-0.469176,
		0.008731,
		-0.155978,
		1
	},
	[0.666666666667] = {
		0.002262,
		0.11106,
		-0.993811,
		0,
		-0.678548,
		-0.72984,
		-0.083106,
		0,
		-0.734553,
		0.674536,
		0.073708,
		0,
		-0.469565,
		0.007864,
		-0.157289,
		1
	},
	[0.6] = {
		-0.002255,
		0.110097,
		-0.993918,
		0,
		-0.685853,
		-0.723485,
		-0.078585,
		0,
		-0.727736,
		0.681505,
		0.077142,
		0,
		-0.467413,
		0.010545,
		-0.15471,
		1
	},
	[0.733333333333] = {
		0.006041,
		0.11169,
		-0.993725,
		0,
		-0.670595,
		-0.736718,
		-0.08688,
		0,
		-0.741799,
		0.666912,
		0.070448,
		0,
		-0.468706,
		0.009194,
		-0.159604,
		1
	},
	[0.766666666667] = {
		0.007211,
		0.111849,
		-0.993699,
		0,
		-0.666808,
		-0.74,
		-0.088132,
		0,
		-0.745195,
		0.663242,
		0.069245,
		0,
		-0.468395,
		0.011268,
		-0.16041,
		1
	},
	[0.7] = {
		0.004332,
		0.111423,
		-0.993764,
		0,
		-0.674567,
		-0.733285,
		-0.085158,
		0,
		-0.738201,
		0.670729,
		0.071985,
		0,
		-0.469112,
		0.008034,
		-0.158532,
		1
	},
	[0.833333333333] = {
		0.007342,
		0.111809,
		-0.993703,
		0,
		-0.660493,
		-0.745566,
		-0.088769,
		0,
		-0.750796,
		0.656986,
		0.068375,
		0,
		-0.468213,
		0.017844,
		-0.160903,
		1
	},
	[0.866666666667] = {
		0.006814,
		0.111589,
		-0.993731,
		0,
		-0.658251,
		-0.747583,
		-0.088462,
		0,
		-0.752768,
		0.654727,
		0.068359,
		0,
		-0.468265,
		0.022191,
		-0.160813,
		1
	},
	[0.8] = {
		0.007667,
		0.11189,
		-0.993691,
		0,
		-0.663383,
		-0.742994,
		-0.08878,
		0,
		-0.74824,
		0.659879,
		0.068529,
		0,
		-0.468225,
		0.014177,
		-0.160856,
		1
	},
	[0.933333333333] = {
		0.005743,
		0.110652,
		-0.993843,
		0,
		-0.656318,
		-0.749425,
		-0.087232,
		0,
		-0.754463,
		0.652778,
		0.068319,
		0,
		-0.468417,
		0.03261,
		-0.160471,
		1
	},
	[0.966666666667] = {
		0.005299,
		0.109898,
		-0.993929,
		0,
		-0.656649,
		-0.749238,
		-0.086343,
		0,
		-0.754178,
		0.653119,
		0.068194,
		0,
		-0.468466,
		0.038341,
		-0.160272,
		1
	},
	[0.9] = {
		0.006257,
		0.11121,
		-0.993777,
		0,
		-0.656807,
		-0.748913,
		-0.087944,
		0,
		-0.754033,
		0.65327,
		0.068357,
		0,
		-0.468343,
		0.02714,
		-0.16066,
		1
	},
	[1.03333333333] = {
		0.004636,
		0.107735,
		-0.994169,
		0,
		-0.658483,
		-0.74788,
		-0.084116,
		0,
		-0.752581,
		0.655033,
		0.067475,
		0,
		-0.468469,
		0.049083,
		-0.159954,
		1
	},
	[1.06666666667] = {
		0.004459,
		0.106292,
		-0.994325,
		0,
		-0.659615,
		-0.747028,
		-0.082814,
		0,
		-0.751591,
		0.656241,
		0.06678,
		0,
		-0.468423,
		0.053512,
		-0.159886,
		1
	},
	[1.13333333333] = {
		0.004498,
		0.102596,
		-0.994713,
		0,
		-0.661382,
		-0.745781,
		-0.079912,
		0,
		-0.750036,
		0.658244,
		0.0645,
		0,
		-0.468284,
		0.059026,
		-0.160029,
		1
	},
	[1.16666666667] = {
		0.00454,
		0.100309,
		-0.994946,
		0,
		-0.661667,
		-0.745708,
		-0.0782,
		0,
		-0.749784,
		0.658678,
		0.062985,
		0,
		-0.468255,
		0.05953,
		-0.160173,
		1
	},
	[1.1] = {
		0.004416,
		0.104584,
		-0.994506,
		0,
		-0.660641,
		-0.746274,
		-0.081413,
		0,
		-0.750689,
		0.657371,
		0.065798,
		0,
		-0.468356,
		0.056923,
		-0.159909,
		1
	}
}

return spline_matrices
