local spline_matrices = {
	[0] = {
		0.628998,
		-0.347018,
		0.695658,
		0,
		-0.671323,
		0.208795,
		0.711148,
		0,
		-0.392031,
		-0.914321,
		-0.10163,
		0,
		-0.260054,
		0.064551,
		0.113098,
		1
	},
	{
		0.908443,
		0.170094,
		-0.381836,
		0,
		-0.110102,
		-0.783842,
		-0.611121,
		0,
		-0.403247,
		0.59721,
		-0.693348,
		0,
		-0.060425,
		0.220107,
		-0.751466,
		1
	},
	[0.0333333333333] = {
		0.628998,
		-0.347018,
		0.695658,
		0,
		-0.671323,
		0.208795,
		0.711148,
		0,
		-0.392031,
		-0.914321,
		-0.10163,
		0,
		-0.260054,
		0.064551,
		0.113098,
		1
	},
	[0.0666666666667] = {
		0.628998,
		-0.347018,
		0.695658,
		0,
		-0.671323,
		0.208795,
		0.711148,
		0,
		-0.392031,
		-0.914321,
		-0.10163,
		0,
		-0.260054,
		0.064551,
		0.113098,
		1
	},
	[0.133333333333] = {
		0.777832,
		-0.279753,
		0.562775,
		0,
		-0.377513,
		0.507934,
		0.774265,
		0,
		-0.502456,
		-0.814703,
		0.289477,
		0,
		-0.151791,
		0.274751,
		0.065263,
		1
	},
	[0.166666666667] = {
		0.858369,
		-0.196965,
		0.473717,
		0,
		-0.161185,
		0.773071,
		0.613498,
		0,
		-0.487055,
		-0.602964,
		0.631832,
		0,
		-0.077709,
		0.435497,
		0.009051,
		1
	},
	[0.1] = {
		0.678122,
		-0.323746,
		0.659802,
		0,
		-0.590132,
		0.29524,
		0.751383,
		0,
		-0.438057,
		-0.8989,
		0.009156,
		0,
		-0.227255,
		0.128007,
		0.101287,
		1
	},
	[0.233333333333] = {
		0.922301,
		-0.042197,
		0.384162,
		0,
		0.374189,
		0.346115,
		-0.860341,
		0,
		-0.09666,
		0.937243,
		0.335012,
		0,
		0.118773,
		0.764682,
		-0.342083,
		1
	},
	[0.266666666667] = {
		0.961379,
		-0.066824,
		0.266994,
		0,
		0.248274,
		-0.208137,
		-0.946065,
		0,
		0.118791,
		0.975814,
		-0.183508,
		0,
		0.181079,
		0.682582,
		-0.492173,
		1
	},
	[0.2] = {
		0.95591,
		-0.068692,
		0.285514,
		0,
		0.125631,
		0.974452,
		-0.186172,
		0,
		-0.265431,
		0.213833,
		0.940118,
		0,
		0.023774,
		0.636649,
		-0.151779,
		1
	},
	[0.333333333333] = {
		0.938519,
		0.050377,
		-0.341533,
		0,
		-0.168468,
		-0.796675,
		-0.580455,
		0,
		-0.301332,
		0.602305,
		-0.739207,
		0,
		0.259532,
		0.594648,
		-0.715434,
		1
	},
	[0.366666666667] = {
		0.928671,
		0.09107,
		-0.35955,
		0,
		-0.001378,
		-0.968534,
		-0.248879,
		0,
		-0.370902,
		0.231622,
		-0.899324,
		0,
		0.242089,
		0.531566,
		-0.712546,
		1
	},
	[0.3] = {
		0.984278,
		0.000104,
		-0.176626,
		0,
		-0.153942,
		-0.489768,
		-0.858155,
		0,
		-0.086596,
		0.871853,
		-0.482051,
		0,
		0.229783,
		0.64305,
		-0.680515,
		1
	},
	[0.433333333333] = {
		0.917821,
		0.155745,
		-0.365168,
		0,
		-0.003461,
		-0.916659,
		-0.399656,
		0,
		-0.396979,
		0.368077,
		-0.84079,
		0,
		0.132732,
		0.38211,
		-0.72349,
		1
	},
	[0.466666666667] = {
		0.919845,
		0.1793,
		-0.348909,
		0,
		-0.024931,
		-0.860914,
		-0.50814,
		0,
		-0.39149,
		0.476109,
		-0.787436,
		0,
		0.072538,
		0.315868,
		-0.729856,
		1
	},
	[0.4] = {
		0.919129,
		0.126504,
		-0.373093,
		0,
		0.008048,
		-0.952874,
		-0.30326,
		0,
		-0.393874,
		0.275733,
		-0.876832,
		0,
		0.19038,
		0.456017,
		-0.718361,
		1
	},
	[0.533333333333] = {
		0.915702,
		0.207708,
		-0.344017,
		0,
		-0.074216,
		-0.75393,
		-0.652749,
		0,
		-0.394946,
		0.623255,
		-0.67496,
		0,
		-0.036416,
		0.233341,
		-0.741779,
		1
	},
	[0.566666666667] = {
		0.914879,
		0.208966,
		-0.345442,
		0,
		-0.078513,
		-0.747206,
		-0.659938,
		0,
		-0.396022,
		0.630885,
		-0.667197,
		0,
		-0.043841,
		0.227168,
		-0.74259,
		1
	},
	[0.5] = {
		0.917762,
		0.197536,
		-0.344519,
		0,
		-0.053184,
		-0.798567,
		-0.599551,
		0,
		-0.393554,
		0.568568,
		-0.722389,
		0,
		0.007537,
		0.26393,
		-0.737228,
		1
	},
	[0.633333333333] = {
		0.913227,
		0.206757,
		-0.351097,
		0,
		-0.082969,
		-0.749271,
		-0.657046,
		0,
		-0.398915,
		0.629162,
		-0.6671,
		0,
		-0.047577,
		0.222358,
		-0.743357,
		1
	},
	[0.666666666667] = {
		0.912265,
		0.204729,
		-0.354766,
		0,
		-0.085938,
		-0.751182,
		-0.654477,
		0,
		-0.400484,
		0.627545,
		-0.667683,
		0,
		-0.049819,
		0.219757,
		-0.743912,
		1
	},
	[0.6] = {
		0.914113,
		0.208194,
		-0.347927,
		0,
		-0.080446,
		-0.747918,
		-0.658898,
		0,
		-0.3974,
		0.630297,
		-0.666933,
		0,
		-0.045546,
		0.224815,
		-0.742913,
		1
	},
	[0.733333333333] = {
		0.910301,
		0.1992,
		-0.362865,
		0,
		-0.092633,
		-0.756339,
		-0.647588,
		0,
		-0.403449,
		0.623113,
		-0.670044,
		0,
		-0.054478,
		0.215192,
		-0.745194,
		1
	},
	[0.766666666667] = {
		0.909397,
		0.195859,
		-0.366928,
		0,
		-0.096073,
		-0.759418,
		-0.643471,
		0,
		-0.404681,
		0.620422,
		-0.671795,
		0,
		-0.056667,
		0.214062,
		-0.745832,
		1
	},
	[0.7] = {
		0.911274,
		0.202184,
		-0.35875,
		0,
		-0.089207,
		-0.753566,
		-0.651291,
		0,
		-0.402023,
		0.625508,
		-0.668669,
		0,
		-0.052155,
		0.21711,
		-0.744554,
		1
	},
	[0.833333333333] = {
		0.908007,
		0.188457,
		-0.374175,
		0,
		-0.10242,
		-0.766166,
		-0.634429,
		0,
		-0.406243,
		0.614389,
		-0.676382,
		0,
		-0.060154,
		0.21383,
		-0.747164,
		1
	},
	[0.866666666667] = {
		0.907631,
		0.184589,
		-0.377005,
		0,
		-0.10504,
		-0.769679,
		-0.629731,
		0,
		-0.406414,
		0.611164,
		-0.679195,
		0,
		-0.061215,
		0.214561,
		-0.747888,
		1
	},
	[0.8] = {
		0.908614,
		0.192247,
		-0.370758,
		0,
		-0.099383,
		-0.76272,
		-0.639047,
		0,
		-0.405639,
		0.617494,
		-0.673912,
		0,
		-0.058599,
		0.213636,
		-0.746483,
		1
	},
	[0.933333333333] = {
		0.907761,
		0.177043,
		-0.380296,
		0,
		-0.108511,
		-0.776614,
		-0.620561,
		0,
		-0.405209,
		0.604587,
		-0.685769,
		0,
		-0.061467,
		0.217296,
		-0.749495,
		1
	},
	[0.966666666667] = {
		0.908086,
		0.173492,
		-0.381156,
		0,
		-0.109498,
		-0.780126,
		-0.615966,
		0,
		-0.404215,
		0.601086,
		-0.689424,
		0,
		-0.061006,
		0.218857,
		-0.750414,
		1
	},
	[0.9] = {
		0.907543,
		0.180746,
		-0.379074,
		0,
		-0.1071,
		-0.773185,
		-0.625072,
		0,
		-0.406073,
		0.607878,
		-0.682341,
		0,
		-0.061666,
		0.215745,
		-0.748666,
		1
	},
	[1.03333333333] = {
		0.908791,
		0.16699,
		-0.382379,
		0,
		-0.110319,
		-0.787648,
		-0.606168,
		0,
		-0.402404,
		0.593064,
		-0.697386,
		0,
		-0.059808,
		0.221013,
		-0.75261,
		1
	},
	[1.06666666667] = {
		0.909088,
		0.164319,
		-0.38283,
		0,
		-0.110143,
		-0.791433,
		-0.601251,
		0,
		-0.401782,
		0.588756,
		-0.701383,
		0,
		-0.059237,
		0.221543,
		-0.753803,
		1
	},
	[1.13333333333] = {
		0.909381,
		0.160701,
		-0.383669,
		0,
		-0.108709,
		-0.798489,
		-0.592113,
		0,
		-0.401509,
		0.580165,
		-0.70866,
		0,
		-0.058544,
		0.221363,
		-0.756127,
		1
	},
	[1.16666666667] = {
		0.909371,
		0.159542,
		-0.384175,
		0,
		-0.107874,
		-0.801494,
		-0.588193,
		0,
		-0.401756,
		0.576328,
		-0.711645,
		0,
		-0.058481,
		0.220625,
		-0.757149,
		1
	},
	[1.1] = {
		0.909288,
		0.162239,
		-0.383241,
		0,
		-0.109553,
		-0.795089,
		-0.596517,
		0,
		-0.401488,
		0.584391,
		-0.705191,
		0,
		-0.058801,
		0.221666,
		-0.754993,
		1
	},
	[1.23333333333] = {
		0.909241,
		0.157683,
		-0.38525,
		0,
		-0.107054,
		-0.805776,
		-0.582465,
		0,
		-0.40227,
		0.570843,
		-0.715763,
		0,
		-0.058645,
		0.217809,
		-0.758655,
		1
	},
	[1.2] = {
		0.909284,
		0.158593,
		-0.384774,
		0,
		-0.10729,
		-0.803968,
		-0.584914,
		0,
		-0.402109,
		0.573135,
		-0.71402,
		0,
		-0.058587,
		0.219443,
		-0.758004,
		1
	}
}

return spline_matrices
