local spline_matrices = {
	[0] = {
		-0.866608,
		-0.49577,
		0.056592,
		0,
		0.30996,
		-0.623721,
		-0.717564,
		0,
		0.391044,
		-0.604305,
		0.69419,
		0,
		0.624539,
		0.971025,
		0.120374,
		1
	},
	{
		0.729833,
		-0.437205,
		-0.525544,
		0,
		-0.476938,
		-0.876398,
		0.06675,
		0,
		-0.489769,
		0.201935,
		-0.848144,
		0,
		0.244059,
		1.332543,
		-0.955832,
		1
	},
	[0.0166666666667] = {
		-0.86359,
		-0.502747,
		0.038195,
		0,
		0.281968,
		-0.544369,
		-0.790036,
		0,
		0.41798,
		-0.671497,
		0.61187,
		0,
		0.631956,
		0.961311,
		0.166553,
		1
	},
	[0.0333333333333] = {
		-0.864349,
		-0.499537,
		0.057998,
		0,
		0.203777,
		-0.453341,
		-0.867731,
		0,
		0.459757,
		-0.738203,
		0.493639,
		0,
		0.628481,
		0.943847,
		0.243538,
		1
	},
	[0.05] = {
		-0.863621,
		-0.495812,
		0.091261,
		0,
		0.097896,
		-0.342507,
		-0.934401,
		0,
		0.494545,
		-0.798035,
		0.344335,
		0,
		0.60134,
		0.919977,
		0.334655,
		1
	},
	[0.0666666666667] = {
		-0.853531,
		-0.493449,
		0.167308,
		0,
		-0.036797,
		-0.263215,
		-0.964035,
		0,
		0.51974,
		-0.828991,
		0.206505,
		0,
		0.54781,
		0.902641,
		0.373829,
		1
	},
	[0.0833333333333] = {
		-0.823247,
		-0.523658,
		0.219195,
		0,
		-0.100073,
		-0.246205,
		-0.964038,
		0,
		0.558793,
		-0.815577,
		0.150284,
		0,
		0.433453,
		0.959101,
		0.336905,
		1
	},
	[0.116666666667] = {
		-0.891042,
		-0.365959,
		0.268549,
		0,
		-0.032926,
		-0.537953,
		-0.842332,
		0,
		0.452726,
		-0.759395,
		0.467289,
		0,
		0.127177,
		1.227233,
		0.126838,
		1
	},
	[0.133333333333] = {
		-0.947327,
		-0.252737,
		0.196712,
		0,
		0.028705,
		-0.678742,
		-0.733816,
		0,
		0.318979,
		-0.689517,
		0.650245,
		0,
		0.036486,
		1.325847,
		0.028551,
		1
	},
	[0.15] = {
		-0.949114,
		-0.268987,
		0.163797,
		0,
		0.052119,
		-0.647083,
		-0.760636,
		0,
		0.310591,
		-0.713393,
		0.628175,
		0,
		0.038922,
		1.323836,
		0.040759,
		1
	},
	[0.166666666667] = {
		-0.951636,
		-0.271888,
		0.143059,
		0,
		0.058398,
		-0.617236,
		-0.784608,
		0,
		0.301627,
		-0.738306,
		0.603262,
		0,
		0.038563,
		1.320668,
		0.046084,
		1
	},
	[0.183333333333] = {
		-0.953512,
		-0.274087,
		0.125268,
		0,
		0.064995,
		-0.592938,
		-0.802621,
		0,
		0.294264,
		-0.757166,
		0.583188,
		0,
		0.03615,
		1.317508,
		0.043394,
		1
	},
	[0.1] = {
		-0.813741,
		-0.518515,
		0.262618,
		0,
		-0.107984,
		-0.309098,
		-0.94488,
		0,
		0.571109,
		-0.797246,
		0.195535,
		0,
		0.288781,
		1.073169,
		0.261999,
		1
	},
	[0.216666666667] = {
		-0.947181,
		-0.308464,
		0.087733,
		0,
		0.10063,
		-0.545625,
		-0.831965,
		0,
		0.304501,
		-0.779194,
		0.547847,
		0,
		0.032415,
		1.313543,
		0.039113,
		1
	},
	[0.233333333333] = {
		-0.941003,
		-0.331014,
		0.070302,
		0,
		0.120171,
		-0.521085,
		-0.845003,
		0,
		0.316341,
		-0.786702,
		0.530121,
		0,
		0.031219,
		1.312463,
		0.035741,
		1
	},
	[0.25] = {
		-0.936166,
		-0.345348,
		0.065791,
		0,
		0.130604,
		-0.515389,
		-0.846946,
		0,
		0.326399,
		-0.784289,
		0.527593,
		0,
		0.030169,
		1.312638,
		0.033854,
		1
	},
	[0.266666666667] = {
		-0.932413,
		-0.353977,
		0.072847,
		0,
		0.134408,
		-0.526772,
		-0.839313,
		0,
		0.335471,
		-0.772795,
		0.538746,
		0,
		0.028621,
		1.314235,
		0.03246,
		1
	},
	[0.283333333333] = {
		-0.927652,
		-0.364016,
		0.083395,
		0,
		0.137852,
		-0.541321,
		-0.829438,
		0,
		0.347072,
		-0.757934,
		0.552338,
		0,
		0.026639,
		1.316661,
		0.030246,
		1
	},
	[0.2] = {
		-0.951818,
		-0.286572,
		0.109172,
		0,
		0.079353,
		-0.574035,
		-0.814976,
		0,
		0.296218,
		-0.767046,
		0.569118,
		0,
		0.034002,
		1.315351,
		0.042264,
		1
	},
	[0.316666666667] = {
		-0.918683,
		-0.380003,
		0.107797,
		0,
		0.140415,
		-0.569261,
		-0.810078,
		0,
		0.369196,
		-0.729068,
		0.576328,
		0,
		0.024568,
		1.322171,
		0.028073,
		1
	},
	[0.333333333333] = {
		-0.91649,
		-0.382298,
		0.117874,
		0,
		0.137481,
		-0.577672,
		-0.804608,
		0,
		0.375693,
		-0.72121,
		0.581989,
		0,
		0.026134,
		1.324407,
		0.030537,
		1
	},
	[0.35] = {
		-0.917205,
		-0.377894,
		0.126221,
		0,
		0.12848,
		-0.580424,
		-0.804115,
		0,
		0.377132,
		-0.721321,
		0.580919,
		0,
		0.0292,
		1.320604,
		0.037944,
		1
	},
	[0.366666666667] = {
		-0.920355,
		-0.367149,
		0.134719,
		0,
		0.112806,
		-0.579056,
		-0.807446,
		0,
		0.374462,
		-0.72794,
		0.574353,
		0,
		0.032851,
		1.30752,
		0.050412,
		1
	},
	[0.383333333333] = {
		-0.92472,
		-0.352421,
		0.143848,
		0,
		0.092747,
		-0.575119,
		-0.812795,
		0,
		0.369176,
		-0.738267,
		0.56451,
		0,
		0.037311,
		1.288194,
		0.066084,
		1
	},
	[0.3] = {
		-0.922751,
		-0.373334,
		0.095668,
		0,
		0.140169,
		-0.556333,
		-0.819052,
		0,
		0.359003,
		-0.742371,
		0.565687,
		0,
		0.025016,
		1.319451,
		0.028383,
		1
	},
	[0.416666666667] = {
		-0.932893,
		-0.320123,
		0.165022,
		0,
		0.048913,
		-0.56657,
		-0.822561,
		0,
		0.356817,
		-0.759289,
		0.544208,
		0,
		0.049308,
		1.243102,
		0.099495,
		1
	},
	[0.433333333333] = {
		-0.935183,
		-0.306831,
		0.176883,
		0,
		0.029948,
		-0.566157,
		-0.823753,
		0,
		0.352897,
		-0.765062,
		0.53865,
		0,
		0.057053,
		1.223604,
		0.113416,
		1
	},
	[0.45] = {
		-0.935629,
		-0.298053,
		0.189113,
		0,
		0.016209,
		-0.571465,
		-0.820467,
		0,
		0.352614,
		-0.764587,
		0.53951,
		0,
		0.066046,
		1.210385,
		0.122918,
		1
	},
	[0.466666666667] = {
		-0.933792,
		-0.295801,
		0.20133,
		0,
		0.010373,
		-0.584807,
		-0.811106,
		0,
		0.357665,
		-0.755316,
		0.549157,
		0,
		0.076046,
		1.206773,
		0.126099,
		1
	},
	[0.483333333333] = {
		-0.931115,
		-0.295799,
		0.213373,
		0,
		0.014471,
		-0.614524,
		-0.788765,
		0,
		0.364439,
		-0.731343,
		0.576473,
		0,
		0.087514,
		1.20962,
		0.123189,
		1
	},
	[0.4] = {
		-0.929194,
		-0.33601,
		0.153934,
		0,
		0.070652,
		-0.570303,
		-0.81839,
		0,
		0.362776,
		-0.749568,
		0.553662,
		0,
		0.042755,
		1.265686,
		0.08308,
		1
	},
	[0.516666666667] = {
		-0.927932,
		-0.278781,
		0.247434,
		0,
		0.026556,
		-0.711563,
		-0.70212,
		0,
		0.371803,
		-0.644949,
		0.667685,
		0,
		0.114385,
		1.216379,
		0.109833,
		1
	},
	[0.533333333333] = {
		-0.927182,
		-0.256851,
		0.272692,
		0,
		0.017895,
		-0.757471,
		-0.652624,
		0,
		0.374183,
		-0.600221,
		0.70691,
		0,
		0.128306,
		1.219598,
		0.103037,
		1
	},
	[0.55] = {
		-0.92607,
		-0.222036,
		0.305115,
		0,
		-0.012523,
		-0.790038,
		-0.612929,
		0,
		0.377145,
		-0.571436,
		0.72885,
		0,
		0.1417,
		1.223305,
		0.098164,
		1
	},
	[0.566666666667] = {
		-0.920159,
		-0.19713,
		0.338299,
		0,
		-0.039898,
		-0.812309,
		-0.581861,
		0,
		0.389506,
		-0.548902,
		0.739589,
		0,
		0.157595,
		1.224751,
		0.089225,
		1
	},
	[0.583333333333] = {
		-0.930974,
		-0.230278,
		0.283301,
		0,
		0.018764,
		-0.805141,
		-0.592787,
		0,
		0.364603,
		-0.546553,
		0.753886,
		0,
		0.160629,
		1.237489,
		0.079807,
		1
	},
	[0.5] = {
		-0.9292,
		-0.290999,
		0.22783,
		0,
		0.022771,
		-0.660369,
		-0.750596,
		0,
		0.368875,
		-0.692266,
		0.620242,
		0,
		0.100573,
		1.213025,
		0.117105,
		1
	},
	[0.616666666667] = {
		-0.928909,
		-0.370262,
		0.005779,
		0,
		0.304399,
		-0.772374,
		-0.557477,
		0,
		0.210876,
		-0.516086,
		0.830173,
		0,
		0.176984,
		1.243735,
		0.025421,
		1
	},
	[0.633333333333] = {
		-0.910247,
		-0.400563,
		-0.104877,
		0,
		0.396911,
		-0.771936,
		-0.496564,
		0,
		0.117947,
		-0.493623,
		0.861641,
		0,
		0.184224,
		1.249457,
		0.001374,
		1
	},
	[0.65] = {
		-0.92128,
		-0.34533,
		-0.178857,
		0,
		0.38883,
		-0.809254,
		-0.440363,
		0,
		0.00733,
		-0.475243,
		0.879824,
		0,
		0.189625,
		1.260541,
		-0.014028,
		1
	},
	[0.666666666667] = {
		-0.948186,
		-0.198039,
		-0.248442,
		0,
		0.286509,
		-0.87094,
		-0.399219,
		0,
		-0.137317,
		-0.449715,
		0.882553,
		0,
		0.194965,
		1.273767,
		-0.026164,
		1
	},
	[0.683333333333] = {
		-0.951456,
		0.010069,
		-0.30762,
		0,
		0.113749,
		-0.917201,
		-0.381842,
		0,
		-0.285995,
		-0.398298,
		0.871531,
		0,
		0.200178,
		1.287931,
		-0.037186,
		1
	},
	[0.6] = {
		-0.941051,
		-0.301427,
		0.153507,
		0,
		0.15574,
		-0.788933,
		-0.594416,
		0,
		0.30028,
		-0.535469,
		0.78937,
		0,
		0.168107,
		1.24177,
		0.055059,
		1
	},
	[0.716666666667] = {
		-0.822569,
		0.433024,
		-0.368606,
		0,
		-0.279603,
		-0.872405,
		-0.400915,
		0,
		-0.495179,
		-0.226717,
		0.838688,
		0,
		0.209958,
		1.314277,
		-0.064341,
		1
	},
	[0.733333333333] = {
		-0.729939,
		0.565963,
		-0.383243,
		0,
		-0.413136,
		-0.812004,
		-0.412271,
		0,
		-0.544525,
		-0.142601,
		0.826533,
		0,
		0.214375,
		1.324065,
		-0.084353,
		1
	},
	[0.75] = {
		-0.668904,
		0.614866,
		-0.417741,
		0,
		-0.468264,
		-0.78499,
		-0.405611,
		0,
		-0.577319,
		-0.075702,
		0.813002,
		0,
		0.218369,
		1.330027,
		-0.111378,
		1
	},
	[0.766666666667] = {
		-0.633172,
		0.610356,
		-0.475981,
		0,
		-0.482964,
		-0.792101,
		-0.373259,
		0,
		-0.604846,
		-0.006455,
		0.796316,
		0,
		0.221912,
		1.333125,
		-0.145596,
		1
	},
	[0.783333333333] = {
		-0.595019,
		0.594852,
		-0.540465,
		0,
		-0.503645,
		-0.800022,
		-0.326045,
		0,
		-0.626333,
		0.078199,
		0.775623,
		0,
		0.225044,
		1.335213,
		-0.18521,
		1
	},
	[0.7] = {
		-0.907373,
		0.236,
		-0.347819,
		0,
		-0.09078,
		-0.917999,
		-0.386053,
		0,
		-0.410405,
		-0.318719,
		0.854392,
		0,
		0.2052,
		1.301835,
		-0.049256,
		1
	},
	[0.816666666667] = {
		-0.497705,
		0.533374,
		-0.68396,
		0,
		-0.549797,
		-0.803909,
		-0.226836,
		0,
		-0.67083,
		0.263142,
		0.693357,
		0,
		0.23014,
		1.337034,
		-0.277111,
		1
	},
	[0.833333333333] = {
		-0.431959,
		0.488402,
		-0.758205,
		0,
		-0.565981,
		-0.801331,
		-0.193735,
		0,
		-0.702194,
		0.345444,
		0.622568,
		0,
		0.232136,
		1.337103,
		-0.327642,
		1
	},
	[0.85] = {
		-0.351456,
		0.434689,
		-0.829171,
		0,
		-0.56826,
		-0.802908,
		-0.180055,
		0,
		-0.744016,
		0.407903,
		0.529202,
		0,
		0.233786,
		1.336833,
		-0.380053,
		1
	},
	[0.866666666667] = {
		-0.255056,
		0.373001,
		-0.892086,
		0,
		-0.54623,
		-0.816865,
		-0.185377,
		0,
		-0.797859,
		0.440002,
		0.41209,
		0,
		0.235109,
		1.336388,
		-0.433467,
		1
	},
	[0.883333333333] = {
		-0.129984,
		0.293054,
		-0.947219,
		0,
		-0.497195,
		-0.845799,
		-0.193447,
		0,
		-0.857847,
		0.445807,
		0.255645,
		0,
		0.236274,
		1.335902,
		-0.494172,
		1
	},
	[0.8] = {
		-0.551022,
		0.56902,
		-0.610402,
		0,
		-0.527239,
		-0.804366,
		-0.273886,
		0,
		-0.646834,
		0.170911,
		0.743233,
		0,
		0.227782,
		1.33646,
		-0.229341,
		1
	},
	[0.916666666667] = {
		0.212938,
		0.067357,
		-0.974741,
		0,
		-0.387765,
		-0.909867,
		-0.147583,
		0,
		-0.896826,
		0.409396,
		-0.167626,
		0,
		0.238593,
		1.334905,
		-0.643619,
		1
	},
	[0.933333333333] = {
		0.389762,
		-0.060453,
		-0.918929,
		0,
		-0.362484,
		-0.927364,
		-0.092739,
		0,
		-0.846576,
		0.369243,
		-0.383365,
		0,
		0.239735,
		1.334411,
		-0.72272,
		1
	},
	[0.95] = {
		0.537572,
		-0.184283,
		-0.822834,
		0,
		-0.368692,
		-0.928972,
		-0.032818,
		0,
		-0.758342,
		0.321014,
		-0.567333,
		0,
		0.240859,
		1.333926,
		-0.798312,
		1
	},
	[0.966666666667] = {
		0.641919,
		-0.29388,
		-0.708219,
		0,
		-0.400215,
		-0.916255,
		0.017456,
		0,
		-0.654039,
		0.272234,
		-0.705777,
		0,
		0.241958,
		1.333452,
		-0.865575,
		1
	},
	[0.983333333333] = {
		0.702489,
		-0.380504,
		-0.601436,
		0,
		-0.441986,
		-0.895607,
		0.050366,
		0,
		-0.557815,
		0.230444,
		-0.797332,
		0,
		0.243027,
		1.332991,
		-0.919689,
		1
	},
	[0.9] = {
		0.031446,
		0.188465,
		-0.981576,
		0,
		-0.438091,
		-0.880103,
		-0.183017,
		0,
		-0.898381,
		0.435775,
		0.054889,
		0,
		0.237437,
		1.335404,
		-0.565829,
		1
	},
	[1.01666666667] = {
		0.736817,
		-0.457948,
		-0.497378,
		0,
		-0.491291,
		-0.868061,
		0.071445,
		0,
		-0.464472,
		0.191715,
		-0.864587,
		0,
		0.24505,
		1.332108,
		-0.969185,
		1
	},
	[1.03333333333] = {
		0.736412,
		-0.458572,
		-0.497403,
		0,
		-0.492058,
		-0.86763,
		0.071397,
		0,
		-0.464303,
		0.192173,
		-0.864577,
		0,
		0.245994,
		1.331685,
		-0.969534,
		1
	},
	[1.05] = {
		0.736027,
		-0.459166,
		-0.497424,
		0,
		-0.492785,
		-0.86722,
		0.071358,
		0,
		-0.464141,
		0.192602,
		-0.864568,
		0,
		0.246884,
		1.331275,
		-0.969879,
		1
	},
	[1.06666666667] = {
		0.735666,
		-0.459726,
		-0.497441,
		0,
		-0.493466,
		-0.866835,
		0.071326,
		0,
		-0.46399,
		0.192998,
		-0.864561,
		0,
		0.247717,
		1.330881,
		-0.970215,
		1
	},
	[1.08333333333] = {
		0.735331,
		-0.460247,
		-0.497454,
		0,
		-0.494097,
		-0.866478,
		0.0713,
		0,
		-0.463849,
		0.193362,
		-0.864555,
		0,
		0.248485,
		1.330508,
		-0.970536,
		1
	},
	[1.11666666667] = {
		0.734752,
		-0.461152,
		-0.497473,
		0,
		-0.495187,
		-0.865858,
		0.071265,
		0,
		-0.463605,
		0.19398,
		-0.864547,
		0,
		0.249808,
		1.329847,
		-0.971115,
		1
	},
	[1.13333333333] = {
		0.734512,
		-0.461527,
		-0.497478,
		0,
		-0.495637,
		-0.865602,
		0.071255,
		0,
		-0.463504,
		0.194231,
		-0.864545,
		0,
		0.250351,
		1.329568,
		-0.971363,
		1
	},
	[1.15] = {
		0.73431,
		-0.461845,
		-0.497482,
		0,
		-0.496015,
		-0.865386,
		0.071248,
		0,
		-0.463419,
		0.194441,
		-0.864543,
		0,
		0.250808,
		1.329329,
		-0.971577,
		1
	},
	[1.16666666667] = {
		0.734148,
		-0.4621,
		-0.497484,
		0,
		-0.496319,
		-0.865212,
		0.071244,
		0,
		-0.463351,
		0.194607,
		-0.864543,
		0,
		0.251173,
		1.329135,
		-0.971752,
		1
	},
	[1.18333333333] = {
		0.734029,
		-0.462288,
		-0.497485,
		0,
		-0.496542,
		-0.865084,
		0.071242,
		0,
		-0.463301,
		0.194729,
		-0.864542,
		0,
		0.25144,
		1.328991,
		-0.971883,
		1
	},
	[1.1] = {
		0.735026,
		-0.460723,
		-0.497465,
		0,
		-0.494672,
		-0.866151,
		0.07128,
		0,
		-0.46372,
		0.193689,
		-0.864551,
		0,
		0.249184,
		1.330162,
		-0.970837,
		1
	},
	[1.21666666667] = {
		0.73393,
		-0.462444,
		-0.497486,
		0,
		-0.496726,
		-0.864979,
		0.071241,
		0,
		-0.463259,
		0.194828,
		-0.864542,
		0,
		0.251661,
		1.32887,
		-0.971994,
		1
	},
	[1.2] = {
		0.733955,
		-0.462404,
		-0.497486,
		0,
		-0.496679,
		-0.865005,
		0.071241,
		0,
		-0.46327,
		0.194803,
		-0.864542,
		0,
		0.251605,
		1.328901,
		-0.971965,
		1
	}
}

return spline_matrices
