-- chunkname: @content/characters/player/ogryn/first_person/animations/2h_axe/attack_down_v01.lua

local spline_matrices = {
	[0.0166666666667] = {
		-0.052702,
		-0.831609,
		-0.552855,
		0,
		0.802545,
		0.294184,
		-0.519017,
		0,
		0.59426,
		-0.471044,
		0.651899,
		0,
		0.636045,
		-0.720621,
		-0.630157,
		1,
	},
	[0.0333333333333] = {
		-0.052408,
		-0.832012,
		-0.552276,
		0,
		0.802436,
		0.294109,
		-0.519226,
		0,
		0.594432,
		-0.470378,
		0.652223,
		0,
		0.61598,
		-0.683093,
		-0.628326,
		1,
	},
	[0.05] = {
		-0.051951,
		-0.832643,
		-0.551368,
		0,
		0.802267,
		0.293989,
		-0.519556,
		0,
		0.5947,
		-0.469335,
		0.652729,
		0,
		0.585122,
		-0.624326,
		-0.62581,
		1,
	},
	[0.0666666666667] = {
		-0.051358,
		-0.833468,
		-0.550176,
		0,
		0.802048,
		0.293824,
		-0.519987,
		0,
		0.595048,
		-0.467973,
		0.653391,
		0,
		0.545568,
		-0.547423,
		-0.62308,
		1,
	},
	[0.0833333333333] = {
		-0.050657,
		-0.834452,
		-0.548748,
		0,
		0.801788,
		0.293618,
		-0.520505,
		0,
		0.595458,
		-0.466347,
		0.654179,
		0,
		0.499414,
		-0.455482,
		-0.620616,
		1,
	},
	[0] = {
		-0.052806,
		-0.831467,
		-0.553059,
		0,
		0.802583,
		0.294209,
		-0.518943,
		0,
		0.594199,
		-0.471279,
		0.651786,
		0,
		0.643206,
		-0.733817,
		-0.630857,
		1,
	},
	[0.116666666667] = {
		-0.049055,
		-0.836762,
		-0.545366,
		0,
		0.801169,
		0.293089,
		-0.521754,
		0,
		0.596424,
		-0.462524,
		0.65601,
		0,
		0.395722,
		-0.238877,
		-0.618335,
		1,
	},
	[0.133333333333] = {
		-0.048239,
		-0.838021,
		-0.543502,
		0,
		0.800802,
		0.29277,
		-0.522496,
		0,
		0.596984,
		-0.460442,
		0.656966,
		0,
		0.342415,
		-0.120381,
		-0.619371,
		1,
	},
	[0.15] = {
		-0.04745,
		-0.839305,
		-0.541586,
		0,
		0.80041,
		0.292418,
		-0.523293,
		0,
		0.597572,
		-0.458321,
		0.657913,
		0,
		0.29102,
		0.000815,
		-0.62233,
		1,
	},
	[0.166666666667] = {
		-0.046708,
		-0.840583,
		-0.539665,
		0,
		0.800009,
		0.292037,
		-0.524119,
		0,
		0.598167,
		-0.456218,
		0.658833,
		0,
		0.243743,
		0.121659,
		-0.627503,
		1,
	},
	[0.183333333333] = {
		-0.046037,
		-0.841822,
		-0.537788,
		0,
		0.799613,
		0.291629,
		-0.524949,
		0,
		0.598748,
		-0.454189,
		0.659706,
		0,
		0.202815,
		0.239108,
		-0.635128,
		1,
	},
	[0.1] = {
		-0.049874,
		-0.835561,
		-0.54713,
		0,
		0.801497,
		0.293372,
		-0.521091,
		0,
		0.595916,
		-0.464512,
		0.655067,
		0,
		0.448764,
		-0.351604,
		-0.618884,
		1,
	},
	[0.216666666667] = {
		-0.042901,
		-0.846524,
		-0.53062,
		0,
		0.805865,
		0.284611,
		-0.519209,
		0,
		0.590543,
		-0.449882,
		0.669973,
		0,
		0.147195,
		0.441082,
		-0.668875,
		1,
	},
	[0.233333333333] = {
		-0.036341,
		-0.855194,
		-0.517033,
		0,
		0.823789,
		0.267252,
		-0.499948,
		0,
		0.565731,
		-0.444094,
		0.694787,
		0,
		0.131475,
		0.503459,
		-0.711473,
		1,
	},
	[0.25] = {
		-0.025806,
		-0.869211,
		-0.493767,
		0,
		0.848664,
		0.241984,
		-0.470334,
		0,
		0.528303,
		-0.43118,
		0.731423,
		0,
		0.122836,
		0.542051,
		-0.766405,
		1,
	},
	[0.266666666667] = {
		-0.0112,
		-0.888288,
		-0.459151,
		0,
		0.876222,
		0.212518,
		-0.432518,
		0,
		0.481778,
		-0.407162,
		0.775957,
		0,
		0.120758,
		0.561707,
		-0.82694,
		1,
	},
	[0.283333333333] = {
		0.007885,
		-0.911445,
		-0.411345,
		0,
		0.902747,
		0.183419,
		-0.389108,
		0,
		0.4301,
		-0.368273,
		0.824251,
		0,
		0.124621,
		0.567341,
		-0.886405,
		1,
	},
	[0.2] = {
		-0.045457,
		-0.842991,
		-0.536003,
		0,
		0.799238,
		0.291198,
		-0.525759,
		0,
		0.599293,
		-0.452293,
		0.660514,
		0,
		0.170497,
		0.350135,
		-0.645397,
		1,
	},
	[0.316666666667] = {
		0.061133,
		-0.965422,
		-0.253424,
		0,
		0.946738,
		0.136506,
		-0.291641,
		0,
		0.31615,
		-0.222097,
		0.922346,
		0,
		0.144595,
		0.554629,
		-0.974637,
		1,
	},
	[0.333333333333] = {
		0.095196,
		-0.988815,
		-0.114812,
		0,
		0.966045,
		0.119596,
		-0.229028,
		0,
		0.240198,
		-0.089111,
		0.966625,
		0,
		0.152897,
		0.546025,
		-0.9883,
		1,
	},
	[0.35] = {
		0.142636,
		-0.98699,
		0.074198,
		0,
		0.976851,
		0.128303,
		-0.171176,
		0,
		0.15943,
		0.096897,
		0.982442,
		0,
		0.147785,
		0.544605,
		-0.967298,
		1,
	},
	[0.366666666667] = {
		0.21219,
		-0.930473,
		0.298656,
		0,
		0.974269,
		0.177658,
		-0.138703,
		0,
		0.076001,
		0.320403,
		0.944228,
		0,
		0.123549,
		0.551168,
		-0.91448,
		1,
	},
	[0.383333333333] = {
		0.231743,
		-0.808343,
		0.54118,
		0,
		0.972767,
		0.189998,
		-0.132762,
		0,
		0.004494,
		0.557209,
		0.83036,
		0,
		0.082635,
		0.583207,
		-0.845983,
		1,
	},
	[0.3] = {
		0.032126,
		-0.936781,
		-0.348437,
		0,
		0.925422,
		0.159575,
		-0.343699,
		0,
		0.377573,
		-0.31141,
		0.872045,
		0,
		0.133787,
		0.5639,
		-0.938171,
		1,
	},
	[0.416666666667] = {
		0.068791,
		-0.45667,
		0.886973,
		0,
		0.997153,
		0.058981,
		-0.046969,
		0,
		-0.030866,
		0.887679,
		0.459427,
		0,
		-0.006541,
		0.704167,
		-0.720836,
		1,
	},
	[0.433333333333] = {
		0.042206,
		-0.290147,
		0.956051,
		0,
		0.999109,
		0.012846,
		-0.040208,
		0,
		-0.000616,
		0.956896,
		0.29043,
		0,
		-0.022103,
		0.743228,
		-0.695655,
		1,
	},
	[0.45] = {
		0.056891,
		-0.134997,
		0.989211,
		0,
		0.998356,
		0.014581,
		-0.055427,
		0,
		-0.006941,
		0.990739,
		0.135605,
		0,
		-0.026824,
		0.747836,
		-0.718074,
		1,
	},
	[0.466666666667] = {
		0.04295,
		0.013355,
		0.998988,
		0,
		0.999057,
		-0.006921,
		-0.04286,
		0,
		0.006342,
		0.999887,
		-0.01364,
		0,
		-0.054196,
		0.739568,
		-0.767103,
		1,
	},
	[0.483333333333] = {
		0.075558,
		0.14007,
		0.987254,
		0,
		0.997038,
		-0.02486,
		-0.072779,
		0,
		0.014349,
		0.989829,
		-0.141534,
		0,
		-0.081629,
		0.729526,
		-0.818855,
		1,
	},
	[0.4] = {
		0.168678,
		-0.636462,
		0.752638,
		0,
		0.984502,
		0.145977,
		-0.097198,
		0,
		-0.048005,
		0.757368,
		0.651221,
		0,
		0.033753,
		0.64114,
		-0.777534,
		1,
	},
	[0.516666666667] = {
		0.088915,
		0.387015,
		0.917776,
		0,
		0.994134,
		0.022489,
		-0.105796,
		0,
		-0.061585,
		0.921799,
		-0.382745,
		0,
		-0.078401,
		0.696414,
		-0.895222,
		1,
	},
	[0.533333333333] = {
		0.136037,
		0.524417,
		0.840524,
		0,
		0.986113,
		0.0099,
		-0.165778,
		0,
		-0.095258,
		0.851404,
		-0.515788,
		0,
		-0.064368,
		0.67153,
		-0.931635,
		1,
	},
	[0.55] = {
		0.16842,
		0.629014,
		0.758931,
		0,
		0.980261,
		-0.025996,
		-0.19599,
		0,
		-0.103551,
		0.776959,
		-0.620977,
		0,
		-0.045759,
		0.642142,
		-0.966774,
		1,
	},
	[0.566666666667] = {
		0.150099,
		0.684473,
		0.713419,
		0,
		0.983691,
		-0.031054,
		-0.177168,
		0,
		-0.099112,
		0.728376,
		-0.677971,
		0,
		-0.020912,
		0.615747,
		-0.994175,
		1,
	},
	[0.583333333333] = {
		0.110354,
		0.702137,
		0.703439,
		0,
		0.988492,
		-0.003858,
		-0.151221,
		0,
		-0.103464,
		0.712032,
		-0.694483,
		0,
		0.012318,
		0.592488,
		-1.018475,
		1,
	},
	[0.5] = {
		0.081574,
		0.258939,
		0.962443,
		0,
		0.996608,
		-0.010618,
		-0.081613,
		0,
		-0.010914,
		0.965835,
		-0.258926,
		0,
		-0.085545,
		0.715693,
		-0.860821,
		1,
	},
	[0.616666666667] = {
		0.091901,
		0.672449,
		0.734416,
		0,
		0.986368,
		0.039626,
		-0.159712,
		0,
		-0.1365,
		0.739082,
		-0.65964,
		0,
		0.089181,
		0.546894,
		-1.060743,
		1,
	},
	[0.633333333333] = {
		0.084728,
		0.654462,
		0.751333,
		0,
		0.984482,
		0.06131,
		-0.164425,
		0,
		-0.153674,
		0.753605,
		-0.639112,
		0,
		0.126769,
		0.52261,
		-1.066571,
		1,
	},
	[0.65] = {
		0.079502,
		0.635235,
		0.768216,
		0,
		0.982322,
		0.081098,
		-0.168719,
		0,
		-0.169477,
		0.768049,
		-0.617558,
		0,
		0.159565,
		0.496423,
		-1.063435,
		1,
	},
	[0.666666666667] = {
		0.076505,
		0.615502,
		0.784413,
		0,
		0.980233,
		0.097532,
		-0.172134,
		0,
		-0.182454,
		0.782077,
		-0.595874,
		0,
		0.184309,
		0.467939,
		-1.058917,
		1,
	},
	[0.683333333333] = {
		0.092083,
		0.584723,
		0.80599,
		0,
		0.980488,
		0.087937,
		-0.175815,
		0,
		-0.17368,
		0.806453,
		-0.565216,
		0,
		0.200135,
		0.435522,
		-1.053588,
		1,
	},
	[0.6] = {
		0.100652,
		0.688529,
		0.71819,
		0,
		0.987742,
		0.017411,
		-0.15512,
		0,
		-0.119309,
		0.724999,
		-0.678337,
		0,
		0.050024,
		0.569857,
		-1.042691,
		1,
	},
	[0.716666666667] = {
		0.206039,
		0.46844,
		0.859134,
		0,
		0.977384,
		-0.055782,
		-0.203983,
		0,
		-0.047629,
		0.881732,
		-0.469339,
		0,
		0.208706,
		0.361684,
		-1.042441,
		1,
	},
	[0.733333333333] = {
		0.2923,
		0.39099,
		0.872747,
		0,
		0.954535,
		-0.175126,
		-0.241236,
		0,
		0.05852,
		0.903581,
		-0.424402,
		0,
		0.201376,
		0.324478,
		-1.037374,
		1,
	},
	[0.75] = {
		0.387472,
		0.303845,
		0.87037,
		0,
		0.904654,
		-0.306988,
		-0.295565,
		0,
		0.177387,
		0.901907,
		-0.393824,
		0,
		0.189857,
		0.288709,
		-1.032694,
		1,
	},
	[0.766666666667] = {
		0.479954,
		0.210308,
		0.851713,
		0,
		0.826949,
		-0.432602,
		-0.35918,
		0,
		0.292914,
		0.876714,
		-0.381543,
		0,
		0.178375,
		0.255093,
		-1.028248,
		1,
	},
	[0.783333333333] = {
		0.559747,
		0.119507,
		0.820001,
		0,
		0.730635,
		-0.538048,
		-0.420329,
		0,
		0.390968,
		0.834399,
		-0.388487,
		0,
		0.16787,
		0.225418,
		-1.024315,
		1,
	},
	[0.7] = {
		0.137334,
		0.534463,
		0.833959,
		0,
		0.98229,
		0.034852,
		-0.184096,
		0,
		-0.127457,
		0.844473,
		-0.520212,
		0,
		0.208279,
		0.399401,
		-1.047972,
		1,
	},
	[0.816666666667] = {
		0.656834,
		-0.011269,
		0.753951,
		0,
		0.56044,
		-0.661638,
		-0.498139,
		0,
		0.504456,
		0.749739,
		-0.42827,
		0,
		0.153538,
		0.185024,
		-1.019192,
		1,
	},
	[0.833333333333] = {
		0.669494,
		-0.030076,
		0.742208,
		0,
		0.53198,
		-0.677945,
		-0.507334,
		0,
		0.518435,
		0.734497,
		-0.43788,
		0,
		0.151578,
		0.17787,
		-1.018647,
		1,
	},
	[0.85] = {
		0.669283,
		-0.028401,
		0.742465,
		0,
		0.532356,
		-0.678759,
		-0.505848,
		0,
		0.518321,
		0.733811,
		-0.439163,
		0,
		0.151823,
		0.175926,
		-1.018949,
		1,
	},
	[0.866666666667] = {
		0.669068,
		-0.026697,
		0.742721,
		0,
		0.532734,
		-0.679591,
		-0.504332,
		0,
		0.518211,
		0.733105,
		-0.440471,
		0,
		0.152072,
		0.173943,
		-1.019252,
		1,
	},
	[0.883333333333] = {
		0.668851,
		-0.024985,
		0.742977,
		0,
		0.533109,
		-0.680428,
		-0.502804,
		0,
		0.518105,
		0.732389,
		-0.441785,
		0,
		0.152325,
		0.171945,
		-1.019553,
		1,
	},
	[0.8] = {
		0.619811,
		0.042026,
		0.783625,
		0,
		0.634095,
		-0.615129,
		-0.468551,
		0,
		0.462339,
		0.787306,
		-0.407912,
		0,
		0.159279,
		0.201467,
		-1.021192,
		1,
	},
	[0.916666666667] = {
		0.668411,
		-0.021627,
		0.743477,
		0,
		0.533844,
		-0.682075,
		-0.499785,
		0,
		0.517916,
		0.730963,
		-0.444361,
		0,
		0.152842,
		0.168009,
		-1.020132,
		1,
	},
	[0.933333333333] = {
		0.668191,
		-0.020022,
		0.74372,
		0,
		0.534198,
		-0.682862,
		-0.49833,
		0,
		0.517836,
		0.730273,
		-0.445586,
		0,
		0.153103,
		0.166122,
		-1.020401,
		1,
	},
	[0.95] = {
		0.667971,
		-0.018495,
		0.743957,
		0,
		0.534538,
		-0.68361,
		-0.496936,
		0,
		0.517768,
		0.729613,
		-0.446746,
		0,
		0.153366,
		0.164325,
		-1.020653,
		1,
	},
	[0.966666666667] = {
		0.667752,
		-0.017068,
		0.744188,
		0,
		0.534863,
		-0.68431,
		-0.495622,
		0,
		0.517714,
		0.728992,
		-0.447821,
		0,
		0.15363,
		0.162643,
		-1.020883,
		1,
	},
	[0.983333333333] = {
		0.667536,
		-0.015761,
		0.74441,
		0,
		0.53517,
		-0.68495,
		-0.494406,
		0,
		0.517676,
		0.72842,
		-0.448794,
		0,
		0.153894,
		0.161101,
		-1.021087,
		1,
	},
	[0.9] = {
		0.668632,
		-0.023288,
		0.743229,
		0,
		0.53348,
		-0.68126,
		-0.501282,
		0,
		0.518006,
		0.731671,
		-0.443088,
		0,
		0.152582,
		0.169958,
		-1.019848,
		1,
	},
	[1.01666666667] = {
		0.667114,
		-0.013588,
		0.744832,
		0,
		0.535726,
		-0.686001,
		-0.492342,
		0,
		0.517645,
		0.727474,
		-0.450361,
		0,
		0.154418,
		0.158546,
		-1.021408,
		1,
	},
	[1.03333333333] = {
		0.66691,
		-0.012679,
		0.745031,
		0,
		0.535991,
		-0.686419,
		-0.49147,
		0,
		0.517634,
		0.727096,
		-0.450984,
		0,
		0.154672,
		0.157498,
		-1.021532,
		1,
	},
	[1.05] = {
		0.666712,
		-0.011811,
		0.745222,
		0,
		0.536247,
		-0.686814,
		-0.490638,
		0,
		0.517624,
		0.726737,
		-0.451573,
		0,
		0.154918,
		0.156503,
		-1.021648,
		1,
	},
	[1.06666666667] = {
		0.66652,
		-0.010987,
		0.745406,
		0,
		0.536496,
		-0.687184,
		-0.489847,
		0,
		0.517614,
		0.7264,
		-0.452127,
		0,
		0.155156,
		0.155561,
		-1.021755,
		1,
	},
	[1.08333333333] = {
		0.666336,
		-0.010209,
		0.745582,
		0,
		0.536734,
		-0.687531,
		-0.489099,
		0,
		0.517604,
		0.726083,
		-0.452647,
		0,
		0.155385,
		0.154675,
		-1.021855,
		1,
	},
	{
		0.667323,
		-0.014597,
		0.744625,
		0,
		0.535455,
		-0.685519,
		-0.493306,
		0,
		0.517656,
		0.727908,
		-0.449646,
		0,
		0.154158,
		0.159726,
		-1.021264,
		1,
	},
	[1.11666666667] = {
		0.665993,
		-0.008794,
		0.745906,
		0,
		0.537177,
		-0.688151,
		-0.487739,
		0,
		0.517585,
		0.725515,
		-0.45358,
		0,
		0.15581,
		0.153073,
		-1.022032,
		1,
	},
	[1.13333333333] = {
		0.665837,
		-0.008161,
		0.746053,
		0,
		0.53738,
		-0.688423,
		-0.487131,
		0,
		0.517576,
		0.725263,
		-0.453992,
		0,
		0.156004,
		0.152361,
		-1.022108,
		1,
	},
	[1.15] = {
		0.665691,
		-0.007581,
		0.746189,
		0,
		0.537568,
		-0.688671,
		-0.486572,
		0,
		0.517568,
		0.725034,
		-0.454367,
		0,
		0.156185,
		0.151709,
		-1.022178,
		1,
	},
	[1.16666666667] = {
		0.665557,
		-0.007055,
		0.746314,
		0,
		0.537741,
		-0.688894,
		-0.486065,
		0,
		0.51756,
		0.724828,
		-0.454705,
		0,
		0.156351,
		0.15112,
		-1.022239,
		1,
	},
	[1.18333333333] = {
		0.665435,
		-0.006584,
		0.746426,
		0,
		0.537898,
		-0.689092,
		-0.485611,
		0,
		0.517553,
		0.724644,
		-0.455005,
		0,
		0.156501,
		0.150595,
		-1.022294,
		1,
	},
	[1.1] = {
		0.66616,
		-0.009477,
		0.745749,
		0,
		0.536961,
		-0.687853,
		-0.488396,
		0,
		0.517594,
		0.725788,
		-0.453131,
		0,
		0.155603,
		0.153845,
		-1.021947,
		1,
	},
	[1.21666666667] = {
		0.665234,
		-0.005815,
		0.746613,
		0,
		0.538159,
		-0.68941,
		-0.484871,
		0,
		0.517542,
		0.724348,
		-0.455489,
		0,
		0.156751,
		0.149743,
		-1.022381,
		1,
	},
	[1.23333333333] = {
		0.665155,
		-0.005521,
		0.746685,
		0,
		0.53826,
		-0.68953,
		-0.484587,
		0,
		0.517537,
		0.724236,
		-0.455673,
		0,
		0.156848,
		0.149418,
		-1.022414,
		1,
	},
	[1.25] = {
		0.665093,
		-0.00529,
		0.746742,
		0,
		0.538341,
		-0.689624,
		-0.484363,
		0,
		0.517533,
		0.724148,
		-0.455816,
		0,
		0.156926,
		0.149163,
		-1.022439,
		1,
	},
	[1.26666666667] = {
		0.665047,
		-0.005122,
		0.746784,
		0,
		0.5384,
		-0.689691,
		-0.484202,
		0,
		0.517531,
		0.724085,
		-0.455919,
		0,
		0.156982,
		0.148979,
		-1.022457,
		1,
	},
	[1.28333333333] = {
		0.665019,
		-0.005021,
		0.74681,
		0,
		0.538436,
		-0.689732,
		-0.484103,
		0,
		0.517529,
		0.724047,
		-0.455982,
		0,
		0.157017,
		0.148867,
		-1.022468,
		1,
	},
	[1.2] = {
		0.665327,
		-0.00617,
		0.746526,
		0,
		0.538038,
		-0.689264,
		-0.485213,
		0,
		0.517547,
		0.724484,
		-0.455266,
		0,
		0.156635,
		0.150136,
		-1.022341,
		1,
	},
	[1.3] = {
		0.665009,
		-0.004986,
		0.746818,
		0,
		0.538449,
		-0.689746,
		-0.48407,
		0,
		0.517529,
		0.724035,
		-0.456002,
		0,
		0.157029,
		0.14883,
		-1.022472,
		1,
	},
}

return spline_matrices
