-- chunkname: @content/characters/player/ogryn/first_person/animations/2h_axe/attack_down_right.lua

local spline_matrices = {
	[0.0166666666667] = {
		0.513304,
		0.222932,
		-0.828746,
		0,
		-0.827739,
		-0.126418,
		-0.546687,
		0,
		-0.226643,
		0.966602,
		0.119639,
		0,
		-0.94875,
		-1.154319,
		-0.448387,
		1,
	},
	[0.0333333333333] = {
		0.511866,
		0.184056,
		-0.839117,
		0,
		-0.829451,
		-0.148374,
		-0.538514,
		0,
		-0.22362,
		0.971652,
		0.076718,
		0,
		-1.030388,
		-1.226548,
		-0.353507,
		1,
	},
	[0.05] = {
		0.514848,
		0.136708,
		-0.846311,
		0,
		-0.823864,
		-0.194046,
		-0.532536,
		0,
		-0.237026,
		0.971419,
		0.012725,
		0,
		-1.127676,
		-1.274812,
		-0.243011,
		1,
	},
	[0.0666666666667] = {
		0.527186,
		0.095472,
		-0.84437,
		0,
		-0.802366,
		-0.271253,
		-0.53163,
		0,
		-0.279794,
		0.957761,
		-0.066398,
		0,
		-1.208146,
		-1.240957,
		-0.155633,
		1,
	},
	[0.0833333333333] = {
		0.553958,
		0.075276,
		-0.829134,
		0,
		-0.750369,
		-0.386286,
		-0.536404,
		0,
		-0.360662,
		0.919302,
		-0.157501,
		0,
		-1.238485,
		-1.067628,
		-0.130531,
		1,
	},
	[0] = {
		0.514722,
		0.239471,
		-0.823234,
		0,
		-0.825616,
		-0.120406,
		-0.551236,
		0,
		-0.231128,
		0.963408,
		0.135736,
		0,
		-0.914526,
		-1.116831,
		-0.489268,
		1,
	},
	[0.116666666667] = {
		-0.507023,
		0.272292,
		-0.817792,
		0,
		0.859228,
		0.084568,
		-0.504555,
		0,
		-0.068227,
		-0.958491,
		-0.276839,
		0,
		-0.611075,
		0.170494,
		-0.365739,
		1,
	},
	[0.133333333333] = {
		-0.221322,
		0.283702,
		-0.933022,
		0,
		0.972698,
		-0.004283,
		-0.232036,
		0,
		-0.069825,
		-0.958902,
		-0.275009,
		0,
		-0.598342,
		0.304881,
		-0.317977,
		1,
	},
	[0.15] = {
		0.343276,
		0.232384,
		-0.910032,
		0,
		0.936491,
		-0.15869,
		0.312733,
		0,
		-0.071739,
		-0.95959,
		-0.272101,
		0,
		-0.583723,
		0.410606,
		-0.258542,
		1,
	},
	[0.166666666667] = {
		0.613916,
		0.166771,
		-0.771553,
		0,
		0.785866,
		-0.221146,
		0.577503,
		0,
		-0.074315,
		-0.960875,
		-0.266825,
		0,
		-0.566897,
		0.494319,
		-0.186516,
		1,
	},
	[0.183333333333] = {
		0.598289,
		0.16587,
		-0.783924,
		0,
		0.798681,
		-0.202191,
		0.566769,
		0,
		-0.064492,
		-0.965197,
		-0.253446,
		0,
		-0.546672,
		0.569144,
		-0.096112,
		1,
	},
	[0.1] = {
		0.101618,
		-0.212652,
		0.971829,
		0,
		-0.586853,
		0.775994,
		0.231163,
		0,
		-0.803292,
		-0.593811,
		-0.045941,
		0,
		-0.926775,
		-0.420338,
		-0.264878,
		1,
	},
	[0.216666666667] = {
		0.484439,
		0.181249,
		-0.855843,
		0,
		0.874801,
		-0.092979,
		0.475478,
		0,
		0.006604,
		-0.979031,
		-0.2036,
		0,
		-0.503142,
		0.716823,
		0.114138,
		1,
	},
	[0.233333333333] = {
		0.407146,
		0.180867,
		-0.895276,
		0,
		0.912047,
		-0.027903,
		0.409136,
		0,
		0.049019,
		-0.983111,
		-0.17632,
		0,
		-0.481755,
		0.785274,
		0.206587,
		1,
	},
	[0.25] = {
		0.334339,
		0.166503,
		-0.927628,
		0,
		0.93883,
		0.027391,
		0.343292,
		0,
		0.082568,
		-0.98566,
		-0.14716,
		0,
		-0.46044,
		0.847073,
		0.272347,
		1,
	},
	[0.266666666667] = {
		0.281828,
		0.133529,
		-0.950128,
		0,
		0.954371,
		0.062894,
		0.291925,
		0,
		0.098738,
		-0.989047,
		-0.109711,
		0,
		-0.439057,
		0.900282,
		0.309536,
		1,
	},
	[0.283333333333] = {
		0.265213,
		0.077282,
		-0.961088,
		0,
		0.959907,
		0.072691,
		0.270732,
		0,
		0.090785,
		-0.994355,
		-0.054905,
		0,
		-0.417557,
		0.942874,
		0.314326,
		1,
	},
	[0.2] = {
		0.551979,
		0.17365,
		-0.815576,
		0,
		0.833142,
		-0.155389,
		0.530782,
		0,
		-0.034561,
		-0.972471,
		-0.230446,
		0,
		-0.524747,
		0.644023,
		0.008675,
		1,
	},
	[0.316666666667] = {
		0.273132,
		-0.091028,
		-0.95766,
		0,
		0.961267,
		0.064069,
		0.268071,
		0,
		0.036955,
		-0.993785,
		0.105002,
		0,
		-0.358473,
		1.022069,
		0.240205,
		1,
	},
	[0.333333333333] = {
		0.263894,
		-0.2984,
		-0.917233,
		0,
		0.964224,
		0.056794,
		0.258937,
		0,
		-0.025174,
		-0.952749,
		0.302712,
		0,
		-0.298014,
		1.080215,
		0.150874,
		1,
	},
	[0.35] = {
		0.218642,
		-0.625916,
		-0.748615,
		0,
		0.968278,
		0.044057,
		0.245961,
		0,
		-0.12097,
		-0.778645,
		0.615693,
		0,
		-0.210917,
		1.150123,
		0.017485,
		1,
	},
	[0.366666666667] = {
		0.124859,
		-0.898754,
		-0.420297,
		0,
		0.970742,
		0.023087,
		0.239013,
		0,
		-0.205111,
		-0.437843,
		0.875342,
		0,
		-0.113806,
		1.209261,
		-0.142361,
		1,
	},
	[0.383333333333] = {
		0.008998,
		-0.998795,
		-0.048223,
		0,
		0.97071,
		-0.002854,
		0.240239,
		0,
		-0.240087,
		-0.048972,
		0.969515,
		0,
		-0.023519,
		1.236944,
		-0.300898,
		1,
	},
	[0.3] = {
		0.270505,
		0.000416,
		-0.962718,
		0,
		0.960437,
		0.068699,
		0.269893,
		0,
		0.06625,
		-0.997637,
		0.018184,
		0,
		-0.392291,
		0.980602,
		0.288514,
		1,
	},
	[0.416666666667] = {
		-0.187398,
		-0.701926,
		0.687154,
		0,
		0.969272,
		-0.018648,
		0.245287,
		0,
		-0.15936,
		0.712005,
		0.683852,
		0,
		0.13059,
		1.089659,
		-0.634494,
		1,
	},
	[0.433333333333] = {
		-0.224676,
		-0.425596,
		0.876578,
		0,
		0.969894,
		-0.01094,
		0.243283,
		0,
		-0.093951,
		0.904847,
		0.415241,
		0,
		0.186536,
		0.974657,
		-0.775402,
		1,
	},
	[0.45] = {
		-0.241858,
		-0.224635,
		0.943951,
		0,
		0.96939,
		-0.013537,
		0.245155,
		0,
		-0.042292,
		0.974348,
		0.221033,
		0,
		0.227455,
		0.875574,
		-0.877057,
		1,
	},
	[0.466666666667] = {
		-0.247411,
		-0.058258,
		0.967157,
		0,
		0.968909,
		-0.01671,
		0.246852,
		0,
		0.00178,
		0.998161,
		0.060581,
		0,
		0.263852,
		0.769649,
		-0.96686,
		1,
	},
	[0.483333333333] = {
		-0.246205,
		0.090772,
		0.964958,
		0,
		0.968446,
		-0.016709,
		0.248666,
		0,
		0.038695,
		0.995731,
		-0.083794,
		0,
		0.293171,
		0.655345,
		-1.049166,
		1,
	},
	[0.4] = {
		-0.10463,
		-0.936563,
		0.334516,
		0,
		0.969477,
		-0.021058,
		0.244277,
		0,
		-0.221737,
		0.349864,
		0.91018,
		0,
		0.056285,
		1.19551,
		-0.46438,
		1,
	},
	[0.516666666667] = {
		-0.232961,
		0.332003,
		0.914059,
		0,
		0.967464,
		-0.016287,
		0.252487,
		0,
		0.098714,
		0.943137,
		-0.317406,
		0,
		0.319709,
		0.489343,
		-1.126656,
		1,
	},
	[0.533333333333] = {
		-0.22339,
		0.426673,
		0.876383,
		0,
		0.966816,
		-0.017349,
		0.254887,
		0,
		0.123958,
		0.904239,
		-0.408639,
		0,
		0.297582,
		0.447266,
		-1.116457,
		1,
	},
	[0.55] = {
		-0.214418,
		0.497199,
		0.840725,
		0,
		0.965813,
		-0.020478,
		0.25843,
		0,
		0.145707,
		0.867394,
		-0.47581,
		0,
		0.24517,
		0.414868,
		-1.087475,
		1,
	},
	[0.566666666667] = {
		-0.206375,
		0.553205,
		0.807077,
		0,
		0.964312,
		-0.024833,
		0.263602,
		0,
		0.165868,
		0.832674,
		-0.528338,
		0,
		0.182686,
		0.38973,
		-1.045077,
		1,
	},
	[0.583333333333] = {
		-0.198764,
		0.602628,
		0.772872,
		0,
		0.962208,
		-0.02979,
		0.270684,
		0,
		0.186146,
		0.797465,
		-0.573932,
		0,
		0.130366,
		0.370349,
		-0.994445,
		1,
	},
	[0.5] = {
		-0.24102,
		0.21803,
		0.945713,
		0,
		0.967974,
		-0.016539,
		0.250506,
		0,
		0.070259,
		0.975801,
		-0.207061,
		0,
		0.312723,
		0.557136,
		-1.105335,
		1,
	},
	[0.616666666667] = {
		-0.191275,
		0.707552,
		0.680282,
		0,
		0.950921,
		-0.038171,
		0.307071,
		0,
		0.243236,
		0.705629,
		-0.665525,
		0,
		0.108524,
		0.341827,
		-0.889811,
		1,
	},
	[0.633333333333] = {
		-0.200669,
		0.759994,
		0.618176,
		0,
		0.934105,
		-0.041749,
		0.354551,
		0,
		0.295265,
		0.648587,
		-0.701536,
		0,
		0.108617,
		0.327429,
		-0.846975,
		1,
	},
	[0.65] = {
		-0.207949,
		0.797806,
		0.565916,
		0,
		0.913574,
		-0.048304,
		0.403794,
		0,
		0.349486,
		0.600975,
		-0.718811,
		0,
		0.108776,
		0.309531,
		-0.817882,
		1,
	},
	[0.666666666667] = {
		-0.210405,
		0.81234,
		0.543905,
		0,
		0.897062,
		-0.060724,
		0.437714,
		0,
		0.388601,
		0.580014,
		-0.715942,
		0,
		0.109032,
		0.285625,
		-0.808089,
		1,
	},
	[0.683333333333] = {
		-0.200213,
		0.796793,
		0.570118,
		0,
		0.898093,
		-0.083323,
		0.431842,
		0,
		0.391593,
		0.598479,
		-0.698912,
		0,
		0.108474,
		0.250698,
		-0.82788,
		1,
	},
	[0.6] = {
		-0.190484,
		0.652249,
		0.733679,
		0,
		0.959395,
		-0.03469,
		0.279926,
		0,
		0.208033,
		0.757209,
		-0.619157,
		0,
		0.108462,
		0.355227,
		-0.940832,
		1,
	},
	[0.716666666667] = {
		-0.108203,
		0.697418,
		0.708448,
		0,
		0.940121,
		-0.159907,
		0.301004,
		0,
		0.323212,
		0.698596,
		-0.638355,
		0,
		0.104005,
		0.158921,
		-0.934919,
		1,
	},
	[0.733333333333] = {
		-0.033173,
		0.634944,
		0.771845,
		0,
		0.956532,
		-0.203708,
		0.208688,
		0,
		0.289737,
		0.745217,
		-0.600587,
		0,
		0.101357,
		0.116197,
		-0.994829,
		1,
	},
	[0.75] = {
		0.034011,
		0.584366,
		0.810777,
		0,
		0.962297,
		-0.238204,
		0.131317,
		0,
		0.269868,
		0.775741,
		-0.570435,
		0,
		0.099284,
		0.085031,
		-1.04079,
		1,
	},
	[0.766666666667] = {
		0.062936,
		0.563887,
		0.82345,
		0,
		0.962602,
		-0.252148,
		0.099096,
		0,
		0.26351,
		0.786417,
		-0.558668,
		0,
		0.098438,
		0.072547,
		-1.059172,
		1,
	},
	[0.783333333333] = {
		0.06309,
		0.564484,
		0.823029,
		0,
		0.962547,
		-0.252296,
		0.099255,
		0,
		0.263675,
		0.785941,
		-0.559259,
		0,
		0.098424,
		0.071738,
		-1.059228,
		1,
	},
	[0.7] = {
		-0.167081,
		0.755503,
		0.633481,
		0,
		0.916788,
		-0.117342,
		0.381748,
		0,
		0.362746,
		0.64455,
		-0.673031,
		0,
		0.106589,
		0.206111,
		-0.874714,
		1,
	},
	[0.816666666667] = {
		0.063416,
		0.56593,
		0.82201,
		0,
		0.96243,
		-0.252587,
		0.09965,
		0,
		0.264024,
		0.784807,
		-0.560686,
		0,
		0.098394,
		0.069787,
		-1.059361,
		1,
	},
	[0.833333333333] = {
		0.063587,
		0.56679,
		0.821404,
		0,
		0.962368,
		-0.252726,
		0.099889,
		0,
		0.264207,
		0.784141,
		-0.561531,
		0,
		0.098378,
		0.068633,
		-1.059438,
		1,
	},
	[0.85] = {
		0.063762,
		0.567737,
		0.820737,
		0,
		0.962305,
		-0.252862,
		0.100154,
		0,
		0.264395,
		0.783412,
		-0.562459,
		0,
		0.098362,
		0.067363,
		-1.059521,
		1,
	},
	[0.866666666667] = {
		0.063942,
		0.568758,
		0.820016,
		0,
		0.96224,
		-0.252994,
		0.100443,
		0,
		0.264587,
		0.782629,
		-0.563458,
		0,
		0.098345,
		0.065996,
		-1.059609,
		1,
	},
	[0.883333333333] = {
		0.064126,
		0.569847,
		0.819245,
		0,
		0.962174,
		-0.253123,
		0.100753,
		0,
		0.264784,
		0.781794,
		-0.564523,
		0,
		0.098328,
		0.064538,
		-1.0597,
		1,
	},
	[0.8] = {
		0.06325,
		0.565163,
		0.822551,
		0,
		0.962489,
		-0.252443,
		0.099439,
		0,
		0.263846,
		0.785406,
		-0.55993,
		0,
		0.098409,
		0.07082,
		-1.059291,
		1,
	},
	[0.916666666667] = {
		0.064503,
		0.572211,
		0.817566,
		0,
		0.962037,
		-0.25337,
		0.101432,
		0,
		0.265187,
		0.779986,
		-0.566831,
		0,
		0.098294,
		0.061374,
		-1.059891,
		1,
	},
	[0.933333333333] = {
		0.064695,
		0.573474,
		0.816665,
		0,
		0.961968,
		-0.253488,
		0.101798,
		0,
		0.265393,
		0.779019,
		-0.568063,
		0,
		0.098276,
		0.059683,
		-1.059989,
		1,
	},
	[0.95] = {
		0.064889,
		0.574785,
		0.815727,
		0,
		0.961897,
		-0.253602,
		0.102179,
		0,
		0.265601,
		0.778015,
		-0.569341,
		0,
		0.098258,
		0.057927,
		-1.060088,
		1,
	},
	[0.966666666667] = {
		0.065085,
		0.576139,
		0.814756,
		0,
		0.961826,
		-0.253712,
		0.102574,
		0,
		0.26581,
		0.776977,
		-0.570658,
		0,
		0.09824,
		0.056113,
		-1.060188,
		1,
	},
	[0.983333333333] = {
		0.065282,
		0.577529,
		0.813755,
		0,
		0.961755,
		-0.253818,
		0.102982,
		0,
		0.266021,
		0.77591,
		-0.572011,
		0,
		0.098221,
		0.054249,
		-1.060286,
		1,
	},
	[0.9] = {
		0.064313,
		0.571,
		0.818427,
		0,
		0.962106,
		-0.253248,
		0.101083,
		0,
		0.264984,
		0.780912,
		-0.565649,
		0,
		0.098311,
		0.062995,
		-1.059794,
		1,
	},
	[1.01666666667] = {
		0.065677,
		0.580399,
		0.811679,
		0,
		0.961611,
		-0.254018,
		0.103829,
		0,
		0.266444,
		0.773699,
		-0.574801,
		0,
		0.098185,
		0.050395,
		-1.06048,
		1,
	},
	[1.03333333333] = {
		0.065875,
		0.581869,
		0.81061,
		0,
		0.961539,
		-0.254112,
		0.104266,
		0,
		0.266655,
		0.772564,
		-0.576229,
		0,
		0.098166,
		0.048419,
		-1.060574,
		1,
	},
	[1.05] = {
		0.066072,
		0.583355,
		0.809525,
		0,
		0.961467,
		-0.254202,
		0.104709,
		0,
		0.266866,
		0.771413,
		-0.577672,
		0,
		0.098148,
		0.046419,
		-1.060665,
		1,
	},
	[1.06666666667] = {
		0.066267,
		0.584852,
		0.808428,
		0,
		0.961395,
		-0.254288,
		0.105157,
		0,
		0.267075,
		0.77025,
		-0.579124,
		0,
		0.09813,
		0.044402,
		-1.060753,
		1,
	},
	[1.08333333333] = {
		0.066461,
		0.586354,
		0.807323,
		0,
		0.961324,
		-0.254369,
		0.105608,
		0,
		0.267282,
		0.76908,
		-0.580582,
		0,
		0.098111,
		0.042375,
		-1.060837,
		1,
	},
	{
		0.06548,
		0.578951,
		0.812729,
		0,
		0.961683,
		-0.25392,
		0.103401,
		0,
		0.266232,
		0.774816,
		-0.573393,
		0,
		0.098203,
		0.052341,
		-1.060384,
		1,
	},
	[1.11666666667] = {
		0.066842,
		0.589357,
		0.805102,
		0,
		0.961184,
		-0.254519,
		0.106515,
		0,
		0.26769,
		0.766731,
		-0.583493,
		0,
		0.098076,
		0.038317,
		-1.060995,
		1,
	},
	[1.13333333333] = {
		0.067029,
		0.590847,
		0.803994,
		0,
		0.961116,
		-0.254588,
		0.106967,
		0,
		0.267889,
		0.765561,
		-0.584937,
		0,
		0.098058,
		0.0363,
		-1.061068,
		1,
	},
	[1.15] = {
		0.067212,
		0.592323,
		0.802892,
		0,
		0.961048,
		-0.254653,
		0.107416,
		0,
		0.268084,
		0.764398,
		-0.586367,
		0,
		0.098041,
		0.0343,
		-1.061136,
		1,
	},
	[1.16666666667] = {
		0.067391,
		0.59378,
		0.8018,
		0,
		0.960983,
		-0.254714,
		0.107861,
		0,
		0.268276,
		0.763247,
		-0.587777,
		0,
		0.098025,
		0.032323,
		-1.061199,
		1,
	},
	[1.18333333333] = {
		0.067566,
		0.595212,
		0.800723,
		0,
		0.960918,
		-0.254771,
		0.1083,
		0,
		0.268462,
		0.762111,
		-0.589164,
		0,
		0.098008,
		0.030376,
		-1.061258,
		1,
	},
	[1.1] = {
		0.066653,
		0.587858,
		0.806213,
		0,
		0.961254,
		-0.254446,
		0.106061,
		0,
		0.267487,
		0.767906,
		-0.58204,
		0,
		0.098094,
		0.040345,
		-1.060918,
		1,
	},
	[1.21666666667] = {
		0.0679,
		0.597985,
		0.798626,
		0,
		0.960795,
		-0.254873,
		0.109153,
		0,
		0.26882,
		0.759903,
		-0.591847,
		0,
		0.097977,
		0.026602,
		-1.061363,
		1,
	},
	[1.23333333333] = {
		0.068059,
		0.599316,
		0.797614,
		0,
		0.960736,
		-0.254918,
		0.109564,
		0,
		0.26899,
		0.758839,
		-0.593133,
		0,
		0.097962,
		0.024787,
		-1.061408,
		1,
	},
	[1.25] = {
		0.068212,
		0.600603,
		0.796632,
		0,
		0.960679,
		-0.25496,
		0.109963,
		0,
		0.269153,
		0.757807,
		-0.594378,
		0,
		0.097948,
		0.02303,
		-1.061449,
		1,
	},
	[1.26666666667] = {
		0.068358,
		0.601841,
		0.795684,
		0,
		0.960625,
		-0.254998,
		0.110347,
		0,
		0.269309,
		0.756811,
		-0.595575,
		0,
		0.097934,
		0.021337,
		-1.061485,
		1,
	},
	[1.28333333333] = {
		0.068498,
		0.603026,
		0.794774,
		0,
		0.960573,
		-0.255032,
		0.110716,
		0,
		0.269458,
		0.755855,
		-0.59672,
		0,
		0.097921,
		0.019715,
		-1.061518,
		1,
	},
	[1.2] = {
		0.067735,
		0.596616,
		0.799663,
		0,
		0.960855,
		-0.254824,
		0.108731,
		0,
		0.268644,
		0.760995,
		-0.590522,
		0,
		0.097992,
		0.028467,
		-1.061313,
		1,
	},
	[1.31666666667] = {
		0.068753,
		0.605218,
		0.793085,
		0,
		0.960479,
		-0.255091,
		0.111401,
		0,
		0.269731,
		0.754081,
		-0.598837,
		0,
		0.097897,
		0.016712,
		-1.061572,
		1,
	},
	[1.33333333333] = {
		0.068869,
		0.606215,
		0.792313,
		0,
		0.960436,
		-0.255116,
		0.111713,
		0,
		0.269854,
		0.753271,
		-0.5998,
		0,
		0.097886,
		0.015344,
		-1.061593,
		1,
	},
	[1.35] = {
		0.068975,
		0.60714,
		0.791595,
		0,
		0.960396,
		-0.255138,
		0.112003,
		0,
		0.269968,
		0.752519,
		-0.600693,
		0,
		0.097876,
		0.014074,
		-1.061612,
		1,
	},
	[1.36666666667] = {
		0.069072,
		0.607987,
		0.790936,
		0,
		0.96036,
		-0.255157,
		0.11227,
		0,
		0.270072,
		0.751828,
		-0.601511,
		0,
		0.097867,
		0.012909,
		-1.061628,
		1,
	},
	[1.38333333333] = {
		0.06916,
		0.608753,
		0.790339,
		0,
		0.960327,
		-0.255174,
		0.112511,
		0,
		0.270165,
		0.751203,
		-0.60225,
		0,
		0.097858,
		0.011856,
		-1.061641,
		1,
	},
	[1.3] = {
		0.068629,
		0.604154,
		0.793906,
		0,
		0.960524,
		-0.255063,
		0.111068,
		0,
		0.269599,
		0.754944,
		-0.597809,
		0,
		0.097908,
		0.018171,
		-1.061547,
		1,
	},
	[1.41666666667] = {
		0.069304,
		0.61002,
		0.789349,
		0,
		0.960274,
		-0.255199,
		0.112911,
		0,
		0.270319,
		0.750165,
		-0.603472,
		0,
		0.097845,
		0.010111,
		-1.06166,
		1,
	},
	[1.43333333333] = {
		0.06936,
		0.610512,
		0.788964,
		0,
		0.960253,
		-0.255208,
		0.113066,
		0,
		0.270378,
		0.749762,
		-0.603947,
		0,
		0.09784,
		0.009434,
		-1.061667,
		1,
	},
	[1.45] = {
		0.069404,
		0.610902,
		0.788658,
		0,
		0.960237,
		-0.255215,
		0.11319,
		0,
		0.270425,
		0.749441,
		-0.604324,
		0,
		0.097836,
		0.008895,
		-1.061672,
		1,
	},
	[1.46666666667] = {
		0.069436,
		0.611188,
		0.788434,
		0,
		0.960225,
		-0.25522,
		0.11328,
		0,
		0.270459,
		0.749207,
		-0.604599,
		0,
		0.097833,
		0.008502,
		-1.061675,
		1,
	},
	[1.48333333333] = {
		0.069455,
		0.611362,
		0.788297,
		0,
		0.960217,
		-0.255223,
		0.113335,
		0,
		0.27048,
		0.749064,
		-0.604767,
		0,
		0.097831,
		0.008261,
		-1.061677,
		1,
	},
	[1.4] = {
		0.069237,
		0.609432,
		0.789809,
		0,
		0.960298,
		-0.255188,
		0.112725,
		0,
		0.270248,
		0.750647,
		-0.602905,
		0,
		0.097851,
		0.010921,
		-1.061651,
		1,
	},
	[1.51666666667] = {
		0.069462,
		0.611356,
		0.788301,
		0,
		0.960215,
		-0.255233,
		0.113333,
		0,
		0.270487,
		0.749065,
		-0.604762,
		0,
		0.09783,
		0.008268,
		-1.061677,
		1,
	},
	[1.53333333333] = {
		0.069462,
		0.611177,
		0.78844,
		0,
		0.960215,
		-0.255259,
		0.113275,
		0,
		0.270487,
		0.749203,
		-0.604592,
		0,
		0.09783,
		0.008509,
		-1.061675,
		1,
	},
	[1.55] = {
		0.069462,
		0.610913,
		0.788644,
		0,
		0.960215,
		-0.255297,
		0.113189,
		0,
		0.270487,
		0.749405,
		-0.604341,
		0,
		0.09783,
		0.008863,
		-1.061672,
		1,
	},
	[1.56666666667] = {
		0.069462,
		0.610593,
		0.788892,
		0,
		0.960215,
		-0.255342,
		0.113086,
		0,
		0.270487,
		0.74965,
		-0.604037,
		0,
		0.09783,
		0.009294,
		-1.061669,
		1,
	},
	[1.58333333333] = {
		0.069462,
		0.610245,
		0.789161,
		0,
		0.960215,
		-0.255392,
		0.112973,
		0,
		0.270487,
		0.749916,
		-0.603706,
		0,
		0.09783,
		0.009763,
		-1.061665,
		1,
	},
	[1.5] = {
		0.069462,
		0.611422,
		0.78825,
		0,
		0.960215,
		-0.255224,
		0.113354,
		0,
		0.270487,
		0.749015,
		-0.604824,
		0,
		0.09783,
		0.008179,
		-1.061678,
		1,
	},
	[1.61666666667] = {
		0.069462,
		0.609576,
		0.789678,
		0,
		0.960215,
		-0.255488,
		0.112757,
		0,
		0.270487,
		0.750428,
		-0.603071,
		0,
		0.09783,
		0.010663,
		-1.061656,
		1,
	},
	[1.63333333333] = {
		0.069462,
		0.609312,
		0.789882,
		0,
		0.960215,
		-0.255526,
		0.112671,
		0,
		0.270487,
		0.750629,
		-0.60282,
		0,
		0.09783,
		0.011017,
		-1.061652,
		1,
	},
	[1.65] = {
		0.069462,
		0.609133,
		0.79002,
		0,
		0.960215,
		-0.255551,
		0.112613,
		0,
		0.270487,
		0.750766,
		-0.602649,
		0,
		0.09783,
		0.011258,
		-1.06165,
		1,
	},
	[1.66666666667] = {
		0.069462,
		0.609067,
		0.790071,
		0,
		0.960215,
		-0.255561,
		0.112592,
		0,
		0.270487,
		0.750816,
		-0.602587,
		0,
		0.09783,
		0.011347,
		-1.061649,
		1,
	},
	[1.6] = {
		0.069462,
		0.609896,
		0.789431,
		0,
		0.960215,
		-0.255442,
		0.11286,
		0,
		0.270487,
		0.750183,
		-0.603375,
		0,
		0.09783,
		0.010232,
		-1.06166,
		1,
	},
}

return spline_matrices
