-- chunkname: @content/characters/player/ogryn/first_person/animations/2h_axe/attack_special_360.lua

local spline_matrices = {
	[0.0333333333333] = {
		0.284035,
		-0.921852,
		-0.263652,
		0,
		0.371516,
		0.35931,
		-0.85608,
		0,
		0.883912,
		0.145205,
		0.444539,
		0,
		-0.533132,
		0.892796,
		-0.6963,
		1,
	},
	[0.0666666666667] = {
		0.342292,
		-0.925442,
		-0.162463,
		0,
		0.50287,
		0.326494,
		-0.800327,
		0,
		0.793699,
		0.192247,
		0.577133,
		0,
		-0.478832,
		0.895604,
		-0.807502,
		1,
	},
	[0] = {
		0.252126,
		-0.920563,
		-0.298323,
		0,
		0.322512,
		0.370592,
		-0.871004,
		0,
		0.91237,
		0.12339,
		0.390328,
		0,
		-0.554329,
		0.891817,
		-0.645627,
		1,
	},
	[0.133333333333] = {
		0.321985,
		-0.938033,
		0.128141,
		0,
		0.852126,
		0.228158,
		-0.470982,
		0,
		0.41256,
		0.260842,
		0.872786,
		0,
		-0.326506,
		0.905216,
		-0.966657,
		1,
	},
	[0.166666666667] = {
		0.24271,
		-0.945486,
		0.217136,
		0,
		0.958515,
		0.199241,
		-0.203841,
		0,
		0.149466,
		0.257603,
		0.954621,
		0,
		-0.255962,
		0.910289,
		-0.948547,
		1,
	},
	[0.1] = {
		0.364698,
		-0.931013,
		-0.014512,
		0,
		0.681559,
		0.277536,
		-0.67709,
		0,
		0.634407,
		0.237043,
		0.735757,
		0,
		-0.405359,
		0.899987,
		-0.918026,
		1,
	},
	[0.233333333333] = {
		0.107162,
		-0.988039,
		0.110888,
		0,
		0.963848,
		0.130603,
		0.23225,
		0,
		-0.243954,
		0.081991,
		0.966315,
		0,
		-0.122943,
		0.922905,
		-0.849415,
		1,
	},
	[0.266666666667] = {
		0.009957,
		-0.999932,
		-0.00611,
		0,
		0.865904,
		0.005566,
		0.50018,
		0,
		-0.500112,
		-0.010271,
		0.8659,
		0,
		-0.06811,
		0.930337,
		-0.798729,
		1,
	},
	[0.2] = {
		0.183607,
		-0.960358,
		0.209765,
		0,
		0.982553,
		0.18573,
		-0.009706,
		0,
		-0.029638,
		0.207887,
		0.977704,
		0,
		-0.182261,
		0.915864,
		-0.901581,
		1,
	},
	[0.333333333333] = {
		-0.180977,
		-0.967677,
		-0.175636,
		0,
		0.466638,
		-0.241691,
		0.850784,
		0,
		-0.865734,
		0.072015,
		0.495296,
		0,
		-0.071641,
		0.942532,
		-0.72182,
		1,
	},
	[0.366666666667] = {
		-0.224605,
		-0.955584,
		-0.190819,
		0,
		0.308916,
		-0.255546,
		0.916115,
		0,
		-0.924188,
		0.146817,
		0.352592,
		0,
		-0.143976,
		0.945318,
		-0.69185,
		1,
	},
	[0.3] = {
		-0.093546,
		-0.989539,
		-0.109824,
		0,
		0.681787,
		-0.144054,
		0.717227,
		0,
		-0.725545,
		-0.007783,
		0.688131,
		0,
		-0.044081,
		0.937188,
		-0.755935,
		1,
	},
	[0.433333333333] = {
		-0.216742,
		-0.966222,
		-0.139418,
		0,
		0.151348,
		-0.174344,
		0.972984,
		0,
		-0.964425,
		0.189786,
		0.184024,
		0,
		-0.3631,
		0.910373,
		-0.638693,
		1,
	},
	[0.466666666667] = {
		-0.193705,
		-0.975629,
		-0.103086,
		0,
		0.103262,
		-0.124768,
		0.986798,
		0,
		-0.97561,
		0.180503,
		0.124914,
		0,
		-0.478177,
		0.873321,
		-0.612212,
		1,
	},
	[0.4] = {
		-0.228413,
		-0.958458,
		-0.170838,
		0,
		0.218999,
		-0.221563,
		0.950236,
		0,
		-0.948613,
		0.179633,
		0.26051,
		0,
		-0.246111,
		0.936355,
		-0.664609,
		1,
	},
	[0.533333333333] = {
		-0.126872,
		-0.991101,
		-0.04028,
		0,
		0.052026,
		-0.047201,
		0.99753,
		0,
		-0.990554,
		0.124463,
		0.057552,
		0,
		-0.643674,
		0.788281,
		-0.551049,
		1,
	},
	[0.566666666667] = {
		-0.08805,
		-0.99588,
		-0.021698,
		0,
		0.040748,
		-0.025365,
		0.998847,
		0,
		-0.995282,
		0.087065,
		0.042814,
		0,
		-0.667628,
		0.745747,
		-0.5194,
		1,
	},
	[0.5] = {
		-0.163161,
		-0.984238,
		-0.068223,
		0,
		0.071566,
		-0.080774,
		0.99416,
		0,
		-0.984,
		0.157326,
		0.083617,
		0,
		-0.576047,
		0.831413,
		-0.582846,
		1,
	},
	[0.633333333333] = {
		-0.019582,
		-0.99979,
		-0.00605,
		0,
		0.020849,
		-0.006458,
		0.999762,
		0,
		-0.999591,
		0.019451,
		0.020971,
		0,
		-0.569857,
		0.671298,
		-0.466383,
		1,
	},
	[0.666666666667] = {
		0.003558,
		-0.999993,
		-0.000741,
		0,
		0.001851,
		-0.000734,
		0.999998,
		0,
		-0.999992,
		-0.00356,
		0.001848,
		0,
		-0.464685,
		0.648021,
		-0.445107,
		1,
	},
	[0.6] = {
		-0.050262,
		-0.998666,
		-0.011859,
		0,
		0.034102,
		-0.013583,
		0.999326,
		0,
		-0.998154,
		0.049824,
		0.034739,
		0,
		-0.641878,
		0.705326,
		-0.489219,
		1,
	},
	[0.733333333333] = {
		-0.017375,
		-0.999708,
		-0.016793,
		0,
		0.056518,
		-0.017751,
		0.998244,
		0,
		-0.99825,
		0.016395,
		0.05681,
		0,
		-0.248275,
		0.742828,
		-0.366123,
		1,
	},
	[0.766666666667] = {
		-0.155836,
		-0.984191,
		-0.084159,
		0,
		0.079203,
		-0.097375,
		0.992091,
		0,
		-0.984602,
		0.147938,
		0.093125,
		0,
		-0.186502,
		0.781397,
		-0.319457,
		1,
	},
	[0.7] = {
		0.018695,
		-0.999823,
		0.001919,
		0,
		0.01435,
		0.002187,
		0.999895,
		0,
		-0.999722,
		-0.018666,
		0.014388,
		0,
		-0.349029,
		0.67553,
		-0.410998,
		1,
	},
	[0.833333333333] = {
		-0.879725,
		-0.469172,
		0.077207,
		0,
		0.117267,
		-0.056725,
		0.991479,
		0,
		-0.460794,
		0.881283,
		0.104921,
		0,
		0.104211,
		0.829307,
		-0.21803,
		1,
	},
	[0.866666666667] = {
		-0.928767,
		-0.369588,
		0.028218,
		0,
		0.060534,
		-0.076134,
		0.995258,
		0,
		-0.365687,
		0.926072,
		0.093083,
		0,
		0.132884,
		0.884109,
		-0.206887,
		1,
	},
	[0.8] = {
		-0.608584,
		-0.790465,
		-0.069205,
		0,
		0.106118,
		-0.167513,
		0.980142,
		0,
		-0.786361,
		0.589155,
		0.185828,
		0,
		-0.006016,
		0.779126,
		-0.261848,
		1,
	},
	[0.933333333333] = {
		-0.987982,
		-0.154459,
		0.005871,
		0,
		0.027756,
		-0.139919,
		0.989774,
		0,
		-0.152058,
		0.978041,
		0.142525,
		0,
		0.394043,
		1.045932,
		-0.205727,
		1,
	},
	[0.966666666667] = {
		-0.995351,
		-0.092882,
		0.025491,
		0,
		0.038048,
		-0.136033,
		0.989973,
		0,
		-0.088483,
		0.986341,
		0.138935,
		0,
		0.342785,
		1.101332,
		-0.194551,
		1,
	},
	[0.9] = {
		-0.969303,
		-0.245855,
		-0.002471,
		0,
		0.030368,
		-0.129689,
		0.99109,
		0,
		-0.243985,
		0.960592,
		0.133174,
		0,
		0.248711,
		0.971,
		-0.205296,
		1,
	},
	[1.03333333333] = {
		-0.997191,
		-0.043263,
		0.061137,
		0,
		0.066175,
		-0.126664,
		0.989736,
		0,
		-0.035075,
		0.991002,
		0.129171,
		0,
		0.327165,
		1.059271,
		-0.186861,
		1,
	},
	[1.06666666667] = {
		-0.997465,
		-0.024614,
		0.066765,
		0,
		0.06939,
		-0.128586,
		0.989268,
		0,
		-0.015765,
		0.991393,
		0.129968,
		0,
		0.324927,
		1.031408,
		-0.175236,
		1,
	},
	{
		-0.996352,
		-0.070145,
		0.048596,
		0,
		0.057527,
		-0.131506,
		0.989645,
		0,
		-0.063028,
		0.988831,
		0.135061,
		0,
		0.326171,
		1.082952,
		-0.192006,
		1,
	},
	[1.13333333333] = {
		-0.998497,
		-0.004629,
		0.054608,
		0,
		0.054729,
		-0.136471,
		0.989131,
		0,
		0.002874,
		0.990633,
		0.136519,
		0,
		0.334645,
		1.02941,
		-0.166266,
		1,
	},
	[1.16666666667] = {
		-0.999331,
		-0.001018,
		0.03655,
		0,
		0.036378,
		-0.128432,
		0.991051,
		0,
		0.003685,
		0.991718,
		0.128384,
		0,
		0.335025,
		1.030089,
		-0.185182,
		1,
	},
	[1.1] = {
		-0.997783,
		-0.021688,
		0.062919,
		0,
		0.06521,
		-0.129641,
		0.989414,
		0,
		-0.013302,
		0.991324,
		0.130768,
		0,
		0.340352,
		1.035033,
		-0.175132,
		1,
	},
	[1.23333333333] = {
		-0.991567,
		-0.020024,
		0.128035,
		0,
		0.129242,
		-0.080296,
		0.988357,
		0,
		-0.00951,
		0.99657,
		0.082207,
		0,
		0.240939,
		1.056521,
		-0.178119,
		1,
	},
	[1.26666666667] = {
		-0.995818,
		-0.017603,
		0.089646,
		0,
		0.090474,
		-0.0539,
		0.994439,
		0,
		-0.012673,
		0.998391,
		0.055268,
		0,
		0.272417,
		1.086848,
		-0.178565,
		1,
	},
	[1.2] = {
		-0.999759,
		0.01604,
		0.014967,
		0,
		0.012879,
		-0.123199,
		0.992298,
		0,
		0.01776,
		0.992252,
		0.122962,
		0,
		0.336169,
		1.050116,
		-0.186996,
		1,
	},
	[1.33333333333] = {
		-0.990229,
		-0.072967,
		0.118837,
		0,
		0.126303,
		-0.108072,
		0.986087,
		0,
		-0.059109,
		0.991462,
		0.116232,
		0,
		0.120593,
		1.089612,
		-0.235039,
		1,
	},
	[1.36666666667] = {
		-0.966642,
		-0.039093,
		0.253128,
		0,
		0.255871,
		-0.103029,
		0.961205,
		0,
		-0.011497,
		0.99391,
		0.109595,
		0,
		0.143239,
		1.067888,
		-0.266052,
		1,
	},
	[1.3] = {
		-0.999007,
		-0.029584,
		0.033317,
		0,
		0.035598,
		-0.080226,
		0.996141,
		0,
		-0.026797,
		0.996338,
		0.0812,
		0,
		0.240989,
		1.095995,
		-0.202883,
		1,
	},
	[1.43333333333] = {
		-0.916607,
		0.124194,
		0.38001,
		0,
		0.364207,
		-0.132606,
		0.921829,
		0,
		0.164878,
		0.983357,
		0.076315,
		0,
		0.37616,
		1.018069,
		-0.317782,
		1,
	},
	[1.46666666667] = {
		-0.86137,
		0.285559,
		0.420117,
		0,
		0.384561,
		-0.173784,
		0.906594,
		0,
		0.331895,
		0.942473,
		0.039878,
		0,
		0.490171,
		0.987135,
		-0.342447,
		1,
	},
	[1.4] = {
		-0.945717,
		-0.003718,
		0.324969,
		0,
		0.323739,
		-0.098439,
		0.941011,
		0,
		0.028491,
		0.995136,
		0.094299,
		0,
		0.253721,
		1.043544,
		-0.293693,
		1,
	},
	[1.53333333333] = {
		-0.741368,
		0.499667,
		0.448004,
		0,
		0.39934,
		-0.208054,
		0.892884,
		0,
		0.539353,
		0.840861,
		-0.045292,
		0,
		0.612404,
		0.906045,
		-0.40882,
		1,
	},
	[1.56666666667] = {
		-0.717794,
		0.526303,
		0.455825,
		0,
		0.41915,
		-0.196117,
		0.886483,
		0,
		0.555954,
		0.827371,
		-0.079828,
		0,
		0.622736,
		0.852685,
		-0.454268,
		1,
	},
	[1.5] = {
		-0.791428,
		0.425494,
		0.438857,
		0,
		0.389886,
		-0.201557,
		0.898534,
		0,
		0.470776,
		0.88223,
		-0.006377,
		0,
		0.575515,
		0.949139,
		-0.371635,
		1,
	},
	[1.63333333333] = {
		-0.685677,
		0.565516,
		0.458299,
		0,
		0.466315,
		-0.142185,
		0.873118,
		0,
		0.558925,
		0.812388,
		-0.166215,
		0,
		0.658209,
		0.714088,
		-0.558766,
		1,
	},
	[1.66666666667] = {
		-0.675154,
		0.579356,
		0.456634,
		0,
		0.491054,
		-0.108959,
		0.864288,
		0,
		0.550485,
		0.807759,
		-0.210931,
		0,
		0.677252,
		0.643983,
		-0.613526,
		1,
	},
	[1.6] = {
		-0.699557,
		0.54804,
		0.458554,
		0,
		0.441829,
		-0.172611,
		0.880337,
		0,
		0.561611,
		0.818448,
		-0.121389,
		0,
		0.639063,
		0.786184,
		-0.504952,
		1,
	},
	[1.73333333333] = {
		-0.660228,
		0.598363,
		0.453938,
		0,
		0.535061,
		-0.049425,
		0.843366,
		0,
		0.527075,
		0.799699,
		-0.287529,
		0,
		0.705366,
		0.54048,
		-0.717023,
		1,
	},
	[1.76666666667] = {
		-0.653842,
		0.604512,
		0.455033,
		0,
		0.551759,
		-0.030571,
		0.833443,
		0,
		0.517738,
		0.796009,
		-0.313557,
		0,
		0.710528,
		0.522547,
		-0.76131,
		1,
	},
	[1.7] = {
		-0.666999,
		0.590132,
		0.454815,
		0,
		0.514442,
		-0.076791,
		0.85408,
		0,
		0.538946,
		0.803646,
		-0.252369,
		0,
		0.693671,
		0.583538,
		-0.667019,
		1,
	},
	[1.83333333333] = {
		-0.660205,
		0.586079,
		0.469725,
		0,
		0.5782,
		-0.002582,
		0.815891,
		0,
		0.479389,
		0.81025,
		-0.337166,
		0,
		0.665465,
		0.540125,
		-0.85703,
		1,
	},
	[1.86666666667] = {
		-0.673355,
		0.559616,
		0.483138,
		0,
		0.5892,
		0.011455,
		0.807906,
		0,
		0.446583,
		0.828673,
		-0.337439,
		0,
		0.616183,
		0.563193,
		-0.911549,
		1,
	},
	[1.8] = {
		-0.652776,
		0.601968,
		0.459911,
		0,
		0.565435,
		-0.016861,
		0.82462,
		0,
		0.504149,
		0.798342,
		-0.329368,
		0,
		0.699115,
		0.525936,
		-0.805804,
		1,
	},
	[1.93333333333] = {
		-0.709954,
		0.481297,
		0.514119,
		0,
		0.603079,
		0.038507,
		0.796752,
		0,
		0.363677,
		0.875712,
		-0.317598,
		0,
		0.495359,
		0.632646,
		-1.01676,
		1,
	},
	[1.96666666667] = {
		-0.728772,
		0.433175,
		0.530332,
		0,
		0.607452,
		0.051498,
		0.792685,
		0,
		0.31606,
		0.899838,
		-0.300663,
		0,
		0.433439,
		0.676643,
		-1.063111,
		1,
	},
	[1.9] = {
		-0.69073,
		0.524106,
		0.498202,
		0,
		0.597268,
		0.025126,
		0.801648,
		0,
		0.407631,
		0.851282,
		-0.330387,
		0,
		0.557869,
		0.594409,
		-0.965517,
		1,
	},
	[2.03333333333] = {
		-0.757501,
		0.330359,
		0.563076,
		0,
		0.615872,
		0.075519,
		0.784219,
		0,
		0.216551,
		0.940829,
		-0.260665,
		0,
		0.330277,
		0.776322,
		-1.132504,
		1,
	},
	[2.06666666667] = {
		-0.76448,
		0.280977,
		0.580192,
		0,
		0.622199,
		0.086161,
		0.778103,
		0,
		0.168639,
		0.955839,
		-0.240692,
		0,
		0.298378,
		0.828997,
		-1.151261,
		1,
	},
	{
		-0.745174,
		0.382013,
		0.546608,
		0,
		0.611352,
		0.063907,
		0.788774,
		0,
		0.26639,
		0.921945,
		-0.281167,
		0,
		0.376849,
		0.725025,
		-1.102409,
		1,
	},
	[2.13333333333] = {
		-0.755305,
		0.198613,
		0.624554,
		0,
		0.649823,
		0.103187,
		0.753049,
		0,
		0.08512,
		0.974631,
		-0.207001,
		0,
		0.283994,
		0.958361,
		-1.144816,
		1,
	},
	[2.16666666667] = {
		-0.730372,
		0.163355,
		0.663228,
		0,
		0.681464,
		0.108138,
		0.723819,
		0,
		0.046519,
		0.980623,
		-0.190301,
		0,
		0.281288,
		1.066764,
		-1.117241,
		1,
	},
	[2.1] = {
		-0.765212,
		0.236757,
		0.598663,
		0,
		0.631559,
		0.095748,
		0.769393,
		0,
		0.124838,
		0.966839,
		-0.222793,
		0,
		0.285781,
		0.881481,
		-1.156579,
		1,
	},
	[2.23333333333] = {
		-0.629584,
		0.089432,
		0.771768,
		0,
		0.776162,
		0.116603,
		0.619658,
		0,
		-0.034573,
		0.989144,
		-0.142826,
		0,
		0.272191,
		1.265368,
		-1.036169,
		1,
	},
	[2.26666666667] = {
		-0.549343,
		0.04544,
		0.834361,
		0,
		0.831919,
		0.123325,
		0.541019,
		0,
		-0.078314,
		0.991325,
		-0.10555,
		0,
		0.265785,
		1.298568,
		-0.993729,
		1,
	},
	[2.2] = {
		-0.689113,
		0.127901,
		0.713277,
		0,
		0.72462,
		0.112031,
		0.679982,
		0,
		0.007062,
		0.985439,
		-0.169882,
		0,
		0.277411,
		1.178592,
		-1.079182,
		1,
	},
	[2.33333333333] = {
		-0.318185,
		-0.068464,
		0.945553,
		0,
		0.934082,
		0.14781,
		0.325028,
		0,
		-0.162015,
		0.986643,
		0.01692,
		0,
		0.250648,
		1.24455,
		-0.923311,
		1,
	},
	[2.36666666667] = {
		-0.167172,
		-0.139189,
		0.976053,
		0,
		0.966787,
		0.17098,
		0.189968,
		0,
		-0.193327,
		0.975393,
		0.105983,
		0,
		0.229589,
		1.224677,
		-0.892125,
		1,
	},
	[2.3] = {
		-0.446025,
		-0.006423,
		0.894997,
		0,
		0.886636,
		0.133381,
		0.442816,
		0,
		-0.12222,
		0.991044,
		-0.053796,
		0,
		0.258589,
		1.276007,
		-0.955772,
		1,
	},
	[2.43333333333] = {
		0.174011,
		-0.289798,
		0.941136,
		0,
		0.964133,
		0.244646,
		-0.102931,
		0,
		-0.200416,
		0.925292,
		0.321975,
		0,
		0.124463,
		1.187173,
		-0.821803,
		1,
	},
	[2.46666666667] = {
		0.340796,
		-0.36196,
		0.867665,
		0,
		0.92648,
		0.286044,
		-0.244569,
		0,
		-0.159666,
		0.887223,
		0.432831,
		0,
		0.048849,
		1.164253,
		-0.789242,
		1,
	},
	[2.4] = {
		0.000414,
		-0.213827,
		0.976872,
		0,
		0.977848,
		0.20456,
		0.044362,
		0,
		-0.209315,
		0.955214,
		0.209175,
		0,
		0.186056,
		1.205977,
		-0.857901,
		1,
	},
	[2.53333333333] = {
		0.601029,
		-0.495298,
		0.627251,
		0,
		0.798923,
		0.350696,
		-0.488604,
		0,
		0.02203,
		0.794791,
		0.606484,
		0,
		-0.12772,
		1.103015,
		-0.738059,
		1,
	},
	[2.56666666667] = {
		0.674299,
		-0.562378,
		0.478593,
		0,
		0.722703,
		0.369399,
		-0.584161,
		0,
		0.151728,
		0.73978,
		0.655518,
		0,
		-0.219864,
		1.068162,
		-0.713241,
		1,
	},
	[2.5] = {
		0.487192,
		-0.429224,
		0.760533,
		0,
		0.869197,
		0.322596,
		-0.374737,
		0,
		-0.084499,
		0.843622,
		0.530246,
		0,
		-0.03669,
		1.135556,
		-0.762433,
		1,
	},
	[2.63333333333] = {
		0.695405,
		-0.695613,
		0.180374,
		0,
		0.573,
		0.385261,
		-0.723357,
		0,
		0.433686,
		0.606381,
		0.666498,
		0,
		-0.39023,
		0.992097,
		-0.653393,
		1,
	},
	[2.66666666667] = {
		0.654934,
		-0.754066,
		0.04945,
		0,
		0.503922,
		0.387038,
		-0.772181,
		0,
		0.563137,
		0.530647,
		0.633475,
		0,
		-0.460387,
		0.954549,
		-0.619049,
		1,
	},
	[2.6] = {
		0.704618,
		-0.630113,
		0.326298,
		0,
		0.646247,
		0.379941,
		-0.661823,
		0,
		0.293049,
		0.677202,
		0.674922,
		0,
		-0.308786,
		1.030592,
		-0.685593,
		1,
	},
	[2.73333333333] = {
		0.524121,
		-0.839386,
		-0.143973,
		0,
		0.376005,
		0.379756,
		-0.845225,
		0,
		0.764145,
		0.388866,
		0.514652,
		0,
		-0.55157,
		0.883582,
		-0.563778,
		1,
	},
	[2.76666666667] = {
		0.454779,
		-0.866427,
		-0.206107,
		0,
		0.316475,
		0.373538,
		-0.871959,
		0,
		0.832478,
		0.331322,
		0.444079,
		0,
		-0.564449,
		0.853707,
		-0.549182,
		1,
	},
	[2.7] = {
		0.594113,
		-0.802191,
		-0.059325,
		0,
		0.438463,
		0.384797,
		-0.812208,
		0,
		0.674373,
		0.456532,
		0.580344,
		0,
		-0.515523,
		0.917843,
		-0.588062,
		1,
	},
	[2.83333333333] = {
		0.346565,
		-0.896335,
		-0.276544,
		0,
		0.200052,
		0.358658,
		-0.91178,
		0,
		0.916445,
		0.260668,
		0.303612,
		0,
		-0.564208,
		0.815557,
		-0.585087,
		1,
	},
	[2.86666666667] = {
		0.310682,
		-0.904229,
		-0.292994,
		0,
		0.162761,
		0.354305,
		-0.920857,
		0,
		0.936475,
		0.238406,
		0.25725,
		0,
		-0.563966,
		0.811104,
		-0.624507,
		1,
	},
	[2.8] = {
		0.394422,
		-0.884597,
		-0.248835,
		0,
		0.256217,
		0.365914,
		-0.894684,
		0,
		0.882487,
		0.289127,
		0.370974,
		0,
		-0.564356,
		0.830303,
		-0.555813,
		1,
	},
	[2.93333333333] = {
		0.265699,
		-0.918205,
		-0.293776,
		0,
		0.186516,
		0.347931,
		-0.918779,
		0,
		0.945841,
		0.189325,
		0.263705,
		0,
		-0.562713,
		0.817011,
		-0.674757,
		1,
	},
	[2.96666666667] = {
		0.247849,
		-0.932784,
		-0.261698,
		0,
		0.220353,
		0.317324,
		-0.922361,
		0,
		0.943406,
		0.17094,
		0.28419,
		0,
		-0.56169,
		0.822249,
		-0.674915,
		1,
	},
	[2.9] = {
		0.285312,
		-0.909461,
		-0.302453,
		0,
		0.159523,
		0.35623,
		-0.920681,
		0,
		0.945066,
		0.214433,
		0.246717,
		0,
		-0.563497,
		0.813211,
		-0.659504,
		1,
	},
	[3.03333333333] = {
		0.222902,
		-0.957849,
		-0.181219,
		0,
		0.266161,
		0.238631,
		-0.933924,
		0,
		0.937802,
		0.15994,
		0.308134,
		0,
		-0.559318,
		0.836409,
		-0.671656,
		1,
	},
	[3.06666666667] = {
		0.218022,
		-0.962062,
		-0.164021,
		0,
		0.279236,
		0.22253,
		-0.934081,
		0,
		0.935144,
		0.157849,
		0.317159,
		0,
		-0.558094,
		0.84465,
		-0.668708,
		1,
	},
	{
		0.23326,
		-0.947383,
		-0.219217,
		0,
		0.247634,
		0.275876,
		-0.928746,
		0,
		0.940355,
		0.162353,
		0.298955,
		0,
		-0.560538,
		0.828829,
		-0.673802,
		1,
	},
	[3.13333333333] = {
		0.220927,
		-0.960175,
		-0.171041,
		0,
		0.298226,
		0.233483,
		-0.925498,
		0,
		0.928576,
		0.153458,
		0.337932,
		0,
		-0.555904,
		0.861742,
		-0.661317,
		1,
	},
	[3.16666666667] = {
		0.224979,
		-0.957407,
		-0.180989,
		0,
		0.307511,
		0.246025,
		-0.919189,
		0,
		0.924566,
		0.151142,
		0.349764,
		0,
		-0.555078,
		0.869897,
		-0.657312,
		1,
	},
	[3.1] = {
		0.218455,
		-0.961798,
		-0.164993,
		0,
		0.288609,
		0.225192,
		-0.930588,
		0,
		0.932192,
		0.155673,
		0.326778,
		0,
		-0.556933,
		0.85321,
		-0.665187,
		1,
	},
	[3.23333333333] = {
		0.235976,
		-0.949265,
		-0.207874,
		0,
		0.322837,
		0.278347,
		-0.904599,
		0,
		0.916565,
		0.146354,
		0.372141,
		0,
		-0.554329,
		0.883669,
		-0.649746,
		1,
	},
	[3.26666666667] = {
		0.241861,
		-0.944497,
		-0.222324,
		0,
		0.327968,
		0.295216,
		-0.897376,
		0,
		0.913203,
		0.144125,
		0.381166,
		0,
		-0.554329,
		0.888581,
		-0.646775,
		1,
	},
	[3.2] = {
		0.230149,
		-0.953692,
		-0.193657,
		0,
		0.315896,
		0.261437,
		-0.912064,
		0,
		0.920457,
		0.148735,
		0.361437,
		0,
		-0.554529,
		0.877325,
		-0.653386,
		1,
	},
	[3.33333333333] = {
		0.251559,
		-0.935902,
		-0.24659,
		0,
		0.331568,
		0.322701,
		-0.886525,
		0,
		0.909275,
		0.141252,
		0.391494,
		0,
		-0.554329,
		0.892606,
		-0.644536,
		1,
	},
	[3.36666666667] = {
		0.254195,
		-0.932399,
		-0.256938,
		0,
		0.330357,
		0.333392,
		-0.883014,
		0,
		0.908983,
		0.139576,
		0.392771,
		0,
		-0.554329,
		0.89233,
		-0.644918,
		1,
	},
	[3.3] = {
		0.247202,
		-0.939875,
		-0.235638,
		0,
		0.331004,
		0.310467,
		-0.891093,
		0,
		0.910674,
		0.142283,
		0.387851,
		0,
		-0.554329,
		0.891691,
		-0.644932,
		1,
	},
	[3.43333333333] = {
		0.254664,
		-0.925752,
		-0.279518,
		0,
		0.326472,
		0.354383,
		-0.876259,
		0,
		0.910254,
		0.131897,
		0.39248,
		0,
		-0.554329,
		0.891977,
		-0.645406,
		1,
	},
	[3.46666666667] = {
		0.253655,
		-0.923082,
		-0.289099,
		0,
		0.324525,
		0.362763,
		-0.873549,
		0,
		0.911232,
		0.12776,
		0.391579,
		0,
		-0.554329,
		0.891883,
		-0.645536,
		1,
	},
	[3.4] = {
		0.255039,
		-0.928945,
		-0.268358,
		0,
		0.328539,
		0.344276,
		-0.879509,
		0,
		0.909405,
		0.136143,
		0.392999,
		0,
		-0.554329,
		0.892123,
		-0.645204,
		1,
	},
	[3.53333333333] = {
		0.252126,
		-0.920563,
		-0.298323,
		0,
		0.322512,
		0.370592,
		-0.871004,
		0,
		0.91237,
		0.12339,
		0.390328,
		0,
		-0.554329,
		0.891817,
		-0.645627,
		1,
	},
	[3.5] = {
		0.252608,
		-0.921245,
		-0.2958,
		0,
		0.323078,
		0.368478,
		-0.871691,
		0,
		0.912036,
		0.12463,
		0.390714,
		0,
		-0.554329,
		0.891832,
		-0.645606,
		1,
	},
}

return spline_matrices
