-- chunkname: @content/characters/player/ogryn/first_person/animations/2h_axe/attack_up_right.lua

local spline_matrices = {
	[0.0166666666667] = {
		0.502659,
		-0.548063,
		0.668551,
		0,
		-0.559631,
		0.383142,
		0.734857,
		0,
		-0.658898,
		-0.743525,
		-0.114123,
		0,
		-0.447123,
		-0.102364,
		-1.12074,
		1,
	},
	[0.0333333333333] = {
		0.542403,
		-0.479326,
		0.689961,
		0,
		-0.616744,
		0.330477,
		0.714431,
		0,
		-0.570461,
		-0.813039,
		-0.11637,
		0,
		-0.477753,
		-0.006623,
		-1.128474,
		1,
	},
	[0.05] = {
		0.594716,
		-0.376887,
		0.710119,
		0,
		-0.67899,
		0.237469,
		0.69468,
		0,
		-0.430447,
		-0.895301,
		-0.114676,
		0,
		-0.521256,
		0.136283,
		-1.139676,
		1,
	},
	[0.0666666666667] = {
		0.647664,
		-0.253385,
		0.718559,
		0,
		-0.718673,
		0.110074,
		0.686581,
		0,
		-0.253064,
		-0.961083,
		-0.11081,
		0,
		-0.571492,
		0.312716,
		-1.153012,
		1,
	},
	[0.0833333333333] = {
		0.691615,
		-0.125283,
		0.711318,
		0,
		-0.719331,
		-0.030776,
		0.693985,
		0,
		-0.065053,
		-0.991644,
		-0.111405,
		0,
		-0.622291,
		0.50907,
		-1.167106,
		1,
	},
	[0] = {
		0.487115,
		-0.573219,
		0.658892,
		0,
		-0.535523,
		0.399919,
		0.743828,
		0,
		-0.68988,
		-0.715181,
		-0.112165,
		0,
		-0.43553,
		-0.137304,
		-1.11784,
		1,
	},
	[0.116666666667] = {
		0.73963,
		0.07044,
		0.669317,
		0,
		-0.63799,
		-0.243256,
		0.730613,
		0,
		0.21428,
		-0.967401,
		-0.134979,
		0,
		-0.70048,
		0.90738,
		-1.191502,
		1,
	},
	[0.133333333333] = {
		0.74938,
		0.102924,
		0.654092,
		0,
		-0.610645,
		-0.274522,
		0.742799,
		0,
		0.256014,
		-0.956057,
		-0.142871,
		0,
		-0.715041,
		1.082425,
		-1.198392,
		1,
	},
	[0.15] = {
		0.755869,
		0.105238,
		0.646209,
		0,
		-0.603164,
		-0.271984,
		0.749812,
		0,
		0.254667,
		-0.95653,
		-0.142108,
		0,
		-0.715447,
		1.223516,
		-1.195175,
		1,
	},
	[0.166666666667] = {
		0.761306,
		0.106142,
		0.639646,
		0,
		-0.598077,
		-0.26607,
		0.755983,
		0,
		0.250432,
		-0.958092,
		-0.139079,
		0,
		-0.710445,
		1.317183,
		-1.177981,
		1,
	},
	[0.183333333333] = {
		0.765932,
		0.104236,
		0.634416,
		0,
		-0.595484,
		-0.256993,
		0.761153,
		0,
		0.24238,
		-0.960775,
		-0.134768,
		0,
		-0.699976,
		1.349945,
		-1.147965,
		1,
	},
	[0.1] = {
		0.721897,
		-0.011228,
		0.69191,
		0,
		-0.684677,
		-0.156671,
		0.711808,
		0,
		0.10041,
		-0.987587,
		-0.120788,
		0,
		-0.667405,
		0.711788,
		-1.180477,
		1,
	},
	[0.216666666667] = {
		0.773512,
		0.086372,
		0.627868,
		0,
		-0.5977,
		-0.230076,
		0.767997,
		0,
		0.210791,
		-0.969332,
		-0.126342,
		0,
		-0.664702,
		1.343536,
		-1.057203,
		1,
	},
	[0.233333333333] = {
		0.776626,
		0.067582,
		0.626326,
		0,
		-0.602153,
		-0.212498,
		0.769582,
		0,
		0.185103,
		-0.974822,
		-0.124337,
		0,
		-0.640977,
		1.338311,
		-1.000391,
		1,
	},
	[0.25] = {
		0.779125,
		0.040315,
		0.62557,
		0,
		-0.608329,
		-0.192275,
		0.770043,
		0,
		0.151326,
		-0.980513,
		-0.125281,
		0,
		-0.613653,
		1.331227,
		-0.938224,
		1,
	},
	[0.266666666667] = {
		0.780567,
		0.003146,
		0.625065,
		0,
		-0.615614,
		-0.169435,
		0.769618,
		0,
		0.10833,
		-0.985536,
		-0.130319,
		0,
		-0.583077,
		1.321843,
		-0.872404,
		1,
	},
	[0.283333333333] = {
		0.780132,
		-0.045239,
		0.623977,
		0,
		-0.6232,
		-0.143749,
		0.768738,
		0,
		0.054919,
		-0.98858,
		-0.140336,
		0,
		-0.54563,
		1.309601,
		-0.804971,
		1,
	},
	[0.2] = {
		0.769954,
		0.098116,
		0.630511,
		0,
		-0.595394,
		-0.244943,
		0.765186,
		0,
		0.229517,
		-0.96456,
		-0.130177,
		0,
		-0.684482,
		1.347298,
		-1.10696,
		1,
	},
	[0.316666666667] = {
		0.767823,
		-0.180098,
		0.614827,
		0,
		-0.634785,
		-0.084173,
		0.768091,
		0,
		-0.086579,
		-0.980041,
		-0.178953,
		0,
		-0.441346,
		1.274405,
		-0.672586,
		1,
	},
	[0.333333333333] = {
		0.751534,
		-0.267961,
		0.602821,
		0,
		-0.635986,
		-0.05152,
		0.769979,
		0,
		-0.175267,
		-0.962051,
		-0.209139,
		0,
		-0.376384,
		1.25039,
		-0.61076,
		1,
	},
	[0.35] = {
		0.614046,
		-0.522719,
		0.591364,
		0,
		-0.689515,
		0.009333,
		0.724211,
		0,
		-0.384078,
		-0.852454,
		-0.354692,
		0,
		-0.303989,
		1.206989,
		-0.543754,
		1,
	},
	[0.366666666667] = {
		0.271802,
		-0.87944,
		0.39078,
		0,
		-0.760397,
		0.052628,
		0.647323,
		0,
		-0.589847,
		-0.473091,
		-0.654419,
		0,
		-0.207512,
		1.139148,
		-0.464034,
		1,
	},
	[0.383333333333] = {
		-0.043923,
		-0.993974,
		-0.100428,
		0,
		-0.816689,
		-0.022174,
		0.576651,
		0,
		-0.575404,
		0.107347,
		-0.810794,
		0,
		-0.086893,
		1.063988,
		-0.366221,
		1,
	},
	[0.3] = {
		0.776511,
		-0.106006,
		0.621122,
		0,
		-0.630026,
		-0.115175,
		0.767986,
		0,
		-0.009873,
		-0.987673,
		-0.156221,
		0,
		-0.498075,
		1.293958,
		-0.737848,
		1,
	},
	[0.416666666667] = {
		-0.264002,
		-0.608087,
		-0.748688,
		0,
		-0.880768,
		-0.164393,
		0.444097,
		0,
		-0.393129,
		0.776663,
		-0.492183,
		0,
		0.101203,
		0.919682,
		-0.169343,
		1,
	},
	[0.433333333333] = {
		-0.325879,
		-0.41471,
		-0.849599,
		0,
		-0.90215,
		-0.132325,
		0.410627,
		0,
		-0.282714,
		0.900281,
		-0.331009,
		0,
		0.171,
		0.850169,
		-0.059917,
		1,
	},
	[0.45] = {
		-0.380695,
		-0.186093,
		-0.905782,
		0,
		-0.909277,
		-0.102824,
		0.403289,
		0,
		-0.168186,
		0.977137,
		-0.130065,
		0,
		0.239733,
		0.765096,
		0.059201,
		1,
	},
	[0.466666666667] = {
		-0.431867,
		0.096357,
		-0.896775,
		0,
		-0.900581,
		-0.100576,
		0.422893,
		0,
		-0.049445,
		0.990252,
		0.130213,
		0,
		0.29223,
		0.596603,
		0.174401,
		1,
	},
	[0.483333333333] = {
		-0.450597,
		0.197364,
		-0.870638,
		0,
		-0.892719,
		-0.103844,
		0.438485,
		0,
		-0.003869,
		0.974815,
		0.222982,
		0,
		0.348076,
		0.456107,
		0.220777,
		1,
	},
	[0.4] = {
		-0.184682,
		-0.819454,
		-0.542575,
		0,
		-0.856724,
		-0.136284,
		0.497444,
		0,
		-0.481577,
		0.556706,
		-0.676877,
		0,
		0.02162,
		0.988803,
		-0.26636,
		1,
	},
	[0.516666666667] = {
		-0.467796,
		0.355349,
		-0.809255,
		0,
		-0.882031,
		-0.1292,
		0.453132,
		0,
		0.056464,
		0.925762,
		0.373868,
		0,
		0.433288,
		0.209034,
		0.279537,
		1,
	},
	[0.533333333333] = {
		-0.454597,
		0.457156,
		-0.764428,
		0,
		-0.885562,
		-0.139953,
		0.442936,
		0,
		0.095507,
		0.878306,
		0.468462,
		0,
		0.438902,
		0.112598,
		0.300793,
		1,
	},
	[0.55] = {
		-0.429486,
		0.55938,
		-0.708968,
		0,
		-0.893399,
		-0.148572,
		0.423988,
		0,
		0.131837,
		0.815488,
		0.563559,
		0,
		0.438634,
		0.036533,
		0.315213,
		1,
	},
	[0.566666666667] = {
		-0.410287,
		0.640132,
		-0.649534,
		0,
		-0.897322,
		-0.156286,
		0.412782,
		0,
		0.162722,
		0.7522,
		0.638527,
		0,
		0.444801,
		0.005345,
		0.320542,
		1,
	},
	[0.583333333333] = {
		-0.399012,
		0.706113,
		-0.584973,
		0,
		-0.895952,
		-0.164501,
		0.412564,
		0,
		0.195088,
		0.688726,
		0.698282,
		0,
		0.471763,
		0.009016,
		0.299337,
		1,
	},
	[0.5] = {
		-0.463327,
		0.274001,
		-0.842764,
		0,
		-0.885814,
		-0.115597,
		0.449412,
		0,
		0.025719,
		0.954757,
		0.296273,
		0,
		0.402149,
		0.322244,
		0.253908,
		1,
	},
	[0.616666666667] = {
		-0.358709,
		0.827143,
		-0.432622,
		0,
		-0.893342,
		-0.169806,
		0.416059,
		0,
		0.270678,
		0.535724,
		0.799833,
		0,
		0.579132,
		0.033962,
		0.169675,
		1,
	},
	[0.633333333333] = {
		-0.329859,
		0.872415,
		-0.360672,
		0,
		-0.893056,
		-0.164531,
		0.418784,
		0,
		0.306012,
		0.46024,
		0.833388,
		0,
		0.641305,
		0.049827,
		0.088027,
		1,
	},
	[0.65] = {
		-0.335354,
		0.897767,
		-0.285573,
		0,
		-0.885263,
		-0.19661,
		0.42149,
		0,
		0.322254,
		0.394155,
		0.860694,
		0,
		0.695357,
		0.064064,
		0.006682,
		1,
	},
	[0.666666666667] = {
		-0.407681,
		0.891347,
		-0.198234,
		0,
		-0.859557,
		-0.301349,
		0.412735,
		0,
		0.308153,
		0.338658,
		0.889018,
		0,
		0.730856,
		0.073757,
		-0.066117,
		1,
	},
	[0.683333333333] = {
		-0.535944,
		0.83761,
		-0.105704,
		0,
		-0.799627,
		-0.463452,
		0.381848,
		0,
		0.270851,
		0.289173,
		0.91816,
		0,
		0.739146,
		0.076418,
		-0.115163,
		1,
	},
	[0.6] = {
		-0.38235,
		0.770445,
		-0.51012,
		0,
		-0.89434,
		-0.169771,
		0.413925,
		0,
		0.232303,
		0.614485,
		0.753952,
		0,
		0.519579,
		0.019456,
		0.24458,
		1,
	},
	[0.716666666667] = {
		-0.827563,
		0.547872,
		0.122376,
		0,
		-0.516009,
		-0.828243,
		0.218514,
		0,
		0.221075,
		0.117687,
		0.96813,
		0,
		0.719234,
		0.072376,
		-0.19297,
		1,
	},
	[0.733333333333] = {
		-0.917057,
		0.311541,
		0.248895,
		0,
		-0.303762,
		-0.950165,
		0.070104,
		0,
		0.258332,
		-0.011316,
		0.96599,
		0,
		0.707321,
		0.069907,
		-0.23942,
		1,
	},
	[0.75] = {
		-0.931986,
		0.034907,
		0.360809,
		0,
		-0.081933,
		-0.989879,
		-0.115869,
		0,
		0.353113,
		-0.137551,
		0.925414,
		0,
		0.694707,
		0.067225,
		-0.288532,
		1,
	},
	[0.766666666667] = {
		-0.861804,
		-0.249899,
		0.441412,
		0,
		0.109185,
		-0.941212,
		-0.319684,
		0,
		0.495351,
		-0.22731,
		0.838426,
		0,
		0.681849,
		0.064404,
		-0.338529,
		1,
	},
	[0.783333333333] = {
		-0.71529,
		-0.507428,
		0.480497,
		0,
		0.237363,
		-0.82311,
		-0.515896,
		0,
		0.657282,
		-0.254963,
		0.709207,
		0,
		0.669202,
		0.061529,
		-0.387634,
		1,
	},
	[0.7] = {
		-0.689473,
		0.724311,
		-0.000697,
		0,
		-0.686083,
		-0.652774,
		0.32121,
		0,
		0.232201,
		0.221944,
		0.947008,
		0,
		0.729994,
		0.074565,
		-0.150958,
		1,
	},
	[0.816666666667] = {
		-0.303358,
		-0.8445,
		0.441355,
		0,
		0.279968,
		-0.521731,
		-0.805863,
		0,
		0.910819,
		-0.1209,
		0.394704,
		0,
		0.646369,
		0.056032,
		-0.476072,
		1,
	},
	[0.833333333333] = {
		-0.104593,
		-0.916051,
		0.387183,
		0,
		0.230479,
		-0.401046,
		-0.88659,
		0,
		0.96744,
		-0.003493,
		0.253077,
		0,
		0.637097,
		0.053648,
		-0.511857,
		1,
	},
	[0.85] = {
		0.053542,
		-0.941737,
		0.332062,
		0,
		0.170933,
		-0.318987,
		-0.932217,
		0,
		0.983827,
		0.106673,
		0.143895,
		0,
		0.629868,
		0.05169,
		-0.539656,
		1,
	},
	[0.866666666667] = {
		0.155502,
		-0.943896,
		0.29134,
		0,
		0.124707,
		-0.273811,
		-0.953664,
		0,
		0.979932,
		0.184629,
		0.075133,
		0,
		0.62514,
		0.050312,
		-0.557699,
		1,
	},
	[0.883333333333] = {
		0.191842,
		-0.941619,
		0.276677,
		0,
		0.107147,
		-0.260134,
		-0.959609,
		0,
		0.975559,
		0.213738,
		0.050987,
		0,
		0.623374,
		0.049678,
		-0.564216,
		1,
	},
	[0.8] = {
		-0.517845,
		-0.709801,
		0.477513,
		0,
		0.290737,
		-0.670985,
		-0.682093,
		0,
		0.804555,
		-0.214388,
		0.553832,
		0,
		0.657223,
		0.058701,
		-0.434073,
		1,
	},
	[0.916666666667] = {
		0.193416,
		-0.940643,
		0.278892,
		0,
		0.107246,
		-0.262287,
		-0.959012,
		0,
		0.975238,
		0.215398,
		0.05015,
		0,
		0.623112,
		0.049294,
		-0.564539,
		1,
	},
	[0.933333333333] = {
		0.19416,
		-0.940184,
		0.279922,
		0,
		0.107284,
		-0.263289,
		-0.958733,
		0,
		0.975086,
		0.216179,
		0.049747,
		0,
		0.622983,
		0.04912,
		-0.564696,
		1,
	},
	[0.95] = {
		0.194861,
		-0.939752,
		0.280883,
		0,
		0.107312,
		-0.264227,
		-0.958472,
		0,
		0.974943,
		0.216911,
		0.049359,
		0,
		0.622857,
		0.048958,
		-0.564849,
		1,
	},
	[0.966666666667] = {
		0.195509,
		-0.939353,
		0.281766,
		0,
		0.107327,
		-0.26509,
		-0.958232,
		0,
		0.974811,
		0.217584,
		0.048991,
		0,
		0.622735,
		0.048808,
		-0.564997,
		1,
	},
	[0.983333333333] = {
		0.196092,
		-0.938994,
		0.282557,
		0,
		0.107327,
		-0.265868,
		-0.958016,
		0,
		0.974694,
		0.218186,
		0.048645,
		0,
		0.622617,
		0.04867,
		-0.565139,
		1,
	},
	[0.9] = {
		0.19264,
		-0.941123,
		0.277807,
		0,
		0.107199,
		-0.261231,
		-0.959305,
		0,
		0.975396,
		0.214581,
		0.050564,
		0,
		0.623242,
		0.04948,
		-0.564378,
		1,
	},
	[1.01666666667] = {
		0.197023,
		-0.938407,
		0.283856,
		0,
		0.107272,
		-0.267159,
		-0.957663,
		0,
		0.974513,
		0.219131,
		0.048028,
		0,
		0.622399,
		0.04841,
		-0.565401,
		1,
	},
	[1.03333333333] = {
		0.197349,
		-0.938168,
		0.284418,
		0,
		0.107211,
		-0.267729,
		-0.957511,
		0,
		0.974453,
		0.219456,
		0.047746,
		0,
		0.622301,
		0.048243,
		-0.565524,
		1,
	},
	[1.05] = {
		0.197568,
		-0.937966,
		0.284933,
		0,
		0.107126,
		-0.268264,
		-0.957371,
		0,
		0.974418,
		0.219669,
		0.04748,
		0,
		0.622211,
		0.048033,
		-0.56564,
		1,
	},
	[1.06666666667] = {
		0.197669,
		-0.937802,
		0.285403,
		0,
		0.107013,
		-0.268764,
		-0.957243,
		0,
		0.97441,
		0.219759,
		0.047231,
		0,
		0.622131,
		0.047775,
		-0.56575,
		1,
	},
	[1.08333333333] = {
		0.19768,
		-0.93767,
		0.285828,
		0,
		0.106882,
		-0.269227,
		-0.957128,
		0,
		0.974422,
		0.219755,
		0.046999,
		0,
		0.622059,
		0.047486,
		-0.565854,
		1,
	},
	{
		0.1966,
		-0.93868,
		0.283246,
		0,
		0.10731,
		-0.266549,
		-0.957829,
		0,
		0.974594,
		0.218705,
		0.048326,
		0,
		0.622505,
		0.048544,
		-0.565273,
		1,
	},
	[1.11666666667] = {
		0.197572,
		-0.937472,
		0.286552,
		0,
		0.106607,
		-0.270033,
		-0.956931,
		0,
		0.974474,
		0.219611,
		0.04659,
		0,
		0.621935,
		0.046905,
		-0.566039,
		1,
	},
	[1.13333333333] = {
		0.19747,
		-0.937402,
		0.286852,
		0,
		0.106469,
		-0.270375,
		-0.95685,
		0,
		0.97451,
		0.21949,
		0.046413,
		0,
		0.621882,
		0.046623,
		-0.566119,
		1,
	},
	[1.15] = {
		0.197346,
		-0.937348,
		0.287112,
		0,
		0.106335,
		-0.270677,
		-0.956779,
		0,
		0.97455,
		0.219347,
		0.046256,
		0,
		0.621836,
		0.046355,
		-0.566192,
		1,
	},
	[1.16666666667] = {
		0.197211,
		-0.937308,
		0.287335,
		0,
		0.106209,
		-0.270939,
		-0.956719,
		0,
		0.974591,
		0.219193,
		0.046118,
		0,
		0.621797,
		0.046105,
		-0.566256,
		1,
	},
	[1.18333333333] = {
		0.197073,
		-0.937281,
		0.28752,
		0,
		0.106093,
		-0.27116,
		-0.956669,
		0,
		0.974632,
		0.219037,
		0.046001,
		0,
		0.621763,
		0.045879,
		-0.566311,
		1,
	},
	[1.1] = {
		0.197645,
		-0.93756,
		0.286211,
		0,
		0.106745,
		-0.26965,
		-0.957024,
		0,
		0.974444,
		0.219703,
		0.046785,
		0,
		0.621994,
		0.047194,
		-0.56595,
		1,
	},
	[1.21666666667] = {
		0.196821,
		-0.937253,
		0.287782,
		0,
		0.105906,
		-0.271482,
		-0.956599,
		0,
		0.974703,
		0.218757,
		0.045828,
		0,
		0.621715,
		0.045519,
		-0.566393,
		1,
	},
	[1.23333333333] = {
		0.196726,
		-0.937248,
		0.287862,
		0,
		0.105842,
		-0.271583,
		-0.956577,
		0,
		0.974729,
		0.218651,
		0.045773,
		0,
		0.6217,
		0.045397,
		-0.566419,
		1,
	},
	[1.25] = {
		0.196662,
		-0.937247,
		0.28791,
		0,
		0.105801,
		-0.271644,
		-0.956565,
		0,
		0.974746,
		0.218581,
		0.04574,
		0,
		0.621691,
		0.045319,
		-0.566435,
		1,
	},
	[1.26666666667] = {
		0.196639,
		-0.937247,
		0.287925,
		0,
		0.105786,
		-0.271664,
		-0.956561,
		0,
		0.974753,
		0.218555,
		0.045728,
		0,
		0.621688,
		0.045292,
		-0.56644,
		1,
	},
	[1.28333333333] = {
		0.196639,
		-0.937247,
		0.287925,
		0,
		0.105786,
		-0.271664,
		-0.956561,
		0,
		0.974753,
		0.218555,
		0.045728,
		0,
		0.621688,
		0.045292,
		-0.56644,
		1,
	},
	[1.2] = {
		0.19694,
		-0.937263,
		0.287669,
		0,
		0.105991,
		-0.271342,
		-0.956629,
		0,
		0.974669,
		0.218889,
		0.045904,
		0,
		0.621736,
		0.045682,
		-0.566357,
		1,
	},
	[1.31666666667] = {
		0.196639,
		-0.937247,
		0.287925,
		0,
		0.105786,
		-0.271664,
		-0.956561,
		0,
		0.974753,
		0.218555,
		0.045728,
		0,
		0.621688,
		0.045292,
		-0.56644,
		1,
	},
	[1.33333333333] = {
		0.196639,
		-0.937247,
		0.287925,
		0,
		0.105786,
		-0.271664,
		-0.956561,
		0,
		0.974753,
		0.218555,
		0.045728,
		0,
		0.621688,
		0.045292,
		-0.56644,
		1,
	},
	[1.35] = {
		0.196639,
		-0.937247,
		0.287925,
		0,
		0.105786,
		-0.271664,
		-0.956561,
		0,
		0.974753,
		0.218555,
		0.045728,
		0,
		0.621688,
		0.045292,
		-0.56644,
		1,
	},
	[1.36666666667] = {
		0.196639,
		-0.937247,
		0.287925,
		0,
		0.105786,
		-0.271664,
		-0.956561,
		0,
		0.974753,
		0.218555,
		0.045728,
		0,
		0.621688,
		0.045292,
		-0.56644,
		1,
	},
	[1.38333333333] = {
		0.196639,
		-0.937247,
		0.287925,
		0,
		0.105786,
		-0.271664,
		-0.956561,
		0,
		0.974753,
		0.218555,
		0.045728,
		0,
		0.621688,
		0.045292,
		-0.56644,
		1,
	},
	[1.3] = {
		0.196639,
		-0.937247,
		0.287925,
		0,
		0.105786,
		-0.271664,
		-0.956561,
		0,
		0.974753,
		0.218555,
		0.045728,
		0,
		0.621688,
		0.045292,
		-0.56644,
		1,
	},
	[1.41666666667] = {
		0.196639,
		-0.937247,
		0.287925,
		0,
		0.105786,
		-0.271664,
		-0.956561,
		0,
		0.974753,
		0.218555,
		0.045728,
		0,
		0.621688,
		0.045292,
		-0.56644,
		1,
	},
	[1.43333333333] = {
		0.196639,
		-0.937247,
		0.287925,
		0,
		0.105786,
		-0.271664,
		-0.956561,
		0,
		0.974753,
		0.218555,
		0.045728,
		0,
		0.621688,
		0.045292,
		-0.56644,
		1,
	},
	[1.45] = {
		0.196639,
		-0.937247,
		0.287925,
		0,
		0.105786,
		-0.271664,
		-0.956561,
		0,
		0.974753,
		0.218555,
		0.045728,
		0,
		0.621688,
		0.045292,
		-0.56644,
		1,
	},
	[1.46666666667] = {
		0.196639,
		-0.937247,
		0.287925,
		0,
		0.105786,
		-0.271664,
		-0.956561,
		0,
		0.974753,
		0.218555,
		0.045728,
		0,
		0.621688,
		0.045292,
		-0.56644,
		1,
	},
	[1.48333333333] = {
		0.196639,
		-0.937247,
		0.287925,
		0,
		0.105786,
		-0.271664,
		-0.956561,
		0,
		0.974753,
		0.218555,
		0.045728,
		0,
		0.621688,
		0.045292,
		-0.56644,
		1,
	},
	[1.4] = {
		0.196639,
		-0.937247,
		0.287925,
		0,
		0.105786,
		-0.271664,
		-0.956561,
		0,
		0.974753,
		0.218555,
		0.045728,
		0,
		0.621688,
		0.045292,
		-0.56644,
		1,
	},
	[1.51666666667] = {
		0.196639,
		-0.937247,
		0.287925,
		0,
		0.105786,
		-0.271664,
		-0.956561,
		0,
		0.974753,
		0.218555,
		0.045728,
		0,
		0.621688,
		0.045292,
		-0.56644,
		1,
	},
	[1.53333333333] = {
		0.196639,
		-0.937247,
		0.287925,
		0,
		0.105786,
		-0.271664,
		-0.956561,
		0,
		0.974753,
		0.218555,
		0.045728,
		0,
		0.621688,
		0.045292,
		-0.56644,
		1,
	},
	[1.55] = {
		0.196639,
		-0.937247,
		0.287925,
		0,
		0.105786,
		-0.271664,
		-0.956561,
		0,
		0.974753,
		0.218555,
		0.045728,
		0,
		0.621688,
		0.045292,
		-0.56644,
		1,
	},
	[1.56666666667] = {
		0.196639,
		-0.937247,
		0.287925,
		0,
		0.105786,
		-0.271664,
		-0.956561,
		0,
		0.974753,
		0.218555,
		0.045728,
		0,
		0.621688,
		0.045292,
		-0.56644,
		1,
	},
	[1.58333333333] = {
		0.196639,
		-0.937247,
		0.287925,
		0,
		0.105786,
		-0.271664,
		-0.956561,
		0,
		0.974753,
		0.218555,
		0.045728,
		0,
		0.621688,
		0.045292,
		-0.56644,
		1,
	},
	[1.5] = {
		0.196639,
		-0.937247,
		0.287925,
		0,
		0.105786,
		-0.271664,
		-0.956561,
		0,
		0.974753,
		0.218555,
		0.045728,
		0,
		0.621688,
		0.045292,
		-0.56644,
		1,
	},
	[1.61666666667] = {
		0.196639,
		-0.937247,
		0.287925,
		0,
		0.105786,
		-0.271664,
		-0.956561,
		0,
		0.974753,
		0.218555,
		0.045728,
		0,
		0.621688,
		0.045292,
		-0.56644,
		1,
	},
	[1.63333333333] = {
		0.196639,
		-0.937247,
		0.287925,
		0,
		0.105786,
		-0.271664,
		-0.956561,
		0,
		0.974753,
		0.218555,
		0.045728,
		0,
		0.621688,
		0.045292,
		-0.56644,
		1,
	},
	[1.6] = {
		0.196639,
		-0.937247,
		0.287925,
		0,
		0.105786,
		-0.271664,
		-0.956561,
		0,
		0.974753,
		0.218555,
		0.045728,
		0,
		0.621688,
		0.045292,
		-0.56644,
		1,
	},
}

return spline_matrices
