-- chunkname: @content/characters/player/ogryn/first_person/animations/2h_axe/attack_down_left_v02.lua

local spline_matrices = {
	[0.0166666666667] = {
		0.99028,
		0.06906,
		0.120731,
		0,
		0.128642,
		-0.124748,
		-0.983813,
		0,
		-0.052881,
		0.989782,
		-0.13242,
		0,
		-0.135145,
		0.037847,
		-1.263288,
		1,
	},
	[0.0333333333333] = {
		0.964612,
		0.017403,
		0.263099,
		0,
		0.262656,
		-0.151013,
		-0.952999,
		0,
		0.023146,
		0.988378,
		-0.15024,
		0,
		-0.133347,
		0.001786,
		-1.433924,
		1,
	},
	[0.05] = {
		0.901776,
		-0.204267,
		0.380888,
		0,
		0.350427,
		-0.170288,
		-0.920979,
		0,
		0.252986,
		0.96399,
		-0.081981,
		0,
		-0.046743,
		-0.07572,
		-1.52079,
		1,
	},
	[0.0666666666667] = {
		0.594454,
		-0.503277,
		0.627165,
		0,
		0.515033,
		-0.360673,
		-0.777596,
		0,
		0.617549,
		0.785256,
		0.044801,
		0,
		0.180824,
		-0.181954,
		-1.425139,
		1,
	},
	[0.0833333333333] = {
		0.427779,
		-0.857716,
		0.285182,
		0,
		0.484364,
		-0.048858,
		-0.873501,
		0,
		0.76315,
		0.511797,
		0.394546,
		0,
		0.472036,
		-0.247676,
		-1.312399,
		1,
	},
	[0] = {
		0.973707,
		0.167035,
		-0.154901,
		0,
		-0.145104,
		-0.06942,
		-0.986978,
		0,
		-0.175613,
		0.983504,
		-0.043357,
		0,
		-0.147969,
		-0.026349,
		-1.2737,
		1,
	},
	[0.116666666667] = {
		-0.131359,
		-0.758631,
		-0.638141,
		0,
		0.862197,
		0.23026,
		-0.451217,
		0,
		0.489246,
		-0.609474,
		0.623842,
		0,
		0.942168,
		-0.003967,
		-0.885708,
		1,
	},
	[0.133333333333] = {
		-0.276717,
		-0.143063,
		-0.950242,
		0,
		0.950828,
		0.102396,
		-0.292303,
		0,
		0.139119,
		-0.984402,
		0.107694,
		0,
		0.978513,
		-0.018278,
		-0.595685,
		1,
	},
	[0.15] = {
		-0.182417,
		0.054977,
		-0.981683,
		0,
		0.982714,
		-0.021865,
		-0.183833,
		0,
		-0.031571,
		-0.998248,
		-0.050038,
		0,
		0.868642,
		0.318916,
		-0.411936,
		1,
	},
	[0.166666666667] = {
		-0.096177,
		0.158346,
		-0.982688,
		0,
		0.984867,
		-0.127864,
		-0.116994,
		0,
		-0.144176,
		-0.979069,
		-0.143652,
		0,
		0.763937,
		0.541304,
		-0.251121,
		1,
	},
	[0.183333333333] = {
		-0.029309,
		0.194608,
		-0.980443,
		0,
		0.983302,
		-0.170634,
		-0.063263,
		0,
		-0.179609,
		-0.965925,
		-0.186358,
		0,
		0.683969,
		0.627277,
		-0.121761,
		1,
	},
	[0.1] = {
		0.136913,
		-0.96788,
		-0.210862,
		0,
		0.666769,
		0.24747,
		-0.702978,
		0,
		0.732581,
		-0.04435,
		0.679234,
		0,
		0.744081,
		-0.127011,
		-1.159649,
		1,
	},
	[0.216666666667] = {
		0.054896,
		0.211194,
		-0.975901,
		0,
		0.986168,
		-0.164555,
		0.019863,
		0,
		-0.156394,
		-0.963493,
		-0.217306,
		0,
		0.555997,
		0.713876,
		0.05286,
		1,
	},
	[0.233333333333] = {
		0.08515,
		0.208356,
		-0.974339,
		0,
		0.987747,
		-0.146014,
		0.055098,
		0,
		-0.130787,
		-0.967092,
		-0.218236,
		0,
		0.522061,
		0.744671,
		0.118666,
		1,
	},
	[0.25] = {
		0.124033,
		0.20554,
		-0.970757,
		0,
		0.98669,
		-0.129226,
		0.098707,
		0,
		-0.105159,
		-0.970079,
		-0.218833,
		0,
		0.494953,
		0.770038,
		0.165767,
		1,
	},
	[0.266666666667] = {
		0.16737,
		0.207935,
		-0.963717,
		0,
		0.982267,
		-0.118942,
		0.144928,
		0,
		-0.084491,
		-0.970884,
		-0.224155,
		0,
		0.471697,
		0.797446,
		0.197844,
		1,
	},
	[0.283333333333] = {
		0.210476,
		0.217702,
		-0.953051,
		0,
		0.974871,
		-0.119526,
		0.187991,
		0,
		-0.072988,
		-0.968669,
		-0.237388,
		0,
		0.449197,
		0.833818,
		0.210484,
		1,
	},
	[0.2] = {
		0.021327,
		0.208611,
		-0.977766,
		0,
		0.983951,
		-0.17768,
		-0.016447,
		0,
		-0.17716,
		-0.961723,
		-0.209053,
		0,
		0.609656,
		0.677326,
		-0.026351,
		1,
	},
	[0.316666666667] = {
		0.246786,
		0.041427,
		-0.968184,
		0,
		0.96849,
		-0.045104,
		0.244934,
		0,
		-0.033522,
		-0.998123,
		-0.051253,
		0,
		0.391289,
		0.999985,
		0.185249,
		1,
	},
	[0.333333333333] = {
		0.223754,
		-0.123229,
		-0.966824,
		0,
		0.974529,
		0.043652,
		0.219973,
		0,
		0.015096,
		-0.991418,
		0.129857,
		0,
		0.33858,
		1.110203,
		0.145131,
		1,
	},
	[0.35] = {
		0.180352,
		-0.301184,
		-0.936355,
		0,
		0.980828,
		0.126513,
		0.148224,
		0,
		0.073818,
		-0.945136,
		0.318227,
		0,
		0.267258,
		1.198154,
		0.08554,
		1,
	},
	[0.366666666667] = {
		0.132121,
		-0.525014,
		-0.840776,
		0,
		0.984086,
		0.171156,
		0.047764,
		0,
		0.118827,
		-0.833706,
		0.539272,
		0,
		0.189238,
		1.23948,
		0.009093,
		1,
	},
	[0.383333333333] = {
		0.102447,
		-0.784732,
		-0.61131,
		0,
		0.98479,
		0.16671,
		-0.048967,
		0,
		0.140338,
		-0.596995,
		0.789875,
		0,
		0.106537,
		1.180348,
		-0.086447,
		1,
	},
	[0.3] = {
		0.241926,
		0.176048,
		-0.95419,
		0,
		0.968401,
		-0.105214,
		0.226117,
		0,
		-0.060587,
		-0.978742,
		-0.195939,
		0,
		0.424315,
		0.899385,
		0.20562,
		1,
	},
	[0.416666666667] = {
		0.074293,
		-0.716309,
		0.693817,
		0,
		0.993202,
		-0.009372,
		-0.116027,
		0,
		0.089614,
		0.69772,
		0.710743,
		0,
		-0.010549,
		0.860001,
		-0.570104,
		1,
	},
	[0.433333333333] = {
		0.100389,
		-0.433565,
		0.895513,
		0,
		0.993355,
		-0.007246,
		-0.114865,
		0,
		0.05629,
		0.901093,
		0.429956,
		0,
		-0.065511,
		0.723979,
		-0.700277,
		1,
	},
	[0.45] = {
		0.122933,
		-0.232372,
		0.964827,
		0,
		0.99228,
		0.01275,
		-0.12336,
		0,
		0.016364,
		0.972543,
		0.232145,
		0,
		-0.075604,
		0.682653,
		-0.807361,
		1,
	},
	[0.466666666667] = {
		0.160972,
		-0.095989,
		0.98228,
		0,
		0.986908,
		0.025822,
		-0.159207,
		0,
		-0.010082,
		0.995047,
		0.098889,
		0,
		-0.091861,
		0.673769,
		-0.90026,
		1,
	},
	[0.483333333333] = {
		0.17144,
		0.054385,
		0.983692,
		0,
		0.984638,
		0.02409,
		-0.172937,
		0,
		-0.033103,
		0.998229,
		-0.049419,
		0,
		-0.121899,
		0.635989,
		-1.000093,
		1,
	},
	[0.4] = {
		0.090259,
		-0.994292,
		0.056894,
		0,
		0.989715,
		0.083184,
		-0.11638,
		0,
		0.110982,
		0.066814,
		0.991574,
		0,
		0.043266,
		1.032385,
		-0.318086,
		1,
	},
	[0.516666666667] = {
		0.135998,
		0.318255,
		0.938199,
		0,
		0.988188,
		0.023944,
		-0.151367,
		0,
		-0.070637,
		0.947702,
		-0.31124,
		0,
		-0.14357,
		0.599713,
		-1.201572,
		1,
	},
	[0.533333333333] = {
		0.127427,
		0.425367,
		0.896005,
		0,
		0.988158,
		0.023404,
		-0.151644,
		0,
		-0.085474,
		0.904718,
		-0.417347,
		0,
		-0.164917,
		0.588782,
		-1.284528,
		1,
	},
	[0.55] = {
		0.122049,
		0.510786,
		0.851,
		0,
		0.987646,
		0.022401,
		-0.155092,
		0,
		-0.098282,
		0.859416,
		-0.501742,
		0,
		-0.184582,
		0.5738,
		-1.343287,
		1,
	},
	[0.566666666667] = {
		0.119804,
		0.568184,
		0.814134,
		0,
		0.986846,
		0.021504,
		-0.160227,
		0,
		-0.108545,
		0.82262,
		-0.558134,
		0,
		-0.196062,
		0.553952,
		-1.365397,
		1,
	},
	[0.583333333333] = {
		0.118709,
		0.601461,
		0.790033,
		0,
		0.986061,
		0.022011,
		-0.164922,
		0,
		-0.116584,
		0.798599,
		-0.590464,
		0,
		-0.17837,
		0.534085,
		-1.364597,
		1,
	},
	[0.5] = {
		0.154999,
		0.192878,
		0.968903,
		0,
		0.986398,
		0.024121,
		-0.162599,
		0,
		-0.054733,
		0.980926,
		-0.186515,
		0,
		-0.133409,
		0.613797,
		-1.102992,
		1,
	},
	[0.616666666667] = {
		0.117858,
		0.635184,
		0.763316,
		0,
		0.984219,
		0.027455,
		-0.174812,
		0,
		-0.131995,
		0.771873,
		-0.621924,
		0,
		-0.060136,
		0.495774,
		-1.364495,
		1,
	},
	[0.633333333333] = {
		0.119188,
		0.641048,
		0.75819,
		0,
		0.982907,
		0.031737,
		-0.181348,
		0,
		-0.140316,
		0.766844,
		-0.626308,
		0,
		0.0074,
		0.477706,
		-1.364788,
		1,
	},
	[0.65] = {
		0.121247,
		0.642731,
		0.756436,
		0,
		0.981416,
		0.036564,
		-0.188376,
		0,
		-0.148734,
		0.765218,
		-0.626354,
		0,
		0.060532,
		0.460695,
		-1.36533,
		1,
	},
	[0.666666666667] = {
		0.123675,
		0.642448,
		0.756283,
		0,
		0.979823,
		0.041525,
		-0.195506,
		0,
		-0.157007,
		0.765203,
		-0.62435,
		0,
		0.084247,
		0.445005,
		-1.366145,
		1,
	},
	[0.683333333333] = {
		0.126456,
		0.640609,
		0.757382,
		0,
		0.978094,
		0.04675,
		-0.202849,
		0,
		-0.165354,
		0.766442,
		-0.620664,
		0,
		0.088049,
		0.429371,
		-1.367332,
		1,
	},
	[0.6] = {
		0.117592,
		0.622829,
		0.77347,
		0,
		0.985288,
		0.024094,
		-0.169196,
		0,
		-0.124016,
		0.781986,
		-0.610833,
		0,
		-0.127064,
		0.514643,
		-1.364435,
		1,
	},
	[0.716666666667] = {
		0.133668,
		0.629704,
		0.765248,
		0,
		0.973985,
		0.05911,
		-0.218769,
		0,
		-0.182993,
		0.774583,
		-0.605421,
		0,
		0.094538,
		0.394673,
		-1.370847,
		1,
	},
	[0.733333333333] = {
		0.138025,
		0.621002,
		0.77156,
		0,
		0.971635,
		0.066138,
		-0.227049,
		0,
		-0.192027,
		0.781013,
		-0.594258,
		0,
		0.097281,
		0.376086,
		-1.373043,
		1,
	},
	[0.75] = {
		0.142775,
		0.610501,
		0.77904,
		0,
		0.969112,
		0.073687,
		-0.235355,
		0,
		-0.20109,
		0.78858,
		-0.581123,
		0,
		0.099702,
		0.356777,
		-1.375507,
		1,
	},
	[0.766666666667] = {
		0.147819,
		0.598531,
		0.787344,
		0,
		0.966436,
		0.081719,
		-0.243564,
		0,
		-0.210121,
		0.79692,
		-0.566363,
		0,
		0.101809,
		0.336743,
		-1.378231,
		1,
	},
	[0.783333333333] = {
		0.1531,
		0.585303,
		0.796229,
		0,
		0.963635,
		0.090148,
		-0.251557,
		0,
		-0.219015,
		0.805788,
		-0.550217,
		0,
		0.103629,
		0.316188,
		-1.381149,
		1,
	},
	[0.7] = {
		0.129799,
		0.636299,
		0.760444,
		0,
		0.976143,
		0.052628,
		-0.210653,
		0,
		-0.174059,
		0.769645,
		-0.614288,
		0,
		0.091469,
		0.412514,
		-1.368922,
		1,
	},
	[0.816666666667] = {
		0.164128,
		0.555959,
		0.814844,
		0,
		0.95779,
		0.10782,
		-0.266485,
		0,
		-0.236011,
		0.824187,
		-0.514795,
		0,
		0.106523,
		0.274323,
		-1.387322,
		1,
	},
	[0.833333333333] = {
		0.16974,
		0.540318,
		0.824163,
		0,
		0.954818,
		0.11685,
		-0.273255,
		0,
		-0.243948,
		0.833308,
		-0.496072,
		0,
		0.107648,
		0.25342,
		-1.390459,
		1,
	},
	[0.85] = {
		0.175319,
		0.52437,
		0.833246,
		0,
		0.951867,
		0.125858,
		-0.279481,
		0,
		-0.251422,
		0.842137,
		-0.477065,
		0,
		0.108591,
		0.232806,
		-1.393558,
		1,
	},
	[0.866666666667] = {
		0.180791,
		0.508384,
		0.841938,
		0,
		0.948976,
		0.134721,
		-0.285124,
		0,
		-0.25838,
		0.850527,
		-0.458087,
		0,
		0.109374,
		0.212687,
		-1.39657,
		1,
	},
	[0.883333333333] = {
		0.186079,
		0.492641,
		0.850106,
		0,
		0.946185,
		0.143317,
		-0.290162,
		0,
		-0.26478,
		0.85835,
		-0.439461,
		0,
		0.110017,
		0.193267,
		-1.39945,
		1,
	},
	[0.8] = {
		0.158559,
		0.571035,
		0.805468,
		0,
		0.960741,
		0.098882,
		-0.259227,
		0,
		-0.227674,
		0.814948,
		-0.532938,
		0,
		0.105191,
		0.295314,
		-1.3842,
		1,
	},
	[0.916666666667] = {
		0.195784,
		0.463058,
		0.864434,
		0,
		0.941065,
		0.159197,
		-0.298418,
		0,
		-0.275801,
		0.871913,
		-0.404599,
		0,
		0.110959,
		0.157346,
		-1.404659,
		1,
	},
	[0.933333333333] = {
		0.200045,
		0.449825,
		0.870425,
		0,
		0.93881,
		0.166232,
		-0.301668,
		0,
		-0.28039,
		0.87751,
		-0.389046,
		0,
		0.11129,
		0.141258,
		-1.40692,
		1,
	},
	[0.95] = {
		0.203809,
		0.438043,
		0.875545,
		0,
		0.936805,
		0.172498,
		-0.304371,
		0,
		-0.284358,
		0.882248,
		-0.375204,
		0,
		0.111548,
		0.126694,
		-1.408913,
		1,
	},
	[0.966666666667] = {
		0.206999,
		0.428027,
		0.879741,
		0,
		0.935082,
		0.177876,
		-0.306564,
		0,
		-0.287703,
		0.886088,
		-0.36342,
		0,
		0.111746,
		0.113863,
		-1.410613,
		1,
	},
	[0.983333333333] = {
		0.20954,
		0.420086,
		0.882961,
		0,
		0.933674,
		0.18225,
		-0.308284,
		0,
		-0.290425,
		0.888995,
		-0.354035,
		0,
		0.111896,
		0.102974,
		-1.411999,
		1,
	},
	[0.9] = {
		0.191102,
		0.477432,
		0.857635,
		0,
		0.943536,
		0.151517,
		-0.29459,
		0,
		-0.270594,
		0.865506,
		-0.421519,
		0,
		0.11054,
		0.174751,
		-1.402159,
		1,
	},
	[1.01666666667] = {
		0.212378,
		0.411666,
		0.886243,
		0,
		0.931914,
		0.187531,
		-0.310432,
		0,
		-0.293992,
		0.891831,
		-0.34381,
		0,
		0.112101,
		0.087853,
		-1.413751,
		1,
	},
	[1.03333333333] = {
		0.212525,
		0.411783,
		0.886153,
		0,
		0.931622,
		0.188218,
		-0.310892,
		0,
		-0.294811,
		0.891632,
		-0.343625,
		0,
		0.112178,
		0.08404,
		-1.414081,
		1,
	},
	[1.05] = {
		0.21223,
		0.413396,
		0.885473,
		0,
		0.931548,
		0.188189,
		-0.311132,
		0,
		-0.295257,
		0.890892,
		-0.345159,
		0,
		0.112254,
		0.081707,
		-1.414212,
		1,
	},
	[1.06666666667] = {
		0.211977,
		0.414805,
		0.884874,
		0,
		0.931491,
		0.188133,
		-0.311336,
		0,
		-0.295618,
		0.890248,
		-0.346508,
		0,
		0.112333,
		0.079651,
		-1.414323,
		1,
	},
	[1.08333333333] = {
		0.211774,
		0.416089,
		0.88432,
		0,
		0.931453,
		0.188012,
		-0.311524,
		0,
		-0.295884,
		0.889675,
		-0.347751,
		0,
		0.112414,
		0.077748,
		-1.414423,
		1,
	},
	{
		0.211358,
		0.414531,
		0.88515,
		0,
		0.932608,
		0.185505,
		-0.309565,
		0,
		-0.292524,
		0.890927,
		-0.347387,
		0,
		0.11201,
		0.094234,
		-1.413051,
		1,
	},
	[1.11666666667] = {
		0.211537,
		0.418517,
		0.88323,
		0,
		0.931444,
		0.187434,
		-0.311899,
		0,
		-0.296083,
		0.888657,
		-0.350176,
		0,
		0.112587,
		0.073985,
		-1.414611,
		1,
	},
	[1.13333333333] = {
		0.211512,
		0.419635,
		0.882705,
		0,
		0.931476,
		0.18697,
		-0.312083,
		0,
		-0.296,
		0.888228,
		-0.351334,
		0,
		0.112679,
		0.072163,
		-1.414697,
		1,
	},
	[1.15] = {
		0.211541,
		0.420677,
		0.882202,
		0,
		0.931528,
		0.186412,
		-0.312259,
		0,
		-0.295814,
		0.887852,
		-0.352439,
		0,
		0.112771,
		0.070409,
		-1.414778,
		1,
	},
	[1.16666666667] = {
		0.211614,
		0.421636,
		0.881727,
		0,
		0.931597,
		0.185791,
		-0.312426,
		0,
		-0.295547,
		0.887527,
		-0.353478,
		0,
		0.112864,
		0.068744,
		-1.414853,
		1,
	},
	[1.18333333333] = {
		0.211719,
		0.422505,
		0.881285,
		0,
		0.931675,
		0.185134,
		-0.312581,
		0,
		-0.295223,
		0.887251,
		-0.354441,
		0,
		0.112953,
		0.067191,
		-1.41492,
		1,
	},
	[1.1] = {
		0.211625,
		0.417331,
		0.88377,
		0,
		0.931437,
		0.187781,
		-0.311712,
		0,
		-0.296043,
		0.889142,
		-0.348978,
		0,
		0.112499,
		0.075853,
		-1.414519,
		1,
	},
	[1.21666666667] = {
		0.211983,
		0.423952,
		0.880527,
		0,
		0.931844,
		0.18383,
		-0.312846,
		0,
		-0.294499,
		0.886832,
		-0.356089,
		0,
		0.113115,
		0.064512,
		-1.415032,
		1,
	},
	[1.23333333333] = {
		0.212119,
		0.424516,
		0.880222,
		0,
		0.931925,
		0.18324,
		-0.312953,
		0,
		-0.294146,
		0.886684,
		-0.356748,
		0,
		0.113183,
		0.063429,
		-1.415076,
		1,
	},
	[1.25] = {
		0.212245,
		0.424966,
		0.879975,
		0,
		0.931996,
		0.182732,
		-0.313039,
		0,
		-0.29383,
		0.886573,
		-0.357283,
		0,
		0.113239,
		0.062549,
		-1.41511,
		1,
	},
	[1.26666666667] = {
		0.212348,
		0.425295,
		0.879791,
		0,
		0.932053,
		0.182333,
		-0.313102,
		0,
		-0.293576,
		0.886498,
		-0.35768,
		0,
		0.113282,
		0.061892,
		-1.415136,
		1,
	},
	[1.28333333333] = {
		0.212418,
		0.425498,
		0.879676,
		0,
		0.93209,
		0.182072,
		-0.313142,
		0,
		-0.293406,
		0.886454,
		-0.357927,
		0,
		0.11331,
		0.061482,
		-1.415151,
		1,
	},
	[1.2] = {
		0.211846,
		0.42328,
		0.880883,
		0,
		0.93176,
		0.18447,
		-0.312722,
		0,
		-0.294866,
		0.88702,
		-0.355316,
		0,
		0.113037,
		0.065773,
		-1.41498,
		1,
	},
	[1.3] = {
		0.212443,
		0.425566,
		0.879637,
		0,
		0.932104,
		0.181978,
		-0.313156,
		0,
		-0.293344,
		0.88644,
		-0.358012,
		0,
		0.113319,
		0.06134,
		-1.415157,
		1,
	},
}

return spline_matrices
