-- chunkname: @content/characters/player/ogryn/first_person/animations/2h_axe/attack_left_diagonal.lua

local spline_matrices = {
	[0.0166666666667] = {
		0.198397,
		-0.619829,
		-0.759244,
		0,
		0.450586,
		0.74561,
		-0.490956,
		0,
		0.870408,
		-0.244701,
		0.427213,
		0,
		1.198409,
		-0.123942,
		-0.629346,
		1,
	},
	[0.0333333333333] = {
		-0.001154,
		-0.363028,
		-0.931778,
		0,
		0.380762,
		0.861431,
		-0.336091,
		0,
		0.924672,
		-0.355173,
		0.137233,
		0,
		1.035511,
		0.006669,
		-0.582748,
		1,
	},
	[0.05] = {
		-0.325798,
		-0.100686,
		-0.940063,
		0,
		0.470327,
		0.845288,
		-0.253536,
		0,
		0.820151,
		-0.524739,
		-0.228038,
		0,
		0.885849,
		0.130763,
		-0.510992,
		1,
	},
	[0.0666666666667] = {
		-0.664712,
		0.120116,
		-0.73738,
		0,
		0.655418,
		0.567483,
		-0.498387,
		0,
		0.358587,
		-0.814577,
		-0.455939,
		0,
		0.759657,
		0.244448,
		-0.422768,
		1,
	},
	[0.0833333333333] = {
		-0.824862,
		0.223894,
		-0.519109,
		0,
		0.565004,
		0.295125,
		-0.770501,
		0,
		-0.019308,
		-0.928856,
		-0.369938,
		0,
		0.699971,
		0.335702,
		-0.325789,
		1,
	},
	[0] = {
		0.229424,
		-0.722188,
		-0.652541,
		0,
		0.522824,
		0.656931,
		-0.543229,
		0,
		0.820987,
		-0.216534,
		0.528292,
		0,
		1.274575,
		-0.231884,
		-0.645842,
		1,
	},
	[0.116666666667] = {
		-0.722328,
		0.34521,
		-0.599227,
		0,
		0.675444,
		0.166252,
		-0.718426,
		0,
		-0.148385,
		-0.923683,
		-0.353258,
		0,
		0.765836,
		0.451038,
		-0.129678,
		1,
	},
	[0.133333333333] = {
		-0.656855,
		0.388548,
		-0.646198,
		0,
		0.729429,
		0.110374,
		-0.675093,
		0,
		-0.190983,
		-0.914794,
		-0.355917,
		0,
		0.780505,
		0.505744,
		-0.060466,
		1,
	},
	[0.15] = {
		-0.622533,
		0.398977,
		-0.673253,
		0,
		0.759596,
		0.10103,
		-0.6425,
		0,
		-0.188324,
		-0.911378,
		-0.365956,
		0,
		0.765404,
		0.555657,
		-0.011266,
		1,
	},
	[0.166666666667] = {
		-0.589259,
		0.407773,
		-0.697492,
		0,
		0.787389,
		0.096346,
		-0.608881,
		0,
		-0.181085,
		-0.907986,
		-0.377849,
		0,
		0.732074,
		0.594312,
		0.033804,
		1,
	},
	[0.183333333333] = {
		-0.558432,
		0.41337,
		-0.719221,
		0,
		0.812202,
		0.096067,
		-0.575412,
		0,
		-0.168765,
		-0.905481,
		-0.389387,
		0,
		0.691543,
		0.626568,
		0.073931,
		1,
	},
	[0.1] = {
		-0.797561,
		0.270289,
		-0.539295,
		0,
		0.599415,
		0.254612,
		-0.758864,
		0,
		-0.067802,
		-0.928502,
		-0.365084,
		0,
		0.731758,
		0.396718,
		-0.223853,
		1,
	},
	[0.216666666667] = {
		-0.509617,
		0.407296,
		-0.757892,
		0,
		0.850821,
		0.107474,
		-0.514347,
		0,
		-0.128038,
		-0.906951,
		-0.401306,
		0,
		0.632738,
		0.691721,
		0.135778,
		1,
	},
	[0.233333333333] = {
		-0.491619,
		0.391668,
		-0.777757,
		0,
		0.865044,
		0.11704,
		-0.487853,
		0,
		-0.100048,
		-0.912632,
		-0.396349,
		0,
		0.620078,
		0.734166,
		0.155654,
		1,
	},
	[0.25] = {
		-0.47624,
		0.36682,
		-0.799148,
		0,
		0.876634,
		0.12715,
		-0.464054,
		0,
		-0.068613,
		-0.921562,
		-0.382121,
		0,
		0.603959,
		0.785943,
		0.167074,
		1,
	},
	[0.266666666667] = {
		-0.464944,
		0.331977,
		-0.820742,
		0,
		0.884647,
		0.137548,
		-0.44551,
		0,
		-0.035008,
		-0.933205,
		-0.357635,
		0,
		0.584115,
		0.84347,
		0.169323,
		1,
	},
	[0.283333333333] = {
		-0.459286,
		0.286275,
		-0.840894,
		0,
		0.888288,
		0.147886,
		-0.434826,
		0,
		-0.000124,
		-0.946666,
		-0.322217,
		0,
		0.554679,
		0.903296,
		0.159977,
		1,
	},
	[0.2] = {
		-0.531422,
		0.414058,
		-0.739017,
		0,
		0.833511,
		0.09991,
		-0.543395,
		0,
		-0.151162,
		-0.904751,
		-0.398216,
		0,
		0.654789,
		0.657366,
		0.108237,
		1,
	},
	[0.316666666667] = {
		-0.486596,
		0.113118,
		-0.866273,
		0,
		0.868984,
		0.164768,
		-0.466603,
		0,
		0.089953,
		-0.979824,
		-0.178473,
		0,
		0.46235,
		1.01747,
		0.117558,
		1,
	},
	[0.333333333333] = {
		-0.522658,
		-0.100482,
		-0.8466,
		0,
		0.82798,
		0.176822,
		-0.53215,
		0,
		0.203169,
		-0.9791,
		-0.00922,
		0,
		0.41484,
		1.066955,
		0.069147,
		1,
	},
	[0.35] = {
		-0.512641,
		-0.394432,
		-0.762642,
		0,
		0.769049,
		0.184028,
		-0.612125,
		0,
		0.381789,
		-0.900309,
		0.208998,
		0,
		0.374616,
		1.098975,
		-0.003887,
		1,
	},
	[0.366666666667] = {
		-0.42247,
		-0.724398,
		-0.544763,
		0,
		0.686551,
		0.136641,
		-0.714127,
		0,
		0.591749,
		-0.675705,
		0.439609,
		0,
		0.29924,
		1.105571,
		-0.093006,
		1,
	},
	[0.383333333333] = {
		-0.133728,
		-0.981427,
		-0.137539,
		0,
		0.606186,
		0.028786,
		-0.794802,
		0,
		0.784,
		-0.189661,
		0.591078,
		0,
		0.1257,
		1.082846,
		-0.217805,
		1,
	},
	[0.3] = {
		-0.460775,
		0.22881,
		-0.857515,
		0,
		0.886793,
		0.157711,
		-0.434426,
		0,
		0.035838,
		-0.960611,
		-0.275577,
		0,
		0.512699,
		0.962206,
		0.140934,
		1,
	},
	[0.416666666667] = {
		0.662935,
		-0.670731,
		0.332622,
		0,
		0.535673,
		0.11456,
		-0.836618,
		0,
		0.52304,
		0.7328,
		0.435238,
		0,
		-0.1589,
		0.967847,
		-0.416229,
		1,
	},
	[0.433333333333] = {
		0.827552,
		-0.382741,
		0.410691,
		0,
		0.495305,
		0.15343,
		-0.855063,
		0,
		0.264255,
		0.911026,
		0.316545,
		0,
		-0.23132,
		0.888254,
		-0.431994,
		1,
	},
	[0.45] = {
		0.870727,
		-0.146817,
		0.469338,
		0,
		0.487667,
		0.134828,
		-0.862555,
		0,
		0.063358,
		0.979932,
		0.188997,
		0,
		-0.278278,
		0.796642,
		-0.446582,
		1,
	},
	[0.466666666667] = {
		0.869673,
		0.097593,
		0.483885,
		0,
		0.467819,
		0.149866,
		-0.871025,
		0,
		-0.157524,
		0.983878,
		0.084679,
		0,
		-0.34637,
		0.692226,
		-0.443511,
		1,
	},
	[0.483333333333] = {
		0.820286,
		0.29787,
		0.488267,
		0,
		0.459498,
		0.16513,
		-0.872693,
		0,
		-0.340577,
		0.940216,
		-0.001417,
		0,
		-0.38309,
		0.595524,
		-0.442618,
		1,
	},
	[0.4] = {
		0.335972,
		-0.926563,
		0.169126,
		0,
		0.566591,
		0.055382,
		-0.822136,
		0,
		0.752395,
		0.37204,
		0.543589,
		0,
		-0.053125,
		1.033528,
		-0.3488,
		1,
	},
	[0.516666666667] = {
		0.685282,
		0.563928,
		0.46084,
		0,
		0.452897,
		0.165553,
		-0.876057,
		0,
		-0.570327,
		0.80906,
		-0.14195,
		0,
		-0.428448,
		0.418641,
		-0.472274,
		1,
	},
	[0.533333333333] = {
		0.623922,
		0.623193,
		0.471542,
		0,
		0.470133,
		0.182675,
		-0.863484,
		0,
		-0.624256,
		0.760434,
		-0.179009,
		0,
		-0.437554,
		0.350346,
		-0.493094,
		1,
	},
	[0.55] = {
		0.527199,
		0.707422,
		0.47076,
		0,
		0.479728,
		0.209487,
		-0.852042,
		0,
		-0.701372,
		0.675033,
		-0.228929,
		0,
		-0.444426,
		0.303984,
		-0.513207,
		1,
	},
	[0.566666666667] = {
		0.421012,
		0.792802,
		0.440697,
		0,
		0.467745,
		0.226515,
		-0.854345,
		0,
		-0.777151,
		0.565823,
		-0.275463,
		0,
		-0.450145,
		0.274441,
		-0.533281,
		1,
	},
	[0.583333333333] = {
		0.320043,
		0.861363,
		0.394495,
		0,
		0.451797,
		0.227238,
		-0.862695,
		0,
		-0.832737,
		0.454331,
		-0.316436,
		0,
		-0.454654,
		0.254485,
		-0.556117,
		1,
	},
	[0.5] = {
		0.746834,
		0.465726,
		0.474698,
		0,
		0.453203,
		0.165945,
		-0.875825,
		0,
		-0.486668,
		0.86923,
		-0.087135,
		0,
		-0.409202,
		0.504026,
		-0.45345,
		1,
	},
	[0.616666666667] = {
		0.176153,
		0.920961,
		0.347565,
		0,
		0.485071,
		0.226027,
		-0.844759,
		0,
		-0.856549,
		0.317401,
		-0.406916,
		0,
		-0.459861,
		0.214539,
		-0.621783,
		1,
	},
	[0.633333333333] = {
		0.108293,
		0.903043,
		0.415675,
		0,
		0.581549,
		0.281577,
		-0.763226,
		0,
		-0.806271,
		0.324388,
		-0.494671,
		0,
		-0.419154,
		0.179601,
		-0.685037,
		1,
	},
	[0.65] = {
		-0.008685,
		0.851823,
		0.523757,
		0,
		0.701115,
		0.378652,
		-0.604202,
		0,
		-0.712995,
		0.361966,
		-0.600515,
		0,
		-0.335253,
		0.143329,
		-0.765536,
		1,
	},
	[0.666666666667] = {
		-0.145171,
		0.784824,
		0.602476,
		0,
		0.77591,
		0.468136,
		-0.422862,
		0,
		-0.613912,
		0.40608,
		-0.676913,
		0,
		-0.269174,
		0.126957,
		-0.8268,
		1,
	},
	[0.683333333333] = {
		-0.279161,
		0.700955,
		0.656301,
		0,
		0.803958,
		0.544358,
		-0.239427,
		0,
		-0.52509,
		0.4608,
		-0.715502,
		0,
		-0.234995,
		0.14092,
		-0.863384,
		1,
	},
	[0.6] = {
		0.237276,
		0.904592,
		0.354138,
		0,
		0.451764,
		0.21998,
		-0.864592,
		0,
		-0.860006,
		0.365134,
		-0.356466,
		0,
		-0.457917,
		0.236913,
		-0.584624,
		1,
	},
	[0.716666666667] = {
		-0.565474,
		0.466012,
		0.680494,
		0,
		0.725091,
		0.674082,
		0.140912,
		0,
		-0.393042,
		0.573103,
		-0.719077,
		0,
		-0.184949,
		0.211663,
		-0.916247,
		1,
	},
	[0.733333333333] = {
		-0.65699,
		0.367925,
		0.658024,
		0,
		0.658601,
		0.704868,
		0.263449,
		0,
		-0.366891,
		0.606459,
		-0.705407,
		0,
		-0.170664,
		0.243648,
		-0.930605,
		1,
	},
	[0.75] = {
		-0.690197,
		0.327336,
		0.645353,
		0,
		0.62744,
		0.714998,
		0.308378,
		0,
		-0.360483,
		0.617762,
		-0.698873,
		0,
		-0.16449,
		0.256668,
		-0.935679,
		1,
	},
	[0.766666666667] = {
		-0.690912,
		0.326449,
		0.645035,
		0,
		0.626101,
		0.71628,
		0.308125,
		0,
		-0.361439,
		0.616745,
		-0.699277,
		0,
		-0.162917,
		0.253557,
		-0.934195,
		1,
	},
	[0.783333333333] = {
		-0.691685,
		0.325667,
		0.644603,
		0,
		0.624647,
		0.717753,
		0.307648,
		0,
		-0.362475,
		0.615445,
		-0.699886,
		0,
		-0.161944,
		0.245989,
		-0.92975,
		1,
	},
	[0.7] = {
		-0.430258,
		0.587407,
		0.685443,
		0,
		0.784589,
		0.61886,
		-0.037854,
		0,
		-0.446429,
		0.521504,
		-0.727142,
		0,
		-0.206649,
		0.173287,
		-0.893522,
		1,
	},
	[0.816666666667] = {
		-0.693348,
		0.324425,
		0.643441,
		0,
		0.621492,
		0.721149,
		0.306092,
		0,
		-0.364713,
		0.612122,
		-0.701635,
		0,
		-0.161356,
		0.219775,
		-0.91362,
		1,
	},
	[0.833333333333] = {
		-0.694213,
		0.323972,
		0.642736,
		0,
		0.61984,
		0.72301,
		0.305049,
		0,
		-0.365877,
		0.610162,
		-0.702734,
		0,
		-0.161528,
		0.202281,
		-0.902753,
		1,
	},
	[0.85] = {
		-0.695084,
		0.323637,
		0.641964,
		0,
		0.618171,
		0.72494,
		0.303854,
		0,
		-0.367047,
		0.608047,
		-0.703957,
		0,
		-0.161878,
		0.182631,
		-0.890565,
		1,
	},
	[0.866666666667] = {
		-0.695947,
		0.323423,
		0.641135,
		0,
		0.616509,
		0.726908,
		0.302525,
		0,
		-0.368203,
		0.605807,
		-0.705283,
		0,
		-0.162312,
		0.161398,
		-0.877467,
		1,
	},
	[0.883333333333] = {
		-0.696792,
		0.323334,
		0.640263,
		0,
		0.614881,
		0.728884,
		0.301081,
		0,
		-0.369327,
		0.603476,
		-0.706692,
		0,
		-0.162744,
		0.139154,
		-0.863878,
		1,
	},
	[0.8] = {
		-0.692501,
		0.324991,
		0.644068,
		0,
		0.623102,
		0.719386,
		0.306964,
		0,
		-0.363573,
		0.613893,
		-0.700678,
		0,
		-0.161459,
		0.234536,
		-0.922755,
		1,
	},
	[0.916666666667] = {
		-0.698376,
		0.323547,
		0.638426,
		0,
		0.611822,
		0.732743,
		0.297928,
		0,
		-0.371408,
		0.59867,
		-0.709684,
		0,
		-0.163291,
		0.093893,
		-0.83693,
		1,
	},
	[0.933333333333] = {
		-0.699092,
		0.323859,
		0.637484,
		0,
		0.610444,
		0.734567,
		0.29626,
		0,
		-0.372328,
		0.596261,
		-0.711228,
		0,
		-0.163267,
		0.071996,
		-0.824441,
		1,
	},
	[0.95] = {
		-0.699743,
		0.324313,
		0.636538,
		0,
		0.609199,
		0.736283,
		0.294557,
		0,
		-0.373143,
		0.593893,
		-0.71278,
		0,
		-0.162963,
		0.051323,
		-0.8132,
		1,
	},
	[0.966666666667] = {
		-0.700316,
		0.324915,
		0.635601,
		0,
		0.608115,
		0.737861,
		0.292842,
		0,
		-0.373836,
		0.5916,
		-0.714322,
		0,
		-0.162321,
		0.03242,
		-0.803662,
		1,
	},
	[0.983333333333] = {
		-0.700832,
		0.325604,
		0.634679,
		0,
		0.607147,
		0.739332,
		0.291138,
		0,
		-0.374443,
		0.589382,
		-0.715836,
		0,
		-0.16129,
		0.015812,
		-0.796291,
		1,
	},
	[0.9] = {
		-0.697605,
		0.323374,
		0.639356,
		0,
		0.61331,
		0.730839,
		0.299542,
		0,
		-0.370402,
		0.601086,
		-0.708166,
		0,
		-0.163094,
		0.116465,
		-0.850222,
		1,
	},
	[1.01666666667] = {
		-0.701765,
		0.327011,
		0.632921,
		0,
		0.605394,
		0.742052,
		0.287849,
		0,
		-0.37553,
		0.585169,
		-0.718717,
		0,
		-0.15783,
		-0.008445,
		-0.789925,
		1,
	},
	[1.03333333333] = {
		-0.699964,
		0.331323,
		0.632673,
		0,
		0.607887,
		0.741387,
		0.284286,
		0,
		-0.374865,
		0.583584,
		-0.720351,
		0,
		-0.147099,
		-0.016312,
		-0.791212,
		1,
	},
	[1.05] = {
		-0.694365,
		0.341678,
		0.633336,
		0,
		0.615879,
		0.737382,
		0.277417,
		0,
		-0.372223,
		0.582687,
		-0.722444,
		0,
		-0.122166,
		-0.022746,
		-0.794514,
		1,
	},
	[1.06666666667] = {
		-0.685937,
		0.35628,
		0.634473,
		0,
		0.627671,
		0.730819,
		0.268202,
		0,
		-0.36813,
		0.58221,
		-0.724922,
		0,
		-0.087163,
		-0.027862,
		-0.799252,
		1,
	},
	[1.08333333333] = {
		-0.675664,
		0.373329,
		0.635691,
		0,
		0.641579,
		0.722506,
		0.257608,
		0,
		-0.363118,
		0.581902,
		-0.727692,
		0,
		-0.046218,
		-0.031787,
		-0.804849,
		1,
	},
	{
		-0.701316,
		0.326307,
		0.633782,
		0,
		0.606239,
		0.740732,
		0.289466,
		0,
		-0.375008,
		0.58723,
		-0.717307,
		0,
		-0.159812,
		0.002015,
		-0.791554,
		1,
	},
	[1.11666666667] = {
		-0.653844,
		0.407716,
		0.637382,
		0,
		0.669472,
		0.704263,
		0.236265,
		0,
		-0.352556,
		0.58119,
		-0.733433,
		0,
		0.036979,
		-0.036633,
		-0.816305,
		1,
	},
	[1.13333333333] = {
		-0.644619,
		0.42164,
		0.637719,
		0,
		0.680633,
		0.696384,
		0.227571,
		0,
		-0.348144,
		0.580749,
		-0.735884,
		0,
		0.070974,
		-0.037852,
		-0.82101,
		1,
	},
	[1.15] = {
		-0.638165,
		0.431185,
		0.637828,
		0,
		0.688234,
		0.690821,
		0.221588,
		0,
		-0.34508,
		0.580384,
		-0.737614,
		0,
		0.094398,
		-0.038474,
		-0.824259,
		1,
	},
	[1.16666666667] = {
		-0.635738,
		0.434731,
		0.637845,
		0,
		0.691048,
		0.688718,
		0.219362,
		0,
		-0.343932,
		0.580238,
		-0.738265,
		0,
		0.103123,
		-0.038649,
		-0.825471,
		1,
	},
	[1.1] = {
		-0.664592,
		0.391052,
		0.636707,
		0,
		0.656004,
		0.713327,
		0.246623,
		0,
		-0.357738,
		0.581586,
		-0.730603,
		0,
		-0.003461,
		-0.034661,
		-0.810725,
		1,
	},
}

return spline_matrices
