-- chunkname: @content/characters/player/ogryn/first_person/animations/2h_axe/attack_left.lua

local spline_matrices = {
	[0.0166666666667] = {
		-0.967222,
		-0.215187,
		0.134821,
		0,
		-0.135977,
		-0.009494,
		-0.990667,
		0,
		0.214459,
		-0.976527,
		-0.020078,
		0,
		0.43444,
		-0.532623,
		-0.880221,
		1,
	},
	[0.0333333333333] = {
		-0.84071,
		-0.50221,
		0.202465,
		0,
		-0.241842,
		0.013706,
		-0.970219,
		0,
		0.484478,
		-0.864637,
		-0.132978,
		0,
		0.532232,
		-0.45978,
		-0.745473,
		1,
	},
	[0.05] = {
		-0.841568,
		-0.49394,
		0.2186,
		0,
		-0.348095,
		0.186486,
		-0.918723,
		0,
		0.413028,
		-0.849262,
		-0.328879,
		0,
		0.649268,
		-0.387263,
		-0.569252,
		1,
	},
	[0.0666666666667] = {
		-0.89632,
		-0.383891,
		0.221896,
		0,
		-0.323626,
		0.224289,
		-0.919217,
		0,
		0.303111,
		-0.895724,
		-0.325272,
		0,
		0.762917,
		-0.311963,
		-0.399854,
		1,
	},
	[0.0833333333333] = {
		-0.873588,
		-0.479881,
		0.080984,
		0,
		-0.151912,
		0.110796,
		-0.982164,
		0,
		0.462349,
		-0.870309,
		-0.16969,
		0,
		0.850568,
		-0.231058,
		-0.285583,
		1,
	},
	[0] = {
		-0.996922,
		-0.011645,
		0.077532,
		0,
		-0.077981,
		0.044998,
		-0.995939,
		0,
		0.008109,
		-0.998919,
		-0.045768,
		0,
		0.393477,
		-0.565797,
		-0.933928,
		1,
	},
	[0.116666666667] = {
		-0.860761,
		-0.498569,
		-0.102561,
		0,
		0.047844,
		0.121353,
		-0.991456,
		0,
		0.506755,
		-0.858314,
		-0.080603,
		0,
		0.914734,
		-0.114233,
		-0.183569,
		1,
	},
	[0.133333333333] = {
		-0.87804,
		-0.462216,
		-0.124107,
		0,
		0.069086,
		0.134191,
		-0.988544,
		0,
		0.473575,
		-0.876555,
		-0.085892,
		0,
		0.923264,
		-0.037876,
		-0.163198,
		1,
	},
	[0.15] = {
		-0.889059,
		-0.435123,
		-0.142274,
		0,
		0.086812,
		0.1449,
		-0.985631,
		0,
		0.449486,
		-0.888635,
		-0.091051,
		0,
		0.924334,
		0.047432,
		-0.15373,
		1,
	},
	[0.166666666667] = {
		-0.896737,
		-0.416165,
		-0.150566,
		0,
		0.095464,
		0.150309,
		-0.984019,
		0,
		0.432146,
		-0.89678,
		-0.095059,
		0,
		0.921546,
		0.130437,
		-0.1463,
		1,
	},
	[0.183333333333] = {
		-0.902187,
		-0.403935,
		-0.15131,
		0,
		0.097284,
		0.151203,
		-0.983704,
		0,
		0.420231,
		-0.902205,
		-0.097117,
		0,
		0.918044,
		0.199911,
		-0.138752,
		1,
	},
	[0.1] = {
		-0.834244,
		-0.544977,
		-0.083887,
		0,
		0.028527,
		0.109274,
		-0.993602,
		0,
		0.550657,
		-0.8313,
		-0.075615,
		0,
		0.895456,
		-0.17033,
		-0.22376,
		1,
	},
	[0.216666666667] = {
		-0.907083,
		-0.392971,
		-0.150911,
		0,
		0.098976,
		0.149349,
		-0.983818,
		0,
		0.409151,
		-0.907341,
		-0.096577,
		0,
		0.907143,
		0.303398,
		-0.132522,
		1,
	},
	[0.233333333333] = {
		-0.90783,
		-0.391532,
		-0.150158,
		0,
		0.099243,
		0.147307,
		-0.984099,
		0,
		0.407426,
		-0.908297,
		-0.094873,
		0,
		0.896968,
		0.348941,
		-0.132375,
		1,
	},
	[0.25] = {
		-0.907952,
		-0.391589,
		-0.149271,
		0,
		0.099286,
		0.14505,
		-0.98443,
		0,
		0.407144,
		-0.908636,
		-0.092819,
		0,
		0.881545,
		0.394922,
		-0.133191,
		1,
	},
	[0.266666666667] = {
		-0.905581,
		-0.397505,
		-0.148028,
		0,
		0.098437,
		0.142509,
		-0.984886,
		0,
		0.412593,
		-0.906466,
		-0.089924,
		0,
		0.859457,
		0.444091,
		-0.136236,
		1,
	},
	[0.283333333333] = {
		-0.896725,
		-0.417871,
		-0.145834,
		0,
		0.09539,
		0.139284,
		-0.985647,
		0,
		0.432186,
		-0.897766,
		-0.085039,
		0,
		0.829297,
		0.499195,
		-0.142531,
		1,
	},
	[0.2] = {
		-0.905351,
		-0.396777,
		-0.151356,
		0,
		0.098369,
		0.150777,
		-0.983661,
		0,
		0.413115,
		-0.905447,
		-0.097476,
		0,
		0.913692,
		0.254834,
		-0.1344,
		1,
	},
	[0.316666666667] = {
		-0.844246,
		-0.518328,
		-0.13633,
		0,
		0.080222,
		0.129292,
		-0.988356,
		0,
		0.529919,
		-0.845352,
		-0.067573,
		0,
		0.718868,
		0.642328,
		-0.160093,
		1,
	},
	[0.333333333333] = {
		-0.791274,
		-0.602948,
		-0.10168,
		0,
		0.067202,
		0.07953,
		-0.994565,
		0,
		0.607758,
		-0.793806,
		-0.02241,
		0,
		0.611611,
		0.736732,
		-0.169127,
		1,
	},
	[0.35] = {
		-0.704947,
		-0.708157,
		-0.039542,
		0,
		0.066371,
		-0.010359,
		-0.997741,
		0,
		0.706148,
		-0.705979,
		0.054304,
		0,
		0.491162,
		0.838245,
		-0.17705,
		1,
	},
	[0.366666666667] = {
		-0.565655,
		-0.824576,
		0.010429,
		0,
		0.089512,
		-0.073967,
		-0.993235,
		0,
		0.81977,
		-0.560895,
		0.115649,
		0,
		0.38078,
		0.938915,
		-0.182615,
		1,
	},
	[0.383333333333] = {
		0.462966,
		-0.886323,
		-0.009682,
		0,
		0.109878,
		0.068226,
		-0.991601,
		0,
		0.879539,
		0.458014,
		0.128974,
		0,
		0.306678,
		1.028411,
		-0.184536,
		1,
	},
	[0.3] = {
		-0.878007,
		-0.457043,
		-0.14218,
		0,
		0.089484,
		0.135072,
		-0.986787,
		0,
		0.470209,
		-0.879128,
		-0.077696,
		0,
		0.789669,
		0.563012,
		-0.15089,
		1,
	},
	[0.416666666667] = {
		0.96317,
		-0.265531,
		0.042393,
		0,
		0.064277,
		0.074274,
		-0.995164,
		0,
		0.261098,
		0.961237,
		0.088606,
		0,
		-0.142039,
		1.010269,
		-0.181868,
		1,
	},
	[0.433333333333] = {
		0.992624,
		0.03517,
		0.116018,
		0,
		0.112611,
		0.086947,
		-0.989828,
		0,
		-0.044899,
		0.995592,
		0.082345,
		0,
		-0.253189,
		0.92569,
		-0.184501,
		1,
	},
	[0.45] = {
		0.954949,
		0.264435,
		0.134706,
		0,
		0.114316,
		0.091111,
		-0.989258,
		0,
		-0.273867,
		0.96009,
		0.056777,
		0,
		-0.34063,
		0.832911,
		-0.189767,
		1,
	},
	[0.466666666667] = {
		0.903436,
		0.407921,
		0.131924,
		0,
		0.103798,
		0.090442,
		-0.990478,
		0,
		-0.415968,
		0.908527,
		0.039367,
		0,
		-0.416367,
		0.732383,
		-0.193961,
		1,
	},
	[0.483333333333] = {
		0.849087,
		0.512379,
		0.128526,
		0,
		0.093796,
		0.093204,
		-0.991219,
		0,
		-0.519859,
		0.853687,
		0.03108,
		0,
		-0.479138,
		0.632351,
		-0.200575,
		1,
	},
	[0.4] = {
		0.846309,
		-0.53127,
		0.038908,
		0,
		0.089871,
		0.070408,
		-0.993462,
		0,
		0.525057,
		0.844272,
		0.107333,
		0,
		0.069524,
		1.050664,
		-0.181962,
		1,
	},
	[0.516666666667] = {
		0.706884,
		0.691348,
		0.14951,
		0,
		0.095491,
		0.116163,
		-0.988629,
		0,
		-0.700854,
		0.713123,
		0.016097,
		0,
		-0.501087,
		0.491174,
		-0.23031,
		1,
	},
	[0.533333333333] = {
		0.626767,
		0.762636,
		0.159844,
		0,
		0.089408,
		0.133394,
		-0.987022,
		0,
		-0.77406,
		0.632924,
		0.015421,
		0,
		-0.495302,
		0.430028,
		-0.248071,
		1,
	},
	[0.55] = {
		0.546718,
		0.821106,
		0.163963,
		0,
		0.073859,
		0.147765,
		-0.986261,
		0,
		-0.834053,
		0.551317,
		0.02014,
		0,
		-0.486872,
		0.370877,
		-0.265653,
		1,
	},
	[0.566666666667] = {
		0.471473,
		0.867035,
		0.161133,
		0,
		0.049466,
		0.156428,
		-0.98645,
		0,
		-0.880492,
		0.473055,
		0.030863,
		0,
		-0.476853,
		0.314726,
		-0.282075,
		1,
	},
	[0.583333333333] = {
		0.404791,
		0.901434,
		0.153493,
		0,
		0.020602,
		0.158827,
		-0.987091,
		0,
		-0.914177,
		0.402728,
		0.04572,
		0,
		-0.465689,
		0.262522,
		-0.297813,
		1,
	},
	[0.5] = {
		0.782435,
		0.607552,
		0.136659,
		0,
		0.094488,
		0.101084,
		-0.990381,
		0,
		-0.615522,
		0.787821,
		0.021685,
		0,
		-0.502967,
		0.553489,
		-0.214081,
		1,
	},
	[0.616666666667] = {
		0.307498,
		0.941988,
		0.134549,
		0,
		-0.032014,
		0.151562,
		-0.987929,
		0,
		-0.95101,
		0.299478,
		0.076762,
		0,
		-0.441691,
		0.172934,
		-0.329192,
		1,
	},
	[0.633333333333] = {
		0.280673,
		0.951159,
		0.128527,
		0,
		-0.047203,
		0.147427,
		-0.987946,
		0,
		-0.958642,
		0.271223,
		0.086276,
		0,
		-0.429492,
		0.137037,
		-0.345569,
		1,
	},
	[0.65] = {
		0.270588,
		0.954281,
		0.127004,
		0,
		-0.052184,
		0.146271,
		-0.987867,
		0,
		-0.96128,
		0.260678,
		0.089377,
		0,
		-0.418298,
		0.108029,
		-0.361731,
		1,
	},
	[0.666666666667] = {
		0.274833,
		0.953114,
		0.126654,
		0,
		-0.054901,
		0.147068,
		-0.987602,
		0,
		-0.959923,
		0.264472,
		0.092746,
		0,
		-0.406903,
		0.086804,
		-0.376039,
		1,
	},
	[0.683333333333] = {
		0.287982,
		0.949602,
		0.123786,
		0,
		-0.061869,
		0.147441,
		-0.987134,
		0,
		-0.955635,
		0.276618,
		0.101211,
		0,
		-0.39361,
		0.072617,
		-0.388489,
		1,
	},
	[0.6] = {
		0.349423,
		0.925878,
		0.143714,
		0,
		-0.008045,
		0.156341,
		-0.98767,
		0,
		-0.936931,
		0.343958,
		0.062078,
		0,
		-0.453846,
		0.21501,
		-0.31338,
		1,
	},
	[0.716666666667] = {
		0.329631,
		0.937852,
		0.108525,
		0,
		-0.083183,
		0.143353,
		-0.98617,
		0,
		-0.940438,
		0.316044,
		0.125267,
		0,
		-0.365716,
		0.058264,
		-0.411217,
		1,
	},
	[0.733333333333] = {
		0.352211,
		0.930914,
		0.096673,
		0,
		-0.094737,
		0.138223,
		-0.98586,
		0,
		-0.931114,
		0.338072,
		0.136875,
		0,
		-0.353294,
		0.054538,
		-0.423219,
		1,
	},
	[0.75] = {
		0.3722,
		0.924317,
		0.084292,
		0,
		-0.104723,
		0.132058,
		-0.985695,
		0,
		-0.922226,
		0.358048,
		0.145949,
		0,
		-0.343324,
		0.050749,
		-0.4368,
		1,
	},
	[0.766666666667] = {
		0.387202,
		0.918982,
		0.074477,
		0,
		-0.111184,
		0.126729,
		-0.985687,
		0,
		-0.915267,
		0.373379,
		0.151246,
		0,
		-0.336865,
		0.045123,
		-0.452828,
		1,
	},
	[0.783333333333] = {
		0.395108,
		0.915901,
		0.070813,
		0,
		-0.111973,
		0.124527,
		-0.985878,
		0,
		-0.911785,
		0.381599,
		0.151758,
		0,
		-0.334962,
		0.035855,
		-0.472173,
		1,
	},
	[0.7] = {
		0.30723,
		0.944314,
		0.117817,
		0,
		-0.071743,
		0.146436,
		-0.986615,
		0,
		-0.948927,
		0.294665,
		0.112737,
		0,
		-0.379516,
		0.063696,
		-0.399928,
		1,
	},
	[0.816666666667] = {
		0.394955,
		0.914742,
		0.085197,
		0,
		-0.069898,
		0.122388,
		-0.990018,
		0,
		-0.916038,
		0.385057,
		0.112276,
		0,
		-0.357114,
		0.003659,
		-0.523402,
		1,
	},
	[0.833333333333] = {
		0.390306,
		0.915175,
		0.100577,
		0,
		-0.026012,
		0.120159,
		-0.992414,
		0,
		-0.920318,
		0.384729,
		0.070705,
		0,
		-0.378139,
		-0.015972,
		-0.55379,
		1,
	},
	[0.85] = {
		0.383387,
		0.915793,
		0.119741,
		0,
		0.02894,
		0.117672,
		-0.992631,
		0,
		-0.923134,
		0.384027,
		0.018611,
		0,
		-0.400858,
		-0.035182,
		-0.58584,
		1,
	},
	[0.866666666667] = {
		0.374845,
		0.916222,
		0.141522,
		0,
		0.091638,
		0.115287,
		-0.989096,
		0,
		-0.922547,
		0.383726,
		-0.040746,
		0,
		-0.421592,
		-0.051846,
		-0.618415,
		1,
	},
	[0.883333333333] = {
		0.365481,
		0.916083,
		0.164973,
		0,
		0.158612,
		0.113351,
		-0.980813,
		0,
		-0.917205,
		0.384635,
		-0.103874,
		0,
		-0.436685,
		-0.063802,
		-0.650375,
		1,
	},
	[0.8] = {
		0.396764,
		0.914862,
		0.074873,
		0,
		-0.099566,
		0.12398,
		-0.987277,
		0,
		-0.912505,
		0.384261,
		0.14028,
		0,
		-0.341482,
		0.02162,
		-0.495817,
		1,
	},
	[0.916666666667] = {
		0.345607,
		0.912901,
		0.21718,
		0,
		0.287444,
		0.117324,
		-0.950585,
		0,
		-0.89327,
		0.390955,
		-0.22186,
		0,
		-0.433381,
		-0.062725,
		-0.710866,
		1,
	},
	[0.933333333333] = {
		0.330566,
		0.910176,
		0.249611,
		0,
		0.33751,
		0.132983,
		-0.931881,
		0,
		-0.88137,
		0.392294,
		-0.263234,
		0,
		-0.408032,
		-0.044243,
		-0.743299,
		1,
	},
	[0.95] = {
		0.310508,
		0.906862,
		0.28493,
		0,
		0.377439,
		0.157482,
		-0.912546,
		0,
		-0.872425,
		0.390897,
		-0.293386,
		0,
		-0.369399,
		-0.015789,
		-0.777158,
		1,
	},
	[0.966666666667] = {
		0.285266,
		0.903005,
		0.321255,
		0,
		0.407991,
		0.188891,
		-0.893232,
		0,
		-0.867275,
		0.385878,
		-0.314534,
		0,
		-0.320396,
		0.02022,
		-0.81171,
		1,
	},
	[0.983333333333] = {
		0.25528,
		0.898638,
		0.356765,
		0,
		0.429845,
		0.225038,
		-0.874409,
		0,
		-0.866063,
		0.376573,
		-0.328828,
		0,
		-0.263916,
		0.061339,
		-0.846219,
		1,
	},
	[0.9] = {
		0.356271,
		0.914977,
		0.189441,
		0,
		0.226341,
		0.112197,
		-0.967565,
		0,
		-0.906554,
		0.387593,
		-0.167125,
		0,
		-0.442503,
		-0.068847,
		-0.680586,
		1,
	},
	[1.01666666667] = {
		0.186088,
		0.888479,
		0.419494,
		0,
		0.450639,
		0.302217,
		-0.839994,
		0,
		-0.873095,
		0.345354,
		-0.344145,
		0,
		-0.139969,
		0.149002,
		-0.912148,
		1,
	},
	[1.03333333333] = {
		0.150828,
		0.882745,
		0.444986,
		0,
		0.451866,
		0.338796,
		-0.825248,
		0,
		-0.879243,
		0.325544,
		-0.347783,
		0,
		-0.078167,
		0.190527,
		-0.942074,
		1,
	},
	[1.05] = {
		0.11845,
		0.87663,
		0.466358,
		0,
		0.449131,
		0.371574,
		-0.812536,
		0,
		-0.88558,
		0.3057,
		-0.349709,
		0,
		-0.020223,
		0.227133,
		-0.968967,
		1,
	},
	[1.06666666667] = {
		0.091751,
		0.870202,
		0.484077,
		0,
		0.444478,
		0.399223,
		-0.80191,
		0,
		-0.891078,
		0.288738,
		-0.350157,
		0,
		0.031078,
		0.256259,
		-0.992065,
		1,
	},
	[1.08333333333] = {
		0.073635,
		0.863552,
		0.498855,
		0,
		0.440167,
		0.420713,
		-0.793255,
		0,
		-0.894891,
		0.277991,
		-0.349128,
		0,
		0.072967,
		0.27533,
		-1.010598,
		1,
	},
	{
		0.221648,
		0.893788,
		0.389891,
		0,
		0.443739,
		0.26359,
		-0.856514,
		0,
		-0.868313,
		0.362855,
		-0.338184,
		0,
		-0.202826,
		0.105099,
		-0.879946,
		1,
	},
	[1.11666666667] = {
		0.06817,
		0.849658,
		0.52291,
		0,
		0.442696,
		0.443943,
		-0.77906,
		0,
		-0.894077,
		0.284598,
		-0.345877,
		0,
		0.125205,
		0.280737,
		-1.033694,
		1,
	},
	[1.13333333333] = {
		0.071135,
		0.84177,
		0.535128,
		0,
		0.453999,
		0.450372,
		-0.768798,
		0,
		-0.888158,
		0.297636,
		-0.350126,
		0,
		0.147329,
		0.279217,
		-1.042907,
		1,
	},
	[1.15] = {
		0.075946,
		0.833167,
		0.547783,
		0,
		0.471806,
		0.453951,
		-0.755862,
		0,
		-0.878425,
		0.315852,
		-0.358617,
		0,
		0.16903,
		0.277229,
		-1.051451,
		1,
	},
	[1.16666666667] = {
		0.082588,
		0.823879,
		0.560716,
		0,
		0.495415,
		0.454253,
		-0.740418,
		0,
		-0.864722,
		0.338937,
		-0.370646,
		0,
		0.190284,
		0.274805,
		-1.059349,
		1,
	},
	[1.18333333333] = {
		0.091034,
		0.813943,
		0.573768,
		0,
		0.524044,
		0.45078,
		-0.722617,
		0,
		-0.846812,
		0.366462,
		-0.385506,
		0,
		0.211064,
		0.271976,
		-1.066623,
		1,
	},
	[1.1] = {
		0.067058,
		0.856799,
		0.511272,
		0,
		0.438517,
		0.434972,
		-0.786449,
		0,
		-0.896218,
		0.276939,
		-0.346552,
		0,
		0.102683,
		0.281757,
		-1.023788,
		1,
	},
	[1.21666666667] = {
		0.113146,
		0.792289,
		0.599563,
		0,
		0.592852,
		0.430411,
		-0.680642,
		0,
		-0.797324,
		0.432464,
		-0.421011,
		0,
		0.251092,
		0.265225,
		-1.079394,
		1,
	},
	[1.23333333333] = {
		0.126664,
		0.780662,
		0.611983,
		0,
		0.631101,
		0.412558,
		-0.656892,
		0,
		-0.765289,
		0.469428,
		-0.44042,
		0,
		0.270285,
		0.261364,
		-1.084938,
		1,
	},
	[1.25] = {
		0.141616,
		0.768582,
		0.62388,
		0,
		0.670501,
		0.389177,
		-0.631641,
		0,
		-0.728267,
		0.507763,
		-0.460221,
		0,
		0.288869,
		0.257248,
		-1.089953,
		1,
	},
	[1.26666666667] = {
		0.157795,
		0.756127,
		0.635116,
		0,
		0.709951,
		0.360171,
		-0.605183,
		0,
		-0.686346,
		0.546396,
		-0.47998,
		0,
		0.30679,
		0.252943,
		-1.094464,
		1,
	},
	[1.28333333333] = {
		0.175043,
		0.743373,
		0.645567,
		0,
		0.748402,
		0.325581,
		-0.577834,
		0,
		-0.63973,
		0.584289,
		-0.499351,
		0,
		0.324016,
		0.248495,
		-1.098494,
		1,
	},
	[1.2] = {
		0.101241,
		0.803399,
		0.586772,
		0,
		0.556833,
		0.443003,
		-0.702627,
		0,
		-0.824431,
		0.397869,
		-0.402509,
		0,
		0.231342,
		0.268772,
		-1.073297,
		1,
	},
	[1.31666666667] = {
		0.212018,
		0.717295,
		0.663729,
		0,
		0.818408,
		0.240857,
		-0.521724,
		0,
		-0.534094,
		0.653816,
		-0.535974,
		0,
		0.356263,
		0.239347,
		-1.105215,
		1,
	},
	[1.33333333333] = {
		0.231336,
		0.704157,
		0.671303,
		0,
		0.848281,
		0.191856,
		-0.49357,
		0,
		-0.476344,
		0.683633,
		-0.552939,
		0,
		0.371223,
		0.234737,
		-1.107957,
		1,
	},
	[1.35] = {
		0.25091,
		0.691085,
		0.677825,
		0,
		0.873869,
		0.139507,
		-0.465716,
		0,
		-0.41641,
		0.709183,
		-0.568914,
		0,
		0.385367,
		0.230164,
		-1.11032,
		1,
	},
	[1.36666666667] = {
		0.270504,
		0.678187,
		0.683294,
		0,
		0.894767,
		0.084815,
		-0.438404,
		0,
		-0.355274,
		0.729979,
		-0.583876,
		0,
		0.398663,
		0.225674,
		-1.112332,
		1,
	},
	[1.38333333333] = {
		0.289875,
		0.665576,
		0.687737,
		0,
		0.910792,
		0.028894,
		-0.411854,
		0,
		-0.293992,
		0.745771,
		-0.597825,
		0,
		0.411083,
		0.221311,
		-1.114018,
		1,
	},
	[1.3] = {
		0.193183,
		0.730399,
		0.655132,
		0,
		0.784857,
		0.285656,
		-0.54991,
		0,
		-0.588796,
		0.620418,
		-0.518075,
		0,
		0.340517,
		0.243948,
		-1.102069,
		1,
	},
	[1.41666666667] = {
		0.326964,
		0.641687,
		0.693781,
		0,
		0.928628,
		-0.081944,
		-0.36185,
		0,
		-0.175343,
		0.762576,
		-0.622681,
		0,
		0.433171,
		0.213155,
		-1.116519,
		1,
	},
	[1.43333333333] = {
		0.344191,
		0.630656,
		0.695562,
		0,
		0.931189,
		-0.134541,
		-0.338802,
		0,
		-0.120086,
		0.764311,
		-0.633567,
		0,
		0.44278,
		0.209454,
		-1.117387,
		1,
	},
	[1.45] = {
		0.360218,
		0.620401,
		0.696667,
		0,
		0.930325,
		-0.183808,
		-0.317348,
		0,
		-0.068831,
		0.762441,
		-0.643386,
		0,
		0.451393,
		0.206064,
		-1.118035,
		1,
	},
	[1.46666666667] = {
		0.374814,
		0.611052,
		0.697231,
		0,
		0.926829,
		-0.228779,
		-0.297738,
		0,
		-0.022422,
		0.75781,
		-0.65209,
		0,
		0.45898,
		0.203034,
		-1.11849,
		1,
	},
	[1.48333333333] = {
		0.38775,
		0.602735,
		0.697396,
		0,
		0.921581,
		-0.268603,
		-0.280252,
		0,
		0.018405,
		0.751374,
		-0.659619,
		0,
		0.465512,
		0.200409,
		-1.118779,
		1,
	},
	[1.4] = {
		0.308777,
		0.653369,
		0.691206,
		0,
		0.921988,
		-0.027085,
		-0.38627,
		0,
		-0.233655,
		0.756555,
		-0.610762,
		0,
		0.422596,
		0.217123,
		-1.115405,
		1,
	},
	[1.51666666667] = {
		0.407772,
		0.589653,
		0.69716,
		0,
		0.909496,
		-0.329914,
		-0.25293,
		0,
		0.080862,
		0.737202,
		-0.670817,
		0,
		0.475292,
		0.196647,
		-1.118947,
		1,
	},
	[1.53333333333] = {
		0.414438,
		0.585149,
		0.697023,
		0,
		0.904406,
		-0.350183,
		-0.243766,
		0,
		0.101446,
		0.731418,
		-0.674342,
		0,
		0.478482,
		0.195581,
		-1.118882,
		1,
	},
	[1.55] = {
		0.418601,
		0.582187,
		0.697016,
		0,
		0.90095,
		-0.362796,
		-0.238049,
		0,
		0.114286,
		0.727624,
		-0.676388,
		0,
		0.480501,
		0.195081,
		-1.118759,
		1,
	},
	[1.56666666667] = {
		0.420063,
		0.580894,
		0.697215,
		0,
		0.899676,
		-0.367207,
		-0.236099,
		0,
		0.118874,
		0.726444,
		-0.676867,
		0,
		0.481319,
		0.195163,
		-1.118608,
		1,
	},
	[1.58333333333] = {
		0.420108,
		0.580474,
		0.697538,
		0,
		0.89962,
		-0.367314,
		-0.236147,
		0,
		0.119138,
		0.726726,
		-0.676517,
		0,
		0.481516,
		0.195562,
		-1.118453,
		1,
	},
	[1.5] = {
		0.398807,
		0.595561,
		0.697323,
		0,
		0.915501,
		-0.30253,
		-0.265204,
		0,
		0.053016,
		0.744165,
		-0.665888,
		0,
		0.470958,
		0.198262,
		-1.118923,
		1,
	},
	[1.61666666667] = {
		0.420191,
		0.579653,
		0.69817,
		0,
		0.899522,
		-0.367462,
		-0.236289,
		0,
		0.119585,
		0.727306,
		-0.675815,
		0,
		0.481843,
		0.196405,
		-1.118165,
		1,
	},
	[1.63333333333] = {
		0.420227,
		0.579287,
		0.698453,
		0,
		0.899481,
		-0.367509,
		-0.23637,
		0,
		0.119762,
		0.727574,
		-0.675495,
		0,
		0.481971,
		0.196802,
		-1.11804,
		1,
	},
	[1.65] = {
		0.420257,
		0.578972,
		0.698696,
		0,
		0.899448,
		-0.367541,
		-0.236445,
		0,
		0.119904,
		0.727808,
		-0.675217,
		0,
		0.482072,
		0.197152,
		-1.117935,
		1,
	},
	[1.66666666667] = {
		0.42028,
		0.578726,
		0.698885,
		0,
		0.899423,
		-0.367561,
		-0.236509,
		0,
		0.120009,
		0.727993,
		-0.674999,
		0,
		0.482146,
		0.19743,
		-1.117854,
		1,
	},
	[1.68333333333] = {
		0.420295,
		0.578566,
		0.699008,
		0,
		0.899408,
		-0.367572,
		-0.236553,
		0,
		0.120074,
		0.728115,
		-0.674856,
		0,
		0.482191,
		0.197615,
		-1.117801,
		1,
	},
	[1.6] = {
		0.420151,
		0.580054,
		0.697861,
		0,
		0.899568,
		-0.367398,
		-0.236213,
		0,
		0.119376,
		0.727018,
		-0.676161,
		0,
		0.481692,
		0.195984,
		-1.118304,
		1,
	},
	[1.7] = {
		0.420301,
		0.578509,
		0.699052,
		0,
		0.899402,
		-0.367574,
		-0.236569,
		0,
		0.120096,
		0.728159,
		-0.674804,
		0,
		0.482207,
		0.197681,
		-1.117783,
		1,
	},
}

return spline_matrices
