-- chunkname: @content/characters/player/ogryn/first_person/animations/2h_axe/attack_right.lua

local spline_matrices = {
	[0.0166666666667] = {
		-0.451914,
		0.109651,
		-0.885297,
		0,
		0.874459,
		0.250627,
		-0.41534,
		0,
		0.176337,
		-0.961854,
		-0.209147,
		0,
		-0.680953,
		-0.455665,
		-0.65679,
		1,
	},
	[0.0333333333333] = {
		-0.451914,
		0.109651,
		-0.885297,
		0,
		0.874459,
		0.250627,
		-0.41534,
		0,
		0.176337,
		-0.961854,
		-0.209147,
		0,
		-0.680953,
		-0.455665,
		-0.65679,
		1,
	},
	[0.05] = {
		-0.451914,
		0.109651,
		-0.885297,
		0,
		0.874459,
		0.250627,
		-0.41534,
		0,
		0.176337,
		-0.961854,
		-0.209147,
		0,
		-0.680953,
		-0.455665,
		-0.65679,
		1,
	},
	[0.0666666666667] = {
		-0.451914,
		0.109651,
		-0.885297,
		0,
		0.874459,
		0.250627,
		-0.41534,
		0,
		0.176337,
		-0.961854,
		-0.209147,
		0,
		-0.680953,
		-0.455665,
		-0.65679,
		1,
	},
	[0.0833333333333] = {
		-0.451914,
		0.109651,
		-0.885297,
		0,
		0.874459,
		0.250627,
		-0.41534,
		0,
		0.176337,
		-0.961854,
		-0.209147,
		0,
		-0.680953,
		-0.455665,
		-0.65679,
		1,
	},
	[0] = {
		-0.451914,
		0.109651,
		-0.885297,
		0,
		0.874459,
		0.250627,
		-0.41534,
		0,
		0.176337,
		-0.961854,
		-0.209147,
		0,
		-0.680953,
		-0.455665,
		-0.65679,
		1,
	},
	[0.116666666667] = {
		-0.365839,
		0.109522,
		-0.924212,
		0,
		0.912352,
		0.238305,
		-0.332904,
		0,
		0.183784,
		-0.964995,
		-0.187104,
		0,
		-0.676946,
		-0.409131,
		-0.636761,
		1,
	},
	[0.133333333333] = {
		-0.13357,
		0.10682,
		-0.985266,
		0,
		0.972176,
		0.207172,
		-0.109335,
		0,
		0.19244,
		-0.972455,
		-0.13152,
		0,
		-0.66578,
		-0.288444,
		-0.586748,
		1,
	},
	[0.15] = {
		0.187798,
		0.09789,
		-0.977317,
		0,
		0.965081,
		0.166613,
		0.202135,
		0,
		0.182621,
		-0.981151,
		-0.063182,
		0,
		-0.648602,
		-0.121999,
		-0.521882,
		1,
	},
	[0.166666666667] = {
		0.505699,
		0.080295,
		-0.858965,
		0,
		0.849535,
		0.126994,
		0.512018,
		0,
		0.150196,
		-0.988648,
		-0.003992,
		0,
		-0.626897,
		0.061793,
		-0.457244,
		1,
	},
	[0.183333333333] = {
		0.735138,
		0.053426,
		-0.675809,
		0,
		0.669639,
		0.098091,
		0.73618,
		0,
		0.105622,
		-0.993742,
		0.036334,
		0,
		-0.602876,
		0.234527,
		-0.407795,
		1,
	},
	[0.1] = {
		-0.451914,
		0.109651,
		-0.885297,
		0,
		0.874459,
		0.250627,
		-0.41534,
		0,
		0.176337,
		-0.961854,
		-0.209147,
		0,
		-0.680953,
		-0.455665,
		-0.65679,
		1,
	},
	[0.216666666667] = {
		0.885026,
		-0.016181,
		-0.465261,
		0,
		0.464774,
		0.088108,
		0.881035,
		0,
		0.026737,
		-0.995979,
		0.085499,
		0,
		-0.563111,
		0.460345,
		-0.393408,
		1,
	},
	[0.233333333333] = {
		0.896778,
		-0.044401,
		-0.440246,
		0,
		0.442479,
		0.088418,
		0.892409,
		0,
		-0.000698,
		-0.995093,
		0.098938,
		0,
		-0.553192,
		0.534131,
		-0.405172,
		1,
	},
	[0.25] = {
		0.896117,
		-0.084042,
		-0.435789,
		0,
		0.44233,
		0.08875,
		0.892451,
		0,
		-0.036327,
		-0.992502,
		0.116705,
		0,
		-0.54332,
		0.596217,
		-0.420247,
		1,
	},
	[0.266666666667] = {
		0.890432,
		-0.151798,
		-0.429055,
		0,
		0.444652,
		0.089168,
		0.891254,
		0,
		-0.097033,
		-0.984381,
		0.146895,
		0,
		-0.526561,
		0.653849,
		-0.43528,
		1,
	},
	[0.283333333333] = {
		0.880442,
		-0.262566,
		-0.394817,
		0,
		0.429549,
		0.089107,
		0.898636,
		0,
		-0.20077,
		-0.960791,
		0.191238,
		0,
		-0.496143,
		0.714153,
		-0.446837,
		1,
	},
	[0.2] = {
		0.847508,
		0.017159,
		-0.530506,
		0,
		0.527272,
		0.087562,
		0.845173,
		0,
		0.060955,
		-0.996011,
		0.065162,
		0,
		-0.579573,
		0.367829,
		-0.388368,
		1,
	},
	[0.316666666667] = {
		0.395412,
		-0.826646,
		0.400382,
		0,
		0.1067,
		0.474296,
		0.873875,
		0,
		-0.912285,
		-0.30282,
		0.275745,
		0,
		-0.216439,
		0.894779,
		-0.37254,
		1,
	},
	[0.333333333333] = {
		0.018612,
		-0.995159,
		-0.096497,
		0,
		0.025163,
		-0.096017,
		0.995062,
		0,
		-0.99951,
		-0.020948,
		0.023254,
		0,
		0.08386,
		0.995285,
		-0.263306,
		1,
	},
	[0.35] = {
		-0.300721,
		-0.819005,
		-0.488669,
		0,
		-0.083122,
		-0.487929,
		0.868917,
		0,
		-0.950083,
		0.301921,
		0.078653,
		0,
		0.243672,
		1.030535,
		-0.219855,
		1,
	},
	[0.366666666667] = {
		-0.849047,
		-0.519312,
		-0.097131,
		0,
		-0.035139,
		-0.127933,
		0.99116,
		0,
		-0.527148,
		0.844954,
		0.090373,
		0,
		0.373142,
		1.038487,
		-0.206668,
		1,
	},
	[0.383333333333] = {
		-0.96956,
		-0.242624,
		-0.032963,
		0,
		-0.003108,
		-0.122417,
		0.992474,
		0,
		-0.244833,
		0.962366,
		0.117936,
		0,
		0.551964,
		0.951074,
		-0.253719,
		1,
	},
	[0.3] = {
		0.850992,
		-0.426298,
		-0.306728,
		0,
		0.375909,
		0.086575,
		0.922604,
		0,
		-0.366749,
		-0.900431,
		0.233923,
		0,
		-0.445324,
		0.784352,
		-0.451468,
		1,
	},
	[0.416666666667] = {
		-0.944293,
		0.318412,
		0.083208,
		0,
		0.037051,
		-0.148369,
		0.988238,
		0,
		0.327013,
		0.936269,
		0.128307,
		0,
		0.650282,
		0.633861,
		-0.288821,
		1,
	},
	[0.433333333333] = {
		-0.76845,
		0.621832,
		0.151028,
		0,
		0.047669,
		-0.179731,
		0.98256,
		0,
		0.638132,
		0.762248,
		0.108472,
		0,
		0.634796,
		0.452039,
		-0.265737,
		1,
	},
	[0.45] = {
		-0.558563,
		0.81373,
		0.160783,
		0,
		0.030558,
		-0.173522,
		0.984356,
		0,
		0.828899,
		0.554738,
		0.072057,
		0,
		0.620405,
		0.303428,
		-0.243639,
		1,
	},
	[0.466666666667] = {
		-0.461103,
		0.874534,
		0.150247,
		0,
		0.019585,
		-0.15925,
		0.987044,
		0,
		0.887131,
		0.458071,
		0.056302,
		0,
		0.614041,
		0.242502,
		-0.233595,
		1,
	},
	[0.483333333333] = {
		-0.462284,
		0.873851,
		0.150594,
		0,
		0.019801,
		-0.159615,
		0.986981,
		0,
		0.886511,
		0.459247,
		0.056484,
		0,
		0.613712,
		0.243424,
		-0.233498,
		1,
	},
	[0.4] = {
		-0.999974,
		0.006662,
		-0.00258,
		0,
		-0.003375,
		-0.122192,
		0.992501,
		0,
		0.006296,
		0.992484,
		0.122212,
		0,
		0.657601,
		0.795437,
		-0.300307,
		1,
	},
	[0.516666666667] = {
		-0.464047,
		0.872822,
		0.151134,
		0,
		0.020171,
		-0.160161,
		0.986885,
		0,
		0.885581,
		0.46101,
		0.056717,
		0,
		0.613207,
		0.244806,
		-0.233382,
		1,
	},
	[0.533333333333] = {
		-0.464667,
		0.87246,
		0.151321,
		0,
		0.020329,
		-0.160335,
		0.986853,
		0,
		0.885252,
		0.461635,
		0.056766,
		0,
		0.613021,
		0.245291,
		-0.233362,
		1,
	},
	[0.55] = {
		-0.465138,
		0.872187,
		0.15145,
		0,
		0.020474,
		-0.160438,
		0.986833,
		0,
		0.885002,
		0.462114,
		0.056769,
		0,
		0.612872,
		0.245655,
		-0.233368,
		1,
	},
	[0.566666666667] = {
		-0.465478,
		0.871994,
		0.151516,
		0,
		0.020608,
		-0.160468,
		0.986826,
		0,
		0.88482,
		0.462468,
		0.056724,
		0,
		0.612757,
		0.24591,
		-0.233402,
		1,
	},
	[0.583333333333] = {
		-0.465706,
		0.871869,
		0.151535,
		0,
		0.020733,
		-0.160441,
		0.986828,
		0,
		0.884697,
		0.462713,
		0.056642,
		0,
		0.61267,
		0.246074,
		-0.233457,
		1,
	},
	[0.5] = {
		-0.463259,
		0.873283,
		0.150891,
		0,
		0.019996,
		-0.15992,
		0.986928,
		0,
		0.885997,
		0.460221,
		0.056622,
		0,
		0.613436,
		0.244188,
		-0.233427,
		1,
	},
	[0.616666666667] = {
		-0.465901,
		0.871772,
		0.151494,
		0,
		0.020968,
		-0.160286,
		0.986848,
		0,
		0.884589,
		0.46295,
		0.056398,
		0,
		0.612561,
		0.246197,
		-0.233615,
		1,
	},
	[0.633333333333] = {
		-0.465905,
		0.871779,
		0.151438,
		0,
		0.021084,
		-0.160162,
		0.986866,
		0,
		0.884583,
		0.462979,
		0.05624,
		0,
		0.612528,
		0.246183,
		-0.233715,
		1,
	},
	[0.65] = {
		-0.46581,
		0.871843,
		0.15136,
		0,
		0.02119,
		-0.160011,
		0.986888,
		0,
		0.884631,
		0.46291,
		0.05606,
		0,
		0.612521,
		0.246093,
		-0.233828,
		1,
	},
	[0.666666666667] = {
		-0.465568,
		0.871989,
		0.151264,
		0,
		0.021279,
		-0.159839,
		0.986914,
		0,
		0.884756,
		0.462695,
		0.055861,
		0,
		0.612553,
		0.245895,
		-0.233953,
		1,
	},
	[0.683333333333] = {
		-0.465191,
		0.87221,
		0.151151,
		0,
		0.02135,
		-0.159647,
		0.986943,
		0,
		0.884953,
		0.462345,
		0.055644,
		0,
		0.612621,
		0.245597,
		-0.234088,
		1,
	},
	[0.6] = {
		-0.46584,
		0.871798,
		0.151528,
		0,
		0.020852,
		-0.16038,
		0.986835,
		0,
		0.884623,
		0.462867,
		0.056532,
		0,
		0.612606,
		0.246165,
		-0.233529,
		1,
	},
	[0.716666666667] = {
		-0.464081,
		0.872847,
		0.150885,
		0,
		0.02145,
		-0.159215,
		0.987011,
		0,
		0.885533,
		0.461289,
		0.055166,
		0,
		0.612851,
		0.24474,
		-0.234384,
		1,
	},
	[0.733333333333] = {
		-0.463372,
		0.87325,
		0.150735,
		0,
		0.021481,
		-0.158979,
		0.987048,
		0,
		0.885904,
		0.460608,
		0.054908,
		0,
		0.613006,
		0.244199,
		-0.234544,
		1,
	},
	[0.75] = {
		-0.462576,
		0.873699,
		0.150576,
		0,
		0.021502,
		-0.158734,
		0.987087,
		0,
		0.886319,
		0.459841,
		0.054641,
		0,
		0.613183,
		0.243595,
		-0.234709,
		1,
	},
	[0.766666666667] = {
		-0.461706,
		0.874188,
		0.150411,
		0,
		0.021513,
		-0.158482,
		0.987128,
		0,
		0.886772,
		0.458999,
		0.054365,
		0,
		0.613379,
		0.242937,
		-0.234878,
		1,
	},
	[0.783333333333] = {
		-0.460774,
		0.874708,
		0.150242,
		0,
		0.021517,
		-0.158224,
		0.987169,
		0,
		0.887257,
		0.458094,
		0.054085,
		0,
		0.61359,
		0.242235,
		-0.235051,
		1,
	},
	[0.7] = {
		-0.464691,
		0.872498,
		0.151024,
		0,
		0.021407,
		-0.159438,
		0.986976,
		0,
		0.885214,
		0.461872,
		0.055412,
		0,
		0.612721,
		0.245209,
		-0.234232,
		1,
	},
	[0.816666666667] = {
		-0.458772,
		0.875819,
		0.149898,
		0,
		0.021507,
		-0.157705,
		0.987252,
		0,
		0.888294,
		0.456148,
		0.053514,
		0,
		0.614047,
		0.240732,
		-0.235403,
		1,
	},
	[0.833333333333] = {
		-0.457727,
		0.876395,
		0.149728,
		0,
		0.021497,
		-0.157447,
		0.987293,
		0,
		0.888833,
		0.455129,
		0.053228,
		0,
		0.614285,
		0.23995,
		-0.23558,
		1,
	},
	[0.85] = {
		-0.456668,
		0.876975,
		0.149562,
		0,
		0.021486,
		-0.157195,
		0.987334,
		0,
		0.889378,
		0.454097,
		0.052944,
		0,
		0.614525,
		0.23916,
		-0.235755,
		1,
	},
	[0.866666666667] = {
		-0.455609,
		0.877553,
		0.149402,
		0,
		0.021474,
		-0.15695,
		0.987373,
		0,
		0.889921,
		0.453064,
		0.052663,
		0,
		0.614765,
		0.238372,
		-0.235928,
		1,
	},
	[0.883333333333] = {
		-0.45456,
		0.878123,
		0.149251,
		0,
		0.021464,
		-0.156715,
		0.987411,
		0,
		0.890457,
		0.452041,
		0.052389,
		0,
		0.615001,
		0.237594,
		-0.236098,
		1,
	},
	[0.8] = {
		-0.459792,
		0.875254,
		0.15007,
		0,
		0.021514,
		-0.157964,
		0.98721,
		0,
		0.887766,
		0.45714,
		0.0538,
		0,
		0.613814,
		0.241496,
		-0.235227,
		1,
	},
	[0.916666666667] = {
		-0.452547,
		0.879207,
		0.148981,
		0,
		0.021453,
		-0.156285,
		0.987479,
		0,
		0.891482,
		0.450077,
		0.051865,
		0,
		0.615449,
		0.236106,
		-0.236424,
		1,
	},
	[0.933333333333] = {
		-0.451607,
		0.87971,
		0.148868,
		0,
		0.021456,
		-0.156096,
		0.987509,
		0,
		0.891959,
		0.44916,
		0.051619,
		0,
		0.615655,
		0.235414,
		-0.236578,
		1,
	},
	[0.95] = {
		-0.450728,
		0.880177,
		0.148772,
		0,
		0.021466,
		-0.155926,
		0.987536,
		0,
		0.892403,
		0.448303,
		0.051386,
		0,
		0.615844,
		0.23477,
		-0.236724,
		1,
	},
	[0.966666666667] = {
		-0.449922,
		0.880602,
		0.148696,
		0,
		0.021486,
		-0.155778,
		0.987558,
		0,
		0.89281,
		0.447519,
		0.051168,
		0,
		0.616015,
		0.234183,
		-0.236862,
		1,
	},
	[0.983333333333] = {
		-0.449201,
		0.88098,
		0.148634,
		0,
		0.021515,
		-0.155649,
		0.987578,
		0,
		0.893171,
		0.446819,
		0.050963,
		0,
		0.616163,
		0.23366,
		-0.236992,
		1,
	},
	[0.9] = {
		-0.453536,
		0.878676,
		0.14911,
		0,
		0.021456,
		-0.156493,
		0.987446,
		0,
		0.89098,
		0.451041,
		0.052122,
		0,
		0.61523,
		0.236835,
		-0.236264,
		1,
	},
	[1.01666666667] = {
		-0.448068,
		0.881573,
		0.148538,
		0,
		0.021613,
		-0.15542,
		0.987612,
		0,
		0.893738,
		0.445728,
		0.050585,
		0,
		0.616382,
		0.232837,
		-0.237233,
		1,
	},
	[1.03333333333] = {
		-0.44768,
		0.881777,
		0.148501,
		0,
		0.021683,
		-0.155319,
		0.987626,
		0,
		0.893931,
		0.44536,
		0.050414,
		0,
		0.616447,
		0.232553,
		-0.237344,
		1,
	},
	[1.05] = {
		-0.447382,
		0.881933,
		0.148471,
		0,
		0.021762,
		-0.155227,
		0.987639,
		0,
		0.894078,
		0.445083,
		0.050253,
		0,
		0.616489,
		0.232335,
		-0.237447,
		1,
	},
	[1.06666666667] = {
		-0.447132,
		0.882064,
		0.148447,
		0,
		0.021841,
		-0.155145,
		0.98765,
		0,
		0.894201,
		0.444853,
		0.050105,
		0,
		0.616522,
		0.232152,
		-0.237542,
		1,
	},
	[1.08333333333] = {
		-0.446926,
		0.882171,
		0.148429,
		0,
		0.02192,
		-0.155073,
		0.98766,
		0,
		0.894303,
		0.444664,
		0.049969,
		0,
		0.616545,
		0.232001,
		-0.23763,
		1,
	},
	{
		-0.448579,
		0.881306,
		0.148582,
		0,
		0.021557,
		-0.155529,
		0.987596,
		0,
		0.893483,
		0.446218,
		0.050769,
		0,
		0.616287,
		0.233209,
		-0.237116,
		1,
	},
	[1.11666666667] = {
		-0.446626,
		0.882327,
		0.148407,
		0,
		0.022068,
		-0.154956,
		0.987675,
		0,
		0.894449,
		0.444396,
		0.049736,
		0,
		0.616569,
		0.231782,
		-0.237781,
		1,
	},
	[1.13333333333] = {
		-0.446524,
		0.882379,
		0.148401,
		0,
		0.022135,
		-0.15491,
		0.987681,
		0,
		0.894498,
		0.444308,
		0.04964,
		0,
		0.616572,
		0.231708,
		-0.237844,
		1,
	},
	[1.15] = {
		-0.44645,
		0.882417,
		0.148399,
		0,
		0.022195,
		-0.154872,
		0.987685,
		0,
		0.894533,
		0.444245,
		0.049557,
		0,
		0.616572,
		0.231654,
		-0.237898,
		1,
	},
	[1.16666666667] = {
		-0.446398,
		0.882444,
		0.148398,
		0,
		0.022248,
		-0.154842,
		0.987689,
		0,
		0.894558,
		0.444204,
		0.049489,
		0,
		0.616568,
		0.231616,
		-0.237943,
		1,
	},
	[1.18333333333] = {
		-0.446365,
		0.88246,
		0.148399,
		0,
		0.022291,
		-0.15482,
		0.987691,
		0,
		0.894573,
		0.444178,
		0.049435,
		0,
		0.616564,
		0.231593,
		-0.237978,
		1,
	},
	[1.1] = {
		-0.446758,
		0.882258,
		0.148416,
		0,
		0.021996,
		-0.15501,
		0.987668,
		0,
		0.894384,
		0.444513,
		0.049846,
		0,
		0.61656,
		0.231878,
		-0.23771,
		1,
	},
	[1.21666666667] = {
		-0.446338,
		0.882473,
		0.148402,
		0,
		0.022345,
		-0.154795,
		0.987694,
		0,
		0.894586,
		0.444161,
		0.049372,
		0,
		0.616555,
		0.231574,
		-0.23802,
		1,
	},
	[1.23333333333] = {
		-0.446336,
		0.882474,
		0.148402,
		0,
		0.022352,
		-0.154792,
		0.987694,
		0,
		0.894586,
		0.444161,
		0.049364,
		0,
		0.616553,
		0.231573,
		-0.238025,
		1,
	},
	[1.25] = {
		-0.446336,
		0.882474,
		0.148402,
		0,
		0.022352,
		-0.154792,
		0.987694,
		0,
		0.894586,
		0.444161,
		0.049364,
		0,
		0.616553,
		0.231573,
		-0.238025,
		1,
	},
	[1.26666666667] = {
		-0.446336,
		0.882474,
		0.148402,
		0,
		0.022352,
		-0.154792,
		0.987694,
		0,
		0.894586,
		0.444161,
		0.049364,
		0,
		0.616553,
		0.231573,
		-0.238025,
		1,
	},
	[1.28333333333] = {
		-0.446336,
		0.882474,
		0.148402,
		0,
		0.022352,
		-0.154792,
		0.987694,
		0,
		0.894586,
		0.444161,
		0.049364,
		0,
		0.616553,
		0.231573,
		-0.238025,
		1,
	},
	[1.2] = {
		-0.446346,
		0.88247,
		0.1484,
		0,
		0.022324,
		-0.154804,
		0.987693,
		0,
		0.894582,
		0.444166,
		0.049396,
		0,
		0.616559,
		0.23158,
		-0.238004,
		1,
	},
	[1.31666666667] = {
		-0.446336,
		0.882474,
		0.148402,
		0,
		0.022352,
		-0.154792,
		0.987694,
		0,
		0.894586,
		0.444161,
		0.049364,
		0,
		0.616553,
		0.231573,
		-0.238025,
		1,
	},
	[1.33333333333] = {
		-0.446336,
		0.882474,
		0.148402,
		0,
		0.022352,
		-0.154792,
		0.987694,
		0,
		0.894586,
		0.444161,
		0.049364,
		0,
		0.616553,
		0.231573,
		-0.238025,
		1,
	},
	[1.35] = {
		-0.446336,
		0.882474,
		0.148402,
		0,
		0.022352,
		-0.154792,
		0.987694,
		0,
		0.894586,
		0.444161,
		0.049364,
		0,
		0.616553,
		0.231573,
		-0.238025,
		1,
	},
	[1.36666666667] = {
		-0.446336,
		0.882474,
		0.148402,
		0,
		0.022352,
		-0.154792,
		0.987694,
		0,
		0.894586,
		0.444161,
		0.049364,
		0,
		0.616553,
		0.231573,
		-0.238025,
		1,
	},
	[1.38333333333] = {
		-0.446336,
		0.882474,
		0.148402,
		0,
		0.022352,
		-0.154792,
		0.987694,
		0,
		0.894586,
		0.444161,
		0.049364,
		0,
		0.616553,
		0.231573,
		-0.238025,
		1,
	},
	[1.3] = {
		-0.446336,
		0.882474,
		0.148402,
		0,
		0.022352,
		-0.154792,
		0.987694,
		0,
		0.894586,
		0.444161,
		0.049364,
		0,
		0.616553,
		0.231573,
		-0.238025,
		1,
	},
	[1.41666666667] = {
		-0.446336,
		0.882474,
		0.148402,
		0,
		0.022352,
		-0.154792,
		0.987694,
		0,
		0.894586,
		0.444161,
		0.049364,
		0,
		0.616553,
		0.231573,
		-0.238025,
		1,
	},
	[1.43333333333] = {
		-0.446336,
		0.882474,
		0.148402,
		0,
		0.022352,
		-0.154792,
		0.987694,
		0,
		0.894586,
		0.444161,
		0.049364,
		0,
		0.616553,
		0.231573,
		-0.238025,
		1,
	},
	[1.45] = {
		-0.446336,
		0.882474,
		0.148402,
		0,
		0.022352,
		-0.154792,
		0.987694,
		0,
		0.894586,
		0.444161,
		0.049364,
		0,
		0.616553,
		0.231573,
		-0.238025,
		1,
	},
	[1.46666666667] = {
		-0.446336,
		0.882474,
		0.148402,
		0,
		0.022352,
		-0.154792,
		0.987694,
		0,
		0.894586,
		0.444161,
		0.049364,
		0,
		0.616553,
		0.231573,
		-0.238025,
		1,
	},
	[1.48333333333] = {
		-0.446336,
		0.882474,
		0.148402,
		0,
		0.022352,
		-0.154792,
		0.987694,
		0,
		0.894586,
		0.444161,
		0.049364,
		0,
		0.616553,
		0.231573,
		-0.238025,
		1,
	},
	[1.4] = {
		-0.446336,
		0.882474,
		0.148402,
		0,
		0.022352,
		-0.154792,
		0.987694,
		0,
		0.894586,
		0.444161,
		0.049364,
		0,
		0.616553,
		0.231573,
		-0.238025,
		1,
	},
	[1.51666666667] = {
		-0.446336,
		0.882474,
		0.148402,
		0,
		0.022352,
		-0.154792,
		0.987694,
		0,
		0.894586,
		0.444161,
		0.049364,
		0,
		0.616553,
		0.231573,
		-0.238025,
		1,
	},
	[1.53333333333] = {
		-0.446336,
		0.882474,
		0.148402,
		0,
		0.022352,
		-0.154792,
		0.987694,
		0,
		0.894586,
		0.444161,
		0.049364,
		0,
		0.616553,
		0.231573,
		-0.238025,
		1,
	},
	[1.55] = {
		-0.446336,
		0.882474,
		0.148402,
		0,
		0.022352,
		-0.154792,
		0.987694,
		0,
		0.894586,
		0.444161,
		0.049364,
		0,
		0.616553,
		0.231573,
		-0.238025,
		1,
	},
	[1.56666666667] = {
		-0.446336,
		0.882474,
		0.148402,
		0,
		0.022352,
		-0.154792,
		0.987694,
		0,
		0.894586,
		0.444161,
		0.049364,
		0,
		0.616553,
		0.231573,
		-0.238025,
		1,
	},
	[1.58333333333] = {
		-0.446336,
		0.882474,
		0.148402,
		0,
		0.022352,
		-0.154792,
		0.987694,
		0,
		0.894586,
		0.444161,
		0.049364,
		0,
		0.616553,
		0.231573,
		-0.238025,
		1,
	},
	[1.5] = {
		-0.446336,
		0.882474,
		0.148402,
		0,
		0.022352,
		-0.154792,
		0.987694,
		0,
		0.894586,
		0.444161,
		0.049364,
		0,
		0.616553,
		0.231573,
		-0.238025,
		1,
	},
	[1.6] = {
		-0.446336,
		0.882474,
		0.148402,
		0,
		0.022352,
		-0.154792,
		0.987694,
		0,
		0.894586,
		0.444161,
		0.049364,
		0,
		0.616553,
		0.231573,
		-0.238025,
		1,
	},
}

return spline_matrices
