-- chunkname: @content/characters/player/ogryn/first_person/animations/2h_axe/attack_left_diagonal_up.lua

local spline_matrices = {
	[0.0166666666667] = {
		0.792456,
		-0.538464,
		-0.286479,
		0,
		-0.243125,
		0.151894,
		-0.958028,
		0,
		0.559378,
		0.828845,
		-0.010544,
		0,
		0.067839,
		0.52929,
		-0.584147,
		1,
	},
	[0.0333333333333] = {
		0.792456,
		-0.538464,
		-0.286479,
		0,
		-0.243125,
		0.151894,
		-0.958028,
		0,
		0.559378,
		0.828845,
		-0.010544,
		0,
		0.067839,
		0.52929,
		-0.584147,
		1,
	},
	[0.05] = {
		0.792456,
		-0.538464,
		-0.286479,
		0,
		-0.243125,
		0.151894,
		-0.958028,
		0,
		0.559378,
		0.828845,
		-0.010544,
		0,
		0.067839,
		0.52929,
		-0.584147,
		1,
	},
	[0.0666666666667] = {
		0.792456,
		-0.538464,
		-0.286479,
		0,
		-0.243125,
		0.151894,
		-0.958028,
		0,
		0.559378,
		0.828845,
		-0.010544,
		0,
		0.067839,
		0.52929,
		-0.584147,
		1,
	},
	[0.0833333333333] = {
		0.792456,
		-0.538464,
		-0.286479,
		0,
		-0.243125,
		0.151894,
		-0.958028,
		0,
		0.559378,
		0.828845,
		-0.010544,
		0,
		0.067839,
		0.52929,
		-0.584147,
		1,
	},
	[0] = {
		0.792456,
		-0.538464,
		-0.286479,
		0,
		-0.243125,
		0.151894,
		-0.958028,
		0,
		0.559378,
		0.828845,
		-0.010544,
		0,
		0.067839,
		0.52929,
		-0.584147,
		1,
	},
	[0.116666666667] = {
		0.754275,
		-0.596233,
		-0.27491,
		0,
		-0.23341,
		0.14785,
		-0.961072,
		0,
		0.613668,
		0.78908,
		-0.027648,
		0,
		0.071627,
		0.535057,
		-0.585906,
		1,
	},
	[0.133333333333] = {
		0.651261,
		-0.716628,
		-0.249608,
		0,
		-0.209289,
		0.146549,
		-0.96681,
		0,
		0.729423,
		0.681885,
		-0.054541,
		0,
		0.081887,
		0.551127,
		-0.590662,
		1,
	},
	[0.15] = {
		0.516008,
		-0.826814,
		-0.223862,
		0,
		-0.170769,
		0.1568,
		-0.972755,
		0,
		0.839389,
		0.540178,
		-0.060284,
		0,
		0.096944,
		0.575673,
		-0.597616,
		1,
	},
	[0.166666666667] = {
		0.410513,
		-0.885001,
		-0.219663,
		0,
		-0.113937,
		0.189225,
		-0.975301,
		0,
		0.904708,
		0.425402,
		-0.023155,
		0,
		0.115121,
		0.606864,
		-0.605961,
		1,
	},
	[0.183333333333] = {
		0.342748,
		-0.902439,
		-0.261015,
		0,
		-0.075644,
		0.25043,
		-0.965175,
		0,
		0.936377,
		0.350556,
		0.01757,
		0,
		0.134772,
		0.642835,
		-0.614898,
		1,
	},
	[0.1] = {
		0.792456,
		-0.538464,
		-0.286479,
		0,
		-0.243125,
		0.151894,
		-0.958028,
		0,
		0.559378,
		0.828845,
		-0.010544,
		0,
		0.067839,
		0.52929,
		-0.584147,
		1,
	},
	[0.216666666667] = {
		0.153605,
		-0.907866,
		-0.390108,
		0,
		-0.100582,
		0.378377,
		-0.920171,
		0,
		0.983,
		0.180581,
		-0.033194,
		0,
		0.172171,
		0.721414,
		-0.631457,
		1,
	},
	[0.233333333333] = {
		0.021858,
		-0.909487,
		-0.415157,
		0,
		-0.126383,
		0.409411,
		-0.903554,
		0,
		0.991741,
		0.072219,
		-0.105995,
		0,
		0.186911,
		0.760046,
		-0.637621,
		1,
	},
	[0.25] = {
		-0.102988,
		-0.917883,
		-0.383255,
		0,
		-0.152637,
		0.395324,
		-0.905771,
		0,
		0.982901,
		-0.034785,
		-0.180817,
		0,
		0.196721,
		0.795601,
		-0.641493,
		1,
	},
	[0.266666666667] = {
		-0.179281,
		-0.936437,
		-0.301569,
		0,
		-0.180887,
		0.332686,
		-0.925527,
		0,
		0.967026,
		-0.111379,
		-0.229033,
		0,
		0.199595,
		0.82614,
		-0.642506,
		1,
	},
	[0.283333333333] = {
		-0.156212,
		-0.973989,
		-0.164141,
		0,
		-0.224351,
		0.196826,
		-0.954425,
		0,
		0.961907,
		-0.112268,
		-0.249262,
		0,
		0.182023,
		0.855868,
		-0.627878,
		1,
	},
	[0.2] = {
		0.262082,
		-0.907616,
		-0.327943,
		0,
		-0.078391,
		0.318676,
		-0.944617,
		0,
		0.961857,
		0.273274,
		0.01237,
		0,
		0.1543,
		0.681674,
		-0.623646,
		1,
	},
	[0.316666666667] = {
		0.28928,
		-0.956914,
		0.025132,
		0,
		-0.287873,
		-0.112004,
		-0.951096,
		0,
		0.912933,
		0.267899,
		-0.30787,
		0,
		0.076251,
		0.91808,
		-0.538675,
		1,
	},
	[0.333333333333] = {
		0.568123,
		-0.820269,
		-0.066303,
		0,
		-0.296886,
		-0.129147,
		-0.946139,
		0,
		0.767526,
		0.557208,
		-0.316898,
		0,
		0.006647,
		0.943239,
		-0.480222,
		1,
	},
	[0.35] = {
		0.74404,
		-0.62452,
		-0.237444,
		0,
		-0.344706,
		-0.054374,
		-0.937135,
		0,
		0.572348,
		0.779114,
		-0.255732,
		0,
		-0.050664,
		0.956234,
		-0.432484,
		1,
	},
	[0.366666666667] = {
		0.809602,
		-0.423384,
		-0.406559,
		0,
		-0.425042,
		0.054834,
		-0.903511,
		0,
		0.404826,
		0.904289,
		-0.135562,
		0,
		-0.097521,
		0.95988,
		-0.392109,
		1,
	},
	[0.383333333333] = {
		0.819758,
		-0.289878,
		-0.493931,
		0,
		-0.48,
		0.122699,
		-0.868646,
		0,
		0.312406,
		0.949166,
		-0.038558,
		0,
		-0.14258,
		0.861883,
		-0.34493,
		1,
	},
	[0.3] = {
		0.012341,
		-0.999707,
		-0.020843,
		0,
		-0.271532,
		0.016711,
		-0.962284,
		0,
		0.96235,
		0.017535,
		-0.271246,
		0,
		0.137818,
		0.887759,
		-0.590576,
		1,
	},
	[0.416666666667] = {
		0.859087,
		-0.04094,
		-0.510189,
		0,
		-0.501714,
		0.129833,
		-0.855235,
		0,
		0.101253,
		0.99069,
		0.090998,
		0,
		-0.228474,
		0.58447,
		-0.258669,
		1,
	},
	[0.433333333333] = {
		0.871557,
		0.119342,
		-0.475547,
		0,
		-0.487729,
		0.111964,
		-0.865785,
		0,
		-0.05008,
		0.98652,
		0.15579,
		0,
		-0.27813,
		0.460444,
		-0.212406,
		1,
	},
	[0.45] = {
		0.864117,
		0.26397,
		-0.428512,
		0,
		-0.46549,
		0.095443,
		-0.879892,
		0,
		-0.191366,
		0.959797,
		0.20535,
		0,
		-0.31854,
		0.35417,
		-0.173245,
		1,
	},
	[0.466666666667] = {
		0.844324,
		0.364039,
		-0.393182,
		0,
		-0.45068,
		0.085563,
		-0.888575,
		0,
		-0.289835,
		0.927445,
		0.236308,
		0,
		-0.335394,
		0.282368,
		-0.156929,
		1,
	},
	[0.483333333333] = {
		0.822048,
		0.429632,
		-0.373702,
		0,
		-0.448763,
		0.08485,
		-0.889613,
		0,
		-0.350498,
		0.899009,
		0.262554,
		0,
		-0.334922,
		0.235863,
		-0.160789,
		1,
	},
	[0.4] = {
		0.835494,
		-0.189194,
		-0.515903,
		0,
		-0.497775,
		0.13708,
		-0.856405,
		0,
		0.232746,
		0.972324,
		0.020354,
		0,
		-0.182595,
		0.706743,
		-0.300884,
		1,
	},
	[0.516666666667] = {
		0.771069,
		0.536228,
		-0.343383,
		0,
		-0.460055,
		0.096315,
		-0.882651,
		0,
		-0.440229,
		0.83856,
		0.320959,
		0,
		-0.331239,
		0.156107,
		-0.190097,
		1,
	},
	[0.533333333333] = {
		0.744622,
		0.579726,
		-0.33084,
		0,
		-0.47112,
		0.105345,
		-0.875756,
		0,
		-0.472846,
		0.807973,
		0.351563,
		0,
		-0.328504,
		0.122832,
		-0.212656,
		1,
	},
	[0.55] = {
		0.718389,
		0.618253,
		-0.318875,
		0,
		-0.483827,
		0.114703,
		-0.867614,
		0,
		-0.499829,
		0.777565,
		0.381528,
		0,
		-0.325494,
		0.093971,
		-0.23855,
		1,
	},
	[0.566666666667] = {
		0.692629,
		0.652866,
		-0.306643,
		0,
		-0.4965,
		0.123158,
		-0.859255,
		0,
		-0.523213,
		0.747394,
		0.409451,
		0,
		-0.322458,
		0.069552,
		-0.266322,
		1,
	},
	[0.583333333333] = {
		0.667468,
		0.684419,
		-0.293355,
		0,
		-0.507379,
		0.129668,
		-0.851911,
		0,
		-0.545025,
		0.717466,
		0.433809,
		0,
		-0.319639,
		0.049648,
		-0.29451,
		1,
	},
	[0.5] = {
		0.79718,
		0.486605,
		-0.357378,
		0,
		-0.452174,
		0.08898,
		-0.88748,
		0,
		-0.400053,
		0.869079,
		0.290963,
		0,
		-0.333458,
		0.193783,
		-0.172326,
		1,
	},
	[0.616666666667] = {
		0.618468,
		0.741267,
		-0.26081,
		0,
		-0.516432,
		0.133256,
		-0.845897,
		0,
		-0.59228,
		0.65785,
		0.465228,
		0,
		-0.315704,
		0.023649,
		-0.346246,
		1,
	},
	[0.633333333333] = {
		0.593754,
		0.767913,
		-0.240346,
		0,
		-0.510664,
		0.128784,
		-0.850081,
		0,
		-0.621835,
		0.627475,
		0.468611,
		0,
		-0.315142,
		0.017604,
		-0.366825,
		1,
	},
	[0.65] = {
		0.568441,
		0.793496,
		-0.217346,
		0,
		-0.495402,
		0.11921,
		-0.860445,
		0,
		-0.65685,
		0.596786,
		0.460863,
		0,
		-0.315677,
		0.014363,
		-0.383589,
		1,
	},
	[0.666666666667] = {
		0.54321,
		0.817083,
		-0.193126,
		0,
		-0.470642,
		0.105849,
		-0.875952,
		0,
		-0.695284,
		0.566719,
		0.442052,
		0,
		-0.317015,
		0.01199,
		-0.398195,
		1,
	},
	[0.683333333333] = {
		0.518908,
		0.838064,
		-0.168476,
		0,
		-0.437282,
		0.090888,
		-0.89472,
		0,
		-0.73452,
		0.537949,
		0.413633,
		0,
		-0.31889,
		0.010351,
		-0.411329,
		1,
	},
	[0.6] = {
		0.642858,
		0.713642,
		-0.278294,
		0,
		-0.51465,
		0.133316,
		-0.846973,
		0,
		-0.567335,
		0.687707,
		0.452979,
		0,
		-0.317296,
		0.034337,
		-0.321645,
		1,
	},
	[0.716666666667] = {
		0.477217,
		0.870512,
		-0.1203,
		0,
		-0.350638,
		0.063093,
		-0.934384,
		0,
		-0.805802,
		0.488085,
		0.335344,
		0,
		-0.323185,
		0.008743,
		-0.435929,
		1,
	},
	[0.733333333333] = {
		0.462179,
		0.881418,
		-0.097434,
		0,
		-0.301443,
		0.052825,
		-0.95202,
		0,
		-0.83398,
		0.469374,
		0.290111,
		0,
		-0.325075,
		0.008517,
		-0.448769,
		1,
	},
	[0.75] = {
		0.452682,
		0.888483,
		-0.075349,
		0,
		-0.251652,
		0.046234,
		-0.966713,
		0,
		-0.855424,
		0.456575,
		0.244518,
		0,
		-0.326443,
		0.00851,
		-0.462887,
		1,
	},
	[0.766666666667] = {
		0.449964,
		0.891436,
		-0.053603,
		0,
		-0.203966,
		0.044147,
		-0.977982,
		0,
		-0.869442,
		0.45099,
		0.201688,
		0,
		-0.327023,
		0.008603,
		-0.478973,
		1,
	},
	[0.783333333333] = {
		0.451515,
		0.891743,
		-0.030462,
		0,
		-0.155038,
		0.044788,
		-0.986893,
		0,
		-0.87869,
		0.45032,
		0.158477,
		0,
		-0.327111,
		0.008874,
		-0.496306,
		1,
	},
	[0.7] = {
		0.496534,
		0.855982,
		-0.144048,
		0,
		-0.396671,
		0.076153,
		-0.914797,
		0,
		-0.77208,
		0.511367,
		0.377355,
		0,
		-0.321035,
		0.009312,
		-0.423678,
		1,
	},
	[0.816666666667] = {
		0.456438,
		0.88946,
		0.022923,
		0,
		-0.043258,
		0.047917,
		-0.997914,
		0,
		-0.888703,
		0.454494,
		0.060348,
		0,
		-0.326941,
		0.011456,
		-0.532152,
		1,
	},
	[0.833333333333] = {
		0.459159,
		0.886797,
		0.052579,
		0,
		0.015916,
		0.050965,
		-0.998574,
		0,
		-0.888211,
		0.459341,
		0.009287,
		0,
		-0.326498,
		0.014453,
		-0.551313,
		1,
	},
	[0.85] = {
		0.461727,
		0.883056,
		0.08379,
		0,
		0.074736,
		0.055398,
		-0.995663,
		0,
		-0.883868,
		0.465987,
		-0.040417,
		0,
		-0.325695,
		0.019043,
		-0.571733,
		1,
	},
	[0.866666666667] = {
		0.464003,
		0.878179,
		0.116203,
		0,
		0.131313,
		0.061542,
		-0.989429,
		0,
		-0.876047,
		0.474357,
		-0.08676,
		0,
		-0.324444,
		0.025568,
		-0.593734,
		1,
	},
	[0.883333333333] = {
		0.465952,
		0.872091,
		0.149484,
		0,
		0.183846,
		0.069833,
		-0.980471,
		0,
		-0.865499,
		0.484335,
		-0.127792,
		0,
		-0.322657,
		0.034407,
		-0.617639,
		1,
	},
	[0.8] = {
		0.453791,
		0.891095,
		-0.004857,
		0,
		-0.100871,
		0.045952,
		-0.993838,
		0,
		-0.885381,
		0.451484,
		0.110738,
		0,
		-0.327115,
		0.009711,
		-0.513924,
		1,
	},
	[0.916666666667] = {
		0.468468,
		0.855555,
		0.220372,
		0,
		0.272984,
		0.097055,
		-0.95711,
		0,
		-0.840248,
		0.508533,
		-0.188086,
		0,
		-0.309438,
		0.061269,
		-0.674268,
		1,
	},
	[0.933333333333] = {
		0.466644,
		0.844413,
		0.26308,
		0,
		0.312958,
		0.120561,
		-0.942084,
		0,
		-0.827225,
		0.52195,
		-0.208007,
		0,
		-0.284455,
		0.080541,
		-0.71005,
		1,
	},
	[0.95] = {
		0.461036,
		0.831487,
		0.309962,
		0,
		0.350336,
		0.150374,
		-0.924474,
		0,
		-0.815298,
		0.534806,
		-0.221972,
		0,
		-0.248185,
		0.102796,
		-0.74961,
		1,
	},
	[0.966666666667] = {
		0.450925,
		0.817047,
		0.359307,
		0,
		0.384717,
		0.185327,
		-0.904238,
		0,
		-0.805394,
		0.545975,
		-0.230763,
		0,
		-0.203514,
		0.127039,
		-0.791439,
		1,
	},
	[0.983333333333] = {
		0.436178,
		0.801428,
		0.409221,
		0,
		0.415577,
		0.223957,
		-0.881555,
		0,
		-0.798151,
		0.554577,
		-0.23537,
		0,
		-0.153322,
		0.152256,
		-0.834026,
		1,
	},
	[0.9] = {
		0.467664,
		0.864698,
		0.183272,
		0,
		0.230665,
		0.080768,
		-0.969675,
		0,
		-0.853279,
		0.495756,
		-0.161683,
		0,
		-0.320245,
		0.045953,
		-0.643771,
		1,
	},
	[1.01666666667] = {
		0.39565,
		0.768324,
		0.50313,
		0,
		0.464654,
		0.30508,
		-0.831278,
		0,
		-0.792186,
		0.562676,
		-0.2363,
		0,
		-0.047887,
		0.201532,
		-0.915418,
		1,
	},
	[1.03333333333] = {
		0.372948,
		0.751832,
		0.543745,
		0,
		0.482262,
		0.343577,
		-0.80584,
		0,
		-0.792675,
		0.562764,
		-0.234444,
		0,
		0.001605,
		0.223539,
		-0.951192,
		1,
	},
	[1.05] = {
		0.351554,
		0.736134,
		0.578374,
		0,
		0.49536,
		0.377963,
		-0.782153,
		0,
		-0.794373,
		0.561473,
		-0.231776,
		0,
		0.04511,
		0.242426,
		-0.981661,
		1,
	},
	[1.06666666667] = {
		0.334072,
		0.721845,
		0.606082,
		0,
		0.504456,
		0.406247,
		-0.761898,
		0,
		-0.796191,
		0.56027,
		-0.228423,
		0,
		0.079752,
		0.257174,
		-1.005306,
		1,
	},
	[1.08333333333] = {
		0.323178,
		0.709607,
		0.62611,
		0,
		0.510283,
		0.426518,
		-0.746789,
		0,
		-0.796974,
		0.560839,
		-0.224259,
		0,
		0.102651,
		0.266764,
		-1.020607,
		1,
	},
	{
		0.417342,
		0.785032,
		0.457767,
		0,
		0.442366,
		0.264523,
		-0.856936,
		0,
		-0.793812,
		0.560136,
		-0.236875,
		0,
		-0.100488,
		0.177429,
		-0.875857,
		1,
	},
	[1.11666666667] = {
		0.325233,
		0.692135,
		0.644339,
		0,
		0.516043,
		0.441076,
		-0.734269,
		0,
		-0.792416,
		0.571315,
		-0.213719,
		0,
		0.110925,
		0.270184,
		-1.026045,
		1,
	},
	[1.13333333333] = {
		0.329691,
		0.68431,
		0.650402,
		0,
		0.519036,
		0.444083,
		-0.730336,
		0,
		-0.78861,
		0.578368,
		-0.208771,
		0,
		0.110925,
		0.270184,
		-1.026045,
		1,
	},
	[1.15] = {
		0.334729,
		0.676606,
		0.655867,
		0,
		0.522496,
		0.445956,
		-0.726719,
		0,
		-0.78419,
		0.585942,
		-0.204249,
		0,
		0.110925,
		0.270184,
		-1.026045,
		1,
	},
	[1.16666666667] = {
		0.340303,
		0.669036,
		0.660745,
		0,
		0.526366,
		0.446739,
		-0.723438,
		0,
		-0.779187,
		0.593982,
		-0.200132,
		0,
		0.110925,
		0.270184,
		-1.026045,
		1,
	},
	[1.18333333333] = {
		0.346366,
		0.661616,
		0.665052,
		0,
		0.530589,
		0.446479,
		-0.720508,
		0,
		-0.773632,
		0.602429,
		-0.196401,
		0,
		0.110925,
		0.270184,
		-1.026045,
		1,
	},
	[1.1] = {
		0.321392,
		0.700066,
		0.637664,
		0,
		0.51357,
		0.436892,
		-0.738493,
		0,
		-0.795584,
		0.56483,
		-0.219119,
		0,
		0.110925,
		0.270184,
		-1.026045,
		1,
	},
	[1.21666666667] = {
		0.359754,
		0.647284,
		0.672012,
		0,
		0.539846,
		0.44304,
		-0.715738,
		0,
		-0.761014,
		0.620273,
		-0.190048,
		0,
		0.110925,
		0.270184,
		-1.026045,
		1,
	},
	[1.23333333333] = {
		0.366969,
		0.6404,
		0.674701,
		0,
		0.544758,
		0.439978,
		-0.713903,
		0,
		-0.754037,
		0.629529,
		-0.187405,
		0,
		0.110925,
		0.270184,
		-1.026045,
		1,
	},
	[1.25] = {
		0.374452,
		0.633724,
		0.676889,
		0,
		0.549777,
		0.436106,
		-0.71243,
		0,
		-0.746679,
		0.63891,
		-0.185107,
		0,
		0.110925,
		0.270184,
		-1.026045,
		1,
	},
	[1.26666666667] = {
		0.382144,
		0.62727,
		0.6786,
		0,
		0.554845,
		0.431494,
		-0.711309,
		0,
		-0.738995,
		0.64834,
		-0.183145,
		0,
		0.110925,
		0.270184,
		-1.026045,
		1,
	},
	[1.28333333333] = {
		0.38998,
		0.621052,
		0.67986,
		0,
		0.559903,
		0.426221,
		-0.710524,
		0,
		-0.731043,
		0.657746,
		-0.181511,
		0,
		0.110925,
		0.270184,
		-1.026045,
		1,
	},
	[1.2] = {
		0.352867,
		0.654361,
		0.668802,
		0,
		0.535103,
		0.445228,
		-0.71794,
		0,
		-0.767561,
		0.611215,
		-0.193044,
		0,
		0.110925,
		0.270184,
		-1.026045,
		1,
	},
	[1.31666666667] = {
		0.405832,
		0.609381,
		0.681142,
		0,
		0.56978,
		0.414022,
		-0.709885,
		0,
		-0.714598,
		0.676195,
		-0.17919,
		0,
		0.110925,
		0.270184,
		-1.026045,
		1,
	},
	[1.33333333333] = {
		0.413716,
		0.603956,
		0.681231,
		0,
		0.574504,
		0.407278,
		-0.709979,
		0,
		-0.706246,
		0.6851,
		-0.178477,
		0,
		0.110925,
		0.270184,
		-1.026045,
		1,
	},
	[1.35] = {
		0.421486,
		0.598822,
		0.681001,
		0,
		0.579029,
		0.400234,
		-0.710309,
		0,
		-0.697908,
		0.693704,
		-0.178042,
		0,
		0.110925,
		0.270184,
		-1.026045,
		1,
	},
	[1.36666666667] = {
		0.429075,
		0.593993,
		0.680491,
		0,
		0.583318,
		0.392992,
		-0.710843,
		0,
		-0.689663,
		0.701947,
		-0.177863,
		0,
		0.110925,
		0.270184,
		-1.026045,
		1,
	},
	[1.38333333333] = {
		0.436418,
		0.589482,
		0.679743,
		0,
		0.587342,
		0.385662,
		-0.711543,
		0,
		-0.681593,
		0.709772,
		-0.177918,
		0,
		0.110925,
		0.270184,
		-1.026045,
		1,
	},
	[1.3] = {
		0.397898,
		0.615085,
		0.680697,
		0,
		0.564898,
		0.420368,
		-0.710057,
		0,
		-0.722888,
		0.667055,
		-0.180197,
		0,
		0.110925,
		0.270184,
		-1.026045,
		1,
	},
	[1.41666666667] = {
		0.450105,
		0.581465,
		0.677719,
		0,
		0.594498,
		0.371183,
		-0.713299,
		0,
		-0.666316,
		0.723963,
		-0.178609,
		0,
		0.110925,
		0.270184,
		-1.026045,
		1,
	},
	[1.43333333333] = {
		0.456322,
		0.577985,
		0.676538,
		0,
		0.597594,
		0.364266,
		-0.714277,
		0,
		-0.659281,
		0.730236,
		-0.179178,
		0,
		0.110925,
		0.270184,
		-1.026045,
		1,
	},
	[1.45] = {
		0.462037,
		0.574873,
		0.67531,
		0,
		0.600352,
		0.357722,
		-0.715271,
		0,
		-0.652763,
		0.735905,
		-0.179845,
		0,
		0.110925,
		0.270184,
		-1.026045,
		1,
	},
	[1.46666666667] = {
		0.467187,
		0.57214,
		0.674086,
		0,
		0.602764,
		0.351671,
		-0.716242,
		0,
		-0.646848,
		0.740934,
		-0.180569,
		0,
		0.110925,
		0.270184,
		-1.026045,
		1,
	},
	[1.48333333333] = {
		0.471711,
		0.569799,
		0.672917,
		0,
		0.604823,
		0.346234,
		-0.717155,
		0,
		-0.641621,
		0.745286,
		-0.181306,
		0,
		0.110925,
		0.270184,
		-1.026045,
		1,
	},
	[1.4] = {
		0.443449,
		0.585301,
		0.678804,
		0,
		0.591076,
		0.378354,
		-0.712375,
		0,
		-0.673782,
		0.717127,
		-0.178177,
		0,
		0.110925,
		0.270184,
		-1.026045,
		1,
	},
	[1.51666666667] = {
		0.478638,
		0.566336,
		0.670946,
		0,
		0.607865,
		0.337674,
		-0.718663,
		0,
		-0.633566,
		0.751824,
		-0.182633,
		0,
		0.110925,
		0.270184,
		-1.026045,
		1,
	},
	[1.53333333333] = {
		0.48092,
		0.565235,
		0.670243,
		0,
		0.608837,
		0.334785,
		-0.719192,
		0,
		-0.6309,
		0.753942,
		-0.183131,
		0,
		0.110925,
		0.270184,
		-1.026045,
		1,
	},
	[1.55] = {
		0.482333,
		0.564567,
		0.66979,
		0,
		0.60943,
		0.332973,
		-0.71953,
		0,
		-0.629245,
		0.755243,
		-0.18346,
		0,
		0.110925,
		0.270184,
		-1.026045,
		1,
	},
	[1.56666666667] = {
		0.482818,
		0.564343,
		0.66963,
		0,
		0.609632,
		0.332346,
		-0.719649,
		0,
		-0.628678,
		0.755687,
		-0.183579,
		0,
		0.110925,
		0.270184,
		-1.026045,
		1,
	},
	[1.58333333333] = {
		0.482818,
		0.564343,
		0.66963,
		0,
		0.609632,
		0.332346,
		-0.719649,
		0,
		-0.628678,
		0.755687,
		-0.183579,
		0,
		0.110925,
		0.270184,
		-1.026045,
		1,
	},
	[1.5] = {
		0.475548,
		0.567861,
		0.671854,
		0,
		0.606525,
		0.341528,
		-0.717973,
		0,
		-0.637166,
		0.748927,
		-0.182009,
		0,
		0.110925,
		0.270184,
		-1.026045,
		1,
	},
	[1.61666666667] = {
		0.482818,
		0.564343,
		0.66963,
		0,
		0.609632,
		0.332346,
		-0.719649,
		0,
		-0.628678,
		0.755687,
		-0.183579,
		0,
		0.110925,
		0.270184,
		-1.026045,
		1,
	},
	[1.63333333333] = {
		0.482818,
		0.564343,
		0.66963,
		0,
		0.609632,
		0.332346,
		-0.719649,
		0,
		-0.628678,
		0.755687,
		-0.183579,
		0,
		0.110925,
		0.270184,
		-1.026045,
		1,
	},
	[1.65] = {
		0.482818,
		0.564343,
		0.66963,
		0,
		0.609632,
		0.332346,
		-0.719649,
		0,
		-0.628678,
		0.755687,
		-0.183579,
		0,
		0.110925,
		0.270184,
		-1.026045,
		1,
	},
	[1.66666666667] = {
		0.482818,
		0.564343,
		0.66963,
		0,
		0.609632,
		0.332346,
		-0.719649,
		0,
		-0.628678,
		0.755687,
		-0.183579,
		0,
		0.110925,
		0.270184,
		-1.026045,
		1,
	},
	[1.68333333333] = {
		0.482818,
		0.564343,
		0.66963,
		0,
		0.609632,
		0.332346,
		-0.719649,
		0,
		-0.628678,
		0.755687,
		-0.183579,
		0,
		0.110925,
		0.270184,
		-1.026045,
		1,
	},
	[1.6] = {
		0.482818,
		0.564343,
		0.66963,
		0,
		0.609632,
		0.332346,
		-0.719649,
		0,
		-0.628678,
		0.755687,
		-0.183579,
		0,
		0.110925,
		0.270184,
		-1.026045,
		1,
	},
	[1.7] = {
		0.482818,
		0.564343,
		0.66963,
		0,
		0.609632,
		0.332346,
		-0.719649,
		0,
		-0.628678,
		0.755687,
		-0.183579,
		0,
		0.110925,
		0.270184,
		-1.026045,
		1,
	},
}

return spline_matrices
