-- chunkname: @content/characters/player/ogryn/first_person/animations/2h_axe/attack_down_right.lua

local spline_matrices = {
	[0.0166666666667] = {
		0.009914,
		-0.930945,
		-0.365024,
		0,
		-0.105705,
		-0.363973,
		0.925392,
		0,
		-0.994348,
		0.029411,
		-0.102013,
		0,
		-0.392068,
		-0.277321,
		-1.120458,
		1,
	},
	[0.0333333333333] = {
		0.405637,
		-0.888705,
		-0.213688,
		0,
		0.100011,
		-0.189229,
		0.976827,
		0,
		-0.908547,
		-0.417608,
		0.012122,
		0,
		-0.460705,
		-0.352897,
		-0.968132,
		1,
	},
	[0.05] = {
		0.774737,
		-0.497803,
		-0.38984,
		0,
		0.359824,
		-0.159863,
		0.919223,
		0,
		-0.519913,
		-0.852429,
		0.05527,
		0,
		-0.542127,
		-0.408486,
		-0.776122,
		1,
	},
	[0.0666666666667] = {
		0.733701,
		-0.023702,
		-0.679059,
		0,
		0.659532,
		-0.215496,
		0.720124,
		0,
		-0.163403,
		-0.976217,
		-0.142478,
		0,
		-0.608644,
		-0.387762,
		-0.595283,
		1,
	},
	[0.0833333333333] = {
		0.60939,
		0.176151,
		-0.773056,
		0,
		0.789217,
		-0.228254,
		0.570119,
		0,
		-0.076026,
		-0.957534,
		-0.278117,
		0,
		-0.631748,
		-0.235199,
		-0.476883,
		1,
	},
	[0] = {
		-0.104946,
		-0.862525,
		-0.495012,
		0,
		-0.205949,
		-0.46812,
		0.85933,
		0,
		-0.972919,
		0.192131,
		-0.128509,
		0,
		-0.36323,
		-0.238639,
		-1.18258,
		1,
	},
	[0.116666666667] = {
		0.609137,
		0.17974,
		-0.772428,
		0,
		0.790125,
		-0.221333,
		0.571589,
		0,
		-0.068227,
		-0.958491,
		-0.276839,
		0,
		-0.611075,
		0.170494,
		-0.365739,
		1,
	},
	[0.133333333333] = {
		0.609774,
		0.177154,
		-0.772523,
		0,
		0.789494,
		-0.221635,
		0.572344,
		0,
		-0.069825,
		-0.958903,
		-0.275009,
		0,
		-0.598342,
		0.304881,
		-0.317977,
		1,
	},
	[0.15] = {
		0.611404,
		0.173234,
		-0.772124,
		0,
		0.78806,
		-0.221755,
		0.57427,
		0,
		-0.071739,
		-0.959591,
		-0.272101,
		0,
		-0.583722,
		0.410606,
		-0.258542,
		1,
	},
	[0.166666666667] = {
		0.613916,
		0.166772,
		-0.771553,
		0,
		0.785865,
		-0.221146,
		0.577503,
		0,
		-0.074315,
		-0.960875,
		-0.266825,
		0,
		-0.566897,
		0.494319,
		-0.186516,
		1,
	},
	[0.183333333333] = {
		0.598289,
		0.16587,
		-0.783925,
		0,
		0.798681,
		-0.202191,
		0.566769,
		0,
		-0.064492,
		-0.965197,
		-0.253446,
		0,
		-0.546672,
		0.569144,
		-0.096112,
		1,
	},
	[0.1] = {
		0.60916,
		0.179773,
		-0.772402,
		0,
		0.789977,
		-0.223165,
		0.57108,
		0,
		-0.069708,
		-0.95806,
		-0.27796,
		0,
		-0.622331,
		-0.010888,
		-0.414366,
		1,
	},
	[0.216666666667] = {
		0.484438,
		0.181249,
		-0.855843,
		0,
		0.8748,
		-0.09298,
		0.475478,
		0,
		0.006604,
		-0.979032,
		-0.2036,
		0,
		-0.503141,
		0.716823,
		0.114138,
		1,
	},
	[0.233333333333] = {
		0.407146,
		0.180867,
		-0.895276,
		0,
		0.912047,
		-0.027903,
		0.409136,
		0,
		0.049019,
		-0.983111,
		-0.17632,
		0,
		-0.481755,
		0.785275,
		0.206587,
		1,
	},
	[0.25] = {
		0.334339,
		0.166503,
		-0.927628,
		0,
		0.938829,
		0.027391,
		0.343292,
		0,
		0.082568,
		-0.98566,
		-0.14716,
		0,
		-0.46044,
		0.847074,
		0.272347,
		1,
	},
	[0.266666666667] = {
		0.281828,
		0.133529,
		-0.950128,
		0,
		0.954371,
		0.062894,
		0.291925,
		0,
		0.098738,
		-0.989047,
		-0.109711,
		0,
		-0.439056,
		0.900282,
		0.309536,
		1,
	},
	[0.283333333333] = {
		0.265213,
		0.077282,
		-0.961088,
		0,
		0.959906,
		0.072691,
		0.270732,
		0,
		0.090785,
		-0.994356,
		-0.054905,
		0,
		-0.417556,
		0.942874,
		0.314326,
		1,
	},
	[0.2] = {
		0.551979,
		0.17365,
		-0.815577,
		0,
		0.833142,
		-0.155389,
		0.530782,
		0,
		-0.034561,
		-0.972471,
		-0.230446,
		0,
		-0.524747,
		0.644023,
		0.008675,
		1,
	},
	[0.316666666667] = {
		0.273132,
		-0.091028,
		-0.95766,
		0,
		0.961266,
		0.064069,
		0.268071,
		0,
		0.036955,
		-0.993785,
		0.105002,
		0,
		-0.358473,
		1.02207,
		0.240205,
		1,
	},
	[0.333333333333] = {
		0.263894,
		-0.2984,
		-0.917233,
		0,
		0.964223,
		0.056794,
		0.258937,
		0,
		-0.025174,
		-0.952749,
		0.302712,
		0,
		-0.298014,
		1.080216,
		0.150874,
		1,
	},
	[0.35] = {
		0.218642,
		-0.625916,
		-0.748615,
		0,
		0.968278,
		0.044057,
		0.245962,
		0,
		-0.12097,
		-0.778645,
		0.615693,
		0,
		-0.210917,
		1.150124,
		0.017485,
		1,
	},
	[0.366666666667] = {
		0.124859,
		-0.898755,
		-0.420297,
		0,
		0.970742,
		0.023087,
		0.239013,
		0,
		-0.205111,
		-0.437843,
		0.875342,
		0,
		-0.113806,
		1.209262,
		-0.142361,
		1,
	},
	[0.383333333333] = {
		0.008998,
		-0.998796,
		-0.048223,
		0,
		0.97071,
		-0.002854,
		0.240239,
		0,
		-0.240087,
		-0.048972,
		0.969515,
		0,
		-0.023519,
		1.236945,
		-0.300898,
		1,
	},
	[0.3] = {
		0.270505,
		0.000416,
		-0.962718,
		0,
		0.960436,
		0.068699,
		0.269893,
		0,
		0.06625,
		-0.997637,
		0.018184,
		0,
		-0.392291,
		0.980602,
		0.288515,
		1,
	},
	[0.416666666667] = {
		-0.187398,
		-0.701927,
		0.687154,
		0,
		0.969271,
		-0.018648,
		0.245287,
		0,
		-0.15936,
		0.712005,
		0.683852,
		0,
		0.13059,
		1.08966,
		-0.634494,
		1,
	},
	[0.433333333333] = {
		-0.224676,
		-0.425596,
		0.876578,
		0,
		0.969894,
		-0.01094,
		0.243283,
		0,
		-0.093951,
		0.904847,
		0.415241,
		0,
		0.186536,
		0.974658,
		-0.775403,
		1,
	},
	[0.45] = {
		-0.241858,
		-0.224635,
		0.943951,
		0,
		0.969389,
		-0.013537,
		0.245155,
		0,
		-0.042292,
		0.974349,
		0.221033,
		0,
		0.227455,
		0.875574,
		-0.877057,
		1,
	},
	[0.466666666667] = {
		-0.247411,
		-0.058258,
		0.967158,
		0,
		0.968909,
		-0.01671,
		0.246852,
		0,
		0.00178,
		0.998162,
		0.060581,
		0,
		0.263852,
		0.769649,
		-0.96686,
		1,
	},
	[0.483333333333] = {
		-0.246204,
		0.090772,
		0.964958,
		0,
		0.968445,
		-0.016709,
		0.248666,
		0,
		0.038695,
		0.995731,
		-0.083794,
		0,
		0.293171,
		0.655345,
		-1.049166,
		1,
	},
	[0.4] = {
		-0.10463,
		-0.936563,
		0.334516,
		0,
		0.969477,
		-0.021058,
		0.244277,
		0,
		-0.221737,
		0.349865,
		0.91018,
		0,
		0.056285,
		1.19551,
		-0.46438,
		1,
	},
	[0.516666666667] = {
		-0.232961,
		0.332003,
		0.914059,
		0,
		0.967463,
		-0.016287,
		0.252487,
		0,
		0.098714,
		0.943138,
		-0.317406,
		0,
		0.319708,
		0.489343,
		-1.126656,
		1,
	},
	[0.533333333333] = {
		-0.22339,
		0.426674,
		0.876383,
		0,
		0.966815,
		-0.017349,
		0.254887,
		0,
		0.123958,
		0.904239,
		-0.408639,
		0,
		0.297582,
		0.447267,
		-1.116457,
		1,
	},
	[0.55] = {
		-0.214418,
		0.497199,
		0.840725,
		0,
		0.965813,
		-0.020478,
		0.25843,
		0,
		0.145707,
		0.867395,
		-0.47581,
		0,
		0.24517,
		0.414868,
		-1.087475,
		1,
	},
	[0.566666666667] = {
		-0.206375,
		0.553206,
		0.807077,
		0,
		0.964312,
		-0.024833,
		0.263602,
		0,
		0.165868,
		0.832674,
		-0.528338,
		0,
		0.182686,
		0.38973,
		-1.045077,
		1,
	},
	[0.583333333333] = {
		-0.198764,
		0.602628,
		0.772873,
		0,
		0.962207,
		-0.02979,
		0.270684,
		0,
		0.186146,
		0.797466,
		-0.573932,
		0,
		0.130366,
		0.370349,
		-0.994445,
		1,
	},
	[0.5] = {
		-0.24102,
		0.21803,
		0.945713,
		0,
		0.967974,
		-0.016539,
		0.250506,
		0,
		0.070259,
		0.975802,
		-0.207061,
		0,
		0.312723,
		0.557136,
		-1.105335,
		1,
	},
	[0.616666666667] = {
		-0.191274,
		0.707552,
		0.680282,
		0,
		0.950921,
		-0.038171,
		0.307071,
		0,
		0.243236,
		0.705629,
		-0.665525,
		0,
		0.108524,
		0.341827,
		-0.889812,
		1,
	},
	[0.633333333333] = {
		-0.200669,
		0.759994,
		0.618176,
		0,
		0.934104,
		-0.041749,
		0.354551,
		0,
		0.295265,
		0.648588,
		-0.701536,
		0,
		0.108617,
		0.327429,
		-0.846975,
		1,
	},
	[0.65] = {
		-0.207949,
		0.797807,
		0.565917,
		0,
		0.913574,
		-0.048304,
		0.403794,
		0,
		0.349485,
		0.600975,
		-0.718811,
		0,
		0.108776,
		0.309531,
		-0.817882,
		1,
	},
	[0.666666666667] = {
		-0.210405,
		0.81234,
		0.543906,
		0,
		0.897061,
		-0.060724,
		0.437714,
		0,
		0.3886,
		0.580014,
		-0.715942,
		0,
		0.109032,
		0.285625,
		-0.80809,
		1,
	},
	[0.683333333333] = {
		-0.200213,
		0.796793,
		0.570118,
		0,
		0.898093,
		-0.083323,
		0.431842,
		0,
		0.391592,
		0.598479,
		-0.698912,
		0,
		0.108474,
		0.250698,
		-0.82788,
		1,
	},
	[0.6] = {
		-0.190484,
		0.65225,
		0.73368,
		0,
		0.959395,
		-0.03469,
		0.279926,
		0,
		0.208033,
		0.75721,
		-0.619157,
		0,
		0.108462,
		0.355227,
		-0.940832,
		1,
	},
	[0.716666666667] = {
		-0.108203,
		0.697419,
		0.708448,
		0,
		0.94012,
		-0.159907,
		0.301004,
		0,
		0.323212,
		0.698596,
		-0.638355,
		0,
		0.104005,
		0.158921,
		-0.934919,
		1,
	},
	[0.733333333333] = {
		-0.033173,
		0.634944,
		0.771845,
		0,
		0.956531,
		-0.203709,
		0.208688,
		0,
		0.289737,
		0.745217,
		-0.600587,
		0,
		0.101357,
		0.116197,
		-0.994829,
		1,
	},
	[0.75] = {
		0.034011,
		0.584366,
		0.810777,
		0,
		0.962296,
		-0.238204,
		0.131317,
		0,
		0.269868,
		0.775742,
		-0.570435,
		0,
		0.099284,
		0.085031,
		-1.040791,
		1,
	},
	[0.766666666667] = {
		0.062936,
		0.563887,
		0.82345,
		0,
		0.962601,
		-0.252148,
		0.099096,
		0,
		0.26351,
		0.786417,
		-0.558668,
		0,
		0.098438,
		0.072547,
		-1.059172,
		1,
	},
	[0.783333333333] = {
		0.06309,
		0.564484,
		0.823029,
		0,
		0.962546,
		-0.252296,
		0.099255,
		0,
		0.263675,
		0.785942,
		-0.559259,
		0,
		0.098424,
		0.071738,
		-1.059228,
		1,
	},
	[0.7] = {
		-0.167081,
		0.755504,
		0.633481,
		0,
		0.916787,
		-0.117342,
		0.381748,
		0,
		0.362746,
		0.64455,
		-0.673031,
		0,
		0.106589,
		0.206111,
		-0.874714,
		1,
	},
	[0.816666666667] = {
		0.063416,
		0.56593,
		0.82201,
		0,
		0.962429,
		-0.252587,
		0.09965,
		0,
		0.264024,
		0.784807,
		-0.560686,
		0,
		0.098394,
		0.069787,
		-1.059361,
		1,
	},
	[0.833333333333] = {
		0.063587,
		0.56679,
		0.821404,
		0,
		0.962368,
		-0.252727,
		0.099889,
		0,
		0.264207,
		0.784142,
		-0.561531,
		0,
		0.098378,
		0.068633,
		-1.059438,
		1,
	},
	[0.85] = {
		0.063762,
		0.567737,
		0.820737,
		0,
		0.962304,
		-0.252862,
		0.100154,
		0,
		0.264395,
		0.783413,
		-0.562459,
		0,
		0.098362,
		0.067363,
		-1.059521,
		1,
	},
	[0.866666666667] = {
		0.063942,
		0.568758,
		0.820016,
		0,
		0.96224,
		-0.252994,
		0.100443,
		0,
		0.264587,
		0.782629,
		-0.563458,
		0,
		0.098345,
		0.065996,
		-1.059609,
		1,
	},
	[0.883333333333] = {
		0.064126,
		0.569847,
		0.819245,
		0,
		0.962173,
		-0.253123,
		0.100753,
		0,
		0.264784,
		0.781794,
		-0.564524,
		0,
		0.098328,
		0.064538,
		-1.0597,
		1,
	},
	[0.8] = {
		0.06325,
		0.565163,
		0.822551,
		0,
		0.962489,
		-0.252443,
		0.099439,
		0,
		0.263846,
		0.785406,
		-0.55993,
		0,
		0.098409,
		0.07082,
		-1.059291,
		1,
	},
	[0.916666666667] = {
		0.064503,
		0.572211,
		0.817566,
		0,
		0.962037,
		-0.25337,
		0.101432,
		0,
		0.265187,
		0.779986,
		-0.566831,
		0,
		0.098294,
		0.061374,
		-1.059891,
		1,
	},
	[0.933333333333] = {
		0.064695,
		0.573475,
		0.816665,
		0,
		0.961967,
		-0.253488,
		0.101798,
		0,
		0.265393,
		0.779019,
		-0.568063,
		0,
		0.098276,
		0.059683,
		-1.059989,
		1,
	},
	[0.95] = {
		0.064889,
		0.574786,
		0.815727,
		0,
		0.961897,
		-0.253602,
		0.102179,
		0,
		0.265601,
		0.778015,
		-0.569341,
		0,
		0.098258,
		0.057927,
		-1.060089,
		1,
	},
	[0.966666666667] = {
		0.065085,
		0.576139,
		0.814756,
		0,
		0.961826,
		-0.253712,
		0.102574,
		0,
		0.26581,
		0.776977,
		-0.570658,
		0,
		0.09824,
		0.056113,
		-1.060188,
		1,
	},
	[0.983333333333] = {
		0.065282,
		0.577529,
		0.813756,
		0,
		0.961754,
		-0.253818,
		0.102982,
		0,
		0.266021,
		0.77591,
		-0.572011,
		0,
		0.098221,
		0.054249,
		-1.060286,
		1,
	},
	[0.9] = {
		0.064313,
		0.571,
		0.818427,
		0,
		0.962106,
		-0.253248,
		0.101083,
		0,
		0.264984,
		0.780912,
		-0.56565,
		0,
		0.098311,
		0.062995,
		-1.059794,
		1,
	},
	[1.01666666667] = {
		0.065677,
		0.580399,
		0.811679,
		0,
		0.96161,
		-0.254018,
		0.103829,
		0,
		0.266444,
		0.7737,
		-0.574801,
		0,
		0.098184,
		0.050395,
		-1.06048,
		1,
	},
	[1.03333333333] = {
		0.065875,
		0.581869,
		0.81061,
		0,
		0.961538,
		-0.254112,
		0.104266,
		0,
		0.266655,
		0.772564,
		-0.576229,
		0,
		0.098166,
		0.048419,
		-1.060574,
		1,
	},
	[1.05] = {
		0.066071,
		0.583355,
		0.809525,
		0,
		0.961466,
		-0.254202,
		0.104709,
		0,
		0.266865,
		0.771413,
		-0.577672,
		0,
		0.098148,
		0.046419,
		-1.060665,
		1,
	},
	[1.06666666667] = {
		0.066267,
		0.584852,
		0.808429,
		0,
		0.961395,
		-0.254288,
		0.105157,
		0,
		0.267075,
		0.770251,
		-0.579124,
		0,
		0.09813,
		0.044402,
		-1.060753,
		1,
	},
	[1.08333333333] = {
		0.066461,
		0.586355,
		0.807323,
		0,
		0.961324,
		-0.254369,
		0.105608,
		0,
		0.267282,
		0.76908,
		-0.580582,
		0,
		0.098111,
		0.042375,
		-1.060838,
		1,
	},
	{
		0.06548,
		0.578951,
		0.812729,
		0,
		0.961682,
		-0.25392,
		0.103401,
		0,
		0.266232,
		0.774816,
		-0.573394,
		0,
		0.098203,
		0.052341,
		-1.060384,
		1,
	},
	[1.11666666667] = {
		0.066842,
		0.589357,
		0.805102,
		0,
		0.961184,
		-0.25452,
		0.106515,
		0,
		0.26769,
		0.766732,
		-0.583494,
		0,
		0.098076,
		0.038317,
		-1.060995,
		1,
	},
	[1.13333333333] = {
		0.067029,
		0.590847,
		0.803994,
		0,
		0.961115,
		-0.254589,
		0.106967,
		0,
		0.267889,
		0.765561,
		-0.584937,
		0,
		0.098058,
		0.0363,
		-1.061068,
		1,
	},
	[1.15] = {
		0.067212,
		0.592323,
		0.802892,
		0,
		0.961048,
		-0.254653,
		0.107416,
		0,
		0.268084,
		0.764398,
		-0.586367,
		0,
		0.098041,
		0.0343,
		-1.061136,
		1,
	},
	[1.16666666667] = {
		0.067391,
		0.59378,
		0.8018,
		0,
		0.960982,
		-0.254714,
		0.107861,
		0,
		0.268276,
		0.763247,
		-0.587777,
		0,
		0.098025,
		0.032323,
		-1.061199,
		1,
	},
	[1.18333333333] = {
		0.067565,
		0.595212,
		0.800723,
		0,
		0.960918,
		-0.254771,
		0.1083,
		0,
		0.268462,
		0.762111,
		-0.589164,
		0,
		0.098008,
		0.030376,
		-1.061258,
		1,
	},
	[1.1] = {
		0.066653,
		0.587858,
		0.806213,
		0,
		0.961253,
		-0.254446,
		0.106061,
		0,
		0.267487,
		0.767906,
		-0.58204,
		0,
		0.098094,
		0.040345,
		-1.060918,
		1,
	},
	[1.21666666667] = {
		0.0679,
		0.597985,
		0.798626,
		0,
		0.960794,
		-0.254873,
		0.109153,
		0,
		0.26882,
		0.759903,
		-0.591847,
		0,
		0.097977,
		0.026602,
		-1.061363,
		1,
	},
	[1.23333333333] = {
		0.068059,
		0.599316,
		0.797614,
		0,
		0.960735,
		-0.254918,
		0.109564,
		0,
		0.26899,
		0.758839,
		-0.593134,
		0,
		0.097962,
		0.024787,
		-1.061408,
		1,
	},
	[1.25] = {
		0.068212,
		0.600603,
		0.796632,
		0,
		0.960679,
		-0.25496,
		0.109963,
		0,
		0.269153,
		0.757807,
		-0.594378,
		0,
		0.097948,
		0.02303,
		-1.061449,
		1,
	},
	[1.26666666667] = {
		0.068358,
		0.601841,
		0.795684,
		0,
		0.960625,
		-0.254998,
		0.110347,
		0,
		0.269309,
		0.756811,
		-0.595575,
		0,
		0.097934,
		0.021337,
		-1.061486,
		1,
	},
	[1.28333333333] = {
		0.068498,
		0.603027,
		0.794775,
		0,
		0.960573,
		-0.255032,
		0.110716,
		0,
		0.269458,
		0.755855,
		-0.59672,
		0,
		0.097921,
		0.019715,
		-1.061518,
		1,
	},
	[1.2] = {
		0.067735,
		0.596616,
		0.799663,
		0,
		0.960855,
		-0.254824,
		0.108731,
		0,
		0.268644,
		0.760995,
		-0.590522,
		0,
		0.097992,
		0.028467,
		-1.061313,
		1,
	},
	[1.31666666667] = {
		0.068753,
		0.605218,
		0.793085,
		0,
		0.960478,
		-0.255092,
		0.111401,
		0,
		0.269731,
		0.754081,
		-0.598837,
		0,
		0.097897,
		0.016712,
		-1.061572,
		1,
	},
	[1.33333333333] = {
		0.068869,
		0.606215,
		0.792313,
		0,
		0.960435,
		-0.255116,
		0.111713,
		0,
		0.269854,
		0.753272,
		-0.5998,
		0,
		0.097886,
		0.015344,
		-1.061593,
		1,
	},
	[1.35] = {
		0.068975,
		0.60714,
		0.791595,
		0,
		0.960396,
		-0.255138,
		0.112003,
		0,
		0.269968,
		0.752519,
		-0.600693,
		0,
		0.097876,
		0.014074,
		-1.061612,
		1,
	},
	[1.36666666667] = {
		0.069072,
		0.607987,
		0.790936,
		0,
		0.960359,
		-0.255157,
		0.11227,
		0,
		0.270072,
		0.751828,
		-0.601511,
		0,
		0.097867,
		0.012909,
		-1.061628,
		1,
	},
	[1.38333333333] = {
		0.06916,
		0.608753,
		0.790339,
		0,
		0.960327,
		-0.255174,
		0.112511,
		0,
		0.270165,
		0.751203,
		-0.60225,
		0,
		0.097858,
		0.011856,
		-1.061641,
		1,
	},
	[1.3] = {
		0.068629,
		0.604154,
		0.793907,
		0,
		0.960524,
		-0.255064,
		0.111068,
		0,
		0.269599,
		0.754944,
		-0.597809,
		0,
		0.097908,
		0.018171,
		-1.061547,
		1,
	},
	[1.41666666667] = {
		0.069304,
		0.61002,
		0.789349,
		0,
		0.960273,
		-0.255199,
		0.112911,
		0,
		0.270319,
		0.750166,
		-0.603472,
		0,
		0.097845,
		0.010111,
		-1.06166,
		1,
	},
	[1.43333333333] = {
		0.069359,
		0.610512,
		0.788964,
		0,
		0.960253,
		-0.255208,
		0.113066,
		0,
		0.270378,
		0.749763,
		-0.603947,
		0,
		0.09784,
		0.009434,
		-1.061667,
		1,
	},
	[1.45] = {
		0.069403,
		0.610903,
		0.788658,
		0,
		0.960236,
		-0.255215,
		0.11319,
		0,
		0.270425,
		0.749442,
		-0.604324,
		0,
		0.097835,
		0.008895,
		-1.061672,
		1,
	},
	[1.46666666667] = {
		0.069435,
		0.611188,
		0.788434,
		0,
		0.960224,
		-0.25522,
		0.11328,
		0,
		0.270459,
		0.749208,
		-0.604599,
		0,
		0.097832,
		0.008502,
		-1.061675,
		1,
	},
	[1.48333333333] = {
		0.069455,
		0.611363,
		0.788297,
		0,
		0.960217,
		-0.255223,
		0.113335,
		0,
		0.27048,
		0.749064,
		-0.604767,
		0,
		0.097831,
		0.008261,
		-1.061677,
		1,
	},
	[1.4] = {
		0.069237,
		0.609432,
		0.789809,
		0,
		0.960298,
		-0.255188,
		0.112725,
		0,
		0.270248,
		0.750647,
		-0.602905,
		0,
		0.097851,
		0.010921,
		-1.061651,
		1,
	},
	[1.51666666667] = {
		0.069462,
		0.611356,
		0.788301,
		0,
		0.960214,
		-0.255233,
		0.113333,
		0,
		0.270487,
		0.749066,
		-0.604762,
		0,
		0.09783,
		0.008268,
		-1.061677,
		1,
	},
	[1.53333333333] = {
		0.069462,
		0.611177,
		0.78844,
		0,
		0.960214,
		-0.255259,
		0.113275,
		0,
		0.270487,
		0.749203,
		-0.604592,
		0,
		0.09783,
		0.008509,
		-1.061675,
		1,
	},
	[1.55] = {
		0.069462,
		0.610914,
		0.788644,
		0,
		0.960214,
		-0.255297,
		0.113189,
		0,
		0.270487,
		0.749405,
		-0.604342,
		0,
		0.09783,
		0.008863,
		-1.061673,
		1,
	},
	[1.56666666667] = {
		0.069462,
		0.610594,
		0.788892,
		0,
		0.960214,
		-0.255343,
		0.113086,
		0,
		0.270487,
		0.74965,
		-0.604037,
		0,
		0.09783,
		0.009294,
		-1.061669,
		1,
	},
	[1.58333333333] = {
		0.069462,
		0.610245,
		0.789161,
		0,
		0.960214,
		-0.255392,
		0.112973,
		0,
		0.270487,
		0.749917,
		-0.603706,
		0,
		0.09783,
		0.009763,
		-1.061665,
		1,
	},
	[1.5] = {
		0.069462,
		0.611422,
		0.78825,
		0,
		0.960214,
		-0.255224,
		0.113354,
		0,
		0.270487,
		0.749015,
		-0.604824,
		0,
		0.09783,
		0.008179,
		-1.061678,
		1,
	},
	[1.61666666667] = {
		0.069462,
		0.609576,
		0.789678,
		0,
		0.960214,
		-0.255488,
		0.112757,
		0,
		0.270487,
		0.750428,
		-0.603071,
		0,
		0.09783,
		0.010663,
		-1.061656,
		1,
	},
	[1.63333333333] = {
		0.069462,
		0.609312,
		0.789882,
		0,
		0.960214,
		-0.255526,
		0.112671,
		0,
		0.270487,
		0.75063,
		-0.60282,
		0,
		0.09783,
		0.011017,
		-1.061652,
		1,
	},
	[1.65] = {
		0.069462,
		0.609133,
		0.79002,
		0,
		0.960214,
		-0.255551,
		0.112613,
		0,
		0.270487,
		0.750766,
		-0.60265,
		0,
		0.09783,
		0.011258,
		-1.06165,
		1,
	},
	[1.66666666667] = {
		0.069462,
		0.609067,
		0.790071,
		0,
		0.960214,
		-0.255561,
		0.112592,
		0,
		0.270487,
		0.750817,
		-0.602587,
		0,
		0.09783,
		0.011347,
		-1.061649,
		1,
	},
	[1.6] = {
		0.069462,
		0.609897,
		0.789431,
		0,
		0.960214,
		-0.255442,
		0.11286,
		0,
		0.270487,
		0.750183,
		-0.603375,
		0,
		0.09783,
		0.010232,
		-1.06166,
		1,
	},
}

return spline_matrices
