-- chunkname: @content/characters/player/ogryn/first_person/animations/2h_axe/attack_right_diagonal_up.lua

local spline_matrices = {
	[0.0166666666667] = {
		-0.451914,
		0.109651,
		-0.885297,
		0,
		0.874459,
		0.250627,
		-0.41534,
		0,
		0.176337,
		-0.961854,
		-0.209147,
		0,
		-0.680953,
		-0.455665,
		-0.65679,
		1,
	},
	[0.0333333333333] = {
		-0.451914,
		0.109651,
		-0.885297,
		0,
		0.874459,
		0.250627,
		-0.41534,
		0,
		0.176337,
		-0.961854,
		-0.209147,
		0,
		-0.680953,
		-0.455665,
		-0.65679,
		1,
	},
	[0.05] = {
		-0.451914,
		0.109651,
		-0.885297,
		0,
		0.874459,
		0.250627,
		-0.41534,
		0,
		0.176337,
		-0.961854,
		-0.209147,
		0,
		-0.680953,
		-0.455665,
		-0.65679,
		1,
	},
	[0.0666666666667] = {
		-0.451914,
		0.109651,
		-0.885297,
		0,
		0.874459,
		0.250627,
		-0.41534,
		0,
		0.176337,
		-0.961854,
		-0.209147,
		0,
		-0.680953,
		-0.455665,
		-0.65679,
		1,
	},
	[0.0833333333333] = {
		-0.451914,
		0.109651,
		-0.885297,
		0,
		0.874459,
		0.250627,
		-0.41534,
		0,
		0.176337,
		-0.961854,
		-0.209147,
		0,
		-0.680953,
		-0.455665,
		-0.65679,
		1,
	},
	[0] = {
		-0.451914,
		0.109651,
		-0.885297,
		0,
		0.874459,
		0.250627,
		-0.41534,
		0,
		0.176337,
		-0.961854,
		-0.209147,
		0,
		-0.680953,
		-0.455665,
		-0.65679,
		1,
	},
	[0.116666666667] = {
		-0.368829,
		0.109305,
		-0.923048,
		0,
		0.910565,
		0.2419,
		-0.335196,
		0,
		0.186646,
		-0.964125,
		-0.188749,
		0,
		-0.676946,
		-0.408835,
		-0.636951,
		1,
	},
	[0.133333333333] = {
		-0.143719,
		0.106442,
		-0.983878,
		0,
		0.968705,
		0.218442,
		-0.11787,
		0,
		0.202374,
		-0.970027,
		-0.134505,
		0,
		-0.66578,
		-0.287453,
		-0.587234,
		1,
	},
	[0.15] = {
		0.170873,
		0.097854,
		-0.980422,
		0,
		0.964905,
		0.184757,
		0.186609,
		0,
		0.199401,
		-0.9779,
		-0.06285,
		0,
		-0.648602,
		-0.120214,
		-0.522297,
		1,
	},
	[0.166666666667] = {
		0.488085,
		0.081012,
		-0.869028,
		0,
		0.856571,
		0.146631,
		0.494758,
		0,
		0.167508,
		-0.985868,
		0.002176,
		0,
		-0.626897,
		0.064263,
		-0.456903,
		1,
	},
	[0.183333333333] = {
		0.724307,
		0.055388,
		-0.687249,
		0,
		0.679671,
		0.110155,
		0.725198,
		0,
		0.115871,
		-0.99237,
		0.04214,
		0,
		-0.602876,
		0.237533,
		-0.406051,
		1,
	},
	[0.1] = {
		-0.451914,
		0.109651,
		-0.885297,
		0,
		0.874459,
		0.250627,
		-0.41534,
		0,
		0.176337,
		-0.961854,
		-0.209147,
		0,
		-0.680953,
		-0.455665,
		-0.65679,
		1,
	},
	[0.216666666667] = {
		0.892563,
		-0.005469,
		-0.450889,
		0,
		0.450564,
		0.050695,
		0.891304,
		0,
		0.017984,
		-0.998699,
		0.047712,
		0,
		-0.563111,
		0.464389,
		-0.388625,
		1,
	},
	[0.233333333333] = {
		0.906941,
		-0.023405,
		-0.420606,
		0,
		0.421041,
		0.018414,
		0.906855,
		0,
		-0.01348,
		-0.999556,
		0.026555,
		0,
		-0.553192,
		0.538479,
		-0.399376,
		1,
	},
	[0.25] = {
		0.908082,
		-0.046406,
		-0.416214,
		0,
		0.416074,
		-0.013082,
		0.909236,
		0,
		-0.047639,
		-0.998837,
		0.007429,
		0,
		-0.54332,
		0.600717,
		-0.413789,
		1,
	},
	[0.266666666667] = {
		0.907146,
		-0.089524,
		-0.411183,
		0,
		0.409254,
		-0.039785,
		0.911553,
		0,
		-0.097965,
		-0.99519,
		0.000548,
		0,
		-0.526561,
		0.658456,
		-0.42828,
		1,
	},
	[0.283333333333] = {
		0.910887,
		-0.167109,
		-0.377306,
		0,
		0.373111,
		-0.057057,
		0.926031,
		0,
		-0.176275,
		-0.984286,
		0.010378,
		0,
		-0.496143,
		0.718735,
		-0.439428,
		1,
	},
	[0.2] = {
		0.847508,
		0.021996,
		-0.530327,
		0,
		0.527272,
		0.079852,
		0.845936,
		0,
		0.060955,
		-0.996564,
		0.056078,
		0,
		-0.579573,
		0.371355,
		-0.384998,
		1,
	},
	[0.316666666667] = {
		0.437516,
		-0.772513,
		0.460221,
		0,
		-0.142894,
		0.445573,
		0.883768,
		0,
		-0.887785,
		-0.452425,
		0.084558,
		0,
		-0.207131,
		0.91241,
		-0.368481,
		1,
	},
	[0.333333333333] = {
		0.018612,
		-0.994451,
		-0.103538,
		0,
		-0.248349,
		-0.104908,
		0.962973,
		0,
		-0.968492,
		0.00779,
		-0.248924,
		0,
		0.08386,
		0.997123,
		-0.256256,
		1,
	},
	[0.35] = {
		-0.165725,
		-0.804192,
		-0.570799,
		0,
		-0.417553,
		-0.467139,
		0.779378,
		0,
		-0.893412,
		0.367501,
		-0.258376,
		0,
		0.169672,
		0.99321,
		-0.199609,
		1,
	},
	[0.366666666667] = {
		-0.66504,
		-0.48048,
		-0.571718,
		0,
		-0.580724,
		-0.148621,
		0.800419,
		0,
		-0.469555,
		0.864321,
		-0.180187,
		0,
		0.227604,
		0.96971,
		-0.151265,
		1,
	},
	[0.383333333333] = {
		-0.769717,
		-0.136411,
		-0.623641,
		0,
		-0.610037,
		-0.130713,
		0.781517,
		0,
		-0.188125,
		0.981991,
		0.017396,
		0,
		0.38885,
		0.80706,
		-0.084751,
		1,
	},
	[0.3] = {
		0.913299,
		-0.291469,
		-0.284483,
		0,
		0.27931,
		-0.060147,
		0.958315,
		0,
		-0.29643,
		-0.954687,
		0.026478,
		0,
		-0.445324,
		0.788695,
		-0.443837,
		1,
	},
	[0.416666666667] = {
		-0.696628,
		0.421757,
		-0.580371,
		0,
		-0.636037,
		0.01119,
		0.771577,
		0,
		0.331912,
		0.90664,
		0.260458,
		0,
		0.584732,
		0.484195,
		-0.005573,
		1,
	},
	[0.433333333333] = {
		-0.56727,
		0.648653,
		-0.507399,
		0,
		-0.584381,
		0.117066,
		0.802991,
		0,
		0.580262,
		0.752027,
		0.312653,
		0,
		0.621404,
		0.380556,
		0.014475,
		1,
	},
	[0.45] = {
		-0.426185,
		0.808611,
		-0.405603,
		0,
		-0.50715,
		0.157715,
		0.847305,
		0,
		0.74911,
		0.56681,
		0.342871,
		0,
		0.641338,
		0.296539,
		0.028007,
		1,
	},
	[0.466666666667] = {
		-0.318298,
		0.896211,
		-0.309019,
		0,
		-0.461362,
		0.138318,
		0.876364,
		0,
		0.828149,
		0.421515,
		0.369451,
		0,
		0.647653,
		0.236971,
		0.032886,
		1,
	},
	[0.483333333333] = {
		-0.274942,
		0.939146,
		-0.205941,
		0,
		-0.423027,
		0.074187,
		0.903075,
		0,
		0.863397,
		0.335412,
		0.376887,
		0,
		0.647216,
		0.198315,
		0.011398,
		1,
	},
	[0.4] = {
		-0.769242,
		0.158551,
		-0.618974,
		0,
		-0.63625,
		-0.100978,
		0.764846,
		0,
		0.058765,
		0.982174,
		0.178555,
		0,
		0.527226,
		0.602441,
		-0.031886,
		1,
	},
	[0.516666666667] = {
		-0.211351,
		0.977379,
		0.007801,
		0,
		-0.254618,
		-0.062761,
		0.965003,
		0,
		0.943663,
		0.201968,
		0.262123,
		0,
		0.643044,
		0.155955,
		-0.112918,
		1,
	},
	[0.533333333333] = {
		-0.158646,
		0.985013,
		0.06769,
		0,
		-0.165689,
		-0.094146,
		0.981674,
		0,
		0.973334,
		0.144523,
		0.178142,
		0,
		0.640494,
		0.147396,
		-0.183274,
		1,
	},
	[0.55] = {
		-0.115673,
		0.988772,
		0.094601,
		0,
		-0.098434,
		-0.106183,
		0.989462,
		0,
		0.988398,
		0.105142,
		0.109611,
		0,
		0.638463,
		0.14408,
		-0.237431,
		1,
	},
	[0.566666666667] = {
		-0.098986,
		0.989856,
		0.101918,
		0,
		-0.071549,
		-0.109236,
		0.991438,
		0,
		0.992513,
		0.090846,
		0.081636,
		0,
		0.637594,
		0.143644,
		-0.259132,
		1,
	},
	[0.583333333333] = {
		-0.099248,
		0.989825,
		0.101963,
		0,
		-0.071433,
		-0.109292,
		0.99144,
		0,
		0.992495,
		0.091115,
		0.081553,
		0,
		0.637533,
		0.143829,
		-0.259182,
		1,
	},
	[0.5] = {
		-0.252128,
		0.963574,
		-0.0892,
		0,
		-0.347148,
		-0.004021,
		0.937802,
		0,
		0.903283,
		0.267411,
		0.335517,
		0,
		0.645486,
		0.172128,
		-0.042613,
		1,
	},
	[0.616666666667] = {
		-0.09948,
		0.98977,
		0.102268,
		0,
		-0.071206,
		-0.109595,
		0.991422,
		0,
		0.992488,
		0.091345,
		0.08138,
		0,
		0.637444,
		0.144066,
		-0.259268,
		1,
	},
	[0.633333333333] = {
		-0.099491,
		0.989743,
		0.102515,
		0,
		-0.071092,
		-0.109833,
		0.991404,
		0,
		0.992496,
		0.091348,
		0.08129,
		0,
		0.637411,
		0.144142,
		-0.259306,
		1,
	},
	[0.65] = {
		-0.09939,
		0.989722,
		0.102819,
		0,
		-0.070982,
		-0.110119,
		0.991381,
		0,
		0.992514,
		0.091235,
		0.081197,
		0,
		0.637393,
		0.144161,
		-0.259341,
		1,
	},
	[0.666666666667] = {
		-0.099123,
		0.989712,
		0.103172,
		0,
		-0.070884,
		-0.110443,
		0.991352,
		0,
		0.992547,
		0.090953,
		0.081102,
		0,
		0.637397,
		0.144087,
		-0.259372,
		1,
	},
	[0.683333333333] = {
		-0.098703,
		0.989712,
		0.103571,
		0,
		-0.070798,
		-0.110799,
		0.991318,
		0,
		0.992595,
		0.090514,
		0.081006,
		0,
		0.637421,
		0.143927,
		-0.259401,
		1,
	},
	[0.6] = {
		-0.099406,
		0.989797,
		0.102081,
		0,
		-0.07132,
		-0.109413,
		0.991434,
		0,
		0.992488,
		0.091274,
		0.081468,
		0,
		0.637483,
		0.143965,
		-0.259227,
		1,
	},
	[0.716666666667] = {
		-0.097462,
		0.98974,
		0.104476,
		0,
		-0.070654,
		-0.111592,
		0.991239,
		0,
		0.992728,
		0.089226,
		0.080805,
		0,
		0.637524,
		0.143376,
		-0.259453,
		1,
	},
	[0.733333333333] = {
		-0.096667,
		0.989766,
		0.104971,
		0,
		-0.070595,
		-0.112018,
		0.991195,
		0,
		0.99281,
		0.088406,
		0.080701,
		0,
		0.637598,
		0.143,
		-0.259478,
		1,
	},
	[0.75] = {
		-0.095776,
		0.989798,
		0.105487,
		0,
		-0.070544,
		-0.112458,
		0.991149,
		0,
		0.9929,
		0.087486,
		0.080595,
		0,
		0.637685,
		0.142568,
		-0.259503,
		1,
	},
	[0.766666666667] = {
		-0.0948,
		0.989835,
		0.106018,
		0,
		-0.070498,
		-0.112906,
		0.991102,
		0,
		0.992997,
		0.086483,
		0.080485,
		0,
		0.637782,
		0.142085,
		-0.259528,
		1,
	},
	[0.783333333333] = {
		-0.093756,
		0.989876,
		0.106558,
		0,
		-0.070457,
		-0.113358,
		0.991053,
		0,
		0.993099,
		0.085409,
		0.080372,
		0,
		0.637888,
		0.14156,
		-0.259555,
		1,
	},
	[0.7] = {
		-0.098145,
		0.989722,
		0.104007,
		0,
		-0.070721,
		-0.111184,
		0.99128,
		0,
		0.992656,
		0.089934,
		0.080907,
		0,
		0.637465,
		0.143687,
		-0.259427,
		1,
	},
	[0.816666666667] = {
		-0.091512,
		0.989969,
		0.10764,
		0,
		-0.070387,
		-0.114254,
		0.990955,
		0,
		0.993313,
		0.083108,
		0.080136,
		0,
		0.638118,
		0.140413,
		-0.259614,
		1,
	},
	[0.833333333333] = {
		-0.090342,
		0.990019,
		0.108171,
		0,
		-0.070355,
		-0.114688,
		0.990907,
		0,
		0.993423,
		0.08191,
		0.080014,
		0,
		0.638238,
		0.139805,
		-0.259647,
		1,
	},
	[0.85] = {
		-0.089157,
		0.99007,
		0.108687,
		0,
		-0.070324,
		-0.115106,
		0.990861,
		0,
		0.993532,
		0.080698,
		0.079888,
		0,
		0.638359,
		0.139184,
		-0.259684,
		1,
	},
	[0.866666666667] = {
		-0.087971,
		0.990121,
		0.109182,
		0,
		-0.070293,
		-0.115504,
		0.990817,
		0,
		0.99364,
		0.079488,
		0.07976,
		0,
		0.638479,
		0.138558,
		-0.259724,
		1,
	},
	[0.883333333333] = {
		-0.086798,
		0.990173,
		0.109651,
		0,
		-0.070261,
		-0.115877,
		0.990775,
		0,
		0.993745,
		0.078294,
		0.079629,
		0,
		0.638596,
		0.137933,
		-0.259768,
		1,
	},
	[0.8] = {
		-0.092655,
		0.989921,
		0.1071,
		0,
		-0.07042,
		-0.113809,
		0.991004,
		0,
		0.993205,
		0.084279,
		0.080256,
		0,
		0.638001,
		0.141001,
		-0.259583,
		1,
	},
	[0.916666666667] = {
		-0.084549,
		0.990275,
		0.110487,
		0,
		-0.07019,
		-0.116527,
		0.990704,
		0,
		0.993944,
		0.076008,
		0.07936,
		0,
		0.638816,
		0.136717,
		-0.259869,
		1,
	},
	[0.933333333333] = {
		-0.0835,
		0.990324,
		0.110841,
		0,
		-0.070149,
		-0.116795,
		0.990675,
		0,
		0.994036,
		0.074946,
		0.079223,
		0,
		0.638916,
		0.136141,
		-0.259927,
		1,
	},
	[0.95] = {
		-0.082519,
		0.990372,
		0.111146,
		0,
		-0.070103,
		-0.117019,
		0.990652,
		0,
		0.994121,
		0.073956,
		0.079085,
		0,
		0.639006,
		0.135597,
		-0.25999,
		1,
	},
	[0.966666666667] = {
		-0.081622,
		0.990419,
		0.111396,
		0,
		-0.070051,
		-0.117193,
		0.990635,
		0,
		0.994199,
		0.073054,
		0.078945,
		0,
		0.639085,
		0.135091,
		-0.260058,
		1,
	},
	[0.983333333333] = {
		-0.08082,
		0.990461,
		0.111602,
		0,
		-0.069992,
		-0.117332,
		0.990623,
		0,
		0.994268,
		0.072251,
		0.078807,
		0,
		0.639152,
		0.134636,
		-0.26013,
		1,
	},
	[0.9] = {
		-0.085653,
		0.990224,
		0.110088,
		0,
		-0.070227,
		-0.11622,
		0.990738,
		0,
		0.993847,
		0.077129,
		0.079495,
		0,
		0.638709,
		0.137317,
		-0.259816,
		1,
	},
	[1.01666666667] = {
		-0.079562,
		0.990524,
		0.111943,
		0,
		-0.069849,
		-0.117562,
		0.990606,
		0,
		0.99438,
		0.070996,
		0.078541,
		0,
		0.639242,
		0.133928,
		-0.260273,
		1,
	},
	[1.03333333333] = {
		-0.079134,
		0.990543,
		0.11208,
		0,
		-0.069763,
		-0.117659,
		0.990601,
		0,
		0.99442,
		0.070571,
		0.078414,
		0,
		0.639263,
		0.133695,
		-0.260343,
		1,
	},
	[1.05] = {
		-0.078806,
		0.990556,
		0.112196,
		0,
		-0.069672,
		-0.117744,
		0.990597,
		0,
		0.994452,
		0.070249,
		0.078293,
		0,
		0.639271,
		0.133521,
		-0.260411,
		1,
	},
	[1.06666666667] = {
		-0.078532,
		0.990567,
		0.112295,
		0,
		-0.069583,
		-0.117814,
		0.990595,
		0,
		0.99448,
		0.06998,
		0.078179,
		0,
		0.639275,
		0.133376,
		-0.260477,
		1,
	},
	[1.08333333333] = {
		-0.078306,
		0.990575,
		0.112376,
		0,
		-0.069496,
		-0.117872,
		0.990594,
		0,
		0.994504,
		0.06976,
		0.078071,
		0,
		0.639274,
		0.133258,
		-0.26054,
		1,
	},
	{
		-0.080129,
		0.990497,
		0.111784,
		0,
		-0.069925,
		-0.117454,
		0.990613,
		0,
		0.994329,
		0.07156,
		0.078672,
		0,
		0.639205,
		0.134245,
		-0.260202,
		1,
	},
	[1.11666666667] = {
		-0.07798,
		0.990588,
		0.112495,
		0,
		-0.069336,
		-0.117954,
		0.990595,
		0,
		0.994541,
		0.069447,
		0.077882,
		0,
		0.639263,
		0.133089,
		-0.260652,
		1,
	},
	[1.13333333333] = {
		-0.077871,
		0.990592,
		0.112536,
		0,
		-0.069265,
		-0.117981,
		0.990597,
		0,
		0.994554,
		0.069344,
		0.077801,
		0,
		0.639255,
		0.133033,
		-0.260701,
		1,
	},
	[1.15] = {
		-0.077791,
		0.990595,
		0.112566,
		0,
		-0.069202,
		-0.118001,
		0.990599,
		0,
		0.994565,
		0.06927,
		0.07773,
		0,
		0.639245,
		0.132993,
		-0.260744,
		1,
	},
	[1.16666666667] = {
		-0.077736,
		0.990596,
		0.112587,
		0,
		-0.069147,
		-0.118014,
		0.990602,
		0,
		0.994573,
		0.06922,
		0.077671,
		0,
		0.639236,
		0.132967,
		-0.260781,
		1,
	},
	[1.18333333333] = {
		-0.077701,
		0.990598,
		0.112601,
		0,
		-0.069103,
		-0.118022,
		0.990604,
		0,
		0.994579,
		0.06919,
		0.077623,
		0,
		0.639227,
		0.13295,
		-0.260811,
		1,
	},
	[1.1] = {
		-0.078124,
		0.990582,
		0.112443,
		0,
		-0.069414,
		-0.117918,
		0.990594,
		0,
		0.994524,
		0.069584,
		0.077972,
		0,
		0.63927,
		0.133163,
		-0.260598,
		1,
	},
	[1.21666666667] = {
		-0.077674,
		0.990598,
		0.112612,
		0,
		-0.069048,
		-0.118027,
		0.990607,
		0,
		0.994585,
		0.069169,
		0.077567,
		0,
		0.639215,
		0.132939,
		-0.260846,
		1,
	},
	[1.23333333333] = {
		-0.077673,
		0.990598,
		0.112613,
		0,
		-0.069041,
		-0.118027,
		0.990607,
		0,
		0.994585,
		0.069168,
		0.07756,
		0,
		0.639213,
		0.132939,
		-0.260851,
		1,
	},
	[1.25] = {
		-0.077673,
		0.990598,
		0.112613,
		0,
		-0.069041,
		-0.118027,
		0.990607,
		0,
		0.994585,
		0.069168,
		0.07756,
		0,
		0.639213,
		0.132939,
		-0.260851,
		1,
	},
	[1.26666666667] = {
		-0.077673,
		0.990598,
		0.112613,
		0,
		-0.069041,
		-0.118027,
		0.990607,
		0,
		0.994585,
		0.069168,
		0.07756,
		0,
		0.639213,
		0.132939,
		-0.260851,
		1,
	},
	[1.28333333333] = {
		-0.077673,
		0.990598,
		0.112613,
		0,
		-0.069041,
		-0.118027,
		0.990607,
		0,
		0.994585,
		0.069168,
		0.07756,
		0,
		0.639213,
		0.132939,
		-0.260851,
		1,
	},
	[1.2] = {
		-0.077682,
		0.990598,
		0.112609,
		0,
		-0.069069,
		-0.118026,
		0.990606,
		0,
		0.994583,
		0.069175,
		0.077588,
		0,
		0.63922,
		0.132942,
		-0.260833,
		1,
	},
	[1.31666666667] = {
		-0.077673,
		0.990598,
		0.112613,
		0,
		-0.069041,
		-0.118027,
		0.990607,
		0,
		0.994585,
		0.069168,
		0.07756,
		0,
		0.639213,
		0.132939,
		-0.260851,
		1,
	},
	[1.33333333333] = {
		-0.077673,
		0.990598,
		0.112613,
		0,
		-0.069041,
		-0.118027,
		0.990607,
		0,
		0.994585,
		0.069168,
		0.07756,
		0,
		0.639213,
		0.132939,
		-0.260851,
		1,
	},
	[1.35] = {
		-0.077673,
		0.990598,
		0.112613,
		0,
		-0.069041,
		-0.118027,
		0.990607,
		0,
		0.994585,
		0.069168,
		0.07756,
		0,
		0.639213,
		0.132939,
		-0.260851,
		1,
	},
	[1.36666666667] = {
		-0.077673,
		0.990598,
		0.112613,
		0,
		-0.069041,
		-0.118027,
		0.990607,
		0,
		0.994585,
		0.069168,
		0.07756,
		0,
		0.639213,
		0.132939,
		-0.260851,
		1,
	},
	[1.38333333333] = {
		-0.077673,
		0.990598,
		0.112613,
		0,
		-0.069041,
		-0.118027,
		0.990607,
		0,
		0.994585,
		0.069168,
		0.07756,
		0,
		0.639213,
		0.132939,
		-0.260851,
		1,
	},
	[1.3] = {
		-0.077673,
		0.990598,
		0.112613,
		0,
		-0.069041,
		-0.118027,
		0.990607,
		0,
		0.994585,
		0.069168,
		0.07756,
		0,
		0.639213,
		0.132939,
		-0.260851,
		1,
	},
	[1.41666666667] = {
		-0.077673,
		0.990598,
		0.112613,
		0,
		-0.069041,
		-0.118027,
		0.990607,
		0,
		0.994585,
		0.069168,
		0.07756,
		0,
		0.639213,
		0.132939,
		-0.260851,
		1,
	},
	[1.43333333333] = {
		-0.077673,
		0.990598,
		0.112613,
		0,
		-0.069041,
		-0.118027,
		0.990607,
		0,
		0.994585,
		0.069168,
		0.07756,
		0,
		0.639213,
		0.132939,
		-0.260851,
		1,
	},
	[1.45] = {
		-0.077673,
		0.990598,
		0.112613,
		0,
		-0.069041,
		-0.118027,
		0.990607,
		0,
		0.994585,
		0.069168,
		0.07756,
		0,
		0.639213,
		0.132939,
		-0.260851,
		1,
	},
	[1.46666666667] = {
		-0.077673,
		0.990598,
		0.112613,
		0,
		-0.069041,
		-0.118027,
		0.990607,
		0,
		0.994585,
		0.069168,
		0.07756,
		0,
		0.639213,
		0.132939,
		-0.260851,
		1,
	},
	[1.48333333333] = {
		-0.077673,
		0.990598,
		0.112613,
		0,
		-0.069041,
		-0.118027,
		0.990607,
		0,
		0.994585,
		0.069168,
		0.07756,
		0,
		0.639213,
		0.132939,
		-0.260851,
		1,
	},
	[1.4] = {
		-0.077673,
		0.990598,
		0.112613,
		0,
		-0.069041,
		-0.118027,
		0.990607,
		0,
		0.994585,
		0.069168,
		0.07756,
		0,
		0.639213,
		0.132939,
		-0.260851,
		1,
	},
	[1.51666666667] = {
		-0.077673,
		0.990598,
		0.112613,
		0,
		-0.069041,
		-0.118027,
		0.990607,
		0,
		0.994585,
		0.069168,
		0.07756,
		0,
		0.639213,
		0.132939,
		-0.260851,
		1,
	},
	[1.53333333333] = {
		-0.077673,
		0.990598,
		0.112613,
		0,
		-0.069041,
		-0.118027,
		0.990607,
		0,
		0.994585,
		0.069168,
		0.07756,
		0,
		0.639213,
		0.132939,
		-0.260851,
		1,
	},
	[1.55] = {
		-0.077673,
		0.990598,
		0.112613,
		0,
		-0.069041,
		-0.118027,
		0.990607,
		0,
		0.994585,
		0.069168,
		0.07756,
		0,
		0.639213,
		0.132939,
		-0.260851,
		1,
	},
	[1.56666666667] = {
		-0.077673,
		0.990598,
		0.112613,
		0,
		-0.069041,
		-0.118027,
		0.990607,
		0,
		0.994585,
		0.069168,
		0.07756,
		0,
		0.639213,
		0.132939,
		-0.260851,
		1,
	},
	[1.58333333333] = {
		-0.077673,
		0.990598,
		0.112613,
		0,
		-0.069041,
		-0.118027,
		0.990607,
		0,
		0.994585,
		0.069168,
		0.07756,
		0,
		0.639213,
		0.132939,
		-0.260851,
		1,
	},
	[1.5] = {
		-0.077673,
		0.990598,
		0.112613,
		0,
		-0.069041,
		-0.118027,
		0.990607,
		0,
		0.994585,
		0.069168,
		0.07756,
		0,
		0.639213,
		0.132939,
		-0.260851,
		1,
	},
	[1.6] = {
		-0.077673,
		0.990598,
		0.112613,
		0,
		-0.069041,
		-0.118027,
		0.990607,
		0,
		0.994585,
		0.069168,
		0.07756,
		0,
		0.639213,
		0.132939,
		-0.260851,
		1,
	},
}

return spline_matrices
