-- chunkname: @content/characters/player/ogryn/first_person/animations/2h_axe/attack_special_hook.lua

local spline_matrices = {
	[0.0166666666667] = {
		0.258562,
		-0.917566,
		-0.302023,
		0,
		0.327469,
		0.377399,
		-0.866218,
		0,
		0.908796,
		0.125067,
		0.398056,
		0,
		-0.537597,
		0.863554,
		-0.643725,
		1,
	},
	[0.0333333333333] = {
		0.260064,
		-0.907943,
		-0.328644,
		0,
		0.358774,
		0.406849,
		-0.840092,
		0,
		0.896464,
		0.100569,
		0.431553,
		0,
		-0.489848,
		0.863819,
		-0.623181,
		1,
	},
	[0.05] = {
		0.257529,
		-0.892898,
		-0.369338,
		0,
		0.407109,
		0.446913,
		-0.796574,
		0,
		0.876322,
		0.05478,
		0.4786,
		0,
		-0.418828,
		0.865405,
		-0.592952,
		1,
	},
	[0.0666666666667] = {
		0.246551,
		-0.873281,
		-0.420229,
		0,
		0.469298,
		0.486966,
		-0.736629,
		0,
		0.847922,
		-0.015596,
		0.529891,
		0,
		-0.332248,
		0.868691,
		-0.556383,
		1,
	},
	[0.0833333333333] = {
		0.22353,
		-0.850314,
		-0.476445,
		0,
		0.542408,
		0.514651,
		-0.664024,
		0,
		0.809832,
		-0.109998,
		0.576257,
		0,
		-0.237836,
		0.874009,
		-0.516777,
		1,
	},
	[0] = {
		0.257059,
		-0.92099,
		-0.292742,
		0,
		0.316875,
		0.366502,
		-0.874795,
		0,
		0.912968,
		0.132112,
		0.386051,
		0,
		-0.554377,
		0.86419,
		-0.651213,
		1,
	},
	[0.116666666667] = {
		0.136497,
		-0.801882,
		-0.581682,
		0,
		0.704694,
		0.491285,
		-0.511903,
		0,
		0.696257,
		-0.340035,
		0.632141,
		0,
		-0.055491,
		0.893479,
		-0.440809,
		1,
	},
	[0.133333333333] = {
		0.076172,
		-0.781449,
		-0.619303,
		0,
		0.780838,
		0.433004,
		-0.450333,
		0,
		0.620073,
		-0.449272,
		0.643167,
		0,
		0.01864,
		0.911272,
		-0.40973,
		1,
	},
	[0.15] = {
		0.010912,
		-0.767434,
		-0.641034,
		0,
		0.843586,
		0.351267,
		-0.40617,
		0,
		0.536883,
		-0.536336,
		0.65123,
		0,
		0.070722,
		0.93503,
		-0.387508,
		1,
	},
	[0.166666666667] = {
		-0.052658,
		-0.762807,
		-0.644478,
		0,
		0.887951,
		0.259523,
		-0.379724,
		0,
		0.456913,
		-0.592261,
		0.663669,
		0,
		0.09242,
		0.96474,
		-0.377461,
		1,
	},
	[0.183333333333] = {
		-0.113229,
		-0.839677,
		-0.531151,
		0,
		0.912641,
		0.123431,
		-0.38968,
		0,
		0.392766,
		-0.528874,
		0.752348,
		0,
		0.095865,
		1.019609,
		-0.377018,
		1,
	},
	[0.1] = {
		0.186651,
		-0.825749,
		-0.532259,
		0,
		0.622733,
		0.518477,
		-0.585991,
		0,
		0.759845,
		-0.222079,
		0.610995,
		0,
		-0.143344,
		0.881642,
		-0.477392,
		1,
	},
	[0.216666666667] = {
		0.048636,
		-0.99698,
		0.060541,
		0,
		0.932277,
		0.02356,
		-0.360977,
		0,
		0.358461,
		0.073998,
		0.930607,
		0,
		0.10066,
		1.188949,
		-0.380464,
		1,
	},
	[0.233333333333] = {
		0.207035,
		-0.937639,
		0.279231,
		0,
		0.926433,
		0.09617,
		-0.363969,
		0,
		0.314418,
		0.334043,
		0.88857,
		0,
		0.101877,
		1.25318,
		-0.380846,
		1,
	},
	[0.25] = {
		0.302576,
		-0.850113,
		0.430994,
		0,
		0.915961,
		0.134311,
		-0.378121,
		0,
		0.263558,
		0.509184,
		0.81931,
		0,
		0.102092,
		1.295388,
		-0.380765,
		1,
	},
	[0.266666666667] = {
		0.3646,
		-0.733554,
		0.573555,
		0,
		0.908852,
		0.146313,
		-0.390615,
		0,
		0.202618,
		0.663695,
		0.720038,
		0,
		0.098442,
		1.346423,
		-0.38148,
		1,
	},
	[0.283333333333] = {
		0.391471,
		-0.600193,
		0.697509,
		0,
		0.908594,
		0.132158,
		-0.396221,
		0,
		0.145628,
		0.788861,
		0.597068,
		0,
		0.090707,
		1.410425,
		-0.384031,
		1,
	},
	[0.2] = {
		-0.094903,
		-0.962916,
		-0.252558,
		0,
		0.922981,
		0.009938,
		-0.384716,
		0,
		0.372959,
		-0.269617,
		0.887811,
		0,
		0.098642,
		1.102618,
		-0.378937,
		1,
	},
	[0.316666666667] = {
		0.38193,
		-0.338324,
		0.860039,
		0,
		0.921281,
		0.065583,
		-0.383327,
		0,
		0.073285,
		0.938741,
		0.33674,
		0,
		0.073916,
		1.519327,
		-0.407075,
		1,
	},
	[0.333333333333] = {
		0.378034,
		-0.240112,
		0.894112,
		0,
		0.924357,
		0.044141,
		-0.378967,
		0,
		0.051527,
		0.969741,
		0.238636,
		0,
		0.068502,
		1.536215,
		-0.427652,
		1,
	},
	[0.35] = {
		0.377937,
		-0.177732,
		0.908612,
		0,
		0.925314,
		0.039709,
		-0.377117,
		0,
		0.030946,
		0.983277,
		0.179466,
		0,
		0.064417,
		1.535359,
		-0.443879,
		1,
	},
	[0.366666666667] = {
		0.376435,
		-0.139664,
		0.915855,
		0,
		0.926314,
		0.040226,
		-0.374599,
		0,
		0.015477,
		0.989381,
		0.144515,
		0,
		0.059163,
		1.533058,
		-0.460082,
		1,
	},
	[0.383333333333] = {
		0.378487,
		-0.118816,
		0.917949,
		0,
		0.925591,
		0.042768,
		-0.376102,
		0,
		0.005429,
		0.991995,
		0.126162,
		0,
		0.05294,
		1.527362,
		-0.476491,
		1,
	},
	[0.3] = {
		0.392099,
		-0.464378,
		0.79411,
		0,
		0.914229,
		0.100813,
		-0.392456,
		0,
		0.102191,
		0.87988,
		0.464077,
		0,
		0.081828,
		1.473239,
		-0.390404,
		1,
	},
	[0.416666666667] = {
		0.503808,
		-0.076754,
		0.860399,
		0,
		0.863723,
		0.059386,
		-0.500456,
		0,
		-0.012684,
		0.99528,
		0.096213,
		0,
		0.041942,
		1.499023,
		-0.507274,
		1,
	},
	[0.433333333333] = {
		0.619654,
		-0.042524,
		0.783722,
		0,
		0.784472,
		0.065555,
		-0.61669,
		0,
		-0.025153,
		0.996942,
		0.073981,
		0,
		0.038613,
		1.474023,
		-0.517796,
		1,
	},
	[0.45] = {
		0.758514,
		-0.014108,
		0.651504,
		0,
		0.651049,
		0.059572,
		-0.756694,
		0,
		-0.028136,
		0.998124,
		0.054371,
		0,
		0.038249,
		1.381508,
		-0.52664,
		1,
	},
	[0.466666666667] = {
		0.883666,
		-0.001032,
		0.468116,
		0,
		0.46765,
		0.046641,
		-0.882682,
		0,
		-0.020923,
		0.998911,
		0.041697,
		0,
		0.041901,
		1.202213,
		-0.537073,
		1,
	},
	[0.483333333333] = {
		0.95273,
		0.009602,
		0.303667,
		0,
		0.303267,
		0.030136,
		-0.952429,
		0,
		-0.018297,
		0.9995,
		0.025799,
		0,
		0.049583,
		0.99508,
		-0.550582,
		1,
	},
	[0.4] = {
		0.414935,
		-0.101316,
		0.904192,
		0,
		0.909846,
		0.049471,
		-0.411986,
		0,
		-0.002991,
		0.993623,
		0.112709,
		0,
		0.046957,
		1.516405,
		-0.492939,
		1,
	},
	[0.516666666667] = {
		0.994922,
		0.020971,
		0.098441,
		0,
		0.098581,
		-0.005713,
		-0.995113,
		0,
		-0.020306,
		0.999764,
		-0.007751,
		0,
		0.027011,
		0.482148,
		-0.603622,
		1,
	},
	[0.533333333333] = {
		0.998583,
		0.014584,
		0.051171,
		0,
		0.051354,
		-0.012435,
		-0.998603,
		0,
		-0.013927,
		0.999816,
		-0.013167,
		0,
		0.017945,
		0.279677,
		-0.634559,
		1,
	},
	[0.55] = {
		0.99946,
		0.007605,
		0.031952,
		0,
		0.03204,
		-0.011831,
		-0.999416,
		0,
		-0.007223,
		0.999901,
		-0.012068,
		0,
		0.020814,
		0.132743,
		-0.664265,
		1,
	},
	[0.566666666667] = {
		0.999762,
		0.00068,
		0.021793,
		0,
		0.0218,
		-0.01348,
		-0.999671,
		0,
		-0.000386,
		0.999909,
		-0.013491,
		0,
		0.024386,
		-0.026292,
		-0.698481,
		1,
	},
	[0.583333333333] = {
		0.999793,
		-0.005339,
		0.019645,
		0,
		0.019553,
		-0.016759,
		-0.999668,
		0,
		0.005667,
		0.999845,
		-0.016651,
		0,
		0.02896,
		-0.191245,
		-0.735127,
		1,
	},
	[0.5] = {
		0.982188,
		0.020442,
		0.186784,
		0,
		0.186591,
		0.011005,
		-0.982376,
		0,
		-0.022137,
		0.99973,
		0.006995,
		0,
		0.044958,
		0.750947,
		-0.572478,
		1,
	},
	[0.616666666667] = {
		0.999327,
		-0.011164,
		0.034935,
		0,
		0.034649,
		-0.024871,
		-0.99909,
		0,
		0.012023,
		0.999628,
		-0.024468,
		0,
		0.04208,
		-0.513426,
		-0.808644,
		1,
	},
	[0.633333333333] = {
		0.998702,
		-0.009229,
		0.050087,
		0,
		0.049797,
		-0.029289,
		-0.99833,
		0,
		0.010681,
		0.999528,
		-0.028792,
		0,
		0.051026,
		-0.658771,
		-0.842062,
		1,
	},
	[0.65] = {
		0.997633,
		-0.002831,
		0.068707,
		0,
		0.068573,
		-0.033709,
		-0.997076,
		0,
		0.005139,
		0.999428,
		-0.033435,
		0,
		0.061889,
		-0.785699,
		-0.87094,
		1,
	},
	[0.666666666667] = {
		0.995934,
		0.008975,
		0.089638,
		0,
		0.089917,
		-0.037989,
		-0.995224,
		0,
		-0.005527,
		0.999238,
		-0.038642,
		0,
		0.075,
		-0.888265,
		-0.893567,
		1,
	},
	[0.683333333333] = {
		0.993375,
		0.027024,
		0.11169,
		0,
		0.112761,
		-0.042042,
		-0.992732,
		0,
		-0.022132,
		0.99875,
		-0.044811,
		0,
		0.090449,
		-0.960382,
		-0.910039,
		1,
	},
	[0.6] = {
		0.999656,
		-0.009581,
		0.024405,
		0,
		0.024203,
		-0.020628,
		-0.999494,
		0,
		0.01008,
		0.999741,
		-0.020389,
		0,
		0.034787,
		-0.355605,
		-0.772421,
		1,
	},
	[0.716666666667] = {
		0.980943,
		0.076589,
		0.178562,
		0,
		0.182419,
		-0.046676,
		-0.982112,
		0,
		-0.066885,
		0.99597,
		-0.059757,
		0,
		0.125916,
		-1.023031,
		-0.930503,
		1,
	},
	[0.733333333333] = {
		0.968308,
		0.105588,
		0.22634,
		0,
		0.232094,
		-0.045665,
		-0.971621,
		0,
		-0.092256,
		0.993361,
		-0.068724,
		0,
		0.145608,
		-1.044352,
		-0.937576,
		1,
	},
	[0.75] = {
		0.949851,
		0.136522,
		0.281327,
		0,
		0.289247,
		-0.04172,
		-0.956345,
		0,
		-0.118825,
		0.989758,
		-0.079116,
		0,
		0.166579,
		-1.06406,
		-0.943395,
		1,
	},
	[0.766666666667] = {
		0.924589,
		0.168582,
		0.341636,
		0,
		0.351911,
		-0.034447,
		-0.935399,
		0,
		-0.145923,
		0.985085,
		-0.091175,
		0,
		0.188737,
		-1.082195,
		-0.948313,
		1,
	},
	[0.783333333333] = {
		0.891839,
		0.200881,
		0.405302,
		0,
		0.418027,
		-0.023629,
		-0.908127,
		0,
		-0.172848,
		0.979331,
		-0.105047,
		0,
		0.21199,
		-1.09882,
		-0.952662,
		1,
	},
	[0.7] = {
		0.988908,
		0.050215,
		0.139782,
		0,
		0.142069,
		-0.045269,
		-0.988821,
		0,
		-0.043326,
		0.997712,
		-0.0519,
		0,
		0.107593,
		-1.000052,
		-0.921826,
		1,
	},
	[0.816666666667] = {
		0.803165,
		0.262523,
		0.534796,
		0,
		0.552291,
		0.00849,
		-0.833608,
		0,
		-0.223381,
		0.964888,
		-0.13817,
		0,
		0.261416,
		-1.127882,
		-0.96087,
		1,
	},
	[0.833333333333] = {
		0.748039,
		0.290106,
		0.596889,
		0,
		0.616492,
		0.02924,
		-0.786818,
		0,
		-0.245714,
		0.956548,
		-0.156976,
		0,
		0.287404,
		-1.140475,
		-0.965359,
		1,
	},
	[0.85] = {
		0.68702,
		0.314523,
		0.655041,
		0,
		0.676436,
		0.052428,
		-0.734633,
		0,
		-0.265401,
		0.947801,
		-0.176736,
		0,
		0.314119,
		-1.15188,
		-0.970523,
		1,
	},
	[0.866666666667] = {
		0.621599,
		0.335213,
		0.707988,
		0,
		0.730777,
		0.077329,
		-0.678221,
		0,
		-0.282097,
		0.938963,
		-0.196899,
		0,
		0.341467,
		-1.162175,
		-0.976676,
		1,
	},
	[0.883333333333] = {
		0.553588,
		0.351824,
		0.754824,
		0,
		0.778558,
		0.103093,
		-0.619046,
		0,
		-0.295613,
		0.930372,
		-0.216844,
		0,
		0.369354,
		-1.171443,
		-0.984132,
		1,
	},
	[0.8] = {
		0.851311,
		0.232498,
		0.470334,
		0,
		0.485502,
		-0.009258,
		-0.874187,
		0,
		-0.198893,
		0.972553,
		-0.12076,
		0,
		0.236247,
		-1.114023,
		-0.956742,
		1,
	},
	[0.916666666667] = {
		0.418037,
		0.372521,
		0.828537,
		0,
		0.852752,
		0.153474,
		-0.499259,
		0,
		-0.313143,
		0.915245,
		-0.253511,
		0,
		0.426362,
		-1.187222,
		-1.004204,
		1,
	},
	[0.933333333333] = {
		0.354818,
		0.377019,
		0.855547,
		0,
		0.879368,
		0.176196,
		-0.442343,
		0,
		-0.317516,
		0.909292,
		-0.269021,
		0,
		0.455291,
		-1.19382,
		-1.017437,
		1,
	},
	[0.95] = {
		0.297478,
		0.378206,
		0.876623,
		0,
		0.899732,
		0.196081,
		-0.389916,
		0,
		-0.319358,
		0.904717,
		-0.281954,
		0,
		0.484366,
		-1.199234,
		-1.033184,
		1,
	},
	[0.966666666667] = {
		0.248036,
		0.376687,
		0.892516,
		0,
		0.914722,
		0.212311,
		-0.343813,
		0,
		-0.319001,
		0.901682,
		-0.291903,
		0,
		0.513444,
		-1.203076,
		-1.051721,
		1,
	},
	[0.983333333333] = {
		0.206634,
		0.371026,
		0.905341,
		0,
		0.925727,
		0.225421,
		-0.303669,
		0,
		-0.316751,
		0.900847,
		-0.296889,
		0,
		0.54456,
		-1.204557,
		-1.078402,
		1,
	},
	[0.9] = {
		0.485017,
		0.364227,
		0.795045,
		0,
		0.81925,
		0.128794,
		-0.558786,
		0,
		-0.305922,
		0.922362,
		-0.235925,
		0,
		0.397684,
		-1.179764,
		-0.993204,
		1,
	},
	[1.01666666667] = {
		0.1487,
		0.34496,
		0.926764,
		0,
		0.939679,
		0.24265,
		-0.241091,
		0,
		-0.308046,
		0.90671,
		-0.288069,
		0,
		0.615513,
		-1.198383,
		-1.164756,
		1,
	},
	[1.03333333333] = {
		0.134829,
		0.326679,
		0.935469,
		0,
		0.943631,
		0.245689,
		-0.221804,
		0,
		-0.302292,
		0.912643,
		-0.275138,
		0,
		0.65282,
		-1.19042,
		-1.219804,
		1,
	},
	[1.05] = {
		0.132714,
		0.306133,
		0.942693,
		0,
		0.94594,
		0.244869,
		-0.212691,
		0,
		-0.295947,
		0.919958,
		-0.257086,
		0,
		0.689678,
		-1.17899,
		-1.279673,
		1,
	},
	[1.06666666667] = {
		0.137352,
		0.28331,
		0.949142,
		0,
		0.94752,
		0.241694,
		-0.209261,
		0,
		-0.288688,
		0.928073,
		-0.235245,
		0,
		0.725986,
		-1.164505,
		-1.342241,
		1,
	},
	[1.08333333333] = {
		0.142976,
		0.258106,
		0.955478,
		0,
		0.949272,
		0.237423,
		-0.206184,
		0,
		-0.28007,
		0.936489,
		-0.211067,
		0,
		0.761787,
		-1.147395,
		-1.405411,
		1,
	},
	{
		0.173069,
		0.360084,
		0.916726,
		0,
		0.93386,
		0.235775,
		-0.268915,
		0,
		-0.312973,
		0.902635,
		-0.295463,
		0,
		0.579006,
		-1.203043,
		-1.116851,
		1,
	},
	[1.11666666667] = {
		0.157573,
		0.203131,
		0.966389,
		0,
		0.953053,
		0.224964,
		-0.202685,
		0,
		-0.258575,
		0.952958,
		-0.158147,
		0,
		0.827761,
		-1.104644,
		-1.524435,
		1,
	},
	[1.13333333333] = {
		0.166754,
		0.174707,
		0.970397,
		0,
		0.954926,
		0.216511,
		-0.203076,
		0,
		-0.245581,
		0.960521,
		-0.130728,
		0,
		0.85589,
		-1.078621,
		-1.57573,
		1,
	},
	[1.15] = {
		0.177364,
		0.146587,
		0.973167,
		0,
		0.956647,
		0.206439,
		-0.205449,
		0,
		-0.231015,
		0.967417,
		-0.103617,
		0,
		0.879381,
		-1.049201,
		-1.618533,
		1,
	},
	[1.16666666667] = {
		0.189549,
		0.119482,
		0.974574,
		0,
		0.95808,
		0.19467,
		-0.210207,
		0,
		-0.214836,
		0.973564,
		-0.077574,
		0,
		0.897161,
		-1.01613,
		-1.650603,
		1,
	},
	[1.18333333333] = {
		0.203437,
		0.094109,
		0.974555,
		0,
		0.959059,
		0.181146,
		-0.217695,
		0,
		-0.197024,
		0.978943,
		-0.053405,
		0,
		0.908185,
		-0.979125,
		-1.669683,
		1,
	},
	[1.1] = {
		0.149683,
		0.231159,
		0.961333,
		0,
		0.95114,
		0.231894,
		-0.203856,
		0,
		-0.270051,
		0.944876,
		-0.185154,
		0,
		0.796053,
		-1.127501,
		-1.466903,
		1,
	},
	[1.21666666667] = {
		0.242854,
		0.050671,
		0.968738,
		0,
		0.957969,
		0.144671,
		-0.247722,
		0,
		-0.1527,
		0.988182,
		-0.013407,
		0,
		0.90008,
		-0.88862,
		-1.662337,
		1,
	},
	[1.23333333333] = {
		0.278621,
		0.031621,
		0.95988,
		0,
		0.952944,
		0.115199,
		-0.280403,
		0,
		-0.119443,
		0.992839,
		0.001964,
		0,
		0.870681,
		-0.828571,
		-1.639418,
		1,
	},
	[1.25] = {
		0.323424,
		0.013381,
		0.946159,
		0,
		0.942889,
		0.079698,
		-0.323433,
		0,
		-0.079735,
		0.996729,
		0.013159,
		0,
		0.826958,
		-0.758907,
		-1.607129,
		1,
	},
	[1.26666666667] = {
		0.374126,
		-0.00471,
		0.927366,
		0,
		0.926685,
		0.04056,
		-0.373645,
		0,
		-0.035854,
		0.999166,
		0.019539,
		0,
		0.772658,
		-0.680832,
		-1.567822,
		1,
	},
	[1.28333333333] = {
		0.427584,
		-0.023326,
		0.903675,
		0,
		0.903923,
		0.000266,
		-0.427694,
		0,
		0.009736,
		0.999728,
		0.021199,
		0,
		0.711527,
		-0.59558,
		-1.523833,
		1,
	},
	[1.2] = {
		0.21916,
		0.071184,
		0.973089,
		0,
		0.959389,
		0.165819,
		-0.228205,
		0,
		-0.177601,
		0.983584,
		-0.031953,
		0,
		0.911404,
		-0.937878,
		-1.673523,
		1,
	},
	[1.31666666667] = {
		0.523894,
		-0.053397,
		0.850108,
		0,
		0.847359,
		-0.068916,
		-0.526529,
		0,
		0.086701,
		0.996192,
		0.009142,
		0,
		0.583751,
		-0.408647,
		-1.431069,
		1,
	},
	[1.33333333333] = {
		0.561918,
		-0.064,
		0.824713,
		0,
		0.819519,
		-0.092419,
		-0.565551,
		0,
		0.112415,
		0.993661,
		0.000518,
		0,
		0.524591,
		-0.309602,
		-1.386873,
		1,
	},
	[1.35] = {
		0.591536,
		-0.073497,
		0.802921,
		0,
		0.795912,
		-0.10594,
		-0.59607,
		0,
		0.128871,
		0.991652,
		-0.00417,
		0,
		0.473573,
		-0.208652,
		-1.347152,
		1,
	},
	[1.36666666667] = {
		0.611191,
		-0.08359,
		0.787057,
		0,
		0.779671,
		-0.107576,
		-0.61688,
		0,
		0.136234,
		0.990676,
		-0.000577,
		0,
		0.434439,
		-0.107201,
		-1.314138,
		1,
	},
	[1.38333333333] = {
		0.623526,
		-0.094382,
		0.776085,
		0,
		0.769531,
		-0.101105,
		-0.630556,
		0,
		0.137979,
		0.990389,
		0.009588,
		0,
		0.403445,
		-0.006839,
		-1.285585,
		1,
	},
	[1.3] = {
		0.478743,
		-0.040233,
		0.877032,
		0,
		0.876408,
		-0.037369,
		-0.480117,
		0,
		0.05209,
		0.998491,
		0.017371,
		0,
		0.647311,
		-0.504418,
		-1.477481,
		1,
	},
	[1.41666666667] = {
		0.639751,
		-0.116903,
		0.759639,
		0,
		0.756256,
		-0.080551,
		-0.649298,
		0,
		0.137095,
		0.989871,
		0.036876,
		0,
		0.346681,
		0.184354,
		-1.23073,
		1,
	},
	[1.43333333333] = {
		0.644753,
		-0.130129,
		0.753233,
		0,
		0.752178,
		-0.067433,
		-0.6555,
		0,
		0.136092,
		0.989201,
		0.054403,
		0,
		0.320588,
		0.272284,
		-1.204419,
		1,
	},
	[1.45] = {
		0.648337,
		-0.145625,
		0.747296,
		0,
		0.749161,
		-0.052933,
		-0.66027,
		0,
		0.135709,
		0.987923,
		0.074778,
		0,
		0.295795,
		0.353169,
		-1.178821,
		1,
	},
	[1.46666666667] = {
		0.650947,
		-0.164067,
		0.741181,
		0,
		0.746728,
		-0.037327,
		-0.664081,
		0,
		0.13662,
		0.985743,
		0.098216,
		0,
		0.272129,
		0.425556,
		-1.153897,
		1,
	},
	[1.48333333333] = {
		0.652992,
		-0.186075,
		0.73415,
		0,
		0.744416,
		-0.020792,
		-0.667393,
		0,
		0.13945,
		0.982315,
		0.12494,
		0,
		0.249413,
		0.487994,
		-1.129594,
		1,
	},
	[1.4] = {
		0.632851,
		-0.105234,
		0.767089,
		0,
		0.761879,
		-0.091923,
		-0.641163,
		0,
		0.137986,
		0.99019,
		0.022002,
		0,
		0.374246,
		0.09083,
		-1.257781,
		1,
	},
	[1.51666666667] = {
		0.656818,
		-0.242906,
		0.713854,
		0,
		0.738326,
		0.014855,
		-0.67428,
		0,
		0.153182,
		0.969936,
		0.189101,
		0,
		0.206074,
		0.59232,
		-1.082525,
		1,
	},
	[1.53333333333] = {
		0.659638,
		-0.276774,
		0.698766,
		0,
		0.733537,
		0.034566,
		-0.67877,
		0,
		0.163712,
		0.960313,
		0.225825,
		0,
		0.185092,
		0.63748,
		-1.059648,
		1,
	},
	[1.55] = {
		0.663611,
		-0.31177,
		0.680014,
		0,
		0.727328,
		0.056287,
		-0.683977,
		0,
		0.174968,
		0.948489,
		0.264112,
		0,
		0.164338,
		0.67817,
		-1.037163,
		1,
	},
	[1.56666666667] = {
		0.668436,
		-0.347326,
		0.657691,
		0,
		0.719925,
		0.080032,
		-0.689422,
		0,
		0.186818,
		0.934323,
		0.303546,
		0,
		0.143639,
		0.714538,
		-1.015034,
		1,
	},
	[1.58333333333] = {
		0.673845,
		-0.382876,
		0.631933,
		0,
		0.711522,
		0.105708,
		-0.694667,
		0,
		0.199171,
		0.917732,
		0.343656,
		0,
		0.122824,
		0.746735,
		-0.993232,
		1,
	},
	[1.5] = {
		0.654841,
		-0.212202,
		0.725364,
		0,
		0.741769,
		-0.003407,
		-0.670647,
		0,
		0.144784,
		0.97722,
		0.155174,
		0,
		0.227457,
		0.542541,
		-1.105827,
		1,
	},
	[1.61666666667] = {
		0.685489,
		-0.451855,
		0.570904,
		0,
		0.69236,
		0.16195,
		-0.703143,
		0,
		0.225261,
		0.877268,
		0.423862,
		0,
		0.080166,
		0.799207,
		-0.950498,
		1,
	},
	[1.63333333333] = {
		0.691317,
		-0.484379,
		0.53615,
		0,
		0.681858,
		0.191838,
		-0.70588,
		0,
		0.23906,
		0.853566,
		0.462899,
		0,
		0.057985,
		0.819779,
		-0.929517,
		1,
	},
	[1.65] = {
		0.696899,
		-0.515123,
		0.498979,
		0,
		0.670875,
		0.222326,
		-0.707459,
		0,
		0.253493,
		0.82778,
		0.500522,
		0,
		0.035014,
		0.836773,
		-0.908766,
		1,
	},
	[1.66666666667] = {
		0.702052,
		-0.543853,
		0.459724,
		0,
		0.659479,
		0.25292,
		-0.707898,
		0,
		0.268719,
		0.800159,
		0.536222,
		0,
		0.011084,
		0.850336,
		-0.888228,
		1,
	},
	[1.68333333333] = {
		0.706588,
		-0.570439,
		0.418727,
		0,
		0.647068,
		0.281345,
		-0.708624,
		0,
		0.28642,
		0.77165,
		0.567908,
		0,
		-0.013967,
		0.860617,
		-0.867889,
		1,
	},
	[1.6] = {
		0.6796,
		-0.417882,
		0.602925,
		0,
		0.702287,
		0.133113,
		-0.699338,
		0,
		0.211984,
		0.898696,
		0.383937,
		0,
		0.101723,
		0.774908,
		-0.971729,
		1,
	},
	[1.71666666667] = {
		0.712984,
		-0.617158,
		0.33282,
		0,
		0.61694,
		0.326581,
		-0.716051,
		0,
		0.333224,
		0.715863,
		0.613597,
		0,
		-0.068092,
		0.871914,
		-0.827763,
		1,
	},
	[1.73333333333] = {
		0.714387,
		-0.637505,
		0.288509,
		0,
		0.598882,
		0.34377,
		-0.723299,
		0,
		0.361927,
		0.689499,
		0.627376,
		0,
		-0.09749,
		0.873222,
		-0.807961,
		1,
	},
	[1.75] = {
		0.7159,
		-0.655354,
		0.240826,
		0,
		0.576826,
		0.360808,
		-0.732864,
		0,
		0.393394,
		0.663572,
		0.636328,
		0,
		-0.134095,
		0.872948,
		-0.788124,
		1,
	},
	[1.76666666667] = {
		0.717608,
		-0.67042,
		0.188614,
		0,
		0.550112,
		0.379559,
		-0.743849,
		0,
		0.427101,
		0.637551,
		0.641181,
		0,
		-0.181155,
		0.872327,
		-0.768359,
		1,
	},
	[1.78333333333] = {
		0.716564,
		-0.684759,
		0.132819,
		0,
		0.520414,
		0.398052,
		-0.755463,
		0,
		0.464441,
		0.610458,
		0.641588,
		0,
		-0.235309,
		0.871463,
		-0.749128,
		1,
	},
	[1.7] = {
		0.710305,
		-0.594853,
		0.376321,
		0,
		0.632936,
		0.30583,
		-0.711238,
		0,
		0.307992,
		0.743383,
		0.593736,
		0,
		-0.040305,
		0.86776,
		-0.847737,
		1,
	},
	[1.81666666667] = {
		0.698998,
		-0.714922,
		0.016979,
		0,
		0.457456,
		0.428765,
		-0.779034,
		0,
		0.549669,
		0.55231,
		0.626751,
		0,
		-0.35144,
		0.869495,
		-0.713968,
		1,
	},
	[1.83333333333] = {
		0.682154,
		-0.730239,
		-0.037643,
		0,
		0.426444,
		0.439127,
		-0.790767,
		0,
		0.593979,
		0.523373,
		0.610958,
		0,
		-0.406656,
		0.868767,
		-0.698726,
		1,
	},
	[1.85] = {
		0.660855,
		-0.745525,
		-0.086383,
		0,
		0.397085,
		0.444994,
		-0.802686,
		0,
		0.636862,
		0.496158,
		0.590113,
		0,
		-0.455481,
		0.868325,
		-0.685654,
		1,
	},
	[1.86666666667] = {
		0.635738,
		-0.760847,
		-0.130184,
		0,
		0.365156,
		0.445022,
		-0.817689,
		0,
		0.680072,
		0.472299,
		0.560746,
		0,
		-0.494549,
		0.868239,
		-0.675246,
		1,
	},
	[1.88333333333] = {
		0.607411,
		-0.776149,
		-0.169245,
		0,
		0.331394,
		0.441202,
		-0.833978,
		0,
		0.721962,
		0.450481,
		0.525202,
		0,
		-0.520495,
		0.86859,
		-0.667992,
		1,
	},
	[1.8] = {
		0.710525,
		-0.699694,
		0.074709,
		0,
		0.48914,
		0.414787,
		-0.767264,
		0,
		0.505862,
		0.581704,
		0.636965,
		0,
		-0.293197,
		0.870451,
		-0.730889,
		1,
	},
	[1.91666666667] = {
		0.547069,
		-0.808276,
		-0.217728,
		0,
		0.289173,
		0.426571,
		-0.856981,
		0,
		0.785553,
		0.405867,
		0.467095,
		0,
		-0.528983,
		0.871505,
		-0.665185,
		1,
	},
	[1.93333333333] = {
		0.51576,
		-0.82751,
		-0.221852,
		0,
		0.276258,
		0.405757,
		-0.871231,
		0,
		0.81097,
		0.388058,
		0.43788,
		0,
		-0.526433,
		0.875,
		-0.670249,
		1,
	},
	[1.95] = {
		0.484749,
		-0.84792,
		-0.21459,
		0,
		0.266955,
		0.377066,
		-0.88688,
		0,
		0.832918,
		0.372629,
		0.409139,
		0,
		-0.523028,
		0.879585,
		-0.678636,
		1,
	},
	[1.96666666667] = {
		0.454598,
		-0.868335,
		-0.198328,
		0,
		0.261822,
		0.343105,
		-0.902069,
		0,
		0.851346,
		0.358152,
		0.383324,
		0,
		-0.519285,
		0.884903,
		-0.689312,
		1,
	},
	[1.98333333333] = {
		0.4254,
		-0.887782,
		-0.175722,
		0,
		0.26165,
		0.306524,
		-0.915195,
		0,
		0.866357,
		0.343346,
		0.362683,
		0,
		-0.515502,
		0.890618,
		-0.701162,
		1,
	},
	[1.9] = {
		0.57765,
		-0.791417,
		-0.199949,
		0,
		0.305559,
		0.436785,
		-0.84608,
		0,
		0.756937,
		0.427642,
		0.494134,
		0,
		-0.529956,
		0.86947,
		-0.664384,
		1,
	},
	[2.01666666667] = {
		0.369312,
		-0.920962,
		-0.124244,
		0,
		0.276394,
		0.2365,
		-0.93149,
		0,
		0.887251,
		0.30967,
		0.341891,
		0,
		-0.508334,
		0.901933,
		-0.723712,
		1,
	},
	[2.03333333333] = {
		0.344322,
		-0.933213,
		-0.10274,
		0,
		0.285601,
		0.20836,
		-0.935424,
		0,
		0.894357,
		0.292744,
		0.33827,
		0,
		-0.505588,
		0.906833,
		-0.732227,
		1,
	},
	[2.05] = {
		0.322762,
		-0.942405,
		-0.087732,
		0,
		0.294273,
		0.188018,
		-0.937045,
		0,
		0.899571,
		0.276625,
		0.338009,
		0,
		-0.503861,
		0.910655,
		-0.737489,
		1,
	},
	[2.06666666667] = {
		0.305669,
		-0.948632,
		-0.08163,
		0,
		0.301788,
		0.177841,
		-0.936641,
		0,
		0.903045,
		0.261667,
		0.340646,
		0,
		-0.50351,
		0.912883,
		-0.738468,
		1,
	},
	[2.08333333333] = {
		0.294171,
		-0.951811,
		-0.086715,
		0,
		0.307483,
		0.180156,
		-0.934344,
		0,
		0.90494,
		0.248194,
		0.345662,
		0,
		-0.504133,
		0.913814,
		-0.736553,
		1,
	},
	{
		0.396814,
		-0.905604,
		-0.149732,
		0,
		0.267291,
		0.27006,
		-0.924999,
		0,
		0.87812,
		0.32703,
		0.349224,
		0,
		-0.51178,
		0.896403,
		-0.713006,
		1,
	},
	[2.11666666667] = {
		0.279813,
		-0.95325,
		-0.1141,
		0,
		0.316994,
		0.203917,
		-0.926246,
		0,
		0.906212,
		0.223007,
		0.359233,
		0,
		-0.506299,
		0.913741,
		-0.730627,
		1,
	},
	[2.13333333333] = {
		0.274208,
		-0.952759,
		-0.130616,
		0,
		0.321709,
		0.218878,
		-0.921193,
		0,
		0.906263,
		0.210578,
		0.366529,
		0,
		-0.507839,
		0.912912,
		-0.726649,
		1,
	},
	[2.15] = {
		0.269545,
		-0.951502,
		-0.148285,
		0,
		0.326068,
		0.235068,
		-0.915654,
		0,
		0.906104,
		0.198459,
		0.373616,
		0,
		-0.509676,
		0.911602,
		-0.722114,
		1,
	},
	[2.16666666667] = {
		0.265738,
		-0.949556,
		-0.166512,
		0,
		0.32983,
		0.251849,
		-0.909826,
		0,
		0.905867,
		0.186855,
		0.380118,
		0,
		-0.511798,
		0.909834,
		-0.717137,
		1,
	},
	[2.18333333333] = {
		0.262688,
		-0.947039,
		-0.184695,
		0,
		0.332758,
		0.268592,
		-0.903953,
		0,
		0.905686,
		0.175999,
		0.385691,
		0,
		-0.514182,
		0.907641,
		-0.71183,
		1,
	},
	[2.1] = {
		0.28644,
		-0.952936,
		-0.099323,
		0,
		0.312169,
		0.190836,
		-0.930662,
		0,
		0.905816,
		0.235574,
		0.35214,
		0,
		-0.505063,
		0.914077,
		-0.733927,
		1,
	},
	[2.21666666667] = {
		0.258371,
		-0.940997,
		-0.218561,
		0,
		0.335222,
		0.299516,
		-0.893262,
		0,
		0.906019,
		0.157526,
		0.392829,
		0,
		-0.519614,
		0.902181,
		-0.700619,
		1,
	},
	[2.23333333333] = {
		0.256801,
		-0.937934,
		-0.233096,
		0,
		0.334336,
		0.312508,
		-0.889134,
		0,
		0.906793,
		0.150398,
		0.393837,
		0,
		-0.522574,
		0.89904,
		-0.694892,
		1,
	},
	[2.25] = {
		0.255508,
		-0.934915,
		-0.24627,
		0,
		0.332604,
		0.324178,
		-0.885598,
		0,
		0.907794,
		0.144367,
		0.393786,
		0,
		-0.525581,
		0.895782,
		-0.689145,
		1,
	},
	[2.26666666667] = {
		0.254521,
		-0.931833,
		-0.25866,
		0,
		0.330832,
		0.33523,
		-0.88214,
		0,
		0.908718,
		0.13895,
		0.393603,
		0,
		-0.528545,
		0.892527,
		-0.683421,
		1,
	},
	[2.28333333333] = {
		0.253791,
		-0.928826,
		-0.269947,
		0,
		0.329084,
		0.34535,
		-0.878884,
		0,
		0.909557,
		0.134218,
		0.393308,
		0,
		-0.531422,
		0.889329,
		-0.677811,
		1,
	},
	[2.2] = {
		0.260279,
		-0.944116,
		-0.202239,
		0,
		0.334627,
		0.284681,
		-0.898321,
		0,
		0.905693,
		0.166139,
		0.390023,
		0,
		-0.516801,
		0.905071,
		-0.706293,
		1,
	},
	[2.31666666667] = {
		0.252931,
		-0.923641,
		-0.287947,
		0,
		0.325933,
		0.361575,
		-0.873516,
		0,
		0.91093,
		0.127088,
		0.392499,
		0,
		-0.536753,
		0.883325,
		-0.66729,
		1,
	},
	[2.33333333333] = {
		0.252722,
		-0.921777,
		-0.294037,
		0,
		0.324674,
		0.367075,
		-0.871689,
		0,
		0.911437,
		0.124829,
		0.392045,
		0,
		-0.539123,
		0.880625,
		-0.662561,
		1,
	},
	[2.35] = {
		0.25261,
		-0.920609,
		-0.29777,
		0,
		0.323722,
		0.37043,
		-0.870624,
		0,
		0.911807,
		0.123534,
		0.391596,
		0,
		-0.54124,
		0.878197,
		-0.658309,
		1,
	},
	[2.36666666667] = {
		0.252554,
		-0.92028,
		-0.298833,
		0,
		0.323145,
		0.371334,
		-0.870453,
		0,
		0.912027,
		0.12327,
		0.391166,
		0,
		-0.543065,
		0.876093,
		-0.654625,
		1,
	},
	[2.38333333333] = {
		0.252516,
		-0.920402,
		-0.29849,
		0,
		0.322818,
		0.37095,
		-0.870738,
		0,
		0.912153,
		0.123517,
		0.390793,
		0,
		-0.544556,
		0.874366,
		-0.6516,
		1,
	},
	[2.3] = {
		0.253275,
		-0.926043,
		-0.279813,
		0,
		0.327427,
		0.354233,
		-0.875963,
		0,
		0.910298,
		0.130241,
		0.39293,
		0,
		-0.534173,
		0.886244,
		-0.672403,
		1,
	},
	[2.41666666667] = {
		0.252469,
		-0.920553,
		-0.298062,
		0,
		0.322427,
		0.370473,
		-0.871085,
		0,
		0.912305,
		0.123819,
		0.390345,
		0,
		-0.546373,
		0.872249,
		-0.647896,
		1,
	},
	[2.43333333333] = {
		0.252463,
		-0.920574,
		-0.298003,
		0,
		0.322376,
		0.370408,
		-0.871132,
		0,
		0.912324,
		0.123859,
		0.390285,
		0,
		-0.546616,
		0.871964,
		-0.647399,
		1,
	},
	[2.4] = {
		0.252487,
		-0.920494,
		-0.298228,
		0,
		0.322577,
		0.370658,
		-0.870951,
		0,
		0.912247,
		0.123702,
		0.390517,
		0,
		-0.545673,
		0.873067,
		-0.649326,
		1,
	},
}

return spline_matrices
