-- chunkname: @content/characters/player/ogryn/first_person/animations/2h_axe/attack_right_diagonal.lua

local spline_matrices = {
	[0.0166666666667] = {
		0.816411,
		-0.573052,
		0.071303,
		0,
		-0.437451,
		-0.533117,
		0.724171,
		0,
		-0.376974,
		-0.622413,
		-0.685925,
		0,
		-0.528366,
		0.401819,
		-1.31857,
		1,
	},
	[0.0333333333333] = {
		0.883676,
		-0.467691,
		0.019513,
		0,
		-0.298011,
		-0.52995,
		0.793941,
		0,
		-0.360979,
		-0.707402,
		-0.607681,
		0,
		-0.60861,
		0.331143,
		-1.256976,
		1,
	},
	[0.05] = {
		0.944577,
		-0.319435,
		-0.075738,
		0,
		-0.100401,
		-0.500738,
		0.859756,
		0,
		-0.312561,
		-0.804502,
		-0.505057,
		0,
		-0.713545,
		0.241054,
		-1.160752,
		1,
	},
	[0.0666666666667] = {
		0.965436,
		-0.162826,
		-0.20352,
		0,
		0.113581,
		-0.43998,
		0.890796,
		0,
		-0.234589,
		-0.883123,
		-0.406279,
		0,
		-0.819602,
		0.154218,
		-1.045096,
		1,
	},
	[0.0833333333333] = {
		0.942732,
		-0.035862,
		-0.331616,
		0,
		0.297063,
		-0.361861,
		0.883635,
		0,
		-0.151688,
		-0.931542,
		-0.330485,
		0,
		-0.903211,
		0.093302,
		-0.92521,
		1,
	},
	[0] = {
		0.785787,
		-0.612364,
		0.086886,
		0,
		-0.48952,
		-0.529896,
		0.692517,
		0,
		-0.378032,
		-0.586704,
		-0.71615,
		0,
		-0.49638,
		0.430414,
		-1.339223,
		1,
	},
	[0.116666666667] = {
		0.875682,
		0.064244,
		-0.478596,
		0,
		0.479499,
		-0.232913,
		0.846069,
		0,
		-0.057116,
		-0.970373,
		-0.234763,
		0,
		-0.946131,
		0.10419,
		-0.714689,
		1,
	},
	[0.133333333333] = {
		0.841503,
		0.086434,
		-0.533293,
		0,
		0.539665,
		-0.180492,
		0.822304,
		0,
		-0.02518,
		-0.979771,
		-0.19853,
		0,
		-0.948762,
		0.134354,
		-0.609577,
		1,
	},
	[0.15] = {
		0.805368,
		0.102793,
		-0.583794,
		0,
		0.59277,
		-0.135719,
		0.793854,
		0,
		0.00237,
		-0.9854,
		-0.170236,
		0,
		-0.948799,
		0.17094,
		-0.50547,
		1,
	},
	[0.166666666667] = {
		0.768743,
		0.11634,
		-0.628887,
		0,
		0.639034,
		-0.099943,
		0.762658,
		0,
		0.025875,
		-0.988168,
		-0.151176,
		0,
		-0.946305,
		0.213507,
		-0.406923,
		1,
	},
	[0.183333333333] = {
		0.733595,
		0.128478,
		-0.667331,
		0,
		0.677989,
		-0.071074,
		0.731628,
		0,
		0.046568,
		-0.989162,
		-0.139246,
		0,
		-0.941388,
		0.26087,
		-0.318441,
		1,
	},
	[0.1] = {
		0.906376,
		0.033772,
		-0.42112,
		0,
		0.412037,
		-0.290848,
		0.863501,
		0,
		-0.09332,
		-0.956173,
		-0.277533,
		0,
		-0.940805,
		0.080972,
		-0.816293,
		1,
	},
	[0.216666666667] = {
		0.676675,
		0.144098,
		-0.722044,
		0,
		0.731933,
		-0.025225,
		0.680909,
		0,
		0.079904,
		-0.989242,
		-0.122539,
		0,
		-0.924755,
		0.364363,
		-0.159381,
		1,
	},
	[0.233333333333] = {
		0.658482,
		0.146668,
		-0.738167,
		0,
		0.747,
		-0.007976,
		0.664776,
		0,
		0.091614,
		-0.989154,
		-0.114813,
		0,
		-0.913315,
		0.418243,
		-0.088417,
		1,
	},
	[0.25] = {
		0.649198,
		0.145039,
		-0.746663,
		0,
		0.75411,
		0.005426,
		0.656726,
		0,
		0.099303,
		-0.989411,
		-0.105853,
		0,
		-0.900013,
		0.471944,
		-0.027521,
		1,
	},
	[0.266666666667] = {
		0.650023,
		0.138567,
		-0.747174,
		0,
		0.753007,
		0.014823,
		0.657846,
		0,
		0.102231,
		-0.990242,
		-0.094707,
		0,
		-0.885048,
		0.524193,
		0.020073,
		1,
	},
	[0.283333333333] = {
		0.656468,
		0.128936,
		-0.743253,
		0,
		0.747516,
		0.021177,
		0.663907,
		0,
		0.101341,
		-0.991427,
		-0.082479,
		0,
		-0.868579,
		0.575923,
		0.058277,
		1,
	},
	[0.2] = {
		0.702284,
		0.137874,
		-0.698418,
		0,
		0.708947,
		-0.046241,
		0.703744,
		0,
		0.064732,
		-0.98937,
		-0.13022,
		0,
		-0.934162,
		0.31152,
		-0.237151,
		1,
	},
	[0.316666666667] = {
		0.671472,
		0.104066,
		-0.733686,
		0,
		0.735528,
		0.02683,
		0.676963,
		0,
		0.090134,
		-0.994208,
		-0.058528,
		0,
		-0.831204,
		0.681925,
		0.120435,
		1,
	},
	[0.333333333333] = {
		0.680061,
		0.09226,
		-0.727327,
		0,
		0.72884,
		0.022399,
		0.684317,
		0,
		0.079426,
		-0.995483,
		-0.05201,
		0,
		-0.804875,
		0.735162,
		0.141621,
		1,
	},
	[0.35] = {
		0.689303,
		0.08417,
		-0.719567,
		0,
		0.721526,
		0.009747,
		0.692319,
		0,
		0.065286,
		-0.996404,
		-0.054012,
		0,
		-0.766915,
		0.787748,
		0.15441,
		1,
	},
	[0.366666666667] = {
		0.699417,
		0.075161,
		-0.710751,
		0,
		0.713256,
		-0.009928,
		0.700833,
		0,
		0.045619,
		-0.997122,
		-0.060553,
		0,
		-0.718452,
		0.839229,
		0.157466,
		1,
	},
	[0.383333333333] = {
		0.710514,
		0.060583,
		-0.70107,
		0,
		0.703449,
		-0.035449,
		0.709861,
		0,
		0.018153,
		-0.997533,
		-0.067804,
		0,
		-0.660634,
		0.889233,
		0.150334,
		1,
	},
	[0.3] = {
		0.66356,
		0.117735,
		-0.738801,
		0,
		0.741728,
		0.02531,
		0.670223,
		0,
		0.097608,
		-0.992722,
		-0.070533,
		0,
		-0.850624,
		0.628649,
		0.092198,
		1,
	},
	[0.416666666667] = {
		0.734691,
		-0.003384,
		-0.678393,
		0,
		0.674751,
		-0.099951,
		0.731246,
		0,
		-0.070281,
		-0.994987,
		-0.07115,
		0,
		-0.521523,
		0.983505,
		0.097903,
		1,
	},
	[0.433333333333] = {
		0.718961,
		-0.230721,
		-0.655639,
		0,
		0.629801,
		-0.182775,
		0.754946,
		0,
		-0.294016,
		-0.955699,
		0.0139,
		0,
		-0.392606,
		1.050066,
		0.038433,
		1,
	},
	[0.45] = {
		0.584181,
		-0.621465,
		-0.522028,
		0,
		0.513511,
		-0.215075,
		0.830692,
		0,
		-0.628522,
		-0.753342,
		0.193486,
		0,
		-0.214351,
		1.090817,
		-0.051533,
		1,
	},
	[0.466666666667] = {
		0.25601,
		-0.937659,
		-0.235063,
		0,
		0.452788,
		-0.098527,
		0.886158,
		0,
		-0.854074,
		-0.333299,
		0.399336,
		0,
		-0.025451,
		1.079379,
		-0.168051,
		1,
	},
	[0.483333333333] = {
		-0.260115,
		-0.963675,
		0.060592,
		0,
		0.487557,
		-0.076918,
		0.869696,
		0,
		-0.833444,
		0.255763,
		0.489854,
		0,
		0.171066,
		1.064765,
		-0.297772,
		1,
	},
	[0.4] = {
		0.72248,
		0.03577,
		-0.690466,
		0,
		0.691115,
		-0.065643,
		0.719758,
		0,
		-0.019578,
		-0.997202,
		-0.072147,
		0,
		-0.59462,
		0.937435,
		0.13127,
		1,
	},
	[0.516666666667] = {
		-0.761203,
		-0.471653,
		0.4451,
		0,
		0.53805,
		-0.076157,
		0.839465,
		0,
		-0.362039,
		0.87849,
		0.311743,
		0,
		0.474871,
		1.065404,
		-0.431436,
		1,
	},
	[0.533333333333] = {
		-0.831237,
		-0.287719,
		0.475672,
		0,
		0.520099,
		-0.100319,
		0.848194,
		0,
		-0.196323,
		0.952446,
		0.233031,
		0,
		0.585638,
		1.074305,
		-0.527795,
		1,
	},
	[0.55] = {
		-0.860069,
		-0.123866,
		0.494913,
		0,
		0.507852,
		-0.115351,
		0.853686,
		0,
		-0.048654,
		0.985572,
		0.162115,
		0,
		0.72972,
		1.042968,
		-0.632985,
		1,
	},
	[0.566666666667] = {
		-0.861383,
		0.009023,
		0.507876,
		0,
		0.503749,
		-0.113254,
		0.856394,
		0,
		0.065246,
		0.993525,
		0.093009,
		0,
		0.86114,
		0.99189,
		-0.709765,
		1,
	},
	[0.583333333333] = {
		-0.852003,
		0.141902,
		0.50394,
		0,
		0.494252,
		-0.099409,
		0.863616,
		0,
		0.172645,
		0.984876,
		0.014561,
		0,
		0.973884,
		0.952732,
		-0.759786,
		1,
	},
	[0.5] = {
		-0.634398,
		-0.713017,
		0.298571,
		0,
		0.51012,
		-0.095959,
		0.854734,
		0,
		-0.580789,
		0.694549,
		0.424601,
		0,
		0.350248,
		1.051724,
		-0.379556,
		1,
	},
	[0.616666666667] = {
		-0.784428,
		0.42059,
		0.455825,
		0,
		0.480341,
		-0.052957,
		0.875482,
		0,
		0.392358,
		0.905704,
		-0.160486,
		0,
		1.22543,
		0.855644,
		-0.883702,
		1,
	},
	[0.633333333333] = {
		-0.727973,
		0.54316,
		0.418369,
		0,
		0.482055,
		-0.028416,
		0.87568,
		0,
		0.487523,
		0.839148,
		-0.241146,
		0,
		1.336038,
		0.795442,
		-0.945104,
		1,
	},
	[0.65] = {
		-0.669349,
		0.638187,
		0.38038,
		0,
		0.487096,
		-0.009633,
		0.873296,
		0,
		0.56099,
		0.769821,
		-0.30441,
		0,
		1.41463,
		0.735312,
		-0.991609,
		1,
	},
	[0.666666666667] = {
		-0.62029,
		0.701469,
		0.350973,
		0,
		0.491995,
		-0.000536,
		0.870598,
		0,
		0.610885,
		0.7127,
		-0.344787,
		0,
		1.445907,
		0.677741,
		-1.015157,
		1,
	},
	[0.683333333333] = {
		-0.5801,
		0.743403,
		0.33292,
		0,
		0.495652,
		-0.002179,
		0.868519,
		0,
		0.646385,
		0.66884,
		-0.367205,
		0,
		1.421941,
		0.615371,
		-1.024583,
		1,
	},
	[0.6] = {
		-0.828981,
		0.27894,
		0.484751,
		0,
		0.48345,
		-0.078378,
		0.871856,
		0,
		0.281189,
		0.957105,
		-0.069879,
		0,
		1.09813,
		0.913475,
		-0.815406,
		1,
	},
	[0.716666666667] = {
		-0.509549,
		0.802953,
		0.309236,
		0,
		0.495383,
		-0.020091,
		0.868443,
		0,
		0.703531,
		0.595704,
		-0.387531,
		0,
		1.248597,
		0.461574,
		-1.042951,
		1,
	},
	[0.733333333333] = {
		-0.481998,
		0.822972,
		0.300658,
		0,
		0.490218,
		-0.03111,
		0.871045,
		0,
		0.726199,
		0.567229,
		-0.388441,
		0,
		1.121688,
		0.379261,
		-1.051065,
		1,
	},
	[0.75] = {
		-0.459602,
		0.837987,
		0.294184,
		0,
		0.482874,
		-0.042226,
		0.874671,
		0,
		0.745385,
		0.544055,
		-0.385235,
		0,
		0.983074,
		0.298775,
		-1.058217,
		1,
	},
	[0.766666666667] = {
		-0.442103,
		0.848922,
		0.289615,
		0,
		0.474402,
		-0.052724,
		0.878728,
		0,
		0.761241,
		0.525882,
		-0.379421,
		0,
		0.844118,
		0.224048,
		-1.064288,
		1,
	},
	[0.783333333333] = {
		-0.429135,
		0.856538,
		0.286681,
		0,
		0.46591,
		-0.061997,
		0.882657,
		0,
		0.773803,
		0.512346,
		-0.372464,
		0,
		0.716189,
		0.158998,
		-1.069171,
		1,
	},
	[0.7] = {
		-0.542337,
		0.776809,
		0.320059,
		0,
		0.497436,
		-0.010112,
		0.867442,
		0,
		0.677073,
		0.629655,
		-0.380929,
		0,
		1.352443,
		0.541781,
		-1.033997,
		1,
	},
	[0.816666666667] = {
		-0.415046,
		0.864252,
		0.284264,
		0,
		0.453336,
		-0.07444,
		0.888226,
		0,
		0.788811,
		0.497521,
		-0.3609,
		0,
		0.53896,
		0.073481,
		-1.075006,
		1,
	},
	[0.833333333333] = {
		-0.413008,
		0.865359,
		0.283864,
		0,
		0.451415,
		-0.07619,
		0.889055,
		0,
		0.790979,
		0.495327,
		-0.359169,
		0,
		0.512468,
		0.060703,
		-1.075818,
		1,
	},
	[0.85] = {
		-0.412379,
		0.865796,
		0.283446,
		0,
		0.45146,
		-0.076027,
		0.889047,
		0,
		0.791282,
		0.494589,
		-0.35952,
		0,
		0.512392,
		0.059773,
		-1.075907,
		1,
	},
	[0.866666666667] = {
		-0.411691,
		0.866274,
		0.282985,
		0,
		0.451506,
		-0.075846,
		0.889039,
		0,
		0.791614,
		0.493779,
		-0.359902,
		0,
		0.512312,
		0.058754,
		-1.076001,
		1,
	},
	[0.883333333333] = {
		-0.410947,
		0.86679,
		0.282483,
		0,
		0.451552,
		-0.07565,
		0.889032,
		0,
		0.791974,
		0.492901,
		-0.360313,
		0,
		0.512229,
		0.057649,
		-1.0761,
		1,
	},
	[0.8] = {
		-0.420267,
		0.861469,
		0.285037,
		0,
		0.458519,
		-0.069454,
		0.885966,
		0,
		0.78303,
		0.503038,
		-0.365811,
		0,
		0.610672,
		0.107521,
		-1.07277,
		1,
	},
	[0.916666666667] = {
		-0.409302,
		0.867932,
		0.281365,
		0,
		0.451646,
		-0.075213,
		0.889021,
		0,
		0.792772,
		0.490956,
		-0.361213,
		0,
		0.512051,
		0.055202,
		-1.076313,
		1,
	},
	[0.933333333333] = {
		-0.408407,
		0.868552,
		0.280752,
		0,
		0.451694,
		-0.074974,
		0.889017,
		0,
		0.793206,
		0.489895,
		-0.3617,
		0,
		0.511958,
		0.053867,
		-1.076425,
		1,
	},
	[0.95] = {
		-0.407467,
		0.869202,
		0.280105,
		0,
		0.451742,
		-0.074721,
		0.889014,
		0,
		0.793662,
		0.488779,
		-0.362209,
		0,
		0.511861,
		0.052463,
		-1.076541,
		1,
	},
	[0.966666666667] = {
		-0.406486,
		0.86988,
		0.279426,
		0,
		0.45179,
		-0.074455,
		0.889012,
		0,
		0.794138,
		0.487612,
		-0.362738,
		0,
		0.51176,
		0.050996,
		-1.076659,
		1,
	},
	[0.983333333333] = {
		-0.405466,
		0.870583,
		0.278716,
		0,
		0.451838,
		-0.074177,
		0.889011,
		0,
		0.794632,
		0.486398,
		-0.363287,
		0,
		0.511657,
		0.049468,
		-1.076779,
		1,
	},
	[0.9] = {
		-0.41015,
		0.867344,
		0.281943,
		0,
		0.451599,
		-0.075439,
		0.889026,
		0,
		0.792361,
		0.491959,
		-0.36075,
		0,
		0.512142,
		0.056464,
		-1.076205,
		1,
	},
	[1.01666666667] = {
		-0.403321,
		0.872057,
		0.277214,
		0,
		0.451934,
		-0.073586,
		0.889011,
		0,
		0.795668,
		0.48384,
		-0.364434,
		0,
		0.511443,
		0.04625,
		-1.077024,
		1,
	},
	[1.03333333333] = {
		-0.402203,
		0.872824,
		0.276425,
		0,
		0.451982,
		-0.073275,
		0.889012,
		0,
		0.796207,
		0.482502,
		-0.365029,
		0,
		0.511331,
		0.044568,
		-1.077148,
		1,
	},
	[1.05] = {
		-0.401058,
		0.873608,
		0.275612,
		0,
		0.452029,
		-0.072955,
		0.889015,
		0,
		0.796757,
		0.481131,
		-0.365637,
		0,
		0.511217,
		0.042843,
		-1.077272,
		1,
	},
	[1.06666666667] = {
		-0.399888,
		0.874406,
		0.274779,
		0,
		0.452076,
		-0.072625,
		0.889018,
		0,
		0.797318,
		0.479729,
		-0.366256,
		0,
		0.511101,
		0.041078,
		-1.077396,
		1,
	},
	[1.08333333333] = {
		-0.398698,
		0.875217,
		0.273926,
		0,
		0.452122,
		-0.072286,
		0.889022,
		0,
		0.797888,
		0.478299,
		-0.366885,
		0,
		0.510983,
		0.03928,
		-1.077519,
		1,
	},
	{
		-0.40441,
		0.87131,
		0.277979,
		0,
		0.451887,
		-0.073887,
		0.88901,
		0,
		0.795142,
		0.485139,
		-0.363852,
		0,
		0.511551,
		0.047885,
		-1.076901,
		1,
	},
	[1.11666666667] = {
		-0.396266,
		0.876868,
		0.272169,
		0,
		0.452212,
		-0.071585,
		0.889033,
		0,
		0.799048,
		0.475371,
		-0.368164,
		0,
		0.51074,
		0.035595,
		-1.077762,
		1,
	},
	[1.13333333333] = {
		-0.39503,
		0.877704,
		0.271269,
		0,
		0.452256,
		-0.071224,
		0.88904,
		0,
		0.799635,
		0.47388,
		-0.368812,
		0,
		0.510616,
		0.033718,
		-1.077881,
		1,
	},
	[1.15] = {
		-0.393785,
		0.878545,
		0.270357,
		0,
		0.452299,
		-0.070857,
		0.889047,
		0,
		0.800224,
		0.472376,
		-0.369463,
		0,
		0.510491,
		0.031823,
		-1.077998,
		1,
	},
	[1.16666666667] = {
		-0.392534,
		0.879387,
		0.269435,
		0,
		0.452342,
		-0.070484,
		0.889055,
		0,
		0.800815,
		0.470861,
		-0.370116,
		0,
		0.510364,
		0.029915,
		-1.078113,
		1,
	},
	[1.18333333333] = {
		-0.39128,
		0.88023,
		0.268505,
		0,
		0.452383,
		-0.070106,
		0.889064,
		0,
		0.801405,
		0.46934,
		-0.37077,
		0,
		0.510237,
		0.027998,
		-1.078225,
		1,
	},
	[1.1] = {
		-0.397489,
		0.876038,
		0.273055,
		0,
		0.452168,
		-0.071939,
		0.889027,
		0,
		0.798465,
		0.476845,
		-0.367521,
		0,
		0.510863,
		0.037451,
		-1.077641,
		1,
	},
	[1.21666666667] = {
		-0.388774,
		0.881909,
		0.266629,
		0,
		0.452463,
		-0.069338,
		0.889083,
		0,
		0.802578,
		0.466292,
		-0.372075,
		0,
		0.509979,
		0.024152,
		-1.07844,
		1,
	},
	[1.23333333333] = {
		-0.387528,
		0.882742,
		0.265687,
		0,
		0.452502,
		-0.068948,
		0.889094,
		0,
		0.803159,
		0.464773,
		-0.372723,
		0,
		0.509849,
		0.022233,
		-1.078542,
		1,
	},
	[1.25] = {
		-0.386291,
		0.883566,
		0.264745,
		0,
		0.452539,
		-0.068556,
		0.889105,
		0,
		0.803733,
		0.463261,
		-0.373366,
		0,
		0.509719,
		0.020321,
		-1.078641,
		1,
	},
	[1.26666666667] = {
		-0.385066,
		0.884382,
		0.263804,
		0,
		0.452576,
		-0.068162,
		0.889117,
		0,
		0.8043,
		0.46176,
		-0.374003,
		0,
		0.509589,
		0.018421,
		-1.078737,
		1,
	},
	[1.28333333333] = {
		-0.383856,
		0.885186,
		0.262868,
		0,
		0.452612,
		-0.067766,
		0.889129,
		0,
		0.804858,
		0.460275,
		-0.374633,
		0,
		0.50946,
		0.016538,
		-1.078828,
		1,
	},
	[1.2] = {
		-0.390025,
		0.881072,
		0.267569,
		0,
		0.452424,
		-0.069724,
		0.889073,
		0,
		0.801993,
		0.467816,
		-0.371423,
		0,
		0.510108,
		0.026075,
		-1.078334,
		1,
	},
	[1.31666666667] = {
		-0.381493,
		0.886755,
		0.261015,
		0,
		0.45268,
		-0.066972,
		0.889154,
		0,
		0.805943,
		0.457363,
		-0.375867,
		0,
		0.509203,
		0.012837,
		-1.079,
		1,
	},
	[1.33333333333] = {
		-0.380346,
		0.887515,
		0.260103,
		0,
		0.452713,
		-0.066576,
		0.889167,
		0,
		0.806466,
		0.455943,
		-0.376468,
		0,
		0.509076,
		0.011028,
		-1.07908,
		1,
	},
	[1.35] = {
		-0.379227,
		0.888257,
		0.259203,
		0,
		0.452745,
		-0.06618,
		0.88918,
		0,
		0.806975,
		0.454554,
		-0.377057,
		0,
		0.508951,
		0.009252,
		-1.079156,
		1,
	},
	[1.36666666667] = {
		-0.378137,
		0.88898,
		0.258317,
		0,
		0.452777,
		-0.065786,
		0.889194,
		0,
		0.807468,
		0.453197,
		-0.377633,
		0,
		0.508828,
		0.007514,
		-1.079227,
		1,
	},
	[1.38333333333] = {
		-0.377081,
		0.88968,
		0.257448,
		0,
		0.452808,
		-0.065394,
		0.889207,
		0,
		0.807945,
		0.451877,
		-0.378195,
		0,
		0.508706,
		0.005818,
		-1.079295,
		1,
	},
	[1.3] = {
		-0.382664,
		0.885978,
		0.261937,
		0,
		0.452646,
		-0.067369,
		0.889142,
		0,
		0.805406,
		0.458808,
		-0.375255,
		0,
		0.509331,
		0.014675,
		-1.078916,
		1,
	},
	[1.41666666667] = {
		-0.375081,
		0.891009,
		0.255767,
		0,
		0.452867,
		-0.064618,
		0.889233,
		0,
		0.808842,
		0.449363,
		-0.379272,
		0,
		0.508471,
		0.002568,
		-1.079419,
		1,
	},
	[1.43333333333] = {
		-0.374143,
		0.891635,
		0.25496,
		0,
		0.452896,
		-0.064236,
		0.889246,
		0,
		0.80926,
		0.448176,
		-0.379785,
		0,
		0.508358,
		0.001023,
		-1.079475,
		1,
	},
	[1.45] = {
		-0.373251,
		0.892232,
		0.254178,
		0,
		0.452925,
		-0.063858,
		0.889259,
		0,
		0.809656,
		0.44704,
		-0.380279,
		0,
		0.508248,
		-0.000463,
		-1.079527,
		1,
	},
	[1.46666666667] = {
		-0.372407,
		0.892799,
		0.253424,
		0,
		0.452953,
		-0.063485,
		0.889271,
		0,
		0.810029,
		0.44596,
		-0.380754,
		0,
		0.508141,
		-0.001886,
		-1.079575,
		1,
	},
	[1.48333333333] = {
		-0.371615,
		0.893334,
		0.252698,
		0,
		0.452981,
		-0.063118,
		0.889283,
		0,
		0.810377,
		0.444939,
		-0.381208,
		0,
		0.508039,
		-0.003242,
		-1.07962,
		1,
	},
	[1.4] = {
		-0.376061,
		0.890357,
		0.256597,
		0,
		0.452838,
		-0.065004,
		0.88922,
		0,
		0.808403,
		0.450598,
		-0.378742,
		0,
		0.508587,
		0.004168,
		-1.079359,
		1,
	},
	[1.51666666667] = {
		-0.3702,
		0.894312,
		0.251313,
		0,
		0.453036,
		-0.062373,
		0.889307,
		0,
		0.810993,
		0.443075,
		-0.382065,
		0,
		0.507848,
		-0.005772,
		-1.079699,
		1,
	},
	[1.53333333333] = {
		-0.369582,
		0.894767,
		0.250602,
		0,
		0.453064,
		-0.06194,
		0.889324,
		0,
		0.81126,
		0.442217,
		-0.382495,
		0,
		0.50776,
		-0.007005,
		-1.079733,
		1,
	},
	[1.55] = {
		-0.369028,
		0.895197,
		0.24988,
		0,
		0.453091,
		-0.061468,
		0.889342,
		0,
		0.811496,
		0.441411,
		-0.382923,
		0,
		0.507677,
		-0.008211,
		-1.079764,
		1,
	},
	[1.56666666667] = {
		-0.368549,
		0.895596,
		0.249158,
		0,
		0.453119,
		-0.06096,
		0.889363,
		0,
		0.811699,
		0.440672,
		-0.383345,
		0,
		0.5076,
		-0.009374,
		-1.079791,
		1,
	},
	[1.58333333333] = {
		-0.368148,
		0.895959,
		0.248446,
		0,
		0.453148,
		-0.060425,
		0.889385,
		0,
		0.811865,
		0.440008,
		-0.383757,
		0,
		0.507529,
		-0.010479,
		-1.079814,
		1,
	},
	[1.5] = {
		-0.370879,
		0.893836,
		0.252004,
		0,
		0.453009,
		-0.062757,
		0.889294,
		0,
		0.810699,
		0.44398,
		-0.38164,
		0,
		0.507941,
		-0.004526,
		-1.079661,
		1,
	},
	[1.61666666667] = {
		-0.367552,
		0.896578,
		0.247091,
		0,
		0.453205,
		-0.05933,
		0.88943,
		0,
		0.812102,
		0.438895,
		-0.384527,
		0,
		0.507407,
		-0.01248,
		-1.07985,
		1,
	},
	[1.63333333333] = {
		-0.367344,
		0.896834,
		0.246469,
		0,
		0.453233,
		-0.058796,
		0.889451,
		0,
		0.812182,
		0.438442,
		-0.384876,
		0,
		0.507355,
		-0.013361,
		-1.079864,
		1,
	},
	[1.65] = {
		-0.367186,
		0.897056,
		0.245897,
		0,
		0.453258,
		-0.058289,
		0.889471,
		0,
		0.812239,
		0.438056,
		-0.385195,
		0,
		0.50731,
		-0.014151,
		-1.079875,
		1,
	},
	[1.66666666667] = {
		-0.367071,
		0.897243,
		0.245386,
		0,
		0.453281,
		-0.057823,
		0.88949,
		0,
		0.812277,
		0.437735,
		-0.385478,
		0,
		0.507271,
		-0.014842,
		-1.079884,
		1,
	},
	[1.68333333333] = {
		-0.366993,
		0.897395,
		0.244944,
		0,
		0.453302,
		-0.057412,
		0.889506,
		0,
		0.812301,
		0.437476,
		-0.385721,
		0,
		0.50724,
		-0.015426,
		-1.079891,
		1,
	},
	[1.6] = {
		-0.367818,
		0.896286,
		0.247754,
		0,
		0.453177,
		-0.059877,
		0.889407,
		0,
		0.811998,
		0.439416,
		-0.384152,
		0,
		0.507465,
		-0.011517,
		-1.079834,
		1,
	},
	[1.71666666667] = {
		-0.366918,
		0.897598,
		0.244314,
		0,
		0.453332,
		-0.056806,
		0.88953,
		0,
		0.812319,
		0.43714,
		-0.386066,
		0,
		0.507197,
		-0.016238,
		-1.079899,
		1,
	},
	[1.73333333333] = {
		-0.366908,
		0.897648,
		0.244144,
		0,
		0.45334,
		-0.056639,
		0.889536,
		0,
		0.812319,
		0.437058,
		-0.386159,
		0,
		0.507187,
		-0.016451,
		-1.0799,
		1,
	},
	[1.75] = {
		-0.366906,
		0.897665,
		0.244086,
		0,
		0.453343,
		-0.05658,
		0.889539,
		0,
		0.812318,
		0.437031,
		-0.38619,
		0,
		0.507183,
		-0.016524,
		-1.079901,
		1,
	},
	[1.76666666667] = {
		-0.366906,
		0.897665,
		0.244086,
		0,
		0.453343,
		-0.05658,
		0.889539,
		0,
		0.812318,
		0.437031,
		-0.38619,
		0,
		0.507183,
		-0.016524,
		-1.079901,
		1,
	},
	[1.7] = {
		-0.366944,
		0.897514,
		0.244584,
		0,
		0.453319,
		-0.057068,
		0.88952,
		0,
		0.812314,
		0.437279,
		-0.385919,
		0,
		0.507215,
		-0.015894,
		-1.079895,
		1,
	},
}

return spline_matrices
