-- chunkname: @content/characters/player/ogryn/first_person/animations/2h_axe/attack_down.lua

local spline_matrices = {
	[0.0166666666667] = {
		0.261887,
		0.051445,
		0.963727,
		0,
		0.905427,
		-0.35878,
		-0.226892,
		0,
		0.334093,
		0.932003,
		-0.14054,
		0,
		0.067515,
		-0.009544,
		-1.567239,
		1,
	},
	[0.0333333333333] = {
		0.218259,
		0.192062,
		0.956805,
		0,
		0.92866,
		-0.342198,
		-0.143148,
		0,
		0.299924,
		0.919789,
		-0.253048,
		0,
		0.047085,
		-0.381588,
		-1.487679,
		1,
	},
	[0.05] = {
		0.158705,
		0.388533,
		0.907664,
		0,
		0.953794,
		-0.297885,
		-0.039258,
		0,
		0.255127,
		0.871955,
		-0.417857,
		0,
		0.017882,
		-0.764985,
		-1.347991,
		1,
	},
	[0.0666666666667] = {
		0.095862,
		0.599535,
		0.794587,
		0,
		0.973376,
		-0.223433,
		0.051154,
		0,
		0.208206,
		0.768528,
		-0.604992,
		0,
		-0.016124,
		-0.967245,
		-1.144443,
		1,
	},
	[0.0833333333333] = {
		0.029059,
		0.805012,
		0.592546,
		0,
		0.987167,
		-0.116234,
		0.1095,
		0,
		0.157023,
		0.58176,
		-0.798059,
		0,
		-0.029578,
		-0.996466,
		-0.839456,
		1,
	},
	[0] = {
		0.278581,
		-0.002126,
		0.96041,
		0,
		0.895335,
		-0.361266,
		-0.260505,
		0,
		0.347517,
		0.93246,
		-0.098738,
		0,
		0.075207,
		0.158782,
		-1.592175,
		1,
	},
	[0.116666666667] = {
		-0.073373,
		0.995342,
		-0.062531,
		0,
		0.995313,
		0.077044,
		0.058457,
		0,
		0.063002,
		-0.057949,
		-0.99633,
		0,
		0.014403,
		-0.960474,
		-0.064267,
		1,
	},
	[0.133333333333] = {
		-0.087646,
		0.923393,
		-0.373717,
		0,
		0.995809,
		0.091059,
		-0.008551,
		0,
		0.026134,
		-0.3729,
		-0.927504,
		0,
		0.031914,
		-0.909345,
		0.237037,
		1,
	},
	[0.15] = {
		-0.088835,
		0.777862,
		-0.622125,
		0,
		0.996044,
		0.070678,
		-0.053858,
		0,
		0.002077,
		-0.624449,
		-0.781063,
		0,
		-0.01098,
		-0.84738,
		0.356815,
		1,
	},
	[0.166666666667] = {
		-0.083084,
		0.629998,
		-0.77214,
		0,
		0.996509,
		0.046164,
		-0.069561,
		0,
		-0.008179,
		-0.775224,
		-0.631634,
		0,
		-0.060506,
		-0.766925,
		0.369555,
		1,
	},
	[0.183333333333] = {
		-0.071197,
		0.529025,
		-0.845615,
		0,
		0.99735,
		0.025054,
		-0.068299,
		0,
		-0.014946,
		-0.848237,
		-0.529407,
		0,
		-0.045819,
		-0.659104,
		0.40932,
		1,
	},
	[0.1] = {
		-0.033529,
		0.957111,
		0.287776,
		0,
		0.993755,
		0.001265,
		0.111574,
		0,
		0.106424,
		0.289719,
		-0.951176,
		0,
		-0.012858,
		-0.992346,
		-0.45188,
		1,
	},
	[0.216666666667] = {
		-0.044286,
		0.37428,
		-0.926258,
		0,
		0.998853,
		-0.000301,
		-0.047879,
		0,
		-0.018199,
		-0.927316,
		-0.373837,
		0,
		-0.024596,
		-0.388613,
		0.49864,
		1,
	},
	[0.233333333333] = {
		-0.030672,
		0.318668,
		-0.94737,
		0,
		0.999412,
		-0.004782,
		-0.033965,
		0,
		-0.015354,
		-0.947854,
		-0.318334,
		0,
		-0.022,
		-0.240166,
		0.507173,
		1,
	},
	[0.25] = {
		-0.017204,
		0.273485,
		-0.961722,
		0,
		0.999797,
		-0.0054,
		-0.01942,
		0,
		-0.010504,
		-0.961861,
		-0.273336,
		0,
		-0.019302,
		-0.091504,
		0.495009,
		1,
	},
	[0.266666666667] = {
		-0.003764,
		0.237532,
		-0.971372,
		0,
		0.999981,
		-0.003795,
		-0.004803,
		0,
		-0.004827,
		-0.971372,
		-0.237514,
		0,
		-0.016657,
		0.050185,
		0.485333,
		1,
	},
	[0.283333333333] = {
		0.009865,
		0.208861,
		-0.977896,
		0,
		0.999951,
		-0.001742,
		0.009715,
		0,
		0.000325,
		-0.977944,
		-0.208868,
		0,
		-0.014504,
		0.17622,
		0.476607,
		1,
	},
	[0.2] = {
		-0.057943,
		0.443704,
		-0.894298,
		0,
		0.998154,
		0.009395,
		-0.06001,
		0,
		-0.018224,
		-0.896124,
		-0.443429,
		0,
		-0.027611,
		-0.530656,
		0.4592,
		1,
	},
	[0.316666666667] = {
		0.035616,
		0.171575,
		-0.984527,
		0,
		0.999323,
		0.002937,
		0.036663,
		0,
		0.009182,
		-0.985167,
		-0.171355,
		0,
		-0.013035,
		0.393572,
		0.458152,
		1,
	},
	[0.333333333333] = {
		0.046673,
		0.162322,
		-0.985633,
		0,
		0.998817,
		0.005905,
		0.04827,
		0,
		0.013655,
		-0.98672,
		-0.161854,
		0,
		-0.013607,
		0.487852,
		0.452487,
		1,
	},
	[0.35] = {
		0.056244,
		0.156538,
		-0.986069,
		0,
		0.998255,
		0.008982,
		0.058365,
		0,
		0.017993,
		-0.987631,
		-0.15576,
		0,
		-0.014294,
		0.572438,
		0.453755,
		1,
	},
	[0.366666666667] = {
		0.064196,
		0.152059,
		-0.986284,
		0,
		0.997696,
		0.011945,
		0.066781,
		0,
		0.021935,
		-0.988299,
		-0.150942,
		0,
		-0.015068,
		0.647849,
		0.458024,
		1,
	},
	[0.383333333333] = {
		0.070462,
		0.146711,
		-0.986667,
		0,
		0.997198,
		0.014557,
		0.073378,
		0,
		0.025129,
		-0.989072,
		-0.145274,
		0,
		-0.0159,
		0.714594,
		0.461347,
		1,
	},
	[0.3] = {
		0.023264,
		0.186447,
		-0.98219,
		0,
		0.999718,
		0.000308,
		0.023738,
		0,
		0.004728,
		-0.982465,
		-0.186387,
		0,
		-0.013157,
		0.289007,
		0.467909,
		1,
	},
	[0.416666666667] = {
		0.077941,
		0.124702,
		-0.989128,
		0,
		0.996576,
		0.017701,
		0.08076,
		0,
		0.02758,
		-0.992036,
		-0.122895,
		0,
		-0.017585,
		0.8241,
		0.449291,
		1,
	},
	[0.433333333333] = {
		0.079261,
		0.10366,
		-0.99145,
		0,
		0.996516,
		0.017666,
		0.081513,
		0,
		0.025965,
		-0.994456,
		-0.101898,
		0,
		-0.018352,
		0.867871,
		0.42595,
		1,
	},
	[0.45] = {
		0.076385,
		0.121375,
		-0.989663,
		0,
		0.996792,
		0.014488,
		0.078712,
		0,
		0.023892,
		-0.992501,
		-0.119879,
		0,
		-0.021018,
		0.89582,
		0.411502,
		1,
	},
	[0.466666666667] = {
		0.066839,
		0.077024,
		-0.994786,
		0,
		0.997722,
		0.004003,
		0.067347,
		0,
		0.009169,
		-0.997021,
		-0.076581,
		0,
		-0.025929,
		0.908147,
		0.380024,
		1,
	},
	[0.483333333333] = {
		0.050862,
		-0.166406,
		-0.984745,
		0,
		0.998506,
		-0.01124,
		0.053472,
		0,
		-0.019967,
		-0.985993,
		0.165585,
		0,
		-0.029856,
		0.927851,
		0.278193,
		1,
	},
	[0.4] = {
		0.07503,
		0.13832,
		-0.987541,
		0,
		0.996811,
		0.016568,
		0.078055,
		0,
		0.027158,
		-0.990249,
		-0.136636,
		0,
		-0.016752,
		0.773176,
		0.459761,
		1,
	},
	[0.516666666667] = {
		0.006865,
		-0.852033,
		-0.523443,
		0,
		0.999352,
		-0.012643,
		0.033686,
		0,
		-0.03532,
		-0.523335,
		0.851395,
		0,
		-0.008355,
		1.011377,
		-0.119424,
		1,
	},
	[0.533333333333] = {
		-0.000475,
		-0.991534,
		-0.129845,
		0,
		0.999808,
		-0.003013,
		0.019353,
		0,
		-0.01958,
		-0.129811,
		0.991345,
		0,
		0.000154,
		1.042979,
		-0.304813,
		1,
	},
	[0.55] = {
		0.002838,
		-0.943642,
		0.330955,
		0,
		0.999983,
		0.004352,
		0.003835,
		0,
		-0.005059,
		0.330939,
		0.943639,
		0,
		-0.005076,
		1.036211,
		-0.454145,
		1,
	},
	[0.566666666667] = {
		0.011038,
		-0.743976,
		0.668115,
		0,
		0.999938,
		0.007332,
		-0.008355,
		0,
		0.001317,
		0.668166,
		0.744011,
		0,
		-0.008518,
		0.971526,
		-0.575637,
		1,
	},
	[0.583333333333] = {
		0.016072,
		-0.58774,
		0.808891,
		0,
		0.99987,
		0.008694,
		-0.013549,
		0,
		0.000931,
		0.809004,
		0.587803,
		0,
		-0.004478,
		0.86793,
		-0.659064,
		1,
	},
	[0.5] = {
		0.027526,
		-0.539034,
		-0.841834,
		0,
		0.998855,
		-0.018128,
		0.044267,
		0,
		-0.039122,
		-0.842089,
		0.537918,
		0,
		-0.023122,
		0.967244,
		0.095783,
		1,
	},
	[0.616666666667] = {
		-0.000132,
		-0.264363,
		0.964423,
		0,
		0.999983,
		0.00559,
		0.001669,
		0,
		-0.005832,
		0.964407,
		0.264357,
		0,
		0.004525,
		0.663082,
		-0.777465,
		1,
	},
	[0.633333333333] = {
		-0.013772,
		-0.088863,
		0.995949,
		0,
		0.999895,
		0.003308,
		0.014122,
		0,
		-0.00455,
		0.996038,
		0.088808,
		0,
		0.010547,
		0.577889,
		-0.837318,
		1,
	},
	[0.65] = {
		-0.025502,
		0.085523,
		0.99601,
		0,
		0.999662,
		0.007212,
		0.024977,
		0,
		-0.005047,
		0.99631,
		-0.085678,
		0,
		0.017973,
		0.519078,
		-0.909723,
		1,
	},
	[0.666666666667] = {
		-0.036253,
		0.248812,
		0.967873,
		0,
		0.999313,
		0.01643,
		0.033207,
		0,
		-0.00764,
		0.968412,
		-0.249237,
		0,
		0.026162,
		0.498401,
		-0.988214,
		1,
	},
	[0.683333333333] = {
		-0.042462,
		0.384845,
		0.922004,
		0,
		0.999058,
		0.024662,
		0.035717,
		0,
		-0.008993,
		0.922652,
		-0.385529,
		0,
		0.033535,
		0.515928,
		-1.055795,
		1,
	},
	[0.6] = {
		0.012519,
		-0.431297,
		0.902123,
		0,
		0.999916,
		0.008316,
		-0.009901,
		0,
		-0.003232,
		0.902172,
		0.431365,
		0,
		-0.000391,
		0.762145,
		-0.72274,
		1,
	},
	[0.716666666667] = {
		-0.037203,
		0.560513,
		0.82731,
		0,
		0.999294,
		0.025227,
		0.027846,
		0,
		-0.005262,
		0.827761,
		-0.561056,
		0,
		0.042892,
		0.601506,
		-1.12462,
		1,
	},
	[0.733333333333] = {
		-0.028988,
		0.609945,
		0.791913,
		0,
		0.999548,
		0.023978,
		0.01812,
		0,
		-0.007936,
		0.792081,
		-0.610364,
		0,
		0.046623,
		0.658777,
		-1.140143,
		1,
	},
	[0.75] = {
		-0.018542,
		0.641845,
		0.76661,
		0,
		0.999722,
		0.023046,
		0.004885,
		0,
		-0.014532,
		0.766488,
		-0.642094,
		0,
		0.04991,
		0.718371,
		-1.149288,
		1,
	},
	[0.766666666667] = {
		-0.006212,
		0.660688,
		0.750635,
		0,
		0.999689,
		0.022224,
		-0.011289,
		0,
		-0.024141,
		0.750331,
		-0.660621,
		0,
		0.052599,
		0.77465,
		-1.154237,
		1,
	},
	[0.783333333333] = {
		0.007881,
		0.67021,
		0.742129,
		0,
		0.99933,
		0.021256,
		-0.029808,
		0,
		-0.035753,
		0.741867,
		-0.669594,
		0,
		0.05453,
		0.821985,
		-1.157157,
		1,
	},
	[0.7] = {
		-0.042411,
		0.488131,
		0.871739,
		0,
		0.999075,
		0.026933,
		0.033525,
		0,
		-0.007114,
		0.872355,
		-0.488822,
		0,
		0.038866,
		0.552206,
		-1.100535,
		1,
	},
	[0.816666666667] = {
		0.040879,
		0.674935,
		0.736744,
		0,
		0.997284,
		0.017649,
		-0.071504,
		0,
		-0.061263,
		0.737666,
		-0.67238,
		0,
		0.055405,
		0.866023,
		-1.16646,
		1,
	},
	[0.833333333333] = {
		0.059559,
		0.673791,
		0.736518,
		0,
		0.99551,
		0.014283,
		-0.093569,
		0,
		-0.073566,
		0.738784,
		-0.669915,
		0,
		0.054072,
		0.862485,
		-1.175028,
		1,
	},
	[0.85] = {
		0.079941,
		0.669049,
		0.738906,
		0,
		0.993192,
		0.009552,
		-0.116101,
		0,
		-0.084735,
		0.743157,
		-0.66373,
		0,
		0.051713,
		0.853584,
		-1.184421,
		1,
	},
	[0.866666666667] = {
		0.102214,
		0.660937,
		0.743447,
		0,
		0.990257,
		0.003443,
		-0.139208,
		0,
		-0.094567,
		0.750433,
		-0.654146,
		0,
		0.048263,
		0.839748,
		-1.194513,
		1,
	},
	[0.883333333333] = {
		0.126574,
		0.649655,
		0.749618,
		0,
		0.986605,
		-0.004056,
		-0.163074,
		0,
		-0.102901,
		0.760218,
		-0.641467,
		0,
		0.043571,
		0.821407,
		-1.205179,
		1,
	},
	[0.8] = {
		0.023648,
		0.673879,
		0.738463,
		0,
		0.998548,
		0.019841,
		-0.050082,
		0,
		-0.048401,
		0.738575,
		-0.672431,
		0,
		0.055528,
		0.854428,
		-1.160433,
		1,
	},
	[0.916666666667] = {
		0.181599,
		0.618286,
		0.764686,
		0,
		0.976761,
		-0.023393,
		-0.213049,
		0,
		-0.113837,
		0.785605,
		-0.608166,
		0,
		0.030946,
		0.772922,
		-1.22767,
		1,
	},
	[0.933333333333] = {
		0.21214,
		0.598535,
		0.772498,
		0,
		0.970347,
		-0.035294,
		-0.239126,
		0,
		-0.115861,
		0.800319,
		-0.588274,
		0,
		0.023275,
		0.74364,
		-1.239221,
		1,
	},
	[0.95] = {
		0.244487,
		0.576309,
		0.779804,
		0,
		0.962776,
		-0.048675,
		-0.26588,
		0,
		-0.115272,
		0.815781,
		-0.566757,
		0,
		0.014873,
		0.711576,
		-1.250801,
		1,
	},
	[0.966666666667] = {
		0.278384,
		0.551802,
		0.786141,
		0,
		0.953928,
		-0.063478,
		-0.293243,
		0,
		-0.111909,
		0.831556,
		-0.54405,
		0,
		0.005868,
		0.677171,
		-1.262289,
		1,
	},
	[0.983333333333] = {
		0.313497,
		0.525229,
		0.791109,
		0,
		0.94369,
		-0.079603,
		-0.321112,
		0,
		-0.105683,
		0.847229,
		-0.520609,
		0,
		-0.003612,
		0.640865,
		-1.273572,
		1,
	},
	[0.9] = {
		0.153044,
		0.635382,
		0.75688,
		0,
		0.982142,
		-0.012986,
		-0.187691,
		0,
		-0.109426,
		0.772089,
		-0.626023,
		0,
		0.037755,
		0.798988,
		-1.216278,
		1,
	},
	[1.01666666667] = {
		0.385743,
		0.466888,
		0.79575,
		0,
		0.918708,
		-0.115182,
		-0.377768,
		0,
		-0.084719,
		0.876783,
		-0.473364,
		0,
		-0.023509,
		0.564337,
		-1.29513,
		1,
	},
	[1.03333333333] = {
		0.421953,
		0.435691,
		0.795065,
		0,
		0.903892,
		-0.134214,
		-0.406161,
		0,
		-0.070251,
		0.890034,
		-0.45045,
		0,
		-0.033687,
		0.525018,
		-1.305237,
		1,
	},
	[1.05] = {
		0.457574,
		0.403575,
		0.792309,
		0,
		0.887563,
		-0.153733,
		-0.434279,
		0,
		-0.05346,
		0.901939,
		-0.428542,
		0,
		-0.043865,
		0.485602,
		-1.314806,
		1,
	},
	[1.06666666667] = {
		0.492124,
		0.370899,
		0.787558,
		0,
		0.869833,
		-0.173448,
		-0.461851,
		0,
		-0.0347,
		0.912332,
		-0.407978,
		0,
		-0.053931,
		0.446549,
		-1.32378,
		1,
	},
	[1.08333333333] = {
		0.525133,
		0.338075,
		0.780987,
		0,
		0.850898,
		-0.193007,
		-0.488591,
		0,
		-0.014445,
		0.921116,
		-0.389021,
		0,
		-0.063795,
		0.408315,
		-1.33212,
		1,
	},
	{
		0.349432,
		0.496834,
		0.794388,
		0,
		0.93197,
		-0.096901,
		-0.349346,
		0,
		-0.09659,
		0.862419,
		-0.496895,
		0,
		-0.013445,
		0.603104,
		-1.284549,
		1,
	},
	[1.11666666667] = {
		0.584905,
		0.273773,
		0.763502,
		0,
		0.810605,
		-0.230246,
		-0.538429,
		0,
		0.028385,
		0.933828,
		-0.356594,
		0,
		-0.082538,
		0.336139,
		-1.346772,
		1,
	},
	[1.13333333333] = {
		0.611042,
		0.2432,
		0.753313,
		0,
		0.790026,
		-0.2473,
		-0.560983,
		0,
		0.049863,
		0.937921,
		-0.343245,
		0,
		-0.091196,
		0.303117,
		-1.353045,
		1,
	},
	[1.15] = {
		0.634376,
		0.214409,
		0.742695,
		0,
		0.76979,
		-0.263007,
		-0.581593,
		0,
		0.070635,
		0.940668,
		-0.331896,
		0,
		-0.099231,
		0.272551,
		-1.35864,
		1,
	},
	[1.16666666667] = {
		0.654761,
		0.187995,
		0.732083,
		0,
		0.75044,
		-0.277221,
		-0.59999,
		0,
		0.090154,
		0.942235,
		-0.322593,
		0,
		-0.106532,
		0.244652,
		-1.36358,
		1,
	},
	[1.18333333333] = {
		0.672107,
		0.164447,
		0.721962,
		0,
		0.732551,
		-0.28975,
		-0.615966,
		0,
		0.107895,
		0.942869,
		-0.315209,
		0,
		-0.112989,
		0.21981,
		-1.367843,
		1,
	},
	[1.1] = {
		0.556175,
		0.305551,
		0.772857,
		0,
		0.831038,
		-0.212046,
		-0.514211,
		0,
		0.006763,
		0.928265,
		-0.371859,
		0,
		-0.073367,
		0.371359,
		-1.339791,
		1,
	},
	[1.21666666667] = {
		0.697522,
		0.127868,
		0.705062,
		0,
		0.70352,
		-0.309088,
		-0.639941,
		0,
		0.136099,
		0.942398,
		-0.305553,
		0,
		-0.122931,
		0.180858,
		-1.374252,
		1,
	},
	[1.23333333333] = {
		0.705548,
		0.11577,
		0.699142,
		0,
		0.693527,
		-0.315602,
		-0.647622,
		0,
		0.145676,
		0.941803,
		-0.302962,
		0,
		-0.126194,
		0.167527,
		-1.376353,
		1,
	},
	[1.25] = {
		0.710405,
		0.108408,
		0.695394,
		0,
		0.68725,
		-0.319825,
		-0.652227,
		0,
		0.151698,
		0.941254,
		-0.301708,
		0,
		-0.128171,
		0.158811,
		-1.377686,
		1,
	},
	[1.26666666667] = {
		0.712003,
		0.106224,
		0.694096,
		0,
		0.685127,
		-0.321605,
		-0.653584,
		0,
		0.153798,
		0.940897,
		-0.30176,
		0,
		-0.128753,
		0.155099,
		-1.378227,
		1,
	},
	[1.28333333333] = {
		0.711925,
		0.106746,
		0.694095,
		0,
		0.685202,
		-0.322082,
		-0.65327,
		0,
		0.153822,
		0.940675,
		-0.30244,
		0,
		-0.128603,
		0.154077,
		-1.378356,
		1,
	},
	[1.2] = {
		0.686368,
		0.144248,
		0.712805,
		0,
		0.716715,
		-0.300423,
		-0.629338,
		0,
		0.123363,
		0.942835,
		-0.309585,
		0,
		-0.118492,
		0.198416,
		-1.371408,
		1,
	},
	[1.31666666667] = {
		0.711783,
		0.107617,
		0.694106,
		0,
		0.685339,
		-0.32288,
		-0.652732,
		0,
		0.153868,
		0.940301,
		-0.303575,
		0,
		-0.128326,
		0.152366,
		-1.378572,
		1,
	},
	[1.33333333333] = {
		0.711719,
		0.107972,
		0.694117,
		0,
		0.6854,
		-0.323206,
		-0.652506,
		0,
		0.15389,
		0.940149,
		-0.304036,
		0,
		-0.128202,
		0.151669,
		-1.37866,
		1,
	},
	[1.35] = {
		0.711661,
		0.108276,
		0.694129,
		0,
		0.685456,
		-0.323486,
		-0.652309,
		0,
		0.153911,
		0.940018,
		-0.304431,
		0,
		-0.128088,
		0.151071,
		-1.378737,
		1,
	},
	[1.36666666667] = {
		0.711609,
		0.108532,
		0.694142,
		0,
		0.685506,
		-0.323721,
		-0.65214,
		0,
		0.153931,
		0.939907,
		-0.304762,
		0,
		-0.127986,
		0.150567,
		-1.378801,
		1,
	},
	[1.38333333333] = {
		0.711564,
		0.108741,
		0.694156,
		0,
		0.685549,
		-0.323915,
		-0.651998,
		0,
		0.153949,
		0.939816,
		-0.305034,
		0,
		-0.127896,
		0.150154,
		-1.378855,
		1,
	},
	[1.3] = {
		0.711852,
		0.107209,
		0.694099,
		0,
		0.685273,
		-0.322506,
		-0.652986,
		0,
		0.153845,
		0.940476,
		-0.303044,
		0,
		-0.12846,
		0.153167,
		-1.378471,
		1,
	},
	[1.41666666667] = {
		0.711495,
		0.109032,
		0.694181,
		0,
		0.685614,
		-0.324185,
		-0.651796,
		0,
		0.153976,
		0.939689,
		-0.30541,
		0,
		-0.127761,
		0.149579,
		-1.37893,
		1,
	},
	[1.43333333333] = {
		0.711472,
		0.109119,
		0.69419,
		0,
		0.685635,
		-0.324265,
		-0.651733,
		0,
		0.153986,
		0.939652,
		-0.305521,
		0,
		-0.127716,
		0.149408,
		-1.378952,
		1,
	},
	[1.45] = {
		0.711458,
		0.109169,
		0.694197,
		0,
		0.685648,
		-0.324312,
		-0.651696,
		0,
		0.153992,
		0.93963,
		-0.305586,
		0,
		-0.127689,
		0.149309,
		-1.378966,
		1,
	},
	[1.46666666667] = {
		0.711454,
		0.109185,
		0.694199,
		0,
		0.685653,
		-0.324327,
		-0.651684,
		0,
		0.153994,
		0.939623,
		-0.305607,
		0,
		-0.127679,
		0.149277,
		-1.37897,
		1,
	},
	[1.4] = {
		0.711525,
		0.108907,
		0.694169,
		0,
		0.685585,
		-0.324069,
		-0.651884,
		0,
		0.153964,
		0.939744,
		-0.305249,
		0,
		-0.127821,
		0.149826,
		-1.378897,
		1,
	},
}

return spline_matrices
