-- chunkname: @content/characters/player/ogryn/first_person/animations/2h_axe/attack_up_left.lua

local spline_matrices = {
	[0.0166666666667] = {
		-0.984935,
		0.027092,
		0.170789,
		0,
		-0.170352,
		0.017691,
		-0.985224,
		0,
		-0.029713,
		-0.999476,
		-0.012809,
		0,
		0.536594,
		0.171926,
		-0.760481,
		1,
	},
	[0.0333333333333] = {
		-0.977439,
		-0.076503,
		0.196877,
		0,
		-0.198721,
		0.017222,
		-0.979905,
		0,
		0.071575,
		-0.996921,
		-0.032036,
		0,
		0.53298,
		0.230994,
		-0.738717,
		1,
	},
	[0.05] = {
		-0.947259,
		-0.223815,
		0.229362,
		0,
		-0.238874,
		0.01601,
		-0.970919,
		0,
		0.213634,
		-0.9745,
		-0.068629,
		0,
		0.526119,
		0.314957,
		-0.707716,
		1,
	},
	[0.0666666666667] = {
		-0.884055,
		-0.39034,
		0.257063,
		0,
		-0.284846,
		0.013915,
		-0.958472,
		0,
		0.370553,
		-0.920566,
		-0.123488,
		0,
		0.515323,
		0.41195,
		-0.671795,
		1,
	},
	[0.0833333333333] = {
		-0.789765,
		-0.550542,
		0.270508,
		0,
		-0.330968,
		0.011157,
		-0.943576,
		0,
		0.51646,
		-0.834733,
		-0.191023,
		0,
		0.500015,
		0.510129,
		-0.635362,
		1,
	},
	[0] = {
		-0.984836,
		0.065906,
		0.16048,
		0,
		-0.159645,
		0.017775,
		-0.987014,
		0,
		-0.067903,
		-0.997668,
		-0.006984,
		0,
		0.537659,
		0.149609,
		-0.768703,
		1,
	},
	[0.116666666667] = {
		-0.577772,
		-0.77677,
		0.250615,
		0,
		-0.404229,
		0.005574,
		-0.914641,
		0,
		0.709068,
		-0.62976,
		-0.317214,
		0,
		0.454525,
		0.662919,
		-0.579345,
		1,
	},
	[0.133333333333] = {
		-0.490973,
		-0.840324,
		0.229785,
		0,
		-0.428611,
		0.003368,
		-0.903483,
		0,
		0.758444,
		-0.542074,
		-0.361826,
		0,
		0.425932,
		0.712618,
		-0.564372,
		1,
	},
	[0.15] = {
		-0.409156,
		-0.889222,
		0.204634,
		0,
		-0.450058,
		0.001581,
		-0.892998,
		0,
		0.79375,
		-0.457473,
		-0.400848,
		0,
		0.395705,
		0.760744,
		-0.553901,
		1,
	},
	[0.166666666667] = {
		-0.3318,
		-0.926761,
		0.176131,
		0,
		-0.46938,
		0.000234,
		-0.882996,
		0,
		0.818285,
		-0.375651,
		-0.435081,
		0,
		0.363764,
		0.806312,
		-0.546752,
		1,
	},
	[0.183333333333] = {
		-0.257642,
		-0.955379,
		0.144472,
		0,
		-0.487333,
		-0.000625,
		-0.873216,
		0,
		0.834342,
		-0.295383,
		-0.465427,
		0,
		0.330056,
		0.848341,
		-0.54177,
		1,
	},
	[0.1] = {
		-0.679705,
		-0.683348,
		0.266527,
		0,
		-0.3722,
		0.008221,
		-0.928116,
		0,
		0.632035,
		-0.730047,
		-0.25993,
		0,
		0.479804,
		0.597697,
		-0.602971,
		1,
	},
	[0.216666666667] = {
		-0.112243,
		-0.991268,
		0.069204,
		0,
		-0.521948,
		-0.000448,
		-0.852977,
		0,
		0.84556,
		-0.131861,
		-0.51734,
		0,
		0.257216,
		0.917907,
		-0.533772,
		1,
	},
	[0.233333333333] = {
		-0.037643,
		-0.999027,
		0.022985,
		0,
		-0.539973,
		0.000981,
		-0.841682,
		0,
		0.84084,
		-0.044095,
		-0.539484,
		0,
		0.218028,
		0.943554,
		-0.528505,
		1,
	},
	[0.25] = {
		0.039687,
		-0.998705,
		-0.031829,
		0,
		-0.559392,
		0.004188,
		-0.828893,
		0,
		0.827953,
		0.050701,
		-0.558501,
		0,
		0.177218,
		0.962047,
		-0.520512,
		1,
	},
	[0.266666666667] = {
		0.120444,
		-0.987888,
		-0.097831,
		0,
		-0.58091,
		0.009777,
		-0.813909,
		0,
		0.805007,
		0.154861,
		-0.572697,
		0,
		0.134555,
		0.972766,
		-0.508276,
		1,
	},
	[0.283333333333] = {
		0.204758,
		-0.962638,
		-0.177205,
		0,
		-0.605265,
		0.017754,
		-0.795826,
		0,
		0.769239,
		0.270208,
		-0.579016,
		0,
		0.089245,
		0.974943,
		-0.490649,
		1,
	},
	[0.2] = {
		-0.185039,
		-0.976647,
		0.109181,
		0,
		-0.504627,
		-0.000905,
		-0.863337,
		0,
		0.843275,
		-0.214847,
		-0.492675,
		0,
		0.294549,
		0.885859,
		-0.537819,
		1,
	},
	[0.316666666667] = {
		0.386441,
		-0.821522,
		-0.419243,
		0,
		-0.696189,
		0.038333,
		-0.716835,
		0,
		0.604967,
		0.568887,
		-0.557121,
		0,
		-0.049701,
		0.910406,
		-0.327554,
		1,
	},
	[0.333333333333] = {
		0.450383,
		-0.692322,
		-0.563778,
		0,
		-0.74842,
		0.051571,
		-0.661216,
		0,
		0.486849,
		0.719743,
		-0.494922,
		0,
		-0.134589,
		0.842647,
		-0.20756,
		1,
	},
	[0.35] = {
		0.485018,
		-0.529844,
		-0.695717,
		0,
		-0.787405,
		0.081521,
		-0.611022,
		0,
		0.380462,
		0.844168,
		-0.377663,
		0,
		-0.209172,
		0.763715,
		-0.096828,
		1,
	},
	[0.366666666667] = {
		0.518114,
		-0.329955,
		-0.789106,
		0,
		-0.805432,
		0.122237,
		-0.579945,
		0,
		0.287814,
		0.936049,
		-0.202423,
		0,
		-0.276736,
		0.673327,
		-0.020441,
		1,
	},
	[0.383333333333] = {
		0.586527,
		-0.102233,
		-0.803451,
		0,
		-0.791435,
		0.138439,
		-0.59537,
		0,
		0.172096,
		0.98508,
		0.000287,
		0,
		-0.3241,
		0.470549,
		-0.013325,
		1,
	},
	[0.3] = {
		0.297309,
		-0.911488,
		-0.284249,
		0,
		-0.643617,
		0.028574,
		-0.764814,
		0,
		0.705241,
		0.410333,
		-0.578154,
		0,
		0.029469,
		0.957221,
		-0.432468,
		1,
	},
	[0.416666666667] = {
		0.651758,
		0.241356,
		-0.718998,
		0,
		-0.758139,
		0.181193,
		-0.626414,
		0,
		-0.020911,
		0.953371,
		0.301076,
		0,
		-0.359608,
		0.156151,
		-0.036128,
		1,
	},
	[0.433333333333] = {
		0.651216,
		0.359399,
		-0.668393,
		0,
		-0.753862,
		0.205127,
		-0.624191,
		0,
		-0.087229,
		0.91036,
		0.404519,
		0,
		-0.373483,
		0.066861,
		-0.084361,
		1,
	},
	[0.45] = {
		0.63572,
		0.471567,
		-0.611134,
		0,
		-0.755433,
		0.217314,
		-0.618139,
		0,
		-0.158686,
		0.854634,
		0.494389,
		0,
		-0.386242,
		-0.013586,
		-0.147619,
		1,
	},
	[0.466666666667] = {
		0.612467,
		0.57359,
		-0.543947,
		0,
		-0.757343,
		0.228584,
		-0.611703,
		0,
		-0.22653,
		0.786603,
		0.574405,
		0,
		-0.395054,
		-0.080482,
		-0.213116,
		1,
	},
	[0.483333333333] = {
		0.582178,
		0.66674,
		-0.465324,
		0,
		-0.757927,
		0.237874,
		-0.607422,
		0,
		-0.294304,
		0.70631,
		0.643826,
		0,
		-0.398981,
		-0.133423,
		-0.267484,
		1,
	},
	[0.4] = {
		0.637511,
		0.105358,
		-0.763203,
		0,
		-0.768729,
		0.152988,
		-0.621008,
		0,
		0.051332,
		0.982596,
		0.178523,
		0,
		-0.34559,
		0.259816,
		-0.01641,
		1,
	},
	[0.516666666667] = {
		0.479826,
		0.840544,
		-0.251501,
		0,
		-0.748913,
		0.243059,
		-0.616483,
		0,
		-0.457051,
		0.484156,
		0.746121,
		0,
		-0.387765,
		-0.17949,
		-0.350312,
		1,
	},
	[0.533333333333] = {
		0.414472,
		0.893361,
		-0.173551,
		0,
		-0.747782,
		0.225623,
		-0.624433,
		0,
		-0.518687,
		0.388588,
		0.761553,
		0,
		-0.378733,
		-0.186018,
		-0.386922,
		1,
	},
	[0.55] = {
		0.384709,
		0.911571,
		-0.14504,
		0,
		-0.747469,
		0.215471,
		-0.628381,
		0,
		-0.541562,
		0.350157,
		0.764265,
		0,
		-0.37359,
		-0.197528,
		-0.419717,
		1,
	},
	[0.566666666667] = {
		0.388515,
		0.909651,
		-0.146942,
		0,
		-0.739189,
		0.212471,
		-0.639105,
		0,
		-0.550141,
		0.35692,
		0.754952,
		0,
		-0.372754,
		-0.216556,
		-0.446153,
		1,
	},
	[0.583333333333] = {
		0.396034,
		0.905324,
		-0.153444,
		0,
		-0.716661,
		0.200275,
		-0.668047,
		0,
		-0.574068,
		0.374537,
		0.728127,
		0,
		-0.373125,
		-0.237088,
		-0.466465,
		1,
	},
	[0.5] = {
		0.541158,
		0.759172,
		-0.361672,
		0,
		-0.753303,
		0.246496,
		-0.609733,
		0,
		-0.373742,
		0.60241,
		0.705279,
		0,
		-0.396027,
		-0.165964,
		-0.310341,
		1,
	},
	[0.616666666667] = {
		0.410272,
		0.896308,
		-0.168249,
		0,
		-0.639645,
		0.151322,
		-0.753628,
		0,
		-0.650024,
		0.416813,
		0.635403,
		0,
		-0.409423,
		-0.277162,
		-0.504603,
		1,
	},
	[0.633333333333] = {
		0.413335,
		0.893789,
		-0.174058,
		0,
		-0.591647,
		0.118308,
		-0.797469,
		0,
		-0.692177,
		0.432603,
		0.577708,
		0,
		-0.446891,
		-0.29474,
		-0.529916,
		1,
	},
	[0.65] = {
		0.413244,
		0.893066,
		-0.17794,
		0,
		-0.542869,
		0.084723,
		-0.835533,
		0,
		-0.73111,
		0.441877,
		0.51983,
		0,
		-0.491299,
		-0.309765,
		-0.564176,
		1,
	},
	[0.666666666667] = {
		0.410406,
		0.894304,
		-0.178293,
		0,
		-0.498244,
		0.056155,
		-0.865217,
		0,
		-0.763754,
		0.443923,
		0.468627,
		0,
		-0.538217,
		-0.32152,
		-0.610978,
		1,
	},
	[0.683333333333] = {
		0.409351,
		0.896246,
		-0.170805,
		0,
		-0.439708,
		0.02976,
		-0.897648,
		0,
		-0.79943,
		0.442557,
		0.406269,
		0,
		-0.571421,
		-0.331658,
		-0.678576,
		1,
	},
	[0.6] = {
		0.404238,
		0.900317,
		-0.161312,
		0,
		-0.682524,
		0.179511,
		-0.708475,
		0,
		-0.608894,
		0.396492,
		0.687053,
		0,
		-0.383343,
		-0.257719,
		-0.484649,
		1,
	},
	[0.716666666667] = {
		0.420449,
		0.897431,
		-0.133566,
		0,
		-0.241486,
		-0.031215,
		-0.969902,
		0,
		-0.87459,
		0.440048,
		0.203593,
		0,
		-0.566486,
		-0.351834,
		-0.866364,
		1,
	},
	[0.733333333333] = {
		0.430069,
		0.896209,
		-0.108857,
		0,
		-0.123193,
		-0.061192,
		-0.990494,
		0,
		-0.894351,
		0.439392,
		0.08409,
		0,
		-0.534724,
		-0.360861,
		-0.968285,
		1,
	},
	[0.75] = {
		0.441304,
		0.893524,
		-0.082862,
		0,
		-0.009696,
		-0.087587,
		-0.99611,
		0,
		-0.897305,
		0.440391,
		-0.029989,
		0,
		-0.487637,
		-0.368625,
		-1.063359,
		1,
	},
	[0.766666666667] = {
		0.453489,
		0.889377,
		-0.057933,
		0,
		0.085437,
		-0.108081,
		-0.990464,
		0,
		-0.887157,
		0.444215,
		-0.125,
		0,
		-0.435297,
		-0.377646,
		-1.14249,
		1,
	},
	[0.783333333333] = {
		0.465128,
		0.884445,
		-0.037588,
		0,
		0.150004,
		-0.120591,
		-0.981303,
		0,
		-0.872442,
		0.450793,
		-0.188761,
		0,
		-0.391362,
		-0.389506,
		-1.196651,
		1,
	},
	[0.7] = {
		0.413172,
		0.897372,
		-0.154958,
		0,
		-0.350974,
		-9.8e-05,
		-0.936385,
		0,
		-0.840301,
		0.441274,
		0.314914,
		0,
		-0.579777,
		-0.341942,
		-0.766748,
		1,
	},
	[0.816666666667] = {
		0.484445,
		0.874529,
		-0.022612,
		0,
		0.171582,
		-0.12033,
		-0.977794,
		0,
		-0.85783,
		0.469808,
		-0.208346,
		0,
		-0.347226,
		-0.416963,
		-1.216789,
		1,
	},
	[0.833333333333] = {
		0.494724,
		0.868859,
		-0.018236,
		0,
		0.170087,
		-0.117382,
		-0.978413,
		0,
		-0.852243,
		0.480942,
		-0.205853,
		0,
		-0.328488,
		-0.432777,
		-1.216866,
		1,
	},
	[0.85] = {
		0.504858,
		0.86309,
		-0.013941,
		0,
		0.16861,
		-0.114441,
		-0.979017,
		0,
		-0.846575,
		0.491914,
		-0.203302,
		0,
		-0.309631,
		-0.44859,
		-1.21703,
		1,
	},
	[0.866666666667] = {
		0.513884,
		0.857802,
		-0.009972,
		0,
		0.16722,
		-0.111564,
		-0.979587,
		0,
		-0.841404,
		0.501727,
		-0.200773,
		0,
		-0.292193,
		-0.462981,
		-1.217305,
		1,
	},
	[0.883333333333] = {
		0.520862,
		0.853615,
		-0.006562,
		0,
		0.165983,
		-0.108815,
		-0.980107,
		0,
		-0.837348,
		0.509411,
		-0.198364,
		0,
		-0.27773,
		-0.474547,
		-1.217699,
		1,
	},
	[0.8] = {
		0.475013,
		0.87957,
		-0.026821,
		0,
		0.173019,
		-0.123236,
		-0.977178,
		0,
		-0.862802,
		0.459532,
		-0.210721,
		0,
		-0.364321,
		-0.402581,
		-1.216754,
		1,
	},
	[0.916666666667] = {
		0.524962,
		0.851123,
		-0.002324,
		0,
		0.164227,
		-0.103971,
		-0.980928,
		0,
		-0.835132,
		0.514568,
		-0.194358,
		0,
		-0.264023,
		-0.483682,
		-1.218793,
		1,
	},
	[0.933333333333] = {
		0.52279,
		0.852461,
		-0.001323,
		0,
		0.163657,
		-0.10189,
		-0.981241,
		0,
		-0.836605,
		0.512766,
		-0.192778,
		0,
		-0.263825,
		-0.482287,
		-1.219388,
		1,
	},
	[0.95] = {
		0.52063,
		0.853782,
		-0.000414,
		0,
		0.1631,
		-0.099933,
		-0.981536,
		0,
		-0.838059,
		0.510949,
		-0.19128,
		0,
		-0.263617,
		-0.481036,
		-1.219927,
		1,
	},
	[0.966666666667] = {
		0.518499,
		0.855078,
		0.000394,
		0,
		0.162555,
		-0.098116,
		-0.981809,
		0,
		-0.839485,
		0.509131,
		-0.18987,
		0,
		-0.263403,
		-0.479941,
		-1.220405,
		1,
	},
	[0.983333333333] = {
		0.516411,
		0.85634,
		0.001091,
		0,
		0.162024,
		-0.096456,
		-0.982061,
		0,
		-0.840873,
		0.507324,
		-0.188558,
		0,
		-0.263188,
		-0.479012,
		-1.220816,
		1,
	},
	[0.9] = {
		0.524865,
		0.851176,
		-0.00394,
		0,
		0.164964,
		-0.106262,
		-0.980559,
		0,
		-0.835047,
		0.514011,
		-0.196187,
		0,
		-0.267811,
		-0.481903,
		-1.218203,
		1,
	},
	[1.01666666667] = {
		0.512428,
		0.858728,
		0.002106,
		0,
		0.161007,
		-0.093668,
		-0.982498,
		0,
		-0.843501,
		0.503799,
		-0.186259,
		0,
		-0.262778,
		-0.477701,
		-1.221418,
		1,
	},
	[1.03333333333] = {
		0.510565,
		0.859836,
		0.002403,
		0,
		0.160524,
		-0.092572,
		-0.982681,
		0,
		-0.844722,
		0.502108,
		-0.185288,
		0,
		-0.262593,
		-0.477342,
		-1.221598,
		1,
	},
	[1.05] = {
		0.508807,
		0.860877,
		0.002545,
		0,
		0.16006,
		-0.091696,
		-0.982839,
		0,
		-0.84587,
		0.500483,
		-0.184447,
		0,
		-0.262429,
		-0.477197,
		-1.22169,
		1,
	},
	[1.06666666667] = {
		0.507172,
		0.861841,
		0.00252,
		0,
		0.159615,
		-0.091055,
		-0.982971,
		0,
		-0.846935,
		0.498938,
		-0.183743,
		0,
		-0.262291,
		-0.477277,
		-1.221689,
		1,
	},
	[1.08333333333] = {
		0.505675,
		0.862721,
		0.002318,
		0,
		0.159191,
		-0.090666,
		-0.983076,
		0,
		-0.84791,
		0.497486,
		-0.183185,
		0,
		-0.262184,
		-0.477594,
		-1.221588,
		1,
	},
	{
		0.514382,
		0.857559,
		0.001665,
		0,
		0.161507,
		-0.094968,
		-0.982291,
		0,
		-0.842215,
		0.505542,
		-0.187352,
		0,
		-0.262978,
		-0.478261,
		-1.221156,
		1,
	},
	[1.11666666667] = {
		0.503158,
		0.864193,
		0.001433,
		0,
		0.158422,
		-0.090607,
		-0.983205,
		0,
		-0.849549,
		0.494935,
		-0.182497,
		0,
		-0.262072,
		-0.478861,
		-1.221116,
		1,
	},
	[1.13333333333] = {
		0.502153,
		0.864778,
		0.00082,
		0,
		0.158104,
		-0.090874,
		-0.983232,
		0,
		-0.850203,
		0.493862,
		-0.182357,
		0,
		-0.262041,
		-0.479726,
		-1.220783,
		1,
	},
	[1.15] = {
		0.501303,
		0.865272,
		0.000128,
		0,
		0.15783,
		-0.091295,
		-0.983237,
		0,
		-0.850756,
		0.49292,
		-0.182332,
		0,
		-0.262021,
		-0.480698,
		-1.220405,
		1,
	},
	[1.16666666667] = {
		0.500595,
		0.865681,
		-0.000618,
		0,
		0.157597,
		-0.091835,
		-0.983224,
		0,
		-0.851215,
		0.4921,
		-0.182401,
		0,
		-0.262009,
		-0.481743,
		-1.219995,
		1,
	},
	[1.18333333333] = {
		0.500017,
		0.866014,
		-0.001392,
		0,
		0.157402,
		-0.092461,
		-0.983197,
		0,
		-0.851591,
		0.491396,
		-0.182544,
		0,
		-0.262005,
		-0.482825,
		-1.219568,
		1,
	},
	[1.1] = {
		0.504331,
		0.863508,
		0.001943,
		0,
		0.158788,
		-0.090527,
		-0.983154,
		0,
		-0.848785,
		0.496144,
		-0.182771,
		0,
		-0.262115,
		-0.478138,
		-1.22139,
		1,
	},
	[1.21666666667] = {
		0.499198,
		0.866483,
		-0.002927,
		0,
		0.157114,
		-0.093837,
		-0.983112,
		0,
		-0.852125,
		0.490308,
		-0.18298,
		0,
		-0.262014,
		-0.484963,
		-1.218718,
		1,
	},
	[1.23333333333] = {
		0.498932,
		0.866634,
		-0.003636,
		0,
		0.157015,
		-0.09452,
		-0.983063,
		0,
		-0.852299,
		0.48991,
		-0.183233,
		0,
		-0.262024,
		-0.485949,
		-1.218322,
		1,
	},
	[1.25] = {
		0.498743,
		0.86674,
		-0.004273,
		0,
		0.15694,
		-0.095154,
		-0.983013,
		0,
		-0.852423,
		0.4896,
		-0.183484,
		0,
		-0.262036,
		-0.486834,
		-1.217967,
		1,
	},
	[1.26666666667] = {
		0.498618,
		0.866808,
		-0.004813,
		0,
		0.156888,
		-0.095705,
		-0.982968,
		0,
		-0.852506,
		0.489371,
		-0.183712,
		0,
		-0.262048,
		-0.487582,
		-1.217665,
		1,
	},
	[1.28333333333] = {
		0.498546,
		0.866848,
		-0.005229,
		0,
		0.156855,
		-0.096141,
		-0.982931,
		0,
		-0.852554,
		0.489216,
		-0.1839,
		0,
		-0.262058,
		-0.48816,
		-1.217431,
		1,
	},
	[1.2] = {
		0.499556,
		0.866279,
		-0.00217,
		0,
		0.157242,
		-0.09314,
		-0.983158,
		0,
		-0.851891,
		0.490801,
		-0.182744,
		0,
		-0.262007,
		-0.48391,
		-1.219138,
		1,
	},
	[1.31666666667] = {
		0.498503,
		0.86687,
		-0.005593,
		0,
		0.156832,
		-0.09653,
		-0.982897,
		0,
		-0.852583,
		0.4891,
		-0.184074,
		0,
		-0.262068,
		-0.488664,
		-1.217227,
		1,
	},
	[1.3] = {
		0.498512,
		0.866865,
		-0.005498,
		0,
		0.156838,
		-0.096427,
		-0.982906,
		0,
		-0.852577,
		0.489128,
		-0.184027,
		0,
		-0.262065,
		-0.488532,
		-1.21728,
		1,
	},
}

return spline_matrices
