-- chunkname: @content/characters/player/ogryn/first_person/animations/2h_axe/attack_special_tank.lua

local spline_matrices = {
	[0.0333333333333] = {
		0.283608,
		-0.921984,
		-0.263652,
		0,
		0.371682,
		0.359138,
		-0.85608,
		0,
		0.883979,
		0.144796,
		0.444539,
		0,
		-0.532719,
		0.893043,
		-0.6963,
		1,
	},
	[0.0666666666667] = {
		0.340651,
		-0.926047,
		-0.162463,
		0,
		0.503445,
		0.325602,
		-0.800329,
		0,
		0.79404,
		0.190841,
		0.57713,
		0,
		-0.477247,
		0.89645,
		-0.807502,
		1,
	},
	[0] = {
		0.252126,
		-0.920563,
		-0.298323,
		0,
		0.322512,
		0.370592,
		-0.871004,
		0,
		0.91237,
		0.12339,
		0.390328,
		0,
		-0.554329,
		0.891817,
		-0.645626,
		1,
	},
	[0.133333333333] = {
		0.315928,
		-0.94009,
		0.12814,
		0,
		0.853562,
		0.222646,
		-0.471021,
		0,
		0.414272,
		0.258185,
		0.872765,
		0,
		-0.320696,
		0.907291,
		-0.966656,
		1,
	},
	[0.166666666667] = {
		0.233648,
		-0.947764,
		0.217144,
		0,
		0.960364,
		0.190031,
		-0.203934,
		0,
		0.152017,
		0.256186,
		0.954599,
		0,
		-0.247304,
		0.912673,
		-0.948552,
		1,
	},
	[0.1] = {
		0.361149,
		-0.932395,
		-0.014513,
		0,
		0.682601,
		0.274934,
		-0.677101,
		0,
		0.635316,
		0.234628,
		0.735747,
		0,
		-0.401942,
		0.90152,
		-0.918024,
		1,
	},
	[0.233333333333] = {
		0.09566,
		-0.975899,
		0.19614,
		0,
		0.972541,
		0.133628,
		0.190547,
		0,
		-0.212164,
		0.172526,
		0.961884,
		0,
		-0.107614,
		0.924416,
		-0.852436,
		1,
	},
	[0.266666666667] = {
		0.024467,
		-0.986874,
		0.15963,
		0,
		0.908045,
		0.088729,
		0.409367,
		0,
		-0.418157,
		0.134935,
		0.898297,
		0,
		-0.049149,
		0.930309,
		-0.802197,
		1,
	},
	[0.2] = {
		0.171043,
		-0.962669,
		0.209793,
		0,
		0.9849,
		0.17284,
		-0.00988,
		0,
		-0.02675,
		0.208315,
		0.977696,
		0,
		-0.1704,
		0.918135,
		-0.902713,
		1,
	},
	[0.333333333333] = {
		-0.044572,
		-0.996729,
		0.067411,
		0,
		0.699329,
		0.017057,
		0.714596,
		0,
		-0.713409,
		0.078994,
		0.696281,
		0,
		-0.052865,
		0.942604,
		-0.720817,
		1,
	},
	[0.366666666667] = {
		-0.053113,
		-0.996907,
		0.057929,
		0,
		0.655304,
		0.008977,
		0.755312,
		0,
		-0.753496,
		0.078078,
		0.6528,
		0,
		-0.114172,
		0.949166,
		-0.692142,
		1,
	},
	[0.3] = {
		-0.022878,
		-0.993674,
		0.109945,
		0,
		0.802288,
		0.047369,
		0.595055,
		0,
		-0.596499,
		0.101821,
		0.796129,
		0,
		-0.021404,
		0.936046,
		-0.756173,
		1,
	},
	[0.433333333333] = {
		-0.039771,
		-0.986375,
		0.159632,
		0,
		0.57665,
		0.107812,
		0.809846,
		0,
		-0.816022,
		0.12426,
		0.564506,
		0,
		-0.258027,
		0.960008,
		-0.632951,
		1,
	},
	[0.466666666667] = {
		0.004132,
		-0.974171,
		0.225774,
		0,
		0.47659,
		0.200403,
		0.855979,
		0,
		-0.879116,
		0.104065,
		0.465108,
		0,
		-0.338156,
		0.964636,
		-0.606083,
		1,
	},
	[0.4] = {
		-0.054644,
		-0.994105,
		0.093644,
		0,
		0.636096,
		0.037634,
		0.770691,
		0,
		-0.769672,
		0.10168,
		0.63029,
		0,
		-0.180016,
		0.954712,
		-0.662402,
		1,
	},
	[0.533333333333] = {
		0.123405,
		-0.973824,
		0.190887,
		0,
		0.191635,
		0.212123,
		0.958269,
		0,
		-0.973677,
		-0.081674,
		0.212796,
		0,
		-0.459588,
		0.971158,
		-0.570046,
		1,
	},
	[0.566666666667] = {
		0.119946,
		-0.990406,
		0.068616,
		0,
		0.068278,
		0.077181,
		0.994676,
		0,
		-0.99043,
		-0.114623,
		0.07688,
		0,
		-0.475818,
		0.973134,
		-0.564191,
		1,
	},
	[0.5] = {
		0.07076,
		-0.966438,
		0.246961,
		0,
		0.339117,
		0.256142,
		0.905202,
		0,
		-0.938079,
		0.019697,
		0.34586,
		0,
		-0.409648,
		0.968234,
		-0.583815,
		1,
	},
	[0.633333333333] = {
		-0.030524,
		-0.986161,
		-0.162953,
		0,
		-0.105489,
		-0.15894,
		0.981636,
		0,
		-0.993952,
		0.047154,
		-0.099178,
		0,
		-0.419393,
		0.972909,
		-0.55871,
		1,
	},
	[0.666666666667] = {
		-0.066655,
		-0.978372,
		-0.195819,
		0,
		-0.15032,
		-0.184169,
		0.971332,
		0,
		-0.986388,
		0.09418,
		-0.134793,
		0,
		-0.367066,
		0.971786,
		-0.547134,
		1,
	},
	[0.6] = {
		0.053402,
		-0.996304,
		-0.067276,
		0,
		-0.026947,
		-0.068785,
		0.997267,
		0,
		-0.998209,
		-0.051443,
		-0.030521,
		0,
		-0.45935,
		0.973554,
		-0.561323,
		1,
	},
	[0.733333333333] = {
		-0.485894,
		-0.856007,
		-0.176518,
		0,
		-0.317488,
		-0.015302,
		0.948139,
		0,
		-0.814315,
		0.516737,
		-0.264337,
		0,
		-0.286216,
		1.040034,
		-0.446426,
		1,
	},
	[0.766666666667] = {
		-0.720359,
		-0.601568,
		-0.345251,
		0,
		-0.357614,
		-0.104375,
		0.928018,
		0,
		-0.594302,
		0.791973,
		-0.139942,
		0,
		-0.206604,
		1.079266,
		-0.375917,
		1,
	},
	[0.7] = {
		-0.109936,
		-0.98631,
		-0.12291,
		0,
		-0.213482,
		-0.097342,
		0.972085,
		0,
		-0.970742,
		0.133106,
		-0.199859,
		0,
		-0.326982,
		0.993775,
		-0.508844,
		1,
	},
	[0.833333333333] = {
		-0.968013,
		-0.012938,
		-0.250564,
		0,
		-0.250401,
		-0.013019,
		0.968055,
		0,
		-0.015787,
		0.999831,
		0.009363,
		0,
		0.16788,
		1.134187,
		-0.197787,
		1,
	},
	[0.866666666667] = {
		-0.926721,
		0.287996,
		-0.241343,
		0,
		-0.243291,
		0.029583,
		0.969502,
		0,
		0.286353,
		0.957174,
		0.042651,
		0,
		0.405681,
		1.033464,
		-0.163429,
		1,
	},
	[0.8] = {
		-0.883426,
		-0.358395,
		-0.301847,
		0,
		-0.289844,
		-0.088185,
		0.953002,
		0,
		-0.36817,
		0.929396,
		-0.025974,
		0,
		-0.046767,
		1.105828,
		-0.28269,
		1,
	},
	[0.933333333333] = {
		-0.72927,
		0.65883,
		-0.184683,
		0,
		-0.192854,
		0.061051,
		0.979326,
		0,
		0.656485,
		0.74981,
		0.082535,
		0,
		0.727615,
		0.7186,
		-0.165323,
		1,
	},
	[0.966666666667] = {
		-0.545018,
		0.826949,
		-0.138241,
		0,
		-0.158428,
		0.060335,
		0.985525,
		0,
		0.82332,
		0.55903,
		0.098128,
		0,
		0.768643,
		0.642794,
		-0.196507,
		1,
	},
	[0.9] = {
		-0.854512,
		0.471374,
		-0.218208,
		0,
		-0.226488,
		0.039931,
		0.973195,
		0,
		0.467452,
		0.881029,
		0.072639,
		0,
		0.570371,
		0.860386,
		-0.155869,
		1,
	},
	[1.03333333333] = {
		-0.171435,
		0.983942,
		-0.049687,
		0,
		-0.100674,
		0.032673,
		0.994383,
		0,
		0.980038,
		0.175474,
		0.093456,
		0,
		0.777907,
		0.491988,
		-0.320277,
		1,
	},
	[1.06666666667] = {
		-0.088152,
		0.996034,
		-0.012074,
		0,
		-0.048882,
		0.007781,
		0.998774,
		0,
		0.994907,
		0.088634,
		0.048003,
		0,
		0.782847,
		0.425551,
		-0.398156,
		1,
	},
	{
		-0.331286,
		0.93921,
		-0.090191,
		0,
		-0.141624,
		0.045008,
		0.988897,
		0,
		0.932841,
		0.340381,
		0.118104,
		0,
		0.773016,
		0.565381,
		-0.250196,
		1,
	},
	[1.13333333333] = {
		-0.089686,
		0.991725,
		0.09186,
		0,
		-0.020895,
		-0.094085,
		0.995345,
		0,
		0.995751,
		0.087349,
		0.02916,
		0,
		0.791043,
		0.324928,
		-0.569011,
		1,
	},
	[1.16666666667] = {
		-0.133241,
		0.985437,
		0.105641,
		0,
		-0.024872,
		-0.109883,
		0.993633,
		0,
		0.990771,
		0.129765,
		0.039151,
		0,
		0.793445,
		0.296427,
		-0.657785,
		1,
	},
	[1.1] = {
		-0.061461,
		0.997087,
		0.045163,
		0,
		-0.025983,
		-0.046832,
		0.998565,
		0,
		0.997771,
		0.060199,
		0.028786,
		0,
		0.787374,
		0.368918,
		-0.481761,
		1,
	},
	[1.23333333333] = {
		-0.116948,
		0.992045,
		0.046588,
		0,
		-0.018659,
		-0.049097,
		0.99862,
		0,
		0.992963,
		0.115917,
		0.024253,
		0,
		0.742202,
		0.308047,
		-0.84042,
		1,
	},
	[1.26666666667] = {
		-0.1016,
		0.987375,
		-0.121523,
		0,
		0.011709,
		0.123334,
		0.992296,
		0,
		0.994756,
		0.099395,
		-0.024092,
		0,
		0.612543,
		0.363862,
		-0.943276,
		1,
	},
	[1.2] = {
		-0.152768,
		0.982745,
		0.104275,
		0,
		-0.02889,
		-0.109909,
		0.993522,
		0,
		0.98784,
		0.148765,
		0.045182,
		0,
		0.794214,
		0.286258,
		-0.745935,
		1,
	},
	[1.33333333333] = {
		-0.497558,
		0.794781,
		-0.347505,
		0,
		0.021985,
		0.41204,
		0.910901,
		0,
		0.867152,
		0.445586,
		-0.222487,
		0,
		0.276964,
		0.520563,
		-1.136055,
		1,
	},
	[1.36666666667] = {
		-0.703457,
		0.660864,
		-0.261545,
		0,
		0.027508,
		0.393032,
		0.919113,
		0,
		0.710205,
		0.639362,
		-0.29466,
		0,
		0.149289,
		0.592749,
		-1.207117,
		1,
	},
	[1.3] = {
		-0.240589,
		0.921437,
		-0.305074,
		0,
		0.032513,
		0.32178,
		0.946256,
		0,
		0.970082,
		0.21774,
		-0.107376,
		0,
		0.44441,
		0.43943,
		-1.044978,
		1,
	},
	[1.43333333333] = {
		-0.9022,
		0.42121,
		-0.092827,
		0,
		0.043398,
		0.302775,
		0.952073,
		0,
		0.429129,
		0.854932,
		-0.291444,
		0,
		-0.038733,
		0.744806,
		-1.304869,
		1,
	},
	[1.46666666667] = {
		-0.953657,
		0.299592,
		-0.027988,
		0,
		0.053179,
		0.259363,
		0.964314,
		0,
		0.29616,
		0.918137,
		-0.263276,
		0,
		-0.121103,
		0.826743,
		-1.339434,
		1,
	},
	[1.4] = {
		-0.822076,
		0.54308,
		-0.171042,
		0,
		0.037793,
		0.351785,
		0.935318,
		0,
		0.568123,
		0.762438,
		-0.309718,
		0,
		0.053711,
		0.663681,
		-1.260612,
		1,
	},
	[1.53333333333] = {
		-0.990441,
		0.074926,
		0.115815,
		0,
		0.129421,
		0.214307,
		0.968154,
		0,
		0.04772,
		0.973888,
		-0.221956,
		0,
		-0.228679,
		0.954719,
		-1.378031,
		1,
	},
	[1.56666666667] = {
		-0.972063,
		-0.02002,
		0.233865,
		0,
		0.224305,
		0.21428,
		0.950669,
		0,
		-0.069145,
		0.976567,
		-0.203803,
		0,
		-0.240933,
		0.981146,
		-1.38153,
		1,
	},
	[1.5] = {
		-0.982526,
		0.182743,
		0.035321,
		0,
		0.077478,
		0.229017,
		0.970334,
		0,
		0.169232,
		0.956115,
		-0.239174,
		0,
		-0.186615,
		0.899951,
		-1.363924,
		1,
	},
	[1.63333333333] = {
		-0.822135,
		-0.168421,
		0.543809,
		0,
		0.45322,
		0.384429,
		0.804242,
		0,
		-0.344508,
		0.907661,
		-0.239721,
		0,
		-0.208906,
		0.99735,
		-1.345676,
		1,
	},
	[1.66666666667] = {
		-0.689528,
		-0.226298,
		0.687997,
		0,
		0.506009,
		0.529112,
		0.681172,
		0,
		-0.518176,
		0.81782,
		-0.250329,
		0,
		-0.181839,
		1.003833,
		-1.309469,
		1,
	},
	[1.6] = {
		-0.916996,
		-0.100459,
		0.38604,
		0,
		0.349088,
		0.266183,
		0.89849,
		0,
		-0.193018,
		0.958673,
		-0.20902,
		0,
		-0.229916,
		0.989706,
		-1.370989,
		1,
	},
	[1.73333333333] = {
		-0.353753,
		-0.322934,
		0.877822,
		0,
		0.457469,
		0.758859,
		0.463525,
		0,
		-0.815831,
		0.56555,
		-0.120716,
		0,
		-0.125294,
		1.012944,
		-1.219893,
		1,
	},
	[1.76666666667] = {
		-0.183242,
		-0.367068,
		0.911967,
		0,
		0.422796,
		0.80807,
		0.410202,
		0,
		-0.887505,
		0.460743,
		0.007123,
		0,
		-0.103699,
		1.015699,
		-1.17428,
		1,
	},
	[1.7] = {
		-0.528403,
		-0.276865,
		0.802581,
		0,
		0.499889,
		0.66263,
		0.557703,
		0,
		-0.686222,
		0.695893,
		-0.211734,
		0,
		-0.152655,
		1.009031,
		-1.266249,
		1,
	},
	[1.83333333333] = {
		0.098476,
		-0.458203,
		0.883375,
		0,
		0.50165,
		0.789506,
		0.353592,
		0,
		-0.859447,
		0.408325,
		0.307605,
		0,
		-0.1013,
		1.01596,
		-1.094814,
		1,
	},
	[1.86666666667] = {
		0.222554,
		-0.507681,
		0.832303,
		0,
		0.566187,
		0.762298,
		0.313584,
		0,
		-0.793664,
		0.40145,
		0.457095,
		0,
		-0.134721,
		1.009619,
		-1.054764,
		1,
	},
	[1.8] = {
		-0.03369,
		-0.411403,
		0.910831,
		0,
		0.441505,
		0.811476,
		0.382857,
		0,
		-0.896626,
		0.415035,
		0.154297,
		0,
		-0.091808,
		1.017546,
		-1.133282,
		1,
	},
	[1.93333333333] = {
		0.424961,
		-0.609235,
		0.669508,
		0,
		0.694523,
		0.693793,
		0.190496,
		0,
		-0.580557,
		0.384035,
		0.717963,
		0,
		-0.234111,
		0.990281,
		-0.973228,
		1,
	},
	[1.96666666667] = {
		0.49514,
		-0.658631,
		0.566605,
		0,
		0.749234,
		0.653874,
		0.105341,
		0,
		-0.439869,
		0.372361,
		0.817228,
		0,
		-0.280361,
		0.980527,
		-0.933385,
		1,
	},
	[1.9] = {
		0.332965,
		-0.558482,
		0.759758,
		0,
		0.6319,
		0.730201,
		0.259824,
		0,
		-0.699883,
		0.393579,
		0.596036,
		0,
		-0.182272,
		1.000483,
		-1.013961,
		1,
	},
	[2.03333333333] = {
		0.56508,
		-0.748846,
		0.346286,
		0,
		0.816567,
		0.567616,
		-0.105025,
		0,
		-0.11791,
		0.342114,
		0.932231,
		0,
		-0.382754,
		0.957949,
		-0.853514,
		1,
	},
	[2.06666666667] = {
		0.566869,
		-0.787864,
		0.240685,
		0,
		0.822305,
		0.523506,
		-0.223061,
		0,
		0.049742,
		0.324363,
		0.944624,
		0,
		-0.435674,
		0.945238,
		-0.814538,
		1,
	},
	{
		0.5418,
		-0.705493,
		0.456872,
		0,
		0.79127,
		0.611439,
		0.005813,
		0,
		-0.28345,
		0.358359,
		0.889513,
		0,
		-0.327683,
		0.970082,
		-0.893655,
		1,
	},
	[2.13333333333] = {
		0.520327,
		-0.851754,
		0.061441,
		0,
		0.772015,
		0.43842,
		-0.460196,
		0,
		0.365037,
		0.286885,
		0.885689,
		0,
		-0.495347,
		0.923205,
		-0.744954,
		1,
	},
	[2.16666666667] = {
		0.481135,
		-0.87661,
		-0.00799,
		0,
		0.718704,
		0.399653,
		-0.568983,
		0,
		0.50197,
		0.268015,
		0.82231,
		0,
		-0.499808,
		0.914975,
		-0.713438,
		1,
	},
	[2.1] = {
		0.550507,
		-0.822182,
		0.14477,
		0,
		0.807275,
		0.480084,
		-0.343258,
		0,
		0.212719,
		0.305835,
		0.928017,
		0,
		-0.476518,
		0.933153,
		-0.778067,
		1,
	},
	[2.23333333333] = {
		0.394313,
		-0.912682,
		-0.107369,
		0,
		0.572859,
		0.335476,
		-0.747856,
		0,
		0.718575,
		0.233382,
		0.655121,
		0,
		-0.508663,
		0.90097,
		-0.677606,
		1,
	},
	[2.26666666667] = {
		0.354392,
		-0.924346,
		-0.141388,
		0,
		0.489593,
		0.312238,
		-0.814129,
		0,
		0.796684,
		0.219298,
		0.563208,
		0,
		-0.513046,
		0.89629,
		-0.710808,
		1,
	},
	[2.2] = {
		0.437696,
		-0.89686,
		-0.063746,
		0,
		0.65085,
		0.364954,
		-0.665734,
		0,
		0.620335,
		0.2499,
		0.743461,
		0,
		-0.504224,
		0.907423,
		-0.687713,
		1,
	},
	[2.33333333333] = {
		0.294034,
		-0.934829,
		-0.199092,
		0,
		0.326112,
		0.293923,
		-0.898476,
		0,
		0.89844,
		0.199256,
		0.391283,
		0,
		-0.521196,
		0.898068,
		-0.796193,
		1,
	},
	[2.36666666667] = {
		0.276364,
		-0.934192,
		-0.225626,
		0,
		0.254027,
		0.297428,
		-0.92033,
		0,
		0.926873,
		0.197031,
		0.319508,
		0,
		-0.524921,
		0.900905,
		-0.766767,
		1,
	},
	[2.3] = {
		0.320389,
		-0.931736,
		-0.170935,
		0,
		0.405883,
		0.298067,
		-0.863953,
		0,
		0.855926,
		0.207421,
		0.473674,
		0,
		-0.517231,
		0.895367,
		-0.769007,
		1,
	},
	[2.43333333333] = {
		0.255917,
		-0.930289,
		-0.262809,
		0,
		0.169129,
		0.310757,
		-0.935321,
		0,
		0.951789,
		0.194916,
		0.236867,
		0,
		-0.531635,
		0.89956,
		-0.719602,
		1,
	},
	[2.46666666667] = {
		0.249818,
		-0.928504,
		-0.27472,
		0,
		0.158931,
		0.319187,
		-0.93427,
		0,
		0.95516,
		0.189736,
		0.227307,
		0,
		-0.5346,
		0.896822,
		-0.706273,
		1,
	},
	[2.4] = {
		0.264708,
		-0.932067,
		-0.247348,
		0,
		0.199676,
		0.303916,
		-0.931538,
		0,
		0.943429,
		0.197197,
		0.266561,
		0,
		-0.528403,
		0.901367,
		-0.733376,
		1,
	},
	[2.53333333333] = {
		0.244529,
		-0.925129,
		-0.290416,
		0,
		0.183641,
		0.338274,
		-0.922955,
		0,
		0.952093,
		0.172357,
		0.25261,
		0,
		-0.539656,
		0.889765,
		-0.681895,
		1,
	},
	[2.56666666667] = {
		0.244589,
		-0.923617,
		-0.295139,
		0,
		0.210204,
		0.347653,
		-0.913757,
		0,
		0.946568,
		0.161456,
		0.27918,
		0,
		-0.541713,
		0.885997,
		-0.671328,
		1,
	},
	[2.5] = {
		0.246138,
		-0.92677,
		-0.283749,
		0,
		0.165148,
		0.328577,
		-0.929927,
		0,
		0.955061,
		0.182029,
		0.233929,
		0,
		-0.537279,
		0.893462,
		-0.693625,
		1,
	},
	[2.63333333333] = {
		0.247849,
		-0.921146,
		-0.300101,
		0,
		0.270913,
		0.363306,
		-0.891412,
		0,
		0.930149,
		0.139634,
		0.339595,
		0,
		-0.544801,
		0.879189,
		-0.654671,
		1,
	},
	[2.66666666667] = {
		0.250003,
		-0.920289,
		-0.300943,
		0,
		0.297085,
		0.368729,
		-0.880783,
		0,
		0.921542,
		0.130792,
		0.365587,
		0,
		-0.545798,
		0.876578,
		-0.649091,
		1,
	},
	[2.6] = {
		0.245863,
		-0.922274,
		-0.298263,
		0,
		0.240652,
		0.356154,
		-0.902907,
		0,
		0.938956,
		0.150213,
		0.309512,
		0,
		-0.543434,
		0.882397,
		-0.662169,
		1,
	},
	[2.73333333333] = {
		0.252463,
		-0.919655,
		-0.300828,
		0,
		0.322376,
		0.373081,
		-0.869991,
		0,
		0.912325,
		0.122661,
		0.390664,
		0,
		-0.546616,
		0.873948,
		-0.644719,
		1,
	},
	[2.76666666667] = {
		0.252463,
		-0.919765,
		-0.30049,
		0,
		0.322376,
		0.372761,
		-0.870128,
		0,
		0.912325,
		0.122804,
		0.390619,
		0,
		-0.546616,
		0.87371,
		-0.64504,
		1,
	},
	[2.7] = {
		0.251744,
		-0.919768,
		-0.301085,
		0,
		0.315446,
		0.372097,
		-0.872947,
		0,
		0.914942,
		0.124783,
		0.383811,
		0,
		-0.546409,
		0.874764,
		-0.645687,
		1,
	},
	[2.8] = {
		0.252463,
		-0.919867,
		-0.300179,
		0,
		0.322376,
		0.372467,
		-0.870254,
		0,
		0.912325,
		0.122936,
		0.390577,
		0,
		-0.546616,
		0.873493,
		-0.645335,
		1,
	},
}

return spline_matrices
