-- chunkname: @content/characters/player/ogryn/first_person/animations/2h_axe/attack_down_left.lua

local spline_matrices = {
	[0.0166666666667] = {
		-0.136771,
		-0.068439,
		-0.988236,
		0,
		0.984202,
		0.103823,
		-0.143404,
		0,
		0.112416,
		-0.992237,
		0.053158,
		0,
		0.879755,
		0.205061,
		-0.485305,
		1,
	},
	[0.0333333333333] = {
		-0.108611,
		-0.045779,
		-0.99303,
		0,
		0.988321,
		0.102429,
		-0.112818,
		0,
		0.106879,
		-0.993685,
		0.03412,
		0,
		0.860519,
		0.238267,
		-0.383864,
		1,
	},
	[0.05] = {
		-0.08037,
		-0.009999,
		-0.996715,
		0,
		0.991642,
		0.100445,
		-0.080968,
		0,
		0.100925,
		-0.994891,
		0.001842,
		0,
		0.831061,
		0.288896,
		-0.284799,
		1,
	},
	[0.0666666666667] = {
		-0.052873,
		0.035227,
		-0.99798,
		0,
		0.993959,
		0.098096,
		-0.049198,
		0,
		0.096165,
		-0.994552,
		-0.040201,
		0,
		0.793491,
		0.35284,
		-0.190172,
		1,
	},
	[0.0833333333333] = {
		-0.0271,
		0.086107,
		-0.995917,
		0,
		0.995241,
		0.0956,
		-0.018816,
		0,
		0.09359,
		-0.991687,
		-0.088288,
		0,
		0.749928,
		0.425954,
		-0.101977,
		1,
	},
	[0] = {
		-0.164198,
		-0.074371,
		-0.98362,
		0,
		0.979645,
		0.10443,
		-0.171431,
		0,
		0.115469,
		-0.991746,
		0.05571,
		0,
		0.886645,
		0.19334,
		-0.586999,
		1,
	},
	[0.116666666667] = {
		0.01533,
		0.189286,
		-0.981802,
		0,
		0.995318,
		0.090822,
		0.033051,
		0,
		0.095425,
		-0.977711,
		-0.187008,
		0,
		0.650856,
		0.571942,
		0.053857,
		1,
	},
	[0.133333333333] = {
		0.030467,
		0.233888,
		-0.971786,
		0,
		0.994679,
		0.08862,
		0.052514,
		0,
		0.098402,
		-0.968215,
		-0.229944,
		0,
		0.595973,
		0.619887,
		0.127545,
		1,
	},
	[0.15] = {
		0.041131,
		0.268913,
		-0.962286,
		0,
		0.994033,
		0.086362,
		0.066622,
		0,
		0.101021,
		-0.959283,
		-0.263757,
		0,
		0.542159,
		0.652107,
		0.192496,
		1,
	},
	[0.166666666667] = {
		0.047396,
		0.290859,
		-0.955591,
		0,
		0.99368,
		0.083712,
		0.074765,
		0,
		0.101741,
		-0.953095,
		-0.285055,
		0,
		0.493668,
		0.672755,
		0.242213,
		1,
	},
	[0.183333333333] = {
		0.049045,
		0.29579,
		-0.953993,
		0,
		0.99371,
		0.081811,
		0.076453,
		0,
		0.100661,
		-0.951741,
		-0.289918,
		0,
		0.453044,
		0.696456,
		0.269556,
		1,
	},
	[0.1] = {
		-0.004062,
		0.138758,
		-0.990318,
		0,
		0.995611,
		0.093142,
		0.008967,
		0,
		0.093484,
		-0.985935,
		-0.138527,
		0,
		0.702516,
		0.504076,
		-0.022142,
		1,
	},
	[0.216666666667] = {
		0.038262,
		0.237061,
		-0.970741,
		0,
		0.994804,
		0.082676,
		0.0594,
		0,
		0.094338,
		-0.967969,
		-0.232666,
		0,
		0.393333,
		0.794935,
		0.26534,
		1,
	},
	[0.233333333333] = {
		0.028031,
		0.184217,
		-0.982486,
		0,
		0.99568,
		0.081881,
		0.04376,
		0,
		0.088508,
		-0.979467,
		-0.181126,
		0,
		0.365061,
		0.848176,
		0.255035,
		1,
	},
	[0.25] = {
		0.014941,
		0.113249,
		-0.993454,
		0,
		0.996574,
		0.079131,
		0.024008,
		0,
		0.081332,
		-0.990409,
		-0.111679,
		0,
		0.334991,
		0.897658,
		0.242397,
		1,
	},
	[0.266666666667] = {
		-0.001016,
		0.019536,
		-0.999809,
		0,
		0.997271,
		0.073815,
		0.000429,
		0,
		0.073809,
		-0.997079,
		-0.019557,
		0,
		0.302072,
		0.941551,
		0.227342,
		1,
	},
	[0.283333333333] = {
		-0.019579,
		-0.100868,
		-0.994707,
		0,
		0.997504,
		0.06553,
		-0.026279,
		0,
		0.067834,
		-0.992738,
		0.099334,
		0,
		0.265019,
		0.978108,
		0.20979,
		1,
	},
	[0.2] = {
		0.045663,
		0.2765,
		-0.959928,
		0,
		0.994103,
		0.08203,
		0.070916,
		0,
		0.098351,
		-0.957505,
		-0.271124,
		0,
		0.420869,
		0.739779,
		0.273404,
		1,
	},
	[0.316666666667] = {
		-0.063753,
		-0.486043,
		-0.871606,
		0,
		0.995174,
		0.03431,
		-0.091924,
		0,
		0.074584,
		-0.873259,
		0.481512,
		0,
		0.17239,
		1.073646,
		0.131544,
		1,
	},
	[0.333333333333] = {
		-0.075001,
		-0.772858,
		-0.63013,
		0,
		0.991361,
		0.010391,
		-0.130742,
		0,
		0.107593,
		-0.634491,
		0.765404,
		0,
		0.100122,
		1.116304,
		0.015455,
		1,
	},
	[0.35] = {
		-0.042937,
		-0.964302,
		-0.261294,
		0,
		0.987067,
		-0.000514,
		-0.160303,
		0,
		0.154447,
		-0.264797,
		0.951855,
		0,
		0.023888,
		1.11383,
		-0.232493,
		1,
	},
	[0.366666666667] = {
		0.030652,
		-0.993056,
		0.113565,
		0,
		0.982671,
		0.009161,
		-0.185129,
		0,
		0.182803,
		0.117272,
		0.97613,
		0,
		-0.041354,
		1.062552,
		-0.487154,
		1,
	},
	[0.383333333333] = {
		0.118199,
		-0.901629,
		0.416042,
		0,
		0.977389,
		0.031663,
		-0.209061,
		0,
		0.175323,
		0.431346,
		0.884987,
		0,
		-0.074449,
		0.978544,
		-0.674261,
		1,
	},
	[0.3] = {
		-0.039631,
		-0.250012,
		-0.967431,
		0,
		0.997033,
		0.054029,
		-0.054806,
		0,
		0.065971,
		-0.966732,
		0.247129,
		0,
		0.225909,
		1.02095,
		0.180266,
		1,
	},
	[0.416666666667] = {
		0.240094,
		-0.517425,
		0.821356,
		0,
		0.968609,
		0.071541,
		-0.238071,
		0,
		0.064423,
		0.852731,
		0.51836,
		0,
		-0.075046,
		0.856641,
		-0.735322,
		1,
	},
	[0.433333333333] = {
		0.258165,
		-0.268115,
		0.928151,
		0,
		0.966044,
		0.081939,
		-0.245035,
		0,
		-0.010354,
		0.959894,
		0.280165,
		0,
		-0.070006,
		0.818105,
		-0.701811,
		1,
	},
	[0.45] = {
		0.252771,
		-0.035573,
		0.966872,
		0,
		0.964402,
		0.089489,
		-0.248834,
		0,
		-0.077673,
		0.995351,
		0.056927,
		0,
		-0.064862,
		0.792731,
		-0.679134,
		1,
	},
	[0.466666666667] = {
		0.236096,
		0.171353,
		0.956502,
		0,
		0.962941,
		0.090823,
		-0.253957,
		0,
		-0.130389,
		0.981013,
		-0.14356,
		0,
		-0.060738,
		0.762962,
		-0.676871,
		1,
	},
	[0.483333333333] = {
		0.219142,
		0.376591,
		0.900086,
		0,
		0.95965,
		0.083405,
		-0.26854,
		0,
		-0.176201,
		0.922615,
		-0.343119,
		0,
		-0.057758,
		0.716834,
		-0.707747,
		1,
	},
	[0.4] = {
		0.193883,
		-0.734972,
		0.649787,
		0,
		0.972158,
		0.055095,
		-0.227754,
		0,
		0.131593,
		0.675853,
		0.725193,
		0,
		-0.078781,
		0.902799,
		-0.763794,
		1,
	},
	[0.516666666667] = {
		0.192097,
		0.693331,
		0.694543,
		0,
		0.937158,
		0.080442,
		-0.339502,
		0,
		-0.291258,
		0.716113,
		-0.634309,
		0,
		-0.051638,
		0.641767,
		-0.797217,
		1,
	},
	[0.533333333333] = {
		0.178895,
		0.776695,
		0.603937,
		0,
		0.921968,
		0.08195,
		-0.378493,
		0,
		-0.343467,
		0.62452,
		-0.701429,
		0,
		-0.045923,
		0.614713,
		-0.843825,
		1,
	},
	[0.55] = {
		0.171306,
		0.809685,
		0.561304,
		0,
		0.912417,
		0.084551,
		-0.400431,
		0,
		-0.371683,
		0.580739,
		-0.724288,
		0,
		-0.037311,
		0.591799,
		-0.883526,
		1,
	},
	[0.566666666667] = {
		0.167795,
		0.815867,
		0.553357,
		0,
		0.909163,
		0.088945,
		-0.406828,
		0,
		-0.381137,
		0.571355,
		-0.726834,
		0,
		-0.028374,
		0.571115,
		-0.918604,
		1,
	},
	[0.583333333333] = {
		0.162889,
		0.819596,
		0.549296,
		0,
		0.907618,
		0.093845,
		-0.409171,
		0,
		-0.386904,
		0.5652,
		-0.728596,
		0,
		-0.020537,
		0.551397,
		-0.953973,
		1,
	},
	[0.5] = {
		0.205407,
		0.558915,
		0.803381,
		0,
		0.95118,
		0.079203,
		-0.298299,
		0,
		-0.230354,
		0.825432,
		-0.515361,
		0,
		-0.055029,
		0.674487,
		-0.750551,
		1,
	},
	[0.616666666667] = {
		0.10243,
		0.808357,
		0.579712,
		0,
		0.91556,
		0.151238,
		-0.372661,
		0,
		-0.388918,
		0.568931,
		-0.724609,
		0,
		0.015554,
		0.470908,
		-1.046346,
		1,
	},
	[0.633333333333] = {
		0.043028,
		0.788769,
		0.61318,
		0,
		0.92102,
		0.206503,
		-0.330267,
		0,
		-0.387128,
		0.578962,
		-0.717589,
		0,
		0.04781,
		0.404965,
		-1.098796,
		1,
	},
	[0.65] = {
		-0.028603,
		0.75893,
		0.650542,
		0,
		0.922222,
		0.271089,
		-0.275709,
		0,
		-0.385599,
		0.592057,
		-0.707658,
		0,
		0.087983,
		0.326435,
		-1.153156,
		1,
	},
	[0.666666666667] = {
		-0.106338,
		0.719471,
		0.686332,
		0,
		0.916571,
		0.338514,
		-0.212849,
		0,
		-0.385472,
		0.606437,
		-0.695445,
		0,
		0.13482,
		0.23874,
		-1.211924,
		1,
	},
	[0.683333333333] = {
		-0.184385,
		0.670836,
		0.718317,
		0,
		0.90394,
		0.402674,
		-0.144025,
		0,
		-0.385865,
		0.622759,
		-0.680645,
		0,
		0.185211,
		0.144177,
		-1.271049,
		1,
	},
	[0.6] = {
		0.144156,
		0.818266,
		0.556468,
		0,
		0.909744,
		0.111662,
		-0.39987,
		0,
		-0.389337,
		0.563886,
		-0.728318,
		0,
		-0.007552,
		0.520923,
		-0.995549,
		1,
	},
	[0.716666666667] = {
		-0.322569,
		0.556983,
		0.765322,
		0,
		0.866932,
		0.498416,
		0.00266,
		0,
		-0.379968,
		0.66434,
		-0.643643,
		0,
		0.282437,
		-0.054855,
		-1.374432,
		1,
	},
	[0.733333333333] = {
		-0.374646,
		0.503505,
		0.778539,
		0,
		0.850425,
		0.521114,
		0.072218,
		0,
		-0.369346,
		0.689144,
		-0.623428,
		0,
		0.324387,
		-0.152554,
		-1.410821,
		1,
	},
	[0.75] = {
		-0.411291,
		0.461324,
		0.786142,
		0,
		0.841728,
		0.523168,
		0.133366,
		0,
		-0.349759,
		0.716569,
		-0.603486,
		0,
		0.358614,
		-0.244489,
		-1.431804,
		1,
	},
	[0.766666666667] = {
		-0.438254,
		0.432971,
		0.787698,
		0,
		0.844065,
		0.499507,
		0.195053,
		0,
		-0.309009,
		0.750351,
		-0.584368,
		0,
		0.374325,
		-0.339545,
		-1.434361,
		1,
	},
	[0.783333333333] = {
		-0.462754,
		0.41566,
		0.782997,
		0,
		0.853168,
		0.448699,
		0.266029,
		0,
		-0.240753,
		0.791133,
		-0.562267,
		0,
		0.366382,
		-0.44594,
		-1.420588,
		1,
	},
	[0.7] = {
		-0.25795,
		0.614908,
		0.745217,
		0,
		0.886289,
		0.457676,
		-0.070866,
		0,
		-0.384644,
		0.642197,
		-0.663046,
		0,
		0.235229,
		0.045187,
		-1.326533,
		1,
	},
	[0.816666666667] = {
		-0.501393,
		0.407922,
		0.763023,
		0,
		0.863984,
		0.283141,
		0.416366,
		0,
		-0.046198,
		0.868002,
		-0.494405,
		0,
		0.303543,
		-0.674983,
		-1.359342,
		1,
	},
	[0.833333333333] = {
		-0.513894,
		0.413715,
		0.7515,
		0,
		0.855374,
		0.180573,
		0.485518,
		0,
		0.065165,
		0.892317,
		-0.446677,
		0,
		0.260626,
		-0.78876,
		-1.31959,
		1,
	},
	[0.85] = {
		-0.521011,
		0.423031,
		0.741344,
		0,
		0.83547,
		0.074935,
		0.544402,
		0,
		0.174747,
		0.903009,
		-0.392473,
		0,
		0.21801,
		-0.896142,
		-1.27896,
		1,
	},
	[0.866666666667] = {
		-0.522487,
		0.433419,
		0.734271,
		0,
		0.80724,
		-0.025829,
		0.589657,
		0,
		0.274534,
		0.90082,
		-0.336379,
		0,
		0.181659,
		-0.992727,
		-1.241406,
		1,
	},
	[0.883333333333] = {
		-0.51843,
		0.44224,
		0.731883,
		0,
		0.776662,
		-0.114608,
		0.619403,
		0,
		0.357804,
		0.889542,
		-0.284055,
		0,
		0.157526,
		-1.074128,
		-1.210924,
		1,
	},
	[0.8] = {
		-0.484083,
		0.4079,
		0.774132,
		0,
		0.861921,
		0.374794,
		0.341496,
		0,
		-0.150844,
		0.832553,
		-0.53301,
		0,
		0.34079,
		-0.559233,
		-1.3943,
		1,
	},
	[0.916666666667] = {
		-0.49577,
		0.443781,
		0.746504,
		0,
		0.739907,
		-0.234207,
		0.630622,
		0,
		0.454695,
		0.864986,
		-0.212244,
		0,
		0.169684,
		-1.173929,
		-1.187333,
		1,
	},
	[0.933333333333] = {
		-0.480129,
		0.436148,
		0.761085,
		0,
		0.737029,
		-0.269906,
		0.619627,
		0,
		0.475671,
		0.858442,
		-0.191864,
		0,
		0.201373,
		-1.198056,
		-1.191875,
		1,
	},
	[0.95] = {
		-0.464151,
		0.428543,
		0.775186,
		0,
		0.733298,
		-0.304975,
		0.60767,
		0,
		0.496825,
		0.850493,
		-0.172696,
		0,
		0.231984,
		-1.221217,
		-1.19605,
		1,
	},
	[0.966666666667] = {
		-0.448031,
		0.421016,
		0.788678,
		0,
		0.728749,
		-0.339024,
		0.594967,
		0,
		0.517872,
		0.841311,
		-0.154922,
		0,
		0.261306,
		-1.243263,
		-1.199881,
		1,
	},
	[0.983333333333] = {
		-0.43198,
		0.413619,
		0.801443,
		0,
		0.723459,
		-0.371683,
		0.581771,
		0,
		0.538514,
		0.831124,
		-0.138677,
		0,
		0.28913,
		-1.264043,
		-1.203395,
		1,
	},
	[0.9] = {
		-0.509286,
		0.446689,
		0.735592,
		0,
		0.751529,
		-0.185628,
		0.633044,
		0,
		0.419321,
		0.875219,
		-0.241163,
		0,
		0.151554,
		-1.135978,
		-1.191545,
		1,
	},
	[1.01666666667] = {
		-0.401032,
		0.399451,
		0.824385,
		0,
		0.711198,
		-0.431442,
		0.555026,
		0,
		0.57738,
		0.808884,
		-0.111067,
		0,
		0.339463,
		-1.301199,
		-1.20959,
		1,
	},
	[1.03333333333] = {
		-0.386654,
		0.392879,
		0.834352,
		0,
		0.704614,
		-0.457844,
		0.542122,
		0,
		0.594992,
		0.79751,
		-0.099801,
		0,
		0.361609,
		-1.317367,
		-1.212217,
		1,
	},
	[1.05] = {
		-0.373363,
		0.386866,
		0.843169,
		0,
		0.698042,
		-0.481478,
		0.530014,
		0,
		0.611012,
		0.786454,
		-0.090283,
		0,
		0.381485,
		-1.331883,
		-1.214391,
		1,
	},
	[1.06666666667] = {
		-0.36143,
		0.381526,
		0.850768,
		0,
		0.691747,
		-0.502084,
		0.519034,
		0,
		0.625182,
		0.776109,
		-0.082452,
		0,
		0.398895,
		-1.344622,
		-1.216106,
		1,
	},
	[1.08333333333] = {
		-0.351128,
		0.376981,
		0.857084,
		0,
		0.686009,
		-0.519418,
		0.509505,
		0,
		0.637259,
		0.766868,
		-0.07623,
		0,
		0.413643,
		-1.355458,
		-1.217354,
		1,
	},
	{
		-0.41623,
		0.406411,
		0.813377,
		0,
		0.717552,
		-0.402601,
		0.568358,
		0,
		0.558454,
		0.820207,
		-0.124047,
		0,
		0.315244,
		-1.283407,
		-1.206621,
		1,
	},
	[1.11666666667] = {
		-0.336482,
		0.370766,
		0.865628,
		0,
		0.677317,
		-0.543338,
		0.496007,
		0,
		0.654232,
		0.753202,
		-0.068303,
		0,
		0.434367,
		-1.370922,
		-1.218419,
		1,
	},
	[1.13333333333] = {
		-0.332648,
		0.369338,
		0.867718,
		0,
		0.67488,
		-0.549444,
		0.492591,
		0,
		0.658696,
		0.749464,
		-0.066488,
		0,
		0.439953,
		-1.375297,
		-1.218221,
		1,
	},
	[1.15] = {
		-0.331453,
		0.369183,
		0.868241,
		0,
		0.674002,
		-0.551299,
		0.49172,
		0,
		0.660195,
		0.748178,
		-0.0661,
		0,
		0.442094,
		-1.377265,
		-1.217526,
		1,
	},
	[1.16666666667] = {
		-0.33164,
		0.369672,
		0.867961,
		0,
		0.673958,
		-0.550951,
		0.492169,
		0,
		0.660147,
		0.748192,
		-0.066426,
		0,
		0.442426,
		-1.377954,
		-1.216626,
		1,
	},
	[1.18333333333] = {
		-0.331805,
		0.370112,
		0.867711,
		0,
		0.673913,
		-0.550647,
		0.492572,
		0,
		0.66011,
		0.748199,
		-0.066716,
		0,
		0.442713,
		-1.378571,
		-1.215822,
		1,
	},
	[1.1] = {
		-0.342725,
		0.373353,
		0.862059,
		0,
		0.681109,
		-0.533247,
		0.501733,
		0,
		0.647015,
		0.759112,
		-0.071537,
		0,
		0.425532,
		-1.364267,
		-1.218127,
		1,
	},
	[1.21666666667] = {
		-0.332072,
		0.370832,
		0.867301,
		0,
		0.673825,
		-0.550165,
		0.49323,
		0,
		0.660065,
		0.748197,
		-0.067182,
		0,
		0.443159,
		-1.379582,
		-1.214512,
		1,
	},
	[1.23333333333] = {
		-0.332173,
		0.371109,
		0.867144,
		0,
		0.673787,
		-0.549987,
		0.493482,
		0,
		0.660054,
		0.74819,
		-0.067358,
		0,
		0.443321,
		-1.379971,
		-1.214011,
		1,
	},
	[1.25] = {
		-0.332251,
		0.371328,
		0.86702,
		0,
		0.673753,
		-0.549849,
		0.493681,
		0,
		0.660048,
		0.748183,
		-0.067496,
		0,
		0.443444,
		-1.380278,
		-1.213617,
		1,
	},
	[1.26666666667] = {
		-0.332308,
		0.371487,
		0.86693,
		0,
		0.673728,
		-0.549751,
		0.493825,
		0,
		0.660046,
		0.748176,
		-0.067595,
		0,
		0.44353,
		-1.3805,
		-1.213333,
		1,
	},
	[1.28333333333] = {
		-0.332342,
		0.371584,
		0.866876,
		0,
		0.673711,
		-0.549693,
		0.493913,
		0,
		0.660046,
		0.748171,
		-0.067655,
		0,
		0.443581,
		-1.380636,
		-1.21316,
		1,
	},
	[1.2] = {
		-0.33195,
		0.370499,
		0.86749,
		0,
		0.673868,
		-0.550385,
		0.492926,
		0,
		0.660083,
		0.7482,
		-0.066968,
		0,
		0.442957,
		-1.379115,
		-1.215116,
		1,
	},
	[1.3] = {
		-0.332353,
		0.371617,
		0.866857,
		0,
		0.673705,
		-0.549673,
		0.493942,
		0,
		0.660046,
		0.748169,
		-0.067675,
		0,
		0.443598,
		-1.380682,
		-1.213102,
		1,
	},
}

return spline_matrices
