-- chunkname: @content/characters/player/ogryn/first_person/animations/2h_axe/heavy_attack_right.lua

local spline_matrices = {
	[0.0166666666667] = {
		0.697949,
		-0.662414,
		-0.272167,
		0,
		0.108516,
		-0.277831,
		0.954481,
		0,
		-0.707878,
		-0.695714,
		-0.122029,
		0,
		-0.303929,
		0.835043,
		-0.257307,
		1,
	},
	[0.0333333333333] = {
		0.58923,
		-0.783819,
		-0.19605,
		0,
		0.06031,
		-0.199302,
		0.97808,
		0,
		-0.805711,
		-0.588139,
		-0.070162,
		0,
		-0.233814,
		0.872454,
		-0.253459,
		1,
	},
	[0.05] = {
		0.391432,
		-0.913187,
		-0.113452,
		0,
		0.022135,
		-0.11391,
		0.993244,
		0,
		-0.91994,
		-0.391299,
		-0.024374,
		0,
		-0.136474,
		0.926399,
		-0.247939,
		1,
	},
	[0.0666666666667] = {
		0.120757,
		-0.990602,
		-0.064232,
		0,
		0.011132,
		-0.063351,
		0.997929,
		0,
		-0.992619,
		-0.121222,
		0.003377,
		0,
		-0.027827,
		0.989829,
		-0.241422,
		1,
	},
	[0.0833333333333] = {
		-0.172291,
		-0.983063,
		-0.06248,
		0,
		0.017349,
		-0.066447,
		0.997638,
		0,
		-0.984893,
		0.170801,
		0.028504,
		0,
		0.07649,
		1.055093,
		-0.234457,
		1,
	},
	[0] = {
		0.731073,
		-0.6109,
		-0.303865,
		0,
		0.131761,
		-0.310566,
		0.941375,
		0,
		-0.669456,
		-0.728252,
		-0.146553,
		0,
		-0.330829,
		0.821009,
		-0.258747,
		1,
	},
	[0.116666666667] = {
		-0.707795,
		-0.702703,
		-0.072354,
		0,
		0.006888,
		-0.109285,
		0.993986,
		0,
		-0.706384,
		0.703041,
		0.082192,
		0,
		0.183981,
		1.173624,
		-0.200182,
		1,
	},
	[0.133333333333] = {
		-0.919048,
		-0.393713,
		-0.018447,
		0,
		0.015067,
		-0.081863,
		0.996529,
		0,
		-0.393857,
		0.915581,
		0.081168,
		0,
		0.234314,
		1.207187,
		-0.175611,
		1,
	},
	[0.15] = {
		-0.998051,
		-0.053965,
		0.031337,
		0,
		0.036261,
		-0.09284,
		0.99502,
		0,
		-0.050787,
		0.994218,
		0.094616,
		0,
		0.456646,
		0.936259,
		-0.215002,
		1,
	},
	[0.166666666667] = {
		-0.975791,
		0.201638,
		0.084696,
		0,
		0.065344,
		-0.100778,
		0.99276,
		0,
		0.208713,
		0.974262,
		0.085162,
		0,
		0.644767,
		0.601704,
		-0.28422,
		1,
	},
	[0.183333333333] = {
		-0.940289,
		0.31448,
		0.130227,
		0,
		0.098147,
		-0.115847,
		0.988406,
		0,
		0.32592,
		0.942169,
		0.078064,
		0,
		0.697958,
		0.483365,
		-0.331675,
		1,
	},
	[0.1] = {
		-0.431999,
		-0.898169,
		-0.081667,
		0,
		0.024883,
		-0.102389,
		0.994433,
		0,
		-0.90153,
		0.427563,
		0.066581,
		0,
		0.161248,
		1.113759,
		-0.22744,
		1,
	},
	[0.216666666667] = {
		-0.856612,
		0.472127,
		0.208113,
		0,
		0.139417,
		-0.176547,
		0.974368,
		0,
		0.496767,
		0.863671,
		0.085409,
		0,
		0.761408,
		0.2343,
		-0.426799,
		1,
	},
	[0.233333333333] = {
		-0.808526,
		0.533316,
		0.248714,
		0,
		0.153749,
		-0.216521,
		0.964095,
		0,
		0.568019,
		0.817736,
		0.093066,
		0,
		0.776924,
		0.104345,
		-0.476958,
		1,
	},
	[0.25] = {
		-0.754112,
		0.589032,
		0.290441,
		0,
		0.166062,
		-0.25685,
		0.952077,
		0,
		0.635403,
		0.766205,
		0.095878,
		0,
		0.785345,
		-0.025485,
		-0.528017,
		1,
	},
	[0.266666666667] = {
		-0.688715,
		0.644724,
		0.331666,
		0,
		0.178286,
		-0.292808,
		0.939402,
		0,
		0.702769,
		0.706113,
		0.086716,
		0,
		0.790311,
		-0.153486,
		-0.57953,
		1,
	},
	[0.283333333333] = {
		-0.604181,
		0.704701,
		0.371971,
		0,
		0.184079,
		-0.330746,
		0.925592,
		0,
		0.775293,
		0.627698,
		0.070109,
		0,
		0.787826,
		-0.278321,
		-0.632996,
		1,
	},
	[0.2] = {
		-0.901376,
		0.398972,
		0.168351,
		0,
		0.120946,
		-0.14135,
		0.982543,
		0,
		0.415804,
		0.906003,
		0.079156,
		0,
		0.735224,
		0.363017,
		-0.377789,
		1,
	},
	[0.316666666667] = {
		-0.399071,
		0.817589,
		0.415078,
		0,
		0.161134,
		-0.38311,
		0.909539,
		0,
		0.90265,
		0.429855,
		0.021147,
		0,
		0.749632,
		-0.512977,
		-0.745005,
		1,
	},
	[0.333333333333] = {
		-0.30679,
		0.858575,
		0.410766,
		0,
		0.153283,
		-0.381374,
		0.911623,
		0,
		0.939353,
		0.342641,
		-0.014603,
		0,
		0.719399,
		-0.619149,
		-0.799659,
		1,
	},
	[0.35] = {
		-0.237131,
		0.884795,
		0.401132,
		0,
		0.165842,
		-0.369979,
		0.914118,
		0,
		0.957217,
		0.283291,
		-0.059003,
		0,
		0.685812,
		-0.714809,
		-0.850834,
		1,
	},
	[0.366666666667] = {
		-0.195566,
		0.894667,
		0.401653,
		0,
		0.208935,
		-0.362149,
		0.908402,
		0,
		0.958175,
		0.261572,
		-0.116103,
		0,
		0.652405,
		-0.797476,
		-0.896568,
		1,
	},
	[0.383333333333] = {
		-0.171801,
		0.890794,
		0.42068,
		0,
		0.288976,
		-0.362674,
		0.885979,
		0,
		0.941794,
		0.273779,
		-0.19511,
		0,
		0.616063,
		-0.865419,
		-0.940963,
		1,
	},
	[0.3] = {
		-0.503019,
		0.764662,
		0.402821,
		0,
		0.175885,
		-0.365758,
		0.913939,
		0,
		0.846189,
		0.530579,
		0.049491,
		0,
		0.773338,
		-0.398722,
		-0.688821,
		1,
	},
	[0.416666666667] = {
		-0.130536,
		0.855925,
		0.500353,
		0,
		0.526358,
		-0.367848,
		0.766574,
		0,
		0.840183,
		0.363431,
		-0.402505,
		0,
		0.523988,
		-0.950112,
		-1.038076,
		1,
	},
	[0.433333333333] = {
		-0.107594,
		0.825912,
		0.553437,
		0,
		0.655775,
		-0.359443,
		0.663897,
		0,
		0.747249,
		0.434363,
		-0.502938,
		0,
		0.471639,
		-0.963031,
		-1.088123,
		1,
	},
	[0.45] = {
		-0.081687,
		0.788466,
		0.609629,
		0,
		0.773695,
		-0.335419,
		0.537485,
		0,
		0.62827,
		0.515573,
		-0.582632,
		0,
		0.41797,
		-0.965185,
		-1.137356,
		1,
	},
	[0.466666666667] = {
		-0.053322,
		0.745088,
		0.664831,
		0,
		0.869431,
		-0.292835,
		0.397916,
		0,
		0.491168,
		0.599243,
		-0.632188,
		0,
		0.365403,
		-0.967286,
		-1.184422,
		1,
	},
	[0.483333333333] = {
		-0.02387,
		0.698103,
		0.715599,
		0,
		0.93743,
		-0.233076,
		0.258648,
		0,
		0.347352,
		0.676999,
		-0.648859,
		0,
		0.31577,
		-0.969254,
		-1.227968,
		1,
	},
	[0.4] = {
		-0.151238,
		0.877696,
		0.454727,
		0,
		0.399263,
		-0.366586,
		0.840359,
		0,
		0.904276,
		0.30865,
		-0.29499,
		0,
		0.572693,
		-0.916936,
		-0.988574,
		1,
	},
	[0.516666666667] = {
		0.030227,
		0.606446,
		0.794549,
		0,
		0.995588,
		-0.088904,
		0.029981,
		0,
		0.088821,
		0.790139,
		-0.606458,
		0,
		0.232632,
		-0.972526,
		-1.299066,
		1,
	},
	[0.533333333333] = {
		0.050584,
		0.569695,
		0.820298,
		0,
		0.998706,
		-0.024641,
		-0.044472,
		0,
		-0.005122,
		0.821487,
		-0.570204,
		0,
		0.202785,
		-0.973728,
		-1.323888,
		1,
	},
	[0.55] = {
		0.063964,
		0.544658,
		0.836215,
		0,
		0.995807,
		0.020071,
		-0.089245,
		0,
		-0.065392,
		0.838419,
		-0.54109,
		0,
		0.183192,
		-0.974591,
		-1.339737,
		1,
	},
	[0.566666666667] = {
		0.068959,
		0.535446,
		0.841749,
		0,
		0.993903,
		0.03588,
		-0.104248,
		0,
		-0.086021,
		0.843807,
		-0.529707,
		0,
		0.175679,
		-0.975095,
		-1.345245,
		1,
	},
	[0.583333333333] = {
		0.06943,
		0.53542,
		0.841727,
		0,
		0.993977,
		0.034579,
		-0.103984,
		0,
		-0.084781,
		0.843878,
		-0.529794,
		0,
		0.174771,
		-0.975424,
		-1.345125,
		1,
	},
	[0.5] = {
		0.004708,
		0.650635,
		0.759376,
		0,
		0.977819,
		-0.162008,
		0.132747,
		0,
		0.209395,
		0.741908,
		-0.636966,
		0,
		0.270903,
		-0.971019,
		-1.266637,
		1,
	},
	[0.616666666667] = {
		0.070524,
		0.535378,
		0.841663,
		0,
		0.994113,
		0.031844,
		-0.103554,
		0,
		-0.082242,
		0.844012,
		-0.529981,
		0,
		0.172694,
		-0.976139,
		-1.344875,
		1,
	},
	[0.633333333333] = {
		0.071144,
		0.535363,
		0.84162,
		0,
		0.994175,
		0.030421,
		-0.103391,
		0,
		-0.080955,
		0.844075,
		-0.53008,
		0,
		0.171532,
		-0.976519,
		-1.344747,
		1,
	},
	[0.65] = {
		0.07181,
		0.535351,
		0.841571,
		0,
		0.994231,
		0.02897,
		-0.103264,
		0,
		-0.079663,
		0.844133,
		-0.530182,
		0,
		0.170293,
		-0.976913,
		-1.344619,
		1,
	},
	[0.666666666667] = {
		0.072519,
		0.535342,
		0.841516,
		0,
		0.994283,
		0.027495,
		-0.103175,
		0,
		-0.078372,
		0.844188,
		-0.530287,
		0,
		0.16898,
		-0.977318,
		-1.34449,
		1,
	},
	[0.683333333333] = {
		0.07327,
		0.535336,
		0.841455,
		0,
		0.994328,
		0.026003,
		-0.103125,
		0,
		-0.077087,
		0.844239,
		-0.530394,
		0,
		0.167598,
		-0.977732,
		-1.344362,
		1,
	},
	[0.6] = {
		0.069953,
		0.535397,
		0.841698,
		0,
		0.994047,
		0.033231,
		-0.103752,
		0,
		-0.083519,
		0.843947,
		-0.529885,
		0,
		0.173774,
		-0.975773,
		-1.345001,
		1,
	},
	[0.716666666667] = {
		0.074875,
		0.535333,
		0.841316,
		0,
		0.994402,
		0.02299,
		-0.103128,
		0,
		-0.07455,
		0.844329,
		-0.530614,
		0,
		0.164664,
		-0.978582,
		-1.344106,
		1,
	},
	[0.733333333333] = {
		0.075692,
		0.535335,
		0.841241,
		0,
		0.994434,
		0.021479,
		-0.103144,
		0,
		-0.073286,
		0.844367,
		-0.53073,
		0,
		0.163175,
		-0.979013,
		-1.343974,
		1,
	},
	[0.75] = {
		0.076507,
		0.535341,
		0.841164,
		0,
		0.994463,
		0.019974,
		-0.103162,
		0,
		-0.072029,
		0.8444,
		-0.530848,
		0,
		0.161686,
		-0.979448,
		-1.343837,
		1,
	},
	[0.766666666667] = {
		0.077319,
		0.535349,
		0.841084,
		0,
		0.99449,
		0.01848,
		-0.103184,
		0,
		-0.070782,
		0.844429,
		-0.53097,
		0,
		0.160204,
		-0.979882,
		-1.343698,
		1,
	},
	[0.783333333333] = {
		0.078124,
		0.535359,
		0.841003,
		0,
		0.994514,
		0.017002,
		-0.103207,
		0,
		-0.069552,
		0.844454,
		-0.531094,
		0,
		0.158734,
		-0.980316,
		-1.343556,
		1,
	},
	[0.7] = {
		0.074062,
		0.535333,
		0.841387,
		0,
		0.994367,
		0.0245,
		-0.103116,
		0,
		-0.075815,
		0.844286,
		-0.530503,
		0,
		0.166149,
		-0.978154,
		-1.344235,
		1,
	},
	[0.816666666667] = {
		0.079701,
		0.535388,
		0.840837,
		0,
		0.994554,
		0.01412,
		-0.103262,
		0,
		-0.067158,
		0.844489,
		-0.531346,
		0,
		0.155856,
		-0.981175,
		-1.343266,
		1,
	},
	[0.833333333333] = {
		0.080466,
		0.535406,
		0.840752,
		0,
		0.994569,
		0.012727,
		-0.103292,
		0,
		-0.066003,
		0.844499,
		-0.531474,
		0,
		0.154459,
		-0.981596,
		-1.34312,
		1,
	},
	[0.85] = {
		0.081212,
		0.535427,
		0.840667,
		0,
		0.994582,
		0.011373,
		-0.103324,
		0,
		-0.064883,
		0.844505,
		-0.531603,
		0,
		0.153097,
		-0.98201,
		-1.342973,
		1,
	},
	[0.866666666667] = {
		0.081935,
		0.535451,
		0.840582,
		0,
		0.994593,
		0.010064,
		-0.103358,
		0,
		-0.063803,
		0.844507,
		-0.531731,
		0,
		0.151777,
		-0.982415,
		-1.342826,
		1,
	},
	[0.883333333333] = {
		0.082633,
		0.535477,
		0.840497,
		0,
		0.994601,
		0.008807,
		-0.103394,
		0,
		-0.062767,
		0.844504,
		-0.531858,
		0,
		0.150504,
		-0.98281,
		-1.34268,
		1,
	},
	[0.8] = {
		0.078919,
		0.535372,
		0.840921,
		0,
		0.994535,
		0.015547,
		-0.103233,
		0,
		-0.068342,
		0.844473,
		-0.531219,
		0,
		0.157283,
		-0.980748,
		-1.343412,
		1,
	},
	[0.916666666667] = {
		0.083937,
		0.535539,
		0.840328,
		0,
		0.994611,
		0.006468,
		-0.10347,
		0,
		-0.060847,
		0.844486,
		-0.53211,
		0,
		0.148123,
		-0.983564,
		-1.342393,
		1,
	},
	[0.933333333333] = {
		0.084538,
		0.535574,
		0.840246,
		0,
		0.994613,
		0.005398,
		-0.10351,
		0,
		-0.059973,
		0.844471,
		-0.532233,
		0,
		0.147027,
		-0.98392,
		-1.342253,
		1,
	},
	[0.95] = {
		0.085101,
		0.535613,
		0.840164,
		0,
		0.994614,
		0.004401,
		-0.103551,
		0,
		-0.059161,
		0.844452,
		-0.532353,
		0,
		0.146001,
		-0.98426,
		-1.342116,
		1,
	},
	[0.966666666667] = {
		0.085622,
		0.535655,
		0.840085,
		0,
		0.994613,
		0.003485,
		-0.103594,
		0,
		-0.058418,
		0.84443,
		-0.532471,
		0,
		0.145052,
		-0.984582,
		-1.341982,
		1,
	},
	[0.983333333333] = {
		0.086099,
		0.5357,
		0.840007,
		0,
		0.994611,
		0.002653,
		-0.103637,
		0,
		-0.057747,
		0.844405,
		-0.532584,
		0,
		0.144185,
		-0.984885,
		-1.341853,
		1,
	},
	[0.9] = {
		0.083301,
		0.535507,
		0.840412,
		0,
		0.994607,
		0.007606,
		-0.103431,
		0,
		-0.06178,
		0.844497,
		-0.531985,
		0,
		0.149284,
		-0.983194,
		-1.342536,
		1,
	},
	[1.01666666667] = {
		0.086905,
		0.535801,
		0.83986,
		0,
		0.994605,
		0.00127,
		-0.103727,
		0,
		-0.056643,
		0.844344,
		-0.532799,
		0,
		0.142721,
		-0.985431,
		-1.341609,
		1,
	},
	[1.03333333333] = {
		0.087228,
		0.535857,
		0.839791,
		0,
		0.9946,
		0.000729,
		-0.103773,
		0,
		-0.05622,
		0.844309,
		-0.532899,
		0,
		0.142135,
		-0.985669,
		-1.341496,
		1,
	},
	[1.05] = {
		0.087495,
		0.535916,
		0.839725,
		0,
		0.994596,
		0.000296,
		-0.10382,
		0,
		-0.055887,
		0.844271,
		-0.532994,
		0,
		0.141655,
		-0.985884,
		-1.341389,
		1,
	},
	[1.06666666667] = {
		0.0877,
		0.53598,
		0.839663,
		0,
		0.994591,
		-2.3e-05,
		-0.103868,
		0,
		-0.055652,
		0.844231,
		-0.533082,
		0,
		0.141286,
		-0.986072,
		-1.34129,
		1,
	},
	[1.08333333333] = {
		0.087842,
		0.536047,
		0.839605,
		0,
		0.994586,
		-0.000222,
		-0.103916,
		0,
		-0.055518,
		0.844188,
		-0.533164,
		0,
		0.141034,
		-0.986233,
		-1.341198,
		1,
	},
	{
		0.086527,
		0.535749,
		0.839932,
		0,
		0.994608,
		0.001913,
		-0.103682,
		0,
		-0.057154,
		0.844376,
		-0.532694,
		0,
		0.143406,
		-0.985169,
		-1.341728,
		1,
	},
	[1.11666666667] = {
		0.087955,
		0.536192,
		0.839501,
		0,
		0.994575,
		-0.000297,
		-0.104013,
		0,
		-0.055522,
		0.844096,
		-0.533309,
		0,
		0.140847,
		-0.986481,
		-1.341035,
		1,
	},
	[1.13333333333] = {
		0.087985,
		0.536267,
		0.83945,
		0,
		0.99457,
		-0.000284,
		-0.104062,
		0,
		-0.055567,
		0.844049,
		-0.53338,
		0,
		0.140802,
		-0.986594,
		-1.340957,
		1,
	},
	[1.15] = {
		0.088008,
		0.536342,
		0.8394,
		0,
		0.994565,
		-0.000257,
		-0.104112,
		0,
		-0.055624,
		0.844001,
		-0.533449,
		0,
		0.14077,
		-0.986703,
		-1.34088,
		1,
	},
	[1.16666666667] = {
		0.088024,
		0.536417,
		0.83935,
		0,
		0.99456,
		-0.000218,
		-0.104162,
		0,
		-0.055691,
		0.843954,
		-0.533518,
		0,
		0.14075,
		-0.98681,
		-1.340803,
		1,
	},
	[1.18333333333] = {
		0.088035,
		0.536492,
		0.8393,
		0,
		0.994555,
		-0.000167,
		-0.104212,
		0,
		-0.055768,
		0.843906,
		-0.533585,
		0,
		0.140742,
		-0.986914,
		-1.340728,
		1,
	},
	[1.1] = {
		0.087918,
		0.536118,
		0.839552,
		0,
		0.994581,
		-0.000295,
		-0.103964,
		0,
		-0.055489,
		0.844143,
		-0.533239,
		0,
		0.140905,
		-0.986365,
		-1.341114,
		1,
	},
	[1.21666666667] = {
		0.088038,
		0.536643,
		0.839204,
		0,
		0.994544,
		-3.4e-05,
		-0.104312,
		0,
		-0.05595,
		0.84381,
		-0.533718,
		0,
		0.140756,
		-0.987112,
		-1.34058,
		1,
	},
	[1.23333333333] = {
		0.088032,
		0.536718,
		0.839157,
		0,
		0.994539,
		4.7e-05,
		-0.104362,
		0,
		-0.056052,
		0.843762,
		-0.533783,
		0,
		0.140778,
		-0.987206,
		-1.340509,
		1,
	},
	[1.25] = {
		0.088021,
		0.536792,
		0.83911,
		0,
		0.994534,
		0.000136,
		-0.104411,
		0,
		-0.056161,
		0.843715,
		-0.533846,
		0,
		0.140808,
		-0.987298,
		-1.340438,
		1,
	},
	[1.26666666667] = {
		0.088006,
		0.536866,
		0.839065,
		0,
		0.994529,
		0.000232,
		-0.10446,
		0,
		-0.056276,
		0.843668,
		-0.533908,
		0,
		0.140845,
		-0.987386,
		-1.340369,
		1,
	},
	[1.28333333333] = {
		0.087987,
		0.536939,
		0.83902,
		0,
		0.994523,
		0.000335,
		-0.104508,
		0,
		-0.056395,
		0.843622,
		-0.533968,
		0,
		0.14089,
		-0.987471,
		-1.340302,
		1,
	},
	[1.2] = {
		0.088039,
		0.536568,
		0.839252,
		0,
		0.994549,
		-0.000106,
		-0.104262,
		0,
		-0.055855,
		0.843858,
		-0.533652,
		0,
		0.140744,
		-0.987014,
		-1.340654,
		1,
	},
	[1.31666666667] = {
		0.087939,
		0.53708,
		0.838934,
		0,
		0.994513,
		0.000556,
		-0.104603,
		0,
		-0.056646,
		0.843531,
		-0.534085,
		0,
		0.140998,
		-0.98763,
		-1.340173,
		1,
	},
	[1.33333333333] = {
		0.08791,
		0.537149,
		0.838893,
		0,
		0.994509,
		0.000673,
		-0.104648,
		0,
		-0.056776,
		0.843487,
		-0.53414,
		0,
		0.141059,
		-0.987705,
		-1.340111,
		1,
	},
	[1.35] = {
		0.087879,
		0.537217,
		0.838853,
		0,
		0.994504,
		0.000793,
		-0.104693,
		0,
		-0.056908,
		0.843444,
		-0.534194,
		0,
		0.141125,
		-0.987777,
		-1.340052,
		1,
	},
	[1.36666666667] = {
		0.087847,
		0.537282,
		0.838815,
		0,
		0.994499,
		0.000914,
		-0.104737,
		0,
		-0.05704,
		0.843402,
		-0.534246,
		0,
		0.141194,
		-0.987845,
		-1.339994,
		1,
	},
	[1.38333333333] = {
		0.087812,
		0.537346,
		0.838778,
		0,
		0.994495,
		0.001037,
		-0.104779,
		0,
		-0.057172,
		0.843362,
		-0.534296,
		0,
		0.141266,
		-0.98791,
		-1.339939,
		1,
	},
	[1.3] = {
		0.087964,
		0.53701,
		0.838977,
		0,
		0.994518,
		0.000443,
		-0.104556,
		0,
		-0.056519,
		0.843576,
		-0.534027,
		0,
		0.140941,
		-0.987552,
		-1.340237,
		1,
	},
	[1.41666666667] = {
		0.087741,
		0.537466,
		0.838708,
		0,
		0.994486,
		0.001283,
		-0.104859,
		0,
		-0.057434,
		0.843285,
		-0.534389,
		0,
		0.141414,
		-0.988029,
		-1.339836,
		1,
	},
	[1.43333333333] = {
		0.087704,
		0.537522,
		0.838676,
		0,
		0.994482,
		0.001404,
		-0.104897,
		0,
		-0.057562,
		0.843249,
		-0.534433,
		0,
		0.141489,
		-0.988083,
		-1.339788,
		1,
	},
	[1.45] = {
		0.087667,
		0.537576,
		0.838645,
		0,
		0.994478,
		0.001523,
		-0.104933,
		0,
		-0.057686,
		0.843214,
		-0.534474,
		0,
		0.141564,
		-0.988134,
		-1.339742,
		1,
	},
	[1.46666666667] = {
		0.08763,
		0.537627,
		0.838617,
		0,
		0.994474,
		0.001638,
		-0.104967,
		0,
		-0.057806,
		0.843182,
		-0.534512,
		0,
		0.141638,
		-0.988181,
		-1.3397,
		1,
	},
	[1.48333333333] = {
		0.087595,
		0.537675,
		0.83859,
		0,
		0.99447,
		0.001749,
		-0.104999,
		0,
		-0.057922,
		0.843151,
		-0.534548,
		0,
		0.141711,
		-0.988224,
		-1.33966,
		1,
	},
	[1.4] = {
		0.087777,
		0.537407,
		0.838742,
		0,
		0.99449,
		0.00116,
		-0.10482,
		0,
		-0.057304,
		0.843323,
		-0.534344,
		0,
		0.141339,
		-0.987971,
		-1.339886,
		1,
	},
	[1.51666666667] = {
		0.087527,
		0.53776,
		0.838542,
		0,
		0.994464,
		0.001956,
		-0.105056,
		0,
		-0.058135,
		0.843096,
		-0.534612,
		0,
		0.141847,
		-0.988301,
		-1.339589,
		1,
	},
	[1.53333333333] = {
		0.087495,
		0.537798,
		0.838521,
		0,
		0.994461,
		0.002049,
		-0.105081,
		0,
		-0.058231,
		0.843072,
		-0.53464,
		0,
		0.14191,
		-0.988333,
		-1.339559,
		1,
	},
	[1.55] = {
		0.087466,
		0.537832,
		0.838502,
		0,
		0.994458,
		0.002135,
		-0.105104,
		0,
		-0.058318,
		0.84305,
		-0.534664,
		0,
		0.141968,
		-0.988362,
		-1.339531,
		1,
	},
	[1.56666666667] = {
		0.08744,
		0.537862,
		0.838486,
		0,
		0.994456,
		0.002212,
		-0.105124,
		0,
		-0.058397,
		0.843031,
		-0.534686,
		0,
		0.14202,
		-0.988387,
		-1.339507,
		1,
	},
	[1.58333333333] = {
		0.087416,
		0.537887,
		0.838472,
		0,
		0.994454,
		0.00228,
		-0.105141,
		0,
		-0.058466,
		0.843014,
		-0.534705,
		0,
		0.142067,
		-0.988408,
		-1.339487,
		1,
	},
	[1.5] = {
		0.08756,
		0.537719,
		0.838565,
		0,
		0.994467,
		0.001855,
		-0.105028,
		0,
		-0.058032,
		0.843122,
		-0.534581,
		0,
		0.14178,
		-0.988264,
		-1.339623,
		1,
	},
	[1.61666666667] = {
		0.08738,
		0.537926,
		0.838451,
		0,
		0.994451,
		0.002383,
		-0.105167,
		0,
		-0.05857,
		0.842989,
		-0.534732,
		0,
		0.142139,
		-0.988439,
		-1.339456,
		1,
	},
	[1.63333333333] = {
		0.087368,
		0.537938,
		0.838444,
		0,
		0.99445,
		0.002418,
		-0.105175,
		0,
		-0.058605,
		0.842981,
		-0.534741,
		0,
		0.142163,
		-0.988449,
		-1.339446,
		1,
	},
	[1.65] = {
		0.08736,
		0.537946,
		0.83844,
		0,
		0.99445,
		0.002439,
		-0.10518,
		0,
		-0.058626,
		0.842976,
		-0.534747,
		0,
		0.142178,
		-0.988455,
		-1.33944,
		1,
	},
	[1.66666666667] = {
		0.087358,
		0.537948,
		0.838439,
		0,
		0.99445,
		0.002446,
		-0.105182,
		0,
		-0.058633,
		0.842975,
		-0.534749,
		0,
		0.142183,
		-0.988457,
		-1.339438,
		1,
	},
	[1.6] = {
		0.087396,
		0.537909,
		0.83846,
		0,
		0.994453,
		0.002337,
		-0.105155,
		0,
		-0.058524,
		0.843,
		-0.53472,
		0,
		0.142107,
		-0.988426,
		-1.33947,
		1,
	},
}

return spline_matrices
