-- chunkname: @content/characters/player/ogryn/first_person/animations/2h_axe/heavy_attack_down.lua

local spline_matrices = {
	[0.0166666666667] = {
		-0.038659,
		-0.28078,
		-0.958993,
		0,
		0.998789,
		0.018378,
		-0.045644,
		0,
		0.030441,
		-0.959596,
		0.279729,
		0,
		-0.046668,
		0.617372,
		0.432706,
		1,
	},
	[0.0333333333333] = {
		-0.033255,
		-0.279308,
		-0.959625,
		0,
		0.999048,
		0.017844,
		-0.039815,
		0,
		0.028245,
		-0.960036,
		0.278449,
		0,
		-0.037945,
		0.71345,
		0.425721,
		1,
	},
	[0.05] = {
		-0.011606,
		-0.438998,
		-0.898413,
		0,
		0.999614,
		0.017595,
		-0.02151,
		0,
		0.02525,
		-0.898316,
		0.438625,
		0,
		-0.028906,
		0.812711,
		0.365854,
		1,
	},
	[0.0666666666667] = {
		0.01598,
		-0.766945,
		-0.641514,
		0,
		0.999866,
		0.014513,
		0.007555,
		0,
		0.003516,
		-0.641549,
		0.767074,
		0,
		-0.019077,
		0.917757,
		0.229899,
		1,
	},
	[0.0833333333333] = {
		0.014091,
		-0.98466,
		-0.173914,
		0,
		0.999288,
		0.00778,
		0.036916,
		0,
		-0.034997,
		-0.174311,
		0.984069,
		0,
		-0.009357,
		1.020701,
		0.05825,
		1,
	},
	[0] = {
		-0.039537,
		-0.281531,
		-0.958737,
		0,
		0.998724,
		0.01903,
		-0.046774,
		0,
		0.031413,
		-0.959363,
		0.28042,
		0,
		-0.05122,
		0.568218,
		0.435554,
		1,
	},
	[0.116666666667] = {
		-0.033351,
		-0.729444,
		0.683227,
		0,
		0.999083,
		-0.005978,
		0.042388,
		0,
		-0.026836,
		0.684014,
		0.728975,
		0,
		0.005794,
		1.180653,
		-0.290916,
		1,
	},
	[0.133333333333] = {
		-0.024128,
		-0.404514,
		0.914213,
		0,
		0.999709,
		-0.009725,
		0.022082,
		0,
		-4.2e-05,
		0.91448,
		0.404631,
		0,
		0.008768,
		1.206869,
		-0.499684,
		1,
	},
	[0.15] = {
		0.004165,
		-0.200468,
		0.979691,
		0,
		0.999915,
		-0.01126,
		-0.006555,
		0,
		0.012345,
		0.979636,
		0.200404,
		0,
		-0.002573,
		1.096261,
		-0.727045,
		1,
	},
	[0.166666666667] = {
		0.036816,
		-0.068511,
		0.996971,
		0,
		0.999243,
		-0.010041,
		-0.03759,
		0,
		0.012585,
		0.9976,
		0.06809,
		0,
		-0.019337,
		0.930804,
		-0.916371,
		1,
	},
	[0.183333333333] = {
		0.057725,
		0.07834,
		0.995254,
		0,
		0.998326,
		-0.00086,
		-0.057836,
		0,
		-0.003675,
		0.996926,
		-0.078258,
		0,
		0.003921,
		0.809555,
		-1.02483,
		1,
	},
	[0.1] = {
		-0.015112,
		-0.954825,
		0.296784,
		0,
		0.998605,
		0.000608,
		0.052807,
		0,
		-0.050602,
		0.297168,
		0.953483,
		0,
		-0.000709,
		1.112779,
		-0.109034,
		1,
	},
	[0.216666666667] = {
		0.094025,
		0.321948,
		0.942077,
		0,
		0.994729,
		0.0085,
		-0.102184,
		0,
		-0.040906,
		0.946719,
		-0.319452,
		0,
		0.119404,
		0.597798,
		-1.154302,
		1,
	},
	[0.233333333333] = {
		0.100086,
		0.391687,
		0.914639,
		0,
		0.993564,
		0.009655,
		-0.112857,
		0,
		-0.053035,
		0.920048,
		-0.3882,
		0,
		0.143764,
		0.523354,
		-1.194646,
		1,
	},
	[0.25] = {
		0.099011,
		0.434469,
		0.895228,
		0,
		0.993317,
		0.010469,
		-0.11494,
		0,
		-0.05931,
		0.900626,
		-0.430529,
		0,
		0.140326,
		0.457851,
		-1.23166,
		1,
	},
	[0.266666666667] = {
		0.097479,
		0.462789,
		0.881092,
		0,
		0.993206,
		0.011296,
		-0.115816,
		0,
		-0.063551,
		0.886396,
		-0.458544,
		0,
		0.136694,
		0.394674,
		-1.263895,
		1,
	},
	[0.283333333333] = {
		0.095619,
		0.48044,
		0.8718,
		0,
		0.993232,
		0.011959,
		-0.115528,
		0,
		-0.06593,
		0.876946,
		-0.476045,
		0,
		0.13373,
		0.337383,
		-1.290936,
		1,
	},
	[0.2] = {
		0.076711,
		0.215935,
		0.97339,
		0,
		0.996757,
		0.007179,
		-0.080145,
		0,
		-0.024295,
		0.976381,
		-0.214684,
		0,
		0.061664,
		0.693362,
		-1.102549,
		1,
	},
	[0.316666666667] = {
		0.092909,
		0.495807,
		0.863448,
		0,
		0.993399,
		0.012441,
		-0.114035,
		0,
		-0.067282,
		0.868344,
		-0.491378,
		0,
		0.129826,
		0.256545,
		-1.325587,
		1,
	},
	[0.333333333333] = {
		0.091988,
		0.495881,
		0.863505,
		0,
		0.993514,
		0.012504,
		-0.113019,
		0,
		-0.066841,
		0.868301,
		-0.491514,
		0,
		0.130173,
		0.246113,
		-1.329956,
		1,
	},
	[0.35] = {
		0.091145,
		0.494315,
		0.864491,
		0,
		0.993639,
		0.012513,
		-0.111916,
		0,
		-0.066139,
		0.869193,
		-0.49003,
		0,
		0.131667,
		0.248469,
		-1.329371,
		1,
	},
	[0.366666666667] = {
		0.090266,
		0.493006,
		0.86533,
		0,
		0.993768,
		0.01247,
		-0.110768,
		0,
		-0.0654,
		0.869936,
		-0.488808,
		0,
		0.133229,
		0.250423,
		-1.328848,
		1,
	},
	[0.383333333333] = {
		0.089411,
		0.491939,
		0.866026,
		0,
		0.993893,
		0.012383,
		-0.109647,
		0,
		-0.064664,
		0.870542,
		-0.487828,
		0,
		0.134764,
		0.252001,
		-1.328395,
		1,
	},
	[0.3] = {
		0.094101,
		0.490902,
		0.866118,
		0,
		0.993301,
		0.012318,
		-0.114901,
		0,
		-0.067074,
		0.871128,
		-0.486454,
		0,
		0.131224,
		0.289382,
		-1.312031,
		1,
	},
	[0.416666666667] = {
		0.088009,
		0.490468,
		0.867004,
		0,
		0.994103,
		0.01211,
		-0.107762,
		0,
		-0.063353,
		0.871375,
		-0.48651,
		0,
		0.137371,
		0.254132,
		-1.327722,
		1,
	},
	[0.433333333333] = {
		0.08758,
		0.490033,
		0.867293,
		0,
		0.994172,
		0.01194,
		-0.107138,
		0,
		-0.062857,
		0.871622,
		-0.486131,
		0,
		0.138252,
		0.254738,
		-1.327515,
		1,
	},
	[0.45] = {
		0.08728,
		0.489776,
		0.867468,
		0,
		0.994225,
		0.011749,
		-0.106667,
		0,
		-0.062435,
		0.871769,
		-0.485922,
		0,
		0.138933,
		0.25507,
		-1.32738,
		1,
	},
	[0.466666666667] = {
		0.087001,
		0.489681,
		0.86755,
		0,
		0.994276,
		0.011534,
		-0.10622,
		0,
		-0.06202,
		0.871825,
		-0.485875,
		0,
		0.139588,
		0.255154,
		-1.327295,
		1,
	},
	[0.483333333333] = {
		0.086743,
		0.489745,
		0.86754,
		0,
		0.994324,
		0.011295,
		-0.105796,
		0,
		-0.061612,
		0.871792,
		-0.485986,
		0,
		0.140213,
		0.254993,
		-1.32726,
		1,
	},
	[0.4] = {
		0.088639,
		0.491098,
		0.866583,
		0,
		0.994008,
		0.012261,
		-0.108621,
		0,
		-0.063969,
		0.871018,
		-0.487069,
		0,
		0.136176,
		0.253229,
		-1.328018,
		1,
	},
	[0.516666666667] = {
		0.086294,
		0.490351,
		0.867242,
		0,
		0.994411,
		0.010753,
		-0.105027,
		0,
		-0.060826,
		0.871459,
		-0.486683,
		0,
		0.141368,
		0.253939,
		-1.32734,
		1,
	},
	[0.533333333333] = {
		0.086104,
		0.490876,
		0.866964,
		0,
		0.994451,
		0.010455,
		-0.104684,
		0,
		-0.060451,
		0.871167,
		-0.487252,
		0,
		0.141894,
		0.253071,
		-1.327449,
		1,
	},
	[0.55] = {
		0.085937,
		0.491537,
		0.866606,
		0,
		0.994487,
		0.010141,
		-0.10437,
		0,
		-0.06009,
		0.870798,
		-0.487956,
		0,
		0.142383,
		0.251995,
		-1.327601,
		1,
	},
	[0.566666666667] = {
		0.085795,
		0.492326,
		0.866172,
		0,
		0.99452,
		0.009814,
		-0.104086,
		0,
		-0.059745,
		0.870356,
		-0.488786,
		0,
		0.142833,
		0.250723,
		-1.327794,
		1,
	},
	[0.583333333333] = {
		0.085679,
		0.493234,
		0.865667,
		0,
		0.99455,
		0.009475,
		-0.103834,
		0,
		-0.059417,
		0.869845,
		-0.489734,
		0,
		0.143241,
		0.249267,
		-1.328024,
		1,
	},
	[0.5] = {
		0.086507,
		0.489972,
		0.867436,
		0,
		0.994369,
		0.011034,
		-0.105398,
		0,
		-0.061214,
		0.871669,
		-0.486258,
		0,
		0.140807,
		0.254583,
		-1.327276,
		1,
	},
	[0.616666666667] = {
		0.085525,
		0.495374,
		0.86446,
		0,
		0.994598,
		0.008773,
		-0.103427,
		0,
		-0.058819,
		0.868636,
		-0.491948,
		0,
		0.143925,
		0.24586,
		-1.328585,
		1,
	},
	[0.633333333333] = {
		0.085488,
		0.496588,
		0.863766,
		0,
		0.994617,
		0.008413,
		-0.103275,
		0,
		-0.058552,
		0.867946,
		-0.493196,
		0,
		0.144197,
		0.243934,
		-1.328911,
		1,
	},
	[0.65] = {
		0.085479,
		0.497887,
		0.863019,
		0,
		0.994632,
		0.00805,
		-0.103159,
		0,
		-0.058309,
		0.867205,
		-0.494526,
		0,
		0.144418,
		0.241877,
		-1.329263,
		1,
	},
	[0.666666666667] = {
		0.085499,
		0.499262,
		0.862222,
		0,
		0.994643,
		0.007686,
		-0.103081,
		0,
		-0.058091,
		0.866417,
		-0.495931,
		0,
		0.144588,
		0.239703,
		-1.329638,
		1,
	},
	[0.683333333333] = {
		0.085548,
		0.500705,
		0.86138,
		0,
		0.99465,
		0.007322,
		-0.10304,
		0,
		-0.0579,
		0.865587,
		-0.4974,
		0,
		0.144704,
		0.237424,
		-1.330034,
		1,
	},
	[0.6] = {
		0.085588,
		0.494253,
		0.865095,
		0,
		0.994576,
		0.009128,
		-0.103614,
		0,
		-0.059108,
		0.86927,
		-0.490791,
		0,
		0.143606,
		0.247642,
		-1.328289,
		1,
	},
	[0.716666666667] = {
		0.085721,
		0.503759,
		0.859581,
		0,
		0.994653,
		0.006603,
		-0.103061,
		0,
		-0.057594,
		0.863819,
		-0.500499,
		0,
		0.144793,
		0.232605,
		-1.330876,
		1,
	},
	[0.733333333333] = {
		0.085812,
		0.505353,
		0.858635,
		0,
		0.994653,
		0.00625,
		-0.103084,
		0,
		-0.057461,
		0.86289,
		-0.502114,
		0,
		0.144815,
		0.23009,
		-1.33131,
		1,
	},
	[0.75] = {
		0.0859,
		0.50698,
		0.857667,
		0,
		0.994652,
		0.005904,
		-0.10311,
		0,
		-0.057338,
		0.861937,
		-0.503762,
		0,
		0.144831,
		0.227523,
		-1.33175,
		1,
	},
	[0.766666666667] = {
		0.085984,
		0.508633,
		0.856679,
		0,
		0.994652,
		0.005566,
		-0.103137,
		0,
		-0.057227,
		0.860966,
		-0.505434,
		0,
		0.14484,
		0.224917,
		-1.332191,
		1,
	},
	[0.783333333333] = {
		0.086064,
		0.510301,
		0.855678,
		0,
		0.99465,
		0.005239,
		-0.103166,
		0,
		-0.057129,
		0.85998,
		-0.50712,
		0,
		0.144843,
		0.222285,
		-1.332633,
		1,
	},
	[0.7] = {
		0.085628,
		0.502207,
		0.860498,
		0,
		0.994653,
		0.006961,
		-0.10304,
		0,
		-0.057737,
		0.86472,
		-0.498925,
		0,
		0.144765,
		0.235053,
		-1.330448,
		1,
	},
	[0.816666666667] = {
		0.086209,
		0.513655,
		0.853655,
		0,
		0.994647,
		0.004624,
		-0.10323,
		0,
		-0.056972,
		0.857984,
		-0.510507,
		0,
		0.144831,
		0.216996,
		-1.333505,
		1,
	},
	[0.833333333333] = {
		0.086272,
		0.515323,
		0.852642,
		0,
		0.994645,
		0.00434,
		-0.103263,
		0,
		-0.056914,
		0.856985,
		-0.512189,
		0,
		0.144815,
		0.214365,
		-1.333933,
		1,
	},
	[0.85] = {
		0.086329,
		0.516975,
		0.851636,
		0,
		0.994642,
		0.004074,
		-0.103298,
		0,
		-0.056872,
		0.855991,
		-0.513853,
		0,
		0.144793,
		0.211761,
		-1.334351,
		1,
	},
	[0.866666666667] = {
		0.086378,
		0.518601,
		0.850642,
		0,
		0.994639,
		0.003829,
		-0.103334,
		0,
		-0.056847,
		0.855008,
		-0.515491,
		0,
		0.144765,
		0.209198,
		-1.334758,
		1,
	},
	[0.883333333333] = {
		0.086419,
		0.520195,
		0.849664,
		0,
		0.994636,
		0.003606,
		-0.103372,
		0,
		-0.056838,
		0.85404,
		-0.517093,
		0,
		0.14473,
		0.206687,
		-1.335153,
		1,
	},
	[0.8] = {
		0.086139,
		0.511978,
		0.854669,
		0,
		0.994649,
		0.004924,
		-0.103197,
		0,
		-0.057043,
		0.858984,
		-0.508814,
		0,
		0.14484,
		0.219641,
		-1.333071,
		1,
	},
	[0.916666666667] = {
		0.086479,
		0.52325,
		0.84778,
		0,
		0.994629,
		0.003227,
		-0.10345,
		0,
		-0.056866,
		0.852173,
		-0.52016,
		0,
		0.144643,
		0.201878,
		-1.335898,
		1,
	},
	[0.933333333333] = {
		0.086507,
		0.524693,
		0.846885,
		0,
		0.994626,
		0.003055,
		-0.103491,
		0,
		-0.056889,
		0.851286,
		-0.521609,
		0,
		0.144594,
		0.199604,
		-1.336245,
		1,
	},
	[0.95] = {
		0.086535,
		0.526069,
		0.846028,
		0,
		0.994622,
		0.002895,
		-0.103533,
		0,
		-0.056915,
		0.850437,
		-0.522989,
		0,
		0.144542,
		0.197434,
		-1.336573,
		1,
	},
	[0.966666666667] = {
		0.086563,
		0.52737,
		0.845215,
		0,
		0.994618,
		0.002745,
		-0.103577,
		0,
		-0.056944,
		0.849631,
		-0.524294,
		0,
		0.144487,
		0.19538,
		-1.336881,
		1,
	},
	[0.983333333333] = {
		0.086591,
		0.528587,
		0.844451,
		0,
		0.994613,
		0.002608,
		-0.103622,
		0,
		-0.056975,
		0.848875,
		-0.525514,
		0,
		0.14443,
		0.193457,
		-1.337167,
		1,
	},
	[0.9] = {
		0.086451,
		0.521747,
		0.848708,
		0,
		0.994633,
		0.003408,
		-0.10341,
		0,
		-0.056846,
		0.853093,
		-0.518653,
		0,
		0.144689,
		0.204243,
		-1.335534,
		1,
	},
	[1.01666666667] = {
		0.086647,
		0.53074,
		0.843094,
		0,
		0.994604,
		0.002375,
		-0.103713,
		0,
		-0.057047,
		0.847531,
		-0.52767,
		0,
		0.144309,
		0.190053,
		-1.337668,
		1,
	},
	[1.03333333333] = {
		0.086675,
		0.531659,
		0.842512,
		0,
		0.9946,
		0.00228,
		-0.103761,
		0,
		-0.057086,
		0.846955,
		-0.52859,
		0,
		0.144246,
		0.1886,
		-1.33788,
		1,
	},
	[1.05] = {
		0.086703,
		0.532463,
		0.842001,
		0,
		0.994595,
		0.002202,
		-0.103809,
		0,
		-0.057128,
		0.846451,
		-0.529394,
		0,
		0.14418,
		0.187329,
		-1.338066,
		1,
	},
	[1.06666666667] = {
		0.086731,
		0.533142,
		0.841568,
		0,
		0.99459,
		0.00214,
		-0.103857,
		0,
		-0.057171,
		0.846023,
		-0.530073,
		0,
		0.144113,
		0.186254,
		-1.338223,
		1,
	},
	[1.08333333333] = {
		0.086759,
		0.533691,
		0.841218,
		0,
		0.994585,
		0.002096,
		-0.103906,
		0,
		-0.057217,
		0.845677,
		-0.530619,
		0,
		0.144045,
		0.185389,
		-1.33835,
		1,
	},
	{
		0.086619,
		0.529713,
		0.843742,
		0,
		0.994609,
		0.002484,
		-0.103667,
		0,
		-0.05701,
		0.848173,
		-0.526642,
		0,
		0.144371,
		0.191677,
		-1.337429,
		1,
	},
	[1.11666666667] = {
		0.086813,
		0.534425,
		0.840746,
		0,
		0.994575,
		0.002057,
		-0.104005,
		0,
		-0.057312,
		0.845213,
		-0.531347,
		0,
		0.143905,
		0.184235,
		-1.338525,
		1,
	},
	[1.13333333333] = {
		0.08684,
		0.534732,
		0.840548,
		0,
		0.994569,
		0.002047,
		-0.104055,
		0,
		-0.057362,
		0.845019,
		-0.531651,
		0,
		0.143833,
		0.183753,
		-1.338599,
		1,
	},
	[1.15] = {
		0.086867,
		0.535021,
		0.840361,
		0,
		0.994564,
		0.00204,
		-0.104105,
		0,
		-0.057413,
		0.844836,
		-0.531936,
		0,
		0.143761,
		0.183302,
		-1.338668,
		1,
	},
	[1.16666666667] = {
		0.086893,
		0.535292,
		0.840186,
		0,
		0.994559,
		0.002037,
		-0.104156,
		0,
		-0.057465,
		0.844665,
		-0.532202,
		0,
		0.143688,
		0.182879,
		-1.338734,
		1,
	},
	[1.18333333333] = {
		0.086919,
		0.535545,
		0.840022,
		0,
		0.994554,
		0.002036,
		-0.104207,
		0,
		-0.057518,
		0.844504,
		-0.532452,
		0,
		0.143615,
		0.182483,
		-1.338796,
		1,
	},
	[1.1] = {
		0.086786,
		0.534099,
		0.840956,
		0,
		0.99458,
		0.002071,
		-0.103955,
		0,
		-0.057264,
		0.845419,
		-0.531024,
		0,
		0.143975,
		0.184746,
		-1.338447,
		1,
	},
	[1.21666666667] = {
		0.086969,
		0.536003,
		0.839724,
		0,
		0.994543,
		0.002043,
		-0.104308,
		0,
		-0.057625,
		0.844214,
		-0.5329,
		0,
		0.143469,
		0.181772,
		-1.338908,
		1,
	},
	[1.23333333333] = {
		0.086994,
		0.536208,
		0.839591,
		0,
		0.994538,
		0.002051,
		-0.104358,
		0,
		-0.057679,
		0.844083,
		-0.533101,
		0,
		0.143396,
		0.181454,
		-1.338959,
		1,
	},
	[1.25] = {
		0.087018,
		0.536398,
		0.839467,
		0,
		0.994532,
		0.00206,
		-0.104408,
		0,
		-0.057733,
		0.843962,
		-0.533286,
		0,
		0.143324,
		0.18116,
		-1.339007,
		1,
	},
	[1.26666666667] = {
		0.087041,
		0.536574,
		0.839352,
		0,
		0.994527,
		0.002071,
		-0.104457,
		0,
		-0.057788,
		0.843851,
		-0.533457,
		0,
		0.143252,
		0.180888,
		-1.339051,
		1,
	},
	[1.28333333333] = {
		0.087064,
		0.536736,
		0.839246,
		0,
		0.994522,
		0.002085,
		-0.104506,
		0,
		-0.057842,
		0.843748,
		-0.533615,
		0,
		0.143181,
		0.180639,
		-1.339092,
		1,
	},
	[1.2] = {
		0.086944,
		0.535782,
		0.839868,
		0,
		0.994548,
		0.002038,
		-0.104257,
		0,
		-0.057571,
		0.844354,
		-0.532684,
		0,
		0.143542,
		0.182115,
		-1.338854,
		1,
	},
	[1.31666666667] = {
		0.087108,
		0.537021,
		0.839059,
		0,
		0.994512,
		0.002116,
		-0.104601,
		0,
		-0.057948,
		0.843566,
		-0.533889,
		0,
		0.143042,
		0.180204,
		-1.339166,
		1,
	},
	[1.33333333333] = {
		0.087129,
		0.537145,
		0.838978,
		0,
		0.994507,
		0.002134,
		-0.104647,
		0,
		-0.058001,
		0.843487,
		-0.534008,
		0,
		0.142974,
		0.180015,
		-1.339199,
		1,
	},
	[1.35] = {
		0.087149,
		0.537257,
		0.838904,
		0,
		0.994502,
		0.002152,
		-0.104692,
		0,
		-0.058052,
		0.843416,
		-0.534116,
		0,
		0.142908,
		0.179845,
		-1.339228,
		1,
	},
	[1.36666666667] = {
		0.087169,
		0.537358,
		0.838837,
		0,
		0.994498,
		0.002172,
		-0.104736,
		0,
		-0.058102,
		0.843351,
		-0.534212,
		0,
		0.142844,
		0.179692,
		-1.339256,
		1,
	},
	[1.38333333333] = {
		0.087188,
		0.537449,
		0.838777,
		0,
		0.994493,
		0.002192,
		-0.104778,
		0,
		-0.058152,
		0.843293,
		-0.534299,
		0,
		0.142781,
		0.179556,
		-1.339281,
		1,
	},
	[1.3] = {
		0.087086,
		0.536885,
		0.839149,
		0,
		0.994517,
		0.0021,
		-0.104554,
		0,
		-0.057895,
		0.843653,
		-0.533758,
		0,
		0.143111,
		0.180411,
		-1.339131,
		1,
	},
	[1.41666666667] = {
		0.087223,
		0.537602,
		0.838675,
		0,
		0.994485,
		0.002233,
		-0.104859,
		0,
		-0.058245,
		0.843196,
		-0.534442,
		0,
		0.142662,
		0.179329,
		-1.339324,
		1,
	},
	[1.43333333333] = {
		0.087239,
		0.537665,
		0.838633,
		0,
		0.994481,
		0.002254,
		-0.104897,
		0,
		-0.05829,
		0.843155,
		-0.534501,
		0,
		0.142607,
		0.179237,
		-1.339342,
		1,
	},
	[1.45] = {
		0.087255,
		0.53772,
		0.838596,
		0,
		0.994477,
		0.002275,
		-0.104933,
		0,
		-0.058332,
		0.84312,
		-0.534552,
		0,
		0.142553,
		0.179157,
		-1.339359,
		1,
	},
	[1.46666666667] = {
		0.087269,
		0.537767,
		0.838564,
		0,
		0.994473,
		0.002296,
		-0.104967,
		0,
		-0.058373,
		0.84309,
		-0.534595,
		0,
		0.142503,
		0.179089,
		-1.339373,
		1,
	},
	[1.48333333333] = {
		0.087283,
		0.537808,
		0.838537,
		0,
		0.99447,
		0.002316,
		-0.104999,
		0,
		-0.058411,
		0.843064,
		-0.534631,
		0,
		0.142456,
		0.179031,
		-1.339386,
		1,
	},
	[1.4] = {
		0.087206,
		0.53753,
		0.838723,
		0,
		0.994489,
		0.002213,
		-0.104819,
		0,
		-0.058199,
		0.843241,
		-0.534375,
		0,
		0.142721,
		0.179435,
		-1.339303,
		1,
	},
	[1.51666666667] = {
		0.087307,
		0.537869,
		0.838495,
		0,
		0.994464,
		0.002353,
		-0.105056,
		0,
		-0.05848,
		0.843025,
		-0.534686,
		0,
		0.14237,
		0.178945,
		-1.339406,
		1,
	},
	[1.53333333333] = {
		0.087317,
		0.537892,
		0.83848,
		0,
		0.994461,
		0.002371,
		-0.105081,
		0,
		-0.05851,
		0.843011,
		-0.534705,
		0,
		0.142333,
		0.178915,
		-1.339414,
		1,
	},
	[1.55] = {
		0.087326,
		0.53791,
		0.838467,
		0,
		0.994458,
		0.002387,
		-0.105104,
		0,
		-0.058538,
		0.842999,
		-0.53472,
		0,
		0.142299,
		0.178892,
		-1.339421,
		1,
	},
	[1.56666666667] = {
		0.087334,
		0.537923,
		0.838458,
		0,
		0.994456,
		0.002401,
		-0.105124,
		0,
		-0.058562,
		0.84299,
		-0.534731,
		0,
		0.14227,
		0.178875,
		-1.339426,
		1,
	},
	[1.58333333333] = {
		0.087341,
		0.537933,
		0.838451,
		0,
		0.994454,
		0.002414,
		-0.105141,
		0,
		-0.058583,
		0.842984,
		-0.534739,
		0,
		0.142244,
		0.178863,
		-1.339431,
		1,
	},
	[1.5] = {
		0.087295,
		0.537841,
		0.838514,
		0,
		0.994466,
		0.002335,
		-0.105029,
		0,
		-0.058447,
		0.843043,
		-0.534661,
		0,
		0.142411,
		0.178984,
		-1.339397,
		1,
	},
	[1.61666666667] = {
		0.087352,
		0.537944,
		0.838442,
		0,
		0.994452,
		0.002434,
		-0.105167,
		0,
		-0.058615,
		0.842977,
		-0.534747,
		0,
		0.142205,
		0.178851,
		-1.339436,
		1,
	},
	[1.63333333333] = {
		0.087355,
		0.537947,
		0.83844,
		0,
		0.994451,
		0.00244,
		-0.105175,
		0,
		-0.058625,
		0.842975,
		-0.534748,
		0,
		0.142193,
		0.178849,
		-1.339438,
		1,
	},
	[1.65] = {
		0.087357,
		0.537948,
		0.83844,
		0,
		0.99445,
		0.002445,
		-0.10518,
		0,
		-0.058631,
		0.842975,
		-0.534749,
		0,
		0.142185,
		0.178848,
		-1.339439,
		1,
	},
	[1.66666666667] = {
		0.087358,
		0.537948,
		0.838439,
		0,
		0.99445,
		0.002446,
		-0.105182,
		0,
		-0.058633,
		0.842974,
		-0.534749,
		0,
		0.142183,
		0.178848,
		-1.339439,
		1,
	},
	[1.6] = {
		0.087347,
		0.53794,
		0.838446,
		0,
		0.994453,
		0.002425,
		-0.105155,
		0,
		-0.058601,
		0.84298,
		-0.534744,
		0,
		0.142222,
		0.178855,
		-1.339434,
		1,
	},
}

return spline_matrices
