-- chunkname: @content/characters/player/ogryn/first_person/animations/2h_axe/heavy_attack_left.lua

local spline_matrices = {
	[0.0166666666667] = {
		-0.444213,
		-0.699281,
		-0.560073,
		0,
		0.553444,
		0.277418,
		-0.785327,
		0,
		0.704539,
		-0.658821,
		0.26378,
		0,
		0.403912,
		0.896946,
		-0.36109,
		1,
	},
	[0.0333333333333] = {
		-0.2841,
		-0.746189,
		-0.60207,
		0,
		0.466837,
		0.440829,
		-0.766638,
		0,
		0.837467,
		-0.49887,
		0.223109,
		0,
		0.352412,
		0.939137,
		-0.36409,
		1,
	},
	[0.05] = {
		-0.118127,
		-0.819081,
		-0.561385,
		0,
		0.340967,
		0.497513,
		-0.797635,
		0,
		0.932624,
		-0.285636,
		0.22051,
		0,
		0.287268,
		0.992705,
		-0.367672,
		1,
	},
	[0.0666666666667] = {
		-0.036026,
		-0.905078,
		-0.423716,
		0,
		0.279883,
		0.397886,
		-0.8737,
		0,
		0.959358,
		-0.150067,
		0.238982,
		0,
		0.225297,
		1.043819,
		-0.370652,
		1,
	},
	[0.0833333333333] = {
		-0.045971,
		-0.996893,
		-0.063966,
		0,
		0.222186,
		0.052226,
		-0.973605,
		0,
		0.97392,
		-0.05897,
		0.219095,
		0,
		0.158915,
		1.098869,
		-0.37304,
		1,
	},
	[0] = {
		-0.510692,
		-0.683239,
		-0.521898,
		0,
		0.57409,
		0.180881,
		-0.798563,
		0,
		0.640011,
		-0.707436,
		0.299867,
		0,
		0.424831,
		0.879825,
		-0.359833,
		1,
	},
	[0.116666666667] = {
		0.728205,
		-0.684947,
		0.02379,
		0,
		0.125393,
		0.099025,
		-0.987153,
		0,
		0.673791,
		0.721832,
		0.157998,
		0,
		0.04674,
		1.190908,
		-0.322654,
		1,
	},
	[0.133333333333] = {
		0.945871,
		-0.314286,
		0.080949,
		0,
		0.114199,
		0.088836,
		-0.989478,
		0,
		0.303788,
		0.945163,
		0.119918,
		0,
		-0.028848,
		1.209707,
		-0.271228,
		1,
	},
	[0.15] = {
		0.991326,
		0.105102,
		0.078906,
		0,
		0.068493,
		0.099248,
		-0.992703,
		0,
		-0.112166,
		0.989497,
		0.091188,
		0,
		-0.272691,
		1.144725,
		-0.272515,
		1,
	},
	[0.166666666667] = {
		0.903115,
		0.424025,
		0.067716,
		0,
		0.018426,
		0.119286,
		-0.992689,
		0,
		-0.429003,
		0.89776,
		0.099916,
		0,
		-0.46627,
		1.010754,
		-0.295955,
		1,
	},
	[0.183333333333] = {
		0.78915,
		0.604563,
		0.108375,
		0,
		-0.005296,
		0.18314,
		-0.983073,
		0,
		-0.614177,
		0.775218,
		0.147727,
		0,
		-0.486689,
		0.865059,
		-0.349108,
		1,
	},
	[0.1] = {
		0.368965,
		-0.929434,
		-0.004216,
		0,
		0.14944,
		0.063801,
		-0.98671,
		0,
		0.917351,
		0.363432,
		0.162435,
		0,
		0.086018,
		1.151983,
		-0.374152,
		1,
	},
	[0.216666666667] = {
		0.517394,
		0.823801,
		0.231637,
		0,
		-0.01399,
		0.27879,
		-0.96025,
		0,
		-0.855633,
		0.493587,
		0.155769,
		0,
		-0.497912,
		0.547674,
		-0.479483,
		1,
	},
	[0.233333333333] = {
		0.444182,
		0.85081,
		0.280757,
		0,
		0.06652,
		0.281184,
		-0.957346,
		0,
		-0.893464,
		0.443912,
		0.068301,
		0,
		-0.500227,
		0.43612,
		-0.569407,
		1,
	},
	[0.25] = {
		0.421525,
		0.83027,
		0.364649,
		0,
		0.264602,
		0.272005,
		-0.925202,
		0,
		-0.867354,
		0.486483,
		-0.105033,
		0,
		-0.45448,
		0.362466,
		-0.697297,
		1,
	},
	[0.266666666667] = {
		0.39268,
		0.77821,
		0.490094,
		0,
		0.53557,
		0.239714,
		-0.809754,
		0,
		-0.747641,
		0.580454,
		-0.322655,
		0,
		-0.337054,
		0.300645,
		-0.859874,
		1,
	},
	[0.283333333333] = {
		0.331495,
		0.703764,
		0.628353,
		0,
		0.779105,
		0.171408,
		-0.603005,
		0,
		-0.532078,
		0.689445,
		-0.491486,
		0,
		-0.183074,
		0.250464,
		-1.031372,
		1,
	},
	[0.2] = {
		0.649573,
		0.739315,
		0.177392,
		0,
		-0.020485,
		0.250252,
		-0.967964,
		0,
		-0.760023,
		0.62513,
		0.177702,
		0,
		-0.491848,
		0.70242,
		-0.409113,
		1,
	},
	[0.316666666667] = {
		0.158524,
		0.555216,
		0.816459,
		0,
		0.982891,
		-0.010199,
		-0.183903,
		0,
		-0.093779,
		0.831643,
		-0.547334,
		0,
		0.091123,
		0.188299,
		-1.296911,
		1,
	},
	[0.333333333333] = {
		0.121806,
		0.527297,
		0.840905,
		0,
		0.992355,
		-0.047743,
		-0.113806,
		0,
		-0.019862,
		0.848339,
		-0.529081,
		0,
		0.139939,
		0.18007,
		-1.339512,
		1,
	},
	[0.35] = {
		0.120835,
		0.527113,
		0.84116,
		0,
		0.992484,
		-0.047627,
		-0.112728,
		0,
		-0.019359,
		0.84846,
		-0.528906,
		0,
		0.141391,
		0.180393,
		-1.339316,
		1,
	},
	[0.366666666667] = {
		0.119723,
		0.52697,
		0.841409,
		0,
		0.992626,
		-0.047325,
		-0.1116,
		0,
		-0.01899,
		0.848565,
		-0.52875,
		0,
		0.142877,
		0.180714,
		-1.339115,
		1,
	},
	[0.383333333333] = {
		0.118532,
		0.526866,
		0.841643,
		0,
		0.992773,
		-0.046846,
		-0.11049,
		0,
		-0.018785,
		0.848657,
		-0.528611,
		0,
		0.144303,
		0.181034,
		-1.338919,
		1,
	},
	[0.3] = {
		0.24251,
		0.622234,
		0.744321,
		0,
		0.927287,
		0.07686,
		-0.366376,
		0,
		-0.28518,
		0.779049,
		-0.55835,
		0,
		-0.028487,
		0.212488,
		-1.185656,
		1,
	},
	[0.416666666667] = {
		0.116173,
		0.526766,
		0.842034,
		0,
		0.993048,
		-0.045395,
		-0.108609,
		0,
		-0.018988,
		0.848797,
		-0.528377,
		0,
		0.146599,
		0.181666,
		-1.338584,
		1,
	},
	[0.433333333333] = {
		0.115134,
		0.526767,
		0.842176,
		0,
		0.993159,
		-0.044439,
		-0.107979,
		0,
		-0.019454,
		0.848847,
		-0.52828,
		0,
		0.147284,
		0.181978,
		-1.338466,
		1,
	},
	[0.45] = {
		0.114146,
		0.526799,
		0.842291,
		0,
		0.99326,
		-0.043343,
		-0.107497,
		0,
		-0.020122,
		0.848884,
		-0.528196,
		0,
		0.147742,
		0.182288,
		-1.338373,
		1,
	},
	[0.466666666667] = {
		0.113104,
		0.526859,
		0.842393,
		0,
		0.993363,
		-0.042116,
		-0.107033,
		0,
		-0.020913,
		0.848908,
		-0.528126,
		0,
		0.148148,
		0.182594,
		-1.338287,
		1,
	},
	[0.483333333333] = {
		0.112014,
		0.526947,
		0.842484,
		0,
		0.993467,
		-0.040768,
		-0.106589,
		0,
		-0.021821,
		0.84892,
		-0.528071,
		0,
		0.148504,
		0.182896,
		-1.338206,
		1,
	},
	[0.4] = {
		0.117327,
		0.526798,
		0.841854,
		0,
		0.992916,
		-0.0462,
		-0.10947,
		0,
		-0.018775,
		0.848734,
		-0.528487,
		0,
		0.145575,
		0.181351,
		-1.338738,
		1,
	},
	[0.516666666667] = {
		0.109717,
		0.527194,
		0.842632,
		0,
		0.993674,
		-0.037746,
		-0.105769,
		0,
		-0.023955,
		0.848906,
		-0.528,
		0,
		0.14906,
		0.183489,
		-1.338063,
		1,
	},
	[0.533333333333] = {
		0.108523,
		0.527349,
		0.84269,
		0,
		0.993775,
		-0.03609,
		-0.105395,
		0,
		-0.025167,
		0.848882,
		-0.527983,
		0,
		0.14926,
		0.183778,
		-1.338001,
		1,
	},
	[0.55] = {
		0.107305,
		0.527523,
		0.842737,
		0,
		0.993874,
		-0.034351,
		-0.105047,
		0,
		-0.026466,
		0.848846,
		-0.527977,
		0,
		0.149407,
		0.184062,
		-1.337946,
		1,
	},
	[0.566666666667] = {
		0.106072,
		0.527714,
		0.842773,
		0,
		0.993969,
		-0.032537,
		-0.104728,
		0,
		-0.027845,
		0.848799,
		-0.527982,
		0,
		0.149501,
		0.184341,
		-1.337897,
		1,
	},
	[0.583333333333] = {
		0.104828,
		0.527924,
		0.842797,
		0,
		0.994059,
		-0.030659,
		-0.104438,
		0,
		-0.029296,
		0.848738,
		-0.528002,
		0,
		0.149542,
		0.184606,
		-1.337856,
		1,
	},
	[0.5] = {
		0.110883,
		0.527059,
		0.842564,
		0,
		0.993571,
		-0.039308,
		-0.106167,
		0,
		-0.022837,
		0.848919,
		-0.528029,
		0,
		0.148808,
		0.183195,
		-1.338131,
		1,
	},
	[0.616666666667] = {
		0.102335,
		0.528411,
		0.842798,
		0,
		0.994223,
		-0.026746,
		-0.103952,
		0,
		-0.032388,
		0.848567,
		-0.528096,
		0,
		0.149462,
		0.185072,
		-1.3378,
		1,
	},
	[0.633333333333] = {
		0.101098,
		0.528684,
		0.842777,
		0,
		0.994295,
		-0.024731,
		-0.10376,
		0,
		-0.034013,
		0.848459,
		-0.528168,
		0,
		0.149342,
		0.185272,
		-1.337786,
		1,
	},
	[0.65] = {
		0.099876,
		0.528973,
		0.842741,
		0,
		0.99436,
		-0.02269,
		-0.103603,
		0,
		-0.035682,
		0.848335,
		-0.528255,
		0,
		0.149166,
		0.18545,
		-1.337781,
		1,
	},
	[0.666666666667] = {
		0.098676,
		0.529276,
		0.842692,
		0,
		0.994417,
		-0.020631,
		-0.103485,
		0,
		-0.037387,
		0.848199,
		-0.528357,
		0,
		0.148937,
		0.185607,
		-1.337785,
		1,
	},
	[0.683333333333] = {
		0.097503,
		0.529593,
		0.84263,
		0,
		0.994466,
		-0.018563,
		-0.103405,
		0,
		-0.03912,
		0.848049,
		-0.528472,
		0,
		0.148652,
		0.185742,
		-1.337798,
		1,
	},
	[0.6] = {
		0.10358,
		0.528157,
		0.842805,
		0,
		0.994144,
		-0.028725,
		-0.104179,
		0,
		-0.030813,
		0.84866,
		-0.52804,
		0,
		0.149529,
		0.18485,
		-1.337823,
		1,
	},
	[0.716666666667] = {
		0.095248,
		0.530255,
		0.842471,
		0,
		0.99454,
		-0.014442,
		-0.10335,
		0,
		-0.042635,
		0.847715,
		-0.528736,
		0,
		0.147942,
		0.185948,
		-1.337848,
		1,
	},
	[0.733333333333] = {
		0.094144,
		0.530598,
		0.842379,
		0,
		0.994569,
		-0.012407,
		-0.103338,
		0,
		-0.04438,
		0.847533,
		-0.528885,
		0,
		0.147571,
		0.186019,
		-1.337879,
		1,
	},
	[0.75] = {
		0.093059,
		0.530947,
		0.84228,
		0,
		0.994593,
		-0.010401,
		-0.10333,
		0,
		-0.046102,
		0.847341,
		-0.529044,
		0,
		0.1472,
		0.186069,
		-1.337913,
		1,
	},
	[0.766666666667] = {
		0.091996,
		0.531298,
		0.842175,
		0,
		0.994612,
		-0.008434,
		-0.103327,
		0,
		-0.047794,
		0.847143,
		-0.529211,
		0,
		0.146831,
		0.186097,
		-1.337949,
		1,
	},
	[0.783333333333] = {
		0.09096,
		0.531652,
		0.842064,
		0,
		0.994626,
		-0.006515,
		-0.103327,
		0,
		-0.049447,
		0.846938,
		-0.529388,
		0,
		0.146466,
		0.186105,
		-1.337988,
		1,
	},
	[0.7] = {
		0.096363,
		0.52992,
		0.842555,
		0,
		0.994507,
		-0.016497,
		-0.103366,
		0,
		-0.040876,
		0.847887,
		-0.528598,
		0,
		0.148312,
		0.185856,
		-1.33782,
		1,
	},
	[0.816666666667] = {
		0.088993,
		0.532358,
		0.841828,
		0,
		0.994642,
		-0.00286,
		-0.103339,
		0,
		-0.052605,
		0.846514,
		-0.52976,
		0,
		0.145754,
		0.186058,
		-1.338072,
		1,
	},
	[0.833333333333] = {
		0.088071,
		0.532708,
		0.841704,
		0,
		0.994644,
		-0.001142,
		-0.103351,
		0,
		-0.054094,
		0.846299,
		-0.529955,
		0,
		0.145412,
		0.186004,
		-1.338117,
		1,
	},
	[0.85] = {
		0.087196,
		0.533052,
		0.841577,
		0,
		0.994643,
		0.00049,
		-0.103366,
		0,
		-0.055512,
		0.846082,
		-0.530154,
		0,
		0.145081,
		0.18593,
		-1.338163,
		1,
	},
	[0.866666666667] = {
		0.086375,
		0.533391,
		0.841447,
		0,
		0.994639,
		0.002028,
		-0.103385,
		0,
		-0.056851,
		0.845866,
		-0.530357,
		0,
		0.144764,
		0.185836,
		-1.338211,
		1,
	},
	[0.883333333333] = {
		0.085611,
		0.533722,
		0.841315,
		0,
		0.994633,
		0.003461,
		-0.103408,
		0,
		-0.058103,
		0.845653,
		-0.530562,
		0,
		0.144462,
		0.185722,
		-1.338259,
		1,
	},
	[0.8] = {
		0.089958,
		0.532006,
		0.841949,
		0,
		0.994636,
		-0.004654,
		-0.103331,
		0,
		-0.051054,
		0.846728,
		-0.529571,
		0,
		0.146106,
		0.186092,
		-1.338029,
		1,
	},
	[0.916666666667] = {
		0.084278,
		0.534356,
		0.841048,
		0,
		0.994615,
		0.005977,
		-0.103464,
		0,
		-0.060314,
		0.845239,
		-0.530975,
		0,
		0.143911,
		0.185435,
		-1.338359,
		1,
	},
	[0.933333333333] = {
		0.083719,
		0.534655,
		0.840913,
		0,
		0.994605,
		0.007041,
		-0.103497,
		0,
		-0.061256,
		0.845041,
		-0.531181,
		0,
		0.143666,
		0.185263,
		-1.338409,
		1,
	},
	[0.95] = {
		0.083237,
		0.534941,
		0.840779,
		0,
		0.994594,
		0.007964,
		-0.103532,
		0,
		-0.06208,
		0.844852,
		-0.531386,
		0,
		0.143444,
		0.185071,
		-1.338459,
		1,
	},
	[0.966666666667] = {
		0.082839,
		0.535211,
		0.840647,
		0,
		0.994584,
		0.008736,
		-0.10357,
		0,
		-0.062776,
		0.844673,
		-0.531589,
		0,
		0.143247,
		0.184861,
		-1.338509,
		1,
	},
	[0.983333333333] = {
		0.082529,
		0.535465,
		0.840515,
		0,
		0.994574,
		0.009348,
		-0.103611,
		0,
		-0.063337,
		0.844506,
		-0.531788,
		0,
		0.143077,
		0.184633,
		-1.338559,
		1,
	},
	[0.9] = {
		0.084911,
		0.534044,
		0.841182,
		0,
		0.994625,
		0.00478,
		-0.103435,
		0,
		-0.05926,
		0.845443,
		-0.530768,
		0,
		0.144177,
		0.185588,
		-1.338309,
		1,
	},
	[1.01666666667] = {
		0.082194,
		0.535917,
		0.84026,
		0,
		0.994558,
		0.010052,
		-0.103699,
		0,
		-0.064021,
		0.844211,
		-0.532174,
		0,
		0.142826,
		0.184121,
		-1.338656,
		1,
	},
	[1.03333333333] = {
		0.082179,
		0.536111,
		0.840138,
		0,
		0.994552,
		0.010127,
		-0.103745,
		0,
		-0.064127,
		0.844086,
		-0.532359,
		0,
		0.142748,
		0.183838,
		-1.338703,
		1,
	},
	[1.05] = {
		0.082226,
		0.53629,
		0.840019,
		0,
		0.994548,
		0.01009,
		-0.103793,
		0,
		-0.064139,
		0.843973,
		-0.532536,
		0,
		0.142689,
		0.183549,
		-1.338749,
		1,
	},
	[1.06666666667] = {
		0.082289,
		0.536459,
		0.839905,
		0,
		0.994543,
		0.010025,
		-0.103842,
		0,
		-0.064127,
		0.843867,
		-0.532707,
		0,
		0.142634,
		0.183268,
		-1.338794,
		1,
	},
	[1.08333333333] = {
		0.082368,
		0.536617,
		0.839796,
		0,
		0.994539,
		0.009933,
		-0.103892,
		0,
		-0.064092,
		0.843767,
		-0.532868,
		0,
		0.142582,
		0.182996,
		-1.338836,
		1,
	},
	{
		0.082312,
		0.535701,
		0.840386,
		0,
		0.994565,
		0.009789,
		-0.103654,
		0,
		-0.063754,
		0.844351,
		-0.531984,
		0,
		0.142936,
		0.184386,
		-1.338608,
		1,
	},
	[1.11666666667] = {
		0.082568,
		0.536898,
		0.839597,
		0,
		0.994531,
		0.009677,
		-0.103994,
		0,
		-0.063959,
		0.843591,
		-0.533163,
		0,
		0.142491,
		0.182488,
		-1.338915,
		1,
	},
	[1.13333333333] = {
		0.082688,
		0.53702,
		0.839507,
		0,
		0.994527,
		0.009517,
		-0.104045,
		0,
		-0.063864,
		0.843516,
		-0.533294,
		0,
		0.14245,
		0.182254,
		-1.338952,
		1,
	},
	[1.15] = {
		0.08282,
		0.537128,
		0.839425,
		0,
		0.994523,
		0.009337,
		-0.104096,
		0,
		-0.06375,
		0.843449,
		-0.533413,
		0,
		0.142413,
		0.182037,
		-1.338985,
		1,
	},
	[1.16666666667] = {
		0.082962,
		0.537221,
		0.839352,
		0,
		0.99452,
		0.009139,
		-0.104148,
		0,
		-0.063621,
		0.843392,
		-0.533519,
		0,
		0.142379,
		0.181837,
		-1.339016,
		1,
	},
	[1.18333333333] = {
		0.083113,
		0.537303,
		0.839284,
		0,
		0.994516,
		0.008924,
		-0.104199,
		0,
		-0.063477,
		0.843342,
		-0.533615,
		0,
		0.142348,
		0.18165,
		-1.339045,
		1,
	},
	[1.1] = {
		0.082461,
		0.536764,
		0.839693,
		0,
		0.994535,
		0.009817,
		-0.103943,
		0,
		-0.064036,
		0.843675,
		-0.533021,
		0,
		0.142535,
		0.182736,
		-1.338877,
		1,
	},
	[1.21666666667] = {
		0.083442,
		0.537449,
		0.839158,
		0,
		0.99451,
		0.008451,
		-0.104302,
		0,
		-0.063148,
		0.843254,
		-0.533794,
		0,
		0.142295,
		0.181292,
		-1.339099,
		1,
	},
	[1.23333333333] = {
		0.083617,
		0.537514,
		0.839099,
		0,
		0.994507,
		0.008194,
		-0.104353,
		0,
		-0.062967,
		0.843215,
		-0.533876,
		0,
		0.142272,
		0.181121,
		-1.339124,
		1,
	},
	[1.25] = {
		0.083798,
		0.537572,
		0.839043,
		0,
		0.994503,
		0.007927,
		-0.104403,
		0,
		-0.062776,
		0.84318,
		-0.533953,
		0,
		0.142252,
		0.180956,
		-1.339149,
		1,
	},
	[1.26666666667] = {
		0.083984,
		0.537626,
		0.838991,
		0,
		0.9945,
		0.007651,
		-0.104453,
		0,
		-0.062576,
		0.843149,
		-0.534027,
		0,
		0.142234,
		0.180797,
		-1.339172,
		1,
	},
	[1.28333333333] = {
		0.084173,
		0.537674,
		0.838941,
		0,
		0.994497,
		0.007368,
		-0.104503,
		0,
		-0.062369,
		0.84312,
		-0.534095,
		0,
		0.142218,
		0.180643,
		-1.339195,
		1,
	},
	[1.2] = {
		0.083274,
		0.537379,
		0.839219,
		0,
		0.994513,
		0.008695,
		-0.104251,
		0,
		-0.063319,
		0.843296,
		-0.533707,
		0,
		0.14232,
		0.181468,
		-1.339072,
		1,
	},
	[1.31666666667] = {
		0.08456,
		0.537757,
		0.838849,
		0,
		0.994491,
		0.006784,
		-0.104599,
		0,
		-0.061939,
		0.843073,
		-0.534221,
		0,
		0.142194,
		0.180354,
		-1.339236,
		1,
	},
	[1.33333333333] = {
		0.084755,
		0.537791,
		0.838807,
		0,
		0.994488,
		0.006488,
		-0.104645,
		0,
		-0.061719,
		0.843053,
		-0.534277,
		0,
		0.142184,
		0.180218,
		-1.339255,
		1,
	},
	[1.35] = {
		0.08495,
		0.537822,
		0.838768,
		0,
		0.994486,
		0.00619,
		-0.10469,
		0,
		-0.061497,
		0.843036,
		-0.53433,
		0,
		0.142176,
		0.180088,
		-1.339274,
		1,
	},
	[1.36666666667] = {
		0.085145,
		0.537848,
		0.838731,
		0,
		0.994483,
		0.005892,
		-0.104735,
		0,
		-0.061273,
		0.843021,
		-0.534379,
		0,
		0.14217,
		0.179964,
		-1.339291,
		1,
	},
	[1.38333333333] = {
		0.085337,
		0.537871,
		0.838697,
		0,
		0.99448,
		0.005597,
		-0.104777,
		0,
		-0.061051,
		0.843009,
		-0.534424,
		0,
		0.142165,
		0.179847,
		-1.339307,
		1,
	},
	[1.3] = {
		0.084366,
		0.537718,
		0.838893,
		0,
		0.994494,
		0.007078,
		-0.104551,
		0,
		-0.062157,
		0.843095,
		-0.53416,
		0,
		0.142205,
		0.180495,
		-1.339216,
		1,
	},
	[1.41666666667] = {
		0.085711,
		0.537907,
		0.838636,
		0,
		0.994475,
		0.005019,
		-0.104858,
		0,
		-0.060613,
		0.842989,
		-0.534505,
		0,
		0.142159,
		0.17963,
		-1.339337,
		1,
	},
	[1.43333333333] = {
		0.085892,
		0.53792,
		0.838608,
		0,
		0.994472,
		0.00474,
		-0.104896,
		0,
		-0.060401,
		0.842982,
		-0.53454,
		0,
		0.142158,
		0.179532,
		-1.33935,
		1,
	},
	[1.45] = {
		0.086066,
		0.537931,
		0.838584,
		0,
		0.994469,
		0.004469,
		-0.104932,
		0,
		-0.060194,
		0.842977,
		-0.534572,
		0,
		0.142158,
		0.179439,
		-1.339363,
		1,
	},
	[1.46666666667] = {
		0.086234,
		0.53794,
		0.838561,
		0,
		0.994467,
		0.004208,
		-0.104966,
		0,
		-0.059994,
		0.842973,
		-0.534601,
		0,
		0.142159,
		0.179353,
		-1.339374,
		1,
	},
	[1.48333333333] = {
		0.086394,
		0.537946,
		0.83854,
		0,
		0.994465,
		0.003959,
		-0.104998,
		0,
		-0.059803,
		0.84297,
		-0.534626,
		0,
		0.14216,
		0.179274,
		-1.339385,
		1,
	},
	[1.4] = {
		0.085526,
		0.537891,
		0.838665,
		0,
		0.994477,
		0.005306,
		-0.104819,
		0,
		-0.060831,
		0.842998,
		-0.534466,
		0,
		0.142162,
		0.179735,
		-1.339323,
		1,
	},
	[1.51666666667] = {
		0.086686,
		0.537954,
		0.838505,
		0,
		0.99446,
		0.003502,
		-0.105056,
		0,
		-0.059452,
		0.842967,
		-0.53467,
		0,
		0.142164,
		0.179135,
		-1.339403,
		1,
	},
	[1.53333333333] = {
		0.086817,
		0.537955,
		0.838491,
		0,
		0.994458,
		0.003297,
		-0.105081,
		0,
		-0.059294,
		0.842967,
		-0.534688,
		0,
		0.142167,
		0.179075,
		-1.339411,
		1,
	},
	[1.55] = {
		0.086936,
		0.537956,
		0.838478,
		0,
		0.994456,
		0.003111,
		-0.105104,
		0,
		-0.05915,
		0.842967,
		-0.534703,
		0,
		0.142169,
		0.179023,
		-1.339417,
		1,
	},
	[1.56666666667] = {
		0.087042,
		0.537955,
		0.838468,
		0,
		0.994455,
		0.002944,
		-0.105124,
		0,
		-0.05902,
		0.842968,
		-0.534716,
		0,
		0.142172,
		0.178977,
		-1.339423,
		1,
	},
	[1.58333333333] = {
		0.087134,
		0.537954,
		0.838459,
		0,
		0.994453,
		0.002799,
		-0.105141,
		0,
		-0.058907,
		0.84297,
		-0.534726,
		0,
		0.142175,
		0.178938,
		-1.339428,
		1,
	},
	[1.5] = {
		0.086545,
		0.537951,
		0.838522,
		0,
		0.994462,
		0.003723,
		-0.105028,
		0,
		-0.059622,
		0.842968,
		-0.53465,
		0,
		0.142162,
		0.179201,
		-1.339394,
		1,
	},
	[1.61666666667] = {
		0.087274,
		0.537951,
		0.838446,
		0,
		0.994451,
		0.002578,
		-0.105167,
		0,
		-0.058736,
		0.842972,
		-0.534741,
		0,
		0.14218,
		0.178881,
		-1.339435,
		1,
	},
	[1.63333333333] = {
		0.08732,
		0.53795,
		0.838442,
		0,
		0.994451,
		0.002506,
		-0.105175,
		0,
		-0.05868,
		0.842973,
		-0.534745,
		0,
		0.142181,
		0.178863,
		-1.339437,
		1,
	},
	[1.65] = {
		0.087348,
		0.537949,
		0.83844,
		0,
		0.99445,
		0.002461,
		-0.10518,
		0,
		-0.058645,
		0.842974,
		-0.534748,
		0,
		0.142183,
		0.178852,
		-1.339439,
		1,
	},
	[1.66666666667] = {
		0.087358,
		0.537948,
		0.838439,
		0,
		0.99445,
		0.002446,
		-0.105182,
		0,
		-0.058633,
		0.842974,
		-0.534749,
		0,
		0.142183,
		0.178848,
		-1.339439,
		1,
	},
	[1.6] = {
		0.087212,
		0.537953,
		0.838452,
		0,
		0.994452,
		0.002676,
		-0.105155,
		0,
		-0.058812,
		0.842971,
		-0.534735,
		0,
		0.142177,
		0.178906,
		-1.339432,
		1,
	},
}

return spline_matrices
