-- chunkname: @content/characters/player/ogryn/first_person/animations/2h_axe/heavy_attack_down_right.lua

local spline_matrices = {
	[0.0166666666667] = {
		0.273527,
		0.032813,
		-0.961304,
		0,
		0.96114,
		-0.048103,
		0.271838,
		0,
		-0.037321,
		-0.998303,
		-0.044696,
		0,
		-0.543644,
		0.664489,
		0.31464,
		1,
	},
	[0.0333333333333] = {
		0.26921,
		0.074004,
		-0.960234,
		0,
		0.962783,
		-0.045496,
		0.266419,
		0,
		-0.023971,
		-0.996219,
		-0.083497,
		0,
		-0.542004,
		0.685257,
		0.329012,
		1,
	},
	[0.05] = {
		0.262308,
		0.128029,
		-0.956453,
		0,
		0.96496,
		-0.041838,
		0.25904,
		0,
		-0.006852,
		-0.990887,
		-0.134517,
		0,
		-0.538185,
		0.715015,
		0.349057,
		1,
	},
	[0.0666666666667] = {
		0.253623,
		0.181664,
		-0.950091,
		0,
		0.967251,
		-0.037389,
		0.251054,
		0,
		0.010085,
		-0.982649,
		-0.185198,
		0,
		-0.5313,
		0.750137,
		0.370771,
		1,
	},
	[0.0833333333333] = {
		0.244638,
		0.22203,
		-0.943851,
		0,
		0.96933,
		-0.032437,
		0.243611,
		0,
		0.023474,
		-0.9745,
		-0.223156,
		0,
		-0.520464,
		0.786941,
		0.390215,
		1,
	},
	[0] = {
		0.275008,
		0.017697,
		-0.961279,
		0,
		0.960494,
		-0.049452,
		0.273873,
		0,
		-0.042691,
		-0.998619,
		-0.030597,
		0,
		-0.543992,
		0.656283,
		0.309992,
		1,
	},
	[0.116666666667] = {
		0.230594,
		0.202728,
		-0.951697,
		0,
		0.972705,
		-0.021999,
		0.230999,
		0,
		0.025894,
		-0.978988,
		-0.202267,
		0,
		-0.479233,
		0.855536,
		0.406674,
		1,
	},
	[0.133333333333] = {
		0.22323,
		0.109274,
		-0.968621,
		0,
		0.974733,
		-0.01684,
		0.222739,
		0,
		0.008028,
		-0.993869,
		-0.110272,
		0,
		-0.44082,
		0.891303,
		0.398384,
		1,
	},
	[0.15] = {
		0.214509,
		-0.037296,
		-0.976009,
		0,
		0.976595,
		-0.007925,
		0.21494,
		0,
		-0.015751,
		-0.999273,
		0.034724,
		0,
		-0.391729,
		0.927605,
		0.375423,
		1,
	},
	[0.166666666667] = {
		0.203542,
		-0.226578,
		-0.952488,
		0,
		0.978031,
		0.002335,
		0.208445,
		0,
		-0.045005,
		-0.97399,
		0.222075,
		0,
		-0.334127,
		0.962961,
		0.33082,
		1,
	},
	[0.183333333333] = {
		0.186779,
		-0.440347,
		-0.878184,
		0,
		0.979065,
		0.00982,
		0.203311,
		0,
		-0.080903,
		-0.897774,
		0.432962,
		0,
		-0.27018,
		0.995849,
		0.258191,
		1,
	},
	[0.1] = {
		0.237187,
		0.2367,
		-0.942186,
		0,
		0.970982,
		-0.027221,
		0.237598,
		0,
		0.030592,
		-0.971201,
		-0.236288,
		0,
		-0.504787,
		0.821688,
		0.403514,
		1,
	},
	[0.216666666667] = {
		0.082702,
		-0.929312,
		-0.359916,
		0,
		0.981173,
		0.01268,
		0.192715,
		0,
		-0.174528,
		-0.369078,
		0.912864,
		0,
		-0.116213,
		1.047214,
		-0.058858,
		1,
	},
	[0.233333333333] = {
		-0.025552,
		-0.990848,
		0.132539,
		0,
		0.979522,
		0.00167,
		0.201332,
		0,
		-0.199711,
		0.134969,
		0.970515,
		0,
		-0.000644,
		1.05858,
		-0.355377,
		1,
	},
	[0.25] = {
		-0.210583,
		-0.469184,
		0.857625,
		0,
		0.972966,
		-0.015495,
		0.230428,
		0,
		-0.094824,
		0.882964,
		0.459763,
		0,
		0.105037,
		1.061064,
		-0.620292,
		1,
	},
	[0.266666666667] = {
		-0.241465,
		-0.239455,
		0.940402,
		0,
		0.969571,
		-0.019261,
		0.244051,
		0,
		-0.040326,
		0.970716,
		0.23682,
		0,
		0.172955,
		1.001044,
		-0.783004,
		1,
	},
	[0.283333333333] = {
		-0.25745,
		-0.137145,
		0.95651,
		0,
		0.966139,
		-0.018939,
		0.257326,
		0,
		-0.017176,
		0.99037,
		0.137377,
		0,
		0.212846,
		0.892636,
		-0.892972,
		1,
	},
	[0.2] = {
		0.152022,
		-0.693452,
		-0.704282,
		0,
		0.980368,
		0.015265,
		0.196585,
		0,
		-0.125571,
		-0.720341,
		0.682159,
		0,
		-0.205306,
		1.024593,
		0.150983,
		1,
	},
	[0.316666666667] = {
		-0.311256,
		0.173655,
		0.934325,
		0,
		0.949908,
		0.027687,
		0.311301,
		0,
		0.02819,
		0.984417,
		-0.173574,
		0,
		0.289454,
		0.673786,
		-1.067592,
		1,
	},
	[0.333333333333] = {
		-0.321884,
		0.296259,
		0.899233,
		0,
		0.944981,
		0.042021,
		0.324416,
		0,
		0.058325,
		0.954183,
		-0.293485,
		0,
		0.317385,
		0.576975,
		-1.129532,
		1,
	},
	[0.35] = {
		-0.318488,
		0.377007,
		0.869731,
		0,
		0.944295,
		0.045944,
		0.325877,
		0,
		0.082898,
		0.92507,
		-0.370638,
		0,
		0.326229,
		0.503475,
		-1.177541,
		1,
	},
	[0.366666666667] = {
		-0.280403,
		0.425365,
		0.860487,
		0,
		0.955893,
		0.042095,
		0.290683,
		0,
		0.087424,
		0.904042,
		-0.418407,
		0,
		0.308726,
		0.442461,
		-1.218084,
		1,
	},
	[0.383333333333] = {
		-0.2026,
		0.457326,
		0.865913,
		0,
		0.977134,
		0.036152,
		0.209529,
		0,
		0.064519,
		0.888563,
		-0.454194,
		0,
		0.270833,
		0.384083,
		-1.254084,
		1,
	},
	[0.3] = {
		-0.285243,
		0.020792,
		0.958229,
		0,
		0.958447,
		0.002113,
		0.285262,
		0,
		0.003906,
		0.999781,
		-0.020531,
		0,
		0.251102,
		0.785677,
		-0.987683,
		1,
	},
	[0.416666666667] = {
		-0.012402,
		0.48977,
		0.871763,
		0,
		0.999648,
		0.026531,
		-0.000685,
		0,
		-0.023464,
		0.871448,
		-0.489926,
		0,
		0.176876,
		0.287209,
		-1.30888,
		1,
	},
	[0.433333333333] = {
		0.058648,
		0.496094,
		0.866285,
		0,
		0.996416,
		0.023895,
		-0.081142,
		0,
		-0.060954,
		0.86794,
		-0.492915,
		0,
		0.141512,
		0.257029,
		-1.324645,
		1,
	},
	[0.45] = {
		0.086199,
		0.496759,
		0.863597,
		0,
		0.993383,
		0.023176,
		-0.112485,
		0,
		-0.075893,
		0.867579,
		-0.491474,
		0,
		0.128236,
		0.247619,
		-1.329864,
		1,
	},
	[0.466666666667] = {
		0.085204,
		0.495217,
		0.864581,
		0,
		0.993504,
		0.023463,
		-0.111348,
		0,
		-0.075427,
		0.868452,
		-0.490001,
		0,
		0.12968,
		0.250015,
		-1.329276,
		1,
	},
	[0.483333333333] = {
		0.084259,
		0.493919,
		0.865416,
		0,
		0.993633,
		0.023542,
		-0.110178,
		0,
		-0.074793,
		0.869189,
		-0.48879,
		0,
		0.13122,
		0.251986,
		-1.328753,
		1,
	},
	[0.4] = {
		-0.106476,
		0.477426,
		0.872196,
		0,
		0.994044,
		0.030635,
		0.104582,
		0,
		0.023211,
		0.878137,
		-0.477845,
		0,
		0.223573,
		0.331362,
		-1.284694,
		1,
	},
	[0.516666666667] = {
		0.082562,
		0.492023,
		0.866658,
		0,
		0.993874,
		0.02346,
		-0.108,
		0,
		-0.073471,
		0.870266,
		-0.487072,
		0,
		0.134144,
		0.25481,
		-1.327922,
		1,
	},
	[0.533333333333] = {
		0.081928,
		0.491395,
		0.867075,
		0,
		0.993971,
		0.023317,
		-0.107133,
		0,
		-0.072862,
		0.870624,
		-0.486522,
		0,
		0.135337,
		0.255715,
		-1.327627,
		1,
	},
	[0.55] = {
		0.081514,
		0.490959,
		0.867361,
		0,
		0.994043,
		0.023119,
		-0.106505,
		0,
		-0.072342,
		0.870876,
		-0.48615,
		0,
		0.136224,
		0.256317,
		-1.32742,
		1,
	},
	[0.566666666667] = {
		0.081248,
		0.490699,
		0.867533,
		0,
		0.994099,
		0.022866,
		-0.106035,
		0,
		-0.071868,
		0.871029,
		-0.485945,
		0,
		0.136917,
		0.256642,
		-1.327286,
		1,
	},
	[0.583333333333] = {
		0.081021,
		0.490597,
		0.867611,
		0,
		0.994154,
		0.022555,
		-0.105592,
		0,
		-0.071372,
		0.871094,
		-0.485902,
		0,
		0.137589,
		0.256713,
		-1.327203,
		1,
	},
	[0.5] = {
		0.083359,
		0.492859,
		0.866107,
		0,
		0.993759,
		0.023538,
		-0.109039,
		0,
		-0.074127,
		0.86979,
		-0.487821,
		0,
		0.132739,
		0.253576,
		-1.328299,
		1,
	},
	[0.616666666667] = {
		0.08068,
		0.490868,
		0.86749,
		0,
		0.994256,
		0.021774,
		-0.104791,
		0,
		-0.070327,
		0.870962,
		-0.486292,
		0,
		0.13886,
		0.256103,
		-1.327188,
		1,
	},
	[0.633333333333] = {
		0.080567,
		0.491234,
		0.867293,
		0,
		0.994303,
		0.021309,
		-0.104435,
		0,
		-0.069783,
		0.870767,
		-0.486719,
		0,
		0.139455,
		0.255433,
		-1.327255,
		1,
	},
	[0.65] = {
		0.080492,
		0.491743,
		0.867012,
		0,
		0.994348,
		0.0208,
		-0.104111,
		0,
		-0.069229,
		0.870492,
		-0.48729,
		0,
		0.14002,
		0.254537,
		-1.327368,
		1,
	},
	[0.666666666667] = {
		0.080454,
		0.492386,
		0.86665,
		0,
		0.99439,
		0.020249,
		-0.103818,
		0,
		-0.068667,
		0.870141,
		-0.487995,
		0,
		0.140552,
		0.253427,
		-1.327524,
		1,
	},
	[0.683333333333] = {
		0.080455,
		0.493155,
		0.866213,
		0,
		0.994429,
		0.019662,
		-0.103557,
		0,
		-0.068101,
		0.869719,
		-0.488826,
		0,
		0.14105,
		0.252119,
		-1.32772,
		1,
	},
	[0.6] = {
		0.080831,
		0.490653,
		0.867598,
		0,
		0.994206,
		0.022191,
		-0.105177,
		0,
		-0.070858,
		0.871072,
		-0.486016,
		0,
		0.138237,
		0.256534,
		-1.32717,
		1,
	},
	[0.716666666667] = {
		0.080567,
		0.495037,
		0.865128,
		0,
		0.994497,
		0.018388,
		-0.103137,
		0,
		-0.066965,
		0.868677,
		-0.490831,
		0,
		0.14193,
		0.248956,
		-1.328223,
		1,
	},
	[0.733333333333] = {
		0.08068,
		0.496132,
		0.86449,
		0,
		0.994526,
		0.017709,
		-0.102979,
		0,
		-0.066401,
		0.868066,
		-0.491987,
		0,
		0.142309,
		0.247128,
		-1.328524,
		1,
	},
	[0.75] = {
		0.08083,
		0.497319,
		0.863794,
		0,
		0.994551,
		0.017007,
		-0.102857,
		0,
		-0.065843,
		0.867401,
		-0.493234,
		0,
		0.142643,
		0.245154,
		-1.328853,
		1,
	},
	[0.766666666667] = {
		0.081016,
		0.498589,
		0.863044,
		0,
		0.994572,
		0.016285,
		-0.102771,
		0,
		-0.065295,
		0.866685,
		-0.494563,
		0,
		0.14293,
		0.243047,
		-1.32921,
		1,
	},
	[0.783333333333] = {
		0.08124,
		0.499934,
		0.862245,
		0,
		0.994589,
		0.015545,
		-0.102723,
		0,
		-0.064758,
		0.865924,
		-0.495966,
		0,
		0.143168,
		0.24082,
		-1.329589,
		1,
	},
	[0.7] = {
		0.080492,
		0.494042,
		0.865704,
		0,
		0.994465,
		0.01904,
		-0.10333,
		0,
		-0.067532,
		0.869229,
		-0.489774,
		0,
		0.14151,
		0.250624,
		-1.327954,
		1,
	},
	[0.816666666667] = {
		0.081798,
		0.502814,
		0.860516,
		0,
		0.994609,
		0.01403,
		-0.102742,
		0,
		-0.063733,
		0.864281,
		-0.498955,
		0,
		0.143488,
		0.236059,
		-1.330408,
		1,
	},
	[0.833333333333] = {
		0.082116,
		0.504332,
		0.859596,
		0,
		0.994614,
		0.01326,
		-0.102793,
		0,
		-0.06324,
		0.863408,
		-0.500527,
		0,
		0.143592,
		0.233552,
		-1.33084,
		1,
	},
	[0.85] = {
		0.082436,
		0.505891,
		0.858649,
		0,
		0.994619,
		0.012484,
		-0.102845,
		0,
		-0.062748,
		0.862507,
		-0.502139,
		0,
		0.14369,
		0.230978,
		-1.331278,
		1,
	},
	[0.866666666667] = {
		0.082758,
		0.507482,
		0.857679,
		0,
		0.994623,
		0.011707,
		-0.102898,
		0,
		-0.06226,
		0.861583,
		-0.503784,
		0,
		0.143784,
		0.22835,
		-1.331721,
		1,
	},
	[0.883333333333] = {
		0.083079,
		0.509097,
		0.85669,
		0,
		0.994626,
		0.010931,
		-0.102952,
		0,
		-0.061777,
		0.860639,
		-0.505453,
		0,
		0.143873,
		0.225682,
		-1.332166,
		1,
	},
	[0.8] = {
		0.081501,
		0.501345,
		0.8614,
		0,
		0.994601,
		0.014793,
		-0.102713,
		0,
		-0.064237,
		0.865121,
		-0.497433,
		0,
		0.143355,
		0.238486,
		-1.32999,
		1,
	},
	[0.916666666667] = {
		0.083717,
		0.512367,
		0.854676,
		0,
		0.994631,
		0.009399,
		-0.10306,
		0,
		-0.060837,
		0.858715,
		-0.50883,
		0,
		0.144034,
		0.220279,
		-1.333053,
		1,
	},
	[0.933333333333] = {
		0.08403,
		0.514006,
		0.853661,
		0,
		0.994632,
		0.008648,
		-0.103114,
		0,
		-0.060384,
		0.857743,
		-0.51052,
		0,
		0.144106,
		0.217571,
		-1.33349,
		1,
	},
	[0.95] = {
		0.084338,
		0.515635,
		0.852647,
		0,
		0.994632,
		0.007914,
		-0.103168,
		0,
		-0.059945,
		0.856771,
		-0.5122,
		0,
		0.144172,
		0.214876,
		-1.33392,
		1,
	},
	[0.966666666667] = {
		0.084638,
		0.517248,
		0.85164,
		0,
		0.994632,
		0.007198,
		-0.103221,
		0,
		-0.059521,
		0.855805,
		-0.513862,
		0,
		0.144231,
		0.212207,
		-1.33434,
		1,
	},
	[0.983333333333] = {
		0.084931,
		0.518836,
		0.850644,
		0,
		0.994632,
		0.006504,
		-0.103273,
		0,
		-0.059114,
		0.854849,
		-0.515498,
		0,
		0.144283,
		0.20958,
		-1.33475,
		1,
	},
	[0.9] = {
		0.0834,
		0.510729,
		0.855687,
		0,
		0.994629,
		0.010161,
		-0.103006,
		0,
		-0.061302,
		0.859682,
		-0.507138,
		0,
		0.143956,
		0.222987,
		-1.332611,
		1,
	},
	[1.01666666667] = {
		0.085484,
		0.521904,
		0.848709,
		0,
		0.994629,
		0.005196,
		-0.103376,
		0,
		-0.058362,
		0.852988,
		-0.518657,
		0,
		0.144367,
		0.204499,
		-1.335529,
		1,
	},
	[1.03333333333] = {
		0.085742,
		0.523369,
		0.847781,
		0,
		0.994627,
		0.004589,
		-0.103426,
		0,
		-0.058021,
		0.852093,
		-0.520164,
		0,
		0.144398,
		0.202073,
		-1.335895,
		1,
	},
	[1.05] = {
		0.085986,
		0.524778,
		0.846885,
		0,
		0.994624,
		0.004018,
		-0.103476,
		0,
		-0.057705,
		0.85123,
		-0.521611,
		0,
		0.144421,
		0.199742,
		-1.336243,
		1,
	},
	[1.06666666667] = {
		0.086215,
		0.526121,
		0.846028,
		0,
		0.994621,
		0.003486,
		-0.103525,
		0,
		-0.057416,
		0.850402,
		-0.52299,
		0,
		0.144436,
		0.197518,
		-1.336572,
		1,
	},
	[1.08333333333] = {
		0.086427,
		0.527392,
		0.845215,
		0,
		0.994617,
		0.002997,
		-0.103574,
		0,
		-0.057158,
		0.849617,
		-0.524294,
		0,
		0.144442,
		0.195416,
		-1.33688,
		1,
	},
	{
		0.085213,
		0.520391,
		0.849666,
		0,
		0.994631,
		0.005835,
		-0.103325,
		0,
		-0.058727,
		0.853908,
		-0.517099,
		0,
		0.144329,
		0.207006,
		-1.335147,
		1,
	},
	[1.11666666667] = {
		0.086794,
		0.529685,
		0.843742,
		0,
		0.994609,
		0.002162,
		-0.10367,
		0,
		-0.056736,
		0.848192,
		-0.526642,
		0,
		0.144429,
		0.19163,
		-1.337429,
		1,
	},
	[1.13333333333] = {
		0.086947,
		0.530691,
		0.843094,
		0,
		0.994605,
		0.001821,
		-0.103718,
		0,
		-0.056578,
		0.847563,
		-0.527669,
		0,
		0.144409,
		0.189974,
		-1.337668,
		1,
	},
	[1.15] = {
		0.087077,
		0.531593,
		0.842512,
		0,
		0.994601,
		0.001538,
		-0.103766,
		0,
		-0.056457,
		0.846998,
		-0.528589,
		0,
		0.144379,
		0.188493,
		-1.33788,
		1,
	},
	[1.16666666667] = {
		0.087183,
		0.532384,
		0.842001,
		0,
		0.994596,
		0.001314,
		-0.103814,
		0,
		-0.056376,
		0.846502,
		-0.529392,
		0,
		0.14434,
		0.187202,
		-1.338066,
		1,
	},
	[1.18333333333] = {
		0.087264,
		0.533055,
		0.841568,
		0,
		0.994591,
		0.001154,
		-0.103862,
		0,
		-0.056336,
		0.84608,
		-0.530071,
		0,
		0.14429,
		0.186113,
		-1.338223,
		1,
	},
	[1.1] = {
		0.08662,
		0.528582,
		0.844451,
		0,
		0.994613,
		0.002555,
		-0.103622,
		0,
		-0.05693,
		0.848878,
		-0.525514,
		0,
		0.14444,
		0.193449,
		-1.337166,
		1,
	},
	[1.21666666667] = {
		0.087357,
		0.534005,
		0.840956,
		0,
		0.994581,
		0.001015,
		-0.10396,
		0,
		-0.056369,
		0.84548,
		-0.531023,
		0,
		0.144165,
		0.184595,
		-1.338447,
		1,
	},
	[1.23333333333] = {
		0.087391,
		0.53433,
		0.840746,
		0,
		0.994576,
		0.000989,
		-0.104009,
		0,
		-0.056407,
		0.845275,
		-0.531346,
		0,
		0.144097,
		0.184082,
		-1.338525,
		1,
	},
	[1.25] = {
		0.087421,
		0.534637,
		0.840548,
		0,
		0.994571,
		0.000973,
		-0.104059,
		0,
		-0.056452,
		0.845081,
		-0.531649,
		0,
		0.144026,
		0.183599,
		-1.338599,
		1,
	},
	[1.26666666667] = {
		0.087447,
		0.534926,
		0.840361,
		0,
		0.994565,
		0.000967,
		-0.104109,
		0,
		-0.056503,
		0.844898,
		-0.531934,
		0,
		0.143954,
		0.183148,
		-1.338668,
		1,
	},
	[1.28333333333] = {
		0.087469,
		0.535197,
		0.840186,
		0,
		0.99456,
		0.000971,
		-0.104159,
		0,
		-0.056561,
		0.844726,
		-0.532201,
		0,
		0.14388,
		0.182726,
		-1.338734,
		1,
	},
	[1.2] = {
		0.087319,
		0.533599,
		0.841218,
		0,
		0.994586,
		0.001061,
		-0.103911,
		0,
		-0.056339,
		0.845737,
		-0.530617,
		0,
		0.144231,
		0.185241,
		-1.338351,
		1,
	},
	[1.31666666667] = {
		0.087504,
		0.535691,
		0.839868,
		0,
		0.99455,
		0.001003,
		-0.10426,
		0,
		-0.056693,
		0.844413,
		-0.532683,
		0,
		0.143728,
		0.181966,
		-1.338854,
		1,
	},
	[1.33333333333] = {
		0.087517,
		0.535913,
		0.839725,
		0,
		0.994544,
		0.001031,
		-0.10431,
		0,
		-0.056767,
		0.844272,
		-0.532899,
		0,
		0.143651,
		0.181627,
		-1.338908,
		1,
	},
	[1.35] = {
		0.087526,
		0.536121,
		0.839591,
		0,
		0.994539,
		0.001066,
		-0.10436,
		0,
		-0.056845,
		0.84414,
		-0.5331,
		0,
		0.143573,
		0.181313,
		-1.338959,
		1,
	},
	[1.36666666667] = {
		0.087533,
		0.536314,
		0.839467,
		0,
		0.994534,
		0.001107,
		-0.104409,
		0,
		-0.056926,
		0.844017,
		-0.533286,
		0,
		0.143495,
		0.181023,
		-1.339007,
		1,
	},
	[1.38333333333] = {
		0.087537,
		0.536493,
		0.839352,
		0,
		0.994529,
		0.001154,
		-0.104459,
		0,
		-0.05701,
		0.843904,
		-0.533457,
		0,
		0.143417,
		0.180757,
		-1.339051,
		1,
	},
	[1.3] = {
		0.087488,
		0.535452,
		0.840022,
		0,
		0.994555,
		0.000983,
		-0.104209,
		0,
		-0.056625,
		0.844565,
		-0.53245,
		0,
		0.143805,
		0.182332,
		-1.338796,
		1,
	},
	[1.41666666667] = {
		0.087539,
		0.536811,
		0.839149,
		0,
		0.994518,
		0.001263,
		-0.104555,
		0,
		-0.057186,
		0.843701,
		-0.533758,
		0,
		0.143261,
		0.180292,
		-1.33913,
		1,
	},
	[1.43333333333] = {
		0.087536,
		0.536951,
		0.839059,
		0,
		0.994513,
		0.001324,
		-0.104602,
		0,
		-0.057277,
		0.843612,
		-0.533889,
		0,
		0.143184,
		0.18009,
		-1.339166,
		1,
	},
	[1.45] = {
		0.087532,
		0.537079,
		0.838978,
		0,
		0.994508,
		0.001388,
		-0.104648,
		0,
		-0.057369,
		0.843531,
		-0.534008,
		0,
		0.143108,
		0.179909,
		-1.339198,
		1,
	},
	[1.46666666667] = {
		0.087527,
		0.537195,
		0.838904,
		0,
		0.994504,
		0.001455,
		-0.104693,
		0,
		-0.057461,
		0.843456,
		-0.534115,
		0,
		0.143033,
		0.179745,
		-1.339228,
		1,
	},
	[1.48333333333] = {
		0.087519,
		0.537301,
		0.838837,
		0,
		0.994499,
		0.001524,
		-0.104736,
		0,
		-0.057553,
		0.843389,
		-0.534212,
		0,
		0.14296,
		0.1796,
		-1.339256,
		1,
	},
	[1.4] = {
		0.087539,
		0.536658,
		0.839246,
		0,
		0.994523,
		0.001206,
		-0.104507,
		0,
		-0.057097,
		0.843798,
		-0.533614,
		0,
		0.143339,
		0.180514,
		-1.339092,
		1,
	},
	[1.51666666667] = {
		0.087501,
		0.537482,
		0.838723,
		0,
		0.99449,
		0.001666,
		-0.10482,
		0,
		-0.057736,
		0.843273,
		-0.534375,
		0,
		0.142819,
		0.179357,
		-1.339303,
		1,
	},
	[1.53333333333] = {
		0.087491,
		0.537558,
		0.838675,
		0,
		0.994486,
		0.001738,
		-0.104859,
		0,
		-0.057825,
		0.843224,
		-0.534442,
		0,
		0.142751,
		0.179258,
		-1.339324,
		1,
	},
	[1.55] = {
		0.08748,
		0.537626,
		0.838633,
		0,
		0.994481,
		0.001809,
		-0.104897,
		0,
		-0.057912,
		0.843181,
		-0.534501,
		0,
		0.142687,
		0.179173,
		-1.339342,
		1,
	},
	[1.56666666667] = {
		0.087468,
		0.537685,
		0.838596,
		0,
		0.994478,
		0.00188,
		-0.104933,
		0,
		-0.057997,
		0.843143,
		-0.534551,
		0,
		0.142624,
		0.1791,
		-1.339358,
		1,
	},
	[1.58333333333] = {
		0.087457,
		0.537737,
		0.838564,
		0,
		0.994474,
		0.001949,
		-0.104967,
		0,
		-0.058079,
		0.84311,
		-0.534595,
		0,
		0.142565,
		0.179039,
		-1.339373,
		1,
	},
	[1.5] = {
		0.087511,
		0.537397,
		0.838777,
		0,
		0.994494,
		0.001594,
		-0.104779,
		0,
		-0.057645,
		0.843328,
		-0.534298,
		0,
		0.142888,
		0.179471,
		-1.339281,
		1,
	},
	[1.61666666667] = {
		0.087433,
		0.537819,
		0.838514,
		0,
		0.994467,
		0.002081,
		-0.105029,
		0,
		-0.058231,
		0.843058,
		-0.534661,
		0,
		0.142457,
		0.178947,
		-1.339396,
		1,
	},
	[1.63333333333] = {
		0.087421,
		0.537851,
		0.838495,
		0,
		0.994464,
		0.002142,
		-0.105056,
		0,
		-0.058301,
		0.843037,
		-0.534686,
		0,
		0.142408,
		0.178915,
		-1.339406,
		1,
	},
	[1.65] = {
		0.08741,
		0.537877,
		0.838479,
		0,
		0.994461,
		0.002199,
		-0.105081,
		0,
		-0.058365,
		0.84302,
		-0.534705,
		0,
		0.142364,
		0.178891,
		-1.339414,
		1,
	},
	[1.66666666667] = {
		0.087399,
		0.537898,
		0.838467,
		0,
		0.994459,
		0.002252,
		-0.105104,
		0,
		-0.058424,
		0.843007,
		-0.53472,
		0,
		0.142324,
		0.178872,
		-1.339421,
		1,
	},
	[1.68333333333] = {
		0.087389,
		0.537914,
		0.838457,
		0,
		0.994456,
		0.0023,
		-0.105124,
		0,
		-0.058476,
		0.842996,
		-0.534731,
		0,
		0.142288,
		0.17886,
		-1.339426,
		1,
	},
	[1.6] = {
		0.087445,
		0.537781,
		0.838537,
		0,
		0.99447,
		0.002016,
		-0.104999,
		0,
		-0.058157,
		0.843082,
		-0.534631,
		0,
		0.142509,
		0.178988,
		-1.339385,
		1,
	},
	[1.71666666667] = {
		0.087373,
		0.537936,
		0.838445,
		0,
		0.994453,
		0.002378,
		-0.105155,
		0,
		-0.058561,
		0.842982,
		-0.534744,
		0,
		0.142231,
		0.178848,
		-1.339434,
		1,
	},
	[1.73333333333] = {
		0.087366,
		0.537942,
		0.838442,
		0,
		0.994452,
		0.002407,
		-0.105167,
		0,
		-0.058592,
		0.842978,
		-0.534747,
		0,
		0.14221,
		0.178847,
		-1.339436,
		1,
	},
	[1.75] = {
		0.087362,
		0.537946,
		0.83844,
		0,
		0.994451,
		0.002428,
		-0.105175,
		0,
		-0.058614,
		0.842976,
		-0.534748,
		0,
		0.142195,
		0.178847,
		-1.339438,
		1,
	},
	[1.76666666667] = {
		0.087359,
		0.537947,
		0.838439,
		0,
		0.99445,
		0.002441,
		-0.10518,
		0,
		-0.058628,
		0.842975,
		-0.534749,
		0,
		0.142186,
		0.178848,
		-1.339439,
		1,
	},
	[1.78333333333] = {
		0.087358,
		0.537948,
		0.838439,
		0,
		0.99445,
		0.002446,
		-0.105182,
		0,
		-0.058633,
		0.842974,
		-0.534749,
		0,
		0.142183,
		0.178848,
		-1.339439,
		1,
	},
	[1.7] = {
		0.08738,
		0.537927,
		0.83845,
		0,
		0.994455,
		0.002342,
		-0.105141,
		0,
		-0.058522,
		0.842988,
		-0.534739,
		0,
		0.142257,
		0.178852,
		-1.33943,
		1,
	},
}

return spline_matrices
