-- chunkname: @content/characters/player/ogryn/first_person/animations/2h_axe/heavy_attack_left_diagonal.lua

local spline_matrices = {
	[0.0166666666667] = {
		-0.346467,
		-0.036443,
		-0.937354,
		0,
		0.893062,
		0.292965,
		-0.341485,
		0,
		0.287057,
		-0.955429,
		-0.068957,
		0,
		0.540092,
		0.569481,
		0.105536,
		1,
	},
	[0.0333333333333] = {
		-0.407146,
		-0.051497,
		-0.91191,
		0,
		0.876414,
		0.259078,
		-0.405928,
		0,
		0.25716,
		-0.964483,
		-0.06035,
		0,
		0.553158,
		0.60771,
		0.130925,
		1,
	},
	[0.05] = {
		-0.473912,
		-0.069352,
		-0.877837,
		0,
		0.849655,
		0.225827,
		-0.476538,
		0,
		0.231288,
		-0.971696,
		-0.048097,
		0,
		0.558222,
		0.657481,
		0.156119,
		1,
	},
	[0.0666666666667] = {
		-0.534988,
		-0.079138,
		-0.841145,
		0,
		0.817355,
		0.203491,
		-0.539001,
		0,
		0.213821,
		-0.975874,
		-0.044181,
		0,
		0.548267,
		0.710795,
		0.167145,
		1,
	},
	[0.0833333333333] = {
		-0.597232,
		-0.082026,
		-0.797863,
		0,
		0.777923,
		0.183007,
		-0.601119,
		0,
		0.195322,
		-0.979684,
		-0.045488,
		0,
		0.527214,
		0.768467,
		0.15779,
		1,
	},
	[0] = {
		-0.319899,
		-0.030155,
		-0.946971,
		0,
		0.898203,
		0.308399,
		-0.313244,
		0,
		0.301491,
		-0.950779,
		-0.071571,
		0,
		0.532678,
		0.554228,
		0.09396,
		1,
	},
	[0.116666666667] = {
		-0.727597,
		-0.114982,
		-0.6763,
		0,
		0.66694,
		0.112245,
		-0.736609,
		0,
		0.160608,
		-0.987006,
		-0.004983,
		0,
		0.462052,
		0.904838,
		0.097193,
		1,
	},
	[0.133333333333] = {
		-0.802465,
		-0.241026,
		-0.545854,
		0,
		0.560244,
		0.010514,
		-0.828261,
		0,
		0.205371,
		-0.970462,
		0.126596,
		0,
		0.423474,
		1.005298,
		0.038844,
		1,
	},
	[0.15] = {
		-0.784673,
		-0.476034,
		-0.39709,
		0,
		0.487486,
		-0.078138,
		-0.869627,
		0,
		0.382945,
		-0.875949,
		0.293372,
		0,
		0.385105,
		1.125157,
		-0.037243,
		1,
	},
	[0.166666666667] = {
		-0.510088,
		-0.827749,
		-0.233759,
		0,
		0.507344,
		-0.07009,
		-0.858888,
		0,
		0.69456,
		-0.556705,
		0.455705,
		0,
		0.284692,
		1.249266,
		-0.132194,
		1,
	},
	[0.183333333333] = {
		-0.063644,
		-0.997374,
		-0.034586,
		0,
		0.525418,
		-0.004023,
		-0.850834,
		0,
		0.848461,
		-0.072323,
		0.524294,
		0,
		0.12106,
		1.236238,
		-0.238252,
		1,
	},
	[0.1] = {
		-0.661646,
		-0.090082,
		-0.744385,
		0,
		0.72888,
		0.155687,
		-0.666705,
		0,
		0.175949,
		-0.983691,
		-0.037351,
		0,
		0.497505,
		0.832574,
		0.133354,
		1,
	},
	[0.216666666667] = {
		0.797422,
		-0.380391,
		0.468424,
		0,
		0.535521,
		0.088363,
		-0.839886,
		0,
		0.278094,
		0.920595,
		0.27417,
		0,
		-0.205814,
		1.145207,
		-0.370852,
		1,
	},
	[0.233333333333] = {
		0.836545,
		-0.067671,
		0.543703,
		0,
		0.547828,
		0.119228,
		-0.828051,
		0,
		-0.008789,
		0.990558,
		0.136812,
		0,
		-0.295035,
		1.001892,
		-0.467216,
		1,
	},
	[0.25] = {
		0.825523,
		0.172334,
		0.537413,
		0,
		0.51482,
		0.160213,
		-0.842194,
		0,
		-0.231239,
		0.971923,
		0.043539,
		0,
		-0.359514,
		0.869534,
		-0.556383,
		1,
	},
	[0.266666666667] = {
		0.787276,
		0.361325,
		0.49964,
		0,
		0.468016,
		0.177396,
		-0.865732,
		0,
		-0.401445,
		0.91541,
		-0.029446,
		0,
		-0.409838,
		0.780043,
		-0.612759,
		1,
	},
	[0.283333333333] = {
		0.753447,
		0.452596,
		0.476943,
		0,
		0.448781,
		0.176145,
		-0.87611,
		0,
		-0.480535,
		0.874146,
		-0.070401,
		0,
		-0.455265,
		0.698905,
		-0.659508,
		1,
	},
	[0.2] = {
		0.446968,
		-0.880262,
		0.159248,
		0,
		0.493773,
		0.094333,
		-0.864459,
		0,
		0.745928,
		0.465018,
		0.476813,
		0,
		-0.066322,
		1.211143,
		-0.325228,
		1,
	},
	[0.316666666667] = {
		0.655598,
		0.585002,
		0.477456,
		0,
		0.46478,
		0.185709,
		-0.865731,
		0,
		-0.595123,
		0.789484,
		-0.150147,
		0,
		-0.501952,
		0.549187,
		-0.753226,
		1,
	},
	[0.333333333333] = {
		0.577915,
		0.649198,
		0.494526,
		0,
		0.462925,
		0.238266,
		-0.853773,
		0,
		-0.672097,
		0.722338,
		-0.162832,
		0,
		-0.465702,
		0.4752,
		-0.812316,
		1,
	},
	[0.35] = {
		0.489352,
		0.716536,
		0.497103,
		0,
		0.434765,
		0.293685,
		-0.85131,
		0,
		-0.755986,
		0.632713,
		-0.167809,
		0,
		-0.379038,
		0.397586,
		-0.887043,
		1,
	},
	[0.366666666667] = {
		0.413157,
		0.768629,
		0.488376,
		0,
		0.412149,
		0.320396,
		-0.852924,
		0,
		-0.812056,
		0.553676,
		-0.184416,
		0,
		-0.279134,
		0.311299,
		-1.054283,
		1,
	},
	[0.383333333333] = {
		0.364667,
		0.789074,
		0.494348,
		0,
		0.43542,
		0.324776,
		-0.839601,
		0,
		-0.82306,
		0.521424,
		-0.225143,
		0,
		-0.199293,
		0.258608,
		-1.204154,
		1,
	},
	[0.3] = {
		0.711161,
		0.5248,
		0.467799,
		0,
		0.4504,
		0.170812,
		-0.876335,
		0,
		-0.539806,
		0.833912,
		-0.114894,
		0,
		-0.488473,
		0.622545,
		-0.70443,
		1,
	},
	[0.416666666667] = {
		0.303761,
		0.704554,
		0.641352,
		0,
		0.667331,
		0.323114,
		-0.671019,
		0,
		-0.679999,
		0.631824,
		-0.372021,
		0,
		-0.070242,
		0.238279,
		-1.28017,
		1,
	},
	[0.433333333333] = {
		0.227332,
		0.63807,
		0.735654,
		0,
		0.768994,
		0.345859,
		-0.537615,
		0,
		-0.597468,
		0.687932,
		-0.412047,
		0,
		-0.012036,
		0.227366,
		-1.291274,
		1,
	},
	[0.45] = {
		0.110535,
		0.610424,
		0.784324,
		0,
		0.808245,
		0.404039,
		-0.428361,
		0,
		-0.578379,
		0.681275,
		-0.448712,
		0,
		0.029317,
		0.211244,
		-1.275343,
		1,
	},
	[0.466666666667] = {
		0.01237,
		0.62738,
		0.778615,
		0,
		0.816215,
		0.443474,
		-0.370303,
		0,
		-0.577616,
		0.640098,
		-0.50659,
		0,
		0.053045,
		0.19227,
		-1.241169,
		1,
	},
	[0.483333333333] = {
		-0.035789,
		0.667252,
		0.743971,
		0,
		0.816937,
		0.448324,
		-0.362793,
		0,
		-0.575615,
		0.594794,
		-0.561148,
		0,
		0.058425,
		0.172822,
		-1.197532,
		1,
	},
	[0.4] = {
		0.335543,
		0.766635,
		0.547433,
		0,
		0.52959,
		0.327082,
		-0.782657,
		0,
		-0.779067,
		0.55253,
		-0.296252,
		0,
		-0.13648,
		0.247068,
		-1.247638,
		1,
	},
	[0.516666666667] = {
		-0.049755,
		0.7018,
		0.710635,
		0,
		0.823751,
		0.431173,
		-0.368136,
		0,
		-0.564764,
		0.56707,
		-0.599561,
		0,
		0.018649,
		0.13716,
		-1.105572,
		1,
	},
	[0.533333333333] = {
		-0.055464,
		0.705884,
		0.706153,
		0,
		0.836786,
		0.4187,
		-0.352816,
		0,
		-0.544714,
		0.571331,
		-0.613896,
		0,
		-0.012545,
		0.11557,
		-1.049398,
		1,
	},
	[0.55] = {
		-0.063048,
		0.707276,
		0.704121,
		0,
		0.853703,
		0.403655,
		-0.329021,
		0,
		-0.516931,
		0.580366,
		-0.629252,
		0,
		-0.046026,
		0.092273,
		-0.989265,
		1,
	},
	[0.566666666667] = {
		-0.071681,
		0.70684,
		0.703732,
		0,
		0.871568,
		0.387465,
		-0.3004,
		0,
		-0.485007,
		0.591818,
		-0.643832,
		0,
		-0.079193,
		0.069051,
		-0.929769,
		1,
	},
	[0.583333333333] = {
		-0.080453,
		0.705371,
		0.704258,
		0,
		0.887956,
		0.371711,
		-0.27086,
		0,
		-0.452837,
		0.603559,
		-0.656243,
		0,
		-0.109449,
		0.047695,
		-0.875506,
		1,
	},
	[0.5] = {
		-0.046696,
		0.694084,
		0.718378,
		0,
		0.817759,
		0.43957,
		-0.371549,
		0,
		-0.573664,
		0.570111,
		-0.588119,
		0,
		0.044962,
		0.155279,
		-1.153184,
		1,
	},
	[0.616666666667] = {
		-0.094399,
		0.702173,
		0.70572,
		0,
		0.909552,
		0.349025,
		-0.225606,
		0,
		-0.404729,
		0.620592,
		-0.67161,
		0,
		-0.150849,
		0.017756,
		-0.801057,
		1,
	},
	[0.633333333333] = {
		-0.097472,
		0.701773,
		0.705701,
		0,
		0.912365,
		0.346288,
		-0.218344,
		0,
		-0.397604,
		0.622575,
		-0.674026,
		0,
		-0.156821,
		0.012766,
		-0.790068,
		1,
	},
	[0.65] = {
		-0.098727,
		0.702131,
		0.70517,
		0,
		0.911912,
		0.347493,
		-0.218323,
		0,
		-0.398333,
		0.6215,
		-0.674588,
		0,
		-0.156605,
		0.011968,
		-0.790123,
		1,
	},
	[0.666666666667] = {
		-0.099986,
		0.702533,
		0.704592,
		0,
		0.911437,
		0.348716,
		-0.218357,
		0,
		-0.399106,
		0.620359,
		-0.675181,
		0,
		-0.156416,
		0.011108,
		-0.790173,
		1,
	},
	[0.683333333333] = {
		-0.101242,
		0.702976,
		0.70397,
		0,
		0.910942,
		0.349951,
		-0.218448,
		0,
		-0.399919,
		0.61916,
		-0.6758,
		0,
		-0.156253,
		0.01019,
		-0.790218,
		1,
	},
	[0.6] = {
		-0.088374,
		0.703591,
		0.705088,
		0,
		0.901051,
		0.358216,
		-0.244519,
		0,
		-0.424615,
		0.613711,
		-0.665628,
		0,
		-0.134198,
		0.029997,
		-0.83107,
		1,
	},
	[0.716666666667] = {
		-0.103721,
		0.703973,
		0.702612,
		0,
		0.909899,
		0.352437,
		-0.218799,
		0,
		-0.401655,
		0.616612,
		-0.677098,
		0,
		-0.156013,
		0.008207,
		-0.790288,
		1,
	},
	[0.733333333333] = {
		-0.104931,
		0.70452,
		0.701884,
		0,
		0.909355,
		0.353677,
		-0.219058,
		0,
		-0.402571,
		0.615276,
		-0.677769,
		0,
		-0.155939,
		0.007152,
		-0.790313,
		1,
	},
	[0.75] = {
		-0.106112,
		0.705094,
		0.701129,
		0,
		0.9088,
		0.354908,
		-0.219372,
		0,
		-0.403514,
		0.613908,
		-0.678449,
		0,
		-0.155896,
		0.006063,
		-0.790331,
		1,
	},
	[0.766666666667] = {
		-0.107273,
		0.705694,
		0.700349,
		0,
		0.908239,
		0.356122,
		-0.219724,
		0,
		-0.404468,
		0.612515,
		-0.679141,
		0,
		-0.155871,
		0.004944,
		-0.790344,
		1,
	},
	[0.783333333333] = {
		-0.108421,
		0.706315,
		0.699546,
		0,
		0.907681,
		0.357315,
		-0.220093,
		0,
		-0.405414,
		0.611102,
		-0.679848,
		0,
		-0.155848,
		0.003802,
		-0.790354,
		1,
	},
	[0.7] = {
		-0.102489,
		0.703457,
		0.703309,
		0,
		0.910428,
		0.351194,
		-0.218595,
		0,
		-0.40077,
		0.617909,
		-0.67644,
		0,
		-0.156119,
		0.009222,
		-0.790256,
		1,
	},
	[0.816666666667] = {
		-0.110656,
		0.707609,
		0.697886,
		0,
		0.906581,
		0.359615,
		-0.220879,
		0,
		-0.407266,
		0.608249,
		-0.681298,
		0,
		-0.15581,
		0.001469,
		-0.79037,
		1,
	},
	[0.833333333333] = {
		-0.111733,
		0.708277,
		0.697036,
		0,
		0.906046,
		0.360711,
		-0.221291,
		0,
		-0.408164,
		0.606822,
		-0.682034,
		0,
		-0.155795,
		0.00029,
		-0.790374,
		1,
	},
	[0.85] = {
		-0.112776,
		0.708954,
		0.69618,
		0,
		0.905523,
		0.361763,
		-0.221713,
		0,
		-0.409037,
		0.605403,
		-0.682771,
		0,
		-0.155782,
		-0.000891,
		-0.790376,
		1,
	},
	[0.866666666667] = {
		-0.11378,
		0.709638,
		0.695319,
		0,
		0.905015,
		0.362767,
		-0.222144,
		0,
		-0.40988,
		0.603999,
		-0.683508,
		0,
		-0.155773,
		-0.002068,
		-0.790376,
		1,
	},
	[0.883333333333] = {
		-0.114739,
		0.710325,
		0.694459,
		0,
		0.904527,
		0.363717,
		-0.22258,
		0,
		-0.410691,
		0.602619,
		-0.68424,
		0,
		-0.155766,
		-0.003234,
		-0.790373,
		1,
	},
	[0.8] = {
		-0.10955,
		0.706954,
		0.698723,
		0,
		0.907128,
		0.358481,
		-0.220479,
		0,
		-0.406348,
		0.609678,
		-0.680569,
		0,
		-0.155827,
		0.002642,
		-0.790363,
		1,
	},
	[0.916666666667] = {
		-0.116504,
		0.711699,
		0.692756,
		0,
		0.903617,
		0.365434,
		-0.223461,
		0,
		-0.412194,
		0.599952,
		-0.685677,
		0,
		-0.155761,
		-0.005517,
		-0.790361,
		1,
	},
	[0.933333333333] = {
		-0.1173,
		0.712381,
		0.691921,
		0,
		0.903201,
		0.366191,
		-0.223901,
		0,
		-0.412878,
		0.598681,
		-0.686377,
		0,
		-0.155764,
		-0.006621,
		-0.790352,
		1,
	},
	[0.95] = {
		-0.11803,
		0.713055,
		0.691102,
		0,
		0.902816,
		0.366873,
		-0.224338,
		0,
		-0.413512,
		0.59746,
		-0.687059,
		0,
		-0.155769,
		-0.007693,
		-0.790342,
		1,
	},
	[0.966666666667] = {
		-0.118691,
		0.713719,
		0.690303,
		0,
		0.902464,
		0.367474,
		-0.224769,
		0,
		-0.414091,
		0.596296,
		-0.687721,
		0,
		-0.155778,
		-0.008729,
		-0.790329,
		1,
	},
	[0.983333333333] = {
		-0.119275,
		0.71437,
		0.689528,
		0,
		0.902149,
		0.36799,
		-0.225193,
		0,
		-0.414611,
		0.595197,
		-0.688359,
		0,
		-0.15579,
		-0.009721,
		-0.790315,
		1,
	},
	[0.9] = {
		-0.115649,
		0.711013,
		0.693604,
		0,
		0.90406,
		0.364608,
		-0.22302,
		0,
		-0.411463,
		0.601267,
		-0.684964,
		0,
		-0.155762,
		-0.004386,
		-0.790368,
		1,
	},
	[1.01666666667] = {
		-0.120198,
		0.715623,
		0.688067,
		0,
		0.901637,
		0.368745,
		-0.226005,
		0,
		-0.415456,
		0.593222,
		-0.689554,
		0,
		-0.155825,
		-0.011554,
		-0.790284,
		1,
	},
	[1.03333333333] = {
		-0.120526,
		0.716219,
		0.687389,
		0,
		0.901447,
		0.368973,
		-0.22639,
		0,
		-0.415773,
		0.59236,
		-0.690104,
		0,
		-0.155848,
		-0.012384,
		-0.790267,
		1,
	},
	[1.05] = {
		-0.120758,
		0.716792,
		0.686751,
		0,
		0.901305,
		0.369096,
		-0.226756,
		0,
		-0.416014,
		0.59159,
		-0.690618,
		0,
		-0.155874,
		-0.013149,
		-0.790249,
		1,
	},
	[1.06666666667] = {
		-0.120888,
		0.717338,
		0.686158,
		0,
		0.901213,
		0.369106,
		-0.227102,
		0,
		-0.416174,
		0.590921,
		-0.691095,
		0,
		-0.155904,
		-0.013844,
		-0.790231,
		1,
	},
	[1.08333333333] = {
		-0.120912,
		0.717855,
		0.685612,
		0,
		0.901175,
		0.369,
		-0.227426,
		0,
		-0.41625,
		0.590359,
		-0.691529,
		0,
		-0.155939,
		-0.014462,
		-0.790213,
		1,
	},
	{
		-0.11978,
		0.715005,
		0.688782,
		0,
		0.901872,
		0.368416,
		-0.225605,
		0,
		-0.415067,
		0.59417,
		-0.688971,
		0,
		-0.155806,
		-0.010664,
		-0.7903,
		1,
	},
	[1.11666666667] = {
		-0.120805,
		0.718761,
		0.684682,
		0,
		0.901176,
		0.368648,
		-0.227993,
		0,
		-0.41628,
		0.589476,
		-0.692264,
		0,
		-0.156013,
		-0.015489,
		-0.790179,
		1,
	},
	[1.13333333333] = {
		-0.120721,
		0.719134,
		0.684304,
		0,
		0.901191,
		0.368462,
		-0.228233,
		0,
		-0.416271,
		0.589137,
		-0.692558,
		0,
		-0.156053,
		-0.015899,
		-0.790163,
		1,
	},
	[1.15] = {
		-0.120617,
		0.719449,
		0.683992,
		0,
		0.901216,
		0.368273,
		-0.228441,
		0,
		-0.416247,
		0.588871,
		-0.692798,
		0,
		-0.156093,
		-0.016234,
		-0.790148,
		1,
	},
	[1.16666666667] = {
		-0.120495,
		0.719727,
		0.683721,
		0,
		0.901249,
		0.368075,
		-0.228627,
		0,
		-0.41621,
		0.588655,
		-0.693004,
		0,
		-0.156134,
		-0.016519,
		-0.790134,
		1,
	},
	[1.18333333333] = {
		-0.120357,
		0.719992,
		0.683466,
		0,
		0.901291,
		0.367862,
		-0.228806,
		0,
		-0.41616,
		0.588464,
		-0.693196,
		0,
		-0.156176,
		-0.016783,
		-0.790121,
		1,
	},
	[1.1] = {
		-0.12087,
		0.718333,
		0.685119,
		0,
		0.90117,
		0.368829,
		-0.227724,
		0,
		-0.416273,
		0.589884,
		-0.69192,
		0,
		-0.155975,
		-0.015009,
		-0.790196,
		1,
	},
	[1.21666666667] = {
		-0.120034,
		0.720485,
		0.683003,
		0,
		0.901397,
		0.367395,
		-0.22914,
		0,
		-0.416024,
		0.588153,
		-0.693542,
		0,
		-0.156263,
		-0.017249,
		-0.790093,
		1,
	},
	[1.23333333333] = {
		-0.119853,
		0.720713,
		0.682794,
		0,
		0.90146,
		0.367143,
		-0.229295,
		0,
		-0.41594,
		0.58803,
		-0.693696,
		0,
		-0.156307,
		-0.017453,
		-0.79008,
		1,
	},
	[1.25] = {
		-0.11966,
		0.720929,
		0.6826,
		0,
		0.901529,
		0.366881,
		-0.229444,
		0,
		-0.415846,
		0.587928,
		-0.693839,
		0,
		-0.156351,
		-0.017638,
		-0.790067,
		1,
	},
	[1.26666666667] = {
		-0.119457,
		0.721134,
		0.682419,
		0,
		0.901603,
		0.366611,
		-0.229585,
		0,
		-0.415744,
		0.587846,
		-0.69397,
		0,
		-0.156395,
		-0.017807,
		-0.790055,
		1,
	},
	[1.28333333333] = {
		-0.119244,
		0.721328,
		0.682251,
		0,
		0.901682,
		0.366333,
		-0.229718,
		0,
		-0.415634,
		0.587781,
		-0.694091,
		0,
		-0.156439,
		-0.017958,
		-0.790043,
		1,
	},
	[1.2] = {
		-0.120203,
		0.720245,
		0.683227,
		0,
		0.901341,
		0.367635,
		-0.228977,
		0,
		-0.416097,
		0.588297,
		-0.693376,
		0,
		-0.156219,
		-0.017026,
		-0.790107,
		1,
	},
	[1.31666666667] = {
		-0.118796,
		0.721683,
		0.681954,
		0,
		0.901852,
		0.36576,
		-0.229965,
		0,
		-0.415394,
		0.587702,
		-0.694301,
		0,
		-0.156528,
		-0.018215,
		-0.790019,
		1,
	},
	[1.33333333333] = {
		-0.118563,
		0.721845,
		0.681823,
		0,
		0.901941,
		0.365467,
		-0.230079,
		0,
		-0.415265,
		0.587686,
		-0.694392,
		0,
		-0.156572,
		-0.018321,
		-0.790008,
		1,
	},
	[1.35] = {
		-0.118326,
		0.721997,
		0.681703,
		0,
		0.902033,
		0.365172,
		-0.230186,
		0,
		-0.415133,
		0.587683,
		-0.694474,
		0,
		-0.156615,
		-0.018414,
		-0.789997,
		1,
	},
	[1.36666666667] = {
		-0.118086,
		0.722139,
		0.681595,
		0,
		0.902127,
		0.364876,
		-0.230286,
		0,
		-0.414997,
		0.587692,
		-0.694547,
		0,
		-0.156658,
		-0.018494,
		-0.789987,
		1,
	},
	[1.38333333333] = {
		-0.117845,
		0.722271,
		0.681496,
		0,
		0.902223,
		0.364581,
		-0.230381,
		0,
		-0.414858,
		0.587713,
		-0.694613,
		0,
		-0.1567,
		-0.018562,
		-0.789977,
		1,
	},
	[1.3] = {
		-0.119023,
		0.721511,
		0.682096,
		0,
		0.901765,
		0.366049,
		-0.229845,
		0,
		-0.415517,
		0.587734,
		-0.694201,
		0,
		-0.156484,
		-0.018094,
		-0.790031,
		1,
	},
	[1.41666666667] = {
		-0.117361,
		0.722509,
		0.681328,
		0,
		0.902415,
		0.363996,
		-0.230552,
		0,
		-0.414576,
		0.587783,
		-0.694721,
		0,
		-0.156781,
		-0.018666,
		-0.789958,
		1,
	},
	[1.43333333333] = {
		-0.117122,
		0.722614,
		0.681257,
		0,
		0.902511,
		0.363709,
		-0.230628,
		0,
		-0.414435,
		0.587831,
		-0.694765,
		0,
		-0.15682,
		-0.018703,
		-0.78995,
		1,
	},
	[1.45] = {
		-0.116886,
		0.722712,
		0.681194,
		0,
		0.902606,
		0.363428,
		-0.2307,
		0,
		-0.414294,
		0.587885,
		-0.694803,
		0,
		-0.156858,
		-0.018732,
		-0.789942,
		1,
	},
	[1.46666666667] = {
		-0.116655,
		0.722801,
		0.681139,
		0,
		0.9027,
		0.363154,
		-0.230765,
		0,
		-0.414156,
		0.587945,
		-0.694835,
		0,
		-0.156895,
		-0.018753,
		-0.789934,
		1,
	},
	[1.48333333333] = {
		-0.116429,
		0.722882,
		0.681092,
		0,
		0.902792,
		0.362887,
		-0.230826,
		0,
		-0.414019,
		0.588009,
		-0.694862,
		0,
		-0.15693,
		-0.018766,
		-0.789927,
		1,
	},
	[1.4] = {
		-0.117602,
		0.722395,
		0.681407,
		0,
		0.902319,
		0.364287,
		-0.230469,
		0,
		-0.414717,
		0.587743,
		-0.694671,
		0,
		-0.156741,
		-0.018619,
		-0.789968,
		1,
	},
	[1.51666666667] = {
		-0.116,
		0.723022,
		0.681016,
		0,
		0.902966,
		0.362385,
		-0.230931,
		0,
		-0.413759,
		0.588147,
		-0.694901,
		0,
		-0.156996,
		-0.018775,
		-0.789913,
		1,
	},
	[1.53333333333] = {
		-0.1158,
		0.723082,
		0.680987,
		0,
		0.903048,
		0.362152,
		-0.230977,
		0,
		-0.413636,
		0.588217,
		-0.694914,
		0,
		-0.157026,
		-0.018772,
		-0.789907,
		1,
	},
	[1.55] = {
		-0.11561,
		0.723135,
		0.680963,
		0,
		0.903126,
		0.361931,
		-0.231017,
		0,
		-0.413519,
		0.588288,
		-0.694924,
		0,
		-0.157054,
		-0.018765,
		-0.789902,
		1,
	},
	[1.56666666667] = {
		-0.115433,
		0.723181,
		0.680944,
		0,
		0.903199,
		0.361726,
		-0.231054,
		0,
		-0.413409,
		0.588357,
		-0.694931,
		0,
		-0.15708,
		-0.018755,
		-0.789897,
		1,
	},
	[1.58333333333] = {
		-0.115268,
		0.723221,
		0.680929,
		0,
		0.903267,
		0.361537,
		-0.231085,
		0,
		-0.413307,
		0.588424,
		-0.694935,
		0,
		-0.157103,
		-0.018743,
		-0.789893,
		1,
	},
	[1.5] = {
		-0.116211,
		0.722956,
		0.681051,
		0,
		0.902881,
		0.362631,
		-0.230881,
		0,
		-0.413887,
		0.588077,
		-0.694884,
		0,
		-0.156964,
		-0.018774,
		-0.78992,
		1,
	},
	[1.61666666667] = {
		-0.114985,
		0.723285,
		0.680909,
		0,
		0.903384,
		0.361211,
		-0.231136,
		0,
		-0.41313,
		0.588546,
		-0.694937,
		0,
		-0.157144,
		-0.018715,
		-0.789885,
		1,
	},
	[1.63333333333] = {
		-0.114868,
		0.723309,
		0.680904,
		0,
		0.903432,
		0.361078,
		-0.231156,
		0,
		-0.413056,
		0.588598,
		-0.694936,
		0,
		-0.15716,
		-0.0187,
		-0.789882,
		1,
	},
	[1.65] = {
		-0.11477,
		0.723327,
		0.6809,
		0,
		0.903473,
		0.360966,
		-0.231171,
		0,
		-0.412995,
		0.588644,
		-0.694934,
		0,
		-0.157174,
		-0.018686,
		-0.78988,
		1,
	},
	[1.66666666667] = {
		-0.114692,
		0.723342,
		0.680899,
		0,
		0.903506,
		0.360877,
		-0.231183,
		0,
		-0.412945,
		0.588681,
		-0.694932,
		0,
		-0.157185,
		-0.018674,
		-0.789878,
		1,
	},
	[1.68333333333] = {
		-0.114634,
		0.723351,
		0.680898,
		0,
		0.90353,
		0.360811,
		-0.231191,
		0,
		-0.412908,
		0.58871,
		-0.69493,
		0,
		-0.157193,
		-0.018665,
		-0.789877,
		1,
	},
	[1.6] = {
		-0.115119,
		0.723256,
		0.680917,
		0,
		0.903329,
		0.361365,
		-0.231113,
		0,
		-0.413213,
		0.588487,
		-0.694937,
		0,
		-0.157125,
		-0.018729,
		-0.789889,
		1,
	},
	[1.71666666667] = {
		-0.114586,
		0.723359,
		0.680898,
		0,
		0.90355,
		0.360757,
		-0.231198,
		0,
		-0.412878,
		0.588733,
		-0.694928,
		0,
		-0.157199,
		-0.018656,
		-0.789876,
		1,
	},
	[1.7] = {
		-0.114598,
		0.723357,
		0.680898,
		0,
		0.903545,
		0.360771,
		-0.231196,
		0,
		-0.412886,
		0.588727,
		-0.694928,
		0,
		-0.157197,
		-0.018658,
		-0.789876,
		1,
	},
}

return spline_matrices
