-- chunkname: @content/characters/player/ogryn/first_person/animations/2h_axe/heavy_attack_left_diagonal_up.lua

local spline_matrices = {
	[0.0166666666667] = {
		-0.445172,
		-0.691247,
		-0.56921,
		0,
		0.192781,
		0.54678,
		-0.81478,
		0,
		0.874447,
		-0.472451,
		-0.110152,
		0,
		0.419542,
		0.789215,
		-0.369225,
		1,
	},
	[0.0333333333333] = {
		-0.2918,
		-0.756,
		-0.585933,
		0,
		0.00782,
		0.610687,
		-0.791833,
		0,
		0.956447,
		-0.235639,
		-0.172287,
		0,
		0.389602,
		0.830435,
		-0.420606,
		1,
	},
	[0.05] = {
		-0.135686,
		-0.842733,
		-0.520951,
		0,
		-0.192222,
		0.538215,
		-0.820594,
		0,
		0.971926,
		-0.011205,
		-0.235021,
		0,
		0.350212,
		0.884016,
		-0.472068,
		1,
	},
	[0.0666666666667] = {
		-0.050566,
		-0.92753,
		-0.370313,
		0,
		-0.279994,
		0.369083,
		-0.886217,
		0,
		0.958669,
		0.058872,
		-0.278366,
		0,
		0.309842,
		0.937668,
		-0.495609,
		1,
	},
	[0.0833333333333] = {
		-0.007685,
		-0.99803,
		-0.062263,
		0,
		-0.303729,
		0.061653,
		-0.950762,
		0,
		0.952728,
		0.011604,
		-0.303604,
		0,
		0.260525,
		1.001693,
		-0.47743,
		1,
	},
	[0] = {
		-0.510692,
		-0.666649,
		-0.542929,
		0,
		0.261615,
		0.481049,
		-0.836749,
		0,
		0.818994,
		-0.56936,
		-0.071262,
		0,
		0.431423,
		0.772715,
		-0.34588,
		1,
	},
	[0.116666666667] = {
		0.694184,
		-0.68107,
		-0.232921,
		0,
		-0.299171,
		0.021317,
		-0.953962,
		0,
		0.65468,
		0.731908,
		-0.188958,
		0,
		0.131215,
		1.170307,
		-0.376678,
		1,
	},
	[0.133333333333] = {
		0.843178,
		-0.325901,
		-0.427598,
		0,
		-0.407448,
		0.131545,
		-0.903705,
		0,
		0.350766,
		0.936208,
		-0.021872,
		0,
		0.040444,
		1.227397,
		-0.294169,
		1,
	},
	[0.15] = {
		0.809891,
		-0.040327,
		-0.585192,
		0,
		-0.578742,
		0.10761,
		-0.80838,
		0,
		0.095572,
		0.993375,
		0.063813,
		0,
		-0.147422,
		1.128865,
		-0.138625,
		1,
	},
	[0.166666666667] = {
		0.750227,
		0.177,
		-0.637048,
		0,
		-0.655796,
		0.076498,
		-0.751052,
		0,
		-0.084204,
		0.981233,
		0.173467,
		0,
		-0.312456,
		0.959284,
		-0.030539,
		1,
	},
	[0.183333333333] = {
		0.711935,
		0.385469,
		-0.586994,
		0,
		-0.660084,
		0.082056,
		-0.746697,
		0,
		-0.239662,
		0.919065,
		0.31286,
		0,
		-0.388619,
		0.80193,
		-0.047464,
		1,
	},
	[0.1] = {
		0.368965,
		-0.929113,
		-0.024788,
		0,
		-0.308797,
		-0.097387,
		-0.946129,
		0,
		0.876646,
		0.356743,
		-0.32284,
		0,
		0.1942,
		1.077007,
		-0.434,
		1,
	},
	[0.216666666667] = {
		0.599569,
		0.712795,
		-0.363922,
		0,
		-0.606123,
		0.107485,
		-0.788075,
		0,
		-0.52262,
		0.693087,
		0.496486,
		0,
		-0.499695,
		0.482757,
		-0.159465,
		1,
	},
	[0.233333333333] = {
		0.605488,
		0.756347,
		-0.247635,
		0,
		-0.519605,
		0.140005,
		-0.842858,
		0,
		-0.602823,
		0.639013,
		0.477773,
		0,
		-0.518179,
		0.393015,
		-0.238005,
		1,
	},
	[0.25] = {
		0.654982,
		0.75045,
		-0.088449,
		0,
		-0.388792,
		0.234314,
		-0.891032,
		0,
		-0.64795,
		0.617998,
		0.44524,
		0,
		-0.505591,
		0.348828,
		-0.328683,
		1,
	},
	[0.266666666667] = {
		0.651011,
		0.747551,
		0.131724,
		0,
		-0.256546,
		0.38001,
		-0.888694,
		0,
		-0.714401,
		0.544756,
		0.439172,
		0,
		-0.470244,
		0.30936,
		-0.43442,
		1,
	},
	[0.283333333333] = {
		0.559765,
		0.749088,
		0.354303,
		0,
		-0.166358,
		0.520448,
		-0.837532,
		0,
		-0.811781,
		0.40988,
		0.415945,
		0,
		-0.416346,
		0.274315,
		-0.550435,
		1,
	},
	[0.2] = {
		0.65423,
		0.57953,
		-0.48593,
		0,
		-0.645976,
		0.094051,
		-0.757541,
		0,
		-0.393316,
		0.809506,
		0.435893,
		0,
		-0.451009,
		0.632665,
		-0.093191,
		1,
	},
	[0.316666666667] = {
		0.251853,
		0.749367,
		0.612388,
		0,
		-0.141894,
		0.65454,
		-0.742592,
		0,
		-0.957307,
		0.10013,
		0.271178,
		0,
		-0.271352,
		0.219789,
		-0.794408,
		1,
	},
	[0.333333333333] = {
		0.170489,
		0.738766,
		0.652041,
		0,
		-0.127671,
		0.672713,
		-0.728806,
		0,
		-0.977054,
		0.041006,
		0.209009,
		0,
		-0.18926,
		0.199045,
		-0.914552,
		1,
	},
	[0.35] = {
		0.149263,
		0.714377,
		0.683656,
		0,
		0.020964,
		0.68896,
		-0.724496,
		0,
		-0.988575,
		0.122473,
		0.08786,
		0,
		-0.106745,
		0.182251,
		-1.027846,
		1,
	},
	[0.366666666667] = {
		0.134986,
		0.677354,
		0.723167,
		0,
		0.330989,
		0.657097,
		-0.677252,
		0,
		-0.93393,
		0.33078,
		-0.135498,
		0,
		-0.028359,
		0.169269,
		-1.129991,
		1,
	},
	[0.383333333333] = {
		0.125893,
		0.633849,
		0.763142,
		0,
		0.669567,
		0.51333,
		-0.536817,
		0,
		-0.732005,
		0.578556,
		-0.35978,
		0,
		0.041148,
		0.1598,
		-1.216725,
		1,
	},
	[0.3] = {
		0.404888,
		0.751481,
		0.520905,
		0,
		-0.138583,
		0.613542,
		-0.777406,
		0,
		-0.903803,
		0.242573,
		0.352559,
		0,
		-0.348558,
		0.244472,
		-0.671749,
		1,
	},
	[0.416666666667] = {
		0.118739,
		0.558967,
		0.820644,
		0,
		0.983916,
		0.044851,
		-0.172912,
		0,
		-0.133459,
		0.827976,
		-0.544651,
		0,
		0.134295,
		0.150166,
		-1.32711,
		1,
	},
	[0.433333333333] = {
		0.118196,
		0.54591,
		0.829465,
		0,
		0.992883,
		-0.052692,
		-0.106804,
		0,
		-0.014599,
		0.836186,
		-0.548252,
		0,
		0.148269,
		0.149354,
		-1.34239,
		1,
	},
	[0.45] = {
		0.117872,
		0.545647,
		0.829684,
		0,
		0.992927,
		-0.052802,
		-0.106338,
		0,
		-0.014214,
		0.83635,
		-0.548011,
		0,
		0.148941,
		0.149731,
		-1.342273,
		1,
	},
	[0.466666666667] = {
		0.117539,
		0.545366,
		0.829916,
		0,
		0.992971,
		-0.05286,
		-0.105896,
		0,
		-0.013882,
		0.836529,
		-0.547746,
		0,
		0.149576,
		0.150153,
		-1.342155,
		1,
	},
	[0.483333333333] = {
		0.117203,
		0.545069,
		0.830158,
		0,
		0.993015,
		-0.052877,
		-0.105477,
		0,
		-0.013596,
		0.836722,
		-0.547459,
		0,
		0.150175,
		0.150615,
		-1.342037,
		1,
	},
	[0.4] = {
		0.120845,
		0.591433,
		0.797247,
		0,
		0.899914,
		0.273717,
		-0.339462,
		0,
		-0.418989,
		0.758476,
		-0.499161,
		0,
		0.096975,
		0.153538,
		-1.283828,
		1,
	},
	[0.516666666667] = {
		0.11655,
		0.544425,
		0.830673,
		0,
		0.993098,
		-0.052827,
		-0.104717,
		0,
		-0.013128,
		0.837144,
		-0.546824,
		0,
		0.151262,
		0.151645,
		-1.341799,
		1,
	},
	[0.533333333333] = {
		0.116246,
		0.544078,
		0.830943,
		0,
		0.993136,
		-0.05278,
		-0.104377,
		0,
		-0.012932,
		0.837373,
		-0.546479,
		0,
		0.15175,
		0.152206,
		-1.34168,
		1,
	},
	[0.55] = {
		0.115909,
		0.543727,
		0.831219,
		0,
		0.993177,
		-0.052628,
		-0.104068,
		0,
		-0.012839,
		0.83761,
		-0.546118,
		0,
		0.152183,
		0.152809,
		-1.341562,
		1,
	},
	[0.566666666667] = {
		0.115491,
		0.543385,
		0.831502,
		0,
		0.993224,
		-0.052276,
		-0.103791,
		0,
		-0.01293,
		0.837854,
		-0.545741,
		0,
		0.152543,
		0.153466,
		-1.341447,
		1,
	},
	[0.583333333333] = {
		0.114997,
		0.543051,
		0.831788,
		0,
		0.993278,
		-0.051736,
		-0.103547,
		0,
		-0.013198,
		0.838105,
		-0.54535,
		0,
		0.152829,
		0.154173,
		-1.341333,
		1,
	},
	[0.5] = {
		0.116871,
		0.544755,
		0.830411,
		0,
		0.993057,
		-0.052863,
		-0.105084,
		0,
		-0.013347,
		0.836927,
		-0.547152,
		0,
		0.150737,
		0.151114,
		-1.341918,
		1,
	},
	[0.616666666667] = {
		0.113812,
		0.542407,
		0.832371,
		0,
		0.9934,
		-0.050128,
		-0.103164,
		0,
		-0.014232,
		0.838619,
		-0.544533,
		0,
		0.153178,
		0.155721,
		-1.341114,
		1,
	},
	[0.633333333333] = {
		0.113132,
		0.542098,
		0.832665,
		0,
		0.993467,
		-0.049081,
		-0.103026,
		0,
		-0.014982,
		0.838881,
		-0.544109,
		0,
		0.153242,
		0.156556,
		-1.34101,
		1,
	},
	[0.65] = {
		0.112403,
		0.541797,
		0.83296,
		0,
		0.993536,
		-0.047885,
		-0.102926,
		0,
		-0.015879,
		0.839144,
		-0.543677,
		0,
		0.153231,
		0.157426,
		-1.340909,
		1,
	},
	[0.666666666667] = {
		0.111632,
		0.541504,
		0.833254,
		0,
		0.993606,
		-0.04655,
		-0.102863,
		0,
		-0.016913,
		0.839408,
		-0.543238,
		0,
		0.153145,
		0.158327,
		-1.340813,
		1,
	},
	[0.683333333333] = {
		0.110824,
		0.541219,
		0.833546,
		0,
		0.993676,
		-0.045086,
		-0.10284,
		0,
		-0.018078,
		0.839672,
		-0.542793,
		0,
		0.152984,
		0.159256,
		-1.340721,
		1,
	},
	[0.6] = {
		0.114436,
		0.542725,
		0.832078,
		0,
		0.993337,
		-0.051016,
		-0.103338,
		0,
		-0.013634,
		0.83836,
		-0.544947,
		0,
		0.153041,
		0.154926,
		-1.341222,
		1,
	},
	[0.716666666667] = {
		0.109109,
		0.540674,
		0.834126,
		0,
		0.993813,
		-0.04181,
		-0.102896,
		0,
		-0.020758,
		0.840193,
		-0.541891,
		0,
		0.152461,
		0.161183,
		-1.340551,
		1,
	},
	[0.733333333333] = {
		0.108181,
		0.540413,
		0.834416,
		0,
		0.993882,
		-0.040019,
		-0.102938,
		0,
		-0.022236,
		0.840448,
		-0.541437,
		0,
		0.152153,
		0.162172,
		-1.340466,
		1,
	},
	[0.75] = {
		0.107208,
		0.540161,
		0.834705,
		0,
		0.993952,
		-0.038138,
		-0.102981,
		0,
		-0.023792,
		0.840697,
		-0.540982,
		0,
		0.151824,
		0.163175,
		-1.340382,
		1,
	},
	[0.766666666667] = {
		0.106194,
		0.539916,
		0.834993,
		0,
		0.994021,
		-0.036179,
		-0.103026,
		0,
		-0.025416,
		0.840941,
		-0.540529,
		0,
		0.151477,
		0.164187,
		-1.340298,
		1,
	},
	[0.783333333333] = {
		0.105145,
		0.539679,
		0.835279,
		0,
		0.994088,
		-0.03415,
		-0.103072,
		0,
		-0.027101,
		0.841178,
		-0.540079,
		0,
		0.151113,
		0.165204,
		-1.340214,
		1,
	},
	[0.7] = {
		0.109987,
		0.540943,
		0.833837,
		0,
		0.993744,
		-0.043503,
		-0.102857,
		0,
		-0.019366,
		0.839934,
		-0.542343,
		0,
		0.152747,
		0.160209,
		-1.340635,
		1,
	},
	[0.816666666667] = {
		0.102963,
		0.53923,
		0.835841,
		0,
		0.994214,
		-0.029925,
		-0.103166,
		0,
		-0.030618,
		0.841627,
		-0.539191,
		0,
		0.150343,
		0.167239,
		-1.340048,
		1,
	},
	[0.833333333333] = {
		0.101839,
		0.539018,
		0.836115,
		0,
		0.994272,
		-0.027749,
		-0.103214,
		0,
		-0.032433,
		0.841837,
		-0.538756,
		0,
		0.14994,
		0.16825,
		-1.339966,
		1,
	},
	[0.85] = {
		0.100702,
		0.538814,
		0.836384,
		0,
		0.994326,
		-0.025544,
		-0.103262,
		0,
		-0.034275,
		0.842037,
		-0.53833,
		0,
		0.149528,
		0.169251,
		-1.339886,
		1,
	},
	[0.866666666667] = {
		0.099555,
		0.53862,
		0.836647,
		0,
		0.994376,
		-0.02332,
		-0.10331,
		0,
		-0.036134,
		0.842226,
		-0.537912,
		0,
		0.149109,
		0.17024,
		-1.339808,
		1,
	},
	[0.883333333333] = {
		0.098404,
		0.538434,
		0.836902,
		0,
		0.994421,
		-0.021088,
		-0.103358,
		0,
		-0.038003,
		0.842404,
		-0.537505,
		0,
		0.148684,
		0.171212,
		-1.339731,
		1,
	},
	[0.8] = {
		0.104066,
		0.53945,
		0.835562,
		0,
		0.994152,
		-0.032062,
		-0.103119,
		0,
		-0.028838,
		0.841407,
		-0.539632,
		0,
		0.150735,
		0.166222,
		-1.34013,
		1,
	},
	[0.916666666667] = {
		0.096112,
		0.538091,
		0.837389,
		0,
		0.994495,
		-0.016638,
		-0.103453,
		0,
		-0.041735,
		0.842722,
		-0.536728,
		0,
		0.147825,
		0.173091,
		-1.339585,
		1,
	},
	[0.933333333333] = {
		0.094981,
		0.537935,
		0.837618,
		0,
		0.994525,
		-0.01444,
		-0.1035,
		0,
		-0.043581,
		0.842863,
		-0.536361,
		0,
		0.147395,
		0.173992,
		-1.339515,
		1,
	},
	[0.95] = {
		0.093868,
		0.53779,
		0.837837,
		0,
		0.994549,
		-0.012273,
		-0.103547,
		0,
		-0.045403,
		0.84299,
		-0.53601,
		0,
		0.146968,
		0.174861,
		-1.339449,
		1,
	},
	[0.966666666667] = {
		0.092776,
		0.537655,
		0.838045,
		0,
		0.994568,
		-0.010149,
		-0.103593,
		0,
		-0.047192,
		0.843104,
		-0.535676,
		0,
		0.146544,
		0.175695,
		-1.339386,
		1,
	},
	[0.983333333333] = {
		0.091712,
		0.537533,
		0.838241,
		0,
		0.994582,
		-0.008076,
		-0.103639,
		0,
		-0.04894,
		0.843204,
		-0.535361,
		0,
		0.146127,
		0.176492,
		-1.339327,
		1,
	},
	[0.9] = {
		0.097255,
		0.538258,
		0.83715,
		0,
		0.99446,
		-0.018857,
		-0.103406,
		0,
		-0.039873,
		0.842569,
		-0.53711,
		0,
		0.148255,
		0.172163,
		-1.339657,
		1,
	},
	[1.01666666667] = {
		0.089689,
		0.537326,
		0.838592,
		0,
		0.994597,
		-0.004126,
		-0.10373,
		0,
		-0.052277,
		0.843365,
		-0.534793,
		0,
		0.145318,
		0.177957,
		-1.339221,
		1,
	},
	[1.03333333333] = {
		0.08874,
		0.537243,
		0.838746,
		0,
		0.994598,
		-0.002269,
		-0.103775,
		0,
		-0.05385,
		0.843425,
		-0.534542,
		0,
		0.144931,
		0.178618,
		-1.339175,
		1,
	},
	[1.05] = {
		0.087839,
		0.537174,
		0.838885,
		0,
		0.994596,
		-0.000504,
		-0.103821,
		0,
		-0.055347,
		0.843471,
		-0.534315,
		0,
		0.144557,
		0.179227,
		-1.339134,
		1,
	},
	[1.06666666667] = {
		0.086993,
		0.53712,
		0.839008,
		0,
		0.994591,
		0.001159,
		-0.103866,
		0,
		-0.056761,
		0.843505,
		-0.534114,
		0,
		0.1442,
		0.17978,
		-1.339099,
		1,
	},
	[1.08333333333] = {
		0.086206,
		0.537083,
		0.839113,
		0,
		0.994583,
		0.002709,
		-0.103912,
		0,
		-0.058083,
		0.843525,
		-0.53394,
		0,
		0.143861,
		0.180274,
		-1.339069,
		1,
	},
	{
		0.090681,
		0.537423,
		0.838423,
		0,
		0.994592,
		-0.006065,
		-0.103685,
		0,
		-0.050638,
		0.843291,
		-0.535066,
		0,
		0.145717,
		0.177247,
		-1.339272,
		1,
	},
	[1.11666666667] = {
		0.084832,
		0.537058,
		0.839269,
		0,
		0.994562,
		0.005432,
		-0.104005,
		0,
		-0.060416,
		0.843528,
		-0.533677,
		0,
		0.143246,
		0.181071,
		-1.339027,
		1,
	},
	[1.13333333333] = {
		0.084255,
		0.537073,
		0.839317,
		0,
		0.99455,
		0.006585,
		-0.104052,
		0,
		-0.061411,
		0.84351,
		-0.533591,
		0,
		0.142973,
		0.181366,
		-1.339016,
		1,
	},
	[1.15] = {
		0.083759,
		0.537107,
		0.839345,
		0,
		0.994538,
		0.007586,
		-0.1041,
		0,
		-0.06228,
		0.84348,
		-0.533538,
		0,
		0.142727,
		0.181589,
		-1.339012,
		1,
	},
	[1.16666666667] = {
		0.083349,
		0.53716,
		0.839352,
		0,
		0.994526,
		0.008423,
		-0.104149,
		0,
		-0.063015,
		0.843438,
		-0.533518,
		0,
		0.142508,
		0.181736,
		-1.339016,
		1,
	},
	[1.18333333333] = {
		0.08303,
		0.537221,
		0.839345,
		0,
		0.994515,
		0.00909,
		-0.104198,
		0,
		-0.063607,
		0.843393,
		-0.53352,
		0,
		0.14232,
		0.181823,
		-1.339024,
		1,
	},
	[1.1] = {
		0.085484,
		0.537062,
		0.8392,
		0,
		0.994573,
		0.004137,
		-0.103958,
		0,
		-0.059304,
		0.843533,
		-0.533793,
		0,
		0.143542,
		0.180705,
		-1.339045,
		1,
	},
	[1.21666666667] = {
		0.082687,
		0.537319,
		0.839316,
		0,
		0.994497,
		0.009875,
		-0.104297,
		0,
		-0.06433,
		0.843321,
		-0.533546,
		0,
		0.142043,
		0.181884,
		-1.339045,
		1,
	},
	[1.23333333333] = {
		0.082674,
		0.537354,
		0.839295,
		0,
		0.994491,
		0.009975,
		-0.104347,
		0,
		-0.064443,
		0.843298,
		-0.533569,
		0,
		0.141957,
		0.181857,
		-1.339058,
		1,
	},
	[1.25] = {
		0.082733,
		0.537385,
		0.839269,
		0,
		0.994486,
		0.009939,
		-0.104397,
		0,
		-0.064443,
		0.843279,
		-0.533599,
		0,
		0.141896,
		0.1818,
		-1.339072,
		1,
	},
	[1.26666666667] = {
		0.082824,
		0.537415,
		0.839241,
		0,
		0.994482,
		0.009842,
		-0.104447,
		0,
		-0.064391,
		0.84326,
		-0.533635,
		0,
		0.141847,
		0.181725,
		-1.339088,
		1,
	},
	[1.28333333333] = {
		0.082945,
		0.537447,
		0.839209,
		0,
		0.994478,
		0.009688,
		-0.104496,
		0,
		-0.064292,
		0.843242,
		-0.533676,
		0,
		0.141808,
		0.181634,
		-1.339104,
		1,
	},
	[1.2] = {
		0.082808,
		0.537274,
		0.839333,
		0,
		0.994505,
		0.009577,
		-0.104248,
		0,
		-0.064048,
		0.843353,
		-0.533529,
		0,
		0.142164,
		0.181873,
		-1.339034,
		1,
	},
	[1.31666666667] = {
		0.083264,
		0.53751,
		0.839136,
		0,
		0.994472,
		0.009235,
		-0.104592,
		0,
		-0.063968,
		0.843207,
		-0.53377,
		0,
		0.141761,
		0.181411,
		-1.339139,
		1,
	},
	[1.33333333333] = {
		0.083456,
		0.537542,
		0.839097,
		0,
		0.99447,
		0.008944,
		-0.104639,
		0,
		-0.063753,
		0.843189,
		-0.533823,
		0,
		0.141751,
		0.181282,
		-1.339158,
		1,
	},
	[1.35] = {
		0.083666,
		0.537574,
		0.839055,
		0,
		0.994468,
		0.008618,
		-0.104685,
		0,
		-0.063506,
		0.843173,
		-0.533879,
		0,
		0.141748,
		0.181143,
		-1.339177,
		1,
	},
	[1.36666666667] = {
		0.083892,
		0.537605,
		0.839013,
		0,
		0.994466,
		0.008261,
		-0.104729,
		0,
		-0.063234,
		0.843156,
		-0.533938,
		0,
		0.141752,
		0.180996,
		-1.339196,
		1,
	},
	[1.38333333333] = {
		0.08413,
		0.537636,
		0.838969,
		0,
		0.994465,
		0.007879,
		-0.104772,
		0,
		-0.06294,
		0.84314,
		-0.533998,
		0,
		0.141763,
		0.180843,
		-1.339216,
		1,
	},
	[1.3] = {
		0.083092,
		0.537479,
		0.839174,
		0,
		0.994475,
		0.009484,
		-0.104544,
		0,
		-0.064149,
		0.843224,
		-0.533721,
		0,
		0.14178,
		0.181529,
		-1.339121,
		1,
	},
	[1.41666666667] = {
		0.084633,
		0.537696,
		0.83888,
		0,
		0.994463,
		0.007059,
		-0.104854,
		0,
		-0.062301,
		0.843109,
		-0.534121,
		0,
		0.1418,
		0.180524,
		-1.339255,
		1,
	},
	[1.43333333333] = {
		0.084892,
		0.537725,
		0.838836,
		0,
		0.994461,
		0.006631,
		-0.104893,
		0,
		-0.061966,
		0.843094,
		-0.534183,
		0,
		0.141825,
		0.180361,
		-1.339274,
		1,
	},
	[1.45] = {
		0.085152,
		0.537752,
		0.838792,
		0,
		0.99446,
		0.006199,
		-0.104929,
		0,
		-0.061625,
		0.84308,
		-0.534245,
		0,
		0.141854,
		0.180199,
		-1.339293,
		1,
	},
	[1.46666666667] = {
		0.085411,
		0.537778,
		0.838749,
		0,
		0.994459,
		0.005766,
		-0.104964,
		0,
		-0.061284,
		0.843067,
		-0.534306,
		0,
		0.141885,
		0.180039,
		-1.339311,
		1,
	},
	[1.48333333333] = {
		0.085665,
		0.537803,
		0.838707,
		0,
		0.994458,
		0.005339,
		-0.104997,
		0,
		-0.060945,
		0.843054,
		-0.534365,
		0,
		0.141917,
		0.179882,
		-1.339329,
		1,
	},
	[1.4] = {
		0.084378,
		0.537667,
		0.838925,
		0,
		0.994464,
		0.007477,
		-0.104814,
		0,
		-0.062627,
		0.843124,
		-0.534059,
		0,
		0.141779,
		0.180685,
		-1.339235,
		1,
	},
	[1.51666666667] = {
		0.086148,
		0.537848,
		0.838629,
		0,
		0.994456,
		0.00452,
		-0.105055,
		0,
		-0.060294,
		0.84303,
		-0.534477,
		0,
		0.141985,
		0.179584,
		-1.339362,
		1,
	},
	[1.53333333333] = {
		0.086372,
		0.537868,
		0.838593,
		0,
		0.994455,
		0.004139,
		-0.10508,
		0,
		-0.059991,
		0.843019,
		-0.534528,
		0,
		0.142019,
		0.179447,
		-1.339376,
		1,
	},
	[1.55] = {
		0.08658,
		0.537885,
		0.83856,
		0,
		0.994454,
		0.003784,
		-0.105103,
		0,
		-0.059707,
		0.843009,
		-0.534575,
		0,
		0.142051,
		0.17932,
		-1.33939,
		1,
	},
	[1.56666666667] = {
		0.086769,
		0.537901,
		0.83853,
		0,
		0.994453,
		0.00346,
		-0.105123,
		0,
		-0.059447,
		0.843001,
		-0.534618,
		0,
		0.142082,
		0.179205,
		-1.339402,
		1,
	},
	[1.58333333333] = {
		0.086937,
		0.537915,
		0.838504,
		0,
		0.994452,
		0.003171,
		-0.105141,
		0,
		-0.059216,
		0.842993,
		-0.534655,
		0,
		0.142109,
		0.179103,
		-1.339413,
		1,
	},
	[1.5] = {
		0.085912,
		0.537826,
		0.838667,
		0,
		0.994457,
		0.004922,
		-0.105027,
		0,
		-0.060614,
		0.843041,
		-0.534422,
		0,
		0.141951,
		0.17973,
		-1.339346,
		1,
	},
	[1.61666666667] = {
		0.087198,
		0.537936,
		0.838464,
		0,
		0.994451,
		0.002722,
		-0.105167,
		0,
		-0.058856,
		0.842981,
		-0.534713,
		0,
		0.142154,
		0.178945,
		-1.339429,
		1,
	},
	[1.63333333333] = {
		0.087285,
		0.537943,
		0.83845,
		0,
		0.99445,
		0.002572,
		-0.105175,
		0,
		-0.058735,
		0.842978,
		-0.534733,
		0,
		0.14217,
		0.178892,
		-1.339435,
		1,
	},
	[1.65] = {
		0.087339,
		0.537947,
		0.838442,
		0,
		0.99445,
		0.002478,
		-0.10518,
		0,
		-0.058659,
		0.842975,
		-0.534745,
		0,
		0.142179,
		0.17886,
		-1.339438,
		1,
	},
	[1.66666666667] = {
		0.087358,
		0.537948,
		0.838439,
		0,
		0.99445,
		0.002446,
		-0.105182,
		0,
		-0.058633,
		0.842974,
		-0.534749,
		0,
		0.142183,
		0.178848,
		-1.339439,
		1,
	},
	[1.6] = {
		0.087081,
		0.537927,
		0.838482,
		0,
		0.994452,
		0.002924,
		-0.105155,
		0,
		-0.059017,
		0.842987,
		-0.534687,
		0,
		0.142134,
		0.179016,
		-1.339422,
		1,
	},
}

return spline_matrices
