-- chunkname: @content/characters/player/ogryn/first_person/animations/2h_axe/heavy_attack_right_diagonal_up.lua

local spline_matrices = {
	[0.0166666666667] = {
		0.809352,
		-0.187843,
		-0.556474,
		0,
		0.549517,
		-0.092251,
		0.830373,
		0,
		-0.207315,
		-0.977858,
		0.02856,
		0,
		-0.612363,
		0.7198,
		-0.227096,
		1,
	},
	[0.0333333333333] = {
		0.829101,
		-0.229679,
		-0.509744,
		0,
		0.501425,
		-0.097833,
		0.859651,
		0,
		-0.247313,
		-0.968337,
		0.034053,
		0,
		-0.5938,
		0.724315,
		-0.242986,
		1,
	},
	[0.05] = {
		0.85359,
		-0.287659,
		-0.434322,
		0,
		0.423278,
		-0.103029,
		0.900122,
		0,
		-0.303676,
		-0.952175,
		0.033815,
		0,
		-0.56592,
		0.731295,
		-0.264719,
		1,
	},
	[0.0666666666667] = {
		0.874658,
		-0.351525,
		-0.33377,
		0,
		0.317747,
		-0.104218,
		0.94243,
		0,
		-0.366072,
		-0.93036,
		0.020541,
		0,
		-0.531233,
		0.740304,
		-0.288411,
		1,
	},
	[0.0833333333333] = {
		0.885462,
		-0.411652,
		-0.215638,
		0,
		0.191659,
		-0.099233,
		0.976432,
		0,
		-0.423348,
		-0.905923,
		-0.00897,
		0,
		-0.492284,
		0.750947,
		-0.310198,
		1,
	},
	[0] = {
		0.801554,
		-0.171909,
		-0.572676,
		0,
		0.566159,
		-0.0898,
		0.819389,
		0,
		-0.192287,
		-0.981012,
		0.025348,
		0,
		-0.619108,
		0.718199,
		-0.220937,
		1,
	},
	[0.116666666667] = {
		0.865688,
		-0.499684,
		0.030006,
		0,
		-0.071933,
		-0.064854,
		0.995298,
		0,
		-0.495388,
		-0.863777,
		-0.092087,
		0,
		-0.410707,
		0.780918,
		-0.319781,
		1,
	},
	[0.133333333333] = {
		0.838927,
		-0.526158,
		0.139136,
		0,
		-0.179165,
		-0.025598,
		0.983485,
		0,
		-0.513907,
		-0.850002,
		-0.115744,
		0,
		-0.374045,
		0.807169,
		-0.288024,
		1,
	},
	[0.15] = {
		0.744831,
		-0.63822,
		0.194684,
		0,
		-0.259662,
		-0.00847,
		0.965662,
		0,
		-0.614655,
		-0.769808,
		-0.172031,
		0,
		-0.336187,
		0.83852,
		-0.253395,
		1,
	},
	[0.166666666667] = {
		0.506,
		-0.848114,
		0.157056,
		0,
		-0.312736,
		-0.010702,
		0.949779,
		0,
		-0.80384,
		-0.529706,
		-0.270651,
		0,
		-0.279385,
		0.873032,
		-0.235639,
		1,
	},
	[0.183333333333] = {
		0.139596,
		-0.989579,
		0.035298,
		0,
		-0.336667,
		-0.013909,
		0.94152,
		0,
		-0.931218,
		-0.143317,
		-0.3351,
		0,
		-0.199485,
		0.949411,
		-0.220492,
		1,
	},
	[0.1] = {
		0.882948,
		-0.460468,
		-0.091498,
		0,
		0.05684,
		-0.088613,
		0.994442,
		0,
		-0.466017,
		-0.883243,
		-0.052067,
		0,
		-0.451654,
		0.762895,
		-0.326242,
		1,
	},
	[0.216666666667] = {
		-0.594563,
		-0.746203,
		-0.299458,
		0,
		-0.363315,
		-0.082919,
		0.927969,
		0,
		-0.717284,
		0.660535,
		-0.221806,
		0,
		0.032795,
		1.004159,
		-0.14898,
		1,
	},
	[0.233333333333] = {
		-0.844692,
		-0.336228,
		-0.416468,
		0,
		-0.407428,
		-0.100716,
		0.907666,
		0,
		-0.347127,
		0.93638,
		-0.051915,
		0,
		0.227406,
		0.942075,
		-0.103037,
		1,
	},
	[0.25] = {
		-0.901775,
		-0.007537,
		-0.432139,
		0,
		-0.428136,
		-0.121281,
		0.895538,
		0,
		-0.05916,
		0.99259,
		0.106142,
		0,
		0.410541,
		0.861314,
		-0.053058,
		1,
	},
	[0.266666666667] = {
		-0.882022,
		0.243258,
		-0.403562,
		0,
		-0.44246,
		-0.132998,
		0.88687,
		0,
		0.162065,
		0.960801,
		0.224939,
		0,
		0.570933,
		0.787098,
		-0.001644,
		1,
	},
	[0.283333333333] = {
		-0.819637,
		0.42462,
		-0.384567,
		0,
		-0.470646,
		-0.116367,
		0.874614,
		0,
		0.326628,
		0.897862,
		0.295224,
		0,
		0.67502,
		0.698595,
		0.032946,
		1,
	},
	[0.2] = {
		-0.226484,
		-0.96635,
		-0.121957,
		0,
		-0.344922,
		-0.037524,
		0.93788,
		0,
		-0.910897,
		0.254481,
		-0.324817,
		0,
		-0.105572,
		1.015223,
		-0.192403,
		1,
	},
	[0.316666666667] = {
		-0.764887,
		0.611036,
		-0.203919,
		0,
		-0.380479,
		-0.173106,
		0.908443,
		0,
		0.519791,
		0.772444,
		0.364893,
		0,
		0.780859,
		0.436729,
		0.036173,
		1,
	},
	[0.333333333333] = {
		-0.727882,
		0.683734,
		-0.051925,
		0,
		-0.328961,
		-0.281753,
		0.901332,
		0,
		0.601641,
		0.673145,
		0.430004,
		0,
		0.795282,
		0.266447,
		0.032958,
		1,
	},
	[0.35] = {
		-0.633385,
		0.7459,
		0.206048,
		0,
		-0.192232,
		-0.409584,
		0.891789,
		0,
		0.74958,
		0.525237,
		0.40281,
		0,
		0.783988,
		0.040889,
		-0.080677,
		1,
	},
	[0.366666666667] = {
		-0.500753,
		0.789407,
		0.355082,
		0,
		0.110823,
		-0.348374,
		0.930781,
		0,
		0.858466,
		0.505443,
		0.086965,
		0,
		0.848239,
		-0.147884,
		-0.416004,
		1,
	},
	[0.383333333333] = {
		-0.374805,
		0.809806,
		0.451371,
		0,
		0.409782,
		-0.292017,
		0.864178,
		0,
		0.831625,
		0.508862,
		-0.222394,
		0,
		0.908873,
		-0.252114,
		-0.75899,
		1,
	},
	[0.3] = {
		-0.783023,
		0.532141,
		-0.322025,
		0,
		-0.439786,
		-0.107552,
		0.891639,
		0,
		0.439843,
		0.839797,
		0.318243,
		0,
		0.741768,
		0.581918,
		0.040297,
		1,
	},
	[0.416666666667] = {
		-0.138812,
		0.68963,
		0.710733,
		0,
		0.867717,
		-0.261187,
		0.422903,
		0,
		0.477281,
		0.67542,
		-0.562148,
		0,
		0.631661,
		-0.261134,
		-1.347531,
		1,
	},
	[0.433333333333] = {
		-0.058607,
		0.633668,
		0.771382,
		0,
		0.930722,
		-0.244744,
		0.271763,
		0,
		0.360999,
		0.733871,
		-0.575425,
		0,
		0.516357,
		-0.251547,
		-1.469717,
		1,
	},
	[0.45] = {
		-0.043501,
		0.625299,
		0.779172,
		0,
		0.944376,
		-0.228736,
		0.236289,
		0,
		0.325976,
		0.746111,
		-0.580567,
		0,
		0.485142,
		-0.231724,
		-1.469069,
		1,
	},
	[0.466666666667] = {
		-0.029727,
		0.617588,
		0.785939,
		0,
		0.956029,
		-0.211942,
		0.202703,
		0,
		0.29176,
		0.757407,
		-0.584132,
		0,
		0.455103,
		-0.209675,
		-1.467633,
		1,
	},
	[0.483333333333] = {
		-0.017266,
		0.610514,
		0.791817,
		0,
		0.965862,
		-0.194544,
		0.17106,
		0,
		0.258478,
		0.76774,
		-0.586314,
		0,
		0.426276,
		-0.185739,
		-1.465503,
		1,
	},
	[0.4] = {
		-0.266685,
		0.773959,
		0.57434,
		0,
		0.679916,
		-0.271275,
		0.681266,
		0,
		0.683076,
		0.572187,
		-0.453882,
		0,
		0.81308,
		-0.258362,
		-1.067317,
		1,
	},
	[0.516666666667] = {
		0.003878,
		0.598177,
		0.801354,
		0,
		0.980755,
		-0.158702,
		0.113718,
		0,
		0.1952,
		0.785492,
		-0.587281,
		0,
		0.372399,
		-0.133563,
		-1.459511,
		1,
	},
	[0.533333333333] = {
		0.012676,
		0.592862,
		0.805204,
		0,
		0.986139,
		-0.140641,
		0.088028,
		0,
		0.165434,
		0.792928,
		-0.586427,
		0,
		0.34742,
		-0.106008,
		-1.455823,
		1,
	},
	[0.55] = {
		0.020387,
		0.588078,
		0.808547,
		0,
		0.990352,
		-0.122745,
		0.064305,
		0,
		0.137062,
		0.799436,
		-0.584907,
		0,
		0.323795,
		-0.077932,
		-1.451788,
		1,
	},
	[0.566666666667] = {
		0.027092,
		0.583797,
		0.811447,
		0,
		0.993541,
		-0.105206,
		0.042519,
		0,
		0.110191,
		0.805055,
		-0.582876,
		0,
		0.301558,
		-0.049679,
		-1.447489,
		1,
	},
	[0.583333333333] = {
		0.03288,
		0.579987,
		0.813961,
		0,
		0.995844,
		-0.088212,
		0.022628,
		0,
		0.084925,
		0.809836,
		-0.580477,
		0,
		0.280742,
		-0.021596,
		-1.443012,
		1,
	},
	[0.5] = {
		-0.006082,
		0.604052,
		0.796921,
		0,
		0.974049,
		-0.176734,
		0.141394,
		0,
		0.226253,
		0.777101,
		-0.587302,
		0,
		0.398696,
		-0.160254,
		-1.462766,
		1,
	},
	[0.616666666667] = {
		0.041872,
		0.573658,
		0.818024,
		0,
		0.998331,
		-0.056596,
		-0.011413,
		0,
		0.03975,
		0.817138,
		-0.57507,
		0,
		0.243872,
		0.032675,
		-1.433806,
		1,
	},
	[0.633333333333] = {
		0.0452,
		0.571072,
		0.819655,
		0,
		0.998776,
		-0.042331,
		-0.025584,
		0,
		0.020086,
		0.819808,
		-0.572285,
		0,
		0.228002,
		0.058167,
		-1.429238,
		1,
	},
	[0.65] = {
		0.047865,
		0.568827,
		0.821063,
		0,
		0.99885,
		-0.029325,
		-0.037913,
		0,
		0.002512,
		0.821935,
		-0.569576,
		0,
		0.213911,
		0.082099,
		-1.424817,
		1,
	},
	[0.666666666667] = {
		0.049959,
		0.566888,
		0.822278,
		0,
		0.998668,
		-0.017744,
		-0.048442,
		0,
		-0.012871,
		0.823604,
		-0.567019,
		0,
		0.201647,
		0.10412,
		-1.420637,
		1,
	},
	[0.683333333333] = {
		0.051572,
		0.56522,
		0.823326,
		0,
		0.998331,
		-0.007749,
		-0.057214,
		0,
		-0.025959,
		0.824904,
		-0.564676,
		0,
		0.191254,
		0.123879,
		-1.416792,
		1,
	},
	[0.6] = {
		0.037794,
		0.576618,
		0.816139,
		0,
		0.997397,
		-0.071948,
		0.004645,
		0,
		0.061398,
		0.81384,
		-0.577837,
		0,
		0.261469,
		0.005971,
		-1.438427,
		1,
	},
	[0.716666666667] = {
		0.05373,
		0.562549,
		0.825016,
		0,
		0.997548,
		0.006865,
		-0.069647,
		0,
		-0.044844,
		0.826736,
		-0.560801,
		0,
		0.17625,
		0.155211,
		-1.410505,
		1,
	},
	[0.733333333333] = {
		0.054462,
		0.561472,
		0.825701,
		0,
		0.997241,
		0.011184,
		-0.073381,
		0,
		-0.050436,
		0.827421,
		-0.559313,
		0,
		0.171716,
		0.16608,
		-1.408264,
		1,
	},
	[0.75] = {
		0.055088,
		0.560515,
		0.82631,
		0,
		0.997056,
		0.013316,
		-0.075504,
		0,
		-0.053324,
		0.828038,
		-0.558131,
		0,
		0.169208,
		0.173281,
		-1.40676,
		1,
	},
	[0.766666666667] = {
		0.055701,
		0.559638,
		0.826863,
		0,
		0.997018,
		0.013118,
		-0.076042,
		0,
		-0.053403,
		0.828634,
		-0.557238,
		0,
		0.168759,
		0.176462,
		-1.406101,
		1,
	},
	[0.783333333333] = {
		0.056356,
		0.558792,
		0.82739,
		0,
		0.997053,
		0.011698,
		-0.075813,
		0,
		-0.052042,
		0.829226,
		-0.556486,
		0,
		0.169331,
		0.177504,
		-1.405901,
		1,
	},
	[0.7] = {
		0.052798,
		0.563786,
		0.824231,
		0,
		0.997932,
		0.000504,
		-0.06427,
		0,
		-0.03665,
		0.825921,
		-0.562593,
		0,
		0.182775,
		0.141027,
		-1.413382,
		1,
	},
	[0.816666666667] = {
		0.057758,
		0.55714,
		0.828407,
		0,
		0.997111,
		0.008809,
		-0.075445,
		0,
		-0.049331,
		0.830372,
		-0.555022,
		0,
		0.170365,
		0.1795,
		-1.405522,
		1,
	},
	[0.833333333333] = {
		0.058504,
		0.556343,
		0.82889,
		0,
		0.997133,
		0.007349,
		-0.075311,
		0,
		-0.047991,
		0.830921,
		-0.554318,
		0,
		0.170819,
		0.180441,
		-1.405347,
		1,
	},
	[0.85] = {
		0.059278,
		0.555571,
		0.829353,
		0,
		0.99715,
		0.005885,
		-0.075213,
		0,
		-0.046667,
		0.831449,
		-0.553638,
		0,
		0.171226,
		0.181336,
		-1.405182,
		1,
	},
	[0.866666666667] = {
		0.06008,
		0.554827,
		0.829793,
		0,
		0.997162,
		0.004419,
		-0.075153,
		0,
		-0.045364,
		0.831954,
		-0.552987,
		0,
		0.171584,
		0.182178,
		-1.405029,
		1,
	},
	[0.883333333333] = {
		0.060908,
		0.554118,
		0.830206,
		0,
		0.997169,
		0.002957,
		-0.075131,
		0,
		-0.044087,
		0.832433,
		-0.552369,
		0,
		0.171888,
		0.182961,
		-1.40489,
		1,
	},
	[0.8] = {
		0.057042,
		0.557958,
		0.827906,
		0,
		0.997084,
		0.01026,
		-0.075613,
		0,
		-0.050683,
		0.829806,
		-0.555746,
		0,
		0.169868,
		0.178519,
		-1.405707,
		1,
	},
	[0.916666666667] = {
		0.062583,
		0.552818,
		0.830948,
		0,
		0.997172,
		5.9e-05,
		-0.075142,
		0,
		-0.041589,
		0.833302,
		-0.551251,
		0,
		0.172423,
		0.184328,
		-1.404646,
		1,
	},
	[0.933333333333] = {
		0.06341,
		0.552237,
		0.831272,
		0,
		0.99717,
		-0.001369,
		-0.075155,
		0,
		-0.040366,
		0.833687,
		-0.55076,
		0,
		0.172677,
		0.184899,
		-1.40454,
		1,
	},
	[0.95] = {
		0.064226,
		0.551707,
		0.831561,
		0,
		0.997166,
		-0.002778,
		-0.075174,
		0,
		-0.039164,
		0.834034,
		-0.550321,
		0,
		0.17292,
		0.185386,
		-1.404446,
		1,
	},
	[0.966666666667] = {
		0.06503,
		0.551233,
		0.831813,
		0,
		0.997159,
		-0.004163,
		-0.075198,
		0,
		-0.037989,
		0.834341,
		-0.549938,
		0,
		0.173154,
		0.185784,
		-1.404364,
		1,
	},
	[0.983333333333] = {
		0.065818,
		0.55082,
		0.832024,
		0,
		0.997151,
		-0.005521,
		-0.075225,
		0,
		-0.036842,
		0.834606,
		-0.549614,
		0,
		0.173376,
		0.186087,
		-1.404297,
		1,
	},
	[0.9] = {
		0.061748,
		0.553447,
		0.830592,
		0,
		0.997172,
		0.001503,
		-0.075134,
		0,
		-0.042831,
		0.832884,
		-0.551788,
		0,
		0.17216,
		0.18368,
		-1.404763,
		1,
	},
	[1.01666666667] = {
		0.067338,
		0.550195,
		0.832316,
		0,
		0.997128,
		-0.00814,
		-0.075291,
		0,
		-0.034649,
		0.834997,
		-0.549162,
		0,
		0.173786,
		0.18638,
		-1.404207,
		1,
	},
	[1.03333333333] = {
		0.068065,
		0.549991,
		0.832392,
		0,
		0.997114,
		-0.009393,
		-0.075328,
		0,
		-0.033611,
		0.835118,
		-0.549043,
		0,
		0.173972,
		0.186358,
		-1.404187,
		1,
	},
	[1.05] = {
		0.068766,
		0.549867,
		0.832417,
		0,
		0.997099,
		-0.010603,
		-0.075366,
		0,
		-0.032615,
		0.835186,
		-0.549,
		0,
		0.174145,
		0.186216,
		-1.404185,
		1,
	},
	[1.06666666667] = {
		0.069438,
		0.549821,
		0.832391,
		0,
		0.997083,
		-0.011765,
		-0.075406,
		0,
		-0.031667,
		0.8352,
		-0.549034,
		0,
		0.174305,
		0.185955,
		-1.404199,
		1,
	},
	[1.08333333333] = {
		0.070081,
		0.549846,
		0.832321,
		0,
		0.997066,
		-0.012874,
		-0.075447,
		0,
		-0.030769,
		0.835167,
		-0.549135,
		0,
		0.17445,
		0.185591,
		-1.40423,
		1,
	},
	{
		0.066588,
		0.550473,
		0.832193,
		0,
		0.99714,
		-0.006849,
		-0.075257,
		0,
		-0.035727,
		0.834826,
		-0.549354,
		0,
		0.173587,
		0.186287,
		-1.404244,
		1,
	},
	[1.11666666667] = {
		0.071263,
		0.550084,
		0.832063,
		0,
		0.997031,
		-0.014916,
		-0.075531,
		0,
		-0.029138,
		0.834977,
		-0.549513,
		0,
		0.174695,
		0.184598,
		-1.40433,
		1,
	},
	[1.13333333333] = {
		0.071798,
		0.550284,
		0.831885,
		0,
		0.997014,
		-0.015838,
		-0.075573,
		0,
		-0.028412,
		0.834828,
		-0.549777,
		0,
		0.174795,
		0.183994,
		-1.404397,
		1,
	},
	[1.15] = {
		0.072292,
		0.550529,
		0.831679,
		0,
		0.996997,
		-0.016687,
		-0.075616,
		0,
		-0.02775,
		0.834649,
		-0.550082,
		0,
		0.174878,
		0.183335,
		-1.404473,
		1,
	},
	[1.16666666667] = {
		0.072743,
		0.550814,
		0.831451,
		0,
		0.99698,
		-0.017459,
		-0.075658,
		0,
		-0.027157,
		0.834446,
		-0.550421,
		0,
		0.174944,
		0.182632,
		-1.404556,
		1,
	},
	[1.18333333333] = {
		0.073148,
		0.551132,
		0.831205,
		0,
		0.996965,
		-0.018149,
		-0.075701,
		0,
		-0.026635,
		0.834221,
		-0.550787,
		0,
		0.174993,
		0.181899,
		-1.404645,
		1,
	},
	[1.1] = {
		0.070689,
		0.549935,
		0.83221,
		0,
		0.997049,
		-0.013926,
		-0.075489,
		0,
		-0.029924,
		0.835091,
		-0.549297,
		0,
		0.17458,
		0.185134,
		-1.404274,
		1,
	},
	[1.21666666667] = {
		0.07381,
		0.551841,
		0.830676,
		0,
		0.996937,
		-0.019263,
		-0.075787,
		0,
		-0.025821,
		0.833727,
		-0.551573,
		0,
		0.175037,
		0.180388,
		-1.404834,
		1,
	},
	[1.23333333333] = {
		0.074063,
		0.55222,
		0.830402,
		0,
		0.996926,
		-0.019676,
		-0.07583,
		0,
		-0.025536,
		0.833467,
		-0.551979,
		0,
		0.17503,
		0.179634,
		-1.404932,
		1,
	},
	[1.25] = {
		0.074259,
		0.552606,
		0.830128,
		0,
		0.996917,
		-0.019988,
		-0.075874,
		0,
		-0.025336,
		0.833203,
		-0.552386,
		0,
		0.175004,
		0.178898,
		-1.405029,
		1,
	},
	[1.26666666667] = {
		0.074397,
		0.552993,
		0.829857,
		0,
		0.996909,
		-0.020192,
		-0.075918,
		0,
		-0.025226,
		0.832942,
		-0.552786,
		0,
		0.174959,
		0.178192,
		-1.405124,
		1,
	},
	[1.28333333333] = {
		0.074474,
		0.553375,
		0.829596,
		0,
		0.996904,
		-0.020284,
		-0.075963,
		0,
		-0.025208,
		0.832686,
		-0.553172,
		0,
		0.174892,
		0.177528,
		-1.405217,
		1,
	},
	[1.2] = {
		0.073505,
		0.551477,
		0.830945,
		0,
		0.99695,
		-0.018752,
		-0.075744,
		0,
		-0.026189,
		0.83398,
		-0.551173,
		0,
		0.175024,
		0.181147,
		-1.404738,
		1,
	},
	[1.31666666667] = {
		0.074543,
		0.554083,
		0.829117,
		0,
		0.996896,
		-0.020309,
		-0.076055,
		0,
		-0.025302,
		0.832214,
		-0.553876,
		0,
		0.17473,
		0.176341,
		-1.405386,
		1,
	},
	[1.33333333333] = {
		0.074562,
		0.554391,
		0.828909,
		0,
		0.996893,
		-0.020289,
		-0.076103,
		0,
		-0.025373,
		0.832009,
		-0.554181,
		0,
		0.174644,
		0.175832,
		-1.405461,
		1,
	},
	[1.35] = {
		0.074572,
		0.554661,
		0.828728,
		0,
		0.99689,
		-0.020249,
		-0.076151,
		0,
		-0.025457,
		0.83183,
		-0.554446,
		0,
		0.174555,
		0.175394,
		-1.405526,
		1,
	},
	[1.36666666667] = {
		0.074573,
		0.554884,
		0.828578,
		0,
		0.996888,
		-0.020189,
		-0.076201,
		0,
		-0.025554,
		0.831683,
		-0.554663,
		0,
		0.174464,
		0.175039,
		-1.405582,
		1,
	},
	[1.38333333333] = {
		0.074566,
		0.555055,
		0.828464,
		0,
		0.996885,
		-0.020111,
		-0.076251,
		0,
		-0.025663,
		0.831571,
		-0.554826,
		0,
		0.174371,
		0.174778,
		-1.405626,
		1,
	},
	[1.3] = {
		0.074513,
		0.553741,
		0.829348,
		0,
		0.9969,
		-0.020307,
		-0.076008,
		0,
		-0.025247,
		0.832441,
		-0.553538,
		0,
		0.174813,
		0.17691,
		-1.405304,
		1,
	},
	[1.41666666667] = {
		0.074532,
		0.555211,
		0.828363,
		0,
		0.996882,
		-0.019901,
		-0.076355,
		0,
		-0.025908,
		0.831472,
		-0.554963,
		0,
		0.17418,
		0.174581,
		-1.405674,
		1,
	},
	[1.43333333333] = {
		0.074505,
		0.555207,
		0.828368,
		0,
		0.99688,
		-0.019774,
		-0.076408,
		0,
		-0.026042,
		0.831478,
		-0.554948,
		0,
		0.174084,
		0.174626,
		-1.405681,
		1,
	},
	[1.45] = {
		0.074474,
		0.555178,
		0.82839,
		0,
		0.996879,
		-0.019637,
		-0.076461,
		0,
		-0.026183,
		0.8315,
		-0.554907,
		0,
		0.173988,
		0.174715,
		-1.405681,
		1,
	},
	[1.46666666667] = {
		0.074437,
		0.555127,
		0.828428,
		0,
		0.996878,
		-0.01949,
		-0.076513,
		0,
		-0.026328,
		0.831538,
		-0.554844,
		0,
		0.173892,
		0.174844,
		-1.405677,
		1,
	},
	[1.48333333333] = {
		0.074397,
		0.555056,
		0.828479,
		0,
		0.996877,
		-0.019337,
		-0.076564,
		0,
		-0.026476,
		0.831589,
		-0.554761,
		0,
		0.173798,
		0.175008,
		-1.405669,
		1,
	},
	[1.4] = {
		0.074552,
		0.555166,
		0.828391,
		0,
		0.996883,
		-0.020015,
		-0.076303,
		0,
		-0.025781,
		0.831499,
		-0.554928,
		0,
		0.174276,
		0.174621,
		-1.405657,
		1,
	},
	[1.51666666667] = {
		0.074307,
		0.554866,
		0.828614,
		0,
		0.996875,
		-0.019017,
		-0.076662,
		0,
		-0.026779,
		0.831723,
		-0.554545,
		0,
		0.173613,
		0.175421,
		-1.40564,
		1,
	},
	[1.53333333333] = {
		0.074259,
		0.554751,
		0.828695,
		0,
		0.996875,
		-0.018854,
		-0.076709,
		0,
		-0.02693,
		0.831803,
		-0.554417,
		0,
		0.173524,
		0.175661,
		-1.405621,
		1,
	},
	[1.55] = {
		0.07421,
		0.554627,
		0.828783,
		0,
		0.996874,
		-0.01869,
		-0.076754,
		0,
		-0.02708,
		0.831889,
		-0.55428,
		0,
		0.173438,
		0.175917,
		-1.405599,
		1,
	},
	[1.56666666667] = {
		0.07416,
		0.554497,
		0.828875,
		0,
		0.996874,
		-0.018527,
		-0.076797,
		0,
		-0.027227,
		0.83198,
		-0.554137,
		0,
		0.173356,
		0.176183,
		-1.405576,
		1,
	},
	[1.58333333333] = {
		0.074111,
		0.554361,
		0.828969,
		0,
		0.996874,
		-0.018368,
		-0.076838,
		0,
		-0.027369,
		0.832074,
		-0.55399,
		0,
		0.173277,
		0.176456,
		-1.405552,
		1,
	},
	[1.5] = {
		0.074353,
		0.554968,
		0.828542,
		0,
		0.996876,
		-0.019179,
		-0.076613,
		0,
		-0.026627,
		0.831651,
		-0.55466,
		0,
		0.173704,
		0.175202,
		-1.405656,
		1,
	},
	[1.61666666667] = {
		0.074014,
		0.554089,
		0.82916,
		0,
		0.996874,
		-0.018066,
		-0.076912,
		0,
		-0.027636,
		0.832262,
		-0.553693,
		0,
		0.173133,
		0.177001,
		-1.405501,
		1,
	},
	[1.63333333333] = {
		0.073969,
		0.553956,
		0.829253,
		0,
		0.996874,
		-0.017927,
		-0.076945,
		0,
		-0.027758,
		0.832353,
		-0.55355,
		0,
		0.173068,
		0.177263,
		-1.405476,
		1,
	},
	[1.65] = {
		0.073926,
		0.553829,
		0.829341,
		0,
		0.996874,
		-0.017798,
		-0.076975,
		0,
		-0.02787,
		0.83244,
		-0.553414,
		0,
		0.17301,
		0.177513,
		-1.405452,
		1,
	},
	[1.66666666667] = {
		0.073887,
		0.553711,
		0.829424,
		0,
		0.996874,
		-0.017681,
		-0.077001,
		0,
		-0.027972,
		0.832521,
		-0.553286,
		0,
		0.172958,
		0.177744,
		-1.405429,
		1,
	},
	[1.68333333333] = {
		0.073852,
		0.553604,
		0.829498,
		0,
		0.996874,
		-0.017576,
		-0.077024,
		0,
		-0.028061,
		0.832595,
		-0.553172,
		0,
		0.172912,
		0.177954,
		-1.405408,
		1,
	},
	[1.6] = {
		0.074062,
		0.554225,
		0.829065,
		0,
		0.996874,
		-0.018214,
		-0.076876,
		0,
		-0.027506,
		0.832168,
		-0.553841,
		0,
		0.173202,
		0.17673,
		-1.405527,
		1,
	},
	[1.71666666667] = {
		0.073798,
		0.553434,
		0.829617,
		0,
		0.996874,
		-0.017415,
		-0.077058,
		0,
		-0.028199,
		0.832711,
		-0.552989,
		0,
		0.172843,
		0.178285,
		-1.405374,
		1,
	},
	[1.73333333333] = {
		0.07378,
		0.553376,
		0.829657,
		0,
		0.996874,
		-0.017362,
		-0.07707,
		0,
		-0.028244,
		0.832751,
		-0.552927,
		0,
		0.17282,
		0.178398,
		-1.405363,
		1,
	},
	[1.75] = {
		0.073768,
		0.553339,
		0.829683,
		0,
		0.996874,
		-0.017328,
		-0.077076,
		0,
		-0.028272,
		0.832776,
		-0.552887,
		0,
		0.172807,
		0.178469,
		-1.405355,
		1,
	},
	[1.76666666667] = {
		0.073764,
		0.553326,
		0.829692,
		0,
		0.996874,
		-0.017317,
		-0.077079,
		0,
		-0.028282,
		0.832785,
		-0.552874,
		0,
		0.172802,
		0.178494,
		-1.405353,
		1,
	},
	[1.7] = {
		0.073822,
		0.553511,
		0.829563,
		0,
		0.996874,
		-0.017488,
		-0.077043,
		0,
		-0.028137,
		0.832659,
		-0.553071,
		0,
		0.172874,
		0.178135,
		-1.40539,
		1,
	},
}

return spline_matrices
