-- chunkname: @content/characters/player/ogryn/first_person/animations/2h_axe/heavy_attack_down_left.lua

local spline_matrices = {
	[0.0166666666667] = {
		-0.061675,
		-0.044617,
		-0.997098,
		0,
		0.997766,
		0.02294,
		-0.062743,
		0,
		0.025673,
		-0.998741,
		0.043102,
		0,
		0.438184,
		0.390913,
		0.339005,
		1,
	},
	[0.0333333333333] = {
		-0.101458,
		-0.024123,
		-0.994547,
		0,
		0.994224,
		0.032724,
		-0.102219,
		0,
		0.035012,
		-0.999173,
		0.020664,
		0,
		0.41385,
		0.429534,
		0.355386,
		1,
	},
	[0.05] = {
		-0.152747,
		0.003001,
		-0.98826,
		0,
		0.987214,
		0.046583,
		-0.152444,
		0,
		0.045579,
		-0.99891,
		-0.010078,
		0,
		0.378086,
		0.489501,
		0.376359,
		1,
	},
	[0.0666666666667] = {
		-0.203399,
		0.030773,
		-0.978612,
		0,
		0.977567,
		0.062217,
		-0.201225,
		0,
		0.054694,
		-0.997588,
		-0.042738,
		0,
		0.334682,
		0.566866,
		0.396927,
		1,
	},
	[0.0833333333333] = {
		-0.24183,
		0.052876,
		-0.968877,
		0,
		0.968399,
		0.075936,
		-0.237566,
		0,
		0.061011,
		-0.99571,
		-0.069568,
		0,
		0.288036,
		0.657377,
		0.411943,
		1,
	},
	[0] = {
		-0.045714,
		-0.052783,
		-0.997559,
		0,
		0.998725,
		0.01903,
		-0.046774,
		0,
		0.021452,
		-0.998425,
		0.051845,
		0,
		0.447264,
		0.3772,
		0.332348,
		1,
	},
	[0.116666666667] = {
		-0.229068,
		-0.146297,
		-0.962353,
		0,
		0.966852,
		0.080382,
		-0.242358,
		0,
		0.112812,
		-0.985969,
		0.123035,
		0,
		0.195441,
		0.914029,
		0.325125,
		1,
	},
	[0.133333333333] = {
		-0.133788,
		-0.613678,
		-0.778139,
		0,
		0.976118,
		0.05401,
		-0.210421,
		0,
		0.171158,
		-0.787707,
		0.591796,
		0,
		0.142496,
		1.125714,
		0.113103,
		1,
	},
	[0.15] = {
		-0.023025,
		-0.962519,
		-0.270233,
		0,
		0.988422,
		0.018632,
		-0.150583,
		0,
		0.149974,
		-0.270571,
		0.950946,
		0,
		0.089526,
		1.311508,
		-0.136682,
		1,
	},
	[0.166666666667] = {
		0.034301,
		-0.95495,
		0.294776,
		0,
		0.994755,
		0.004182,
		-0.102206,
		0,
		0.096369,
		0.296735,
		0.950084,
		0,
		0.040595,
		1.389416,
		-0.342933,
		1,
	},
	[0.183333333333] = {
		0.133891,
		-0.673757,
		0.726722,
		0,
		0.985392,
		0.012634,
		-0.169835,
		0,
		0.105246,
		0.738845,
		0.665605,
		0,
		-0.009139,
		1.242048,
		-0.463254,
		1,
	},
	[0.1] = {
		-0.257025,
		0.06329,
		-0.96433,
		0,
		0.964209,
		0.084035,
		-0.251477,
		0,
		0.065121,
		-0.994451,
		-0.082624,
		0,
		0.2428,
		0.757037,
		0.416288,
		1,
	},
	[0.216666666667] = {
		0.280584,
		-0.101394,
		0.954459,
		0,
		0.959828,
		0.027849,
		-0.279203,
		0,
		0.001729,
		0.994456,
		0.105135,
		0,
		-0.103633,
		1.084354,
		-0.680232,
		1,
	},
	[0.233333333333] = {
		0.295544,
		0.006922,
		0.955304,
		0,
		0.954868,
		0.028949,
		-0.295619,
		0,
		-0.029701,
		0.999557,
		0.001946,
		0,
		-0.147432,
		1.091679,
		-0.777473,
		1,
	},
	[0.25] = {
		0.261323,
		0.200181,
		0.944266,
		0,
		0.961459,
		0.032652,
		-0.273002,
		0,
		-0.085482,
		0.979215,
		-0.183933,
		0,
		-0.160848,
		0.971857,
		-0.866064,
		1,
	},
	[0.266666666667] = {
		0.217666,
		0.384636,
		0.897037,
		0,
		0.967443,
		0.036573,
		-0.250432,
		0,
		-0.129133,
		0.922343,
		-0.364152,
		0,
		-0.163801,
		0.7707,
		-0.935702,
		1,
	},
	[0.283333333333] = {
		0.202202,
		0.492788,
		0.84633,
		0,
		0.966639,
		0.038325,
		-0.25326,
		0,
		-0.157239,
		0.869305,
		-0.468598,
		0,
		-0.173083,
		0.628581,
		-0.976828,
		1,
	},
	[0.2] = {
		0.254907,
		-0.284675,
		0.924111,
		0,
		0.965761,
		0.027259,
		-0.257998,
		0,
		0.048256,
		0.958236,
		0.281877,
		0,
		-0.056683,
		1.080212,
		-0.565732,
		1,
	},
	[0.316666666667] = {
		0.190025,
		0.586129,
		0.787619,
		0,
		0.961749,
		0.050095,
		-0.269315,
		0,
		-0.197309,
		0.808668,
		-0.554189,
		0,
		-0.14973,
		0.496123,
		-1.046024,
		1,
	},
	[0.333333333333] = {
		0.183235,
		0.61647,
		0.76576,
		0,
		0.959475,
		0.05749,
		-0.27587,
		0,
		-0.214089,
		0.785277,
		-0.580953,
		0,
		-0.117964,
		0.442217,
		-1.081407,
		1,
	},
	[0.35] = {
		0.176234,
		0.63847,
		0.749197,
		0,
		0.957888,
		0.064051,
		-0.279909,
		0,
		-0.2267,
		0.766976,
		-0.600295,
		0,
		-0.079836,
		0.397538,
		-1.114363,
		1,
	},
	[0.366666666667] = {
		0.171451,
		0.654433,
		0.736425,
		0,
		0.956462,
		0.068636,
		-0.283672,
		0,
		-0.23619,
		0.752999,
		-0.614172,
		0,
		-0.044683,
		0.361612,
		-1.142124,
		1,
	},
	[0.383333333333] = {
		0.168872,
		0.664125,
		0.728299,
		0,
		0.955531,
		0.070924,
		-0.286235,
		0,
		-0.24175,
		0.744249,
		-0.622615,
		0,
		-0.018517,
		0.337549,
		-1.161132,
		1,
	},
	[0.3] = {
		0.195615,
		0.544867,
		0.815386,
		0,
		0.96453,
		0.043385,
		-0.260386,
		0,
		-0.177251,
		0.837399,
		-0.517054,
		0,
		-0.168822,
		0.559466,
		-1.010309,
		1,
	},
	[0.416666666667] = {
		0.168932,
		0.664325,
		0.728103,
		0,
		0.95582,
		0.06988,
		-0.285525,
		0,
		-0.240562,
		0.74417,
		-0.62317,
		0,
		-0.005617,
		0.332943,
		-1.166964,
		1,
	},
	[0.433333333333] = {
		0.169214,
		0.662993,
		0.729251,
		0,
		0.95622,
		0.068818,
		-0.284444,
		0,
		-0.23877,
		0.745456,
		-0.622321,
		0,
		-0.003905,
		0.334663,
		-1.166478,
		1,
	},
	[0.45] = {
		0.169344,
		0.662002,
		0.73012,
		0,
		0.956599,
		0.067856,
		-0.283398,
		0,
		-0.237153,
		0.746424,
		-0.621779,
		0,
		-0.002274,
		0.335895,
		-1.166129,
		1,
	},
	[0.466666666667] = {
		0.169382,
		0.6613,
		0.730747,
		0,
		0.95694,
		0.067004,
		-0.282447,
		0,
		-0.235746,
		0.747123,
		-0.621475,
		0,
		-0.000804,
		0.336719,
		-1.165893,
		1,
	},
	[0.483333333333] = {
		0.16939,
		0.660837,
		0.731164,
		0,
		0.957224,
		0.06627,
		-0.281657,
		0,
		-0.234584,
		0.747598,
		-0.621343,
		0,
		0.000425,
		0.337218,
		-1.165749,
		1,
	},
	[0.4] = {
		0.168437,
		0.666048,
		0.726642,
		0,
		0.95542,
		0.071034,
		-0.286578,
		0,
		-0.242492,
		0.742519,
		-0.624391,
		0,
		-0.007329,
		0.33065,
		-1.167606,
		1,
	},
	[0.516666666667] = {
		0.169455,
		0.66041,
		0.731535,
		0,
		0.95759,
		0.065183,
		-0.280664,
		0,
		-0.233037,
		0.74807,
		-0.621356,
		0,
		0.002022,
		0.337566,
		-1.165646,
		1,
	},
	[0.533333333333] = {
		0.169394,
		0.660337,
		0.731615,
		0,
		0.957736,
		0.064817,
		-0.280251,
		0,
		-0.232481,
		0.748167,
		-0.621448,
		0,
		0.002655,
		0.337578,
		-1.165642,
		1,
	},
	[0.55] = {
		0.169261,
		0.660382,
		0.731605,
		0,
		0.957871,
		0.064532,
		-0.279858,
		0,
		-0.232025,
		0.748152,
		-0.621637,
		0,
		0.003231,
		0.337434,
		-1.165682,
		1,
	},
	[0.566666666667] = {
		0.169068,
		0.660618,
		0.731437,
		0,
		0.957994,
		0.064282,
		-0.279494,
		0,
		-0.231657,
		0.747965,
		-0.621999,
		0,
		0.003755,
		0.337016,
		-1.165801,
		1,
	},
	[0.583333333333] = {
		0.168832,
		0.661032,
		0.731117,
		0,
		0.958106,
		0.064053,
		-0.279161,
		0,
		-0.231365,
		0.747618,
		-0.622524,
		0,
		0.004229,
		0.336336,
		-1.165996,
		1,
	},
	[0.5] = {
		0.169429,
		0.660558,
		0.731407,
		0,
		0.957432,
		0.065665,
		-0.28109,
		0,
		-0.233704,
		0.747898,
		-0.621314,
		0,
		0.001332,
		0.337473,
		-1.165674,
		1,
	},
	[0.616666666667] = {
		0.168127,
		0.662388,
		0.730052,
		0,
		0.958291,
		0.063807,
		-0.278582,
		0,
		-0.231112,
		0.746439,
		-0.624032,
		0,
		0.004985,
		0.334245,
		-1.166594,
		1,
	},
	[0.633333333333] = {
		0.167639,
		0.663316,
		0.729321,
		0,
		0.958362,
		0.063825,
		-0.278334,
		0,
		-0.231173,
		0.745613,
		-0.624996,
		0,
		0.005257,
		0.33286,
		-1.166989,
		1,
	},
	[0.65] = {
		0.167072,
		0.664397,
		0.728466,
		0,
		0.958418,
		0.06393,
		-0.278117,
		0,
		-0.231352,
		0.74464,
		-0.626088,
		0,
		0.005459,
		0.331267,
		-1.167441,
		1,
	},
	[0.666666666667] = {
		0.166433,
		0.66562,
		0.727495,
		0,
		0.958458,
		0.064116,
		-0.277934,
		0,
		-0.231643,
		0.743531,
		-0.627298,
		0,
		0.005591,
		0.32948,
		-1.167946,
		1,
	},
	[0.683333333333] = {
		0.16573,
		0.666975,
		0.726414,
		0,
		0.958484,
		0.064377,
		-0.277784,
		0,
		-0.232039,
		0.742294,
		-0.628616,
		0,
		0.005655,
		0.32751,
		-1.1685,
		1,
	},
	[0.6] = {
		0.168527,
		0.661623,
		0.730652,
		0,
		0.958206,
		0.063881,
		-0.278858,
		0,
		-0.231174,
		0.74711,
		-0.623205,
		0,
		0.004642,
		0.335408,
		-1.166262,
		1,
	},
	[0.716666666667] = {
		0.164163,
		0.670037,
		0.723948,
		0,
		0.95849,
		0.065098,
		-0.277598,
		0,
		-0.233129,
		0.739468,
		-0.631536,
		0,
		0.00558,
		0.323078,
		-1.169733,
		1,
	},
	[0.733333333333] = {
		0.163315,
		0.671722,
		0.722577,
		0,
		0.958468,
		0.065547,
		-0.277565,
		0,
		-0.23381,
		0.737898,
		-0.633119,
		0,
		0.005441,
		0.320641,
		-1.170404,
		1,
	},
	[0.75] = {
		0.162435,
		0.673496,
		0.721122,
		0,
		0.958431,
		0.066047,
		-0.277575,
		0,
		-0.234574,
		0.736234,
		-0.634771,
		0,
		0.005236,
		0.318076,
		-1.171105,
		1,
	},
	[0.766666666667] = {
		0.16153,
		0.675349,
		0.719591,
		0,
		0.958378,
		0.066592,
		-0.277629,
		0,
		-0.235415,
		0.734486,
		-0.636482,
		0,
		0.004966,
		0.315394,
		-1.171831,
		1,
	},
	[0.783333333333] = {
		0.160595,
		0.677269,
		0.717994,
		0,
		0.958314,
		0.067173,
		-0.27771,
		0,
		-0.236315,
		0.732663,
		-0.638248,
		0,
		0.004653,
		0.31261,
		-1.172578,
		1,
	},
	[0.7] = {
		0.16497,
		0.668451,
		0.725229,
		0,
		0.958495,
		0.064706,
		-0.277672,
		0,
		-0.232537,
		0.740936,
		-0.630031,
		0,
		0.005651,
		0.325372,
		-1.169097,
		1,
	},
	[0.816666666667] = {
		0.158623,
		0.681269,
		0.714641,
		0,
		0.95817,
		0.068421,
		-0.277903,
		0,
		-0.238223,
		0.728829,
		-0.641917,
		0,
		0.003981,
		0.306787,
		-1.174118,
		1,
	},
	[0.833333333333] = {
		0.1576,
		0.683328,
		0.712899,
		0,
		0.958091,
		0.069074,
		-0.278014,
		0,
		-0.239218,
		0.726836,
		-0.643804,
		0,
		0.003626,
		0.303775,
		-1.174902,
		1,
	},
	[0.85] = {
		0.156562,
		0.685414,
		0.711123,
		0,
		0.958008,
		0.06974,
		-0.278134,
		0,
		-0.24023,
		0.724806,
		-0.645713,
		0,
		0.003261,
		0.300714,
		-1.17569,
		1,
	},
	[0.866666666667] = {
		0.155514,
		0.687515,
		0.709322,
		0,
		0.957921,
		0.070411,
		-0.278264,
		0,
		-0.241255,
		0.722748,
		-0.647635,
		0,
		0.00289,
		0.297617,
		-1.176479,
		1,
	},
	[0.883333333333] = {
		0.154465,
		0.689623,
		0.707502,
		0,
		0.957831,
		0.071082,
		-0.278403,
		0,
		-0.242284,
		0.720671,
		-0.649563,
		0,
		0.002515,
		0.294498,
		-1.177264,
		1,
	},
	[0.8] = {
		0.159624,
		0.679245,
		0.716342,
		0,
		0.958244,
		0.067785,
		-0.277802,
		0,
		-0.237253,
		0.730774,
		-0.640062,
		0,
		0.004324,
		0.309736,
		-1.173342,
		1,
	},
	[0.916666666667] = {
		0.152388,
		0.693819,
		0.703841,
		0,
		0.957644,
		0.072399,
		-0.278706,
		0,
		-0.244329,
		0.716501,
		-0.653399,
		0,
		0.00176,
		0.288248,
		-1.178811,
		1,
	},
	[0.933333333333] = {
		0.151373,
		0.695887,
		0.702016,
		0,
		0.957549,
		0.073033,
		-0.278868,
		0,
		-0.245332,
		0.714427,
		-0.65529,
		0,
		0.001385,
		0.285144,
		-1.179566,
		1,
	},
	[0.95] = {
		0.150385,
		0.697924,
		0.700204,
		0,
		0.957453,
		0.073643,
		-0.279038,
		0,
		-0.246312,
		0.712376,
		-0.657154,
		0,
		0.001017,
		0.282073,
		-1.180305,
		1,
	},
	[0.966666666667] = {
		0.149429,
		0.699919,
		0.698416,
		0,
		0.957357,
		0.074222,
		-0.279212,
		0,
		-0.247264,
		0.710355,
		-0.65898,
		0,
		0.000655,
		0.279049,
		-1.181024,
		1,
	},
	[0.983333333333] = {
		0.148512,
		0.701863,
		0.696658,
		0,
		0.957262,
		0.074766,
		-0.279391,
		0,
		-0.248181,
		0.708377,
		-0.660763,
		0,
		0.000304,
		0.276084,
		-1.181721,
		1,
	},
	[0.9] = {
		0.15342,
		0.691728,
		0.705673,
		0,
		0.957738,
		0.071746,
		-0.27855,
		0,
		-0.243311,
		0.718585,
		-0.651487,
		0,
		0.002137,
		0.29137,
		-1.178043,
		1,
	},
	[1.01666666667] = {
		0.146825,
		0.705563,
		0.693269,
		0,
		0.95708,
		0.075719,
		-0.279758,
		0,
		-0.249881,
		0.70459,
		-0.664163,
		0,
		-0.000357,
		0.270392,
		-1.183036,
		1,
	},
	[1.03333333333] = {
		0.146068,
		0.707302,
		0.691656,
		0,
		0.956995,
		0.076118,
		-0.279942,
		0,
		-0.250651,
		0.702801,
		-0.665765,
		0,
		-0.000663,
		0.267692,
		-1.18365,
		1,
	},
	[1.05] = {
		0.145378,
		0.708954,
		0.690108,
		0,
		0.956914,
		0.076456,
		-0.280126,
		0,
		-0.25136,
		0.701098,
		-0.667293,
		0,
		-0.000949,
		0.265107,
		-1.184231,
		1,
	},
	[1.06666666667] = {
		0.144761,
		0.710511,
		0.688634,
		0,
		0.956839,
		0.076728,
		-0.280308,
		0,
		-0.252,
		0.69949,
		-0.668737,
		0,
		-0.001212,
		0.262653,
		-1.184778,
		1,
	},
	[1.08333333333] = {
		0.144226,
		0.711965,
		0.687244,
		0,
		0.956771,
		0.076928,
		-0.280485,
		0,
		-0.252564,
		0.697988,
		-0.670092,
		0,
		-0.00145,
		0.260342,
		-1.185287,
		1,
	},
	{
		0.147642,
		0.703747,
		0.694939,
		0,
		0.95717,
		0.075266,
		-0.279573,
		0,
		-0.249055,
		0.706452,
		-0.662493,
		0,
		-3.4e-05,
		0.273194,
		-1.182392,
		1,
	},
	[1.11666666667] = {
		0.143426,
		0.714527,
		0.684748,
		0,
		0.956659,
		0.07709,
		-0.280822,
		0,
		-0.253442,
		0.695348,
		-0.672501,
		0,
		-0.001843,
		0.256208,
		-1.186187,
		1,
	},
	[1.13333333333] = {
		0.143175,
		0.715617,
		0.683661,
		0,
		0.956617,
		0.077039,
		-0.280978,
		0,
		-0.253742,
		0.694231,
		-0.673541,
		0,
		-0.001992,
		0.254413,
		-1.186573,
		1,
	},
	[1.15] = {
		0.143033,
		0.71657,
		0.682692,
		0,
		0.956586,
		0.076893,
		-0.281125,
		0,
		-0.25394,
		0.693264,
		-0.674462,
		0,
		-0.002107,
		0.252818,
		-1.186914,
		1,
	},
	[1.16666666667] = {
		0.143006,
		0.717376,
		0.681851,
		0,
		0.956566,
		0.076645,
		-0.28126,
		0,
		-0.25403,
		0.692458,
		-0.675256,
		0,
		-0.002184,
		0.251437,
		-1.187207,
		1,
	},
	[1.18333333333] = {
		0.143047,
		0.718036,
		0.681147,
		0,
		0.956553,
		0.076361,
		-0.281381,
		0,
		-0.254055,
		0.691804,
		-0.675916,
		0,
		-0.00224,
		0.250283,
		-1.187451,
		1,
	},
	[1.1] = {
		0.143779,
		0.713306,
		0.685946,
		0,
		0.956711,
		0.077051,
		-0.280657,
		0,
		-0.253047,
		0.696604,
		-0.671349,
		0,
		-0.001662,
		0.258189,
		-1.185758,
		1,
	},
	[1.21666666667] = {
		0.143176,
		0.719141,
		0.679953,
		0,
		0.956531,
		0.075819,
		-0.281602,
		0,
		-0.254065,
		0.690715,
		-0.677025,
		0,
		-0.002339,
		0.248335,
		-1.18786,
		1,
	},
	[1.23333333333] = {
		0.143261,
		0.719637,
		0.67941,
		0,
		0.956522,
		0.075541,
		-0.281707,
		0,
		-0.254051,
		0.690229,
		-0.677526,
		0,
		-0.002382,
		0.24745,
		-1.188044,
		1,
	},
	[1.25] = {
		0.143359,
		0.720098,
		0.678901,
		0,
		0.956515,
		0.075261,
		-0.281809,
		0,
		-0.254025,
		0.689779,
		-0.677994,
		0,
		-0.00242,
		0.246622,
		-1.188216,
		1,
	},
	[1.26666666667] = {
		0.143469,
		0.720524,
		0.678425,
		0,
		0.956508,
		0.074978,
		-0.281906,
		0,
		-0.253987,
		0.689364,
		-0.67843,
		0,
		-0.002456,
		0.245849,
		-1.188376,
		1,
	},
	[1.28333333333] = {
		0.143589,
		0.720918,
		0.677981,
		0,
		0.956503,
		0.074693,
		-0.282,
		0,
		-0.25394,
		0.688983,
		-0.678834,
		0,
		-0.002487,
		0.24513,
		-1.188525,
		1,
	},
	[1.2] = {
		0.143104,
		0.718608,
		0.680532,
		0,
		0.956542,
		0.076093,
		-0.281494,
		0,
		-0.254067,
		0.69124,
		-0.676489,
		0,
		-0.002292,
		0.249278,
		-1.187662,
		1,
	},
	[1.31666666667] = {
		0.143858,
		0.721612,
		0.677186,
		0,
		0.956495,
		0.074123,
		-0.282178,
		0,
		-0.253818,
		0.688318,
		-0.679555,
		0,
		-0.002539,
		0.243843,
		-1.188789,
		1,
	},
	[1.33333333333] = {
		0.144003,
		0.721915,
		0.676831,
		0,
		0.956492,
		0.073839,
		-0.282261,
		0,
		-0.253745,
		0.68803,
		-0.679873,
		0,
		-0.002561,
		0.243272,
		-1.188906,
		1,
	},
	[1.35] = {
		0.144155,
		0.722191,
		0.676505,
		0,
		0.95649,
		0.073557,
		-0.282341,
		0,
		-0.253665,
		0.687771,
		-0.680164,
		0,
		-0.002579,
		0.242746,
		-1.189014,
		1,
	},
	[1.36666666667] = {
		0.144313,
		0.72244,
		0.676205,
		0,
		0.956489,
		0.073277,
		-0.282417,
		0,
		-0.25358,
		0.687539,
		-0.680431,
		0,
		-0.002595,
		0.242265,
		-1.189112,
		1,
	},
	[1.38333333333] = {
		0.144474,
		0.722665,
		0.675931,
		0,
		0.956489,
		0.073001,
		-0.282489,
		0,
		-0.253489,
		0.687333,
		-0.680673,
		0,
		-0.002608,
		0.241825,
		-1.189201,
		1,
	},
	[1.3] = {
		0.143719,
		0.72128,
		0.677568,
		0,
		0.956498,
		0.074408,
		-0.282091,
		0,
		-0.253883,
		0.688635,
		-0.679209,
		0,
		-0.002515,
		0.244462,
		-1.188662,
		1,
	},
	[1.41666666667] = {
		0.144806,
		0.723044,
		0.675454,
		0,
		0.95649,
		0.072463,
		-0.282624,
		0,
		-0.253295,
		0.686991,
		-0.681091,
		0,
		-0.002628,
		0.241064,
		-1.189356,
		1,
	},
	[1.43333333333] = {
		0.144974,
		0.723201,
		0.67525,
		0,
		0.956492,
		0.072203,
		-0.282686,
		0,
		-0.253194,
		0.686853,
		-0.681268,
		0,
		-0.002634,
		0.240738,
		-1.189422,
		1,
	},
	[1.45] = {
		0.145143,
		0.723339,
		0.675066,
		0,
		0.956493,
		0.071949,
		-0.282745,
		0,
		-0.253091,
		0.686734,
		-0.681425,
		0,
		-0.002639,
		0.240447,
		-1.189481,
		1,
	},
	[1.46666666667] = {
		0.14531,
		0.723458,
		0.674902,
		0,
		0.956495,
		0.071703,
		-0.2828,
		0,
		-0.252987,
		0.686635,
		-0.681565,
		0,
		-0.002641,
		0.240188,
		-1.189533,
		1,
	},
	[1.48333333333] = {
		0.145475,
		0.72356,
		0.674757,
		0,
		0.956498,
		0.071466,
		-0.282851,
		0,
		-0.252882,
		0.686552,
		-0.681687,
		0,
		-0.002643,
		0.23996,
		-1.189579,
		1,
	},
	[1.4] = {
		0.144639,
		0.722865,
		0.675681,
		0,
		0.956489,
		0.07273,
		-0.282558,
		0,
		-0.253394,
		0.687151,
		-0.680893,
		0,
		-0.002619,
		0.241425,
		-1.189283,
		1,
	},
	[1.51666666667] = {
		0.145795,
		0.723718,
		0.674519,
		0,
		0.956504,
		0.07102,
		-0.282945,
		0,
		-0.252677,
		0.686432,
		-0.681884,
		0,
		-0.002641,
		0.239587,
		-1.189654,
		1,
	},
	[1.53333333333] = {
		0.145948,
		0.723776,
		0.674423,
		0,
		0.956507,
		0.070813,
		-0.282986,
		0,
		-0.252577,
		0.686392,
		-0.681961,
		0,
		-0.002639,
		0.239438,
		-1.189684,
		1,
	},
	[1.55] = {
		0.146095,
		0.723822,
		0.674342,
		0,
		0.95651,
		0.070618,
		-0.283025,
		0,
		-0.25248,
		0.686363,
		-0.682026,
		0,
		-0.002636,
		0.239313,
		-1.189709,
		1,
	},
	[1.56666666667] = {
		0.146234,
		0.723858,
		0.674274,
		0,
		0.956513,
		0.070435,
		-0.28306,
		0,
		-0.252388,
		0.686344,
		-0.682079,
		0,
		-0.002632,
		0.239208,
		-1.18973,
		1,
	},
	[1.58333333333] = {
		0.146365,
		0.723884,
		0.674217,
		0,
		0.956516,
		0.070266,
		-0.283091,
		0,
		-0.2523,
		0.686334,
		-0.682121,
		0,
		-0.002628,
		0.239122,
		-1.189748,
		1,
	},
	[1.5] = {
		0.145637,
		0.723646,
		0.67463,
		0,
		0.956501,
		0.071238,
		-0.2829,
		0,
		-0.252779,
		0.686485,
		-0.681793,
		0,
		-0.002643,
		0.23976,
		-1.189619,
		1,
	},
	[1.61666666667] = {
		0.146598,
		0.723913,
		0.674136,
		0,
		0.956522,
		0.069972,
		-0.283144,
		0,
		-0.252142,
		0.686334,
		-0.68218,
		0,
		-0.002619,
		0.239001,
		-1.189772,
		1,
	},
	[1.63333333333] = {
		0.146698,
		0.723918,
		0.674108,
		0,
		0.956524,
		0.069848,
		-0.283166,
		0,
		-0.252074,
		0.686341,
		-0.682198,
		0,
		-0.002614,
		0.238961,
		-1.18978,
		1,
	},
	[1.65] = {
		0.146785,
		0.723919,
		0.674088,
		0,
		0.956527,
		0.069741,
		-0.283184,
		0,
		-0.252014,
		0.686351,
		-0.68221,
		0,
		-0.00261,
		0.238932,
		-1.189786,
		1,
	},
	[1.66666666667] = {
		0.146859,
		0.723917,
		0.674074,
		0,
		0.956529,
		0.069652,
		-0.283199,
		0,
		-0.251963,
		0.686362,
		-0.682218,
		0,
		-0.002606,
		0.238913,
		-1.18979,
		1,
	},
	[1.68333333333] = {
		0.146919,
		0.723913,
		0.674065,
		0,
		0.956531,
		0.069581,
		-0.283211,
		0,
		-0.251922,
		0.686373,
		-0.682222,
		0,
		-0.002603,
		0.238901,
		-1.189792,
		1,
	},
	[1.6] = {
		0.146487,
		0.723902,
		0.674172,
		0,
		0.956519,
		0.070111,
		-0.283119,
		0,
		-0.252218,
		0.686331,
		-0.682155,
		0,
		-0.002624,
		0.239054,
		-1.189762,
		1,
	},
	[1.71666666667] = {
		0.146989,
		0.723905,
		0.674058,
		0,
		0.956533,
		0.069498,
		-0.283224,
		0,
		-0.251873,
		0.68639,
		-0.682223,
		0,
		-0.002598,
		0.238893,
		-1.189794,
		1,
	},
	[1.73333333333] = {
		0.146998,
		0.723904,
		0.674058,
		0,
		0.956533,
		0.069487,
		-0.283226,
		0,
		-0.251867,
		0.686392,
		-0.682223,
		0,
		-0.002598,
		0.238893,
		-1.189794,
		1,
	},
	[1.7] = {
		0.146962,
		0.723909,
		0.67406,
		0,
		0.956532,
		0.069529,
		-0.283219,
		0,
		-0.251892,
		0.686383,
		-0.682223,
		0,
		-0.0026,
		0.238895,
		-1.189793,
		1,
	},
}

return spline_matrices
