-- chunkname: @content/characters/player/ogryn/first_person/animations/2h_axe/pushfollow_v02.lua

local spline_matrices = {
	[0.0166666666667] = {
		-0.229848,
		-0.858697,
		-0.458049,
		0,
		-0.13351,
		0.49402,
		-0.859139,
		0,
		0.964025,
		-0.136317,
		-0.228195,
		0,
		-0.354901,
		0.792009,
		-0.07499,
		1,
	},
	[0.0333333333333] = {
		-0.503932,
		-0.773055,
		-0.385276,
		0,
		-0.057911,
		0.475289,
		-0.877922,
		0,
		0.8618,
		-0.420101,
		-0.284282,
		0,
		-0.195443,
		0.716276,
		-0.172215,
		1,
	},
	[0.05] = {
		-0.745598,
		-0.649847,
		-0.147585,
		0,
		-0.042617,
		0.267513,
		-0.962612,
		0,
		0.665032,
		-0.711431,
		-0.227152,
		0,
		0.005361,
		0.622718,
		-0.282012,
		1,
	},
	[0.0666666666667] = {
		-0.851341,
		-0.524434,
		0.013667,
		0,
		-0.049966,
		0.055124,
		-0.997229,
		0,
		0.522228,
		-0.849664,
		-0.073133,
		0,
		0.194242,
		0.536307,
		-0.360493,
		1,
	},
	[0.0833333333333] = {
		-0.915582,
		-0.402117,
		0.003411,
		0,
		-0.00143,
		-0.005227,
		-0.999986,
		0,
		0.40213,
		-0.915573,
		0.00421,
		0,
		0.390004,
		0.448337,
		-0.389099,
		1,
	},
	[0] = {
		-0.117059,
		-0.889305,
		-0.442079,
		0,
		-0.162374,
		0.456287,
		-0.874893,
		0,
		0.979761,
		-0.030632,
		-0.197813,
		0,
		-0.419903,
		0.823214,
		-0.033148,
		1,
	},
	[0.116666666667] = {
		-0.974947,
		-0.200567,
		-0.096187,
		0,
		0.09691,
		0.006236,
		-0.995274,
		0,
		0.200219,
		-0.97966,
		0.013357,
		0,
		0.735701,
		0.298025,
		-0.348702,
		1,
	},
	[0.133333333333] = {
		-0.972075,
		-0.1486,
		-0.181626,
		0,
		0.176757,
		0.045458,
		-0.983205,
		0,
		0.154361,
		-0.987851,
		-0.017922,
		0,
		0.811263,
		0.270801,
		-0.282891,
		1,
	},
	[0.15] = {
		-0.943252,
		-0.131416,
		-0.304967,
		0,
		0.29667,
		0.079143,
		-0.951696,
		0,
		0.149204,
		-0.988162,
		-0.035665,
		0,
		0.788924,
		0.298771,
		-0.254725,
		1,
	},
	[0.166666666667] = {
		-0.905622,
		-0.13154,
		-0.403171,
		0,
		0.390957,
		0.109413,
		-0.913883,
		0,
		0.164325,
		-0.985254,
		-0.04766,
		0,
		0.749416,
		0.345645,
		-0.240431,
		1,
	},
	[0.183333333333] = {
		-0.886155,
		-0.144065,
		-0.440425,
		0,
		0.42317,
		0.135712,
		-0.89583,
		0,
		0.188829,
		-0.980217,
		-0.059298,
		0,
		0.711816,
		0.389031,
		-0.23052,
		1,
	},
	[0.1] = {
		-0.957856,
		-0.285298,
		-0.033409,
		0,
		0.039644,
		-0.016105,
		-0.999085,
		0,
		0.284499,
		-0.958303,
		0.026737,
		0,
		0.580771,
		0.364304,
		-0.394491,
		1,
	},
	[0.216666666667] = {
		-0.851553,
		-0.242105,
		-0.465019,
		0,
		0.43194,
		0.178707,
		-0.884021,
		0,
		0.297128,
		-0.95365,
		-0.047604,
		0,
		0.632408,
		0.484512,
		-0.217936,
		1,
	},
	[0.233333333333] = {
		-0.827249,
		-0.327907,
		-0.45622,
		0,
		0.41906,
		0.180755,
		-0.889785,
		0,
		0.374231,
		-0.927256,
		-0.012116,
		0,
		0.587406,
		0.556956,
		-0.216746,
		1,
	},
	[0.25] = {
		-0.818296,
		-0.447692,
		-0.360505,
		0,
		0.324655,
		0.157579,
		-0.932614,
		0,
		0.474331,
		-0.880193,
		0.016399,
		0,
		0.532784,
		0.667335,
		-0.234543,
		1,
	},
	[0.266666666667] = {
		-0.78075,
		-0.598221,
		-0.180448,
		0,
		0.141672,
		0.111789,
		-0.983582,
		0,
		0.608571,
		-0.793495,
		-0.002528,
		0,
		0.472396,
		0.803577,
		-0.265946,
		1,
	},
	[0.283333333333] = {
		-0.651843,
		-0.756981,
		-0.0456,
		0,
		0.0011,
		0.059186,
		-0.998247,
		0,
		0.758353,
		-0.65075,
		-0.037747,
		0,
		0.419703,
		0.930765,
		-0.279002,
		1,
	},
	[0.2] = {
		-0.869209,
		-0.180819,
		-0.460196,
		0,
		0.435359,
		0.16132,
		-0.885686,
		0,
		0.234387,
		-0.970196,
		-0.0615,
		0,
		0.673301,
		0.431991,
		-0.222781,
		1,
	},
	[0.316666666667] = {
		-0.05412,
		-0.998526,
		-0.003928,
		0,
		0.076426,
		-0.00022,
		-0.997076,
		0,
		0.995605,
		-0.054262,
		0.076326,
		0,
		0.364538,
		1.118994,
		-0.24425,
		1,
	},
	[0.333333333333] = {
		0.526672,
		-0.850049,
		-0.00571,
		0,
		0.097102,
		0.066833,
		-0.993029,
		0,
		0.844504,
		0.522446,
		0.11774,
		0,
		0.252461,
		1.097812,
		-0.247233,
		1,
	},
	[0.35] = {
		0.944749,
		-0.327681,
		-0.008644,
		0,
		0.038264,
		0.136433,
		-0.989911,
		0,
		0.325554,
		0.934885,
		0.141434,
		0,
		0.073329,
		1.072578,
		-0.262891,
		1,
	},
	[0.366666666667] = {
		0.986012,
		0.161242,
		0.042205,
		0,
		0.018532,
		0.145588,
		-0.989172,
		0,
		-0.16564,
		0.976117,
		0.140563,
		0,
		-0.157168,
		0.870884,
		-0.297049,
		1,
	},
	[0.383333333333] = {
		0.943499,
		0.32966,
		0.033668,
		0,
		-0.011847,
		0.135091,
		-0.990763,
		0,
		-0.331163,
		0.934384,
		0.131364,
		0,
		-0.237253,
		0.783188,
		-0.310647,
		1,
	},
	[0.3] = {
		-0.427549,
		-0.903975,
		-0.005459,
		0,
		0.004723,
		0.003805,
		-0.999982,
		0,
		0.90398,
		-0.427566,
		0.002643,
		0,
		0.397144,
		1.058792,
		-0.261762,
		1,
	},
	[0.416666666667] = {
		0.863044,
		0.504868,
		0.016222,
		0,
		-0.050574,
		0.118318,
		-0.991688,
		0,
		-0.502591,
		0.855049,
		0.127647,
		0,
		-0.350026,
		0.66521,
		-0.323075,
		1,
	},
	[0.433333333333] = {
		0.8478,
		0.530104,
		0.014985,
		0,
		-0.052407,
		0.111866,
		-0.992341,
		0,
		-0.52772,
		0.84052,
		0.122621,
		0,
		-0.496943,
		0.580036,
		-0.312358,
		1,
	},
	[0.45] = {
		0.84659,
		0.532102,
		0.012338,
		0,
		-0.0531,
		0.107503,
		-0.992786,
		0,
		-0.52959,
		0.839827,
		0.119265,
		0,
		-0.562231,
		0.540771,
		-0.296592,
		1,
	},
	[0.466666666667] = {
		0.847168,
		0.531233,
		0.009941,
		0,
		-0.053573,
		0.104018,
		-0.993132,
		0,
		-0.528618,
		0.840816,
		0.11658,
		0,
		-0.626225,
		0.505916,
		-0.282814,
		1,
	},
	[0.483333333333] = {
		0.849024,
		0.526808,
		0.04039,
		0,
		-0.026975,
		0.119565,
		-0.992461,
		0,
		-0.527665,
		0.841532,
		0.115724,
		0,
		-0.689988,
		0.468358,
		-0.276271,
		1,
	},
	[0.4] = {
		0.903842,
		0.427228,
		0.023351,
		0,
		-0.034346,
		0.126843,
		-0.991329,
		0,
		-0.426485,
		0.895202,
		0.12932,
		0,
		-0.286684,
		0.72371,
		-0.320968,
		1,
	},
	[0.516666666667] = {
		0.843486,
		0.532433,
		0.071029,
		0,
		-0.005101,
		0.140166,
		-0.990116,
		0,
		-0.537126,
		0.834786,
		0.120944,
		0,
		-0.7321,
		0.420779,
		-0.282444,
		1,
	},
	[0.533333333333] = {
		0.834313,
		0.546944,
		0.069089,
		0,
		-0.011767,
		0.14296,
		-0.989659,
		0,
		-0.551165,
		0.824872,
		0.12571,
		0,
		-0.705725,
		0.409596,
		-0.290888,
		1,
	},
	[0.55] = {
		0.821801,
		0.56537,
		0.070704,
		0,
		-0.016446,
		0.147577,
		-0.988915,
		0,
		-0.569537,
		0.811527,
		0.130577,
		0,
		-0.691226,
		0.384078,
		-0.302194,
		1,
	},
	[0.566666666667] = {
		0.806593,
		0.586225,
		0.075816,
		0,
		-0.018669,
		0.153461,
		-0.987979,
		0,
		-0.590813,
		0.79548,
		0.134724,
		0,
		-0.671139,
		0.356368,
		-0.315614,
		1,
	},
	[0.583333333333] = {
		0.789364,
		0.608091,
		0.084434,
		0,
		-0.017958,
		0.160343,
		-0.986899,
		0,
		-0.613662,
		0.777505,
		0.13749,
		0,
		-0.645973,
		0.327267,
		-0.330513,
		1,
	},
	[0.5] = {
		0.848275,
		0.524574,
		0.072472,
		0,
		-0.000666,
		0.137911,
		-0.990445,
		0,
		-0.529556,
		0.84012,
		0.117336,
		0,
		-0.737668,
		0.433745,
		-0.277358,
		1,
	},
	[0.616666666667] = {
		0.752583,
		0.64872,
		0.113054,
		0,
		-0.005569,
		0.177949,
		-0.984025,
		0,
		-0.658474,
		0.739929,
		0.137535,
		0,
		-0.583252,
		0.269636,
		-0.360721,
		1,
	},
	[0.633333333333] = {
		0.735291,
		0.665194,
		0.129864,
		0,
		0.004164,
		0.187173,
		-0.982319,
		0,
		-0.677739,
		0.72283,
		0.134857,
		0,
		-0.550802,
		0.241257,
		-0.373839,
		1,
	},
	[0.65] = {
		0.720592,
		0.678585,
		0.142371,
		0,
		0.012145,
		0.19295,
		-0.981134,
		0,
		-0.693253,
		0.708725,
		0.130797,
		0,
		-0.524567,
		0.210049,
		-0.384784,
		1,
	},
	[0.666666666667] = {
		0.710058,
		0.687954,
		0.150125,
		0,
		0.017474,
		0.195921,
		-0.980465,
		0,
		-0.703927,
		0.698809,
		0.127094,
		0,
		-0.507484,
		0.177925,
		-0.395051,
		1,
	},
	[0.683333333333] = {
		0.705215,
		0.69232,
		0.152854,
		0,
		0.019029,
		0.197033,
		-0.980213,
		0,
		-0.708738,
		0.694168,
		0.125777,
		0,
		-0.502478,
		0.147423,
		-0.406714,
		1,
	},
	[0.6] = {
		0.771008,
		0.629438,
		0.096718,
		0,
		-0.013785,
		0.168336,
		-0.985634,
		0,
		-0.636677,
		0.758597,
		0.138465,
		0,
		-0.616381,
		0.297897,
		-0.345965,
		1,
	},
	[0.716666666667] = {
		0.704294,
		0.69326,
		0.152837,
		0,
		0.026795,
		0.189178,
		-0.981578,
		0,
		-0.709402,
		0.695414,
		0.114661,
		0,
		-0.518504,
		0.101316,
		-0.431653,
		1,
	},
	[0.733333333333] = {
		0.705572,
		0.691915,
		0.153037,
		0,
		0.03666,
		0.180031,
		-0.982978,
		0,
		-0.707689,
		0.699172,
		0.101659,
		0,
		-0.533452,
		0.084834,
		-0.444877,
		1,
	},
	[0.75] = {
		0.708146,
		0.689195,
		0.153425,
		0,
		0.049779,
		0.168022,
		-0.984526,
		0,
		-0.704309,
		0.704824,
		0.084677,
		0,
		-0.551213,
		0.069832,
		-0.459145,
		1,
	},
	[0.766666666667] = {
		0.712106,
		0.684965,
		0.154034,
		0,
		0.065553,
		0.153571,
		-0.985962,
		0,
		-0.699005,
		0.712206,
		0.064457,
		0,
		-0.570406,
		0.054152,
		-0.474863,
		1,
	},
	[0.783333333333] = {
		0.717534,
		0.679082,
		0.154897,
		0,
		0.083348,
		0.137075,
		-0.987049,
		0,
		-0.691519,
		0.72115,
		0.041756,
		0,
		-0.58963,
		0.03565,
		-0.492436,
		1,
	},
	[0.7] = {
		0.704211,
		0.693356,
		0.152788,
		0,
		0.020745,
		0.195011,
		-0.980582,
		0,
		-0.709688,
		0.693705,
		0.122945,
		0,
		-0.507731,
		0.121451,
		-0.419067,
		1,
	},
	[0.816666666667] = {
		0.73302,
		0.661705,
		0.157567,
		0,
		0.122426,
		0.099519,
		-0.987476,
		0,
		-0.669099,
		0.74313,
		-0.008061,
		0,
		-0.622394,
		-0.01831,
		-0.534789,
		1,
	},
	[0.833333333333] = {
		0.743148,
		0.649849,
		0.159455,
		0,
		0.142385,
		0.079265,
		-0.986633,
		0,
		-0.653802,
		0.755918,
		-0.033623,
		0,
		-0.632995,
		-0.057969,
		-0.560377,
		1,
	},
	[0.85] = {
		0.754872,
		0.635611,
		0.161757,
		0,
		0.161741,
		0.058608,
		-0.985092,
		0,
		-0.635616,
		0.769781,
		-0.058563,
		0,
		-0.637755,
		-0.108856,
		-0.589422,
		1,
	},
	[0.866666666667] = {
		0.773341,
		0.610552,
		0.170788,
		0,
		0.192535,
		0.030491,
		-0.980817,
		0,
		-0.604047,
		0.791388,
		-0.093973,
		0,
		-0.630858,
		-0.162686,
		-0.629797,
		1,
	},
	[0.883333333333] = {
		0.798784,
		0.570814,
		0.190039,
		0,
		0.238003,
		-0.009713,
		-0.971217,
		0,
		-0.552538,
		0.821021,
		-0.143614,
		0,
		-0.610893,
		-0.210126,
		-0.684154,
		1,
	},
	[0.8] = {
		0.72449,
		0.671386,
		0.156058,
		0,
		0.102523,
		0.118926,
		-0.987597,
		0,
		-0.681618,
		0.731503,
		0.017328,
		0,
		-0.607446,
		0.012199,
		-0.512274,
		1,
	},
	[0.916666666667] = {
		0.845191,
		0.477255,
		0.240583,
		0,
		0.325455,
		-0.102519,
		-0.939984,
		0,
		-0.423948,
		0.872764,
		-0.241973,
		0,
		-0.552152,
		-0.287989,
		-0.80505,
		1,
	},
	[0.933333333333] = {
		0.858594,
		0.441179,
		0.261109,
		0,
		0.352627,
		-0.138536,
		-0.925453,
		0,
		-0.372117,
		0.886661,
		-0.274518,
		0,
		-0.523574,
		-0.319587,
		-0.856719,
		1,
	},
	[0.95] = {
		0.863582,
		0.425267,
		0.270876,
		0,
		0.364468,
		-0.155282,
		-0.918178,
		0,
		-0.348409,
		0.891647,
		-0.289095,
		0,
		-0.502333,
		-0.347129,
		-0.892633,
		1,
	},
	[0.966666666667] = {
		0.863882,
		0.423297,
		0.272997,
		0,
		0.3674,
		-0.158788,
		-0.916408,
		0,
		-0.344564,
		0.891967,
		-0.292694,
		0,
		-0.489973,
		-0.369749,
		-0.912877,
		1,
	},
	[0.983333333333] = {
		0.863903,
		0.422315,
		0.274448,
		0,
		0.369547,
		-0.161257,
		-0.915113,
		0,
		-0.342209,
		0.891989,
		-0.295376,
		0,
		-0.482922,
		-0.387068,
		-0.924408,
		1,
	},
	[0.9] = {
		0.824385,
		0.523599,
		0.215018,
		0,
		0.285462,
		-0.056568,
		-0.95672,
		0,
		-0.488775,
		0.850084,
		-0.196102,
		0,
		-0.582959,
		-0.251704,
		-0.745051,
		1,
	},
	[1.01666666667] = {
		0.863507,
		0.422147,
		0.275948,
		0,
		0.372179,
		-0.164144,
		-0.913532,
		0,
		-0.34035,
		0.891542,
		-0.298854,
		0,
		-0.474381,
		-0.411239,
		-0.932865,
		1,
	},
	[1.03333333333] = {
		0.863229,
		0.422485,
		0.276301,
		0,
		0.373017,
		-0.165045,
		-0.913028,
		0,
		-0.340139,
		0.891215,
		-0.300066,
		0,
		-0.467618,
		-0.420847,
		-0.93554,
		1,
	},
	[1.05] = {
		0.862942,
		0.422877,
		0.276596,
		0,
		0.373783,
		-0.165867,
		-0.912565,
		0,
		-0.340025,
		0.890877,
		-0.301198,
		0,
		-0.455607,
		-0.430688,
		-0.940999,
		1,
	},
	[1.06666666667] = {
		0.86273,
		0.423054,
		0.276988,
		0,
		0.374641,
		-0.166862,
		-0.912032,
		0,
		-0.33962,
		0.890607,
		-0.302451,
		0,
		-0.435694,
		-0.442123,
		-0.952095,
		1,
	},
	[1.08333333333] = {
		0.862573,
		0.423077,
		0.277442,
		0,
		0.375551,
		-0.167971,
		-0.911454,
		0,
		-0.339013,
		0.890388,
		-0.303775,
		0,
		-0.405776,
		-0.455712,
		-0.969554,
		1,
	},
	{
		0.863745,
		0.42203,
		0.275382,
		0,
		0.371084,
		-0.162954,
		-0.91419,
		0,
		-0.340941,
		0.891816,
		-0.297359,
		0,
		-0.478592,
		-0.400448,
		-0.930112,
		1,
	},
	[1.11666666667] = {
		0.862214,
		0.423348,
		0.278143,
		0,
		0.37711,
		-0.169866,
		-0.910458,
		0,
		-0.338194,
		0.889899,
		-0.30611,
		0,
		-0.323116,
		-0.486374,
		-1.015676,
		1,
	},
	[1.13333333333] = {
		0.86202,
		0.423572,
		0.278404,
		0,
		0.377773,
		-0.17067,
		-0.910033,
		0,
		-0.337949,
		0.889639,
		-0.307135,
		0,
		-0.275832,
		-0.502155,
		-1.041447,
		1,
	},
	[1.15] = {
		0.861821,
		0.423838,
		0.278614,
		0,
		0.378366,
		-0.171391,
		-0.909651,
		0,
		-0.337792,
		0.889373,
		-0.308075,
		0,
		-0.228226,
		-0.51738,
		-1.067106,
		1,
	},
	[1.16666666667] = {
		0.861621,
		0.424134,
		0.278783,
		0,
		0.378898,
		-0.172039,
		-0.909307,
		0,
		-0.337707,
		0.889107,
		-0.308937,
		0,
		-0.183035,
		-0.531403,
		-1.091225,
		1,
	},
	[1.18333333333] = {
		0.861423,
		0.424449,
		0.278915,
		0,
		0.379375,
		-0.172622,
		-0.908998,
		0,
		-0.337676,
		0.888844,
		-0.309726,
		0,
		-0.143002,
		-0.54358,
		-1.112381,
		1,
	},
	[1.1] = {
		0.8624,
		0.423179,
		0.277825,
		0,
		0.376372,
		-0.16897,
		-0.910931,
		0,
		-0.338543,
		0.89015,
		-0.304992,
		0,
		-0.367341,
		-0.470678,
		-0.991231,
		1,
	},
	[1.21666666667] = {
		0.86105,
		0.425082,
		0.279102,
		0,
		0.380189,
		-0.173631,
		-0.908466,
		0,
		-0.337711,
		0.888345,
		-0.311116,
		0,
		-0.089385,
		-0.559802,
		-1.140147,
		1,
	},
	[1.23333333333] = {
		0.860882,
		0.425376,
		0.279171,
		0,
		0.38054,
		-0.174075,
		-0.908234,
		0,
		-0.337744,
		0.888117,
		-0.311731,
		0,
		-0.081296,
		-0.562544,
		-1.143939,
		1,
	},
	[1.25] = {
		0.860732,
		0.425639,
		0.279235,
		0,
		0.380863,
		-0.174492,
		-0.908018,
		0,
		-0.337764,
		0.887909,
		-0.312302,
		0,
		-0.080842,
		-0.563147,
		-1.143675,
		1,
	},
	[1.26666666667] = {
		0.860599,
		0.425867,
		0.279295,
		0,
		0.381159,
		-0.174883,
		-0.907819,
		0,
		-0.337767,
		0.887723,
		-0.312828,
		0,
		-0.080431,
		-0.563701,
		-1.143431,
		1,
	},
	[1.28333333333] = {
		0.860485,
		0.426062,
		0.27935,
		0,
		0.381427,
		-0.175243,
		-0.907637,
		0,
		-0.337756,
		0.887558,
		-0.313306,
		0,
		-0.080063,
		-0.564202,
		-1.14321,
		1,
	},
	[1.2] = {
		0.861232,
		0.424768,
		0.279019,
		0,
		0.379802,
		-0.173149,
		-0.908719,
		0,
		-0.337683,
		0.888589,
		-0.31045,
		0,
		-0.11087,
		-0.553263,
		-1.129159,
		1,
	},
	[1.31666666667] = {
		0.860307,
		0.426359,
		0.279445,
		0,
		0.381871,
		-0.175854,
		-0.907332,
		0,
		-0.337708,
		0.887295,
		-0.314103,
		0,
		-0.079466,
		-0.565035,
		-1.14284,
		1,
	},
	[1.33333333333] = {
		0.860242,
		0.426465,
		0.279484,
		0,
		0.382044,
		-0.176098,
		-0.907212,
		0,
		-0.337677,
		0.887196,
		-0.314415,
		0,
		-0.079238,
		-0.565359,
		-1.142695,
		1,
	},
	[1.35] = {
		0.860193,
		0.426544,
		0.279515,
		0,
		0.382181,
		-0.176294,
		-0.907116,
		0,
		-0.337648,
		0.887119,
		-0.314665,
		0,
		-0.079059,
		-0.565617,
		-1.14258,
		1,
	},
	[1.36666666667] = {
		0.860158,
		0.426598,
		0.279538,
		0,
		0.382281,
		-0.17644,
		-0.907045,
		0,
		-0.337622,
		0.887064,
		-0.314847,
		0,
		-0.078929,
		-0.565806,
		-1.142496,
		1,
	},
	[1.38333333333] = {
		0.860138,
		0.426629,
		0.279553,
		0,
		0.382343,
		-0.17653,
		-0.907002,
		0,
		-0.337604,
		0.887031,
		-0.314959,
		0,
		-0.078851,
		-0.565922,
		-1.142444,
		1,
	},
	[1.3] = {
		0.860388,
		0.426226,
		0.279401,
		0,
		0.381665,
		-0.175568,
		-0.907474,
		0,
		-0.337735,
		0.887416,
		-0.313732,
		0,
		-0.079741,
		-0.564648,
		-1.143012,
		1,
	},
	[1.41666666667] = {
		0.860132,
		0.426639,
		0.279558,
		0,
		0.382363,
		-0.176561,
		-0.906987,
		0,
		-0.337597,
		0.88702,
		-0.314998,
		0,
		-0.078824,
		-0.565961,
		-1.142426,
		1,
	},
	[1.43333333333] = {
		0.860132,
		0.426639,
		0.279558,
		0,
		0.382363,
		-0.176561,
		-0.906987,
		0,
		-0.337597,
		0.88702,
		-0.314998,
		0,
		-0.078824,
		-0.565961,
		-1.142426,
		1,
	},
	[1.45] = {
		0.860132,
		0.426639,
		0.279558,
		0,
		0.382363,
		-0.176561,
		-0.906987,
		0,
		-0.337597,
		0.88702,
		-0.314998,
		0,
		-0.078824,
		-0.565961,
		-1.142426,
		1,
	},
	[1.46666666667] = {
		0.860132,
		0.426639,
		0.279558,
		0,
		0.382363,
		-0.176561,
		-0.906987,
		0,
		-0.337597,
		0.88702,
		-0.314998,
		0,
		-0.078824,
		-0.565961,
		-1.142426,
		1,
	},
	[1.48333333333] = {
		0.860132,
		0.426639,
		0.279558,
		0,
		0.382363,
		-0.176561,
		-0.906987,
		0,
		-0.337597,
		0.88702,
		-0.314998,
		0,
		-0.078824,
		-0.565961,
		-1.142426,
		1,
	},
	[1.4] = {
		0.860132,
		0.426639,
		0.279558,
		0,
		0.382363,
		-0.176561,
		-0.906987,
		0,
		-0.337597,
		0.88702,
		-0.314998,
		0,
		-0.078824,
		-0.565961,
		-1.142426,
		1,
	},
	[1.51666666667] = {
		0.860132,
		0.426639,
		0.279558,
		0,
		0.382363,
		-0.176561,
		-0.906987,
		0,
		-0.337597,
		0.88702,
		-0.314998,
		0,
		-0.078824,
		-0.565961,
		-1.142426,
		1,
	},
	[1.53333333333] = {
		0.860132,
		0.426639,
		0.279558,
		0,
		0.382363,
		-0.176561,
		-0.906987,
		0,
		-0.337597,
		0.88702,
		-0.314998,
		0,
		-0.078824,
		-0.565961,
		-1.142426,
		1,
	},
	[1.55] = {
		0.860132,
		0.426639,
		0.279558,
		0,
		0.382363,
		-0.176561,
		-0.906987,
		0,
		-0.337597,
		0.88702,
		-0.314998,
		0,
		-0.078824,
		-0.565961,
		-1.142426,
		1,
	},
	[1.56666666667] = {
		0.860132,
		0.426639,
		0.279558,
		0,
		0.382363,
		-0.176561,
		-0.906987,
		0,
		-0.337597,
		0.88702,
		-0.314998,
		0,
		-0.078824,
		-0.565961,
		-1.142426,
		1,
	},
	[1.58333333333] = {
		0.860132,
		0.426639,
		0.279558,
		0,
		0.382363,
		-0.176561,
		-0.906987,
		0,
		-0.337597,
		0.88702,
		-0.314998,
		0,
		-0.078824,
		-0.565961,
		-1.142426,
		1,
	},
	[1.5] = {
		0.860132,
		0.426639,
		0.279558,
		0,
		0.382363,
		-0.176561,
		-0.906987,
		0,
		-0.337597,
		0.88702,
		-0.314998,
		0,
		-0.078824,
		-0.565961,
		-1.142426,
		1,
	},
	[1.61666666667] = {
		0.860132,
		0.426639,
		0.279558,
		0,
		0.382363,
		-0.176561,
		-0.906987,
		0,
		-0.337597,
		0.88702,
		-0.314998,
		0,
		-0.078824,
		-0.565961,
		-1.142426,
		1,
	},
	[1.63333333333] = {
		0.860132,
		0.426639,
		0.279558,
		0,
		0.382363,
		-0.176561,
		-0.906987,
		0,
		-0.337597,
		0.88702,
		-0.314998,
		0,
		-0.078824,
		-0.565961,
		-1.142426,
		1,
	},
	[1.65] = {
		0.860132,
		0.426639,
		0.279558,
		0,
		0.382363,
		-0.176561,
		-0.906987,
		0,
		-0.337597,
		0.88702,
		-0.314998,
		0,
		-0.078824,
		-0.565961,
		-1.142426,
		1,
	},
	[1.66666666667] = {
		0.860132,
		0.426639,
		0.279558,
		0,
		0.382363,
		-0.176561,
		-0.906987,
		0,
		-0.337597,
		0.88702,
		-0.314998,
		0,
		-0.078824,
		-0.565961,
		-1.142426,
		1,
	},
	[1.68333333333] = {
		0.860132,
		0.426639,
		0.279558,
		0,
		0.382363,
		-0.176561,
		-0.906987,
		0,
		-0.337597,
		0.88702,
		-0.314998,
		0,
		-0.078824,
		-0.565961,
		-1.142426,
		1,
	},
	[1.6] = {
		0.860132,
		0.426639,
		0.279558,
		0,
		0.382363,
		-0.176561,
		-0.906987,
		0,
		-0.337597,
		0.88702,
		-0.314998,
		0,
		-0.078824,
		-0.565961,
		-1.142426,
		1,
	},
	[1.71666666667] = {
		0.860132,
		0.426639,
		0.279558,
		0,
		0.382363,
		-0.176561,
		-0.906987,
		0,
		-0.337597,
		0.88702,
		-0.314998,
		0,
		-0.078824,
		-0.565961,
		-1.142426,
		1,
	},
	[1.73333333333] = {
		0.860132,
		0.426639,
		0.279558,
		0,
		0.382363,
		-0.176561,
		-0.906987,
		0,
		-0.337597,
		0.88702,
		-0.314998,
		0,
		-0.078824,
		-0.565961,
		-1.142426,
		1,
	},
	[1.75] = {
		0.860132,
		0.426639,
		0.279558,
		0,
		0.382363,
		-0.176561,
		-0.906987,
		0,
		-0.337597,
		0.88702,
		-0.314998,
		0,
		-0.078824,
		-0.565961,
		-1.142426,
		1,
	},
	[1.7] = {
		0.860132,
		0.426639,
		0.279558,
		0,
		0.382363,
		-0.176561,
		-0.906987,
		0,
		-0.337597,
		0.88702,
		-0.314998,
		0,
		-0.078824,
		-0.565961,
		-1.142426,
		1,
	},
}

return spline_matrices
