-- chunkname: @content/characters/player/ogryn/first_person/animations/2h_axe/pushfollow_stab.lua

local spline_matrices = {
	[0.0166666666667] = {
		-0.23762,
		-0.826571,
		-0.510212,
		0,
		-0.094644,
		0.542458,
		-0.834734,
		0,
		0.966736,
		-0.150062,
		-0.207129,
		0,
		-0.387094,
		0.816578,
		-0.094433,
		1,
	},
	[0.0333333333333] = {
		-0.575802,
		-0.639761,
		-0.509076,
		0,
		0.071077,
		0.581127,
		-0.810703,
		0,
		0.814493,
		-0.502988,
		-0.289142,
		0,
		-0.309155,
		0.799825,
		-0.228772,
		1,
	},
	[0.05] = {
		-0.893001,
		-0.385385,
		-0.232438,
		0,
		0.079504,
		0.373259,
		-0.924314,
		0,
		0.442976,
		-0.843893,
		-0.302681,
		0,
		-0.217011,
		0.77704,
		-0.361938,
		1,
	},
	[0.0666666666667] = {
		-0.973941,
		-0.207158,
		0.09233,
		0,
		-0.13696,
		0.212707,
		-0.96747,
		0,
		0.18078,
		-0.954904,
		-0.235536,
		0,
		-0.142492,
		0.749988,
		-0.41995,
		1,
	},
	[0.0833333333333] = {
		-0.948934,
		-0.144759,
		0.2803,
		0,
		-0.306999,
		0.219179,
		-0.926128,
		0,
		0.072629,
		-0.964886,
		-0.252427,
		0,
		-0.091714,
		0.707247,
		-0.416987,
		1,
	},
	[0] = {
		-0.117059,
		-0.889305,
		-0.442078,
		0,
		-0.162374,
		0.456286,
		-0.874893,
		0,
		0.979761,
		-0.030632,
		-0.197813,
		0,
		-0.419903,
		0.823214,
		-0.033148,
		1,
	},
	[0.116666666667] = {
		-0.878779,
		-0.109386,
		0.464523,
		0,
		-0.477152,
		0.21875,
		-0.85116,
		0,
		-0.008509,
		-0.96963,
		-0.244427,
		0,
		-0.015047,
		0.600777,
		-0.41835,
		1,
	},
	[0.133333333333] = {
		-0.870052,
		-0.096196,
		0.483482,
		0,
		-0.492436,
		0.21479,
		-0.843429,
		0,
		-0.022712,
		-0.971911,
		-0.234249,
		0,
		0.010721,
		0.578578,
		-0.420093,
		1,
	},
	[0.15] = {
		-0.900299,
		-0.073699,
		0.428986,
		0,
		-0.434489,
		0.211206,
		-0.875563,
		0,
		-0.026077,
		-0.974659,
		-0.22217,
		0,
		0.02616,
		0.587654,
		-0.407789,
		1,
	},
	[0.166666666667] = {
		-0.955236,
		-0.05334,
		0.290997,
		0,
		-0.295636,
		0.209048,
		-0.932147,
		0,
		-0.011111,
		-0.976449,
		-0.215459,
		0,
		0.031796,
		0.623642,
		-0.374729,
		1,
	},
	[0.183333333333] = {
		-0.992727,
		-0.039053,
		0.113876,
		0,
		-0.119536,
		0.207534,
		-0.970897,
		0,
		0.014283,
		-0.977448,
		-0.210693,
		0,
		0.032046,
		0.695239,
		-0.331573,
		1,
	},
	[0.1] = {
		-0.908463,
		-0.118977,
		0.400674,
		0,
		-0.417644,
		0.220795,
		-0.881376,
		0,
		0.016397,
		-0.968036,
		-0.250274,
		0,
		-0.04911,
		0.650698,
		-0.416758,
		1,
	},
	[0.216666666667] = {
		-0.981821,
		-0.047782,
		-0.183695,
		0,
		0.173095,
		0.171696,
		-0.969824,
		0,
		0.07788,
		-0.98399,
		-0.160304,
		0,
		0.02811,
		1.149898,
		-0.232079,
		1,
	},
	[0.233333333333] = {
		-0.966906,
		-0.061431,
		-0.247626,
		0,
		0.237676,
		0.135955,
		-0.961783,
		0,
		0.092749,
		-0.988809,
		-0.116855,
		0,
		0.028939,
		1.418972,
		-0.197124,
		1,
	},
	[0.25] = {
		-0.991184,
		-0.052301,
		-0.121728,
		0,
		0.113074,
		0.144888,
		-0.982966,
		0,
		0.069047,
		-0.988065,
		-0.137697,
		0,
		0.032998,
		1.384193,
		-0.196821,
		1,
	},
	[0.266666666667] = {
		-0.998965,
		-0.045413,
		-0.00236,
		0,
		-0.004832,
		0.157616,
		-0.987489,
		0,
		0.045217,
		-0.986456,
		-0.157672,
		0,
		0.032485,
		1.349578,
		-0.195692,
		1,
	},
	[0.283333333333] = {
		-0.998188,
		-0.055384,
		-0.023499,
		0,
		0.014599,
		0.155939,
		-0.987659,
		0,
		0.058365,
		-0.986213,
		-0.154848,
		0,
		0.018407,
		1.350006,
		-0.188732,
		1,
	},
	[0.2] = {
		-0.998388,
		-0.033474,
		-0.045828,
		0,
		0.038002,
		0.205418,
		-0.977936,
		0,
		0.04215,
		-0.978101,
		-0.203815,
		0,
		0.031791,
		0.810952,
		-0.289066,
		1,
	},
	[0.316666666667] = {
		-0.997036,
		-0.064287,
		-0.04226,
		0,
		0.032111,
		0.15143,
		-0.987946,
		0,
		0.069912,
		-0.986375,
		-0.148917,
		0,
		0.012874,
		1.35068,
		-0.171024,
		1,
	},
	[0.333333333333] = {
		-0.997538,
		-0.062378,
		-0.032052,
		0,
		0.022405,
		0.149613,
		-0.988491,
		0,
		0.066456,
		-0.986775,
		-0.147847,
		0,
		0.020783,
		1.35098,
		-0.162185,
		1,
	},
	[0.35] = {
		-0.99786,
		-0.06176,
		-0.021484,
		0,
		0.012042,
		0.149359,
		-0.98871,
		0,
		0.064271,
		-0.986852,
		-0.148296,
		0,
		0.027345,
		1.351358,
		-0.153603,
		1,
	},
	[0.366666666667] = {
		-0.998005,
		-0.060626,
		-0.017602,
		0,
		0.008247,
		0.151222,
		-0.988465,
		0,
		0.062589,
		-0.986639,
		-0.15042,
		0,
		0.034159,
		1.351794,
		-0.146232,
		1,
	},
	[0.383333333333] = {
		-0.997948,
		-0.059109,
		-0.024609,
		0,
		0.015197,
		0.154704,
		-0.987844,
		0,
		0.062198,
		-0.986191,
		-0.153489,
		0,
		0.040452,
		1.3522,
		-0.140375,
		1,
	},
	[0.3] = {
		-0.996845,
		-0.065312,
		-0.045093,
		0,
		0.03458,
		0.15399,
		-0.987467,
		0,
		0.071437,
		-0.985911,
		-0.151246,
		0,
		0.007347,
		1.350411,
		-0.179365,
		1,
	},
	[0.416666666667] = {
		-0.996631,
		-0.054754,
		-0.061057,
		0,
		0.051349,
		0.163883,
		-0.985142,
		0,
		0.063947,
		-0.984959,
		-0.160519,
		0,
		0.050384,
		1.350213,
		-0.134497,
		1,
	},
	[0.433333333333] = {
		-0.99515,
		-0.050187,
		-0.084603,
		0,
		0.075029,
		0.168954,
		-0.982764,
		0,
		0.063616,
		-0.984345,
		-0.164369,
		0,
		0.057433,
		1.345859,
		-0.135778,
		1,
	},
	[0.45] = {
		-0.993169,
		-0.04471,
		-0.107775,
		0,
		0.098491,
		0.17401,
		-0.979806,
		0,
		0.062561,
		-0.983728,
		-0.168418,
		0,
		0.065226,
		1.339305,
		-0.139942,
		1,
	},
	[0.466666666667] = {
		-0.991042,
		-0.039207,
		-0.127665,
		0,
		0.118743,
		0.178804,
		-0.976693,
		0,
		0.06112,
		-0.983103,
		-0.172546,
		0,
		0.072624,
		1.330787,
		-0.146924,
		1,
	},
	[0.483333333333] = {
		-0.989346,
		-0.034604,
		-0.141409,
		0,
		0.132825,
		0.183054,
		-0.974089,
		0,
		0.059592,
		-0.982494,
		-0.176508,
		0,
		0.078462,
		1.320509,
		-0.156657,
		1,
	},
	[0.4] = {
		-0.997537,
		-0.057571,
		-0.040073,
		0,
		0.030467,
		0.158991,
		-0.98681,
		0,
		0.063183,
		-0.9856,
		-0.156845,
		0,
		0.0452,
		1.352098,
		-0.136166,
		1,
	},
	[0.516666666667] = {
		-0.989098,
		-0.030492,
		-0.144065,
		0,
		0.135857,
		0.188472,
		-0.972636,
		0,
		0.05681,
		-0.981605,
		-0.182275,
		0,
		0.082404,
		1.296026,
		-0.182993,
		1,
	},
	[0.533333333333] = {
		-0.989814,
		-0.029517,
		-0.139271,
		0,
		0.131308,
		0.188701,
		-0.973216,
		0,
		0.055007,
		-0.981591,
		-0.182904,
		0,
		0.082393,
		1.283281,
		-0.197304,
		1,
	},
	[0.55] = {
		-0.990825,
		-0.028989,
		-0.132007,
		0,
		0.124342,
		0.187247,
		-0.974411,
		0,
		0.052966,
		-0.981885,
		-0.181925,
		0,
		0.081523,
		1.270414,
		-0.211977,
		1,
	},
	[0.566666666667] = {
		-0.992046,
		-0.028977,
		-0.122497,
		0,
		0.11515,
		0.184195,
		-0.976121,
		0,
		0.050848,
		-0.982462,
		-0.179393,
		0,
		0.079805,
		1.257419,
		-0.22699,
		1,
	},
	[0.583333333333] = {
		-0.993385,
		-0.029546,
		-0.11096,
		0,
		0.103925,
		0.179627,
		-0.97823,
		0,
		0.048834,
		-0.983291,
		-0.175369,
		0,
		0.077251,
		1.244289,
		-0.242319,
		1,
	},
	[0.5] = {
		-0.988747,
		-0.031846,
		-0.146167,
		0,
		0.137796,
		0.186473,
		-0.972749,
		0,
		0.058235,
		-0.981944,
		-0.179987,
		0,
		0.081545,
		1.308658,
		-0.169068,
		1,
	},
	[0.616666666667] = {
		-0.996038,
		-0.032687,
		-0.0827,
		0,
		0.076172,
		0.166279,
		-0.983132,
		0,
		0.045887,
		-0.985537,
		-0.16313,
		0,
		0.069685,
		1.217597,
		-0.273824,
		1,
	},
	[0.633333333333] = {
		-0.997164,
		-0.03539,
		-0.066424,
		0,
		0.060062,
		0.157661,
		-0.985665,
		0,
		0.045355,
		-0.986859,
		-0.155088,
		0,
		0.064697,
		1.204022,
		-0.289953,
		1,
	},
	[0.65] = {
		-0.998039,
		-0.038933,
		-0.049017,
		0,
		0.04276,
		0.147857,
		-0.988084,
		0,
		0.045716,
		-0.988242,
		-0.145902,
		0,
		0.058924,
		1.190286,
		-0.3063,
		1,
	},
	[0.666666666667] = {
		-0.998586,
		-0.043382,
		-0.030707,
		0,
		0.024502,
		0.136949,
		-0.990275,
		0,
		0.047165,
		-0.989628,
		-0.135692,
		0,
		0.052378,
		1.176383,
		-0.32284,
		1,
	},
	[0.683333333333] = {
		-0.99874,
		-0.048802,
		-0.011724,
		0,
		0.005537,
		0.125021,
		-0.992139,
		0,
		0.049884,
		-0.990953,
		-0.124593,
		0,
		0.045074,
		1.162305,
		-0.33955,
		1,
	},
	[0.6] = {
		-0.994748,
		-0.030761,
		-0.09762,
		0,
		0.090864,
		0.173628,
		-0.98061,
		0,
		0.047114,
		-0.984331,
		-0.169921,
		0,
		0.073874,
		1.231017,
		-0.257938,
		1,
	},
	[0.716666666667] = {
		-0.99765,
		-0.062822,
		0.027345,
		0,
		-0.03346,
		0.098445,
		-0.99458,
		0,
		0.059789,
		-0.993157,
		-0.100316,
		0,
		0.028245,
		1.133599,
		-0.373377,
		1,
	},
	[0.733333333333] = {
		-0.99633,
		-0.071553,
		0.046968,
		0,
		-0.052939,
		0.083975,
		-0.995061,
		0,
		0.067256,
		-0.993895,
		-0.087455,
		0,
		0.01875,
		1.118958,
		-0.390445,
		1,
	},
	[0.75] = {
		-0.994461,
		-0.081521,
		0.066342,
		0,
		-0.072023,
		0.068839,
		-0.995024,
		0,
		0.076548,
		-0.994291,
		-0.074329,
		0,
		0.008554,
		1.104114,
		-0.407583,
		1,
	},
	[0.766666666667] = {
		-0.99203,
		-0.09279,
		0.085238,
		0,
		-0.090418,
		0.053132,
		-0.994485,
		0,
		0.087749,
		-0.994267,
		-0.061098,
		0,
		-0.002327,
		1.089061,
		-0.424767,
		1,
	},
	[0.783333333333] = {
		-0.989034,
		-0.105425,
		0.103426,
		0,
		-0.10783,
		0.036954,
		-0.993482,
		0,
		0.100916,
		-0.99374,
		-0.047917,
		0,
		-0.013877,
		1.073791,
		-0.44197,
		1,
	},
	[0.7] = {
		-0.998442,
		-0.05526,
		0.007704,
		0,
		-0.013874,
		0.112157,
		-0.993594,
		0,
		0.054042,
		-0.992153,
		-0.112749,
		0,
		0.037024,
		1.148046,
		-0.356404,
		1,
	},
	[0.816666666667] = {
		-0.981355,
		-0.135039,
		0.13677,
		0,
		-0.13852,
		0.003608,
		-0.990353,
		0,
		0.133243,
		-0.990834,
		-0.022246,
		0,
		-0.038919,
		1.042566,
		-0.476338,
		1,
	},
	[0.833333333333] = {
		-0.976683,
		-0.152135,
		0.151476,
		0,
		-0.151217,
		-0.013339,
		-0.98841,
		0,
		0.152392,
		-0.98827,
		-0.009977,
		0,
		-0.052377,
		1.026595,
		-0.493453,
		1,
	},
	[0.85] = {
		-0.971619,
		-0.17057,
		0.163895,
		0,
		-0.161225,
		-0.029484,
		-0.986477,
		0,
		0.173096,
		-0.984904,
		0.001147,
		0,
		-0.067997,
		1.011174,
		-0.511002,
		1,
	},
	[0.866666666667] = {
		-0.966346,
		-0.19014,
		0.173266,
		0,
		-0.167948,
		-0.043863,
		-0.98482,
		0,
		0.194854,
		-0.980776,
		0.010453,
		0,
		-0.086892,
		0.997153,
		-0.529371,
		1,
	},
	[0.883333333333] = {
		-0.96087,
		-0.2109,
		0.179582,
		0,
		-0.171464,
		-0.056322,
		-0.983579,
		0,
		0.217551,
		-0.975884,
		0.017957,
		0,
		-0.108449,
		0.984581,
		-0.548417,
		1,
	},
	[0.8] = {
		-0.985474,
		-0.119488,
		0.120678,
		0,
		-0.123962,
		0.02041,
		-0.992077,
		0,
		0.116078,
		-0.992626,
		-0.034925,
		0,
		-0.02608,
		1.058295,
		-0.459169,
		1,
	},
	[0.916666666667] = {
		-0.949148,
		-0.25616,
		0.183029,
		0,
		-0.169374,
		-0.074589,
		-0.982725,
		0,
		0.265387,
		-0.963752,
		0.027409,
		0,
		-0.157313,
		0.963891,
		-0.587776,
		1,
	},
	[0.933333333333] = {
		-0.942733,
		-0.280697,
		0.180176,
		0,
		-0.164139,
		-0.079837,
		-0.983201,
		0,
		0.290367,
		-0.95647,
		0.029192,
		0,
		-0.183571,
		0.955758,
		-0.607571,
		1,
	},
	[0.95] = {
		-0.935785,
		-0.306462,
		0.174321,
		0,
		-0.156453,
		-0.082137,
		-0.984264,
		0,
		0.315958,
		-0.948332,
		0.028915,
		0,
		-0.210353,
		0.948998,
		-0.627049,
		1,
	},
	[0.966666666667] = {
		-0.928154,
		-0.333354,
		0.165547,
		0,
		-0.146648,
		-0.081269,
		-0.985845,
		0,
		0.342089,
		-0.939293,
		0.026544,
		0,
		-0.23712,
		0.943459,
		-0.645875,
		1,
	},
	[0.983333333333] = {
		-0.919759,
		-0.361082,
		0.153829,
		0,
		-0.134962,
		-0.077064,
		-0.987849,
		0,
		0.36855,
		-0.929344,
		0.022148,
		0,
		-0.263054,
		0.938963,
		-0.66373,
		1,
	},
	[0.9] = {
		-0.95516,
		-0.232894,
		0.182837,
		0,
		-0.171887,
		-0.066657,
		-0.982859,
		0,
		0.24109,
		-0.970215,
		0.023636,
		0,
		-0.132101,
		0.973488,
		-0.567967,
		1,
	},
	[1.01666666667] = {
		-0.900282,
		-0.417852,
		0.122035,
		0,
		-0.107381,
		-0.058503,
		-0.992495,
		0,
		0.421856,
		-0.906629,
		0.0078,
		0,
		-0.309266,
		0.932126,
		-0.695112,
		1,
	},
	[1.03333333333] = {
		-0.888944,
		-0.446384,
		0.102567,
		0,
		-0.092482,
		-0.04439,
		-0.994724,
		0,
		0.448582,
		-0.89374,
		-0.001822,
		0,
		-0.328165,
		0.929147,
		-0.707808,
		1,
	},
	[1.05] = {
		-0.875931,
		-0.475575,
		0.081074,
		0,
		-0.077132,
		-0.027837,
		-0.996632,
		0,
		0.47623,
		-0.879235,
		-0.012299,
		0,
		-0.346254,
		0.921864,
		-0.717999,
		1,
	},
	[1.06666666667] = {
		-0.860516,
		-0.506141,
		0.057733,
		0,
		-0.061434,
		-0.009398,
		-0.998067,
		0,
		0.505705,
		-0.862399,
		-0.023008,
		0,
		-0.366369,
		0.908648,
		-0.725227,
		1,
	},
	[1.08333333333] = {
		-0.84241,
		-0.537835,
		0.032829,
		0,
		-0.045835,
		0.01082,
		-0.99889,
		0,
		0.536883,
		-0.84298,
		-0.033767,
		0,
		-0.388523,
		0.893415,
		-0.728924,
		1,
	},
	{
		-0.910516,
		-0.389326,
		0.139231,
		0,
		-0.121708,
		-0.069456,
		-0.990133,
		0,
		0.395155,
		-0.918477,
		0.015856,
		0,
		-0.287319,
		0.935286,
		-0.680277,
		1,
	},
	[1.11666666667] = {
		-0.797218,
		-0.603346,
		-0.02042,
		0,
		-0.016557,
		0.055665,
		-0.998312,
		0,
		0.603464,
		-0.795534,
		-0.054367,
		0,
		-0.438336,
		0.872619,
		-0.724197,
		1,
	},
	[1.13333333333] = {
		-0.769824,
		-0.636442,
		-0.048088,
		0,
		-0.003533,
		0.07959,
		-0.996821,
		0,
		0.638247,
		-0.767207,
		-0.063519,
		0,
		-0.465374,
		0.875006,
		-0.716634,
		1,
	},
	[1.15] = {
		-0.739134,
		-0.66926,
		-0.07597,
		0,
		0.00813,
		0.103917,
		-0.994553,
		0,
		0.673509,
		-0.735726,
		-0.071367,
		0,
		-0.493291,
		0.886374,
		-0.706253,
		1,
	},
	[1.16666666667] = {
		-0.705159,
		-0.701427,
		-0.10369,
		0,
		0.018362,
		0.128124,
		-0.991588,
		0,
		0.708811,
		-0.701131,
		-0.077468,
		0,
		-0.521662,
		0.902153,
		-0.693511,
		1,
	},
	[1.18333333333] = {
		-0.667949,
		-0.732616,
		-0.130834,
		0,
		0.027375,
		0.151498,
		-0.988078,
		0,
		0.743703,
		-0.663568,
		-0.081138,
		0,
		-0.549853,
		0.920772,
		-0.679046,
		1,
	},
	[1.1] = {
		-0.821373,
		-0.570352,
		0.006668,
		0,
		-0.030753,
		0.03261,
		-0.998995,
		0,
		0.569562,
		-0.820752,
		-0.044325,
		0,
		-0.412595,
		0.880088,
		-0.728533,
		1,
	},
	[1.21666666667] = {
		-0.584199,
		-0.791002,
		-0.181734,
		0,
		0.043302,
		0.193222,
		-0.980199,
		0,
		0.810455,
		-0.5805,
		-0.078628,
		0,
		-0.602979,
		0.960975,
		-0.647381,
		1,
	},
	[1.23333333333] = {
		-0.537942,
		-0.817766,
		-0.204637,
		0,
		0.051107,
		0.21067,
		-0.97622,
		0,
		0.841431,
		-0.535609,
		-0.071534,
		0,
		-0.626674,
		0.980212,
		-0.631053,
		1,
	},
	[1.25] = {
		-0.487055,
		-0.843565,
		-0.22622,
		0,
		0.060877,
		0.225599,
		-0.972316,
		0,
		0.871247,
		-0.487343,
		-0.058526,
		0,
		-0.647746,
		0.997542,
		-0.615182,
		1,
	},
	[1.26666666667] = {
		-0.430161,
		-0.868258,
		-0.247163,
		0,
		0.07411,
		0.2389,
		-0.968212,
		0,
		0.899705,
		-0.434804,
		-0.038419,
		0,
		-0.665881,
		1.012349,
		-0.600263,
		1,
	},
	[1.28333333333] = {
		-0.368137,
		-0.890539,
		-0.267234,
		0,
		0.090676,
		0.251661,
		-0.963558,
		0,
		0.925339,
		-0.378954,
		-0.011895,
		0,
		-0.680855,
		1.024081,
		-0.586493,
		1,
	},
	[1.2] = {
		-0.627586,
		-0.762555,
		-0.156987,
		0,
		0.035559,
		0.173356,
		-0.984217,
		0,
		0.777734,
		-0.623264,
		-0.08168,
		0,
		-0.577166,
		0.940786,
		-0.663523,
		1,
	},
	[1.31666666667] = {
		-0.233025,
		-0.923772,
		-0.303881,
		0,
		0.132294,
		0.279465,
		-0.950998,
		0,
		0.96343,
		-0.261808,
		0.057088,
		0,
		-0.701046,
		1.03596,
		-0.563092,
		1,
	},
	[1.33333333333] = {
		-0.162416,
		-0.933365,
		-0.32008,
		0,
		0.156046,
		0.296008,
		-0.942353,
		0,
		0.974305,
		-0.203001,
		0.097571,
		0,
		-0.706395,
		1.034793,
		-0.553772,
		1,
	},
	[1.35] = {
		-0.091551,
		-0.937869,
		-0.334693,
		0,
		0.180574,
		0.314897,
		-0.93179,
		0,
		0.979291,
		-0.145743,
		0.140526,
		0,
		-0.708814,
		1.027889,
		-0.546229,
		1,
	},
	[1.36666666667] = {
		-0.021776,
		-0.937359,
		-0.347683,
		0,
		0.204835,
		0.336205,
		-0.919244,
		0,
		0.978554,
		-0.091235,
		0.184682,
		0,
		-0.708564,
		1.014395,
		-0.540599,
		1,
	},
	[1.38333333333] = {
		0.045612,
		-0.932184,
		-0.359099,
		0,
		0.227745,
		0.35971,
		-0.904843,
		0,
		0.972652,
		-0.040511,
		0.228707,
		0,
		-0.705911,
		0.996043,
		-0.53706,
		1,
	},
	[1.3] = {
		-0.302029,
		-0.90932,
		-0.286209,
		0,
		0.110252,
		0.264897,
		-0.957953,
		0,
		0.946902,
		-0.320885,
		0.020248,
		0,
		-0.692571,
		1.03216,
		-0.574048,
		1,
	},
	[1.41666666667] = {
		0.16904,
		-0.910202,
		-0.378098,
		0,
		0.266057,
		0.411518,
		-0.871703,
		0,
		0.94902,
		0.046757,
		0.311728,
		0,
		-0.694646,
		0.955459,
		-0.537264,
		1,
	},
	[1.43333333333] = {
		0.223948,
		-0.894706,
		-0.386457,
		0,
		0.281193,
		0.438982,
		-0.853361,
		0,
		0.933155,
		0.082439,
		0.349894,
		0,
		-0.686796,
		0.935519,
		-0.541683,
		1,
	},
	[1.45] = {
		0.273337,
		-0.87752,
		-0.394012,
		0,
		0.29328,
		0.466134,
		-0.834689,
		0,
		0.916119,
		0.112596,
		0.384771,
		0,
		-0.678102,
		0.917071,
		-0.549493,
		1,
	},
	[1.46666666667] = {
		0.3165,
		-0.85982,
		-0.400671,
		0,
		0.30209,
		0.491754,
		-0.816652,
		0,
		0.899205,
		0.137431,
		0.415383,
		0,
		-0.669008,
		0.900971,
		-0.560353,
		1,
	},
	[1.48333333333] = {
		0.352676,
		-0.842795,
		-0.40659,
		0,
		0.307658,
		0.514789,
		-0.800211,
		0,
		0.883723,
		0.157125,
		0.440847,
		0,
		-0.659732,
		0.888298,
		-0.573386,
		1,
	},
	[1.4] = {
		0.109412,
		-0.922931,
		-0.369089,
		0,
		0.248261,
		0.384923,
		-0.888932,
		0,
		0.962494,
		0.005629,
		0.271243,
		0,
		-0.701142,
		0.976013,
		-0.535839,
		1,
	},
	[1.51666666667] = {
		0.401483,
		-0.815478,
		-0.416903,
		0,
		0.309617,
		0.549248,
		-0.776185,
		0,
		0.861945,
		0.182545,
		0.473,
		0,
		-0.641894,
		0.875026,
		-0.602357,
		1,
	},
	[1.53333333333] = {
		0.412893,
		-0.807325,
		-0.421598,
		0,
		0.306273,
		0.559015,
		-0.770519,
		0,
		0.857739,
		0.189018,
		0.478075,
		0,
		-0.634523,
		0.871125,
		-0.616384,
		1,
	},
	[1.55] = {
		0.41421,
		-0.808745,
		-0.417566,
		0,
		0.303964,
		0.555346,
		-0.774077,
		0,
		0.857925,
		0.193705,
		0.475859,
		0,
		-0.627905,
		0.869418,
		-0.627429,
		1,
	},
	[1.56666666667] = {
		0.405988,
		-0.822392,
		-0.398554,
		0,
		0.306141,
		0.533302,
		-0.788585,
		0,
		0.861076,
		0.198142,
		0.468282,
		0,
		-0.621477,
		0.870347,
		-0.634287,
		1,
	},
	[1.58333333333] = {
		0.392423,
		-0.844084,
		-0.365413,
		0,
		0.316492,
		0.496937,
		-0.808013,
		0,
		0.863619,
		0.201433,
		0.462156,
		0,
		-0.611219,
		0.872672,
		-0.641883,
		1,
	},
	[1.5] = {
		0.381206,
		-0.827637,
		-0.411945,
		0,
		0.310114,
		0.534251,
		-0.786387,
		0,
		0.870925,
		0.172026,
		0.460322,
		0,
		-0.650493,
		0.880079,
		-0.587704,
		1,
	},
	[1.61666666667] = {
		0.351854,
		-0.894525,
		-0.275725,
		0,
		0.352517,
		0.399503,
		-0.846244,
		0,
		0.867139,
		0.200556,
		0.455902,
		0,
		-0.580988,
		0.877821,
		-0.660272,
		1,
	},
	[1.63333333333] = {
		0.326876,
		-0.915029,
		-0.236376,
		0,
		0.361549,
		0.352166,
		-0.863285,
		0,
		0.873175,
		0.196725,
		0.445943,
		0,
		-0.571126,
		0.879031,
		-0.665575,
		1,
	},
	[1.65] = {
		0.302773,
		-0.929786,
		-0.209348,
		0,
		0.354305,
		0.313723,
		-0.880935,
		0,
		0.884758,
		0.19255,
		0.424414,
		0,
		-0.572181,
		0.877426,
		-0.665456,
		1,
	},
	[1.66666666667] = {
		0.287511,
		-0.936846,
		-0.199141,
		0,
		0.344996,
		0.295262,
		-0.890953,
		0,
		0.893485,
		0.187456,
		0.408099,
		0,
		-0.57384,
		0.875506,
		-0.665884,
		1,
	},
	[1.68333333333] = {
		0.280123,
		-0.938624,
		-0.201284,
		0,
		0.34299,
		0.2937,
		-0.892243,
		0,
		0.896598,
		0.1809,
		0.404211,
		0,
		-0.569772,
		0.875183,
		-0.669373,
		1,
	},
	[1.6] = {
		0.374479,
		-0.869679,
		-0.321595,
		0,
		0.33469,
		0.450229,
		-0.827814,
		0,
		0.864724,
		0.202365,
		0.459674,
		0,
		-0.5961,
		0.875421,
		-0.65161,
		1,
	},
	[1.71666666667] = {
		0.268839,
		-0.938867,
		-0.215067,
		0,
		0.33819,
		0.301081,
		-0.891615,
		0,
		0.901861,
		0.166967,
		0.398458,
		0,
		-0.562434,
		0.874499,
		-0.674463,
		1,
	},
	[1.73333333333] = {
		0.264647,
		-0.937648,
		-0.225338,
		0,
		0.335638,
		0.308619,
		-0.890001,
		0,
		0.904051,
		0.159904,
		0.396385,
		0,
		-0.559206,
		0.87415,
		-0.676022,
		1,
	},
	[1.75] = {
		0.261243,
		-0.93574,
		-0.236945,
		0,
		0.333114,
		0.317785,
		-0.88772,
		0,
		0.905973,
		0.152981,
		0.394728,
		0,
		-0.556299,
		0.873806,
		-0.675715,
		1,
	},
	[1.76666666667] = {
		0.258512,
		-0.933311,
		-0.2492,
		0,
		0.330703,
		0.327885,
		-0.884944,
		0,
		0.907638,
		0.146358,
		0.393411,
		0,
		-0.553731,
		0.873475,
		-0.67288,
		1,
	},
	[1.78333333333] = {
		0.256361,
		-0.930558,
		-0.261419,
		0,
		0.328479,
		0.338235,
		-0.881872,
		0,
		0.909055,
		0.140207,
		0.392379,
		0,
		-0.551518,
		0.873171,
		-0.668307,
		1,
	},
	[1.7] = {
		0.273949,
		-0.939243,
		-0.20682,
		0,
		0.340678,
		0.295874,
		-0.892411,
		0,
		0.899383,
		0.174016,
		0.401034,
		0,
		-0.565963,
		0.874845,
		-0.67224,
		1,
	},
	[1.81666666667] = {
		0.253512,
		-0.925,
		-0.283031,
		0,
		0.324864,
		0.357009,
		-0.87579,
		0,
		0.91115,
		0.130077,
		0.391006,
		0,
		-0.548219,
		0.872688,
		-0.657114,
		1,
	},
	[1.83333333333] = {
		0.252709,
		-0.922719,
		-0.29108,
		0,
		0.323605,
		0.364124,
		-0.873323,
		0,
		0.911821,
		0.126502,
		0.390614,
		0,
		-0.547161,
		0.872525,
		-0.652078,
		1,
	},
	[1.85] = {
		0.252262,
		-0.921146,
		-0.2964,
		0,
		0.322797,
		0.368867,
		-0.87163,
		0,
		0.912231,
		0.124203,
		0.390394,
		0,
		-0.546515,
		0.872424,
		-0.648474,
		1,
	},
	[1.86666666667] = {
		0.252126,
		-0.920563,
		-0.298323,
		0,
		0.322511,
		0.370593,
		-0.871004,
		0,
		0.91237,
		0.12339,
		0.390328,
		0,
		-0.546297,
		0.872389,
		-0.647096,
		1,
	},
	[1.8] = {
		0.254714,
		-0.927704,
		-0.272921,
		0,
		0.326511,
		0.348163,
		-0.878734,
		0,
		0.910226,
		0.134714,
		0.391587,
		0,
		-0.549676,
		0.872906,
		-0.662788,
		1,
	},
}

return spline_matrices
