-- chunkname: @content/characters/player/ogryn/first_person/animations/2h_axe/pushfollow.lua

local spline_matrices = {
	[0.0166666666667] = {
		0.942094,
		0.003394,
		-0.335331,
		0,
		0.332547,
		-0.138437,
		0.932871,
		0,
		-0.043256,
		-0.990365,
		-0.131549,
		0,
		-0.814415,
		0.418767,
		-0.367004,
		1,
	},
	[0.0333333333333] = {
		0.894361,
		-0.128138,
		-0.428601,
		0,
		0.4048,
		-0.175987,
		0.89731,
		0,
		-0.190408,
		-0.976017,
		-0.105525,
		0,
		-0.785602,
		0.43359,
		-0.361258,
		1,
	},
	[0.05] = {
		0.805157,
		-0.289341,
		-0.517692,
		0,
		0.466476,
		-0.23007,
		0.854089,
		0,
		-0.366228,
		-0.929166,
		-0.050272,
		0,
		-0.755135,
		0.464961,
		-0.352322,
		1,
	},
	[0.0666666666667] = {
		0.704454,
		-0.432907,
		-0.562438,
		0,
		0.481209,
		-0.291178,
		0.826834,
		0,
		-0.521711,
		-0.853116,
		0.003197,
		0,
		-0.73708,
		0.51904,
		-0.340801,
		1,
	},
	[0.0833333333333] = {
		0.612434,
		-0.545352,
		-0.57229,
		0,
		0.43103,
		-0.376495,
		0.820039,
		0,
		-0.662674,
		-0.748894,
		0.004484,
		0,
		-0.738097,
		0.599098,
		-0.327366,
		1,
	},
	[0] = {
		0.954443,
		0.057256,
		-0.292848,
		0,
		0.297873,
		-0.124928,
		0.946395,
		0,
		0.017602,
		-0.990512,
		-0.136292,
		0,
		-0.827255,
		0.415006,
		-0.369032,
		1,
	},
	[0.116666666667] = {
		0.427717,
		-0.743016,
		-0.514768,
		0,
		0.198961,
		-0.478135,
		0.855454,
		0,
		-0.881744,
		-0.468311,
		-0.056676,
		0,
		-0.763812,
		0.812887,
		-0.297101,
		1,
	},
	[0.133333333333] = {
		0.334687,
		-0.839744,
		-0.427567,
		0,
		0.114029,
		-0.41431,
		0.902964,
		0,
		-0.935405,
		-0.350966,
		-0.042909,
		0,
		-0.767665,
		0.937199,
		-0.281202,
		1,
	},
	[0.15] = {
		0.205201,
		-0.941066,
		-0.268862,
		0,
		0.100416,
		-0.253015,
		0.962237,
		0,
		-0.973555,
		-0.22445,
		0.042579,
		0,
		-0.731736,
		1.096879,
		-0.24778,
		1,
	},
	[0.166666666667] = {
		0.030435,
		-0.997695,
		-0.060649,
		0,
		0.12226,
		-0.056506,
		0.990888,
		0,
		-0.992031,
		-0.037573,
		0.120258,
		0,
		-0.643376,
		1.290807,
		-0.205503,
		1,
	},
	[0.183333333333] = {
		-0.188973,
		-0.975413,
		0.113397,
		0,
		0.137483,
		0.08806,
		0.986582,
		0,
		-0.97231,
		0.202028,
		0.117462,
		0,
		-0.550004,
		1.531643,
		-0.165139,
		1,
	},
	[0.1] = {
		0.519038,
		-0.645939,
		-0.559787,
		0,
		0.324142,
		-0.457247,
		0.828165,
		0,
		-0.790905,
		-0.6113,
		-0.027953,
		0,
		-0.75022,
		0.698803,
		-0.312627,
		1,
	},
	[0.216666666667] = {
		-0.69018,
		-0.702134,
		0.175102,
		0,
		0.169314,
		0.078571,
		0.982425,
		0,
		-0.703552,
		0.707697,
		0.064653,
		0,
		-0.358263,
		2.02572,
		-0.0867,
		1,
	},
	[0.233333333333] = {
		-0.855444,
		-0.494069,
		0.155278,
		0,
		0.197654,
		-0.034329,
		0.97967,
		0,
		-0.478694,
		0.868745,
		0.127022,
		0,
		-0.173039,
		2.11583,
		-0.075348,
		1,
	},
	[0.25] = {
		-0.952291,
		-0.233569,
		0.196436,
		0,
		0.236765,
		-0.15927,
		0.958423,
		0,
		-0.192571,
		0.959207,
		0.206972,
		0,
		0.200842,
		2.031603,
		-0.098239,
		1,
	},
	[0.266666666667] = {
		-0.965755,
		0.0477,
		0.255034,
		0,
		0.233569,
		-0.268171,
		0.934628,
		0,
		0.112974,
		0.96219,
		0.247846,
		0,
		0.68593,
		1.843922,
		-0.145776,
		1,
	},
	[0.283333333333] = {
		-0.914116,
		0.277537,
		0.295578,
		0,
		0.199654,
		-0.326377,
		0.923914,
		0,
		0.35289,
		0.903577,
		0.242935,
		0,
		1.136901,
		1.661912,
		-0.199363,
		1,
	},
	[0.2] = {
		-0.453707,
		-0.870216,
		0.192026,
		0,
		0.154527,
		0.135391,
		0.978668,
		0,
		-0.877651,
		0.473702,
		0.073044,
		0,
		-0.461651,
		1.805836,
		-0.121004,
		1,
	},
	[0.316666666667] = {
		-0.833879,
		0.472061,
		0.286014,
		0,
		0.136528,
		-0.325677,
		0.935572,
		0,
		0.534796,
		0.819202,
		0.207126,
		0,
		1.575107,
		1.617274,
		-0.270449,
		1,
	},
	[0.333333333333] = {
		-0.811141,
		0.517285,
		0.272885,
		0,
		0.113674,
		-0.318248,
		0.941168,
		0,
		0.573697,
		0.79444,
		0.199342,
		0,
		1.690677,
		1.65297,
		-0.296019,
		1,
	},
	[0.35] = {
		-0.793553,
		0.549472,
		0.261446,
		0,
		0.09462,
		-0.313006,
		0.945026,
		0,
		0.601099,
		0.774667,
		0.196396,
		0,
		1.780601,
		1.692136,
		-0.320035,
		1,
	},
	[0.366666666667] = {
		-0.782312,
		0.569693,
		0.251867,
		0,
		0.079638,
		-0.309557,
		0.94754,
		0,
		0.617775,
		0.76133,
		0.196801,
		0,
		1.845623,
		1.73566,
		-0.344182,
		1,
	},
	[0.383333333333] = {
		-0.77606,
		0.581681,
		0.243674,
		0,
		0.067489,
		-0.307562,
		0.949131,
		0,
		0.627037,
		0.753029,
		0.19943,
		0,
		1.892737,
		1.77857,
		-0.369489,
		1,
	},
	[0.3] = {
		-0.86145,
		0.409708,
		0.300071,
		0,
		0.163915,
		-0.33493,
		0.927876,
		0,
		0.480661,
		0.848505,
		0.221369,
		0,
		1.427629,
		1.591232,
		-0.241614,
		1,
	},
	[0.416666666667] = {
		-0.770906,
		0.594432,
		0.228809,
		0,
		0.046726,
		-0.305481,
		0.951051,
		0,
		0.635232,
		0.743863,
		0.207722,
		0,
		1.961461,
		1.842915,
		-0.426933,
		1,
	},
	[0.433333333333] = {
		-0.767578,
		0.601593,
		0.221155,
		0,
		0.036091,
		-0.303926,
		0.952012,
		0,
		0.639938,
		0.738725,
		0.211575,
		0,
		1.997048,
		1.854609,
		-0.461518,
		1,
	},
	[0.45] = {
		-0.763456,
		0.609826,
		0.212714,
		0,
		0.02432,
		-0.301973,
		0.953006,
		0,
		0.645402,
		0.732751,
		0.215713,
		0,
		2.034037,
		1.856846,
		-0.500278,
		1,
	},
	[0.466666666667] = {
		-0.760472,
		0.616661,
		0.203501,
		0,
		0.011772,
		-0.300239,
		0.953791,
		0,
		0.649264,
		0.727727,
		0.221064,
		0,
		2.066227,
		1.858714,
		-0.541885,
		1,
	},
	[0.483333333333] = {
		-0.758462,
		0.622234,
		0.193803,
		0,
		-0.001056,
		-0.298545,
		0.954395,
		0,
		0.651716,
		0.723668,
		0.227092,
		0,
		2.093906,
		1.860277,
		-0.585768,
		1,
	},
	[0.4] = {
		-0.772974,
		0.588847,
		0.236157,
		0,
		0.056857,
		-0.306439,
		0.950191,
		0,
		0.631884,
		0.7479,
		0.20339,
		0,
		1.92902,
		1.815949,
		-0.396663,
		1,
	},
	[0.516666666667] = {
		-0.756692,
		0.630175,
		0.174059,
		0,
		-0.02557,
		-0.294562,
		0.95529,
		0,
		0.653272,
		0.718409,
		0.239007,
		0,
		2.137036,
		1.862576,
		-0.678073,
		1,
	},
	[0.533333333333] = {
		-0.75653,
		0.632915,
		0.16456,
		0,
		-0.036307,
		-0.291899,
		0.95576,
		0,
		0.65295,
		0.717087,
		0.24381,
		0,
		2.153382,
		1.863067,
		-0.725349,
		1,
	},
	[0.55] = {
		-0.756646,
		0.63502,
		0.155678,
		0,
		-0.045377,
		-0.288532,
		0.956394,
		0,
		0.652248,
		0.716588,
		0.247132,
		0,
		2.166713,
		1.863103,
		-0.772608,
		1,
	},
	[0.566666666667] = {
		-0.756909,
		0.636612,
		0.147695,
		0,
		-0.052287,
		-0.284267,
		0.957318,
		0,
		0.651425,
		0.716881,
		0.248451,
		0,
		2.177334,
		1.862713,
		-0.819273,
		1,
	},
	[0.583333333333] = {
		-0.757198,
		0.637807,
		0.1409,
		0,
		-0.056542,
		-0.278905,
		0.958653,
		0,
		0.650733,
		0.717923,
		0.24725,
		0,
		2.185554,
		1.861929,
		-0.864768,
		1,
	},
	[0.5] = {
		-0.757269,
		0.626678,
		0.183898,
		0,
		-0.013662,
		-0.296714,
		0.954869,
		0,
		0.65296,
		0.72058,
		0.233254,
		0,
		2.117363,
		1.8616,
		-0.631355,
		1,
	},
	[0.616666666667] = {
		-0.757387,
		0.639471,
		0.132069,
		0,
		-0.055076,
		-0.264102,
		0.962921,
		0,
		0.65064,
		0.72203,
		0.235246,
		0,
		2.196006,
		1.859303,
		-0.94993,
		1,
	},
	[0.633333333333] = {
		-0.757045,
		0.640169,
		0.13064,
		0,
		-0.048321,
		-0.254262,
		0.965928,
		0,
		0.651574,
		0.724938,
		0.223421,
		0,
		2.198845,
		1.857523,
		-0.988437,
		1,
	},
	[0.65] = {
		-0.758823,
		0.636833,
		0.136495,
		0,
		-0.02856,
		-0.241908,
		0.969879,
		0,
		0.65067,
		0.732068,
		0.201754,
		0,
		2.181298,
		1.836613,
		-1.026496,
		1,
	},
	[0.666666666667] = {
		-0.764364,
		0.626277,
		0.153378,
		0,
		0.009867,
		-0.226486,
		0.973964,
		0,
		0.64471,
		0.745976,
		0.166938,
		0,
		2.128838,
		1.78226,
		-1.066343,
		1,
	},
	[0.683333333333] = {
		-0.77199,
		0.609745,
		0.179561,
		0,
		0.062628,
		-0.208151,
		0.97609,
		0,
		0.632542,
		0.764777,
		0.122503,
		0,
		2.048326,
		1.70126,
		-1.10704,
		1,
	},
	[0.6] = {
		-0.757397,
		0.638722,
		0.135591,
		0,
		-0.057641,
		-0.27225,
		0.960499,
		0,
		0.650406,
		0.719663,
		0.243018,
		0,
		2.191677,
		1.860782,
		-0.908513,
		1,
	},
	[0.716666666667] = {
		-0.786418,
		0.563725,
		0.252511,
		0,
		0.193064,
		-0.163992,
		0.967385,
		0,
		0.586749,
		0.809519,
		0.020131,
		0,
		1.830708,
		1.486383,
		-1.187162,
		1,
	},
	[0.733333333333] = {
		-0.79038,
		0.536921,
		0.294983,
		0,
		0.261703,
		-0.139445,
		0.955022,
		0,
		0.553905,
		0.832028,
		-0.030299,
		0,
		1.707455,
		1.365959,
		-1.224643,
		1,
	},
	[0.75] = {
		-0.791202,
		0.509575,
		0.338132,
		0,
		0.327064,
		-0.114613,
		0.938026,
		0,
		0.516749,
		0.852759,
		-0.075982,
		0,
		1.583864,
		1.245787,
		-1.259095,
		1,
	},
	[0.766666666667] = {
		-0.789023,
		0.48333,
		0.379256,
		0,
		0.385672,
		-0.09085,
		0.918152,
		0,
		0.478226,
		0.870711,
		-0.114724,
		0,
		1.466949,
		1.132504,
		-1.289534,
		1,
	},
	[0.783333333333] = {
		-0.784674,
		0.459935,
		0.415629,
		0,
		0.43473,
		-0.069694,
		0.89786,
		0,
		0.441924,
		0.885213,
		-0.14526,
		0,
		1.363786,
		1.032707,
		-1.314951,
		1,
	},
	[0.7] = {
		-0.779887,
		0.588465,
		0.213271,
		0,
		0.125221,
		-0.187157,
		0.974316,
		0,
		0.613266,
		0.786563,
		0.072273,
		0,
		1.946646,
		1.600387,
		-1.147636,
		1,
	},
	[0.816666666667] = {
		-0.775173,
		0.428978,
		0.463772,
		0,
		0.495877,
		-0.041684,
		0.867392,
		0,
		0.391423,
		0.902353,
		-0.180408,
		0,
		1.227194,
		0.899781,
		-1.346756,
		1,
	},
	[0.833333333333] = {
		-0.773149,
		0.425078,
		0.47069,
		0,
		0.504322,
		-0.037967,
		0.862681,
		0,
		0.384577,
		0.90436,
		-0.185022,
		0,
		1.208045,
		0.879681,
		-1.351225,
		1,
	},
	[0.85] = {
		-0.772682,
		0.42591,
		0.470704,
		0,
		0.504352,
		-0.03838,
		0.862645,
		0,
		0.385475,
		0.903951,
		-0.185153,
		0,
		1.208825,
		0.878312,
		-1.351418,
		1,
	},
	[0.866666666667] = {
		-0.772237,
		0.426692,
		0.470727,
		0,
		0.504396,
		-0.038755,
		0.862602,
		0,
		0.386309,
		0.903566,
		-0.185294,
		0,
		1.209526,
		0.877017,
		-1.351632,
		1,
	},
	[0.883333333333] = {
		-0.771819,
		0.427415,
		0.470757,
		0,
		0.504453,
		-0.039087,
		0.862554,
		0,
		0.387069,
		0.90321,
		-0.185443,
		0,
		1.21014,
		0.87581,
		-1.351865,
		1,
	},
	[0.8] = {
		-0.779518,
		0.441203,
		0.444625,
		0,
		0.472063,
		-0.052767,
		0.879984,
		0,
		0.411713,
		0.895854,
		-0.167143,
		0,
		1.281492,
		0.952956,
		-1.334346,
		1,
	},
	[0.916666666667] = {
		-0.771085,
		0.428651,
		0.470836,
		0,
		0.504606,
		-0.039599,
		0.862441,
		0,
		0.38833,
		0.902602,
		-0.185766,
		0,
		1.211077,
		0.873716,
		-1.352381,
		1,
	},
	[0.933333333333] = {
		-0.77078,
		0.429146,
		0.470884,
		0,
		0.504701,
		-0.039769,
		0.862378,
		0,
		0.388813,
		0.902359,
		-0.185937,
		0,
		1.211385,
		0.872858,
		-1.352659,
		1,
	},
	[0.95] = {
		-0.770506,
		0.42958,
		0.470937,
		0,
		0.504805,
		-0.039898,
		0.862311,
		0,
		0.389221,
		0.902147,
		-0.186113,
		0,
		1.211612,
		0.872093,
		-1.352949,
		1,
	},
	[0.966666666667] = {
		-0.770245,
		0.429985,
		0.470995,
		0,
		0.504917,
		-0.040005,
		0.862241,
		0,
		0.389592,
		0.901949,
		-0.186293,
		0,
		1.211794,
		0.871375,
		-1.353248,
		1,
	},
	[0.983333333333] = {
		-0.769998,
		0.430359,
		0.471057,
		0,
		0.505035,
		-0.040092,
		0.862167,
		0,
		0.389928,
		0.901767,
		-0.186475,
		0,
		1.211935,
		0.870702,
		-1.353555,
		1,
	},
	[0.9] = {
		-0.771433,
		0.428071,
		0.470793,
		0,
		0.504523,
		-0.039369,
		0.8625,
		0,
		0.387746,
		0.902887,
		-0.185601,
		0,
		1.210659,
		0.874705,
		-1.352115,
		1,
	},
	[1.01666666667] = {
		-0.769544,
		0.431025,
		0.471189,
		0,
		0.505285,
		-0.040212,
		0.862015,
		0,
		0.390498,
		0.901443,
		-0.186846,
		0,
		1.212106,
		0.869488,
		-1.354182,
		1,
	},
	[1.03333333333] = {
		-0.769337,
		0.431318,
		0.471259,
		0,
		0.505416,
		-0.040248,
		0.861936,
		0,
		0.390736,
		0.901302,
		-0.187031,
		0,
		1.212141,
		0.868944,
		-1.3545,
		1,
	},
	[1.05] = {
		-0.769143,
		0.431587,
		0.47133,
		0,
		0.505549,
		-0.040269,
		0.861858,
		0,
		0.390946,
		0.901172,
		-0.187216,
		0,
		1.212148,
		0.868441,
		-1.354817,
		1,
	},
	[1.06666666667] = {
		-0.768962,
		0.431831,
		0.471402,
		0,
		0.505683,
		-0.040277,
		0.861778,
		0,
		0.391129,
		0.901055,
		-0.187398,
		0,
		1.212128,
		0.867977,
		-1.355132,
		1,
	},
	[1.08333333333] = {
		-0.768793,
		0.432052,
		0.471474,
		0,
		0.505817,
		-0.040274,
		0.8617,
		0,
		0.391287,
		0.900949,
		-0.187577,
		0,
		1.212086,
		0.86755,
		-1.355442,
		1,
	},
	{
		-0.769764,
		0.430706,
		0.471121,
		0,
		0.505158,
		-0.040161,
		0.862092,
		0,
		0.390229,
		0.901598,
		-0.18666,
		0,
		1.212038,
		0.870074,
		-1.353867,
		1,
	},
	[1.11666666667] = {
		-0.768493,
		0.43243,
		0.471618,
		0,
		0.506082,
		-0.040239,
		0.861546,
		0,
		0.391536,
		0.900769,
		-0.187921,
		0,
		1.211946,
		0.866806,
		-1.356043,
		1,
	},
	[1.13333333333] = {
		-0.768361,
		0.432588,
		0.471688,
		0,
		0.50621,
		-0.04021,
		0.861473,
		0,
		0.391629,
		0.900694,
		-0.188085,
		0,
		1.211854,
		0.866486,
		-1.35633,
		1,
	},
	[1.15] = {
		-0.76824,
		0.432728,
		0.471755,
		0,
		0.506334,
		-0.040175,
		0.861401,
		0,
		0.391705,
		0.900629,
		-0.188241,
		0,
		1.211752,
		0.866199,
		-1.356605,
		1,
	},
	[1.16666666667] = {
		-0.768132,
		0.432851,
		0.47182,
		0,
		0.506452,
		-0.040135,
		0.861333,
		0,
		0.391765,
		0.900572,
		-0.188389,
		0,
		1.211642,
		0.865943,
		-1.356866,
		1,
	},
	[1.18333333333] = {
		-0.768034,
		0.432956,
		0.471882,
		0,
		0.506565,
		-0.040093,
		0.861269,
		0,
		0.391811,
		0.900523,
		-0.188527,
		0,
		1.211529,
		0.865718,
		-1.357111,
		1,
	},
	[1.1] = {
		-0.768637,
		0.432251,
		0.471547,
		0,
		0.505951,
		-0.040261,
		0.861622,
		0,
		0.391422,
		0.900854,
		-0.187752,
		0,
		1.212024,
		0.867161,
		-1.355747,
		1,
	},
	[1.21666666667] = {
		-0.767872,
		0.433122,
		0.471993,
		0,
		0.506766,
		-0.040005,
		0.861155,
		0,
		0.391867,
		0.900447,
		-0.188773,
		0,
		1.211301,
		0.865354,
		-1.357547,
		1,
	},
	[1.23333333333] = {
		-0.767808,
		0.433184,
		0.472041,
		0,
		0.506853,
		-0.039962,
		0.861105,
		0,
		0.391881,
		0.900419,
		-0.188877,
		0,
		1.211193,
		0.865212,
		-1.357733,
		1,
	},
	[1.25] = {
		-0.767754,
		0.433234,
		0.472083,
		0,
		0.50693,
		-0.039922,
		0.861062,
		0,
		0.391888,
		0.900397,
		-0.188969,
		0,
		1.211093,
		0.865095,
		-1.357896,
		1,
	},
	[1.26666666667] = {
		-0.76771,
		0.433272,
		0.472119,
		0,
		0.506995,
		-0.039886,
		0.861026,
		0,
		0.391889,
		0.90038,
		-0.189046,
		0,
		1.211005,
		0.865003,
		-1.358034,
		1,
	},
	[1.28333333333] = {
		-0.767676,
		0.4333,
		0.472149,
		0,
		0.507048,
		-0.039856,
		0.860996,
		0,
		0.391887,
		0.900368,
		-0.189108,
		0,
		1.210931,
		0.864933,
		-1.358145,
		1,
	},
	[1.2] = {
		-0.767948,
		0.433046,
		0.47194,
		0,
		0.50667,
		-0.040049,
		0.86121,
		0,
		0.391844,
		0.900481,
		-0.188656,
		0,
		1.211414,
		0.865522,
		-1.357339,
		1,
	},
	[1.31666666667] = {
		-0.767638,
		0.433329,
		0.472183,
		0,
		0.507111,
		-0.039817,
		0.860961,
		0,
		0.39188,
		0.900356,
		-0.189181,
		0,
		1.210838,
		0.864857,
		-1.358276,
		1,
	},
	[1.33333333333] = {
		-0.767634,
		0.433332,
		0.472188,
		0,
		0.507119,
		-0.039812,
		0.860956,
		0,
		0.391879,
		0.900354,
		-0.18919,
		0,
		1.210825,
		0.864848,
		-1.358294,
		1,
	},
	[1.35] = {
		-0.767634,
		0.433332,
		0.472188,
		0,
		0.507119,
		-0.039812,
		0.860956,
		0,
		0.391879,
		0.900354,
		-0.18919,
		0,
		1.210825,
		0.864848,
		-1.358294,
		1,
	},
	[1.36666666667] = {
		-0.767634,
		0.433332,
		0.472188,
		0,
		0.507119,
		-0.039812,
		0.860956,
		0,
		0.391879,
		0.900354,
		-0.18919,
		0,
		1.210825,
		0.864848,
		-1.358294,
		1,
	},
	[1.38333333333] = {
		-0.767634,
		0.433332,
		0.472188,
		0,
		0.507119,
		-0.039812,
		0.860956,
		0,
		0.391879,
		0.900354,
		-0.18919,
		0,
		1.210825,
		0.864848,
		-1.358294,
		1,
	},
	[1.3] = {
		-0.767652,
		0.433319,
		0.47217,
		0,
		0.507087,
		-0.039832,
		0.860974,
		0,
		0.391884,
		0.90036,
		-0.189153,
		0,
		1.210874,
		0.864885,
		-1.358226,
		1,
	},
	[1.41666666667] = {
		-0.767634,
		0.433332,
		0.472188,
		0,
		0.507119,
		-0.039812,
		0.860956,
		0,
		0.391879,
		0.900354,
		-0.18919,
		0,
		1.210825,
		0.864848,
		-1.358294,
		1,
	},
	[1.43333333333] = {
		-0.767634,
		0.433332,
		0.472188,
		0,
		0.507119,
		-0.039812,
		0.860956,
		0,
		0.391879,
		0.900354,
		-0.18919,
		0,
		1.210825,
		0.864848,
		-1.358294,
		1,
	},
	[1.45] = {
		-0.767634,
		0.433332,
		0.472188,
		0,
		0.507119,
		-0.039812,
		0.860956,
		0,
		0.391879,
		0.900354,
		-0.18919,
		0,
		1.210825,
		0.864848,
		-1.358294,
		1,
	},
	[1.46666666667] = {
		-0.767634,
		0.433332,
		0.472188,
		0,
		0.507119,
		-0.039812,
		0.860956,
		0,
		0.391879,
		0.900354,
		-0.18919,
		0,
		1.210825,
		0.864848,
		-1.358294,
		1,
	},
	[1.48333333333] = {
		-0.767634,
		0.433332,
		0.472188,
		0,
		0.507119,
		-0.039812,
		0.860956,
		0,
		0.391879,
		0.900354,
		-0.18919,
		0,
		1.210825,
		0.864848,
		-1.358294,
		1,
	},
	[1.4] = {
		-0.767634,
		0.433332,
		0.472188,
		0,
		0.507119,
		-0.039812,
		0.860956,
		0,
		0.391879,
		0.900354,
		-0.18919,
		0,
		1.210825,
		0.864848,
		-1.358294,
		1,
	},
	[1.51666666667] = {
		-0.767634,
		0.433332,
		0.472188,
		0,
		0.507119,
		-0.039812,
		0.860956,
		0,
		0.391879,
		0.900354,
		-0.18919,
		0,
		1.210825,
		0.864848,
		-1.358294,
		1,
	},
	[1.53333333333] = {
		-0.767634,
		0.433332,
		0.472188,
		0,
		0.507119,
		-0.039812,
		0.860956,
		0,
		0.391879,
		0.900354,
		-0.18919,
		0,
		1.210825,
		0.864848,
		-1.358294,
		1,
	},
	[1.55] = {
		-0.767634,
		0.433332,
		0.472188,
		0,
		0.507119,
		-0.039812,
		0.860956,
		0,
		0.391879,
		0.900354,
		-0.18919,
		0,
		1.210825,
		0.864848,
		-1.358294,
		1,
	},
	[1.56666666667] = {
		-0.767634,
		0.433332,
		0.472188,
		0,
		0.507119,
		-0.039812,
		0.860956,
		0,
		0.391879,
		0.900354,
		-0.18919,
		0,
		1.210825,
		0.864848,
		-1.358294,
		1,
	},
	[1.58333333333] = {
		-0.767634,
		0.433332,
		0.472188,
		0,
		0.507119,
		-0.039812,
		0.860956,
		0,
		0.391879,
		0.900354,
		-0.18919,
		0,
		1.210825,
		0.864848,
		-1.358294,
		1,
	},
	[1.5] = {
		-0.767634,
		0.433332,
		0.472188,
		0,
		0.507119,
		-0.039812,
		0.860956,
		0,
		0.391879,
		0.900354,
		-0.18919,
		0,
		1.210825,
		0.864848,
		-1.358294,
		1,
	},
	[1.6] = {
		-0.767634,
		0.433332,
		0.472188,
		0,
		0.507119,
		-0.039812,
		0.860956,
		0,
		0.391879,
		0.900354,
		-0.18919,
		0,
		1.210825,
		0.864848,
		-1.358294,
		1,
	},
}

return spline_matrices
