-- chunkname: @content/characters/player/ogryn/first_person/animations/2h_axe/special.lua

local spline_matrices = {
	[0.0166666666667] = {
		0.438558,
		-0.838229,
		-0.324096,
		0,
		-0.044271,
		0.340038,
		-0.939369,
		0,
		0.897612,
		0.426316,
		0.112017,
		0,
		-0.664936,
		0.568485,
		-0.734553,
		1,
	},
	[0.0333333333333] = {
		0.497339,
		-0.792739,
		-0.352447,
		0,
		-0.126443,
		0.33568,
		-0.933451,
		0,
		0.858293,
		0.508806,
		0.066711,
		0,
		-0.666829,
		0.479059,
		-0.681404,
		1,
	},
	[0.05] = {
		0.577993,
		-0.718619,
		-0.386665,
		0,
		-0.235313,
		0.306931,
		-0.922183,
		0,
		0.781378,
		0.624003,
		0.008304,
		0,
		-0.668144,
		0.351949,
		-0.603281,
		1,
	},
	[0.0666666666667] = {
		0.665118,
		-0.619576,
		-0.416826,
		0,
		-0.342937,
		0.242413,
		-0.907541,
		0,
		0.663334,
		0.746567,
		-0.051243,
		0,
		-0.667857,
		0.205093,
		-0.508726,
		1,
	},
	[0.0833333333333] = {
		0.7445,
		-0.504775,
		-0.436945,
		0,
		-0.424118,
		0.147857,
		-0.893455,
		0,
		0.5156,
		0.850494,
		-0.104005,
		0,
		-0.665897,
		0.05652,
		-0.406054,
		1,
	},
	[0] = {
		0.416064,
		-0.853934,
		-0.312549,
		0,
		-0.012479,
		0.338317,
		-0.940949,
		0,
		0.909249,
		0.395396,
		0.130105,
		0,
		-0.663988,
		0.602294,
		-0.75415,
		1,
	},
	[0.116666666667] = {
		0.845988,
		-0.287456,
		-0.449081,
		0,
		-0.477545,
		-0.033828,
		-0.877956,
		0,
		0.237182,
		0.957196,
		-0.165892,
		0,
		-0.659781,
		-0.174169,
		-0.208929,
		1,
	},
	[0.133333333333] = {
		0.871468,
		-0.215609,
		-0.440517,
		0,
		-0.463351,
		-0.067505,
		-0.8836,
		0,
		0.160775,
		0.974144,
		-0.158731,
		0,
		-0.655313,
		-0.2223,
		-0.131291,
		1,
	},
	[0.15] = {
		0.878721,
		-0.170645,
		-0.445791,
		0,
		-0.460572,
		-0.057772,
		-0.88574,
		0,
		0.125393,
		0.983637,
		-0.12936,
		0,
		-0.649674,
		-0.236915,
		-0.05948,
		1,
	},
	[0.166666666667] = {
		0.865488,
		-0.139459,
		-0.481125,
		0,
		-0.489285,
		-0.02946,
		-0.871626,
		0,
		0.107382,
		0.98979,
		-0.093732,
		0,
		-0.639429,
		-0.247166,
		0.010213,
		1,
	},
	[0.183333333333] = {
		0.842901,
		-0.122522,
		-0.523933,
		0,
		-0.52724,
		0.006293,
		-0.849693,
		0,
		0.107403,
		0.992446,
		-0.059295,
		0,
		-0.623016,
		-0.253406,
		0.066307,
		1,
	},
	[0.1] = {
		0.80599,
		-0.388751,
		-0.446378,
		0,
		-0.466903,
		0.045998,
		-0.883111,
		0,
		0.363843,
		0.920194,
		-0.144435,
		0,
		-0.663171,
		-0.075602,
		-0.303245,
		1,
	},
	[0.216666666667] = {
		0.824795,
		-0.131149,
		-0.550012,
		0,
		-0.547518,
		0.057661,
		-0.834805,
		0,
		0.141198,
		0.989684,
		-0.024247,
		0,
		-0.579812,
		-0.254215,
		0.123239,
		1,
	},
	[0.233333333333] = {
		0.857421,
		-0.146838,
		-0.493221,
		0,
		-0.491243,
		0.052018,
		-0.869468,
		0,
		0.153328,
		0.987792,
		-0.027532,
		0,
		-0.557247,
		-0.248826,
		0.117139,
		1,
	},
	[0.25] = {
		0.91262,
		-0.166064,
		-0.373559,
		0,
		-0.374647,
		0.025931,
		-0.926805,
		0,
		0.163596,
		0.985774,
		-0.03855,
		0,
		-0.515054,
		-0.073616,
		0.075175,
		1,
	},
	[0.266666666667] = {
		0.958118,
		-0.186111,
		-0.21765,
		0,
		-0.223127,
		-0.008742,
		-0.97475,
		0,
		0.179509,
		0.98249,
		-0.049902,
		0,
		-0.441856,
		0.302081,
		0.00362,
		1,
	},
	[0.283333333333] = {
		0.982049,
		-0.180513,
		-0.054722,
		0,
		-0.062639,
		-0.038446,
		-0.997295,
		0,
		0.177921,
		0.982821,
		-0.049063,
		0,
		-0.367992,
		0.6702,
		-0.067342,
		1,
	},
	[0.2] = {
		0.824262,
		-0.119929,
		-0.553361,
		0,
		-0.553026,
		0.039137,
		-0.832244,
		0,
		0.121467,
		0.992011,
		-0.034065,
		0,
		-0.602315,
		-0.256141,
		0.104998,
		1,
	},
	[0.316666666667] = {
		0.989421,
		-0.144179,
		0.016052,
		0,
		0.00758,
		-0.059121,
		-0.998222,
		0,
		0.144871,
		0.987784,
		-0.057402,
		0,
		-0.240306,
		0.824372,
		-0.12011,
		1,
	},
	[0.333333333333] = {
		0.991194,
		-0.118766,
		-0.05856,
		0,
		-0.064804,
		-0.049409,
		-0.996674,
		0,
		0.115478,
		0.991692,
		-0.05667,
		0,
		-0.19565,
		0.805189,
		-0.134272,
		1,
	},
	[0.35] = {
		0.995352,
		-0.091604,
		-0.029729,
		0,
		-0.03177,
		-0.020909,
		-0.999276,
		0,
		0.090916,
		0.995576,
		-0.023722,
		0,
		-0.205367,
		0.79269,
		-0.126676,
		1,
	},
	[0.366666666667] = {
		0.997257,
		-0.071688,
		-0.018407,
		0,
		-0.017915,
		0.007507,
		-0.999811,
		0,
		0.071813,
		0.997399,
		0.006202,
		0,
		-0.221934,
		0.779607,
		-0.11786,
		1,
	},
	[0.383333333333] = {
		0.997449,
		-0.063363,
		-0.032863,
		0,
		-0.031813,
		0.017501,
		-0.999341,
		0,
		0.063897,
		0.997837,
		0.015441,
		0,
		-0.22455,
		0.762104,
		-0.116928,
		1,
	},
	[0.3] = {
		0.984176,
		-0.163747,
		0.067706,
		0,
		0.059268,
		-0.055885,
		-0.996677,
		0,
		0.166986,
		0.984918,
		-0.045295,
		0,
		-0.309612,
		0.835978,
		-0.102365,
		1,
	},
	[0.416666666667] = {
		0.992667,
		-0.054735,
		-0.107783,
		0,
		-0.107097,
		0.015319,
		-0.994131,
		0,
		0.056065,
		0.998383,
		0.009345,
		0,
		-0.227332,
		0.721905,
		-0.114545,
		1,
	},
	[0.433333333333] = {
		0.988669,
		-0.052564,
		-0.140608,
		0,
		-0.140183,
		0.011707,
		-0.990056,
		0,
		0.053687,
		0.998549,
		0.004206,
		0,
		-0.228768,
		0.704426,
		-0.114268,
		1,
	},
	[0.45] = {
		0.987521,
		-0.050644,
		-0.14912,
		0,
		-0.148746,
		0.011094,
		-0.988813,
		0,
		0.051732,
		0.998655,
		0.003423,
		0,
		-0.231124,
		0.692112,
		-0.116612,
		1,
	},
	[0.466666666667] = {
		0.988958,
		-0.048806,
		-0.139932,
		0,
		-0.139474,
		0.012688,
		-0.990144,
		0,
		0.0501,
		0.998728,
		0.005741,
		0,
		-0.234811,
		0.682537,
		-0.120799,
		1,
	},
	[0.483333333333] = {
		0.990329,
		-0.047053,
		-0.130513,
		0,
		-0.12998,
		0.014225,
		-0.991415,
		0,
		0.048506,
		0.998791,
		0.007972,
		0,
		-0.239318,
		0.670788,
		-0.125391,
		1,
	},
	[0.4] = {
		0.99607,
		-0.057742,
		-0.067166,
		0,
		-0.066153,
		0.019271,
		-0.997623,
		0,
		0.058899,
		0.998146,
		0.015376,
		0,
		-0.226286,
		0.741939,
		-0.115234,
		1,
	},
	[0.516666666667] = {
		0.993002,
		-0.041718,
		-0.110484,
		0,
		-0.109827,
		0.017723,
		-0.993793,
		0,
		0.043417,
		0.998972,
		0.013018,
		0,
		-0.24913,
		0.63638,
		-0.13878,
		1,
	},
	[0.533333333333] = {
		0.99429,
		-0.037376,
		-0.099948,
		0,
		-0.099252,
		0.020058,
		-0.99486,
		0,
		0.039188,
		0.9991,
		0.016234,
		0,
		-0.254884,
		0.61162,
		-0.147896,
		1,
	},
	[0.55] = {
		0.995568,
		-0.031365,
		-0.088655,
		0,
		-0.087919,
		0.024106,
		-0.995836,
		0,
		0.033372,
		0.999217,
		0.021242,
		0,
		-0.261726,
		0.581918,
		-0.159547,
		1,
	},
	[0.566666666667] = {
		0.996884,
		-0.023429,
		-0.075317,
		0,
		-0.074586,
		0.030652,
		-0.996743,
		0,
		0.025661,
		0.999255,
		0.028809,
		0,
		-0.269953,
		0.548696,
		-0.174168,
		1,
	},
	[0.583333333333] = {
		0.998126,
		-0.012855,
		-0.05982,
		0,
		-0.059275,
		0.039312,
		-0.997467,
		0,
		0.015174,
		0.999144,
		0.038477,
		0,
		-0.279526,
		0.512428,
		-0.191513,
		1,
	},
	[0.5] = {
		0.991679,
		-0.044817,
		-0.120683,
		0,
		-0.120084,
		0.015841,
		-0.992637,
		0,
		0.046399,
		0.99887,
		0.010327,
		0,
		-0.244019,
		0.655752,
		-0.131331,
		1,
	},
	[0.616666666667] = {
		0.999576,
		0.016938,
		-0.023697,
		0,
		-0.024713,
		0.06248,
		-0.99774,
		0,
		-0.015419,
		0.997902,
		0.062873,
		0,
		-0.30209,
		0.432853,
		-0.233064,
		1,
	},
	[0.633333333333] = {
		0.999404,
		0.034451,
		-0.002275,
		0,
		-0.004894,
		0.076132,
		-0.997086,
		0,
		-0.034177,
		0.996502,
		0.076256,
		0,
		-0.314309,
		0.390672,
		-0.256658,
		1,
	},
	[0.65] = {
		0.998466,
		0.05365,
		0.013674,
		0,
		0.008786,
		0.090312,
		-0.995875,
		0,
		-0.054664,
		0.994467,
		0.089702,
		0,
		-0.326864,
		0.347601,
		-0.2816,
		1,
	},
	[0.666666666667] = {
		0.997019,
		0.075146,
		0.017474,
		0,
		0.00961,
		0.103764,
		-0.994556,
		0,
		-0.07655,
		0.991759,
		0.102733,
		0,
		-0.339605,
		0.304168,
		-0.307466,
		1,
	},
	[0.683333333333] = {
		0.995036,
		0.098895,
		0.011059,
		0,
		-0.00043,
		0.115403,
		-0.993319,
		0,
		-0.09951,
		0.988383,
		0.114873,
		0,
		-0.352384,
		0.260913,
		-0.333851,
		1,
	},
	[0.6] = {
		0.999086,
		0.00086,
		-0.042745,
		0,
		-0.042734,
		0.050038,
		-0.997833,
		0,
		0.001281,
		0.998747,
		0.050029,
		0,
		-0.290361,
		0.473629,
		-0.211259,
		1,
	},
	[0.716666666667] = {
		0.988064,
		0.152005,
		-0.024972,
		0,
		-0.044921,
		0.129256,
		-0.990593,
		0,
		-0.147347,
		0.979892,
		0.134541,
		0,
		-0.37748,
		0.177121,
		-0.386667,
		1,
	},
	[0.733333333333] = {
		0.982301,
		0.180216,
		-0.051061,
		0,
		-0.07518,
		0.129649,
		-0.988706,
		0,
		-0.171561,
		0.975045,
		0.140903,
		0,
		-0.389524,
		0.137592,
		-0.412405,
		1,
	},
	[0.75] = {
		0.974743,
		0.208395,
		-0.080297,
		0,
		-0.107947,
		0.124882,
		-0.986282,
		0,
		-0.195509,
		0.970039,
		0.144223,
		0,
		-0.401055,
		0.100303,
		-0.437213,
		1,
	},
	[0.766666666667] = {
		0.96551,
		0.235483,
		-0.11108,
		0,
		-0.141116,
		0.114752,
		-0.98332,
		0,
		-0.218808,
		0.96508,
		0.144025,
		0,
		-0.411949,
		0.065746,
		-0.460714,
		1,
	},
	[0.783333333333] = {
		0.955043,
		0.260355,
		-0.141802,
		0,
		-0.172601,
		0.099403,
		-0.979963,
		0,
		-0.241043,
		0.960382,
		0.139871,
		0,
		-0.422054,
		0.034411,
		-0.482543,
		1,
	},
	[0.7] = {
		0.992192,
		0.124666,
		-0.003692,
		0,
		-0.019299,
		0.124223,
		-0.992067,
		0,
		-0.123218,
		0.984392,
		0.125659,
		0,
		-0.365055,
		0.218389,
		-0.360369,
		1,
	},
	[0.816666666667] = {
		0.933492,
		0.301172,
		-0.19465,
		0,
		-0.220284,
		0.053287,
		-0.973979,
		0,
		-0.282963,
		0.95208,
		0.116087,
		0,
		-0.43953,
		-0.018686,
		-0.521869,
		1,
	},
	[0.833333333333] = {
		0.924128,
		0.318648,
		-0.210832,
		0,
		-0.229179,
		0.020765,
		-0.973163,
		0,
		-0.305718,
		0.947646,
		0.092217,
		0,
		-0.447249,
		-0.043761,
		-0.543011,
		1,
	},
	[0.85] = {
		0.917039,
		0.332971,
		-0.219474,
		0,
		-0.227116,
		-0.016321,
		-0.973731,
		0,
		-0.327806,
		0.942796,
		0.060656,
		0,
		-0.454332,
		-0.068319,
		-0.565557,
		1,
	},
	[0.866666666667] = {
		0.912984,
		0.343377,
		-0.220344,
		0,
		-0.214368,
		-0.055789,
		-0.975159,
		0,
		-0.34714,
		0.937539,
		0.022675,
		0,
		-0.460752,
		-0.092238,
		-0.589294,
		1,
	},
	[0.883333333333] = {
		0.914557,
		0.343604,
		-0.21336,
		0,
		-0.193781,
		-0.090782,
		-0.976835,
		0,
		-0.355014,
		0.934716,
		-0.016441,
		0,
		-0.46648,
		-0.1154,
		-0.614007,
		1,
	},
	[0.8] = {
		0.944105,
		0.281912,
		-0.170854,
		0,
		-0.200399,
		0.079313,
		-0.976499,
		0,
		-0.261736,
		0.956156,
		0.131375,
		0,
		-0.431203,
		0.006781,
		-0.50234,
		1,
	},
	[0.916666666667] = {
		0.93584,
		0.309953,
		-0.167726,
		0,
		-0.13362,
		-0.128328,
		-0.982689,
		0,
		-0.326112,
		0.942051,
		-0.078678,
		0,
		-0.475722,
		-0.159017,
		-0.665494,
		1,
	},
	[0.933333333333] = {
		0.950437,
		0.284909,
		-0.124481,
		0,
		-0.09001,
		-0.131091,
		-0.987276,
		0,
		-0.297602,
		0.949548,
		-0.098949,
		0,
		-0.479125,
		-0.179252,
		-0.691859,
		1,
	},
	[0.95] = {
		0.963655,
		0.25887,
		-0.065998,
		0,
		-0.034251,
		-0.125288,
		-0.991529,
		0,
		-0.264946,
		0.957752,
		-0.111868,
		0,
		-0.481656,
		-0.198251,
		-0.718359,
		1,
	},
	[0.966666666667] = {
		0.972402,
		0.233308,
		-0.000867,
		0,
		0.026863,
		-0.115649,
		-0.992927,
		0,
		-0.231758,
		0.965501,
		-0.118725,
		0,
		-0.48328,
		-0.215867,
		-0.744782,
		1,
	},
	[0.983333333333] = {
		0.975938,
		0.209555,
		0.060264,
		0,
		0.08411,
		-0.106805,
		-0.990716,
		0,
		-0.201173,
		0.971946,
		-0.121861,
		0,
		-0.48397,
		-0.231957,
		-0.770909,
		1,
	},
	[0.9] = {
		0.922943,
		0.330879,
		-0.196714,
		0,
		-0.16742,
		-0.115122,
		-0.979141,
		0,
		-0.346623,
		0.936625,
		-0.050855,
		0,
		-0.471487,
		-0.137692,
		-0.639477,
		1,
	},
	[1.01666666667] = {
		0.971472,
		0.176838,
		0.158023,
		0,
		0.17774,
		-0.101762,
		-0.978802,
		0,
		-0.157009,
		0.978965,
		-0.13029,
		0,
		-0.482465,
		-0.258994,
		-0.821396,
		1,
	},
	[1.03333333333] = {
		0.96686,
		0.172434,
		0.188278,
		0,
		0.208968,
		-0.110809,
		-0.971624,
		0,
		-0.146679,
		0.978769,
		-0.14317,
		0,
		-0.480239,
		-0.269665,
		-0.845308,
		1,
	},
	[1.05] = {
		0.962857,
		0.171552,
		0.208511,
		0,
		0.231006,
		-0.12356,
		-0.965075,
		0,
		-0.139797,
		0.977396,
		-0.1586,
		0,
		-0.477108,
		-0.278163,
		-0.867954,
		1,
	},
	[1.06666666667] = {
		0.959958,
		0.167524,
		0.224534,
		0,
		0.247769,
		-0.133692,
		-0.95955,
		0,
		-0.13073,
		0.976761,
		-0.169846,
		0,
		-0.473163,
		-0.284257,
		-0.889026,
		1,
	},
	[1.08333333333] = {
		0.958212,
		0.1604,
		0.236858,
		0,
		0.259815,
		-0.141547,
		-0.955228,
		0,
		-0.119692,
		0.97685,
		-0.177306,
		0,
		-0.468412,
		-0.287811,
		-0.90829,
		1,
	},
	{
		0.975114,
		0.189965,
		0.114303,
		0,
		0.135268,
		-0.101298,
		-0.985617,
		0,
		-0.175654,
		0.976551,
		-0.124473,
		0,
		-0.483705,
		-0.246379,
		-0.796522,
		1,
	},
	[1.11666666667] = {
		0.957893,
		0.13703,
		0.252315,
		0,
		0.272009,
		-0.151719,
		-0.950259,
		0,
		-0.091933,
		0.978879,
		-0.182604,
		0,
		-0.456543,
		-0.287429,
		-0.940471,
		1,
	},
	[1.13333333333] = {
		0.958998,
		0.120851,
		0.256354,
		0,
		0.273283,
		-0.154651,
		-0.949421,
		0,
		-0.075093,
		0.98055,
		-0.181337,
		0,
		-0.449422,
		-0.282319,
		-0.952897,
		1,
	},
	[1.15] = {
		0.960636,
		0.101713,
		0.258521,
		0,
		0.272086,
		-0.156541,
		-0.949455,
		0,
		-0.056103,
		0.98242,
		-0.178054,
		0,
		-0.441447,
		-0.269888,
		-0.962456,
		1,
	},
	[1.16666666667] = {
		0.96252,
		0.079639,
		0.259254,
		0,
		0.26897,
		-0.157673,
		-0.950155,
		0,
		-0.034792,
		0.984275,
		-0.173184,
		0,
		-0.432578,
		-0.24666,
		-0.968821,
		1,
	},
	[1.18333333333] = {
		0.964328,
		0.054768,
		0.258984,
		0,
		0.264477,
		-0.158152,
		-0.951336,
		0,
		-0.011144,
		0.985895,
		-0.166995,
		0,
		-0.422772,
		-0.209089,
		-0.971695,
		1,
	},
	[1.1] = {
		0.957567,
		0.150223,
		0.245965,
		0,
		0.267706,
		-0.147451,
		-0.952151,
		0,
		-0.106767,
		0.977595,
		-0.18141,
		0,
		-0.462864,
		-0.288692,
		-0.925509,
		1,
	},
	[1.21666666667] = {
		0.968039,
		-0.007387,
		0.250689,
		0,
		0.246493,
		-0.156384,
		-0.956444,
		0,
		0.046269,
		0.987669,
		-0.149565,
		0,
		-0.398955,
		-0.074513,
		-0.963676,
		1,
	},
	[1.23333333333] = {
		0.971414,
		-0.051605,
		0.231714,
		0,
		0.22174,
		-0.151298,
		-0.963296,
		0,
		0.084769,
		0.98714,
		-0.13553,
		0,
		-0.382683,
		0.026212,
		-0.94941,
		1,
	},
	[1.25] = {
		0.973787,
		-0.102054,
		0.203282,
		0,
		0.18802,
		-0.141809,
		-0.971874,
		0,
		0.128011,
		0.984619,
		-0.118903,
		0,
		-0.363933,
		0.140387,
		-0.929567,
		1,
	},
	[1.26666666667] = {
		0.973502,
		-0.155368,
		0.167791,
		0,
		0.148748,
		-0.127068,
		-0.980677,
		0,
		0.173687,
		0.97965,
		-0.10059,
		0,
		-0.343432,
		0.259845,
		-0.905717,
		1,
	},
	[1.28333333333] = {
		0.969685,
		-0.208151,
		0.128002,
		0,
		0.107629,
		-0.106465,
		-0.988474,
		0,
		0.21938,
		0.972285,
		-0.080834,
		0,
		-0.321628,
		0.376419,
		-0.879662,
		1,
	},
	[1.2] = {
		0.965726,
		0.027275,
		0.258126,
		0,
		0.25914,
		-0.158056,
		-0.952819,
		0,
		0.01481,
		0.987053,
		-0.159706,
		0,
		-0.412,
		-0.153622,
		-0.970781,
		1,
	},
	[1.31666666667] = {
		0.953028,
		-0.299209,
		0.047028,
		0,
		0.034832,
		-0.045968,
		-0.998335,
		0,
		0.300873,
		0.95308,
		-0.033387,
		0,
		-0.275749,
		0.568233,
		-0.828143,
		1,
	},
	[1.33333333333] = {
		0.943386,
		-0.33151,
		0.011122,
		0,
		0.00995,
		-0.005232,
		-0.999937,
		0,
		0.331547,
		0.943437,
		-0.001637,
		0,
		-0.252417,
		0.627127,
		-0.806259,
		1,
	},
	[1.35] = {
		0.933834,
		-0.356973,
		-0.022903,
		0,
		-0.009074,
		0.040367,
		-0.999144,
		0,
		0.357592,
		0.933242,
		0.034457,
		0,
		-0.229128,
		0.668443,
		-0.78525,
		1,
	},
	[1.36666666667] = {
		0.922933,
		-0.380536,
		-0.058206,
		0,
		-0.026628,
		0.08773,
		-0.995788,
		0,
		0.384039,
		0.920595,
		0.070836,
		0,
		-0.206072,
		0.707473,
		-0.762103,
		1,
	},
	[1.38333333333] = {
		0.91058,
		-0.402421,
		-0.094353,
		0,
		-0.042326,
		0.136289,
		-0.989764,
		0,
		0.411161,
		0.905253,
		0.107069,
		0,
		-0.183598,
		0.744244,
		-0.737529,
		1,
	},
	[1.3] = {
		0.96247,
		-0.257128,
		0.086816,
		0,
		0.06845,
		-0.079556,
		-0.994477,
		0,
		0.262615,
		0.963097,
		-0.05897,
		0,
		-0.298939,
		0.481939,
		-0.853206,
		1,
	},
	[1.41666666667] = {
		0.881224,
		-0.442032,
		-0.167485,
		0,
		-0.066589,
		0.2347,
		-0.969785,
		0,
		0.467984,
		0.86575,
		0.177388,
		0,
		-0.141788,
		0.811108,
		-0.686951,
		1,
	},
	[1.43333333333] = {
		0.864154,
		-0.460181,
		-0.203645,
		0,
		-0.0744,
		0.283398,
		-0.956112,
		0,
		0.497698,
		0.841379,
		0.210662,
		0,
		-0.123151,
		0.841244,
		-0.662369,
		1,
	},
	[1.45] = {
		0.845502,
		-0.477498,
		-0.239001,
		0,
		-0.078875,
		0.330998,
		-0.940329,
		0,
		0.528114,
		0.813902,
		0.242197,
		0,
		-0.106495,
		0.86921,
		-0.639208,
		1,
	},
	[1.46666666667] = {
		0.825329,
		-0.494177,
		-0.27317,
		0,
		-0.079731,
		0.376942,
		-0.922799,
		0,
		0.558995,
		0.783392,
		0.2717,
		0,
		-0.092168,
		0.895022,
		-0.618177,
		1,
	},
	[1.48333333333] = {
		0.803732,
		-0.510404,
		-0.305784,
		0,
		-0.076751,
		0.420697,
		-0.903949,
		0,
		0.590021,
		0.750002,
		0.298953,
		0,
		-0.080524,
		0.918693,
		-0.599988,
		1,
	},
	[1.4] = {
		0.896694,
		-0.422848,
		-0.130919,
		0,
		-0.055775,
		0.185471,
		-0.981065,
		0,
		0.439123,
		0.887017,
		0.142727,
		0,
		-0.162053,
		0.778781,
		-0.712241,
		1,
	},
	[1.51666666667] = {
		0.756848,
		-0.542198,
		-0.364969,
		0,
		-0.058806,
		0.499651,
		-0.864228,
		0,
		0.650941,
		0.675551,
		0.346275,
		0,
		-0.066688,
		0.959647,
		-0.574972,
		1,
	},
	[1.53333333333] = {
		0.731933,
		-0.558091,
		-0.390907,
		0,
		-0.04382,
		0.53396,
		-0.844374,
		0,
		0.679966,
		0.635155,
		0.366368,
		0,
		-0.0652,
		0.976937,
		-0.569566,
		1,
	},
	[1.55] = {
		0.706331,
		-0.574178,
		-0.414025,
		0,
		-0.024963,
		0.564311,
		-0.825185,
		0,
		0.707441,
		0.593189,
		0.384258,
		0,
		-0.06685,
		0.992044,
		-0.567176,
		1,
	},
	[1.56666666667] = {
		0.680284,
		-0.590591,
		-0.434068,
		0,
		-0.002444,
		0.590392,
		-0.807113,
		0,
		0.732944,
		0.550127,
		0.400191,
		0,
		-0.07071,
		1.004912,
		-0.565353,
		1,
	},
	[1.58333333333] = {
		0.654148,
		-0.607606,
		-0.45045,
		0,
		0.023703,
		0.61172,
		-0.790719,
		0,
		0.755995,
		0.506571,
		0.414557,
		0,
		-0.076439,
		1.015379,
		-0.564379,
		1,
	},
	[1.5] = {
		0.780848,
		-0.526355,
		-0.336493,
		0,
		-0.069794,
		0.461756,
		-0.884257,
		0,
		0.620811,
		0.713955,
		0.323824,
		0,
		-0.071913,
		0.940233,
		-0.585349,
		1,
	},
	[1.61666666667] = {
		0.602851,
		-0.644165,
		-0.470768,
		0,
		0.08595,
		0.639042,
		-0.764355,
		0,
		0.793211,
		0.42033,
		0.440613,
		0,
		-0.092508,
		1.028823,
		-0.565479,
		1,
	},
	[1.63333333333] = {
		0.57808,
		-0.66374,
		-0.474629,
		0,
		0.121106,
		0.645015,
		-0.754512,
		0,
		0.806943,
		0.378688,
		0.453254,
		0,
		-0.102679,
		1.031925,
		-0.567268,
		1,
	},
	[1.65] = {
		0.554085,
		-0.68415,
		-0.474267,
		0,
		0.158321,
		0.645923,
		-0.746805,
		0,
		0.817266,
		0.338707,
		0.466211,
		0,
		-0.114159,
		1.032698,
		-0.569678,
		1,
	},
	[1.66666666667] = {
		0.530942,
		-0.705338,
		-0.46968,
		0,
		0.197145,
		0.641859,
		-0.741047,
		0,
		0.824157,
		0.300858,
		0.479843,
		0,
		-0.126865,
		1.031206,
		-0.572547,
		1,
	},
	[1.68333333333] = {
		0.508659,
		-0.727222,
		-0.460884,
		0,
		0.237166,
		0.63295,
		-0.736972,
		0,
		0.827658,
		0.265562,
		0.494428,
		0,
		-0.140713,
		1.027796,
		-0.575709,
		1,
	},
	[1.6] = {
		0.628266,
		-0.625454,
		-0.462698,
		0,
		0.053323,
		0.627948,
		-0.776427,
		0,
		0.776169,
		0.46313,
		0.427869,
		0,
		-0.083733,
		1.023328,
		-0.564467,
		1,
	},
	[1.71666666667] = {
		0.44763,
		-0.793981,
		-0.411366,
		0,
		0.332344,
		0.574793,
		-0.747771,
		0,
		0.830165,
		0.19801,
		0.521169,
		0,
		-0.171516,
		1.016796,
		-0.582236,
		1,
	},
	[1.73333333333] = {
		0.3841,
		-0.855315,
		-0.347712,
		0,
		0.393995,
		0.492429,
		-0.776068,
		0,
		0.835006,
		0.161091,
		0.526132,
		0,
		-0.188308,
		1.00965,
		-0.585265,
		1,
	},
	[1.75] = {
		0.321246,
		-0.902973,
		-0.285379,
		0,
		0.439292,
		0.409059,
		-0.799808,
		0,
		0.838942,
		0.13157,
		0.528077,
		0,
		-0.20592,
		1.001704,
		-0.587912,
		1,
	},
	[1.76666666667] = {
		0.291203,
		-0.921291,
		-0.25773,
		0,
		0.454105,
		0.370236,
		-0.810379,
		0,
		0.842015,
		0.118948,
		0.526176,
		0,
		-0.224272,
		0.993186,
		-0.590008,
		1,
	},
	[1.78333333333] = {
		0.288757,
		-0.921426,
		-0.259988,
		0,
		0.447595,
		0.369976,
		-0.814111,
		0,
		0.846332,
		0.118711,
		0.519259,
		0,
		-0.24326,
		0.984261,
		-0.596023,
		1,
	},
	[1.7] = {
		0.48717,
		-0.749696,
		-0.447907,
		0,
		0.278017,
		0.619341,
		-0.73425,
		0,
		0.827872,
		0.233179,
		0.510153,
		0,
		-0.155624,
		1.022919,
		-0.578994,
		1,
	},
	[1.81666666667] = {
		0.283474,
		-0.92016,
		-0.270088,
		0,
		0.424109,
		0.372893,
		-0.825277,
		0,
		0.860101,
		0.119398,
		0.495954,
		0,
		-0.282395,
		0.965902,
		-0.625903,
		1,
	},
	[1.83333333333] = {
		0.280197,
		-0.919124,
		-0.27695,
		0,
		0.409618,
		0.375401,
		-0.831437,
		0,
		0.868161,
		0.119522,
		0.481676,
		0,
		-0.301685,
		0.956751,
		-0.645241,
		1,
	},
	[1.85] = {
		0.276519,
		-0.917909,
		-0.28457,
		0,
		0.393914,
		0.378358,
		-0.837661,
		0,
		0.876567,
		0.119533,
		0.466201,
		0,
		-0.320625,
		0.947839,
		-0.664287,
		1,
	},
	[1.86666666667] = {
		0.272538,
		-0.916549,
		-0.292679,
		0,
		0.377406,
		0.381653,
		-0.843745,
		0,
		0.885036,
		0.119494,
		0.449926,
		0,
		-0.339177,
		0.939332,
		-0.680554,
		1,
	},
	[1.88333333333] = {
		0.268374,
		-0.91508,
		-0.301004,
		0,
		0.36051,
		0.385168,
		-0.849516,
		0,
		0.893313,
		0.119473,
		0.433265,
		0,
		-0.357287,
		0.931372,
		-0.691556,
		1,
	},
	[1.8] = {
		0.286269,
		-0.920989,
		-0.264252,
		0,
		0.43699,
		0.370938,
		-0.819418,
		0,
		0.852696,
		0.119099,
		0.508651,
		0,
		-0.262781,
		0.97511,
		-0.608762,
		1,
	},
	[1.91666666667] = {
		0.260081,
		-0.911995,
		-0.317211,
		0,
		0.327279,
		0.39233,
		-0.859631,
		0,
		0.90843,
		0.119757,
		0.400515,
		0,
		-0.391881,
		0.917498,
		-0.692976,
		1,
	},
	[1.93333333333] = {
		0.256295,
		-0.910484,
		-0.324549,
		0,
		0.311821,
		0.395692,
		-0.863826,
		0,
		0.914921,
		0.120193,
		0.385322,
		0,
		-0.408173,
		0.911678,
		-0.690459,
		1,
	},
	[1.95] = {
		0.253002,
		-0.909076,
		-0.331016,
		0,
		0.297727,
		0.398703,
		-0.867407,
		0,
		0.920516,
		0.120903,
		0.371528,
		0,
		-0.423682,
		0.906697,
		-0.687373,
		1,
	},
	[1.96666666667] = {
		0.250405,
		-0.907838,
		-0.336344,
		0,
		0.285444,
		0.401199,
		-0.87038,
		0,
		0.925105,
		0.12194,
		0.359599,
		0,
		-0.438322,
		0.902628,
		-0.683835,
		1,
	},
	[1.98333333333] = {
		0.248706,
		-0.906843,
		-0.340267,
		0,
		0.275423,
		0.403016,
		-0.872766,
		0,
		0.928594,
		0.123345,
		0.349998,
		0,
		-0.45201,
		0.899542,
		-0.679961,
		1,
	},
	[1.9] = {
		0.264168,
		-0.913546,
		-0.309272,
		0,
		0.343657,
		0.388773,
		-0.854843,
		0,
		0.901175,
		0.119539,
		0.416647,
		0,
		-0.374887,
		0.924076,
		-0.694808,
		1,
	},
	[2.01666666667] = {
		0.248731,
		-0.906083,
		-0.342267,
		0,
		0.263743,
		0.403379,
		-0.876199,
		0,
		0.931972,
		0.127667,
		0.339306,
		0,
		-0.476164,
		0.895998,
		-0.67162,
		1,
	},
	[2.03333333333] = {
		0.250154,
		-0.906734,
		-0.339496,
		0,
		0.261236,
		0.400849,
		-0.878109,
		0,
		0.932298,
		0.130974,
		0.337145,
		0,
		-0.486328,
		0.894452,
		-0.667249,
		1,
	},
	[2.05] = {
		0.251663,
		-0.907939,
		-0.335131,
		0,
		0.259114,
		0.396845,
		-0.880554,
		0,
		0.932484,
		0.134766,
		0.33513,
		0,
		-0.494959,
		0.892866,
		-0.662852,
		1,
	},
	[2.06666666667] = {
		0.252593,
		-0.909519,
		-0.330109,
		0,
		0.255871,
		0.391816,
		-0.883748,
		0,
		0.933127,
		0.138764,
		0.331689,
		0,
		-0.501867,
		0.891245,
		-0.658524,
		1,
	},
	[2.08333333333] = {
		0.253201,
		-0.911304,
		-0.324676,
		0,
		0.252342,
		0.386208,
		-0.887224,
		0,
		0.933923,
		0.142716,
		0.327749,
		0,
		-0.507689,
		0.8896,
		-0.654359,
		1,
	},
	{
		0.2481,
		-0.906162,
		-0.342515,
		0,
		0.268116,
		0.403989,
		-0.874589,
		0,
		0.930892,
		0.125152,
		0.343187,
		0,
		-0.464662,
		0.897505,
		-0.675871,
		1,
	},
	[2.11666666667] = {
		0.25548,
		-0.914843,
		-0.312718,
		0,
		0.250626,
		0.375062,
		-0.892477,
		0,
		0.933765,
		0.149635,
		0.325105,
		0,
		-0.518257,
		0.88627,
		-0.646893,
		1,
	},
	[2.13333333333] = {
		0.257231,
		-0.916281,
		-0.30702,
		0,
		0.252834,
		0.370458,
		-0.893776,
		0,
		0.932688,
		0.152281,
		0.326961,
		0,
		-0.522915,
		0.884564,
		-0.643784,
		1,
	},
	[2.15] = {
		0.259486,
		-0.917266,
		-0.302143,
		0,
		0.257329,
		0.36722,
		-0.89383,
		0,
		0.930832,
		0.154186,
		0.331327,
		0,
		-0.527106,
		0.882907,
		-0.641121,
		1,
	},
	[2.16666666667] = {
		0.262348,
		-0.917611,
		-0.298603,
		0,
		0.264269,
		0.365932,
		-0.892332,
		0,
		0.928082,
		0.15519,
		0.338498,
		0,
		-0.530795,
		0.881396,
		-0.638882,
		1,
	},
	[2.18333333333] = {
		0.265206,
		-0.917625,
		-0.296024,
		0,
		0.272571,
		0.365846,
		-0.889866,
		0,
		0.924863,
		0.15531,
		0.347142,
		0,
		-0.533946,
		0.880069,
		-0.637123,
		1,
	},
	[2.1] = {
		0.254155,
		-0.913132,
		-0.318739,
		0,
		0.250526,
		0.380468,
		-0.890214,
		0,
		0.934153,
		0.1464,
		0.325461,
		0,
		-0.513167,
		0.887946,
		-0.65045,
		1,
	},
	[2.21666666667] = {
		0.268422,
		-0.917898,
		-0.292253,
		0,
		0.287844,
		0.365953,
		-0.885,
		0,
		0.919291,
		0.15343,
		0.362441,
		0,
		-0.538642,
		0.878022,
		-0.635286,
		1,
	},
	[2.23333333333] = {
		0.268733,
		-0.918088,
		-0.29137,
		0,
		0.293492,
		0.36616,
		-0.883057,
		0,
		0.917412,
		0.151791,
		0.367851,
		0,
		-0.54044,
		0.877174,
		-0.635327,
		1,
	},
	[2.25] = {
		0.268351,
		-0.918296,
		-0.291069,
		0,
		0.297937,
		0.366454,
		-0.881445,
		0,
		0.91609,
		0.149816,
		0.371933,
		0,
		-0.541947,
		0.876412,
		-0.635834,
		1,
	},
	[2.26666666667] = {
		0.267582,
		-0.918517,
		-0.291079,
		0,
		0.301945,
		0.366813,
		-0.87993,
		0,
		0.915002,
		0.147564,
		0.375495,
		0,
		-0.543187,
		0.87573,
		-0.636551,
		1,
	},
	[2.28333333333] = {
		0.266492,
		-0.918747,
		-0.291351,
		0,
		0.305536,
		0.367219,
		-0.87852,
		0,
		0.914128,
		0.145101,
		0.378571,
		0,
		-0.544185,
		0.875124,
		-0.637438,
		1,
	},
	[2.2] = {
		0.267245,
		-0.91773,
		-0.293856,
		0,
		0.280648,
		0.365853,
		-0.887349,
		0,
		0.921855,
		0.15467,
		0.355332,
		0,
		-0.536526,
		0.878961,
		-0.635905,
		1,
	},
	[2.31666666667] = {
		0.263605,
		-0.919218,
		-0.292491,
		0,
		0.311543,
		0.368093,
		-0.876041,
		0,
		0.912937,
		0.139806,
		0.383407,
		0,
		-0.545555,
		0.874125,
		-0.639562,
		1,
	},
	[2.33333333333] = {
		0.261938,
		-0.919449,
		-0.293261,
		0,
		0.313996,
		0.368531,
		-0.874981,
		0,
		0.912576,
		0.137108,
		0.385236,
		0,
		-0.545976,
		0.873724,
		-0.640721,
		1,
	},
	[2.35] = {
		0.260209,
		-0.919671,
		-0.294104,
		0,
		0.316106,
		0.368951,
		-0.874044,
		0,
		0.912342,
		0.134466,
		0.386718,
		0,
		-0.546254,
		0.873384,
		-0.641892,
		1,
	},
	[2.36666666667] = {
		0.258486,
		-0.919879,
		-0.294972,
		0,
		0.317888,
		0.369341,
		-0.873232,
		0,
		0.912213,
		0.13195,
		0.387888,
		0,
		-0.546415,
		0.873099,
		-0.643035,
		1,
	},
	[2.38333333333] = {
		0.256835,
		-0.920068,
		-0.295823,
		0,
		0.319357,
		0.369692,
		-0.872547,
		0,
		0.912166,
		0.129628,
		0.38878,
		0,
		-0.546482,
		0.872868,
		-0.644111,
		1,
	},
	[2.3] = {
		0.265145,
		-0.918982,
		-0.291838,
		0,
		0.308729,
		0.367651,
		-0.877223,
		0,
		0.913447,
		0.142492,
		0.381197,
		0,
		-0.544966,
		0.874591,
		-0.638455,
		1,
	},
	[2.41666666667] = {
		0.254033,
		-0.92037,
		-0.297298,
		0,
		0.321417,
		0.370245,
		-0.871556,
		0,
		0.912227,
		0.125847,
		0.389877,
		0,
		-0.546438,
		0.872551,
		-0.645903,
		1,
	},
	[2.43333333333] = {
		0.25302,
		-0.920474,
		-0.29784,
		0,
		0.322034,
		0.370432,
		-0.871249,
		0,
		0.912291,
		0.124529,
		0.39015,
		0,
		-0.546376,
		0.872459,
		-0.646539,
		1,
	},
	[2.45] = {
		0.252361,
		-0.92054,
		-0.298195,
		0,
		0.322394,
		0.370551,
		-0.871065,
		0,
		0.912346,
		0.123687,
		0.390289,
		0,
		-0.546321,
		0.872406,
		-0.64695,
		1,
	},
	[2.46666666667] = {
		0.252126,
		-0.920563,
		-0.298323,
		0,
		0.322511,
		0.370593,
		-0.871004,
		0,
		0.91237,
		0.12339,
		0.390328,
		0,
		-0.546297,
		0.872389,
		-0.647096,
		1,
	},
	[2.48333333333] = {
		0.252126,
		-0.920563,
		-0.298323,
		0,
		0.322511,
		0.370593,
		-0.871004,
		0,
		0.91237,
		0.12339,
		0.390328,
		0,
		-0.546297,
		0.872389,
		-0.647096,
		1,
	},
	[2.4] = {
		0.255328,
		-0.920233,
		-0.296612,
		0,
		0.320529,
		0.369996,
		-0.871989,
		0,
		0.912178,
		0.12757,
		0.389432,
		0,
		-0.546482,
		0.872687,
		-0.64508,
		1,
	},
	[2.51666666667] = {
		0.252126,
		-0.920563,
		-0.298323,
		0,
		0.322511,
		0.370593,
		-0.871004,
		0,
		0.91237,
		0.12339,
		0.390328,
		0,
		-0.546297,
		0.872389,
		-0.647096,
		1,
	},
	[2.5] = {
		0.252126,
		-0.920563,
		-0.298323,
		0,
		0.322511,
		0.370593,
		-0.871004,
		0,
		0.91237,
		0.12339,
		0.390328,
		0,
		-0.546297,
		0.872389,
		-0.647096,
		1,
	},
}

return spline_matrices
