local spline_matrices = {
	[0] = {
		0.80025,
		-0.284365,
		-0.527955,
		0,
		0.596866,
		0.292726,
		0.747036,
		0,
		-0.057885,
		-0.912934,
		0.403981,
		0,
		1.084482,
		0.641584,
		0.514795,
		1
	},
	[0.0333333333333] = {
		0.911306,
		-0.218803,
		-0.348778,
		0,
		0.400101,
		0.270719,
		0.875574,
		0,
		-0.097158,
		-0.937463,
		0.334251,
		0,
		0.998561,
		0.547456,
		0.541582,
		1
	},
	[0.0666666666667] = {
		0.978453,
		-0.157432,
		-0.133588,
		0,
		0.168111,
		0.231813,
		0.958124,
		0,
		-0.119872,
		-0.959937,
		0.253284,
		0,
		0.871756,
		0.378338,
		0.578959,
		1
	},
	[0.133333333333] = {
		0.931836,
		-0.210621,
		-0.295499,
		0,
		0.345042,
		0.262108,
		0.901247,
		0,
		-0.112369,
		-0.941774,
		0.316915,
		0,
		1.012084,
		0.418923,
		0.564236,
		1
	},
	[0.166666666667] = {
		0.693688,
		-0.168922,
		-0.700187,
		0,
		0.651408,
		0.561944,
		0.509791,
		0,
		0.307351,
		-0.809744,
		0.499851,
		0,
		1.115404,
		0.720612,
		0.484337,
		1
	},
	[0.1] = {
		0.992882,
		-0.100825,
		-0.063402,
		0,
		0.086211,
		0.241091,
		0.966666,
		0,
		-0.082178,
		-0.965251,
		0.248067,
		0,
		0.812308,
		0.28943,
		0.598325,
		1
	},
	[0.233333333333] = {
		0.333531,
		0.130745,
		-0.933629,
		0,
		-0.656185,
		0.74326,
		-0.13033,
		0,
		0.676889,
		0.656102,
		0.333693,
		0,
		0.242834,
		1.341621,
		0.038419,
		1
	},
	[0.266666666667] = {
		0.40703,
		0.139851,
		-0.902645,
		0,
		-0.908056,
		-0.044938,
		-0.416432,
		0,
		-0.098801,
		0.989152,
		0.108702,
		0,
		-0.259374,
		1.184886,
		-0.215331,
		1
	},
	[0.2] = {
		0.360353,
		0.171416,
		-0.916931,
		0,
		-0.291857,
		0.954338,
		0.06371,
		0,
		0.885983,
		0.244655,
		0.393928,
		0,
		0.59431,
		1.25166,
		0.266126,
		1
	},
	[0.333333333333] = {
		0.207261,
		0.495282,
		-0.843646,
		0,
		-0.429788,
		-0.728593,
		-0.533325,
		0,
		-0.878821,
		0.473126,
		0.061858,
		0,
		-0.929703,
		0.251982,
		-0.667095,
		1
	},
	[0.366666666667] = {
		0.21496,
		0.635035,
		-0.741972,
		0,
		-0.315093,
		-0.674009,
		-0.668153,
		0,
		-0.924396,
		0.377416,
		0.05521,
		0,
		-0.892023,
		0.194291,
		-0.785404,
		1
	},
	[0.3] = {
		0.198022,
		0.16971,
		-0.965394,
		0,
		-0.750915,
		-0.606767,
		-0.260693,
		0,
		-0.630012,
		0.776551,
		0.007285,
		0,
		-0.673755,
		0.796179,
		-0.409926,
		1
	},
	[0.433333333333] = {
		0.194636,
		0.621801,
		-0.758604,
		0,
		-0.282307,
		-0.705159,
		-0.650426,
		0,
		-0.939372,
		0.340756,
		0.038289,
		0,
		-0.683783,
		0.101301,
		-1.085867,
		1
	},
	[0.466666666667] = {
		0.128597,
		0.515807,
		-0.846999,
		0,
		-0.342736,
		-0.778345,
		-0.526034,
		0,
		-0.930588,
		0.357943,
		0.076693,
		0,
		-0.39615,
		0.054331,
		-1.183071,
		1
	},
	[0.4] = {
		0.226279,
		0.66778,
		-0.709132,
		0,
		-0.261735,
		-0.659557,
		-0.704613,
		0,
		-0.938239,
		0.345043,
		0.025538,
		0,
		-0.816883,
		0.145595,
		-0.923228,
		1
	},
	[0.533333333333] = {
		-0.055484,
		0.235617,
		-0.970261,
		0,
		-0.445693,
		-0.875415,
		-0.187098,
		0,
		-0.893465,
		0.422058,
		0.153584,
		0,
		0.111944,
		0.008676,
		-1.30773,
		1
	},
	[0.566666666667] = {
		-0.115321,
		0.147856,
		-0.982263,
		0,
		-0.451312,
		-0.888702,
		-0.080787,
		0,
		-0.884883,
		0.433991,
		0.169215,
		0,
		0.202629,
		0.009068,
		-1.339124,
		1
	},
	[0.5] = {
		0.037116,
		0.373444,
		-0.92691,
		0,
		-0.406458,
		-0.841716,
		-0.355396,
		0,
		-0.912915,
		0.389941,
		0.120548,
		0,
		-0.108973,
		0.022155,
		-1.255539,
		1
	},
	[0.633333333333] = {
		-0.115321,
		0.147856,
		-0.982263,
		0,
		-0.451312,
		-0.888702,
		-0.080787,
		0,
		-0.884883,
		0.433991,
		0.169215,
		0,
		0.202629,
		0.009068,
		-1.339124,
		1
	},
	[0.6] = {
		-0.115321,
		0.147856,
		-0.982263,
		0,
		-0.451312,
		-0.888702,
		-0.080787,
		0,
		-0.884883,
		0.433991,
		0.169215,
		0,
		0.202629,
		0.009068,
		-1.339124,
		1
	}
}

return spline_matrices
