-- chunkname: @content/characters/player/ogryn/first_person/animations/combat_blade/heavy_swing_right_charge.lua

local spline_matrices = {
	[0.0166666666667] = {
		0.839179,
		0.013581,
		0.543686,
		0,
		0.173481,
		0.94078,
		-0.291267,
		0,
		-0.515445,
		0.338745,
		0.787127,
		0,
		0.673823,
		1.149228,
		-0.52021,
		1,
	},
	[0.0333333333333] = {
		0.842717,
		0.000525,
		0.538356,
		0,
		0.155631,
		0.957065,
		-0.244551,
		0,
		-0.515371,
		0.289872,
		0.806454,
		0,
		0.674316,
		1.149501,
		-0.534015,
		1,
	},
	[0.05] = {
		0.846698,
		-0.011253,
		0.531954,
		0,
		0.137771,
		0.970316,
		-0.198762,
		0,
		-0.513927,
		0.241579,
		0.823115,
		0,
		0.675331,
		1.14974,
		-0.555038,
		1,
	},
	[0.0666666666667] = {
		0.84963,
		-0.018916,
		0.527041,
		0,
		0.122463,
		0.979116,
		-0.162279,
		0,
		-0.512964,
		0.20242,
		0.834202,
		0,
		0.675755,
		1.150163,
		-0.578339,
		1,
	},
	[0.0833333333333] = {
		0.85003,
		-0.019972,
		0.526356,
		0,
		0.112125,
		0.983239,
		-0.143767,
		0,
		-0.514663,
		0.181224,
		0.838022,
		0,
		0.674455,
		1.151144,
		-0.598981,
		1,
	},
	[0] = {
		0.83754,
		0.024699,
		0.545818,
		0,
		0.188552,
		0.924543,
		-0.331163,
		0,
		-0.512811,
		0.380277,
		0.769684,
		0,
		0.674909,
		1.148992,
		-0.518582,
		1,
	},
	[0.116666666667] = {
		0.83882,
		0.006457,
		0.54437,
		0,
		0.113602,
		0.975841,
		-0.186623,
		0,
		-0.532424,
		0.218385,
		0.817822,
		0,
		0.670542,
		1.159679,
		-0.643825,
		1,
	},
	[0.133333333333] = {
		0.831413,
		0.025438,
		0.555072,
		0,
		0.119874,
		0.967217,
		-0.223878,
		0,
		-0.54257,
		0.252674,
		0.801108,
		0,
		0.668906,
		1.165284,
		-0.664357,
		1,
	},
	[0.15] = {
		0.826807,
		0.039107,
		0.561125,
		0,
		0.123403,
		0.960665,
		-0.248785,
		0,
		-0.548782,
		0.274942,
		0.789459,
		0,
		0.666705,
		1.169803,
		-0.67554,
		1,
	},
	[0.166666666667] = {
		0.826663,
		0.048161,
		0.560633,
		0,
		0.120442,
		0.958095,
		-0.259899,
		0,
		-0.549657,
		0.282372,
		0.786221,
		0,
		0.663578,
		1.173315,
		-0.678444,
		1,
	},
	[0.183333333333] = {
		0.829656,
		0.057097,
		0.555347,
		0,
		0.112837,
		0.957076,
		-0.266972,
		0,
		-0.546753,
		0.284159,
		0.787601,
		0,
		0.659838,
		1.176642,
		-0.678602,
		1,
	},
	[0.1] = {
		0.846047,
		-0.010818,
		0.532999,
		0,
		0.109619,
		0.98196,
		-0.154071,
		0,
		-0.521717,
		0.188778,
		0.83197,
		0,
		0.67226,
		1.154319,
		-0.620023,
		1,
	},
	[0.216666666667] = {
		0.838468,
		0.069152,
		0.540546,
		0,
		0.095222,
		0.958064,
		-0.270269,
		0,
		-0.536567,
		0.278084,
		0.796721,
		0,
		0.651462,
		1.1835,
		-0.673138,
		1,
	},
	[0.233333333333] = {
		0.841193,
		0.069682,
		0.536227,
		0,
		0.090932,
		0.959311,
		-0.267308,
		0,
		-0.533035,
		0.273618,
		0.800629,
		0,
		0.647383,
		1.187313,
		-0.668712,
		1,
	},
	[0.25] = {
		0.840774,
		0.064825,
		0.537492,
		0,
		0.093365,
		0.960569,
		-0.261898,
		0,
		-0.533275,
		0.27038,
		0.801569,
		0,
		0.643803,
		1.191511,
		-0.663913,
		1,
	},
	[0.266666666667] = {
		0.835459,
		0.053314,
		0.54696,
		0,
		0.105192,
		0.961365,
		-0.254384,
		0,
		-0.539391,
		0.270064,
		0.797573,
		0,
		0.641108,
		1.196126,
		-0.659241,
		1,
	},
	[0.283333333333] = {
		0.821303,
		0.030976,
		0.56965,
		0,
		0.133369,
		0.96043,
		-0.244513,
		0,
		-0.554683,
		0.276793,
		0.784673,
		0,
		0.635969,
		1.200843,
		-0.654526,
		1,
	},
	[0.2] = {
		0.834121,
		0.064528,
		0.547794,
		0,
		0.10347,
		0.957198,
		-0.270307,
		0,
		-0.54179,
		0.282149,
		0.791742,
		0,
		0.655712,
		1.179985,
		-0.676631,
		1,
	},
	[0.316666666667] = {
		0.766509,
		-0.037114,
		0.64116,
		0,
		0.221339,
		0.952432,
		-0.209479,
		0,
		-0.602887,
		0.302481,
		0.738263,
		0,
		0.610537,
		1.207534,
		-0.637665,
		1,
	},
	[0.333333333333] = {
		0.734705,
		-0.071231,
		0.674637,
		0,
		0.259284,
		0.948454,
		-0.182227,
		0,
		-0.626882,
		0.308806,
		0.715303,
		0,
		0.591587,
		1.208797,
		-0.622251,
		1,
	},
	[0.35] = {
		0.709425,
		-0.099161,
		0.69777,
		0,
		0.279822,
		0.948304,
		-0.149731,
		0,
		-0.646851,
		0.301474,
		0.700498,
		0,
		0.569023,
		1.208875,
		-0.600803,
		1,
	},
	[0.366666666667] = {
		0.691292,
		-0.124076,
		0.711843,
		0,
		0.287425,
		0.951072,
		-0.113352,
		0,
		-0.66295,
		0.282961,
		0.693131,
		0,
		0.546359,
		1.208837,
		-0.572443,
		1,
	},
	[0.383333333333] = {
		0.67635,
		-0.149337,
		0.721283,
		0,
		0.288828,
		0.954579,
		-0.073195,
		0,
		-0.677591,
		0.257832,
		0.688762,
		0,
		0.523151,
		1.208628,
		-0.538119,
		1,
	},
	[0.3] = {
		0.79722,
		-0.001241,
		0.603687,
		0,
		0.175785,
		0.957142,
		-0.230172,
		0,
		-0.577529,
		0.289617,
		0.763271,
		0,
		0.625501,
		1.204834,
		-0.647953,
		1,
	},
	[0.416666666667] = {
		0.66346,
		-0.186371,
		0.724629,
		0,
		0.25126,
		0.967736,
		0.018847,
		0,
		-0.704762,
		0.169566,
		0.688882,
		0,
		0.452921,
		1.202645,
		-0.460156,
		1,
	},
	[0.433333333333] = {
		0.668939,
		-0.190284,
		0.718549,
		0,
		0.200939,
		0.97698,
		0.071655,
		0,
		-0.715643,
		0.096452,
		0.691775,
		0,
		0.394704,
		1.193959,
		-0.420736,
		1,
	},
	[0.45] = {
		0.68371,
		-0.177381,
		0.707867,
		0,
		0.118685,
		0.984123,
		0.131972,
		0,
		-0.720038,
		-0.006218,
		0.693907,
		0,
		0.313944,
		1.180045,
		-0.380488,
		1,
	},
	[0.466666666667] = {
		0.704176,
		-0.147053,
		0.69463,
		0,
		0.00716,
		0.979739,
		0.200151,
		0,
		-0.709989,
		-0.135968,
		0.690962,
		0,
		0.214595,
		1.160336,
		-0.337858,
		1,
	},
	[0.483333333333] = {
		0.724585,
		-0.103279,
		0.681403,
		0,
		-0.120317,
		0.954568,
		0.272624,
		0,
		-0.678601,
		-0.279524,
		0.67924,
		0,
		0.105292,
		1.133729,
		-0.294559,
		1,
	},
	[0.4] = {
		0.666449,
		-0.17133,
		0.725597,
		0,
		0.278594,
		0.959964,
		-0.029214,
		0,
		-0.691542,
		0.221617,
		0.687499,
		0,
		0.493859,
		1.207002,
		-0.499977,
		1,
	},
	[0.516666666667] = {
		0.750103,
		-0.001806,
		0.661318,
		0,
		-0.361266,
		0.83648,
		0.412053,
		0,
		-0.553924,
		-0.547994,
		0.626794,
		0,
		-0.106983,
		1.062141,
		-0.213465,
		1,
	},
	[0.533333333333] = {
		0.755104,
		0.039964,
		0.654386,
		0,
		-0.448704,
		0.759242,
		0.471398,
		0,
		-0.477998,
		-0.64958,
		0.591239,
		0,
		-0.193166,
		1.022294,
		-0.178945,
		1,
	},
	[0.55] = {
		0.759377,
		0.065983,
		0.647297,
		0,
		-0.504612,
		0.687757,
		0.521878,
		0,
		-0.410748,
		-0.722936,
		0.555563,
		0,
		-0.256731,
		0.984746,
		-0.149857,
		1,
	},
	[0.566666666667] = {
		0.76648,
		0.077652,
		0.637556,
		0,
		-0.535273,
		0.625832,
		0.56729,
		0,
		-0.354952,
		-0.776083,
		0.521253,
		0,
		-0.302192,
		0.949066,
		-0.124601,
		1,
	},
	[0.583333333333] = {
		0.776963,
		0.082526,
		0.624114,
		0,
		-0.551366,
		0.567686,
		0.611333,
		0,
		-0.30385,
		-0.819098,
		0.486573,
		0,
		-0.33917,
		0.912778,
		-0.100711,
		1,
	},
	[0.5] = {
		0.740455,
		-0.052244,
		0.670072,
		0,
		-0.248124,
		0.9053,
		0.34477,
		0,
		-0.624628,
		-0.421548,
		0.657371,
		0,
		-0.00486,
		1.100378,
		-0.252486,
		1,
	},
	[0.616666666667] = {
		0.806068,
		0.080812,
		0.586279,
		0,
		-0.551693,
		0.461175,
		0.694948,
		0,
		-0.214217,
		-0.883622,
		0.416322,
		0,
		-0.393038,
		0.840929,
		-0.055867,
		1,
	},
	[0.633333333333] = {
		0.822925,
		0.076873,
		0.562925,
		0,
		-0.540283,
		0.412381,
		0.73351,
		0,
		-0.175753,
		-0.907763,
		0.380891,
		0,
		-0.411842,
		0.806358,
		-0.035282,
		1,
	},
	[0.65] = {
		0.840031,
		0.072375,
		0.53769,
		0,
		-0.52384,
		0.366143,
		0.76911,
		0,
		-0.141207,
		-0.92774,
		0.345484,
		0,
		-0.426447,
		0.773339,
		-0.016217,
		1,
	},
	[0.666666666667] = {
		0.85645,
		0.068292,
		0.511692,
		0,
		-0.504343,
		0.322172,
		0.801151,
		0,
		-0.110141,
		-0.944215,
		0.310367,
		0,
		-0.437759,
		0.742373,
		0.001094,
		1,
	},
	[0.683333333333] = {
		0.871334,
		0.065503,
		0.486299,
		0,
		-0.483796,
		0.280241,
		0.8291,
		0,
		-0.081973,
		-0.957692,
		0.275873,
		0,
		-0.446696,
		0.713981,
		0.016417,
		1,
	},
	[0.6] = {
		0.790434,
		0.083106,
		0.606884,
		0,
		-0.55608,
		0.512847,
		0.654036,
		0,
		-0.256885,
		-0.854448,
		0.451585,
		0,
		-0.369125,
		0.876564,
		-0.077744,
		1,
	},
	[0.716666666667] = {
		0.893631,
		0.066829,
		0.443799,
		0,
		-0.447703,
		0.201894,
		0.871092,
		0,
		-0.031386,
		-0.977125,
		0.210338,
		0,
		-0.461164,
		0.6671,
		0.040227,
		1,
	},
	[0.733333333333] = {
		0.901243,
		0.070421,
		0.427553,
		0,
		-0.433227,
		0.166185,
		0.885831,
		0,
		-0.008672,
		-0.983577,
		0.180281,
		0,
		-0.467584,
		0.648287,
		0.049111,
		1,
	},
	[0.75] = {
		0.908083,
		0.073904,
		0.412218,
		0,
		-0.41864,
		0.133774,
		0.898246,
		0,
		0.011239,
		-0.988252,
		0.152417,
		0,
		-0.472861,
		0.63096,
		0.057,
		1,
	},
	[0.766666666667] = {
		0.914263,
		0.077218,
		0.397693,
		0,
		-0.404105,
		0.104373,
		0.908738,
		0,
		0.028662,
		-0.991536,
		0.126629,
		0,
		-0.477104,
		0.615043,
		0.064007,
		1,
	},
	[0.783333333333] = {
		0.919883,
		0.080332,
		0.383879,
		0,
		-0.389729,
		0.077672,
		0.917648,
		0,
		0.0439,
		-0.993737,
		0.102757,
		0,
		-0.480408,
		0.600456,
		0.070229,
		1,
	},
	[0.7] = {
		0.88394,
		0.064788,
		0.463091,
		0,
		-0.464236,
		0.240187,
		0.852523,
		0,
		-0.055995,
		-0.968562,
		0.242388,
		0,
		-0.454186,
		0.688704,
		0.02953,
		1,
	},
	[0.816666666667] = {
		0.929766,
		0.085948,
		0.357979,
		0,
		-0.361635,
		0.031076,
		0.931802,
		0,
		0.068962,
		-0.995815,
		0.059975,
		0,
		-0.484517,
		0.574928,
		0.080652,
		1,
	},
	[0.833333333333] = {
		0.934162,
		0.08849,
		0.345702,
		0,
		-0.347921,
		0.010527,
		0.937465,
		0,
		0.079317,
		-0.996021,
		0.040621,
		0,
		-0.485464,
		0.563814,
		0.084991,
		1,
	},
	[0.85] = {
		0.938267,
		0.090909,
		0.333753,
		0,
		-0.334386,
		-0.008624,
		0.942397,
		0,
		0.08855,
		-0.995822,
		0.022307,
		0,
		-0.485753,
		0.553685,
		0.088825,
		1,
	},
	[0.866666666667] = {
		0.94212,
		0.09326,
		0.322044,
		0,
		-0.320971,
		-0.026699,
		0.946712,
		0,
		0.096889,
		-0.995284,
		0.00478,
		0,
		-0.485441,
		0.544453,
		0.0922,
		1,
	},
	[0.883333333333] = {
		0.945754,
		0.095613,
		0.310496,
		0,
		-0.307603,
		-0.044012,
		0.950496,
		0,
		0.104546,
		-0.994445,
		-0.012214,
		0,
		-0.48458,
		0.536032,
		0.095156,
		1,
	},
	[0.8] = {
		0.925026,
		0.083238,
		0.370673,
		0,
		-0.375567,
		0.053349,
		0.925259,
		0,
		0.057242,
		-0.995101,
		0.08061,
		0,
		-0.482854,
		0.587113,
		0.075753,
		1,
	},
	[0.916666666667] = {
		0.952455,
		0.100649,
		0.287574,
		0,
		-0.280647,
		-0.077591,
		0.95667,
		0,
		0.118601,
		-0.991892,
		-0.045655,
		0,
		-0.481398,
		0.521287,
		0.099941,
		1,
	},
	[0.933333333333] = {
		0.955549,
		0.103519,
		0.276062,
		0,
		-0.266854,
		-0.094457,
		0.959097,
		0,
		0.125361,
		-0.990132,
		-0.062634,
		0,
		-0.479167,
		0.514796,
		0.101818,
		1,
	},
	[0.95] = {
		0.958476,
		0.106764,
		0.264434,
		0,
		-0.252701,
		-0.11176,
		0.961068,
		0,
		0.13216,
		-0.987983,
		-0.08014,
		0,
		-0.476565,
		0.508785,
		0.103376,
		1,
	},
	[0.966666666667] = {
		0.96123,
		0.110499,
		0.252639,
		0,
		-0.238065,
		-0.129777,
		0.96254,
		0,
		0.139147,
		-0.985367,
		-0.098439,
		0,
		-0.473631,
		0.503173,
		0.104623,
		1,
	},
	[0.983333333333] = {
		0.963797,
		0.114849,
		0.240634,
		0,
		-0.222817,
		-0.14877,
		0.963442,
		0,
		0.14645,
		-0.98218,
		-0.117794,
		0,
		-0.470401,
		0.497886,
		0.105562,
		1,
	},
	[0.9] = {
		0.949193,
		0.098047,
		0.29903,
		0,
		-0.294194,
		-0.060875,
		0.953805,
		0,
		0.111721,
		-0.993318,
		-0.028938,
		0,
		-0.483217,
		0.528339,
		0.097727,
		1,
	},
	{
		0.966153,
		0.119946,
		0.228388,
		0,
		-0.206822,
		-0.168986,
		0.963674,
		0,
		0.154183,
		-0.978293,
		-0.138459,
		0,
		-0.466913,
		0.492851,
		0.106191,
		1,
	},
}

return spline_matrices
