-- chunkname: @content/characters/player/ogryn/first_person/animations/combat_blade/heavy_swing_right.lua

local spline_matrices = {
	[0.0166666666667] = {
		0.462359,
		-0.195086,
		0.864966,
		0,
		-0.852429,
		0.170764,
		0.494171,
		0,
		-0.244111,
		-0.965806,
		-0.087343,
		0,
		-0.713147,
		0.517827,
		-0.008416,
		1
	},
	[0.0333333333333] = {
		0.495443,
		-0.213954,
		0.841879,
		0,
		-0.835354,
		0.148376,
		0.52931,
		0,
		-0.238162,
		-0.965509,
		-0.105216,
		0,
		-0.712843,
		0.512749,
		0.019928,
		1
	},
	[0.05] = {
		0.529296,
		-0.234061,
		0.815513,
		0,
		-0.816242,
		0.121795,
		0.564726,
		0,
		-0.231506,
		-0.964563,
		-0.126585,
		0,
		-0.713594,
		0.506157,
		0.05816,
		1
	},
	[0.0666666666667] = {
		0.560978,
		-0.251321,
		0.78876,
		0,
		-0.796446,
		0.096016,
		0.597038,
		0,
		-0.225782,
		-0.96313,
		-0.146301,
		0,
		-0.714428,
		0.499274,
		0.10068,
		1
	},
	[0.0833333333333] = {
		0.587816,
		-0.262633,
		0.765177,
		0,
		-0.777776,
		0.076748,
		0.623838,
		0,
		-0.222566,
		-0.961839,
		-0.159156,
		0,
		-0.714442,
		0.493346,
		0.142068,
		1
	},
	[0] = {
		0.433195,
		-0.182408,
		0.882649,
		0,
		-0.866607,
		0.184796,
		0.463511,
		0,
		-0.247658,
		-0.965701,
		-0.078023,
		0,
		-0.715554,
		0.520204,
		-0.021121,
		1
	},
	[0.116666666667] = {
		0.617445,
		-0.258583,
		0.742898,
		0,
		-0.75213,
		0.082493,
		0.653831,
		0,
		-0.230353,
		-0.96246,
		-0.143553,
		0,
		-0.708556,
		0.489304,
		0.200215,
		1
	},
	[0.133333333333] = {
		0.615289,
		-0.239387,
		0.751075,
		0,
		-0.74846,
		0.121663,
		0.651924,
		0,
		-0.24744,
		-0.963271,
		-0.104314,
		0,
		-0.700588,
		0.494146,
		0.210792,
		1
	},
	[0.15] = {
		0.591157,
		-0.182499,
		0.785638,
		0,
		-0.756956,
		0.210782,
		0.618538,
		0,
		-0.278481,
		-0.960346,
		-0.013539,
		0,
		-0.723937,
		0.51616,
		0.194389,
		1
	},
	[0.166666666667] = {
		0.558131,
		-0.11661,
		0.821518,
		0,
		-0.761795,
		0.320406,
		0.563036,
		0,
		-0.328875,
		-0.940076,
		0.089996,
		0,
		-0.75295,
		0.554745,
		0.166792,
		1
	},
	[0.183333333333] = {
		0.539869,
		-0.083986,
		0.837549,
		0,
		-0.757718,
		0.384875,
		0.527005,
		0,
		-0.366612,
		-0.91914,
		0.144144,
		0,
		-0.752977,
		0.581742,
		0.154718,
		1
	},
	[0.1] = {
		0.607397,
		-0.265711,
		0.748643,
		0,
		-0.762319,
		0.070145,
		0.643389,
		0,
		-0.223469,
		-0.961497,
		-0.15995,
		0,
		-0.712774,
		0.489612,
		0.177022,
		1
	},
	[0.216666666667] = {
		0.441432,
		-0.07337,
		0.89429,
		0,
		-0.55672,
		0.75923,
		0.337093,
		0,
		-0.703705,
		-0.646673,
		0.294302,
		0,
		-0.557933,
		0.923348,
		0.091189,
		1
	},
	[0.233333333333] = {
		0.375891,
		-0.043985,
		0.925619,
		0,
		-0.251547,
		0.956523,
		0.147606,
		0,
		-0.891869,
		-0.288321,
		0.348484,
		0,
		-0.302626,
		1.224572,
		0.019123,
		1
	},
	[0.25] = {
		0.363019,
		0.017085,
		0.931625,
		0,
		0.156362,
		0.984537,
		-0.078984,
		0,
		-0.918569,
		0.174344,
		0.354734,
		0,
		0.056813,
		1.403548,
		-0.075105,
		1
	},
	[0.266666666667] = {
		0.384766,
		0.044852,
		0.921924,
		0,
		0.507875,
		0.823736,
		-0.252038,
		0,
		-0.770726,
		0.565197,
		0.294166,
		0,
		0.413081,
		1.474135,
		-0.176902,
		1
	},
	[0.283333333333] = {
		0.388936,
		0.018394,
		0.921081,
		0,
		0.670593,
		0.679889,
		-0.296742,
		0,
		-0.631691,
		0.733084,
		0.252098,
		0,
		0.662867,
		1.464829,
		-0.253324,
		1
	},
	[0.2] = {
		0.516823,
		-0.076253,
		0.852689,
		0,
		-0.717859,
		0.504088,
		0.480181,
		0,
		-0.466446,
		-0.86028,
		0.205785,
		0,
		-0.707415,
		0.656237,
		0.139593,
		1
	},
	[0.316666666667] = {
		0.420964,
		0.024569,
		0.906745,
		0,
		0.850099,
		0.338019,
		-0.403825,
		0,
		-0.316418,
		0.940819,
		0.121408,
		0,
		1.131795,
		1.294624,
		-0.363475,
		1
	},
	[0.333333333333] = {
		0.450224,
		0.004343,
		0.892905,
		0,
		0.88416,
		0.137526,
		-0.446484,
		0,
		-0.124737,
		0.990489,
		0.058077,
		0,
		1.347641,
		1.021183,
		-0.422726,
		1
	},
	[0.35] = {
		0.411811,
		-0.021127,
		0.911024,
		0,
		0.91088,
		-0.019665,
		-0.412202,
		0,
		0.026624,
		0.999583,
		0.011146,
		0,
		1.589208,
		0.653525,
		-0.438334,
		1
	},
	[0.366666666667] = {
		0.346892,
		-0.070124,
		0.93528,
		0,
		0.917628,
		-0.180862,
		-0.353905,
		0,
		0.193974,
		0.981005,
		0.001608,
		0,
		1.75894,
		0.342551,
		-0.459279,
		1
	},
	[0.383333333333] = {
		0.262184,
		-0.192783,
		0.945566,
		0,
		0.852059,
		-0.413765,
		-0.320616,
		0,
		0.453051,
		0.889738,
		0.05578,
		0,
		1.765704,
		0.149552,
		-0.504215,
		1
	},
	[0.3] = {
		0.386083,
		0.012383,
		0.922381,
		0,
		0.77447,
		0.538856,
		-0.331406,
		0,
		-0.501134,
		0.842307,
		0.198453,
		0,
		0.893542,
		1.440217,
		-0.301524,
		1
	},
	[0.416666666667] = {
		-0.078287,
		-0.402099,
		0.912243,
		0,
		0.311611,
		-0.879072,
		-0.360736,
		0,
		0.946979,
		0.256024,
		0.194119,
		0,
		1.536529,
		-0.309969,
		-0.596336,
		1
	},
	[0.433333333333] = {
		-0.233241,
		-0.383334,
		0.893674,
		0,
		-0.065649,
		-0.910718,
		-0.407778,
		0,
		0.9702,
		-0.15378,
		0.187251,
		0,
		1.367263,
		-0.487257,
		-0.632747,
		1
	},
	[0.45] = {
		-0.297298,
		-0.333809,
		0.894531,
		0,
		-0.351991,
		-0.832584,
		-0.427677,
		0,
		0.887534,
		-0.442014,
		0.130028,
		0,
		1.230524,
		-0.596536,
		-0.648797,
		1
	},
	[0.466666666667] = {
		-0.26823,
		-0.294633,
		0.917193,
		0,
		-0.512279,
		-0.762687,
		-0.394815,
		0,
		0.815857,
		-0.57576,
		0.053641,
		0,
		1.165197,
		-0.634882,
		-0.64402,
		1
	},
	[0.483333333333] = {
		-0.13732,
		-0.259413,
		0.955954,
		0,
		-0.565944,
		-0.771509,
		-0.290657,
		0,
		0.812927,
		-0.58093,
		-0.04087,
		0,
		1.155769,
		-0.641296,
		-0.624214,
		1
	},
	[0.4] = {
		0.113381,
		-0.331039,
		0.93678,
		0,
		0.653876,
		-0.68503,
		-0.321217,
		0,
		0.748058,
		0.648958,
		0.138789,
		0,
		1.684464,
		-0.083045,
		-0.550488,
		1
	},
	[0.516666666667] = {
		0.343429,
		-0.097938,
		0.934058,
		0,
		-0.371673,
		-0.927527,
		0.039402,
		0,
		0.862505,
		-0.360696,
		-0.354941,
		0,
		1.195649,
		-0.666619,
		-0.56538,
		1
	},
	[0.533333333333] = {
		0.577792,
		0.066546,
		0.813467,
		0,
		-0.134062,
		-0.975396,
		0.175015,
		0,
		0.805099,
		-0.210177,
		-0.554655,
		0,
		1.238052,
		-0.669414,
		-0.5442,
		1
	},
	[0.55] = {
		0.727129,
		0.253467,
		0.637995,
		0,
		0.122097,
		-0.962275,
		0.243144,
		0,
		0.675556,
		-0.0989,
		-0.730645,
		0,
		1.280377,
		-0.661708,
		-0.536118,
		1
	},
	[0.566666666667] = {
		0.789993,
		0.413977,
		0.452254,
		0,
		0.328888,
		-0.908655,
		0.257251,
		0,
		0.517439,
		-0.054485,
		-0.853984,
		0,
		1.311885,
		-0.649578,
		-0.538141,
		1
	},
	[0.583333333333] = {
		0.789993,
		0.414418,
		0.45185,
		0,
		0.328888,
		-0.908404,
		0.258137,
		0,
		0.517439,
		-0.055318,
		-0.85393,
		0,
		1.311885,
		-0.650103,
		-0.537507,
		1
	},
	[0.5] = {
		0.081381,
		-0.204616,
		0.975453,
		0,
		-0.522883,
		-0.841966,
		-0.132992,
		0,
		0.848511,
		-0.499225,
		-0.17551,
		0,
		1.166103,
		-0.654526,
		-0.595175,
		1
	},
	[0.616666666667] = {
		0.789993,
		0.414124,
		0.45212,
		0,
		0.328888,
		-0.908572,
		0.257546,
		0,
		0.517439,
		-0.054763,
		-0.853966,
		0,
		1.311885,
		-0.649753,
		-0.53793,
		1
	},
	[0.633333333333] = {
		0.789993,
		0.413977,
		0.452254,
		0,
		0.328888,
		-0.908655,
		0.257251,
		0,
		0.517439,
		-0.054485,
		-0.853984,
		0,
		1.311885,
		-0.649578,
		-0.538141,
		1
	},
	[0.65] = {
		0.789993,
		0.413977,
		0.452254,
		0,
		0.328888,
		-0.908655,
		0.257251,
		0,
		0.517439,
		-0.054485,
		-0.853984,
		0,
		1.311885,
		-0.649578,
		-0.538141,
		1
	},
	[0.666666666667] = {
		0.789993,
		0.413977,
		0.452254,
		0,
		0.328888,
		-0.908655,
		0.257251,
		0,
		0.517439,
		-0.054485,
		-0.853984,
		0,
		1.311885,
		-0.649578,
		-0.538141,
		1
	},
	[0.683333333333] = {
		0.789993,
		0.413977,
		0.452254,
		0,
		0.328888,
		-0.908655,
		0.257251,
		0,
		0.517439,
		-0.054485,
		-0.853984,
		0,
		1.311885,
		-0.649578,
		-0.538141,
		1
	},
	[0.6] = {
		0.789993,
		0.414369,
		0.451895,
		0,
		0.328888,
		-0.908432,
		0.258039,
		0,
		0.517439,
		-0.055226,
		-0.853936,
		0,
		1.311885,
		-0.650044,
		-0.537578,
		1
	},
	[0.716666666667] = {
		0.789993,
		0.413977,
		0.452254,
		0,
		0.328888,
		-0.908655,
		0.257251,
		0,
		0.517439,
		-0.054485,
		-0.853984,
		0,
		1.311885,
		-0.649578,
		-0.538141,
		1
	},
	[0.733333333333] = {
		0.789993,
		0.413977,
		0.452254,
		0,
		0.328888,
		-0.908655,
		0.257251,
		0,
		0.517439,
		-0.054485,
		-0.853984,
		0,
		1.311885,
		-0.649578,
		-0.538141,
		1
	},
	[0.75] = {
		0.789993,
		0.413977,
		0.452254,
		0,
		0.328888,
		-0.908655,
		0.257251,
		0,
		0.517439,
		-0.054485,
		-0.853984,
		0,
		1.311885,
		-0.649578,
		-0.538141,
		1
	},
	[0.766666666667] = {
		0.789993,
		0.413977,
		0.452254,
		0,
		0.328888,
		-0.908655,
		0.257251,
		0,
		0.517439,
		-0.054485,
		-0.853984,
		0,
		1.311885,
		-0.649578,
		-0.538141,
		1
	},
	[0.783333333333] = {
		0.789993,
		0.413977,
		0.452254,
		0,
		0.328888,
		-0.908655,
		0.257251,
		0,
		0.517439,
		-0.054485,
		-0.853984,
		0,
		1.311885,
		-0.649578,
		-0.538141,
		1
	},
	[0.7] = {
		0.789993,
		0.413977,
		0.452254,
		0,
		0.328888,
		-0.908655,
		0.257251,
		0,
		0.517439,
		-0.054485,
		-0.853984,
		0,
		1.311885,
		-0.649578,
		-0.538141,
		1
	},
	[0.816666666667] = {
		0.789993,
		0.413977,
		0.452254,
		0,
		0.328888,
		-0.908655,
		0.257251,
		0,
		0.517439,
		-0.054485,
		-0.853984,
		0,
		1.311885,
		-0.649578,
		-0.538141,
		1
	},
	[0.833333333333] = {
		0.789993,
		0.413977,
		0.452254,
		0,
		0.328888,
		-0.908655,
		0.257251,
		0,
		0.517439,
		-0.054485,
		-0.853984,
		0,
		1.311885,
		-0.649578,
		-0.538141,
		1
	},
	[0.85] = {
		0.789993,
		0.413977,
		0.452254,
		0,
		0.328888,
		-0.908655,
		0.257251,
		0,
		0.517439,
		-0.054485,
		-0.853984,
		0,
		1.311885,
		-0.649578,
		-0.538141,
		1
	},
	[0.866666666667] = {
		0.789993,
		0.413977,
		0.452254,
		0,
		0.328888,
		-0.908655,
		0.257251,
		0,
		0.517439,
		-0.054485,
		-0.853984,
		0,
		1.311885,
		-0.649578,
		-0.538141,
		1
	},
	[0.883333333333] = {
		0.789993,
		0.413977,
		0.452254,
		0,
		0.328888,
		-0.908655,
		0.257251,
		0,
		0.517439,
		-0.054485,
		-0.853984,
		0,
		1.311885,
		-0.649578,
		-0.538141,
		1
	},
	[0.8] = {
		0.789993,
		0.413977,
		0.452254,
		0,
		0.328888,
		-0.908655,
		0.257251,
		0,
		0.517439,
		-0.054485,
		-0.853984,
		0,
		1.311885,
		-0.649578,
		-0.538141,
		1
	},
	[0.916666666667] = {
		0.789993,
		0.413977,
		0.452254,
		0,
		0.328888,
		-0.908655,
		0.257251,
		0,
		0.517439,
		-0.054485,
		-0.853984,
		0,
		1.311885,
		-0.649578,
		-0.538141,
		1
	},
	[0.933333333333] = {
		0.789993,
		0.413977,
		0.452254,
		0,
		0.328888,
		-0.908655,
		0.257251,
		0,
		0.517439,
		-0.054485,
		-0.853984,
		0,
		1.311885,
		-0.649578,
		-0.538141,
		1
	},
	[0.95] = {
		0.789993,
		0.413977,
		0.452254,
		0,
		0.328888,
		-0.908655,
		0.257251,
		0,
		0.517439,
		-0.054485,
		-0.853984,
		0,
		1.311885,
		-0.649578,
		-0.538141,
		1
	},
	[0.966666666667] = {
		0.789993,
		0.413977,
		0.452254,
		0,
		0.328888,
		-0.908655,
		0.257251,
		0,
		0.517439,
		-0.054485,
		-0.853984,
		0,
		1.311885,
		-0.649578,
		-0.538141,
		1
	},
	[0.983333333333] = {
		0.789993,
		0.413977,
		0.452254,
		0,
		0.328888,
		-0.908655,
		0.257251,
		0,
		0.517439,
		-0.054485,
		-0.853984,
		0,
		1.311885,
		-0.649578,
		-0.538141,
		1
	},
	[0.9] = {
		0.789993,
		0.413977,
		0.452254,
		0,
		0.328888,
		-0.908655,
		0.257251,
		0,
		0.517439,
		-0.054485,
		-0.853984,
		0,
		1.311885,
		-0.649578,
		-0.538141,
		1
	},
	[1.01666666667] = {
		0.789993,
		0.413977,
		0.452254,
		0,
		0.328888,
		-0.908655,
		0.257251,
		0,
		0.517439,
		-0.054485,
		-0.853984,
		0,
		1.311885,
		-0.649578,
		-0.538141,
		1
	},
	[1.03333333333] = {
		0.789993,
		0.413977,
		0.452254,
		0,
		0.328888,
		-0.908655,
		0.257251,
		0,
		0.517439,
		-0.054485,
		-0.853984,
		0,
		1.311885,
		-0.649578,
		-0.538141,
		1
	},
	[1.05] = {
		0.789993,
		0.413977,
		0.452254,
		0,
		0.328888,
		-0.908655,
		0.257251,
		0,
		0.517439,
		-0.054485,
		-0.853984,
		0,
		1.311885,
		-0.649578,
		-0.538141,
		1
	},
	[1.06666666667] = {
		0.789993,
		0.413977,
		0.452254,
		0,
		0.328888,
		-0.908655,
		0.257251,
		0,
		0.517439,
		-0.054485,
		-0.853984,
		0,
		1.311885,
		-0.649578,
		-0.538141,
		1
	},
	[1.08333333333] = {
		0.789993,
		0.413977,
		0.452254,
		0,
		0.328888,
		-0.908655,
		0.257251,
		0,
		0.517439,
		-0.054485,
		-0.853984,
		0,
		1.311885,
		-0.649578,
		-0.538141,
		1
	},
	{
		0.789993,
		0.413977,
		0.452254,
		0,
		0.328888,
		-0.908655,
		0.257251,
		0,
		0.517439,
		-0.054485,
		-0.853984,
		0,
		1.311885,
		-0.649578,
		-0.538141,
		1
	},
	[1.11666666667] = {
		0.789993,
		0.413977,
		0.452254,
		0,
		0.328888,
		-0.908655,
		0.257251,
		0,
		0.517439,
		-0.054485,
		-0.853984,
		0,
		1.311885,
		-0.649578,
		-0.538141,
		1
	},
	[1.13333333333] = {
		0.789993,
		0.413977,
		0.452254,
		0,
		0.328888,
		-0.908655,
		0.257251,
		0,
		0.517439,
		-0.054485,
		-0.853984,
		0,
		1.311885,
		-0.649578,
		-0.538141,
		1
	},
	[1.15] = {
		0.789993,
		0.413977,
		0.452254,
		0,
		0.328888,
		-0.908655,
		0.257251,
		0,
		0.517439,
		-0.054485,
		-0.853984,
		0,
		1.311885,
		-0.649578,
		-0.538141,
		1
	},
	[1.16666666667] = {
		0.789993,
		0.413977,
		0.452254,
		0,
		0.328888,
		-0.908655,
		0.257251,
		0,
		0.517439,
		-0.054485,
		-0.853984,
		0,
		1.311885,
		-0.649578,
		-0.538141,
		1
	},
	[1.1] = {
		0.789993,
		0.413977,
		0.452254,
		0,
		0.328888,
		-0.908655,
		0.257251,
		0,
		0.517439,
		-0.054485,
		-0.853984,
		0,
		1.311885,
		-0.649578,
		-0.538141,
		1
	}
}

return spline_matrices
