local spline_matrices = {
	[0] = {
		0.433195,
		-0.182408,
		0.882649,
		0,
		-0.866607,
		0.184796,
		0.463511,
		0,
		-0.247658,
		-0.965701,
		-0.078023,
		0,
		-0.715554,
		0.520204,
		-0.021122,
		1
	},
	[0.0333333333333] = {
		0.495443,
		-0.213954,
		0.841879,
		0,
		-0.835354,
		0.148375,
		0.52931,
		0,
		-0.238162,
		-0.965509,
		-0.105216,
		0,
		-0.712845,
		0.512749,
		0.019928,
		1
	},
	[0.0666666666667] = {
		0.560978,
		-0.251321,
		0.78876,
		0,
		-0.796446,
		0.096016,
		0.597038,
		0,
		-0.225782,
		-0.96313,
		-0.146301,
		0,
		-0.71443,
		0.499275,
		0.10068,
		1
	},
	[0.133333333333] = {
		0.615289,
		-0.239387,
		0.751075,
		0,
		-0.74846,
		0.121663,
		0.651924,
		0,
		-0.24744,
		-0.963271,
		-0.104314,
		0,
		-0.700586,
		0.494146,
		0.21079,
		1
	},
	[0.166666666667] = {
		0.558131,
		-0.11661,
		0.821518,
		0,
		-0.761795,
		0.320406,
		0.563036,
		0,
		-0.328875,
		-0.940076,
		0.089996,
		0,
		-0.752926,
		0.554741,
		0.16678,
		1
	},
	[0.1] = {
		0.607397,
		-0.265711,
		0.748643,
		0,
		-0.762319,
		0.070145,
		0.643389,
		0,
		-0.223469,
		-0.961497,
		-0.159951,
		0,
		-0.712776,
		0.489612,
		0.177022,
		1
	},
	[0.233333333333] = {
		0.375891,
		-0.043985,
		0.925619,
		0,
		-0.251547,
		0.956523,
		0.147606,
		0,
		-0.891869,
		-0.288321,
		0.348484,
		0,
		-0.302634,
		1.224578,
		0.019126,
		1
	},
	[0.266666666667] = {
		0.384766,
		0.044853,
		0.921924,
		0,
		0.507875,
		0.823736,
		-0.252038,
		0,
		-0.770726,
		0.565197,
		0.294166,
		0,
		0.413076,
		1.47415,
		-0.176899,
		1
	},
	[0.2] = {
		0.516823,
		-0.076253,
		0.852689,
		0,
		-0.717859,
		0.504088,
		0.480181,
		0,
		-0.466446,
		-0.86028,
		0.205785,
		0,
		-0.707415,
		0.656237,
		0.139593,
		1
	},
	[0.333333333333] = {
		0.450224,
		0.004343,
		0.892905,
		0,
		0.88416,
		0.137526,
		-0.446484,
		0,
		-0.124737,
		0.990489,
		0.058077,
		0,
		1.347638,
		1.02118,
		-0.422727,
		1
	},
	[0.366666666667] = {
		0.346892,
		-0.070123,
		0.93528,
		0,
		0.917628,
		-0.180862,
		-0.353905,
		0,
		0.193974,
		0.981005,
		0.001608,
		0,
		1.758651,
		0.342423,
		-0.459335,
		1
	},
	[0.3] = {
		0.386083,
		0.012383,
		0.922381,
		0,
		0.77447,
		0.538856,
		-0.331406,
		0,
		-0.501134,
		0.842307,
		0.198453,
		0,
		0.893992,
		1.444087,
		-0.300793,
		1
	},
	[0.433333333333] = {
		-0.23324,
		-0.382838,
		0.893887,
		0,
		-0.065649,
		-0.910944,
		-0.407273,
		0,
		0.970201,
		-0.153676,
		0.187336,
		0,
		1.367261,
		-0.487608,
		-0.632477,
		1
	},
	[0.466666666667] = {
		-0.26823,
		-0.293106,
		0.917683,
		0,
		-0.512279,
		-0.763343,
		-0.393544,
		0,
		0.815857,
		-0.57567,
		0.0546,
		0,
		1.165195,
		-0.635953,
		-0.642962,
		1
	},
	[0.4] = {
		0.113382,
		-0.331039,
		0.93678,
		0,
		0.653876,
		-0.68503,
		-0.321217,
		0,
		0.748058,
		0.648958,
		0.138789,
		0,
		1.684461,
		-0.083045,
		-0.550488,
		1
	},
	[0.533333333333] = {
		0.577792,
		0.068353,
		0.813317,
		0,
		-0.134062,
		-0.975005,
		0.177181,
		0,
		0.805098,
		-0.211408,
		-0.554187,
		0,
		1.238051,
		-0.67062,
		-0.542712,
		1
	},
	[0.566666666667] = {
		0.789993,
		0.413977,
		0.452254,
		0,
		0.328888,
		-0.908655,
		0.257251,
		0,
		0.517439,
		-0.054485,
		-0.853984,
		0,
		1.311883,
		-0.649578,
		-0.538141,
		1
	},
	[0.5] = {
		0.081381,
		-0.202179,
		0.975961,
		0,
		-0.522883,
		-0.842296,
		-0.130888,
		0,
		0.848511,
		-0.499662,
		-0.174263,
		0,
		1.166101,
		-0.65601,
		-0.593539,
		1
	},
	[0.633333333333] = {
		0.789993,
		0.413977,
		0.452254,
		0,
		0.328888,
		-0.908655,
		0.257251,
		0,
		0.517439,
		-0.054485,
		-0.853984,
		0,
		1.311883,
		-0.649578,
		-0.538141,
		1
	},
	[0.6] = {
		0.789993,
		0.413977,
		0.452254,
		0,
		0.328888,
		-0.908655,
		0.257251,
		0,
		0.517439,
		-0.054485,
		-0.853984,
		0,
		1.311883,
		-0.649578,
		-0.538141,
		1
	}
}

return spline_matrices
