-- chunkname: @content/characters/player/ogryn/first_person/animations/combat_blade/heavy_swing_left_hit.lua

local spline_matrices = {
	[0.0166666666667] = {
		0.489126,
		0.804712,
		-0.336444,
		0,
		-0.843815,
		0.534207,
		0.050978,
		0,
		0.220753,
		0.258962,
		0.940323,
		0,
		0.155608,
		1.382394,
		-0.075687,
		1,
	},
	[0.0333333333333] = {
		0.243397,
		0.794097,
		-0.556928,
		0,
		-0.966268,
		0.148695,
		-0.210275,
		0,
		-0.084167,
		0.589322,
		0.803502,
		0,
		0.068792,
		1.296847,
		-0.196352,
		1,
	},
	[0.05] = {
		0.194541,
		0.783112,
		-0.590669,
		0,
		-0.969086,
		0.060289,
		-0.239243,
		0,
		-0.151743,
		0.618952,
		0.770632,
		0,
		0.077154,
		1.271353,
		-0.197045,
		1,
	},
	[0.0666666666667] = {
		0.212416,
		0.81214,
		-0.543422,
		0,
		-0.971467,
		0.115469,
		-0.207166,
		0,
		-0.1055,
		0.571922,
		0.813495,
		0,
		0.091066,
		1.271491,
		-0.19175,
		1,
	},
	[0.0833333333333] = {
		0.260895,
		0.845007,
		-0.466794,
		0,
		-0.965069,
		0.216287,
		-0.147855,
		0,
		-0.023977,
		0.489063,
		0.871919,
		0,
		0.102746,
		1.282159,
		-0.18509,
		1,
	},
	[0] = {
		0.725972,
		0.676285,
		-0.124912,
		0,
		-0.636423,
		0.729479,
		0.250652,
		0,
		0.260633,
		-0.102469,
		0.959985,
		0,
		0.320462,
		1.372223,
		0.098506,
		1,
	},
	[0.116666666667] = {
		0.308733,
		0.863333,
		-0.399175,
		0,
		-0.950159,
		0.299077,
		-0.088037,
		0,
		0.043379,
		0.40646,
		0.912638,
		0,
		0.113621,
		1.293057,
		-0.174842,
		1,
	},
	[0.133333333333] = {
		0.321678,
		0.864497,
		-0.386222,
		0,
		-0.94503,
		0.318411,
		-0.074385,
		0,
		0.058672,
		0.388919,
		0.919402,
		0,
		0.117388,
		1.29679,
		-0.170919,
		1,
	},
	[0.15] = {
		0.334569,
		0.863615,
		-0.377137,
		0,
		-0.939593,
		0.336412,
		-0.063182,
		0,
		0.072309,
		0.375494,
		0.924,
		0,
		0.121257,
		1.300858,
		-0.167369,
		1,
	},
	[0.166666666667] = {
		0.346728,
		0.86115,
		-0.371753,
		0,
		-0.93422,
		0.352446,
		-0.054906,
		0,
		0.083741,
		0.366337,
		0.926706,
		0,
		0.125092,
		1.305026,
		-0.164309,
		1,
	},
	[0.183333333333] = {
		0.357516,
		0.857542,
		-0.36987,
		0,
		-0.929322,
		0.365868,
		-0.050017,
		0,
		0.092432,
		0.36161,
		0.927736,
		0,
		0.128749,
		1.309055,
		-0.161853,
		1,
	},
	[0.1] = {
		0.296442,
		0.859638,
		-0.416106,
		0,
		-0.954669,
		0.279044,
		-0.103644,
		0,
		0.027015,
		0.427968,
		0.90339,
		0,
		0.110084,
		1.289893,
		-0.179018,
		1,
	},
	[0.216666666667] = {
		0.372649,
		0.848509,
		-0.375719,
		0,
		-0.922636,
		0.382139,
		-0.052088,
		0,
		0.09938,
		0.366063,
		0.925269,
		0,
		0.13495,
		1.315728,
		-0.159206,
		1,
	},
	[0.233333333333] = {
		0.375933,
		0.84378,
		-0.383027,
		0,
		-0.921617,
		0.383466,
		-0.059802,
		0,
		0.096418,
		0.375486,
		0.921799,
		0,
		0.137209,
		1.317856,
		-0.159234,
		1,
	},
	[0.25] = {
		0.375716,
		0.839267,
		-0.393024,
		0,
		-0.922525,
		0.379087,
		-0.072393,
		0,
		0.088233,
		0.389774,
		0.916674,
		0,
		0.138736,
		1.318804,
		-0.160303,
		1,
	},
	[0.266666666667] = {
		0.371547,
		0.835131,
		-0.405597,
		0,
		-0.92546,
		0.367974,
		-0.090102,
		0,
		0.074003,
		0.408841,
		0.9096,
		0,
		0.139428,
		1.318259,
		-0.162515,
		1,
	},
	[0.283333333333] = {
		0.362996,
		0.831411,
		-0.4207,
		0,
		-0.930294,
		0.348951,
		-0.113076,
		0,
		0.052791,
		0.432421,
		0.900125,
		0,
		0.13922,
		1.315874,
		-0.165957,
		1,
	},
	[0.2] = {
		0.366339,
		0.853204,
		-0.371266,
		0,
		-0.925323,
		0.376007,
		-0.048945,
		0,
		0.097838,
		0.361472,
		0.927236,
		0,
		0.132084,
		1.312706,
		-0.160115,
		1,
	},
	[0.316666666667] = {
		0.29141,
		0.800425,
		-0.523832,
		0,
		-0.952283,
		0.190779,
		-0.238245,
		0,
		-0.090761,
		0.568263,
		0.817826,
		0,
		0.087767,
		1.292972,
		-0.245859,
		1,
	},
	[0.333333333333] = {
		0.26204,
		0.780335,
		-0.567814,
		0,
		-0.951049,
		0.108921,
		-0.289211,
		0,
		-0.163834,
		0.615803,
		0.770678,
		0,
		0.055412,
		1.280517,
		-0.294721,
		1,
	},
	[0.35] = {
		0.263457,
		0.788829,
		-0.555283,
		0,
		-0.949218,
		0.109364,
		-0.295001,
		0,
		-0.171977,
		0.604805,
		0.777583,
		0,
		0.041561,
		1.280503,
		-0.313006,
		1,
	},
	[0.366666666667] = {
		0.316626,
		0.838305,
		-0.44384,
		0,
		-0.945436,
		0.241019,
		-0.219228,
		0,
		-0.076806,
		0.489035,
		0.868876,
		0,
		0.078568,
		1.285911,
		-0.250792,
		1,
	},
	[0.383333333333] = {
		0.42908,
		0.866514,
		-0.255036,
		0,
		-0.900247,
		0.433311,
		-0.042377,
		0,
		0.07379,
		0.247779,
		0.966002,
		0,
		0.167443,
		1.280611,
		-0.112868,
		1,
	},
	[0.3] = {
		0.334087,
		0.821917,
		-0.461343,
		0,
		-0.942539,
		0.289987,
		-0.165918,
		0,
		-0.002587,
		0.490265,
		0.87157,
		0,
		0.122304,
		1.307497,
		-0.193123,
		1,
	},
	[0.416666666667] = {
		0.664909,
		0.746606,
		0.021823,
		0,
		-0.708838,
		0.621524,
		0.333551,
		0,
		0.235468,
		-0.23725,
		0.942479,
		0,
		0.33954,
		1.251857,
		0.126502,
		1,
	},
	[0.433333333333] = {
		0.723512,
		0.68775,
		0.059413,
		0,
		-0.644377,
		0.641992,
		0.415481,
		0,
		0.247605,
		-0.33889,
		0.907659,
		0,
		0.372817,
		1.252374,
		0.163087,
		1,
	},
	[0.45] = {
		0.770943,
		0.632494,
		0.074823,
		0,
		-0.583933,
		0.655021,
		0.479551,
		0,
		0.254303,
		-0.413398,
		0.874318,
		0,
		0.401875,
		1.252897,
		0.19383,
		1,
	},
	[0.466666666667] = {
		0.808919,
		0.583225,
		0.074147,
		0,
		-0.528085,
		0.665359,
		0.527659,
		0,
		0.25841,
		-0.46599,
		0.846214,
		0,
		0.427258,
		1.254039,
		0.219465,
		1,
	},
	[0.483333333333] = {
		0.839086,
		0.540424,
		0.062259,
		0,
		-0.476997,
		0.67588,
		0.561837,
		0,
		0.261551,
		-0.501127,
		0.824902,
		0,
		0.44954,
		1.256079,
		0.240661,
		1,
	},
	[0.4] = {
		0.565914,
		0.82093,
		-0.076262,
		0,
		-0.802227,
		0.569628,
		0.178763,
		0,
		0.190193,
		-0.039985,
		0.980932,
		0,
		0.270533,
		1.263561,
		0.036186,
		1,
	},
	[0.516666666667] = {
		0.881479,
		0.471824,
		0.019395,
		0,
		-0.389299,
		0.702828,
		0.595382,
		0,
		0.267284,
		-0.532368,
		0.803208,
		0,
		0.48701,
		1.262952,
		0.271942,
		1,
	},
	[0.533333333333] = {
		0.895965,
		0.444085,
		-0.005954,
		0,
		-0.352894,
		0.719994,
		0.597557,
		0,
		0.269653,
		-0.533289,
		0.801805,
		0,
		0.503232,
		1.267547,
		0.282952,
		1,
	},
	[0.55] = {
		0.907269,
		0.419423,
		-0.030786,
		0,
		-0.321704,
		0.73931,
		0.591546,
		0,
		0.270868,
		-0.526787,
		0.805683,
		0,
		0.518419,
		1.272645,
		0.291416,
		1,
	},
	[0.566666666667] = {
		0.916268,
		0.397048,
		-0.052968,
		0,
		-0.295969,
		0.76017,
		0.578397,
		0,
		0.269916,
		-0.51429,
		0.814034,
		0,
		0.533031,
		1.277993,
		0.297717,
		1,
	},
	[0.583333333333] = {
		0.923783,
		0.376388,
		-0.070407,
		0,
		-0.275921,
		0.781799,
		0.559158,
		0,
		0.265504,
		-0.497114,
		0.826066,
		0,
		0.547515,
		1.283317,
		0.302238,
		1,
	},
	[0.5] = {
		0.862869,
		0.503596,
		0.042988,
		0,
		-0.430712,
		0.688146,
		0.583903,
		0,
		0.264469,
		-0.522347,
		0.810685,
		0,
		0.46928,
		1.259075,
		0.257989,
		1,
	},
	[0.616666666667] = {
		0.937037,
		0.339273,
		-0.082803,
		0,
		-0.253576,
		0.824007,
		0.506667,
		0,
		0.240129,
		-0.453769,
		0.858156,
		0,
		0.577666,
		1.292947,
		0.307071,
		1,
	},
	[0.633333333333] = {
		0.943446,
		0.32319,
		-0.073878,
		0,
		-0.251584,
		0.843071,
		0.475329,
		0,
		0.215906,
		-0.42986,
		0.876701,
		0,
		0.593692,
		1.297171,
		0.30717,
		1,
	},
	[0.65] = {
		0.949599,
		0.309129,
		-0.051975,
		0,
		-0.255701,
		0.859791,
		0.442013,
		0,
		0.181327,
		-0.406445,
		0.895502,
		0,
		0.610739,
		1.300833,
		0.305895,
		1,
	},
	[0.666666666667] = {
		0.95465,
		0.297357,
		-0.014933,
		0,
		-0.265716,
		0.873548,
		0.407809,
		0,
		0.13431,
		-0.385347,
		0.912945,
		0,
		0.629162,
		1.30378,
		0.303447,
		1,
	},
	[0.683333333333] = {
		0.955259,
		0.28926,
		0.061715,
		0,
		-0.291391,
		0.884627,
		0.36404,
		0,
		0.050707,
		-0.365736,
		0.929336,
		0,
		0.650343,
		1.301182,
		0.288567,
		1,
	},
	[0.6] = {
		0.930545,
		0.357108,
		-0.08099,
		0,
		-0.261733,
		0.803339,
		0.534923,
		0,
		0.256088,
		-0.476572,
		0.84101,
		0,
		0.56232,
		1.288329,
		0.305373,
		1,
	},
	[0.716666666667] = {
		0.899848,
		0.303151,
		0.313643,
		0,
		-0.377255,
		0.901824,
		0.210696,
		0,
		-0.218979,
		-0.307918,
		0.92587,
		0,
		0.705446,
		1.273092,
		0.197681,
		1,
	},
	[0.733333333333] = {
		0.840938,
		0.335018,
		0.424955,
		0,
		-0.412569,
		0.905097,
		0.102885,
		0,
		-0.350158,
		-0.261843,
		0.899348,
		0,
		0.739962,
		1.252131,
		0.130529,
		1,
	},
	[0.75] = {
		0.780934,
		0.387974,
		0.489507,
		0,
		-0.435598,
		0.899954,
		-0.018356,
		0,
		-0.447656,
		-0.198894,
		0.871806,
		0,
		0.778039,
		1.229019,
		0.056708,
		1,
	},
	[0.766666666667] = {
		0.742025,
		0.461565,
		0.486165,
		0,
		-0.451118,
		0.880246,
		-0.147172,
		0,
		-0.495875,
		-0.110112,
		0.861385,
		0,
		0.816975,
		1.205259,
		-0.017497,
		1,
	},
	[0.783333333333] = {
		0.731512,
		0.575906,
		0.364995,
		0,
		-0.492044,
		0.816466,
		-0.302119,
		0,
		-0.471998,
		0.04141,
		0.880626,
		0,
		0.854285,
		1.182607,
		-0.103395,
		1,
	},
	[0.7] = {
		0.93975,
		0.289464,
		0.181881,
		0,
		-0.333276,
		0.894218,
		0.298833,
		0,
		-0.07614,
		-0.341445,
		0.936813,
		0,
		0.675611,
		1.290134,
		0.25205,
		1,
	},
	[0.816666666667] = {
		0.697061,
		0.70509,
		-0.130205,
		0,
		-0.636173,
		0.524423,
		-0.565919,
		0,
		-0.330742,
		0.477314,
		0.814114,
		0,
		0.922522,
		1.101922,
		-0.298186,
		1,
	},
	[0.833333333333] = {
		0.696618,
		0.658552,
		-0.284662,
		0,
		-0.652061,
		0.415677,
		-0.634057,
		0,
		-0.299232,
		0.627313,
		0.718984,
		0,
		0.958897,
		1.032707,
		-0.378051,
		1,
	},
	[0.85] = {
		0.748334,
		0.580676,
		-0.320643,
		0,
		-0.596638,
		0.378006,
		-0.707908,
		0,
		-0.28986,
		0.72106,
		0.629328,
		0,
		1.005843,
		0.938382,
		-0.454584,
		1,
	},
	[0.866666666667] = {
		0.831051,
		0.476184,
		-0.287408,
		0,
		-0.486113,
		0.370744,
		-0.791355,
		0,
		-0.270276,
		0.797369,
		0.539587,
		0,
		1.065236,
		0.822201,
		-0.537841,
		1,
	},
	[0.883333333333] = {
		0.914921,
		0.3538,
		-0.19428,
		0,
		-0.328269,
		0.372161,
		-0.868179,
		0,
		-0.234859,
		0.858092,
		0.45664,
		0,
		1.132443,
		0.695156,
		-0.619701,
		1,
	},
	[0.8] = {
		0.72026,
		0.682162,
		0.126017,
		0,
		-0.567144,
		0.683664,
		-0.459294,
		0,
		-0.399466,
		0.259342,
		0.8793,
		0,
		0.888977,
		1.151209,
		-0.203206,
		1,
	},
	[0.916666666667] = {
		0.989898,
		0.112438,
		0.086363,
		0,
		0.04242,
		0.346354,
		-0.937144,
		0,
		-0.135283,
		0.931341,
		0.338085,
		0,
		1.261661,
		0.457936,
		-0.746593,
		1,
	},
	[0.933333333333] = {
		0.976664,
		0.029652,
		0.212716,
		0,
		0.192461,
		0.318737,
		-0.928098,
		0,
		-0.09532,
		0.947379,
		0.305592,
		0,
		1.306419,
		0.377391,
		-0.781008,
		1,
	},
	[0.95] = {
		0.955548,
		-0.008935,
		0.294701,
		0,
		0.284138,
		0.294718,
		-0.912363,
		0,
		-0.078702,
		0.955543,
		0.284155,
		0,
		1.328249,
		0.344381,
		-0.793068,
		1,
	},
	[0.966666666667] = {
		0.939397,
		-0.009295,
		0.342705,
		0,
		0.331231,
		0.282441,
		-0.900285,
		0,
		-0.088426,
		0.95924,
		0.268403,
		0,
		1.332443,
		0.344407,
		-0.791885,
		1,
	},
	[0.983333333333] = {
		0.924751,
		0.012827,
		0.380356,
		0,
		0.361513,
		0.282709,
		-0.888473,
		0,
		-0.118927,
		0.95912,
		0.256798,
		0,
		1.32884,
		0.351436,
		-0.787945,
		1,
	},
	[0.9] = {
		0.972178,
		0.226467,
		-0.059862,
		0,
		-0.141892,
		0.366003,
		-0.919733,
		0,
		-0.186379,
		0.902637,
		0.387954,
		0,
		1.200799,
		0.569141,
		-0.691554,
		1,
	},
	[1.01666666667] = {
		0.896006,
		0.108008,
		0.430706,
		0,
		0.37963,
		0.316815,
		-0.8692,
		0,
		-0.230335,
		0.942318,
		0.242866,
		0,
		1.302404,
		0.383252,
		-0.773841,
		1,
	},
	[1.03333333333] = {
		0.877973,
		0.173625,
		0.446115,
		0,
		0.369473,
		0.346791,
		-0.862106,
		0,
		-0.304391,
		0.921732,
		0.240323,
		0,
		1.281281,
		0.406057,
		-0.764455,
		1,
	},
	[1.05] = {
		0.854902,
		0.246142,
		0.45668,
		0,
		0.347458,
		0.382028,
		-0.856346,
		0,
		-0.385247,
		0.890768,
		0.241073,
		0,
		1.255971,
		0.432012,
		-0.753935,
		1,
	},
	[1.06666666667] = {
		0.825757,
		0.321277,
		0.46358,
		0,
		0.314606,
		0.419813,
		-0.85134,
		0,
		-0.468132,
		0.848845,
		0.245588,
		0,
		1.227343,
		0.459957,
		-0.742642,
		1,
	},
	[1.08333333333] = {
		0.790689,
		0.394652,
		0.468039,
		0,
		0.272563,
		0.457632,
		-0.846335,
		0,
		-0.548198,
		0.796758,
		0.254277,
		0,
		1.196396,
		0.488815,
		-0.730913,
		1,
	},
	{
		0.910886,
		0.05318,
		0.409217,
		0,
		0.377226,
		0.294714,
		-0.877977,
		0,
		-0.167293,
		0.954104,
		0.24839,
		0,
		1.318527,
		0.364697,
		-0.781789,
		1,
	},
	[1.11666666667] = {
		0.709577,
		0.520813,
		0.47461,
		0,
		0.170998,
		0.526148,
		-0.833023,
		0,
		-0.683565,
		0.672251,
		0.284285,
		0,
		1.132211,
		0.546037,
		-0.707169,
		1,
	},
	[1.13333333333] = {
		0.669633,
		0.567718,
		0.478841,
		0,
		0.117719,
		0.555453,
		-0.823173,
		0,
		-0.733304,
		0.607592,
		0.305118,
		0,
		1.101462,
		0.573287,
		-0.695709,
		1,
	},
	[1.15] = {
		0.635213,
		0.601317,
		0.484688,
		0,
		0.067253,
		0.582111,
		-0.810323,
		0,
		-0.769403,
		0.547325,
		0.329324,
		0,
		1.073264,
		0.599207,
		-0.684934,
		1,
	},
	[1.16666666667] = {
		0.610304,
		0.620485,
		0.49247,
		0,
		0.022933,
		0.607575,
		-0.793931,
		0,
		-0.791835,
		0.495834,
		0.356576,
		0,
		1.04881,
		0.623656,
		-0.675173,
		1,
	},
	[1.18333333333] = {
		0.595558,
		0.628267,
		0.500591,
		0,
		-0.022082,
		0.635727,
		-0.771598,
		0,
		-0.803009,
		0.448477,
		0.392486,
		0,
		1.025468,
		0.648833,
		-0.665043,
		1,
	},
	[1.1] = {
		0.751094,
		0.462286,
		0.471328,
		0,
		0.223709,
		0.493472,
		-0.8405,
		0,
		-0.621138,
		0.736734,
		0.267226,
		0,
		1.164275,
		0.517729,
		-0.719,
		1,
	},
	[1.21666666667] = {
		0.589088,
		0.625059,
		0.512129,
		0,
		-0.133453,
		0.700322,
		-0.701241,
		0,
		-0.796972,
		0.344748,
		0.495967,
		0,
		0.973731,
		0.705974,
		-0.639104,
		1,
	},
	[1.23333333333] = {
		0.595786,
		0.616761,
		0.514436,
		0,
		-0.193779,
		0.731995,
		-0.653172,
		0,
		-0.779415,
		0.289464,
		0.555628,
		0,
		0.946699,
		0.73658,
		-0.623655,
		1,
	},
	[1.25] = {
		0.607674,
		0.605724,
		0.513645,
		0,
		-0.252828,
		0.760653,
		-0.5979,
		0,
		-0.752868,
		0.233464,
		0.615373,
		0,
		0.919822,
		0.767768,
		-0.607038,
		1,
	},
	[1.26666666667] = {
		0.623407,
		0.593157,
		0.50944,
		0,
		-0.307486,
		0.785028,
		-0.537758,
		0,
		-0.7189,
		0.178596,
		0.671779,
		0,
		0.893729,
		0.799096,
		-0.589821,
		1,
	},
	[1.28333333333] = {
		0.641518,
		0.580139,
		0.50189,
		0,
		-0.355161,
		0.804538,
		-0.476003,
		0,
		-0.679938,
		0.127113,
		0.722168,
		0,
		0.868928,
		0.830255,
		-0.572698,
		1,
	},
	[1.2] = {
		0.588714,
		0.629334,
		0.507301,
		0,
		-0.075158,
		0.667481,
		-0.740824,
		0,
		-0.80484,
		0.398006,
		0.440255,
		0,
		1.000222,
		0.676508,
		-0.652981,
		1,
	},
	[1.31666666667] = {
		0.679141,
		0.556053,
		0.479138,
		0,
		-0.423076,
		0.829972,
		-0.363529,
		0,
		-0.599812,
		0.044176,
		0.79892,
		0,
		0.824438,
		0.891432,
		-0.541815,
		1,
	},
	[1.33333333333] = {
		0.696173,
		0.546066,
		0.465998,
		0,
		-0.442001,
		0.837557,
		-0.321143,
		0,
		-0.565666,
		0.017599,
		0.824447,
		0,
		0.805016,
		0.921323,
		-0.529568,
		1,
	},
	[1.35] = {
		0.713036,
		0.536462,
		0.45143,
		0,
		-0.451876,
		0.843922,
		-0.289143,
		0,
		-0.536086,
		0.002179,
		0.844161,
		0,
		0.787509,
		0.950763,
		-0.519594,
		1,
	},
	[1.36666666667] = {
		0.731454,
		0.525828,
		0.434142,
		0,
		-0.454668,
		0.850581,
		-0.264177,
		0,
		-0.508184,
		-0.004157,
		0.861238,
		0,
		0.771854,
		0.979621,
		-0.511233,
		1,
	},
	[1.38333333333] = {
		0.750981,
		0.514026,
		0.414493,
		0,
		-0.451629,
		0.85777,
		-0.245483,
		0,
		-0.481724,
		-0.002844,
		0.876318,
		0,
		0.757995,
		1.007586,
		-0.504346,
		1,
	},
	[1.3] = {
		0.660543,
		0.567554,
		0.491494,
		0,
		-0.394025,
		0.819295,
		-0.416533,
		0,
		-0.639083,
		0.081477,
		0.76481,
		0,
		0.845766,
		0.861063,
		-0.556438,
		1,
	},
	[1.41666666667] = {
		0.791697,
		0.486439,
		0.369585,
		0,
		-0.432384,
		0.873546,
		-0.223521,
		0,
		-0.431578,
		0.017158,
		0.901912,
		0,
		0.735565,
		1.059391,
		-0.494397,
		1,
	},
	[1.43333333333] = {
		0.812096,
		0.470564,
		0.345066,
		0,
		-0.418114,
		0.881745,
		-0.218419,
		0,
		-0.40704,
		0.033101,
		0.91281,
		0,
		0.726992,
		1.082461,
		-0.491023,
		1,
	},
	[1.45] = {
		0.832022,
		0.453386,
		0.319656,
		0,
		-0.401938,
		0.889844,
		-0.215926,
		0,
		-0.382341,
		0.051173,
		0.922603,
		0,
		0.720195,
		1.103124,
		-0.488492,
		1,
	},
	[1.46666666667] = {
		0.85113,
		0.435108,
		0.293698,
		0,
		-0.384706,
		0.897653,
		-0.214987,
		0,
		-0.357181,
		0.069995,
		0.931409,
		0,
		0.715188,
		1.120997,
		-0.486624,
		1,
	},
	[1.48333333333] = {
		0.869105,
		0.416048,
		0.267508,
		0,
		-0.367238,
		0.905057,
		-0.214494,
		0,
		-0.33135,
		0.088179,
		0.939378,
		0,
		0.711991,
		1.135715,
		-0.485231,
		1,
	},
	[1.4] = {
		0.771196,
		0.500924,
		0.392851,
		0,
		-0.443866,
		0.865478,
		-0.232228,
		0,
		-0.456332,
		0.00472,
		0.889797,
		0,
		0.745901,
		1.034302,
		-0.498785,
		1,
	},
	[1.51666666667] = {
		0.900608,
		0.37744,
		0.215511,
		0,
		-0.334691,
		0.918596,
		-0.21015,
		0,
		-0.277287,
		0.117133,
		0.95362,
		0,
		0.711115,
		1.154299,
		-0.483054,
		1,
	},
	[1.53333333333] = {
		0.91373,
		0.359085,
		0.190144,
		0,
		-0.321046,
		0.924869,
		-0.203831,
		0,
		-0.249051,
		0.125202,
		0.960363,
		0,
		0.713499,
		1.157508,
		-0.481848,
		1,
	},
	[1.5] = {
		0.885673,
		0.396643,
		0.241366,
		0,
		-0.350318,
		0.912023,
		-0.213286,
		0,
		-0.30473,
		0.104347,
		0.946706,
		0,
		0.710624,
		1.146927,
		-0.48411,
		1,
	},
}

return spline_matrices
