-- chunkname: @content/characters/player/ogryn/first_person/animations/combat_blade/heavy_swing_down_left.lua

local spline_matrices = {
	[0.0166666666667] = {
		0.902138,
		0.099611,
		0.41979,
		0,
		-0.426238,
		0.055041,
		0.902935,
		0,
		0.066837,
		-0.993503,
		0.092113,
		0,
		0.622669,
		-0.314197,
		0.690156,
		1,
	},
	[0.0333333333333] = {
		0.913968,
		0.120671,
		0.387428,
		0,
		-0.39346,
		0.030004,
		0.918852,
		0,
		0.099255,
		-0.992239,
		0.074902,
		0,
		0.626063,
		-0.275222,
		0.711481,
		1,
	},
	[0.05] = {
		0.923814,
		0.142732,
		0.35524,
		0,
		-0.359452,
		0.004015,
		0.933155,
		0,
		0.131764,
		-0.989753,
		0.055014,
		0,
		0.630021,
		-0.23738,
		0.733378,
		1,
	},
	[0.0666666666667] = {
		0.931886,
		0.165668,
		0.322711,
		0,
		-0.324077,
		-0.019474,
		0.94583,
		0,
		0.162978,
		-0.985989,
		0.035542,
		0,
		0.633641,
		-0.197849,
		0.754516,
		1,
	},
	[0.0833333333333] = {
		0.938399,
		0.189171,
		0.289174,
		0,
		-0.287463,
		-0.037032,
		0.957075,
		0,
		0.191759,
		-0.981246,
		0.019629,
		0,
		0.636037,
		-0.153896,
		0.773603,
		1,
	},
	[0] = {
		0.88811,
		0.079476,
		0.452708,
		0,
		-0.45821,
		0.075698,
		0.885615,
		0,
		0.036116,
		-0.993958,
		0.103645,
		0,
		0.620755,
		-0.357202,
		0.670781,
		1,
	},
	[0.116666666667] = {
		0.947629,
		0.235644,
		0.215573,
		0,
		-0.211958,
		-0.040881,
		0.976423,
		0,
		0.238901,
		-0.970979,
		0.011207,
		0,
		0.633767,
		-0.042138,
		0.800501,
		1,
	},
	[0.133333333333] = {
		0.950777,
		0.256841,
		0.173368,
		0,
		-0.173974,
		-0.020546,
		0.984536,
		0,
		0.256431,
		-0.966235,
		0.025149,
		0,
		0.627508,
		0.030914,
		0.805745,
		1,
	},
	[0.15] = {
		0.954358,
		0.27014,
		0.127377,
		0,
		-0.123303,
		-0.03207,
		0.991851,
		0,
		0.272024,
		-0.962287,
		0.002702,
		0,
		0.62382,
		0.115878,
		0.793386,
		1,
	},
	[0.166666666667] = {
		0.957119,
		0.27861,
		0.079373,
		0,
		-0.065946,
		-0.057253,
		0.996179,
		0,
		0.28209,
		-0.958696,
		-0.036425,
		0,
		0.617465,
		0.222993,
		0.756348,
		1,
	},
	[0.183333333333] = {
		0.957262,
		0.288155,
		0.024814,
		0,
		-0.025629,
		-0.000946,
		0.999671,
		0,
		0.288084,
		-0.957583,
		0.00648,
		0,
		0.592086,
		0.369677,
		0.700119,
		1,
	},
	[0.1] = {
		0.943573,
		0.21274,
		0.253795,
		0,
		-0.249942,
		-0.045277,
		0.967202,
		0,
		0.217253,
		-0.976059,
		0.01045,
		0,
		0.636352,
		-0.102864,
		0.789357,
		1,
	},
	[0.216666666667] = {
		0.95821,
		0.218395,
		-0.184762,
		0,
		-0.084573,
		0.833277,
		0.546348,
		0,
		0.273278,
		-0.50789,
		0.816925,
		0,
		0.403308,
		0.966618,
		0.519448,
		1,
	},
	[0.233333333333] = {
		0.975093,
		0.080048,
		-0.206849,
		0,
		-0.144719,
		0.936349,
		-0.319855,
		0,
		0.168079,
		0.341824,
		0.924611,
		0,
		0.234315,
		1.404463,
		0.226051,
		1,
	},
	[0.25] = {
		0.987606,
		0.095196,
		-0.12479,
		0,
		-0.152373,
		0.390806,
		-0.907774,
		0,
		-0.037647,
		0.915537,
		0.400468,
		0,
		0.058935,
		1.683422,
		-0.240964,
		1,
	},
	[0.266666666667] = {
		0.981471,
		0.123942,
		-0.146127,
		0,
		-0.170025,
		0.211685,
		-0.962435,
		0,
		-0.088353,
		0.969447,
		0.228836,
		0,
		-0.037075,
		1.747095,
		-0.578796,
		1,
	},
	[0.283333333333] = {
		0.964822,
		0.222434,
		-0.140152,
		0,
		-0.083216,
		-0.247303,
		-0.965358,
		0,
		-0.249388,
		0.943061,
		-0.220093,
		0,
		-0.144151,
		1.63562,
		-0.950986,
		1,
	},
	[0.2] = {
		0.954938,
		0.292463,
		-0.050577,
		0,
		-0.023506,
		0.244394,
		0.969391,
		0,
		0.295872,
		-0.92452,
		0.240256,
		0,
		0.532062,
		0.580205,
		0.629036,
		1,
	},
	[0.316666666667] = {
		0.927818,
		0.187053,
		-0.322745,
		0,
		-0.056958,
		-0.78401,
		-0.61813,
		0,
		-0.368658,
		0.591895,
		-0.716764,
		0,
		-0.226668,
		1.208131,
		-1.347077,
		1,
	},
	[0.333333333333] = {
		0.893279,
		0.021698,
		-0.448978,
		0,
		-0.225847,
		-0.841941,
		-0.49003,
		0,
		-0.388646,
		0.539134,
		-0.747188,
		0,
		-0.213243,
		0.959406,
		-1.379089,
		1,
	},
	[0.35] = {
		0.810805,
		-0.170617,
		-0.559897,
		0,
		-0.421141,
		-0.834375,
		-0.35561,
		0,
		-0.406492,
		0.524126,
		-0.748369,
		0,
		-0.188363,
		0.703969,
		-1.378633,
		1,
	},
	[0.366666666667] = {
		0.696508,
		-0.346662,
		-0.628253,
		0,
		-0.570344,
		-0.798756,
		-0.191564,
		0,
		-0.435413,
		0.491746,
		-0.754057,
		0,
		-0.168337,
		0.455292,
		-1.393812,
		1,
	},
	[0.383333333333] = {
		0.696312,
		-0.346439,
		-0.628594,
		0,
		-0.570525,
		-0.798551,
		-0.19188,
		0,
		-0.435489,
		0.492236,
		-0.753692,
		0,
		-0.168559,
		0.456087,
		-1.393526,
		1,
	},
	[0.3] = {
		0.938983,
		0.277284,
		-0.203528,
		0,
		0.018741,
		-0.63208,
		-0.774677,
		0,
		-0.343451,
		0.723594,
		-0.598709,
		0,
		-0.213563,
		1.434865,
		-1.231428,
		1,
	},
	[0.416666666667] = {
		0.69636,
		-0.34677,
		-0.628358,
		0,
		-0.570502,
		-0.798661,
		-0.191488,
		0,
		-0.435443,
		0.491824,
		-0.753989,
		0,
		-0.168467,
		0.455332,
		-1.393784,
		1,
	},
	[0.433333333333] = {
		0.696464,
		-0.347077,
		-0.628072,
		0,
		-0.570371,
		-0.798867,
		-0.19102,
		0,
		-0.435447,
		0.491273,
		-0.754345,
		0,
		-0.168411,
		0.454405,
		-1.394093,
		1,
	},
	[0.45] = {
		0.696619,
		-0.347465,
		-0.627687,
		0,
		-0.570163,
		-0.799166,
		-0.190388,
		0,
		-0.435473,
		0.490512,
		-0.754826,
		0,
		-0.168352,
		0.453146,
		-1.39451,
		1,
	},
	[0.466666666667] = {
		0.696818,
		-0.347927,
		-0.62721,
		0,
		-0.569885,
		-0.799551,
		-0.189603,
		0,
		-0.435518,
		0.489556,
		-0.755419,
		0,
		-0.168294,
		0.45158,
		-1.395025,
		1,
	},
	[0.483333333333] = {
		0.697057,
		-0.348456,
		-0.62665,
		0,
		-0.569543,
		-0.800013,
		-0.188677,
		0,
		-0.435583,
		0.488423,
		-0.756115,
		0,
		-0.168238,
		0.449735,
		-1.395627,
		1,
	},
	[0.4] = {
		0.69631,
		-0.346551,
		-0.628534,
		0,
		-0.570551,
		-0.798557,
		-0.191778,
		0,
		-0.435459,
		0.492148,
		-0.753768,
		0,
		-0.168519,
		0.4559,
		-1.393592,
		1,
	},
	[0.516666666667] = {
		0.697636,
		-0.349685,
		-0.62532,
		0,
		-0.56869,
		-0.801141,
		-0.186451,
		0,
		-0.43577,
		0.485688,
		-0.757767,
		0,
		-0.168143,
		0.44531,
		-1.397057,
		1,
	},
	[0.533333333333] = {
		0.697966,
		-0.350372,
		-0.624566,
		0,
		-0.568192,
		-0.801791,
		-0.185175,
		0,
		-0.435891,
		0.484119,
		-0.758701,
		0,
		-0.168108,
		0.442782,
		-1.397864,
		1,
	},
	[0.55] = {
		0.698318,
		-0.351097,
		-0.623765,
		0,
		-0.567653,
		-0.802487,
		-0.183805,
		0,
		-0.43603,
		0.482437,
		-0.759692,
		0,
		-0.168085,
		0.44008,
		-1.39872,
		1,
	},
	[0.566666666667] = {
		0.698685,
		-0.351854,
		-0.622927,
		0,
		-0.56708,
		-0.803223,
		-0.182355,
		0,
		-0.436187,
		0.480658,
		-0.760729,
		0,
		-0.168075,
		0.437228,
		-1.399615,
		1,
	},
	[0.583333333333] = {
		0.699064,
		-0.352635,
		-0.622059,
		0,
		-0.56648,
		-0.803989,
		-0.180836,
		0,
		-0.43636,
		0.4788,
		-0.761801,
		0,
		-0.168082,
		0.434254,
		-1.40054,
		1,
	},
	[0.5] = {
		0.697331,
		-0.349044,
		-0.626017,
		0,
		-0.569143,
		-0.800546,
		-0.187623,
		0,
		-0.435667,
		0.487128,
		-0.756902,
		0,
		-0.168187,
		0.447636,
		-1.396308,
		1,
	},
	[0.616666666667] = {
		0.699837,
		-0.354245,
		-0.620273,
		0,
		-0.565219,
		-0.805587,
		-0.177641,
		0,
		-0.436755,
		0.47491,
		-0.764006,
		0,
		-0.168151,
		0.428043,
		-1.402442,
		1,
	},
	[0.633333333333] = {
		0.700222,
		-0.355061,
		-0.619372,
		0,
		-0.564572,
		-0.806403,
		-0.17599,
		0,
		-0.436976,
		0.472912,
		-0.765118,
		0,
		-0.168218,
		0.424861,
		-1.403402,
		1,
	},
	[0.65] = {
		0.700599,
		-0.355874,
		-0.618478,
		0,
		-0.563921,
		-0.807221,
		-0.17432,
		0,
		-0.437212,
		0.470901,
		-0.766223,
		0,
		-0.16831,
		0.421661,
		-1.404355,
		1,
	},
	[0.666666666667] = {
		0.700964,
		-0.356679,
		-0.6176,
		0,
		-0.563272,
		-0.808034,
		-0.172644,
		0,
		-0.437463,
		0.468894,
		-0.76731,
		0,
		-0.16843,
		0.418472,
		-1.405295,
		1,
	},
	[0.683333333333] = {
		0.701312,
		-0.35747,
		-0.616747,
		0,
		-0.562633,
		-0.808834,
		-0.170974,
		0,
		-0.437728,
		0.466908,
		-0.768369,
		0,
		-0.168579,
		0.41532,
		-1.406212,
		1,
	},
	[0.6] = {
		0.69945,
		-0.353435,
		-0.621171,
		0,
		-0.565857,
		-0.80478,
		-0.179261,
		0,
		-0.436549,
		0.476878,
		-0.762897,
		0,
		-0.168106,
		0.431183,
		-1.401486,
		1,
	},
	[0.716666666667] = {
		0.701939,
		-0.358982,
		-0.615153,
		0,
		-0.561405,
		-0.81037,
		-0.167704,
		0,
		-0.438299,
		0.463068,
		-0.770365,
		0,
		-0.168973,
		0.409236,
		-1.407947,
		1,
	},
	[0.733333333333] = {
		0.702209,
		-0.359691,
		-0.614431,
		0,
		-0.560829,
		-0.811093,
		-0.16613,
		0,
		-0.438605,
		0.461248,
		-0.771282,
		0,
		-0.169224,
		0.406358,
		-1.40875,
		1,
	},
	[0.75] = {
		0.702454,
		-0.360362,
		-0.613757,
		0,
		-0.560283,
		-0.811777,
		-0.164625,
		0,
		-0.438909,
		0.459519,
		-0.772141,
		0,
		-0.169486,
		0.403624,
		-1.409504,
		1,
	},
	[0.766666666667] = {
		0.702685,
		-0.360987,
		-0.613125,
		0,
		-0.559771,
		-0.812415,
		-0.163215,
		0,
		-0.439193,
		0.457898,
		-0.772941,
		0,
		-0.169732,
		0.401063,
		-1.410206,
		1,
	},
	[0.783333333333] = {
		0.702897,
		-0.361562,
		-0.612543,
		0,
		-0.559298,
		-0.813001,
		-0.161913,
		0,
		-0.439456,
		0.456402,
		-0.773676,
		0,
		-0.169959,
		0.398702,
		-1.410848,
		1,
	},
	[0.7] = {
		0.701639,
		-0.358239,
		-0.615928,
		0,
		-0.562008,
		-0.809615,
		-0.169323,
		0,
		-0.438007,
		0.46496,
		-0.769391,
		0,
		-0.168759,
		0.412233,
		-1.407098,
		1,
	},
	[0.816666666667] = {
		0.703258,
		-0.362534,
		-0.611553,
		0,
		-0.558491,
		-0.813992,
		-0.159698,
		0,
		-0.439903,
		0.453856,
		-0.774919,
		0,
		-0.170345,
		0.394686,
		-1.41193,
		1,
	},
	[0.833333333333] = {
		0.703402,
		-0.362919,
		-0.611159,
		0,
		-0.558169,
		-0.814386,
		-0.158816,
		0,
		-0.440082,
		0.452841,
		-0.775411,
		0,
		-0.1705,
		0.393087,
		-1.412357,
		1,
	},
	[0.85] = {
		0.703519,
		-0.363229,
		-0.61084,
		0,
		-0.557909,
		-0.814703,
		-0.158103,
		0,
		-0.440226,
		0.452022,
		-0.775808,
		0,
		-0.170624,
		0.391795,
		-1.412701,
		1,
	},
	[0.866666666667] = {
		0.703605,
		-0.363459,
		-0.610605,
		0,
		-0.557716,
		-0.814937,
		-0.157575,
		0,
		-0.440333,
		0.451415,
		-0.776101,
		0,
		-0.170717,
		0.390839,
		-1.412955,
		1,
	},
	[0.883333333333] = {
		0.703658,
		-0.363601,
		-0.610459,
		0,
		-0.557596,
		-0.815083,
		-0.157247,
		0,
		-0.440399,
		0.451038,
		-0.776282,
		0,
		-0.170774,
		0.390246,
		-1.413112,
		1,
	},
	[0.8] = {
		0.703089,
		-0.362079,
		-0.612017,
		0,
		-0.558869,
		-0.813529,
		-0.160736,
		0,
		-0.439694,
		0.455049,
		-0.774338,
		0,
		-0.170164,
		0.396567,
		-1.411425,
		1,
	},
	[0.916666666667] = {
		0.703677,
		-0.36365,
		-0.610408,
		0,
		-0.557555,
		-0.815132,
		-0.157134,
		0,
		-0.440422,
		0.450908,
		-0.776344,
		0,
		-0.170794,
		0.390042,
		-1.413166,
		1,
	},
	[0.933333333333] = {
		0.703677,
		-0.36365,
		-0.610408,
		0,
		-0.557555,
		-0.815132,
		-0.157134,
		0,
		-0.440422,
		0.450908,
		-0.776344,
		0,
		-0.170794,
		0.390042,
		-1.413166,
		1,
	},
	[0.95] = {
		0.703677,
		-0.36365,
		-0.610408,
		0,
		-0.557555,
		-0.815132,
		-0.157134,
		0,
		-0.440422,
		0.450908,
		-0.776344,
		0,
		-0.170794,
		0.390042,
		-1.413166,
		1,
	},
	[0.966666666667] = {
		0.703677,
		-0.36365,
		-0.610408,
		0,
		-0.557555,
		-0.815132,
		-0.157134,
		0,
		-0.440422,
		0.450908,
		-0.776344,
		0,
		-0.170794,
		0.390042,
		-1.413166,
		1,
	},
	[0.983333333333] = {
		0.703677,
		-0.36365,
		-0.610408,
		0,
		-0.557555,
		-0.815132,
		-0.157134,
		0,
		-0.440422,
		0.450908,
		-0.776344,
		0,
		-0.170794,
		0.390042,
		-1.413166,
		1,
	},
	[0.9] = {
		0.703677,
		-0.36365,
		-0.610408,
		0,
		-0.557555,
		-0.815132,
		-0.157134,
		0,
		-0.440422,
		0.450908,
		-0.776344,
		0,
		-0.170794,
		0.390042,
		-1.413166,
		1,
	},
	[1.01666666667] = {
		0.703677,
		-0.36365,
		-0.610408,
		0,
		-0.557555,
		-0.815132,
		-0.157134,
		0,
		-0.440422,
		0.450908,
		-0.776344,
		0,
		-0.170794,
		0.390042,
		-1.413166,
		1,
	},
	{
		0.703677,
		-0.36365,
		-0.610408,
		0,
		-0.557555,
		-0.815132,
		-0.157134,
		0,
		-0.440422,
		0.450908,
		-0.776344,
		0,
		-0.170794,
		0.390042,
		-1.413166,
		1,
	},
}

return spline_matrices
