-- chunkname: @content/characters/player/ogryn/first_person/animations/combat_blade/heavy_swing_left.lua

local spline_matrices = {
	[0.0166666666667] = {
		0.800667,
		-0.328495,
		-0.501022,
		0,
		0.583314,
		0.236676,
		0.777,
		0,
		-0.136661,
		-0.914372,
		0.381114,
		0,
		1.091134,
		0.638725,
		0.516527,
		1,
	},
	[0.0333333333333] = {
		0.796556,
		-0.389159,
		-0.46266,
		0,
		0.553612,
		0.16203,
		0.816859,
		0,
		-0.242923,
		-0.906808,
		0.344509,
		0,
		1.109516,
		0.637236,
		0.518044,
		1,
	},
	[0.05] = {
		0.786141,
		-0.44975,
		-0.423919,
		0,
		0.513011,
		0.092331,
		0.853402,
		0,
		-0.344676,
		-0.888369,
		0.303312,
		0,
		1.133434,
		0.638576,
		0.51806,
		1,
	},
	[0.0666666666667] = {
		0.775524,
		-0.49368,
		-0.3935,
		0,
		0.475186,
		0.046101,
		0.878677,
		0,
		-0.415644,
		-0.868421,
		0.270342,
		0,
		1.1571,
		0.643347,
		0.516125,
		1,
	},
	[0.0833333333333] = {
		0.775566,
		-0.505275,
		-0.378412,
		0,
		0.457493,
		0.036843,
		0.88845,
		0,
		-0.434969,
		-0.862172,
		0.259734,
		0,
		1.17483,
		0.651415,
		0.512078,
		1,
	},
	[0] = {
		0.80025,
		-0.284365,
		-0.527955,
		0,
		0.596866,
		0.292726,
		0.747036,
		0,
		-0.057885,
		-0.912934,
		0.403981,
		0,
		1.084482,
		0.641584,
		0.514795,
		1,
	},
	[0.116666666667] = {
		0.820439,
		-0.351602,
		-0.450839,
		0,
		0.536625,
		0.201491,
		0.819412,
		0,
		-0.197267,
		-0.914209,
		0.35399,
		0,
		1.165143,
		0.675889,
		0.499049,
		1,
	},
	[0.133333333333] = {
		0.795353,
		-0.175919,
		-0.580057,
		0,
		0.594885,
		0.410154,
		0.691293,
		0,
		0.116301,
		-0.894889,
		0.430869,
		0,
		1.122309,
		0.721526,
		0.48692,
		1,
	},
	[0.15] = {
		0.658726,
		-0.044745,
		-0.751051,
		0,
		0.574599,
		0.674341,
		0.46379,
		0,
		0.485712,
		-0.737063,
		0.469916,
		0,
		1.053104,
		0.842066,
		0.479793,
		1,
	},
	[0.166666666667] = {
		0.494933,
		0.017308,
		-0.868759,
		0,
		0.379636,
		0.895025,
		0.23411,
		0,
		0.781613,
		-0.445681,
		0.436406,
		0,
		0.943995,
		0.999513,
		0.45479,
		1,
	},
	[0.183333333333] = {
		0.368904,
		0.109778,
		-0.922962,
		0,
		0.064493,
		0.987584,
		0.143241,
		0,
		0.927228,
		-0.112366,
		0.357244,
		0,
		0.810298,
		1.125224,
		0.387197,
		1,
	},
	[0.1] = {
		0.79514,
		-0.466774,
		-0.387138,
		0,
		0.4741,
		0.080417,
		0.876791,
		0,
		-0.378131,
		-0.880713,
		0.28524,
		0,
		1.180693,
		0.662831,
		0.50564,
		1,
	},
	[0.216666666667] = {
		0.336992,
		0.166918,
		-0.926593,
		0,
		-0.485295,
		0.874143,
		-0.019027,
		0,
		0.806799,
		0.456083,
		0.375584,
		0,
		0.446961,
		1.314146,
		0.158334,
		1,
	},
	[0.233333333333] = {
		0.333531,
		0.130745,
		-0.933629,
		0,
		-0.656185,
		0.74326,
		-0.13033,
		0,
		0.676889,
		0.656102,
		0.333693,
		0,
		0.242835,
		1.341606,
		0.038414,
		1,
	},
	[0.25] = {
		0.378897,
		0.114053,
		-0.918384,
		0,
		-0.862815,
		0.402387,
		-0.305999,
		0,
		0.334645,
		0.908337,
		0.25087,
		0,
		-0.011727,
		1.285895,
		-0.08975,
		1,
	},
	[0.266666666667] = {
		0.40703,
		0.139851,
		-0.902645,
		0,
		-0.908056,
		-0.044938,
		-0.416432,
		0,
		-0.098801,
		0.989152,
		0.108702,
		0,
		-0.25937,
		1.184877,
		-0.215333,
		1,
	},
	[0.283333333333] = {
		0.284872,
		0.108829,
		-0.952368,
		0,
		-0.860202,
		-0.409373,
		-0.304083,
		0,
		-0.422966,
		0.905853,
		-0.023003,
		0,
		-0.471042,
		0.976917,
		-0.304437,
		1,
	},
	[0.2] = {
		0.360353,
		0.171416,
		-0.916931,
		0,
		-0.291857,
		0.954338,
		0.06371,
		0,
		0.885983,
		0.244655,
		0.393928,
		0,
		0.632303,
		1.227403,
		0.280168,
		1,
	},
	[0.316666666667] = {
		0.098569,
		0.230564,
		-0.968052,
		0,
		-0.661521,
		-0.711549,
		-0.236829,
		0,
		-0.743421,
		0.66373,
		0.082386,
		0,
		-0.872348,
		0.600028,
		-0.522987,
		1,
	},
	[0.333333333333] = {
		0.207261,
		0.495282,
		-0.843646,
		0,
		-0.429788,
		-0.728593,
		-0.533325,
		0,
		-0.878821,
		0.473126,
		0.061858,
		0,
		-1.032031,
		0.266658,
		-0.695005,
		1,
	},
	[0.35] = {
		0.207315,
		0.582305,
		-0.786093,
		0,
		-0.367075,
		-0.698534,
		-0.614253,
		0,
		-0.906794,
		0.415899,
		0.068933,
		0,
		-1.072166,
		0.239365,
		-0.773561,
		1,
	},
	[0.366666666667] = {
		0.21496,
		0.635035,
		-0.741972,
		0,
		-0.315093,
		-0.674009,
		-0.668153,
		0,
		-0.924396,
		0.377416,
		0.05521,
		0,
		-1.064025,
		0.212397,
		-0.845932,
		1,
	},
	[0.383333333333] = {
		0.227305,
		0.663035,
		-0.713244,
		0,
		-0.277314,
		-0.65802,
		-0.700077,
		0,
		-0.933504,
		0.356923,
		0.034298,
		0,
		-1.014955,
		0.185119,
		-0.913286,
		1,
	},
	[0.3] = {
		0.198022,
		0.16971,
		-0.965394,
		0,
		-0.750915,
		-0.606767,
		-0.260693,
		0,
		-0.630012,
		0.776551,
		0.007285,
		0,
		-0.673757,
		0.79618,
		-0.409927,
		1,
	},
	[0.416666666667] = {
		0.21499,
		0.653259,
		-0.72597,
		0,
		-0.264777,
		-0.676523,
		-0.687175,
		0,
		-0.940038,
		0.339956,
		0.027522,
		0,
		-0.820262,
		0.129268,
		-1.035317,
		1,
	},
	[0.433333333333] = {
		0.194636,
		0.621801,
		-0.758604,
		0,
		-0.282307,
		-0.705159,
		-0.650426,
		0,
		-0.939372,
		0.340756,
		0.038289,
		0,
		-0.689363,
		0.102035,
		-1.089613,
		1,
	},
	[0.45] = {
		0.165645,
		0.575223,
		-0.80105,
		0,
		-0.309857,
		-0.740779,
		-0.596016,
		0,
		-0.936243,
		0.346938,
		0.055531,
		0,
		-0.545624,
		0.076679,
		-1.138952,
		1,
	},
	[0.466666666667] = {
		0.128597,
		0.515807,
		-0.846999,
		0,
		-0.342736,
		-0.778345,
		-0.526034,
		0,
		-0.930588,
		0.357943,
		0.076693,
		0,
		-0.396151,
		0.054332,
		-1.183071,
		1,
	},
	[0.483333333333] = {
		0.0849,
		0.446969,
		-0.890511,
		0,
		-0.376305,
		-0.813165,
		-0.444023,
		0,
		-0.922598,
		0.372801,
		0.099159,
		0,
		-0.248138,
		0.035949,
		-1.221901,
		1,
	},
	[0.4] = {
		0.226279,
		0.66778,
		-0.709132,
		0,
		-0.261735,
		-0.659557,
		-0.704613,
		0,
		-0.938239,
		0.345043,
		0.025538,
		0,
		-0.931204,
		0.157262,
		-0.976436,
		1,
	},
	[0.516666666667] = {
		-0.011112,
		0.300964,
		-0.953571,
		0,
		-0.430149,
		-0.862324,
		-0.267152,
		0,
		-0.90269,
		0.407209,
		0.139041,
		0,
		0.013694,
		0.013142,
		-1.284134,
		1,
	},
	[0.533333333333] = {
		-0.055484,
		0.235617,
		-0.970261,
		0,
		-0.445693,
		-0.875415,
		-0.187098,
		0,
		-0.893465,
		0.422058,
		0.153584,
		0,
		0.111944,
		0.008676,
		-1.307731,
		1,
	},
	[0.55] = {
		-0.091587,
		0.182928,
		-0.978851,
		0,
		-0.452659,
		-0.883201,
		-0.122699,
		0,
		-0.886968,
		0.431848,
		0.163694,
		0,
		0.177655,
		0.007757,
		-1.326176,
		1,
	},
	[0.566666666667] = {
		-0.115321,
		0.147856,
		-0.982263,
		0,
		-0.451312,
		-0.888702,
		-0.080787,
		0,
		-0.884883,
		0.433991,
		0.169215,
		0,
		0.202629,
		0.009068,
		-1.339126,
		1,
	},
	[0.583333333333] = {
		-0.115653,
		0.147575,
		-0.982266,
		0,
		-0.449146,
		-0.889797,
		-0.080799,
		0,
		-0.885941,
		0.431836,
		0.169191,
		0,
		0.202644,
		0.009561,
		-1.33912,
		1,
	},
	[0.5] = {
		0.037116,
		0.373444,
		-0.92691,
		0,
		-0.406458,
		-0.841716,
		-0.355396,
		0,
		-0.912915,
		0.389941,
		0.120548,
		0,
		-0.108973,
		0.022155,
		-1.255539,
		1,
	},
	[0.616666666667] = {
		-0.116144,
		0.147158,
		-0.98227,
		0,
		-0.44594,
		-0.891407,
		-0.080817,
		0,
		-0.887496,
		0.428647,
		0.169155,
		0,
		0.202662,
		0.01029,
		-1.339112,
		1,
	},
	[0.633333333333] = {
		-0.116313,
		0.147014,
		-0.982272,
		0,
		-0.444837,
		-0.891957,
		-0.080823,
		0,
		-0.888027,
		0.42755,
		0.169144,
		0,
		0.202665,
		0.01054,
		-1.339109,
		1,
	},
	[0.65] = {
		-0.116439,
		0.146909,
		-0.982273,
		0,
		-0.444026,
		-0.892361,
		-0.080826,
		0,
		-0.888416,
		0.426744,
		0.169137,
		0,
		0.202666,
		0.010724,
		-1.339108,
		1,
	},
	[0.666666666667] = {
		-0.116526,
		0.146837,
		-0.982273,
		0,
		-0.443476,
		-0.892634,
		-0.080828,
		0,
		-0.888679,
		0.426196,
		0.169134,
		0,
		0.202664,
		0.010849,
		-1.339107,
		1,
	},
	[0.683333333333] = {
		-0.116578,
		0.146795,
		-0.982273,
		0,
		-0.443154,
		-0.892794,
		-0.080828,
		0,
		-0.888833,
		0.425875,
		0.169133,
		0,
		0.202661,
		0.010922,
		-1.339107,
		1,
	},
	[0.6] = {
		-0.115926,
		0.147343,
		-0.982268,
		0,
		-0.447366,
		-0.890693,
		-0.080809,
		0,
		-0.886806,
		0.430065,
		0.16917,
		0,
		0.202654,
		0.009966,
		-1.339115,
		1,
	},
	[0.716666666667] = {
		-0.116597,
		0.146783,
		-0.982273,
		0,
		-0.443066,
		-0.892838,
		-0.080826,
		0,
		-0.888874,
		0.425788,
		0.169137,
		0,
		0.202655,
		0.010942,
		-1.339108,
		1,
	},
	[0.733333333333] = {
		-0.116572,
		0.146805,
		-0.982272,
		0,
		-0.443237,
		-0.892753,
		-0.080825,
		0,
		-0.888792,
		0.425958,
		0.16914,
		0,
		0.202652,
		0.010904,
		-1.339108,
		1,
	},
	[0.75] = {
		-0.116531,
		0.146841,
		-0.982272,
		0,
		-0.443508,
		-0.892619,
		-0.080823,
		0,
		-0.888663,
		0.426227,
		0.169143,
		0,
		0.202651,
		0.010842,
		-1.339109,
		1,
	},
	[0.766666666667] = {
		-0.116479,
		0.146885,
		-0.982272,
		0,
		-0.443846,
		-0.892451,
		-0.080822,
		0,
		-0.888501,
		0.426563,
		0.169146,
		0,
		0.202651,
		0.010766,
		-1.33911,
		1,
	},
	[0.783333333333] = {
		-0.116419,
		0.146934,
		-0.982271,
		0,
		-0.44422,
		-0.892265,
		-0.080821,
		0,
		-0.888321,
		0.426936,
		0.169148,
		0,
		0.202652,
		0.010681,
		-1.33911,
		1,
	},
	[0.7] = {
		-0.116601,
		0.146778,
		-0.982273,
		0,
		-0.443028,
		-0.892857,
		-0.080827,
		0,
		-0.888893,
		0.42575,
		0.169134,
		0,
		0.202658,
		0.010951,
		-1.339107,
		1,
	},
	[0.816666666667] = {
		-0.116302,
		0.147029,
		-0.982271,
		0,
		-0.444948,
		-0.891902,
		-0.08082,
		0,
		-0.887973,
		0.42766,
		0.16915,
		0,
		0.202657,
		0.010515,
		-1.339111,
		1,
	},
	[0.833333333333] = {
		-0.116255,
		0.147066,
		-0.982271,
		0,
		-0.445237,
		-0.891758,
		-0.080819,
		0,
		-0.887834,
		0.427948,
		0.16915,
		0,
		0.20266,
		0.01045,
		-1.339111,
		1,
	},
	[0.85] = {
		-0.116222,
		0.147092,
		-0.982271,
		0,
		-0.445434,
		-0.89166,
		-0.080819,
		0,
		-0.887739,
		0.428144,
		0.169151,
		0,
		0.202663,
		0.010405,
		-1.339111,
		1,
	},
	[0.866666666667] = {
		-0.11621,
		0.147101,
		-0.982271,
		0,
		-0.445507,
		-0.891623,
		-0.080819,
		0,
		-0.887704,
		0.428216,
		0.169151,
		0,
		0.202663,
		0.010388,
		-1.339111,
		1,
	},
	[0.883333333333] = {
		-0.11621,
		0.147101,
		-0.982271,
		0,
		-0.445507,
		-0.891623,
		-0.080819,
		0,
		-0.887704,
		0.428216,
		0.169151,
		0,
		0.202663,
		0.010388,
		-1.339111,
		1,
	},
	[0.8] = {
		-0.116359,
		0.146983,
		-0.982271,
		0,
		-0.444598,
		-0.892077,
		-0.08082,
		0,
		-0.88814,
		0.427312,
		0.169149,
		0,
		0.202655,
		0.010595,
		-1.339111,
		1,
	},
	[0.916666666667] = {
		-0.11621,
		0.147101,
		-0.982271,
		0,
		-0.445507,
		-0.891623,
		-0.080819,
		0,
		-0.887704,
		0.428216,
		0.169151,
		0,
		0.202663,
		0.010388,
		-1.339111,
		1,
	},
	[0.933333333333] = {
		-0.11621,
		0.147101,
		-0.982271,
		0,
		-0.445507,
		-0.891623,
		-0.080819,
		0,
		-0.887704,
		0.428216,
		0.169151,
		0,
		0.202663,
		0.010388,
		-1.339111,
		1,
	},
	[0.95] = {
		-0.11621,
		0.147101,
		-0.982271,
		0,
		-0.445507,
		-0.891623,
		-0.080819,
		0,
		-0.887704,
		0.428216,
		0.169151,
		0,
		0.202663,
		0.010388,
		-1.339111,
		1,
	},
	[0.966666666667] = {
		-0.11621,
		0.147101,
		-0.982271,
		0,
		-0.445507,
		-0.891623,
		-0.080819,
		0,
		-0.887704,
		0.428216,
		0.169151,
		0,
		0.202663,
		0.010388,
		-1.339111,
		1,
	},
	[0.983333333333] = {
		-0.11621,
		0.147101,
		-0.982271,
		0,
		-0.445507,
		-0.891623,
		-0.080819,
		0,
		-0.887704,
		0.428216,
		0.169151,
		0,
		0.202663,
		0.010388,
		-1.339111,
		1,
	},
	[0.9] = {
		-0.11621,
		0.147101,
		-0.982271,
		0,
		-0.445507,
		-0.891623,
		-0.080819,
		0,
		-0.887704,
		0.428216,
		0.169151,
		0,
		0.202663,
		0.010388,
		-1.339111,
		1,
	},
	[1.01666666667] = {
		-0.11621,
		0.147101,
		-0.982271,
		0,
		-0.445507,
		-0.891623,
		-0.080819,
		0,
		-0.887704,
		0.428216,
		0.169151,
		0,
		0.202663,
		0.010388,
		-1.339111,
		1,
	},
	[1.03333333333] = {
		-0.11621,
		0.147101,
		-0.982271,
		0,
		-0.445507,
		-0.891623,
		-0.080819,
		0,
		-0.887704,
		0.428216,
		0.169151,
		0,
		0.202663,
		0.010388,
		-1.339111,
		1,
	},
	[1.05] = {
		-0.11621,
		0.147101,
		-0.982271,
		0,
		-0.445507,
		-0.891623,
		-0.080819,
		0,
		-0.887704,
		0.428216,
		0.169151,
		0,
		0.202663,
		0.010388,
		-1.339111,
		1,
	},
	[1.06666666667] = {
		-0.11621,
		0.147101,
		-0.982271,
		0,
		-0.445507,
		-0.891623,
		-0.080819,
		0,
		-0.887704,
		0.428216,
		0.169151,
		0,
		0.202663,
		0.010388,
		-1.339111,
		1,
	},
	[1.08333333333] = {
		-0.11621,
		0.147101,
		-0.982271,
		0,
		-0.445507,
		-0.891623,
		-0.080819,
		0,
		-0.887704,
		0.428216,
		0.169151,
		0,
		0.202663,
		0.010388,
		-1.339111,
		1,
	},
	{
		-0.11621,
		0.147101,
		-0.982271,
		0,
		-0.445507,
		-0.891623,
		-0.080819,
		0,
		-0.887704,
		0.428216,
		0.169151,
		0,
		0.202663,
		0.010388,
		-1.339111,
		1,
	},
	[1.11666666667] = {
		-0.11621,
		0.147101,
		-0.982271,
		0,
		-0.445507,
		-0.891623,
		-0.080819,
		0,
		-0.887704,
		0.428216,
		0.169151,
		0,
		0.202663,
		0.010388,
		-1.339111,
		1,
	},
	[1.13333333333] = {
		-0.11621,
		0.147101,
		-0.982271,
		0,
		-0.445507,
		-0.891623,
		-0.080819,
		0,
		-0.887704,
		0.428216,
		0.169151,
		0,
		0.202663,
		0.010388,
		-1.339111,
		1,
	},
	[1.15] = {
		-0.11621,
		0.147101,
		-0.982271,
		0,
		-0.445507,
		-0.891623,
		-0.080819,
		0,
		-0.887704,
		0.428216,
		0.169151,
		0,
		0.202663,
		0.010388,
		-1.339111,
		1,
	},
	[1.16666666667] = {
		-0.11621,
		0.147101,
		-0.982271,
		0,
		-0.445507,
		-0.891623,
		-0.080819,
		0,
		-0.887704,
		0.428216,
		0.169151,
		0,
		0.202663,
		0.010388,
		-1.339111,
		1,
	},
	[1.1] = {
		-0.11621,
		0.147101,
		-0.982271,
		0,
		-0.445507,
		-0.891623,
		-0.080819,
		0,
		-0.887704,
		0.428216,
		0.169151,
		0,
		0.202663,
		0.010388,
		-1.339111,
		1,
	},
}

return spline_matrices
