-- chunkname: @content/characters/player/ogryn/first_person/animations/combat_blade/heavy_swing_stab_charge.lua

local spline_matrices = {
	[0.0166666666667] = {
		0.845629,
		0.024536,
		0.533206,
		0,
		0.158436,
		0.942385,
		-0.294633,
		0,
		-0.509715,
		0.333629,
		0.793021,
		0,
		0.669202,
		1.146439,
		-0.523277,
		1,
	},
	[0.0333333333333] = {
		0.859682,
		0.024273,
		0.510252,
		0,
		0.121768,
		0.960339,
		-0.250841,
		0,
		-0.496104,
		0.277776,
		0.822631,
		0,
		0.66087,
		1.143816,
		-0.535017,
		1,
	},
	[0.05] = {
		0.872571,
		0.037394,
		0.487054,
		0,
		0.083431,
		0.971007,
		-0.224018,
		0,
		-0.48131,
		0.236107,
		0.844153,
		0,
		0.650183,
		1.145485,
		-0.534768,
		1,
	},
	[0.0666666666667] = {
		0.881668,
		0.0662,
		0.467204,
		0,
		0.044526,
		0.974021,
		-0.222039,
		0,
		-0.469765,
		0.216567,
		0.855815,
		0,
		0.631439,
		1.162484,
		-0.519443,
		1,
	},
	[0.0833333333333] = {
		0.888558,
		0.10331,
		0.446981,
		0,
		0.004895,
		0.972124,
		-0.234415,
		0,
		-0.458739,
		0.210479,
		0.863283,
		0,
		0.6012,
		1.198883,
		-0.499901,
		1,
	},
	[0] = {
		0.83754,
		0.024699,
		0.545818,
		0,
		0.188552,
		0.924543,
		-0.331163,
		0,
		-0.512811,
		0.380277,
		0.769684,
		0,
		0.674909,
		1.148992,
		-0.518582,
		1,
	},
	[0.116666666667] = {
		0.895989,
		0.187916,
		0.402356,
		0,
		-0.067198,
		0.952994,
		-0.295445,
		0,
		-0.438962,
		0.237678,
		0.8665,
		0,
		0.521098,
		1.305602,
		-0.456794,
		1,
	},
	[0.133333333333] = {
		0.897194,
		0.228245,
		0.378082,
		0,
		-0.095149,
		0.93589,
		-0.3392,
		0,
		-0.431264,
		0.268354,
		0.861393,
		0,
		0.478869,
		1.363757,
		-0.437257,
		1,
	},
	[0.15] = {
		0.897348,
		0.263361,
		0.35413,
		0,
		-0.115299,
		0.914458,
		-0.387908,
		0,
		-0.425997,
		0.307257,
		0.850952,
		0,
		0.440312,
		1.417178,
		-0.421485,
		1,
	},
	[0.166666666667] = {
		0.896809,
		0.29155,
		0.332765,
		0,
		-0.126474,
		0.889708,
		-0.438661,
		0,
		-0.423955,
		0.351309,
		0.834772,
		0,
		0.40921,
		1.460174,
		-0.411127,
		1,
	},
	[0.183333333333] = {
		0.895671,
		0.312228,
		0.316682,
		0,
		-0.127952,
		0.862912,
		-0.488889,
		0,
		-0.425913,
		0.397363,
		0.812835,
		0,
		0.38924,
		1.487256,
		-0.407787,
		1,
	},
	[0.1] = {
		0.893252,
		0.145121,
		0.425488,
		0,
		-0.033138,
		0.965144,
		-0.259612,
		0,
		-0.448333,
		0.2178,
		0.866926,
		0,
		0.563157,
		1.248625,
		-0.478321,
		1,
	},
	[0.216666666667] = {
		0.891183,
		0.3356,
		0.30523,
		0,
		-0.106143,
		0.808422,
		-0.578953,
		0,
		-0.441052,
		0.483555,
		0.756074,
		0,
		0.392865,
		1.482711,
		-0.424155,
		1,
	},
	[0.233333333333] = {
		0.888908,
		0.34461,
		0.301805,
		0,
		-0.094259,
		0.78234,
		-0.615678,
		0,
		-0.448282,
		0.518833,
		0.727911,
		0,
		0.412252,
		1.464636,
		-0.436615,
		1,
	},
	[0.25] = {
		0.887067,
		0.352441,
		0.298158,
		0,
		-0.083215,
		0.757361,
		-0.647672,
		0,
		-0.454079,
		0.549717,
		0.701158,
		0,
		0.440568,
		1.439508,
		-0.450209,
		1,
	},
	[0.266666666667] = {
		0.885863,
		0.35877,
		0.294161,
		0,
		-0.072583,
		0.733405,
		-0.675906,
		0,
		-0.458234,
		0.577409,
		0.675737,
		0,
		0.476282,
		1.407903,
		-0.464642,
		1,
	},
	[0.283333333333] = {
		0.885507,
		0.363264,
		0.289684,
		0,
		-0.061927,
		0.71019,
		-0.701281,
		0,
		-0.460481,
		0.60305,
		0.651374,
		0,
		0.517869,
		1.370372,
		-0.479608,
		1,
	},
	[0.2] = {
		0.893692,
		0.325736,
		0.308561,
		0,
		-0.119276,
		0.835441,
		-0.536481,
		0,
		-0.432536,
		0.442645,
		0.785479,
		0,
		0.383942,
		1.493133,
		-0.413114,
		1,
	},
	[0.316666666667] = {
		0.888157,
		0.36533,
		0.278768,
		0,
		-0.038797,
		0.664069,
		-0.746664,
		0,
		-0.4579,
		0.652339,
		0.603971,
		0,
		0.612551,
		1.279498,
		-0.509823,
		1,
	},
	[0.333333333333] = {
		0.891542,
		0.362107,
		0.272086,
		0,
		-0.025478,
		0.639857,
		-0.768072,
		0,
		-0.45222,
		0.677836,
		0.579685,
		0,
		0.662589,
		1.227057,
		-0.524372,
		1,
	},
	[0.35] = {
		0.896512,
		0.355426,
		0.264459,
		0,
		-0.010467,
		0.613775,
		-0.789412,
		0,
		-0.442896,
		0.704949,
		0.553977,
		0,
		0.712382,
		1.170501,
		-0.538052,
		1,
	},
	[0.366666666667] = {
		0.903168,
		0.344724,
		0.25584,
		0,
		0.006563,
		0.584805,
		-0.811147,
		0,
		-0.429238,
		0.734281,
		0.525915,
		0,
		0.760385,
		1.110205,
		-0.550466,
		1,
	},
	[0.383333333333] = {
		0.911535,
		0.329337,
		0.246253,
		0,
		0.025855,
		0.551747,
		-0.833611,
		0,
		-0.410408,
		0.766233,
		0.494422,
		0,
		0.805041,
		1.04651,
		-0.561192,
		1,
	},
	[0.3] = {
		0.886205,
		0.365576,
		0.284595,
		0,
		-0.050809,
		0.687273,
		-0.72462,
		0,
		-0.460498,
		0.627702,
		0.62764,
		0,
		0.563801,
		1.327415,
		-0.494782,
		1,
	},
	[0.416666666667] = {
		0.93291,
		0.281262,
		0.224878,
		0,
		0.07144,
		0.467507,
		-0.881098,
		0,
		-0.352951,
		0.838051,
		0.416049,
		0,
		0.87795,
		0.910068,
		-0.575715,
		1,
	},
	[0.433333333333] = {
		0.945195,
		0.246672,
		0.213914,
		0,
		0.097211,
		0.412844,
		-0.905599,
		0,
		-0.311699,
		0.876763,
		0.366238,
		0,
		0.902908,
		0.837777,
		-0.578449,
		1,
	},
	[0.45] = {
		0.958957,
		0.193563,
		0.207205,
		0,
		0.128651,
		0.354194,
		-0.926281,
		0,
		-0.252685,
		0.914921,
		0.314755,
		0,
		0.922098,
		0.741632,
		-0.578663,
		1,
	},
	[0.466666666667] = {
		0.971111,
		0.118214,
		0.207287,
		0,
		0.165254,
		0.293497,
		-0.941568,
		0,
		-0.172144,
		0.948623,
		0.265483,
		0,
		0.938684,
		0.610699,
		-0.577905,
		1,
	},
	[0.483333333333] = {
		0.976794,
		0.03072,
		0.211965,
		0,
		0.199931,
		0.22416,
		-0.953824,
		0,
		-0.076816,
		0.974068,
		0.212817,
		0,
		0.951956,
		0.460559,
		-0.57665,
		1,
	},
	[0.4] = {
		0.921532,
		0.308483,
		0.235833,
		0,
		0.047516,
		0.513192,
		-0.856958,
		0,
		-0.385385,
		0.800919,
		0.458265,
		0,
		0.844769,
		0.979713,
		-0.569775,
		1,
	},
	[0.516666666667] = {
		0.962835,
		-0.144616,
		0.228111,
		0,
		0.235416,
		0.035359,
		-0.971251,
		0,
		0.132393,
		0.988856,
		0.06809,
		0,
		0.965078,
		0.16571,
		-0.573033,
		1,
	},
	[0.533333333333] = {
		0.946532,
		-0.218281,
		0.237553,
		0,
		0.221412,
		-0.096015,
		-0.970442,
		0,
		0.234637,
		0.971151,
		-0.042551,
		0,
		0.962701,
		0.052762,
		-0.5694,
		1,
	},
	[0.55] = {
		0.929099,
		-0.275659,
		0.246549,
		0,
		0.174758,
		-0.260292,
		-0.949583,
		0,
		0.325936,
		0.925343,
		-0.193663,
		0,
		0.952362,
		-0.01601,
		-0.561547,
		1,
	},
	[0.566666666667] = {
		0.913672,
		-0.318739,
		0.252208,
		0,
		0.06391,
		-0.50013,
		-0.863588,
		0,
		0.401396,
		0.805155,
		-0.436585,
		0,
		0.90574,
		0.037939,
		-0.682057,
		1,
	},
	[0.583333333333] = {
		0.898788,
		-0.352812,
		0.260199,
		0,
		-0.111799,
		-0.758388,
		-0.642144,
		0,
		0.423888,
		0.548061,
		-0.721074,
		0,
		0.818316,
		0.216874,
		-0.943694,
		1,
	},
	[0.5] = {
		0.973835,
		-0.059534,
		0.219322,
		0,
		0.225687,
		0.140055,
		-0.96408,
		0,
		0.026678,
		0.988352,
		0.149827,
		0,
		0.961085,
		0.306938,
		-0.575102,
		1,
	},
	[0.616666666667] = {
		0.87647,
		-0.386378,
		0.28725,
		0,
		-0.369648,
		-0.922311,
		-0.112708,
		0,
		0.308481,
		-0.007396,
		-0.951202,
		0,
		0.678624,
		0.503501,
		-1.243408,
		1,
	},
	[0.633333333333] = {
		0.870543,
		-0.391448,
		0.298199,
		0,
		-0.411323,
		-0.911479,
		0.004286,
		0,
		0.270124,
		-0.126387,
		-0.954494,
		0,
		0.668844,
		0.504527,
		-1.216233,
		1,
	},
	[0.65] = {
		0.866793,
		-0.393946,
		0.305738,
		0,
		-0.43581,
		-0.896431,
		0.0805,
		0,
		0.24236,
		-0.203021,
		-0.948706,
		0,
		0.662481,
		0.505984,
		-1.196771,
		1,
	},
	[0.666666666667] = {
		0.864692,
		-0.395083,
		0.310189,
		0,
		-0.448835,
		-0.884967,
		0.124016,
		0,
		0.22551,
		-0.24646,
		-0.942551,
		0,
		0.658845,
		0.507089,
		-1.18501,
		1,
	},
	[0.683333333333] = {
		0.863849,
		-0.395483,
		0.312023,
		0,
		-0.45391,
		-0.879717,
		0.141647,
		0,
		0.218473,
		-0.263992,
		-0.939456,
		0,
		0.657371,
		0.507593,
		-1.180105,
		1,
	},
	[0.6] = {
		0.885682,
		-0.375262,
		0.273397,
		0,
		-0.276671,
		-0.899451,
		-0.338291,
		0,
		0.372855,
		0.223977,
		-0.900452,
		0,
		0.732915,
		0.421218,
		-1.186929,
		1,
	},
	[0.716666666667] = {
		0.864905,
		-0.394977,
		0.30973,
		0,
		-0.447538,
		-0.886235,
		0.119573,
		0,
		0.227264,
		-0.242035,
		-0.943276,
		0,
		0.659218,
		0.50697,
		-1.186238,
		1,
	},
	[0.733333333333] = {
		0.866425,
		-0.39416,
		0.306507,
		0,
		-0.438133,
		-0.894583,
		0.088092,
		0,
		0.239473,
		-0.210616,
		-0.947783,
		0,
		0.66185,
		0.506168,
		-1.194765,
		1,
	},
	[0.75] = {
		0.868371,
		-0.392966,
		0.302506,
		0,
		-0.4257,
		-0.903578,
		0.048229,
		0,
		0.254386,
		-0.170657,
		-0.951926,
		0,
		0.66518,
		0.505301,
		-1.205202,
		1,
	},
	[0.766666666667] = {
		0.870543,
		-0.391448,
		0.298199,
		0,
		-0.411323,
		-0.911479,
		0.004286,
		0,
		0.270124,
		-0.126387,
		-0.954494,
		0,
		0.66885,
		0.504538,
		-1.216253,
		1,
	},
	[0.783333333333] = {
		0.872711,
		-0.389747,
		0.294062,
		0,
		-0.396487,
		-0.917212,
		-0.038979,
		0,
		0.284909,
		-0.082574,
		-0.954991,
		0,
		0.672463,
		0.503986,
		-1.226677,
		1,
	},
	[0.7] = {
		0.863988,
		-0.395419,
		0.311718,
		0,
		-0.453077,
		-0.880612,
		0.138724,
		0,
		0.219648,
		-0.261088,
		-0.939993,
		0,
		0.657616,
		0.507508,
		-1.180925,
		1,
	},
	[0.816666666667] = {
		0.875959,
		-0.386867,
		0.288149,
		0,
		-0.373378,
		-0.921968,
		-0.102777,
		0,
		0.305426,
		-0.01756,
		-0.952054,
		0,
		0.677795,
		0.503534,
		-1.241232,
		1,
	},
	[0.833333333333] = {
		0.87647,
		-0.386378,
		0.287249,
		0,
		-0.369648,
		-0.922311,
		-0.112708,
		0,
		0.308481,
		-0.007396,
		-0.951202,
		0,
		0.678625,
		0.503502,
		-1.243409,
		1,
	},
	[0.8] = {
		0.874611,
		-0.38811,
		0.290563,
		0,
		-0.383097,
		-0.92054,
		-0.076437,
		0,
		0.297141,
		-0.044461,
		-0.953798,
		0,
		0.675593,
		0.503668,
		-1.235342,
		1,
	},
}

return spline_matrices
