-- chunkname: @content/characters/player/ogryn/first_person/animations/combat_blade/heavy_swing_right_hit.lua

local spline_matrices = {
	[0.0166666666667] = {
		0.201322,
		-0.085923,
		0.975749,
		0,
		-0.360028,
		0.919926,
		0.15529,
		0,
		-0.910961,
		-0.38256,
		0.154267,
		0,
		-0.588198,
		0.933703,
		-0.01855,
		1,
	},
	[0.0333333333333] = {
		0.149797,
		-0.126637,
		0.980573,
		0,
		-0.032716,
		0.990586,
		0.132928,
		0,
		-0.988175,
		-0.051993,
		0.144244,
		0,
		-0.368254,
		1.144643,
		-0.001283,
		1,
	},
	[0.05] = {
		0.101177,
		-0.141224,
		0.984794,
		0,
		0.224834,
		0.96751,
		0.115646,
		0,
		-0.96913,
		0.209715,
		0.129642,
		0,
		-0.171808,
		1.312059,
		0.006571,
		1,
	},
	[0.0666666666667] = {
		0.069648,
		-0.136797,
		0.988148,
		0,
		0.340297,
		0.934396,
		0.105371,
		0,
		-0.937735,
		0.328925,
		0.11163,
		0,
		-0.071177,
		1.378201,
		-0.009135,
		1,
	},
	[0.0833333333333] = {
		0.063999,
		-0.121705,
		0.990501,
		0,
		0.383193,
		0.919446,
		0.088215,
		0,
		-0.921449,
		0.373907,
		0.10548,
		0,
		0.011801,
		1.414634,
		-0.032562,
		1,
	},
	[0] = {
		0.234863,
		-0.032428,
		0.971487,
		0,
		-0.63563,
		0.751018,
		0.178736,
		0,
		-0.7354,
		-0.659485,
		0.155774,
		0,
		-0.707992,
		0.805379,
		-0.026048,
		1,
	},
	[0.116666666667] = {
		0.116335,
		-0.068151,
		0.990869,
		0,
		0.511986,
		0.858993,
		-0.001031,
		0,
		-0.851079,
		0.507431,
		0.134824,
		0,
		0.178293,
		1.445862,
		-0.055735,
		1,
	},
	[0.133333333333] = {
		0.109744,
		-0.047027,
		0.992847,
		0,
		0.679617,
		0.732452,
		-0.040428,
		0,
		-0.725312,
		0.679192,
		0.112343,
		0,
		0.197174,
		1.42099,
		-0.06212,
		1,
	},
	[0.15] = {
		0.109564,
		-0.042348,
		0.993077,
		0,
		0.764412,
		0.642208,
		-0.05695,
		0,
		-0.63535,
		0.76536,
		0.102734,
		0,
		0.191029,
		1.393331,
		-0.065174,
		1,
	},
	[0.166666666667] = {
		0.118874,
		-0.058787,
		0.991168,
		0,
		0.764941,
		0.64186,
		-0.053673,
		0,
		-0.633036,
		0.764565,
		0.121269,
		0,
		0.159651,
		1.373556,
		-0.067095,
		1,
	},
	[0.183333333333] = {
		0.13216,
		-0.086736,
		0.987426,
		0,
		0.728606,
		0.683909,
		-0.037444,
		0,
		-0.672062,
		0.724393,
		0.153581,
		0,
		0.116123,
		1.357028,
		-0.069934,
		1,
	},
	[0.1] = {
		0.110358,
		-0.092404,
		0.989587,
		0,
		0.376064,
		0.925525,
		0.044484,
		0,
		-0.919998,
		0.367239,
		0.136889,
		0,
		0.157609,
		1.455244,
		-0.048219,
		1,
	},
	[0.216666666667] = {
		0.177029,
		-0.158071,
		0.971429,
		0,
		0.559697,
		0.82805,
		0.032743,
		0,
		-0.809568,
		0.537909,
		0.23506,
		0,
		0.00505,
		1.32667,
		-0.075722,
		1,
	},
	[0.233333333333] = {
		0.208738,
		-0.191153,
		0.959108,
		0,
		0.440273,
		0.894077,
		0.082372,
		0,
		-0.873263,
		0.405075,
		0.270788,
		0,
		-0.055237,
		1.309198,
		-0.077975,
		1,
	},
	[0.25] = {
		0.243149,
		-0.217107,
		0.94538,
		0,
		0.315599,
		0.939306,
		0.134541,
		0,
		-0.917211,
		0.265647,
		0.29691,
		0,
		-0.11254,
		1.289423,
		-0.079938,
		1,
	},
	[0.266666666667] = {
		0.275761,
		-0.234716,
		0.932129,
		0,
		0.203232,
		0.962043,
		0.182124,
		0,
		-0.939496,
		0.139216,
		0.312996,
		0,
		-0.161954,
		1.268807,
		-0.081842,
		1,
	},
	[0.283333333333] = {
		0.302064,
		-0.245143,
		0.921229,
		0,
		0.119274,
		0.968495,
		0.218612,
		0,
		-0.945796,
		0.043844,
		0.321787,
		0,
		-0.199105,
		1.25012,
		-0.083689,
		1,
	},
	[0.2] = {
		0.151192,
		-0.12156,
		0.981002,
		0,
		0.658867,
		0.752213,
		-0.008335,
		0,
		-0.736909,
		0.64761,
		0.19382,
		0,
		0.063516,
		1.342085,
		-0.072991,
		1,
	},
	[0.316666666667] = {
		0.339065,
		-0.254585,
		0.905661,
		0,
		0.0052,
		0.96318,
		0.268807,
		0,
		-0.940749,
		-0.086434,
		0.327904,
		0,
		-0.244386,
		1.22435,
		-0.087313,
		1,
	},
	[0.333333333333] = {
		0.35336,
		-0.256256,
		0.899705,
		0,
		-0.041112,
		0.956567,
		0.288598,
		0,
		-0.934584,
		-0.138968,
		0.327477,
		0,
		-0.258525,
		1.215987,
		-0.088863,
		1,
	},
	[0.35] = {
		0.365553,
		-0.25673,
		0.894685,
		0,
		-0.081379,
		0.948713,
		0.305484,
		0,
		-0.927226,
		-0.184479,
		0.325912,
		0,
		-0.26884,
		1.20955,
		-0.089937,
		1,
	},
	[0.366666666667] = {
		0.376165,
		-0.256433,
		0.890361,
		0,
		-0.116255,
		0.940283,
		0.319927,
		0,
		-0.919231,
		-0.223855,
		0.323889,
		0,
		-0.276664,
		1.204154,
		-0.090326,
		1,
	},
	[0.383333333333] = {
		0.38541,
		-0.256423,
		0.8864,
		0,
		-0.145982,
		0.931571,
		0.332964,
		0,
		-0.911125,
		-0.257726,
		0.321604,
		0,
		-0.28281,
		1.199053,
		-0.089096,
		1,
	},
	[0.3] = {
		0.32214,
		-0.251141,
		0.912773,
		0,
		0.058352,
		0.967605,
		0.245634,
		0,
		-0.944892,
		-0.025867,
		0.326359,
		0,
		-0.225051,
		1.235472,
		-0.085508,
		1,
	},
	[0.416666666667] = {
		0.400009,
		-0.26055,
		0.878696,
		0,
		-0.192781,
		0.913371,
		0.358592,
		0,
		-0.896007,
		-0.312836,
		0.315128,
		0,
		-0.293458,
		1.187588,
		-0.080222,
		1,
	},
	[0.433333333333] = {
		0.40432,
		-0.266374,
		0.874969,
		0,
		-0.213403,
		0.90277,
		0.37345,
		0,
		-0.889373,
		-0.337714,
		0.308163,
		0,
		-0.298127,
		1.182438,
		-0.073687,
		1,
	},
	[0.45] = {
		0.406773,
		-0.274424,
		0.871337,
		0,
		-0.232825,
		0.891173,
		0.389363,
		0,
		-0.883362,
		-0.361251,
		0.298612,
		0,
		-0.30241,
		1.177849,
		-0.066336,
		1,
	},
	[0.466666666667] = {
		0.407677,
		-0.284161,
		0.867786,
		0,
		-0.251162,
		0.878793,
		0.405758,
		0,
		-0.877905,
		-0.383373,
		0.286893,
		0,
		-0.306477,
		1.173691,
		-0.058538,
		1,
	},
	[0.483333333333] = {
		0.407326,
		-0.295034,
		0.864315,
		0,
		-0.268526,
		0.865862,
		0.42211,
		0,
		-0.872914,
		-0.404027,
		0.273463,
		0,
		-0.310496,
		1.169843,
		-0.050652,
		1,
	},
	[0.4] = {
		0.393513,
		-0.257472,
		0.882528,
		0,
		-0.170846,
		0.922776,
		0.345393,
		0,
		-0.903305,
		-0.286693,
		0.319136,
		0,
		-0.288232,
		1.193428,
		-0.085566,
		1,
	},
	[0.516666666667] = {
		0.403987,
		-0.317948,
		0.857732,
		0,
		-0.300748,
		0.839364,
		0.45279,
		0,
		-0.863913,
		-0.440882,
		0.243469,
		0,
		-0.31905,
		1.162632,
		-0.036004,
		1,
	},
	[0.533333333333] = {
		0.401547,
		-0.328865,
		0.854756,
		0,
		-0.315787,
		0.826351,
		0.466286,
		0,
		-0.859673,
		-0.457157,
		0.227968,
		0,
		-0.323913,
		1.159058,
		-0.029921,
		1,
	},
	[0.55] = {
		0.398953,
		-0.338676,
		0.852136,
		0,
		-0.330213,
		0.813884,
		0.478072,
		0,
		-0.855451,
		-0.472115,
		0.212866,
		0,
		-0.329381,
		1.155368,
		-0.025105,
		1,
	},
	[0.566666666667] = {
		0.396468,
		-0.346825,
		0.850015,
		0,
		-0.344091,
		0.80226,
		0.487832,
		0,
		-0.851125,
		-0.485893,
		0.198731,
		0,
		-0.335614,
		1.15146,
		-0.021874,
		1,
	},
	[0.583333333333] = {
		0.394242,
		-0.35357,
		0.84827,
		0,
		-0.357014,
		0.791609,
		0.495879,
		0,
		-0.846826,
		-0.498341,
		0.185856,
		0,
		-0.342166,
		1.147413,
		-0.019692,
		1,
	},
	[0.5] = {
		0.406003,
		-0.306484,
		0.860947,
		0,
		-0.285023,
		0.852629,
		0.437933,
		0,
		-0.868288,
		-0.423192,
		0.258815,
		0,
		-0.314632,
		1.166193,
		-0.043026,
		1,
	},
	[0.616666666667] = {
		0.390945,
		-0.363951,
		0.845401,
		0,
		-0.378484,
		0.773682,
		0.508101,
		0,
		-0.838995,
		-0.51861,
		0.164717,
		0,
		-0.354429,
		1.139254,
		-0.016249,
		1,
	},
	[0.633333333333] = {
		0.390161,
		-0.367067,
		0.844415,
		0,
		-0.386916,
		0.766833,
		0.512117,
		0,
		-0.835506,
		-0.526526,
		0.157164,
		0,
		-0.360047,
		1.135056,
		-0.014993,
		1,
	},
	[0.65] = {
		0.390144,
		-0.36845,
		0.84382,
		0,
		-0.393739,
		0.761664,
		0.514624,
		0,
		-0.83232,
		-0.533022,
		0.152085,
		0,
		-0.36526,
		1.130721,
		-0.014054,
		1,
	},
	[0.666666666667] = {
		0.391038,
		-0.367831,
		0.843676,
		0,
		-0.398897,
		0.758365,
		0.515522,
		0,
		-0.82944,
		-0.538129,
		0.149823,
		0,
		-0.370021,
		1.126203,
		-0.013438,
		1,
	},
	[0.683333333333] = {
		0.392995,
		-0.364934,
		0.844025,
		0,
		-0.402334,
		0.757114,
		0.51469,
		0,
		-0.826851,
		-0.54185,
		0.150717,
		0,
		-0.374281,
		1.121455,
		-0.013157,
		1,
	},
	[0.6] = {
		0.392352,
		-0.359365,
		0.846709,
		0,
		-0.368498,
		0.782011,
		0.502662,
		0,
		-0.842775,
		-0.509231,
		0.174399,
		0,
		-0.348453,
		1.143359,
		-0.017816,
		1,
	},
	[0.716666666667] = {
		0.400749,
		-0.351144,
		0.846226,
		0,
		-0.403832,
		0.761374,
		0.507178,
		0,
		-0.822387,
		-0.544984,
		0.163317,
		0,
		-0.381109,
		1.111073,
		-0.013677,
		1,
	},
	[0.733333333333] = {
		0.406906,
		-0.339636,
		0.847983,
		0,
		-0.401796,
		0.767139,
		0.500058,
		0,
		-0.820358,
		-0.544193,
		0.175689,
		0,
		-0.383578,
		1.105336,
		-0.014539,
		1,
	},
	[0.75] = {
		0.414848,
		-0.324616,
		0.850015,
		0,
		-0.397849,
		0.775445,
		0.490308,
		0,
		-0.818301,
		-0.541581,
		0.192544,
		0,
		-0.385352,
		1.099161,
		-0.01586,
		1,
	},
	[0.766666666667] = {
		0.424799,
		-0.305741,
		0.852097,
		0,
		-0.391967,
		0.786325,
		0.47755,
		0,
		-0.816032,
		-0.536857,
		0.214189,
		0,
		-0.386382,
		1.092487,
		-0.017704,
		1,
	},
	[0.783333333333] = {
		0.436994,
		-0.282659,
		0.853897,
		0,
		-0.384149,
		0.799753,
		0.46133,
		0,
		-0.813305,
		-0.529622,
		0.240904,
		0,
		-0.38662,
		1.085245,
		-0.020147,
		1,
	},
	[0.7] = {
		0.396175,
		-0.359471,
		0.844882,
		0,
		-0.403996,
		0.75807,
		0.511974,
		0,
		-0.82452,
		-0.54416,
		0.155103,
		0,
		-0.377994,
		1.116429,
		-0.013228,
		1,
	},
	[0.816666666667] = {
		0.469126,
		-0.22252,
		0.854638,
		0,
		-0.362879,
		0.833695,
		0.416258,
		0,
		-0.805133,
		-0.505408,
		0.31036,
		0,
		-0.384556,
		1.068735,
		-0.027241,
		1,
	},
	[0.833333333333] = {
		0.496312,
		-0.180403,
		0.849193,
		0,
		-0.342603,
		0.858078,
		0.382525,
		0,
		-0.797682,
		-0.480788,
		0.364068,
		0,
		-0.374725,
		1.046153,
		-0.050839,
		1,
	},
	[0.85] = {
		0.536249,
		-0.126747,
		0.834489,
		0,
		-0.310893,
		0.889493,
		0.334884,
		0,
		-0.784718,
		-0.439018,
		0.437585,
		0,
		-0.350667,
		0.999959,
		-0.107286,
		1,
	},
	[0.866666666667] = {
		0.58285,
		-0.065776,
		0.809913,
		0,
		-0.274383,
		0.922245,
		0.272357,
		0,
		-0.764853,
		-0.38097,
		0.519482,
		0,
		-0.314825,
		0.935362,
		-0.188161,
		1,
	},
	[0.883333333333] = {
		0.629803,
		-0.001443,
		0.776753,
		0,
		-0.239574,
		0.950885,
		0.196016,
		0,
		-0.738886,
		-0.309542,
		0.598525,
		0,
		-0.269646,
		0.857609,
		-0.284679,
		1,
	},
	[0.8] = {
		0.451686,
		-0.255025,
		0.854952,
		0,
		-0.374426,
		0.815616,
		0.441107,
		0,
		-0.809806,
		-0.519358,
		0.272914,
		0,
		-0.386024,
		1.077359,
		-0.023287,
		1,
	},
	[0.916666666667] = {
		0.701393,
		0.128065,
		0.701176,
		0,
		-0.195776,
		0.980505,
		0.016754,
		0,
		-0.685361,
		-0.149025,
		0.712791,
		0,
		-0.160314,
		0.68472,
		-0.487319,
		1,
	},
	[0.933333333333] = {
		0.716035,
		0.193462,
		0.67072,
		0,
		-0.192762,
		0.978268,
		-0.076387,
		0,
		-0.670922,
		-0.074594,
		0.737767,
		0,
		-0.099953,
		0.601454,
		-0.574111,
		1,
	},
	[0.95] = {
		0.716255,
		0.253791,
		0.650053,
		0,
		-0.197634,
		0.967158,
		-0.159832,
		0,
		-0.669268,
		-0.013992,
		0.742889,
		0,
		-0.027679,
		0.521913,
		-0.64315,
		1,
	},
	[0.966666666667] = {
		0.703686,
		0.316096,
		0.636325,
		0,
		-0.207411,
		0.947966,
		-0.241538,
		0,
		-0.679564,
		0.037986,
		0.732632,
		0,
		0.066289,
		0.436719,
		-0.704262,
		1,
	},
	[0.983333333333] = {
		0.672702,
		0.401451,
		0.621538,
		0,
		-0.225144,
		0.91124,
		-0.344893,
		0,
		-0.704828,
		0.092074,
		0.703377,
		0,
		0.182278,
		0.337528,
		-0.769995,
		1,
	},
	[0.9] = {
		0.671085,
		0.063473,
		0.738659,
		0,
		-0.212056,
		0.971136,
		0.109207,
		0,
		-0.710407,
		-0.229924,
		0.665174,
		0,
		-0.217454,
		0.772141,
		-0.3876,
		1,
	},
	[1.01666666667] = {
		0.471573,
		0.746884,
		0.468811,
		0,
		-0.254089,
		0.624174,
		-0.738813,
		0,
		-0.844427,
		0.229285,
		0.484119,
		0,
		0.612211,
		-0.041051,
		-1.003234,
		1,
	},
	[1.03333333333] = {
		0.340495,
		0.892276,
		0.296491,
		0,
		-0.238688,
		0.38703,
		-0.890638,
		0,
		-0.909446,
		0.232489,
		0.344758,
		0,
		0.828573,
		-0.240642,
		-1.105993,
		1,
	},
	[1.05] = {
		0.367613,
		0.884005,
		0.288784,
		0,
		-0.353337,
		0.420008,
		-0.835911,
		0,
		-0.860241,
		0.205253,
		0.466751,
		0,
		0.292979,
		0.371657,
		-0.864282,
		1,
	},
	[1.06666666667] = {
		0.405051,
		0.863413,
		0.300753,
		0,
		-0.411236,
		0.46584,
		-0.783503,
		0,
		-0.81659,
		0.193678,
		0.543755,
		0,
		0.289496,
		0.477913,
		-0.810184,
		1,
	},
	[1.08333333333] = {
		0.447708,
		0.836304,
		0.316471,
		0,
		-0.452641,
		0.517192,
		-0.72638,
		0,
		-0.771151,
		0.181958,
		0.610096,
		0,
		0.297329,
		0.5801,
		-0.756714,
		1,
	},
	{
		0.614203,
		0.528222,
		0.58629,
		0,
		-0.249316,
		0.834774,
		-0.490911,
		0,
		-0.74873,
		0.155347,
		0.644415,
		0,
		0.321329,
		0.213579,
		-0.852851,
		1,
	},
	[1.11666666667] = {
		0.543512,
		0.762348,
		0.351313,
		0,
		-0.490901,
		0.628173,
		-0.603667,
		0,
		-0.68089,
		0.155641,
		0.715657,
		0,
		0.340262,
		0.767943,
		-0.654516,
		1,
	},
	[1.13333333333] = {
		0.593349,
		0.716387,
		0.367052,
		0,
		-0.490718,
		0.683389,
		-0.540532,
		0,
		-0.63807,
		0.140605,
		0.757032,
		0,
		0.371959,
		0.851426,
		-0.607152,
		1,
	},
	[1.15] = {
		0.64212,
		0.665874,
		0.37986,
		0,
		-0.480136,
		0.73561,
		-0.477857,
		0,
		-0.597621,
		0.124457,
		0.79206,
		0,
		0.408135,
		0.926552,
		-0.563188,
		1,
	},
	[1.16666666667] = {
		0.688209,
		0.612554,
		0.388775,
		0,
		-0.461454,
		0.783078,
		-0.416953,
		0,
		-0.559847,
		0.107549,
		0.821586,
		0,
		0.446971,
		0.992352,
		-0.523319,
		1,
	},
	[1.18333333333] = {
		0.730303,
		0.558627,
		0.393184,
		0,
		-0.437297,
		0.824482,
		-0.359166,
		0,
		-0.524813,
		0.090362,
		0.846408,
		0,
		0.486601,
		1.047945,
		-0.488243,
		1,
	},
	[1.1] = {
		0.494381,
		0.802546,
		0.333928,
		0,
		-0.478745,
		0.572035,
		-0.666017,
		0,
		-0.725528,
		0.1694,
		0.667018,
		0,
		0.314813,
		0.677141,
		-0.704596,
		1,
	},
	[1.21666666667] = {
		0.799286,
		0.459212,
		0.387642,
		0,
		-0.384136,
		0.886472,
		-0.258084,
		0,
		-0.462149,
		0.057376,
		0.884944,
		0,
		0.560666,
		1.125476,
		-0.435201,
		1,
	},
	[1.23333333333] = {
		0.825563,
		0.41912,
		0.377868,
		0,
		-0.361095,
		0.906925,
		-0.217018,
		0,
		-0.433655,
		0.042716,
		0.900066,
		0,
		0.591309,
		1.146108,
		-0.418538,
		1,
	},
	[1.25] = {
		0.846418,
		0.38894,
		0.363733,
		0,
		-0.344289,
		0.920774,
		-0.183413,
		0,
		-0.406252,
		0.030014,
		0.913268,
		0,
		0.615196,
		1.153868,
		-0.409254,
		1,
	},
	[1.26666666667] = {
		0.862591,
		0.368434,
		0.346688,
		0,
		-0.332895,
		0.929391,
		-0.159415,
		0,
		-0.380943,
		0.022099,
		0.924334,
		0,
		0.633598,
		1.154819,
		-0.4049,
		1,
	},
	[1.28333333333] = {
		0.875247,
		0.354879,
		0.328641,
		0,
		-0.324313,
		0.93468,
		-0.145583,
		0,
		-0.358838,
		0.020839,
		0.933167,
		0,
		0.649152,
		1.155515,
		-0.402417,
		1,
	},
	[1.2] = {
		0.767491,
		0.506616,
		0.392807,
		0,
		-0.41053,
		0.859038,
		-0.305808,
		0,
		-0.492364,
		0.073446,
		0.867285,
		0,
		0.525133,
		1.092549,
		-0.458648,
		1,
	},
	[1.31666666667] = {
		0.892556,
		0.343715,
		0.291897,
		0,
		-0.315117,
		0.938447,
		-0.141484,
		0,
		-0.32256,
		0.034301,
		0.945927,
		0,
		0.67269,
		1.156493,
		-0.401754,
		1,
	},
	[1.33333333333] = {
		0.898205,
		0.34379,
		0.273927,
		0,
		-0.313878,
		0.937878,
		-0.14787,
		0,
		-0.307746,
		0.046838,
		0.950315,
		0,
		0.68122,
		1.156833,
		-0.402963,
		1,
	},
	[1.35] = {
		0.902395,
		0.346187,
		0.256587,
		0,
		-0.314287,
		0.936136,
		-0.157714,
		0,
		-0.294799,
		0.061678,
		0.953567,
		0,
		0.687979,
		1.157081,
		-0.404808,
		1,
	},
	[1.36666666667] = {
		0.905486,
		0.349891,
		0.240147,
		0,
		-0.31581,
		0.933573,
		-0.169425,
		0,
		-0.283475,
		0.077571,
		0.955837,
		0,
		0.693273,
		1.157239,
		-0.407002,
		1,
	},
	[1.38333333333] = {
		0.907824,
		0.353935,
		0.224911,
		0,
		-0.31787,
		0.930613,
		-0.181435,
		0,
		-0.273521,
		0.093218,
		0.957338,
		0,
		0.697417,
		1.157324,
		-0.409258,
		1,
	},
	[1.3] = {
		0.885054,
		0.347035,
		0.310236,
		0,
		-0.31847,
		0.937512,
		-0.140172,
		0,
		-0.339494,
		0.025259,
		0.940269,
		0,
		0.662095,
		1.156059,
		-0.401472,
		1,
	},
	[1.41666666667] = {
		0.911607,
		0.359402,
		0.199507,
		0,
		-0.321129,
		0.925641,
		-0.200162,
		0,
		-0.256611,
		0.118401,
		0.959235,
		0,
		0.703544,
		1.157409,
		-0.412815,
		1,
	},
	[1.43333333333] = {
		0.91373,
		0.359085,
		0.190144,
		0,
		-0.321046,
		0.924869,
		-0.203831,
		0,
		-0.249051,
		0.125202,
		0.960364,
		0,
		0.706181,
		1.157508,
		-0.413546,
		1,
	},
	[1.45] = {
		0.915626,
		0.357649,
		0.183623,
		0,
		-0.320253,
		0.924961,
		-0.204658,
		0,
		-0.243039,
		0.128584,
		0.961456,
		0,
		0.708539,
		1.157623,
		-0.415653,
		1,
	},
	[1.46666666667] = {
		0.916706,
		0.356805,
		0.179836,
		0,
		-0.319795,
		0.925013,
		-0.205139,
		0,
		-0.239546,
		0.130541,
		0.962069,
		0,
		0.710344,
		1.157689,
		-0.420959,
		1,
	},
	[1.48333333333] = {
		0.917138,
		0.356462,
		0.178305,
		0,
		-0.31961,
		0.925034,
		-0.205334,
		0,
		-0.238132,
		0.131332,
		0.962312,
		0,
		0.711669,
		1.157716,
		-0.428655,
		1,
	},
	[1.4] = {
		0.90975,
		0.3574,
		0.211234,
		0,
		-0.319854,
		0.927769,
		-0.192191,
		0,
		-0.264665,
		0.107282,
		0.958354,
		0,
		0.700733,
		1.157365,
		-0.411291,
		1,
	},
	[1.51666666667] = {
		0.916637,
		0.356859,
		0.180078,
		0,
		-0.319824,
		0.92501,
		-0.205108,
		0,
		-0.239769,
		0.130417,
		0.96203,
		0,
		0.713162,
		1.157685,
		-0.447999,
		1,
	},
	[1.53333333333] = {
		0.915972,
		0.35738,
		0.182414,
		0,
		-0.320106,
		0.924978,
		-0.204811,
		0,
		-0.241925,
		0.129209,
		0.961653,
		0,
		0.713475,
		1.157644,
		-0.458037,
		1,
	},
	[1.55] = {
		0.915208,
		0.35797,
		0.185072,
		0,
		-0.320428,
		0.924941,
		-0.204474,
		0,
		-0.244376,
		0.127833,
		0.961217,
		0,
		0.713593,
		1.157598,
		-0.467246,
		1,
	},
	[1.56666666667] = {
		0.914484,
		0.35852,
		0.187568,
		0,
		-0.320732,
		0.924906,
		-0.204157,
		0,
		-0.246677,
		0.126539,
		0.960801,
		0,
		0.713589,
		1.157554,
		-0.474821,
		1,
	},
	[1.58333333333] = {
		0.913943,
		0.358926,
		0.189419,
		0,
		-0.320957,
		0.924879,
		-0.203923,
		0,
		-0.248384,
		0.125578,
		0.960487,
		0,
		0.713533,
		1.157521,
		-0.479957,
		1,
	},
	[1.5] = {
		0.91707,
		0.356516,
		0.178547,
		0,
		-0.319639,
		0.92503,
		-0.205303,
		0,
		-0.238356,
		0.131207,
		0.962274,
		0,
		0.712584,
		1.157711,
		-0.437937,
		1,
	},
	[1.6] = {
		0.91373,
		0.359085,
		0.190144,
		0,
		-0.321046,
		0.924869,
		-0.203831,
		0,
		-0.249051,
		0.125202,
		0.960364,
		0,
		0.713499,
		1.157508,
		-0.481848,
		1,
	},
}

return spline_matrices
