local spline_matrices = {
	[0] = {
		0.972015,
		-0.233887,
		0.021986,
		0,
		0.050738,
		0.117633,
		-0.99176,
		0,
		0.229374,
		0.965121,
		0.126209,
		0,
		0.69803,
		-0.047339,
		-1.370168,
		1
	},
	{
		0.972015,
		-0.233887,
		0.021986,
		0,
		0.050738,
		0.117634,
		-0.99176,
		0,
		0.229374,
		0.965121,
		0.126209,
		0,
		0.69803,
		-0.047339,
		-1.370168,
		1
	},
	[0.0166666666667] = {
		0.958869,
		-0.282522,
		-0.027415,
		0,
		0.02704,
		0.187062,
		-0.981976,
		0,
		0.282558,
		0.940845,
		0.187008,
		0,
		0.697368,
		-0.026975,
		-1.358512,
		1
	},
	[0.0333333333333] = {
		0.940785,
		-0.328853,
		-0.082335,
		0,
		0.00674,
		0.260969,
		-0.965324,
		0,
		0.338936,
		0.907607,
		0.247733,
		0,
		0.704471,
		-0.000985,
		-1.332882,
		1
	},
	[0.05] = {
		0.917308,
		-0.371444,
		-0.143443,
		0,
		-0.010077,
		0.338476,
		-0.940921,
		0,
		0.398051,
		0.86456,
		0.306744,
		0,
		0.718645,
		0.030154,
		-1.294384,
		1
	},
	[0.0666666666667] = {
		0.887987,
		-0.408599,
		-0.211011,
		0,
		-0.023221,
		0.418426,
		-0.907954,
		0,
		0.459281,
		0.811152,
		0.362069,
		0,
		0.739202,
		0.065912,
		-1.244171,
		1
	},
	[0.0833333333333] = {
		0.852369,
		-0.438558,
		-0.28484,
		0,
		-0.032347,
		0.49943,
		-0.86575,
		0,
		0.521939,
		0.747152,
		0.411513,
		0,
		0.765467,
		0.105681,
		-1.183463,
		1
	},
	[0.116666666667] = {
		0.761193,
		-0.469462,
		-0.447426,
		0,
		-0.036878,
		0.657463,
		-0.752584,
		0,
		0.647476,
		0.589362,
		0.483144,
		0,
		0.832423,
		0.194476,
		-1.035981,
		1
	},
	[0.133333333333] = {
		0.705774,
		-0.467125,
		-0.532613,
		0,
		-0.031537,
		0.730353,
		-0.682341,
		0,
		0.707735,
		0.498376,
		0.500733,
		0,
		0.87171,
		0.242002,
		-0.952278,
		1
	},
	[0.15] = {
		0.644483,
		-0.451535,
		-0.617056,
		0,
		-0.020868,
		0.796324,
		-0.604511,
		0,
		0.764334,
		0.402474,
		0.503794,
		0,
		0.913851,
		0.290624,
		-0.864258,
		1
	},
	[0.166666666667] = {
		0.578317,
		-0.422601,
		-0.697823,
		0,
		-0.005,
		0.853521,
		-0.521035,
		0,
		0.815797,
		0.304813,
		0.491492,
		0,
		0.957994,
		0.339694,
		-0.773854,
		1
	},
	[0.183333333333] = {
		0.508618,
		-0.381182,
		-0.772016,
		0,
		0.015609,
		0.900593,
		-0.434383,
		0,
		0.860851,
		0.208884,
		0.464008,
		0,
		1.003203,
		0.388706,
		-0.683109,
		1
	},
	[0.1] = {
		0.810134,
		-0.459446,
		-0.364132,
		0,
		-0.037038,
		0.579773,
		-0.813936,
		0,
		0.585073,
		0.672884,
		0.452677,
		0,
		0.796769,
		0.148782,
		-1.113581,
		1
	},
	[0.216666666667] = {
		0.364976,
		-0.268891,
		-0.891341,
		0,
		0.067565,
		0.96251,
		-0.262695,
		0,
		0.928562,
		0.035654,
		0.369461,
		0,
		1.092709,
		0.485458,
		-0.508866,
		1
	},
	[0.233333333333] = {
		0.294232,
		-0.203727,
		-0.933768,
		0,
		0.096514,
		0.978356,
		-0.183043,
		0,
		0.950848,
		-0.036264,
		0.307526,
		0,
		1.13484,
		0.533111,
		-0.429336,
		1
	},
	[0.25] = {
		0.226043,
		-0.136883,
		-0.964452,
		0,
		0.125608,
		0.985908,
		-0.110489,
		0,
		0.965985,
		-0.096167,
		0.240051,
		0,
		1.173764,
		0.580464,
		-0.35728,
		1
	},
	[0.266666666667] = {
		0.161404,
		-0.071537,
		-0.984292,
		0,
		0.153449,
		0.987058,
		-0.046576,
		0,
		0.974886,
		-0.143521,
		0.170293,
		0,
		1.20842,
		0.627752,
		-0.294287,
		1
	},
	[0.283333333333] = {
		0.100962,
		-0.010512,
		-0.994835,
		0,
		0.178723,
		0.983869,
		0.007742,
		0,
		0.978706,
		-0.178582,
		0.101212,
		0,
		1.237797,
		0.675217,
		-0.241782,
		1
	},
	[0.2] = {
		0.436956,
		-0.32908,
		-0.837124,
		0,
		0.040162,
		0.936882,
		-0.347332,
		0,
		0.898586,
		0.118148,
		0.422593,
		0,
		1.048464,
		0.437337,
		-0.5941,
		1
	},
	[0.316666666667] = {
		-0.006271,
		0.089592,
		-0.995959,
		0,
		0.217226,
		0.972317,
		0.086098,
		0,
		0.976101,
		-0.215808,
		-0.025559,
		0,
		1.277193,
		0.771026,
		-0.173344,
		1
	},
	[0.333333333333] = {
		-0.036772,
		0.124453,
		-0.991544,
		0,
		0.228303,
		0.967021,
		0.112908,
		0,
		0.972895,
		-0.22222,
		-0.063972,
		0,
		1.284939,
		0.818899,
		-0.155776,
		1
	},
	[0.35] = {
		-0.051542,
		0.138605,
		-0.989006,
		0,
		0.244802,
		0.961861,
		0.122043,
		0,
		0.968202,
		-0.23582,
		-0.083507,
		0,
		1.260628,
		0.902053,
		-0.143268,
		1
	},
	[0.366666666667] = {
		-0.066223,
		0.130408,
		-0.989246,
		0,
		0.263474,
		0.958521,
		0.10872,
		0,
		0.962391,
		-0.253441,
		-0.097835,
		0,
		1.189856,
		1.035843,
		-0.132452,
		1
	},
	[0.383333333333] = {
		-0.080491,
		0.110496,
		-0.990612,
		0,
		0.262516,
		0.961099,
		0.085873,
		0,
		0.961565,
		-0.253139,
		-0.106367,
		0,
		1.084705,
		1.19037,
		-0.121925,
		1
	},
	[0.3] = {
		0.045038,
		0.043842,
		-0.998023,
		0,
		0.200235,
		0.978366,
		0.052015,
		0,
		0.978712,
		-0.202181,
		0.035285,
		0,
		1.260939,
		0.72307,
		-0.201051,
		1
	},
	[0.416666666667] = {
		-0.105856,
		0.080093,
		-0.991151,
		0,
		0.118854,
		0.990624,
		0.067357,
		0,
		0.987253,
		-0.110672,
		-0.114382,
		0,
		0.818265,
		1.438829,
		-0.09605,
		1
	},
	[0.433333333333] = {
		-0.127076,
		0.072404,
		-0.989247,
		0,
		-0.093825,
		0.991983,
		0.084657,
		0,
		0.987445,
		0.103574,
		-0.119264,
		0,
		0.649188,
		1.492098,
		-0.084775,
		1
	},
	[0.45] = {
		-0.116619,
		0.055643,
		-0.991617,
		0,
		-0.391817,
		0.914871,
		0.097417,
		0,
		0.912622,
		0.399893,
		-0.08489,
		0,
		0.44064,
		1.503999,
		-0.080652,
		1
	},
	[0.466666666667] = {
		-0.066248,
		0.055582,
		-0.996254,
		0,
		-0.669213,
		0.738114,
		0.085681,
		0,
		0.740112,
		0.672382,
		-0.011702,
		0,
		0.225655,
		1.476151,
		-0.076731,
		1
	},
	[0.483333333333] = {
		-0.02607,
		0.052127,
		-0.9983,
		0,
		-0.852234,
		0.520819,
		0.04945,
		0,
		0.522512,
		0.852074,
		0.030847,
		0,
		0.033592,
		1.431038,
		-0.068889,
		1
	},
	[0.4] = {
		-0.093995,
		0.090375,
		-0.991462,
		0,
		0.221752,
		0.972754,
		0.067646,
		0,
		0.970562,
		-0.213501,
		-0.111474,
		0,
		0.957202,
		1.335312,
		-0.110236,
		1
	},
	[0.516666666667] = {
		0.049588,
		0.024713,
		-0.998464,
		0,
		-0.998757,
		0.006241,
		-0.049449,
		0,
		0.00501,
		0.999675,
		0.024992,
		0,
		-0.368892,
		1.146935,
		-0.068903,
		1
	},
	[0.533333333333] = {
		0.083581,
		0.023253,
		-0.99623,
		0,
		-0.954378,
		-0.285727,
		-0.086739,
		0,
		-0.286667,
		0.958029,
		-0.001689,
		0,
		-0.56211,
		0.905987,
		-0.070985,
		1
	},
	[0.55] = {
		0.107474,
		0.021572,
		-0.993974,
		0,
		-0.832527,
		-0.544544,
		-0.101835,
		0,
		-0.543459,
		0.838455,
		-0.040565,
		0,
		-0.714649,
		0.647623,
		-0.070832,
		1
	},
	[0.566666666667] = {
		0.127336,
		0.016538,
		-0.991722,
		0,
		-0.672929,
		-0.733103,
		-0.098629,
		0,
		-0.728665,
		0.679917,
		-0.082221,
		0,
		-0.808827,
		0.406904,
		-0.070936,
		1
	},
	[0.583333333333] = {
		0.141417,
		0.017121,
		-0.989802,
		0,
		-0.528688,
		-0.844017,
		-0.090135,
		0,
		-0.836953,
		0.536044,
		-0.110306,
		0,
		-0.829475,
		0.212536,
		-0.079428,
		1
	},
	[0.5] = {
		0.008713,
		0.035183,
		-0.999343,
		0,
		-0.958573,
		0.284843,
		0.001671,
		0,
		0.284715,
		0.957928,
		0.036207,
		0,
		-0.160102,
		1.333013,
		-0.064865,
		1
	},
	[0.616666666667] = {
		0.136831,
		0.038814,
		-0.989834,
		0,
		-0.37228,
		-0.923968,
		-0.087694,
		0,
		-0.917979,
		0.380494,
		-0.111977,
		0,
		-0.765944,
		-0.141844,
		-0.152205,
		1
	},
	[0.633333333333] = {
		0.128002,
		0.052764,
		-0.990369,
		0,
		-0.339428,
		-0.93595,
		-0.093734,
		0,
		-0.931882,
		0.348157,
		-0.101894,
		0,
		-0.729959,
		-0.304423,
		-0.20321,
		1
	},
	[0.65] = {
		0.118804,
		0.066044,
		-0.990719,
		0,
		-0.319494,
		-0.942177,
		-0.101121,
		0,
		-0.940111,
		0.328542,
		-0.090834,
		0,
		-0.700617,
		-0.422809,
		-0.248697,
		1
	},
	[0.666666666667] = {
		0.111693,
		0.07568,
		-0.990857,
		0,
		-0.299033,
		-0.948321,
		-0.10614,
		0,
		-0.947683,
		0.308154,
		-0.083289,
		0,
		-0.685067,
		-0.470292,
		-0.276891,
		1
	},
	[0.683333333333] = {
		0.098795,
		0.077033,
		-0.992122,
		0,
		-0.277429,
		-0.955337,
		-0.101803,
		0,
		-0.955653,
		0.285301,
		-0.073011,
		0,
		-0.679238,
		-0.472945,
		-0.289078,
		1
	},
	[0.6] = {
		0.142453,
		0.026372,
		-0.98945,
		0,
		-0.431124,
		-0.898184,
		-0.086009,
		0,
		-0.890977,
		0.438828,
		-0.116579,
		0,
		-0.801485,
		0.038728,
		-0.107231,
		1
	},
	[0.716666666667] = {
		0.063242,
		0.066979,
		-0.995748,
		0,
		-0.260864,
		-0.961948,
		-0.081273,
		0,
		-0.963302,
		0.264895,
		-0.043363,
		0,
		-0.672883,
		-0.475903,
		-0.308547,
		1
	},
	[0.733333333333] = {
		0.061391,
		0.068638,
		-0.995751,
		0,
		-0.269002,
		-0.95958,
		-0.08273,
		0,
		-0.961181,
		0.272938,
		-0.040446,
		0,
		-0.674126,
		-0.476389,
		-0.321205,
		1
	},
	[0.75] = {
		0.083406,
		0.082747,
		-0.993074,
		0,
		-0.290294,
		-0.951308,
		-0.103648,
		0,
		-0.953296,
		0.296929,
		-0.055324,
		0,
		-0.679492,
		-0.476102,
		-0.337342,
		1
	},
	[0.766666666667] = {
		0.13032,
		0.10854,
		-0.985513,
		0,
		-0.323535,
		-0.934923,
		-0.145751,
		0,
		-0.937199,
		0.337842,
		-0.086723,
		0,
		-0.671713,
		-0.472528,
		-0.366282,
		1
	},
	[0.783333333333] = {
		0.194714,
		0.139647,
		-0.970868,
		0,
		-0.364154,
		-0.908778,
		-0.203749,
		0,
		-0.910757,
		0.393219,
		-0.126099,
		0,
		-0.63552,
		-0.463233,
		-0.413919,
		1
	},
	[0.7] = {
		0.078876,
		0.071866,
		-0.994291,
		0,
		-0.264228,
		-0.960218,
		-0.090364,
		0,
		-0.961229,
		0.269847,
		-0.056749,
		0,
		-0.674875,
		-0.47478,
		-0.298175,
		1
	},
	[0.816666666667] = {
		0.36833,
		0.202272,
		-0.907424,
		0,
		-0.447179,
		-0.817176,
		-0.363668,
		0,
		-0.815085,
		0.539731,
		-0.210539,
		0,
		-0.491992,
		-0.425971,
		-0.552985,
		1
	},
	[0.833333333333] = {
		0.471179,
		0.22389,
		-0.853149,
		0,
		-0.477704,
		-0.748334,
		-0.460211,
		0,
		-0.741477,
		0.624395,
		-0.245647,
		0,
		-0.391191,
		-0.39767,
		-0.641841,
		1
	},
	[0.85] = {
		0.577566,
		0.232734,
		-0.782466,
		0,
		-0.493092,
		-0.664432,
		-0.561596,
		0,
		-0.650598,
		0.710186,
		-0.268994,
		0,
		-0.27527,
		-0.363393,
		-0.739328,
		1
	},
	[0.866666666667] = {
		0.680722,
		0.225585,
		-0.696942,
		0,
		-0.489152,
		-0.568235,
		-0.661694,
		0,
		-0.545296,
		0.79134,
		-0.276465,
		0,
		-0.147718,
		-0.324216,
		-0.841248,
		1
	},
	[0.883333333333] = {
		0.774093,
		0.201271,
		-0.600226,
		0,
		-0.464167,
		-0.464291,
		-0.75431,
		0,
		-0.4305,
		0.86251,
		-0.265981,
		0,
		-0.012595,
		-0.281776,
		-0.943294,
		1
	},
	[0.8] = {
		0.27487,
		0.172447,
		-0.94589,
		0,
		-0.407283,
		-0.870277,
		-0.277015,
		0,
		-0.870958,
		0.461388,
		-0.168978,
		0,
		-0.574497,
		-0.447817,
		-0.476616,
		1
	},
	[0.916666666667] = {
		0.913022,
		0.107167,
		-0.393582,
		0,
		-0.357407,
		-0.254865,
		-0.898501,
		0,
		-0.1966,
		0.96102,
		-0.194395,
		0,
		0.260759,
		-0.195184,
		-1.131707,
		1
	},
	[0.933333333333] = {
		0.95491,
		0.044046,
		-0.293611,
		0,
		-0.283455,
		-0.158933,
		-0.945724,
		0,
		-0.08832,
		0.986306,
		-0.139281,
		0,
		0.387882,
		-0.155027,
		-1.211194,
		1
	},
	[0.95] = {
		0.979332,
		-0.024604,
		-0.200759,
		0,
		-0.202044,
		-0.073018,
		-0.976651,
		0,
		0.009371,
		0.997027,
		-0.07648,
		0,
		0.500844,
		-0.119184,
		-1.277094,
		1
	},
	[0.966666666667] = {
		0.988546,
		-0.095424,
		-0.116926,
		0,
		-0.117308,
		0.001611,
		-0.993094,
		0,
		0.094953,
		0.995435,
		-0.009601,
		0,
		0.593857,
		-0.088871,
		-1.327024,
		1
	},
	[0.983333333333] = {
		0.985239,
		-0.165759,
		-0.04276,
		0,
		-0.032367,
		0.064903,
		-0.997366,
		0,
		0.168098,
		0.984028,
		0.05858,
		0,
		0.661358,
		-0.064792,
		-1.358773,
		1
	},
	[0.9] = {
		0.852519,
		0.160848,
		-0.497332,
		0,
		-0.419159,
		-0.358066,
		-0.834323,
		0,
		-0.312277,
		0.919737,
		-0.237838,
		0,
		0.12535,
		-0.238071,
		-1.041347,
		1
	},
	[1.01666666667] = {
		0.972015,
		-0.233887,
		0.021986,
		0,
		0.050738,
		0.117634,
		-0.99176,
		0,
		0.229374,
		0.965121,
		0.126209,
		0,
		0.69803,
		-0.047339,
		-1.370168,
		1
	},
	[1.03333333333] = {
		0.972015,
		-0.233887,
		0.021986,
		0,
		0.050738,
		0.117634,
		-0.99176,
		0,
		0.229374,
		0.965121,
		0.126209,
		0,
		0.69803,
		-0.047339,
		-1.370168,
		1
	},
	[1.05] = {
		0.972015,
		-0.233887,
		0.021986,
		0,
		0.050738,
		0.117634,
		-0.99176,
		0,
		0.229374,
		0.965121,
		0.126209,
		0,
		0.69803,
		-0.047339,
		-1.370168,
		1
	},
	[1.06666666667] = {
		0.972015,
		-0.233887,
		0.021986,
		0,
		0.050738,
		0.117634,
		-0.99176,
		0,
		0.229374,
		0.965121,
		0.126209,
		0,
		0.69803,
		-0.047339,
		-1.370168,
		1
	},
	[1.08333333333] = {
		0.972015,
		-0.233887,
		0.021986,
		0,
		0.050738,
		0.117634,
		-0.99176,
		0,
		0.229374,
		0.965121,
		0.126209,
		0,
		0.69803,
		-0.047339,
		-1.370168,
		1
	},
	[1.11666666667] = {
		0.972015,
		-0.233887,
		0.021986,
		0,
		0.050738,
		0.117634,
		-0.99176,
		0,
		0.229374,
		0.965121,
		0.126209,
		0,
		0.69803,
		-0.047339,
		-1.370168,
		1
	},
	[1.13333333333] = {
		0.972015,
		-0.233887,
		0.021986,
		0,
		0.050738,
		0.117634,
		-0.99176,
		0,
		0.229374,
		0.965121,
		0.126209,
		0,
		0.69803,
		-0.047339,
		-1.370168,
		1
	},
	[1.15] = {
		0.972015,
		-0.233887,
		0.021986,
		0,
		0.050738,
		0.117634,
		-0.99176,
		0,
		0.229374,
		0.965121,
		0.126209,
		0,
		0.69803,
		-0.047339,
		-1.370168,
		1
	},
	[1.16666666667] = {
		0.972015,
		-0.233887,
		0.021986,
		0,
		0.050738,
		0.117634,
		-0.99176,
		0,
		0.229374,
		0.965121,
		0.126209,
		0,
		0.69803,
		-0.047339,
		-1.370168,
		1
	},
	[1.1] = {
		0.972015,
		-0.233887,
		0.021986,
		0,
		0.050738,
		0.117634,
		-0.99176,
		0,
		0.229374,
		0.965121,
		0.126209,
		0,
		0.69803,
		-0.047339,
		-1.370168,
		1
	}
}

return spline_matrices
