-- chunkname: @content/characters/player/ogryn/first_person/animations/combat_blade/swing_right.lua

local spline_matrices = {
	[0.0166666666667] = {
		0.959023,
		-0.279643,
		0.045551,
		0,
		0.060581,
		0.045337,
		-0.997133,
		0,
		0.276776,
		0.959033,
		0.06042,
		0,
		0.693766,
		-0.061141,
		-1.36959,
		1,
	},
	[0.0333333333333] = {
		0.942417,
		-0.324875,
		0.079416,
		0,
		0.07246,
		-0.033472,
		-0.996809,
		0,
		0.326497,
		0.945164,
		-0.008004,
		0,
		0.67613,
		-0.076302,
		-1.36175,
		1,
	},
	[0.05] = {
		0.921568,
		-0.368159,
		0.12317,
		0,
		0.084844,
		-0.118598,
		-0.989311,
		0,
		0.378831,
		0.922168,
		-0.07806,
		0,
		0.646084,
		-0.092737,
		-1.346756,
		1,
	},
	[0.0666666666667] = {
		0.895877,
		-0.407857,
		0.176231,
		0,
		0.09608,
		-0.209419,
		-0.973094,
		0,
		0.43379,
		0.888705,
		-0.148427,
		0,
		0.604564,
		-0.110271,
		-1.324685,
		1,
	},
	[0.0833333333333] = {
		0.864787,
		-0.442294,
		0.23774,
		0,
		0.104355,
		-0.304816,
		-0.946677,
		0,
		0.491177,
		0.843483,
		-0.217445,
		0,
		0.552452,
		-0.128716,
		-1.295614,
		1,
	},
	[0] = {
		0.972015,
		-0.233887,
		0.021986,
		0,
		0.050738,
		0.117633,
		-0.99176,
		0,
		0.229374,
		0.965121,
		0.126208,
		0,
		0.698028,
		-0.047343,
		-1.370168,
		1,
	},
	[0.116666666667] = {
		0.785412,
		-0.488025,
		0.380736,
		0,
		0.104364,
		-0.501892,
		-0.858611,
		0,
		0.610112,
		0.714098,
		-0.343259,
		0,
		0.419838,
		-0.166598,
		-1.216957,
		1,
	},
	[0.133333333333] = {
		0.737626,
		-0.495695,
		0.45847,
		0,
		0.092554,
		-0.598367,
		-0.795858,
		0,
		0.668836,
		0.629479,
		-0.395492,
		0,
		0.34106,
		-0.184632,
		-1.167828,
		1,
	},
	[0.15] = {
		0.685496,
		-0.491408,
		0.537227,
		0,
		0.070979,
		-0.689252,
		-0.721036,
		0,
		0.724608,
		0.532399,
		-0.4376,
		0,
		0.255185,
		-0.200932,
		-1.112692,
		1,
	},
	[0.166666666667] = {
		0.630364,
		-0.474537,
		0.614374,
		0,
		0.038823,
		-0.771153,
		-0.635465,
		0,
		0.775328,
		0.424426,
		-0.467684,
		0,
		0.163232,
		-0.21457,
		-1.052161,
		1,
	},
	[0.183333333333] = {
		0.573923,
		-0.445223,
		0.687305,
		0,
		-0.004099,
		-0.840845,
		-0.54126,
		0,
		0.818899,
		0.307824,
		-0.484406,
		0,
		0.06634,
		-0.224627,
		-0.987028,
		1,
	},
	[0.1] = {
		0.82795,
		-0.469659,
		0.306463,
		0,
		0.107738,
		-0.403084,
		-0.908799,
		0,
		0.550356,
		0.785458,
		-0.283133,
		0,
		0.490592,
		-0.147703,
		-1.259647,
		1,
	},
	[0.216666666667] = {
		0.464774,
		-0.353855,
		0.811648,
		0,
		-0.11964,
		-0.933362,
		-0.33841,
		0,
		0.877309,
		0.060178,
		-0.476137,
		0,
		-0.13698,
		-0.230809,
		-0.846903,
		1,
	},
	[0.233333333333] = {
		0.415789,
		-0.295812,
		0.860009,
		0,
		-0.1895,
		-0.953048,
		-0.236196,
		0,
		0.889499,
		-0.064764,
		-0.452324,
		0,
		-0.240434,
		-0.225741,
		-0.774127,
		1,
	},
	[0.25] = {
		0.372609,
		-0.232956,
		0.898273,
		0,
		-0.264916,
		-0.9544,
		-0.137623,
		0,
		0.889371,
		-0.186688,
		-0.417332,
		0,
		-0.342931,
		-0.214768,
		-0.701058,
		1,
	},
	[0.266666666667] = {
		0.336314,
		-0.168068,
		0.926632,
		0,
		-0.343799,
		-0.937948,
		-0.045341,
		0,
		0.876753,
		-0.303326,
		-0.373227,
		0,
		-0.442782,
		-0.197784,
		-0.628776,
		1,
	},
	[0.283333333333] = {
		0.307545,
		-0.103838,
		0.945851,
		0,
		-0.424097,
		-0.904795,
		0.038565,
		0,
		0.851797,
		-0.412993,
		-0.322302,
		0,
		-0.538286,
		-0.174833,
		-0.558266,
		1,
	},
	[0.2] = {
		0.51808,
		-0.404425,
		0.753679,
		0,
		-0.057296,
		-0.895584,
		-0.441187,
		0,
		0.853411,
		0.185388,
		-0.487157,
		0,
		-0.034205,
		-0.23027,
		-0.91825,
		1,
	},
	[0.316666666667] = {
		0.273076,
		0.013156,
		0.961903,
		0,
		-0.581589,
		-0.794222,
		0.175971,
		0,
		0.766279,
		-0.607485,
		-0.209231,
		0,
		-0.709557,
		-0.11168,
		-0.425919,
		1,
	},
	[0.333333333333] = {
		0.266747,
		0.061962,
		0.961773,
		0,
		-0.65563,
		-0.719771,
		0.228209,
		0,
		0.706396,
		-0.691441,
		-0.151372,
		0,
		-0.782062,
		-0.071879,
		-0.365477,
		1,
	},
	[0.35] = {
		0.255913,
		0.085295,
		0.96293,
		0,
		-0.730616,
		-0.635202,
		0.250438,
		0,
		0.633016,
		-0.767622,
		-0.100239,
		0,
		-0.844546,
		-0.026631,
		-0.311936,
		1,
	},
	[0.366666666667] = {
		0.243884,
		0.102066,
		0.964419,
		0,
		-0.799202,
		-0.542168,
		0.259482,
		0,
		0.549361,
		-0.834048,
		-0.050655,
		0,
		-0.894401,
		0.022405,
		-0.260243,
		1,
	},
	[0.383333333333] = {
		0.230692,
		0.112556,
		0.966495,
		0,
		-0.860214,
		-0.440644,
		0.256641,
		0,
		0.454766,
		-0.890598,
		-0.004831,
		0,
		-0.930185,
		0.075513,
		-0.211374,
		1,
	},
	[0.3] = {
		0.286517,
		-0.042717,
		0.957122,
		0,
		-0.50392,
		-0.856376,
		0.11263,
		0,
		0.814845,
		-0.514583,
		-0.266892,
		0,
		-0.627761,
		-0.146065,
		-0.490397,
		1,
	},
	[0.416666666667] = {
		0.19842,
		0.105492,
		0.974423,
		0,
		-0.956633,
		-0.195484,
		0.21596,
		0,
		0.213267,
		-0.975017,
		0.062129,
		0,
		-0.948904,
		0.223119,
		-0.129656,
		1,
	},
	[0.433333333333] = {
		0.172766,
		0.077581,
		0.981903,
		0,
		-0.984204,
		-0.025536,
		0.175188,
		0,
		0.038665,
		-0.996659,
		0.071943,
		0,
		-0.920695,
		0.363293,
		-0.10362,
		1,
	},
	[0.45] = {
		0.139213,
		0.043615,
		0.989302,
		0,
		-0.97654,
		0.171787,
		0.129843,
		0,
		-0.164286,
		-0.984168,
		0.066507,
		0,
		-0.865309,
		0.539658,
		-0.084936,
		1,
	},
	[0.466666666667] = {
		0.100543,
		0.012704,
		0.994852,
		0,
		-0.919715,
		0.382582,
		0.088064,
		0,
		-0.379494,
		-0.923834,
		0.05015,
		0,
		-0.783025,
		0.736698,
		-0.070525,
		1,
	},
	[0.483333333333] = {
		0.062444,
		-0.008813,
		0.99801,
		0,
		-0.806192,
		0.589032,
		0.055644,
		0,
		-0.58835,
		-0.808062,
		0.029676,
		0,
		-0.675239,
		0.937944,
		-0.057858,
		1,
	},
	[0.4] = {
		0.216422,
		0.116705,
		0.969299,
		0,
		-0.912066,
		-0.330006,
		0.243377,
		0,
		0.348278,
		-0.936737,
		0.035022,
		0,
		-0.950342,
		0.133262,
		-0.166265,
		1,
	},
	[0.516666666667] = {
		0.018854,
		-0.016188,
		0.999691,
		0,
		-0.40625,
		0.913486,
		0.022454,
		0,
		-0.913568,
		-0.406548,
		0.010647,
		0,
		-0.393396,
		1.285997,
		-0.032118,
		1,
	},
	[0.533333333333] = {
		0.030638,
		-0.006251,
		0.999511,
		0,
		-0.078254,
		0.996896,
		0.008634,
		0,
		-0.996463,
		-0.07848,
		0.030054,
		0,
		-0.172246,
		1.415725,
		-0.024518,
		1,
	},
	[0.55] = {
		0.048302,
		-0.007208,
		0.998807,
		0,
		0.328043,
		0.94462,
		-0.009047,
		0,
		-0.943427,
		0.328088,
		0.047991,
		0,
		0.127017,
		1.485104,
		-0.031297,
		1,
	},
	[0.566666666667] = {
		0.053433,
		-0.017819,
		0.998412,
		0,
		0.666075,
		0.74555,
		-0.02234,
		0,
		-0.743968,
		0.666212,
		0.051706,
		0,
		0.429038,
		1.468525,
		-0.046058,
		1,
	},
	[0.583333333333] = {
		0.066046,
		-0.058288,
		0.996113,
		0,
		0.881845,
		0.470523,
		-0.030937,
		0,
		-0.466891,
		0.88046,
		0.082477,
		0,
		0.775453,
		1.408895,
		-0.058569,
		1,
	},
	[0.5] = {
		0.032442,
		-0.018157,
		0.999309,
		0,
		-0.634369,
		0.772255,
		0.034626,
		0,
		-0.77235,
		-0.635053,
		0.013536,
		0,
		-0.544372,
		1.12664,
		-0.045265,
		1,
	},
	[0.616666666667] = {
		-0.064051,
		0.067137,
		0.995686,
		0,
		0.833922,
		-0.544436,
		0.090355,
		0,
		0.548154,
		0.836111,
		-0.021115,
		0,
		1.522423,
		0.661278,
		-0.115588,
		1,
	},
	[0.633333333333] = {
		-0.054226,
		0.132894,
		0.989646,
		0,
		0.585461,
		-0.798639,
		0.139324,
		0,
		0.808885,
		0.586954,
		-0.034498,
		0,
		1.63995,
		0.364025,
		-0.178163,
		1,
	},
	[0.65] = {
		-0.013742,
		0.122082,
		0.992425,
		0,
		0.466647,
		-0.877021,
		0.114347,
		0,
		0.884337,
		0.464683,
		-0.044917,
		0,
		1.600059,
		0.260408,
		-0.269781,
		1,
	},
	[0.666666666667] = {
		0.034648,
		0.082032,
		0.996027,
		0,
		0.405466,
		-0.912072,
		0.061012,
		0,
		0.913453,
		0.401741,
		-0.064863,
		0,
		1.544387,
		0.173217,
		-0.377819,
		1,
	},
	[0.683333333333] = {
		0.093592,
		0.017517,
		0.995457,
		0,
		0.391433,
		-0.919976,
		-0.020614,
		0,
		0.915435,
		0.391584,
		-0.092959,
		0,
		1.476241,
		0.098426,
		-0.497941,
		1,
	},
	[0.6] = {
		-0.001277,
		-0.032805,
		0.999461,
		0,
		0.999917,
		-0.012863,
		0.000855,
		0,
		0.012828,
		0.999379,
		0.032818,
		0,
		1.179083,
		1.129832,
		-0.079725,
		1,
	},
	[0.716666666667] = {
		0.264918,
		-0.161588,
		0.950635,
		0,
		0.447789,
		-0.852497,
		-0.269694,
		0,
		0.853993,
		0.497131,
		-0.153484,
		0,
		1.310082,
		-0.015887,
		-0.756832,
		1,
	},
	[0.733333333333] = {
		0.407453,
		-0.257998,
		0.876024,
		0,
		0.475005,
		-0.759416,
		-0.444588,
		0,
		0.77997,
		0.597264,
		-0.186876,
		0,
		1.211805,
		-0.051185,
		-0.889939,
		1,
	},
	[0.75] = {
		0.555869,
		-0.330922,
		0.762561,
		0,
		0.478421,
		-0.622829,
		-0.619029,
		0,
		0.679796,
		0.708925,
		-0.187891,
		0,
		1.107545,
		-0.070012,
		-1.015641,
		1,
	},
	[0.766666666667] = {
		0.695594,
		-0.366866,
		0.617704,
		0,
		0.44552,
		-0.454239,
		-0.771479,
		0,
		0.563615,
		0.811835,
		-0.152519,
		0,
		1.000836,
		-0.075304,
		-1.126217,
		1,
	},
	[0.783333333333] = {
		0.812055,
		-0.362847,
		0.457066,
		0,
		0.375138,
		-0.27539,
		-0.885117,
		0,
		0.447034,
		0.890226,
		-0.087514,
		0,
		0.897773,
		-0.071641,
		-1.215503,
		1,
	},
	[0.7] = {
		0.168685,
		-0.066465,
		0.983427,
		0,
		0.410812,
		-0.902196,
		-0.131441,
		0,
		0.89598,
		0.426175,
		-0.124882,
		0,
		1.397622,
		0.035168,
		-0.625928,
		1,
	},
	[0.816666666667] = {
		0.949181,
		-0.275957,
		0.151337,
		0,
		0.164261,
		0.024196,
		-0.98612,
		0,
		0.268465,
		0.960865,
		0.068295,
		0,
		0.735828,
		-0.052926,
		-1.318661,
		1,
	},
	[0.833333333333] = {
		0.974079,
		-0.225136,
		0.021986,
		0,
		0.049678,
		0.118085,
		-0.99176,
		0,
		0.220684,
		0.967145,
		0.126208,
		0,
		0.693697,
		-0.041111,
		-1.331146,
		1,
	},
	[0.85] = {
		0.973708,
		-0.226734,
		0.021986,
		0,
		0.049872,
		0.118003,
		-0.99176,
		0,
		0.222272,
		0.966782,
		0.126208,
		0,
		0.694401,
		-0.042243,
		-1.337524,
		1,
	},
	[0.866666666667] = {
		0.973343,
		-0.2283,
		0.021986,
		0,
		0.050061,
		0.117923,
		-0.99176,
		0,
		0.223826,
		0.966423,
		0.126208,
		0,
		0.695064,
		-0.043355,
		-1.343556,
		1,
	},
	[0.883333333333] = {
		0.972995,
		-0.229776,
		0.021986,
		0,
		0.05024,
		0.117847,
		-0.99176,
		0,
		0.225292,
		0.966082,
		0.126208,
		0,
		0.695677,
		-0.044406,
		-1.349167,
		1,
	},
	[0.8] = {
		0.896767,
		-0.327387,
		0.297702,
		0,
		0.276743,
		-0.110023,
		-0.954625,
		0,
		0.345286,
		0.938463,
		-0.008062,
		0,
		0.806524,
		-0.063321,
		-1.280038,
		1,
	},
	[0.916666666667] = {
		0.97241,
		-0.232241,
		0.021986,
		0,
		0.050539,
		0.117719,
		-0.99176,
		0,
		0.227739,
		0.965508,
		0.126208,
		0,
		0.696731,
		-0.046165,
		-1.358814,
		1,
	},
	[0.933333333333] = {
		0.9722,
		-0.233119,
		0.021986,
		0,
		0.050645,
		0.117674,
		-0.99176,
		0,
		0.228611,
		0.965302,
		0.126208,
		0,
		0.69716,
		-0.046793,
		-1.362697,
		1,
	},
	[0.95] = {
		0.972064,
		-0.233686,
		0.021986,
		0,
		0.050714,
		0.117644,
		-0.99176,
		0,
		0.229174,
		0.965169,
		0.126208,
		0,
		0.697515,
		-0.047199,
		-1.36585,
		1,
	},
	[0.966666666667] = {
		0.972015,
		-0.233887,
		0.021986,
		0,
		0.050738,
		0.117633,
		-0.99176,
		0,
		0.229374,
		0.965121,
		0.126208,
		0,
		0.697789,
		-0.047343,
		-1.368198,
		1,
	},
	[0.983333333333] = {
		0.972015,
		-0.233887,
		0.021986,
		0,
		0.050738,
		0.117633,
		-0.99176,
		0,
		0.229374,
		0.965121,
		0.126208,
		0,
		0.697967,
		-0.047343,
		-1.369663,
		1,
	},
	[0.9] = {
		0.972679,
		-0.231109,
		0.021986,
		0,
		0.050402,
		0.117778,
		-0.99176,
		0,
		0.226615,
		0.965773,
		0.126208,
		0,
		0.696235,
		-0.045356,
		-1.354278,
		1,
	},
	[1.01666666667] = {
		0.972015,
		-0.233887,
		0.021986,
		0,
		0.050738,
		0.117633,
		-0.99176,
		0,
		0.229374,
		0.965121,
		0.126208,
		0,
		0.698028,
		-0.047343,
		-1.370168,
		1,
	},
	[1.03333333333] = {
		0.972015,
		-0.233887,
		0.021986,
		0,
		0.050738,
		0.117633,
		-0.99176,
		0,
		0.229374,
		0.965121,
		0.126208,
		0,
		0.698028,
		-0.047343,
		-1.370168,
		1,
	},
	[1.05] = {
		0.972015,
		-0.233887,
		0.021986,
		0,
		0.050738,
		0.117633,
		-0.99176,
		0,
		0.229374,
		0.965121,
		0.126208,
		0,
		0.698028,
		-0.047343,
		-1.370168,
		1,
	},
	[1.06666666667] = {
		0.972015,
		-0.233887,
		0.021986,
		0,
		0.050738,
		0.117633,
		-0.99176,
		0,
		0.229374,
		0.965121,
		0.126208,
		0,
		0.698028,
		-0.047343,
		-1.370168,
		1,
	},
	[1.08333333333] = {
		0.972015,
		-0.233887,
		0.021986,
		0,
		0.050738,
		0.117633,
		-0.99176,
		0,
		0.229374,
		0.965121,
		0.126208,
		0,
		0.698028,
		-0.047343,
		-1.370168,
		1,
	},
	{
		0.972015,
		-0.233887,
		0.021986,
		0,
		0.050738,
		0.117633,
		-0.99176,
		0,
		0.229374,
		0.965121,
		0.126208,
		0,
		0.698028,
		-0.047343,
		-1.370168,
		1,
	},
	[1.11666666667] = {
		0.972015,
		-0.233887,
		0.021986,
		0,
		0.050738,
		0.117633,
		-0.99176,
		0,
		0.229374,
		0.965121,
		0.126208,
		0,
		0.698028,
		-0.047343,
		-1.370168,
		1,
	},
	[1.13333333333] = {
		0.972015,
		-0.233887,
		0.021986,
		0,
		0.050738,
		0.117633,
		-0.99176,
		0,
		0.229374,
		0.965121,
		0.126208,
		0,
		0.698028,
		-0.047343,
		-1.370168,
		1,
	},
	[1.15] = {
		0.972015,
		-0.233887,
		0.021986,
		0,
		0.050738,
		0.117633,
		-0.99176,
		0,
		0.229374,
		0.965121,
		0.126208,
		0,
		0.698028,
		-0.047343,
		-1.370168,
		1,
	},
	[1.16666666667] = {
		0.972015,
		-0.233887,
		0.021986,
		0,
		0.050738,
		0.117633,
		-0.99176,
		0,
		0.229374,
		0.965121,
		0.126208,
		0,
		0.698028,
		-0.047343,
		-1.370168,
		1,
	},
	[1.1] = {
		0.972015,
		-0.233887,
		0.021986,
		0,
		0.050738,
		0.117633,
		-0.99176,
		0,
		0.229374,
		0.965121,
		0.126208,
		0,
		0.698028,
		-0.047343,
		-1.370168,
		1,
	},
}

return spline_matrices
