local spline_matrices = {
	[0] = {
		0.398479,
		0.548942,
		0.734763,
		0,
		0.631751,
		-0.745044,
		0.21401,
		0,
		0.66491,
		0.378909,
		-0.643679,
		0,
		1.308089,
		-0.376692,
		-0.980938,
		1
	},
	[0.0333333333333] = {
		0.390395,
		0.52761,
		0.754466,
		0,
		0.629551,
		-0.75094,
		0.199386,
		0,
		0.671757,
		0.397136,
		-0.625321,
		0,
		1.313956,
		-0.345845,
		-0.981806,
		1
	},
	[0.0666666666667] = {
		0.374773,
		0.475647,
		0.795805,
		0,
		0.621487,
		-0.765839,
		0.165056,
		0,
		0.687967,
		0.432724,
		-0.582624,
		0,
		1.329254,
		-0.234072,
		-0.985618,
		1
	},
	[0.133333333333] = {
		0.765829,
		0.03862,
		0.641884,
		0,
		0.565148,
		-0.516636,
		-0.643191,
		0,
		0.30678,
		0.855334,
		-0.417481,
		0,
		1.042879,
		0.039198,
		-0.826761,
		1
	},
	[0.166666666667] = {
		0.995531,
		-0.007851,
		0.094113,
		0,
		0.094332,
		0.035008,
		-0.994925,
		0,
		0.004516,
		0.999356,
		0.035592,
		0,
		0.70784,
		0.190701,
		-0.438917,
		1
	},
	[0.1] = {
		0.362208,
		0.433324,
		0.825249,
		0,
		0.615442,
		-0.776113,
		0.137402,
		0,
		0.700026,
		0.458125,
		-0.5478,
		0,
		1.34582,
		-0.084069,
		-0.990714,
		1
	},
	[0.233333333333] = {
		0.930713,
		0.067619,
		-0.359445,
		0,
		-0.364507,
		0.090543,
		-0.926788,
		0,
		-0.030123,
		0.993594,
		0.108917,
		0,
		0.129405,
		1.378888,
		-0.085315,
		1
	},
	[0.266666666667] = {
		0.940493,
		0.031162,
		-0.338381,
		0,
		-0.339779,
		0.072219,
		-0.937729,
		0,
		-0.004784,
		0.996902,
		0.078509,
		0,
		0.102717,
		1.399768,
		-0.084058,
		1
	},
	[0.2] = {
		0.960873,
		0.118502,
		-0.250361,
		0,
		-0.267228,
		0.158753,
		-0.950467,
		0,
		-0.072886,
		0.980181,
		0.184208,
		0,
		0.493535,
		0.773398,
		-0.317575,
		1
	},
	[0.333333333333] = {
		0.927564,
		0.007896,
		-0.373582,
		0,
		-0.373178,
		0.070615,
		-0.925069,
		0,
		0.019076,
		0.997472,
		0.068447,
		0,
		0.109132,
		1.397725,
		-0.094657,
		1
	},
	[0.366666666667] = {
		0.920333,
		0.022467,
		-0.39049,
		0,
		-0.391071,
		0.071088,
		-0.917611,
		0,
		0.007143,
		0.997217,
		0.074211,
		0,
		0.098604,
		1.395028,
		-0.092885,
		1
	},
	[0.3] = {
		0.933311,
		0.001878,
		-0.359065,
		0,
		-0.35833,
		0.069028,
		-0.931039,
		0,
		0.023037,
		0.997613,
		0.065098,
		0,
		0.115262,
		1.400329,
		-0.09397,
		1
	},
	[0.433333333333] = {
		0.903766,
		0.024167,
		-0.427344,
		0,
		-0.428026,
		0.052428,
		-0.902244,
		0,
		0.0006,
		0.998332,
		0.057727,
		0,
		0.07131,
		1.392577,
		-0.087797,
		1
	},
	[0.466666666667] = {
		0.883054,
		0.02606,
		-0.468548,
		0,
		-0.46926,
		0.042132,
		-0.882054,
		0,
		-0.003246,
		0.998772,
		0.049433,
		0,
		0.057288,
		1.392406,
		-0.079825,
		1
	},
	[0.4] = {
		0.914594,
		0.02697,
		-0.403473,
		0,
		-0.404372,
		0.063878,
		-0.912361,
		0,
		0.001167,
		0.997593,
		0.069329,
		0,
		0.084987,
		1.392869,
		-0.091447,
		1
	},
	[0.533333333333] = {
		0.860488,
		0.027155,
		-0.508746,
		0,
		-0.50939,
		0.028072,
		-0.860078,
		0,
		-0.009074,
		0.999237,
		0.037988,
		0,
		0.024849,
		1.390592,
		-0.076357,
		1
	},
	[0.566666666667] = {
		0.869583,
		0.032724,
		-0.492702,
		0,
		-0.493626,
		0.032137,
		-0.86908,
		0,
		-0.012606,
		0.998948,
		0.0441,
		0,
		0.019306,
		1.390679,
		-0.082003,
		1
	},
	[0.5] = {
		0.86734,
		0.026525,
		-0.497008,
		0,
		-0.497672,
		0.03304,
		-0.866736,
		0,
		-0.006569,
		0.999102,
		0.041858,
		0,
		0.040263,
		1.391601,
		-0.074271,
		1
	},
	[0.633333333333] = {
		0.947288,
		0.232058,
		-0.220894,
		0,
		-0.255248,
		0.129939,
		-0.958105,
		0,
		-0.193633,
		0.963984,
		0.182322,
		0,
		0.193876,
		1.340975,
		-0.21249,
		1
	},
	[0.666666666667] = {
		0.924032,
		0.297202,
		-0.240492,
		0,
		-0.306706,
		0.200714,
		-0.9304,
		0,
		-0.228246,
		0.93348,
		0.27662,
		0,
		0.449499,
		1.224473,
		-0.484995,
		1
	},
	[0.6] = {
		0.902379,
		0.054002,
		-0.427547,
		0,
		-0.429958,
		0.045741,
		-0.90169,
		0,
		-0.029137,
		0.997493,
		0.064494,
		0,
		0.05704,
		1.387135,
		-0.125889,
		1
	},
	[0.733333333333] = {
		0.906527,
		-0.333261,
		0.259126,
		0,
		-0.01553,
		-0.639739,
		-0.768435,
		0,
		0.421862,
		0.692583,
		-0.585116,
		0,
		0.75236,
		-0.125491,
		-1.052985,
		1
	},
	[0.766666666667] = {
		0.914483,
		-0.400199,
		0.059679,
		0,
		-0.072208,
		-0.306536,
		-0.949116,
		0,
		0.39813,
		0.863641,
		-0.309219,
		0,
		0.391281,
		-0.080034,
		-0.962112,
		1
	},
	[0.7] = {
		0.932209,
		0.230167,
		-0.279303,
		0,
		-0.295532,
		0.038615,
		-0.954552,
		0,
		-0.208921,
		0.972385,
		0.104018,
		0,
		0.731592,
		0.44693,
		-0.649623,
		1
	},
	[0.833333333333] = {
		0.894065,
		-0.420418,
		0.154586,
		0,
		0.056523,
		-0.236461,
		-0.969995,
		0,
		0.444357,
		0.875976,
		-0.187648,
		0,
		0.295232,
		-0.085829,
		-0.985219,
		1
	},
	[0.866666666667] = {
		0.902767,
		-0.413463,
		0.118576,
		0,
		0.006188,
		-0.263162,
		-0.964732,
		0,
		0.430085,
		0.871662,
		-0.235016,
		0,
		0.332665,
		-0.083134,
		-0.976668,
		1
	},
	[0.8] = {
		0.897042,
		-0.417773,
		0.144156,
		0,
		0.041812,
		-0.244497,
		-0.968748,
		0,
		0.439962,
		0.875036,
		-0.201856,
		0,
		0.306313,
		-0.085012,
		-0.982738,
		1
	},
	[0.933333333333] = {
		0.919354,
		-0.393421,
		0.00274,
		0,
		-0.144806,
		-0.344844,
		-0.927423,
		0,
		0.365813,
		0.852234,
		-0.374004,
		0,
		0.444388,
		-0.080475,
		-0.947443,
		1
	},
	[0.966666666667] = {
		0.921312,
		-0.38814,
		-0.02305,
		0,
		-0.175287,
		-0.361693,
		-0.91567,
		0,
		0.347071,
		0.847658,
		-0.401269,
		0,
		0.467684,
		-0.080244,
		-0.940607,
		1
	},
	[0.9] = {
		0.912776,
		-0.404079,
		0.059665,
		0,
		-0.073401,
		-0.305962,
		-0.94921,
		0,
		0.401811,
		0.862037,
		-0.308935,
		0,
		0.391043,
		-0.081418,
		-0.962093,
		1
	}
}

return spline_matrices
