-- chunkname: @content/characters/player/ogryn/first_person/animations/combat_blade/swing_left_hit.lua

local spline_matrices = {
	[0.0166666666667] = {
		-0.079384,
		0.249096,
		-0.96522,
		0,
		-0.94298,
		0.295215,
		0.153741,
		0,
		0.323243,
		0.922388,
		0.211457,
		0,
		0.001461,
		1.402726,
		-0.178716,
		1
	},
	[0.0333333333333] = {
		-0.088149,
		0.22216,
		-0.971017,
		0,
		-0.970557,
		0.200213,
		0.133915,
		0,
		0.224161,
		0.954232,
		0.197971,
		0,
		0.004361,
		1.384645,
		-0.170625,
		1
	},
	[0.05] = {
		-0.08905,
		0.217954,
		-0.971888,
		0,
		-0.981297,
		0.147995,
		0.123102,
		0,
		0.170665,
		0.964673,
		0.200698,
		0,
		-0.026267,
		1.377142,
		-0.175356,
		1
	},
	[0.0666666666667] = {
		-0.084297,
		0.22827,
		-0.969942,
		0,
		-0.982798,
		0.141478,
		0.118711,
		0,
		0.164323,
		0.963264,
		0.212417,
		0,
		-0.048152,
		1.376614,
		-0.183109,
		1
	},
	[0.0833333333333] = {
		-0.083751,
		0.242174,
		-0.966611,
		0,
		-0.9799,
		0.156232,
		0.124045,
		0,
		0.181056,
		0.957572,
		0.224222,
		0,
		-0.059362,
		1.376149,
		-0.191692,
		1
	},
	[0] = {
		-0.056674,
		0.274723,
		-0.959852,
		0,
		-0.87773,
		0.444452,
		0.179033,
		0,
		0.475793,
		0.852637,
		0.215943,
		0,
		0.044073,
		1.428922,
		-0.186199,
		1
	},
	[0.116666666667] = {
		-0.123375,
		0.273851,
		-0.953826,
		0,
		-0.96162,
		0.204386,
		0.183064,
		0,
		0.245081,
		0.939804,
		0.238125,
		0,
		-0.104589,
		1.363493,
		-0.20963,
		1
	},
	[0.133333333333] = {
		-0.13002,
		0.290503,
		-0.947999,
		0,
		-0.952988,
		0.227308,
		0.20036,
		0,
		0.273693,
		0.929483,
		0.247292,
		0,
		-0.128525,
		1.352564,
		-0.220745,
		1
	},
	[0.15] = {
		-0.112594,
		0.305045,
		-0.945659,
		0,
		-0.950597,
		0.244014,
		0.191894,
		0,
		0.28929,
		0.920546,
		0.2625,
		0,
		-0.147805,
		1.345262,
		-0.232037,
		1
	},
	[0.166666666667] = {
		-0.081538,
		0.318742,
		-0.944328,
		0,
		-0.950483,
		0.260221,
		0.169903,
		0,
		0.29989,
		0.911421,
		0.281741,
		0,
		-0.165167,
		1.342363,
		-0.242969,
		1
	},
	[0.183333333333] = {
		-0.0444,
		0.330104,
		-0.9429,
		0,
		-0.95278,
		0.269811,
		0.139325,
		0,
		0.300397,
		0.904562,
		0.302537,
		0,
		-0.18723,
		1.335267,
		-0.255801,
		1
	},
	[0.1] = {
		-0.100777,
		0.256266,
		-0.961339,
		0,
		-0.973203,
		0.175342,
		0.148762,
		0,
		0.206686,
		0.95057,
		0.231729,
		0,
		-0.080112,
		1.371387,
		-0.200216,
		1
	},
	[0.216666666667] = {
		0.019417,
		0.344349,
		-0.938641,
		0,
		-0.965941,
		0.248751,
		0.071275,
		0,
		0.258031,
		0.905288,
		0.337451,
		0,
		-0.265047,
		1.275266,
		-0.296174,
		1
	},
	[0.233333333333] = {
		0.036428,
		0.350152,
		-0.935984,
		0,
		-0.97762,
		0.206682,
		0.039272,
		0,
		0.207202,
		0.913606,
		0.349845,
		0,
		-0.340693,
		1.207695,
		-0.326513,
		1
	},
	[0.25] = {
		0.047169,
		0.356746,
		-0.93301,
		0,
		-0.989455,
		0.144745,
		0.005323,
		0,
		0.136947,
		0.92292,
		0.359811,
		0,
		-0.441751,
		1.118446,
		-0.362514,
		1
	},
	[0.266666666667] = {
		0.055924,
		0.360212,
		-0.931193,
		0,
		-0.996912,
		0.071637,
		-0.03216,
		0,
		0.055123,
		0.930116,
		0.363106,
		0,
		-0.544264,
		1.016898,
		-0.404178,
		1
	},
	[0.283333333333] = {
		0.067741,
		0.357,
		-0.931645,
		0,
		-0.997252,
		-0.00386,
		-0.07399,
		0,
		-0.03001,
		0.934096,
		0.355757,
		0,
		-0.624509,
		0.912385,
		-0.451286,
		1
	},
	[0.2] = {
		-0.00843,
		0.338676,
		-0.940865,
		0,
		-0.957793,
		0.267629,
		0.104918,
		0,
		0.287336,
		0.902038,
		0.322125,
		0,
		-0.219067,
		1.31564,
		-0.272739,
		1
	},
	[0.316666666667] = {
		0.123338,
		0.316706,
		-0.940471,
		0,
		-0.974051,
		-0.142593,
		-0.17576,
		0,
		-0.189769,
		0.937744,
		0.290901,
		0,
		-0.662763,
		0.711273,
		-0.569522,
		1
	},
	[0.333333333333] = {
		0.172095,
		0.277763,
		-0.945109,
		0,
		-0.946505,
		-0.219234,
		-0.236781,
		0,
		-0.27297,
		0.935299,
		0.225175,
		0,
		-0.663849,
		0.59516,
		-0.650595,
		1
	},
	[0.35] = {
		0.22929,
		0.234769,
		-0.944621,
		0,
		-0.907971,
		-0.298109,
		-0.294483,
		0,
		-0.350736,
		0.92521,
		0.14481,
		0,
		-0.660295,
		0.479034,
		-0.734467,
		1
	},
	[0.366666666667] = {
		0.287606,
		0.194849,
		-0.937719,
		0,
		-0.862724,
		-0.37248,
		-0.342002,
		0,
		-0.41592,
		0.907355,
		0.060974,
		0,
		-0.650793,
		0.376539,
		-0.809116,
		1
	},
	[0.383333333333] = {
		0.338667,
		0.163708,
		-0.926555,
		0,
		-0.818129,
		-0.435143,
		-0.375919,
		0,
		-0.464725,
		0.885353,
		-0.013434,
		0,
		-0.634707,
		0.301612,
		-0.863154,
		1
	},
	[0.3] = {
		0.088303,
		0.344003,
		-0.934807,
		0,
		-0.989988,
		-0.073444,
		-0.120543,
		0,
		-0.110123,
		0.936092,
		0.334074,
		0,
		-0.659118,
		0.814182,
		-0.503441,
		1
	},
	[0.416666666667] = {
		0.396177,
		0.135586,
		-0.908108,
		0,
		-0.758796,
		-0.508537,
		-0.406964,
		0,
		-0.516985,
		0.850298,
		-0.098589,
		0,
		-0.575797,
		0.260086,
		-0.888137,
		1
	},
	[0.433333333333] = {
		0.411921,
		0.12931,
		-0.901998,
		0,
		-0.740365,
		-0.529568,
		-0.414026,
		0,
		-0.531207,
		0.838354,
		-0.122404,
		0,
		-0.522669,
		0.252668,
		-0.887817,
		1
	},
	[0.45] = {
		0.422225,
		0.125518,
		-0.897759,
		0,
		-0.727574,
		-0.543812,
		-0.418217,
		0,
		-0.540705,
		0.829768,
		-0.138288,
		0,
		-0.455418,
		0.245883,
		-0.885426,
		1
	},
	[0.466666666667] = {
		0.427817,
		0.123661,
		-0.895366,
		0,
		-0.719944,
		-0.552311,
		-0.420279,
		0,
		-0.546492,
		0.824416,
		-0.147259,
		0,
		-0.377004,
		0.239802,
		-0.881374,
		1
	},
	[0.483333333333] = {
		0.429396,
		0.123338,
		-0.894655,
		0,
		-0.716848,
		-0.555999,
		-0.420707,
		0,
		-0.549316,
		0.821981,
		-0.150329,
		0,
		-0.290332,
		0.234488,
		-0.876019,
		1
	},
	[0.4] = {
		0.374245,
		0.145089,
		-0.915909,
		0,
		-0.783104,
		-0.479556,
		-0.395947,
		0,
		-0.496677,
		0.865434,
		-0.065852,
		0,
		-0.611782,
		0.268078,
		-0.885916,
		1
	},
	[0.516666666667] = {
		0.423181,
		0.126136,
		-0.897222,
		0,
		-0.72135,
		-0.5523,
		-0.417875,
		0,
		-0.548244,
		0.824048,
		-0.142735,
		0,
		-0.103737,
		0.226362,
		-0.86267,
		1
	},
	[0.533333333333] = {
		0.41669,
		0.128799,
		-0.899878,
		0,
		-0.727389,
		-0.546488,
		-0.415037,
		0,
		-0.545229,
		0.827503,
		-0.134029,
		0,
		-0.009564,
		0.223602,
		-0.855289,
		1
	},
	[0.55] = {
		0.408811,
		0.13202,
		-0.90302,
		0,
		-0.734892,
		-0.539069,
		-0.411508,
		0,
		-0.541117,
		0.83185,
		-0.123357,
		0,
		0.081361,
		0.221695,
		-0.847841,
		1
	},
	[0.566666666667] = {
		0.400206,
		0.135571,
		-0.906342,
		0,
		-0.74307,
		-0.53083,
		-0.407513,
		0,
		-0.53636,
		0.836564,
		-0.111703,
		0,
		0.166159,
		0.220583,
		-0.840639,
		1
	},
	[0.583333333333] = {
		0.391549,
		0.139199,
		-0.909567,
		0,
		-0.751155,
		-0.52258,
		-0.403331,
		0,
		-0.531465,
		0.84115,
		-0.100055,
		0,
		0.241945,
		0.220163,
		-0.834005,
		1
	},
	[0.5] = {
		0.427633,
		0.124244,
		-0.895374,
		0,
		-0.717572,
		-0.555728,
		-0.419828,
		0,
		-0.549746,
		0.822028,
		-0.148494,
		0,
		-0.198284,
		0.229995,
		-0.869681,
		1
	},
	[0.616666666667] = {
		0.376831,
		0.145535,
		-0.914777,
		0,
		-0.764108,
		-0.50939,
		-0.395805,
		0,
		-0.523582,
		0.84814,
		-0.08075,
		0,
		0.354905,
		0.220792,
		-0.823783,
		1
	},
	[0.633333333333] = {
		0.372166,
		0.147617,
		-0.916352,
		0,
		-0.767558,
		-0.506153,
		-0.393272,
		0,
		-0.521869,
		0.849716,
		-0.075068,
		0,
		0.386274,
		0.221437,
		-0.82089,
		1
	},
	[0.65] = {
		0.370231,
		0.148557,
		-0.916984,
		0,
		-0.768055,
		-0.506291,
		-0.392124,
		0,
		-0.522514,
		0.84947,
		-0.073345,
		0,
		0.397033,
		0.221979,
		-0.819943,
		1
	},
	[0.666666666667] = {
		0.369899,
		0.148823,
		-0.917075,
		0,
		-0.766846,
		-0.508367,
		-0.391803,
		0,
		-0.52452,
		0.848183,
		-0.07392,
		0,
		0.396525,
		0.222373,
		-0.820082,
		1
	},
	[0.683333333333] = {
		0.369575,
		0.149081,
		-0.917164,
		0,
		-0.76567,
		-0.510378,
		-0.39149,
		0,
		-0.526464,
		0.846929,
		-0.074476,
		0,
		0.39603,
		0.222753,
		-0.820217,
		1
	},
	[0.6] = {
		0.383526,
		0.142622,
		-0.912451,
		0,
		-0.758407,
		-0.515151,
		-0.399299,
		0,
		-0.526999,
		0.84515,
		-0.089408,
		0,
		0.305827,
		0.220294,
		-0.828271,
		1
	},
	[0.716666666667] = {
		0.368963,
		0.14956,
		-0.917332,
		0,
		-0.763459,
		-0.514131,
		-0.390896,
		0,
		-0.530091,
		0.844572,
		-0.075513,
		0,
		0.395099,
		0.223462,
		-0.820474,
		1
	},
	[0.733333333333] = {
		0.368682,
		0.149778,
		-0.91741,
		0,
		-0.762446,
		-0.515838,
		-0.390623,
		0,
		-0.531742,
		0.843491,
		-0.075983,
		0,
		0.394671,
		0.223784,
		-0.820592,
		1
	},
	[0.75] = {
		0.368421,
		0.149977,
		-0.917482,
		0,
		-0.761511,
		-0.51741,
		-0.390369,
		0,
		-0.533261,
		0.842492,
		-0.076416,
		0,
		0.394276,
		0.22408,
		-0.820701,
		1
	},
	[0.766666666667] = {
		0.368185,
		0.150158,
		-0.917547,
		0,
		-0.760663,
		-0.518829,
		-0.390139,
		0,
		-0.534632,
		0.841587,
		-0.076805,
		0,
		0.393918,
		0.224346,
		-0.8208,
		1
	},
	[0.783333333333] = {
		0.367976,
		0.150316,
		-0.917605,
		0,
		-0.759915,
		-0.520077,
		-0.389935,
		0,
		-0.535838,
		0.840789,
		-0.077148,
		0,
		0.393602,
		0.22458,
		-0.820888,
		1
	},
	[0.7] = {
		0.369262,
		0.149327,
		-0.91725,
		0,
		-0.764537,
		-0.512305,
		-0.391186,
		0,
		-0.528326,
		0.845722,
		-0.075009,
		0,
		0.395553,
		0.223118,
		-0.820349,
		1
	},
	[0.816666666667] = {
		0.367653,
		0.150559,
		-0.917695,
		0,
		-0.758763,
		-0.521991,
		-0.38962,
		0,
		-0.537689,
		0.839558,
		-0.077673,
		0,
		0.393114,
		0.224939,
		-0.821023,
		1
	},
	[0.833333333333] = {
		0.367546,
		0.150639,
		-0.917724,
		0,
		-0.758382,
		-0.522624,
		-0.389515,
		0,
		-0.538301,
		0.83915,
		-0.077847,
		0,
		0.392952,
		0.225057,
		-0.821068,
		1
	},
	[0.85] = {
		0.367479,
		0.150688,
		-0.917743,
		0,
		-0.758145,
		-0.523016,
		-0.38945,
		0,
		-0.53868,
		0.838897,
		-0.077954,
		0,
		0.392852,
		0.225131,
		-0.821096,
		1
	},
	[0.866666666667] = {
		0.367456,
		0.150705,
		-0.917749,
		0,
		-0.758063,
		-0.523151,
		-0.389427,
		0,
		-0.53881,
		0.838809,
		-0.077991,
		0,
		0.392818,
		0.225156,
		-0.821106,
		1
	},
	[0.8] = {
		0.367797,
		0.15045,
		-0.917655,
		0,
		-0.759278,
		-0.521137,
		-0.389761,
		0,
		-0.536863,
		0.840108,
		-0.077439,
		0,
		0.393332,
		0.224779,
		-0.820963,
		1
	}
}

return spline_matrices
