-- chunkname: @content/characters/player/ogryn/first_person/animations/combat_blade/swing_left_diagonal_up.lua

local spline_matrices = {
	[0.0166666666667] = {
		0.645592,
		-0.650808,
		0.399575,
		0,
		0.311139,
		-0.253677,
		-0.915882,
		0,
		0.697427,
		0.71561,
		0.038719,
		0,
		0.680799,
		0.094106,
		-1.287109,
		1
	},
	[0.0333333333333] = {
		0.657754,
		-0.742933,
		-0.124135,
		0,
		-0.105338,
		0.072456,
		-0.991793,
		0,
		0.745831,
		0.665432,
		-0.030601,
		0,
		0.64019,
		0.132032,
		-1.345858,
		1
	},
	[0.05] = {
		0.53553,
		-0.809363,
		-0.241123,
		0,
		-0.192598,
		0.160945,
		-0.967989,
		0,
		0.822262,
		0.564826,
		-0.069691,
		0,
		0.620538,
		0.198694,
		-1.32289,
		1
	},
	[0.0666666666667] = {
		0.378518,
		-0.853915,
		-0.357146,
		0,
		-0.269912,
		0.267255,
		-0.925053,
		0,
		0.885365,
		0.446547,
		-0.129321,
		0,
		0.60113,
		0.281081,
		-1.292848,
		1
	},
	[0.0833333333333] = {
		0.189862,
		-0.865517,
		-0.463501,
		0,
		-0.329107,
		0.388671,
		-0.860595,
		0,
		0.925009,
		0.315935,
		-0.211054,
		0,
		0.583695,
		0.37554,
		-1.256132,
		1
	},
	[0] = {
		0.094785,
		-0.308803,
		0.946391,
		0,
		0.784142,
		-0.562524,
		-0.262084,
		0,
		0.6133,
		0.766947,
		0.188827,
		0,
		0.714682,
		0.104217,
		-1.155091,
		1
	},
	[0.116666666667] = {
		-0.233288,
		-0.761611,
		-0.604587,
		0,
		-0.362313,
		0.645053,
		-0.672783,
		0,
		0.902389,
		0.062097,
		-0.426424,
		0,
		0.558798,
		0.583578,
		-1.167741,
		1
	},
	[0.133333333333] = {
		-0.429907,
		-0.651523,
		-0.625058,
		0,
		-0.331608,
		0.757854,
		-0.561866,
		0,
		0.839771,
		-0.034276,
		-0.541857,
		0,
		0.550588,
		0.688974,
		-1.119927,
		1
	},
	[0.15] = {
		-0.593369,
		-0.52058,
		-0.613929,
		0,
		-0.277146,
		0.848207,
		-0.451371,
		0,
		0.755714,
		-0.097681,
		-0.647577,
		0,
		0.542982,
		0.791381,
		-1.072182,
		1
	},
	[0.166666666667] = {
		-0.715964,
		-0.387011,
		-0.581049,
		0,
		-0.210856,
		0.913289,
		-0.348487,
		0,
		0.665534,
		-0.126986,
		-0.735486,
		0,
		0.533982,
		0.889382,
		-1.025541,
		1
	},
	[0.183333333333] = {
		-0.798904,
		-0.266448,
		-0.53922,
		0,
		-0.145333,
		0.955472,
		-0.256809,
		0,
		0.583636,
		-0.126799,
		-0.802054,
		0,
		0.52215,
		0.982332,
		-0.980249,
		1
	},
	[0.1] = {
		-0.019929,
		-0.835422,
		-0.549248,
		0,
		-0.361718,
		0.518168,
		-0.775024,
		0,
		0.932075,
		0.183227,
		-0.312514,
		0,
		0.569501,
		0.477832,
		-1.213837,
		1
	},
	[0.216666666667] = {
		-0.873885,
		-0.101558,
		-0.475407,
		0,
		-0.056605,
		0.99254,
		-0.107978,
		0,
		0.482827,
		-0.06745,
		-0.873115,
		0,
		0.487818,
		1.149319,
		-0.89458,
		1
	},
	[0.233333333333] = {
		-0.868137,
		-0.073809,
		-0.490805,
		0,
		-0.049848,
		0.996847,
		-0.061739,
		0,
		0.493814,
		-0.029133,
		-0.869079,
		0,
		0.458542,
		1.221873,
		-0.831429,
		1
	},
	[0.25] = {
		-0.836279,
		-0.078643,
		-0.542635,
		0,
		-0.08568,
		0.996246,
		-0.012338,
		0,
		0.541569,
		0.036175,
		-0.839878,
		0,
		0.40894,
		1.313758,
		-0.731146,
		1
	},
	[0.266666666667] = {
		-0.799712,
		-0.089287,
		-0.593707,
		0,
		-0.181898,
		0.978435,
		0.097867,
		0,
		0.572166,
		0.18626,
		-0.798707,
		0,
		0.333969,
		1.410787,
		-0.603008,
		1
	},
	[0.283333333333] = {
		-0.760975,
		-0.113632,
		-0.638753,
		0,
		-0.383836,
		0.872604,
		0.302047,
		0,
		0.523056,
		0.475026,
		-0.707645,
		0,
		0.208443,
		1.440718,
		-0.426225,
		1
	},
	[0.2] = {
		-0.848902,
		-0.169525,
		-0.500627,
		0,
		-0.091222,
		0.979947,
		-0.177151,
		0,
		0.520619,
		-0.104716,
		-0.847343,
		0,
		0.506808,
		1.06922,
		-0.936655,
		1
	},
	[0.316666666667] = {
		-0.753152,
		0.03658,
		-0.656829,
		0,
		-0.632695,
		0.23317,
		0.738464,
		0,
		0.180165,
		0.971748,
		-0.152468,
		0,
		-0.067483,
		1.277458,
		-0.078715,
		1
	},
	[0.333333333333] = {
		-0.738633,
		0.235579,
		-0.631604,
		0,
		-0.673575,
		-0.295182,
		0.677617,
		0,
		-0.026805,
		0.925943,
		0.376712,
		0,
		-0.256866,
		1.059339,
		0.069465,
		1
	},
	[0.35] = {
		-0.78213,
		0.290145,
		-0.551442,
		0,
		-0.60836,
		-0.547014,
		0.575043,
		0,
		-0.134801,
		0.785233,
		0.604349,
		0,
		-0.398563,
		0.834605,
		0.107004,
		1
	},
	[0.366666666667] = {
		-0.8413,
		0.281735,
		-0.461345,
		0,
		-0.509368,
		-0.698913,
		0.502061,
		0,
		-0.180992,
		0.657379,
		0.731502,
		0,
		-0.498936,
		0.532475,
		0.145368,
		1
	},
	[0.383333333333] = {
		-0.891254,
		0.240102,
		-0.384731,
		0,
		-0.407168,
		-0.797222,
		0.445702,
		0,
		-0.199702,
		0.553884,
		0.808289,
		0,
		-0.552971,
		0.274947,
		0.178633,
		1
	},
	[0.3] = {
		-0.727226,
		-0.092832,
		-0.680091,
		0,
		-0.575621,
		0.622206,
		0.530585,
		0,
		0.373901,
		0.77733,
		-0.505921,
		0,
		0.063562,
		1.388199,
		-0.229503,
		1
	},
	[0.416666666667] = {
		-0.916779,
		0.147801,
		-0.37104,
		0,
		-0.272272,
		-0.910962,
		0.309865,
		0,
		-0.292205,
		0.385102,
		0.875393,
		0,
		-0.600188,
		0.043245,
		0.081207,
		1
	},
	[0.433333333333] = {
		-0.867605,
		0.126517,
		-0.48089,
		0,
		-0.252969,
		-0.944893,
		0.207806,
		0,
		-0.428098,
		0.301944,
		0.851799,
		0,
		-0.576219,
		-0.080317,
		-0.150753,
		1
	},
	[0.45] = {
		-0.756918,
		0.120874,
		-0.642234,
		0,
		-0.246448,
		-0.962982,
		0.109215,
		0,
		-0.605259,
		0.240945,
		0.758688,
		0,
		-0.518424,
		-0.294665,
		-0.428861,
		1
	},
	[0.466666666667] = {
		-0.590781,
		0.14352,
		-0.793965,
		0,
		-0.253998,
		-0.967101,
		0.01418,
		0,
		-0.765809,
		0.210042,
		0.607799,
		0,
		-0.444551,
		-0.530626,
		-0.682044,
		1
	},
	[0.483333333333] = {
		-0.398806,
		0.198263,
		-0.895346,
		0,
		-0.284457,
		-0.954935,
		-0.084754,
		0,
		-0.871801,
		0.220887,
		0.437231,
		0,
		-0.370454,
		-0.644758,
		-0.841593,
		1
	},
	[0.4] = {
		-0.919291,
		0.186659,
		-0.346501,
		0,
		-0.322144,
		-0.86264,
		0.38997,
		0,
		-0.226114,
		0.470119,
		0.853148,
		0,
		-0.587854,
		0.140031,
		0.184801,
		1
	},
	[0.516666666667] = {
		0.110852,
		0.365634,
		-0.924134,
		0,
		-0.421988,
		-0.824564,
		-0.376857,
		0,
		-0.899799,
		0.431749,
		0.062889,
		0,
		-0.208515,
		-0.60138,
		-1.024496,
		1
	},
	[0.533333333333] = {
		0.404431,
		0.395809,
		-0.824482,
		0,
		-0.454664,
		-0.695193,
		-0.556766,
		0,
		-0.793547,
		0.600036,
		-0.101198,
		0,
		-0.099388,
		-0.540477,
		-1.115237,
		1
	},
	[0.55] = {
		0.650813,
		0.35858,
		-0.669226,
		0,
		-0.429757,
		-0.552661,
		-0.714055,
		0,
		-0.625901,
		0.752321,
		-0.205577,
		0,
		0.031626,
		-0.463754,
		-1.194501,
		1
	},
	[0.566666666667] = {
		0.817715,
		0.275092,
		-0.505634,
		0,
		-0.364045,
		-0.433281,
		-0.824463,
		0,
		-0.445885,
		0.85825,
		-0.254154,
		0,
		0.175104,
		-0.385123,
		-1.254727,
		1
	},
	[0.583333333333] = {
		0.918997,
		0.166958,
		-0.35717,
		0,
		-0.286137,
		-0.340798,
		-0.895535,
		0,
		-0.271239,
		0.925193,
		-0.265419,
		0,
		0.316483,
		-0.310462,
		-1.297454,
		1
	},
	[0.5] = {
		-0.17179,
		0.284398,
		-0.943189,
		0,
		-0.350197,
		-0.912517,
		-0.211365,
		0,
		-0.920788,
		0.293992,
		0.256356,
		0,
		-0.296642,
		-0.636733,
		-0.93187,
		1
	},
	[0.616666666667] = {
		0.990071,
		-0.105616,
		-0.092757,
		0,
		-0.111518,
		-0.188464,
		-0.975728,
		0,
		0.085571,
		0.976385,
		-0.198371,
		0,
		0.557539,
		-0.177831,
		-1.34887,
		1
	},
	[0.633333333333] = {
		0.967066,
		-0.25348,
		0.023039,
		0,
		-0.010803,
		-0.131316,
		-0.991282,
		0,
		0.254296,
		0.958386,
		-0.12973,
		0,
		0.643532,
		-0.12929,
		-1.361685,
		1
	},
	[0.65] = {
		0.90901,
		-0.396578,
		0.128166,
		0,
		0.099941,
		-0.091132,
		-0.990811,
		0,
		0.404614,
		0.913466,
		-0.043206,
		0,
		0.697053,
		-0.099498,
		-1.367868,
		1
	},
	[0.666666666667] = {
		0.909546,
		-0.395619,
		0.127321,
		0,
		0.100025,
		-0.08897,
		-0.990999,
		0,
		0.403386,
		0.914095,
		-0.04135,
		0,
		0.697133,
		-0.095762,
		-1.368094,
		1
	},
	[0.683333333333] = {
		0.910102,
		-0.394624,
		0.126439,
		0,
		0.100112,
		-0.0867,
		-0.991192,
		0,
		0.40211,
		0.914743,
		-0.039399,
		0,
		0.697215,
		-0.09185,
		-1.36832,
		1
	},
	[0.6] = {
		0.974914,
		0.03736,
		-0.219426,
		0,
		-0.202626,
		-0.259038,
		-0.944374,
		0,
		-0.092122,
		0.965144,
		-0.24497,
		0,
		0.446264,
		-0.239864,
		-1.328044,
		1
	},
	[0.716666666667] = {
		0.91124,
		-0.392571,
		0.124614,
		0,
		0.10029,
		-0.081962,
		-0.991577,
		0,
		0.399478,
		0.916062,
		-0.035316,
		0,
		0.697379,
		-0.083704,
		-1.368759,
		1
	},
	[0.733333333333] = {
		0.91181,
		-0.391537,
		0.123695,
		0,
		0.10038,
		-0.079556,
		-0.991764,
		0,
		0.398153,
		0.916717,
		-0.033237,
		0,
		0.697459,
		-0.079575,
		-1.368965,
		1
	},
	[0.75] = {
		0.912372,
		-0.390514,
		0.122787,
		0,
		0.100468,
		-0.077164,
		-0.991943,
		0,
		0.396843,
		0.917357,
		-0.031169,
		0,
		0.697537,
		-0.075476,
		-1.369157,
		1
	},
	[0.766666666667] = {
		0.912918,
		-0.389514,
		0.121902,
		0,
		0.100554,
		-0.07482,
		-0.992114,
		0,
		0.395563,
		0.917976,
		-0.029137,
		0,
		0.697612,
		-0.071461,
		-1.369334,
		1
	},
	[0.783333333333] = {
		0.913442,
		-0.388549,
		0.121051,
		0,
		0.100636,
		-0.072552,
		-0.992274,
		0,
		0.39433,
		0.918567,
		-0.02717,
		0,
		0.697683,
		-0.067581,
		-1.369495,
		1
	},
	[0.7] = {
		0.910669,
		-0.393604,
		0.125533,
		0,
		0.100201,
		-0.084354,
		-0.991385,
		0,
		0.400803,
		0.915402,
		-0.037379,
		0,
		0.697297,
		-0.087814,
		-1.368543,
		1
	},
	[0.816666666667] = {
		0.914399,
		-0.386776,
		0.119494,
		0,
		0.100787,
		-0.068372,
		-0.992556,
		0,
		0.392067,
		0.919636,
		-0.023537,
		0,
		0.697809,
		-0.060436,
		-1.369765,
		1
	},
	[0.833333333333] = {
		0.914819,
		-0.385992,
		0.118809,
		0,
		0.100853,
		-0.06652,
		-0.992675,
		0,
		0.391068,
		0.920101,
		-0.021925,
		0,
		0.697864,
		-0.057274,
		-1.369873,
		1
	},
	[0.85] = {
		0.915192,
		-0.385294,
		0.118201,
		0,
		0.100912,
		-0.064869,
		-0.992778,
		0,
		0.39018,
		0.920511,
		-0.020487,
		0,
		0.697911,
		-0.054457,
		-1.369964,
		1
	},
	[0.866666666667] = {
		0.915511,
		-0.384695,
		0.117681,
		0,
		0.100963,
		-0.063449,
		-0.992865,
		0,
		0.389417,
		0.92086,
		-0.019248,
		0,
		0.697952,
		-0.052034,
		-1.370037,
		1
	},
	[0.883333333333] = {
		0.915771,
		-0.384207,
		0.117257,
		0,
		0.101004,
		-0.062291,
		-0.992934,
		0,
		0.388796,
		0.921143,
		-0.018238,
		0,
		0.697984,
		-0.05006,
		-1.370094,
		1
	},
	[0.8] = {
		0.913938,
		-0.387633,
		0.120244,
		0,
		0.100714,
		-0.070393,
		-0.992422,
		0,
		0.393159,
		0.919122,
		-0.025294,
		0,
		0.697749,
		-0.063889,
		-1.369639,
		1
	},
	[0.916666666667] = {
		0.916084,
		-0.383615,
		0.116745,
		0,
		0.101053,
		-0.060884,
		-0.993016,
		0,
		0.388043,
		0.921484,
		-0.017009,
		0,
		0.698023,
		-0.047662,
		-1.37016,
		1
	},
	[0.933333333333] = {
		0.916126,
		-0.383536,
		0.116676,
		0,
		0.10106,
		-0.060696,
		-0.993027,
		0,
		0.387943,
		0.921529,
		-0.016845,
		0,
		0.698028,
		-0.047343,
		-1.370168,
		1
	},
	[0.95] = {
		0.916126,
		-0.383536,
		0.116676,
		0,
		0.10106,
		-0.060696,
		-0.993027,
		0,
		0.387943,
		0.921529,
		-0.016845,
		0,
		0.698028,
		-0.047343,
		-1.370168,
		1
	},
	[0.966666666667] = {
		0.916126,
		-0.383536,
		0.116676,
		0,
		0.10106,
		-0.060696,
		-0.993027,
		0,
		0.387943,
		0.921529,
		-0.016845,
		0,
		0.698028,
		-0.047343,
		-1.370168,
		1
	},
	[0.983333333333] = {
		0.916126,
		-0.383536,
		0.116676,
		0,
		0.10106,
		-0.060696,
		-0.993027,
		0,
		0.387943,
		0.921529,
		-0.016845,
		0,
		0.698028,
		-0.047343,
		-1.370168,
		1
	},
	[0.9] = {
		0.915964,
		-0.383842,
		0.116942,
		0,
		0.101034,
		-0.061426,
		-0.992985,
		0,
		0.388333,
		0.921353,
		-0.017482,
		0,
		0.698008,
		-0.048585,
		-1.370135,
		1
	},
	[1.01666666667] = {
		0.916126,
		-0.383536,
		0.116676,
		0,
		0.10106,
		-0.060696,
		-0.993027,
		0,
		0.387943,
		0.921529,
		-0.016845,
		0,
		0.698028,
		-0.047343,
		-1.370168,
		1
	},
	[1.03333333333] = {
		0.916126,
		-0.383536,
		0.116676,
		0,
		0.10106,
		-0.060696,
		-0.993027,
		0,
		0.387943,
		0.921529,
		-0.016845,
		0,
		0.698028,
		-0.047343,
		-1.370168,
		1
	},
	[1.05] = {
		0.916126,
		-0.383536,
		0.116676,
		0,
		0.10106,
		-0.060696,
		-0.993027,
		0,
		0.387943,
		0.921529,
		-0.016845,
		0,
		0.698028,
		-0.047343,
		-1.370168,
		1
	},
	[1.06666666667] = {
		0.916126,
		-0.383536,
		0.116676,
		0,
		0.10106,
		-0.060696,
		-0.993027,
		0,
		0.387943,
		0.921529,
		-0.016845,
		0,
		0.698028,
		-0.047343,
		-1.370168,
		1
	},
	[1.08333333333] = {
		0.916126,
		-0.383536,
		0.116676,
		0,
		0.10106,
		-0.060696,
		-0.993027,
		0,
		0.387943,
		0.921529,
		-0.016845,
		0,
		0.698028,
		-0.047343,
		-1.370168,
		1
	},
	{
		0.916126,
		-0.383536,
		0.116676,
		0,
		0.10106,
		-0.060696,
		-0.993027,
		0,
		0.387943,
		0.921529,
		-0.016845,
		0,
		0.698028,
		-0.047343,
		-1.370168,
		1
	},
	[1.11666666667] = {
		0.916126,
		-0.383536,
		0.116676,
		0,
		0.10106,
		-0.060696,
		-0.993027,
		0,
		0.387943,
		0.921529,
		-0.016845,
		0,
		0.698028,
		-0.047343,
		-1.370168,
		1
	},
	[1.13333333333] = {
		0.916126,
		-0.383536,
		0.116676,
		0,
		0.10106,
		-0.060696,
		-0.993027,
		0,
		0.387943,
		0.921529,
		-0.016845,
		0,
		0.698028,
		-0.047343,
		-1.370168,
		1
	},
	[1.1] = {
		0.916126,
		-0.383536,
		0.116676,
		0,
		0.10106,
		-0.060696,
		-0.993027,
		0,
		0.387943,
		0.921529,
		-0.016845,
		0,
		0.698028,
		-0.047343,
		-1.370168,
		1
	}
}

return spline_matrices
