-- chunkname: @content/characters/player/ogryn/first_person/animations/combat_blade/swing_stab.lua

local spline_matrices = {
	[0.0166666666667] = {
		0.394929,
		0.540309,
		0.743033,
		0,
		0.63108,
		-0.747312,
		0.207995,
		0,
		0.667659,
		0.38677,
		-0.636113,
		0,
		1.310281,
		-0.36688,
		-0.981201,
		1
	},
	[0.0333333333333] = {
		0.390395,
		0.52761,
		0.754466,
		0,
		0.629551,
		-0.75094,
		0.199386,
		0,
		0.671757,
		0.397136,
		-0.625321,
		0,
		1.313956,
		-0.345845,
		-0.981806,
		1
	},
	[0.05] = {
		0.380905,
		0.492658,
		0.782432,
		0,
		0.623093,
		-0.761985,
		0.176448,
		0,
		0.68313,
		0.420317,
		-0.597216,
		0,
		1.323275,
		-0.279275,
		-0.984305,
		1
	},
	[0.0666666666667] = {
		0.374773,
		0.475647,
		0.795805,
		0,
		0.621487,
		-0.765839,
		0.165056,
		0,
		0.687967,
		0.432724,
		-0.582624,
		0,
		1.329254,
		-0.234072,
		-0.985618,
		1
	},
	[0.0833333333333] = {
		0.369582,
		0.45877,
		0.808047,
		0,
		0.619141,
		-0.77003,
		0.154005,
		0,
		0.692873,
		0.443377,
		-0.568633,
		0,
		1.334959,
		-0.185809,
		-0.987215,
		1
	},
	[0] = {
		0.398479,
		0.548942,
		0.734763,
		0,
		0.631751,
		-0.745044,
		0.21401,
		0,
		0.66491,
		0.378909,
		-0.643679,
		0,
		1.308089,
		-0.376692,
		-0.980938,
		1
	},
	[0.116666666667] = {
		0.480225,
		0.298577,
		0.824764,
		0,
		0.65114,
		-0.751359,
		-0.107128,
		0,
		0.587708,
		0.588482,
		-0.555237,
		0,
		1.258367,
		-0.027607,
		-0.952994,
		1
	},
	[0.133333333333] = {
		0.765829,
		0.03862,
		0.641884,
		0,
		0.565148,
		-0.516636,
		-0.643191,
		0,
		0.30678,
		0.855334,
		-0.417481,
		0,
		1.042879,
		0.039198,
		-0.826761,
		1
	},
	[0.15] = {
		0.949392,
		-0.064419,
		0.307415,
		0,
		0.296794,
		-0.13634,
		-0.945159,
		0,
		0.102799,
		0.988565,
		-0.110321,
		0,
		0.836653,
		0.077522,
		-0.640861,
		1
	},
	[0.166666666667] = {
		0.995531,
		-0.007851,
		0.094113,
		0,
		0.094332,
		0.035008,
		-0.994925,
		0,
		0.004516,
		0.999356,
		0.035592,
		0,
		0.70784,
		0.190701,
		-0.438917,
		1
	},
	[0.183333333333] = {
		0.989622,
		0.053879,
		-0.133211,
		0,
		-0.138694,
		0.115722,
		-0.983551,
		0,
		-0.037577,
		0.991819,
		0.121994,
		0,
		0.607607,
		0.453051,
		-0.389242,
		1
	},
	[0.1] = {
		0.362208,
		0.433324,
		0.825249,
		0,
		0.615442,
		-0.776113,
		0.137402,
		0,
		0.700026,
		0.458125,
		-0.5478,
		0,
		1.34582,
		-0.084069,
		-0.990714,
		1
	},
	[0.216666666667] = {
		0.976499,
		0.118967,
		-0.179714,
		0,
		-0.199533,
		0.183836,
		-0.962492,
		0,
		-0.081467,
		0.975731,
		0.203253,
		0,
		0.135051,
		1.319427,
		-0.108014,
		1
	},
	[0.233333333333] = {
		0.989942,
		0.123813,
		-0.068444,
		0,
		-0.093752,
		0.211829,
		-0.9728,
		0,
		-0.105946,
		0.969432,
		0.221306,
		0,
		0.157524,
		1.347998,
		-0.117437,
		1
	},
	[0.25] = {
		0.983617,
		0.178397,
		-0.025921,
		0,
		-0.068053,
		0.234314,
		-0.969776,
		0,
		-0.166932,
		0.955652,
		0.242616,
		0,
		0.103205,
		1.364492,
		-0.112647,
		1
	},
	[0.266666666667] = {
		0.979063,
		0.190361,
		-0.072094,
		0,
		-0.119576,
		0.251234,
		-0.960512,
		0,
		-0.164732,
		0.949023,
		0.268737,
		0,
		0.092645,
		1.373456,
		-0.119291,
		1
	},
	[0.283333333333] = {
		0.969453,
		0.20268,
		-0.138134,
		0,
		-0.189896,
		0.263768,
		-0.945709,
		0,
		-0.155241,
		0.943052,
		0.294199,
		0,
		0.078363,
		1.380365,
		-0.125359,
		1
	},
	[0.2] = {
		0.960873,
		0.118502,
		-0.250361,
		0,
		-0.267228,
		0.158753,
		-0.950467,
		0,
		-0.072886,
		0.980181,
		0.184208,
		0,
		0.493535,
		0.773398,
		-0.317575,
		1
	},
	[0.316666666667] = {
		0.948985,
		0.235175,
		-0.210048,
		0,
		-0.272381,
		0.27579,
		-0.921818,
		0,
		-0.15886,
		0.932004,
		0.325778,
		0,
		0.048811,
		1.385898,
		-0.133121,
		1
	},
	[0.333333333333] = {
		0.946601,
		0.243993,
		-0.210747,
		0,
		-0.276198,
		0.276495,
		-0.92047,
		0,
		-0.166318,
		0.929526,
		0.329121,
		0,
		0.046483,
		1.38449,
		-0.141506,
		1
	},
	[0.35] = {
		0.946733,
		0.24981,
		-0.203206,
		0,
		-0.270796,
		0.276125,
		-0.922184,
		0,
		-0.17426,
		0.928089,
		0.329064,
		0,
		0.04393,
		1.383425,
		-0.150484,
		1
	},
	[0.366666666667] = {
		0.948703,
		0.253348,
		-0.189151,
		0,
		-0.257967,
		0.27436,
		-0.92638,
		0,
		-0.182801,
		0.927654,
		0.325641,
		0,
		0.041142,
		1.382495,
		-0.160102,
		1
	},
	[0.383333333333] = {
		0.951739,
		0.255346,
		-0.170268,
		0,
		-0.239462,
		0.270815,
		-0.932372,
		0,
		-0.191967,
		0.928147,
		0.31889,
		0,
		0.038137,
		1.38148,
		-0.170403,
		1
	},
	[0.3] = {
		0.957316,
		0.221307,
		-0.185926,
		0,
		-0.243724,
		0.272256,
		-0.930846,
		0,
		-0.155383,
		0.936429,
		0.314573,
		0,
		0.058385,
		1.385169,
		-0.12764,
		1
	},
	[0.416666666667] = {
		0.958118,
		0.257747,
		-0.124808,
		0,
		-0.19245,
		0.256768,
		-0.947119,
		0,
		-0.21207,
		0.93147,
		0.295617,
		0,
		0.031566,
		1.378249,
		-0.193217,
		1
	},
	[0.433333333333] = {
		0.960457,
		0.259167,
		-0.101757,
		0,
		-0.167416,
		0.245539,
		-0.954821,
		0,
		-0.222473,
		0.9341,
		0.279218,
		0,
		0.028699,
		1.375519,
		-0.205843,
		1
	},
	[0.45] = {
		0.961632,
		0.262131,
		-0.080944,
		0,
		-0.143939,
		0.230901,
		-0.962271,
		0,
		-0.233551,
		0.937002,
		0.259772,
		0,
		0.025438,
		1.371728,
		-0.219344,
		1
	},
	[0.466666666667] = {
		0.961507,
		0.267165,
		-0.064241,
		0,
		-0.123815,
		0.212533,
		-0.969278,
		0,
		-0.245304,
		0.939921,
		0.237431,
		0,
		0.021896,
		1.366631,
		-0.233706,
		1
	},
	[0.483333333333] = {
		0.960311,
		0.274858,
		-0.047504,
		0,
		-0.101565,
		0.185948,
		-0.977296,
		0,
		-0.259784,
		0.943333,
		0.206484,
		0,
		0.018143,
		1.361339,
		-0.248423,
		1
	},
	[0.4] = {
		0.955092,
		0.256559,
		-0.148247,
		0,
		-0.217032,
		0.265085,
		-0.939482,
		0,
		-0.201735,
		0.929466,
		0.308862,
		0,
		0.03494,
		1.380146,
		-0.181428,
		1
	},
	[0.516666666667] = {
		0.955027,
		0.296426,
		-0.007484,
		0,
		-0.04147,
		0.10853,
		-0.993228,
		0,
		-0.293606,
		0.948869,
		0.115941,
		0,
		0.01169,
		1.349583,
		-0.279098,
		1
	},
	[0.533333333333] = {
		0.951995,
		0.305974,
		0.009223,
		0,
		-0.01148,
		0.065795,
		-0.997767,
		0,
		-0.305898,
		0.949763,
		0.066149,
		0,
		0.012464,
		1.340185,
		-0.29725,
		1
	},
	[0.55] = {
		0.948346,
		0.316599,
		0.020124,
		0,
		0.012124,
		0.02722,
		-0.999556,
		0,
		-0.317006,
		0.948169,
		0.021975,
		0,
		0.010287,
		1.327279,
		-0.316617,
		1
	},
	[0.566666666667] = {
		0.94586,
		0.323805,
		0.02235,
		0,
		0.024981,
		-0.003971,
		-0.99968,
		0,
		-0.323613,
		0.946115,
		-0.011845,
		0,
		0.008737,
		1.30955,
		-0.339312,
		1
	},
	[0.583333333333] = {
		0.945419,
		0.325582,
		0.013389,
		0,
		0.022369,
		-0.023853,
		-0.999465,
		0,
		-0.325088,
		0.945213,
		-0.029834,
		0,
		0.007852,
		1.286039,
		-0.366204,
		1
	},
	[0.5] = {
		0.958145,
		0.284958,
		-0.027502,
		0,
		-0.072855,
		0.149805,
		-0.986028,
		0,
		-0.276857,
		0.946761,
		0.164295,
		0,
		0.014573,
		1.356128,
		-0.263368,
		1
	},
	[0.616666666667] = {
		0.944346,
		0.323378,
		-0.060309,
		0,
		-0.055742,
		-0.023372,
		-0.998172,
		0,
		-0.324196,
		0.945981,
		-0.004046,
		0,
		0.138872,
		1.129409,
		-0.435616,
		1
	},
	[0.633333333333] = {
		0.941076,
		0.317555,
		-0.11634,
		0,
		-0.119635,
		-0.009177,
		-0.992776,
		0,
		-0.316328,
		0.948196,
		0.029355,
		0,
		0.27432,
		0.99606,
		-0.475737,
		1
	},
	[0.65] = {
		0.934694,
		0.3098,
		-0.174274,
		0,
		-0.185687,
		0.007497,
		-0.98258,
		0,
		-0.303096,
		0.950772,
		0.064533,
		0,
		0.422495,
		0.846189,
		-0.51883,
		1
	},
	[0.666666666667] = {
		0.928307,
		0.295407,
		-0.225788,
		0,
		-0.24334,
		0.023554,
		-0.969655,
		0,
		-0.281125,
		0.955081,
		0.093749,
		0,
		0.563287,
		0.694842,
		-0.562978,
		1
	},
	[0.683333333333] = {
		0.92621,
		0.269775,
		-0.263358,
		0,
		-0.282889,
		0.035539,
		-0.958494,
		0,
		-0.249218,
		0.962267,
		0.109233,
		0,
		0.67438,
		0.556393,
		-0.606981,
		1
	},
	[0.6] = {
		0.945756,
		0.32457,
		-0.014142,
		0,
		-0.00485,
		-0.029422,
		-0.999555,
		0,
		-0.324842,
		0.945404,
		-0.026252,
		0,
		0.043883,
		1.230948,
		-0.398437,
		1
	},
	[0.716666666667] = {
		0.948752,
		0.167173,
		-0.268184,
		0,
		-0.277064,
		0.031831,
		-0.960324,
		0,
		-0.152004,
		0.985414,
		0.076517,
		0,
		0.73131,
		0.359675,
		-0.694138,
		1
	},
	[0.733333333333] = {
		0.969332,
		0.080548,
		-0.23218,
		0,
		-0.234145,
		0.01575,
		-0.972074,
		0,
		-0.074642,
		0.996626,
		0.034126,
		0,
		0.692544,
		0.278675,
		-0.743035,
		1
	},
	[0.75] = {
		0.984401,
		-0.021407,
		-0.17463,
		0,
		-0.174909,
		-0.011922,
		-0.984512,
		0,
		0.018994,
		0.9997,
		-0.015481,
		0,
		0.627655,
		0.203251,
		-0.79383,
		1
	},
	[0.766666666667] = {
		0.986548,
		-0.128279,
		-0.101332,
		0,
		-0.108662,
		-0.051478,
		-0.992745,
		0,
		0.122132,
		0.990401,
		-0.064725,
		0,
		0.548361,
		0.132842,
		-0.84377,
		1
	},
	[0.783333333333] = {
		0.973188,
		-0.22904,
		-0.021133,
		0,
		-0.045132,
		-0.100057,
		-0.993958,
		0,
		0.225541,
		0.968261,
		-0.107712,
		0,
		0.465476,
		0.067442,
		-0.890056,
		1
	},
	[0.7] = {
		0.932209,
		0.230167,
		-0.279303,
		0,
		-0.295532,
		0.038615,
		-0.954552,
		0,
		-0.208921,
		0.972385,
		0.104018,
		0,
		0.731592,
		0.44693,
		-0.649623,
		1
	},
	[0.816666666667] = {
		0.917963,
		-0.379029,
		0.116962,
		0,
		0.042266,
		-0.199723,
		-0.978941,
		0,
		0.394407,
		0.903575,
		-0.167318,
		0,
		0.329005,
		-0.043916,
		-0.962396,
		1
	},
	[0.833333333333] = {
		0.894065,
		-0.420418,
		0.154586,
		0,
		0.056523,
		-0.236461,
		-0.969995,
		0,
		0.444357,
		0.875976,
		-0.187648,
		0,
		0.295232,
		-0.085829,
		-0.985219,
		1
	},
	[0.85] = {
		0.881278,
		-0.441079,
		0.169702,
		0,
		0.054569,
		-0.26171,
		-0.963603,
		0,
		0.469438,
		0.858462,
		-0.20657,
		0,
		0.284774,
		-0.11405,
		-0.998854,
		1
	},
	[0.866666666667] = {
		0.874943,
		-0.452703,
		0.171856,
		0,
		0.0426,
		-0.281571,
		-0.958594,
		0,
		0.482348,
		0.846036,
		-0.227073,
		0,
		0.285681,
		-0.13111,
		-1.005033,
		1
	},
	[0.883333333333] = {
		0.875139,
		-0.455599,
		0.162974,
		0,
		0.023375,
		-0.296612,
		-0.954712,
		0,
		0.483306,
		0.839315,
		-0.248927,
		0,
		0.296146,
		-0.13785,
		-1.005126,
		1
	},
	[0.8] = {
		0.947652,
		-0.314495,
		0.055213,
		0,
		0.007178,
		-0.15189,
		-0.988371,
		0,
		0.319224,
		0.937029,
		-0.141682,
		0,
		0.389083,
		0.007935,
		-0.930223,
		1
	},
	[0.916666666667] = {
		0.888325,
		-0.44318,
		0.120289,
		0,
		-0.02987,
		-0.317154,
		-0.947903,
		0,
		0.458242,
		0.838454,
		-0.294974,
		0,
		0.337789,
		-0.129141,
		-0.991994,
		1
	},
	[0.933333333333] = {
		0.897647,
		-0.431264,
		0.090779,
		0,
		-0.060705,
		-0.325011,
		-0.94376,
		0,
		0.436514,
		0.841653,
		-0.317925,
		0,
		0.364961,
		-0.118122,
		-0.981214,
		1
	},
	[0.95] = {
		0.906623,
		-0.417799,
		0.058984,
		0,
		-0.09223,
		-0.33264,
		-0.938533,
		0,
		0.411739,
		0.845455,
		-0.340113,
		0,
		0.393652,
		-0.105554,
		-0.969313,
		1
	},
	[0.966666666667] = {
		0.914079,
		-0.4046,
		0.027525,
		0,
		-0.122819,
		-0.340881,
		-0.932049,
		0,
		0.38649,
		0.848586,
		-0.361285,
		0,
		0.421776,
		-0.093532,
		-0.957633,
		1
	},
	[0.983333333333] = {
		0.919146,
		-0.393916,
		-0.000792,
		0,
		-0.15097,
		-0.350407,
		-0.92435,
		0,
		0.363839,
		0.849732,
		-0.381544,
		0,
		0.447181,
		-0.08432,
		-0.947577,
		1
	},
	[0.9] = {
		0.88022,
		-0.451842,
		0.145093,
		0,
		-0.001319,
		-0.308067,
		-0.951364,
		0,
		0.474564,
		0.837218,
		-0.271763,
		0,
		0.31418,
		-0.136453,
		-1.000375,
		1
	},
	{
		0.921312,
		-0.38814,
		-0.02305,
		0,
		-0.175287,
		-0.361693,
		-0.91567,
		0,
		0.347071,
		0.847658,
		-0.401269,
		0,
		0.467684,
		-0.080244,
		-0.940607,
		1
	}
}

return spline_matrices
