-- chunkname: @content/characters/player/ogryn/first_person/animations/combat_blade/swing_left_diagonal.lua

local spline_matrices = {
	[0.0166666666667] = {
		0.96131,
		-0.274348,
		-0.024835,
		0,
		0.043826,
		0.241324,
		-0.969455,
		0,
		0.271961,
		0.930858,
		0.244011,
		0,
		0.496695,
		-0.059841,
		-0.805504,
		1,
	},
	[0.0333333333333] = {
		0.947578,
		-0.309792,
		-0.07826,
		0,
		0.043471,
		0.367639,
		-0.928952,
		0,
		0.316553,
		0.876852,
		0.361834,
		0,
		0.514072,
		-0.051573,
		-0.773052,
		1,
	},
	[0.05] = {
		0.930864,
		-0.338301,
		-0.138004,
		0,
		0.050252,
		0.49267,
		-0.868764,
		0,
		0.361894,
		0.801766,
		0.475609,
		0,
		0.542289,
		-0.054691,
		-0.725137,
		1,
	},
	[0.0666666666667] = {
		0.91142,
		-0.35789,
		-0.20305,
		0,
		0.06446,
		0.611556,
		-0.788571,
		0,
		0.406397,
		0.705631,
		0.580454,
		0,
		0.579849,
		-0.067356,
		-0.663811,
		1,
	},
	[0.0833333333333] = {
		0.889748,
		-0.366851,
		-0.271606,
		0,
		0.085905,
		0.718984,
		-0.689698,
		0,
		0.448296,
		0.590325,
		0.671228,
		0,
		0.625127,
		-0.087801,
		-0.59153,
		1,
	},
	[0] = {
		0.972015,
		-0.233887,
		0.021986,
		0,
		0.050738,
		0.117633,
		-0.99176,
		0,
		0.229374,
		0.965121,
		0.126208,
		0,
		0.491584,
		-0.081543,
		-0.820749,
		1,
	},
	[0.116666666667] = {
		0.842836,
		-0.349578,
		-0.409173,
		0,
		0.146637,
		0.88071,
		-0.450386,
		0,
		0.517808,
		0.319602,
		0.793555,
		0,
		0.731604,
		-0.144164,
		-0.426124,
		1,
	},
	[0.133333333333] = {
		0.819429,
		-0.324161,
		-0.472712,
		0,
		0.182557,
		0.929368,
		-0.320855,
		0,
		0.543332,
		0.176621,
		0.820729,
		0,
		0.788857,
		-0.175161,
		-0.339822,
		1,
	},
	[0.15] = {
		0.797186,
		-0.289746,
		-0.529661,
		0,
		0.219361,
		0.956362,
		-0.19301,
		0,
		0.562472,
		0.037678,
		0.825957,
		0,
		0.84604,
		-0.203867,
		-0.255841,
		1,
	},
	[0.166666666667] = {
		0.776766,
		-0.248704,
		-0.578602,
		0,
		0.254655,
		0.964301,
		-0.072621,
		0,
		0.576008,
		-0.090935,
		0.81237,
		0,
		0.901165,
		-0.226295,
		-0.177508,
		1,
	},
	[0.183333333333] = {
		0.758477,
		-0.203707,
		-0.619044,
		0,
		0.286368,
		0.957451,
		0.035803,
		0,
		0.585411,
		-0.20443,
		0.78454,
		0,
		0.952323,
		-0.238066,
		-0.107819,
		1,
	},
	[0.1] = {
		0.866586,
		-0.364121,
		-0.341239,
		0,
		0.113776,
		0.809964,
		-0.575338,
		0,
		0.485884,
		0.459755,
		0.743332,
		0,
		0.676352,
		-0.114141,
		-0.511203,
		1,
	},
	[0.216666666667] = {
		0.724218,
		-0.096839,
		-0.682737,
		0,
		0.353979,
		0.901894,
		0.247561,
		0,
		0.591783,
		-0.420963,
		0.687447,
		0,
		1.071896,
		-0.172942,
		0.035473,
		1,
	},
	[0.233333333333] = {
		0.708091,
		-0.033685,
		-0.705318,
		0,
		0.391008,
		0.850446,
		0.35193,
		0,
		0.58798,
		-0.524983,
		0.615364,
		0,
		1.14167,
		-0.095691,
		0.111495,
		1,
	},
	[0.25] = {
		0.693226,
		0.033316,
		-0.71995,
		0,
		0.426898,
		0.78586,
		0.447418,
		0,
		0.580686,
		-0.617507,
		0.530556,
		0,
		1.211952,
		0.001769,
		0.18468,
		1,
	},
	[0.266666666667] = {
		0.679697,
		0.101128,
		-0.726489,
		0,
		0.459184,
		0.713692,
		0.528955,
		0,
		0.571981,
		-0.693121,
		0.438657,
		0,
		1.278238,
		0.113021,
		0.251018,
		1,
	},
	[0.283333333333] = {
		0.644911,
		0.177047,
		-0.743468,
		0,
		0.446041,
		0.70274,
		0.55426,
		0,
		0.620594,
		-0.689066,
		0.374235,
		0,
		1.328649,
		0.244749,
		0.301922,
		1,
	},
	[0.2] = {
		0.741203,
		-0.153906,
		-0.6534,
		0,
		0.318328,
		0.937546,
		0.140268,
		0,
		0.591004,
		-0.311962,
		0.743904,
		0,
		1.007244,
		-0.22295,
		-0.039072,
		1,
	},
	[0.316666666667] = {
		0.563694,
		0.310752,
		-0.765298,
		0,
		0.361713,
		0.740093,
		0.566944,
		0,
		0.742571,
		-0.596401,
		0.304783,
		0,
		1.380434,
		0.509839,
		0.377406,
		1,
	},
	[0.333333333333] = {
		0.516603,
		0.356968,
		-0.778264,
		0,
		0.286031,
		0.784782,
		0.549822,
		0,
		0.807036,
		-0.506647,
		0.303317,
		0,
		1.373709,
		0.627716,
		0.393706,
		1,
	},
	[0.35] = {
		0.464132,
		0.381368,
		-0.799462,
		0,
		0.190882,
		0.838295,
		0.51071,
		0,
		0.864954,
		-0.38964,
		0.316283,
		0,
		1.339154,
		0.744379,
		0.392695,
		1,
	},
	[0.366666666667] = {
		0.40793,
		0.383095,
		-0.828753,
		0,
		0.083685,
		0.888202,
		0.451768,
		0,
		0.90917,
		-0.253644,
		0.330265,
		0,
		1.277697,
		0.870719,
		0.377337,
		1,
	},
	[0.383333333333] = {
		0.353742,
		0.364082,
		-0.861574,
		0,
		-0.027129,
		0.924738,
		0.379636,
		0,
		0.934949,
		-0.11092,
		0.336996,
		0,
		1.196927,
		0.995418,
		0.349821,
		1,
	},
	[0.3] = {
		0.606415,
		0.248811,
		-0.755218,
		0,
		0.41438,
		0.711727,
		0.567216,
		0,
		0.678638,
		-0.656915,
		0.3285,
		0,
		1.364089,
		0.379508,
		0.34534,
		1,
	},
	[0.416666666667] = {
		0.268725,
		0.285764,
		-0.919851,
		0,
		-0.226513,
		0.946945,
		0.228008,
		0,
		0.936204,
		0.147087,
		0.319197,
		0,
		1.005318,
		1.213032,
		0.268252,
		1,
	},
	[0.433333333333] = {
		0.24451,
		0.246069,
		-0.937905,
		0,
		-0.302764,
		0.938278,
		0.167238,
		0,
		0.921167,
		0.243073,
		0.303919,
		0,
		0.903056,
		1.305546,
		0.220913,
		1,
	},
	[0.45] = {
		0.23239,
		0.218368,
		-0.947792,
		0,
		-0.363862,
		0.92323,
		0.123494,
		0,
		0.901997,
		0.316167,
		0.294006,
		0,
		0.798843,
		1.386035,
		0.174788,
		1,
	},
	[0.466666666667] = {
		0.226766,
		0.204305,
		-0.95228,
		0,
		-0.418469,
		0.903338,
		0.094155,
		0,
		0.879466,
		0.377148,
		0.290342,
		0,
		0.690931,
		1.44383,
		0.132625,
		1,
	},
	[0.483333333333] = {
		0.234805,
		0.189362,
		-0.95342,
		0,
		-0.483359,
		0.873724,
		0.054493,
		0,
		0.843345,
		0.448049,
		0.296684,
		0,
		0.54285,
		1.478237,
		0.089456,
		1,
	},
	[0.4] = {
		0.30643,
		0.329071,
		-0.893203,
		0,
		-0.13255,
		0.943954,
		0.302295,
		0,
		0.942619,
		0.025762,
		0.332875,
		0,
		1.104634,
		1.110543,
		0.312604,
		1,
	},
	[0.516666666667] = {
		0.255703,
		0.159559,
		-0.953497,
		0,
		-0.626612,
		0.778415,
		-0.03778,
		0,
		0.736189,
		0.607133,
		0.299024,
		0,
		0.131735,
		1.487719,
		-0.005377,
		1,
	},
	[0.533333333333] = {
		0.225207,
		0.160175,
		-0.961054,
		0,
		-0.690553,
		0.722092,
		-0.041472,
		0,
		0.687327,
		0.672998,
		0.27323,
		0,
		-0.059742,
		1.473592,
		-0.050947,
		1,
	},
	[0.55] = {
		0.168869,
		0.141603,
		-0.975414,
		0,
		-0.824769,
		0.562151,
		-0.06118,
		0,
		0.539666,
		0.814822,
		0.21172,
		0,
		-0.26847,
		1.356701,
		-0.120371,
		1,
	},
	[0.566666666667] = {
		0.15942,
		0.102446,
		-0.981881,
		0,
		-0.965321,
		0.224464,
		-0.133311,
		0,
		0.20674,
		0.969082,
		0.134677,
		0,
		-0.516397,
		1.102413,
		-0.227893,
		1,
	},
	[0.583333333333] = {
		0.212089,
		0.127302,
		-0.968923,
		0,
		-0.95481,
		-0.18426,
		-0.233209,
		0,
		-0.208222,
		0.974599,
		0.08247,
		0,
		-0.725038,
		0.810453,
		-0.353012,
		1,
	},
	[0.5] = {
		0.254015,
		0.167453,
		-0.952594,
		0,
		-0.5624,
		0.826852,
		-0.004618,
		0,
		0.786882,
		0.536912,
		0.304209,
		0,
		0.342786,
		1.49221,
		0.040358,
		1,
	},
	[0.616666666667] = {
		0.239171,
		0.337986,
		-0.910254,
		0,
		-0.622224,
		-0.66633,
		-0.410905,
		0,
		-0.745409,
		0.664658,
		0.050936,
		0,
		-0.818895,
		0.454285,
		-0.558528,
		1,
	},
	[0.633333333333] = {
		0.160464,
		0.386912,
		-0.908048,
		0,
		-0.433183,
		-0.799034,
		-0.417011,
		0,
		-0.886907,
		0.460265,
		0.039387,
		0,
		-0.780588,
		0.324956,
		-0.627279,
		1,
	},
	[0.65] = {
		0.072547,
		0.386222,
		-0.919549,
		0,
		-0.228292,
		-0.89107,
		-0.392271,
		0,
		-0.970886,
		0.238384,
		0.023527,
		0,
		-0.723836,
		0.210829,
		-0.685568,
		1,
	},
	[0.666666666667] = {
		0.005614,
		0.339986,
		-0.940414,
		0,
		-0.021332,
		-0.940174,
		-0.340026,
		0,
		-0.999757,
		0.02197,
		0.001975,
		0,
		-0.657385,
		0.114282,
		-0.733198,
		1,
	},
	[0.683333333333] = {
		-0.020628,
		0.265006,
		-0.964026,
		0,
		0.164889,
		-0.950125,
		-0.264713,
		0,
		-0.986096,
		-0.164418,
		-0.024098,
		0,
		-0.591437,
		0.035589,
		-0.770384,
		1,
	},
	[0.6] = {
		0.257087,
		0.233016,
		-0.937875,
		0,
		-0.80448,
		-0.486133,
		-0.341301,
		0,
		-0.535461,
		0.842246,
		0.062479,
		0,
		-0.810931,
		0.587089,
		-0.469324,
		1,
	},
	[0.716666666667] = {
		0.040075,
		0.102974,
		-0.993876,
		0,
		0.379308,
		-0.921787,
		-0.080211,
		0,
		-0.924402,
		-0.37377,
		-0.075999,
		0,
		-0.498947,
		-0.079916,
		-0.81839,
		1,
	},
	[0.733333333333] = {
		0.08815,
		0.037273,
		-0.99541,
		0,
		0.390338,
		-0.920672,
		9.3e-05,
		0,
		-0.916442,
		-0.388554,
		-0.095706,
		0,
		-0.471571,
		-0.122918,
		-0.836344,
		1,
	},
	[0.75] = {
		0.123736,
		-0.007899,
		-0.992284,
		0,
		0.35896,
		-0.931893,
		0.052181,
		0,
		-0.925114,
		-0.362647,
		-0.112474,
		0,
		-0.44313,
		-0.156424,
		-0.856493,
		1,
	},
	[0.766666666667] = {
		0.138663,
		0.035811,
		-0.989692,
		0,
		0.311353,
		-0.950249,
		0.00924,
		0,
		-0.940123,
		-0.309425,
		-0.142914,
		0,
		-0.406486,
		-0.185958,
		-0.8945,
		1,
	},
	[0.783333333333] = {
		0.154198,
		0.082513,
		-0.984588,
		0,
		0.236836,
		-0.970542,
		-0.044245,
		0,
		-0.959235,
		-0.226364,
		-0.169198,
		0,
		-0.361828,
		-0.210078,
		-0.932783,
		1,
	},
	[0.7] = {
		-0.004108,
		0.18162,
		-0.98336,
		0,
		0.304978,
		-0.936292,
		-0.174201,
		0,
		-0.95235,
		-0.300619,
		-0.051544,
		0,
		-0.53598,
		-0.027809,
		-0.798171,
		1,
	},
	[0.816666666667] = {
		0.204489,
		0.179944,
		-0.962187,
		0,
		0.033301,
		-0.983668,
		-0.176884,
		0,
		-0.978302,
		0.004129,
		-0.207142,
		0,
		-0.256626,
		-0.239501,
		-1.007226,
		1,
	},
	[0.833333333333] = {
		0.245899,
		0.226511,
		-0.942458,
		0,
		-0.078879,
		-0.964411,
		-0.252367,
		0,
		-0.966081,
		0.136397,
		-0.21928,
		0,
		-0.199182,
		-0.244744,
		-1.041739,
		1,
	},
	[0.85] = {
		0.301008,
		0.268121,
		-0.915153,
		0,
		-0.185062,
		-0.924993,
		-0.331873,
		0,
		-0.935492,
		0.269257,
		-0.228811,
		0,
		-0.140104,
		-0.244926,
		-1.07343,
		1,
	},
	[0.866666666667] = {
		0.370915,
		0.302084,
		-0.878162,
		0,
		-0.275545,
		-0.867233,
		-0.414708,
		0,
		-0.886847,
		0.395794,
		-0.238432,
		0,
		-0.080541,
		-0.241988,
		-1.10177,
		1,
	},
	[0.883333333333] = {
		0.455962,
		0.325915,
		-0.828177,
		0,
		-0.340706,
		-0.795733,
		-0.500727,
		0,
		-0.822203,
		0.510478,
		-0.251783,
		0,
		-0.021617,
		-0.238889,
		-1.126407,
		1,
	},
	[0.8] = {
		0.174878,
		0.131145,
		-0.975817,
		0,
		0.141593,
		-0.984137,
		-0.106888,
		0,
		-0.974356,
		-0.119476,
		-0.190673,
		0,
		-0.311292,
		-0.228048,
		-0.97063,
		1,
	},
	[0.916666666667] = {
		0.693708,
		0.317905,
		-0.646302,
		0,
		-0.399439,
		-0.576885,
		-0.712497,
		0,
		-0.599348,
		0.752423,
		-0.273206,
		0,
		0.151016,
		-0.225501,
		-1.087636,
		1,
	},
	[0.933333333333] = {
		0.81911,
		0.261925,
		-0.510347,
		0,
		-0.376266,
		-0.426217,
		-0.822656,
		0,
		-0.432993,
		0.865872,
		-0.250565,
		0,
		0.267522,
		-0.209689,
		-1.024892,
		1,
	},
	[0.95] = {
		0.918241,
		0.166533,
		-0.359306,
		0,
		-0.308973,
		-0.266286,
		-0.913032,
		0,
		-0.247728,
		0.949399,
		-0.19306,
		0,
		0.391079,
		-0.188925,
		-0.949839,
		1,
	},
	[0.966666666667] = {
		0.976597,
		0.041697,
		-0.210997,
		0,
		-0.205087,
		-0.114979,
		-0.971967,
		0,
		-0.064789,
		0.992492,
		-0.103736,
		0,
		0.508181,
		-0.165641,
		-0.875849,
		1,
	},
	[0.983333333333] = {
		0.992017,
		-0.096704,
		-0.08094,
		0,
		-0.079898,
		0.014605,
		-0.996696,
		0,
		0.097567,
		0.995206,
		0.006762,
		0,
		0.602969,
		-0.141437,
		-0.818455,
		1,
	},
	[0.9] = {
		0.564922,
		0.335522,
		-0.753849,
		0,
		-0.382921,
		-0.702664,
		-0.599695,
		0,
		-0.730914,
		0.627445,
		-0.268472,
		0,
		0.051922,
		-0.23495,
		-1.125758,
		1,
	},
	{
		0.972015,
		-0.233887,
		0.021986,
		0,
		0.050738,
		0.117633,
		-0.99176,
		0,
		0.229374,
		0.965121,
		0.126208,
		0,
		0.659009,
		-0.115959,
		-0.795173,
		1,
	},
}

return spline_matrices
