local spline_matrices = {
	[0] = {
		0.263043,
		-0.230822,
		0.936766,
		0,
		0.848643,
		-0.406507,
		-0.338463,
		0,
		0.458927,
		0.88401,
		0.088956,
		0,
		0.714682,
		0.104217,
		-1.155094,
		1
	},
	{
		0.972015,
		-0.233887,
		0.021986,
		0,
		0.050738,
		0.117633,
		-0.99176,
		0,
		0.229374,
		0.965121,
		0.126208,
		0,
		0.698028,
		-0.047343,
		-1.370168,
		1
	},
	[0.0166666666667] = {
		0.76893,
		-0.514914,
		0.378959,
		0,
		0.384717,
		-0.100757,
		-0.917519,
		0,
		0.510626,
		0.8513,
		0.120622,
		0,
		0.688112,
		0.082437,
		-1.292393,
		1
	},
	[0.0333333333333] = {
		0.807189,
		-0.585135,
		-0.077869,
		0,
		0.022826,
		0.162757,
		-0.986402,
		0,
		0.589852,
		0.794435,
		0.144732,
		0,
		0.664667,
		0.089509,
		-1.362322,
		1
	},
	[0.05] = {
		0.747273,
		-0.653258,
		-0.121809,
		0,
		-0.00091,
		0.182298,
		-0.983243,
		0,
		0.664517,
		0.734862,
		0.135631,
		0,
		0.65792,
		0.118695,
		-1.354818,
		1
	},
	[0.0666666666667] = {
		0.675681,
		-0.717658,
		-0.168592,
		0,
		-0.025853,
		0.205486,
		-0.978319,
		0,
		0.736741,
		0.665389,
		0.120289,
		0,
		0.649907,
		0.155914,
		-1.345159,
		1
	},
	[0.0833333333333] = {
		0.592048,
		-0.775758,
		-0.218352,
		0,
		-0.052074,
		0.233551,
		-0.970949,
		0,
		0.804218,
		0.586219,
		0.097877,
		0,
		0.640806,
		0.200619,
		-1.333323,
		1
	},
	[0.116666666667] = {
		0.388841,
		-0.861886,
		-0.325507,
		0,
		-0.105746,
		0.309224,
		-0.945092,
		0,
		0.915216,
		0.401911,
		0.029098,
		0,
		0.620628,
		0.310101,
		-1.302877,
		1
	},
	[0.133333333333] = {
		0.271365,
		-0.883908,
		-0.380879,
		0,
		-0.130566,
		0.358262,
		-0.924446,
		0,
		0.953579,
		0.300592,
		-0.018188,
		0,
		0.610415,
		0.373454,
		-1.284141,
		1
	},
	[0.15] = {
		0.146386,
		-0.888352,
		-0.435202,
		0,
		-0.151592,
		0.4146,
		-0.897288,
		0,
		0.977543,
		0.197324,
		-0.073975,
		0,
		0.600807,
		0.441388,
		-1.263016,
		1
	},
	[0.166666666667] = {
		0.017471,
		-0.8736,
		-0.486332,
		0,
		-0.166794,
		0.477044,
		-0.862907,
		0,
		0.985837,
		0.096194,
		-0.137377,
		0,
		0.592349,
		0.512862,
		-1.239532,
		1
	},
	[0.183333333333] = {
		-0.111104,
		-0.839374,
		-0.532078,
		0,
		-0.174383,
		0.543552,
		-0.821061,
		0,
		0.97839,
		0.001562,
		-0.206763,
		0,
		0.58554,
		0.586717,
		-1.213803,
		1
	},
	[0.1] = {
		0.496241,
		-0.824839,
		-0.270899,
		0,
		-0.079059,
		0.2678,
		-0.960225,
		0,
		0.864578,
		0.49792,
		0.067683,
		0,
		0.630917,
		0.252234,
		-1.319251,
		1
	},
	[0.216666666667] = {
		-0.349607,
		-0.719108,
		-0.600549,
		0,
		-0.162648,
		0.677849,
		-0.716984,
		0,
		0.92267,
		-0.152984,
		-0.353942,
		0,
		0.578413,
		0.736734,
		-1.156503,
		1
	},
	[0.233333333333] = {
		-0.452143,
		-0.639657,
		-0.621615,
		0,
		-0.143389,
		0.739983,
		-0.657164,
		0,
		0.880345,
		-0.207999,
		-0.426298,
		0,
		0.578596,
		0.810585,
		-1.12554,
		1
	},
	[0.25] = {
		-0.540235,
		-0.553245,
		-0.634087,
		0,
		-0.116827,
		0.795519,
		-0.59456,
		0,
		0.833365,
		-0.247124,
		-0.494401,
		0,
		0.581218,
		0.882259,
		-1.093661,
		1
	},
	[0.266666666667] = {
		-0.612978,
		-0.46462,
		-0.639051,
		0,
		-0.085091,
		0.84294,
		-0.531236,
		0,
		0.785504,
		-0.271259,
		-0.556239,
		0,
		0.585955,
		0.950917,
		-1.061448,
		1
	},
	[0.283333333333] = {
		-0.670771,
		-0.377779,
		-0.638239,
		0,
		-0.050373,
		0.881768,
		-0.468985,
		0,
		0.739952,
		-0.282431,
		-0.610494,
		0,
		0.592658,
		1.015948,
		-1.029294,
		1
	},
	[0.2] = {
		-0.234842,
		-0.786959,
		-0.570565,
		0,
		-0.173137,
		0.61146,
		-0.772101,
		0,
		0.95649,
		-0.082536,
		-0.279848,
		0,
		0.580793,
		0.661741,
		-1.186034,
		1
	},
	[0.316666666667] = {
		-0.746739,
		-0.221263,
		-0.627234,
		0,
		0.019633,
		0.9353,
		-0.35331,
		0,
		0.664827,
		-0.276145,
		-0.694082,
		0,
		0.61158,
		1.133243,
		-0.966346,
		1
	},
	[0.333333333333] = {
		-0.768306,
		-0.155366,
		-0.620941,
		0,
		0.05137,
		0.951999,
		-0.301761,
		0,
		0.638018,
		-0.263743,
		-0.723445,
		0,
		0.623757,
		1.184704,
		-0.93595,
		1
	},
	[0.35] = {
		-0.782814,
		-0.094127,
		-0.615096,
		0,
		0.082132,
		0.964215,
		-0.252079,
		0,
		0.616812,
		-0.24785,
		-0.74707,
		0,
		0.637881,
		1.226515,
		-0.904535,
		1
	},
	[0.366666666667] = {
		-0.788225,
		-0.040687,
		-0.614041,
		0,
		0.112374,
		0.971518,
		-0.208625,
		0,
		0.60504,
		-0.233446,
		-0.761203,
		0,
		0.642675,
		1.272848,
		-0.870129,
		1
	},
	[0.383333333333] = {
		-0.776383,
		-0.009134,
		-0.630195,
		0,
		0.132121,
		0.97532,
		-0.176905,
		0,
		0.616258,
		-0.220608,
		-0.756015,
		0,
		0.627608,
		1.33411,
		-0.831826,
		1
	},
	[0.3] = {
		-0.714812,
		-0.295898,
		-0.633631,
		0,
		-0.014823,
		0.912279,
		-0.409301,
		0,
		0.69916,
		-0.283181,
		-0.656494,
		0,
		0.601217,
		1.076863,
		-0.997514,
		1
	},
	[0.416666666667] = {
		-0.738787,
		0.027681,
		-0.673371,
		0,
		0.135896,
		0.984751,
		-0.108616,
		0,
		0.660096,
		-0.171752,
		-0.731283,
		0,
		0.552774,
		1.460616,
		-0.736655,
		1
	},
	[0.433333333333] = {
		-0.720994,
		0.039033,
		-0.691841,
		0,
		0.10937,
		0.992308,
		-0.057994,
		0,
		0.684256,
		-0.11748,
		-0.719717,
		0,
		0.497768,
		1.509125,
		-0.67615,
		1
	},
	[0.45] = {
		-0.710482,
		0.049805,
		-0.701951,
		0,
		0.055227,
		0.998362,
		0.014938,
		0,
		0.701545,
		-0.028153,
		-0.712069,
		0,
		0.433775,
		1.535588,
		-0.60419,
		1
	},
	[0.466666666667] = {
		-0.712383,
		0.053859,
		-0.699721,
		0,
		-0.049387,
		0.990731,
		0.126539,
		0,
		0.700051,
		0.124701,
		-0.703121,
		0,
		0.348458,
		1.53844,
		-0.514138,
		1
	},
	[0.483333333333] = {
		-0.719992,
		0.047276,
		-0.69237,
		0,
		-0.199876,
		0.941276,
		0.272121,
		0,
		0.664576,
		0.334313,
		-0.668262,
		0,
		0.236327,
		1.522526,
		-0.406329,
		1
	},
	[0.4] = {
		-0.758653,
		0.012656,
		-0.651372,
		0,
		0.141572,
		0.979122,
		-0.145865,
		0,
		0.635927,
		-0.202877,
		-0.744606,
		0,
		0.596807,
		1.399422,
		-0.787932,
		1
	},
	[0.516666666667] = {
		-0.704222,
		0.103472,
		-0.702399,
		0,
		-0.435195,
		0.718762,
		0.542206,
		0,
		0.560961,
		0.687514,
		-0.461138,
		0,
		0.065109,
		1.447732,
		-0.21837,
		1
	},
	[0.533333333333] = {
		-0.695074,
		0.169711,
		-0.698621,
		0,
		-0.505658,
		0.575364,
		0.642859,
		0,
		0.511061,
		0.800097,
		-0.314105,
		0,
		0.008908,
		1.402463,
		-0.134896,
		1
	},
	[0.55] = {
		-0.711202,
		0.192714,
		-0.676057,
		0,
		-0.585496,
		0.369888,
		0.721372,
		0,
		0.389084,
		0.90887,
		-0.150232,
		0,
		-0.119407,
		1.25882,
		-0.001477,
		1
	},
	[0.566666666667] = {
		-0.714639,
		0.214644,
		-0.665747,
		0,
		-0.677781,
		0.022807,
		0.73491,
		0,
		0.172928,
		0.976426,
		0.129183,
		0,
		-0.262733,
		1.051515,
		0.18724,
		1
	},
	[0.583333333333] = {
		-0.748649,
		0.314387,
		-0.583683,
		0,
		-0.662111,
		-0.309848,
		0.682351,
		0,
		0.033669,
		0.897304,
		0.440127,
		0,
		-0.300981,
		0.79601,
		0.313539,
		1
	},
	[0.5] = {
		-0.716209,
		0.057347,
		-0.695526,
		0,
		-0.338289,
		0.843176,
		0.41787,
		0,
		0.610414,
		0.534571,
		-0.58449,
		0,
		0.135291,
		1.48991,
		-0.30443,
		1
	},
	[0.616666666667] = {
		-0.931332,
		0.352423,
		0.091751,
		0,
		-0.293784,
		-0.875971,
		0.382578,
		0,
		0.2152,
		0.329352,
		0.919356,
		0,
		-0.430959,
		-0.226659,
		0.343585,
		1
	},
	[0.633333333333] = {
		-0.932766,
		0.351828,
		0.078513,
		0,
		-0.333036,
		-0.924417,
		0.185852,
		0,
		0.137967,
		0.147209,
		0.979436,
		0,
		-0.490146,
		-0.613161,
		0.354615,
		1
	},
	[0.65] = {
		-0.91986,
		0.390811,
		-0.03352,
		0,
		-0.391653,
		-0.91041,
		0.133275,
		0,
		0.021569,
		0.135723,
		0.990512,
		0,
		-0.477881,
		-0.734974,
		0.333244,
		1
	},
	[0.666666666667] = {
		-0.94462,
		0.327792,
		-0.015655,
		0,
		-0.328164,
		-0.943656,
		0.042674,
		0,
		-0.000785,
		0.045448,
		0.998966,
		0,
		-0.363508,
		-0.731416,
		0.216027,
		1
	},
	[0.683333333333] = {
		-0.974813,
		0.223023,
		-0.00019,
		0,
		-0.222847,
		-0.974076,
		-0.038928,
		0,
		-0.008867,
		-0.037905,
		0.999242,
		0,
		-0.228582,
		-0.718105,
		0.083076,
		1
	},
	[0.6] = {
		-0.865347,
		0.421532,
		-0.271083,
		0,
		-0.488374,
		-0.587785,
		0.64498,
		0,
		0.112541,
		0.690522,
		0.714503,
		0,
		-0.352101,
		0.328842,
		0.359211,
		1
	},
	[0.716666666667] = {
		-0.992136,
		-0.124194,
		0.015559,
		0,
		0.118506,
		-0.972075,
		-0.20255,
		0,
		0.04028,
		-0.199114,
		0.979148,
		0,
		0.086876,
		-0.654532,
		-0.217102,
		1
	},
	[0.733333333333] = {
		-0.934806,
		-0.355,
		0.010627,
		0,
		0.33744,
		-0.897104,
		-0.285198,
		0,
		0.110779,
		-0.263019,
		0.95841,
		0,
		0.254293,
		-0.597611,
		-0.375024,
		1
	},
	[0.75] = {
		-0.804245,
		-0.594284,
		-0.00397,
		0,
		0.554912,
		-0.748539,
		-0.36299,
		0,
		0.212748,
		-0.294136,
		0.931785,
		0,
		0.414407,
		-0.521421,
		-0.530773,
		1
	},
	[0.766666666667] = {
		-0.59467,
		-0.803585,
		-0.024869,
		0,
		0.731577,
		-0.528036,
		-0.431246,
		0,
		0.333411,
		-0.274643,
		0.901892,
		0,
		0.554473,
		-0.429333,
		-0.678871,
		1
	},
	[0.783333333333] = {
		-0.3239,
		-0.944984,
		-0.045762,
		0,
		0.832281,
		-0.261602,
		-0.488745,
		0,
		0.449885,
		-0.196392,
		0.871226,
		0,
		0.663837,
		-0.330191,
		-0.814768,
		1
	},
	[0.7] = {
		-0.997331,
		0.072155,
		0.011127,
		0,
		-0.07297,
		-0.990111,
		-0.119815,
		0,
		0.002372,
		-0.120307,
		0.992734,
		0,
		-0.076727,
		-0.693544,
		-0.062686,
		1
	},
	[0.816666666667] = {
		0.254232,
		-0.964674,
		-0.069065,
		0,
		0.770506,
		0.245186,
		-0.588391,
		0,
		0.58454,
		0.096373,
		0.805621,
		0,
		0.77599,
		-0.152769,
		-1.036613,
		1
	},
	[0.833333333333] = {
		0.49353,
		-0.866611,
		-0.073572,
		0,
		0.641436,
		0.419808,
		-0.642122,
		0,
		0.587356,
		0.269715,
		0.763064,
		0,
		0.782413,
		-0.090038,
		-1.115884,
		1
	},
	[0.85] = {
		0.677465,
		-0.730817,
		-0.083351,
		0,
		0.480101,
		0.525188,
		-0.702624,
		0,
		0.557265,
		0.435986,
		0.706663,
		0,
		0.759704,
		-0.048824,
		-1.168099,
		1
	},
	[0.866666666667] = {
		0.732214,
		-0.679256,
		-0.049729,
		0,
		0.416346,
		0.504198,
		-0.756598,
		0,
		0.538997,
		0.533287,
		0.651987,
		0,
		0.752011,
		-0.034668,
		-1.204824,
		1
	},
	[0.883333333333] = {
		0.785292,
		-0.618776,
		-0.020783,
		0,
		0.351597,
		0.473342,
		-0.807668,
		0,
		0.509603,
		0.626948,
		0.589272,
		0,
		0.743545,
		-0.02384,
		-1.239608,
		1
	},
	[0.8] = {
		-0.027877,
		-0.997747,
		-0.061017,
		0,
		0.842203,
		0.009436,
		-0.539077,
		0,
		0.538439,
		-0.066417,
		0.840043,
		0,
		0.737522,
		-0.23488,
		-0.935044,
		1
	},
	[0.916666666667] = {
		0.875368,
		-0.48312,
		0.018045,
		0,
		0.230601,
		0.384438,
		-0.893885,
		0,
		0.424916,
		0.78664,
		0.447933,
		0,
		0.726705,
		-0.013933,
		-1.299707,
		1
	},
	[0.933333333333] = {
		0.909004,
		-0.415886,
		0.027381,
		0,
		0.179041,
		0.330316,
		-0.926734,
		0,
		0.376371,
		0.847308,
		0.37472,
		0,
		0.719272,
		-0.015066,
		-1.323608,
		1
	},
	[0.95] = {
		0.934474,
		-0.354684,
		0.030935,
		0,
		0.135316,
		0.273452,
		-0.95232,
		0,
		0.329313,
		0.894105,
		0.303528,
		0,
		0.71279,
		-0.020139,
		-1.342791,
		1
	},
	[0.966666666667] = {
		0.952685,
		-0.302469,
		0.030059,
		0,
		0.099586,
		0.217165,
		-0.971042,
		0,
		0.287182,
		0.928091,
		0.237012,
		0,
		0.707225,
		-0.027956,
		-1.357014,
		1
	},
	[0.983333333333] = {
		0.964872,
		-0.261384,
		0.026451,
		0,
		0.071528,
		0.164484,
		-0.983783,
		0,
		0.252794,
		0.951117,
		0.177403,
		0,
		0.702396,
		-0.037131,
		-1.36616,
		1
	},
	[0.9] = {
		0.833738,
		-0.552156,
		0.002038,
		0,
		0.288795,
		0.43292,
		-0.853919,
		0,
		0.470615,
		0.712533,
		0.520402,
		0,
		0.734925,
		-0.016856,
		-1.271503,
		1
	}
}

return spline_matrices
