-- chunkname: @content/characters/player/ogryn/first_person/animations/combat_blade/swing_right_hit.lua

local spline_matrices = {
	[0.0166666666667] = {
		0.892494,
		-0.018833,
		-0.450666,
		0,
		-0.447728,
		-0.158195,
		-0.880065,
		0,
		-0.054719,
		0.987228,
		-0.14962,
		0,
		0.658585,
		-0.08531,
		-1.309748,
		1
	},
	[0.0333333333333] = {
		0.89593,
		-0.105753,
		-0.431424,
		0,
		-0.444192,
		-0.209006,
		-0.871212,
		0,
		0.001963,
		0.972179,
		-0.234229,
		0,
		0.635957,
		-0.095671,
		-1.300177,
		1
	},
	[0.05] = {
		0.895983,
		-0.197427,
		-0.397791,
		0,
		-0.439335,
		-0.263345,
		-0.858856,
		0,
		0.064805,
		0.944284,
		-0.322689,
		0,
		0.598893,
		-0.106772,
		-1.283464,
		1
	},
	[0.0666666666667] = {
		0.890575,
		-0.292108,
		-0.348639,
		0,
		-0.434715,
		-0.321178,
		-0.841349,
		0,
		0.13379,
		0.900843,
		-0.413017,
		0,
		0.548742,
		-0.118477,
		-1.259793,
		1
	},
	[0.0833333333333] = {
		0.877482,
		-0.387192,
		-0.283032,
		0,
		-0.432038,
		-0.381895,
		-0.817007,
		0,
		0.20825,
		0.83919,
		-0.502387,
		0,
		0.486803,
		-0.130531,
		-1.229317,
		1
	},
	[0] = {
		0.887516,
		0.062273,
		-0.456549,
		0,
		-0.448493,
		-0.110505,
		-0.886929,
		0,
		-0.105682,
		0.991923,
		-0.070146,
		0,
		0.665392,
		-0.075736,
		-1.311946,
		1
	},
	[0.116666666667] = {
		0.819828,
		-0.563471,
		-0.101892,
		0,
		-0.439895,
		-0.505849,
		-0.742031,
		0,
		0.366571,
		0.65316,
		-0.662577,
		0,
		0.332516,
		-0.153877,
		-1.148605,
		1
	},
	[0.133333333333] = {
		0.772247,
		-0.635225,
		0.011132,
		0,
		-0.453992,
		-0.564009,
		-0.689771,
		0,
		0.444439,
		0.52762,
		-0.723942,
		0,
		0.2426,
		-0.163801,
		-1.098902,
		1
	},
	[0.15] = {
		0.711704,
		-0.689384,
		0.13501,
		0,
		-0.476697,
		-0.61512,
		-0.628003,
		0,
		0.515982,
		0.382593,
		-0.766411,
		0,
		0.145857,
		-0.171357,
		-1.043603,
		1
	},
	[0.166666666667] = {
		0.639494,
		-0.721747,
		0.264819,
		0,
		-0.508551,
		-0.655459,
		-0.558345,
		0,
		0.576562,
		0.222385,
		-0.786207,
		0,
		0.043702,
		-0.175519,
		-0.983484,
		1
	},
	[0.183333333333] = {
		0.558315,
		-0.729745,
		0.394661,
		0,
		-0.54918,
		-0.681647,
		-0.483487,
		0,
		0.621841,
		0.053198,
		-0.781334,
		0,
		-0.06226,
		-0.175291,
		-0.919582,
		1
	},
	[0.1] = {
		0.85452,
		-0.479124,
		-0.200588,
		0,
		-0.433142,
		-0.444166,
		-0.784286,
		0,
		0.286676,
		0.757071,
		-0.587077,
		0,
		0.414324,
		-0.142528,
		-1.192185,
		1
	},
	[0.216666666667] = {
		0.384899,
		-0.673631,
		0.630932,
		0,
		-0.650659,
		-0.682874,
		-0.332154,
		0,
		0.654596,
		-0.282676,
		-0.701141,
		0,
		-0.278117,
		-0.158597,
		-0.785555,
		1
	},
	[0.233333333333] = {
		0.301329,
		-0.615562,
		0.728206,
		0,
		-0.706826,
		-0.656794,
		-0.262714,
		0,
		0.639998,
		-0.435552,
		-0.633006,
		0,
		-0.383842,
		-0.141305,
		-0.718152,
		1
	},
	[0.25] = {
		0.224864,
		-0.544103,
		0.808324,
		0,
		-0.763101,
		-0.614183,
		-0.201138,
		0,
		0.605899,
		-0.571604,
		-0.553313,
		0,
		-0.485172,
		-0.117996,
		-0.652177,
		1
	},
	[0.266666666667] = {
		0.15804,
		-0.46494,
		0.871123,
		0,
		-0.817053,
		-0.556967,
		-0.149036,
		0,
		0.55448,
		-0.6882,
		-0.467904,
		0,
		-0.579924,
		-0.08891,
		-0.588676,
		1
	},
	[0.283333333333] = {
		0.102253,
		-0.383452,
		0.917883,
		0,
		-0.866648,
		-0.487304,
		-0.107029,
		0,
		0.488329,
		-0.784538,
		-0.382146,
		0,
		-0.665985,
		-0.054397,
		-0.528486,
		1
	},
	[0.2] = {
		0.471987,
		-0.713032,
		0.518473,
		0,
		-0.597253,
		-0.691195,
		-0.406864,
		0,
		0.648473,
		-0.117625,
		-0.752095,
		0,
		-0.170205,
		-0.16984,
		-0.853151,
		1
	},
	[0.316666666667] = {
		0.024492,
		-0.231146,
		0.972611,
		0,
		-0.946603,
		-0.318213,
		-0.051788,
		0,
		0.321469,
		-0.919408,
		-0.226598,
		0,
		-0.804051,
		0.029514,
		-0.420476,
		1
	},
	[0.333333333333] = {
		0.0011,
		-0.166957,
		0.985964,
		0,
		-0.974497,
		-0.221426,
		-0.036408,
		0,
		0.224397,
		-0.960779,
		-0.162943,
		0,
		-0.852246,
		0.078398,
		-0.373537,
		1
	},
	[0.35] = {
		-0.013603,
		-0.113926,
		0.993396,
		0,
		-0.992631,
		-0.118098,
		-0.027137,
		0,
		0.12041,
		-0.986445,
		-0.11148,
		0,
		-0.884163,
		0.13109,
		-0.331751,
		1
	},
	[0.366666666667] = {
		-0.021369,
		-0.073867,
		0.997039,
		0,
		-0.999717,
		-0.008881,
		-0.022084,
		0,
		0.010486,
		-0.997229,
		-0.073656,
		0,
		-0.898142,
		0.187137,
		-0.295373,
		1
	},
	[0.383333333333] = {
		-0.0255,
		-0.054145,
		0.998207,
		0,
		-0.992516,
		0.120655,
		-0.01881,
		0,
		-0.119421,
		-0.991217,
		-0.056817,
		0,
		-0.885209,
		0.270654,
		-0.267775,
		1
	},
	[0.3] = {
		0.057878,
		-0.304276,
		0.950824,
		0,
		-0.910266,
		-0.407192,
		-0.074897,
		0,
		0.409957,
		-0.861168,
		-0.30054,
		0,
		-0.741339,
		-0.01482,
		-0.472254,
		1
	},
	[0.416666666667] = {
		-0.037661,
		-0.07144,
		0.996734,
		0,
		-0.892434,
		0.451175,
		-0.001383,
		0,
		-0.449603,
		-0.889571,
		-0.080747,
		0,
		-0.769339,
		0.555505,
		-0.237985,
		1
	},
	[0.433333333333] = {
		-0.049773,
		-0.092895,
		0.994431,
		0,
		-0.781499,
		0.623613,
		0.019139,
		0,
		-0.621918,
		-0.776194,
		-0.103637,
		0,
		-0.676199,
		0.731248,
		-0.229082,
		1
	},
	[0.45] = {
		-0.065077,
		-0.112709,
		0.991495,
		0,
		-0.626649,
		0.777866,
		0.047294,
		0,
		-0.77658,
		-0.618241,
		-0.12125,
		0,
		-0.566923,
		0.91085,
		-0.220432,
		1
	},
	[0.466666666667] = {
		-0.079427,
		-0.124662,
		0.989015,
		0,
		-0.432971,
		0.89799,
		0.078417,
		0,
		-0.897902,
		-0.421986,
		-0.1253,
		0,
		-0.447834,
		1.080171,
		-0.210016,
		1
	},
	[0.483333333333] = {
		-0.086095,
		-0.124904,
		0.988426,
		0,
		-0.209656,
		0.972166,
		0.104587,
		0,
		-0.973977,
		-0.198225,
		-0.109886,
		0,
		-0.325698,
		1.225373,
		-0.196447,
		1
	},
	[0.4] = {
		-0.029997,
		-0.055902,
		0.997986,
		0,
		-0.96044,
		0.278169,
		-0.013287,
		0,
		-0.276866,
		-0.958904,
		-0.062035,
		0,
		-0.840694,
		0.397563,
		-0.249813,
		1
	},
	[0.516666666667] = {
		-0.054692,
		-0.10899,
		0.992537,
		0,
		0.467442,
		0.875579,
		0.121904,
		0,
		-0.882331,
		0.47062,
		0.003059,
		0,
		0.05453,
		1.438073,
		-0.166062,
		1
	},
	[0.533333333333] = {
		-0.038903,
		-0.108091,
		0.99338,
		0,
		0.664712,
		0.739471,
		0.106495,
		0,
		-0.746086,
		0.664454,
		0.043082,
		0,
		0.207888,
		1.481012,
		-0.158117,
		1
	},
	[0.55] = {
		-0.037005,
		-0.10673,
		0.993599,
		0,
		0.672866,
		0.732455,
		0.103738,
		0,
		-0.738838,
		0.672398,
		0.04471,
		0,
		0.27896,
		1.507862,
		-0.15228,
		1
	},
	[0.566666666667] = {
		-0.041873,
		-0.104316,
		0.993662,
		0,
		0.580252,
		0.807086,
		0.10918,
		0,
		-0.81336,
		0.581146,
		0.026735,
		0,
		0.311145,
		1.532344,
		-0.147253,
		1
	},
	[0.583333333333] = {
		-0.048758,
		-0.100409,
		0.993751,
		0,
		0.455053,
		0.883444,
		0.11159,
		0,
		-0.889128,
		0.457651,
		0.002617,
		0,
		0.322706,
		1.547172,
		-0.143904,
		1
	},
	[0.5] = {
		-0.076378,
		-0.115566,
		0.990359,
		0,
		0.109753,
		0.98625,
		0.12355,
		0,
		-0.99102,
		0.118131,
		-0.062644,
		0,
		-0.155314,
		1.349741,
		-0.17974,
		1
	},
	[0.616666666667] = {
		-0.051698,
		-0.074747,
		0.995862,
		0,
		0.458913,
		0.883894,
		0.090166,
		0,
		-0.886976,
		0.461676,
		-0.011393,
		0,
		0.358425,
		1.54226,
		-0.141695,
		1
	},
	[0.633333333333] = {
		-0.045398,
		-0.052128,
		0.997608,
		0,
		0.570845,
		0.818176,
		0.06873,
		0,
		-0.819802,
		0.5726,
		-0.007387,
		0,
		0.382035,
		1.522287,
		-0.143358,
		1
	},
	[0.65] = {
		-0.03333,
		-0.039764,
		0.998653,
		0,
		0.630317,
		0.774602,
		0.05188,
		0,
		-0.775622,
		0.631198,
		-0.000753,
		0,
		0.404481,
		1.510128,
		-0.145137,
		1
	},
	[0.666666666667] = {
		-0.018109,
		-0.049325,
		0.998619,
		0,
		0.57052,
		0.819709,
		0.050834,
		0,
		-0.821084,
		0.570652,
		0.013297,
		0,
		0.432978,
		1.516367,
		-0.149296,
		1
	},
	[0.683333333333] = {
		0.002104,
		-0.065425,
		0.997855,
		0,
		0.45936,
		0.88641,
		0.057149,
		0,
		-0.888248,
		0.458254,
		0.031919,
		0,
		0.486392,
		1.525098,
		-0.162471,
		1
	},
	[0.6] = {
		-0.052476,
		-0.092745,
		0.994306,
		0,
		0.393122,
		0.913363,
		0.105942,
		0,
		-0.917988,
		0.396443,
		-0.01147,
		0,
		0.335626,
		1.551533,
		-0.141927,
		1
	},
	[0.716666666667] = {
		0.05198,
		-0.044147,
		0.997672,
		0,
		0.578555,
		0.815622,
		0.005948,
		0,
		-0.813986,
		0.576898,
		0.067938,
		0,
		0.744907,
		1.496825,
		-0.232261,
		1
	},
	[0.733333333333] = {
		0.092874,
		-0.017964,
		0.995516,
		0,
		0.781148,
		0.621293,
		-0.061664,
		0,
		-0.6174,
		0.783372,
		0.071734,
		0,
		0.945233,
		1.412415,
		-0.285301,
		1
	},
	[0.75] = {
		0.143538,
		-0.001364,
		0.989644,
		0,
		0.936699,
		0.32289,
		-0.135414,
		0,
		-0.319361,
		0.946436,
		0.047625,
		0,
		1.143907,
		1.287789,
		-0.343984,
		1
	},
	[0.766666666667] = {
		0.190728,
		0.000117,
		0.981643,
		0,
		0.981588,
		0.010532,
		-0.190718,
		0,
		-0.010361,
		0.999945,
		0.001894,
		0,
		1.304479,
		1.152082,
		-0.401676,
		1
	},
	[0.783333333333] = {
		0.223298,
		-0.005396,
		0.974735,
		0,
		0.951339,
		-0.216641,
		-0.219137,
		0,
		0.21235,
		0.976237,
		-0.043242,
		0,
		1.405893,
		1.038179,
		-0.453772,
		1
	},
	[0.7] = {
		0.02445,
		-0.06532,
		0.997565,
		0,
		0.439387,
		0.897016,
		0.047967,
		0,
		-0.897965,
		0.437144,
		0.050633,
		0,
		0.58471,
		1.527705,
		-0.189748,
		1
	},
	[0.816666666667] = {
		0.210339,
		0.00159,
		0.977627,
		0,
		0.850762,
		-0.492941,
		-0.182242,
		0,
		0.481623,
		0.870061,
		-0.105037,
		0,
		1.48786,
		0.864522,
		-0.532411,
		1
	},
	[0.833333333333] = {
		0.185103,
		0.017323,
		0.982567,
		0,
		0.79488,
		-0.590552,
		-0.139334,
		0,
		0.577843,
		0.806814,
		-0.123082,
		0,
		1.508488,
		0.794048,
		-0.566681,
		1
	},
	[0.85] = {
		0.167874,
		0.034945,
		0.985189,
		0,
		0.741079,
		-0.66351,
		-0.102743,
		0,
		0.650092,
		0.747351,
		-0.137283,
		0,
		1.523597,
		0.730423,
		-0.604355,
		1
	},
	[0.866666666667] = {
		0.172087,
		0.046334,
		0.983991,
		0,
		0.693514,
		-0.715096,
		-0.087614,
		0,
		0.699589,
		0.697489,
		-0.155192,
		0,
		1.537725,
		0.66929,
		-0.650328,
		1
	},
	[0.883333333333] = {
		0.21127,
		0.04216,
		0.976518,
		0,
		0.654447,
		-0.748168,
		-0.109289,
		0,
		0.725992,
		0.662169,
		-0.185657,
		0,
		1.543581,
		0.599379,
		-0.705993,
		1
	},
	[0.8] = {
		0.228771,
		-0.006497,
		0.973459,
		0,
		0.904432,
		-0.368476,
		-0.215009,
		0,
		0.360093,
		0.929615,
		-0.07842,
		0,
		1.45629,
		0.945464,
		-0.496552,
		1
	},
	[0.916666666667] = {
		0.466632,
		-0.049961,
		0.883039,
		0,
		0.578266,
		-0.738214,
		-0.347345,
		0,
		0.669225,
		0.672714,
		-0.315584,
		0,
		1.485292,
		0.406169,
		-0.874811,
		1
	},
	[0.933333333333] = {
		0.688656,
		-0.12171,
		0.7148,
		0,
		0.48637,
		-0.653601,
		-0.579871,
		0,
		0.53777,
		0.746989,
		-0.39091,
		0,
		1.344387,
		0.272219,
		-1.00551,
		1
	},
	[0.95] = {
		0.88709,
		-0.155073,
		0.434769,
		0,
		0.304193,
		-0.512034,
		-0.803298,
		0,
		0.347186,
		0.844851,
		-0.407048,
		0,
		1.147745,
		0.139062,
		-1.137892,
		1
	},
	[0.966666666667] = {
		0.987666,
		-0.122534,
		0.097475,
		0,
		0.049128,
		-0.348588,
		-0.935988,
		0,
		0.148669,
		0.929232,
		-0.338269,
		0,
		0.936434,
		0.02496,
		-1.242965,
		1
	},
	[0.983333333333] = {
		0.975991,
		-0.038615,
		-0.21436,
		0,
		-0.217676,
		-0.207439,
		-0.953722,
		0,
		-0.007639,
		0.977485,
		-0.210865,
		0,
		0.760064,
		-0.053614,
		-1.303232,
		1
	},
	[0.9] = {
		0.300553,
		0.012738,
		0.95368,
		0,
		0.620199,
		-0.762251,
		-0.185275,
		0,
		0.724583,
		0.647157,
		-0.236997,
		0,
		1.540793,
		0.516207,
		-0.774492,
		1
	},
	[1.01666666667] = {
		0.887516,
		0.062273,
		-0.456549,
		0,
		-0.448493,
		-0.110505,
		-0.886929,
		0,
		-0.105682,
		0.991923,
		-0.070146,
		0,
		0.665392,
		-0.075736,
		-1.311946,
		1
	},
	[1.03333333333] = {
		0.887516,
		0.062273,
		-0.456549,
		0,
		-0.448493,
		-0.110505,
		-0.886929,
		0,
		-0.105682,
		0.991923,
		-0.070146,
		0,
		0.665392,
		-0.075736,
		-1.311946,
		1
	},
	[1.05] = {
		0.887516,
		0.062273,
		-0.456549,
		0,
		-0.448493,
		-0.110505,
		-0.886929,
		0,
		-0.105682,
		0.991923,
		-0.070146,
		0,
		0.665392,
		-0.075736,
		-1.311946,
		1
	},
	[1.06666666667] = {
		0.887516,
		0.062273,
		-0.456549,
		0,
		-0.448493,
		-0.110505,
		-0.886929,
		0,
		-0.105682,
		0.991923,
		-0.070146,
		0,
		0.665392,
		-0.075736,
		-1.311946,
		1
	},
	[1.08333333333] = {
		0.887516,
		0.062273,
		-0.456549,
		0,
		-0.448493,
		-0.110505,
		-0.886929,
		0,
		-0.105682,
		0.991923,
		-0.070146,
		0,
		0.665392,
		-0.075736,
		-1.311946,
		1
	},
	{
		0.887516,
		0.062273,
		-0.456549,
		0,
		-0.448493,
		-0.110505,
		-0.886929,
		0,
		-0.105682,
		0.991923,
		-0.070146,
		0,
		0.665392,
		-0.075736,
		-1.311946,
		1
	},
	[1.11666666667] = {
		0.887516,
		0.062273,
		-0.456549,
		0,
		-0.448493,
		-0.110505,
		-0.886929,
		0,
		-0.105682,
		0.991923,
		-0.070146,
		0,
		0.665392,
		-0.075736,
		-1.311946,
		1
	},
	[1.13333333333] = {
		0.887516,
		0.062273,
		-0.456549,
		0,
		-0.448493,
		-0.110505,
		-0.886929,
		0,
		-0.105682,
		0.991923,
		-0.070146,
		0,
		0.665392,
		-0.075736,
		-1.311946,
		1
	},
	[1.15] = {
		0.887516,
		0.062273,
		-0.456549,
		0,
		-0.448493,
		-0.110505,
		-0.886929,
		0,
		-0.105682,
		0.991923,
		-0.070146,
		0,
		0.665392,
		-0.075736,
		-1.311946,
		1
	},
	[1.16666666667] = {
		0.887516,
		0.062273,
		-0.456549,
		0,
		-0.448493,
		-0.110505,
		-0.886929,
		0,
		-0.105682,
		0.991923,
		-0.070146,
		0,
		0.665392,
		-0.075736,
		-1.311946,
		1
	},
	[1.18333333333] = {
		0.887516,
		0.062273,
		-0.456549,
		0,
		-0.448493,
		-0.110505,
		-0.886929,
		0,
		-0.105682,
		0.991923,
		-0.070146,
		0,
		0.665392,
		-0.075736,
		-1.311946,
		1
	},
	[1.1] = {
		0.887516,
		0.062273,
		-0.456549,
		0,
		-0.448493,
		-0.110505,
		-0.886929,
		0,
		-0.105682,
		0.991923,
		-0.070146,
		0,
		0.665392,
		-0.075736,
		-1.311946,
		1
	},
	[1.21666666667] = {
		0.887516,
		0.062273,
		-0.456549,
		0,
		-0.448493,
		-0.110505,
		-0.886929,
		0,
		-0.105682,
		0.991923,
		-0.070146,
		0,
		0.665392,
		-0.075736,
		-1.311946,
		1
	},
	[1.23333333333] = {
		0.887516,
		0.062273,
		-0.456549,
		0,
		-0.448493,
		-0.110505,
		-0.886929,
		0,
		-0.105682,
		0.991923,
		-0.070146,
		0,
		0.665392,
		-0.075736,
		-1.311946,
		1
	},
	[1.25] = {
		0.887516,
		0.062273,
		-0.456549,
		0,
		-0.448493,
		-0.110505,
		-0.886929,
		0,
		-0.105682,
		0.991923,
		-0.070146,
		0,
		0.665392,
		-0.075736,
		-1.311946,
		1
	},
	[1.26666666667] = {
		0.887516,
		0.062273,
		-0.456549,
		0,
		-0.448493,
		-0.110505,
		-0.886929,
		0,
		-0.105682,
		0.991923,
		-0.070146,
		0,
		0.665392,
		-0.075736,
		-1.311946,
		1
	},
	[1.28333333333] = {
		0.887516,
		0.062273,
		-0.456549,
		0,
		-0.448493,
		-0.110505,
		-0.886929,
		0,
		-0.105682,
		0.991923,
		-0.070146,
		0,
		0.665392,
		-0.075736,
		-1.311946,
		1
	},
	[1.2] = {
		0.887516,
		0.062273,
		-0.456549,
		0,
		-0.448493,
		-0.110505,
		-0.886929,
		0,
		-0.105682,
		0.991923,
		-0.070146,
		0,
		0.665392,
		-0.075736,
		-1.311946,
		1
	},
	[1.31666666667] = {
		0.887516,
		0.062273,
		-0.456549,
		0,
		-0.448493,
		-0.110505,
		-0.886929,
		0,
		-0.105682,
		0.991923,
		-0.070146,
		0,
		0.665392,
		-0.075736,
		-1.311946,
		1
	},
	[1.33333333333] = {
		0.887516,
		0.062273,
		-0.456549,
		0,
		-0.448493,
		-0.110505,
		-0.886929,
		0,
		-0.105682,
		0.991923,
		-0.070146,
		0,
		0.665392,
		-0.075736,
		-1.311946,
		1
	},
	[1.3] = {
		0.887516,
		0.062273,
		-0.456549,
		0,
		-0.448493,
		-0.110505,
		-0.886929,
		0,
		-0.105682,
		0.991923,
		-0.070146,
		0,
		0.665392,
		-0.075736,
		-1.311946,
		1
	}
}

return spline_matrices
