local spline_matrices = {
	[0] = {
		-0.077469,
		0.236934,
		-0.968432,
		0,
		-0.934782,
		0.320494,
		0.153188,
		0,
		0.346672,
		0.91714,
		0.196653,
		0,
		0.054402,
		1.403651,
		-0.167193,
		1
	},
	[0.0166666666667] = {
		-0.091045,
		0.239216,
		-0.966688,
		0,
		-0.964424,
		0.220743,
		0.145457,
		0,
		0.248186,
		0.945541,
		0.210609,
		0,
		0.012407,
		1.387068,
		-0.17342,
		1
	},
	[0.0333333333333] = {
		-0.094034,
		0.245562,
		-0.964809,
		0,
		-0.97006,
		0.195369,
		0.14427,
		0,
		0.223921,
		0.94949,
		0.219839,
		0,
		-0.001594,
		1.382305,
		-0.178784,
		1
	},
	[0.05] = {
		-0.090656,
		0.255869,
		-0.962451,
		0,
		-0.96506,
		0.216004,
		0.148326,
		0,
		0.245845,
		0.94227,
		0.227347,
		0,
		-0.002416,
		1.384701,
		-0.184125,
		1
	},
	[0.0666666666667] = {
		-0.084622,
		0.268957,
		-0.959427,
		0,
		-0.954238,
		0.255299,
		0.155732,
		0,
		0.286826,
		0.9287,
		0.235045,
		0,
		-0.003335,
		1.389632,
		-0.190431,
		1
	},
	[0.0833333333333] = {
		-0.080349,
		0.28358,
		-0.955577,
		0,
		-0.944296,
		0.285286,
		0.164063,
		0,
		0.319138,
		0.91553,
		0.244861,
		0,
		-0.017986,
		1.392539,
		-0.198785,
		1
	},
	[0.116666666667] = {
		-0.076356,
		0.326758,
		-0.942018,
		0,
		-0.910597,
		0.362022,
		0.199384,
		0,
		0.406181,
		0.873023,
		0.269903,
		0,
		-0.108342,
		1.383786,
		-0.231341,
		1
	},
	[0.133333333333] = {
		-0.063476,
		0.344732,
		-0.936553,
		0,
		-0.892729,
		0.399872,
		0.207693,
		0,
		0.4461,
		0.849272,
		0.28237,
		0,
		-0.151388,
		1.377447,
		-0.246652,
		1
	},
	[0.15] = {
		-0.036877,
		0.35531,
		-0.934021,
		0,
		-0.878717,
		0.433592,
		0.199636,
		0,
		0.475917,
		0.828102,
		0.296228,
		0,
		-0.177086,
		1.376629,
		-0.255015,
		1
	},
	[0.166666666667] = {
		-0.00038,
		0.361658,
		-0.932311,
		0,
		-0.862557,
		0.471594,
		0.18329,
		0,
		0.50596,
		0.80424,
		0.311772,
		0,
		-0.194462,
		1.379808,
		-0.259915,
		1
	},
	[0.183333333333] = {
		0.038359,
		0.363559,
		-0.930781,
		0,
		-0.850166,
		0.501361,
		0.160793,
		0,
		0.525115,
		0.785151,
		0.328317,
		0,
		-0.212122,
		1.380592,
		-0.265484,
		1
	},
	[0.1] = {
		-0.079859,
		0.303343,
		-0.949529,
		0,
		-0.9315,
		0.316408,
		0.179424,
		0,
		0.354866,
		0.898815,
		0.257296,
		0,
		-0.057176,
		1.390023,
		-0.213006,
		1
	},
	[0.216666666667] = {
		0.093275,
		0.360564,
		-0.928059,
		0,
		-0.866272,
		0.488867,
		0.102867,
		0,
		0.490788,
		0.794356,
		0.357946,
		0,
		-0.28346,
		1.349973,
		-0.295874,
		1
	},
	[0.233333333333] = {
		0.097267,
		0.361473,
		-0.927295,
		0,
		-0.906507,
		0.41678,
		0.06738,
		0,
		0.410834,
		0.834045,
		0.368217,
		0,
		-0.361977,
		1.287548,
		-0.326686,
		1
	},
	[0.25] = {
		0.088416,
		0.363266,
		-0.927481,
		0,
		-0.954344,
		0.297611,
		0.025589,
		0,
		0.285324,
		0.882873,
		0.372994,
		0,
		-0.466946,
		1.178384,
		-0.366098,
		1
	},
	[0.266666666667] = {
		0.075441,
		0.360268,
		-0.929793,
		0,
		-0.988103,
		0.152336,
		-0.021146,
		0,
		0.134022,
		0.920327,
		0.367474,
		0,
		-0.571841,
		1.04302,
		-0.412422,
		1
	},
	[0.283333333333] = {
		0.068458,
		0.349377,
		-0.934478,
		0,
		-0.997508,
		0.007951,
		-0.070103,
		0,
		-0.017063,
		0.936948,
		0.349051,
		0,
		-0.651993,
		0.903597,
		-0.463612,
		1
	},
	[0.2] = {
		0.07192,
		0.36243,
		-0.929232,
		0,
		-0.849003,
		0.511199,
		0.133674,
		0,
		0.52347,
		0.779307,
		0.34447,
		0,
		-0.238874,
		1.372769,
		-0.275995,
		1
	},
	[0.316666666667] = {
		0.108443,
		0.301204,
		-0.947373,
		0,
		-0.964559,
		-0.198726,
		-0.173593,
		0,
		-0.240555,
		0.932622,
		0.268978,
		0,
		-0.687109,
		0.67105,
		-0.583088,
		1
	},
	[0.333333333333] = {
		0.157245,
		0.263789,
		-0.951677,
		0,
		-0.930975,
		-0.281915,
		-0.231967,
		0,
		-0.329482,
		0.922464,
		0.201251,
		0,
		-0.684803,
		0.550428,
		-0.662186,
		1
	},
	[0.35] = {
		0.216694,
		0.224654,
		-0.950039,
		0,
		-0.888654,
		-0.357485,
		-0.287226,
		0,
		-0.404151,
		0.906496,
		0.122175,
		0,
		-0.677435,
		0.433289,
		-0.74348,
		1
	},
	[0.366666666667] = {
		0.277975,
		0.189322,
		-0.941747,
		0,
		-0.842055,
		-0.423748,
		-0.333737,
		0,
		-0.462247,
		0.885773,
		0.041628,
		0,
		-0.664474,
		0.332056,
		-0.815761,
		1
	},
	[0.383333333333] = {
		0.331617,
		0.162147,
		-0.929375,
		0,
		-0.797378,
		-0.478317,
		-0.36797,
		0,
		-0.504201,
		0.863088,
		-0.029325,
		0,
		-0.645885,
		0.259304,
		-0.868161,
		1
	},
	[0.3] = {
		0.077498,
		0.330427,
		-0.940645,
		0,
		-0.986924,
		-0.10832,
		-0.119361,
		0,
		-0.141331,
		0.937595,
		0.317711,
		0,
		-0.6854,
		0.782994,
		-0.517618,
		1
	},
	[0.416666666667] = {
		0.390707,
		0.138686,
		-0.910008,
		0,
		-0.735863,
		-0.54688,
		-0.399285,
		0,
		-0.55304,
		0.825644,
		-0.111616,
		0,
		-0.585741,
		0.2215,
		-0.892087,
		1
	},
	[0.433333333333] = {
		0.406667,
		0.13389,
		-0.903712,
		0,
		-0.716496,
		-0.566972,
		-0.40642,
		0,
		-0.566794,
		0.812783,
		-0.134637,
		0,
		-0.532386,
		0.216987,
		-0.891473,
		1
	},
	[0.45] = {
		0.417132,
		0.131172,
		-0.89933,
		0,
		-0.703264,
		-0.580213,
		-0.410819,
		0,
		-0.575691,
		0.803832,
		-0.149777,
		0,
		-0.464875,
		0.213938,
		-0.888799,
		1
	},
	[0.466666666667] = {
		0.422851,
		0.130003,
		-0.896826,
		0,
		-0.695656,
		-0.587656,
		-0.413186,
		0,
		-0.580741,
		0.798598,
		-0.158054,
		0,
		-0.386169,
		0.212193,
		-0.88448,
		1
	},
	[0.483333333333] = {
		0.424542,
		0.130008,
		-0.896026,
		0,
		-0.693003,
		-0.590222,
		-0.413986,
		0,
		-0.582675,
		0.796703,
		-0.160477,
		0,
		-0.299173,
		0.211571,
		-0.878874,
		1
	},
	[0.4] = {
		0.368481,
		0.146302,
		-0.918051,
		0,
		-0.761632,
		-0.518737,
		-0.388366,
		0,
		-0.533046,
		0.842323,
		-0.079716,
		0,
		-0.621916,
		0.227621,
		-0.890168,
		1
	},
	[0.516666666667] = {
		0.418564,
		0.132522,
		-0.898467,
		0,
		-0.699473,
		-0.583952,
		-0.411991,
		0,
		-0.57926,
		0.800898,
		-0.151726,
		0,
		-0.111821,
		0.212899,
		-0.865085,
		1
	},
	[0.533333333333] = {
		0.412225,
		0.134644,
		-0.901078,
		0,
		-0.706941,
		-0.576614,
		-0.409573,
		0,
		-0.574721,
		0.805845,
		-0.142509,
		0,
		-0.017201,
		0.214421,
		-0.857518,
		1
	},
	[0.55] = {
		0.404521,
		0.1372,
		-0.904179,
		0,
		-0.716027,
		-0.567533,
		-0.406462,
		0,
		-0.568918,
		0.811839,
		-0.13134,
		0,
		0.074197,
		0.216256,
		-0.849901,
		1
	},
	[0.566666666667] = {
		0.396104,
		0.140092,
		-0.907456,
		0,
		-0.725817,
		-0.557555,
		-0.402893,
		0,
		-0.562398,
		0.818234,
		-0.119169,
		0,
		0.159469,
		0.218267,
		-0.842537,
		1
	},
	[0.583333333333] = {
		0.387656,
		0.143098,
		-0.910629,
		0,
		-0.735498,
		-0.54748,
		-0.399134,
		0,
		-0.555667,
		0.824493,
		-0.106986,
		0,
		0.235735,
		0.220291,
		-0.835748,
		1
	},
	[0.5] = {
		0.42289,
		0.130917,
		-0.896674,
		0,
		-0.694547,
		-0.588733,
		-0.413519,
		0,
		-0.582038,
		0.797656,
		-0.158041,
		0,
		-0.206767,
		0.211876,
		-0.872305,
		1
	},
	[0.616666666667] = {
		0.373438,
		0.148391,
		-0.91571,
		0,
		-0.751466,
		-0.530391,
		-0.392408,
		0,
		-0.543914,
		0.834665,
		-0.086558,
		0,
		0.349675,
		0.223712,
		-0.825231,
		1
	},
	[0.633333333333] = {
		0.369068,
		0.150077,
		-0.917206,
		0,
		-0.756293,
		-0.525104,
		-0.390239,
		0,
		-0.540194,
		0.837701,
		-0.080297,
		0,
		0.381548,
		0.224767,
		-0.822195,
		1
	},
	[0.65] = {
		0.367456,
		0.150705,
		-0.917749,
		0,
		-0.758063,
		-0.523151,
		-0.389427,
		0,
		-0.53881,
		0.838809,
		-0.077991,
		0,
		0.392818,
		0.225156,
		-0.821106,
		1
	},
	[0.666666666667] = {
		0.367456,
		0.150705,
		-0.917749,
		0,
		-0.758063,
		-0.523151,
		-0.389427,
		0,
		-0.53881,
		0.838809,
		-0.077991,
		0,
		0.392818,
		0.225156,
		-0.821106,
		1
	},
	[0.683333333333] = {
		0.367456,
		0.150705,
		-0.917749,
		0,
		-0.758063,
		-0.523151,
		-0.389427,
		0,
		-0.53881,
		0.838809,
		-0.077991,
		0,
		0.392818,
		0.225156,
		-0.821106,
		1
	},
	[0.6] = {
		0.379868,
		0.145961,
		-0.913453,
		0,
		-0.744295,
		-0.53814,
		-0.395512,
		0,
		-0.549295,
		0.830121,
		-0.095784,
		0,
		0.300102,
		0.222163,
		-0.829865,
		1
	},
	[0.716666666667] = {
		0.367456,
		0.150705,
		-0.917749,
		0,
		-0.758063,
		-0.523151,
		-0.389427,
		0,
		-0.53881,
		0.838809,
		-0.077991,
		0,
		0.392818,
		0.225156,
		-0.821106,
		1
	},
	[0.733333333333] = {
		0.367456,
		0.150705,
		-0.917749,
		0,
		-0.758063,
		-0.523151,
		-0.389427,
		0,
		-0.53881,
		0.838809,
		-0.077991,
		0,
		0.392818,
		0.225156,
		-0.821106,
		1
	},
	[0.75] = {
		0.367456,
		0.150705,
		-0.917749,
		0,
		-0.758063,
		-0.523151,
		-0.389427,
		0,
		-0.53881,
		0.838809,
		-0.077991,
		0,
		0.392818,
		0.225156,
		-0.821106,
		1
	},
	[0.766666666667] = {
		0.367456,
		0.150705,
		-0.917749,
		0,
		-0.758063,
		-0.523151,
		-0.389427,
		0,
		-0.53881,
		0.838809,
		-0.077991,
		0,
		0.392818,
		0.225156,
		-0.821106,
		1
	},
	[0.783333333333] = {
		0.367456,
		0.150705,
		-0.917749,
		0,
		-0.758063,
		-0.523151,
		-0.389427,
		0,
		-0.53881,
		0.838809,
		-0.077991,
		0,
		0.392818,
		0.225156,
		-0.821106,
		1
	},
	[0.7] = {
		0.367456,
		0.150705,
		-0.917749,
		0,
		-0.758063,
		-0.523151,
		-0.389427,
		0,
		-0.53881,
		0.838809,
		-0.077991,
		0,
		0.392818,
		0.225156,
		-0.821106,
		1
	},
	[0.816666666667] = {
		0.367456,
		0.150705,
		-0.917749,
		0,
		-0.758063,
		-0.523151,
		-0.389427,
		0,
		-0.53881,
		0.838809,
		-0.077991,
		0,
		0.392818,
		0.225156,
		-0.821106,
		1
	},
	[0.833333333333] = {
		0.367456,
		0.150705,
		-0.917749,
		0,
		-0.758063,
		-0.523151,
		-0.389427,
		0,
		-0.53881,
		0.838809,
		-0.077991,
		0,
		0.392818,
		0.225156,
		-0.821106,
		1
	},
	[0.85] = {
		0.367456,
		0.150705,
		-0.917749,
		0,
		-0.758063,
		-0.523151,
		-0.389427,
		0,
		-0.53881,
		0.838809,
		-0.077991,
		0,
		0.392818,
		0.225156,
		-0.821106,
		1
	},
	[0.866666666667] = {
		0.367456,
		0.150705,
		-0.917749,
		0,
		-0.758063,
		-0.523151,
		-0.389427,
		0,
		-0.53881,
		0.838809,
		-0.077991,
		0,
		0.392818,
		0.225156,
		-0.821106,
		1
	},
	[0.8] = {
		0.367456,
		0.150705,
		-0.917749,
		0,
		-0.758063,
		-0.523151,
		-0.389427,
		0,
		-0.53881,
		0.838809,
		-0.077991,
		0,
		0.392818,
		0.225156,
		-0.821106,
		1
	}
}

return spline_matrices
