local spline_matrices = {
	[0] = {
		0.972015,
		-0.233887,
		0.021986,
		0,
		0.050738,
		0.117633,
		-0.99176,
		0,
		0.229374,
		0.965121,
		0.126208,
		0,
		0.698028,
		-0.047343,
		-1.370168,
		1
	},
	{
		0.972015,
		-0.233887,
		0.021986,
		0,
		0.050738,
		0.117633,
		-0.99176,
		0,
		0.229374,
		0.965121,
		0.126208,
		0,
		0.698015,
		-0.047281,
		-1.370143,
		1
	},
	[0.0166666666667] = {
		0.950207,
		-0.311619,
		0.000722,
		0,
		0.022458,
		0.06617,
		-0.997556,
		0,
		0.310809,
		0.9479,
		0.069874,
		0,
		0.684817,
		-0.053697,
		-1.367089,
		1
	},
	[0.0333333333333] = {
		0.919411,
		-0.39294,
		-0.0168,
		0,
		-0.012229,
		0.014133,
		-0.999825,
		0,
		0.393109,
		0.919455,
		0.008188,
		0,
		0.654744,
		-0.057633,
		-1.356674,
		1
	},
	[0.05] = {
		0.878106,
		-0.477553,
		-0.029549,
		0,
		-0.054223,
		-0.037963,
		-0.997807,
		0,
		0.475384,
		0.877783,
		-0.05923,
		0,
		0.609445,
		-0.059145,
		-1.339561,
		1
	},
	[0.0666666666667] = {
		0.824595,
		-0.564569,
		-0.03612,
		0,
		-0.104385,
		-0.08909,
		-0.990539,
		0,
		0.55601,
		0.820564,
		-0.132396,
		0,
		0.550567,
		-0.058211,
		-1.31636,
		1
	},
	[0.0833333333333] = {
		0.757239,
		-0.652211,
		-0.034779,
		0,
		-0.163386,
		-0.137602,
		-0.976919,
		0,
		0.632372,
		0.745444,
		-0.21076,
		0,
		0.479791,
		-0.054684,
		-1.287664,
		1
	},
	[0.116666666667] = {
		0.577143,
		-0.816643,
		-0.000608,
		0,
		-0.308005,
		-0.216985,
		-0.92631,
		0,
		0.756333,
		0.5348,
		-0.376762,
		0,
		0.30972,
		-0.038496,
		-1.216195,
		1
	},
	[0.133333333333] = {
		0.465148,
		-0.884514,
		0.035667,
		0,
		-0.39151,
		-0.241689,
		-0.887866,
		0,
		0.79395,
		0.399025,
		-0.458718,
		0,
		0.214348,
		-0.024986,
		-1.174745,
		1
	},
	[0.15] = {
		0.34173,
		-0.935864,
		0.0859,
		0,
		-0.479167,
		-0.252136,
		-0.84073,
		0,
		0.808467,
		0.246142,
		-0.534597,
		0,
		0.114983,
		-0.007306,
		-1.130529,
		1
	},
	[0.166666666667] = {
		0.211662,
		-0.965853,
		0.149425,
		0,
		-0.567064,
		-0.245888,
		-0.786115,
		0,
		0.796013,
		0.081658,
		-0.599745,
		0,
		0.014005,
		0.014824,
		-1.084507,
		1
	},
	[0.183333333333] = {
		0.081255,
		-0.971196,
		0.224,
		0,
		-0.650608,
		-0.22194,
		-0.726258,
		0,
		0.755054,
		-0.086724,
		-0.649902,
		0,
		-0.08612,
		0.041444,
		-1.03779,
		1
	},
	[0.1] = {
		0.67486,
		-0.737569,
		-0.023582,
		0,
		-0.231438,
		-0.181201,
		-0.955826,
		0,
		0.700714,
		0.650506,
		-0.292987,
		0,
		0.398881,
		-0.048247,
		-1.254068,
		1
	},
	[0.216666666667] = {
		-0.153525,
		-0.907631,
		0.390686,
		0,
		-0.787511,
		-0.126435,
		-0.603192,
		0,
		0.596872,
		-0.400275,
		-0.695359,
		0,
		-0.274223,
		0.106818,
		-0.94718,
		1
	},
	[0.233333333333] = {
		-0.247085,
		-0.845376,
		0.47359,
		0,
		-0.835296,
		-0.061908,
		-0.546304,
		0,
		0.491152,
		-0.530572,
		-0.690843,
		0,
		-0.357896,
		0.144246,
		-0.905732,
		1
	},
	[0.25] = {
		-0.321105,
		-0.770444,
		0.550733,
		0,
		-0.868436,
		0.007576,
		-0.495744,
		0,
		0.377771,
		-0.637462,
		-0.671514,
		0,
		-0.432222,
		0.183721,
		-0.868321,
		1
	},
	[0.266666666667] = {
		-0.375781,
		-0.689298,
		0.6194,
		0,
		-0.888279,
		0.077437,
		-0.45273,
		0,
		0.264102,
		-0.720327,
		-0.641388,
		0,
		-0.495679,
		0.224427,
		-0.835859,
		1
	},
	[0.283333333333] = {
		-0.413105,
		-0.607775,
		0.678198,
		0,
		-0.897195,
		0.143916,
		-0.417528,
		0,
		0.15616,
		-0.780959,
		-0.604745,
		0,
		-0.546891,
		0.265673,
		-0.809113,
		1
	},
	[0.2] = {
		-0.04257,
		-0.951097,
		0.305944,
		0,
		-0.725284,
		-0.181187,
		-0.66418,
		0,
		0.687133,
		-0.25017,
		-0.682102,
		0,
		-0.182955,
		0.072294,
		-0.991598,
		1
	},
	[0.316666666667] = {
		-0.448228,
		-0.460938,
		0.765917,
		0,
		-0.893511,
		0.256918,
		-0.368282,
		0,
		-0.027023,
		-0.849429,
		-0.527011,
		0,
		-0.607315,
		0.347797,
		-0.775357,
		1
	},
	[0.333333333333] = {
		-0.452704,
		-0.401187,
		0.796309,
		0,
		-0.886234,
		0.300826,
		-0.352268,
		0,
		-0.098226,
		-0.865189,
		-0.491731,
		0,
		-0.613836,
		0.388017,
		-0.769527,
		1
	},
	[0.35] = {
		-0.449099,
		-0.346492,
		0.823562,
		0,
		-0.880215,
		0.329828,
		-0.341226,
		0,
		-0.153402,
		-0.878155,
		-0.453113,
		0,
		-0.612266,
		0.434109,
		-0.772249,
		1
	},
	[0.366666666667] = {
		-0.437817,
		-0.292194,
		0.850258,
		0,
		-0.877753,
		0.343607,
		-0.333892,
		0,
		-0.194593,
		-0.8925,
		-0.406911,
		0,
		-0.611479,
		0.491608,
		-0.782245,
		1
	},
	[0.383333333333] = {
		-0.422618,
		-0.240213,
		0.873895,
		0,
		-0.877516,
		0.349568,
		-0.328281,
		0,
		-0.226628,
		-0.905594,
		-0.358525,
		0,
		-0.610961,
		0.558627,
		-0.796807,
		1
	},
	[0.3] = {
		-0.436119,
		-0.530537,
		0.726863,
		0,
		-0.898003,
		0.20431,
		-0.389677,
		0,
		0.058233,
		-0.822671,
		-0.565527,
		0,
		-0.584544,
		0.306925,
		-0.788745,
		1
	},
	[0.416666666667] = {
		-0.393106,
		-0.153593,
		0.906574,
		0,
		-0.875268,
		0.364601,
		-0.31776,
		0,
		-0.281732,
		-0.918409,
		-0.277762,
		0,
		-0.608295,
		0.713046,
		-0.829831,
		1
	},
	[0.433333333333] = {
		-0.384523,
		-0.125524,
		0.914541,
		0,
		-0.867987,
		0.386405,
		-0.311914,
		0,
		-0.314231,
		-0.913748,
		-0.257534,
		0,
		-0.604931,
		0.796217,
		-0.843776,
		1
	},
	[0.45] = {
		-0.384127,
		-0.112347,
		0.916419,
		0,
		-0.851699,
		0.426316,
		-0.304736,
		0,
		-0.356448,
		-0.897571,
		-0.259446,
		0,
		-0.598987,
		0.880696,
		-0.852936,
		1
	},
	[0.466666666667] = {
		-0.39581,
		-0.117191,
		0.910824,
		0,
		-0.820696,
		0.490175,
		-0.293575,
		0,
		-0.412058,
		-0.86371,
		-0.290194,
		0,
		-0.588967,
		0.964369,
		-0.854518,
		1
	},
	[0.483333333333] = {
		-0.428702,
		-0.147172,
		0.891378,
		0,
		-0.765688,
		0.582861,
		-0.272019,
		0,
		-0.479516,
		-0.799133,
		-0.362561,
		0,
		-0.557251,
		1.057134,
		-0.820437,
		1
	},
	[0.4] = {
		-0.406749,
		-0.192987,
		0.892923,
		0,
		-0.877479,
		0.354446,
		-0.323108,
		0,
		-0.254137,
		-0.914945,
		-0.313513,
		0,
		-0.610088,
		0.633152,
		-0.813438,
		1
	},
	[0.516666666667] = {
		-0.564252,
		-0.241366,
		0.789533,
		0,
		-0.573127,
		0.802856,
		-0.164155,
		0,
		-0.59426,
		-0.545128,
		-0.591347,
		0,
		-0.393164,
		1.263318,
		-0.594874,
		1
	},
	[0.533333333333] = {
		-0.643978,
		-0.274562,
		0.714078,
		0,
		-0.450632,
		0.89041,
		-0.064034,
		0,
		-0.618241,
		-0.363023,
		-0.697131,
		0,
		-0.273307,
		1.349164,
		-0.422534,
		1
	},
	[0.55] = {
		-0.714809,
		-0.288232,
		0.637159,
		0,
		-0.326326,
		0.943311,
		0.060631,
		0,
		-0.618514,
		-0.164582,
		-0.768344,
		0,
		-0.137732,
		1.406775,
		-0.227311,
		1
	},
	[0.566666666667] = {
		-0.767697,
		-0.285736,
		0.573582,
		0,
		-0.208991,
		0.957785,
		0.197412,
		0,
		-0.605776,
		0.031679,
		-0.795005,
		0,
		0.009166,
		1.421863,
		-0.02487,
		1
	},
	[0.583333333333] = {
		-0.820956,
		-0.273186,
		0.501399,
		0,
		-0.108439,
		0.936733,
		0.332825,
		0,
		-0.5606,
		0.218863,
		-0.79864,
		0,
		0.211644,
		1.345832,
		0.288708,
		1
	},
	[0.5] = {
		-0.488195,
		-0.19432,
		0.850826,
		0,
		-0.681569,
		0.693794,
		-0.232622,
		0,
		-0.545096,
		-0.693462,
		-0.471149,
		0,
		-0.490112,
		1.161403,
		-0.731072,
		1
	},
	[0.616666666667] = {
		-0.849778,
		-0.246535,
		0.465937,
		0,
		0.145505,
		0.739856,
		0.656842,
		0,
		-0.506661,
		0.625966,
		-0.592842,
		0,
		0.744901,
		0.922904,
		0.901992,
		1
	},
	[0.633333333333] = {
		-0.693641,
		-0.377921,
		0.61322,
		0,
		0.495608,
		0.367385,
		0.78702,
		0,
		-0.522719,
		0.849826,
		-0.067533,
		0,
		1.015762,
		0.584753,
		0.947449,
		1
	},
	[0.65] = {
		-0.485867,
		-0.567755,
		0.66452,
		0,
		0.798466,
		0.020921,
		0.601676,
		0,
		-0.355507,
		0.822932,
		0.443168,
		0,
		1.181838,
		0.313129,
		0.905886,
		1
	},
	[0.666666666667] = {
		-0.332392,
		-0.645681,
		0.687468,
		0,
		0.923163,
		-0.073504,
		0.377315,
		0,
		-0.193094,
		0.760061,
		0.620501,
		0,
		1.20413,
		0.232745,
		0.79675,
		1
	},
	[0.683333333333] = {
		-0.167682,
		-0.691961,
		0.702192,
		0,
		0.985042,
		-0.088931,
		0.147592,
		0,
		-0.039681,
		0.716437,
		0.696523,
		0,
		1.197951,
		0.174213,
		0.593653,
		1
	},
	[0.6] = {
		-0.8618,
		-0.251721,
		0.440384,
		0,
		-0.01005,
		0.876484,
		0.481326,
		0,
		-0.507149,
		0.410381,
		-0.757883,
		0,
		0.481225,
		1.152829,
		0.672111,
		1
	},
	[0.716666666667] = {
		0.205467,
		-0.687421,
		0.696589,
		0,
		0.959884,
		0.002781,
		-0.280384,
		0,
		0.190804,
		0.726254,
		0.660416,
		0,
		1.119668,
		0.097366,
		0.011265,
		1
	},
	[0.733333333333] = {
		0.403748,
		-0.634498,
		0.65909,
		0,
		0.878294,
		0.067152,
		-0.473382,
		0,
		0.2561,
		0.770002,
		0.584388,
		0,
		1.054978,
		0.069507,
		-0.318848,
		1
	},
	[0.75] = {
		0.592182,
		-0.551734,
		0.58729,
		0,
		0.753714,
		0.121468,
		-0.645879,
		0,
		0.285017,
		0.825128,
		0.48778,
		0,
		0.978667,
		0.04397,
		-0.641503,
		1
	},
	[0.766666666667] = {
		0.753486,
		-0.450278,
		0.47907,
		0,
		0.594112,
		0.154239,
		-0.789456,
		0,
		0.281583,
		0.879466,
		0.383733,
		0,
		0.896334,
		0.018955,
		-0.931183,
		1
	},
	[0.783333333333] = {
		0.873139,
		-0.347935,
		0.341422,
		0,
		0.414156,
		0.160071,
		-0.89602,
		0,
		0.257105,
		0.923752,
		0.283864,
		0,
		0.816793,
		-0.005246,
		-1.163971,
		1
	},
	[0.7] = {
		0.012142,
		-0.706396,
		0.707713,
		0,
		0.995808,
		-0.055628,
		-0.072609,
		0,
		0.090659,
		0.705628,
		0.702759,
		0,
		1.168498,
		0.130853,
		0.32362,
		1
	},
	[0.816666666667] = {
		0.975515,
		-0.218783,
		0.022472,
		0,
		0.048913,
		0.1162,
		-0.992021,
		0,
		0.214426,
		0.96883,
		0.124056,
		0,
		0.698663,
		-0.039528,
		-1.370058,
		1
	},
	[0.833333333333] = {
		0.975025,
		-0.220962,
		0.022407,
		0,
		0.049177,
		0.116408,
		-0.991983,
		0,
		0.216582,
		0.96831,
		0.124367,
		0,
		0.69858,
		-0.040645,
		-1.370068,
		1
	},
	[0.85] = {
		0.974509,
		-0.223233,
		0.022336,
		0,
		0.049452,
		0.116625,
		-0.991944,
		0,
		0.21883,
		0.967763,
		0.124691,
		0,
		0.69849,
		-0.04181,
		-1.370079,
		1
	},
	[0.866666666667] = {
		0.973988,
		-0.225503,
		0.022265,
		0,
		0.049726,
		0.116841,
		-0.991905,
		0,
		0.221076,
		0.967211,
		0.125015,
		0,
		0.698396,
		-0.042975,
		-1.370091,
		1
	},
	[0.883333333333] = {
		0.973483,
		-0.227678,
		0.022195,
		0,
		0.049989,
		0.117047,
		-0.991867,
		0,
		0.223229,
		0.966676,
		0.125325,
		0,
		0.698302,
		-0.044091,
		-1.370103,
		1
	},
	[0.8] = {
		0.946516,
		-0.264565,
		0.184695,
		0,
		0.228136,
		0.143958,
		-0.962928,
		0,
		0.228169,
		0.953563,
		0.196615,
		0,
		0.748737,
		-0.025897,
		-1.317592,
		1
	},
	[0.916666666667] = {
		0.972615,
		-0.231374,
		0.022072,
		0,
		0.050435,
		0.117397,
		-0.991804,
		0,
		0.226886,
		0.965756,
		0.125851,
		0,
		0.698135,
		-0.045989,
		-1.370126,
		1
	},
	[0.933333333333] = {
		0.972297,
		-0.232708,
		0.022027,
		0,
		0.050596,
		0.117522,
		-0.99178,
		0,
		0.228207,
		0.96542,
		0.126041,
		0,
		0.698072,
		-0.046675,
		-1.370135,
		1
	},
	[0.95] = {
		0.972089,
		-0.233577,
		0.021997,
		0,
		0.050701,
		0.117604,
		-0.991765,
		0,
		0.229067,
		0.9652,
		0.126164,
		0,
		0.69803,
		-0.047121,
		-1.37014,
		1
	},
	[0.966666666667] = {
		0.972015,
		-0.233887,
		0.021986,
		0,
		0.050738,
		0.117633,
		-0.99176,
		0,
		0.229374,
		0.965121,
		0.126208,
		0,
		0.698015,
		-0.047281,
		-1.370143,
		1
	},
	[0.983333333333] = {
		0.972015,
		-0.233887,
		0.021986,
		0,
		0.050738,
		0.117633,
		-0.99176,
		0,
		0.229374,
		0.965121,
		0.126208,
		0,
		0.698015,
		-0.047281,
		-1.370143,
		1
	},
	[0.9] = {
		0.973018,
		-0.229666,
		0.022129,
		0,
		0.050229,
		0.117235,
		-0.991833,
		0,
		0.225196,
		0.966183,
		0.125608,
		0,
		0.698213,
		-0.045112,
		-1.370115,
		1
	}
}

return spline_matrices
