-- chunkname: @content/characters/player/ogryn/first_person/animations/combat_blade/swing_stab_punch.lua

local spline_matrices = {
	[0.0166666666667] = {
		-0.671104,
		0.681445,
		-0.291979,
		0,
		0.711225,
		0.480634,
		-0.512982,
		0,
		-0.209234,
		-0.551927,
		-0.807216,
		0,
		1.31998,
		-0.340394,
		-0.908899,
		1,
	},
	[0.0333333333333] = {
		-0.669064,
		0.686507,
		-0.284714,
		0,
		0.714572,
		0.488904,
		-0.500359,
		0,
		-0.204302,
		-0.538221,
		-0.817666,
		0,
		1.323745,
		-0.319912,
		-0.907528,
		1,
	},
	[0.05] = {
		-0.661554,
		0.701486,
		-0.265073,
		0,
		0.724396,
		0.506401,
		-0.467769,
		0,
		-0.193901,
		-0.501472,
		-0.843166,
		0,
		1.333358,
		-0.255012,
		-0.905137,
		1,
	},
	[0.0666666666667] = {
		-0.659255,
		0.707266,
		-0.255259,
		0,
		0.72822,
		0.516001,
		-0.451041,
		0,
		-0.187292,
		-0.483236,
		-0.855222,
		0,
		1.339394,
		-0.210648,
		-0.903969,
		1,
	},
	[0.0833333333333] = {
		-0.656327,
		0.713364,
		-0.245656,
		0,
		0.732276,
		0.523898,
		-0.43509,
		0,
		-0.181679,
		-0.465449,
		-0.866227,
		0,
		1.345135,
		-0.163255,
		-0.903286,
		1,
	},
	[0] = {
		-0.672178,
		0.678199,
		-0.297023,
		0,
		0.709065,
		0.474213,
		-0.52187,
		0,
		-0.21308,
		-0.561399,
		-0.799643,
		0,
		1.317758,
		-0.349847,
		-0.910044,
		1,
	},
	[0.116666666667] = {
		-0.700838,
		0.713222,
		0.011895,
		0,
		0.645563,
		0.641271,
		-0.414752,
		0,
		-0.303438,
		-0.282995,
		-0.909857,
		0,
		1.272403,
		-0.013497,
		-0.85626,
		1,
	},
	[0.133333333333] = {
		-0.64825,
		0.509933,
		0.565456,
		0,
		0.415263,
		0.859231,
		-0.298796,
		0,
		-0.638223,
		0.041118,
		-0.768752,
		0,
		1.073092,
		0.032723,
		-0.718227,
		1,
	},
	[0.15] = {
		-0.402778,
		0.143996,
		0.9039,
		0,
		0.247756,
		0.967833,
		-0.043781,
		0,
		-0.881128,
		0.206312,
		-0.425498,
		0,
		0.88486,
		0.052441,
		-0.535868,
		1,
	},
	[0.166666666667] = {
		-0.207003,
		-0.032662,
		0.977795,
		0,
		0.161549,
		0.984582,
		0.067089,
		0,
		-0.96491,
		0.17185,
		-0.198535,
		0,
		0.763361,
		0.164279,
		-0.344538,
		1,
	},
	[0.183333333333] = {
		0.02513,
		-0.119886,
		0.99247,
		0,
		0.12303,
		0.985607,
		0.115941,
		0,
		-0.992085,
		0.11919,
		0.039518,
		0,
		0.668784,
		0.428701,
		-0.312396,
		1,
	},
	[0.1] = {
		-0.651804,
		0.722321,
		-0.231092,
		0,
		0.738223,
		0.534502,
		-0.411502,
		0,
		-0.173718,
		-0.438816,
		-0.881625,
		0,
		1.355884,
		-0.062874,
		-0.903577,
		1,
	},
	[0.216666666667] = {
		0.087014,
		-0.194983,
		0.976939,
		0,
		0.078652,
		0.978942,
		0.188378,
		0,
		-0.993097,
		0.060447,
		0.100517,
		0,
		0.1932,
		1.297725,
		-0.033728,
		1,
	},
	[0.233333333333] = {
		-0.01964,
		-0.223354,
		0.974539,
		0,
		0.05483,
		0.97302,
		0.224111,
		0,
		-0.998303,
		0.057835,
		-0.006864,
		0,
		0.210329,
		1.325572,
		-0.032353,
		1,
	},
	[0.25] = {
		-0.044527,
		-0.251921,
		0.966723,
		0,
		-0.006813,
		0.967737,
		0.251872,
		0,
		-0.998985,
		0.004629,
		-0.044807,
		0,
		0.15291,
		1.343966,
		-0.024292,
		1,
	},
	[0.266666666667] = {
		0.007182,
		-0.270101,
		0.962805,
		0,
		-0.004489,
		0.962812,
		0.270136,
		0,
		-0.999964,
		-0.006262,
		0.005702,
		0,
		0.144179,
		1.353439,
		-0.033507,
		1,
	},
	[0.283333333333] = {
		0.077351,
		-0.282524,
		0.956137,
		0,
		0.004203,
		0.959094,
		0.283057,
		0,
		-0.996995,
		-0.017876,
		0.075374,
		0,
		0.132354,
		1.36123,
		-0.044344,
		1,
	},
	[0.2] = {
		0.156057,
		-0.170005,
		0.973008,
		0,
		0.085785,
		0.983688,
		0.158112,
		0,
		-0.984016,
		0.058795,
		0.168096,
		0,
		0.554515,
		0.752724,
		-0.250342,
		1,
	},
	[0.316666666667] = {
		0.158098,
		-0.292026,
		0.943253,
		0,
		-0.003395,
		0.9551,
		0.296263,
		0,
		-0.987418,
		-0.050041,
		0.150008,
		0,
		0.1039,
		1.369123,
		-0.058925,
		1,
	},
	[0.333333333333] = {
		0.161278,
		-0.292381,
		0.942604,
		0,
		-0.01157,
		0.954482,
		0.298045,
		0,
		-0.986841,
		-0.058974,
		0.150554,
		0,
		0.10118,
		1.368473,
		-0.067374,
		1,
	},
	[0.35] = {
		0.156964,
		-0.294664,
		0.942622,
		0,
		-0.018787,
		0.953389,
		0.301158,
		0,
		-0.987426,
		-0.06498,
		0.144112,
		0,
		0.09827,
		1.367853,
		-0.075034,
		1,
	},
	[0.366666666667] = {
		0.148107,
		-0.30027,
		0.942286,
		0,
		-0.024806,
		0.951366,
		0.307063,
		0,
		-0.98866,
		-0.068852,
		0.133455,
		0,
		0.095226,
		1.367063,
		-0.081781,
		1,
	},
	[0.383333333333] = {
		0.13479,
		-0.312328,
		0.940363,
		0,
		-0.031815,
		0.94717,
		0.31915,
		0,
		-0.990363,
		-0.072936,
		0.117732,
		0,
		0.092879,
		1.365642,
		-0.090418,
		1,
	},
	[0.3] = {
		0.130459,
		-0.28998,
		0.948099,
		0,
		0.002035,
		0.956348,
		0.292223,
		0,
		-0.991452,
		-0.036194,
		0.125354,
		0,
		0.11334,
		1.367303,
		-0.051,
		1,
	},
	[0.416666666667] = {
		0.098679,
		-0.351545,
		0.930956,
		0,
		-0.054453,
		0.932213,
		0.357791,
		0,
		-0.993628,
		-0.086,
		0.072847,
		0,
		0.091593,
		1.360008,
		-0.120732,
		1,
	},
	[0.433333333333] = {
		0.081949,
		-0.371551,
		0.924789,
		0,
		-0.067962,
		0.923667,
		0.377122,
		0,
		-0.994317,
		-0.093756,
		0.050442,
		0,
		0.092723,
		1.355868,
		-0.141523,
		1,
	},
	[0.45] = {
		0.070115,
		-0.387176,
		0.919336,
		0,
		-0.081349,
		0.916315,
		0.392108,
		0,
		-0.994216,
		-0.102279,
		0.032752,
		0,
		0.094124,
		1.351057,
		-0.165397,
		1,
	},
	[0.466666666667] = {
		0.065648,
		-0.395149,
		0.916268,
		0,
		-0.092414,
		0.911895,
		0.399884,
		0,
		-0.993554,
		-0.110928,
		0.023347,
		0,
		0.095834,
		1.345765,
		-0.191733,
		1,
	},
	[0.483333333333] = {
		0.063994,
		-0.388296,
		0.91931,
		0,
		-0.102107,
		0.913816,
		0.393083,
		0,
		-0.992713,
		-0.119023,
		0.018831,
		0,
		0.097301,
		1.34192,
		-0.219043,
		1,
	},
	[0.4] = {
		0.117255,
		-0.33063,
		0.936448,
		0,
		-0.041886,
		0.940467,
		0.337294,
		0,
		-0.992218,
		-0.078774,
		0.096426,
		0,
		0.091783,
		1.363278,
		-0.10355,
		1,
	},
	[0.516666666667] = {
		0.060855,
		-0.31744,
		0.946324,
		0,
		-0.108504,
		0.940359,
		0.322417,
		0,
		-0.992232,
		-0.122301,
		0.022782,
		0,
		0.099838,
		1.339381,
		-0.273576,
		1,
	},
	[0.533333333333] = {
		0.07326,
		-0.250648,
		0.965302,
		0,
		-0.087523,
		0.962553,
		0.256577,
		0,
		-0.993465,
		-0.103283,
		0.048579,
		0,
		0.106273,
		1.337237,
		-0.303127,
		1,
	},
	[0.55] = {
		0.1074,
		-0.16784,
		0.979946,
		0,
		-0.047895,
		0.98363,
		0.17372,
		0,
		-0.993062,
		-0.065592,
		0.097603,
		0,
		0.112352,
		1.33264,
		-0.335183,
		1,
	},
	[0.566666666667] = {
		0.160907,
		-0.081933,
		0.983563,
		0,
		0.006163,
		0.996612,
		0.082012,
		0,
		-0.98695,
		-0.007135,
		0.160867,
		0,
		0.121153,
		1.322356,
		-0.372482,
		1,
	},
	[0.583333333333] = {
		0.231187,
		-0.007482,
		0.97288,
		0,
		0.065975,
		0.997789,
		-0.008004,
		0,
		-0.97067,
		0.066036,
		0.23117,
		0,
		0.131951,
		1.303989,
		-0.416179,
		1,
	},
	[0.5] = {
		0.06129,
		-0.362188,
		0.930088,
		0,
		-0.109355,
		0.923793,
		0.366943,
		0,
		-0.992111,
		-0.1242,
		0.017012,
		0,
		0.09839,
		1.340315,
		-0.246294,
		1,
	},
	[0.616666666667] = {
		0.408612,
		0.07406,
		0.909699,
		0,
		0.151353,
		0.977405,
		-0.147555,
		0,
		-0.900072,
		0.197979,
		0.38817,
		0,
		0.284963,
		1.150702,
		-0.527634,
		1,
	},
	[0.633333333333] = {
		0.484173,
		0.079331,
		0.871368,
		0,
		0.171865,
		0.967858,
		-0.183612,
		0,
		-0.857927,
		0.238658,
		0.454977,
		0,
		0.427776,
		1.016511,
		-0.59158,
		1,
	},
	[0.65] = {
		0.525352,
		0.066581,
		0.848276,
		0,
		0.182672,
		0.964864,
		-0.188864,
		0,
		-0.831045,
		0.254176,
		0.494731,
		0,
		0.577891,
		0.867341,
		-0.663159,
		1,
	},
	[0.666666666667] = {
		0.531421,
		0.042308,
		0.846051,
		0,
		0.197273,
		0.965111,
		-0.172173,
		0,
		-0.823818,
		0.258399,
		0.504534,
		0,
		0.716031,
		0.718344,
		-0.738871,
		1,
	},
	[0.683333333333] = {
		0.510871,
		0.015553,
		0.859517,
		0,
		0.224181,
		0.96283,
		-0.150669,
		0,
		-0.829912,
		0.26966,
		0.488395,
		0,
		0.824186,
		0.580791,
		-0.808859,
		1,
	},
	[0.6] = {
		0.317829,
		0.04489,
		0.947085,
		0,
		0.117774,
		0.989273,
		-0.086413,
		0,
		-0.940805,
		0.139007,
		0.309133,
		0,
		0.179814,
		1.25147,
		-0.468034,
		1,
	},
	[0.716666666667] = {
		0.456115,
		-0.006317,
		0.889899,
		0,
		0.325265,
		0.931972,
		-0.160098,
		0,
		-0.828349,
		0.362476,
		0.427141,
		0,
		0.886359,
		0.372223,
		-0.907225,
		1,
	},
	[0.733333333333] = {
		0.417399,
		-0.007343,
		0.908694,
		0,
		0.405985,
		0.896129,
		-0.179244,
		0,
		-0.812991,
		0.443732,
		0.377025,
		0,
		0.85255,
		0.279446,
		-0.952237,
		1,
	},
	[0.75] = {
		0.361489,
		0.000105,
		0.932376,
		0,
		0.499373,
		0.844455,
		-0.193705,
		0,
		-0.787371,
		0.535626,
		0.305209,
		0,
		0.791887,
		0.190032,
		-0.996224,
		1,
	},
	[0.766666666667] = {
		0.296134,
		0.018355,
		0.95497,
		0,
		0.595,
		0.77858,
		-0.199473,
		0,
		-0.747181,
		0.627277,
		0.219643,
		0,
		0.715037,
		0.104792,
		-1.037142,
		1,
	},
	[0.783333333333] = {
		0.23045,
		0.046736,
		0.971961,
		0,
		0.682737,
		0.703961,
		-0.195725,
		0,
		-0.69337,
		0.708699,
		0.13032,
		0,
		0.632389,
		0.025236,
		-1.07336,
		1,
	},
	[0.7] = {
		0.471466,
		-0.000716,
		0.881884,
		0,
		0.266389,
		0.953402,
		-0.141641,
		0,
		-0.840688,
		0.301703,
		0.449687,
		0,
		0.882253,
		0.467997,
		-0.863313,
		1,
	},
	[0.816666666667] = {
		0.132778,
		0.116054,
		0.984328,
		0,
		0.807539,
		0.563153,
		-0.175328,
		0,
		-0.574675,
		0.818162,
		-0.018944,
		0,
		0.491939,
		-0.107585,
		-1.128374,
		1,
	},
	[0.833333333333] = {
		0.113803,
		0.144318,
		0.982966,
		0,
		0.839536,
		0.515084,
		-0.172822,
		0,
		-0.531251,
		0.844903,
		-0.062542,
		0,
		0.456314,
		-0.155513,
		-1.146862,
		1,
	},
	[0.85] = {
		0.113065,
		0.165234,
		0.979752,
		0,
		0.854352,
		0.487243,
		-0.180767,
		0,
		-0.507246,
		0.857492,
		-0.086078,
		0,
		0.445288,
		-0.186542,
		-1.159389,
		1,
	},
	[0.866666666667] = {
		0.12349,
		0.182569,
		0.975407,
		0,
		0.861082,
		0.468848,
		-0.196772,
		0,
		-0.493242,
		0.864205,
		-0.099309,
		0,
		0.446264,
		-0.205171,
		-1.166393,
		1,
	},
	[0.883333333333] = {
		0.142383,
		0.196818,
		0.970046,
		0,
		0.860209,
		0.460217,
		-0.219638,
		0,
		-0.489661,
		0.865715,
		-0.103778,
		0,
		0.457499,
		-0.212114,
		-1.168981,
		1,
	},
	[0.8] = {
		0.173497,
		0.08133,
		0.98147,
		0,
		0.754919,
		0.629015,
		-0.185573,
		0,
		-0.632452,
		0.773127,
		0.047735,
		0,
		0.554403,
		-0.046433,
		-1.103888,
		1,
	},
	[0.916666666667] = {
		0.197358,
		0.219377,
		0.95547,
		0,
		0.840459,
		0.463864,
		-0.280106,
		0,
		-0.504657,
		0.858315,
		-0.09283,
		0,
		0.501932,
		-0.200891,
		-1.164649,
		1,
	},
	[0.933333333333] = {
		0.229574,
		0.229362,
		0.94588,
		0,
		0.823698,
		0.471917,
		-0.314352,
		0,
		-0.518477,
		0.851286,
		-0.080585,
		0,
		0.530664,
		-0.187676,
		-1.159522,
		1,
	},
	[0.95] = {
		0.262423,
		0.239419,
		0.93478,
		0,
		0.804086,
		0.481293,
		-0.349003,
		0,
		-0.533461,
		0.843229,
		-0.066211,
		0,
		0.560768,
		-0.172644,
		-1.153629,
		1,
	},
	[0.966666666667] = {
		0.294063,
		0.250029,
		0.922503,
		0,
		0.783385,
		0.489903,
		-0.382497,
		0,
		-0.547572,
		0.835153,
		-0.051806,
		0,
		0.590048,
		-0.158178,
		-1.147916,
		1,
	},
	[0.983333333333] = {
		0.322831,
		0.261428,
		0.909635,
		0,
		0.763924,
		0.495417,
		-0.4135,
		0,
		-0.558749,
		0.828382,
		-0.039776,
		0,
		0.61629,
		-0.146926,
		-1.143365,
		1,
	},
	[0.9] = {
		0.167658,
		0.208799,
		0.96348,
		0,
		0.852993,
		0.459258,
		-0.24796,
		0,
		-0.49426,
		0.863415,
		-0.101105,
		0,
		0.476798,
		-0.209858,
		-1.168099,
		1,
	},
	{
		0.347233,
		0.273633,
		0.896969,
		0,
		0.74839,
		0.495517,
		-0.44088,
		0,
		-0.565103,
		0.824371,
		-0.032724,
		0,
		0.637315,
		-0.141626,
		-1.141005,
		1,
	},
}

return spline_matrices
