local spline_matrices = {
	[0] = {
		0.874268,
		-0.144803,
		0.463343,
		0,
		0.145716,
		-0.83218,
		-0.535018,
		0,
		0.463057,
		0.535266,
		-0.706448,
		0,
		-0.078543,
		-0.267441,
		-0.661774,
		1
	},
	[0.0333333333333] = {
		0.803827,
		-0.177132,
		0.567879,
		0,
		0.070099,
		-0.919781,
		-0.386121,
		0,
		0.590719,
		0.350183,
		-0.726927,
		0,
		-0.142104,
		-0.314594,
		-0.583716,
		1
	},
	[0.0666666666667] = {
		0.693843,
		-0.090965,
		0.714358,
		0,
		0.000712,
		-0.991903,
		-0.127,
		0,
		0.720126,
		0.088627,
		-0.68816,
		0,
		-0.25641,
		-0.396241,
		-0.429753,
		1
	},
	[0.133333333333] = {
		0.547166,
		0.132948,
		0.826398,
		0,
		-0.39712,
		-0.827878,
		0.396123,
		0,
		0.736821,
		-0.544924,
		-0.400191,
		0,
		-0.652824,
		-0.456778,
		-0.008012,
		1
	},
	[0.166666666667] = {
		0.651954,
		0.244343,
		0.71781,
		0,
		-0.506082,
		-0.564735,
		0.651887,
		0,
		0.564656,
		-0.788271,
		-0.244524,
		0,
		-0.812843,
		-0.363898,
		0.18323,
		1
	},
	[0.1] = {
		0.574879,
		-0.030965,
		0.817652,
		0,
		-0.228368,
		-0.965647,
		0.123992,
		0,
		0.785724,
		-0.258006,
		-0.562202,
		0,
		-0.455887,
		-0.453503,
		-0.226629,
		1
	},
	[0.233333333333] = {
		0.718412,
		-0.245222,
		0.650961,
		0,
		-0.510155,
		0.450437,
		0.7327,
		0,
		-0.472891,
		-0.858471,
		0.198498,
		0,
		-0.722662,
		0.739382,
		0.181662,
		1
	},
	[0.266666666667] = {
		0.493165,
		-0.074057,
		0.866778,
		0,
		-0.015294,
		0.995478,
		0.093755,
		0,
		-0.869802,
		-0.059493,
		0.489802,
		0,
		-0.058804,
		1.461923,
		-0.071092,
		1
	},
	[0.2] = {
		0.778115,
		0.21522,
		0.5901,
		0,
		-0.529143,
		-0.281602,
		0.800442,
		0,
		0.338445,
		-0.935083,
		-0.105237,
		0,
		-0.918399,
		-0.164984,
		0.292516,
		1
	},
	[0.333333333333] = {
		0.338605,
		-0.014068,
		0.940823,
		0,
		0.903158,
		-0.275596,
		-0.32917,
		0,
		0.263918,
		0.961171,
		-0.080613,
		0,
		1.18324,
		0.834121,
		-0.476583,
		1
	},
	[0.366666666667] = {
		0.143354,
		0.195636,
		0.970142,
		0,
		0.703754,
		-0.70937,
		0.039059,
		0,
		0.695831,
		0.677142,
		-0.23937,
		0,
		1.261385,
		0.188909,
		-0.522746,
		1
	},
	[0.3] = {
		0.362615,
		-0.094128,
		0.927173,
		0,
		0.809738,
		0.524324,
		-0.263456,
		0,
		-0.461341,
		0.8463,
		0.266347,
		0,
		0.825126,
		1.471903,
		-0.384096,
		1
	},
	[0.433333333333] = {
		0.213482,
		0.200484,
		0.956155,
		0,
		0.828101,
		-0.556412,
		-0.068225,
		0,
		0.518338,
		0.806357,
		-0.284805,
		0,
		1.304758,
		-0.011165,
		-0.810443,
		1
	},
	[0.466666666667] = {
		0.447244,
		0.100831,
		0.88871,
		0,
		0.846232,
		-0.369421,
		-0.383953,
		0,
		0.289594,
		0.923775,
		-0.250548,
		0,
		1.203589,
		-0.055722,
		-0.987572,
		1
	},
	[0.4] = {
		0.088615,
		0.255256,
		0.962804,
		0,
		0.761255,
		-0.640727,
		0.099803,
		0,
		0.64237,
		0.724095,
		-0.251093,
		0,
		1.288547,
		0.083167,
		-0.636267,
		1
	},
	[0.533333333333] = {
		0.886153,
		0.18442,
		0.425114,
		0,
		0.397186,
		0.170274,
		-0.901804,
		0,
		-0.238697,
		0.967985,
		0.07764,
		0,
		0.693475,
		-0.011822,
		-1.177763,
		1
	},
	[0.566666666667] = {
		0.923284,
		0.308193,
		0.229268,
		0,
		0.144847,
		0.273463,
		-0.950914,
		0,
		-0.355761,
		0.911173,
		0.207843,
		0,
		0.49152,
		-0.003135,
		-1.183073,
		1
	},
	[0.5] = {
		0.643307,
		0.084885,
		0.760888,
		0,
		0.765401,
		-0.094461,
		-0.636584,
		0,
		0.017838,
		0.991903,
		-0.125738,
		0,
		0.99788,
		-0.041921,
		-1.105505,
		1
	},
	[0.633333333333] = {
		0.919406,
		0.380014,
		0.101405,
		0,
		-0.02708,
		0.318376,
		-0.947578,
		0,
		-0.392377,
		0.868462,
		0.303007,
		0,
		0.433755,
		-0.006518,
		-1.163087,
		1
	},
	[0.666666666667] = {
		0.923271,
		0.364873,
		0.120162,
		0,
		0.001395,
		0.309612,
		-0.950862,
		0,
		-0.384147,
		0.878071,
		0.285346,
		0,
		0.439724,
		-0.011272,
		-1.154599,
		1
	},
	[0.6] = {
		0.920955,
		0.368477,
		0.126751,
		0,
		0.006022,
		0.311782,
		-0.950135,
		0,
		-0.389621,
		0.875795,
		0.284919,
		0,
		0.441373,
		-0.003101,
		-1.173656,
		1
	},
	[0.733333333333] = {
		0.928181,
		0.329867,
		0.172244,
		0,
		0.075451,
		0.286426,
		-0.955127,
		0,
		-0.3644,
		0.899527,
		0.240966,
		0,
		0.393523,
		0.033633,
		-1.281948,
		1
	},
	[0.7] = {
		0.927101,
		0.341752,
		0.153911,
		0,
		0.049762,
		0.294768,
		-0.954272,
		0,
		-0.371493,
		0.892366,
		0.256274,
		0,
		0.423839,
		0.008796,
		-1.211178,
		1
	}
}

return spline_matrices
