local spline_matrices = {
	[0] = {
		0.972015,
		-0.233887,
		0.021986,
		0,
		0.050738,
		0.117633,
		-0.99176,
		0,
		0.229374,
		0.965121,
		0.126209,
		0,
		0.69803,
		-0.047339,
		-1.370168,
		1
	},
	{
		0.972015,
		-0.233887,
		0.021986,
		0,
		0.050738,
		0.117634,
		-0.99176,
		0,
		0.229374,
		0.965121,
		0.126209,
		0,
		0.69803,
		-0.047339,
		-1.370168,
		1
	},
	[0.0166666666667] = {
		0.957635,
		-0.285966,
		-0.03405,
		0,
		0.023347,
		0.194939,
		-0.980537,
		0,
		0.287038,
		0.938202,
		0.193357,
		0,
		0.699313,
		-0.023231,
		-1.356701,
		1
	},
	[0.0333333333333] = {
		0.937195,
		-0.335001,
		-0.097159,
		0,
		-0.00044,
		0.277411,
		-0.960751,
		0,
		0.348805,
		0.900454,
		0.259841,
		0,
		0.713358,
		0.009982,
		-1.326837,
		1
	},
	[0.05] = {
		0.90999,
		-0.379075,
		-0.167991,
		0,
		-0.020288,
		0.363964,
		-0.931192,
		0,
		0.414134,
		0.850784,
		0.323513,
		0,
		0.738831,
		0.051356,
		-1.281987,
		1
	},
	[0.0666666666667] = {
		0.87534,
		-0.415897,
		-0.246597,
		0,
		-0.035688,
		0.45305,
		-0.89077,
		0,
		0.482189,
		0.788527,
		0.38173,
		0,
		0.774413,
		0.099857,
		-1.223629,
		1
	},
	[0.0833333333333] = {
		0.832635,
		-0.44306,
		-0.33229,
		0,
		-0.045928,
		0.542688,
		-0.838678,
		0,
		0.551914,
		0.713574,
		0.431512,
		0,
		0.818801,
		0.154331,
		-1.153359,
		1
	},
	[0.116666666667] = {
		0.722186,
		-0.458868,
		-0.517578,
		0,
		-0.047886,
		0.713308,
		-0.699213,
		0,
		0.690039,
		0.529747,
		0.493168,
		0,
		0.928714,
		0.276087,
		-0.984378,
		1
	},
	[0.133333333333] = {
		0.655239,
		-0.443907,
		-0.611235,
		0,
		-0.038463,
		0.788477,
		-0.61386,
		0,
		0.754442,
		0.425735,
		0.499567,
		0,
		0.991452,
		0.340714,
		-0.889906,
		1
	},
	[0.15] = {
		0.582014,
		-0.412889,
		-0.700559,
		0,
		-0.021945,
		0.853218,
		-0.521093,
		0,
		0.812883,
		0.318657,
		0.487524,
		0,
		1.057344,
		0.406175,
		-0.792014,
		1
	},
	[0.166666666667] = {
		0.504375,
		-0.366859,
		-0.781678,
		0,
		0.001127,
		0.905539,
		-0.424262,
		0,
		0.863484,
		0.213106,
		0.457145,
		0,
		1.124693,
		0.471447,
		-0.693364,
		1
	},
	[0.183333333333] = {
		0.424558,
		-0.308258,
		-0.851309,
		0,
		0.029631,
		0.944484,
		-0.327219,
		0,
		0.904916,
		0.113699,
		0.410122,
		0,
		1.191671,
		0.535782,
		-0.596682,
		1
	},
	[0.1] = {
		0.781546,
		-0.458105,
		-0.423468,
		0,
		-0.050227,
		0.630392,
		-0.77465,
		0,
		0.621822,
		0.626695,
		0.469671,
		0,
		0.870685,
		0.213518,
		-1.072944,
		1
	},
	[0.216666666667] = {
		0.267487,
		-0.168354,
		-0.94874,
		0,
		0.09611,
		0.984369,
		-0.14758,
		0,
		0.958756,
		-0.051708,
		0.279486,
		0,
		1.316771,
		0.66008,
		-0.41968,
		1
	},
	[0.233333333333] = {
		0.194054,
		-0.095717,
		-0.97631,
		0,
		0.130072,
		0.988952,
		-0.071103,
		0,
		0.972329,
		-0.113193,
		0.20436,
		0,
		1.370976,
		0.719814,
		-0.344061,
		1
	},
	[0.25] = {
		0.125742,
		-0.026832,
		-0.9917,
		0,
		0.161836,
		0.986798,
		-0.00618,
		0,
		0.978774,
		-0.159715,
		0.128425,
		0,
		1.417091,
		0.777967,
		-0.279725,
		1
	},
	[0.266666666667] = {
		0.063166,
		0.034848,
		-0.997394,
		0,
		0.189603,
		0.98077,
		0.046274,
		0,
		0.979827,
		-0.192032,
		0.055344,
		0,
		1.453319,
		0.834557,
		-0.228391,
		1
	},
	[0.283333333333] = {
		0.0065,
		0.086594,
		-0.996222,
		0,
		0.211812,
		0.973519,
		0.086003,
		0,
		0.977289,
		-0.211571,
		-0.012013,
		0,
		1.4779,
		0.889485,
		-0.191619,
		1
	},
	[0.2] = {
		0.344887,
		-0.240669,
		-0.907266,
		0,
		0.061941,
		0.970299,
		-0.233843,
		0,
		0.936598,
		0.024452,
		0.349551,
		0,
		1.256353,
		0.598727,
		-0.504629,
		1
	},
	[0.316666666667] = {
		-0.096004,
		0.14671,
		-0.98451,
		0,
		0.24294,
		0.96262,
		0.119758,
		0,
		0.965279,
		-0.227679,
		-0.128057,
		0,
		1.460892,
		1.007501,
		-0.162943,
		1
	},
	[0.333333333333] = {
		-0.134854,
		0.146027,
		-0.980046,
		0,
		0.259106,
		0.959863,
		0.107366,
		0,
		0.956388,
		-0.239457,
		-0.167278,
		0,
		1.37782,
		1.092457,
		-0.157607,
		1
	},
	[0.35] = {
		-0.148768,
		0.130245,
		-0.980257,
		0,
		0.264537,
		0.960402,
		0.087459,
		0,
		0.952832,
		-0.246303,
		-0.177332,
		0,
		1.254722,
		1.187931,
		-0.149603,
		1
	},
	[0.366666666667] = {
		-0.145309,
		0.106931,
		-0.983591,
		0,
		0.249309,
		0.96602,
		0.06819,
		0,
		0.95746,
		-0.235309,
		-0.167031,
		0,
		1.108131,
		1.284755,
		-0.138407,
		1
	},
	[0.383333333333] = {
		-0.131423,
		0.085722,
		-0.987613,
		0,
		0.203425,
		0.977385,
		0.057764,
		0,
		0.97023,
		-0.193313,
		-0.145889,
		0,
		0.954277,
		1.373185,
		-0.123567,
		1
	},
	[0.3] = {
		-0.044365,
		0.126336,
		-0.990995,
		0,
		0.227108,
		0.967275,
		0.113145,
		0,
		0.972859,
		-0.220043,
		-0.071605,
		0,
		1.489025,
		0.942467,
		-0.17089,
		1
	},
	[0.416666666667] = {
		-0.103328,
		0.084752,
		-0.99103,
		0,
		-0.041518,
		0.995127,
		0.089432,
		0,
		0.99378,
		0.050386,
		-0.099306,
		0,
		0.663525,
		1.485688,
		-0.084657,
		1
	},
	[0.433333333333] = {
		-0.12972,
		0.080409,
		-0.988285,
		0,
		-0.261097,
		0.958761,
		0.112278,
		0,
		0.956557,
		0.272603,
		-0.103375,
		0,
		0.505541,
		1.504523,
		-0.066489,
		1
	},
	[0.45] = {
		-0.150023,
		0.055754,
		-0.987109,
		0,
		-0.495328,
		0.859833,
		0.123847,
		0,
		0.855654,
		0.507523,
		-0.101378,
		0,
		0.341489,
		1.498348,
		-0.049349,
		1
	},
	[0.466666666667] = {
		-0.136569,
		0.040987,
		-0.989782,
		0,
		-0.695514,
		0.707509,
		0.125264,
		0,
		0.705414,
		0.705515,
		-0.068117,
		0,
		0.17933,
		1.471265,
		-0.029314,
		1
	},
	[0.483333333333] = {
		-0.117033,
		0.023203,
		-0.992857,
		0,
		-0.835161,
		0.538681,
		0.111033,
		0,
		0.53741,
		0.84219,
		-0.043665,
		0,
		0.024974,
		1.436479,
		-0.011357,
		1
	},
	[0.4] = {
		-0.11471,
		0.077236,
		-0.990392,
		0,
		0.115646,
		0.991233,
		0.063907,
		0,
		0.986645,
		-0.107204,
		-0.122636,
		0,
		0.808893,
		1.442226,
		-0.104917,
		1
	},
	[0.516666666667] = {
		-0.042449,
		-0.003924,
		-0.999091,
		0,
		-0.986161,
		0.160572,
		0.041269,
		0,
		0.160264,
		0.987016,
		-0.010685,
		0,
		-0.33142,
		1.231028,
		-0.017761,
		1
	},
	[0.533333333333] = {
		0.000514,
		0.004355,
		-0.99999,
		0,
		-0.998436,
		-0.055909,
		-0.000757,
		0,
		-0.055912,
		0.998426,
		0.00432,
		0,
		-0.520555,
		1.049178,
		-0.031539,
		1
	},
	[0.55] = {
		0.036494,
		0.016801,
		-0.999193,
		0,
		-0.961721,
		-0.271141,
		-0.039684,
		0,
		-0.271589,
		0.962393,
		0.006263,
		0,
		-0.690898,
		0.838764,
		-0.047324,
		1
	},
	[0.566666666667] = {
		0.068787,
		0.024155,
		-0.997339,
		0,
		-0.881942,
		-0.465809,
		-0.072109,
		0,
		-0.466311,
		0.884555,
		-0.010738,
		0,
		-0.825483,
		0.618843,
		-0.063786,
		1
	},
	[0.583333333333] = {
		0.098577,
		0.0294,
		-0.994695,
		0,
		-0.774817,
		-0.624967,
		-0.095259,
		0,
		-0.624453,
		0.780097,
		-0.038828,
		0,
		-0.909082,
		0.407653,
		-0.083318,
		1
	},
	[0.5] = {
		-0.086338,
		0.002908,
		-0.996262,
		0,
		-0.928708,
		0.361736,
		0.081539,
		0,
		0.360621,
		0.932276,
		-0.02853,
		0,
		-0.142758,
		1.365639,
		-0.007599,
		1
	},
	[0.616666666667] = {
		0.12329,
		0.050874,
		-0.991066,
		0,
		-0.553015,
		-0.82572,
		-0.111182,
		0,
		-0.823999,
		0.561782,
		-0.073669,
		0,
		-0.881502,
		0.020381,
		-0.145296,
		1
	},
	[0.633333333333] = {
		0.121984,
		0.06132,
		-0.990636,
		0,
		-0.451764,
		-0.885277,
		-0.110427,
		0,
		-0.883759,
		0.461004,
		-0.080287,
		0,
		-0.803259,
		-0.205562,
		-0.19729,
		1
	},
	[0.65] = {
		0.116958,
		0.06965,
		-0.990692,
		0,
		-0.364172,
		-0.925045,
		-0.108028,
		0,
		-0.923959,
		0.373417,
		-0.082827,
		0,
		-0.726331,
		-0.390787,
		-0.246753,
		1
	},
	[0.666666666667] = {
		0.111693,
		0.07568,
		-0.990857,
		0,
		-0.299033,
		-0.948321,
		-0.10614,
		0,
		-0.947683,
		0.308154,
		-0.083289,
		0,
		-0.685067,
		-0.470292,
		-0.276891,
		1
	},
	[0.683333333333] = {
		0.099486,
		0.075785,
		-0.992149,
		0,
		-0.261106,
		-0.960166,
		-0.099524,
		0,
		-0.96017,
		0.268957,
		-0.075735,
		0,
		-0.675652,
		-0.474065,
		-0.288585,
		1
	},
	[0.6] = {
		0.117184,
		0.039168,
		-0.992337,
		0,
		-0.661157,
		-0.742523,
		-0.107383,
		0,
		-0.74104,
		0.668674,
		-0.061116,
		0,
		-0.927457,
		0.221973,
		-0.107301,
		1
	},
	[0.716666666667] = {
		0.063855,
		0.065764,
		-0.99579,
		0,
		-0.248674,
		-0.965303,
		-0.079697,
		0,
		-0.96648,
		0.252717,
		-0.045286,
		0,
		-0.67021,
		-0.476669,
		-0.308205,
		1
	},
	[0.733333333333] = {
		0.061591,
		0.068219,
		-0.995767,
		0,
		-0.264941,
		-0.960754,
		-0.082207,
		0,
		-0.962296,
		0.268882,
		-0.0411,
		0,
		-0.673236,
		-0.476656,
		-0.321092,
		1
	},
	[0.75] = {
		0.083406,
		0.082747,
		-0.993074,
		0,
		-0.290294,
		-0.951308,
		-0.103648,
		0,
		-0.953296,
		0.296929,
		-0.055324,
		0,
		-0.679492,
		-0.476102,
		-0.337342,
		1
	},
	[0.766666666667] = {
		0.13032,
		0.10854,
		-0.985513,
		0,
		-0.323535,
		-0.934923,
		-0.145751,
		0,
		-0.937199,
		0.337842,
		-0.086723,
		0,
		-0.671713,
		-0.472528,
		-0.366282,
		1
	},
	[0.783333333333] = {
		0.194714,
		0.139647,
		-0.970868,
		0,
		-0.364154,
		-0.908778,
		-0.203749,
		0,
		-0.910757,
		0.393219,
		-0.126099,
		0,
		-0.63552,
		-0.463233,
		-0.413919,
		1
	},
	[0.7] = {
		0.079731,
		0.070229,
		-0.994339,
		0,
		-0.245894,
		-0.965303,
		-0.087895,
		0,
		-0.966012,
		0.251511,
		-0.059696,
		0,
		-0.670851,
		-0.475951,
		-0.297639,
		1
	},
	[0.816666666667] = {
		0.36833,
		0.202272,
		-0.907424,
		0,
		-0.447179,
		-0.817176,
		-0.363668,
		0,
		-0.815085,
		0.539731,
		-0.210539,
		0,
		-0.491992,
		-0.425971,
		-0.552985,
		1
	},
	[0.833333333333] = {
		0.471179,
		0.22389,
		-0.853149,
		0,
		-0.477704,
		-0.748334,
		-0.460211,
		0,
		-0.741477,
		0.624395,
		-0.245647,
		0,
		-0.391191,
		-0.39767,
		-0.641841,
		1
	},
	[0.85] = {
		0.577566,
		0.232734,
		-0.782466,
		0,
		-0.493092,
		-0.664432,
		-0.561596,
		0,
		-0.650598,
		0.710186,
		-0.268994,
		0,
		-0.27527,
		-0.363393,
		-0.739328,
		1
	},
	[0.866666666667] = {
		0.680722,
		0.225585,
		-0.696942,
		0,
		-0.489152,
		-0.568235,
		-0.661694,
		0,
		-0.545296,
		0.79134,
		-0.276465,
		0,
		-0.147718,
		-0.324216,
		-0.841248,
		1
	},
	[0.883333333333] = {
		0.774093,
		0.201271,
		-0.600226,
		0,
		-0.464167,
		-0.464291,
		-0.75431,
		0,
		-0.4305,
		0.86251,
		-0.265981,
		0,
		-0.012595,
		-0.281776,
		-0.943294,
		1
	},
	[0.8] = {
		0.27487,
		0.172447,
		-0.94589,
		0,
		-0.407283,
		-0.870277,
		-0.277015,
		0,
		-0.870958,
		0.461388,
		-0.168978,
		0,
		-0.574497,
		-0.447817,
		-0.476616,
		1
	},
	[0.916666666667] = {
		0.913022,
		0.107167,
		-0.393582,
		0,
		-0.357407,
		-0.254865,
		-0.898501,
		0,
		-0.1966,
		0.96102,
		-0.194395,
		0,
		0.260759,
		-0.195184,
		-1.131707,
		1
	},
	[0.933333333333] = {
		0.95491,
		0.044046,
		-0.293611,
		0,
		-0.283455,
		-0.158933,
		-0.945724,
		0,
		-0.08832,
		0.986306,
		-0.139281,
		0,
		0.387882,
		-0.155027,
		-1.211194,
		1
	},
	[0.95] = {
		0.979332,
		-0.024604,
		-0.200759,
		0,
		-0.202044,
		-0.073018,
		-0.976651,
		0,
		0.009371,
		0.997027,
		-0.07648,
		0,
		0.500844,
		-0.119184,
		-1.277094,
		1
	},
	[0.966666666667] = {
		0.988546,
		-0.095424,
		-0.116926,
		0,
		-0.117308,
		0.001611,
		-0.993094,
		0,
		0.094953,
		0.995435,
		-0.009601,
		0,
		0.593857,
		-0.088871,
		-1.327024,
		1
	},
	[0.983333333333] = {
		0.985239,
		-0.165759,
		-0.04276,
		0,
		-0.032367,
		0.064903,
		-0.997366,
		0,
		0.168098,
		0.984028,
		0.05858,
		0,
		0.661358,
		-0.064792,
		-1.358773,
		1
	},
	[0.9] = {
		0.852519,
		0.160848,
		-0.497332,
		0,
		-0.419159,
		-0.358066,
		-0.834323,
		0,
		-0.312277,
		0.919737,
		-0.237838,
		0,
		0.12535,
		-0.238071,
		-1.041347,
		1
	},
	[1.01666666667] = {
		0.972015,
		-0.233887,
		0.021986,
		0,
		0.050738,
		0.117634,
		-0.99176,
		0,
		0.229374,
		0.965121,
		0.126209,
		0,
		0.69803,
		-0.047339,
		-1.370168,
		1
	},
	[1.03333333333] = {
		0.972015,
		-0.233887,
		0.021986,
		0,
		0.050738,
		0.117634,
		-0.99176,
		0,
		0.229374,
		0.965121,
		0.126209,
		0,
		0.69803,
		-0.047339,
		-1.370168,
		1
	},
	[1.05] = {
		0.972015,
		-0.233887,
		0.021986,
		0,
		0.050738,
		0.117634,
		-0.99176,
		0,
		0.229374,
		0.965121,
		0.126209,
		0,
		0.69803,
		-0.047339,
		-1.370168,
		1
	},
	[1.06666666667] = {
		0.972015,
		-0.233887,
		0.021986,
		0,
		0.050738,
		0.117634,
		-0.99176,
		0,
		0.229374,
		0.965121,
		0.126209,
		0,
		0.69803,
		-0.047339,
		-1.370168,
		1
	},
	[1.08333333333] = {
		0.972015,
		-0.233887,
		0.021986,
		0,
		0.050738,
		0.117634,
		-0.99176,
		0,
		0.229374,
		0.965121,
		0.126209,
		0,
		0.69803,
		-0.047339,
		-1.370168,
		1
	},
	[1.11666666667] = {
		0.972015,
		-0.233887,
		0.021986,
		0,
		0.050738,
		0.117634,
		-0.99176,
		0,
		0.229374,
		0.965121,
		0.126209,
		0,
		0.69803,
		-0.047339,
		-1.370168,
		1
	},
	[1.13333333333] = {
		0.972015,
		-0.233887,
		0.021986,
		0,
		0.050738,
		0.117634,
		-0.99176,
		0,
		0.229374,
		0.965121,
		0.126209,
		0,
		0.69803,
		-0.047339,
		-1.370168,
		1
	},
	[1.15] = {
		0.972015,
		-0.233887,
		0.021986,
		0,
		0.050738,
		0.117634,
		-0.99176,
		0,
		0.229374,
		0.965121,
		0.126209,
		0,
		0.69803,
		-0.047339,
		-1.370168,
		1
	},
	[1.16666666667] = {
		0.972015,
		-0.233887,
		0.021986,
		0,
		0.050738,
		0.117634,
		-0.99176,
		0,
		0.229374,
		0.965121,
		0.126209,
		0,
		0.69803,
		-0.047339,
		-1.370168,
		1
	},
	[1.1] = {
		0.972015,
		-0.233887,
		0.021986,
		0,
		0.050738,
		0.117634,
		-0.99176,
		0,
		0.229374,
		0.965121,
		0.126209,
		0,
		0.69803,
		-0.047339,
		-1.370168,
		1
	}
}

return spline_matrices
