-- chunkname: @content/characters/player/ogryn/first_person/animations/combat_blade/uppercut.lua

local spline_matrices = {
	[0.0333333333333] = {
		0.347791,
		0.172525,
		-0.921562,
		0,
		-0.874704,
		0.413576,
		-0.252682,
		0,
		0.337542,
		0.893974,
		0.294746,
		0,
		-0.576077,
		0.838067,
		-0.464195,
		1
	},
	[0.0666666666667] = {
		0.552624,
		0.199211,
		-0.809272,
		0,
		-0.780344,
		0.464688,
		-0.418483,
		0,
		0.292693,
		0.862775,
		0.412251,
		0,
		-0.568956,
		0.819147,
		-0.478006,
		1
	},
	[0] = {
		0.170734,
		0.129634,
		-0.976752,
		0,
		-0.918962,
		0.378581,
		-0.110388,
		0,
		0.35547,
		0.916445,
		0.183765,
		0,
		-0.580654,
		0.841547,
		-0.453586,
		1
	},
	[0.133333333333] = {
		0.96453,
		0.013796,
		-0.263613,
		0,
		-0.219852,
		0.594716,
		-0.77329,
		0,
		0.146107,
		0.803817,
		0.576655,
		0,
		-0.593291,
		0.643293,
		-0.545097,
		1
	},
	[0.166666666667] = {
		0.978065,
		-0.207916,
		-0.012618,
		0,
		0.108273,
		0.559216,
		-0.821921,
		0,
		0.177947,
		0.802527,
		0.569461,
		0,
		-0.628614,
		0.531292,
		-0.583243,
		1
	},
	[0.1] = {
		0.831843,
		0.179448,
		-0.525201,
		0,
		-0.527195,
		0.55129,
		-0.646641,
		0,
		0.1735,
		0.814787,
		0.553191,
		0,
		-0.568615,
		0.750333,
		-0.508431,
		1
	},
	[0.233333333333] = {
		0.882698,
		-0.28098,
		0.37669,
		0,
		0.424874,
		0.134626,
		-0.895186,
		0,
		0.200817,
		0.950224,
		0.238215,
		0,
		-0.791726,
		0.413252,
		-0.701078,
		1
	},
	[0.266666666667] = {
		0.913792,
		-0.033853,
		0.40477,
		0,
		0.386973,
		-0.23028,
		-0.892874,
		0,
		0.123437,
		0.972535,
		-0.197327,
		0,
		-0.942497,
		0.442161,
		-0.81178,
		1
	},
	[0.2] = {
		0.911804,
		-0.355249,
		0.205942,
		0,
		0.35072,
		0.412912,
		-0.840535,
		0,
		0.213564,
		0.838631,
		0.501088,
		0,
		-0.68131,
		0.444779,
		-0.632083,
		1
	},
	[0.333333333333] = {
		0.800716,
		-0.145728,
		0.581049,
		0,
		0.57557,
		-0.081714,
		-0.81366,
		0,
		0.166053,
		0.985944,
		0.018447,
		0,
		-0.949077,
		0.657762,
		-1.045016,
		1
	},
	[0.366666666667] = {
		0.704384,
		-0.31691,
		0.635147,
		0,
		0.68025,
		0.045811,
		-0.731547,
		0,
		0.202737,
		0.947349,
		0.247847,
		0,
		-0.791545,
		0.932185,
		-0.934955,
		1
	},
	[0.3] = {
		0.872626,
		-0.03239,
		0.487314,
		0,
		0.470087,
		-0.214887,
		-0.856062,
		0,
		0.132445,
		0.976102,
		-0.17229,
		0,
		-0.950612,
		0.512846,
		-0.949239,
		1
	},
	[0.433333333333] = {
		0.480277,
		-0.765433,
		0.428308,
		0,
		0.824882,
		0.228165,
		-0.517214,
		0,
		0.298168,
		0.601709,
		0.740974,
		0,
		-0.337348,
		1.10452,
		-0.483237,
		1
	},
	[0.466666666667] = {
		0.390319,
		-0.912332,
		0.123698,
		0,
		0.797699,
		0.268031,
		-0.540218,
		0,
		0.459703,
		0.309531,
		0.832384,
		0,
		-0.145726,
		1.045211,
		-0.133343,
		1
	},
	[0.4] = {
		0.594355,
		-0.536934,
		0.598702,
		0,
		0.767875,
		0.157677,
		-0.620891,
		0,
		0.238976,
		0.828758,
		0.506015,
		0,
		-0.539687,
		1.114811,
		-0.71622,
		1
	},
	[0.533333333333] = {
		0.285136,
		-0.929775,
		-0.232842,
		0,
		0.784524,
		0.365956,
		-0.500599,
		0,
		0.550654,
		-0.039931,
		0.833778,
		0,
		0.135559,
		0.848839,
		0.149377,
		1
	},
	[0.566666666667] = {
		0.340213,
		-0.895243,
		-0.287742,
		0,
		0.789812,
		0.438113,
		-0.429248,
		0,
		0.510345,
		-0.081226,
		0.856125,
		0,
		0.186682,
		0.76613,
		0.119252,
		1
	},
	[0.5] = {
		0.324753,
		-0.93838,
		-0.118232,
		0,
		0.745328,
		0.330869,
		-0.578802,
		0,
		0.582255,
		0.099847,
		0.806851,
		0,
		-0.008939,
		0.938689,
		0.092905,
		1
	},
	[0.633333333333] = {
		0.456717,
		-0.797819,
		-0.393566,
		0,
		0.76432,
		0.578284,
		-0.28531,
		0,
		0.455219,
		-0.170505,
		0.873901,
		0,
		0.258053,
		0.6053,
		0.025829,
		1
	},
	[0.666666666667] = {
		0.382737,
		-0.738191,
		-0.555506,
		0,
		0.764078,
		0.590928,
		-0.258821,
		0,
		0.519323,
		-0.32539,
		0.790205,
		0,
		0.282762,
		0.578249,
		-0.028887,
		1
	},
	[0.6] = {
		0.425723,
		-0.847238,
		-0.317723,
		0,
		0.777871,
		0.522054,
		-0.349822,
		0,
		0.462251,
		-0.09822,
		0.881293,
		0,
		0.220737,
		0.675618,
		0.070814,
		1
	},
	[0.733333333333] = {
		0.125766,
		-0.580177,
		-0.804722,
		0,
		0.736891,
		0.597727,
		-0.315775,
		0,
		0.664209,
		-0.553279,
		0.502701,
		0,
		0.331127,
		0.568922,
		-0.163595,
		1
	},
	[0.766666666667] = {
		0.083556,
		-0.600886,
		-0.794955,
		0,
		0.643139,
		0.641874,
		-0.417577,
		0,
		0.761177,
		-0.476376,
		0.440086,
		0,
		0.375686,
		0.570978,
		-0.27098,
		1
	},
	[0.7] = {
		0.240701,
		-0.645788,
		-0.724583,
		0,
		0.766825,
		0.58418,
		-0.26592,
		0,
		0.595015,
		-0.491622,
		0.635819,
		0,
		0.302383,
		0.571926,
		-0.089603,
		1
	},
	[0.833333333333] = {
		0.152844,
		-0.753691,
		-0.63921,
		0,
		0.288845,
		0.652636,
		-0.700454,
		0,
		0.945097,
		-0.077572,
		0.317451,
		0,
		0.491038,
		0.602456,
		-0.526092,
		1
	},
	[0.866666666667] = {
		0.234073,
		-0.801411,
		-0.550409,
		0,
		0.113307,
		0.584766,
		-0.80325,
		0,
		0.965594,
		0.125654,
		0.227683,
		0,
		0.541944,
		0.6197,
		-0.613886,
		1
	},
	[0.8] = {
		0.093031,
		-0.674759,
		-0.732151,
		0,
		0.483543,
		0.673419,
		-0.559189,
		0,
		0.870363,
		-0.302005,
		0.388924,
		0,
		0.431596,
		0.584235,
		-0.402469,
		1
	},
	[0.933333333333] = {
		0.300185,
		-0.817513,
		-0.491489,
		0,
		-0.030792,
		0.506679,
		-0.861585,
		0,
		0.953384,
		0.273768,
		0.126925,
		0,
		0.571496,
		0.625635,
		-0.632798,
		1
	},
	[0.966666666667] = {
		0.289426,
		-0.813398,
		-0.504596,
		0,
		-0.012456,
		0.523913,
		-0.851681,
		0,
		0.957119,
		0.252783,
		0.141502,
		0,
		0.573048,
		0.629395,
		-0.629931,
		1
	},
	[0.9] = {
		0.289739,
		-0.816824,
		-0.498848,
		0,
		0.000579,
		0.521354,
		-0.85334,
		0,
		0.957105,
		0.246957,
		0.15153,
		0,
		0.567268,
		0.625928,
		-0.640661,
		1
	},
	[1.03333333333] = {
		0.269911,
		-0.808178,
		-0.523447,
		0,
		0.02373,
		0.549041,
		-0.835458,
		0,
		0.962593,
		0.213078,
		0.16737,
		0,
		0.530113,
		0.624344,
		-0.74328,
		1
	},
	[1.06666666667] = {
		0.258474,
		-0.808782,
		-0.528265,
		0,
		0.051174,
		0.557543,
		-0.828569,
		0,
		0.964662,
		0.18713,
		0.185499,
		0,
		0.413024,
		0.604764,
		-1.004774,
		1
	},
	{
		0.278377,
		-0.808866,
		-0.51792,
		0,
		0.00635,
		0.540774,
		-0.841144,
		0,
		0.960451,
		0.230867,
		0.155675,
		0,
		0.574825,
		0.633071,
		-0.626951,
		1
	},
	[1.13333333333] = {
		0.259421,
		-0.79891,
		-0.542626,
		0,
		0.015918,
		0.565323,
		-0.824716,
		0,
		0.965633,
		0.205311,
		0.159374,
		0,
		0.099519,
		0.576485,
		-1.380525,
		1
	},
	[1.16666666667] = {
		0.280531,
		-0.786235,
		-0.550579,
		0,
		-0.098779,
		0.546919,
		-0.831338,
		0,
		0.954749,
		0.287602,
		0.075765,
		0,
		-0.076687,
		0.580952,
		-1.348355,
		1
	},
	[1.1] = {
		0.252234,
		-0.806923,
		-0.534091,
		0,
		0.058635,
		0.563668,
		-0.823918,
		0,
		0.965888,
		0.176504,
		0.18949,
		0,
		0.257853,
		0.586516,
		-1.265802,
		1
	},
	[1.23333333333] = {
		0.34144,
		-0.743849,
		-0.57455,
		0,
		-0.452396,
		0.405757,
		-0.794166,
		0,
		0.823867,
		0.531084,
		-0.197973,
		0,
		-0.497667,
		0.634439,
		-1.173867,
		1
	},
	[1.26666666667] = {
		0.369126,
		-0.706357,
		-0.603992,
		0,
		-0.617177,
		0.299595,
		-0.727554,
		0,
		0.694866,
		0.641329,
		-0.325359,
		0,
		-0.679253,
		0.674841,
		-1.060137,
		1
	},
	[1.2] = {
		0.309408,
		-0.769622,
		-0.558523,
		0,
		-0.266938,
		0.493434,
		-0.827809,
		0,
		0.912694,
		0.405222,
		-0.052769,
		0,
		-0.286735,
		0.601494,
		-1.274772,
		1
	},
	[1.33333333333] = {
		0.388141,
		-0.5932,
		-0.705309,
		0,
		-0.811385,
		0.142965,
		-0.566758,
		0,
		0.437035,
		0.792259,
		-0.425823,
		0,
		-0.841994,
		0.747194,
		-0.845719,
		1
	},
	[1.36666666667] = {
		0.378648,
		-0.497436,
		-0.780502,
		0,
		-0.855483,
		0.133743,
		-0.500262,
		0,
		0.353235,
		0.857129,
		-0.374906,
		0,
		-0.823187,
		0.770125,
		-0.767895,
		1
	},
	[1.3] = {
		0.385598,
		-0.656813,
		-0.648005,
		0,
		-0.737781,
		0.202258,
		-0.644027,
		0,
		0.554069,
		0.726421,
		-0.406594,
		0,
		-0.803345,
		0.715361,
		-0.946983,
		1
	},
	[1.43333333333] = {
		0.326774,
		-0.191276,
		-0.925544,
		0,
		-0.911899,
		0.193485,
		-0.361943,
		0,
		0.24831,
		0.962277,
		-0.111198,
		0,
		-0.76628,
		0.81057,
		-0.703581,
		1
	},
	[1.46666666667] = {
		0.292183,
		-0.017968,
		-0.956194,
		0,
		-0.929424,
		0.230296,
		-0.28833,
		0,
		0.225388,
		0.972955,
		0.050589,
		0,
		-0.736489,
		0.828598,
		-0.687895,
		1
	},
	[1.4] = {
		0.357419,
		-0.359231,
		-0.862093,
		0,
		-0.887675,
		0.156271,
		-0.433143,
		0,
		0.290319,
		0.920072,
		-0.263026,
		0,
		-0.796545,
		0.790968,
		-0.724008,
		1
	},
	[1.53333333333] = {
		0.232465,
		0.226287,
		-0.945914,
		0,
		-0.949018,
		0.26566,
		-0.169675,
		0,
		0.212897,
		0.937133,
		0.276507,
		0,
		-0.692273,
		0.850067,
		-0.65569,
		1
	},
	[1.56666666667] = {
		0.212471,
		0.273085,
		-0.938233,
		0,
		-0.953461,
		0.268148,
		-0.137872,
		0,
		0.213934,
		0.923862,
		0.31735,
		0,
		-0.679221,
		0.851227,
		-0.636393,
		1
	},
	[1.5] = {
		0.259527,
		0.130211,
		-0.956917,
		0,
		-0.941205,
		0.256015,
		-0.220429,
		0,
		0.216283,
		0.957863,
		0.188998,
		0,
		-0.710735,
		0.843005,
		-0.672999,
		1
	},
	[1.63333333333] = {
		0.191551,
		0.29099,
		-0.937354,
		0,
		-0.952531,
		0.285368,
		-0.106063,
		0,
		0.236628,
		0.913176,
		0.33184,
		0,
		-0.656834,
		0.84938,
		-0.599913,
		1
	},
	[1.66666666667] = {
		0.187475,
		0.273613,
		-0.943392,
		0,
		-0.948649,
		0.299557,
		-0.101639,
		0,
		0.25479,
		0.914003,
		0.315722,
		0,
		-0.647645,
		0.847077,
		-0.583724,
		1
	},
	[1.6] = {
		0.199311,
		0.292594,
		-0.935234,
		0,
		-0.954348,
		0.274632,
		-0.117464,
		0,
		0.222476,
		0.915951,
		0.333974,
		0,
		-0.667436,
		0.850874,
		-0.617617,
		1
	},
	[1.73333333333] = {
		0.183835,
		0.211615,
		-0.959908,
		0,
		-0.936796,
		0.333465,
		-0.105896,
		0,
		0.297686,
		0.918706,
		0.259543,
		0,
		-0.634519,
		0.841546,
		-0.557484,
		1
	},
	[1.76666666667] = {
		0.18156,
		0.177477,
		-0.967232,
		0,
		-0.929984,
		0.350688,
		-0.11022,
		0,
		0.319635,
		0.919522,
		0.228721,
		0,
		-0.631072,
		0.838981,
		-0.548278,
		1
	},
	[1.7] = {
		0.185403,
		0.245459,
		-0.951512,
		0,
		-0.943225,
		0.316019,
		-0.102266,
		0,
		0.275594,
		0.91645,
		0.290114,
		0,
		-0.640122,
		0.844344,
		-0.569447,
		1
	},
	[1.83333333333] = {
		0.171678,
		0.131319,
		-0.976362,
		0,
		-0.918161,
		0.380556,
		-0.11026,
		0,
		0.357081,
		0.915386,
		0.185905,
		0,
		-0.631505,
		0.835351,
		-0.540083,
		1
	},
	[1.86666666667] = {
		0.171282,
		0.130612,
		-0.976526,
		0,
		-0.918482,
		0.379767,
		-0.110307,
		0,
		0.356445,
		0.915815,
		0.185013,
		0,
		-0.6323,
		0.83441,
		-0.540606,
		1
	},
	[1.8] = {
		0.177698,
		0.148751,
		-0.972778,
		0,
		-0.923508,
		0.366671,
		-0.112629,
		0,
		0.339936,
		0.918382,
		0.202529,
		0,
		-0.629997,
		0.836867,
		-0.542309,
		1
	},
	[1.93333333333] = {
		0.170799,
		0.129749,
		-0.976726,
		0,
		-0.918902,
		0.37873,
		-0.110376,
		0,
		0.355594,
		0.916367,
		0.183913,
		0,
		-0.633332,
		0.833203,
		-0.54126,
		1
	},
	[1.96666666667] = {
		0.170734,
		0.129634,
		-0.976752,
		0,
		-0.918962,
		0.378581,
		-0.110387,
		0,
		0.35547,
		0.916445,
		0.183765,
		0,
		-0.633477,
		0.833034,
		-0.54135,
		1
	},
	[1.9] = {
		0.170985,
		0.130082,
		-0.976649,
		0,
		-0.918735,
		0.379142,
		-0.110347,
		0,
		0.355934,
		0.91615,
		0.184339,
		0,
		-0.632924,
		0.833678,
		-0.541005,
		1
	},
	[2.03333333333] = {
		0.170734,
		0.129634,
		-0.976752,
		0,
		-0.918962,
		0.378581,
		-0.110387,
		0,
		0.35547,
		0.916445,
		0.183765,
		0,
		-0.633477,
		0.833034,
		-0.54135,
		1
	},
	{
		0.170734,
		0.129634,
		-0.976752,
		0,
		-0.918962,
		0.378581,
		-0.110387,
		0,
		0.35547,
		0.916445,
		0.183765,
		0,
		-0.633477,
		0.833034,
		-0.54135,
		1
	}
}

return spline_matrices
