-- chunkname: @content/characters/player/human/first_person/animations/assault_shield_shotpistol/pistol_whip_02.lua

local spline_matrices = {
	[0.016666666666666666] = {
		0.167858,
		0.361803,
		0.917018,
		0,
		-0.803578,
		0.589054,
		-0.085314,
		0,
		-0.57104,
		-0.722574,
		0.389615,
		0,
		-0.259118,
		0.586366,
		-0.307461,
		1,
	},
	[0.03333333333333333] = {
		0.145106,
		0.263626,
		0.953649,
		0,
		-0.840032,
		0.54209,
		-0.022037,
		0,
		-0.522773,
		-0.797897,
		0.300115,
		0,
		-0.286521,
		0.540027,
		-0.294025,
		1,
	},
	[0.05] = {
		0.128686,
		0.159752,
		0.978733,
		0,
		-0.873811,
		0.484951,
		0.035735,
		0,
		-0.468929,
		-0.859826,
		0.202,
		0,
		-0.322508,
		0.475931,
		-0.276549,
		1,
	},
	[0.06666666666666667] = {
		0.122595,
		0.055458,
		0.990906,
		0,
		-0.905466,
		0.415026,
		0.088796,
		0,
		-0.406327,
		-0.908118,
		0.101095,
		0,
		-0.360923,
		0.403049,
		-0.255906,
		1,
	},
	[0.08333333333333333] = {
		0.131046,
		-0.04345,
		0.990424,
		0,
		-0.934139,
		0.329135,
		0.138038,
		0,
		-0.331981,
		-0.943283,
		0.002544,
		0,
		-0.395678,
		0.33045,
		-0.232702,
		1,
	},
	[0] = {
		0.193293,
		0.44974,
		0.871993,
		0,
		-0.762721,
		0.62793,
		-0.154791,
		0,
		-0.617166,
		-0.635168,
		0.4644,
		0,
		-0.246455,
		0.605977,
		-0.315812,
		1,
	},
	[0.11666666666666667] = {
		0.21403,
		-0.210707,
		0.953831,
		0,
		-0.971373,
		0.057135,
		0.230587,
		0,
		-0.103083,
		-0.975878,
		-0.192447,
		0,
		-0.434571,
		0.209291,
		-0.179988,
		1,
	},
	[0.13333333333333333] = {
		0.30111,
		-0.275177,
		0.913023,
		0,
		-0.950106,
		-0.168342,
		0.262603,
		0,
		0.081438,
		-0.94654,
		-0.312137,
		0,
		-0.438577,
		0.155545,
		-0.153046,
		1,
	},
	[0.15] = {
		0.399636,
		-0.307521,
		0.863552,
		0,
		-0.88372,
		-0.37957,
		0.273799,
		0,
		0.243579,
		-0.872558,
		-0.423452,
		0,
		-0.433796,
		0.122087,
		-0.127697,
		1,
	},
	[0.16666666666666666] = {
		0.483049,
		-0.313181,
		0.817668,
		0,
		-0.810244,
		-0.513879,
		0.281838,
		0,
		0.331917,
		-0.798652,
		-0.501982,
		0,
		-0.426276,
		0.156179,
		-0.103049,
		1,
	},
	[0.18333333333333332] = {
		0.532516,
		-0.314514,
		0.785817,
		0,
		-0.783921,
		-0.53339,
		0.317748,
		0,
		0.319211,
		-0.785224,
		-0.530592,
		0,
		-0.423123,
		0.247725,
		-0.076277,
		1,
	},
	[0.1] = {
		0.158262,
		-0.130771,
		0.978699,
		0,
		-0.957041,
		0.223569,
		0.184632,
		0,
		-0.242951,
		-0.965876,
		-0.089771,
		0,
		-0.420665,
		0.267372,
		-0.207266,
		1,
	},
	[0.21666666666666667] = {
		0.520145,
		-0.315914,
		0.793503,
		0,
		-0.849158,
		-0.091712,
		0.520114,
		0,
		-0.091538,
		-0.944345,
		-0.315965,
		0,
		-0.342665,
		0.490594,
		0.02454,
		1,
	},
	[0.23333333333333334] = {
		0.490017,
		-0.314176,
		0.813128,
		0,
		-0.776312,
		0.267017,
		0.571,
		0,
		-0.396514,
		-0.911041,
		-0.113055,
		0,
		-0.260621,
		0.58619,
		0.046892,
		1,
	},
	[0.25] = {
		0.457985,
		-0.325002,
		0.82742,
		0,
		-0.617909,
		0.552767,
		0.55914,
		0,
		-0.639092,
		-0.767348,
		0.052337,
		0,
		-0.151665,
		0.668103,
		0.038106,
		1,
	},
	[0.26666666666666666] = {
		0.395251,
		-0.365771,
		0.842608,
		0,
		-0.409475,
		0.750959,
		0.518064,
		0,
		-0.822257,
		-0.549792,
		0.147044,
		0,
		0.001968,
		0.680194,
		-0.008322,
		1,
	},
	[0.2833333333333333] = {
		0.380879,
		-0.290176,
		0.877912,
		0,
		-0.050079,
		0.941611,
		0.332957,
		0,
		-0.923268,
		-0.170781,
		0.344108,
		0,
		0.193203,
		0.680517,
		-0.119169,
		1,
	},
	[0.2] = {
		0.54024,
		-0.318072,
		0.779083,
		0,
		-0.823325,
		-0.391217,
		0.411199,
		0,
		0.174,
		-0.863585,
		-0.473228,
		0,
		-0.415807,
		0.372289,
		-0.024106,
		1,
	},
	[0.31666666666666665] = {
		0.296608,
		-0.252686,
		0.920964,
		0,
		0.533098,
		0.843933,
		0.05986,
		0,
		-0.792358,
		0.473209,
		0.385023,
		0,
		0.385403,
		0.621182,
		-0.291046,
		1,
	},
	[0.3333333333333333] = {
		0.20148,
		-0.286776,
		0.936571,
		0,
		0.665519,
		0.741648,
		0.083921,
		0,
		-0.718673,
		0.606398,
		0.340282,
		0,
		0.417928,
		0.590158,
		-0.335277,
		1,
	},
	[0.35] = {
		0.188035,
		-0.293215,
		0.937373,
		0,
		0.72068,
		0.689607,
		0.071146,
		0,
		-0.66728,
		0.662168,
		0.340984,
		0,
		0.4879,
		0.576732,
		-0.424995,
		1,
	},
	[0.36666666666666664] = {
		0.193451,
		-0.299964,
		0.93413,
		0,
		0.752911,
		0.655847,
		0.054681,
		0,
		-0.629049,
		0.692738,
		0.35272,
		0,
		0.537502,
		0.565998,
		-0.490397,
		1,
	},
	[0.38333333333333336] = {
		0.215501,
		-0.307819,
		0.926718,
		0,
		0.767095,
		0.64061,
		0.034404,
		0,
		-0.604255,
		0.703467,
		0.374178,
		0,
		0.538441,
		0.556528,
		-0.502484,
		1,
	},
	[0.3] = {
		0.388034,
		-0.22003,
		0.894995,
		0,
		0.301168,
		0.948046,
		0.102499,
		0,
		-0.87105,
		0.229771,
		0.43414,
		0,
		0.339985,
		0.657626,
		-0.234605,
		1,
	},
	[0.4166666666666667] = {
		0.30117,
		-0.323452,
		0.897037,
		0,
		0.75138,
		0.659713,
		-0.014389,
		0,
		-0.587132,
		0.678349,
		0.441721,
		0,
		0.532117,
		0.543794,
		-0.514984,
		1,
	},
	[0.43333333333333335] = {
		0.360414,
		-0.327658,
		0.873351,
		0,
		0.723625,
		0.689026,
		-0.04012,
		0,
		-0.588616,
		0.646438,
		0.485436,
		0,
		0.523999,
		0.539271,
		-0.517206,
		1,
	},
	[0.45] = {
		0.42709,
		-0.326635,
		0.843151,
		0,
		0.683433,
		0.727159,
		-0.064487,
		0,
		-0.592041,
		0.603779,
		0.533796,
		0,
		0.511741,
		0.534987,
		-0.517922,
		1,
	},
	[0.4666666666666667] = {
		0.497937,
		-0.318669,
		0.806541,
		0,
		0.631935,
		0.770256,
		-0.085807,
		0,
		-0.593899,
		0.552409,
		0.584917,
		0,
		0.496079,
		0.530178,
		-0.517144,
		1,
	},
	[0.48333333333333334] = {
		0.569337,
		-0.30286,
		0.764285,
		0,
		0.571174,
		0.814369,
		-0.102777,
		0,
		-0.591283,
		0.495054,
		0.636636,
		0,
		0.477884,
		0.524104,
		-0.514295,
		1,
	},
	[0.4] = {
		0.252098,
		-0.316159,
		0.914598,
		0,
		0.766103,
		0.642625,
		0.010976,
		0,
		-0.591213,
		0.697909,
		0.404215,
		0,
		0.53662,
		0.549313,
		-0.510372,
		1,
	},
	[0.5166666666666667] = {
		0.699966,
		-0.249317,
		0.669245,
		0,
		0.434716,
		0.892226,
		-0.122286,
		0,
		-0.56663,
		0.376528,
		0.73291,
		0,
		0.437677,
		0.506123,
		-0.502972,
		1,
	},
	[0.5333333333333333] = {
		0.753883,
		-0.215215,
		0.62076,
		0,
		0.367154,
		0.921532,
		-0.1264,
		0,
		-0.544847,
		0.323205,
		0.773744,
		0,
		0.417602,
		0.494284,
		-0.495094,
		1,
	},
	[0.55] = {
		0.798332,
		-0.180053,
		0.574672,
		0,
		0.305746,
		0.943308,
		-0.12919,
		0,
		-0.518831,
		0.27884,
		0.808123,
		0,
		0.398756,
		0.480989,
		-0.486292,
		1,
	},
	[0.5666666666666667] = {
		0.833195,
		-0.147175,
		0.533035,
		0,
		0.25441,
		0.957881,
		-0.133194,
		0,
		-0.490981,
		0.246586,
		0.835544,
		0,
		0.381929,
		0.466718,
		-0.477046,
		1,
	},
	[0.5833333333333334] = {
		0.859079,
		-0.11986,
		0.497612,
		0,
		0.216562,
		0.966005,
		-0.141191,
		0,
		-0.463772,
		0.229058,
		0.855832,
		0,
		0.367818,
		0.451987,
		-0.467845,
		1,
	},
	[0.5] = {
		0.637713,
		-0.279312,
		0.717849,
		0,
		0.504154,
		0.855946,
		-0.114828,
		0,
		-0.582367,
		0.435133,
		0.686664,
		0,
		0.458091,
		0.516134,
		-0.50949,
		1,
	},
	[0.6166666666666667] = {
		0.888275,
		-0.089174,
		0.450573,
		0,
		0.188853,
		0.965124,
		-0.181301,
		0,
		-0.418692,
		0.246137,
		0.874136,
		0,
		0.348864,
		0.422765,
		-0.451591,
		1,
	},
	[0.6333333333333333] = {
		0.895457,
		-0.080405,
		0.437826,
		0,
		0.19208,
		0.957068,
		-0.217087,
		0,
		-0.401574,
		0.27849,
		0.872457,
		0,
		0.341695,
		0.408503,
		-0.445077,
		1,
	},
	[0.65] = {
		0.899664,
		-0.074206,
		0.43023,
		0,
		0.202117,
		0.944278,
		-0.259782,
		0,
		-0.38698,
		0.320674,
		0.864532,
		0,
		0.335208,
		0.394567,
		-0.439175,
		1,
	},
	[0.6666666666666666] = {
		0.901871,
		-0.06985,
		0.426322,
		0,
		0.216307,
		0.927242,
		-0.305668,
		0,
		-0.373953,
		0.367889,
		0.851362,
		0,
		0.329081,
		0.381081,
		-0.433408,
		1,
	},
	[0.6833333333333333] = {
		0.902915,
		-0.066642,
		0.424621,
		0,
		0.232044,
		0.907151,
		-0.351046,
		0,
		-0.361801,
		0.415495,
		0.834544,
		0,
		0.322999,
		0.368256,
		-0.427285,
		1,
	},
	[0.6] = {
		0.876875,
		-0.101093,
		0.469969,
		0,
		0.195216,
		0.968281,
		-0.155956,
		0,
		-0.439296,
		0.2285,
		0.868796,
		0,
		0.357069,
		0.437267,
		-0.45917,
		1,
	},
	[0.7166666666666667] = {
		0.904613,
		-0.061588,
		0.421762,
		0,
		0.257998,
		0.866767,
		-0.426794,
		0,
		-0.339284,
		0.494897,
		0.799977,
		0,
		0.309716,
		0.346026,
		-0.412089,
		1,
	},
	[0.7333333333333333] = {
		0.906756,
		-0.05906,
		0.417499,
		0,
		0.263332,
		0.852628,
		-0.451311,
		0,
		-0.329317,
		0.51917,
		0.788678,
		0,
		0.301898,
		0.33758,
		-0.402151,
		1,
	},
	[0.75] = {
		0.910694,
		-0.056134,
		0.409249,
		0,
		0.260429,
		0.847048,
		-0.463343,
		0,
		-0.320644,
		0.528545,
		0.78602,
		0,
		0.2929,
		0.331614,
		-0.390108,
		1,
	},
	[0.7666666666666667] = {
		0.915644,
		-0.052478,
		0.398549,
		0,
		0.250641,
		0.84966,
		-0.463958,
		0,
		-0.314284,
		0.524713,
		0.79114,
		0,
		0.282949,
		0.32828,
		-0.376254,
		1,
	},
	[0.7833333333333333] = {
		0.92043,
		-0.048044,
		0.387944,
		0,
		0.237233,
		0.857423,
		-0.456669,
		0,
		-0.310692,
		0.512365,
		0.800595,
		0,
		0.272544,
		0.327476,
		-0.361298,
		1,
	},
	[0.7] = {
		0.903577,
		-0.064021,
		0.423616,
		0,
		0.246769,
		0.886051,
		-0.392453,
		0,
		-0.35022,
		0.459147,
		0.816413,
		0,
		0.316648,
		0.356424,
		-0.420328,
		1,
	},
	[0.8166666666666667] = {
		0.929588,
		-0.036947,
		0.366743,
		0,
		0.201375,
		0.88426,
		-0.421345,
		0,
		-0.308729,
		0.46553,
		0.829439,
		0,
		0.250796,
		0.338433,
		-0.328818,
		1,
	},
	[0.8333333333333334] = {
		0.933987,
		-0.030409,
		0.356012,
		0,
		0.179803,
		0.901025,
		-0.394746,
		0,
		-0.308772,
		0.4327,
		0.847013,
		0,
		0.239679,
		0.349697,
		-0.311672,
		1,
	},
	[0.85] = {
		0.93828,
		-0.023335,
		0.34509,
		0,
		0.156438,
		0.91847,
		-0.363237,
		0,
		-0.308478,
		0.394802,
		0.865432,
		0,
		0.228559,
		0.363319,
		-0.29418,
		1,
	},
	[0.8666666666666667] = {
		0.942483,
		-0.015851,
		0.333878,
		0,
		0.131831,
		0.93553,
		-0.327724,
		0,
		-0.307158,
		0.35289,
		0.883811,
		0,
		0.217556,
		0.37819,
		-0.276545,
		1,
	},
	[0.8833333333333333] = {
		0.94662,
		-0.008097,
		0.32225,
		0,
		0.1066,
		0.951303,
		-0.28924,
		0,
		-0.304215,
		0.308152,
		0.901385,
		0,
		0.206792,
		0.393227,
		-0.258975,
		1,
	},
	[0.8] = {
		0.925073,
		-0.042851,
		0.377364,
		0,
		0.220667,
		0.869333,
		-0.442228,
		0,
		-0.309105,
		0.492365,
		0.813652,
		0,
		0.26179,
		0.33065,
		-0.345424,
		1,
	},
	[0.9166666666666666] = {
		0.954826,
		0.007579,
		0.297067,
		0,
		0.056964,
		0.976468,
		-0.208004,
		0,
		-0.291653,
		0.21553,
		0.931926,
		0,
		0.186467,
		0.419604,
		-0.224902,
		1,
	},
	[0.9333333333333333] = {
		0.958977,
		0.015156,
		0.283077,
		0,
		0.033958,
		0.985238,
		-0.167789,
		0,
		-0.281441,
		0.170519,
		0.944306,
		0,
		0.177139,
		0.42893,
		-0.208848,
		1,
	},
	[0.95] = {
		0.963218,
		0.022317,
		0.267794,
		0,
		0.013066,
		0.991477,
		-0.129622,
		0,
		-0.268405,
		0.128353,
		0.954717,
		0,
		0.168512,
		0.434387,
		-0.193761,
		1,
	},
	[0.9666666666666667] = {
		0.967584,
		0.02885,
		0.250895,
		0,
		-0.005095,
		0.995481,
		-0.09482,
		0,
		-0.252497,
		0.090468,
		0.963359,
		0,
		0.160686,
		0.436158,
		-0.179867,
		1,
	},
	[0.9833333333333333] = {
		0.972099,
		0.034511,
		0.232018,
		0,
		-0.019984,
		0.997706,
		-0.064672,
		0,
		-0.233718,
		0.058231,
		0.970559,
		0,
		0.153756,
		0.435445,
		-0.167388,
		1,
	},
	[0.9] = {
		0.950722,
		-0.00023,
		0.310045,
		0,
		0.081411,
		0.965096,
		-0.248923,
		0,
		-0.299166,
		0.261898,
		0.917556,
		0,
		0.196389,
		0.407372,
		-0.241688,
		1,
	},
	[1.0166666666666666] = {
		0.981925,
		0.041157,
		0.184744,
		0,
		-0.037568,
		0.999032,
		-0.022888,
		0,
		-0.185507,
		0.015534,
		0.98252,
		0,
		0.143736,
		0.429001,
		-0.147969,
		1,
	},
	[1.0333333333333334] = {
		0.987387,
		0.040884,
		0.152955,
		0,
		-0.039702,
		0.999153,
		-0.010777,
		0,
		-0.153267,
		0.004568,
		0.988174,
		0,
		0.141818,
		0.424454,
		-0.141701,
		1,
	},
	[1.05] = {
		0.99234,
		0.039131,
		0.117178,
		0,
		-0.039117,
		0.999232,
		-0.002419,
		0,
		-0.117182,
		-0.002184,
		0.993108,
		0,
		0.14131,
		0.419635,
		-0.136997,
		1,
	},
	[1.0666666666666667] = {
		0.996178,
		0.036616,
		0.0793,
		0,
		-0.037044,
		0.999306,
		0.003928,
		0,
		-0.079101,
		-0.006851,
		0.996843,
		0,
		0.141583,
		0.414911,
		-0.133117,
		1,
	},
	[1.0833333333333333] = {
		0.998563,
		0.034169,
		0.04129,
		0,
		-0.034614,
		0.99935,
		0.010101,
		0,
		-0.040918,
		-0.011515,
		0.999096,
		0,
		0.142007,
		0.410639,
		-0.129309,
		1,
	},
	{
		0.976758,
		0.038999,
		0.210766,
		0,
		-0.031148,
		0.998696,
		-0.040446,
		0,
		-0.212069,
		0.032941,
		0.976699,
		0,
		0.147806,
		0.432849,
		-0.156538,
		1,
	},
	[1.1] = {
		0.99945,
		0.032756,
		0.005161,
		0,
		-0.032844,
		0.999298,
		0.018044,
		0,
		-0.004566,
		-0.018204,
		0.999824,
		0,
		0.141946,
		0.407164,
		-0.1248,
		1,
	},
}

return spline_matrices
