-- chunkname: @content/characters/player/human/first_person/animations/assault_shield_shotpistol/pistol_whip.lua

local spline_matrices = {
	[0.016666666666666666] = {
		0.998182,
		0.052499,
		-0.029589,
		0,
		-0.054099,
		0.996957,
		-0.056127,
		0,
		0.026552,
		0.057626,
		0.997985,
		0,
		0.168946,
		0.40413,
		-0.097911,
		1,
	},
	[0.03333333333333333] = {
		0.995531,
		0.068407,
		-0.065109,
		0,
		-0.076261,
		0.988968,
		-0.12699,
		0,
		0.055704,
		0.131388,
		0.989765,
		0,
		0.196102,
		0.398215,
		-0.070432,
		1,
	},
	[0.05] = {
		0.992154,
		0.069293,
		-0.10406,
		0,
		-0.080192,
		0.991287,
		-0.104492,
		0,
		0.095913,
		0.112017,
		0.989067,
		0,
		0.220624,
		0.39179,
		-0.033827,
		1,
	},
	[0.06666666666666667] = {
		0.986167,
		0.055274,
		-0.156268,
		0,
		-0.047651,
		0.997504,
		0.052117,
		0,
		0.158759,
		-0.043949,
		0.986339,
		0,
		0.248367,
		0.385271,
		0.018603,
		1,
	},
	[0.08333333333333333] = {
		0.972434,
		0.042826,
		-0.229213,
		0,
		0.030285,
		0.951467,
		0.306256,
		0,
		0.231204,
		-0.304755,
		0.923942,
		0,
		0.285125,
		0.373938,
		0.083784,
		1,
	},
	[0] = {
		0.99945,
		0.032756,
		0.005162,
		0,
		-0.032844,
		0.999298,
		0.018044,
		0,
		-0.004568,
		-0.018204,
		0.999824,
		0,
		0.141946,
		0.407164,
		-0.1248,
		1,
	},
	[0.11666666666666667] = {
		0.914984,
		0.097949,
		-0.391421,
		0,
		0.297662,
		0.491055,
		0.818696,
		0,
		0.2724,
		-0.865604,
		0.420151,
		0,
		0.367715,
		0.318637,
		0.203938,
		1,
	},
	[0.13333333333333333] = {
		0.886565,
		0.164217,
		-0.432476,
		0,
		0.410657,
		0.15105,
		0.899191,
		0,
		0.212988,
		-0.97479,
		0.066479,
		0,
		0.396603,
		0.28454,
		0.233827,
		1,
	},
	[0.15] = {
		0.870738,
		0.226151,
		-0.436658,
		0,
		0.471287,
		-0.130315,
		0.8723,
		0,
		0.140369,
		-0.965336,
		-0.220052,
		0,
		0.408824,
		0.263789,
		0.245806,
		1,
	},
	[0.16666666666666666] = {
		0.868622,
		0.268746,
		-0.416259,
		0,
		0.487345,
		-0.311838,
		0.81563,
		0,
		0.089392,
		-0.911336,
		-0.401841,
		0,
		0.40313,
		0.260847,
		0.249736,
		1,
	},
	[0.18333333333333332] = {
		0.897719,
		0.273646,
		-0.345279,
		0,
		0.439908,
		-0.513894,
		0.736474,
		0,
		0.024096,
		-0.813038,
		-0.581712,
		0,
		0.373149,
		0.26187,
		0.239978,
		1,
	},
	[0.1] = {
		0.947396,
		0.053033,
		-0.315639,
		0,
		0.15513,
		0.786513,
		0.597773,
		0,
		0.279956,
		-0.615292,
		0.736912,
		0,
		0.327457,
		0.352018,
		0.15092,
		1,
	},
	[0.21666666666666667] = {
		0.961994,
		0.206746,
		-0.178392,
		0,
		0.272863,
		-0.753271,
		0.598438,
		0,
		-0.010653,
		-0.624371,
		-0.781056,
		0,
		0.264022,
		0.300695,
		0.206538,
		1,
	},
	[0.23333333333333334] = {
		0.945428,
		0.268645,
		-0.184378,
		0,
		0.304261,
		-0.525436,
		0.79457,
		0,
		0.116579,
		-0.807308,
		-0.578501,
		0,
		0.214218,
		0.35873,
		0.233518,
		1,
	},
	[0.25] = {
		0.785352,
		0.30513,
		-0.538626,
		0,
		0.178158,
		0.72187,
		0.668703,
		0,
		0.592859,
		-0.621127,
		0.512561,
		0,
		0.11162,
		0.716267,
		0.097599,
		1,
	},
	[0.26666666666666666] = {
		0.736727,
		0.260099,
		-0.624166,
		0,
		-0.117011,
		0.958174,
		0.261172,
		0,
		0.66599,
		-0.119378,
		0.736347,
		0,
		-0.036838,
		0.826371,
		-0.041039,
		1,
	},
	[0.2833333333333333] = {
		0.695469,
		0.306519,
		-0.6499,
		0,
		-0.378278,
		0.925155,
		0.031539,
		0,
		0.610925,
		0.223908,
		0.759365,
		0,
		-0.143767,
		0.835998,
		-0.149537,
		1,
	},
	[0.2] = {
		0.940343,
		0.233709,
		-0.247256,
		0,
		0.339044,
		-0.704276,
		0.623735,
		0,
		-0.028364,
		-0.670355,
		-0.741498,
		0,
		0.321823,
		0.271546,
		0.217437,
		1,
	},
	[0.31666666666666665] = {
		0.593343,
		0.451797,
		-0.666201,
		0,
		-0.728875,
		0.65277,
		-0.206475,
		0,
		0.341591,
		0.608088,
		0.71662,
		0,
		-0.269969,
		0.773655,
		-0.299713,
		1,
	},
	[0.3333333333333333] = {
		0.587411,
		0.469881,
		-0.658909,
		0,
		-0.777991,
		0.552101,
		-0.299857,
		0,
		0.222887,
		0.688765,
		0.689873,
		0,
		-0.282246,
		0.730588,
		-0.352069,
		1,
	},
	[0.35] = {
		0.590997,
		0.495414,
		-0.636622,
		0,
		-0.796816,
		0.48152,
		-0.364996,
		0,
		0.125722,
		0.722982,
		0.679331,
		0,
		-0.286788,
		0.684871,
		-0.388679,
		1,
	},
	[0.36666666666666664] = {
		0.59715,
		0.530689,
		-0.601482,
		0,
		-0.800993,
		0.434413,
		-0.411941,
		0,
		0.042679,
		0.727773,
		0.684489,
		0,
		-0.290345,
		0.639438,
		-0.411458,
		1,
	},
	[0.38333333333333336] = {
		0.602219,
		0.573744,
		-0.555112,
		0,
		-0.797718,
		0.405221,
		-0.44659,
		0,
		-0.031285,
		0.711768,
		0.701718,
		0,
		-0.294516,
		0.598112,
		-0.421712,
		1,
	},
	[0.3] = {
		0.637699,
		0.394851,
		-0.661387,
		0,
		-0.596619,
		0.796287,
		-0.099863,
		0,
		0.487223,
		0.458279,
		0.743367,
		0,
		-0.22655,
		0.813499,
		-0.23293,
		1,
	},
	[0.4166666666666667] = {
		0.611531,
		0.65933,
		-0.437394,
		0,
		-0.776682,
		0.394746,
		-0.490857,
		0,
		-0.150977,
		0.63989,
		0.753489,
		0,
		-0.296062,
		0.512538,
		-0.428237,
		1,
	},
	[0.43333333333333335] = {
		0.613866,
		0.696272,
		-0.371987,
		0,
		-0.763373,
		0.403554,
		-0.504386,
		0,
		-0.201073,
		0.59359,
		0.779243,
		0,
		-0.294216,
		0.497571,
		-0.42837,
		1,
	},
	[0.45] = {
		0.610663,
		0.729195,
		-0.308813,
		0,
		-0.751699,
		0.411116,
		-0.515687,
		0,
		-0.249079,
		0.547045,
		0.799188,
		0,
		-0.291658,
		0.481736,
		-0.427306,
		1,
	},
	[0.4666666666666667] = {
		0.602749,
		0.756137,
		-0.254853,
		0,
		-0.741758,
		0.413252,
		-0.528222,
		0,
		-0.29409,
		0.507425,
		0.809958,
		0,
		-0.28604,
		0.465338,
		-0.425337,
		1,
	},
	[0.48333333333333334] = {
		0.589995,
		0.777461,
		-0.217854,
		0,
		-0.733998,
		0.404049,
		-0.545886,
		0,
		-0.336381,
		0.481974,
		0.809042,
		0,
		-0.277756,
		0.448017,
		-0.422774,
		1,
	},
	[0.4] = {
		0.606683,
		0.618349,
		-0.49958,
		0,
		-0.789147,
		0.392717,
		-0.47225,
		0,
		-0.095822,
		0.680748,
		0.726223,
		0,
		-0.29688,
		0.54953,
		-0.425807,
		1,
	},
	[0.5166666666666667] = {
		0.553976,
		0.812214,
		-0.18281,
		0,
		-0.727696,
		0.365727,
		-0.580261,
		0,
		-0.404438,
		0.45448,
		0.793648,
		0,
		-0.254815,
		0.412419,
		-0.414184,
		1,
	},
	[0.5333333333333333] = {
		0.533615,
		0.827405,
		-0.175086,
		0,
		-0.728578,
		0.344614,
		-0.591959,
		0,
		-0.429453,
		0.443442,
		0.786721,
		0,
		-0.240843,
		0.395308,
		-0.407956,
		1,
	},
	[0.55] = {
		0.513242,
		0.840951,
		-0.171419,
		0,
		-0.731033,
		0.323719,
		-0.600663,
		0,
		-0.449637,
		0.433599,
		0.780909,
		0,
		-0.22559,
		0.379156,
		-0.400756,
		1,
	},
	[0.5666666666666667] = {
		0.493902,
		0.852747,
		-0.169953,
		0,
		-0.734244,
		0.304319,
		-0.606857,
		0,
		-0.465775,
		0.424515,
		0.776428,
		0,
		-0.209338,
		0.364363,
		-0.392831,
		1,
	},
	[0.5833333333333334] = {
		0.476554,
		0.862779,
		-0.168847,
		0,
		-0.737439,
		0.287739,
		-0.611056,
		0,
		-0.478623,
		0.415716,
		0.77337,
		0,
		-0.19239,
		0.351326,
		-0.384442,
		1,
	},
	[0.5] = {
		0.573199,
		0.795519,
		-0.19645,
		0,
		-0.729226,
		0.385886,
		-0.565086,
		0,
		-0.373729,
		0.467163,
		0.801302,
		0,
		-0.267218,
		0.430108,
		-0.419201,
		1,
	},
	[0.6166666666666667] = {
		0.452056,
		0.877438,
		-0.160461,
		0,
		-0.740659,
		0.268995,
		-0.615683,
		0,
		-0.497061,
		0.39717,
		0.771483,
		0,
		-0.157481,
		0.332257,
		-0.367366,
		1,
	},
	[0.6333333333333333] = {
		0.447128,
		0.88187,
		-0.149604,
		0,
		-0.739048,
		0.270015,
		-0.61717,
		0,
		-0.503869,
		0.386519,
		0.772476,
		0,
		-0.140007,
		0.32712,
		-0.359238,
		1,
	},
	[0.65] = {
		0.448458,
		0.884011,
		-0.131944,
		0,
		-0.734077,
		0.280063,
		-0.618624,
		0,
		-0.509918,
		0.374284,
		0.774529,
		0,
		-0.122841,
		0.325483,
		-0.350404,
		1,
	},
	[0.6666666666666666] = {
		0.475108,
		0.874662,
		-0.096114,
		0,
		-0.720343,
		0.323884,
		-0.613355,
		0,
		-0.505349,
		0.360645,
		0.783937,
		0,
		-0.10231,
		0.330718,
		-0.33936,
		1,
	},
	[0.6833333333333333] = {
		0.52081,
		0.853249,
		-0.02687,
		0,
		-0.687772,
		0.400744,
		-0.605288,
		0,
		-0.505694,
		0.333721,
		0.795553,
		0,
		-0.075078,
		0.342074,
		-0.327793,
		1,
	},
	[0.6] = {
		0.462231,
		0.87103,
		-0.166282,
		0,
		-0.739844,
		0.275436,
		-0.613813,
		0,
		-0.48885,
		0.406746,
		0.771741,
		0,
		-0.175024,
		0.340474,
		-0.375861,
		1,
	},
	[0.7166666666666667] = {
		0.621461,
		0.767294,
		0.158257,
		0,
		-0.581865,
		0.58731,
		-0.562583,
		0,
		-0.524613,
		0.25754,
		0.811452,
		0,
		-0.009946,
		0.374594,
		-0.300609,
		1,
	},
	[0.7333333333333333] = {
		0.666622,
		0.699047,
		0.258744,
		0,
		-0.513074,
		0.682125,
		-0.521019,
		0,
		-0.540713,
		0.214568,
		0.813382,
		0,
		0.02317,
		0.393601,
		-0.284373,
		1,
	},
	[0.75] = {
		0.703663,
		0.616702,
		0.352899,
		0,
		-0.439413,
		0.767998,
		-0.465935,
		0,
		-0.558368,
		0.172793,
		0.811398,
		0,
		0.053093,
		0.412719,
		-0.266426,
		1,
	},
	[0.7666666666666667] = {
		0.731788,
		0.526319,
		0.432984,
		0,
		-0.36642,
		0.839512,
		-0.401193,
		0,
		-0.574651,
		0.134934,
		0.807198,
		0,
		0.076903,
		0.430683,
		-0.247286,
		1,
	},
	[0.7833333333333333] = {
		0.752634,
		0.435899,
		0.493491,
		0,
		-0.299539,
		0.89411,
		-0.332931,
		0,
		-0.58636,
		0.102755,
		0.803507,
		0,
		0.094633,
		0.446451,
		-0.227854,
		1,
	},
	[0.7] = {
		0.571304,
		0.818524,
		0.06025,
		0,
		-0.641127,
		0.490908,
		-0.589886,
		0,
		-0.512413,
		0.298376,
		0.805236,
		0,
		-0.043527,
		0.357019,
		-0.315011,
		1,
	},
	[0.8166666666666667] = {
		0.787045,
		0.28774,
		0.54568,
		0,
		-0.201611,
		0.955959,
		-0.213295,
		0,
		-0.583021,
		0.057857,
		0.810394,
		0,
		0.117842,
		0.468854,
		-0.192609,
		1,
	},
	[0.8333333333333334] = {
		0.808884,
		0.237798,
		0.537734,
		0,
		-0.173087,
		0.970344,
		-0.168741,
		0,
		-0.561914,
		0.043417,
		0.826056,
		0,
		0.123951,
		0.475238,
		-0.178418,
		1,
	},
	[0.85] = {
		0.835645,
		0.198862,
		0.512006,
		0,
		-0.152893,
		0.979533,
		-0.130913,
		0,
		-0.527561,
		0.031114,
		0.848947,
		0,
		0.127748,
		0.478778,
		-0.166903,
		1,
	},
	[0.8666666666666667] = {
		0.865355,
		0.169622,
		0.471581,
		0,
		-0.1391,
		0.985302,
		-0.099151,
		0,
		-0.481468,
		0.020204,
		0.876231,
		0,
		0.130002,
		0.47942,
		-0.158629,
		1,
	},
	[0.8833333333333333] = {
		0.895602,
		0.148724,
		0.41926,
		0,
		-0.130235,
		0.988824,
		-0.072564,
		0,
		-0.425366,
		0.010386,
		0.904962,
		0,
		0.131413,
		0.476611,
		-0.153212,
		1,
	},
	[0.8] = {
		0.769651,
		0.353843,
		0.531444,
		0,
		-0.243387,
		0.932127,
		-0.268144,
		0,
		-0.590254,
		0.07703,
		0.803534,
		0,
		0.108272,
		0.459312,
		-0.209255,
		1,
	},
	[0.9166666666666666] = {
		0.948429,
		0.12551,
		0.291085,
		0,
		-0.121676,
		0.992076,
		-0.031312,
		0,
		-0.292708,
		-0.005721,
		0.956185,
		0,
		0.131125,
		0.462052,
		-0.147188,
		1,
	},
	[0.9333333333333333] = {
		0.967589,
		0.119765,
		0.222324,
		0,
		-0.119399,
		0.992731,
		-0.015138,
		0,
		-0.222521,
		-0.011898,
		0.974855,
		0,
		0.129696,
		0.452219,
		-0.145577,
		1,
	},
	[0.95] = {
		0.98101,
		0.115542,
		0.155785,
		0,
		-0.116779,
		0.993157,
		-0.001219,
		0,
		-0.15486,
		-0.016997,
		0.98779,
		0,
		0.128053,
		0.441935,
		-0.144253,
		1,
	},
	[0.9666666666666667] = {
		0.989202,
		0.111043,
		0.095648,
		0,
		-0.112576,
		0.993585,
		0.010759,
		0,
		-0.093839,
		-0.02141,
		0.995357,
		0,
		0.126624,
		0.432118,
		-0.142728,
		1,
	},
	[0.9833333333333333] = {
		0.993461,
		0.104509,
		0.045975,
		0,
		-0.105557,
		0.994192,
		0.020987,
		0,
		-0.043515,
		-0.025703,
		0.998722,
		0,
		0.125807,
		0.423673,
		-0.140508,
		1,
	},
	[0.9] = {
		0.923978,
		0.134579,
		0.357985,
		0,
		-0.124865,
		0.990901,
		-0.050229,
		0,
		-0.361488,
		0.001711,
		0.932375,
		0,
		0.13187,
		0.470499,
		-0.149568,
		1,
	},
	[1.0166666666666666] = {
		0.996576,
		0.082241,
		-0.008473,
		0,
		-0.081903,
		0.99604,
		0.034601,
		0,
		0.011285,
		-0.033789,
		0.999365,
		0,
		0.127159,
		0.413669,
		-0.1348,
		1,
	},
	[1.0333333333333334] = {
		0.997341,
		0.071411,
		-0.01451,
		0,
		-0.070877,
		0.99689,
		0.034452,
		0,
		0.016925,
		-0.033332,
		0.999301,
		0,
		0.129252,
		0.411345,
		-0.132425,
		1,
	},
	[1.05] = {
		0.998046,
		0.061354,
		-0.011838,
		0,
		-0.060961,
		0.997656,
		0.031072,
		0,
		0.013717,
		-0.030289,
		0.999447,
		0,
		0.132098,
		0.410035,
		-0.130335,
		1,
	},
	[1.0666666666666667] = {
		0.998648,
		0.051772,
		-0.004766,
		0,
		-0.05163,
		0.998324,
		0.026148,
		0,
		0.006112,
		-0.025867,
		0.999647,
		0,
		0.13538,
		0.409236,
		-0.12843,
		1,
	},
	[1.0833333333333333] = {
		0.9991,
		0.042355,
		0.002364,
		0,
		-0.042396,
		0.998874,
		0.02129,
		0,
		-0.00146,
		-0.021371,
		0.999771,
		0,
		0.138775,
		0.408447,
		-0.126616,
		1,
	},
	{
		0.995495,
		0.094222,
		0.010591,
		0,
		-0.094499,
		0.995082,
		0.029702,
		0,
		-0.00774,
		-0.030569,
		0.999503,
		0,
		0.125989,
		0.417498,
		-0.137587,
		1,
	},
	[1.1] = {
		0.99945,
		0.032756,
		0.005161,
		0,
		-0.032844,
		0.999298,
		0.018044,
		0,
		-0.004566,
		-0.018204,
		0.999824,
		0,
		0.141946,
		0.407164,
		-0.1248,
		1,
	},
}

return spline_matrices
