-- chunkname: @content/characters/player/human/first_person/animations/assault_shield_shotpistol/special_attack_light_offhand_sweep.lua

local spline_matrices = {
	[0.016666666666666666] = {
		-0.931856,
		-0.024034,
		0.36203,
		0,
		0.105089,
		-0.972912,
		0.205908,
		0,
		0.347275,
		0.229922,
		0.90914,
		0,
		-0.338465,
		0.360907,
		-0.508655,
		1,
	},
	[0.03333333333333333] = {
		-0.925432,
		0.239226,
		0.293848,
		0,
		-0.178229,
		-0.959178,
		0.219573,
		0,
		0.33438,
		0.150828,
		0.930291,
		0,
		-0.249621,
		0.331901,
		-0.514159,
		1,
	},
	[0.05] = {
		-0.816422,
		0.539028,
		0.207131,
		0,
		-0.509068,
		-0.841162,
		0.182472,
		0,
		0.272588,
		0.043531,
		0.961146,
		0,
		-0.14378,
		0.298901,
		-0.519146,
		1,
	},
	[0.06666666666666667] = {
		-0.630419,
		0.761342,
		0.151426,
		0,
		-0.754909,
		-0.646737,
		0.108828,
		0,
		0.180788,
		-0.045706,
		0.98246,
		0,
		-0.050569,
		0.273689,
		-0.520051,
		1,
	},
	[0.08333333333333333] = {
		-0.44125,
		0.8862,
		0.141239,
		0,
		-0.894347,
		-0.447213,
		0.011964,
		0,
		0.073766,
		-0.121038,
		0.989903,
		0,
		0.054329,
		0.256131,
		-0.51698,
		1,
	},
	[0] = {
		-0.912957,
		-0.133042,
		0.385757,
		0,
		0.219216,
		-0.957262,
		0.188665,
		0,
		0.34417,
		0.256807,
		0.903104,
		0,
		-0.375901,
		0.373124,
		-0.505911,
		1,
	},
	[0.11666666666666667] = {
		0.012501,
		0.999665,
		0.022678,
		0,
		-0.999426,
		0.011777,
		0.031771,
		0,
		0.031493,
		-0.023063,
		0.999238,
		0,
		0.110856,
		0.234742,
		-0.487339,
		1,
	},
	[0.13333333333333333] = {
		-0.070197,
		0.994237,
		0.081028,
		0,
		-0.996411,
		-0.073739,
		0.041574,
		0,
		0.04731,
		-0.077819,
		0.995844,
		0,
		0.100982,
		0.309594,
		-0.459708,
		1,
	},
	[0.15] = {
		-0.153712,
		0.978044,
		0.140718,
		0,
		-0.986349,
		-0.160386,
		0.037317,
		0,
		0.059067,
		-0.133061,
		0.989346,
		0,
		0.088979,
		0.462131,
		-0.433643,
		1,
	},
	[0.16666666666666666] = {
		-0.145843,
		0.986852,
		0.069658,
		0,
		-0.987192,
		-0.149773,
		0.054963,
		0,
		0.064673,
		-0.06075,
		0.996056,
		0,
		0.109596,
		0.559717,
		-0.415115,
		1,
	},
	[0.18333333333333332] = {
		-0.150377,
		0.987325,
		0.050757,
		0,
		-0.983098,
		-0.154762,
		0.097811,
		0,
		0.104427,
		-0.035191,
		0.99391,
		0,
		0.108455,
		0.50239,
		-0.417618,
		1,
	},
	[0.1] = {
		-0.23943,
		0.963093,
		0.122987,
		0,
		-0.970706,
		-0.23483,
		-0.05084,
		0,
		-0.020083,
		-0.131557,
		0.991105,
		0,
		0.117092,
		0.242339,
		-0.510324,
		1,
	},
	[0.21666666666666667] = {
		-0.222241,
		0.973294,
		0.057515,
		0,
		-0.965243,
		-0.227957,
		0.127836,
		0,
		0.137533,
		-0.027106,
		0.990126,
		0,
		0.111301,
		0.456803,
		-0.419029,
		1,
	},
	[0.23333333333333334] = {
		-0.240962,
		0.968376,
		0.0647,
		0,
		-0.960392,
		-0.247526,
		0.127974,
		0,
		0.139941,
		-0.0313,
		0.989665,
		0,
		0.107679,
		0.46161,
		-0.419862,
		1,
	},
	[0.25] = {
		-0.253719,
		0.965059,
		0.06548,
		0,
		-0.957565,
		-0.260164,
		0.124035,
		0,
		0.136737,
		-0.031231,
		0.990115,
		0,
		0.108574,
		0.464642,
		-0.420105,
		1,
	},
	[0.26666666666666666] = {
		-0.261803,
		0.963099,
		0.062447,
		0,
		-0.956107,
		-0.267637,
		0.119286,
		0,
		0.131597,
		-0.028477,
		0.990894,
		0,
		0.109049,
		0.466074,
		-0.420117,
		1,
	},
	[0.2833333333333333] = {
		-0.266969,
		0.962117,
		0.055293,
		0,
		-0.95559,
		-0.271715,
		0.114096,
		0,
		0.124798,
		-0.022377,
		0.99193,
		0,
		0.109131,
		0.466448,
		-0.420017,
		1,
	},
	[0.2] = {
		-0.183006,
		0.981952,
		0.047746,
		0,
		-0.975241,
		-0.18746,
		0.117318,
		0,
		0.124151,
		-0.025094,
		0.991946,
		0,
		0.113807,
		0.455845,
		-0.41762,
		1,
	},
	[0.31666666666666665] = {
		-0.270159,
		0.962203,
		0.034346,
		0,
		-0.95672,
		-0.272285,
		0.102698,
		0,
		0.108168,
		-0.005115,
		0.994119,
		0,
		0.108234,
		0.46556,
		-0.420093,
		1,
	},
	[0.3333333333333333] = {
		-0.266736,
		0.96349,
		0.023194,
		0,
		-0.958641,
		-0.267719,
		0.096613,
		0,
		0.099295,
		0.003535,
		0.995052,
		0,
		0.107919,
		0.463538,
		-0.420436,
		1,
	},
	[0.35] = {
		-0.258109,
		0.966033,
		0.012676,
		0,
		-0.96186,
		-0.258181,
		0.090378,
		0,
		0.09058,
		0.011135,
		0.995827,
		0,
		0.108137,
		0.459778,
		-0.420964,
		1,
	},
	[0.36666666666666664] = {
		-0.243676,
		0.96985,
		0.003661,
		0,
		-0.966345,
		-0.243113,
		0.084109,
		0,
		0.082463,
		0.016958,
		0.99645,
		0,
		0.108812,
		0.454952,
		-0.421689,
		1,
	},
	[0.38333333333333336] = {
		-0.220363,
		0.975418,
		-0.000443,
		0,
		-0.972358,
		-0.219636,
		0.079242,
		0,
		0.077197,
		0.017893,
		0.996855,
		0,
		0.109976,
		0.449104,
		-0.42261,
		1,
	},
	[0.3] = {
		-0.269766,
		0.96186,
		0.045292,
		0,
		-0.955816,
		-0.273183,
		0.108564,
		0,
		0.116796,
		-0.014004,
		0.993057,
		0,
		0.108748,
		0.466349,
		-0.419962,
		1,
	},
	[0.4166666666666667] = {
		-0.151272,
		0.988454,
		0.008692,
		0,
		-0.985656,
		-0.151498,
		0.074364,
		0,
		0.074822,
		0.002682,
		0.997193,
		0,
		0.113885,
		0.428575,
		-0.425017,
		1,
	},
	[0.43333333333333335] = {
		-0.114765,
		0.993233,
		0.017821,
		0,
		-0.990627,
		-0.115765,
		0.072497,
		0,
		0.07407,
		-0.009334,
		0.997209,
		0,
		0.11605,
		0.413892,
		-0.426686,
		1,
	},
	[0.45] = {
		-0.083266,
		0.996163,
		0.026964,
		0,
		-0.993919,
		-0.084974,
		0.070029,
		0,
		0.072051,
		-0.020969,
		0.99718,
		0,
		0.117959,
		0.399231,
		-0.428653,
		1,
	},
	[0.4666666666666667] = {
		-0.061491,
		0.997545,
		0.033515,
		0,
		-0.995766,
		-0.06361,
		0.066354,
		0,
		0.068323,
		-0.029293,
		0.997233,
		0,
		0.119311,
		0.384711,
		-0.430862,
		1,
	},
	[0.48333333333333334] = {
		-0.054058,
		0.997934,
		0.034709,
		0,
		-0.996567,
		-0.056102,
		0.060882,
		0,
		0.062704,
		-0.031298,
		0.997541,
		0,
		0.119802,
		0.370451,
		-0.43325,
		1,
	},
	[0.4] = {
		-0.188035,
		0.982161,
		0.001904,
		0,
		-0.97927,
		-0.187629,
		0.07633,
		0,
		0.075325,
		0.012488,
		0.997081,
		0,
		0.111763,
		0.440793,
		-0.423685,
		1,
	},
	[0.5166666666666667] = {
		-0.06634,
		0.997408,
		0.02785,
		0,
		-0.996902,
		-0.067437,
		0.040484,
		0,
		0.042258,
		-0.025078,
		0.998792,
		0,
		0.115933,
		0.343177,
		-0.438965,
		1,
	},
	[0.5333333333333333] = {
		-0.078777,
		0.996623,
		0.023169,
		0,
		-0.996487,
		-0.079386,
		0.02666,
		0,
		0.02841,
		-0.020988,
		0.999376,
		0,
		0.111205,
		0.330986,
		-0.442211,
		1,
	},
	[0.55] = {
		-0.094458,
		0.995368,
		0.017914,
		0,
		-0.995435,
		-0.094681,
		0.012017,
		0,
		0.013658,
		-0.016697,
		0.999767,
		0,
		0.104679,
		0.320643,
		-0.445505,
		1,
	},
	[0.5666666666666667] = {
		-0.112682,
		0.993557,
		0.012114,
		0,
		-0.993631,
		-0.112663,
		-0.002236,
		0,
		-0.000857,
		-0.012289,
		0.999924,
		0,
		0.096409,
		0.312186,
		-0.448746,
		1,
	},
	[0.5833333333333334] = {
		-0.132766,
		0.99113,
		0.005843,
		0,
		-0.991049,
		-0.132668,
		-0.014893,
		0,
		-0.013986,
		-0.007768,
		0.999872,
		0,
		0.086448,
		0.305649,
		-0.451825,
		1,
	},
	[0.5] = {
		-0.057869,
		0.997819,
		0.031767,
		0,
		-0.996859,
		-0.059478,
		0.052293,
		0,
		0.054068,
		-0.028641,
		0.998126,
		0,
		0.118812,
		0.356566,
		-0.435924,
		1,
	},
	[0.6166666666666667] = {
		-0.175891,
		0.98438,
		-0.007595,
		0,
		-0.983907,
		-0.176042,
		-0.030596,
		0,
		-0.031455,
		0.002091,
		0.999503,
		0,
		0.062277,
		0.298473,
		-0.458013,
		1,
	},
	[0.6333333333333333] = {
		-0.197663,
		0.980166,
		-0.014292,
		0,
		-0.979697,
		-0.198025,
		-0.031293,
		0,
		-0.033503,
		0.007816,
		0.999408,
		0,
		0.049247,
		0.297958,
		-0.461273,
		1,
	},
	[0.65] = {
		-0.224774,
		0.974175,
		-0.021455,
		0,
		-0.973877,
		-0.225325,
		-0.028146,
		0,
		-0.032253,
		0.014568,
		0.999374,
		0,
		0.035608,
		0.299192,
		-0.464592,
		1,
	},
	[0.6666666666666666] = {
		-0.261177,
		0.964815,
		-0.030326,
		0,
		-0.964839,
		-0.261887,
		-0.022397,
		0,
		-0.029551,
		0.02341,
		0.999289,
		0,
		0.021211,
		0.301584,
		-0.467969,
		1,
	},
	[0.6833333333333333] = {
		-0.306808,
		0.950853,
		-0.041798,
		0,
		-0.951408,
		-0.307609,
		-0.014146,
		0,
		-0.026308,
		0.035426,
		0.999026,
		0,
		0.005905,
		0.304882,
		-0.471406,
		1,
	},
	[0.6] = {
		-0.15405,
		0.988063,
		-0.00078,
		0,
		-0.987758,
		-0.154022,
		-0.024745,
		0,
		-0.02457,
		-0.003041,
		0.999693,
		0,
		0.074851,
		0.301068,
		-0.454852,
		1,
	},
	[0.7166666666666667] = {
		-0.424607,
		0.902389,
		-0.073504,
		0,
		-0.905102,
		-0.425079,
		0.009876,
		0,
		-0.022333,
		0.070722,
		0.997246,
		0,
		-0.028025,
		0.313274,
		-0.478433,
		1,
	},
	[0.7333333333333333] = {
		-0.492198,
		0.865619,
		-0.091893,
		0,
		-0.870213,
		-0.491924,
		0.027193,
		0,
		-0.021666,
		0.093351,
		0.995397,
		0,
		-0.046974,
		0.318074,
		-0.481904,
		1,
	},
	[0.75] = {
		-0.562466,
		0.819455,
		-0.110116,
		0,
		-0.826532,
		-0.560776,
		0.048731,
		0,
		-0.021818,
		0.118424,
		0.992723,
		0,
		-0.06747,
		0.323006,
		-0.485317,
		1,
	},
	[0.7666666666666667] = {
		-0.633109,
		0.763684,
		-0.126329,
		0,
		-0.773734,
		-0.62911,
		0.074538,
		0,
		-0.022551,
		0.144936,
		0.989184,
		0,
		-0.089683,
		0.327842,
		-0.488663,
		1,
	},
	[0.7833333333333333] = {
		-0.699891,
		0.701657,
		-0.133531,
		0,
		-0.71407,
		-0.691575,
		0.108759,
		0,
		-0.016035,
		0.17147,
		0.985059,
		0,
		-0.114927,
		0.333344,
		-0.491933,
		1,
	},
	[0.7] = {
		-0.362037,
		0.930455,
		-0.056411,
		0,
		-0.931857,
		-0.362806,
		-0.003677,
		0,
		-0.023888,
		0.051236,
		0.998401,
		0,
		-0.010455,
		0.30883,
		-0.474912,
		1,
	},
	[0.8166666666666667] = {
		-0.813515,
		0.572328,
		-0.10312,
		0,
		-0.580673,
		-0.789727,
		0.197863,
		0,
		0.031806,
		0.220843,
		0.974791,
		0,
		-0.175269,
		0.34754,
		-0.498147,
		1,
	},
	[0.8333333333333334] = {
		-0.859168,
		0.507192,
		-0.067728,
		0,
		-0.507299,
		-0.826985,
		0.242371,
		0,
		0.066919,
		0.242595,
		0.967817,
		0,
		-0.208473,
		0.355194,
		-0.500947,
		1,
	},
	[0.85] = {
		-0.896306,
		0.442877,
		-0.022275,
		0,
		-0.430699,
		-0.857506,
		0.281394,
		0,
		0.105522,
		0.261809,
		0.959334,
		0,
		-0.242431,
		0.362521,
		-0.503515,
		1,
	},
	[0.8666666666666667] = {
		-0.9245,
		0.380032,
		0.029592,
		0,
		-0.352606,
		-0.882103,
		0.312351,
		0,
		0.144807,
		0.278334,
		0.949506,
		0,
		-0.276191,
		0.368896,
		-0.505917,
		1,
	},
	[0.8833333333333333] = {
		-0.943975,
		0.319184,
		0.08386,
		0,
		-0.275208,
		-0.901601,
		0.333731,
		0,
		0.182129,
		0.291955,
		0.938931,
		0,
		-0.308804,
		0.373764,
		-0.508164,
		1,
	},
	[0.8] = {
		-0.760155,
		0.637478,
		-0.125641,
		0,
		-0.649734,
		-0.744866,
		0.151724,
		0,
		0.003135,
		0.196968,
		0.980405,
		0,
		-0.143771,
		0.340083,
		-0.495119,
		1,
	},
	[0.9166666666666666] = {
		-0.961508,
		0.204771,
		0.183226,
		0,
		-0.131782,
		-0.928772,
		0.346432,
		0,
		0.241115,
		0.308951,
		0.920007,
		0,
		-0.366794,
		0.377288,
		-0.511821,
		1,
	},
	[0.9333333333333333] = {
		-0.964696,
		0.151412,
		0.215488,
		0,
		-0.07155,
		-0.938116,
		0.33885,
		0,
		0.253459,
		0.311469,
		0.91583,
		0,
		-0.385696,
		0.376535,
		-0.512946,
		1,
	},
	[0.95] = {
		-0.96338,
		0.115352,
		0.24206,
		0,
		-0.030576,
		-0.944107,
		0.328217,
		0,
		0.266391,
		0.308797,
		0.913061,
		0,
		-0.393971,
		0.375792,
		-0.513537,
		1,
	},
	[0.9666666666666667] = {
		-0.960108,
		0.075218,
		0.269323,
		0,
		0.01327,
		-0.949802,
		0.312569,
		0,
		0.279314,
		0.303674,
		0.910915,
		0,
		-0.395879,
		0.37511,
		-0.513784,
		1,
	},
	[0.9833333333333333] = {
		-0.954619,
		0.033178,
		0.295976,
		0,
		0.057602,
		-0.954444,
		0.292778,
		0,
		0.292207,
		0.29654,
		0.909219,
		0,
		-0.394878,
		0.374556,
		-0.513429,
		1,
	},
	[0.9] = {
		-0.955731,
		0.260701,
		0.136426,
		0,
		-0.200864,
		-0.916879,
		0.344943,
		0,
		0.215013,
		0.30227,
		0.928656,
		0,
		-0.339321,
		0.376703,
		-0.510165,
		1,
	},
	[1.0166666666666666] = {
		-0.938269,
		-0.047566,
		0.34262,
		0,
		0.138773,
		-0.959057,
		0.246885,
		0,
		0.316849,
		0.279192,
		0.906454,
		0,
		-0.388158,
		0.373769,
		-0.510767,
		1,
	},
	[1.0333333333333334] = {
		-0.929109,
		-0.081732,
		0.360661,
		0,
		0.171621,
		-0.959184,
		0.22475,
		0,
		0.327571,
		0.270714,
		0.905213,
		0,
		-0.383871,
		0.373489,
		-0.509068,
		1,
	},
	[1.05] = {
		-0.920934,
		-0.108805,
		0.374223,
		0,
		0.197005,
		-0.958487,
		0.206134,
		0,
		0.336259,
		0.263559,
		0.904138,
		0,
		-0.379921,
		0.373287,
		-0.507503,
		1,
	},
	[1.0666666666666667] = {
		-0.915126,
		-0.126624,
		0.382767,
		0,
		0.213386,
		-0.95764,
		0.193368,
		0,
		0.342068,
		0.258633,
		0.903382,
		0,
		-0.377025,
		0.373165,
		-0.506356,
		1,
	},
	[1.0833333333333333] = {
		-0.912957,
		-0.133042,
		0.385757,
		0,
		0.219216,
		-0.957262,
		0.188665,
		0,
		0.34417,
		0.256807,
		0.903104,
		0,
		-0.375901,
		0.373124,
		-0.505911,
		1,
	},
	{
		-0.947119,
		-0.008514,
		0.320769,
		0,
		0.100139,
		-0.957566,
		0.270258,
		0,
		0.304857,
		0.288088,
		0.907782,
		0,
		-0.392066,
		0.374125,
		-0.512315,
		1,
	},
}

return spline_matrices
