-- chunkname: @content/characters/player/human/first_person/animations/assault_shield_shotpistol/special_attack.lua

local spline_matrices = {
	[0.016666666666666666] = {
		0.076106,
		-0.860909,
		-0.503034,
		0,
		0.92427,
		0.25018,
		-0.288331,
		0,
		0.374076,
		-0.442995,
		0.814753,
		0,
		0.58114,
		0.56854,
		-0.547755,
		1,
	},
	[0.03333333333333333] = {
		-0.170756,
		-0.819872,
		-0.546491,
		0,
		0.949089,
		0.012147,
		-0.314775,
		0,
		0.264713,
		-0.572418,
		0.776057,
		0,
		0.701719,
		0.533871,
		-0.554867,
		1,
	},
	[0.05] = {
		-0.327359,
		-0.778615,
		-0.535345,
		0,
		0.926301,
		-0.152581,
		-0.344508,
		0,
		0.186556,
		-0.608668,
		0.771181,
		0,
		0.760401,
		0.509957,
		-0.560816,
		1,
	},
	[0.06666666666666667] = {
		-0.347364,
		-0.746149,
		-0.567979,
		0,
		0.921571,
		-0.159671,
		-0.353854,
		0,
		0.173338,
		-0.646349,
		0.743093,
		0,
		0.754241,
		0.510965,
		-0.556672,
		1,
	},
	[0.08333333333333333] = {
		-0.362079,
		-0.718686,
		-0.593624,
		0,
		0.916265,
		-0.157349,
		-0.368374,
		0,
		0.171339,
		-0.677298,
		0.715479,
		0,
		0.740549,
		0.508611,
		-0.544988,
		1,
	},
	[0] = {
		0.181832,
		-0.879153,
		-0.440485,
		0,
		0.89434,
		0.33407,
		-0.297579,
		0,
		0.408771,
		-0.339833,
		0.847006,
		0,
		0.51407,
		0.57944,
		-0.548017,
		1,
	},
	[0.11666666666666667] = {
		-0.189503,
		-0.741486,
		-0.643652,
		0,
		0.951555,
		0.022973,
		-0.306621,
		0,
		0.242141,
		-0.670575,
		0.70121,
		0,
		0.687022,
		0.553613,
		-0.450191,
		1,
	},
	[0.13333333333333333] = {
		0.081737,
		-0.779963,
		-0.620465,
		0,
		0.960262,
		0.228324,
		-0.160517,
		0,
		0.266864,
		-0.582689,
		0.767631,
		0,
		0.630788,
		0.639298,
		-0.364102,
		1,
	},
	[0.15] = {
		0.369592,
		-0.714299,
		-0.594288,
		0,
		0.869739,
		0.491043,
		-0.049307,
		0,
		0.327041,
		-0.498652,
		0.80274,
		0,
		0.512354,
		0.761146,
		-0.303358,
		1,
	},
	[0.16666666666666666] = {
		0.630067,
		-0.593761,
		-0.500464,
		0,
		0.692913,
		0.720817,
		0.017161,
		0,
		0.350553,
		-0.357591,
		0.865588,
		0,
		0.314018,
		0.890359,
		-0.258775,
		1,
	},
	[0.18333333333333332] = {
		0.87111,
		-0.352519,
		-0.341903,
		0,
		0.380047,
		0.92485,
		0.014728,
		0,
		0.311017,
		-0.142769,
		0.93962,
		0,
		0.013237,
		0.973733,
		-0.246871,
		1,
	},
	[0.1] = {
		-0.362404,
		-0.704884,
		-0.609756,
		0,
		0.910881,
		-0.129316,
		-0.391885,
		0,
		0.197382,
		-0.697435,
		0.68893,
		0,
		0.718666,
		0.506203,
		-0.522751,
		1,
	},
	[0.21666666666666667] = {
		0.936391,
		0.232957,
		-0.262492,
		0,
		-0.215022,
		0.971927,
		0.095517,
		0,
		0.277374,
		-0.032999,
		0.960195,
		0,
		-0.431389,
		0.856983,
		-0.240429,
		1,
	},
	[0.23333333333333334] = {
		0.895921,
		0.37784,
		-0.233587,
		0,
		-0.370752,
		0.925673,
		0.075309,
		0,
		0.24468,
		0.019132,
		0.969415,
		0,
		-0.522534,
		0.763237,
		-0.277474,
		1,
	},
	[0.25] = {
		0.8435,
		0.496372,
		-0.205237,
		0,
		-0.499083,
		0.865529,
		0.042133,
		0,
		0.198552,
		0.066892,
		0.977805,
		0,
		-0.596685,
		0.668739,
		-0.331112,
		1,
	},
	[0.26666666666666666] = {
		0.806686,
		0.565736,
		-0.170884,
		0,
		-0.571558,
		0.820368,
		0.017812,
		0,
		0.150265,
		0.083301,
		0.98513,
		0,
		-0.642212,
		0.598456,
		-0.360408,
		1,
	},
	[0.2833333333333333] = {
		0.783769,
		0.608072,
		-0.126311,
		0,
		-0.61244,
		0.790499,
		0.0053,
		0,
		0.103072,
		0.073204,
		0.991977,
		0,
		-0.674702,
		0.544688,
		-0.361993,
		1,
	},
	[0.2] = {
		0.952896,
		0.022211,
		-0.302483,
		0,
		-0.001087,
		0.997559,
		0.069824,
		0,
		0.303296,
		-0.066206,
		0.950594,
		0,
		-0.294097,
		0.939333,
		-0.240624,
		1,
	},
	[0.31666666666666665] = {
		0.744579,
		0.666594,
		-0.035405,
		0,
		-0.66748,
		0.744148,
		-0.026738,
		0,
		0.008523,
		0.04354,
		0.999015,
		0,
		-0.724896,
		0.444313,
		-0.362655,
		1,
	},
	[0.3333333333333333] = {
		0.734598,
		0.678495,
		-0.003232,
		0,
		-0.677771,
		0.733577,
		-0.04991,
		0,
		-0.031493,
		0.038854,
		0.998748,
		0,
		-0.739513,
		0.402097,
		-0.367164,
		1,
	},
	[0.35] = {
		0.732225,
		0.680838,
		0.017512,
		0,
		-0.677764,
		0.730965,
		-0.079539,
		0,
		-0.066954,
		0.046371,
		0.996678,
		0,
		-0.748704,
		0.362779,
		-0.386939,
		1,
	},
	[0.36666666666666664] = {
		0.734375,
		0.678173,
		0.027838,
		0,
		-0.672293,
		0.732424,
		-0.107602,
		0,
		-0.093362,
		0.060305,
		0.993804,
		0,
		-0.756821,
		0.325602,
		-0.419606,
		1,
	},
	[0.38333333333333336] = {
		0.736951,
		0.674829,
		0.038837,
		0,
		-0.664684,
		0.73392,
		-0.139845,
		0,
		-0.122875,
		0.077245,
		0.989411,
		0,
		-0.759811,
		0.292299,
		-0.465499,
		1,
	},
	[0.3] = {
		0.761605,
		0.643282,
		-0.078402,
		0,
		-0.645792,
		0.763458,
		-0.009172,
		0,
		0.053957,
		0.057617,
		0.99688,
		0,
		-0.703494,
		0.491861,
		-0.362117,
		1,
	},
	[0.4166666666666667] = {
		0.739142,
		0.671986,
		0.045872,
		0,
		-0.65574,
		0.733485,
		-0.178898,
		0,
		-0.153863,
		0.102151,
		0.982798,
		0,
		-0.762281,
		0.257262,
		-0.530807,
		1,
	},
	[0.43333333333333335] = {
		0.740697,
		0.670309,
		0.045307,
		0,
		-0.653357,
		0.734391,
		-0.183832,
		0,
		-0.156497,
		0.106562,
		0.981913,
		0,
		-0.761375,
		0.258477,
		-0.542357,
		1,
	},
	[0.45] = {
		0.743414,
		0.667396,
		0.043811,
		0,
		-0.650098,
		0.736433,
		-0.187187,
		0,
		-0.157192,
		0.110676,
		0.981347,
		0,
		-0.759671,
		0.260411,
		-0.55246,
		1,
	},
	[0.4666666666666667] = {
		0.74719,
		0.663312,
		0.041533,
		0,
		-0.645993,
		0.739528,
		-0.189187,
		0,
		-0.156205,
		0.114528,
		0.981062,
		0,
		-0.757139,
		0.263023,
		-0.56129,
		1,
	},
	[0.48333333333333334] = {
		0.751921,
		0.658123,
		0.038596,
		0,
		-0.641063,
		0.743577,
		-0.190082,
		0,
		-0.153796,
		0.118184,
		0.981009,
		0,
		-0.753741,
		0.266254,
		-0.569032,
		1,
	},
	[0.4] = {
		0.738203,
		0.673097,
		0.044677,
		0,
		-0.65896,
		0.733698,
		-0.165707,
		0,
		-0.144316,
		0.092885,
		0.985162,
		0,
		-0.761614,
		0.266858,
		-0.506769,
		1,
	},
	[0.5166666666666667] = {
		0.763844,
		0.64467,
		0.030713,
		0,
		-0.628916,
		0.754177,
		-0.188896,
		0,
		-0.144939,
		0.124971,
		0.981517,
		0,
		-0.744662,
		0.274448,
		-0.58129,
		1,
	},
	[0.5333333333333333] = {
		0.770827,
		0.636524,
		0.025737,
		0,
		-0.621786,
		0.760539,
		-0.186982,
		0,
		-0.138593,
		0.128128,
		0.982026,
		0,
		-0.739151,
		0.279348,
		-0.58582,
		1,
	},
	[0.55] = {
		0.778346,
		0.627513,
		0.020117,
		0,
		-0.613989,
		0.767482,
		-0.184358,
		0,
		-0.131126,
		0.131143,
		0.982653,
		0,
		-0.733054,
		0.284741,
		-0.58936,
		1,
	},
	[0.5666666666666667] = {
		0.786292,
		0.617699,
		0.013881,
		0,
		-0.605557,
		0.774907,
		-0.181162,
		0,
		-0.122661,
		0.134041,
		0.983355,
		0,
		-0.726419,
		0.290588,
		-0.591972,
		1,
	},
	[0.5833333333333334] = {
		0.794557,
		0.607148,
		0.007055,
		0,
		-0.596522,
		0.782714,
		-0.177542,
		0,
		-0.113316,
		0.136859,
		0.984088,
		0,
		-0.719293,
		0.296839,
		-0.593721,
		1,
	},
	[0.5] = {
		0.757505,
		0.651889,
		0.035011,
		0,
		-0.635352,
		0.748491,
		-0.189972,
		0,
		-0.150046,
		0.12166,
		0.981165,
		0,
		-0.749541,
		0.270073,
		-0.575713,
		1,
	},
	[0.6166666666666667] = {
		0.811566,
		0.584203,
		-0.008219,
		0,
		-0.576892,
		0.799024,
		-0.169575,
		0,
		-0.092499,
		0.142363,
		0.985483,
		0,
		-0.703793,
		0.31029,
		-0.594876,
		1,
	},
	[0.6333333333333333] = {
		0.820061,
		0.572036,
		-0.016573,
		0,
		-0.566473,
		0.807292,
		-0.165491,
		0,
		-0.081288,
		0.145101,
		0.986072,
		0,
		-0.695549,
		0.317336,
		-0.594405,
		1,
	},
	[0.65] = {
		0.828402,
		0.559561,
		-0.025327,
		0,
		-0.555778,
		0.815492,
		-0.161505,
		0,
		-0.069718,
		0.147868,
		0.986547,
		0,
		-0.687065,
		0.324496,
		-0.593471,
		1,
	},
	[0.6666666666666666] = {
		0.83649,
		0.546901,
		-0.034416,
		0,
		-0.544913,
		0.823523,
		-0.157733,
		0,
		-0.057922,
		0.150696,
		0.986882,
		0,
		-0.678409,
		0.3317,
		-0.592276,
		1,
	},
	[0.6833333333333333] = {
		0.844235,
		0.534183,
		-0.043764,
		0,
		-0.533992,
		0.831294,
		-0.154281,
		0,
		-0.046034,
		0.153619,
		0.987057,
		0,
		-0.669652,
		0.338877,
		-0.59086,
		1,
	},
	[0.6] = {
		0.803025,
		0.595945,
		-0.000326,
		0,
		-0.586938,
		0.790794,
		-0.173635,
		0,
		-0.103219,
		0.139625,
		0.98481,
		0,
		-0.711729,
		0.303433,
		-0.594668,
		1,
	},
	[0.7166666666666667] = {
		0.858404,
		0.509104,
		-0.062899,
		0,
		-0.51248,
		0.845721,
		-0.148729,
		0,
		-0.022524,
		0.159904,
		0.986876,
		0,
		-0.652125,
		0.352889,
		-0.587521,
		1,
	},
	[0.7333333333333333] = {
		0.864707,
		0.497016,
		-0.072501,
		0,
		-0.502152,
		0.852229,
		-0.146799,
		0,
		-0.011174,
		0.163345,
		0.986506,
		0,
		-0.643505,
		0.359594,
		-0.585672,
		1,
	},
	[0.75] = {
		0.870429,
		0.485417,
		-0.081996,
		0,
		-0.492293,
		0.858177,
		-0.145531,
		0,
		-0.000276,
		0.16704,
		0.98595,
		0,
		-0.635082,
		0.366015,
		-0.583751,
		1,
	},
	[0.7666666666666667] = {
		0.877471,
		0.469974,
		-0.095758,
		0,
		-0.479372,
		0.865894,
		-0.142936,
		0,
		0.015741,
		0.171326,
		0.985089,
		0,
		-0.625756,
		0.37382,
		-0.581452,
		1,
	},
	[0.7833333333333333] = {
		0.886357,
		0.448302,
		-0.115746,
		0,
		-0.461335,
		0.876319,
		-0.138686,
		0,
		0.039257,
		0.176323,
		0.983549,
		0,
		-0.614695,
		0.384114,
		-0.578731,
		1,
	},
	[0.7] = {
		0.851562,
		0.521539,
		-0.053288,
		0,
		-0.523138,
		0.838719,
		-0.15125,
		0,
		-0.034189,
		0.156676,
		0.987058,
		0,
		-0.660866,
		0.345962,
		-0.589263,
		1,
	},
	[0.8166666666666667] = {
		0.903152,
		0.399052,
		-0.158345,
		0,
		-0.420042,
		0.897601,
		-0.133707,
		0,
		0.088775,
		0.18727,
		0.978289,
		0,
		-0.589402,
		0.408617,
		-0.573499,
		1,
	},
	[0.8333333333333334] = {
		0.909514,
		0.378335,
		-0.172184,
		0,
		-0.402301,
		0.905406,
		-0.13562,
		0,
		0.104586,
		0.192618,
		0.975684,
		0,
		-0.57629,
		0.421133,
		-0.571499,
		1,
	},
	[0.85] = {
		0.915397,
		0.359951,
		-0.180234,
		0,
		-0.386146,
		0.91168,
		-0.140466,
		0,
		0.113755,
		0.198179,
		0.973542,
		0,
		-0.563081,
		0.433177,
		-0.56995,
		1,
	},
	[0.8666666666666667] = {
		0.92155,
		0.340552,
		-0.186464,
		0,
		-0.368916,
		0.917744,
		-0.147132,
		0,
		0.12102,
		0.204379,
		0.971382,
		0,
		-0.549681,
		0.444442,
		-0.568677,
		1,
	},
	[0.8833333333333333] = {
		0.927687,
		0.320703,
		-0.191174,
		0,
		-0.351161,
		0.923396,
		-0.155,
		0,
		0.12682,
		0.210924,
		0.969241,
		0,
		-0.536354,
		0.455109,
		-0.567598,
		1,
	},
	[0.8] = {
		0.895304,
		0.423533,
		-0.138027,
		0,
		-0.440645,
		0.887464,
		-0.135055,
		0,
		0.065294,
		0.181737,
		0.981177,
		0,
		-0.602388,
		0.396013,
		-0.575979,
		1,
	},
	[0.9166666666666666] = {
		0.9389,
		0.281988,
		-0.197358,
		0,
		-0.316342,
		0.932927,
		-0.17197,
		0,
		0.135627,
		0.223896,
		0.96513,
		0,
		-0.510974,
		0.475767,
		-0.565721,
		1,
	},
	[0.9333333333333333] = {
		0.943559,
		0.264326,
		-0.199569,
		0,
		-0.300459,
		0.936662,
		-0.179967,
		0,
		0.139359,
		0.229772,
		0.963215,
		0,
		-0.49947,
		0.485432,
		-0.564784,
		1,
	},
	[0.95] = {
		0.947364,
		0.248614,
		-0.201726,
		0,
		-0.28641,
		0.939689,
		-0.186959,
		0,
		0.143079,
		0.234895,
		0.961433,
		0,
		-0.489116,
		0.494434,
		-0.563766,
		1,
	},
	[0.9666666666666667] = {
		0.950177,
		0.235467,
		-0.204254,
		0,
		-0.274825,
		0.942032,
		-0.192478,
		0,
		0.147092,
		0.239022,
		0.959809,
		0,
		-0.480174,
		0.50261,
		-0.562632,
		1,
	},
	[0.9833333333333333] = {
		0.95187,
		0.225503,
		-0.207586,
		0,
		-0.266334,
		0.943728,
		-0.19607,
		0,
		0.15169,
		0.24192,
		0.958366,
		0,
		-0.472222,
		0.509788,
		-0.561355,
		1,
	},
	[0.9] = {
		0.933545,
		0.300982,
		-0.194687,
		0,
		-0.333443,
		0.92849,
		-0.16347,
		0,
		0.131564,
		0.217523,
		0.967148,
		0,
		-0.52336,
		0.465605,
		-0.566637,
		1,
	},
	[1.0166666666666666] = {
		0.951989,
		0.215237,
		-0.217693,
		0,
		-0.258857,
		0.945598,
		-0.197071,
		0,
		0.163433,
		0.24396,
		0.955915,
		0,
		-0.457664,
		0.521011,
		-0.558409,
		1,
	},
	[1.0333333333333334] = {
		0.951559,
		0.211018,
		-0.223623,
		0,
		-0.256107,
		0.946421,
		-0.196712,
		0,
		0.170132,
		0.244454,
		0.954619,
		0,
		-0.450552,
		0.525899,
		-0.557154,
		1,
	},
	[1.05] = {
		0.95099,
		0.206791,
		-0.229905,
		0,
		-0.253414,
		0.947249,
		-0.196216,
		0,
		0.177201,
		0.244861,
		0.953228,
		0,
		-0.443629,
		0.530384,
		-0.556146,
		1,
	},
	[1.0666666666666667] = {
		0.95025,
		0.202717,
		-0.236497,
		0,
		-0.250924,
		0.948041,
		-0.195592,
		0,
		0.184559,
		0.245204,
		0.951742,
		0,
		-0.437096,
		0.53437,
		-0.555408,
		1,
	},
	[1.0833333333333333] = {
		0.949351,
		0.198791,
		-0.243343,
		0,
		-0.248605,
		0.94882,
		-0.194774,
		0,
		0.19217,
		0.245405,
		0.950183,
		0,
		-0.431056,
		0.537885,
		-0.554922,
		1,
	},
	{
		0.952304,
		0.219336,
		-0.212155,
		0,
		-0.26156,
		0.94481,
		-0.197282,
		0,
		0.157175,
		0.243364,
		0.957116,
		0,
		-0.46479,
		0.515801,
		-0.559887,
		1,
	},
	[1.1166666666666667] = {
		0.947116,
		0.191318,
		-0.257622,
		0,
		-0.244342,
		0.950389,
		-0.192506,
		0,
		0.208011,
		0.245273,
		0.946875,
		0,
		-0.42087,
		0.543498,
		-0.554164,
		1,
	},
	[1.1333333333333333] = {
		0.945804,
		0.187706,
		-0.264992,
		0,
		-0.24233,
		0.951175,
		-0.19116,
		0,
		0.216172,
		0.245016,
		0.945112,
		0,
		-0.416933,
		0.545516,
		-0.553865,
		1,
	},
	[1.15] = {
		0.94438,
		0.184131,
		-0.272475,
		0,
		-0.240354,
		0.95196,
		-0.189741,
		0,
		0.224448,
		0.244678,
		0.943269,
		0,
		-0.413907,
		0.546957,
		-0.553705,
		1,
	},
	[1.1666666666666667] = {
		0.942856,
		0.180558,
		-0.280037,
		0,
		-0.238378,
		0.952743,
		-0.1883,
		0,
		0.232804,
		0.244295,
		0.941341,
		0,
		-0.411899,
		0.547784,
		-0.55375,
		1,
	},
	[1.1833333333333333] = {
		0.94124,
		0.176995,
		-0.287646,
		0,
		-0.236415,
		0.95351,
		-0.186887,
		0,
		0.241195,
		0.24391,
		0.939326,
		0,
		-0.411046,
		0.548236,
		-0.554082,
		1,
	},
	[1.1] = {
		0.948302,
		0.195002,
		-0.250395,
		0,
		-0.246422,
		0.949603,
		-0.193728,
		0,
		0.199999,
		0.245415,
		0.948563,
		0,
		-0.425613,
		0.540941,
		-0.554538,
		1,
	},
	[1.2166666666666666] = {
		0.937745,
		0.170011,
		-0.302869,
		0,
		-0.232666,
		0.954925,
		-0.18435,
		0,
		0.257876,
		0.243341,
		0.935032,
		0,
		-0.411461,
		0.548343,
		-0.555544,
		1,
	},
	[1.2333333333333334] = {
		0.935889,
		0.166597,
		-0.310416,
		0,
		-0.230903,
		0.955549,
		-0.183329,
		0,
		0.266075,
		0.243251,
		0.932756,
		0,
		-0.412203,
		0.547682,
		-0.556555,
		1,
	},
	[1.25] = {
		0.933976,
		0.163239,
		-0.317872,
		0,
		-0.22923,
		0.956105,
		-0.182531,
		0,
		0.274122,
		0.243345,
		0.930398,
		0,
		-0.413205,
		0.546338,
		-0.557668,
		1,
	},
	[1.2666666666666666] = {
		0.932021,
		0.159959,
		-0.325192,
		0,
		-0.227658,
		0.956592,
		-0.181943,
		0,
		0.281972,
		0.243607,
		0.92798,
		0,
		-0.414398,
		0.544188,
		-0.558782,
		1,
	},
	[1.2833333333333334] = {
		0.930041,
		0.156788,
		-0.332328,
		0,
		-0.2262,
		0.957017,
		-0.181526,
		0,
		0.289582,
		0.243999,
		0.92553,
		0,
		-0.415711,
		0.541125,
		-0.559787,
		1,
	},
	[1.2] = {
		0.939533,
		0.173478,
		-0.295268,
		0,
		-0.234508,
		0.954241,
		-0.185554,
		0,
		0.249567,
		0.243576,
		0.937223,
		0,
		-0.411051,
		0.548474,
		-0.5547,
		1,
	},
	[1.3166666666666667] = {
		0.926059,
		0.150901,
		-0.345897,
		0,
		-0.223683,
		0.957698,
		-0.181053,
		0,
		0.303944,
		0.245036,
		0.920639,
		0,
		-0.418445,
		0.532593,
		-0.56099,
		1,
	},
	[1.3333333333333333] = {
		0.924078,
		0.148252,
		-0.35228,
		0,
		-0.222657,
		0.957963,
		-0.180915,
		0,
		0.31065,
		0.245617,
		0.918242,
		0,
		-0.419758,
		0.528627,
		-0.56113,
		1,
	},
	[1.35] = {
		0.922145,
		0.145845,
		-0.358299,
		0,
		-0.221796,
		0.958184,
		-0.180804,
		0,
		0.316947,
		0.246197,
		0.915932,
		0,
		-0.420916,
		0.525299,
		-0.561162,
		1,
	},
	[1.3666666666666667] = {
		0.920296,
		0.143716,
		-0.36387,
		0,
		-0.221105,
		0.958364,
		-0.180696,
		0,
		0.322751,
		0.246747,
		0.913754,
		0,
		-0.42182,
		0.522766,
		-0.561102,
		1,
	},
	[1.3833333333333333] = {
		0.918568,
		0.141903,
		-0.368913,
		0,
		-0.220591,
		0.958507,
		-0.180566,
		0,
		0.327983,
		0.247241,
		0.911756,
		0,
		-0.422493,
		0.521184,
		-0.560969,
		1,
	},
	[1.3] = {
		0.928051,
		0.153758,
		-0.339233,
		0,
		-0.224868,
		0.957384,
		-0.181244,
		0,
		0.296909,
		0.244486,
		0.923077,
		0,
		-0.417075,
		0.537039,
		-0.560567,
		1,
	},
	[1.4166666666666667] = {
		0.915638,
		0.139173,
		-0.377144,
		0,
		-0.219943,
		0.958726,
		-0.180195,
		0,
		0.3365,
		0.247943,
		0.908456,
		0,
		-0.423365,
		0.520955,
		-0.560569,
		1,
	},
	[1.4333333333333333] = {
		0.914472,
		0.138182,
		-0.380326,
		0,
		-0.219755,
		0.958799,
		-0.180032,
		0,
		0.339779,
		0.248212,
		0.907161,
		0,
		-0.423613,
		0.521262,
		-0.560363,
		1,
	},
	[1.45] = {
		0.913529,
		0.137424,
		-0.382857,
		0,
		-0.219638,
		0.958851,
		-0.1799,
		0,
		0.34238,
		0.248434,
		0.906122,
		0,
		-0.423769,
		0.521595,
		-0.560177,
		1,
	},
	[1.4666666666666666] = {
		0.912832,
		0.136892,
		-0.384705,
		0,
		-0.219575,
		0.958883,
		-0.179804,
		0,
		0.344274,
		0.248602,
		0.905358,
		0,
		-0.423855,
		0.521899,
		-0.560027,
		1,
	},
	[1.4833333333333334] = {
		0.912401,
		0.136579,
		-0.385839,
		0,
		-0.21955,
		0.9589,
		-0.179743,
		0,
		0.345432,
		0.248709,
		0.904887,
		0,
		-0.423891,
		0.522121,
		-0.559925,
		1,
	},
	[1.4] = {
		0.917007,
		0.140404,
		-0.373344,
		0,
		-0.220218,
		0.958626,
		-0.180389,
		0,
		0.33257,
		0.247635,
		0.909986,
		0,
		-0.423006,
		0.520728,
		-0.560781,
		1,
	},
	[1.5166666666666666] = {
		0.912253,
		0.136476,
		-0.386224,
		0,
		-0.219545,
		0.958905,
		-0.179723,
		0,
		0.345824,
		0.248746,
		0.904727,
		0,
		-0.423899,
		0.522207,
		-0.559889,
		1,
	},
	[1.5333333333333334] = {
		0.912253,
		0.136476,
		-0.386224,
		0,
		-0.219545,
		0.958905,
		-0.179723,
		0,
		0.345824,
		0.248746,
		0.904727,
		0,
		-0.423899,
		0.522207,
		-0.559889,
		1,
	},
	[1.55] = {
		0.912253,
		0.136476,
		-0.386224,
		0,
		-0.219545,
		0.958905,
		-0.179723,
		0,
		0.345824,
		0.248746,
		0.904727,
		0,
		-0.423899,
		0.522207,
		-0.559889,
		1,
	},
	[1.5666666666666667] = {
		0.912253,
		0.136476,
		-0.386224,
		0,
		-0.219545,
		0.958905,
		-0.179723,
		0,
		0.345824,
		0.248746,
		0.904727,
		0,
		-0.423899,
		0.522207,
		-0.559889,
		1,
	},
	[1.5833333333333333] = {
		0.912253,
		0.136476,
		-0.386224,
		0,
		-0.219545,
		0.958905,
		-0.179723,
		0,
		0.345824,
		0.248746,
		0.904727,
		0,
		-0.423899,
		0.522207,
		-0.559889,
		1,
	},
	[1.5] = {
		0.912253,
		0.136476,
		-0.386224,
		0,
		-0.219545,
		0.958905,
		-0.179723,
		0,
		0.345824,
		0.248746,
		0.904727,
		0,
		-0.423899,
		0.522207,
		-0.559889,
		1,
	},
}

return spline_matrices
