-- chunkname: @content/characters/player/human/first_person/animations/assault_shield_shotpistol/special_attack_light.lua

local spline_matrices = {
	[0.016666666666666666] = {
		0.931856,
		0.024034,
		-0.36203,
		0,
		-0.105089,
		0.972912,
		-0.205908,
		0,
		0.347275,
		0.229922,
		0.90914,
		0,
		-0.342755,
		0.292834,
		-0.524217,
		1,
	},
	[0.03333333333333333] = {
		0.925432,
		-0.239226,
		-0.293848,
		0,
		0.178229,
		0.959178,
		-0.219573,
		0,
		0.33438,
		0.150828,
		0.930291,
		0,
		-0.271236,
		0.267162,
		-0.529527,
		1,
	},
	[0.05] = {
		0.816422,
		-0.539028,
		-0.207131,
		0,
		0.509068,
		0.841162,
		-0.182472,
		0,
		0.272588,
		0.043531,
		0.961146,
		0,
		-0.184164,
		0.244904,
		-0.537801,
		1,
	},
	[0.06666666666666667] = {
		0.630419,
		-0.761342,
		-0.151426,
		0,
		0.754909,
		0.646737,
		-0.108828,
		0,
		0.180788,
		-0.045706,
		0.98246,
		0,
		-0.100942,
		0.233567,
		-0.533961,
		1,
	},
	[0.08333333333333333] = {
		0.44125,
		-0.8862,
		-0.141239,
		0,
		0.894347,
		0.447213,
		-0.011964,
		0,
		0.073766,
		-0.121038,
		0.989903,
		0,
		-0.001424,
		0.227938,
		-0.52697,
		1,
	},
	[0] = {
		0.912957,
		0.133042,
		-0.385757,
		0,
		-0.219216,
		0.957262,
		-0.188665,
		0,
		0.34417,
		0.256807,
		0.903104,
		0,
		-0.372952,
		0.305189,
		-0.522363,
		1,
	},
	[0.11666666666666667] = {
		-0.012501,
		-0.999665,
		-0.022678,
		0,
		0.999426,
		-0.011777,
		-0.031771,
		0,
		0.031493,
		-0.023063,
		0.999238,
		0,
		0.048184,
		0.233927,
		-0.495979,
		1,
	},
	[0.13333333333333333] = {
		0.070197,
		-0.994237,
		-0.081028,
		0,
		0.996411,
		0.073739,
		-0.041574,
		0,
		0.04731,
		-0.077819,
		0.995844,
		0,
		0.038479,
		0.304037,
		-0.467806,
		1,
	},
	[0.15] = {
		0.153712,
		-0.978044,
		-0.140718,
		0,
		0.986349,
		0.160386,
		-0.037317,
		0,
		0.059067,
		-0.133061,
		0.989346,
		0,
		0.027129,
		0.451785,
		-0.442045,
		1,
	},
	[0.16666666666666666] = {
		0.145843,
		-0.986852,
		-0.069658,
		0,
		0.987192,
		0.149773,
		-0.054963,
		0,
		0.064673,
		-0.06075,
		0.996056,
		0,
		0.047621,
		0.549251,
		-0.42236,
		1,
	},
	[0.18333333333333332] = {
		0.150377,
		-0.987325,
		-0.050757,
		0,
		0.983098,
		0.154762,
		-0.097811,
		0,
		0.104427,
		-0.035191,
		0.99391,
		0,
		0.046322,
		0.491342,
		-0.422135,
		1,
	},
	[0.1] = {
		0.23943,
		-0.963093,
		-0.122987,
		0,
		0.970706,
		0.23483,
		0.05084,
		0,
		-0.020083,
		-0.131557,
		0.991105,
		0,
		0.05721,
		0.227362,
		-0.524209,
		1,
	},
	[0.21666666666666667] = {
		0.222241,
		-0.973294,
		-0.057515,
		0,
		0.965243,
		0.227957,
		-0.127836,
		0,
		0.137533,
		-0.027106,
		0.990126,
		0,
		0.050059,
		0.44113,
		-0.421645,
		1,
	},
	[0.23333333333333334] = {
		0.240962,
		-0.968376,
		-0.0647,
		0,
		0.960392,
		0.247526,
		-0.127974,
		0,
		0.139941,
		-0.0313,
		0.989665,
		0,
		0.046748,
		0.444771,
		-0.422478,
		1,
	},
	[0.25] = {
		0.253719,
		-0.965059,
		-0.06548,
		0,
		0.957565,
		0.260164,
		-0.124035,
		0,
		0.136737,
		-0.031231,
		0.990115,
		0,
		0.047876,
		0.44702,
		-0.422973,
		1,
	},
	[0.26666666666666666] = {
		0.261803,
		-0.963099,
		-0.062447,
		0,
		0.956107,
		0.267637,
		-0.119286,
		0,
		0.131597,
		-0.028477,
		0.990894,
		0,
		0.048511,
		0.44796,
		-0.423283,
		1,
	},
	[0.2833333333333333] = {
		0.266969,
		-0.962117,
		-0.055293,
		0,
		0.95559,
		0.271715,
		-0.114096,
		0,
		0.124798,
		-0.022377,
		0.99193,
		0,
		0.048706,
		0.448017,
		-0.423505,
		1,
	},
	[0.2] = {
		0.183006,
		-0.981952,
		-0.047746,
		0,
		0.975241,
		0.18746,
		-0.117318,
		0,
		0.124151,
		-0.025094,
		0.991946,
		0,
		0.052013,
		0.442661,
		-0.420894,
		1,
	},
	[0.31666666666666665] = {
		0.270159,
		-0.962203,
		-0.034346,
		0,
		0.95672,
		0.272285,
		-0.102698,
		0,
		0.108168,
		-0.005115,
		0.994119,
		0,
		0.04792,
		0.446911,
		-0.424277,
		1,
	},
	[0.3333333333333333] = {
		0.266736,
		-0.96349,
		-0.023194,
		0,
		0.958641,
		0.267719,
		-0.096613,
		0,
		0.099295,
		0.003535,
		0.995052,
		0,
		0.047574,
		0.445079,
		-0.42499,
		1,
	},
	[0.35] = {
		0.258109,
		-0.966033,
		-0.012676,
		0,
		0.96186,
		0.258181,
		-0.090378,
		0,
		0.09058,
		0.011135,
		0.995827,
		0,
		0.047668,
		0.441829,
		-0.425896,
		1,
	},
	[0.36666666666666664] = {
		0.243676,
		-0.96985,
		-0.003661,
		0,
		0.966345,
		0.243112,
		-0.084109,
		0,
		0.082463,
		0.016958,
		0.99645,
		0,
		0.048123,
		0.437874,
		-0.427002,
		1,
	},
	[0.38333333333333336] = {
		0.220363,
		-0.975418,
		0.000443,
		0,
		0.972358,
		0.219636,
		-0.079242,
		0,
		0.077197,
		0.017893,
		0.996855,
		0,
		0.048926,
		0.43347,
		-0.428223,
		1,
	},
	[0.3] = {
		0.269766,
		-0.96186,
		-0.045292,
		0,
		0.955816,
		0.273183,
		-0.108564,
		0,
		0.116796,
		-0.014004,
		0.993057,
		0,
		0.048399,
		0.447738,
		-0.423789,
		1,
	},
	[0.4166666666666667] = {
		0.151272,
		-0.988454,
		-0.008692,
		0,
		0.985656,
		0.151498,
		-0.074364,
		0,
		0.074822,
		0.002682,
		0.997193,
		0,
		0.051907,
		0.417327,
		-0.430955,
		1,
	},
	[0.43333333333333335] = {
		0.114765,
		-0.993233,
		-0.017821,
		0,
		0.990627,
		0.115765,
		-0.072497,
		0,
		0.07407,
		-0.009334,
		0.997209,
		0,
		0.053704,
		0.404991,
		-0.432757,
		1,
	},
	[0.45] = {
		0.083266,
		-0.996163,
		-0.026964,
		0,
		0.993919,
		0.084974,
		-0.070029,
		0,
		0.072051,
		-0.020969,
		0.99718,
		0,
		0.055374,
		0.392367,
		-0.434894,
		1,
	},
	[0.4666666666666667] = {
		0.061491,
		-0.997545,
		-0.033515,
		0,
		0.995766,
		0.06361,
		-0.066354,
		0,
		0.068323,
		-0.029293,
		0.997233,
		0,
		0.05661,
		0.379265,
		-0.437344,
		1,
	},
	[0.48333333333333334] = {
		0.054058,
		-0.997934,
		-0.034709,
		0,
		0.996567,
		0.056102,
		-0.060882,
		0,
		0.062704,
		-0.031298,
		0.997541,
		0,
		0.057098,
		0.365494,
		-0.440078,
		1,
	},
	[0.4] = {
		0.188035,
		-0.982161,
		-0.001904,
		0,
		0.97927,
		0.187629,
		-0.07633,
		0,
		0.075325,
		0.012488,
		0.997081,
		0,
		0.050244,
		0.4272,
		-0.429487,
		1,
	},
	[0.5166666666666667] = {
		0.06634,
		-0.997408,
		-0.02785,
		0,
		0.996902,
		0.067437,
		-0.040484,
		0,
		0.042258,
		-0.025078,
		0.998792,
		0,
		0.053447,
		0.337448,
		-0.447067,
		1,
	},
	[0.5333333333333333] = {
		0.078777,
		-0.996623,
		-0.023169,
		0,
		0.996487,
		0.079386,
		-0.02666,
		0,
		0.02841,
		-0.020988,
		0.999376,
		0,
		0.048913,
		0.324471,
		-0.451172,
		1,
	},
	[0.55] = {
		0.094458,
		-0.995368,
		-0.017914,
		0,
		0.995435,
		0.094681,
		-0.012017,
		0,
		0.013658,
		-0.016697,
		0.999767,
		0,
		0.042637,
		0.313131,
		-0.455375,
		1,
	},
	[0.5666666666666667] = {
		0.112682,
		-0.993557,
		-0.012114,
		0,
		0.993631,
		0.112663,
		0.002236,
		0,
		-0.000857,
		-0.012289,
		0.999924,
		0,
		0.034666,
		0.303508,
		-0.459495,
		1,
	},
	[0.5833333333333334] = {
		0.132766,
		-0.99113,
		-0.005843,
		0,
		0.991049,
		0.132667,
		0.014893,
		0,
		-0.013986,
		-0.007768,
		0.999872,
		0,
		0.025028,
		0.295823,
		-0.464884,
		1,
	},
	[0.5] = {
		0.057869,
		-0.997819,
		-0.031767,
		0,
		0.996859,
		0.059478,
		-0.052293,
		0,
		0.054068,
		-0.028641,
		0.998126,
		0,
		0.056187,
		0.351371,
		-0.443289,
		1,
	},
	[0.6166666666666667] = {
		0.175891,
		-0.98438,
		0.007595,
		0,
		0.983907,
		0.176042,
		0.030596,
		0,
		-0.031455,
		0.002091,
		0.999503,
		0,
		0.001636,
		0.28655,
		-0.480846,
		1,
	},
	[0.6333333333333333] = {
		0.197663,
		-0.980166,
		0.014292,
		0,
		0.979697,
		0.198025,
		0.031293,
		0,
		-0.033503,
		0.007816,
		0.999408,
		0,
		-0.01104,
		0.284919,
		-0.48913,
		1,
	},
	[0.65] = {
		0.224774,
		-0.974175,
		0.021455,
		0,
		0.973877,
		0.225325,
		0.028146,
		0,
		-0.032253,
		0.014568,
		0.999374,
		0,
		-0.024325,
		0.284533,
		-0.496087,
		1,
	},
	[0.6666666666666666] = {
		0.261177,
		-0.964815,
		0.030326,
		0,
		0.964839,
		0.261887,
		0.022397,
		0,
		-0.029551,
		0.02341,
		0.999289,
		0,
		-0.038238,
		0.284464,
		-0.500638,
		1,
	},
	[0.6833333333333333] = {
		0.306808,
		-0.950853,
		0.041798,
		0,
		0.951408,
		0.307609,
		0.014146,
		0,
		-0.026308,
		0.035426,
		0.999026,
		0,
		-0.052805,
		0.284525,
		-0.50355,
		1,
	},
	[0.6] = {
		0.15405,
		-0.988063,
		0.00078,
		0,
		0.987758,
		0.154022,
		0.024745,
		0,
		-0.02457,
		-0.003041,
		0.999693,
		0,
		0.013803,
		0.290191,
		-0.472346,
		1,
	},
	[0.7166666666666667] = {
		0.424607,
		-0.902389,
		0.073504,
		0,
		0.905102,
		0.425079,
		-0.009876,
		0,
		-0.022333,
		0.070722,
		0.997246,
		0,
		-0.083962,
		0.284462,
		-0.509018,
		1,
	},
	[0.7333333333333333] = {
		0.492198,
		-0.865619,
		0.091893,
		0,
		0.870213,
		0.491924,
		-0.027193,
		0,
		-0.021666,
		0.093351,
		0.995397,
		0,
		-0.100749,
		0.284372,
		-0.511347,
		1,
	},
	[0.75] = {
		0.562466,
		-0.819455,
		0.110116,
		0,
		0.826532,
		0.560776,
		-0.048731,
		0,
		-0.021818,
		0.118424,
		0.992723,
		0,
		-0.118507,
		0.284211,
		-0.513329,
		1,
	},
	[0.7666666666666667] = {
		0.633109,
		-0.763684,
		0.126329,
		0,
		0.773734,
		0.62911,
		-0.074538,
		0,
		-0.022551,
		0.144936,
		0.989184,
		0,
		-0.137393,
		0.283941,
		-0.514949,
		1,
	},
	[0.7833333333333333] = {
		0.69989,
		-0.701657,
		0.133531,
		0,
		0.71407,
		0.691575,
		-0.108759,
		0,
		-0.016035,
		0.17147,
		0.985059,
		0,
		-0.159108,
		0.284705,
		-0.515949,
		1,
	},
	[0.7] = {
		0.362037,
		-0.930455,
		0.056411,
		0,
		0.931857,
		0.362806,
		0.003677,
		0,
		-0.023888,
		0.051236,
		0.998401,
		0,
		-0.068017,
		0.284525,
		-0.506381,
		1,
	},
	[0.8166666666666667] = {
		0.813515,
		-0.572328,
		0.10312,
		0,
		0.580673,
		0.789727,
		-0.197863,
		0,
		0.031806,
		0.220843,
		0.974791,
		0,
		-0.2126,
		0.291213,
		-0.516266,
		1,
	},
	[0.8333333333333334] = {
		0.859168,
		-0.507192,
		0.067728,
		0,
		0.507299,
		0.826985,
		-0.242371,
		0,
		0.066919,
		0.242595,
		0.967817,
		0,
		-0.242311,
		0.295855,
		-0.516063,
		1,
	},
	[0.85] = {
		0.896306,
		-0.442877,
		0.022275,
		0,
		0.430699,
		0.857506,
		-0.281394,
		0,
		0.105522,
		0.261809,
		0.959334,
		0,
		-0.272683,
		0.300671,
		-0.515924,
		1,
	},
	[0.8666666666666667] = {
		0.9245,
		-0.380032,
		-0.029592,
		0,
		0.352606,
		0.882103,
		-0.312351,
		0,
		0.144807,
		0.278334,
		0.949506,
		0,
		-0.302786,
		0.304991,
		-0.516081,
		1,
	},
	[0.8833333333333333] = {
		0.943975,
		-0.319184,
		-0.08386,
		0,
		0.275208,
		0.901601,
		-0.333731,
		0,
		0.182129,
		0.291955,
		0.938931,
		0,
		-0.331724,
		0.308212,
		-0.516659,
		1,
	},
	[0.8] = {
		0.760155,
		-0.637478,
		0.125641,
		0,
		0.649734,
		0.744866,
		-0.151724,
		0,
		0.003135,
		0.196968,
		0.980405,
		0,
		-0.184526,
		0.287311,
		-0.516301,
		1,
	},
	[0.9166666666666666] = {
		0.961508,
		-0.204771,
		-0.183226,
		0,
		0.131782,
		0.928772,
		-0.346432,
		0,
		0.241115,
		0.308951,
		0.920007,
		0,
		-0.382584,
		0.309504,
		-0.518929,
		1,
	},
	[0.9333333333333333] = {
		0.964696,
		-0.151413,
		-0.215488,
		0,
		0.07155,
		0.938116,
		-0.33885,
		0,
		0.253459,
		0.311469,
		0.91583,
		0,
		-0.398104,
		0.308087,
		-0.520398,
		1,
	},
	[0.95] = {
		0.96338,
		-0.115352,
		-0.24206,
		0,
		0.030576,
		0.944107,
		-0.328217,
		0,
		0.266391,
		0.308797,
		0.913061,
		0,
		-0.40422,
		0.307054,
		-0.521568,
		1,
	},
	[0.9666666666666667] = {
		0.960108,
		-0.075218,
		-0.269323,
		0,
		-0.013269,
		0.949802,
		-0.312569,
		0,
		0.279314,
		0.303674,
		0.910915,
		0,
		-0.403788,
		0.306175,
		-0.522727,
		1,
	},
	[0.9833333333333333] = {
		0.954619,
		-0.033178,
		-0.295976,
		0,
		-0.057602,
		0.954444,
		-0.292778,
		0,
		0.292207,
		0.29654,
		0.909219,
		0,
		-0.400417,
		0.305554,
		-0.523557,
		1,
	},
	[0.9] = {
		0.955731,
		-0.260702,
		-0.136426,
		0,
		0.200865,
		0.916879,
		-0.344943,
		0,
		0.215014,
		0.30227,
		0.928656,
		0,
		-0.358617,
		0.309872,
		-0.517637,
		1,
	},
	[1.0166666666666666] = {
		0.938269,
		0.047566,
		-0.34262,
		0,
		-0.138773,
		0.959057,
		-0.246885,
		0,
		0.316849,
		0.279192,
		0.906454,
		0,
		-0.389388,
		0.305021,
		-0.52368,
		1,
	},
	[1.0333333333333334] = {
		0.929109,
		0.081732,
		-0.360661,
		0,
		-0.171621,
		0.959184,
		-0.22475,
		0,
		0.327571,
		0.270714,
		0.905213,
		0,
		-0.383381,
		0.304998,
		-0.523328,
		1,
	},
	[1.05] = {
		0.920934,
		0.108805,
		-0.374223,
		0,
		-0.197005,
		0.958487,
		-0.206134,
		0,
		0.336259,
		0.263559,
		0.904138,
		0,
		-0.378115,
		0.305064,
		-0.522894,
		1,
	},
	[1.0666666666666667] = {
		0.915126,
		0.126624,
		-0.382767,
		0,
		-0.213386,
		0.95764,
		-0.193368,
		0,
		0.342068,
		0.258633,
		0.903382,
		0,
		-0.374376,
		0.305149,
		-0.522522,
		1,
	},
	[1.0833333333333333] = {
		0.912957,
		0.133042,
		-0.385757,
		0,
		-0.219216,
		0.957262,
		-0.188665,
		0,
		0.34417,
		0.256807,
		0.903104,
		0,
		-0.372952,
		0.305189,
		-0.522363,
		1,
	},
	{
		0.947119,
		0.008514,
		-0.320769,
		0,
		-0.100139,
		0.957566,
		-0.270258,
		0,
		0.304857,
		0.288088,
		0.907782,
		0,
		-0.395338,
		0.305193,
		-0.523808,
		1,
	},
}

return spline_matrices
