-- chunkname: @content/characters/player/human/first_person/animations/assault_shield_shotpistol/special_shieldbash.lua

local spline_matrices = {
	[0.016666666666666666] = {
		0.994332,
		-0.004083,
		0.106237,
		0,
		0.005244,
		0.99993,
		-0.010649,
		0,
		-0.106186,
		0.011146,
		0.994284,
		0,
		0.145607,
		0.408839,
		-0.129149,
		1,
	},
	[0.03333333333333333] = {
		0.988474,
		-0.014269,
		0.150719,
		0,
		0.009696,
		0.999471,
		0.031031,
		0,
		-0.151082,
		-0.029212,
		0.98809,
		0,
		0.150168,
		0.416214,
		-0.134298,
		1,
	},
	[0.05] = {
		0.979714,
		-0.026982,
		0.198575,
		0,
		0.012214,
		0.997092,
		0.075219,
		0,
		-0.200027,
		-0.071268,
		0.977195,
		0,
		0.16221,
		0.432561,
		-0.151023,
		1,
	},
	[0.06666666666666667] = {
		0.968501,
		-0.04156,
		0.245518,
		0,
		0.012394,
		0.992797,
		0.119166,
		0,
		-0.248702,
		-0.112369,
		0.96204,
		0,
		0.178299,
		0.447232,
		-0.171896,
		1,
	},
	[0.08333333333333333] = {
		0.956079,
		-0.056772,
		0.287559,
		0,
		0.010454,
		0.987043,
		0.160114,
		0,
		-0.292924,
		-0.150076,
		0.944284,
		0,
		0.195041,
		0.449606,
		-0.18947,
		1,
	},
	[0] = {
		0.994332,
		-0.004083,
		0.106237,
		0,
		0.005244,
		0.99993,
		-0.010649,
		0,
		-0.106186,
		0.011146,
		0.994284,
		0,
		0.145607,
		0.408839,
		-0.129149,
		1,
	},
	[0.11666666666666667] = {
		0.934855,
		-0.081737,
		0.345492,
		0,
		0.008217,
		0.977858,
		0.209109,
		0,
		-0.354934,
		-0.192647,
		0.914827,
		0,
		0.231055,
		0.422797,
		-0.211455,
		1,
	},
	[0.13333333333333333] = {
		0.9272,
		-0.09146,
		0.363229,
		0,
		0.004756,
		0.972528,
		0.232739,
		0,
		-0.374537,
		-0.214068,
		0.902163,
		0,
		0.248549,
		0.407323,
		-0.21807,
		1,
	},
	[0.15] = {
		0.921323,
		-0.101334,
		0.37536,
		0,
		-0.00552,
		0.961931,
		0.273238,
		0,
		-0.388759,
		-0.253812,
		0.88569,
		0,
		0.262407,
		0.396579,
		-0.221237,
		1,
	},
	[0.16666666666666666] = {
		0.917501,
		-0.111457,
		0.381798,
		0,
		-0.02788,
		0.939549,
		0.341278,
		0,
		-0.396756,
		-0.323767,
		0.85893,
		0,
		0.273341,
		0.38873,
		-0.220846,
		1,
	},
	[0.18333333333333332] = {
		0.916213,
		-0.119164,
		0.382562,
		0,
		-0.06142,
		0.901705,
		0.427968,
		0,
		-0.395956,
		-0.415607,
		0.818834,
		0,
		0.28337,
		0.379065,
		-0.218134,
		1,
	},
	[0.1] = {
		0.944501,
		-0.070517,
		0.320851,
		0,
		0.008979,
		0.981866,
		0.189363,
		0,
		-0.328386,
		-0.175972,
		0.928007,
		0,
		0.212412,
		0.438454,
		-0.201769,
		1,
	},
	[0.21666666666666667] = {
		0.919816,
		-0.118254,
		0.374105,
		0,
		-0.138872,
		0.793646,
		0.592317,
		0,
		-0.366951,
		-0.596776,
		0.713587,
		0,
		0.29891,
		0.356865,
		-0.212006,
		1,
	},
	[0.23333333333333334] = {
		0.923701,
		-0.108876,
		0.367318,
		0,
		-0.16876,
		0.745108,
		0.645239,
		0,
		-0.343943,
		-0.657997,
		0.669883,
		0,
		0.303675,
		0.347422,
		-0.210324,
		1,
	},
	[0.25] = {
		0.928833,
		-0.096104,
		0.357818,
		0,
		-0.1833,
		0.7201,
		0.669221,
		0,
		-0.32198,
		-0.687182,
		0.651237,
		0,
		0.305842,
		0.341764,
		-0.209607,
		1,
	},
	[0.26666666666666666] = {
		0.935072,
		-0.085526,
		0.343985,
		0,
		-0.176569,
		0.729088,
		0.661252,
		0,
		-0.307349,
		-0.679055,
		0.666649,
		0,
		0.30528,
		0.335609,
		-0.206688,
		1,
	},
	[0.2833333333333333] = {
		0.932873,
		-0.099581,
		0.346168,
		0,
		-0.152968,
		0.760545,
		0.631009,
		0,
		-0.326113,
		-0.641604,
		0.694258,
		0,
		0.302712,
		0.325929,
		-0.201344,
		1,
	},
	[0.2] = {
		0.917166,
		-0.121876,
		0.37941,
		0,
		-0.100675,
		0.850338,
		0.516517,
		0,
		-0.385578,
		-0.511929,
		0.767631,
		0,
		0.292015,
		0.368032,
		-0.214776,
		1,
	},
	[0.31666666666666665] = {
		0.931038,
		-0.123911,
		0.343242,
		0,
		-0.086399,
		0.838996,
		0.537235,
		0,
		-0.354548,
		-0.529841,
		0.770431,
		0,
		0.297453,
		0.306992,
		-0.190974,
		1,
	},
	[0.3333333333333333] = {
		0.930918,
		-0.130265,
		0.341208,
		0,
		-0.063344,
		0.862487,
		0.502099,
		0,
		-0.359694,
		-0.489027,
		0.794653,
		0,
		0.295633,
		0.305074,
		-0.189188,
		1,
	},
	[0.35] = {
		0.931486,
		-0.131963,
		0.338998,
		0,
		-0.052151,
		0.873816,
		0.483452,
		0,
		-0.36002,
		-0.468007,
		0.807065,
		0,
		0.294562,
		0.307238,
		-0.189269,
		1,
	},
	[0.36666666666666664] = {
		0.93285,
		-0.130762,
		0.335697,
		0,
		-0.046325,
		0.880531,
		0.471718,
		0,
		-0.357275,
		-0.455594,
		0.815346,
		0,
		0.293928,
		0.308738,
		-0.189518,
		1,
	},
	[0.38333333333333336] = {
		0.934946,
		-0.127185,
		0.33121,
		0,
		-0.044225,
		0.88448,
		0.464478,
		0,
		-0.352023,
		-0.448909,
		0.821316,
		0,
		0.293404,
		0.309974,
		-0.189809,
		1,
	},
	[0.3] = {
		0.931666,
		-0.112991,
		0.345299,
		0,
		-0.119742,
		0.801813,
		0.585455,
		0,
		-0.343017,
		-0.586796,
		0.733492,
		0,
		0.299925,
		0.315239,
		-0.195482,
		1,
	},
	[0.4166666666666667] = {
		0.940947,
		-0.115012,
		0.318421,
		0,
		-0.044552,
		0.890285,
		0.45322,
		0,
		-0.335611,
		-0.440642,
		0.832586,
		0,
		0.29142,
		0.313129,
		-0.190102,
		1,
	},
	[0.43333333333333335] = {
		0.944653,
		-0.107556,
		0.309938,
		0,
		-0.043742,
		0.895005,
		0.443907,
		0,
		-0.325141,
		-0.432895,
		0.840765,
		0,
		0.289319,
		0.315763,
		-0.189927,
		1,
	},
	[0.45] = {
		0.948716,
		-0.100058,
		0.299878,
		0,
		-0.040225,
		0.902671,
		0.428447,
		0,
		-0.31356,
		-0.418537,
		0.852354,
		0,
		0.286038,
		0.319562,
		-0.18944,
		1,
	},
	[0.4666666666666667] = {
		0.953552,
		-0.091738,
		0.286918,
		0,
		-0.034144,
		0.913442,
		0.405535,
		0,
		-0.299286,
		-0.396495,
		0.867882,
		0,
		0.281265,
		0.32492,
		-0.188726,
		1,
	},
	[0.48333333333333334] = {
		0.959239,
		-0.081944,
		0.270456,
		0,
		-0.027157,
		0.925878,
		0.376846,
		0,
		-0.281289,
		-0.36883,
		0.885912,
		0,
		0.275179,
		0.331638,
		-0.187935,
		1,
	},
	[0.4] = {
		0.937679,
		-0.121753,
		0.325476,
		0,
		-0.044182,
		0.887242,
		0.459183,
		0,
		-0.344683,
		-0.444946,
		0.826569,
		0,
		0.292674,
		0.311318,
		-0.190035,
		1,
	},
	[0.5166666666666667] = {
		0.971,
		-0.061419,
		0.231055,
		0,
		-0.013348,
		0.951003,
		0.308893,
		0,
		-0.238705,
		-0.303019,
		0.922605,
		0,
		0.260709,
		0.346955,
		-0.186271,
		1,
	},
	[0.5333333333333333] = {
		0.976212,
		-0.052116,
		0.210461,
		0,
		-0.007601,
		0.961858,
		0.273443,
		0,
		-0.216685,
		-0.268538,
		0.938581,
		0,
		0.253173,
		0.354496,
		-0.185411,
		1,
	},
	[0.55] = {
		0.980591,
		-0.044126,
		0.191036,
		0,
		-0.00303,
		0.970819,
		0.239794,
		0,
		-0.196042,
		-0.235719,
		0.951843,
		0,
		0.24603,
		0.361292,
		-0.184499,
		1,
	},
	[0.5666666666666667] = {
		0.983988,
		-0.037736,
		0.174196,
		0,
		0.000294,
		0.977673,
		0.210131,
		0,
		-0.178236,
		-0.206715,
		0.96203,
		0,
		0.239744,
		0.366874,
		-0.183491,
		1,
	},
	[0.5833333333333334] = {
		0.986336,
		-0.033104,
		0.161386,
		0,
		0.002434,
		0.982425,
		0.186641,
		0,
		-0.164728,
		-0.183698,
		0.969082,
		0,
		0.234795,
		0.370795,
		-0.182333,
		1,
	},
	[0.5] = {
		0.965216,
		-0.071574,
		0.251466,
		0,
		-0.020017,
		0.938747,
		0.344025,
		0,
		-0.260686,
		-0.337092,
		0.904661,
		0,
		0.268188,
		0.339163,
		-0.18711,
		1,
	},
	[0.6166666666666667] = {
		0.989339,
		-0.02672,
		0.143159,
		0,
		0.004873,
		0.988547,
		0.150833,
		0,
		-0.145549,
		-0.148527,
		0.978139,
		0,
		0.226164,
		0.376396,
		-0.179142,
		1,
	},
	[0.6333333333333333] = {
		0.990446,
		-0.024205,
		0.135763,
		0,
		0.005646,
		0.990768,
		0.135453,
		0,
		-0.137788,
		-0.133392,
		0.981438,
		0,
		0.221606,
		0.378994,
		-0.177079,
		1,
	},
	[0.65] = {
		0.991344,
		-0.02205,
		0.129429,
		0,
		0.006199,
		0.992557,
		0.121622,
		0,
		-0.131147,
		-0.119766,
		0.984102,
		0,
		0.216932,
		0.381467,
		-0.17475,
		1,
	},
	[0.6666666666666666] = {
		0.992066,
		-0.020202,
		0.124086,
		0,
		0.006579,
		0.993994,
		0.109233,
		0,
		-0.125548,
		-0.10755,
		0.986241,
		0,
		0.212175,
		0.383821,
		-0.172188,
		1,
	},
	[0.6833333333333333] = {
		0.99264,
		-0.018612,
		0.119664,
		0,
		0.006824,
		0.995146,
		0.098176,
		0,
		-0.120911,
		-0.096637,
		0.987948,
		0,
		0.207365,
		0.386061,
		-0.169429,
		1,
	},
	[0.6] = {
		0.987984,
		-0.029662,
		0.15168,
		0,
		0.003825,
		0.985803,
		0.167864,
		0,
		-0.154506,
		-0.165267,
		0.974071,
		0,
		0.230571,
		0.373666,
		-0.180904,
		1,
	},
	[0.7166666666666667] = {
		0.993433,
		-0.01605,
		0.113282,
		0,
		0.007026,
		0.996801,
		0.07961,
		0,
		-0.114198,
		-0.078291,
		0.990368,
		0,
		0.197716,
		0.390215,
		-0.163467,
		1,
	},
	[0.7333333333333333] = {
		0.993688,
		-0.015013,
		0.111169,
		0,
		0.007028,
		0.997389,
		0.071872,
		0,
		-0.111958,
		-0.070637,
		0.991199,
		0,
		0.192937,
		0.392134,
		-0.160337,
		1,
	},
	[0.75] = {
		0.993868,
		-0.014102,
		0.10967,
		0,
		0.006985,
		0.99786,
		0.065012,
		0,
		-0.110352,
		-0.063847,
		0.99184,
		0,
		0.188228,
		0.393951,
		-0.157157,
		1,
	},
	[0.7666666666666667] = {
		0.993985,
		-0.013296,
		0.108707,
		0,
		0.00691,
		0.998239,
		0.058914,
		0,
		-0.109299,
		-0.057808,
		0.992327,
		0,
		0.183619,
		0.395666,
		-0.153965,
		1,
	},
	[0.7833333333333333] = {
		0.99405,
		-0.012574,
		0.108199,
		0,
		0.006811,
		0.998547,
		0.053463,
		0,
		-0.108714,
		-0.052408,
		0.992691,
		0,
		0.179139,
		0.397281,
		-0.150797,
		1,
	},
	[0.7] = {
		0.993089,
		-0.017239,
		0.116088,
		0,
		0.006965,
		0.996066,
		0.08834,
		0,
		-0.117154,
		-0.086921,
		0.989303,
		0,
		0.202536,
		0.388191,
		-0.16651,
		1,
	},
	[0.8166666666666667] = {
		0.994061,
		-0.011311,
		0.108232,
		0,
		0.006572,
		0.999008,
		0.044047,
		0,
		-0.108623,
		-0.043074,
		0.993149,
		0,
		0.17068,
		0.400208,
		-0.14469,
		1,
	},
	[0.8333333333333334] = {
		0.994026,
		-0.010739,
		0.108612,
		0,
		0.006441,
		0.999185,
		0.039851,
		0,
		-0.108951,
		-0.038913,
		0.993285,
		0,
		0.166759,
		0.40152,
		-0.141825,
		1,
	},
	[0.85] = {
		0.993976,
		-0.010188,
		0.109125,
		0,
		0.006307,
		0.999338,
		0.035844,
		0,
		-0.109418,
		-0.034939,
		0.993382,
		0,
		0.163081,
		0.402731,
		-0.139137,
		1,
	},
	[0.8666666666666667] = {
		0.993919,
		-0.009642,
		0.109692,
		0,
		0.006174,
		0.999472,
		0.03191,
		0,
		-0.109942,
		-0.031039,
		0.993453,
		0,
		0.159676,
		0.403839,
		-0.136663,
		1,
	},
	[0.8833333333333333] = {
		0.993865,
		-0.00909,
		0.110229,
		0,
		0.006044,
		0.999591,
		0.027936,
		0,
		-0.110438,
		-0.027098,
		0.993514,
		0,
		0.156571,
		0.404843,
		-0.134441,
		1,
	},
	[0.8] = {
		0.994072,
		-0.011918,
		0.108068,
		0,
		0.006697,
		0.998798,
		0.048546,
		0,
		-0.108517,
		-0.047535,
		0.992958,
		0,
		0.174816,
		0.398795,
		-0.147693,
		1,
	},
	[0.9166666666666666] = {
		0.993801,
		-0.007915,
		0.110887,
		0,
		0.005797,
		0.999795,
		0.019406,
		0,
		-0.111018,
		-0.018643,
		0.993643,
		0,
		0.151374,
		0.406536,
		-0.130906,
		1,
	},
	[0.9333333333333333] = {
		0.993811,
		-0.007269,
		0.110844,
		0,
		0.005683,
		0.999877,
		0.014622,
		0,
		-0.110936,
		-0.013901,
		0.99373,
		0,
		0.14934,
		0.407221,
		-0.12967,
		1,
	},
	[0.95] = {
		0.993861,
		-0.006571,
		0.110441,
		0,
		0.005573,
		0.999941,
		0.009338,
		0,
		-0.110495,
		-0.008665,
		0.993839,
		0,
		0.147718,
		0.407797,
		-0.128837,
		1,
	},
	[0.9666666666666667] = {
		0.993959,
		-0.005811,
		0.109594,
		0,
		0.005467,
		0.999979,
		0.00344,
		0,
		-0.109612,
		-0.00282,
		0.99397,
		0,
		0.146537,
		0.40826,
		-0.128448,
		1,
	},
	[0.9833333333333333] = {
		0.994114,
		-0.004983,
		0.108221,
		0,
		0.005359,
		0.999981,
		-0.003185,
		0,
		-0.108203,
		0.003746,
		0.994122,
		0,
		0.145824,
		0.408609,
		-0.128539,
		1,
	},
	[0.9] = {
		0.993822,
		-0.008518,
		0.110655,
		0,
		0.005918,
		0.999699,
		0.023806,
		0,
		-0.110824,
		-0.023004,
		0.993574,
		0,
		0.153794,
		0.405743,
		-0.13251,
		1,
	},
	{
		0.994333,
		-0.004083,
		0.106236,
		0,
		0.005244,
		0.99993,
		-0.010649,
		0,
		-0.106185,
		0.011146,
		0.994284,
		0,
		0.145607,
		0.408839,
		-0.129149,
		1,
	},
}

return spline_matrices
