-- chunkname: @content/characters/player/human/first_person/animations/lasgun_rifle_krieg/animations/attack_slash_01.lua

local spline_matrices = {
	[0.0166666666667] = {
		0.704736,
		-0.370768,
		0.604878,
		0,
		-0.692646,
		-0.544127,
		0.473464,
		0,
		0.153585,
		-0.752633,
		-0.640277,
		0,
		-0.238003,
		0.495193,
		-0.011813,
		1
	},
	[0.0333333333333] = {
		0.73145,
		-0.359019,
		0.579729,
		0,
		-0.633641,
		-0.671987,
		0.383317,
		0,
		0.251952,
		-0.647718,
		-0.719014,
		0,
		-0.222845,
		0.470748,
		0.032189,
		1
	},
	[0.05] = {
		0.758071,
		-0.336897,
		0.558416,
		0,
		-0.56645,
		-0.76447,
		0.307767,
		0,
		0.323207,
		-0.549624,
		-0.770358,
		0,
		-0.200861,
		0.44899,
		0.071756,
		1
	},
	[0.0666666666667] = {
		0.7767,
		-0.304537,
		0.551357,
		0,
		-0.519214,
		-0.805113,
		0.286723,
		0,
		0.356587,
		-0.50897,
		-0.783451,
		0,
		-0.175984,
		0.439739,
		0.088272,
		1
	},
	[0.0833333333333] = {
		0.77049,
		-0.233166,
		0.593278,
		0,
		-0.548287,
		-0.717147,
		0.430211,
		0,
		0.325157,
		-0.65676,
		-0.680396,
		0,
		-0.138919,
		0.513002,
		0.064854,
		1
	},
	[0] = {
		0.685656,
		-0.37131,
		0.626103,
		0,
		-0.725776,
		-0.41477,
		0.548831,
		0,
		0.055902,
		-0.83072,
		-0.553877,
		0,
		-0.242254,
		0.51402,
		-0.042253,
		1
	},
	[0.116666666667] = {
		0.802751,
		-0.055957,
		0.593683,
		0,
		-0.544206,
		0.338268,
		0.767734,
		0,
		-0.243784,
		-0.939385,
		0.241093,
		0,
		-0.026929,
		0.637849,
		-0.060606,
		1
	},
	[0.133333333333] = {
		0.830448,
		-0.021444,
		0.556684,
		0,
		-0.231248,
		0.895835,
		0.37948,
		0,
		-0.506834,
		-0.44387,
		0.738985,
		0,
		0.006342,
		0.640776,
		-0.10427,
		1
	},
	[0.15] = {
		0.380769,
		-0.197612,
		0.903308,
		0,
		-0.074327,
		0.967195,
		0.242919,
		0,
		-0.921678,
		-0.159636,
		0.35359,
		0,
		0.028396,
		0.643157,
		-0.126069,
		1
	},
	[0.166666666667] = {
		0.717725,
		-0.025356,
		0.695865,
		0,
		0.022459,
		0.99966,
		0.013261,
		0,
		-0.695964,
		0.00611,
		0.718051,
		0,
		0.041692,
		0.627462,
		-0.134051,
		1
	},
	[0.183333333333] = {
		0.773664,
		0.001415,
		0.633595,
		0,
		0.055907,
		0.995945,
		-0.07049,
		0,
		-0.631125,
		0.089958,
		0.770447,
		0,
		0.07016,
		0.593463,
		-0.160314,
		1
	},
	[0.1] = {
		0.76668,
		-0.139902,
		0.626601,
		0,
		-0.627051,
		-0.372751,
		0.684006,
		0,
		0.137872,
		-0.917324,
		-0.373506,
		0,
		-0.084881,
		0.612571,
		0.010582,
		1
	},
	[0.216666666667] = {
		0.848239,
		0.033441,
		0.528557,
		0,
		0.110145,
		0.965044,
		-0.237821,
		0,
		-0.518033,
		0.259946,
		0.814904,
		0,
		0.141213,
		0.513483,
		-0.225018,
		1
	},
	[0.233333333333] = {
		0.870964,
		0.041061,
		0.489628,
		0,
		0.130437,
		0.941425,
		-0.310975,
		0,
		-0.473717,
		0.334714,
		0.814591,
		0,
		0.176284,
		0.474555,
		-0.256737,
		1
	},
	[0.25] = {
		0.886156,
		0.044695,
		0.461227,
		0,
		0.146683,
		0.917099,
		-0.370694,
		0,
		-0.439559,
		0.396146,
		0.806137,
		0,
		0.205946,
		0.440685,
		-0.283428,
		1
	},
	[0.266666666667] = {
		0.894921,
		0.045553,
		0.443893,
		0,
		0.159191,
		0.896726,
		-0.412965,
		0,
		-0.416863,
		0.440235,
		0.795248,
		0,
		0.226384,
		0.41495,
		-0.301505,
		1
	},
	[0.283333333333] = {
		0.89791,
		0.04485,
		0.437888,
		0,
		0.167595,
		0.885035,
		-0.43431,
		0,
		-0.407025,
		0.463359,
		0.787165,
		0,
		0.233855,
		0.400378,
		-0.307275,
		1
	},
	[0.2] = {
		0.816443,
		0.020626,
		0.577057,
		0,
		0.085345,
		0.984075,
		-0.155924,
		0,
		-0.571084,
		0.176552,
		0.801681,
		0,
		0.104571,
		0.554256,
		-0.191749,
		1
	},
	[0.316666666667] = {
		0.895807,
		0.032261,
		0.443272,
		0,
		0.189198,
		0.874799,
		-0.446017,
		0,
		-0.402163,
		0.483411,
		0.777547,
		0,
		0.233017,
		0.386783,
		-0.301862,
		1
	},
	[0.333333333333] = {
		0.892946,
		0.019554,
		0.449739,
		0,
		0.205995,
		0.87057,
		-0.446849,
		0,
		-0.400266,
		0.491656,
		0.773344,
		0,
		0.232376,
		0.381482,
		-0.297809,
		1
	},
	[0.35] = {
		0.888869,
		0.003448,
		0.458148,
		0,
		0.225889,
		0.866688,
		-0.444776,
		0,
		-0.398605,
		0.498838,
		0.769594,
		0,
		0.231774,
		0.376983,
		-0.292965,
		1
	},
	[0.366666666667] = {
		0.88359,
		-0.015514,
		0.468004,
		0,
		0.248185,
		0.86304,
		-0.439962,
		0,
		-0.397081,
		0.504898,
		0.766424,
		0,
		0.231339,
		0.373193,
		-0.287354,
		1
	},
	[0.383333333333] = {
		0.877208,
		-0.036387,
		0.47873,
		0,
		0.271875,
		0.859492,
		-0.432848,
		0,
		-0.395715,
		0.509852,
		0.763846,
		0,
		0.23105,
		0.37002,
		-0.281121,
		1
	},
	[0.3] = {
		0.897472,
		0.041011,
		0.439162,
		0,
		0.176106,
		0.879545,
		-0.442027,
		0,
		-0.40439,
		0.474045,
		0.782144,
		0,
		0.233523,
		0.393024,
		-0.305076,
		1
	},
	[0.416666666667] = {
		0.861949,
		-0.080088,
		0.500629,
		0,
		0.319554,
		0.852431,
		-0.413819,
		0,
		-0.39361,
		0.516669,
		0.760345,
		0,
		0.230837,
		0.365124,
		-0.26735,
		1
	},
	[0.433333333333] = {
		0.853722,
		-0.101057,
		0.51083,
		0,
		0.341715,
		0.848944,
		-0.403144,
		0,
		-0.392925,
		0.518731,
		0.759295,
		0,
		0.23088,
		0.363186,
		-0.260082,
		1
	},
	[0.45] = {
		0.845686,
		-0.120226,
		0.519962,
		0,
		0.361629,
		0.845609,
		-0.392645,
		0,
		-0.392479,
		0.520087,
		0.758597,
		0,
		0.230998,
		0.361431,
		-0.252733,
		1
	},
	[0.466666666667] = {
		0.838384,
		-0.136711,
		0.527658,
		0,
		0.378516,
		0.842586,
		-0.38311,
		0,
		-0.392222,
		0.52092,
		0.758158,
		0,
		0.231173,
		0.359735,
		-0.245429,
		1
	},
	[0.483333333333] = {
		0.832404,
		-0.14965,
		0.53358,
		0,
		0.391641,
		0.84007,
		-0.375366,
		0,
		-0.392072,
		0.521428,
		0.757887,
		0,
		0.231385,
		0.357967,
		-0.238295,
		1
	},
	[0.4] = {
		0.869903,
		-0.058224,
		0.489775,
		0,
		0.295978,
		0.855963,
		-0.42394,
		0,
		-0.394545,
		0.513749,
		0.761837,
		0,
		0.230888,
		0.367365,
		-0.274407,
		1
	},
	[0.516666666667] = {
		0.826811,
		-0.161475,
		0.538803,
		0,
		0.403717,
		0.837359,
		-0.368569,
		0,
		-0.391657,
		0.522261,
		0.757528,
		0,
		0.231848,
		0.353674,
		-0.225035,
		1
	},
	[0.533333333333] = {
		0.829093,
		-0.160533,
		0.535569,
		0,
		0.39862,
		0.841405,
		-0.364883,
		0,
		-0.392055,
		0.51601,
		0.761595,
		0,
		0.231583,
		0.351165,
		-0.218823,
		1
	},
	[0.55] = {
		0.835701,
		-0.15717,
		0.526214,
		0,
		0.383201,
		0.853249,
		-0.353728,
		0,
		-0.393396,
		0.497256,
		0.773289,
		0,
		0.230385,
		0.348727,
		-0.212579,
		1
	},
	[0.566666666667] = {
		0.845862,
		-0.151697,
		0.511377,
		0,
		0.359046,
		0.870919,
		-0.33554,
		0,
		-0.394467,
		0.467428,
		0.791143,
		0,
		0.228325,
		0.346422,
		-0.206405,
		1
	},
	[0.583333333333] = {
		0.858725,
		-0.144419,
		0.491664,
		0,
		0.327866,
		0.892218,
		-0.310564,
		0,
		-0.393821,
		0.427889,
		0.813521,
		0,
		0.22546,
		0.344326,
		-0.200412,
		1
	},
	[0.5] = {
		0.828353,
		-0.158188,
		0.537408,
		0,
		0.400285,
		0.838265,
		-0.370248,
		0,
		-0.391922,
		0.521812,
		0.7577,
		0,
		0.231616,
		0.355991,
		-0.231455,
		1
	},
	[0.616666666667] = {
		0.889106,
		-0.125688,
		0.440106,
		0,
		0.252079,
		0.937051,
		-0.241642,
		0,
		-0.382031,
		0.325787,
		0.864821,
		0,
		0.217508,
		0.341033,
		-0.189362,
		1
	},
	[0.633333333333] = {
		0.905001,
		-0.114864,
		0.409608,
		0,
		0.211579,
		0.956857,
		-0.199144,
		0,
		-0.369062,
		0.26689,
		0.89026,
		0,
		0.212525,
		0.339915,
		-0.184461,
		1
	},
	[0.65] = {
		0.920431,
		-0.103493,
		0.376955,
		0,
		0.172066,
		0.973136,
		-0.152969,
		0,
		-0.350997,
		0.205658,
		0.913513,
		0,
		0.206965,
		0.339146,
		-0.180042,
		1
	},
	[0.666666666667] = {
		0.934843,
		-0.091896,
		0.342962,
		0,
		0.135353,
		0.985223,
		-0.104956,
		0,
		-0.328249,
		0.144538,
		0.933467,
		0,
		0.200934,
		0.338674,
		-0.176137,
		1
	},
	[0.683333333333] = {
		0.947824,
		-0.080387,
		0.308493,
		0,
		0.102887,
		0.993039,
		-0.057346,
		0,
		-0.301736,
		0.086094,
		0.949496,
		0,
		0.194574,
		0.338406,
		-0.172765,
		1
	},
	[0.6] = {
		0.873421,
		-0.135646,
		0.467692,
		0,
		0.291537,
		0.914941,
		-0.279088,
		0,
		-0.390053,
		0.38011,
		0.838674,
		0,
		0.221839,
		0.342512,
		-0.194702,
		1
	},
	[0.716666666667] = {
		0.968551,
		-0.058861,
		0.241754,
		0,
		0.05408,
		0.998188,
		0.026371,
		0,
		-0.242868,
		-0.012467,
		0.969979,
		0,
		0.181632,
		0.33796,
		-0.167703,
		1
	},
	[0.733333333333] = {
		0.976161,
		-0.049432,
		0.211345,
		0,
		0.038169,
		0.997642,
		0.057043,
		0,
		-0.213667,
		-0.047616,
		0.975746,
		0,
		0.17552,
		0.337464,
		-0.166075,
		1
	},
	[0.75] = {
		0.982028,
		-0.041274,
		0.184166,
		0,
		0.027517,
		0.996679,
		0.076639,
		0,
		-0.186718,
		-0.070194,
		0.979903,
		0,
		0.170003,
		0.336565,
		-0.165104,
		1
	},
	[0.766666666667] = {
		0.986318,
		-0.034673,
		0.161163,
		0,
		0.021542,
		0.996356,
		0.082521,
		0,
		-0.163437,
		-0.077921,
		0.983472,
		0,
		0.165357,
		0.33511,
		-0.164839,
		1
	},
	[0.783333333333] = {
		0.989635,
		-0.028748,
		0.140697,
		0,
		0.017538,
		0.996619,
		0.080272,
		0,
		-0.142529,
		-0.076973,
		0.986793,
		0,
		0.161397,
		0.333197,
		-0.16491,
		1
	},
	[0.7] = {
		0.959103,
		-0.069276,
		0.274449,
		0,
		0.075643,
		0.997054,
		-0.012672,
		0,
		-0.272763,
		0.032914,
		0.961518,
		0,
		0.188067,
		0.338219,
		-0.169945,
		1
	},
	[0.816666666667] = {
		0.994747,
		-0.016066,
		0.101099,
		0,
		0.008601,
		0.997233,
		0.073844,
		0,
		-0.102006,
		-0.072587,
		0.992132,
		0,
		0.15444,
		0.32873,
		-0.164889,
		1
	},
	[0.833333333333] = {
		0.996559,
		-0.00955,
		0.082339,
		0,
		0.003776,
		0.99754,
		0.070003,
		0,
		-0.082805,
		-0.069451,
		0.994143,
		0,
		0.151439,
		0.326299,
		-0.164816,
		1
	},
	[0.85] = {
		0.997912,
		-0.00308,
		0.064517,
		0,
		-0.001184,
		0.997822,
		0.065949,
		0,
		-0.064579,
		-0.065888,
		0.995735,
		0,
		0.148754,
		0.323816,
		-0.164713,
		1
	},
	[0.866666666667] = {
		0.998851,
		0.003223,
		0.047819,
		0,
		-0.006181,
		0.998068,
		0.061826,
		0,
		-0.047527,
		-0.06205,
		0.996941,
		0,
		0.146379,
		0.321342,
		-0.164588,
		1
	},
	[0.883333333333] = {
		0.999431,
		0.00924,
		0.032427,
		0,
		-0.011103,
		0.998269,
		0.057762,
		0,
		-0.031837,
		-0.05809,
		0.997804,
		0,
		0.14431,
		0.318936,
		-0.16445,
		1
	},
	[0.8] = {
		0.992444,
		-0.022505,
		0.120614,
		0,
		0.013209,
		0.996919,
		0.077322,
		0,
		-0.121982,
		-0.075145,
		0.989684,
		0,
		0.157759,
		0.33105,
		-0.164923,
		1
	},
	[0.916666666667] = {
		0.999782,
		0.019924,
		0.00628,
		0,
		-0.020215,
		0.99853,
		0.050297,
		0,
		-0.005269,
		-0.050413,
		0.998715,
		0,
		0.141065,
		0.31457,
		-0.164166,
		1
	},
	[0.933333333333] = {
		0.999695,
		0.02435,
		-0.00412,
		0,
		-0.024129,
		0.998598,
		0.047117,
		0,
		0.005262,
		-0.047004,
		0.998881,
		0,
		0.139875,
		0.312728,
		-0.164034,
		1
	},
	[0.95] = {
		0.99953,
		0.028004,
		-0.012508,
		0,
		-0.027423,
		0.998635,
		0.044448,
		0,
		0.013735,
		-0.044084,
		0.998933,
		0,
		0.138963,
		0.311192,
		-0.16392,
		1
	},
	[0.966666666667] = {
		0.999352,
		0.030764,
		-0.01871,
		0,
		-0.029949,
		0.998652,
		0.042397,
		0,
		0.019989,
		-0.041809,
		0.998926,
		0,
		0.138321,
		0.310021,
		-0.16383,
		1
	},
	[0.983333333333] = {
		0.999217,
		0.032509,
		-0.022556,
		0,
		-0.031564,
		0.998657,
		0.041075,
		0,
		0.023861,
		-0.040331,
		0.998901,
		0,
		0.137941,
		0.309275,
		-0.16377,
		1
	},
	[0.9] = {
		0.999718,
		0.014847,
		0.018521,
		0,
		-0.015826,
		0.998422,
		0.053882,
		0,
		-0.017692,
		-0.054159,
		0.998376,
		0,
		0.142541,
		0.316659,
		-0.164306,
		1
	},
	{
		0.999166,
		0.033118,
		-0.023877,
		0,
		-0.032131,
		0.998659,
		0.040605,
		0,
		0.02519,
		-0.039804,
		0.99889,
		0,
		0.137816,
		0.309013,
		-0.163749,
		1
	}
}

return spline_matrices
