local spline_matrices = {
	[0] = {
		1,
		4.6e-05,
		0,
		0,
		-4.6e-05,
		0.999996,
		0.002998,
		0,
		-0,
		-0.002998,
		0.999996,
		0,
		-0.000157,
		0.154842,
		-0.118845,
		1
	},
	{
		0.999987,
		0.002581,
		-0.004389,
		0,
		-0.002544,
		0.999961,
		0.008498,
		0,
		0.00441,
		-0.008487,
		0.999954,
		0,
		-0.00021,
		0.151064,
		-0.119102,
		1
	},
	[0.0166666666667] = {
		0.999999,
		-7e-06,
		0.001676,
		0,
		-2e-06,
		0.999984,
		0.005582,
		0,
		-0.001676,
		-0.005582,
		0.999983,
		0,
		0.000549,
		0.153669,
		-0.122879,
		1
	},
	[0.0333333333333] = {
		0.999983,
		-0.000123,
		0.005867,
		0,
		5.3e-05,
		0.999927,
		0.012044,
		0,
		-0.005868,
		-0.012044,
		0.99991,
		0,
		0.002321,
		0.150701,
		-0.132793,
		1
	},
	[0.05] = {
		0.999936,
		-0.000239,
		0.011315,
		0,
		7e-06,
		0.999791,
		0.020445,
		0,
		-0.011318,
		-0.020443,
		0.999727,
		0,
		0.004633,
		0.146765,
		-0.145319,
		1
	},
	[0.0666666666667] = {
		0.999859,
		-0.000314,
		0.016765,
		0,
		-0.00017,
		0.999584,
		0.028843,
		0,
		-0.016767,
		-0.028842,
		0.999443,
		0,
		0.006951,
		0.142737,
		-0.157434,
		1
	},
	[0.0833333333333] = {
		0.99978,
		-0.000344,
		0.020956,
		0,
		-0.000396,
		0.999377,
		0.035301,
		0,
		-0.020955,
		-0.035302,
		0.999157,
		0,
		0.008733,
		0.139573,
		-0.166475,
		1
	},
	[0.116666666667] = {
		0.999781,
		9.7e-05,
		0.020928,
		0,
		-0.000897,
		0.999269,
		0.038209,
		0,
		-0.020909,
		-0.03822,
		0.999051,
		0,
		0.009019,
		0.207992,
		-0.161879,
		1
	},
	[0.133333333333] = {
		0.999852,
		0.000976,
		0.017185,
		0,
		-0.00165,
		0.999229,
		0.039219,
		0,
		-0.017133,
		-0.039241,
		0.999083,
		0,
		0.008452,
		0.36118,
		-0.142859,
		1
	},
	[0.15] = {
		0.999908,
		0.001573,
		0.013455,
		0,
		-0.002122,
		0.999159,
		0.040946,
		0,
		-0.01338,
		-0.040971,
		0.999071,
		0,
		0.008532,
		0.514079,
		-0.122059,
		1
	},
	[0.166666666667] = {
		0.99993,
		0.0011,
		0.011764,
		0,
		-0.001609,
		0.999057,
		0.043393,
		0,
		-0.011705,
		-0.043409,
		0.998989,
		0,
		0.009184,
		0.583268,
		-0.111525,
		1
	},
	[0.183333333333] = {
		0.999926,
		0.000177,
		0.012178,
		0,
		-0.000719,
		0.999008,
		0.044516,
		0,
		-0.012158,
		-0.044522,
		0.998934,
		0,
		0.009627,
		0.582676,
		-0.111123,
		1
	},
	[0.1] = {
		0.999744,
		-0.00035,
		0.022633,
		0,
		-0.000508,
		0.999282,
		0.037884,
		0,
		-0.02263,
		-0.037886,
		0.999026,
		0,
		0.009446,
		0.13829,
		-0.170023,
		1
	},
	[0.216666666667] = {
		0.999883,
		-0.001069,
		0.015231,
		0,
		0.00041,
		0.999067,
		0.043178,
		0,
		-0.015263,
		-0.043167,
		0.998951,
		0,
		0.009859,
		0.580443,
		-0.111223,
		1
	},
	[0.233333333333] = {
		0.999842,
		-0.001847,
		0.01768,
		0,
		0.00109,
		0.999086,
		0.042735,
		0,
		-0.017742,
		-0.042709,
		0.99893,
		0,
		0.009965,
		0.578698,
		-0.111405,
		1
	},
	[0.25] = {
		0.999784,
		-0.002617,
		0.020618,
		0,
		0.001743,
		0.999104,
		0.042297,
		0,
		-0.02071,
		-0.042252,
		0.998892,
		0,
		0.010044,
		0.576299,
		-0.111663,
		1
	},
	[0.266666666667] = {
		0.999708,
		-0.003295,
		0.023951,
		0,
		0.002293,
		0.999125,
		0.041752,
		0,
		-0.024068,
		-0.041685,
		0.998841,
		0,
		0.010082,
		0.57307,
		-0.111985,
		1
	},
	[0.283333333333] = {
		0.999612,
		-0.003799,
		0.027585,
		0,
		0.002666,
		0.999156,
		0.04099,
		0,
		-0.027717,
		-0.040901,
		0.998779,
		0,
		0.010065,
		0.568835,
		-0.112363,
		1
	},
	[0.2] = {
		0.999911,
		-0.000367,
		0.013366,
		0,
		-0.000218,
		0.999043,
		0.043735,
		0,
		-0.013369,
		-0.043734,
		0.998954,
		0,
		0.009742,
		0.58171,
		-0.111126,
		1
	},
	[0.316666666667] = {
		0.999366,
		-0.003951,
		0.035376,
		0,
		0.002593,
		0.999261,
		0.038352,
		0,
		-0.035502,
		-0.038236,
		0.998638,
		0,
		0.009817,
		0.556641,
		-0.113236,
		1
	},
	[0.333333333333] = {
		0.99922,
		-0.003434,
		0.039343,
		0,
		0.002007,
		0.999341,
		0.036242,
		0,
		-0.039442,
		-0.036135,
		0.998568,
		0,
		0.009561,
		0.548328,
		-0.113708,
		1
	},
	[0.35] = {
		0.999033,
		-0.002598,
		0.043887,
		0,
		0.001202,
		0.999493,
		0.031802,
		0,
		-0.043947,
		-0.031719,
		0.99853,
		0,
		0.009175,
		0.538182,
		-0.11467,
		1
	},
	[0.366666666667] = {
		0.998776,
		-0.001625,
		0.049427,
		0,
		0.000444,
		0.999714,
		0.023898,
		0,
		-0.049452,
		-0.023847,
		0.998492,
		0,
		0.008655,
		0.526188,
		-0.116464,
		1
	},
	[0.383333333333] = {
		0.998449,
		-0.000552,
		0.055663,
		0,
		-0.000192,
		0.999911,
		0.013357,
		0,
		-0.055665,
		-0.013347,
		0.99836,
		0,
		0.00803,
		0.512597,
		-0.11888,
		1
	},
	[0.3] = {
		0.999498,
		-0.004045,
		0.031425,
		0,
		0.00279,
		0.9992,
		0.039895,
		0,
		-0.031561,
		-0.039788,
		0.99871,
		0,
		0.009981,
		0.563418,
		-0.112784,
		1
	},
	[0.416666666667] = {
		0.997614,
		0.001752,
		0.069009,
		0,
		-0.000904,
		0.999924,
		-0.012319,
		0,
		-0.069025,
		0.012228,
		0.99754,
		0,
		0.006592,
		0.481622,
		-0.124746,
		1
	},
	[0.433333333333] = {
		0.99714,
		0.002906,
		0.075516,
		0,
		-0.000959,
		0.999667,
		-0.025795,
		0,
		-0.075566,
		0.025648,
		0.996811,
		0,
		0.00584,
		0.464739,
		-0.127794,
		1
	},
	[0.45] = {
		0.996664,
		0.004008,
		0.081511,
		0,
		-0.000863,
		0.999255,
		-0.038588,
		0,
		-0.081605,
		0.038389,
		0.995925,
		0,
		0.005108,
		0.447257,
		-0.130664,
		1
	},
	[0.466666666667] = {
		0.996222,
		0.00502,
		0.086695,
		0,
		-0.000692,
		0.998755,
		-0.049876,
		0,
		-0.086838,
		0.049628,
		0.994986,
		0,
		0.004428,
		0.429421,
		-0.133144,
		1
	},
	[0.483333333333] = {
		0.995855,
		0.0059,
		0.090767,
		0,
		-0.000551,
		0.998267,
		-0.058838,
		0,
		-0.090957,
		0.058544,
		0.994132,
		0,
		0.003831,
		0.411908,
		-0.135037,
		1
	},
	[0.4] = {
		0.998058,
		0.000587,
		0.062291,
		0,
		-0.000651,
		0.999999,
		0.001008,
		0,
		-0.06229,
		-0.001047,
		0.998058,
		0,
		0.007332,
		0.497658,
		-0.121708,
		1
	},
	[0.516666666667] = {
		0.995511,
		0.007104,
		0.094382,
		0,
		-0.000814,
		0.997785,
		-0.066517,
		0,
		-0.094646,
		0.066141,
		0.993311,
		0,
		0.003015,
		0.379845,
		-0.136446,
		1
	},
	[0.533333333333] = {
		0.995635,
		0.007402,
		0.093034,
		0,
		-0.001331,
		0.997874,
		-0.065153,
		0,
		-0.093319,
		0.064745,
		0.993529,
		0,
		0.002777,
		0.364,
		-0.136101,
		1
	},
	[0.55] = {
		0.995981,
		0.007605,
		0.089242,
		0,
		-0.00206,
		0.99807,
		-0.062066,
		0,
		-0.089541,
		0.061633,
		0.994074,
		0,
		0.002543,
		0.346507,
		-0.135577,
		1
	},
	[0.566666666667] = {
		0.996488,
		0.007779,
		0.083379,
		0,
		-0.002978,
		0.998338,
		-0.057559,
		0,
		-0.083688,
		0.057108,
		0.994854,
		0,
		0.002293,
		0.32776,
		-0.134922,
		1
	},
	[0.583333333333] = {
		0.99709,
		0.007925,
		0.075819,
		0,
		-0.003992,
		0.998645,
		-0.051877,
		0,
		-0.076128,
		0.051424,
		0.995771,
		0,
		0.00203,
		0.308158,
		-0.134162,
		1
	},
	[0.5] = {
		0.995604,
		0.006608,
		0.093429,
		0,
		-0.000556,
		0.997907,
		-0.064657,
		0,
		-0.093661,
		0.064321,
		0.993524,
		0,
		0.003349,
		0.395331,
		-0.136187,
		1
	},
	[0.616666666667] = {
		0.998335,
		0.008131,
		0.057106,
		0,
		-0.005966,
		0.99926,
		-0.037996,
		0,
		-0.057373,
		0.037592,
		0.997645,
		0,
		0.001468,
		0.267994,
		-0.132426,
		1
	},
	[0.633333333333] = {
		0.998875,
		0.008194,
		0.046705,
		0,
		-0.006782,
		0.999518,
		-0.030305,
		0,
		-0.046931,
		0.029954,
		0.998449,
		0,
		0.001174,
		0.248233,
		-0.131494,
		1
	},
	[0.65] = {
		0.999314,
		0.00823,
		0.03611,
		0,
		-0.007421,
		0.99972,
		-0.022458,
		0,
		-0.036285,
		0.022175,
		0.999095,
		0,
		0.000878,
		0.22922,
		-0.130545,
		1
	},
	[0.666666666667] = {
		0.999636,
		0.008239,
		0.0257,
		0,
		-0.007863,
		0.999861,
		-0.014717,
		0,
		-0.025817,
		0.01451,
		0.999561,
		0,
		0.000585,
		0.211354,
		-0.129596,
		1
	},
	[0.683333333333] = {
		0.999841,
		0.008223,
		0.015853,
		0,
		-0.008107,
		0.99994,
		-0.007345,
		0,
		-0.015913,
		0.007215,
		0.999847,
		0,
		0.000305,
		0.195032,
		-0.128659,
		1
	},
	[0.6] = {
		0.997725,
		0.008042,
		0.066937,
		0,
		-0.005015,
		0.998962,
		-0.045272,
		0,
		-0.067231,
		0.044833,
		0.99673,
		0,
		0.001754,
		0.288102,
		-0.133323,
		1
	},
	[0.716666666667] = {
		0.999967,
		0.008115,
		-0.000634,
		0,
		-0.008112,
		0.999953,
		0.005241,
		0,
		0.000676,
		-0.005235,
		0.999986,
		0,
		-0.000173,
		0.168617,
		-0.12687,
		1
	},
	[0.733333333333] = {
		0.999947,
		0.008024,
		-0.006517,
		0,
		-0.007959,
		0.999919,
		0.009931,
		0,
		0.006596,
		-0.009879,
		0.999929,
		0,
		-0.000343,
		0.159316,
		-0.126035,
		1
	},
	[0.75] = {
		0.999915,
		0.007909,
		-0.010324,
		0,
		-0.007772,
		0.999883,
		0.013206,
		0,
		0.010427,
		-0.013125,
		0.999859,
		0,
		-0.000445,
		0.153149,
		-0.125249,
		1
	},
	[0.766666666667] = {
		0.999902,
		0.007768,
		-0.011676,
		0,
		-0.007595,
		0.999862,
		0.014807,
		0,
		0.01179,
		-0.014717,
		0.999822,
		0,
		-0.000465,
		0.150513,
		-0.124515,
		1
	},
	[0.783333333333] = {
		0.999904,
		0.007588,
		-0.011616,
		0,
		-0.007409,
		0.999854,
		0.015377,
		0,
		0.011731,
		-0.015289,
		0.999814,
		0,
		-0.000438,
		0.149488,
		-0.123825,
		1
	},
	[0.7] = {
		0.999942,
		0.008182,
		0.006949,
		0,
		-0.008178,
		0.999966,
		-0.000605,
		0,
		-0.006954,
		0.000548,
		0.999976,
		0,
		4.8e-05,
		0.180654,
		-0.127747,
		1
	},
	[0.816666666667] = {
		0.999912,
		0.007085,
		-0.011172,
		0,
		-0.006907,
		0.99985,
		0.015882,
		0,
		0.011283,
		-0.015803,
		0.999811,
		0,
		-0.000387,
		0.147395,
		-0.122596,
		1
	},
	[0.833333333333] = {
		0.999919,
		0.006771,
		-0.010808,
		0,
		-0.0066,
		0.999853,
		0.015827,
		0,
		0.010914,
		-0.015755,
		0.999816,
		0,
		-0.000364,
		0.146784,
		-0.122063,
		1
	},
	[0.85] = {
		0.999926,
		0.006424,
		-0.010363,
		0,
		-0.006262,
		0.999859,
		0.015575,
		0,
		0.010462,
		-0.015509,
		0.999825,
		0,
		-0.000343,
		0.146481,
		-0.121578,
		1
	},
	[0.866666666667] = {
		0.999933,
		0.006046,
		-0.009848,
		0,
		-0.005897,
		0.999868,
		0.015131,
		0,
		0.009938,
		-0.015072,
		0.999837,
		0,
		-0.000324,
		0.146498,
		-0.121135,
		1
	},
	[0.883333333333] = {
		0.999941,
		0.005645,
		-0.009271,
		0,
		-0.00551,
		0.99988,
		0.014499,
		0,
		0.009352,
		-0.014447,
		0.999852,
		0,
		-0.000306,
		0.146849,
		-0.120732,
		1
	},
	[0.8] = {
		0.999907,
		0.007359,
		-0.011445,
		0,
		-0.007178,
		0.99985,
		0.015733,
		0,
		0.011559,
		-0.01565,
		0.999811,
		0,
		-0.000411,
		0.148301,
		-0.123182,
		1
	},
	[0.916666666667] = {
		0.999957,
		0.004789,
		-0.007977,
		0,
		-0.004686,
		0.999905,
		0.012931,
		0,
		0.008038,
		-0.012893,
		0.999885,
		0,
		-0.000274,
		0.147969,
		-0.120059,
		1
	},
	[0.933333333333] = {
		0.999964,
		0.004345,
		-0.007279,
		0,
		-0.004257,
		0.999918,
		0.012076,
		0,
		0.007331,
		-0.012045,
		0.999901,
		0,
		-0.000259,
		0.148571,
		-0.119792,
		1
	},
	[0.95] = {
		0.999971,
		0.003897,
		-0.006562,
		0,
		-0.003823,
		0.99993,
		0.011193,
		0,
		0.006605,
		-0.011167,
		0.999916,
		0,
		-0.000246,
		0.14919,
		-0.119566,
		1
	},
	[0.966666666667] = {
		0.999977,
		0.00345,
		-0.005834,
		0,
		-0.00339,
		0.999941,
		0.010293,
		0,
		0.005869,
		-0.010273,
		0.99993,
		0,
		-0.000233,
		0.149818,
		-0.119378,
		1
	},
	[0.983333333333] = {
		0.999982,
		0.00301,
		-0.005106,
		0,
		-0.002962,
		0.999952,
		0.00939,
		0,
		0.005134,
		-0.009375,
		0.999943,
		0,
		-0.000221,
		0.150445,
		-0.119225,
		1
	},
	[0.9] = {
		0.999949,
		0.005224,
		-0.008644,
		0,
		-0.005105,
		0.999893,
		0.013742,
		0,
		0.008715,
		-0.013698,
		0.999868,
		0,
		-0.00029,
		0.147392,
		-0.120372,
		1
	},
	[1.01666666667] = {
		0.999991,
		0.002169,
		-0.003691,
		0,
		-0.00214,
		0.999969,
		0.007628,
		0,
		0.003707,
		-0.00762,
		0.999964,
		0,
		-0.0002,
		0.151664,
		-0.119008,
		1
	},
	[1.03333333333] = {
		0.999994,
		0.001778,
		-0.003024,
		0,
		-0.001757,
		0.999975,
		0.006795,
		0,
		0.003036,
		-0.00679,
		0.999972,
		0,
		-0.000191,
		0.152239,
		-0.118937,
		1
	},
	[1.05] = {
		0.999996,
		0.001414,
		-0.002398,
		0,
		-0.001399,
		0.999981,
		0.006011,
		0,
		0.002407,
		-0.006008,
		0.999979,
		0,
		-0.000183,
		0.152778,
		-0.118888,
		1
	},
	[1.06666666667] = {
		0.999998,
		0.001082,
		-0.001823,
		0,
		-0.001072,
		0.999985,
		0.00529,
		0,
		0.001828,
		-0.005288,
		0.999984,
		0,
		-0.000176,
		0.153273,
		-0.118856,
		1
	},
	[1.08333333333] = {
		0.999999,
		0.000786,
		-0.001308,
		0,
		-0.00078,
		0.999989,
		0.004644,
		0,
		0.001311,
		-0.004643,
		0.999988,
		0,
		-0.00017,
		0.153717,
		-0.118839,
		1
	},
	[1.11666666667] = {
		1,
		0.000328,
		-0.000501,
		0,
		-0.000326,
		0.999993,
		0.003629,
		0,
		0.000502,
		-0.003629,
		0.999993,
		0,
		-0.000162,
		0.154411,
		-0.118833,
		1
	},
	[1.13333333333] = {
		1,
		0.000175,
		-0.000229,
		0,
		-0.000174,
		0.999995,
		0.003287,
		0,
		0.00023,
		-0.003287,
		0.999995,
		0,
		-0.000159,
		0.154645,
		-0.118837,
		1
	},
	[1.15] = {
		1,
		7.9e-05,
		-5.9e-05,
		0,
		-7.9e-05,
		0.999995,
		0.003072,
		0,
		5.9e-05,
		-0.003072,
		0.999995,
		0,
		-0.000158,
		0.154792,
		-0.118843,
		1
	},
	[1.16666666667] = {
		1,
		4.6e-05,
		0,
		0,
		-4.6e-05,
		0.999996,
		0.002998,
		0,
		-0,
		-0.002998,
		0.999996,
		0,
		-0.000157,
		0.154842,
		-0.118845,
		1
	},
	[1.1] = {
		0.999999,
		0.000533,
		-0.000864,
		0,
		-0.00053,
		0.999992,
		0.004086,
		0,
		0.000866,
		-0.004085,
		0.999991,
		0,
		-0.000166,
		0.154099,
		-0.118832,
		1
	}
}

return spline_matrices
