local spline_matrices = {
	[0] = {
		-0.626713,
		-0.011779,
		0.779161,
		0,
		-0.359818,
		0.891283,
		-0.275944,
		0,
		-0.691203,
		-0.453294,
		-0.562817,
		0,
		0.001126,
		0.080028,
		-0.568886,
		1
	},
	{
		0.795206,
		0.29427,
		-0.530144,
		0,
		-0.557642,
		0.011625,
		-0.83,
		0,
		-0.238081,
		0.955652,
		0.173342,
		0,
		-0.011045,
		-0.444312,
		-0.271375,
		1
	},
	[0.0166666666667] = {
		-0.566441,
		-0.037038,
		0.823269,
		0,
		-0.408057,
		0.880533,
		-0.241145,
		0,
		-0.715984,
		-0.472536,
		-0.513884,
		0,
		-0.063338,
		0.075141,
		-0.555681,
		1
	},
	[0.0333333333333] = {
		-0.501597,
		-0.062892,
		0.862812,
		0,
		-0.453644,
		0.868352,
		-0.20043,
		0,
		-0.736619,
		-0.491944,
		-0.464094,
		0,
		-0.120301,
		0.065078,
		-0.526132,
		1
	},
	[0.05] = {
		-0.432793,
		-0.086899,
		0.897295,
		0,
		-0.495635,
		0.854347,
		-0.15632,
		0,
		-0.753018,
		-0.512386,
		-0.412826,
		0,
		-0.170536,
		0.051714,
		-0.485773,
		1
	},
	[0.0666666666667] = {
		-0.360892,
		-0.106505,
		0.926506,
		0,
		-0.533474,
		0.838446,
		-0.111416,
		0,
		-0.764959,
		-0.534476,
		-0.359406,
		0,
		-0.214813,
		0.036919,
		-0.44016,
		1
	},
	[0.0833333333333] = {
		-0.286955,
		-0.119098,
		0.950512,
		0,
		-0.56702,
		0.820865,
		-0.068327,
		0,
		-0.772104,
		-0.558566,
		-0.303082,
		0,
		-0.253903,
		0.022547,
		-0.394872,
		1
	},
	[0.116666666667] = {
		-0.142821,
		-0.11247,
		0.983337,
		0,
		-0.623498,
		0.781824,
		-0.001136,
		0,
		-0.768669,
		-0.613272,
		-0.181786,
		0,
		-0.319838,
		-0.00034,
		-0.321375,
		1
	},
	[0.133333333333] = {
		-0.079601,
		-0.090905,
		0.992673,
		0,
		-0.648857,
		0.760706,
		0.017632,
		0,
		-0.756735,
		-0.6427,
		-0.119538,
		0,
		-0.348272,
		-0.011652,
		-0.287768,
		1
	},
	[0.15] = {
		-0.021777,
		-0.060055,
		0.997957,
		0,
		-0.67341,
		0.73867,
		0.029757,
		0,
		-0.738949,
		-0.671386,
		-0.056528,
		0,
		-0.373895,
		-0.023143,
		-0.254622,
		1
	},
	[0.166666666667] = {
		0.031677,
		-0.022625,
		0.999242,
		0,
		-0.697421,
		0.715636,
		0.038313,
		0,
		-0.715961,
		-0.698107,
		0.00689,
		0,
		-0.396696,
		-0.0345,
		-0.221884,
		1
	},
	[0.183333333333] = {
		0.082164,
		0.018727,
		0.996443,
		0,
		-0.720749,
		0.691639,
		0.046433,
		0,
		-0.688309,
		-0.722001,
		0.070325,
		0,
		-0.416684,
		-0.04543,
		-0.189454,
		1
	},
	[0.1] = {
		-0.212185,
		-0.122051,
		0.969578,
		0,
		-0.596568,
		0.802017,
		-0.029596,
		0,
		-0.774005,
		-0.584699,
		-0.242988,
		0,
		-0.288592,
		0.010444,
		-0.3555,
		1
	},
	[0.216666666667] = {
		0.180939,
		0.103079,
		0.978078,
		0,
		-0.763179,
		0.641991,
		0.073524,
		0,
		-0.620338,
		-0.759752,
		0.194829,
		0,
		-0.448131,
		-0.06493,
		-0.125142,
		1
	},
	[0.233333333333] = {
		0.232881,
		0.141394,
		0.962172,
		0,
		-0.780467,
		0.617442,
		0.098167,
		0,
		-0.580205,
		-0.773805,
		0.254143,
		0,
		-0.459459,
		-0.073033,
		-0.093176,
		1
	},
	[0.25] = {
		0.289199,
		0.174433,
		0.941242,
		0,
		-0.793284,
		0.594,
		0.133657,
		0,
		-0.535783,
		-0.785326,
		0.31016,
		0,
		-0.467737,
		-0.079782,
		-0.061288,
		1
	},
	[0.266666666667] = {
		0.351944,
		0.200361,
		0.914325,
		0,
		-0.799512,
		0.572306,
		0.182337,
		0,
		-0.48674,
		-0.795186,
		0.361611,
		0,
		-0.472847,
		-0.085005,
		-0.029449,
		1
	},
	[0.283333333333] = {
		0.42298,
		0.217266,
		0.879706,
		0,
		-0.796154,
		0.552696,
		0.246304,
		0,
		-0.432697,
		-0.804564,
		0.406757,
		0,
		-0.474644,
		-0.088538,
		0.002339,
		1
	},
	[0.2] = {
		0.131338,
		0.061437,
		0.989432,
		0,
		-0.742917,
		0.666935,
		0.057203,
		0,
		-0.656372,
		-0.742579,
		0.133237,
		0,
		-0.433847,
		-0.055656,
		-0.157223,
		1
	},
	[0.316666666667] = {
		0.626306,
		0.217486,
		0.748626,
		0,
		-0.741049,
		0.46425,
		0.485096,
		0,
		-0.242048,
		-0.858587,
		0.451931,
		0,
		-0.448538,
		-0.071015,
		0.068972,
		1
	},
	[0.333333333333] = {
		0.762905,
		0.216823,
		0.609068,
		0,
		-0.643206,
		0.34969,
		0.681178,
		0,
		-0.06529,
		-0.91143,
		0.406242,
		0,
		-0.395553,
		-0.013812,
		0.102451,
		1
	},
	[0.35] = {
		0.858179,
		0.205084,
		0.470604,
		0,
		-0.512793,
		0.299777,
		0.804473,
		0,
		0.023908,
		-0.931705,
		0.362428,
		0,
		-0.336035,
		0.076295,
		0.128237,
		1
	},
	[0.366666666667] = {
		0.905382,
		0.122292,
		0.406606,
		0,
		-0.418435,
		0.419557,
		0.805534,
		0,
		-0.072084,
		-0.899454,
		0.43103,
		0,
		-0.291454,
		0.193392,
		0.14498,
		1
	},
	[0.383333333333] = {
		0.794656,
		-0.103624,
		0.598151,
		0,
		-0.261206,
		0.831081,
		0.490994,
		0,
		-0.547991,
		-0.546412,
		0.633357,
		0,
		-0.29056,
		0.389568,
		0.143789,
		1
	},
	[0.3] = {
		0.50363,
		0.223283,
		0.834567,
		0,
		-0.779042,
		0.534942,
		0.327002,
		0,
		-0.373431,
		-0.81485,
		0.44336,
		0,
		-0.47296,
		-0.090255,
		0.034048,
		1
	},
	[0.416666666667] = {
		0.479843,
		-0.053685,
		0.87571,
		0,
		0.729818,
		0.5784,
		-0.364443,
		0,
		-0.486945,
		0.813985,
		0.316722,
		0,
		0.001237,
		0.74877,
		-0.030426,
		1
	},
	[0.433333333333] = {
		0.519228,
		-0.034651,
		0.853933,
		0,
		0.834492,
		0.236211,
		-0.497822,
		0,
		-0.184459,
		0.971084,
		0.151564,
		0,
		0.174112,
		0.745711,
		-0.151289,
		1
	},
	[0.45] = {
		0.438681,
		0.021333,
		0.898389,
		0,
		0.866953,
		-0.27319,
		-0.416844,
		0,
		0.236538,
		0.961724,
		-0.138338,
		0,
		0.357134,
		0.665773,
		-0.266376,
		1
	},
	[0.466666666667] = {
		0.469909,
		0.03987,
		0.881814,
		0,
		0.766397,
		-0.514089,
		-0.385161,
		0,
		0.437974,
		0.85681,
		-0.272131,
		0,
		0.483949,
		0.561699,
		-0.320089,
		1
	},
	[0.483333333333] = {
		0.472333,
		-0.071182,
		0.878541,
		0,
		0.647651,
		-0.64806,
		-0.400706,
		0,
		0.597871,
		0.758255,
		-0.259999,
		0,
		0.57953,
		0.465056,
		-0.348717,
		1
	},
	[0.4] = {
		0.530693,
		-0.135824,
		0.83661,
		0,
		0.238555,
		0.971108,
		0.006335,
		0,
		-0.8133,
		0.196215,
		0.547762,
		0,
		-0.225068,
		0.611169,
		0.087646,
		1
	},
	[0.516666666667] = {
		0.441997,
		-0.132351,
		0.887199,
		0,
		0.461554,
		-0.814523,
		-0.351453,
		0,
		0.769159,
		0.564832,
		-0.29893,
		0,
		0.668762,
		0.328645,
		-0.400496,
		1
	},
	[0.533333333333] = {
		0.424605,
		-0.134461,
		0.895339,
		0,
		0.375817,
		-0.873514,
		-0.309411,
		0,
		0.823694,
		0.467861,
		-0.320365,
		0,
		0.685246,
		0.281964,
		-0.417126,
		1
	},
	[0.55] = {
		0.412147,
		-0.121803,
		0.902939,
		0,
		0.294978,
		-0.91981,
		-0.258722,
		0,
		0.862045,
		0.372979,
		-0.343168,
		0,
		0.693984,
		0.246984,
		-0.430943,
		1
	},
	[0.566666666667] = {
		0.407947,
		-0.09798,
		0.907733,
		0,
		0.218626,
		-0.954817,
		-0.201315,
		0,
		0.886443,
		0.28058,
		-0.368093,
		0,
		0.697817,
		0.218764,
		-0.442967,
		1
	},
	[0.583333333333] = {
		0.414343,
		-0.067403,
		0.907621,
		0,
		0.145903,
		-0.979436,
		-0.139344,
		0,
		0.89835,
		0.190161,
		-0.395988,
		0,
		0.698328,
		0.193091,
		-0.453937,
		1
	},
	[0.5] = {
		0.4597,
		-0.112506,
		0.880919,
		0,
		0.55191,
		-0.740934,
		-0.382638,
		0,
		0.695752,
		0.662087,
		-0.278515,
		0,
		0.639603,
		0.39141,
		-0.379566,
		1
	},
	[0.616666666667] = {
		0.464708,
		-0.007574,
		0.885432,
		0,
		0.006296,
		-0.99991,
		-0.011857,
		0,
		0.885442,
		0.011085,
		-0.464618,
		0,
		0.692317,
		0.136152,
		-0.475408,
		1
	},
	[0.633333333333] = {
		0.513037,
		0.022015,
		0.858084,
		0,
		-0.066867,
		-0.995608,
		0.065522,
		0,
		0.855758,
		-0.090993,
		-0.509312,
		0,
		0.683819,
		0.100768,
		-0.487996,
		1
	},
	[0.65] = {
		0.578454,
		0.056104,
		0.813783,
		0,
		-0.140782,
		-0.975795,
		0.167344,
		0,
		0.803474,
		-0.211367,
		-0.556555,
		0,
		0.668624,
		0.062348,
		-0.501931,
		1
	},
	[0.666666666667] = {
		0.655116,
		0.084194,
		0.750822,
		0,
		-0.204863,
		-0.936746,
		0.283793,
		0,
		0.727224,
		-0.339733,
		-0.596429,
		0,
		0.646973,
		0.022076,
		-0.515826,
		1
	},
	[0.683333333333] = {
		0.734916,
		0.097748,
		0.671077,
		0,
		-0.250496,
		-0.880448,
		0.40257,
		0,
		0.630199,
		-0.463957,
		-0.62257,
		0,
		0.619564,
		-0.018985,
		-0.528705,
		1
	},
	[0.6] = {
		0.432939,
		-0.035409,
		0.900727,
		0,
		0.075621,
		-0.994279,
		-0.075435,
		0,
		0.898246,
		0.100773,
		-0.427785,
		0,
		0.696379,
		0.166615,
		-0.464498,
		1
	},
	[0.716666666667] = {
		0.871721,
		0.068699,
		0.485163,
		0,
		-0.274887,
		-0.751084,
		0.600258,
		0,
		0.405635,
		-0.656623,
		-0.635851,
		0,
		0.552595,
		-0.099894,
		-0.549159,
		1
	},
	[0.733333333333] = {
		0.918898,
		0.030863,
		0.393286,
		0,
		-0.260419,
		-0.701391,
		0.6635,
		0,
		0.296325,
		-0.712108,
		-0.636469,
		0,
		0.5165,
		-0.138437,
		-0.556207,
		1
	},
	[0.75] = {
		0.950838,
		-0.015186,
		0.309316,
		0,
		-0.237741,
		-0.675857,
		0.697636,
		0,
		0.198459,
		-0.736876,
		-0.646241,
		0,
		0.481477,
		-0.174951,
		-0.561153,
		1
	},
	[0.766666666667] = {
		0.969701,
		-0.063613,
		0.235866,
		0,
		-0.214743,
		-0.682266,
		0.698855,
		0,
		0.116468,
		-0.728331,
		-0.675255,
		0,
		0.450007,
		-0.208759,
		-0.564445,
		1
	},
	[0.783333333333] = {
		0.97991,
		-0.112788,
		0.164482,
		0,
		-0.194449,
		-0.723619,
		0.662242,
		0,
		0.044329,
		-0.680922,
		-0.731014,
		0,
		0.420297,
		-0.241403,
		-0.567863,
		1
	},
	[0.7] = {
		0.809314,
		0.092409,
		0.580062,
		0,
		-0.273435,
		-0.814744,
		0.511298,
		0,
		0.519851,
		-0.57241,
		-0.634115,
		0,
		0.587579,
		-0.059886,
		-0.539936,
		1
	},
	[0.816666666667] = {
		0.979432,
		-0.2013,
		-0.013804,
		0,
		-0.173314,
		-0.874352,
		0.453289,
		0,
		-0.103316,
		-0.441574,
		-0.891257,
		0,
		0.351912,
		-0.308811,
		-0.574277,
		1
	},
	[0.833333333333] = {
		0.96667,
		-0.223384,
		-0.125094,
		0,
		-0.184036,
		-0.945946,
		0.267053,
		0,
		-0.177988,
		-0.235131,
		-0.955528,
		0,
		0.311444,
		-0.341645,
		-0.572859,
		1
	},
	[0.85] = {
		0.945097,
		-0.216106,
		-0.245131,
		0,
		-0.215202,
		-0.976084,
		0.030804,
		0,
		-0.245925,
		0.02364,
		-0.969,
		0,
		0.263868,
		-0.36214,
		-0.548686,
		1
	},
	[0.866666666667] = {
		0.916935,
		-0.17264,
		-0.359757,
		0,
		-0.266127,
		-0.936352,
		-0.228959,
		0,
		-0.297332,
		0.305681,
		-0.904518,
		0,
		0.21587,
		-0.374451,
		-0.514289,
		1
	},
	[0.883333333333] = {
		0.886853,
		-0.097193,
		-0.451713,
		0,
		-0.329106,
		-0.819075,
		-0.4699,
		0,
		-0.324316,
		0.565394,
		-0.758386,
		0,
		0.1703,
		-0.383372,
		-0.475058,
		1
	},
	[0.8] = {
		0.983486,
		-0.161068,
		0.082542,
		0,
		-0.178727,
		-0.792472,
		0.583133,
		0,
		-0.028512,
		-0.588256,
		-0.808172,
		0,
		0.387945,
		-0.274959,
		-0.57175,
		1
	},
	[0.916666666667] = {
		0.839044,
		0.085635,
		-0.537282,
		0,
		-0.446518,
		-0.455839,
		-0.769956,
		0,
		-0.31085,
		0.885933,
		-0.344232,
		0,
		0.090829,
		-0.400702,
		-0.389647,
		1
	},
	[0.933333333333] = {
		0.82413,
		0.162773,
		-0.542507,
		0,
		-0.487863,
		-0.282598,
		-0.82591,
		0,
		-0.287748,
		0.945327,
		-0.153487,
		0,
		0.058104,
		-0.411192,
		-0.350023,
		1
	},
	[0.95] = {
		0.813284,
		0.221693,
		-0.537979,
		0,
		-0.517698,
		-0.146385,
		-0.842947,
		0,
		-0.265628,
		0.964066,
		-0.004282,
		0,
		0.030538,
		-0.422384,
		-0.316612,
		1
	},
	[0.966666666667] = {
		0.804092,
		0.262583,
		-0.533373,
		0,
		-0.539329,
		-0.055268,
		-0.84028,
		0,
		-0.250122,
		0.963325,
		0.097178,
		0,
		0.00855,
		-0.433334,
		-0.29174,
		1
	},
	[0.983333333333] = {
		0.797609,
		0.285759,
		-0.531188,
		0,
		-0.55262,
		-0.00672,
		-0.833406,
		0,
		-0.241723,
		0.958278,
		0.152556,
		0,
		-0.00547,
		-0.441189,
		-0.277089,
		1
	},
	[0.9] = {
		0.859929,
		-0.005108,
		-0.510387,
		0,
		-0.392399,
		-0.646089,
		-0.65467,
		0,
		-0.326412,
		0.763245,
		-0.557595,
		0,
		0.128368,
		-0.391546,
		-0.432485,
		1
	},
	[1.01666666667] = {
		0.79553,
		0.292713,
		-0.53052,
		0,
		-0.557122,
		0.009136,
		-0.83038,
		0,
		-0.238216,
		0.956157,
		0.170345,
		0,
		-0.010475,
		-0.443891,
		-0.272139,
		1
	},
	[1.03333333333] = {
		0.797572,
		0.284902,
		-0.531705,
		0,
		-0.553082,
		-0.006463,
		-0.833102,
		0,
		-0.240789,
		0.958535,
		0.15242,
		0,
		-0.006014,
		-0.441261,
		-0.276963,
		1
	},
	[1.05] = {
		0.800379,
		0.274426,
		-0.532995,
		0,
		-0.547466,
		-0.027697,
		-0.83637,
		0,
		-0.244284,
		0.961209,
		0.12807,
		0,
		2.8e-05,
		-0.437784,
		-0.283424,
		1
	},
	[1.06666666667] = {
		0.802907,
		0.265085,
		-0.533919,
		0,
		-0.542403,
		-0.046641,
		-0.838823,
		0,
		-0.247262,
		0.963096,
		0.106335,
		0,
		0.005325,
		-0.434778,
		-0.289088,
		1
	},
	[1.08333333333] = {
		0.804011,
		0.261034,
		-0.534254,
		0,
		-0.540191,
		-0.054863,
		-0.839752,
		0,
		-0.248514,
		0.963769,
		0.096898,
		0,
		0.007598,
		-0.433501,
		-0.291518,
		1
	},
	[1.1] = {
		0.804011,
		0.261034,
		-0.534254,
		0,
		-0.540191,
		-0.054863,
		-0.839752,
		0,
		-0.248514,
		0.963769,
		0.096898,
		0,
		0.007598,
		-0.433501,
		-0.291518,
		1
	}
}

return spline_matrices
