local spline_matrices = {
	[0] = {
		-0.28617,
		-0.020288,
		0.957964,
		0,
		-0.551347,
		0.821168,
		-0.147312,
		0,
		-0.78366,
		-0.570326,
		-0.246179,
		0,
		0.083359,
		0.014566,
		-0.479063,
		1
	},
	{
		0.769319,
		0.312198,
		-0.557387,
		0,
		-0.555461,
		-0.104147,
		-0.824995,
		0,
		-0.315612,
		0.944291,
		0.093291,
		0,
		0.001432,
		-0.438501,
		-0.255357,
		1
	},
	[0.0166666666667] = {
		-0.306051,
		-0.125853,
		0.94366,
		0,
		-0.63744,
		0.763321,
		-0.104935,
		0,
		-0.707108,
		-0.633642,
		-0.313839,
		0,
		0.072477,
		0.034292,
		-0.456467,
		1
	},
	[0.0333333333333] = {
		-0.319446,
		-0.248874,
		0.914339,
		0,
		-0.729076,
		0.680907,
		-0.069384,
		0,
		-0.605311,
		-0.688787,
		-0.398961,
		0,
		0.051458,
		0.051336,
		-0.4343,
		1
	},
	[0.05] = {
		-0.316856,
		-0.382177,
		0.868068,
		0,
		-0.817632,
		0.573919,
		-0.045772,
		0,
		-0.480708,
		-0.724264,
		-0.49433,
		0,
		0.022651,
		0.065905,
		-0.412376,
		1
	},
	[0.0666666666667] = {
		-0.291732,
		-0.514551,
		0.806306,
		0,
		-0.893476,
		0.447528,
		-0.037678,
		0,
		-0.341457,
		-0.731407,
		-0.590297,
		0,
		-0.01123,
		0.07838,
		-0.390676,
		1
	},
	[0.0833333333333] = {
		-0.24313,
		-0.633181,
		0.734826,
		0,
		-0.94897,
		0.312136,
		-0.045023,
		0,
		-0.200858,
		-0.708275,
		-0.676759,
		0,
		-0.047147,
		0.089559,
		-0.369223,
		1
	},
	[0.116666666667] = {
		-0.102482,
		-0.793444,
		0.599953,
		0,
		-0.994372,
		0.065424,
		-0.083332,
		0,
		0.026868,
		-0.605116,
		-0.795684,
		0,
		-0.112783,
		0.113781,
		-0.326232,
		1
	},
	[0.133333333333] = {
		-0.031865,
		-0.831282,
		0.554937,
		0,
		-0.995097,
		-0.025625,
		-0.095525,
		0,
		0.093628,
		-0.55526,
		-0.826389,
		0,
		-0.137055,
		0.13048,
		-0.303545,
		1
	},
	[0.15] = {
		0.02598,
		-0.845193,
		0.53383,
		0,
		-0.992165,
		-0.087079,
		-0.089582,
		0,
		0.122199,
		-0.52732,
		-0.840833,
		0,
		-0.152548,
		0.152698,
		-0.278949,
		1
	},
	[0.166666666667] = {
		0.065279,
		-0.838343,
		0.541221,
		0,
		-0.991842,
		-0.114021,
		-0.056988,
		0,
		0.109486,
		-0.533086,
		-0.838947,
		0,
		-0.157006,
		0.182038,
		-0.251715,
		1
	},
	[0.183333333333] = {
		0.082062,
		-0.798772,
		0.596011,
		0,
		-0.99602,
		-0.086606,
		0.021069,
		0,
		0.034789,
		-0.595367,
		-0.8027,
		0,
		-0.142945,
		0.235603,
		-0.208153,
		1
	},
	[0.1] = {
		-0.176638,
		-0.727726,
		0.662733,
		0,
		-0.981495,
		0.180804,
		-0.063063,
		0,
		-0.073932,
		-0.661608,
		-0.746196,
		0,
		-0.081975,
		0.100777,
		-0.347882,
		1
	},
	[0.216666666667] = {
		0.109196,
		-0.604598,
		0.789011,
		0,
		-0.954797,
		0.156978,
		0.252428,
		0,
		-0.276475,
		-0.780909,
		-0.560127,
		0,
		-0.069376,
		0.402596,
		-0.091736,
		1
	},
	[0.233333333333] = {
		0.151156,
		-0.478557,
		0.864948,
		0,
		-0.877578,
		0.337772,
		0.340245,
		0,
		-0.454982,
		-0.810489,
		-0.368915,
		0,
		-0.029524,
		0.475654,
		-0.057369,
		1
	},
	[0.25] = {
		0.24233,
		-0.316219,
		0.917214,
		0,
		-0.770512,
		0.511767,
		0.380008,
		0,
		-0.589566,
		-0.798812,
		-0.119634,
		0,
		0.004328,
		0.527908,
		-0.057984,
		1
	},
	[0.266666666667] = {
		0.366966,
		-0.147616,
		0.918447,
		0,
		-0.609986,
		0.70724,
		0.35739,
		0,
		-0.70232,
		-0.69139,
		0.169489,
		0,
		0.038123,
		0.569037,
		-0.078549,
		1
	},
	[0.283333333333] = {
		0.481984,
		-0.071416,
		0.873265,
		0,
		-0.251822,
		0.94333,
		0.216134,
		0,
		-0.839212,
		-0.32408,
		0.436686,
		0,
		0.077976,
		0.60187,
		-0.099843,
		1
	},
	[0.2] = {
		0.089712,
		-0.717861,
		0.690382,
		0,
		-0.990625,
		0.007386,
		0.136407,
		0,
		-0.10302,
		-0.696148,
		-0.710468,
		0,
		-0.110609,
		0.315963,
		-0.148252,
		1
	},
	[0.316666666667] = {
		0.465288,
		-0.167373,
		0.869191,
		0,
		0.876342,
		0.225358,
		-0.425721,
		0,
		-0.124625,
		0.959792,
		0.251533,
		0,
		0.134114,
		0.577389,
		-0.143581,
		1
	},
	[0.333333333333] = {
		0.498905,
		-0.184867,
		0.84671,
		0,
		0.847659,
		-0.099353,
		-0.521156,
		0,
		0.180468,
		0.977729,
		0.107137,
		0,
		0.212673,
		0.551285,
		-0.203854,
		1
	},
	[0.35] = {
		0.478399,
		-0.157822,
		0.863844,
		0,
		0.807888,
		-0.306445,
		-0.503397,
		0,
		0.344168,
		0.938714,
		-0.0191,
		0,
		0.304908,
		0.492833,
		-0.279164,
		1
	},
	[0.366666666667] = {
		0.444478,
		-0.141758,
		0.884502,
		0,
		0.803705,
		-0.372947,
		-0.463647,
		0,
		0.395598,
		0.91696,
		-0.051835,
		0,
		0.358902,
		0.443489,
		-0.332199,
		1
	},
	[0.383333333333] = {
		0.432542,
		-0.104092,
		0.895585,
		0,
		0.785397,
		-0.444319,
		-0.430967,
		0,
		0.442786,
		0.889801,
		-0.110434,
		0,
		0.393292,
		0.356534,
		-0.376616,
		1
	},
	[0.3] = {
		0.479646,
		-0.180819,
		0.858629,
		0,
		0.618881,
		0.763399,
		-0.184954,
		0,
		-0.622034,
		0.620102,
		0.478066,
		0,
		0.113752,
		0.609187,
		-0.125792,
		1
	},
	[0.416666666667] = {
		0.597433,
		0.108403,
		0.794558,
		0,
		0.425509,
		-0.882687,
		-0.199515,
		0,
		0.679718,
		0.457288,
		-0.573473,
		0,
		0.43622,
		0.001355,
		-0.460093,
		1
	},
	[0.433333333333] = {
		0.7601,
		0.154873,
		0.63108,
		0,
		0.100796,
		-0.987528,
		0.120945,
		0,
		0.641941,
		-0.02832,
		-0.766231,
		0,
		0.458552,
		-0.185904,
		-0.502261,
		1
	},
	[0.45] = {
		0.891151,
		0.081728,
		0.446286,
		0,
		-0.150399,
		-0.874813,
		0.460525,
		0,
		0.428054,
		-0.477518,
		-0.767298,
		0,
		0.4807,
		-0.347193,
		-0.542878,
		1
	},
	[0.466666666667] = {
		0.94913,
		-0.045749,
		0.311542,
		0,
		-0.256029,
		-0.68808,
		0.678966,
		0,
		0.183304,
		-0.724191,
		-0.664791,
		0,
		0.495759,
		-0.461581,
		-0.576013,
		1
	},
	[0.483333333333] = {
		0.961906,
		-0.151488,
		0.22757,
		0,
		-0.272947,
		-0.579031,
		0.76826,
		0,
		0.015388,
		-0.801108,
		-0.598322,
		0,
		0.49706,
		-0.535727,
		-0.593542,
		1
	},
	[0.4] = {
		0.482576,
		-0.007045,
		0.875826,
		0,
		0.667471,
		-0.644504,
		-0.372957,
		0,
		0.567101,
		0.764569,
		-0.30632,
		0,
		0.414776,
		0.191967,
		-0.41767,
		1
	},
	[0.516666666667] = {
		0.952421,
		-0.292918,
		0.084219,
		0,
		-0.250776,
		-0.596091,
		0.76275,
		0,
		-0.173221,
		-0.747579,
		-0.641186,
		0,
		0.447215,
		-0.596458,
		-0.553762,
		1
	},
	[0.533333333333] = {
		0.938645,
		-0.344864,
		-0.003817,
		0,
		-0.242663,
		-0.668259,
		0.703239,
		0,
		-0.245073,
		-0.659165,
		-0.710943,
		0,
		0.416918,
		-0.61577,
		-0.535164,
		1
	},
	[0.55] = {
		0.919461,
		-0.377791,
		-0.108924,
		0,
		-0.243704,
		-0.765,
		0.59614,
		0,
		-0.308543,
		-0.521583,
		-0.795457,
		0,
		0.382153,
		-0.62939,
		-0.519166,
		1
	},
	[0.566666666667] = {
		0.894985,
		-0.38196,
		-0.230454,
		0,
		-0.25792,
		-0.86456,
		0.431293,
		0,
		-0.363978,
		-0.326562,
		-0.872283,
		0,
		0.342278,
		-0.63682,
		-0.505355,
		1
	},
	[0.583333333333] = {
		0.866415,
		-0.346089,
		-0.359927,
		0,
		-0.287838,
		-0.935185,
		0.206347,
		0,
		-0.408012,
		-0.075181,
		-0.909876,
		0,
		0.296977,
		-0.637031,
		-0.492124,
		1
	},
	[0.5] = {
		0.960627,
		-0.227755,
		0.159132,
		0,
		-0.263218,
		-0.562652,
		0.78367,
		0,
		-0.088949,
		-0.794701,
		-0.600448,
		0,
		0.473965,
		-0.571137,
		-0.574414,
		1
	},
	[0.616666666667] = {
		0.811111,
		-0.144083,
		-0.566867,
		0,
		-0.384754,
		-0.861404,
		-0.331584,
		0,
		-0.440526,
		0.487056,
		-0.754131,
		0,
		0.195314,
		-0.574951,
		-0.430142,
		1
	},
	[0.633333333333] = {
		0.792713,
		-0.008385,
		-0.609538,
		0,
		-0.435621,
		-0.707252,
		-0.556803,
		0,
		-0.426428,
		0.706912,
		-0.5643,
		0,
		0.146682,
		-0.534539,
		-0.392352,
		1
	},
	[0.65] = {
		0.782197,
		0.117144,
		-0.61192,
		0,
		-0.477505,
		-0.518164,
		-0.709574,
		0,
		-0.400197,
		0.847221,
		-0.349369,
		0,
		0.102248,
		-0.496385,
		-0.352844,
		1
	},
	[0.666666666667] = {
		0.777049,
		0.216411,
		-0.591067,
		0,
		-0.508494,
		-0.337627,
		-0.792112,
		0,
		-0.370982,
		0.916064,
		-0.152309,
		0,
		0.063559,
		-0.465191,
		-0.31503,
		1
	},
	[0.683333333333] = {
		0.773494,
		0.285568,
		-0.565825,
		0,
		-0.531149,
		-0.195038,
		-0.824525,
		0,
		-0.345815,
		0.938302,
		0.000818,
		0,
		0.031955,
		-0.444295,
		-0.282694,
		1
	},
	[0.6] = {
		0.836915,
		-0.264177,
		-0.479358,
		0,
		-0.332282,
		-0.941177,
		-0.061446,
		0,
		-0.434928,
		0.210707,
		-0.875466,
		0,
		0.246281,
		-0.612028,
		-0.464361,
		1
	},
	[0.716666666667] = {
		0.762757,
		0.345985,
		-0.546349,
		0,
		-0.561244,
		-0.065533,
		-0.825052,
		0,
		-0.321259,
		0.935949,
		0.144197,
		0,
		-0.003229,
		-0.435684,
		-0.247383,
		1
	},
	[0.733333333333] = {
		0.762642,
		0.346537,
		-0.546159,
		0,
		-0.562918,
		-0.060308,
		-0.824309,
		0,
		-0.318591,
		0.936096,
		0.149079,
		0,
		-0.005541,
		-0.43578,
		-0.245629,
		1
	},
	[0.75] = {
		0.765059,
		0.337258,
		-0.548582,
		0,
		-0.559305,
		-0.074208,
		-0.825634,
		0,
		-0.319161,
		0.938483,
		0.131856,
		0,
		-0.002256,
		-0.43623,
		-0.249566,
		1
	},
	[0.766666666667] = {
		0.768081,
		0.325403,
		-0.551511,
		0,
		-0.554305,
		-0.093368,
		-0.82706,
		0,
		-0.320621,
		0.940954,
		0.108658,
		0,
		0.002499,
		-0.436845,
		-0.254902,
		1
	},
	[0.783333333333] = {
		0.769684,
		0.318644,
		-0.55322,
		0,
		-0.551985,
		-0.103252,
		-0.827437,
		0,
		-0.320779,
		0.942234,
		0.096416,
		0,
		0.004588,
		-0.437328,
		-0.257323,
		1
	},
	[0.7] = {
		0.767633,
		0.327776,
		-0.550728,
		0,
		-0.549841,
		-0.104659,
		-0.828686,
		0,
		-0.329263,
		0.93894,
		0.099885,
		0,
		0.008842,
		-0.436181,
		-0.259146,
		1
	},
	[0.816666666667] = {
		0.769932,
		0.316012,
		-0.554383,
		0,
		-0.552813,
		-0.103648,
		-0.826834,
		0,
		-0.31875,
		0.943077,
		0.094894,
		0,
		0.003488,
		-0.437816,
		-0.25651,
		1
	},
	[0.833333333333] = {
		0.769971,
		0.315018,
		-0.554895,
		0,
		-0.553207,
		-0.103793,
		-0.826553,
		0,
		-0.317973,
		0.943393,
		0.094353,
		0,
		0.003048,
		-0.437998,
		-0.256204,
		1
	},
	[0.85] = {
		0.769964,
		0.314214,
		-0.55536,
		0,
		-0.553581,
		-0.103907,
		-0.826287,
		0,
		-0.317337,
		0.943649,
		0.093938,
		0,
		0.002673,
		-0.438144,
		-0.255958,
		1
	},
	[0.866666666667] = {
		0.769921,
		0.313578,
		-0.555779,
		0,
		-0.553933,
		-0.103995,
		-0.82604,
		0,
		-0.316826,
		0.943851,
		0.093633,
		0,
		0.002359,
		-0.438259,
		-0.255764,
		1
	},
	[0.883333333333] = {
		0.769851,
		0.313091,
		-0.55615,
		0,
		-0.554259,
		-0.104059,
		-0.825814,
		0,
		-0.316428,
		0.944005,
		0.093424,
		0,
		0.002101,
		-0.438347,
		-0.255617,
		1
	},
	[0.8] = {
		0.76984,
		0.317214,
		-0.553825,
		0,
		-0.552405,
		-0.103469,
		-0.827129,
		0,
		-0.319681,
		0.942693,
		0.095577,
		0,
		0.004,
		-0.437594,
		-0.256881,
		1
	},
	[0.916666666667] = {
		0.769663,
		0.312487,
		-0.55675,
		0,
		-0.554814,
		-0.104131,
		-0.825432,
		0,
		-0.315912,
		0.944197,
		0.093227,
		0,
		0.001731,
		-0.438453,
		-0.255436,
		1
	},
	[0.933333333333] = {
		0.769562,
		0.31233,
		-0.556978,
		0,
		-0.555036,
		-0.104146,
		-0.825281,
		0,
		-0.315767,
		0.944248,
		0.093207,
		0,
		0.00161,
		-0.43848,
		-0.255391,
		1
	},
	[0.95] = {
		0.769469,
		0.312242,
		-0.557156,
		0,
		-0.555216,
		-0.104152,
		-0.825159,
		0,
		-0.315678,
		0.944276,
		0.09322,
		0,
		0.001525,
		-0.438495,
		-0.255366,
		1
	},
	[0.966666666667] = {
		0.769392,
		0.312204,
		-0.557284,
		0,
		-0.555349,
		-0.104152,
		-0.825069,
		0,
		-0.315632,
		0.944289,
		0.093249,
		0,
		0.00147,
		-0.4385,
		-0.255357,
		1
	},
	[0.983333333333] = {
		0.769339,
		0.312196,
		-0.557361,
		0,
		-0.555432,
		-0.104149,
		-0.825014,
		0,
		-0.315615,
		0.944292,
		0.093278,
		0,
		0.001441,
		-0.438501,
		-0.255356,
		1
	},
	[0.9] = {
		0.769762,
		0.312735,
		-0.556474,
		0,
		-0.554554,
		-0.104103,
		-0.82561,
		0,
		-0.316128,
		0.944118,
		0.093293,
		0,
		0.001893,
		-0.43841,
		-0.255509,
		1
	},
	[1.01666666667] = {
		0.769319,
		0.312198,
		-0.557387,
		0,
		-0.555461,
		-0.104147,
		-0.824995,
		0,
		-0.315612,
		0.944291,
		0.093291,
		0,
		0.001432,
		-0.438501,
		-0.255357,
		1
	},
	[1.03333333333] = {
		0.769319,
		0.312198,
		-0.557387,
		0,
		-0.555461,
		-0.104147,
		-0.824995,
		0,
		-0.315612,
		0.944291,
		0.093291,
		0,
		0.001432,
		-0.438501,
		-0.255357,
		1
	},
	[1.05] = {
		0.769319,
		0.312198,
		-0.557387,
		0,
		-0.555461,
		-0.104147,
		-0.824995,
		0,
		-0.315612,
		0.944291,
		0.093291,
		0,
		0.001432,
		-0.438501,
		-0.255357,
		1
	},
	[1.06666666667] = {
		0.769319,
		0.312198,
		-0.557387,
		0,
		-0.555461,
		-0.104147,
		-0.824995,
		0,
		-0.315612,
		0.944291,
		0.093291,
		0,
		0.001432,
		-0.438501,
		-0.255357,
		1
	},
	[1.08333333333] = {
		0.769319,
		0.312198,
		-0.557387,
		0,
		-0.555461,
		-0.104147,
		-0.824995,
		0,
		-0.315612,
		0.944291,
		0.093291,
		0,
		0.001432,
		-0.438501,
		-0.255357,
		1
	},
	[1.1] = {
		0.769319,
		0.312198,
		-0.557387,
		0,
		-0.555461,
		-0.104147,
		-0.824995,
		0,
		-0.315612,
		0.944291,
		0.093291,
		0,
		0.001432,
		-0.438501,
		-0.255357,
		1
	}
}

return spline_matrices
