-- chunkname: @content/characters/player/human/first_person/animations/hatchet/attack_down.lua

local spline_matrices = {
	[0.0166666666667] = {
		0.936335,
		-0.193381,
		0.293054,
		0,
		0.351102,
		0.510839,
		-0.784711,
		0,
		0.002045,
		0.837644,
		0.546213,
		0,
		0.371169,
		0.162136,
		-0.46514,
		1
	},
	[0.0333333333333] = {
		0.907422,
		-0.409581,
		0.093958,
		0,
		0.379191,
		0.70173,
		-0.60315,
		0,
		0.181105,
		0.58294,
		0.792075,
		0,
		0.325588,
		0.23661,
		-0.463304,
		1
	},
	[0.05] = {
		0.748474,
		-0.643137,
		-0.161748,
		0,
		0.60512,
		0.762126,
		-0.230205,
		0,
		0.271326,
		0.074426,
		0.959606,
		0,
		0.309753,
		0.294427,
		-0.409745,
		1
	},
	[0.0666666666667] = {
		0.648334,
		-0.574472,
		-0.499644,
		0,
		0.730284,
		0.654795,
		0.194751,
		0,
		0.215286,
		-0.491146,
		0.844054,
		0,
		0.318941,
		0.33145,
		-0.289606,
		1
	},
	[0.0833333333333] = {
		0.784658,
		-0.263584,
		-0.561101,
		0,
		0.617424,
		0.41355,
		0.669151,
		0,
		0.055666,
		-0.871493,
		0.487239,
		0,
		0.323339,
		0.355163,
		-0.15819,
		1
	},
	[0] = {
		0.893104,
		0.110677,
		0.436022,
		0,
		0.360983,
		0.40205,
		-0.841455,
		0,
		-0.268432,
		0.908904,
		0.31912,
		0,
		0.4195,
		0.098718,
		-0.461044,
		1
	},
	[0.116666666667] = {
		0.90669,
		-0.145719,
		-0.395827,
		0,
		0.404439,
		0.033899,
		0.913937,
		0,
		-0.11976,
		-0.988745,
		0.089671,
		0,
		0.284221,
		0.379218,
		-0.034961,
		1
	},
	[0.133333333333] = {
		0.933919,
		-0.242462,
		-0.262692,
		0,
		0.314854,
		0.209881,
		0.925644,
		0,
		-0.1693,
		-0.947186,
		0.272352,
		0,
		0.232383,
		0.445209,
		-0.018963,
		1
	},
	[0.15] = {
		0.982084,
		-0.171915,
		-0.077176,
		0,
		0.160446,
		0.548037,
		0.820922,
		0,
		-0.098834,
		-0.818597,
		0.565801,
		0,
		0.172052,
		0.502231,
		-0.015888,
		1
	},
	[0.166666666667] = {
		0.999833,
		-0.001338,
		-0.01825,
		0,
		0.01082,
		0.847534,
		0.53063,
		0,
		0.014757,
		-0.530739,
		0.847407,
		0,
		0.114817,
		0.539723,
		-0.018618,
		1
	},
	[0.183333333333] = {
		0.995772,
		0.085202,
		-0.034342,
		0,
		-0.07799,
		0.981641,
		0.174067,
		0,
		0.048542,
		-0.170652,
		0.984135,
		0,
		0.072314,
		0.593663,
		-0.035797,
		1
	},
	[0.1] = {
		0.892291,
		-0.096924,
		-0.440935,
		0,
		0.450225,
		0.118797,
		0.884977,
		0,
		-0.033393,
		-0.988177,
		0.149639,
		0,
		0.315064,
		0.355544,
		-0.071236,
		1
	},
	[0.216666666667] = {
		0.993948,
		0.107081,
		-0.024534,
		0,
		-0.106332,
		0.881653,
		-0.459763,
		0,
		-0.027601,
		0.459589,
		0.887703,
		0,
		0.02074,
		0.704582,
		-0.191219,
		1
	},
	[0.233333333333] = {
		0.9979,
		0.064747,
		-0.001664,
		0,
		-0.053645,
		0.81185,
		-0.581397,
		0,
		-0.036293,
		0.580266,
		0.813618,
		0,
		0.01845,
		0.741658,
		-0.285914,
		1
	},
	[0.25] = {
		0.998803,
		0.047778,
		0.010482,
		0,
		-0.024583,
		0.675573,
		-0.736883,
		0,
		-0.042288,
		0.735743,
		0.675939,
		0,
		0.019279,
		0.761466,
		-0.392908,
		1
	},
	[0.266666666667] = {
		0.974618,
		0.106531,
		0.196902,
		0,
		0.181954,
		0.13548,
		-0.973929,
		0,
		-0.13043,
		0.985036,
		0.112657,
		0,
		0.026103,
		0.752571,
		-0.518049,
		1
	},
	[0.283333333333] = {
		0.981187,
		0.149115,
		0.122624,
		0,
		0.166596,
		-0.332997,
		-0.928094,
		0,
		-0.097559,
		0.931063,
		-0.351574,
		0,
		0.033979,
		0.726204,
		-0.637141,
		1
	},
	[0.2] = {
		0.993666,
		0.103467,
		-0.043838,
		0,
		-0.109509,
		0.979114,
		-0.171301,
		0,
		0.025199,
		0.175017,
		0.984243,
		0,
		0.043138,
		0.652655,
		-0.111571,
		1
	},
	[0.316666666667] = {
		0.983421,
		0.176503,
		0.041598,
		0,
		0.127727,
		-0.51137,
		-0.849815,
		0,
		-0.128723,
		0.841039,
		-0.525436,
		0,
		0.051724,
		0.634793,
		-0.691345,
		1
	},
	[0.333333333333] = {
		0.983249,
		0.179661,
		0.030726,
		0,
		0.125899,
		-0.547538,
		-0.827256,
		0,
		-0.131802,
		0.817266,
		-0.560985,
		0,
		0.056544,
		0.574025,
		-0.68986,
		1
	},
	[0.35] = {
		0.98349,
		0.178041,
		0.03238,
		0,
		0.126439,
		-0.548072,
		-0.826819,
		0,
		-0.129461,
		0.817263,
		-0.561535,
		0,
		0.05862,
		0.50578,
		-0.686503,
		1
	},
	[0.366666666667] = {
		0.983658,
		0.176747,
		0.034312,
		0,
		0.127376,
		-0.548457,
		-0.82642,
		0,
		-0.127249,
		0.817285,
		-0.562007,
		0,
		0.060479,
		0.432162,
		-0.681501,
		1
	},
	[0.383333333333] = {
		0.983741,
		0.175893,
		0.036262,
		0,
		0.128557,
		-0.548699,
		-0.826077,
		0,
		-0.125404,
		0.817307,
		-0.56239,
		0,
		0.062022,
		0.355277,
		-0.674801,
		1
	},
	[0.3] = {
		0.983548,
		0.164863,
		0.073845,
		0,
		0.138992,
		-0.429533,
		-0.892291,
		0,
		-0.115387,
		0.887875,
		-0.445381,
		0,
		0.043024,
		0.685958,
		-0.690874,
		1
	},
	[0.416666666667] = {
		0.98366,
		0.175718,
		0.039185,
		0,
		0.130928,
		-0.548813,
		-0.825628,
		0,
		-0.123573,
		0.817268,
		-0.562852,
		0,
		0.064083,
		0.200107,
		-0.656077,
		1
	},
	[0.433333333333] = {
		0.983579,
		0.176067,
		0.039646,
		0,
		0.13151,
		-0.548771,
		-0.825564,
		0,
		-0.123598,
		0.817222,
		-0.562914,
		0,
		0.064703,
		0.125995,
		-0.64392,
		1
	},
	[0.45] = {
		0.983489,
		0.176594,
		0.039552,
		0,
		0.131722,
		-0.548677,
		-0.825592,
		0,
		-0.124094,
		0.81717,
		-0.562879,
		0,
		0.065336,
		0.057009,
		-0.629767,
		1
	},
	[0.466666666667] = {
		0.983379,
		0.17726,
		0.039304,
		0,
		0.131875,
		-0.548521,
		-0.825671,
		0,
		-0.124799,
		0.817131,
		-0.562781,
		0,
		0.066355,
		-0.004727,
		-0.613496,
		1
	},
	[0.483333333333] = {
		0.983255,
		0.178024,
		0.038949,
		0,
		0.131987,
		-0.548313,
		-0.825792,
		0,
		-0.125655,
		0.817105,
		-0.562628,
		0,
		0.069434,
		-0.067846,
		-0.590158,
		1
	},
	[0.4] = {
		0.983731,
		0.175588,
		0.037972,
		0,
		0.129833,
		-0.548805,
		-0.825806,
		0,
		-0.124163,
		0.817301,
		-0.562674,
		0,
		0.063205,
		0.277229,
		-0.666347,
		1
	},
	[0.516666666667] = {
		0.982986,
		0.179689,
		0.038098,
		0,
		0.132151,
		-0.547778,
		-0.826121,
		0,
		-0.127575,
		0.817099,
		-0.562204,
		0,
		0.083663,
		-0.213115,
		-0.519241,
		1
	},
	[0.533333333333] = {
		0.982851,
		0.180509,
		0.037693,
		0,
		0.132237,
		-0.547472,
		-0.82631,
		0,
		-0.128521,
		0.817123,
		-0.561954,
		0,
		0.092812,
		-0.285111,
		-0.479391,
		1
	},
	[0.55] = {
		0.982724,
		0.181269,
		0.037362,
		0,
		0.132348,
		-0.547155,
		-0.826502,
		0,
		-0.129376,
		0.817168,
		-0.561693,
		0,
		0.101913,
		-0.349915,
		-0.441749,
		1
	},
	[0.566666666667] = {
		0.98261,
		0.181927,
		0.037152,
		0,
		0.132501,
		-0.546836,
		-0.826688,
		0,
		-0.130081,
		0.817235,
		-0.561432,
		0,
		0.109864,
		-0.402451,
		-0.410156,
		1
	},
	[0.583333333333] = {
		0.982516,
		0.182444,
		0.037107,
		0,
		0.132713,
		-0.546526,
		-0.826859,
		0,
		-0.130576,
		0.817327,
		-0.561184,
		0,
		0.115539,
		-0.437642,
		-0.388441,
		1
	},
	[0.5] = {
		0.983122,
		0.178847,
		0.038531,
		0,
		0.132073,
		-0.548062,
		-0.825945,
		0,
		-0.1266,
		0.817094,
		-0.562432,
		0,
		0.07553,
		-0.139001,
		-0.55745,
		1
	},
	[0.616666666667] = {
		0.982428,
		0.182893,
		0.037213,
		0,
		0.132974,
		-0.545977,
		-0.82718,
		0,
		-0.130968,
		0.817593,
		-0.560704,
		0,
		0.117825,
		-0.450282,
		-0.380569,
		1
	},
	[0.633333333333] = {
		0.982434,
		0.18285,
		0.037265,
		0,
		0.132956,
		-0.545744,
		-0.827337,
		0,
		-0.130941,
		0.817758,
		-0.560469,
		0,
		0.11781,
		-0.450177,
		-0.380698,
		1
	},
	[0.65] = {
		0.982451,
		0.182751,
		0.037316,
		0,
		0.132907,
		-0.545529,
		-0.827486,
		0,
		-0.130867,
		0.817924,
		-0.560245,
		0,
		0.11777,
		-0.450083,
		-0.380822,
		1
	},
	[0.666666666667] = {
		0.982475,
		0.18261,
		0.037363,
		0,
		0.132834,
		-0.545336,
		-0.827626,
		0,
		-0.130757,
		0.818085,
		-0.560035,
		0,
		0.11771,
		-0.450001,
		-0.380937,
		1
	},
	[0.683333333333] = {
		0.982506,
		0.182438,
		0.037405,
		0,
		0.132743,
		-0.545166,
		-0.827752,
		0,
		-0.130622,
		0.818236,
		-0.559846,
		0,
		0.117635,
		-0.449933,
		-0.381041,
		1
	},
	[0.6] = {
		0.982452,
		0.182779,
		0.03716,
		0,
		0.132905,
		-0.546237,
		-0.82702,
		0,
		-0.130864,
		0.817446,
		-0.560943,
		0,
		0.117768,
		-0.450409,
		-0.380437,
		1
	},
	[0.716666666667] = {
		0.982574,
		0.182054,
		0.037472,
		0,
		0.132538,
		-0.544913,
		-0.827951,
		0,
		-0.130313,
		0.81849,
		-0.559547,
		0,
		0.117466,
		-0.449838,
		-0.381205,
		1
	},
	[0.733333333333] = {
		0.982608,
		0.181868,
		0.037494,
		0,
		0.132437,
		-0.544837,
		-0.828018,
		0,
		-0.130162,
		0.818582,
		-0.559447,
		0,
		0.117382,
		-0.449813,
		-0.38126,
		1
	},
	[0.75] = {
		0.982638,
		0.181702,
		0.037507,
		0,
		0.132347,
		-0.544798,
		-0.828058,
		0,
		-0.130026,
		0.818645,
		-0.559387,
		0,
		0.117308,
		-0.449804,
		-0.381293,
		1
	},
	[0.766666666667] = {
		0.982662,
		0.18157,
		0.037511,
		0,
		0.132274,
		-0.5448,
		-0.828068,
		0,
		-0.129916,
		0.818673,
		-0.559371,
		0,
		0.117247,
		-0.449813,
		-0.381302,
		1
	},
	[0.783333333333] = {
		0.982679,
		0.181483,
		0.037503,
		0,
		0.132225,
		-0.544846,
		-0.828046,
		0,
		-0.129843,
		0.818662,
		-0.559405,
		0,
		0.117207,
		-0.449839,
		-0.381284,
		1
	},
	[0.7] = {
		0.982539,
		0.182249,
		0.037442,
		0,
		0.132642,
		-0.545024,
		-0.827861,
		0,
		-0.13047,
		0.818373,
		-0.559682,
		0,
		0.117552,
		-0.449878,
		-0.381131,
		1
	},
	[0.8] = {
		0.982685,
		0.181455,
		0.037484,
		0,
		0.132207,
		-0.544939,
		-0.827987,
		0,
		-0.129816,
		0.818606,
		-0.559493,
		0,
		0.117192,
		-0.449884,
		-0.381235,
		1
	}
}

return spline_matrices
