-- chunkname: @content/characters/player/human/first_person/animations/hatchet/heavy_attack_left_diagonal_down.lua

local spline_matrices = {
	[0.0166666666667] = {
		0.783041,
		0.069565,
		-0.618068,
		0,
		0.592146,
		0.22065,
		0.775034,
		0,
		0.190292,
		-0.972869,
		0.131585,
		0,
		0.276811,
		0.182688,
		0.008003,
		1
	},
	[0.0333333333333] = {
		0.743062,
		0.130358,
		-0.656403,
		0,
		0.593716,
		0.324188,
		0.73648,
		0,
		0.308805,
		-0.936968,
		0.163496,
		0,
		0.277747,
		0.224319,
		0.005567,
		1
	},
	[0.05] = {
		0.695918,
		0.182331,
		-0.694589,
		0,
		0.581709,
		0.424028,
		0.694129,
		0,
		0.421086,
		-0.887106,
		0.189025,
		0,
		0.277458,
		0.266575,
		0.00107,
		1
	},
	[0.0666666666667] = {
		0.644216,
		0.223205,
		-0.73155,
		0,
		0.540729,
		0.543534,
		0.642015,
		0,
		0.540923,
		-0.809167,
		0.22946,
		0,
		0.272334,
		0.312652,
		-0.004918,
		1
	},
	[0.0833333333333] = {
		0.58784,
		0.248654,
		-0.769815,
		0,
		0.440293,
		0.699968,
		0.562305,
		0,
		0.678666,
		-0.66949,
		0.301989,
		0,
		0.257897,
		0.365918,
		-0.012467,
		1
	},
	[0] = {
		0.810151,
		0.00378,
		-0.586209,
		0,
		0.583621,
		0.088876,
		0.807148,
		0,
		0.055151,
		-0.996036,
		0.069797,
		0,
		0.277988,
		0.138662,
		0.007486,
		1
	},
	[0.116666666667] = {
		0.468478,
		0.172083,
		-0.866554,
		0,
		-0.315609,
		0.948723,
		0.017775,
		0,
		0.825179,
		0.265164,
		0.498767,
		0,
		0.121826,
		0.522975,
		-0.049317,
		1
	},
	[0.133333333333] = {
		0.489229,
		0.077262,
		-0.868727,
		0,
		-0.760391,
		0.52563,
		-0.38147,
		0,
		0.427156,
		0.847198,
		0.315902,
		0,
		-0.030414,
		0.588762,
		-0.091851,
		1
	},
	[0.15] = {
		0.553636,
		0.105892,
		-0.825999,
		0,
		-0.831625,
		0.122056,
		-0.541759,
		0,
		0.04345,
		0.986859,
		0.155637,
		0,
		-0.170325,
		0.591227,
		-0.152653,
		1
	},
	[0.166666666667] = {
		0.499287,
		0.104705,
		-0.860086,
		0,
		-0.821096,
		-0.259735,
		-0.508272,
		0,
		-0.276613,
		0.959987,
		-0.043709,
		0,
		-0.324442,
		0.570555,
		-0.213893,
		1
	},
	[0.183333333333] = {
		0.433691,
		0.112094,
		-0.894062,
		0,
		-0.776782,
		-0.456335,
		-0.434014,
		0,
		-0.456643,
		0.882719,
		-0.110836,
		0,
		-0.414503,
		0.476362,
		-0.273941,
		1
	},
	[0.1] = {
		0.527371,
		0.247396,
		-0.812819,
		0,
		0.221406,
		0.8836,
		0.412591,
		0,
		0.820281,
		-0.397551,
		0.411209,
		0,
		0.227303,
		0.429259,
		-0.023375,
		1
	},
	[0.216666666667] = {
		0.497912,
		0.180555,
		-0.848223,
		0,
		-0.299675,
		-0.882013,
		-0.363659,
		0,
		-0.813805,
		0.435262,
		-0.385057,
		0,
		-0.416896,
		0.305113,
		-0.375727,
		1
	},
	[0.233333333333] = {
		0.522089,
		0.186318,
		-0.832291,
		0,
		-0.20419,
		-0.920163,
		-0.334075,
		0,
		-0.828089,
		0.344362,
		-0.442362,
		0,
		-0.394368,
		0.225512,
		-0.422594,
		1
	},
	[0.25] = {
		0.547762,
		0.182783,
		-0.816423,
		0,
		-0.161918,
		-0.934233,
		-0.317793,
		0,
		-0.820817,
		0.306268,
		-0.482141,
		0,
		-0.368092,
		0.151281,
		-0.467175,
		1
	},
	[0.266666666667] = {
		0.573541,
		0.175472,
		-0.800163,
		0,
		-0.145272,
		-0.93952,
		-0.31016,
		0,
		-0.806193,
		0.294131,
		-0.513361,
		0,
		-0.342909,
		0.088727,
		-0.503014,
		1
	},
	[0.283333333333] = {
		0.596714,
		0.172324,
		-0.783732,
		0,
		-0.125381,
		-0.944653,
		-0.303168,
		0,
		-0.792599,
		0.27917,
		-0.542081,
		0,
		-0.323707,
		0.044117,
		-0.523306,
		1
	},
	[0.2] = {
		0.473533,
		0.161139,
		-0.86591,
		0,
		-0.471385,
		-0.784107,
		-0.403698,
		0,
		-0.744018,
		0.599342,
		-0.295341,
		0,
		-0.430037,
		0.384904,
		-0.332267,
		1
	},
	[0.316666666667] = {
		0.637144,
		0.176044,
		-0.750371,
		0,
		-0.072974,
		-0.955413,
		-0.286112,
		0,
		-0.767283,
		0.237053,
		-0.595889,
		0,
		-0.295317,
		-0.014886,
		-0.543268,
		1
	},
	[0.333333333333] = {
		0.65652,
		0.177322,
		-0.73317,
		0,
		-0.053765,
		-0.958504,
		-0.279964,
		0,
		-0.75239,
		0.223221,
		-0.619743,
		0,
		-0.281728,
		-0.038639,
		-0.55291,
		1
	},
	[0.35] = {
		0.675387,
		0.178028,
		-0.715653,
		0,
		-0.038833,
		-0.960493,
		-0.275584,
		0,
		-0.736441,
		0.213917,
		-0.64179,
		0,
		-0.26855,
		-0.058822,
		-0.562316,
		1
	},
	[0.366666666667] = {
		0.693775,
		0.178058,
		-0.697833,
		0,
		-0.027876,
		-0.96159,
		-0.273072,
		0,
		-0.719653,
		0.208903,
		-0.662163,
		0,
		-0.255785,
		-0.075618,
		-0.571485,
		1
	},
	[0.383333333333] = {
		0.711711,
		0.177315,
		-0.679726,
		0,
		-0.020588,
		-0.961939,
		-0.27249,
		0,
		-0.702171,
		0.207928,
		-0.680971,
		0,
		-0.243435,
		-0.089207,
		-0.580417,
		1
	},
	[0.3] = {
		0.617221,
		0.174328,
		-0.767234,
		0,
		-0.096756,
		-0.950926,
		-0.293904,
		0,
		-0.780818,
		0.255638,
		-0.570064,
		0,
		-0.309312,
		0.012632,
		-0.533397,
		1
	},
	[0.416666666667] = {
		0.746282,
		0.173141,
		-0.642717,
		0,
		-0.015821,
		-0.960691,
		-0.277171,
		0,
		-0.665442,
		0.217016,
		-0.714206,
		0,
		-0.219987,
		-0.107514,
		-0.597567,
		1
	},
	[0.433333333333] = {
		0.762922,
		0.16956,
		-0.623858,
		0,
		-0.01776,
		-0.959132,
		-0.282403,
		0,
		-0.646247,
		0.226531,
		-0.728731,
		0,
		-0.20889,
		-0.1126,
		-0.605787,
		1
	},
	[0.45] = {
		0.77912,
		0.164902,
		-0.604797,
		0,
		-0.0222,
		-0.956918,
		-0.289508,
		0,
		-0.626482,
		0.238988,
		-0.741893,
		0,
		-0.198211,
		-0.115218,
		-0.613768,
		1
	},
	[0.466666666667] = {
		0.794854,
		0.159124,
		-0.585565,
		0,
		-0.028865,
		-0.953997,
		-0.298424,
		0,
		-0.606114,
		0.254106,
		-0.753695,
		0,
		-0.18795,
		-0.115546,
		-0.621512,
		1
	},
	[0.483333333333] = {
		0.810097,
		0.152193,
		-0.566198,
		0,
		-0.037482,
		-0.950301,
		-0.309068,
		0,
		-0.585097,
		0.271597,
		-0.764131,
		0,
		-0.178107,
		-0.113766,
		-0.629017,
		1
	},
	[0.4] = {
		0.729211,
		0.175703,
		-0.661347,
		0,
		-0.016668,
		-0.961626,
		-0.273858,
		0,
		-0.684087,
		0.210723,
		-0.698299,
		0,
		-0.231502,
		-0.099777,
		-0.589111,
		1
	},
	[0.516666666667] = {
		0.838963,
		0.134823,
		-0.527223,
		0,
		-0.059494,
		-0.940294,
		-0.335125,
		0,
		-0.540927,
		0.312524,
		-0.78085,
		0,
		-0.159671,
		-0.104604,
		-0.643304,
		1
	},
	[0.533333333333] = {
		0.852503,
		0.12439,
		-0.507706,
		0,
		-0.072356,
		-0.933842,
		-0.350291,
		0,
		-0.51769,
		0.33536,
		-0.787103,
		0,
		-0.151077,
		-0.097584,
		-0.650079,
		1
	},
	[0.55] = {
		0.86539,
		0.112824,
		-0.488233,
		0,
		-0.086107,
		-0.92635,
		-0.366691,
		0,
		-0.493646,
		0.359371,
		-0.791938,
		0,
		-0.142896,
		-0.089183,
		-0.656605,
		1
	},
	[0.566666666667] = {
		0.877578,
		0.100166,
		-0.468853,
		0,
		-0.100488,
		-0.91778,
		-0.384164,
		0,
		-0.468785,
		0.384249,
		-0.795358,
		0,
		-0.135129,
		-0.079586,
		-0.662874,
		1
	},
	[0.583333333333] = {
		0.889028,
		0.086475,
		-0.449614,
		0,
		-0.115247,
		-0.908119,
		-0.402539,
		0,
		-0.443112,
		0.409685,
		-0.797376,
		0,
		-0.127774,
		-0.06898,
		-0.668883,
		1
	},
	[0.5] = {
		0.824813,
		0.144094,
		-0.546736,
		0,
		-0.047781,
		-0.945758,
		-0.32134,
		0,
		-0.563384,
		0.291169,
		-0.773188,
		0,
		-0.168681,
		-0.110058,
		-0.636282,
		1
	},
	[0.616666666667] = {
		0.909568,
		0.056295,
		-0.411724,
		0,
		-0.144929,
		-0.885598,
		-0.441261,
		0,
		-0.389463,
		0.461028,
		-0.797352,
		0,
		-0.114304,
		-0.0455,
		-0.68009,
		1
	},
	[0.633333333333] = {
		0.918625,
		0.039993,
		-0.393103,
		0,
		-0.159374,
		-0.872847,
		-0.461236,
		0,
		-0.361565,
		0.486353,
		-0.795444,
		0,
		-0.108161,
		-0.033011,
		-0.685279,
		1
	},
	[0.65] = {
		0.926873,
		0.023026,
		-0.37467,
		0,
		-0.173241,
		-0.859224,
		-0.481374,
		0,
		-0.33301,
		0.511081,
		-0.792402,
		0,
		-0.102373,
		-0.020281,
		-0.690188,
		1
	},
	[0.666666666667] = {
		0.934306,
		0.005538,
		-0.356429,
		0,
		-0.186307,
		-0.844864,
		-0.501492,
		0,
		-0.303912,
		0.534953,
		-0.788329,
		0,
		-0.096938,
		-0.007511,
		-0.69481,
		1
	},
	[0.683333333333] = {
		0.940932,
		-0.012315,
		-0.338374,
		0,
		-0.198369,
		-0.82993,
		-0.521408,
		0,
		-0.274405,
		0.557732,
		-0.783349,
		0,
		-0.091859,
		0.005101,
		-0.699137,
		1
	},
	[0.6] = {
		0.899701,
		0.071822,
		-0.430558,
		0,
		-0.130139,
		-0.897379,
		-0.421634,
		0,
		-0.416656,
		0.435377,
		-0.798025,
		0,
		-0.120832,
		-0.057555,
		-0.674623,
		1
	},
	[0.716666666667] = {
		0.951841,
		-0.048555,
		-0.302725,
		0,
		-0.21885,
		-0.799103,
		-0.559946,
		0,
		-0.21472,
		0.59923,
		-0.771245,
		0,
		-0.082796,
		0.029047,
		-0.706876,
		1
	},
	[0.733333333333] = {
		0.956192,
		-0.066656,
		-0.28505,
		0,
		-0.227009,
		-0.783645,
		-0.578245,
		0,
		-0.184835,
		0.617623,
		-0.764446,
		0,
		-0.078828,
		0.039982,
		-0.710278,
		1
	},
	[0.75] = {
		0.95987,
		-0.084552,
		-0.267399,
		0,
		-0.233643,
		-0.768473,
		-0.595702,
		0,
		-0.155121,
		0.634272,
		-0.757388,
		0,
		-0.07525,
		0.049957,
		-0.713361,
		1
	},
	[0.766666666667] = {
		0.962927,
		-0.102099,
		-0.249695,
		0,
		-0.238673,
		-0.753839,
		-0.612178,
		0,
		-0.125727,
		0.649078,
		-0.75026,
		0,
		-0.072075,
		0.058772,
		-0.716123,
		1
	},
	[0.783333333333] = {
		0.965426,
		-0.119155,
		-0.231851,
		0,
		-0.24204,
		-0.740002,
		-0.627546,
		0,
		-0.096795,
		0.661967,
		-0.743257,
		0,
		-0.069317,
		0.066225,
		-0.718561,
		1
	},
	[0.7] = {
		0.946767,
		-0.030393,
		-0.320483,
		0,
		-0.209263,
		-0.814607,
		-0.540948,
		0,
		-0.244627,
		0.579217,
		-0.777602,
		0,
		-0.087143,
		0.017353,
		-0.703161,
		1
	},
	[0.816666666667] = {
		0.969011,
		-0.151242,
		-0.195307,
		0,
		-0.243622,
		-0.715825,
		-0.654403,
		0,
		-0.040833,
		0.681705,
		-0.730487,
		0,
		-0.065111,
		0.076176,
		-0.722468,
		1
	},
	[0.833333333333] = {
		0.970229,
		-0.16599,
		-0.176363,
		0,
		-0.241784,
		-0.70603,
		-0.665629,
		0,
		-0.01403,
		0.688454,
		-0.725144,
		0,
		-0.063695,
		0.078247,
		-0.723939,
		1
	},
	[0.85] = {
		0.970334,
		-0.166014,
		-0.175764,
		0,
		-0.241386,
		-0.70628,
		-0.665508,
		0,
		-0.013655,
		0.688192,
		-0.7254,
		0,
		-0.063296,
		0.077983,
		-0.724003,
		1
	},
	[0.866666666667] = {
		0.970434,
		-0.166038,
		-0.175186,
		0,
		-0.241003,
		-0.706508,
		-0.665405,
		0,
		-0.013288,
		0.687952,
		-0.725634,
		0,
		-0.062909,
		0.077742,
		-0.724063,
		1
	},
	[0.883333333333] = {
		0.97053,
		-0.166061,
		-0.174634,
		0,
		-0.240636,
		-0.706714,
		-0.665319,
		0,
		-0.012933,
		0.687735,
		-0.725846,
		0,
		-0.062536,
		0.077524,
		-0.724118,
		1
	},
	[0.8] = {
		0.967432,
		-0.135581,
		-0.213761,
		0,
		-0.2437,
		-0.727237,
		-0.641667,
		0,
		-0.068457,
		0.672863,
		-0.736593,
		0,
		-0.06699,
		0.072101,
		-0.720675,
		1
	},
	[0.916666666667] = {
		0.970705,
		-0.166103,
		-0.173614,
		0,
		-0.239962,
		-0.707063,
		-0.665191,
		0,
		-0.012265,
		0.687366,
		-0.726208,
		0,
		-0.061841,
		0.077153,
		-0.724217,
		1
	},
	[0.933333333333] = {
		0.970784,
		-0.166123,
		-0.173153,
		0,
		-0.239658,
		-0.707209,
		-0.665147,
		0,
		-0.011959,
		0.687211,
		-0.726359,
		0,
		-0.061525,
		0.076998,
		-0.724261,
		1
	},
	[0.95] = {
		0.970857,
		-0.166142,
		-0.172727,
		0,
		-0.239378,
		-0.707336,
		-0.665113,
		0,
		-0.011673,
		0.687076,
		-0.726491,
		0,
		-0.061232,
		0.076863,
		-0.7243,
		1
	},
	[0.966666666667] = {
		0.970923,
		-0.166159,
		-0.172341,
		0,
		-0.239124,
		-0.707445,
		-0.665088,
		0,
		-0.011412,
		0.68696,
		-0.726606,
		0,
		-0.060965,
		0.076746,
		-0.724335,
		1
	},
	[0.983333333333] = {
		0.970981,
		-0.166174,
		-0.171998,
		0,
		-0.238897,
		-0.707537,
		-0.665071,
		0,
		-0.011177,
		0.686862,
		-0.726702,
		0,
		-0.060725,
		0.076648,
		-0.724366,
		1
	},
	[0.9] = {
		0.97062,
		-0.166083,
		-0.174109,
		0,
		-0.240289,
		-0.706899,
		-0.665249,
		0,
		-0.012591,
		0.68754,
		-0.726037,
		0,
		-0.062179,
		0.077328,
		-0.72417,
		1
	},
	[1.01666666667] = {
		0.971074,
		-0.166199,
		-0.171447,
		0,
		-0.238536,
		-0.707672,
		-0.665056,
		0,
		-0.010797,
		0.686716,
		-0.726846,
		0,
		-0.060341,
		0.076502,
		-0.724413,
		1
	},
	[1.03333333333] = {
		0.971108,
		-0.166208,
		-0.171247,
		0,
		-0.238405,
		-0.707718,
		-0.665055,
		0,
		-0.010657,
		0.686666,
		-0.726895,
		0,
		-0.0602,
		0.076453,
		-0.72443,
		1
	},
	[1.05] = {
		0.971132,
		-0.166215,
		-0.1711,
		0,
		-0.238309,
		-0.707749,
		-0.665056,
		0,
		-0.010554,
		0.686632,
		-0.726928,
		0,
		-0.060096,
		0.076419,
		-0.724442,
		1
	},
	[1.06666666667] = {
		0.971148,
		-0.166219,
		-0.17101,
		0,
		-0.23825,
		-0.707768,
		-0.665058,
		0,
		-0.01049,
		0.686612,
		-0.726948,
		0,
		-0.060032,
		0.076399,
		-0.72445,
		1
	},
	[1.08333333333] = {
		0.971153,
		-0.16622,
		-0.170979,
		0,
		-0.23823,
		-0.707774,
		-0.665058,
		0,
		-0.010468,
		0.686606,
		-0.726954,
		0,
		-0.06001,
		0.076392,
		-0.724452,
		1
	},
	{
		0.971032,
		-0.166187,
		-0.171699,
		0,
		-0.238701,
		-0.707612,
		-0.665061,
		0,
		-0.010971,
		0.68678,
		-0.726782,
		0,
		-0.060517,
		0.076567,
		-0.724392,
		1
	}
}

return spline_matrices
