-- chunkname: @content/characters/player/human/first_person/animations/hatchet/heavy_attack_down.lua

local spline_matrices = {
	[0.0166666666667] = {
		0.983662,
		0.13022,
		-0.124304,
		0,
		0.105467,
		0.142735,
		0.984126,
		0,
		0.145895,
		-0.981157,
		0.126669,
		0,
		0.031753,
		0.064631,
		0.25517,
		1
	},
	[0.0333333333333] = {
		0.987256,
		0.090734,
		-0.130743,
		0,
		0.110453,
		0.20079,
		0.973388,
		0,
		0.114571,
		-0.975423,
		0.188209,
		0,
		0.018323,
		0.078591,
		0.253879,
		1
	},
	[0.05] = {
		0.989523,
		0.052095,
		-0.134649,
		0,
		0.116746,
		0.259974,
		0.958532,
		0,
		0.084941,
		-0.964209,
		0.251168,
		0,
		0.002274,
		0.098049,
		0.252203,
		1
	},
	[0.0666666666667] = {
		0.990882,
		0.01738,
		-0.133604,
		0,
		0.12079,
		0.324669,
		0.938083,
		0,
		0.059681,
		-0.945668,
		0.31961,
		0,
		-0.011157,
		0.122475,
		0.249726,
		1
	},
	[0.0833333333333] = {
		0.992056,
		-0.009994,
		-0.125402,
		0,
		0.11895,
		0.39895,
		0.909225,
		0,
		0.040942,
		-0.916918,
		0.396969,
		0,
		-0.016719,
		0.151326,
		0.245917,
		1
	},
	[0] = {
		0.978772,
		0.167697,
		-0.117824,
		0,
		0.105354,
		0.081438,
		0.991094,
		0,
		0.175799,
		-0.982469,
		0.062042,
		0,
		0.037321,
		0.05671,
		0.256381,
		1
	},
	[0.116666666667] = {
		0.996316,
		-0.024928,
		-0.082051,
		0,
		0.082658,
		0.533943,
		0.84147,
		0,
		0.022834,
		-0.845153,
		0.534037,
		0,
		-0.002147,
		0.228572,
		0.23465,
		1
	},
	[0.133333333333] = {
		0.997863,
		-0.027389,
		-0.059328,
		0,
		0.062302,
		0.672605,
		0.737374,
		0,
		0.019709,
		-0.739494,
		0.672874,
		0,
		0.005858,
		0.301908,
		0.222534,
		1
	},
	[0.15] = {
		0.998551,
		-0.038208,
		-0.037904,
		0,
		0.05232,
		0.854264,
		0.5172,
		0,
		0.012618,
		-0.518433,
		0.855025,
		0,
		0.008749,
		0.442308,
		0.181222,
		1
	},
	[0.166666666667] = {
		0.999261,
		-0.036701,
		-0.011446,
		0,
		0.036993,
		0.998966,
		0.026437,
		0,
		0.010464,
		-0.026841,
		0.999585,
		0,
		0.008053,
		0.594902,
		0.07703,
		1
	},
	[0.183333333333] = {
		0.999896,
		0.010214,
		-0.010181,
		0,
		-0.013317,
		0.382945,
		-0.923675,
		0,
		-0.005536,
		0.923715,
		0.383041,
		0,
		-0.003966,
		0.63466,
		-0.169253,
		1
	},
	[0.1] = {
		0.994051,
		-0.022918,
		-0.106477,
		0,
		0.104992,
		0.461664,
		0.880819,
		0,
		0.02897,
		-0.886759,
		0.461324,
		0,
		-0.011917,
		0.183377,
		0.241288,
		1
	},
	[0.216666666667] = {
		0.999752,
		0.0086,
		-0.020538,
		0,
		-0.019739,
		-0.084493,
		-0.996229,
		0,
		-0.010303,
		0.996387,
		-0.084302,
		0,
		0.004664,
		0.438279,
		-0.460833,
		1
	},
	[0.233333333333] = {
		0.999462,
		0.014487,
		-0.029441,
		0,
		-0.023022,
		-0.329728,
		-0.943795,
		0,
		-0.02338,
		0.943965,
		-0.329217,
		0,
		0.004747,
		0.371242,
		-0.511674,
		1
	},
	[0.25] = {
		0.999207,
		0.009035,
		-0.038789,
		0,
		-0.028063,
		-0.531343,
		-0.846692,
		0,
		-0.02826,
		0.847108,
		-0.530668,
		0,
		0.006905,
		0.325912,
		-0.544508,
		1
	},
	[0.266666666667] = {
		0.999023,
		0.003697,
		-0.044045,
		0,
		-0.030935,
		-0.653259,
		-0.756502,
		0,
		-0.03157,
		0.757125,
		-0.652507,
		0,
		0.008478,
		0.299246,
		-0.560112,
		1
	},
	[0.283333333333] = {
		0.998915,
		0.001737,
		-0.046543,
		0,
		-0.03105,
		-0.719996,
		-0.693284,
		0,
		-0.034715,
		0.693976,
		-0.71916,
		0,
		0.008649,
		0.280125,
		-0.567552,
		1
	},
	[0.2] = {
		0.99988,
		-0.001681,
		-0.015401,
		0,
		-0.014645,
		0.22177,
		-0.974989,
		0,
		0.005054,
		0.975098,
		0.221718,
		0,
		0.004995,
		0.603325,
		-0.316186,
		1
	},
	[0.316666666667] = {
		0.998691,
		0.002084,
		-0.051104,
		0,
		-0.028302,
		-0.809734,
		-0.586114,
		0,
		-0.042602,
		0.586794,
		-0.808615,
		0,
		0.004496,
		0.240045,
		-0.583333,
		1
	},
	[0.333333333333] = {
		0.998574,
		0.004041,
		-0.053223,
		0,
		-0.025645,
		-0.838178,
		-0.544794,
		0,
		-0.046812,
		0.545382,
		-0.836879,
		0,
		0.000581,
		0.219901,
		-0.591311,
		1
	},
	[0.35] = {
		0.998449,
		0.006916,
		-0.055239,
		0,
		-0.022376,
		-0.858719,
		-0.511959,
		0,
		-0.050975,
		0.512401,
		-0.857232,
		0,
		-0.004318,
		0.200131,
		-0.599173,
		1
	},
	[0.366666666667] = {
		0.998296,
		0.010629,
		-0.057379,
		0,
		-0.018716,
		-0.873015,
		-0.487334,
		0,
		-0.055273,
		0.487577,
		-0.871328,
		0,
		-0.010213,
		0.18112,
		-0.606786,
		1
	},
	[0.383333333333] = {
		0.998099,
		0.015088,
		-0.059762,
		0,
		-0.014831,
		-0.882299,
		-0.470455,
		0,
		-0.059827,
		0.470447,
		-0.880398,
		0,
		-0.017071,
		0.163287,
		-0.614024,
		1
	},
	[0.3] = {
		0.998804,
		0.001119,
		-0.048888,
		0,
		-0.030259,
		-0.771228,
		-0.635839,
		0,
		-0.038415,
		0.636557,
		-0.770272,
		0,
		0.007283,
		0.260217,
		-0.575372,
		1
	},
	[0.416666666667] = {
		0.997576,
		0.026219,
		-0.06445,
		0,
		-0.006199,
		-0.889112,
		-0.457648,
		0,
		-0.069303,
		0.456938,
		-0.886795,
		0,
		-0.032874,
		0.132927,
		-0.626964,
		1
	},
	[0.433333333333] = {
		0.997258,
		0.032839,
		-0.066322,
		0,
		-0.001402,
		-0.887615,
		-0.460583,
		0,
		-0.073993,
		0.459413,
		-0.885135,
		0,
		-0.041398,
		0.121395,
		-0.6325,
		1
	},
	[0.45] = {
		0.996909,
		0.040066,
		-0.067577,
		0,
		0.003707,
		-0.883209,
		-0.468965,
		0,
		-0.078474,
		0.467265,
		-0.880628,
		0,
		-0.050048,
		0.112983,
		-0.637341,
		1
	},
	[0.466666666667] = {
		0.99654,
		0.04781,
		-0.067991,
		0,
		0.009144,
		-0.876106,
		-0.482032,
		0,
		-0.082613,
		0.479742,
		-0.873512,
		0,
		-0.05861,
		0.108101,
		-0.641478,
		1
	},
	[0.483333333333] = {
		0.996158,
		0.055975,
		-0.067343,
		0,
		0.014954,
		-0.866474,
		-0.498999,
		0,
		-0.086283,
		0.496075,
		-0.863982,
		0,
		-0.066871,
		0.10715,
		-0.644917,
		1
	},
	[0.4] = {
		0.997858,
		0.02028,
		-0.06219,
		0,
		-0.01068,
		-0.887459,
		-0.460763,
		0,
		-0.064535,
		0.46044,
		-0.885342,
		0,
		-0.024693,
		0.147072,
		-0.620779,
		1
	},
	[0.516666666667] = {
		0.995353,
		0.073176,
		-0.062589,
		0,
		0.027732,
		-0.840301,
		-0.54141,
		0,
		-0.092212,
		0.537159,
		-0.838426,
		0,
		-0.085799,
		0.11819,
		-0.646765,
		1
	},
	[0.533333333333] = {
		0.99486,
		0.082034,
		-0.059359,
		0,
		0.034237,
		-0.824212,
		-0.565245,
		0,
		-0.095294,
		0.560308,
		-0.822784,
		0,
		-0.097318,
		0.129158,
		-0.644886,
		1
	},
	[0.55] = {
		0.994295,
		0.090927,
		-0.055773,
		0,
		0.040676,
		-0.806552,
		-0.589763,
		0,
		-0.098609,
		0.584129,
		-0.805649,
		0,
		-0.109778,
		0.142756,
		-0.641584,
		1
	},
	[0.566666666667] = {
		0.993658,
		0.099748,
		-0.051896,
		0,
		0.047003,
		-0.787767,
		-0.614178,
		0,
		-0.102145,
		0.607844,
		-0.78746,
		0,
		-0.122776,
		0.15822,
		-0.637208,
		1
	},
	[0.583333333333] = {
		0.992957,
		0.108397,
		-0.047813,
		0,
		0.053176,
		-0.768414,
		-0.63774,
		0,
		-0.105869,
		0.630706,
		-0.768766,
		0,
		-0.135905,
		0.174773,
		-0.632118,
		1
	},
	[0.5] = {
		0.995773,
		0.064459,
		-0.065423,
		0,
		0.02121,
		-0.854474,
		-0.519061,
		0,
		-0.08936,
		0.51548,
		-0.85223,
		0,
		-0.075623,
		0.110607,
		-0.646876,
		1
	},
	[0.616666666667] = {
		0.991393,
		0.124822,
		-0.039478,
		0,
		0.064946,
		-0.730752,
		-0.679546,
		0,
		-0.113671,
		0.671134,
		-0.73257,
		0,
		-0.16087,
		0.207996,
		-0.621221,
		1
	},
	[0.633333333333] = {
		0.990554,
		0.132445,
		-0.0355,
		0,
		0.070509,
		-0.714035,
		-0.696551,
		0,
		-0.117603,
		0.687468,
		-0.716629,
		0,
		-0.171779,
		0.223048,
		-0.616058,
		1
	},
	[0.65] = {
		0.989696,
		0.139593,
		-0.031859,
		0,
		0.075854,
		-0.699884,
		-0.710217,
		0,
		-0.121439,
		0.700482,
		-0.703262,
		0,
		-0.180895,
		0.235923,
		-0.611396,
		1
	},
	[0.666666666667] = {
		0.988829,
		0.146257,
		-0.028729,
		0,
		0.081019,
		-0.689195,
		-0.720032,
		0,
		-0.12511,
		0.709661,
		-0.693346,
		0,
		-0.187561,
		0.245707,
		-0.607367,
		1
	},
	[0.683333333333] = {
		0.987959,
		0.152463,
		-0.026293,
		0,
		0.086069,
		-0.682835,
		-0.725485,
		0,
		-0.128564,
		0.714487,
		-0.687735,
		0,
		-0.191268,
		0.251525,
		-0.604259,
		1
	},
	[0.6] = {
		0.992199,
		0.116783,
		-0.043631,
		0,
		0.059165,
		-0.749157,
		-0.659745,
		0,
		-0.109733,
		0.652017,
		-0.750222,
		0,
		-0.148749,
		0.191631,
		-0.626673,
		1
	},
	[0.716666666667] = {
		0.987147,
		0.15785,
		-0.024968,
		0,
		0.090823,
		-0.682665,
		-0.725065,
		0,
		-0.131497,
		0.713478,
		-0.688228,
		0,
		-0.19212,
		0.252006,
		-0.603471,
		1
	},
	[0.733333333333] = {
		0.987207,
		0.157439,
		-0.025191,
		0,
		0.090558,
		-0.683701,
		-0.724122,
		0,
		-0.131228,
		0.712577,
		-0.689212,
		0,
		-0.192027,
		0.251246,
		-0.603818,
		1
	},
	[0.75] = {
		0.987274,
		0.156989,
		-0.025407,
		0,
		0.090266,
		-0.684711,
		-0.723203,
		0,
		-0.130931,
		0.711706,
		-0.690168,
		0,
		-0.191925,
		0.250516,
		-0.604154,
		1
	},
	[0.766666666667] = {
		0.987343,
		0.15652,
		-0.025616,
		0,
		0.08996,
		-0.68569,
		-0.722313,
		0,
		-0.130621,
		0.710866,
		-0.691091,
		0,
		-0.191817,
		0.249815,
		-0.604478,
		1
	},
	[0.783333333333] = {
		0.987411,
		0.156052,
		-0.025815,
		0,
		0.089654,
		-0.686632,
		-0.721456,
		0,
		-0.13031,
		0.710059,
		-0.691979,
		0,
		-0.19171,
		0.249143,
		-0.604789,
		1
	},
	[0.7] = {
		0.987096,
		0.158204,
		-0.02474,
		0,
		0.091047,
		-0.681611,
		-0.726028,
		0,
		-0.131724,
		0.714408,
		-0.68722,
		0,
		-0.192199,
		0.252797,
		-0.603116,
		1
	},
	[0.816666666667] = {
		0.987536,
		0.155198,
		-0.026184,
		0,
		0.089097,
		-0.688382,
		-0.719856,
		0,
		-0.129745,
		0.708551,
		-0.69363,
		0,
		-0.191514,
		0.247889,
		-0.605366,
		1
	},
	[0.833333333333] = {
		0.987586,
		0.154851,
		-0.026351,
		0,
		0.088874,
		-0.689177,
		-0.719122,
		0,
		-0.129517,
		0.707853,
		-0.694384,
		0,
		-0.191435,
		0.247305,
		-0.60563,
		1
	},
	[0.85] = {
		0.987624,
		0.154584,
		-0.026506,
		0,
		0.088704,
		-0.689912,
		-0.718437,
		0,
		-0.129346,
		0.707195,
		-0.695086,
		0,
		-0.191376,
		0.246751,
		-0.605875,
		1
	},
	[0.866666666667] = {
		0.987646,
		0.154416,
		-0.026648,
		0,
		0.088604,
		-0.690581,
		-0.717807,
		0,
		-0.129243,
		0.706578,
		-0.695732,
		0,
		-0.19134,
		0.246225,
		-0.6061,
		1
	},
	[0.883333333333] = {
		0.987651,
		0.154367,
		-0.026776,
		0,
		0.088585,
		-0.691178,
		-0.717235,
		0,
		-0.129224,
		0.706006,
		-0.696317,
		0,
		-0.191334,
		0.245728,
		-0.606304,
		1
	},
	[0.8] = {
		0.987477,
		0.155605,
		-0.026005,
		0,
		0.089362,
		-0.687531,
		-0.720635,
		0,
		-0.130014,
		0.709287,
		-0.692827,
		0,
		-0.191607,
		0.248501,
		-0.605086,
		1
	},
	[0.916666666667] = {
		0.987625,
		0.154496,
		-0.026988,
		0,
		0.088701,
		-0.69215,
		-0.716282,
		0,
		-0.129342,
		0.705024,
		-0.697288,
		0,
		-0.191375,
		0.244861,
		-0.606641,
		1
	},
	[0.9] = {
		0.987641,
		0.154411,
		-0.026889,
		0,
		0.088629,
		-0.691701,
		-0.716725,
		0,
		-0.129269,
		0.705484,
		-0.696837,
		0,
		-0.191349,
		0.245269,
		-0.606485,
		1
	}
}

return spline_matrices
