-- chunkname: @content/characters/player/human/first_person/animations/hatchet/heavy_attack_right_diagonal_down_ninja.lua

local spline_matrices = {
	[0.0166666666667] = {
		0.341326,
		-0.268643,
		0.900737,
		0,
		-0.81131,
		0.399689,
		0.426645,
		0,
		-0.47463,
		-0.876402,
		-0.081529,
		0,
		-0.28666,
		0.388289,
		-0.03408,
		1,
	},
	[0.0333333333333] = {
		0.297136,
		-0.30465,
		0.90493,
		0,
		-0.770289,
		0.483562,
		0.41572,
		0,
		-0.564239,
		-0.820583,
		-0.090985,
		0,
		-0.246921,
		0.446733,
		-0.052124,
		1,
	},
	[0.05] = {
		0.381478,
		-0.209885,
		0.900235,
		0,
		-0.613569,
		0.670914,
		0.416422,
		0,
		-0.691381,
		-0.711212,
		0.12716,
		0,
		-0.196016,
		0.534486,
		-0.085954,
		1,
	},
	[0.0666666666667] = {
		0.502472,
		-0.127857,
		0.855087,
		0,
		-0.379838,
		0.855806,
		0.351167,
		0,
		-0.776689,
		-0.501246,
		0.381454,
		0,
		-0.141561,
		0.614321,
		-0.121974,
		1,
	},
	[0.0833333333333] = {
		0.513942,
		-0.161316,
		0.84252,
		0,
		-0.145052,
		0.951674,
		0.270698,
		0,
		-0.845472,
		-0.261332,
		0.465706,
		0,
		-0.045466,
		0.639815,
		-0.13863,
		1,
	},
	[0] = {
		0.433813,
		-0.159671,
		0.886742,
		0,
		-0.802214,
		0.37961,
		0.460814,
		0,
		-0.410194,
		-0.911264,
		0.036589,
		0,
		-0.316063,
		0.334792,
		-0.025116,
		1,
	},
	[0.116666666667] = {
		0.481241,
		-0.198796,
		0.853749,
		0,
		0.365962,
		0.930572,
		0.010399,
		0,
		-0.796541,
		0.307436,
		0.520582,
		0,
		0.115451,
		0.597539,
		-0.162387,
		1,
	},
	[0.133333333333] = {
		0.483376,
		-0.184197,
		0.855815,
		0,
		0.613853,
		0.768308,
		-0.181349,
		0,
		-0.624125,
		0.613004,
		0.484451,
		0,
		0.153492,
		0.546924,
		-0.178663,
		1,
	},
	[0.15] = {
		0.493102,
		-0.179657,
		0.851219,
		0,
		0.833424,
		0.378171,
		-0.402978,
		0,
		-0.249509,
		0.908135,
		0.336207,
		0,
		0.184409,
		0.484373,
		-0.216362,
		1,
	},
	[0.166666666667] = {
		0.510734,
		-0.181367,
		0.840391,
		0,
		0.836643,
		-0.1202,
		-0.534397,
		0,
		0.197937,
		0.976042,
		0.090349,
		0,
		0.207042,
		0.423433,
		-0.252746,
		1,
	},
	[0.183333333333] = {
		0.556363,
		-0.163673,
		0.81466,
		0,
		0.7011,
		-0.433767,
		-0.565956,
		0,
		0.446004,
		0.886035,
		-0.12658,
		0,
		0.229206,
		0.351336,
		-0.273142,
		1,
	},
	[0.1] = {
		0.487988,
		-0.202394,
		0.849061,
		0,
		0.112063,
		0.979222,
		0.169014,
		0,
		-0.865627,
		0.012671,
		0.500529,
		0,
		0.060804,
		0.631353,
		-0.150129,
		1,
	},
	[0.216666666667] = {
		0.598565,
		-0.00728,
		0.801041,
		0,
		0.458443,
		-0.816908,
		-0.349988,
		0,
		0.656925,
		0.576723,
		-0.485635,
		0,
		0.262618,
		0.220017,
		-0.289294,
		1,
	},
	[0.233333333333] = {
		0.617402,
		0.072881,
		0.783264,
		0,
		0.370733,
		-0.905146,
		-0.208006,
		0,
		0.693809,
		0.418806,
		-0.585859,
		0,
		0.283005,
		0.163535,
		-0.297514,
		1,
	},
	[0.25] = {
		0.624698,
		0.107542,
		0.773426,
		0,
		0.339255,
		-0.929487,
		-0.144775,
		0,
		0.70332,
		0.352829,
		-0.617133,
		0,
		0.299279,
		0.119285,
		-0.306051,
		1,
	},
	[0.266666666667] = {
		0.625977,
		0.107836,
		0.77235,
		0,
		0.345801,
		-0.926084,
		-0.150966,
		0,
		0.698981,
		0.361581,
		-0.616997,
		0,
		0.311753,
		0.081149,
		-0.313044,
		1,
	},
	[0.283333333333] = {
		0.632992,
		0.106048,
		0.766861,
		0,
		0.359229,
		-0.917708,
		-0.16961,
		0,
		0.685767,
		0.38284,
		-0.618997,
		0,
		0.323779,
		0.04143,
		-0.317676,
		1,
	},
	[0.2] = {
		0.57819,
		-0.097884,
		0.810009,
		0,
		0.578735,
		-0.650594,
		-0.491724,
		0,
		0.575119,
		0.753091,
		-0.319518,
		0,
		0.242821,
		0.28516,
		-0.281631,
		1,
	},
	[0.316666666667] = {
		0.661557,
		0.099599,
		0.743251,
		0,
		0.39751,
		-0.887007,
		-0.234954,
		0,
		0.635868,
		0.450886,
		-0.626397,
		0,
		0.345165,
		-0.037189,
		-0.322861,
		1,
	},
	[0.333333333333] = {
		0.681186,
		0.09647,
		0.725726,
		0,
		0.417376,
		-0.865583,
		-0.2767,
		0,
		0.601484,
		0.491385,
		-0.629887,
		0,
		0.354148,
		-0.073374,
		-0.324744,
		1,
	},
	[0.35] = {
		0.702618,
		0.094023,
		0.705328,
		0,
		0.434654,
		-0.841522,
		-0.320806,
		0,
		0.563386,
		0.531977,
		-0.632137,
		0,
		0.361947,
		-0.105789,
		-0.326776,
		1,
	},
	[0.366666666667] = {
		0.724851,
		0.092422,
		0.682678,
		0,
		0.447522,
		-0.816564,
		-0.36462,
		0,
		0.523751,
		0.569808,
		-0.633248,
		0,
		0.368411,
		-0.133219,
		-0.329497,
		1,
	},
	[0.383333333333] = {
		0.746987,
		0.091528,
		0.658508,
		0,
		0.454705,
		-0.792932,
		-0.405589,
		0,
		0.485029,
		0.602397,
		-0.633928,
		0,
		0.373404,
		-0.154495,
		-0.333411,
		1,
	},
	[0.3] = {
		0.645098,
		0.102993,
		0.757127,
		0,
		0.377262,
		-0.904609,
		-0.198385,
		0,
		0.664471,
		0.413613,
		-0.622417,
		0,
		0.335013,
		0.001508,
		-0.320693,
		1,
	},
	[0.416666666667] = {
		0.788185,
		0.089843,
		0.608845,
		0,
		0.449366,
		-0.759973,
		-0.469586,
		0,
		0.420517,
		0.643715,
		-0.639372,
		0,
		0.37855,
		-0.174087,
		-0.3467,
		1,
	},
	[0.433333333333] = {
		0.807326,
		0.088106,
		0.583492,
		0,
		0.438049,
		-0.75201,
		-0.492538,
		0,
		0.395396,
		0.653237,
		-0.645711,
		0,
		0.376487,
		-0.174486,
		-0.356366,
		1,
	},
	[0.45] = {
		0.826498,
		0.08597,
		0.556336,
		0,
		0.423448,
		-0.746139,
		-0.513779,
		0,
		0.370935,
		0.660217,
		-0.653086,
		0,
		0.368934,
		-0.173685,
		-0.367381,
		1,
	},
	[0.466666666667] = {
		0.845512,
		0.083351,
		0.527411,
		0,
		0.405825,
		-0.742231,
		-0.533292,
		0,
		0.34701,
		0.664941,
		-0.661391,
		0,
		0.356469,
		-0.171792,
		-0.379555,
		1,
	},
	[0.483333333333] = {
		0.864188,
		0.080171,
		0.496742,
		0,
		0.385417,
		-0.740125,
		-0.551062,
		0,
		0.323471,
		0.667674,
		-0.670506,
		0,
		0.339662,
		-0.168911,
		-0.392709,
		1,
	},
	[0.4] = {
		0.768287,
		0.090903,
		0.633618,
		0,
		0.455448,
		-0.773175,
		-0.441324,
		0,
		0.44978,
		0.627644,
		-0.635422,
		0,
		0.376812,
		-0.168486,
		-0.338992,
		1,
	},
	[0.516666666667] = {
		0.899705,
		0.071867,
		0.430542,
		0,
		0.337288,
		-0.740557,
		-0.581216,
		0,
		0.277071,
		0.66814,
		-0.690522,
		0,
		0.295371,
		-0.160601,
		-0.421163,
		1,
	},
	[0.533333333333] = {
		0.916155,
		0.066649,
		0.395244,
		0,
		0.310088,
		-0.742674,
		-0.593532,
		0,
		0.253979,
		0.666328,
		-0.701072,
		0,
		0.269063,
		-0.155382,
		-0.43607,
		1,
	},
	[0.55] = {
		0.931492,
		0.060689,
		0.358663,
		0,
		0.281146,
		-0.745763,
		-0.603982,
		0,
		0.230822,
		0.663441,
		-0.711735,
		0,
		0.24076,
		-0.149598,
		-0.451172,
		1,
	},
	[0.566666666667] = {
		0.945554,
		0.05399,
		0.320956,
		0,
		0.25073,
		-0.749597,
		-0.612568,
		0,
		0.207515,
		0.659689,
		-0.722321,
		0,
		0.211045,
		-0.143362,
		-0.466276,
		1,
	},
	[0.583333333333] = {
		0.958196,
		0.046579,
		0.282295,
		0,
		0.219107,
		-0.75395,
		-0.619315,
		0,
		0.183989,
		0.655278,
		-0.732638,
		0,
		0.180498,
		-0.136794,
		-0.48119,
		1,
	},
	[0.5] = {
		0.882319,
		0.076362,
		0.464416,
		0,
		0.362485,
		-0.739635,
		-0.56705,
		0,
		0.300198,
		0.668662,
		-0.680273,
		0,
		0.3191,
		-0.165146,
		-0.406644,
		1,
	},
	[0.616666666667] = {
		0.978757,
		0.029847,
		0.20284,
		0,
		0.153326,
		-0.763358,
		-0.627515,
		0,
		0.13611,
		0.645286,
		-0.751718,
		0,
		0.119218,
		-0.123162,
		-0.509696,
		1,
	},
	[0.633333333333] = {
		0.986504,
		0.020702,
		0.162426,
		0,
		0.119705,
		-0.768011,
		-0.62915,
		0,
		0.11172,
		0.640102,
		-0.760123,
		0,
		0.089629,
		-0.116364,
		-0.522912,
		1,
	},
	[0.65] = {
		0.99249,
		0.011194,
		0.121809,
		0,
		0.085947,
		-0.772386,
		-0.629311,
		0,
		0.087039,
		0.635054,
		-0.767548,
		0,
		0.061498,
		-0.109766,
		-0.535188,
		1,
	},
	[0.666666666667] = {
		0.996699,
		0.001468,
		0.081175,
		0,
		0.052303,
		-0.776325,
		-0.628159,
		0,
		0.062096,
		0.630331,
		-0.773839,
		0,
		0.035391,
		-0.103517,
		-0.546338,
		1,
	},
	[0.683333333333] = {
		0.999137,
		-0.008311,
		0.040703,
		0,
		0.019012,
		-0.779685,
		-0.625883,
		0,
		0.036937,
		0.626117,
		-0.778854,
		0,
		0.011866,
		-0.097769,
		-0.556177,
		1,
	},
	[0.6] = {
		0.969297,
		0.038506,
		0.24286,
		0,
		0.186549,
		-0.758607,
		-0.624272,
		0,
		0.160197,
		0.65041,
		-0.742498,
		0,
		0.149698,
		-0.130017,
		-0.495726,
		1,
	},
	[0.716666666667] = {
		0.998863,
		-0.027279,
		-0.0391,
		0,
		-0.04564,
		-0.784196,
		-0.618832,
		0,
		-0.013781,
		0.619913,
		-0.78455,
		0,
		-0.025209,
		-0.088417,
		-0.571182,
		1,
	},
	[0.733333333333] = {
		0.99629,
		-0.036057,
		-0.07814,
		0,
		-0.076615,
		-0.785154,
		-0.614543,
		0,
		-0.039193,
		0.61825,
		-0.785004,
		0,
		-0.037653,
		-0.085141,
		-0.575979,
		1,
	},
	[0.75] = {
		0.99222,
		-0.04407,
		-0.116437,
		0,
		-0.106467,
		-0.785141,
		-0.610097,
		0,
		-0.064532,
		0.617747,
		-0.783724,
		0,
		-0.045302,
		-0.08302,
		-0.578726,
		1,
	},
	[0.766666666667] = {
		0.986768,
		-0.051084,
		-0.153882,
		0,
		-0.135059,
		-0.784091,
		-0.605772,
		0,
		-0.089713,
		0.61854,
		-0.780615,
		0,
		-0.047607,
		-0.082222,
		-0.57924,
		1,
	},
	[0.783333333333] = {
		0.986687,
		-0.052128,
		-0.154047,
		0,
		-0.135986,
		-0.783973,
		-0.605718,
		0,
		-0.089194,
		0.618603,
		-0.780625,
		0,
		-0.047792,
		-0.082195,
		-0.579229,
		1,
	},
	[0.7] = {
		0.999839,
		-0.017959,
		0.00056,
		0,
		-0.013704,
		-0.782344,
		-0.622696,
		0,
		0.011621,
		0.622588,
		-0.782464,
		0,
		-0.008519,
		-0.092682,
		-0.56452,
		1,
	},
	[0.816666666667] = {
		0.986555,
		-0.053684,
		-0.154361,
		0,
		-0.13743,
		-0.783653,
		-0.605806,
		0,
		-0.088443,
		0.618874,
		-0.780495,
		0,
		-0.048102,
		-0.082022,
		-0.579228,
		1,
	},
	[0.833333333333] = {
		0.986506,
		-0.054171,
		-0.154507,
		0,
		-0.137923,
		-0.783466,
		-0.605936,
		0,
		-0.088227,
		0.619069,
		-0.780365,
		0,
		-0.048225,
		-0.081887,
		-0.579237,
		1,
	},
	[0.85] = {
		0.986469,
		-0.054448,
		-0.154645,
		0,
		-0.138251,
		-0.783271,
		-0.606114,
		0,
		-0.088127,
		0.619292,
		-0.7802,
		0,
		-0.048324,
		-0.081727,
		-0.579251,
		1,
	},
	[0.866666666667] = {
		0.98644,
		-0.054599,
		-0.154772,
		0,
		-0.138475,
		-0.783062,
		-0.606332,
		0,
		-0.088091,
		0.619542,
		-0.780005,
		0,
		-0.048405,
		-0.081544,
		-0.57927,
		1,
	},
	[0.883333333333] = {
		0.986416,
		-0.054715,
		-0.154887,
		0,
		-0.138668,
		-0.782834,
		-0.606582,
		0,
		-0.088061,
		0.61982,
		-0.779787,
		0,
		-0.048476,
		-0.081341,
		-0.579293,
		1,
	},
	[0.8] = {
		0.986616,
		-0.052999,
		-0.154207,
		0,
		-0.13678,
		-0.783825,
		-0.605731,
		0,
		-0.088768,
		0.618716,
		-0.780584,
		0,
		-0.047957,
		-0.082127,
		-0.579225,
		1,
	},
	[0.916666666667] = {
		0.986379,
		-0.054859,
		-0.155073,
		0,
		-0.138964,
		-0.78234,
		-0.607152,
		0,
		-0.088012,
		0.620431,
		-0.779307,
		0,
		-0.048583,
		-0.080891,
		-0.579347,
		1,
	},
	[0.933333333333] = {
		0.986366,
		-0.054895,
		-0.155142,
		0,
		-0.139071,
		-0.782085,
		-0.607455,
		0,
		-0.087988,
		0.620749,
		-0.779057,
		0,
		-0.048618,
		-0.080657,
		-0.579376,
		1,
	},
	[0.95] = {
		0.986357,
		-0.054911,
		-0.155193,
		0,
		-0.13915,
		-0.781834,
		-0.607761,
		0,
		-0.087962,
		0.621064,
		-0.778808,
		0,
		-0.048642,
		-0.080423,
		-0.579407,
		1,
	},
	[0.966666666667] = {
		0.986352,
		-0.054912,
		-0.155224,
		0,
		-0.139204,
		-0.78159,
		-0.608062,
		0,
		-0.087932,
		0.621371,
		-0.778567,
		0,
		-0.048652,
		-0.080196,
		-0.579438,
		1,
	},
	[0.983333333333] = {
		0.986349,
		-0.0549,
		-0.155244,
		0,
		-0.13924,
		-0.78136,
		-0.608349,
		0,
		-0.087903,
		0.621661,
		-0.778339,
		0,
		-0.048656,
		-0.079981,
		-0.579467,
		1,
	},
	[0.9] = {
		0.986395,
		-0.0548,
		-0.154988,
		0,
		-0.138831,
		-0.782591,
		-0.606858,
		0,
		-0.088036,
		0.620119,
		-0.779552,
		0,
		-0.048535,
		-0.081121,
		-0.579319,
		1,
	},
	[1.01666666667] = {
		0.986346,
		-0.054856,
		-0.155279,
		0,
		-0.139283,
		-0.780966,
		-0.608845,
		0,
		-0.087869,
		0.62216,
		-0.777943,
		0,
		-0.04866,
		-0.07961,
		-0.579518,
		1,
	},
	[1.03333333333] = {
		0.986346,
		-0.054831,
		-0.155293,
		0,
		-0.139294,
		-0.780812,
		-0.60904,
		0,
		-0.08786,
		0.622355,
		-0.777789,
		0,
		-0.048662,
		-0.079465,
		-0.579537,
		1,
	},
	[1.05] = {
		0.986345,
		-0.054808,
		-0.155303,
		0,
		-0.139299,
		-0.780696,
		-0.609188,
		0,
		-0.087856,
		0.622503,
		-0.77767,
		0,
		-0.048662,
		-0.079355,
		-0.579553,
		1,
	},
	[1.06666666667] = {
		0.986345,
		-0.054792,
		-0.15531,
		0,
		-0.139301,
		-0.780621,
		-0.609283,
		0,
		-0.087854,
		0.622598,
		-0.777595,
		0,
		-0.048662,
		-0.079285,
		-0.579562,
		1,
	},
	[1.08333333333] = {
		0.986345,
		-0.054786,
		-0.155312,
		0,
		-0.139302,
		-0.780595,
		-0.609316,
		0,
		-0.087854,
		0.622631,
		-0.777568,
		0,
		-0.048662,
		-0.07926,
		-0.579566,
		1,
	},
	{
		0.986348,
		-0.054881,
		-0.155263,
		0,
		-0.139266,
		-0.78115,
		-0.608612,
		0,
		-0.087882,
		0.621926,
		-0.778129,
		0,
		-0.048659,
		-0.079784,
		-0.579494,
		1,
	},
}

return spline_matrices
