local spline_matrices = {
	[0] = {
		0.978772,
		0.167697,
		-0.117824,
		0,
		0.105354,
		0.081438,
		0.991094,
		0,
		0.175799,
		-0.982469,
		0.062042,
		0,
		0.118706,
		0.047307,
		0.260278,
		1
	},
	[0.0166666666667] = {
		0.988483,
		0.100949,
		-0.112743,
		0,
		0.098152,
		0.139391,
		0.985361,
		0,
		0.115187,
		-0.985078,
		0.127877,
		0,
		0.117947,
		0.055782,
		0.258813,
		1
	},
	[0.0333333333333] = {
		0.994706,
		0.026817,
		-0.099197,
		0,
		0.092148,
		0.194402,
		0.976584,
		0,
		0.045473,
		-0.980555,
		0.190901,
		0,
		0.115639,
		0.069877,
		0.257093,
		1
	},
	[0.05] = {
		0.995564,
		-0.042526,
		-0.08393,
		0,
		0.091964,
		0.251291,
		0.963533,
		0,
		-0.019885,
		-0.966977,
		0.254087,
		0,
		0.112297,
		0.089163,
		0.254992,
		1
	},
	[0.0666666666667] = {
		0.992588,
		-0.095759,
		-0.074828,
		0,
		0.101449,
		0.313898,
		0.944021,
		0,
		-0.06691,
		-0.944615,
		0.321286,
		0,
		0.108272,
		0.113231,
		0.252364,
		1
	},
	[0.0833333333333] = {
		0.989063,
		-0.123182,
		-0.081116,
		0,
		0.123022,
		0.385627,
		0.914416,
		0,
		-0.08136,
		-0.914395,
		0.396564,
		0,
		0.103797,
		0.141731,
		0.249045,
		1
	},
	[0.116666666667] = {
		0.976251,
		-0.087022,
		-0.198396,
		0,
		0.214737,
		0.509888,
		0.833008,
		0,
		0.028669,
		-0.855828,
		0.516465,
		0,
		0.088563,
		0.219851,
		0.241952,
		1
	},
	[0.133333333333] = {
		0.966992,
		-0.052431,
		-0.249354,
		0,
		0.221359,
		0.657534,
		0.720173,
		0,
		0.126199,
		-0.751598,
		0.647437,
		0,
		0.077798,
		0.294666,
		0.228586,
		1
	},
	[0.15] = {
		0.963153,
		-0.01164,
		-0.268703,
		0,
		0.143106,
		0.868081,
		0.475348,
		0,
		0.227723,
		-0.496286,
		0.83776,
		0,
		0.067722,
		0.437745,
		0.193659,
		1
	},
	[0.166666666667] = {
		0.95969,
		0.034246,
		-0.278966,
		0,
		-0.042593,
		0.998806,
		-0.023916,
		0,
		0.277814,
		0.034834,
		0.960003,
		0,
		0.048285,
		0.591308,
		0.099745,
		1
	},
	[0.183333333333] = {
		0.947877,
		0.086128,
		-0.306776,
		0,
		-0.316494,
		0.365954,
		-0.875162,
		0,
		0.036891,
		0.926639,
		0.374139,
		0,
		-0.007434,
		0.631136,
		-0.156279,
		1
	},
	[0.1] = {
		0.984903,
		-0.117038,
		-0.127546,
		0,
		0.166662,
		0.441932,
		0.881431,
		0,
		-0.046794,
		-0.889381,
		0.454765,
		0,
		0.097446,
		0.173851,
		0.246554,
		1
	},
	[0.216666666667] = {
		0.98248,
		0.081698,
		-0.167508,
		0,
		-0.149909,
		-0.187571,
		-0.970744,
		0,
		-0.110727,
		0.978848,
		-0.172037,
		0,
		-0.050892,
		0.43934,
		-0.444324,
		1
	},
	[0.233333333333] = {
		0.990547,
		0.065033,
		-0.120782,
		0,
		-0.083288,
		-0.41449,
		-0.906234,
		0,
		-0.108998,
		0.907727,
		-0.405155,
		0,
		-0.06853,
		0.371722,
		-0.504834,
		1
	},
	[0.25] = {
		0.996591,
		0.027985,
		-0.077603,
		0,
		-0.048357,
		-0.56397,
		-0.824378,
		0,
		-0.066836,
		0.825321,
		-0.560694,
		0,
		-0.086066,
		0.327537,
		-0.548992,
		1
	},
	[0.266666666667] = {
		0.999023,
		0.003697,
		-0.044045,
		0,
		-0.030935,
		-0.653259,
		-0.756502,
		0,
		-0.03157,
		0.757125,
		-0.652507,
		0,
		-0.09581,
		0.309544,
		-0.564532,
		1
	},
	[0.283333333333] = {
		0.99976,
		-0.002334,
		-0.02179,
		0,
		-0.017005,
		-0.709812,
		-0.704186,
		0,
		-0.013823,
		0.704387,
		-0.709682,
		0,
		-0.098837,
		0.30546,
		-0.561882,
		1
	},
	[0.2] = {
		0.969099,
		0.072078,
		-0.235908,
		0,
		-0.245857,
		0.204469,
		-0.947495,
		0,
		-0.020058,
		0.976216,
		0.215871,
		0,
		-0.041497,
		0.606838,
		-0.294282,
		1
	},
	[0.316666666667] = {
		0.999925,
		-0.004551,
		0.011372,
		0,
		0.003407,
		-0.788454,
		-0.615084,
		0,
		0.011765,
		0.615077,
		-0.78838,
		0,
		-0.106772,
		0.296748,
		-0.559696,
		1
	},
	[0.333333333333] = {
		0.999739,
		-0.002409,
		0.022715,
		0,
		0.011226,
		-0.81424,
		-0.58042,
		0,
		0.019894,
		0.580524,
		-0.814,
		0,
		-0.11136,
		0.292388,
		-0.55983,
		1
	},
	[0.35] = {
		0.999519,
		0.001037,
		0.03098,
		0,
		0.017994,
		-0.833216,
		-0.552655,
		0,
		0.02524,
		0.552947,
		-0.832834,
		0,
		-0.116187,
		0.288055,
		-0.560652,
		1
	},
	[0.366666666667] = {
		0.999328,
		0.005436,
		0.036257,
		0,
		0.023894,
		-0.846637,
		-0.531635,
		0,
		0.027807,
		0.532144,
		-0.846197,
		0,
		-0.121319,
		0.283783,
		-0.562031,
		1
	},
	[0.383333333333] = {
		0.999195,
		0.010522,
		0.038722,
		0,
		0.029045,
		-0.855467,
		-0.517043,
		0,
		0.027685,
		0.517751,
		-0.855083,
		0,
		-0.126779,
		0.279621,
		-0.563844,
		1
	},
	[0.3] = {
		0.999982,
		-0.004912,
		-0.003377,
		0,
		-0.005922,
		-0.754279,
		-0.656528,
		0,
		0.000678,
		0.656536,
		-0.754294,
		0,
		-0.102511,
		0.301122,
		-0.560347,
		1
	},
	[0.416666666667] = {
		0.999062,
		0.022386,
		0.037062,
		0,
		0.038064,
		-0.862052,
		-0.505389,
		0,
		0.020636,
		0.506326,
		-0.862095,
		0,
		-0.138223,
		0.271815,
		-0.568459,
		1
	},
	[0.433333333333] = {
		0.999005,
		0.029053,
		0.03383,
		0,
		0.042213,
		-0.860659,
		-0.507429,
		0,
		0.014374,
		0.508352,
		-0.861029,
		0,
		-0.143967,
		0.26835,
		-0.571092,
		1
	},
	[0.45] = {
		0.998909,
		0.03613,
		0.029575,
		0,
		0.0462,
		-0.856498,
		-0.514078,
		0,
		0.006757,
		0.514883,
		-0.857234,
		0,
		-0.149549,
		0.265318,
		-0.573837,
		1
	},
	[0.466666666667] = {
		0.998744,
		0.043587,
		0.024715,
		0,
		0.050072,
		-0.849825,
		-0.524681,
		0,
		-0.001866,
		0.525259,
		-0.85094,
		0,
		-0.154834,
		0.26272,
		-0.576675,
		1
	},
	[0.483333333333] = {
		0.998485,
		0.051399,
		0.019662,
		0,
		0.05389,
		-0.84086,
		-0.538562,
		0,
		-0.011148,
		0.538806,
		-0.842356,
		0,
		-0.159683,
		0.260556,
		-0.579592,
		1
	},
	[0.4] = {
		0.999114,
		0.016182,
		0.038839,
		0,
		0.033701,
		-0.860429,
		-0.508455,
		0,
		0.02519,
		0.509314,
		-0.860212,
		0,
		-0.13245,
		0.275615,
		-0.566011,
		1
	},
	[0.516666666667] = {
		0.997636,
		0.067988,
		0.010038,
		0,
		0.061444,
		-0.816949,
		-0.573427,
		0,
		-0.030786,
		0.572688,
		-0.819195,
		0,
		-0.167839,
		0.257471,
		-0.585556,
		1
	},
	[0.533333333333] = {
		0.99704,
		0.076722,
		0.005002,
		0,
		0.06473,
		-0.802528,
		-0.593092,
		0,
		-0.041489,
		0.591661,
		-0.805119,
		0,
		-0.171605,
		0.256495,
		-0.588397,
		1
	},
	[0.55] = {
		0.996323,
		0.085676,
		-0.000101,
		0,
		0.067605,
		-0.786905,
		-0.613359,
		0,
		-0.05263,
		0.611097,
		-0.789804,
		0,
		-0.175234,
		0.255844,
		-0.591076,
		1
	},
	[0.566666666667] = {
		0.995486,
		0.094769,
		-0.005099,
		0,
		0.070105,
		-0.770499,
		-0.633575,
		0,
		-0.063972,
		0.630358,
		-0.773665,
		0,
		-0.178696,
		0.255466,
		-0.593573,
		1
	},
	[0.583333333333] = {
		0.994539,
		0.103901,
		-0.009829,
		0,
		0.072296,
		-0.753799,
		-0.653116,
		0,
		-0.075269,
		0.648839,
		-0.757194,
		0,
		-0.181949,
		0.255297,
		-0.595863,
		1
	},
	[0.5] = {
		0.998116,
		0.059538,
		0.014823,
		0,
		0.057742,
		-0.829822,
		-0.555033,
		0,
		-0.020745,
		0.554843,
		-0.831696,
		0,
		-0.163956,
		0.258813,
		-0.582583,
		1
	},
	[0.616666666667] = {
		0.992394,
		0.121793,
		-0.017901,
		0,
		0.076181,
		-0.721833,
		-0.687862,
		0,
		-0.096698,
		0.681266,
		-0.725621,
		0,
		-0.187549,
		0.255269,
		-0.59968,
		1
	},
	[0.633333333333] = {
		0.991256,
		0.130275,
		-0.020989,
		0,
		0.078166,
		-0.707863,
		-0.702011,
		0,
		-0.106312,
		0.694232,
		-0.711857,
		0,
		-0.189684,
		0.255218,
		-0.601088,
		1
	},
	[0.65] = {
		0.990123,
		0.138251,
		-0.023302,
		0,
		0.080416,
		-0.696163,
		-0.713366,
		0,
		-0.114846,
		0.704446,
		-0.700404,
		0,
		-0.191209,
		0.255006,
		-0.602067,
		1
	},
	[0.666666666667] = {
		0.989032,
		0.145613,
		-0.024751,
		0,
		0.083155,
		-0.687436,
		-0.721468,
		0,
		-0.12207,
		0.711497,
		-0.692005,
		0,
		-0.192056,
		0.254546,
		-0.602605,
		1
	},
	[0.683333333333] = {
		0.988013,
		0.152293,
		-0.025255,
		0,
		0.086628,
		-0.682372,
		-0.725854,
		0,
		-0.127776,
		0.714966,
		-0.687385,
		0,
		-0.192303,
		0.253797,
		-0.602844,
		1
	},
	[0.6] = {
		0.9935,
		0.112954,
		-0.014141,
		0,
		0.074277,
		-0.737369,
		-0.671394,
		0,
		-0.086264,
		0.665979,
		-0.740966,
		0,
		-0.18493,
		0.255262,
		-0.597915,
		1
	},
	[0.716666666667] = {
		0.987147,
		0.15785,
		-0.024968,
		0,
		0.090823,
		-0.682665,
		-0.725065,
		0,
		-0.131497,
		0.713478,
		-0.688228,
		0,
		-0.19212,
		0.252006,
		-0.603471,
		1
	},
	[0.733333333333] = {
		0.987207,
		0.157439,
		-0.025191,
		0,
		0.090558,
		-0.683701,
		-0.724122,
		0,
		-0.131228,
		0.712577,
		-0.689212,
		0,
		-0.192027,
		0.251246,
		-0.603818,
		1
	},
	[0.75] = {
		0.987274,
		0.156989,
		-0.025407,
		0,
		0.090266,
		-0.684711,
		-0.723203,
		0,
		-0.130931,
		0.711706,
		-0.690168,
		0,
		-0.191925,
		0.250516,
		-0.604154,
		1
	},
	[0.766666666667] = {
		0.987343,
		0.15652,
		-0.025616,
		0,
		0.08996,
		-0.68569,
		-0.722313,
		0,
		-0.130621,
		0.710866,
		-0.691091,
		0,
		-0.191817,
		0.249815,
		-0.604478,
		1
	},
	[0.783333333333] = {
		0.987411,
		0.156052,
		-0.025815,
		0,
		0.089654,
		-0.686632,
		-0.721456,
		0,
		-0.13031,
		0.710059,
		-0.691979,
		0,
		-0.19171,
		0.249143,
		-0.604789,
		1
	},
	[0.7] = {
		0.987096,
		0.158204,
		-0.02474,
		0,
		0.091047,
		-0.681611,
		-0.726028,
		0,
		-0.131724,
		0.714408,
		-0.68722,
		0,
		-0.192199,
		0.252797,
		-0.603116,
		1
	},
	[0.816666666667] = {
		0.987536,
		0.155198,
		-0.026184,
		0,
		0.089097,
		-0.688382,
		-0.719856,
		0,
		-0.129745,
		0.708551,
		-0.69363,
		0,
		-0.191514,
		0.247889,
		-0.605366,
		1
	},
	[0.833333333333] = {
		0.987586,
		0.154851,
		-0.026351,
		0,
		0.088874,
		-0.689177,
		-0.719122,
		0,
		-0.129517,
		0.707853,
		-0.694384,
		0,
		-0.191435,
		0.247305,
		-0.60563,
		1
	},
	[0.85] = {
		0.987624,
		0.154584,
		-0.026506,
		0,
		0.088704,
		-0.689912,
		-0.718437,
		0,
		-0.129346,
		0.707195,
		-0.695086,
		0,
		-0.191376,
		0.246751,
		-0.605875,
		1
	},
	[0.866666666667] = {
		0.987646,
		0.154416,
		-0.026648,
		0,
		0.088604,
		-0.690581,
		-0.717807,
		0,
		-0.129243,
		0.706578,
		-0.695732,
		0,
		-0.19134,
		0.246225,
		-0.6061,
		1
	},
	[0.883333333333] = {
		0.987651,
		0.154367,
		-0.026776,
		0,
		0.088585,
		-0.691178,
		-0.717235,
		0,
		-0.129224,
		0.706006,
		-0.696317,
		0,
		-0.191334,
		0.245728,
		-0.606304,
		1
	},
	[0.8] = {
		0.987477,
		0.155605,
		-0.026005,
		0,
		0.089362,
		-0.687531,
		-0.720635,
		0,
		-0.130014,
		0.709287,
		-0.692827,
		0,
		-0.191607,
		0.248501,
		-0.605086,
		1
	},
	[0.916666666667] = {
		0.987625,
		0.154496,
		-0.026988,
		0,
		0.088701,
		-0.69215,
		-0.716282,
		0,
		-0.129342,
		0.705024,
		-0.697288,
		0,
		-0.191375,
		0.244861,
		-0.606641,
		1
	},
	[0.9] = {
		0.987641,
		0.154411,
		-0.026889,
		0,
		0.088629,
		-0.691701,
		-0.716725,
		0,
		-0.129269,
		0.705484,
		-0.696837,
		0,
		-0.191349,
		0.245269,
		-0.606485,
		1
	}
}

return spline_matrices
