local spline_matrices = {
	[0] = {
		0.972258,
		0.228679,
		-0.049203,
		0,
		-0.01926,
		0.287899,
		0.957467,
		0,
		0.233118,
		-0.929957,
		0.284316,
		0,
		0.323782,
		0.264441,
		-0.046655,
		1
	},
	{
		0.856111,
		-0.280872,
		-0.433803,
		0,
		-0.432896,
		0.068729,
		-0.89882,
		0,
		0.282268,
		0.957281,
		-0.062749,
		0,
		-0.014008,
		0.032136,
		-0.646984,
		1
	},
	[0.0166666666667] = {
		0.95542,
		0.209696,
		-0.207847,
		0,
		0.113352,
		0.389507,
		0.914022,
		0,
		0.272625,
		-0.896834,
		0.348373,
		0,
		0.357698,
		0.28673,
		-0.049454,
		1
	},
	[0.0333333333333] = {
		0.915174,
		0.161544,
		-0.36927,
		0,
		0.250973,
		0.488492,
		0.835696,
		0,
		0.315387,
		-0.857484,
		0.406512,
		0,
		0.392389,
		0.332811,
		-0.060003,
		1
	},
	[0.05] = {
		0.850147,
		0.103682,
		-0.516236,
		0,
		0.371533,
		0.576612,
		0.727655,
		0,
		0.373112,
		-0.810413,
		0.451684,
		0,
		0.374332,
		0.386867,
		-0.076992,
		1
	},
	[0.0666666666667] = {
		0.771358,
		0.058029,
		-0.633751,
		0,
		0.451338,
		0.652186,
		0.609054,
		0,
		0.448666,
		-0.755834,
		0.476878,
		0,
		0.314593,
		0.457371,
		-0.095951,
		1
	},
	[0.0833333333333] = {
		0.694038,
		0.048479,
		-0.718304,
		0,
		0.474272,
		0.719851,
		0.506834,
		0,
		0.541643,
		-0.692433,
		0.476612,
		0,
		0.230738,
		0.520258,
		-0.111911,
		1
	},
	[0.116666666667] = {
		0.624504,
		0.096001,
		-0.775099,
		0,
		0.361656,
		0.844064,
		0.395932,
		0,
		0.692242,
		-0.52758,
		0.492402,
		0,
		0.064827,
		0.543753,
		-0.109948,
		1
	},
	[0.133333333333] = {
		0.584724,
		0.133721,
		-0.800136,
		0,
		0.001484,
		0.986143,
		0.165891,
		0,
		0.811231,
		-0.098187,
		0.576423,
		0,
		-0.011191,
		0.653595,
		-0.105995,
		1
	},
	[0.15] = {
		0.536572,
		0.148443,
		-0.830696,
		0,
		-0.497484,
		0.850791,
		-0.169306,
		0,
		0.681616,
		0.504102,
		0.530359,
		0,
		-0.075145,
		0.584871,
		-0.128379,
		1
	},
	[0.166666666667] = {
		0.536874,
		0.172071,
		-0.825928,
		0,
		-0.791085,
		0.442872,
		-0.421959,
		0,
		0.293174,
		0.879918,
		0.373889,
		0,
		-0.120063,
		0.509499,
		-0.163439,
		1
	},
	[0.183333333333] = {
		0.6483,
		0.233256,
		-0.724775,
		0,
		-0.753148,
		0.056819,
		-0.655393,
		0,
		-0.111694,
		0.970754,
		0.212512,
		0,
		-0.131763,
		0.238429,
		-0.210754,
		1
	},
	[0.1] = {
		0.645948,
		0.071401,
		-0.760035,
		0,
		0.461512,
		0.75654,
		0.463308,
		0,
		0.608077,
		-0.650038,
		0.455733,
		0,
		0.143322,
		0.531462,
		-0.116274,
		1
	},
	[0.216666666667] = {
		0.786979,
		0.31399,
		-0.531106,
		0,
		-0.439435,
		-0.318987,
		-0.839729,
		0,
		-0.433083,
		0.894235,
		-0.113058,
		0,
		-0.175258,
		-0.166028,
		-0.27112,
		1
	},
	[0.233333333333] = {
		0.730383,
		0.234886,
		-0.641381,
		0,
		-0.508954,
		-0.43909,
		-0.740382,
		0,
		-0.455529,
		0.867196,
		-0.201158,
		0,
		-0.252736,
		-0.211934,
		-0.283319,
		1
	},
	[0.25] = {
		0.76595,
		0.16436,
		-0.621535,
		0,
		-0.482079,
		-0.492787,
		-0.724404,
		0,
		-0.425347,
		0.854486,
		-0.298215,
		0,
		-0.308428,
		-0.237133,
		-0.306887,
		1
	},
	[0.266666666667] = {
		0.779334,
		0.116794,
		-0.615627,
		0,
		-0.48352,
		-0.512814,
		-0.709387,
		0,
		-0.398555,
		0.850518,
		-0.343181,
		0,
		-0.401918,
		-0.254207,
		-0.373595,
		1
	},
	[0.283333333333] = {
		0.785636,
		0.072792,
		-0.614392,
		0,
		-0.492488,
		-0.527489,
		-0.692251,
		0,
		-0.374476,
		0.846437,
		-0.378565,
		0,
		-0.499275,
		-0.265143,
		-0.443698,
		1
	},
	[0.2] = {
		0.773502,
		0.306816,
		-0.55458,
		0,
		-0.521979,
		-0.187924,
		-0.831999,
		0,
		-0.359489,
		0.933032,
		0.014792,
		0,
		-0.124815,
		-0.045811,
		-0.248839,
		1
	},
	[0.316666666667] = {
		0.781488,
		-0.005204,
		-0.623898,
		0,
		-0.527058,
		-0.540645,
		-0.655678,
		0,
		-0.333895,
		0.841235,
		-0.42525,
		0,
		-0.546409,
		-0.274743,
		-0.562011,
		1
	},
	[0.333333333333] = {
		0.773046,
		-0.03937,
		-0.633127,
		0,
		-0.549825,
		-0.53936,
		-0.637796,
		0,
		-0.316373,
		0.841154,
		-0.438597,
		0,
		-0.538608,
		-0.274152,
		-0.589125,
		1
	},
	[0.35] = {
		0.761656,
		-0.07034,
		-0.644152,
		0,
		-0.574494,
		-0.533126,
		-0.621074,
		0,
		-0.299728,
		0.843107,
		-0.446468,
		0,
		-0.51736,
		-0.270754,
		-0.607457,
		1
	},
	[0.366666666667] = {
		0.748327,
		-0.098107,
		-0.656035,
		0,
		-0.599869,
		-0.522228,
		-0.606164,
		0,
		-0.283131,
		0.847144,
		-0.449649,
		0,
		-0.485631,
		-0.265169,
		-0.6196,
		1
	},
	[0.383333333333] = {
		0.734029,
		-0.122788,
		-0.667926,
		0,
		-0.624996,
		-0.506893,
		-0.593666,
		0,
		-0.265672,
		0.853219,
		-0.448816,
		0,
		-0.446377,
		-0.257472,
		-0.628069,
		1
	},
	[0.3] = {
		0.78601,
		0.032166,
		-0.617377,
		0,
		-0.507485,
		-0.536743,
		-0.674066,
		0,
		-0.353055,
		0.843132,
		-0.405562,
		0,
		-0.545468,
		-0.271701,
		-0.512991,
		1
	},
	[0.416666666667] = {
		0.706636,
		-0.163582,
		-0.688409,
		0,
		-0.670958,
		-0.463841,
		-0.578504,
		0,
		-0.22468,
		0.870685,
		-0.437523,
		0,
		-0.357161,
		-0.236051,
		-0.642387,
		1
	},
	[0.433333333333] = {
		0.695849,
		-0.180096,
		-0.695241,
		0,
		-0.689883,
		-0.436712,
		-0.57736,
		0,
		-0.19964,
		0.88139,
		-0.428131,
		0,
		-0.31299,
		-0.222638,
		-0.648388,
		1
	},
	[0.45] = {
		0.688565,
		-0.194481,
		-0.69861,
		0,
		-0.704799,
		-0.406234,
		-0.581577,
		0,
		-0.170694,
		0.892833,
		-0.416789,
		0,
		-0.26646,
		-0.205291,
		-0.644333,
		1
	},
	[0.466666666667] = {
		0.6859,
		-0.20725,
		-0.697559,
		0,
		-0.714627,
		-0.372697,
		-0.591951,
		0,
		-0.137296,
		0.904513,
		-0.403739,
		0,
		-0.223992,
		-0.187907,
		-0.642672,
		1
	},
	[0.483333333333] = {
		0.688842,
		-0.219048,
		-0.691024,
		0,
		-0.718119,
		-0.336388,
		-0.609219,
		0,
		-0.099004,
		0.915894,
		-0.389021,
		0,
		-0.192282,
		-0.174158,
		-0.663459,
		1
	},
	[0.4] = {
		0.719753,
		-0.144563,
		-0.679012,
		0,
		-0.649013,
		-0.487332,
		-0.5842,
		0,
		-0.246451,
		0.861167,
		-0.444582,
		0,
		-0.402589,
		-0.247719,
		-0.635377,
		1
	},
	[0.516666666667] = {
		0.732336,
		-0.218378,
		-0.644977,
		0,
		-0.680708,
		-0.209886,
		-0.701843,
		0,
		0.017895,
		0.953026,
		-0.302359,
		0,
		-0.13377,
		-0.134789,
		-0.676397,
		1
	},
	[0.533333333333] = {
		0.74783,
		-0.220864,
		-0.626075,
		0,
		-0.661588,
		-0.169455,
		-0.73047,
		0,
		0.055243,
		0.960471,
		-0.272845,
		0,
		-0.118869,
		-0.115303,
		-0.679653,
		1
	},
	[0.55] = {
		0.761596,
		-0.224182,
		-0.608042,
		0,
		-0.642137,
		-0.134573,
		-0.754685,
		0,
		0.087361,
		0.965211,
		-0.246446,
		0,
		-0.104481,
		-0.096089,
		-0.681146,
		1
	},
	[0.566666666667] = {
		0.773884,
		-0.22807,
		-0.590836,
		0,
		-0.622799,
		-0.10466,
		-0.77535,
		0,
		0.114997,
		0.968003,
		-0.223036,
		0,
		-0.090756,
		-0.077385,
		-0.680406,
		1
	},
	[0.583333333333] = {
		0.784931,
		-0.23234,
		-0.574371,
		0,
		-0.603816,
		-0.079048,
		-0.793195,
		0,
		0.138888,
		0.969417,
		-0.202338,
		0,
		-0.07783,
		-0.059403,
		-0.677891,
		1
	},
	[0.5] = {
		0.708116,
		-0.220704,
		-0.670717,
		0,
		-0.704957,
		-0.274917,
		-0.653802,
		0,
		-0.040095,
		0.935794,
		-0.35026,
		0,
		-0.157157,
		-0.155014,
		-0.670502,
		1
	},
	[0.616666666667] = {
		0.804118,
		-0.241576,
		-0.543171,
		0,
		-0.567131,
		-0.037845,
		-0.822758,
		0,
		0.178202,
		0.969644,
		-0.167437,
		0,
		-0.054845,
		-0.026403,
		-0.669318,
		1
	},
	[0.633333333333] = {
		0.812605,
		-0.246439,
		-0.528149,
		0,
		-0.549258,
		-0.020767,
		-0.835395,
		0,
		0.194905,
		0.968936,
		-0.152234,
		0,
		-0.044989,
		-0.011771,
		-0.664123,
		1
	},
	[0.65] = {
		0.820539,
		-0.251462,
		-0.513305,
		0,
		-0.53145,
		-0.005042,
		-0.847074,
		0,
		0.210419,
		0.967854,
		-0.137777,
		0,
		-0.036343,
		0.001361,
		-0.658889,
		1
	},
	[0.666666666667] = {
		0.828026,
		-0.256686,
		-0.498483,
		0,
		-0.513444,
		0.010072,
		-0.858064,
		0,
		0.225273,
		0.966442,
		-0.123454,
		0,
		-0.028987,
		0.012807,
		-0.654035,
		1
	},
	[0.683333333333] = {
		0.835145,
		-0.262179,
		-0.483524,
		0,
		-0.494927,
		0.02531,
		-0.868566,
		0,
		0.239957,
		0.964687,
		-0.108622,
		0,
		-0.022997,
		0.022375,
		-0.649976,
		1
	},
	[0.6] = {
		0.794947,
		-0.236866,
		-0.558528,
		0,
		-0.585273,
		-0.057023,
		-0.808829,
		0,
		0.159736,
		0.969867,
		-0.183961,
		0,
		-0.065824,
		-0.042344,
		-0.67405,
		1
	},
	[0.716666666667] = {
		0.848457,
		-0.274384,
		-0.452587,
		0,
		-0.454901,
		0.059032,
		-0.888583,
		0,
		0.27053,
		0.959807,
		-0.074732,
		0,
		-0.015373,
		0.035132,
		-0.645889,
		1
	},
	[0.733333333333] = {
		0.854662,
		-0.281368,
		-0.436332,
		0,
		-0.432556,
		0.078903,
		-0.898148,
		0,
		0.287138,
		0.95635,
		-0.054272,
		0,
		-0.013856,
		0.037945,
		-0.646672,
		1
	},
	[0.75] = {
		0.854974,
		-0.280659,
		-0.436176,
		0,
		-0.43263,
		0.07797,
		-0.898194,
		0,
		0.286095,
		0.956635,
		-0.054759,
		0,
		-0.013889,
		0.037598,
		-0.646692,
		1
	},
	[0.766666666667] = {
		0.855265,
		-0.280013,
		-0.43602,
		0,
		-0.432699,
		0.077062,
		-0.898239,
		0,
		0.28512,
		0.956898,
		-0.055253,
		0,
		-0.013919,
		0.037248,
		-0.646711,
		1
	},
	[0.783333333333] = {
		0.855532,
		-0.279439,
		-0.435865,
		0,
		-0.432761,
		0.076186,
		-0.898284,
		0,
		0.284222,
		0.957136,
		-0.055751,
		0,
		-0.013947,
		0.036896,
		-0.646731,
		1
	},
	[0.7] = {
		0.841948,
		-0.268037,
		-0.468273,
		0,
		-0.475545,
		0.041394,
		-0.878717,
		0,
		0.254912,
		0.962519,
		-0.092612,
		0,
		-0.018438,
		0.02988,
		-0.647125,
		1
	},
	[0.816666666667] = {
		0.855983,
		-0.278535,
		-0.435559,
		0,
		-0.432866,
		0.074556,
		-0.89837,
		0,
		0.282701,
		0.957528,
		-0.05675,
		0,
		-0.013995,
		0.036196,
		-0.646769,
		1
	},
	[0.833333333333] = {
		0.856162,
		-0.27822,
		-0.435409,
		0,
		-0.432908,
		0.073816,
		-0.898411,
		0,
		0.282096,
		0.957677,
		-0.057245,
		0,
		-0.014014,
		0.035852,
		-0.646788,
		1
	},
	[0.85] = {
		0.856305,
		-0.278007,
		-0.435263,
		0,
		-0.432941,
		0.073136,
		-0.89845,
		0,
		0.281609,
		0.957791,
		-0.057734,
		0,
		-0.014029,
		0.035514,
		-0.646807,
		1
	},
	[0.866666666667] = {
		0.856411,
		-0.277903,
		-0.435121,
		0,
		-0.432966,
		0.072522,
		-0.898488,
		0,
		0.281248,
		0.957868,
		-0.058214,
		0,
		-0.01404,
		0.035184,
		-0.646824,
		1
	},
	[0.883333333333] = {
		0.856477,
		-0.277916,
		-0.434983,
		0,
		-0.432981,
		0.071982,
		-0.898524,
		0,
		0.281025,
		0.957905,
		-0.058682,
		0,
		-0.014047,
		0.034864,
		-0.646842,
		1
	},
	[0.8] = {
		0.855772,
		-0.278944,
		-0.435711,
		0,
		-0.432817,
		0.075348,
		-0.898327,
		0,
		0.283413,
		0.957347,
		-0.056251,
		0,
		-0.013973,
		0.036545,
		-0.64675,
		1
	},
	[0.916666666667] = {
		0.856485,
		-0.278296,
		-0.434724,
		0,
		-0.432983,
		0.071135,
		-0.898591,
		0,
		0.280999,
		0.957857,
		-0.059572,
		0,
		-0.014048,
		0.034262,
		-0.646874,
		1
	},
	[0.933333333333] = {
		0.856443,
		-0.278642,
		-0.434584,
		0,
		-0.432973,
		0.070741,
		-0.898627,
		0,
		0.281139,
		0.957786,
		-0.060059,
		0,
		-0.014044,
		0.033936,
		-0.646891,
		1
	},
	[0.95] = {
		0.856381,
		-0.2791,
		-0.434414,
		0,
		-0.432959,
		0.070286,
		-0.898669,
		0,
		0.281352,
		0.957686,
		-0.060647,
		0,
		-0.014037,
		0.033542,
		-0.646912,
		1
	},
	[0.966666666667] = {
		0.856301,
		-0.279642,
		-0.434222,
		0,
		-0.43294,
		0.069786,
		-0.898717,
		0,
		0.281622,
		0.957565,
		-0.06131,
		0,
		-0.014029,
		0.033098,
		-0.646935,
		1
	},
	[0.983333333333] = {
		0.85621,
		-0.280242,
		-0.434016,
		0,
		-0.432919,
		0.069261,
		-0.898768,
		0,
		0.281933,
		0.957427,
		-0.06202,
		0,
		-0.014019,
		0.032623,
		-0.646959,
		1
	},
	[0.9] = {
		0.856499,
		-0.278053,
		-0.434851,
		0,
		-0.432986,
		0.071521,
		-0.898559,
		0,
		0.280948,
		0.957899,
		-0.059135,
		0,
		-0.01405,
		0.034556,
		-0.646858,
		1
	},
	[1.01666666667] = {
		0.856009,
		-0.281506,
		-0.433593,
		0,
		-0.432873,
		0.068208,
		-0.898871,
		0,
		0.282612,
		0.957132,
		-0.063469,
		0,
		-0.013998,
		0.031654,
		-0.647008,
		1
	},
	[1.03333333333] = {
		0.85591,
		-0.282116,
		-0.433392,
		0,
		-0.432849,
		0.067717,
		-0.898919,
		0,
		0.282947,
		0.956988,
		-0.064154,
		0,
		-0.013987,
		0.031196,
		-0.64703,
		1
	},
	[1.05] = {
		0.855818,
		-0.282675,
		-0.433209,
		0,
		-0.432828,
		0.067274,
		-0.898963,
		0,
		0.283258,
		0.956854,
		-0.064776,
		0,
		-0.013978,
		0.030781,
		-0.64705,
		1
	},
	[1.06666666667] = {
		0.855738,
		-0.283157,
		-0.433052,
		0,
		-0.432809,
		0.066897,
		-0.899,
		0,
		0.283528,
		0.956738,
		-0.065307,
		0,
		-0.013969,
		0.030425,
		-0.647067,
		1
	},
	[1.08333333333] = {
		0.855675,
		-0.283535,
		-0.43293,
		0,
		-0.432795,
		0.066605,
		-0.899029,
		0,
		0.283741,
		0.956646,
		-0.06572,
		0,
		-0.013962,
		0.030149,
		-0.64708,
		1
	},
	[1.11666666667] = {
		0.855619,
		-0.283869,
		-0.432822,
		0,
		-0.432781,
		0.066349,
		-0.899054,
		0,
		0.283931,
		0.956565,
		-0.066084,
		0,
		-0.013957,
		0.029906,
		-0.647092,
		1
	},
	[1.1] = {
		0.855634,
		-0.283781,
		-0.43285,
		0,
		-0.432785,
		0.066416,
		-0.899047,
		0,
		0.283881,
		0.956586,
		-0.065988,
		0,
		-0.013958,
		0.02997,
		-0.647089,
		1
	}
}

return spline_matrices
