-- chunkname: @content/characters/player/human/first_person/animations/hatchet/special_attack_backside_down_left.lua

local spline_matrices = {
	[0.0166666666667] = {
		0.406786,
		0.238917,
		0.881728,
		0,
		0.587441,
		0.670757,
		-0.452768,
		0,
		-0.699599,
		0.702143,
		0.132504,
		0,
		0.313051,
		0.614268,
		-0.259441,
		1,
	},
	[0.0333333333333] = {
		0.481671,
		0.309428,
		0.819907,
		0,
		0.656016,
		0.493032,
		-0.571457,
		0,
		-0.581065,
		0.813127,
		0.03449,
		0,
		0.440296,
		0.439336,
		-0.309322,
		1,
	},
	[0.05] = {
		0.504404,
		0.302971,
		0.80857,
		0,
		0.724596,
		0.360772,
		-0.5872,
		0,
		-0.469614,
		0.882073,
		-0.037557,
		0,
		0.429532,
		0.401568,
		-0.325941,
		1,
	},
	[0.0666666666667] = {
		0.407311,
		0.216065,
		0.887363,
		0,
		0.830734,
		0.316028,
		-0.458266,
		0,
		-0.379447,
		0.92382,
		-0.050771,
		0,
		0.417941,
		0.375395,
		-0.338296,
		1,
	},
	[0.0833333333333] = {
		0.203217,
		0.046162,
		0.978045,
		0,
		0.933996,
		0.290653,
		-0.207783,
		0,
		-0.293863,
		0.955715,
		0.01595,
		0,
		0.406708,
		0.359178,
		-0.34931,
		1,
	},
	[0] = {
		0.348102,
		0.135595,
		0.927598,
		0,
		0.478708,
		0.82504,
		-0.300248,
		0,
		-0.806018,
		0.548566,
		0.222287,
		0,
		0.297792,
		0.631581,
		-0.218376,
		1,
	},
	[0.116666666667] = {
		-0.425337,
		-0.310485,
		0.85011,
		0,
		0.902256,
		-0.071909,
		0.425163,
		0,
		-0.070876,
		0.947855,
		0.310723,
		0,
		0.386085,
		0.357484,
		-0.35876,
		1,
	},
	[0.133333333333] = {
		-0.725483,
		-0.300127,
		0.619353,
		0,
		0.686698,
		-0.375864,
		0.622231,
		0,
		0.046044,
		0.876727,
		0.478779,
		0,
		0.380331,
		0.370679,
		-0.345618,
		1,
	},
	[0.15] = {
		-0.91272,
		-0.146887,
		0.381271,
		0,
		0.384507,
		-0.6244,
		0.679911,
		0,
		0.138195,
		0.76717,
		0.626381,
		0,
		0.378925,
		0.386783,
		-0.318194,
		1,
	},
	[0.166666666667] = {
		-0.978244,
		0.04477,
		0.202572,
		0,
		0.096481,
		-0.766244,
		0.635265,
		0,
		0.18366,
		0.640988,
		0.745254,
		0,
		0.37933,
		0.400622,
		-0.279857,
		1,
	},
	[0.183333333333] = {
		-0.985333,
		0.144294,
		0.091091,
		0,
		-0.079492,
		-0.860497,
		0.503217,
		0,
		0.150995,
		0.488596,
		0.859345,
		0,
		0.371984,
		0.4098,
		-0.227038,
		1,
	},
	[0.1] = {
		-0.08829,
		-0.164984,
		0.982336,
		0,
		0.977891,
		0.173321,
		0.117,
		0,
		-0.189562,
		0.970949,
		0.146034,
		0,
		0.3956,
		0.352784,
		-0.35836,
		1,
	},
	[0.216666666667] = {
		-0.99955,
		-0.025296,
		-0.01611,
		0,
		0.024813,
		-0.999259,
		0.029455,
		0,
		-0.016843,
		0.029042,
		0.999436,
		0,
		0.317095,
		0.390539,
		-0.085119,
		1,
	},
	[0.233333333333] = {
		-0.992915,
		-0.098881,
		-0.065896,
		0,
		0.110525,
		-0.972164,
		-0.206595,
		0,
		-0.043633,
		-0.212415,
		0.976205,
		0,
		0.284021,
		0.369838,
		-0.022571,
		1,
	},
	[0.25] = {
		-0.988036,
		-0.122693,
		-0.093447,
		0,
		0.15313,
		-0.852555,
		-0.499701,
		0,
		-0.018359,
		-0.508032,
		0.861142,
		0,
		0.254228,
		0.369694,
		0.032057,
		1,
	},
	[0.266666666667] = {
		-0.986875,
		-0.117899,
		-0.110356,
		0,
		0.159295,
		-0.598446,
		-0.785167,
		0,
		0.026528,
		-0.792441,
		0.609372,
		0,
		0.224789,
		0.382656,
		0.075609,
		1,
	},
	[0.283333333333] = {
		-0.98818,
		-0.112686,
		-0.103933,
		0,
		0.138986,
		-0.372526,
		-0.917555,
		0,
		0.064678,
		-0.921155,
		0.383784,
		0,
		0.196141,
		0.415473,
		0.099755,
		1,
	},
	[0.2] = {
		-0.994737,
		0.095064,
		0.03824,
		0,
		-0.080438,
		-0.95565,
		0.283309,
		0,
		0.063476,
		0.278742,
		0.958266,
		0,
		0.349793,
		0.410111,
		-0.158134,
		1,
	},
	[0.316666666667] = {
		-0.986529,
		-0.153652,
		0.056134,
		0,
		0.110864,
		-0.88032,
		-0.461245,
		0,
		0.120287,
		-0.448808,
		0.885495,
		0,
		0.144105,
		0.563674,
		0.063611,
		1,
	},
	[0.333333333333] = {
		-0.982774,
		-0.085232,
		0.163983,
		0,
		0.137736,
		-0.929403,
		0.342403,
		0,
		0.123223,
		0.359092,
		0.925132,
		0,
		0.113347,
		0.622468,
		-0.032612,
		1,
	},
	[0.35] = {
		-0.981521,
		-0.099083,
		0.163703,
		0,
		0.188219,
		-0.654108,
		0.73261,
		0,
		0.03449,
		0.749884,
		0.660669,
		0,
		0.06242,
		0.632337,
		-0.107243,
		1,
	},
	[0.366666666667] = {
		-0.97867,
		-0.132511,
		0.156993,
		0,
		0.191378,
		-0.310166,
		0.93122,
		0,
		-0.074703,
		0.941403,
		0.32891,
		0,
		0.013784,
		0.618305,
		-0.195567,
		1,
	},
	[0.383333333333] = {
		-0.985813,
		-0.093723,
		0.139241,
		0,
		0.142193,
		-0.025555,
		0.989509,
		0,
		-0.089182,
		0.995271,
		0.03852,
		0,
		-0.019953,
		0.574285,
		-0.332761,
		1,
	},
	[0.3] = {
		-0.988543,
		-0.13188,
		-0.073425,
		0,
		0.120299,
		-0.394542,
		-0.910969,
		0,
		0.09117,
		-0.909365,
		0.405887,
		0,
		0.168191,
		0.472207,
		0.106697,
		1,
	},
	[0.416666666667] = {
		-0.987453,
		-0.127994,
		0.092492,
		0,
		0.037309,
		0.380037,
		0.924219,
		0,
		-0.153445,
		0.916073,
		-0.370493,
		0,
		-0.022282,
		0.42097,
		-0.545084,
		1,
	},
	[0.433333333333] = {
		-0.977611,
		-0.193522,
		0.082617,
		0,
		-0.024765,
		0.49572,
		0.868129,
		0,
		-0.208957,
		0.846647,
		-0.489414,
		0,
		1.4e-05,
		0.350893,
		-0.591554,
		1,
	},
	[0.45] = {
		-0.974412,
		-0.219941,
		0.046351,
		0,
		-0.087937,
		0.5628,
		0.821902,
		0,
		-0.206856,
		0.796795,
		-0.567739,
		0,
		0.02177,
		0.313991,
		-0.622867,
		1,
	},
	[0.466666666667] = {
		-0.971739,
		-0.236009,
		-0.004742,
		0,
		-0.151413,
		0.607764,
		0.779549,
		0,
		-0.181099,
		0.758237,
		-0.626323,
		0,
		0.044497,
		0.281028,
		-0.654298,
		1,
	},
	[0.483333333333] = {
		-0.967474,
		-0.244724,
		-0.06406,
		0,
		-0.210523,
		0.638491,
		0.740276,
		0,
		-0.140262,
		0.729685,
		-0.669243,
		0,
		0.06737,
		0.25146,
		-0.683179,
		1,
	},
	[0.4] = {
		-0.99206,
		-0.068656,
		0.10537,
		0,
		0.089697,
		0.20101,
		0.975474,
		0,
		-0.088152,
		0.977181,
		-0.193255,
		0,
		-0.034882,
		0.505106,
		-0.464897,
		1,
	},
	[0.516666666667] = {
		-0.952152,
		-0.24859,
		-0.177791,
		0,
		-0.302055,
		0.676765,
		0.671381,
		0,
		-0.046576,
		0.692959,
		-0.719471,
		0,
		0.110554,
		0.205389,
		-0.721425,
		1,
	},
	[0.533333333333] = {
		-0.944398,
		-0.248281,
		-0.215569,
		0,
		-0.328667,
		0.69375,
		0.64085,
		0,
		-0.00956,
		0.676068,
		-0.736777,
		0,
		0.129422,
		0.188475,
		-0.725843,
		1,
	},
	[0.55] = {
		-0.938842,
		-0.246363,
		-0.240584,
		0,
		-0.343744,
		0.711882,
		0.612426,
		0,
		0.020389,
		0.657671,
		-0.75303,
		0,
		0.147227,
		0.173674,
		-0.724254,
		1,
	},
	[0.566666666667] = {
		-0.934744,
		-0.240488,
		-0.261573,
		0,
		-0.351803,
		0.72975,
		0.586259,
		0,
		0.049895,
		0.640024,
		-0.766733,
		0,
		0.16532,
		0.159218,
		-0.722879,
		1,
	},
	[0.583333333333] = {
		-0.932029,
		-0.231121,
		-0.279115,
		0,
		-0.353791,
		0.747069,
		0.56278,
		0,
		0.078448,
		0.623276,
		-0.778058,
		0,
		0.183521,
		0.145227,
		-0.721718,
		1,
	},
	[0.5] = {
		-0.960672,
		-0.248219,
		-0.124489,
		0,
		-0.26175,
		0.659753,
		0.704424,
		0,
		-0.09272,
		0.709306,
		-0.698777,
		0,
		0.089631,
		0.226327,
		-0.706382,
		1,
	},
	[0.616666666667] = {
		-0.930035,
		-0.203795,
		-0.305782,
		0,
		-0.34328,
		0.778761,
		0.525063,
		0,
		0.131126,
		0.593296,
		-0.794233,
		0,
		0.219536,
		0.119136,
		-0.720014,
		1,
	},
	[0.633333333333] = {
		-0.930294,
		-0.186808,
		-0.315685,
		0,
		-0.332612,
		0.792475,
		0.511227,
		0,
		0.154671,
		0.580593,
		-0.799368,
		0,
		0.236994,
		0.107292,
		-0.719455,
		1,
	},
	[0.65] = {
		-0.931072,
		-0.168292,
		-0.323703,
		0,
		-0.319534,
		0.804367,
		0.500891,
		0,
		0.17608,
		0.5698,
		-0.802698,
		0,
		0.253844,
		0.096393,
		-0.719084,
		1,
	},
	[0.666666666667] = {
		-0.932154,
		-0.14879,
		-0.330077,
		0,
		-0.304924,
		0.81417,
		0.494115,
		0,
		0.195219,
		0.56124,
		-0.8043,
		0,
		0.269907,
		0.086538,
		-0.718895,
		1,
	},
	[0.683333333333] = {
		-0.93336,
		-0.128849,
		-0.335017,
		0,
		-0.28965,
		0.821615,
		0.490971,
		0,
		0.211994,
		0.555291,
		-0.804183,
		0,
		0.285002,
		0.077857,
		-0.718878,
		1,
	},
	[0.6] = {
		-0.930533,
		-0.21873,
		-0.29371,
		0,
		-0.350642,
		0.763517,
		0.542303,
		0,
		0.105634,
		0.607619,
		-0.787173,
		0,
		0.201652,
		0.131824,
		-0.720765,
		1,
	},
	[0.716666666667] = {
		-0.93563,
		-0.08993,
		-0.341335,
		0,
		-0.260507,
		0.828438,
		0.495809,
		0,
		0.238187,
		0.552814,
		-0.798538,
		0,
		0.31156,
		0.064534,
		-0.719315,
		1,
	},
	[0.733333333333] = {
		-0.936539,
		-0.072129,
		-0.343064,
		0,
		-0.248296,
		0.827313,
		0.503887,
		0,
		0.247476,
		0.557092,
		-0.792719,
		0,
		0.322656,
		0.060149,
		-0.71975,
		1,
	},
	[0.75] = {
		-0.937251,
		-0.056247,
		-0.344088,
		0,
		-0.238737,
		0.82278,
		0.515789,
		0,
		0.254097,
		0.56557,
		-0.784579,
		0,
		0.332051,
		0.057459,
		-0.720316,
		1,
	},
	[0.766666666667] = {
		-0.937757,
		-0.042914,
		-0.34463,
		0,
		-0.232613,
		0.814473,
		0.531531,
		0,
		0.257882,
		0.578613,
		-0.773759,
		0,
		0.339554,
		0.056598,
		-0.721003,
		1,
	},
	[0.783333333333] = {
		-0.93842,
		-0.031461,
		-0.344061,
		0,
		-0.229043,
		0.802214,
		0.551355,
		0,
		0.258665,
		0.596208,
		-0.760019,
		0,
		0.345786,
		0.058991,
		-0.721298,
		1,
	},
	[0.7] = {
		-0.934551,
		-0.109035,
		-0.338712,
		0,
		-0.274566,
		0.826453,
		0.491518,
		0,
		0.226336,
		0.552348,
		-0.802299,
		0,
		0.298947,
		0.07048,
		-0.719021,
		1,
	},
	[0.816666666667] = {
		-0.941344,
		-0.010868,
		-0.337273,
		0,
		-0.224727,
		0.765792,
		0.602546,
		0,
		0.251732,
		0.642998,
		-0.723315,
		0,
		0.35671,
		0.076465,
		-0.719258,
		1,
	},
	[0.833333333333] = {
		-0.943581,
		-0.001755,
		-0.331137,
		0,
		-0.223474,
		0.741313,
		0.632862,
		0,
		0.244365,
		0.671158,
		-0.699881,
		0,
		0.36142,
		0.090841,
		-0.716958,
		1,
	},
	[0.85] = {
		-0.94629,
		0.006517,
		-0.323252,
		0,
		-0.22244,
		0.712448,
		0.665536,
		0,
		0.234638,
		0.701695,
		-0.672733,
		0,
		0.365637,
		0.108504,
		-0.71382,
		1,
	},
	[0.866666666667] = {
		-0.94942,
		0.013894,
		-0.313701,
		0,
		-0.221321,
		0.679077,
		0.699908,
		0,
		0.222751,
		0.733936,
		-0.641654,
		0,
		0.36937,
		0.1291,
		-0.70985,
		1,
	},
	[0.883333333333] = {
		-0.952907,
		0.020313,
		-0.302582,
		0,
		-0.21981,
		0.641136,
		0.735274,
		0,
		0.208932,
		0.767159,
		-0.606478,
		0,
		0.372625,
		0.152267,
		-0.70505,
		1,
	},
	[0.8] = {
		-0.939617,
		-0.020779,
		-0.341597,
		0,
		-0.226494,
		0.786037,
		0.575193,
		0,
		0.256557,
		0.617831,
		-0.743279,
		0,
		0.351502,
		0.065731,
		-0.72071,
		1,
	},
	[0.916666666667] = {
		-0.960646,
		0.030048,
		-0.276147,
		0,
		-0.214437,
		0.551699,
		0.806006,
		0,
		0.176569,
		0.833502,
		-0.523543,
		0,
		0.377745,
		0.204859,
		-0.69295,
		1,
	},
	[0.933333333333] = {
		-0.964731,
		0.03328,
		-0.261126,
		0,
		-0.210058,
		0.500524,
		0.839852,
		0,
		0.15865,
		0.865083,
		-0.47588,
		0,
		0.379641,
		0.233548,
		-0.685644,
		1,
	},
	[0.95] = {
		-0.968845,
		0.035397,
		-0.245125,
		0,
		-0.204272,
		0.445436,
		0.871699,
		0,
		0.140043,
		0.894614,
		-0.424328,
		0,
		0.381122,
		0.263335,
		-0.677498,
		1,
	},
	[0.966666666667] = {
		-0.972905,
		0.036413,
		-0.228321,
		0,
		-0.196936,
		0.386861,
		0.900863,
		0,
		0.121132,
		0.921419,
		-0.369207,
		0,
		0.382208,
		0.293833,
		-0.668491,
		1,
	},
	[0.983333333333] = {
		-0.976832,
		0.036383,
		-0.210894,
		0,
		-0.187966,
		0.325285,
		0.926746,
		0,
		0.102318,
		0.944916,
		-0.31091,
		0,
		0.382889,
		0.324594,
		-0.658502,
		1,
	},
	[0.9] = {
		-0.956676,
		0.025714,
		-0.290018,
		0,
		-0.217607,
		0.598641,
		0.770893,
		0,
		0.193439,
		0.800605,
		-0.567109,
		0,
		0.375412,
		0.177642,
		-0.699417,
		1,
	},
	[1.01666666667] = {
		-0.983942,
		0.035179,
		-0.174987,
		0,
		-0.164772,
		0.197867,
		0.966281,
		0,
		0.068616,
		0.979598,
		-0.188893,
		0,
		0.380672,
		0.379614,
		-0.629929,
		1,
	},
	[1.03333333333] = {
		-0.986959,
		0.037142,
		-0.156626,
		0,
		-0.150204,
		0.137361,
		0.979066,
		0,
		0.057879,
		0.989825,
		-0.129991,
		0,
		0.377511,
		0.402754,
		-0.61208,
		1,
	},
	[1.05] = {
		-0.989666,
		0.040665,
		-0.137509,
		0,
		-0.133976,
		0.079606,
		0.987782,
		0,
		0.051115,
		0.995997,
		-0.073335,
		0,
		0.37418,
		0.425396,
		-0.594813,
		1,
	},
	[1.06666666667] = {
		-0.992062,
		0.045111,
		-0.117383,
		0,
		-0.116379,
		0.024283,
		0.992908,
		0,
		0.047641,
		0.998687,
		-0.01884,
		0,
		0.370762,
		0.447278,
		-0.577888,
		1,
	},
	[1.08333333333] = {
		-0.994117,
		0.049804,
		-0.096181,
		0,
		-0.097701,
		-0.029031,
		0.994792,
		0,
		0.046752,
		0.998337,
		0.033726,
		0,
		0.36737,
		0.4681,
		-0.561119,
		1,
	},
	{
		-0.980558,
		0.035377,
		-0.193017,
		0,
		-0.177343,
		0.261311,
		0.948823,
		0,
		0.084004,
		0.964607,
		-0.249956,
		0,
		0.382938,
		0.354596,
		-0.64686,
		1,
	},
	[1.11666666667] = {
		-0.998261,
		0.053835,
		-0.024017,
		0,
		-0.031019,
		-0.133264,
		0.990595,
		0,
		0.050128,
		0.989618,
		0.134702,
		0,
		0.361722,
		0.50645,
		-0.525434,
		1,
	},
	[1.13333333333] = {
		-0.996364,
		0.039944,
		0.075255,
		0,
		0.066494,
		-0.187661,
		0.97998,
		0,
		0.053267,
		0.981422,
		0.184322,
		0,
		0.360521,
		0.525326,
		-0.502331,
		1,
	},
	[1.15] = {
		-0.976966,
		0.005601,
		0.213321,
		0,
		0.205717,
		-0.241018,
		0.948467,
		0,
		0.056727,
		0.970505,
		0.234314,
		0,
		0.359752,
		0.543173,
		-0.475787,
		1,
	},
	[1.16666666667] = {
		-0.925331,
		-0.053858,
		0.375316,
		0,
		0.374367,
		-0.286686,
		0.881851,
		0,
		0.060103,
		0.95651,
		0.285442,
		0,
		0.358804,
		0.559073,
		-0.446618,
		1,
	},
	[1.18333333333] = {
		-0.830069,
		-0.150139,
		0.537069,
		0,
		0.555258,
		-0.311829,
		0.771007,
		0,
		0.051715,
		0.938201,
		0.342205,
		0,
		0.358388,
		0.573978,
		-0.414637,
		1,
	},
	[1.1] = {
		-0.995789,
		0.054105,
		-0.074014,
		0,
		-0.078247,
		-0.080837,
		0.993651,
		0,
		0.047778,
		0.995258,
		0.08473,
		0,
		0.364153,
		0.487511,
		-0.544396,
		1,
	},
	[1.21666666667] = {
		-0.489213,
		-0.418066,
		0.765435,
		0,
		0.872151,
		-0.229731,
		0.431944,
		0,
		-0.004737,
		0.878889,
		0.477004,
		0,
		0.356965,
		0.597971,
		-0.342388,
		1,
	},
	[1.23333333333] = {
		-0.254189,
		-0.537082,
		0.80432,
		0,
		0.96659,
		-0.112669,
		0.230237,
		0,
		-0.033034,
		0.835972,
		0.547777,
		0,
		0.352545,
		0.597383,
		-0.303918,
		1,
	},
	[1.25] = {
		0.000988,
		-0.615713,
		0.78797,
		0,
		0.998825,
		0.038794,
		0.029061,
		0,
		-0.048462,
		0.787016,
		0.615027,
		0,
		0.34723,
		0.594841,
		-0.269271,
		1,
	},
	[1.26666666667] = {
		0.252816,
		-0.645457,
		0.720743,
		0,
		0.966613,
		0.200653,
		-0.159367,
		0,
		-0.041754,
		0.73697,
		0.674635,
		0,
		0.341318,
		0.591284,
		-0.240688,
		1,
	},
	[1.28333333333] = {
		0.481097,
		-0.631819,
		0.607743,
		0,
		0.87659,
		0.355928,
		-0.323892,
		0,
		-0.011671,
		0.688565,
		0.725081,
		0,
		0.334749,
		0.585542,
		-0.220301,
		1,
	},
	[1.2] = {
		-0.684644,
		-0.279985,
		0.672957,
		0,
		0.728385,
		-0.296758,
		0.617568,
		0,
		0.026796,
		0.912986,
		0.40711,
		0,
		0.358467,
		0.588805,
		-0.379868,
		1,
	},
	[1.31666666667] = {
		0.806278,
		-0.507525,
		0.303868,
		0,
		0.586856,
		0.62179,
		-0.518631,
		0,
		0.074276,
		0.596488,
		0.799178,
		0,
		0.319521,
		0.564114,
		-0.209846,
		1,
	},
	[1.33333333333] = {
		0.893844,
		-0.420022,
		0.156923,
		0,
		0.433697,
		0.721071,
		-0.540337,
		0,
		0.113801,
		0.551035,
		0.826686,
		0,
		0.310121,
		0.548982,
		-0.213872,
		1,
	},
	[1.35] = {
		0.944963,
		-0.325191,
		0.036007,
		0,
		0.294709,
		0.798217,
		-0.525354,
		0,
		0.142099,
		0.507051,
		0.850121,
		0,
		0.300496,
		0.532891,
		-0.221124,
		1,
	},
	[1.36666666667] = {
		0.973371,
		-0.223461,
		-0.051137,
		0,
		0.17099,
		0.856327,
		-0.487306,
		0,
		0.152684,
		0.465586,
		0.871732,
		0,
		0.292027,
		0.517378,
		-0.229818,
		1,
	},
	[1.38333333333] = {
		0.986366,
		-0.123447,
		-0.108828,
		0,
		0.063442,
		0.895416,
		-0.440687,
		0,
		0.151848,
		0.427775,
		0.891039,
		0,
		0.288499,
		0.503011,
		-0.237902,
		1,
	},
	[1.3] = {
		0.668988,
		-0.582464,
		0.461727,
		0,
		0.742662,
		0.498627,
		-0.447017,
		0,
		0.030142,
		0.641956,
		0.766149,
		0,
		0.327652,
		0.576523,
		-0.210576,
		1,
	},
	[1.41666666667] = {
		0.982595,
		0.042086,
		-0.18093,
		0,
		-0.105199,
		0.928827,
		-0.355265,
		0,
		0.153101,
		0.368116,
		0.917088,
		0,
		0.287288,
		0.481513,
		-0.250737,
		1,
	},
	[1.43333333333] = {
		0.973745,
		0.099301,
		-0.20484,
		0,
		-0.162973,
		0.93235,
		-0.322744,
		0,
		0.158933,
		0.347655,
		0.924054,
		0,
		0.287021,
		0.473187,
		-0.255541,
		1,
	},
	[1.45] = {
		0.964492,
		0.136457,
		-0.226131,
		0,
		-0.202344,
		0.932037,
		-0.300606,
		0,
		0.169743,
		0.335689,
		0.926553,
		0,
		0.287254,
		0.465851,
		-0.260052,
		1,
	},
	[1.46666666667] = {
		0.957018,
		0.153745,
		-0.245926,
		0,
		-0.223862,
		0.930687,
		-0.289324,
		0,
		0.184398,
		0.331942,
		0.925101,
		0,
		0.287854,
		0.459279,
		-0.264607,
		1,
	},
	[1.48333333333] = {
		0.950402,
		0.160848,
		-0.266202,
		0,
		-0.237009,
		0.928768,
		-0.284987,
		0,
		0.2014,
		0.333945,
		0.920825,
		0,
		0.288649,
		0.453737,
		-0.267967,
		1,
	},
	[1.4] = {
		0.988046,
		-0.033236,
		-0.150535,
		0,
		-0.029356,
		0.918052,
		-0.395373,
		0,
		0.151339,
		0.395066,
		0.906101,
		0,
		0.28811,
		0.491035,
		-0.244804,
		1,
	},
	[1.51666666667] = {
		0.934302,
		0.175316,
		-0.310395,
		0,
		-0.26636,
		0.922006,
		-0.280993,
		0,
		0.236923,
		0.34521,
		0.908129,
		0,
		0.290145,
		0.446775,
		-0.267425,
		1,
	},
	[1.53333333333] = {
		0.924984,
		0.185967,
		-0.331391,
		0,
		-0.283606,
		0.918274,
		-0.276299,
		0,
		0.252926,
		0.349557,
		0.90213,
		0,
		0.290503,
		0.445841,
		-0.264694,
		1,
	},
	[1.55] = {
		0.915227,
		0.200844,
		-0.349317,
		0,
		-0.302868,
		0.914687,
		-0.267619,
		0,
		0.265766,
		0.350729,
		0.897974,
		0,
		0.290363,
		0.446809,
		-0.261229,
		1,
	},
	[1.56666666667] = {
		0.905468,
		0.221301,
		-0.362152,
		0,
		-0.324282,
		0.911236,
		-0.253951,
		0,
		0.273806,
		0.347384,
		0.896858,
		0,
		0.289545,
		0.449259,
		-0.257497,
		1,
	},
	[1.58333333333] = {
		0.895567,
		0.248648,
		-0.368964,
		0,
		-0.348887,
		0.907082,
		-0.235544,
		0,
		0.276113,
		0.339672,
		0.899102,
		0,
		0.287989,
		0.452605,
		-0.253302,
		1,
	},
	[1.5] = {
		0.942813,
		0.167504,
		-0.288176,
		0,
		-0.250978,
		0.925684,
		-0.283055,
		0,
		0.219347,
		0.339194,
		0.914786,
		0,
		0.28947,
		0.449486,
		-0.268908,
		1,
	},
	[1.61666666667] = {
		0.873341,
		0.318123,
		-0.368881,
		0,
		-0.40653,
		0.893197,
		-0.192183,
		0,
		0.268345,
		0.317803,
		0.909391,
		0,
		0.283488,
		0.459771,
		-0.24351,
		1,
	},
	[1.63333333333] = {
		0.860455,
		0.355989,
		-0.364539,
		0,
		-0.43715,
		0.883322,
		-0.169242,
		0,
		0.261757,
		0.304984,
		0.915679,
		0,
		0.280992,
		0.462546,
		-0.238948,
		1,
	},
	[1.65] = {
		0.846325,
		0.393241,
		-0.359299,
		0,
		-0.467354,
		0.871819,
		-0.146671,
		0,
		0.255567,
		0.292051,
		0.921624,
		0,
		0.278628,
		0.464121,
		-0.235289,
		1,
	},
	[1.66666666667] = {
		0.831186,
		0.428032,
		-0.354849,
		0,
		-0.495956,
		0.859271,
		-0.125227,
		0,
		0.25131,
		0.280077,
		0.926499,
		0,
		0.27661,
		0.464023,
		-0.233034,
		1,
	},
	[1.6] = {
		0.884976,
		0.28164,
		-0.370805,
		0,
		-0.376704,
		0.901131,
		-0.214611,
		0,
		0.273701,
		0.329609,
		0.903574,
		0,
		0.285895,
		0.456286,
		-0.248467,
		1,
	},
}

return spline_matrices
