local spline_matrices = {
	[0] = {
		-0.282114,
		0.605207,
		0.744403,
		0,
		0.328488,
		0.789956,
		-0.517751,
		0,
		-0.901392,
		0.098463,
		-0.421661,
		0,
		0.307706,
		0.295054,
		-0.288912,
		1
	},
	{
		0.970603,
		0.101062,
		-0.218441,
		0,
		-0.235763,
		0.581852,
		-0.778372,
		0,
		0.048437,
		0.806991,
		0.588574,
		0,
		0.343592,
		0.447102,
		-0.353418,
		1
	},
	[0.0166666666667] = {
		-0.331014,
		0.715437,
		0.615289,
		0,
		0.402453,
		0.696806,
		-0.593711,
		0,
		-0.8535,
		0.051098,
		-0.518582,
		0,
		0.35236,
		0.29014,
		-0.268728,
		1
	},
	[0.0333333333333] = {
		-0.377919,
		0.719505,
		0.582658,
		0,
		0.391325,
		0.694487,
		-0.603782,
		0,
		-0.839072,
		-0.000172,
		-0.54402,
		0,
		0.427067,
		0.300342,
		-0.206429,
		1
	},
	[0.05] = {
		-0.426083,
		0.652647,
		0.626503,
		0,
		0.314294,
		0.756162,
		-0.573967,
		0,
		-0.848335,
		-0.047652,
		-0.527311,
		0,
		0.465563,
		0.324218,
		-0.157031,
		1
	},
	[0.0666666666667] = {
		-0.458733,
		0.530069,
		0.713155,
		0,
		0.189556,
		0.842487,
		-0.504266,
		0,
		-0.86812,
		-0.09614,
		-0.486955,
		0,
		0.463929,
		0.352381,
		-0.127087,
		1
	},
	[0.0833333333333] = {
		-0.460687,
		0.375695,
		0.804127,
		0,
		0.045835,
		0.914856,
		-0.40117,
		0,
		-0.886378,
		-0.147957,
		-0.438683,
		0,
		0.462373,
		0.38305,
		-0.094012,
		1
	},
	[0.116666666667] = {
		-0.407924,
		0.128397,
		0.903942,
		0,
		-0.153924,
		0.96622,
		-0.206704,
		0,
		-0.899947,
		-0.223458,
		-0.374381,
		0,
		0.454991,
		0.442672,
		-0.036808,
		1
	},
	[0.133333333333] = {
		-0.37949,
		0.05795,
		0.923379,
		0,
		-0.194372,
		0.970769,
		-0.140808,
		0,
		-0.904548,
		-0.232914,
		-0.357133,
		0,
		0.438897,
		0.477106,
		-0.017306,
		1
	},
	[0.15] = {
		-0.336489,
		-0.018647,
		0.941503,
		0,
		-0.221996,
		0.973196,
		-0.060066,
		0,
		-0.915146,
		-0.229221,
		-0.331609,
		0,
		0.408879,
		0.520839,
		-0.000276,
		1
	},
	[0.166666666667] = {
		-0.290254,
		-0.092699,
		0.952449,
		0,
		-0.22149,
		0.974778,
		0.027375,
		0,
		-0.930964,
		-0.203012,
		-0.303465,
		0,
		0.379383,
		0.568582,
		0.016349,
		1
	},
	[0.183333333333] = {
		-0.254447,
		-0.158259,
		0.95405,
		0,
		-0.179832,
		0.977056,
		0.114114,
		0,
		-0.95022,
		-0.142532,
		-0.277069,
		0,
		0.364578,
		0.614675,
		0.036281,
		1
	},
	[0.1] = {
		-0.435587,
		0.228257,
		0.870726,
		0,
		-0.079406,
		0.9538,
		-0.289758,
		0,
		-0.896638,
		-0.195355,
		-0.397338,
		0,
		0.459091,
		0.413602,
		-0.062551,
		1
	},
	[0.216666666667] = {
		-0.235294,
		-0.204729,
		0.950117,
		0,
		0.09088,
		0.968646,
		0.231228,
		0,
		-0.967666,
		0.140753,
		-0.209311,
		0,
		0.377734,
		0.716468,
		0.054274,
		1
	},
	[0.233333333333] = {
		-0.29223,
		-0.202724,
		0.934615,
		0,
		0.052868,
		0.972356,
		0.227441,
		0,
		-0.954886,
		0.115876,
		-0.273433,
		0,
		0.378918,
		0.714793,
		0.073008,
		1
	},
	[0.25] = {
		-0.339442,
		-0.196128,
		0.919953,
		0,
		-0.015326,
		0.979044,
		0.203071,
		0,
		-0.940502,
		0.054832,
		-0.335335,
		0,
		0.381529,
		0.715848,
		0.087449,
		1
	},
	[0.266666666667] = {
		-0.324956,
		-0.182063,
		0.928039,
		0,
		-0.019975,
		0.982397,
		0.185733,
		0,
		-0.945518,
		0.041817,
		-0.322872,
		0,
		0.390001,
		0.715068,
		0.088627,
		1
	},
	[0.283333333333] = {
		-0.280842,
		-0.157833,
		0.946687,
		0,
		-0.005328,
		0.986626,
		0.162911,
		0,
		-0.959739,
		0.040709,
		-0.277927,
		0,
		0.401302,
		0.713842,
		0.085286,
		1
	},
	[0.2] = {
		-0.232337,
		-0.195217,
		0.952843,
		0,
		-0.03848,
		0.980729,
		0.191547,
		0,
		-0.971874,
		0.007838,
		-0.235371,
		0,
		0.370825,
		0.67809,
		0.049647,
		1
	},
	[0.316666666667] = {
		-0.178609,
		-0.108999,
		0.977864,
		0,
		0.0262,
		0.992966,
		0.115468,
		0,
		-0.983571,
		0.046244,
		-0.174497,
		0,
		0.41926,
		0.707592,
		0.065061,
		1
	},
	[0.333333333333] = {
		-0.146384,
		-0.105341,
		0.983603,
		0,
		0.027535,
		0.993495,
		0.110498,
		0,
		-0.988845,
		0.043259,
		-0.142531,
		0,
		0.424516,
		0.701813,
		0.054574,
		1
	},
	[0.35] = {
		-0.118424,
		-0.11298,
		0.986515,
		0,
		0.023416,
		0.992912,
		0.116523,
		0,
		-0.992687,
		0.036899,
		-0.114939,
		0,
		0.429288,
		0.695881,
		0.041871,
		1
	},
	[0.366666666667] = {
		-0.093125,
		-0.126036,
		0.987645,
		0,
		0.017543,
		0.991594,
		0.128195,
		0,
		-0.9955,
		0.029264,
		-0.090131,
		0,
		0.433755,
		0.689638,
		0.026752,
		1
	},
	[0.383333333333] = {
		-0.068717,
		-0.138855,
		0.987926,
		0,
		0.013318,
		0.990051,
		0.14008,
		0,
		-0.997547,
		0.022783,
		-0.066184,
		0,
		0.438121,
		0.682851,
		0.008966,
		1
	},
	[0.3] = {
		-0.225178,
		-0.128502,
		0.965806,
		0,
		0.013824,
		0.990743,
		0.135043,
		0,
		-0.97422,
		0.04376,
		-0.221317,
		0,
		0.411668,
		0.711917,
		0.075324,
		1
	},
	[0.416666666667] = {
		-0.01509,
		-0.142234,
		0.989718,
		0,
		0.02253,
		0.989531,
		0.142551,
		0,
		-0.999632,
		0.02445,
		-0.011727,
		0,
		0.447487,
		0.666381,
		-0.035846,
		1
	},
	[0.433333333333] = {
		0.018789,
		-0.121898,
		0.992365,
		0,
		0.041911,
		0.991764,
		0.12103,
		0,
		-0.998945,
		0.039317,
		0.023743,
		0,
		0.452788,
		0.655845,
		-0.063615,
		1
	},
	[0.45] = {
		0.059683,
		-0.085409,
		0.994557,
		0,
		0.071534,
		0.994137,
		0.081081,
		0,
		-0.995651,
		0.066306,
		0.065443,
		0,
		0.458324,
		0.643307,
		-0.094786,
		1
	},
	[0.466666666667] = {
		0.107404,
		-0.038036,
		0.993488,
		0,
		0.107901,
		0.993812,
		0.026383,
		0,
		-0.988343,
		0.104364,
		0.110843,
		0,
		0.463675,
		0.628786,
		-0.128362,
		1
	},
	[0.483333333333] = {
		0.162939,
		0.018727,
		0.986458,
		0,
		0.149038,
		0.98788,
		-0.043371,
		0,
		-0.975315,
		0.154086,
		0.158173,
		0,
		0.468459,
		0.612043,
		-0.16378,
		1
	},
	[0.4] = {
		-0.043379,
		-0.146027,
		0.988329,
		0,
		0.013969,
		0.989075,
		0.14675,
		0,
		-0.998961,
		0.020172,
		-0.040866,
		0,
		0.442633,
		0.675216,
		-0.011786,
		1
	},
	[0.516666666667] = {
		0.299425,
		0.150981,
		0.942098,
		0,
		0.234409,
		0.945497,
		-0.226028,
		0,
		-0.924877,
		0.288514,
		0.247714,
		0,
		0.474508,
		0.571078,
		-0.237346,
		1
	},
	[0.533333333333] = {
		0.379354,
		0.219225,
		0.898906,
		0,
		0.271386,
		0.902432,
		-0.334615,
		0,
		-0.884557,
		0.370888,
		0.282846,
		0,
		0.474852,
		0.546797,
		-0.273603,
		1
	},
	[0.55] = {
		0.464504,
		0.28258,
		0.839276,
		0,
		0.299209,
		0.84191,
		-0.449066,
		0,
		-0.833493,
		0.459712,
		0.30652,
		0,
		0.472953,
		0.520353,
		-0.308006,
		1
	},
	[0.566666666667] = {
		0.551508,
		0.336012,
		0.763502,
		0,
		0.314394,
		0.764059,
		-0.563357,
		0,
		-0.772655,
		0.550736,
		0.315744,
		0,
		0.466341,
		0.494224,
		-0.338382,
		1
	},
	[0.583333333333] = {
		0.636228,
		0.375405,
		0.674006,
		0,
		0.314651,
		0.671408,
		-0.670973,
		0,
		-0.704421,
		0.638969,
		0.309047,
		0,
		0.454133,
		0.471905,
		-0.363132,
		1
	},
	[0.5] = {
		0.226949,
		0.082767,
		0.970383,
		0,
		0.192322,
		0.972953,
		-0.127965,
		0,
		-0.954729,
		0.215667,
		0.204893,
		0,
		0.47223,
		0.592849,
		-0.200392,
		1
	},
	[0.616666666667] = {
		0.783125,
		0.404729,
		0.472133,
		0,
		0.270814,
		0.461488,
		-0.844801,
		0,
		-0.559799,
		0.789445,
		0.251796,
		0,
		0.422177,
		0.444257,
		-0.397859,
		1
	},
	[0.633333333333] = {
		0.840149,
		0.395935,
		0.370655,
		0,
		0.231518,
		0.356205,
		-0.905272,
		0,
		-0.490458,
		0.846377,
		0.207599,
		0,
		0.406399,
		0.439518,
		-0.410037,
		1
	},
	[0.65] = {
		0.885169,
		0.375047,
		0.275346,
		0,
		0.185534,
		0.258182,
		-0.948114,
		0,
		-0.426676,
		0.890327,
		0.158951,
		0,
		0.392465,
		0.439974,
		-0.420127,
		1
	},
	[0.666666666667] = {
		0.918976,
		0.345829,
		0.189433,
		0,
		0.136693,
		0.171219,
		-0.975704,
		0,
		-0.369862,
		0.922543,
		0.110074,
		0,
		0.380913,
		0.444243,
		-0.428766,
		1
	},
	[0.683333333333] = {
		0.943137,
		0.311975,
		0.114738,
		0,
		0.088306,
		0.097622,
		-0.991298,
		0,
		-0.320461,
		0.945062,
		0.064521,
		0,
		0.371832,
		0.450764,
		-0.43604,
		1
	},
	[0.6] = {
		0.71452,
		0.39841,
		0.575092,
		0,
		0.299571,
		0.56861,
		-0.76612,
		0,
		-0.632233,
		0.719689,
		0.286931,
		0,
		0.43867,
		0.455016,
		-0.382614,
		1
	},
	[0.716666666667] = {
		0.970138,
		0.242548,
		0.001332,
		0,
		0.002717,
		-0.005377,
		-0.999982,
		0,
		-0.242537,
		0.970124,
		-0.005875,
		0,
		0.360212,
		0.46455,
		-0.444501,
		1
	},
	[0.733333333333] = {
		0.976935,
		0.210216,
		-0.037518,
		0,
		-0.030528,
		-0.036399,
		-0.998871,
		0,
		-0.211344,
		0.976977,
		-0.029142,
		0,
		0.357234,
		0.468772,
		-0.445631,
		1
	},
	[0.75] = {
		0.981515,
		0.179358,
		-0.066773,
		0,
		-0.057171,
		-0.058183,
		-0.996668,
		0,
		-0.182645,
		0.982062,
		-0.046854,
		0,
		0.3559,
		0.469243,
		-0.445949,
		1
	},
	[0.766666666667] = {
		0.984614,
		0.15057,
		-0.08868,
		0,
		-0.078632,
		-0.071437,
		-0.994341,
		0,
		-0.156053,
		0.986015,
		-0.058498,
		0,
		0.355754,
		0.46489,
		-0.444978,
		1
	},
	[0.783333333333] = {
		0.986651,
		0.124321,
		-0.10519,
		0,
		-0.09617,
		-0.076472,
		-0.992423,
		0,
		-0.131423,
		0.989291,
		-0.063495,
		0,
		0.355987,
		0.458193,
		-0.442775,
		1
	},
	[0.7] = {
		0.959558,
		0.276676,
		0.051945,
		0,
		0.04295,
		0.038479,
		-0.998336,
		0,
		-0.278215,
		0.960192,
		0.02504,
		0,
		0.365033,
		0.458017,
		-0.441541,
		1
	},
	[0.816666666667] = {
		0.988336,
		0.081202,
		-0.128833,
		0,
		-0.12404,
		-0.061564,
		-0.990366,
		0,
		-0.088351,
		0.994795,
		-0.050773,
		0,
		0.355855,
		0.447443,
		-0.435894,
		1
	},
	[0.833333333333] = {
		0.988132,
		0.065496,
		-0.138944,
		0,
		-0.136471,
		-0.04085,
		-0.989801,
		0,
		-0.070504,
		0.997016,
		-0.031426,
		0,
		0.355399,
		0.44344,
		-0.431312,
		1
	},
	[0.85] = {
		0.987229,
		0.054748,
		-0.149606,
		0,
		-0.14925,
		-0.010565,
		-0.988743,
		0,
		-0.055713,
		0.998444,
		-0.002259,
		0,
		0.354688,
		0.440309,
		-0.426,
		1
	},
	[0.866666666667] = {
		0.985797,
		0.048722,
		-0.160719,
		0,
		-0.162279,
		0.029939,
		-0.986291,
		0,
		-0.043242,
		0.998364,
		0.03742,
		0,
		0.353758,
		0.438119,
		-0.42,
		1
	},
	[0.883333333333] = {
		0.984114,
		0.046427,
		-0.171362,
		0,
		-0.174668,
		0.080277,
		-0.981349,
		0,
		-0.031805,
		0.995691,
		0.087111,
		0,
		0.352726,
		0.436848,
		-0.413373,
		1
	},
	[0.8] = {
		0.987854,
		0.101044,
		-0.118045,
		0,
		-0.110941,
		-0.073273,
		-0.991122,
		0,
		-0.108796,
		0.99218,
		-0.061173,
		0,
		0.35605,
		0.452353,
		-0.439726,
		1
	},
	[0.916666666667] = {
		0.98032,
		0.051546,
		-0.190568,
		0,
		-0.197151,
		0.205552,
		-0.958582,
		0,
		-0.01024,
		0.977288,
		0.211669,
		0,
		0.350554,
		0.436736,
		-0.398377,
		1
	},
	[0.933333333333] = {
		0.978345,
		0.05821,
		-0.198627,
		0,
		-0.206981,
		0.277417,
		-0.938189,
		0,
		0.000491,
		0.958984,
		0.283458,
		0,
		0.349479,
		0.437732,
		-0.39005,
		1
	},
	[0.95] = {
		0.976368,
		0.066984,
		-0.205471,
		0,
		-0.215803,
		0.353104,
		-0.910355,
		0,
		0.011573,
		0.933183,
		0.359215,
		0,
		0.348295,
		0.439355,
		-0.381311,
		1
	},
	[0.966666666667] = {
		0.974398,
		0.077361,
		-0.211102,
		0,
		-0.223624,
		0.430621,
		-0.87439,
		0,
		0.023261,
		0.899211,
		0.436896,
		0,
		0.346888,
		0.441544,
		-0.37228,
		1
	},
	[0.983333333333] = {
		0.972467,
		0.088875,
		-0.215429,
		0,
		-0.23031,
		0.507643,
		-0.830214,
		0,
		0.035576,
		0.856971,
		0.514135,
		0,
		0.345305,
		0.444171,
		-0.362971,
		1
	},
	[0.9] = {
		0.982264,
		0.047487,
		-0.181388,
		0,
		-0.18633,
		0.13928,
		-0.972565,
		0,
		-0.02092,
		0.989114,
		0.145658,
		0,
		0.351647,
		0.436413,
		-0.406157,
		1
	},
	[1.01666666667] = {
		0.968824,
		0.113492,
		-0.220226,
		0,
		-0.23995,
		0.65113,
		-0.720038,
		0,
		0.061677,
		0.750433,
		0.658062,
		0,
		0.341793,
		0.450204,
		-0.343675,
		1
	},
	[1.03333333333] = {
		0.967139,
		0.125792,
		-0.22095,
		0,
		-0.242916,
		0.713744,
		-0.656933,
		0,
		0.075065,
		0.689018,
		0.720846,
		0,
		0.339951,
		0.453353,
		-0.333816,
		1
	},
	[1.05] = {
		0.965539,
		0.137671,
		-0.220866,
		0,
		-0.244807,
		0.768492,
		-0.591176,
		0,
		0.088346,
		0.624873,
		0.775712,
		0,
		0.338106,
		0.456441,
		-0.323937,
		1
	},
	[1.06666666667] = {
		0.963997,
		0.148929,
		-0.220297,
		0,
		-0.245868,
		0.814763,
		-0.525082,
		0,
		0.10129,
		0.560341,
		0.822045,
		0,
		0.336286,
		0.459386,
		-0.31415,
		1
	},
	[1.08333333333] = {
		0.962671,
		0.159012,
		-0.219043,
		0,
		-0.245716,
		0.852805,
		-0.460811,
		0,
		0.113527,
		0.497432,
		0.860043,
		0,
		0.334501,
		0.462051,
		-0.3047,
		1
	},
	[1.11666666667] = {
		0.961165,
		0.173408,
		-0.21469,
		0,
		-0.240806,
		0.907,
		-0.345491,
		0,
		0.134813,
		0.383773,
		0.913534,
		0,
		0.331038,
		0.466321,
		-0.287836,
		1
	},
	[1.13333333333] = {
		0.960905,
		0.177381,
		-0.212599,
		0,
		-0.236649,
		0.924753,
		-0.298041,
		0,
		0.143734,
		0.3367,
		0.930577,
		0,
		0.329348,
		0.467972,
		-0.2808,
		1
	},
	[1.15] = {
		0.960898,
		0.179114,
		-0.211169,
		0,
		-0.231758,
		0.937567,
		-0.259338,
		0,
		0.151534,
		0.298137,
		0.942418,
		0,
		0.327678,
		0.469361,
		-0.274896,
		1
	},
	[1.16666666667] = {
		0.961327,
		0.178542,
		-0.209698,
		0,
		-0.22616,
		0.946276,
		-0.231112,
		0,
		0.157169,
		0.2696,
		0.95006,
		0,
		0.32603,
		0.470593,
		-0.270431,
		1
	},
	[1.18333333333] = {
		0.962309,
		0.175921,
		-0.207395,
		0,
		-0.219918,
		0.952006,
		-0.212885,
		0,
		0.159991,
		0.250471,
		0.954813,
		0,
		0.324404,
		0.471776,
		-0.26747,
		1
	},
	[1.1] = {
		0.961737,
		0.167246,
		-0.217003,
		0,
		-0.243933,
		0.883317,
		-0.400309,
		0,
		0.124733,
		0.437927,
		0.890316,
		0,
		0.332752,
		0.464357,
		-0.295865,
		1
	},
	[1.21666666667] = {
		0.965361,
		0.166293,
		-0.20106,
		0,
		-0.206342,
		0.958192,
		-0.19822,
		0,
		0.159691,
		0.23284,
		0.959314,
		0,
		0.321214,
		0.474064,
		-0.265126,
		1
	},
	[1.23333333333] = {
		0.967171,
		0.160116,
		-0.197339,
		0,
		-0.19925,
		0.959779,
		-0.197796,
		0,
		0.157731,
		0.230622,
		0.960174,
		0,
		0.319662,
		0.475158,
		-0.265291,
		1
	},
	[1.25] = {
		0.969016,
		0.15355,
		-0.19347,
		0,
		-0.192071,
		0.960917,
		-0.199367,
		0,
		0.155296,
		0.23035,
		0.960636,
		0,
		0.318148,
		0.476197,
		-0.266048,
		1
	},
	[1.26666666667] = {
		0.970789,
		0.146962,
		-0.189658,
		0,
		-0.184895,
		0.961987,
		-0.200986,
		0,
		0.152911,
		0.230182,
		0.961059,
		0,
		0.316679,
		0.477164,
		-0.267173,
		1
	},
	[1.28333333333] = {
		0.972396,
		0.140703,
		-0.186141,
		0,
		-0.177818,
		0.963378,
		-0.200705,
		0,
		0.151085,
		0.228264,
		0.961805,
		0,
		0.315261,
		0.47804,
		-0.26844,
		1
	},
	[1.2] = {
		0.963699,
		0.171696,
		-0.204463,
		0,
		-0.213265,
		0.955759,
		-0.202591,
		0,
		0.160633,
		0.238842,
		0.95768,
		0,
		0.322797,
		0.472933,
		-0.265777,
		1
	},
	[1.31666666667] = {
		0.975008,
		0.131361,
		-0.179177,
		0,
		-0.16733,
		0.964718,
		-0.203272,
		0,
		0.146154,
		0.228174,
		0.962588,
		0,
		0.312422,
		0.479262,
		-0.271566,
		1
	},
	[1.33333333333] = {
		0.976226,
		0.127673,
		-0.175165,
		0,
		-0.163723,
		0.963922,
		-0.209879,
		0,
		0.142049,
		0.233568,
		0.961909,
		0,
		0.311107,
		0.479673,
		-0.273364,
		1
	},
	[1.35] = {
		0.9774,
		0.124051,
		-0.171172,
		0,
		-0.160129,
		0.963087,
		-0.216384,
		0,
		0.138011,
		0.238904,
		0.961186,
		0,
		0.309973,
		0.480032,
		-0.275002,
		1
	},
	[1.36666666667] = {
		0.978529,
		0.120502,
		-0.167213,
		0,
		-0.156561,
		0.962217,
		-0.222771,
		0,
		0.134051,
		0.244167,
		0.960423,
		0,
		0.30904,
		0.480334,
		-0.276462,
		1
	},
	[1.38333333333] = {
		0.97961,
		0.117037,
		-0.1633,
		0,
		-0.153029,
		0.961318,
		-0.22902,
		0,
		0.13018,
		0.24934,
		0.959626,
		0,
		0.308326,
		0.480574,
		-0.277726,
		1
	},
	[1.3] = {
		0.973749,
		0.135102,
		-0.183197,
		0,
		-0.170938,
		0.965471,
		-0.196584,
		0,
		0.150313,
		0.222739,
		0.96322,
		0,
		0.313899,
		0.478805,
		-0.269627,
		1
	},
	[1.41666666667] = {
		0.981621,
		0.110397,
		-0.155668,
		0,
		-0.146128,
		0.959452,
		-0.241035,
		0,
		0.122746,
		0.259353,
		0.957951,
		0,
		0.307635,
		0.480848,
		-0.27959,
		1
	},
	[1.43333333333] = {
		0.982549,
		0.10724,
		-0.151976,
		0,
		-0.142784,
		0.958498,
		-0.246767,
		0,
		0.119205,
		0.26416,
		0.957084,
		0,
		0.307697,
		0.480872,
		-0.280155,
		1
	},
	[1.4] = {
		0.980641,
		0.113666,
		-0.159447,
		0,
		-0.149547,
		0.960394,
		-0.235114,
		0,
		0.126408,
		0.254407,
		0.9588,
		0,
		0.307851,
		0.480747,
		-0.278775,
		1
	}
}

return spline_matrices
