-- chunkname: @content/characters/player/human/first_person/animations/hatchet/special_attack_backside_down_right.lua

local spline_matrices = {
	[0.0166666666667] = {
		0.907222,
		0.400648,
		-0.128177,
		0,
		-0.420645,
		0.865724,
		-0.271256,
		0,
		0.002288,
		0.300007,
		0.953934,
		0,
		0.263792,
		0.465365,
		-0.264574,
		1
	},
	[0.0333333333333] = {
		0.943947,
		0.259837,
		0.203591,
		0,
		-0.166114,
		0.906888,
		-0.387248,
		0,
		-0.285256,
		0.331722,
		0.899216,
		0,
		0.240131,
		0.466866,
		-0.325401,
		1
	},
	[0.05] = {
		0.819137,
		0.017109,
		0.573342,
		0,
		0.17913,
		0.941933,
		-0.284032,
		0,
		-0.54491,
		0.335364,
		0.768508,
		0,
		0.209336,
		0.471259,
		-0.364206,
		1
	},
	[0.0666666666667] = {
		0.526728,
		-0.326821,
		0.784695,
		0,
		0.438267,
		0.89539,
		0.078738,
		0,
		-0.728341,
		0.302432,
		0.614861,
		0,
		0.173279,
		0.480218,
		-0.366586,
		1
	},
	[0.0833333333333] = {
		0.20911,
		-0.710355,
		0.672063,
		0,
		0.523032,
		0.661938,
		0.536913,
		0,
		-0.826263,
		0.239237,
		0.509957,
		0,
		0.131767,
		0.495336,
		-0.351003,
		1
	},
	[0] = {
		0.829375,
		0.431946,
		-0.354343,
		0,
		-0.495942,
		0.861239,
		-0.110946,
		0,
		0.257251,
		0.267749,
		0.928511,
		0,
		0.275539,
		0.466563,
		-0.228584,
		1
	},
	[0.116666666667] = {
		-0.147644,
		-0.930782,
		-0.334433,
		0,
		0.475341,
		-0.363305,
		0.801286,
		0,
		-0.867324,
		-0.040664,
		0.496079,
		0,
		0.036446,
		0.540918,
		-0.278577,
		1
	},
	[0.133333333333] = {
		-0.27727,
		-0.601227,
		-0.749432,
		0,
		0.482361,
		-0.761696,
		0.432605,
		0,
		-0.830933,
		-0.241548,
		0.501204,
		0,
		-0.008688,
		0.579604,
		-0.23256,
		1
	},
	[0.15] = {
		-0.426551,
		-0.215875,
		-0.878323,
		0,
		0.479404,
		-0.877427,
		-0.017164,
		0,
		-0.766959,
		-0.428393,
		0.477759,
		0,
		-0.044527,
		0.630952,
		-0.189778,
		1
	},
	[0.166666666667] = {
		-0.541634,
		0.01434,
		-0.840492,
		0,
		0.462205,
		-0.830067,
		-0.312019,
		0,
		-0.702139,
		-0.55748,
		0.442964,
		0,
		-0.066877,
		0.675004,
		-0.147337,
		1
	},
	[0.183333333333] = {
		-0.613047,
		0.103694,
		-0.783212,
		0,
		0.430016,
		-0.787844,
		-0.440895,
		0,
		-0.662767,
		-0.607083,
		0.438395,
		0,
		-0.073111,
		0.693609,
		-0.104704,
		1
	},
	[0.1] = {
		-0.012522,
		-0.971925,
		0.234957,
		0,
		0.500898,
		0.19727,
		0.842725,
		0,
		-0.865415,
		0.128242,
		0.484366,
		0,
		0.085089,
		0.51654,
		-0.320112,
		1
	},
	[0.216666666667] = {
		-0.783267,
		0.093918,
		-0.61455,
		0,
		0.175989,
		-0.914591,
		-0.364076,
		0,
		-0.596256,
		-0.393323,
		0.69984,
		0,
		-0.035911,
		0.699675,
		-0.063232,
		1
	},
	[0.233333333333] = {
		-0.875324,
		0.004291,
		-0.483518,
		0,
		-0.114792,
		-0.973217,
		0.199175,
		0,
		-0.469713,
		0.229847,
		0.852373,
		0,
		0.032412,
		0.702945,
		-0.158188,
		1
	},
	[0.25] = {
		-0.935833,
		0.004103,
		-0.352421,
		0,
		-0.278983,
		-0.619667,
		0.733608,
		0,
		-0.215373,
		0.784854,
		0.58105,
		0,
		0.110194,
		0.65515,
		-0.312347,
		1
	},
	[0.266666666667] = {
		-0.920946,
		0.01527,
		-0.389391,
		0,
		-0.36569,
		-0.379119,
		0.850023,
		0,
		-0.134646,
		0.925222,
		0.354732,
		0,
		0.196129,
		0.558268,
		-0.454067,
		1
	},
	[0.283333333333] = {
		-0.88889,
		-0.002883,
		-0.458112,
		0,
		-0.448589,
		-0.197446,
		0.871655,
		0,
		-0.092965,
		0.980309,
		0.174215,
		0,
		0.267961,
		0.461242,
		-0.571758,
		1
	},
	[0.2] = {
		-0.698934,
		0.127231,
		-0.703778,
		0,
		0.340302,
		-0.806348,
		-0.483733,
		0,
		-0.629035,
		-0.577594,
		0.520288,
		0,
		-0.065381,
		0.694936,
		-0.071451,
		1
	},
	[0.316666666667] = {
		-0.879529,
		-0.045296,
		-0.473684,
		0,
		-0.465522,
		0.288128,
		0.836822,
		0,
		0.098577,
		0.95652,
		-0.274504,
		0,
		0.32789,
		0.297438,
		-0.689221,
		1
	},
	[0.333333333333] = {
		-0.88387,
		-0.056058,
		-0.464361,
		0,
		-0.430853,
		0.483977,
		0.761664,
		0,
		0.182043,
		0.873283,
		-0.451926,
		0,
		0.341187,
		0.237782,
		-0.715819,
		1
	},
	[0.35] = {
		-0.888479,
		-0.061322,
		-0.454803,
		0,
		-0.394419,
		0.608663,
		0.688449,
		0,
		0.234605,
		0.791055,
		-0.564971,
		0,
		0.344408,
		0.203204,
		-0.721998,
		1
	},
	[0.366666666667] = {
		-0.891937,
		-0.068313,
		-0.44697,
		0,
		-0.367479,
		0.685487,
		0.628543,
		0,
		0.263455,
		0.724873,
		-0.636515,
		0,
		0.343051,
		0.179373,
		-0.719675,
		1
	},
	[0.383333333333] = {
		-0.895665,
		-0.074056,
		-0.438521,
		0,
		-0.343968,
		0.740385,
		0.577509,
		0,
		0.281906,
		0.668091,
		-0.68861,
		0,
		0.341777,
		0.158543,
		-0.717751,
		1
	},
	[0.3] = {
		-0.880004,
		-0.02413,
		-0.474354,
		0,
		-0.474966,
		0.043113,
		0.878947,
		0,
		-0.000758,
		0.998779,
		-0.049401,
		0,
		0.303506,
		0.378535,
		-0.639399,
		1
	},
	[0.416666666667] = {
		-0.903529,
		-0.082081,
		-0.420591,
		0,
		-0.30908,
		0.804662,
		0.506941,
		0,
		0.296824,
		0.588032,
		-0.752405,
		0,
		0.339723,
		0.124865,
		-0.715434,
		1
	},
	[0.433333333333] = {
		-0.907574,
		-0.084422,
		-0.411318,
		0,
		-0.297181,
		0.821178,
		0.487186,
		0,
		0.296636,
		0.564394,
		-0.770368,
		0,
		0.338952,
		0.111639,
		-0.715029,
		1
	},
	[0.45] = {
		-0.911673,
		-0.085614,
		-0.401898,
		0,
		-0.288178,
		0.830427,
		0.476807,
		0,
		0.292926,
		0.55051,
		-0.78175,
		0,
		0.338319,
		0.100657,
		-0.715063,
		1
	},
	[0.466666666667] = {
		-0.915816,
		-0.085698,
		-0.392349,
		0,
		-0.28142,
		0.833922,
		0.474738,
		0,
		0.286504,
		0.545187,
		-0.787836,
		0,
		0.337782,
		0.09184,
		-0.715469,
		1
	},
	[0.483333333333] = {
		-0.919993,
		-0.084737,
		-0.382666,
		0,
		-0.276237,
		0.832813,
		0.479704,
		0,
		0.27804,
		0.547031,
		-0.789589,
		0,
		0.337296,
		0.085062,
		-0.716184,
		1
	},
	[0.4] = {
		-0.89955,
		-0.078629,
		-0.429683,
		0,
		-0.324524,
		0.778735,
		0.536894,
		0,
		0.292394,
		0.622406,
		-0.726028,
		0,
		0.340661,
		0.140446,
		-0.716331,
		1
	},
	[0.516666666667] = {
		-0.928457,
		-0.079356,
		-0.362863,
		0,
		-0.26757,
		0.820476,
		0.505198,
		0,
		0.257631,
		0.566146,
		-0.78301,
		0,
		0.336338,
		0.077021,
		-0.718239,
		1
	},
	[0.533333333333] = {
		-0.932737,
		-0.074671,
		-0.352742,
		0,
		-0.26263,
		0.811003,
		0.522781,
		0,
		0.247038,
		0.580257,
		-0.776063,
		0,
		0.335803,
		0.075464,
		-0.719421,
		1
	},
	[0.55] = {
		-0.937025,
		-0.068416,
		-0.342496,
		0,
		-0.256396,
		0.800625,
		0.541536,
		0,
		0.237161,
		0.595247,
		-0.767747,
		0,
		0.335195,
		0.075341,
		-0.720597,
		1
	},
	[0.566666666667] = {
		-0.941347,
		-0.061079,
		-0.331866,
		0,
		-0.249885,
		0.7871,
		0.563942,
		0,
		0.226767,
		0.613793,
		-0.756197,
		0,
		0.334877,
		0.079174,
		-0.720878,
		1
	},
	[0.583333333333] = {
		-0.94574,
		-0.0534,
		-0.320506,
		0,
		-0.244266,
		0.767312,
		0.592931,
		0,
		0.214266,
		0.639047,
		-0.738721,
		0,
		0.335181,
		0.089168,
		-0.719473,
		1
	},
	[0.5] = {
		-0.924207,
		-0.08266,
		-0.37284,
		0,
		-0.271869,
		0.828044,
		0.490337,
		0,
		0.268196,
		0.554537,
		-0.787756,
		0,
		0.336826,
		0.080171,
		-0.717133,
		1
	},
	[0.616666666667] = {
		-0.954667,
		-0.037703,
		-0.29528,
		0,
		-0.234098,
		0.707812,
		0.666484,
		0,
		0.183874,
		0.705394,
		-0.684551,
		0,
		0.337371,
		0.125107,
		-0.711851,
		1
	},
	[0.633333333333] = {
		-0.959146,
		-0.030049,
		-0.281311,
		0,
		-0.228733,
		0.667537,
		0.708573,
		0,
		0.166494,
		0.74397,
		-0.647139,
		0,
		0.339118,
		0.149778,
		-0.705729,
		1
	},
	[0.65] = {
		-0.963589,
		-0.022774,
		-0.266416,
		0,
		-0.222659,
		0.620029,
		0.752321,
		0,
		0.148052,
		0.784248,
		-0.602524,
		0,
		0.341206,
		0.178056,
		-0.698117,
		1
	},
	[0.666666666667] = {
		-0.967953,
		-0.016059,
		-0.250618,
		0,
		-0.215526,
		0.565355,
		0.796192,
		0,
		0.128902,
		0.824691,
		-0.550698,
		0,
		0.34356,
		0.209277,
		-0.689052,
		1
	},
	[0.683333333333] = {
		-0.97219,
		-0.010069,
		-0.233976,
		0,
		-0.207048,
		0.503836,
		0.838618,
		0,
		0.109442,
		0.86374,
		-0.49191,
		0,
		0.346108,
		0.242763,
		-0.67857,
		1
	},
	[0.6] = {
		-0.950188,
		-0.045548,
		-0.308332,
		0,
		-0.23914,
		0.740984,
		0.627498,
		0,
		0.199888,
		0.669976,
		-0.714967,
		0,
		0.336035,
		0.10469,
		-0.716447,
		1
	},
	[0.716666666667] = {
		-0.980085,
		-0.000775,
		-0.198578,
		0,
		-0.185311,
		0.36297,
		0.913188,
		0,
		0.07137,
		0.931801,
		-0.355885,
		0,
		0.35151,
		0.313724,
		-0.653548,
		1
	},
	[0.733333333333] = {
		-0.983647,
		0.002373,
		-0.180092,
		0,
		-0.171922,
		0.285657,
		0.942785,
		0,
		0.053682,
		0.958329,
		-0.280578,
		0,
		0.354232,
		0.349762,
		-0.639135,
		1
	},
	[0.75] = {
		-0.986898,
		0.004501,
		-0.161283,
		0,
		-0.15693,
		0.205477,
		0.965998,
		0,
		0.037488,
		0.978652,
		-0.202078,
		0,
		0.356881,
		0.385182,
		-0.623559,
		1
	},
	[0.766666666667] = {
		-0.989786,
		0.008258,
		-0.142325,
		0,
		-0.140131,
		0.12732,
		0.981913,
		0,
		0.026229,
		0.991827,
		-0.124862,
		0,
		0.359386,
		0.420404,
		-0.607976,
		1
	},
	[0.783333333333] = {
		-0.992339,
		0.01537,
		-0.122585,
		0,
		-0.121577,
		0.054911,
		0.991062,
		0,
		0.021963,
		0.998373,
		-0.052622,
		0,
		0.359219,
		0.448284,
		-0.587012,
		1
	},
	[0.7] = {
		-0.976251,
		-0.004941,
		-0.216587,
		0,
		-0.197014,
		0.436078,
		0.878078,
		0,
		0.090111,
		0.899895,
		-0.426695,
		0,
		0.34878,
		0.277816,
		-0.666716,
		1
	},
	[0.816666666667] = {
		-0.996345,
		0.033901,
		-0.078401,
		0,
		-0.080768,
		-0.075267,
		0.993887,
		0,
		0.027793,
		0.996587,
		0.07773,
		0,
		0.356775,
		0.496273,
		-0.544163,
		1
	},
	[0.833333333333] = {
		-0.998888,
		0.038753,
		-0.026855,
		0,
		-0.031899,
		-0.136059,
		0.990187,
		0,
		0.034719,
		0.989942,
		0.137144,
		0,
		0.355911,
		0.518656,
		-0.521343,
		1
	},
	[0.85] = {
		-0.99683,
		0.028388,
		0.074329,
		0,
		0.067338,
		-0.196611,
		0.978166,
		0,
		0.042382,
		0.98007,
		0.194076,
		0,
		0.355913,
		0.540065,
		-0.494845,
		1
	},
	[0.866666666667] = {
		-0.976849,
		-0.005218,
		0.213867,
		0,
		0.208123,
		-0.25453,
		0.944404,
		0,
		0.049507,
		0.967051,
		0.249723,
		0,
		0.356837,
		0.558924,
		-0.465399,
		1
	},
	[0.883333333333] = {
		-0.92423,
		-0.067326,
		0.375853,
		0,
		0.377858,
		-0.302971,
		0.87489,
		0,
		0.05497,
		0.950619,
		0.305454,
		0,
		0.358828,
		0.573783,
		-0.433993,
		1
	},
	[0.8] = {
		-0.994551,
		0.024405,
		-0.101352,
		0,
		-0.101674,
		-0.012331,
		0.994741,
		0,
		0.023027,
		0.999626,
		0.014746,
		0,
		0.358068,
		0.473004,
		-0.56524,
		1
	},
	[0.916666666667] = {
		-0.681153,
		-0.301781,
		0.667053,
		0,
		0.731752,
		-0.310312,
		0.606832,
		0,
		0.023864,
		0.901463,
		0.432199,
		0,
		0.362934,
		0.599106,
		-0.364955,
		1
	},
	[0.933333333333] = {
		-0.485059,
		-0.441903,
		0.754612,
		0,
		0.874456,
		-0.238619,
		0.422359,
		0,
		-0.006577,
		0.864744,
		0.502169,
		0,
		0.361038,
		0.602795,
		-0.32663,
		1
	},
	[0.95] = {
		-0.250118,
		-0.560682,
		0.789352,
		0,
		0.967623,
		-0.116246,
		0.224035,
		0,
		-0.033854,
		0.819831,
		0.571604,
		0,
		0.356434,
		0.600744,
		-0.289212,
		1
	},
	[0.966666666667] = {
		0.004219,
		-0.636962,
		0.770884,
		0,
		0.998819,
		0.039993,
		0.027578,
		0,
		-0.048396,
		0.769857,
		0.636378,
		0,
		0.350499,
		0.597349,
		-0.255883,
		1
	},
	[0.983333333333] = {
		0.254647,
		-0.662885,
		0.704087,
		0,
		0.966165,
		0.205259,
		-0.156186,
		0,
		-0.040987,
		0.720037,
		0.692725,
		0,
		0.343709,
		0.593139,
		-0.228645,
		1
	},
	[0.9] = {
		-0.827735,
		-0.168118,
		0.535342,
		0,
		0.559091,
		-0.328162,
		0.761398,
		0,
		0.047674,
		0.929541,
		0.365624,
		0,
		0.361252,
		0.586488,
		-0.400539,
		1
	},
	[1.01666666667] = {
		0.667579,
		-0.591477,
		0.452209,
		0,
		0.743864,
		0.504001,
		-0.438919,
		0,
		0.031697,
		0.629395,
		0.776439,
		0,
		0.32885,
		0.578195,
		-0.201113,
		1
	},
	[1.03333333333] = {
		0.803361,
		-0.514373,
		0.300052,
		0,
		0.59059,
		0.623695,
		-0.512062,
		0,
		0.07625,
		0.588579,
		0.804836,
		0,
		0.320826,
		0.566699,
		-0.201152,
		1
	},
	[1.05] = {
		0.889732,
		-0.427834,
		0.159167,
		0,
		0.441417,
		0.717532,
		-0.538794,
		0,
		0.116307,
		0.549642,
		0.827265,
		0,
		0.311778,
		0.55326,
		-0.205248,
		1
	},
	[1.06666666667] = {
		0.940474,
		-0.33706,
		0.043582,
		0,
		0.307489,
		0.789231,
		-0.531569,
		0,
		0.144774,
		0.513327,
		0.845893,
		0,
		0.302609,
		0.539318,
		-0.212027,
		1
	},
	[1.08333333333] = {
		0.969636,
		-0.241324,
		-0.039593,
		0,
		0.189364,
		0.843363,
		-0.502872,
		0,
		0.154747,
		0.480106,
		0.863453,
		0,
		0.294579,
		0.52611,
		-0.219929,
		1
	},
	{
		0.481271,
		-0.644803,
		0.593808,
		0,
		0.87651,
		0.362037,
		-0.317268,
		0,
		-0.010405,
		0.67317,
		0.739414,
		0,
		0.336337,
		0.58707,
		-0.209589,
		1
	},
	[1.11666666667] = {
		0.988912,
		-0.062989,
		-0.134484,
		0,
		-0.00079,
		0.903345,
		-0.428914,
		0,
		0.148503,
		0.424264,
		0.893279,
		0,
		0.29106,
		0.503678,
		-0.233391,
		1
	},
	[1.13333333333] = {
		0.986653,
		0.008769,
		-0.162602,
		0,
		-0.073213,
		0.91582,
		-0.394859,
		0,
		0.145452,
		0.401494,
		0.904238,
		0,
		0.290133,
		0.495326,
		-0.239251,
		1
	},
	[1.15] = {
		0.981007,
		0.065257,
		-0.182666,
		0,
		-0.129287,
		0.922006,
		-0.364951,
		0,
		0.144604,
		0.381636,
		0.912931,
		0,
		0.289611,
		0.48725,
		-0.24474,
		1
	},
	[1.16666666667] = {
		0.974516,
		0.105524,
		-0.197948,
		0,
		-0.1692,
		0.925154,
		-0.339797,
		0,
		0.147275,
		0.36463,
		0.919432,
		0,
		0.289428,
		0.479485,
		-0.24958,
		1
	},
	[1.18333333333] = {
		0.96886,
		0.129082,
		-0.211301,
		0,
		-0.193284,
		0.927645,
		-0.319555,
		0,
		0.154764,
		0.350445,
		0.923708,
		0,
		0.289514,
		0.472077,
		-0.253495,
		1
	},
	[1.1] = {
		0.984493,
		-0.147677,
		-0.09468,
		0,
		0.087289,
		0.880565,
		-0.465818,
		0,
		0.152163,
		0.45033,
		0.879801,
		0,
		0.291359,
		0.51389,
		-0.227136,
		1
	},
	[1.21666666667] = {
		0.95413,
		0.155194,
		-0.256029,
		0,
		-0.230239,
		0.926985,
		-0.296121,
		0,
		0.191379,
		0.341486,
		0.920196,
		0,
		0.290229,
		0.455685,
		-0.262246,
		1
	},
	[1.23333333333] = {
		0.943338,
		0.167626,
		-0.286382,
		0,
		-0.251794,
		0.923703,
		-0.288743,
		0,
		0.216131,
		0.344492,
		0.913572,
		0,
		0.290576,
		0.449111,
		-0.26582,
		1
	},
	[1.25] = {
		0.930843,
		0.181903,
		-0.316927,
		0,
		-0.275116,
		0.919679,
		-0.280181,
		0,
		0.240505,
		0.347996,
		0.906121,
		0,
		0.290667,
		0.44637,
		-0.266819,
		1
	},
	[1.26666666667] = {
		0.917722,
		0.199522,
		-0.343478,
		0,
		-0.299598,
		0.915442,
		-0.268714,
		0,
		0.26082,
		0.34951,
		0.899898,
		0,
		0.290315,
		0.447176,
		-0.262737,
		1
	},
	[1.28333333333] = {
		0.905434,
		0.222055,
		-0.361774,
		0,
		-0.324648,
		0.911328,
		-0.253148,
		0,
		0.273482,
		0.346658,
		0.897238,
		0,
		0.28935,
		0.449473,
		-0.256957,
		1
	},
	[1.2] = {
		0.96271,
		0.142885,
		-0.229726,
		0,
		-0.21069,
		0.928642,
		-0.305343,
		0,
		0.169704,
		0.342357,
		0.924117,
		0,
		0.289818,
		0.46403,
		-0.257624,
		1
	},
	[1.31666666667] = {
		0.883266,
		0.283807,
		-0.373222,
		0,
		-0.379202,
		0.900556,
		-0.212614,
		0,
		0.275766,
		0.329321,
		0.903051,
		0,
		0.285645,
		0.456239,
		-0.24761,
		1
	},
	[1.33333333333] = {
		0.871846,
		0.319843,
		-0.370923,
		0,
		-0.408541,
		0.892625,
		-0.190565,
		0,
		0.270144,
		0.317681,
		0.908901,
		0,
		0.283291,
		0.459635,
		-0.242832,
		1
	},
	[1.35] = {
		0.85954,
		0.356971,
		-0.365737,
		0,
		-0.438297,
		0.882934,
		-0.168295,
		0,
		0.262845,
		0.304958,
		0.915376,
		0,
		0.280862,
		0.462352,
		-0.238532,
		1
	},
	[1.36666666667] = {
		0.84603,
		0.393538,
		-0.359668,
		0,
		-0.467699,
		0.871683,
		-0.146375,
		0,
		0.255912,
		0.292054,
		0.921528,
		0,
		0.278553,
		0.463897,
		-0.235111,
		1
	},
	[1.38333333333] = {
		0.831186,
		0.428032,
		-0.354849,
		0,
		-0.495956,
		0.85927,
		-0.125227,
		0,
		0.25131,
		0.280076,
		0.926499,
		0,
		0.276559,
		0.463791,
		-0.23296,
		1
	},
	[1.3] = {
		0.894275,
		0.250612,
		-0.370763,
		0,
		-0.351009,
		0.90673,
		-0.233739,
		0,
		0.277604,
		0.339168,
		0.898833,
		0,
		0.28773,
		0.452676,
		-0.252456,
		1
	}
}

return spline_matrices
