local spline_matrices = {
	[0] = {
		0.288221,
		0.357558,
		-0.888302,
		0,
		0.910988,
		0.183409,
		0.369407,
		0,
		0.295007,
		-0.915704,
		-0.272869,
		0,
		0.35952,
		0.381777,
		-0.156367,
		1
	},
	{
		0.937912,
		-0.017075,
		-0.346454,
		0,
		-0.233397,
		-0.76994,
		-0.593901,
		0,
		-0.256608,
		0.637888,
		-0.72612,
		0,
		0.041521,
		-0.4049,
		-0.40604,
		1
	},
	[0.0166666666667] = {
		0.294976,
		0.360537,
		-0.884874,
		0,
		0.910257,
		0.175574,
		0.374974,
		0,
		0.290553,
		-0.916071,
		-0.276392,
		0,
		0.362209,
		0.376798,
		-0.155193,
		1
	},
	[0.0333333333333] = {
		0.292372,
		0.363161,
		-0.884665,
		0,
		0.905046,
		0.193725,
		0.378633,
		0,
		0.308886,
		-0.911364,
		-0.272038,
		0,
		0.358768,
		0.373437,
		-0.156031,
		1
	},
	[0.05] = {
		0.290835,
		0.361155,
		-0.885992,
		0,
		0.900368,
		0.209942,
		0.381132,
		0,
		0.323654,
		-0.908566,
		-0.264114,
		0,
		0.356121,
		0.371138,
		-0.157977,
		1
	},
	[0.0666666666667] = {
		0.292993,
		0.359523,
		-0.885945,
		0,
		0.893031,
		0.228098,
		0.3879,
		0,
		0.341541,
		-0.904828,
		-0.254234,
		0,
		0.352491,
		0.367895,
		-0.160542,
		1
	},
	[0.0833333333333] = {
		0.296741,
		0.35773,
		-0.885423,
		0,
		0.883876,
		0.248136,
		0.396474,
		0,
		0.361536,
		-0.900254,
		-0.242557,
		0,
		0.348207,
		0.364125,
		-0.163771,
		1
	},
	[0.116666666667] = {
		0.300828,
		0.351083,
		-0.886704,
		0,
		0.863806,
		0.293716,
		0.409354,
		0,
		0.404156,
		-0.889085,
		-0.214909,
		0,
		0.33892,
		0.356707,
		-0.172272,
		1
	},
	[0.133333333333] = {
		0.297218,
		0.344661,
		-0.890433,
		0,
		0.854907,
		0.319236,
		0.408927,
		0,
		0.4252,
		-0.882778,
		-0.19977,
		0,
		0.334476,
		0.353935,
		-0.177489,
		1
	},
	[0.15] = {
		0.287239,
		0.334884,
		-0.897411,
		0,
		0.848103,
		0.346551,
		0.400778,
		0,
		0.445213,
		-0.876216,
		-0.184473,
		0,
		0.330485,
		0.352389,
		-0.183274,
		1
	},
	[0.166666666667] = {
		0.268861,
		0.320554,
		-0.908273,
		0,
		0.844216,
		0.37555,
		0.382441,
		0,
		0.463695,
		-0.869602,
		-0.169646,
		0,
		0.327145,
		0.352527,
		-0.189563,
		1
	},
	[0.183333333333] = {
		0.239874,
		0.300246,
		-0.923208,
		0,
		0.843714,
		0.40593,
		0.351236,
		0,
		0.480215,
		-0.863176,
		-0.15595,
		0,
		0.324615,
		0.354813,
		-0.196314,
		1
	},
	[0.1] = {
		0.300019,
		0.355157,
		-0.885354,
		0,
		0.873806,
		0.270014,
		0.404421,
		0,
		0.382691,
		-0.894962,
		-0.229328,
		0,
		0.343586,
		0.360251,
		-0.167685,
		1
	},
	[0.216666666667] = {
		0.132048,
		0.226273,
		-0.965072,
		0,
		0.853629,
		0.468938,
		0.226748,
		0,
		0.503866,
		-0.853755,
		-0.131231,
		0,
		0.322302,
		0.369923,
		-0.211977,
		1
	},
	[0.233333333333] = {
		0.044229,
		0.160597,
		-0.986029,
		0,
		0.854989,
		0.504451,
		0.120513,
		0,
		0.516757,
		-0.848374,
		-0.114997,
		0,
		0.318745,
		0.386827,
		-0.221633,
		1
	},
	[0.25] = {
		-0.046863,
		0.087315,
		-0.995078,
		0,
		0.835846,
		0.548894,
		0.0088,
		0,
		0.54696,
		-0.831319,
		-0.098705,
		0,
		0.307309,
		0.408877,
		-0.230277,
		1
	},
	[0.266666666667] = {
		-0.120768,
		0.018923,
		-0.9925,
		0,
		0.787161,
		0.610982,
		-0.084133,
		0,
		0.604808,
		-0.791418,
		-0.088682,
		0,
		0.284025,
		0.434334,
		-0.234591,
		1
	},
	[0.283333333333] = {
		-0.181957,
		-0.050282,
		-0.98202,
		0,
		0.711427,
		0.682684,
		-0.166774,
		0,
		0.678795,
		-0.728982,
		-0.088447,
		0,
		0.250057,
		0.461436,
		-0.23569,
		1
	},
	[0.2] = {
		0.19784,
		0.272299,
		-0.941654,
		0,
		0.846437,
		0.437034,
		0.304212,
		0,
		0.494372,
		-0.857237,
		-0.144021,
		0,
		0.323024,
		0.359714,
		-0.203519,
		1
	},
	[0.316666666667] = {
		-0.238568,
		-0.151941,
		-0.959166,
		0,
		0.437655,
		0.864876,
		-0.24586,
		0,
		0.866916,
		-0.478438,
		-0.139834,
		0,
		0.141047,
		0.523683,
		-0.210936,
		1
	},
	[0.333333333333] = {
		-0.215025,
		-0.109323,
		-0.97047,
		0,
		0.187567,
		0.970592,
		-0.150895,
		0,
		0.958427,
		-0.214475,
		-0.188196,
		0,
		0.065697,
		0.558494,
		-0.171354,
		1
	},
	[0.35] = {
		-0.199766,
		-0.014178,
		-0.979741,
		0,
		-0.13141,
		0.99125,
		0.01245,
		0,
		0.970992,
		0.131234,
		-0.199882,
		0,
		-0.019167,
		0.58093,
		-0.132027,
		1
	},
	[0.366666666667] = {
		-0.206219,
		0.048621,
		-0.977297,
		0,
		-0.47854,
		0.866166,
		0.144068,
		0,
		0.853507,
		0.497385,
		-0.155353,
		0,
		-0.119609,
		0.569516,
		-0.11311,
		1
	},
	[0.383333333333] = {
		-0.200007,
		0.025327,
		-0.979467,
		0,
		-0.853397,
		0.486623,
		0.186846,
		0,
		0.481364,
		0.873245,
		-0.075714,
		0,
		-0.164203,
		0.456112,
		-0.115816,
		1
	},
	[0.3] = {
		-0.228432,
		-0.116747,
		-0.966534,
		0,
		0.603082,
		0.762394,
		-0.234622,
		0,
		0.764271,
		-0.636495,
		-0.103747,
		0,
		0.203887,
		0.491435,
		-0.230648,
		1
	},
	[0.416666666667] = {
		-0.10816,
		0.013007,
		-0.994048,
		0,
		-0.986924,
		-0.121607,
		0.105794,
		0,
		-0.119507,
		0.992493,
		0.02599,
		0,
		-0.243301,
		0.332144,
		-0.131352,
		1
	},
	[0.433333333333] = {
		-0.071852,
		0.026198,
		-0.997071,
		0,
		-0.973091,
		-0.221266,
		0.06431,
		0,
		-0.218934,
		0.974861,
		0.041392,
		0,
		-0.315131,
		0.282917,
		-0.1342,
		1
	},
	[0.45] = {
		-0.104512,
		-0.004544,
		-0.994513,
		0,
		-0.837174,
		-0.539407,
		0.090442,
		0,
		-0.536858,
		0.842033,
		0.052571,
		0,
		-0.270473,
		0.195131,
		-0.151608,
		1
	},
	[0.466666666667] = {
		-0.153057,
		-0.085386,
		-0.984522,
		0,
		-0.457434,
		-0.87698,
		0.147173,
		0,
		-0.875972,
		0.47288,
		0.09517,
		0,
		-0.186617,
		0.164738,
		-0.200689,
		1
	},
	[0.483333333333] = {
		-0.160592,
		-0.18167,
		-0.970158,
		0,
		0.023451,
		-0.98334,
		0.180256,
		0,
		-0.986742,
		0.006196,
		0.162177,
		0,
		-0.146486,
		0.186002,
		-0.262847,
		1
	},
	[0.4] = {
		-0.162976,
		-0.005379,
		-0.986615,
		0,
		-0.986513,
		0.016311,
		0.16287,
		0,
		0.015217,
		0.999852,
		-0.007965,
		0,
		-0.154784,
		0.353251,
		-0.124507,
		1
	},
	[0.516666666667] = {
		-0.104239,
		-0.244663,
		-0.963989,
		0,
		0.447616,
		-0.877093,
		0.174206,
		0,
		-0.88813,
		-0.413337,
		0.200942,
		0,
		-0.175747,
		0.1916,
		-0.326109,
		1
	},
	[0.533333333333] = {
		-0.074622,
		-0.248748,
		-0.965689,
		0,
		0.550801,
		-0.817549,
		0.168026,
		0,
		-0.831294,
		-0.519364,
		0.198017,
		0,
		-0.19748,
		0.180493,
		-0.344456,
		1
	},
	[0.55] = {
		-0.047416,
		-0.24586,
		-0.968145,
		0,
		0.625826,
		-0.762731,
		0.163045,
		0,
		-0.77852,
		-0.598159,
		0.190031,
		0,
		-0.217297,
		0.166318,
		-0.360654,
		1
	},
	[0.566666666667] = {
		-0.022571,
		-0.237745,
		-0.971065,
		0,
		0.679593,
		-0.716037,
		0.159511,
		0,
		-0.733242,
		-0.656329,
		0.177732,
		0,
		-0.230721,
		0.150935,
		-0.374508,
		1
	},
	[0.583333333333] = {
		0.000275,
		-0.225605,
		-0.974219,
		0,
		0.717375,
		-0.678681,
		0.157369,
		0,
		-0.696687,
		-0.698924,
		0.161657,
		0,
		-0.236069,
		0.135998,
		-0.385671,
		1
	},
	[0.5] = {
		-0.134549,
		-0.231925,
		-0.963383,
		0,
		0.312891,
		-0.932427,
		0.180773,
		0,
		-0.940211,
		-0.277111,
		0.198024,
		0,
		-0.155669,
		0.197588,
		-0.305295,
		1
	},
	[0.616666666667] = {
		0.04224,
		-0.192148,
		-0.980457,
		0,
		0.759034,
		-0.631949,
		0.156549,
		0,
		-0.649679,
		-0.750812,
		0.119153,
		0,
		-0.241386,
		0.105013,
		-0.403384,
		1
	},
	[0.633333333333] = {
		0.062515,
		-0.171666,
		-0.98317,
		0,
		0.767346,
		-0.621632,
		0.157332,
		0,
		-0.638178,
		-0.764267,
		0.092866,
		0,
		-0.240435,
		0.089225,
		-0.410251,
		1
	},
	[0.65] = {
		0.083028,
		-0.149001,
		-0.985345,
		0,
		0.769061,
		-0.619226,
		0.158441,
		0,
		-0.63376,
		-0.770946,
		0.063177,
		0,
		-0.236617,
		0.07331,
		-0.415811,
		1
	},
	[0.666666666667] = {
		0.104331,
		-0.1243,
		-0.986744,
		0,
		0.764853,
		-0.624149,
		0.159494,
		0,
		-0.6357,
		-0.771355,
		0.029953,
		0,
		-0.230225,
		0.056996,
		-0.420132,
		1
	},
	[0.683333333333] = {
		0.126973,
		-0.097693,
		-0.987083,
		0,
		0.755041,
		-0.635842,
		0.160055,
		0,
		-0.643266,
		-0.765611,
		-0.006972,
		0,
		-0.221839,
		0.039792,
		-0.423377,
		1
	},
	[0.6] = {
		0.021644,
		-0.210236,
		-0.977411,
		0,
		0.742977,
		-0.65078,
		0.156432,
		0,
		-0.668967,
		-0.72958,
		0.142115,
		0,
		-0.239798,
		0.120641,
		-0.395212,
		1
	},
	[0.716666666667] = {
		0.178475,
		-0.039421,
		-0.983154,
		0,
		0.718608,
		-0.67732,
		0.15761,
		0,
		-0.672123,
		-0.734632,
		-0.092556,
		0,
		-0.199251,
		0.001498,
		-0.42671,
		1
	},
	[0.733333333333] = {
		0.208426,
		-0.008259,
		-0.978003,
		0,
		0.691542,
		-0.705873,
		0.153338,
		0,
		-0.691613,
		-0.70829,
		-0.14141,
		0,
		-0.180356,
		-0.01747,
		-0.424554,
		1
	},
	[0.75] = {
		0.241868,
		0.023723,
		-0.970019,
		0,
		0.658102,
		-0.738632,
		0.14603,
		0,
		-0.713023,
		-0.673692,
		-0.194263,
		0,
		-0.156307,
		-0.037523,
		-0.419843,
		1
	},
	[0.766666666667] = {
		0.279253,
		0.055924,
		-0.958588,
		0,
		0.617897,
		-0.774616,
		0.134812,
		0,
		-0.734998,
		-0.629955,
		-0.250869,
		0,
		-0.129056,
		-0.060557,
		-0.413711,
		1
	},
	[0.783333333333] = {
		0.320917,
		0.087542,
		-0.943053,
		0,
		0.570605,
		-0.812595,
		0.118743,
		0,
		-0.755925,
		-0.576217,
		-0.310728,
		0,
		-0.099829,
		-0.086481,
		-0.406463,
		1
	},
	[0.7] = {
		0.151505,
		-0.069332,
		-0.986022,
		0,
		0.739676,
		-0.653758,
		0.159622,
		0,
		-0.655687,
		-0.75352,
		-0.047764,
		0,
		-0.211511,
		0.021389,
		-0.425572,
		1
	},
	[0.816666666667] = {
		0.417484,
		0.14469,
		-0.897091,
		0,
		0.454472,
		-0.888142,
		0.068253,
		0,
		-0.786869,
		-0.436197,
		-0.436543,
		0,
		-0.040173,
		-0.146024,
		-0.390111,
		1
	},
	[0.833333333333] = {
		0.471874,
		0.167546,
		-0.8656,
		0,
		0.386347,
		-0.921792,
		0.032191,
		0,
		-0.79251,
		-0.349612,
		-0.4997,
		0,
		-0.012104,
		-0.178786,
		-0.381947,
		1
	},
	[0.85] = {
		0.529379,
		0.1846,
		-0.828058,
		0,
		0.312798,
		-0.949747,
		-0.011756,
		0,
		-0.788616,
		-0.252791,
		-0.560519,
		0,
		0.013263,
		-0.212675,
		-0.374554,
		1
	},
	[0.866666666667] = {
		0.588773,
		0.194401,
		-0.784573,
		0,
		0.235499,
		-0.969793,
		-0.063568,
		0,
		-0.773232,
		-0.147339,
		-0.616769,
		0,
		0.034906,
		-0.24678,
		-0.368553,
		1
	},
	[0.883333333333] = {
		0.648454,
		0.195746,
		-0.735657,
		0,
		0.156673,
		-0.980004,
		-0.122661,
		0,
		-0.744957,
		-0.035718,
		-0.666156,
		0,
		0.051997,
		-0.279991,
		-0.364534,
		1
	},
	[0.8] = {
		0.367025,
		0.117547,
		-0.922754,
		0,
		0.516081,
		-0.851046,
		0.096859,
		0,
		-0.773921,
		-0.511765,
		-0.373018,
		0,
		-0.069809,
		-0.115087,
		-0.398454,
		1
	},
	[0.916666666667] = {
		0.761229,
		0.170656,
		-0.625625,
		0,
		0.005122,
		-0.966304,
		-0.257352,
		0,
		-0.648463,
		0.192699,
		-0.736453,
		0,
		0.07051,
		-0.338657,
		-0.364199,
		1
	},
	[0.933333333333] = {
		0.810684,
		0.144625,
		-0.56734,
		0,
		-0.062173,
		-0.942267,
		-0.32904,
		0,
		-0.582173,
		0.302021,
		-0.754889,
		0,
		0.071614,
		-0.361573,
		-0.368256,
		1
	},
	[0.95] = {
		0.853598,
		0.110992,
		-0.50897,
		0,
		-0.120754,
		-0.908267,
		-0.400586,
		0,
		-0.506743,
		0.4034,
		-0.761893,
		0,
		0.067448,
		-0.378754,
		-0.374976,
		1
	},
	[0.966666666667] = {
		0.889171,
		0.071475,
		-0.451958,
		0,
		-0.169133,
		-0.866435,
		-0.46977,
		0,
		-0.425169,
		0.494147,
		-0.758321,
		0,
		0.059881,
		-0.390965,
		-0.383914,
		1
	},
	[0.983333333333] = {
		0.917139,
		0.02809,
		-0.397577,
		0,
		-0.206683,
		-0.819394,
		-0.534674,
		0,
		-0.340791,
		0.572543,
		-0.745692,
		0,
		0.051019,
		-0.399584,
		-0.394478,
		1
	},
	[0.9] = {
		0.706575,
		0.187878,
		-0.682242,
		0,
		0.078951,
		-0.979021,
		-0.18784,
		0,
		-0.70322,
		0.07886,
		-0.706585,
		0,
		0.063962,
		-0.311051,
		-0.362982,
		1
	},
	[1.01666666667] = {
		0.952257,
		-0.062009,
		-0.298934,
		0,
		-0.24993,
		-0.720666,
		-0.646665,
		0,
		-0.175332,
		0.690504,
		-0.701757,
		0,
		0.031835,
		-0.407368,
		-0.41804,
		1
	},
	[1.03333333333] = {
		0.96123,
		-0.104971,
		-0.254986,
		0,
		-0.257322,
		-0.673821,
		-0.69264,
		0,
		-0.099108,
		0.7314,
		-0.674709,
		0,
		0.022239,
		-0.407582,
		-0.429976,
		1
	},
	[1.05] = {
		0.966014,
		-0.144566,
		-0.214283,
		0,
		-0.256801,
		-0.631336,
		-0.731757,
		0,
		-0.029498,
		0.761915,
		-0.647005,
		0,
		0.012843,
		-0.406271,
		-0.441364,
		1
	},
	[1.06666666667] = {
		0.967803,
		-0.179675,
		-0.17628,
		0,
		-0.249607,
		-0.594743,
		-0.764184,
		0,
		0.032463,
		0.78358,
		-0.620442,
		0,
		0.003622,
		-0.40418,
		-0.451808,
		1
	},
	[1.08333333333] = {
		0.967717,
		-0.209386,
		-0.14029,
		0,
		-0.236853,
		-0.565218,
		-0.790208,
		0,
		0.086163,
		0.797926,
		-0.596565,
		0,
		-0.005546,
		-0.402025,
		-0.46099,
		1
	},
	[1.1] = {
		0.966753,
		-0.232908,
		-0.105559,
		0,
		-0.219435,
		-0.543671,
		-0.810105,
		0,
		0.131291,
		0.806334,
		-0.576704,
		0,
		-0.014841,
		-0.400463,
		-0.468651,
		1
	}
}

return spline_matrices
