local spline_matrices = {
	[0] = {
		0.508136,
		-0.337506,
		0.792394,
		0,
		-0.425213,
		0.701774,
		0.571583,
		0,
		-0.748994,
		-0.627378,
		0.213085,
		0,
		0.046921,
		0.50063,
		-0.249763,
		1
	},
	{
		0.96138,
		-0.267767,
		0.063631,
		0,
		-0.128512,
		-0.641187,
		-0.756547,
		0,
		0.243378,
		0.719152,
		-0.650836,
		0,
		-0.022735,
		-0.479357,
		-0.395612,
		1
	},
	[0.0166666666667] = {
		0.494578,
		-0.320692,
		0.807806,
		0,
		-0.475287,
		0.678359,
		0.560296,
		0,
		-0.727665,
		-0.661049,
		0.183081,
		0,
		0.02223,
		0.498736,
		-0.234405,
		1
	},
	[0.0333333333333] = {
		0.495102,
		-0.283139,
		0.821405,
		0,
		-0.533674,
		0.646935,
		0.544672,
		0,
		-0.685614,
		-0.70803,
		0.169195,
		0,
		-0.006,
		0.497512,
		-0.223313,
		1
	},
	[0.05] = {
		0.50381,
		-0.227542,
		0.833307,
		0,
		-0.59633,
		0.606313,
		0.526095,
		0,
		-0.624953,
		-0.761978,
		0.169776,
		0,
		-0.036116,
		0.49614,
		-0.215628,
		1
	},
	[0.0666666666667] = {
		0.515037,
		-0.156964,
		0.842674,
		0,
		-0.658782,
		0.556479,
		0.506298,
		0,
		-0.548401,
		-0.8159,
		0.183202,
		0,
		-0.066594,
		0.494015,
		-0.21059,
		1
	},
	[0.0833333333333] = {
		0.523913,
		-0.075608,
		0.848409,
		0,
		-0.716672,
		0.499167,
		0.487046,
		0,
		-0.460322,
		-0.863201,
		0.207334,
		0,
		-0.095903,
		0.490895,
		-0.207486,
		1
	},
	[0.116666666667] = {
		0.523709,
		0.096457,
		0.846419,
		0,
		-0.805803,
		0.378483,
		0.455447,
		0,
		-0.276423,
		-0.920569,
		0.27594,
		0,
		-0.145005,
		0.483017,
		-0.204488,
		1
	},
	[0.133333333333] = {
		0.514607,
		0.174344,
		0.839514,
		0,
		-0.834523,
		0.326633,
		0.443715,
		0,
		-0.196853,
		-0.928932,
		0.313582,
		0,
		-0.162066,
		0.480033,
		-0.203596,
		1
	},
	[0.15] = {
		0.502841,
		0.238925,
		0.830702,
		0,
		-0.85357,
		0.288762,
		0.43363,
		0,
		-0.13627,
		-0.927109,
		0.34914,
		0,
		-0.172635,
		0.479345,
		-0.202691,
		1
	},
	[0.166666666667] = {
		0.49216,
		0.285532,
		0.822344,
		0,
		-0.864574,
		0.270413,
		0.423542,
		0,
		-0.101438,
		-0.919428,
		0.37995,
		0,
		-0.175887,
		0.482216,
		-0.201616,
		1
	},
	[0.183333333333] = {
		0.480458,
		0.311844,
		0.819703,
		0,
		-0.871492,
		0.274511,
		0.40638,
		0,
		-0.09829,
		-0.909613,
		0.403661,
		0,
		-0.170538,
		0.48963,
		-0.199028,
		1
	},
	[0.1] = {
		0.527186,
		0.010996,
		0.849679,
		0,
		-0.76639,
		0.43806,
		0.46984,
		0,
		-0.367044,
		-0.898878,
		0.239367,
		0,
		-0.122524,
		0.486998,
		-0.205642,
		1
	},
	[0.216666666667] = {
		0.458421,
		0.307152,
		0.833971,
		0,
		-0.86765,
		0.357865,
		0.345132,
		0,
		-0.192441,
		-0.881811,
		0.430553,
		0,
		-0.12585,
		0.5273,
		-0.177998,
		1
	},
	[0.233333333333] = {
		0.449684,
		0.289063,
		0.845119,
		0,
		-0.848959,
		0.432379,
		0.303837,
		0,
		-0.277584,
		-0.854102,
		0.439837,
		0,
		-0.08899,
		0.552009,
		-0.163365,
		1
	},
	[0.25] = {
		0.441677,
		0.269526,
		0.855732,
		0,
		-0.813345,
		0.522863,
		0.255116,
		0,
		-0.378671,
		-0.808684,
		0.450154,
		0,
		-0.045634,
		0.573805,
		-0.150867,
		1
	},
	[0.266666666667] = {
		0.435629,
		0.253721,
		0.863628,
		0,
		-0.755861,
		0.624101,
		0.197918,
		0,
		-0.488775,
		-0.739001,
		0.463655,
		0,
		0.001832,
		0.587551,
		-0.144085,
		1
	},
	[0.283333333333] = {
		0.436234,
		0.243756,
		0.866189,
		0,
		-0.670694,
		0.729823,
		0.132397,
		0,
		-0.599892,
		-0.638704,
		0.481859,
		0,
		0.050676,
		0.588216,
		-0.145739,
		1
	},
	[0.2] = {
		0.46825,
		0.317213,
		0.824693,
		0,
		-0.873933,
		0.303917,
		0.379308,
		0,
		-0.130317,
		-0.898338,
		0.419532,
		0,
		-0.153831,
		0.504828,
		-0.191117,
		1
	},
	[0.316666666667] = {
		0.457991,
		0.192331,
		0.867902,
		0,
		-0.363029,
		0.931659,
		-0.014891,
		0,
		-0.811452,
		-0.308254,
		0.496513,
		0,
		0.152012,
		0.534473,
		-0.160207,
		1
	},
	[0.333333333333] = {
		0.474098,
		0.15225,
		0.867209,
		0,
		-0.14825,
		0.984678,
		-0.091826,
		0,
		-0.867902,
		-0.085029,
		0.489404,
		0,
		0.193191,
		0.488321,
		-0.167937,
		1
	},
	[0.35] = {
		0.494001,
		0.106926,
		0.862861,
		0,
		0.094374,
		0.979952,
		-0.175466,
		0,
		-0.864324,
		0.168112,
		0.474006,
		0,
		0.222847,
		0.438373,
		-0.175261,
		1
	},
	[0.366666666667] = {
		0.516128,
		0.056505,
		0.854645,
		0,
		0.356968,
		0.892841,
		-0.274606,
		0,
		-0.778579,
		0.446813,
		0.44065,
		0,
		0.236684,
		0.390429,
		-0.179537,
		1
	},
	[0.383333333333] = {
		0.518989,
		-0.007342,
		0.854749,
		0,
		0.670231,
		0.624111,
		-0.401592,
		0,
		-0.53051,
		0.781301,
		0.328828,
		0,
		0.191459,
		0.378088,
		-0.149428,
		1
	},
	[0.3] = {
		0.445131,
		0.225402,
		0.866633,
		0,
		-0.541491,
		0.838561,
		0.060027,
		0,
		-0.713194,
		-0.495994,
		0.495322,
		0,
		0.102112,
		0.57009,
		-0.152768,
		1
	},
	[0.416666666667] = {
		0.471354,
		-0.142129,
		0.870416,
		0,
		0.832252,
		-0.25492,
		-0.492313,
		0,
		0.291858,
		0.95646,
		-0.00187,
		0,
		0.273984,
		0.402023,
		-0.214699,
		1
	},
	[0.433333333333] = {
		0.482126,
		-0.184911,
		0.856366,
		0,
		0.739157,
		-0.438887,
		-0.510906,
		0,
		0.47032,
		0.87931,
		-0.074921,
		0,
		0.322054,
		0.366658,
		-0.262139,
		1
	},
	[0.45] = {
		0.496115,
		-0.213985,
		0.841475,
		0,
		0.64537,
		-0.557448,
		-0.522254,
		0,
		0.580833,
		0.802161,
		-0.138459,
		0,
		0.322298,
		0.293261,
		-0.288385,
		1
	},
	[0.466666666667] = {
		0.49423,
		-0.230514,
		0.838212,
		0,
		0.497897,
		-0.715339,
		-0.490295,
		0,
		0.712626,
		0.659662,
		-0.23877,
		0,
		0.301624,
		0.142628,
		-0.309957,
		1
	},
	[0.483333333333] = {
		0.494514,
		-0.237923,
		0.835972,
		0,
		0.32014,
		-0.844326,
		-0.429678,
		0,
		0.808063,
		0.48011,
		-0.341363,
		0,
		0.272085,
		-0.011923,
		-0.320574,
		1
	},
	[0.4] = {
		0.487943,
		-0.057327,
		0.870991,
		0,
		0.863228,
		0.179636,
		-0.471771,
		0,
		-0.129416,
		0.982061,
		0.137138,
		0,
		0.156152,
		0.413264,
		-0.127844,
		1
	},
	[0.516666666667] = {
		0.521471,
		-0.245128,
		0.817301,
		0,
		0.112314,
		-0.929793,
		-0.350528,
		0,
		0.845845,
		0.274585,
		-0.457328,
		0,
		0.265607,
		-0.151851,
		-0.339984,
		1
	},
	[0.533333333333] = {
		0.539082,
		-0.265061,
		0.799458,
		0,
		0.037886,
		-0.940598,
		-0.337403,
		0,
		0.8414,
		0.212176,
		-0.497018,
		0,
		0.270355,
		-0.193591,
		-0.350696,
		1
	},
	[0.55] = {
		0.554697,
		-0.287362,
		0.780855,
		0,
		-0.027913,
		-0.944367,
		-0.327707,
		0,
		0.831584,
		0.159982,
		-0.531858,
		0,
		0.274545,
		-0.23133,
		-0.360922,
		1
	},
	[0.566666666667] = {
		0.568709,
		-0.306913,
		0.763135,
		0,
		-0.082856,
		-0.944436,
		-0.318081,
		0,
		0.818355,
		0.117665,
		-0.562539,
		0,
		0.277363,
		-0.265433,
		-0.370359,
		1
	},
	[0.583333333333] = {
		0.581626,
		-0.325726,
		0.745395,
		0,
		-0.128974,
		-0.941666,
		-0.310856,
		0,
		0.803167,
		0.084665,
		-0.589707,
		0,
		0.278171,
		-0.296124,
		-0.378684,
		1
	},
	[0.5] = {
		0.504212,
		-0.238014,
		0.830132,
		0,
		0.190063,
		-0.907113,
		-0.375528,
		0,
		0.842405,
		0.347123,
		-0.412139,
		0,
		0.260897,
		-0.105672,
		-0.32884,
		1
	},
	[0.616666666667] = {
		0.605641,
		-0.360649,
		0.709317,
		0,
		-0.19809,
		-0.931666,
		-0.304564,
		0,
		0.770687,
		0.043948,
		-0.635696,
		0,
		0.273228,
		-0.347837,
		-0.391757,
		1
	},
	[0.633333333333] = {
		0.617363,
		-0.376589,
		0.690683,
		0,
		-0.222687,
		-0.925722,
		-0.305695,
		0,
		0.754502,
		0.034919,
		-0.655368,
		0,
		0.267424,
		-0.369176,
		-0.396477,
		1
	},
	[0.65] = {
		0.629241,
		-0.391414,
		0.671454,
		0,
		-0.241595,
		-0.919636,
		-0.309681,
		0,
		0.738707,
		0.032644,
		-0.673236,
		0,
		0.259464,
		-0.387748,
		-0.400021,
		1
	},
	[0.666666666667] = {
		0.641486,
		-0.405038,
		0.651491,
		0,
		-0.255435,
		-0.913567,
		-0.316461,
		0,
		0.723359,
		0.036592,
		-0.689502,
		0,
		0.24495,
		-0.399559,
		-0.39926,
		1
	},
	[0.683333333333] = {
		0.654271,
		-0.417364,
		0.630664,
		0,
		-0.264758,
		-0.90756,
		-0.325941,
		0,
		0.708402,
		0.046281,
		-0.704291,
		0,
		0.229041,
		-0.408861,
		-0.397459,
		1
	},
	[0.6] = {
		0.593826,
		-0.343675,
		0.727502,
		0,
		-0.16711,
		-0.937149,
		-0.306309,
		0,
		0.787049,
		0.060321,
		-0.613935,
		0,
		0.276814,
		-0.32354,
		-0.38583,
		1
	},
	[0.716666666667] = {
		0.681978,
		-0.437613,
		0.586004,
		0,
		-0.271764,
		-0.895497,
		-0.352462,
		0,
		0.679007,
		0.081117,
		-0.729637,
		0,
		0.198293,
		-0.426681,
		-0.394972,
		1
	},
	[0.733333333333] = {
		0.697066,
		-0.445279,
		0.561984,
		0,
		-0.270303,
		-0.889158,
		-0.369235,
		0,
		0.664105,
		0.105475,
		-0.740162,
		0,
		0.183414,
		-0.435927,
		-0.394608,
		1
	},
	[0.75] = {
		0.713023,
		-0.451107,
		0.53675,
		0,
		-0.266064,
		-0.882363,
		-0.388132,
		0,
		0.648697,
		0.133937,
		-0.749168,
		0,
		0.168885,
		-0.445722,
		-0.395067,
		1
	},
	[0.766666666667] = {
		0.729833,
		-0.45494,
		0.510268,
		0,
		-0.259432,
		-0.874895,
		-0.408966,
		0,
		0.632486,
		0.166097,
		-0.756554,
		0,
		0.154739,
		-0.456182,
		-0.396546,
		1
	},
	[0.783333333333] = {
		0.747438,
		-0.456622,
		0.482528,
		0,
		-0.250795,
		-0.866536,
		-0.43153,
		0,
		0.615174,
		0.201526,
		-0.7622,
		0,
		0.138472,
		-0.463827,
		-0.396483,
		1
	},
	[0.7] = {
		0.667734,
		-0.42826,
		0.608871,
		0,
		-0.270052,
		-0.901577,
		-0.33798,
		0,
		0.693688,
		0.061254,
		-0.717667,
		0,
		0.213501,
		-0.417765,
		-0.395976,
		1
	},
	[0.816666666667] = {
		0.784577,
		-0.452984,
		0.423373,
		0,
		-0.229117,
		-0.846306,
		-0.480907,
		0,
		0.576146,
		0.280306,
		-0.767779,
		0,
		0.101135,
		-0.470803,
		-0.391477,
		1
	},
	[0.833333333333] = {
		0.803782,
		-0.447452,
		0.392073,
		0,
		-0.216923,
		-0.834088,
		-0.50719,
		0,
		0.553966,
		0.32262,
		-0.767488,
		0,
		0.082925,
		-0.473438,
		-0.389172,
		1
	},
	[0.85] = {
		0.823126,
		-0.439372,
		0.359744,
		0,
		-0.204419,
		-0.820305,
		-0.534147,
		0,
		0.529789,
		0.366132,
		-0.76503,
		0,
		0.065377,
		-0.475628,
		-0.387184,
		1
	},
	[0.866666666667] = {
		0.842284,
		-0.428758,
		0.326687,
		0,
		-0.19195,
		-0.804907,
		-0.561497,
		0,
		0.503699,
		0.410233,
		-0.760261,
		0,
		0.048811,
		-0.477431,
		-0.38562,
		1
	},
	[0.883333333333] = {
		0.86093,
		-0.415692,
		0.293257,
		0,
		-0.179826,
		-0.787913,
		-0.588944,
		0,
		0.475881,
		0.454304,
		-0.75309,
		0,
		0.033525,
		-0.478878,
		-0.384577,
		1
	},
	[0.8] = {
		0.765734,
		-0.456011,
		0.453548,
		0,
		-0.240552,
		-0.85707,
		-0.455595,
		0,
		0.596478,
		0.239762,
		-0.765982,
		0,
		0.119744,
		-0.467638,
		-0.393963,
		1
	},
	[0.916666666667] = {
		0.896022,
		-0.382151,
		0.226064,
		0,
		-0.157556,
		-0.749666,
		-0.642789,
		0,
		0.415115,
		0.540335,
		-0.731927,
		0,
		0.007898,
		-0.480695,
		-0.384415,
		1
	},
	[0.933333333333] = {
		0.91205,
		-0.361995,
		0.192676,
		0,
		-0.14804,
		-0.728814,
		-0.668517,
		0,
		0.382424,
		0.581197,
		-0.718305,
		0,
		-0.002107,
		-0.481066,
		-0.385385,
		1
	},
	[0.95] = {
		0.926765,
		-0.340034,
		0.159638,
		0,
		-0.140089,
		-0.707171,
		-0.693025,
		0,
		0.348543,
		0.619908,
		-0.703016,
		0,
		-0.010161,
		-0.481086,
		-0.387053,
		1
	},
	[0.966666666667] = {
		0.939979,
		-0.316688,
		0.127072,
		0,
		-0.134015,
		-0.685087,
		-0.716028,
		0,
		0.313813,
		0.656022,
		-0.686408,
		0,
		-0.016257,
		-0.480776,
		-0.389373,
		1
	},
	[0.983333333333] = {
		0.951551,
		-0.292428,
		0.095058,
		0,
		-0.130084,
		-0.662951,
		-0.737274,
		0,
		0.278619,
		0.689189,
		-0.668873,
		0,
		-0.020427,
		-0.480175,
		-0.392263,
		1
	},
	[0.9] = {
		0.8789,
		-0.400145,
		0.259651,
		0,
		-0.168281,
		-0.769439,
		-0.616153,
		0,
		0.446336,
		0.497843,
		-0.743597,
		0,
		0.019807,
		-0.479967,
		-0.384154,
		1
	},
	[1.01666666667] = {
		0.969412,
		-0.243242,
		0.03278,
		0,
		-0.129465,
		-0.620227,
		-0.773665,
		0,
		0.208519,
		0.745756,
		-0.632747,
		0,
		-0.02327,
		-0.478428,
		-0.399286,
		1
	},
	[1.03333333333] = {
		0.97563,
		-0.219409,
		0.002451,
		0,
		-0.133066,
		-0.600502,
		-0.788474,
		0,
		0.17447,
		0.768932,
		-0.615064,
		0,
		-0.022134,
		-0.477531,
		-0.40313,
		1
	},
	[1.05] = {
		0.980054,
		-0.196827,
		-0.027451,
		0,
		-0.139402,
		-0.582424,
		-0.800843,
		0,
		0.14164,
		0.788696,
		-0.598245,
		0,
		-0.019441,
		-0.476846,
		-0.406981,
		1
	},
	[1.06666666667] = {
		0.982725,
		-0.17606,
		-0.057055,
		0,
		-0.148533,
		-0.566373,
		-0.810654,
		0,
		0.110409,
		0.805124,
		-0.582739,
		0,
		-0.015299,
		-0.476585,
		-0.410664,
		1
	},
	[1.08333333333] = {
		0.983696,
		-0.157663,
		-0.086509,
		0,
		-0.160501,
		-0.552689,
		-0.817786,
		0,
		0.081121,
		0.818338,
		-0.568983,
		0,
		-0.009812,
		-0.476991,
		-0.414008,
		1
	},
	[1.11666666667] = {
		0.980734,
		-0.130209,
		-0.145624,
		0,
		-0.193103,
		-0.533518,
		-0.82345,
		0,
		0.029527,
		0.835706,
		-0.548383,
		0,
		0.004864,
		-0.480847,
		-0.419009,
		1
	},
	[1.1] = {
		0.983021,
		-0.142193,
		-0.115978,
		0,
		-0.175344,
		-0.54166,
		-0.822106,
		0,
		0.054077,
		0.828484,
		-0.557396,
		0,
		-0.003069,
		-0.478321,
		-0.416843,
		1
	}
}

return spline_matrices
