-- chunkname: @content/characters/player/human/first_person/animations/thunder_hammer/heavy_swing_right.lua

local spline_matrices = {
	[0.0166666666667] = {
		0.285483,
		-0.322839,
		0.902372,
		0,
		-0.855909,
		0.337727,
		0.391612,
		0,
		-0.431183,
		-0.884147,
		-0.179906,
		0,
		-0.136573,
		0.338369,
		-0.178443,
		1,
	},
	[0.0333333333333] = {
		0.242116,
		-0.308854,
		0.919777,
		0,
		-0.893335,
		0.298943,
		0.335538,
		0,
		-0.378593,
		-0.902908,
		-0.203531,
		0,
		-0.152487,
		0.327669,
		-0.182074,
		1,
	},
	[0.05] = {
		0.19821,
		-0.28538,
		0.937695,
		0,
		-0.93088,
		0.244717,
		0.271248,
		0,
		-0.306878,
		-0.926646,
		-0.217149,
		0,
		-0.166106,
		0.316895,
		-0.186862,
		1,
	},
	[0.0666666666667] = {
		0.151786,
		-0.256617,
		0.95452,
		0,
		-0.962726,
		0.180346,
		0.201576,
		0,
		-0.223872,
		-0.949538,
		-0.219678,
		0,
		-0.176586,
		0.306579,
		-0.192193,
		1,
	},
	[0.0833333333333] = {
		0.102468,
		-0.226579,
		0.968588,
		0,
		-0.984991,
		0.112854,
		0.130604,
		0,
		-0.138901,
		-0.967433,
		-0.211615,
		0,
		-0.183534,
		0.29746,
		-0.197442,
		1,
	},
	[0] = {
		0.331174,
		-0.322908,
		0.886597,
		0,
		-0.824895,
		0.35712,
		0.438194,
		0,
		-0.458118,
		-0.876468,
		-0.148096,
		0,
		-0.119568,
		0.348734,
		-0.176508,
		1,
	},
	[0.116666666667] = {
		0.001821,
		-0.17574,
		0.984435,
		0,
		-0.999995,
		0.002065,
		0.002219,
		0,
		-0.002423,
		-0.984434,
		-0.175736,
		0,
		-0.187307,
		0.286001,
		-0.205751,
		1,
	},
	[0.133333333333] = {
		-0.043672,
		-0.159057,
		0.986303,
		0,
		-0.998542,
		-0.024395,
		-0.048148,
		0,
		0.031719,
		-0.986968,
		-0.15776,
		0,
		-0.184922,
		0.285025,
		-0.208275,
		1,
	},
	[0.15] = {
		-0.081774,
		-0.149565,
		0.985365,
		0,
		-0.996083,
		-0.021104,
		-0.085867,
		0,
		0.033638,
		-0.988527,
		-0.147253,
		0,
		-0.18019,
		0.287969,
		-0.209557,
		1,
	},
	[0.166666666667] = {
		-0.109845,
		-0.148199,
		0.982838,
		0,
		-0.993944,
		0.019544,
		-0.108139,
		0,
		-0.003183,
		-0.988764,
		-0.149449,
		0,
		-0.173273,
		0.295375,
		-0.209473,
		1,
	},
	[0.183333333333] = {
		-0.133125,
		-0.156823,
		0.978613,
		0,
		-0.988142,
		0.097219,
		-0.118842,
		0,
		-0.076503,
		-0.98283,
		-0.167906,
		0,
		-0.164164,
		0.305725,
		-0.206789,
		1,
	},
	[0.1] = {
		0.051602,
		-0.198766,
		0.978688,
		0,
		-0.996744,
		0.050548,
		0.06282,
		0,
		-0.061957,
		-0.978743,
		-0.19551,
		0,
		-0.186993,
		0.290353,
		-0.202079,
		1,
	},
	[0.216666666667] = {
		-0.184772,
		-0.190145,
		0.964212,
		0,
		-0.936799,
		0.330666,
		-0.114311,
		0,
		-0.297097,
		-0.924394,
		-0.239225,
		0,
		-0.138871,
		0.330317,
		-0.191277,
		1,
	},
	[0.233333333333] = {
		-0.211532,
		-0.204301,
		0.95578,
		0,
		-0.876953,
		0.471429,
		-0.093317,
		0,
		-0.431517,
		-0.857914,
		-0.278885,
		0,
		-0.121989,
		0.344834,
		-0.179004,
		1,
	},
	[0.25] = {
		-0.236217,
		-0.211487,
		0.948406,
		0,
		-0.78711,
		0.613972,
		-0.059132,
		0,
		-0.56979,
		-0.760468,
		-0.311494,
		0,
		-0.101751,
		0.360651,
		-0.164221,
		1,
	},
	[0.266666666667] = {
		-0.255884,
		-0.210094,
		0.943601,
		0,
		-0.666159,
		0.745667,
		-0.014624,
		0,
		-0.70054,
		-0.63233,
		-0.33076,
		0,
		-0.077934,
		0.37735,
		-0.147511,
		1,
	},
	[0.283333333333] = {
		-0.268236,
		-0.199867,
		0.942392,
		0,
		-0.518521,
		0.854404,
		0.033618,
		0,
		-0.811902,
		-0.479633,
		-0.332817,
		0,
		-0.050752,
		0.394426,
		-0.130409,
		1,
	},
	[0.2] = {
		-0.158225,
		-0.172652,
		0.972192,
		0,
		-0.971539,
		0.203008,
		-0.122066,
		0,
		-0.176287,
		-0.963836,
		-0.199859,
		0,
		-0.152794,
		0.317295,
		-0.200635,
		1,
	},
	[0.316666666667] = {
		-0.265089,
		-0.161864,
		0.950541,
		0,
		-0.181902,
		0.976503,
		0.115556,
		0,
		-0.94691,
		-0.142272,
		-0.288304,
		0,
		0.008832,
		0.429915,
		-0.100747,
		1,
	},
	[0.333333333333] = {
		-0.249332,
		-0.1425,
		0.957876,
		0,
		-0.019555,
		0.989654,
		0.142137,
		0,
		-0.968221,
		0.016708,
		-0.249539,
		0,
		0.035454,
		0.449789,
		-0.08981,
		1,
	},
	[0.35] = {
		-0.228062,
		-0.12476,
		0.96562,
		0,
		0.131733,
		0.978683,
		0.157561,
		0,
		-0.964694,
		0.163138,
		-0.206765,
		0,
		0.059283,
		0.471766,
		-0.082704,
		1,
	},
	[0.366666666667] = {
		-0.205501,
		-0.107831,
		0.972698,
		0,
		0.272061,
		0.948439,
		0.16262,
		0,
		-0.940081,
		0.298052,
		-0.165568,
		0,
		0.081123,
		0.493932,
		-0.080958,
		1,
	},
	[0.383333333333] = {
		-0.194818,
		-0.078303,
		0.977709,
		0,
		0.37754,
		0.91402,
		0.148431,
		0,
		-0.905268,
		0.398041,
		-0.148505,
		0,
		0.066353,
		0.545482,
		-0.09093,
		1,
	},
	[0.3] = {
		-0.271758,
		-0.182227,
		0.944956,
		0,
		-0.352324,
		0.932579,
		0.078516,
		0,
		-0.895553,
		-0.311593,
		-0.317638,
		0,
		-0.020796,
		0.411809,
		-0.114544,
		1,
	},
	[0.416666666667] = {
		-0.026994,
		-0.103125,
		0.994302,
		0,
		0.99304,
		0.111304,
		0.038504,
		0,
		-0.114641,
		0.988421,
		0.099403,
		0,
		0.238002,
		0.708393,
		-0.117398,
		1,
	},
	[0.433333333333] = {
		-0.023436,
		-0.117937,
		0.992744,
		0,
		0.965894,
		-0.258816,
		-0.007945,
		0,
		0.257875,
		0.9587,
		0.119981,
		0,
		0.358258,
		0.644808,
		-0.125128,
		1,
	},
	[0.45] = {
		-0.043723,
		-0.095815,
		0.994438,
		0,
		0.882436,
		-0.470388,
		-0.006523,
		0,
		0.468396,
		0.877243,
		0.105118,
		0,
		0.412059,
		0.530328,
		-0.12957,
		1,
	},
	[0.466666666667] = {
		-0.072472,
		-0.053097,
		0.995956,
		0,
		0.803064,
		-0.595294,
		0.026699,
		0,
		0.591469,
		0.801752,
		0.085782,
		0,
		0.421153,
		0.41157,
		-0.128604,
		1,
	},
	[0.483333333333] = {
		-0.105654,
		-0.001863,
		0.994401,
		0,
		0.723795,
		-0.685859,
		0.075617,
		0,
		0.681878,
		0.727732,
		0.073812,
		0,
		0.418931,
		0.310782,
		-0.127254,
		1,
	},
	[0.4] = {
		-0.154132,
		-0.053361,
		0.986608,
		0,
		0.612004,
		0.778769,
		0.13773,
		0,
		-0.775689,
		0.625037,
		-0.087377,
		0,
		0.062912,
		0.626303,
		-0.107404,
		1,
	},
	[0.516666666667] = {
		-0.187027,
		0.102568,
		0.976986,
		0,
		0.486065,
		-0.854598,
		0.182768,
		0,
		0.853676,
		0.509061,
		0.109978,
		0,
		0.455838,
		0.161293,
		-0.165867,
		1,
	},
	[0.533333333333] = {
		-0.257748,
		0.166551,
		0.951749,
		0,
		0.337616,
		-0.907416,
		0.250224,
		0,
		0.905308,
		0.38582,
		0.177654,
		0,
		0.4758,
		0.075756,
		-0.20888,
		1,
	},
	[0.55] = {
		-0.327991,
		0.234051,
		0.915228,
		0,
		0.190584,
		-0.932507,
		0.30677,
		0,
		0.925257,
		0.275045,
		0.261248,
		0,
		0.490908,
		-0.009129,
		-0.256807,
		1,
	},
	[0.566666666667] = {
		-0.378677,
		0.292267,
		0.878171,
		0,
		0.067053,
		-0.937674,
		0.340985,
		0,
		0.923097,
		0.188007,
		0.335478,
		0,
		0.500288,
		-0.082509,
		-0.30164,
		1,
	},
	[0.583333333333] = {
		-0.395778,
		0.326122,
		0.858489,
		0,
		-0.010954,
		-0.936431,
		0.350681,
		0,
		0.918281,
		0.129387,
		0.374191,
		0,
		0.50374,
		-0.133771,
		-0.33544,
		1,
	},
	[0.5] = {
		-0.138395,
		0.04904,
		0.989162,
		0,
		0.620537,
		-0.774118,
		0.125199,
		0,
		0.771869,
		0.631138,
		0.076703,
		0,
		0.432524,
		0.236617,
		-0.136181,
		1,
	},
	[0.616666666667] = {
		-0.377263,
		0.346185,
		0.858969,
		0,
		-0.086652,
		-0.936632,
		0.339428,
		0,
		0.922043,
		0.053622,
		0.383355,
		0,
		0.498497,
		-0.199026,
		-0.385069,
		1,
	},
	[0.633333333333] = {
		-0.360759,
		0.346516,
		0.865898,
		0,
		-0.109271,
		-0.937728,
		0.329735,
		0,
		0.926236,
		0.024337,
		0.376158,
		0,
		0.491491,
		-0.225742,
		-0.408649,
		1,
	},
	[0.65] = {
		-0.339809,
		0.340676,
		0.876624,
		0,
		-0.122841,
		-0.940181,
		0.317758,
		0,
		0.932438,
		0.000291,
		0.361331,
		0,
		0.481752,
		-0.248751,
		-0.431313,
		1,
	},
	[0.666666666667] = {
		-0.314393,
		0.328895,
		0.890497,
		0,
		-0.128146,
		-0.944181,
		0.303481,
		0,
		0.940604,
		-0.018701,
		0.338991,
		0,
		0.469403,
		-0.268242,
		-0.452961,
		1,
	},
	[0.683333333333] = {
		-0.284309,
		0.311405,
		0.90675,
		0,
		-0.125925,
		-0.949715,
		0.286677,
		0,
		0.950427,
		-0.032678,
		0.309226,
		0,
		0.454566,
		-0.28442,
		-0.47346,
		1,
	},
	[0.6] = {
		-0.389106,
		0.339458,
		0.856367,
		0,
		-0.054157,
		-0.93645,
		0.346595,
		0,
		0.919599,
		0.088484,
		0.382763,
		0,
		0.502631,
		-0.168423,
		-0.360652,
		1,
	},
	[0.716666666667] = {
		-0.208766,
		0.260363,
		0.942671,
		0,
		-0.101806,
		-0.964459,
		0.243834,
		0,
		0.972652,
		-0.045065,
		0.227853,
		0,
		0.417933,
		-0.307749,
		-0.510377,
		1,
	},
	[0.733333333333] = {
		-0.162528,
		0.227498,
		0.960119,
		0,
		-0.081427,
		-0.972831,
		0.216726,
		0,
		0.983338,
		-0.042955,
		0.176637,
		0,
		0.396443,
		-0.315392,
		-0.526446,
		1,
	},
	[0.75] = {
		-0.1102,
		0.190373,
		0.975507,
		0,
		-0.056645,
		-0.981093,
		0.185064,
		0,
		0.992294,
		-0.034864,
		0.1189,
		0,
		0.373091,
		-0.32072,
		-0.540676,
		1,
	},
	[0.766666666667] = {
		-0.051618,
		0.149644,
		0.987392,
		0,
		-0.028471,
		-0.988528,
		0.148328,
		0,
		0.998261,
		-0.020456,
		0.055286,
		0,
		0.348124,
		-0.324033,
		-0.552893,
		1,
	},
	[0.783333333333] = {
		0.013153,
		0.106149,
		0.994263,
		0,
		0.001936,
		-0.99435,
		0.106132,
		0,
		0.999912,
		0.000529,
		-0.013285,
		0,
		0.321839,
		-0.325659,
		-0.562943,
		1,
	},
	[0.7] = {
		-0.24923,
		0.28846,
		0.924486,
		0,
		-0.116901,
		-0.956591,
		0.266962,
		0,
		0.961363,
		-0.041538,
		0.272133,
		0,
		0.437363,
		-0.297509,
		-0.492655,
		1,
	},
	[0.816666666667] = {
		0.159422,
		0.015109,
		0.987095,
		0,
		0.064087,
		-0.997932,
		0.004924,
		0,
		0.985128,
		0.062475,
		-0.160061,
		0,
		0.266773,
		-0.325206,
		-0.576161,
		1,
	},
	[0.833333333333] = {
		0.239087,
		-0.02994,
		0.970536,
		0,
		0.092904,
		-0.994234,
		-0.053558,
		0,
		0.966543,
		0.102972,
		-0.234927,
		0,
		0.23884,
		-0.323805,
		-0.579307,
		1,
	},
	[0.85] = {
		0.321281,
		-0.072888,
		0.944175,
		0,
		0.118246,
		-0.986143,
		-0.116365,
		0,
		0.939572,
		0.14903,
		-0.30821,
		0,
		0.211252,
		-0.322039,
		-0.580269,
		1,
	},
	[0.866666666667] = {
		0.404268,
		-0.112483,
		0.907698,
		0,
		0.138769,
		-0.973377,
		-0.182427,
		0,
		0.904052,
		0.19971,
		-0.377896,
		0,
		0.184473,
		-0.320142,
		-0.579266,
		1,
	},
	[0.883333333333] = {
		0.486158,
		-0.147632,
		0.86131,
		0,
		0.153369,
		-0.955913,
		-0.250415,
		0,
		0.860307,
		0.253839,
		-0.442083,
		0,
		0.158933,
		-0.31829,
		-0.576604,
		1,
	},
	[0.8] = {
		0.083742,
		0.060908,
		0.994624,
		0,
		0.033266,
		-0.997745,
		0.058298,
		0,
		0.995932,
		0.028205,
		-0.08558,
		0,
		0.294587,
		-0.325935,
		-0.570715,
		1,
	},
	[0.916666666667] = {
		0.639395,
		-0.200844,
		0.742183,
		0,
		0.162779,
		-0.90804,
		-0.385962,
		0,
		0.75145,
		0.367594,
		-0.547903,
		0,
		0.11324,
		-0.315113,
		-0.56773,
		1,
	},
	[0.933333333333] = {
		0.707613,
		-0.217887,
		0.672168,
		0,
		0.157278,
		-0.878838,
		-0.450453,
		0,
		0.688874,
		0.424463,
		-0.587608,
		0,
		0.093644,
		-0.313898,
		-0.562291,
		1,
	},
	[0.95] = {
		0.768671,
		-0.228541,
		0.597423,
		0,
		0.145231,
		-0.847242,
		-0.510968,
		0,
		0.62294,
		0.479531,
		-0.618059,
		0,
		0.076394,
		-0.312943,
		-0.556674,
		1,
	},
	[0.966666666667] = {
		0.821895,
		-0.233205,
		0.519716,
		0,
		0.127199,
		-0.814189,
		-0.566496,
		0,
		0.555256,
		0.531707,
		-0.639514,
		0,
		0.061526,
		-0.312218,
		-0.551191,
		1,
	},
	[0.983333333333] = {
		0.867009,
		-0.232522,
		0.440713,
		0,
		0.10394,
		-0.780599,
		-0.616329,
		0,
		0.487331,
		0.580171,
		-0.652618,
		0,
		0.049016,
		-0.311689,
		-0.546093,
		1,
	},
	[0.9] = {
		0.565095,
		-0.177331,
		0.805742,
		0,
		0.161453,
		-0.933975,
		-0.318786,
		0,
		0.809074,
		0.310234,
		-0.499154,
		0,
		0.135069,
		-0.31659,
		-0.57263,
		1,
	},
	[1.01666666667] = {
		0.933478,
		-0.218438,
		0.284435,
		0,
		0.045216,
		-0.715093,
		-0.697566,
		0,
		0.355772,
		0.664023,
		-0.657647,
		0,
		0.030763,
		-0.311087,
		-0.537709,
		1,
	},
	[1.03333333333] = {
		0.955727,
		-0.206837,
		0.209293,
		0,
		0.011481,
		-0.684514,
		-0.728909,
		0,
		0.294029,
		0.699042,
		-0.651834,
		0,
		0.024829,
		-0.311005,
		-0.534598,
		1,
	},
	[1.05] = {
		0.971497,
		-0.193378,
		0.137108,
		0,
		-0.02413,
		-0.656055,
		-0.754328,
		0,
		0.23582,
		0.729519,
		-0.642021,
		0,
		0.020897,
		-0.311107,
		-0.532238,
		1,
	},
	[1.06666666667] = {
		0.981499,
		-0.178877,
		0.06828,
		0,
		-0.060973,
		-0.630062,
		-0.774147,
		0,
		0.181498,
		0.755662,
		-0.629312,
		0,
		0.018889,
		-0.31146,
		-0.530605,
		1,
	},
	[1.08333333333] = {
		0.986443,
		-0.164076,
		0.003004,
		0,
		-0.098524,
		-0.606779,
		-0.788741,
		0,
		0.131236,
		0.777752,
		-0.614719,
		0,
		0.018748,
		-0.312154,
		-0.529653,
		1,
	},
	{
		0.904087,
		-0.227303,
		0.361883,
		0,
		0.076317,
		-0.747322,
		-0.660064,
		0,
		0.420478,
		0.624374,
		-0.658298,
		0,
		0.038792,
		-0.311318,
		-0.54156,
		1,
	},
	[1.11666666667] = {
		0.98376,
		-0.136171,
		-0.116937,
		0,
		-0.174285,
		-0.568931,
		-0.803705,
		0,
		0.042912,
		0.811033,
		-0.583424,
		0,
		0.023939,
		-0.315029,
		-0.529533,
		1,
	},
	[1.1] = {
		0.986997,
		-0.14964,
		-0.058699,
		0,
		-0.136388,
		-0.586368,
		-0.79848,
		0,
		0.085065,
		0.796103,
		-0.599153,
		0,
		0.020432,
		-0.313298,
		-0.529317,
		1,
	},
}

return spline_matrices
