-- chunkname: @content/characters/player/human/first_person/animations/thunder_hammer/heavy_swing_left_down.lua

local spline_matrices = {
	[0.0166666666667] = {
		0.991893,
		0.102576,
		0.075004,
		0,
		-0.064317,
		-0.103795,
		0.992517,
		0,
		0.109593,
		-0.989295,
		-0.096356,
		0,
		0.169767,
		0.362074,
		0.140508,
		1,
	},
	[0.0333333333333] = {
		0.984958,
		0.171414,
		-0.021815,
		0,
		0.031693,
		-0.055105,
		0.997977,
		0,
		0.169865,
		-0.983657,
		-0.059709,
		0,
		0.171709,
		0.366169,
		0.127989,
		1,
	},
	[0.05] = {
		0.963917,
		0.231631,
		-0.131192,
		0,
		0.134313,
		0.002315,
		0.990936,
		0,
		0.229835,
		-0.972801,
		-0.02888,
		0,
		0.176105,
		0.370055,
		0.118323,
		1,
	},
	[0.0666666666667] = {
		0.926062,
		0.282843,
		-0.249819,
		0,
		0.240894,
		0.066504,
		0.96827,
		0,
		0.290482,
		-0.956858,
		-0.006548,
		0,
		0.182989,
		0.373538,
		0.110704,
		1,
	},
	[0.0833333333333] = {
		0.87271,
		0.318645,
		-0.369922,
		0,
		0.344389,
		0.135308,
		0.929025,
		0,
		0.346083,
		-0.938167,
		0.008347,
		0,
		0.191647,
		0.37704,
		0.103646,
		1,
	},
	[0] = {
		0.987909,
		0.032832,
		0.151516,
		0,
		-0.145394,
		-0.143022,
		0.978982,
		0,
		0.053812,
		-0.989175,
		-0.136519,
		0,
		0.16951,
		0.356743,
		0.151205,
		1,
	},
	[0.116666666667] = {
		0.786402,
		0.289789,
		-0.545522,
		0,
		0.491841,
		0.240544,
		0.836798,
		0,
		0.373717,
		-0.92637,
		0.046634,
		0,
		0.204821,
		0.397928,
		0.092221,
		1,
	},
	[0.133333333333] = {
		0.76965,
		0.229195,
		-0.59591,
		0,
		0.542122,
		0.258425,
		0.799575,
		0,
		0.337257,
		-0.938449,
		0.074645,
		0,
		0.209892,
		0.415544,
		0.093926,
		1,
	},
	[0.15] = {
		0.761197,
		0.158468,
		-0.628861,
		0,
		0.583432,
		0.256074,
		0.770736,
		0,
		0.283172,
		-0.95358,
		0.102467,
		0,
		0.213816,
		0.435237,
		0.099645,
		1,
	},
	[0.166666666667] = {
		0.752595,
		0.092664,
		-0.651931,
		0,
		0.617677,
		0.243762,
		0.7477,
		0,
		0.228201,
		-0.965398,
		0.126218,
		0,
		0.215288,
		0.455224,
		0.107325,
		1,
	},
	[0.183333333333] = {
		0.737951,
		0.043808,
		-0.673431,
		0,
		0.647461,
		0.235464,
		0.724811,
		0,
		0.190321,
		-0.970895,
		0.145397,
		0,
		0.212562,
		0.474329,
		0.114285,
		1,
	},
	[0.1] = {
		0.82019,
		0.323521,
		-0.47183,
		0,
		0.428924,
		0.198006,
		0.881373,
		0,
		0.378567,
		-0.925272,
		0.023637,
		0,
		0.199132,
		0.384462,
		0.096378,
		1,
	},
	[0.216666666667] = {
		0.677695,
		0.017374,
		-0.735138,
		0,
		0.70221,
		0.281422,
		0.65399,
		0,
		0.218246,
		-0.959427,
		0.178518,
		0,
		0.190748,
		0.506462,
		0.116917,
		1,
	},
	[0.233333333333] = {
		0.698937,
		0.007716,
		-0.715142,
		0,
		0.675629,
		0.320815,
		0.66378,
		0,
		0.23455,
		-0.94711,
		0.219016,
		0,
		0.180175,
		0.519372,
		0.108632,
		1,
	},
	[0.25] = {
		0.710804,
		0.011045,
		-0.703303,
		0,
		0.649507,
		0.373498,
		0.662299,
		0,
		0.269997,
		-0.927565,
		0.25831,
		0,
		0.170149,
		0.530359,
		0.092906,
		1,
	},
	[0.266666666667] = {
		0.718229,
		0.021892,
		-0.695462,
		0,
		0.61937,
		0.435334,
		0.653349,
		0,
		0.317061,
		-0.900003,
		0.299111,
		0,
		0.159538,
		0.540603,
		0.071447,
		1,
	},
	[0.283333333333] = {
		0.726023,
		0.035295,
		-0.686764,
		0,
		0.581239,
		0.502205,
		0.640275,
		0,
		0.367495,
		-0.864028,
		0.344097,
		0,
		0.147453,
		0.551337,
		0.045909,
		1,
	},
	[0.2] = {
		0.712939,
		0.019551,
		-0.700953,
		0,
		0.676007,
		0.246508,
		0.694441,
		0,
		0.186368,
		-0.968943,
		0.162528,
		0,
		0.20397,
		0.491757,
		0.117205,
		1,
	},
	[0.316666666667] = {
		0.763243,
		0.055106,
		-0.643758,
		0,
		0.470532,
		0.635406,
		0.612257,
		0,
		0.442787,
		-0.770209,
		0.45904,
		0,
		0.116247,
		0.580224,
		-0.011443,
		1,
	},
	[0.333333333333] = {
		0.806411,
		0.070276,
		-0.587164,
		0,
		0.397805,
		0.670204,
		0.62656,
		0,
		0.437552,
		-0.738842,
		0.512504,
		0,
		0.098451,
		0.609105,
		-0.032623,
		1,
	},
	[0.35] = {
		0.851352,
		0.087583,
		-0.517232,
		0,
		0.310365,
		0.710804,
		0.631214,
		0,
		0.422934,
		-0.697916,
		0.577962,
		0,
		0.072942,
		0.643039,
		-0.060746,
		1,
	},
	[0.366666666667] = {
		0.879888,
		0.094315,
		-0.465726,
		0,
		0.182391,
		0.837995,
		0.514293,
		0,
		0.438782,
		-0.537465,
		0.72014,
		0,
		0.029368,
		0.650802,
		-0.132,
		1,
	},
	[0.383333333333] = {
		0.892803,
		0.08476,
		-0.442401,
		0,
		-0.098068,
		0.995153,
		-0.007249,
		0,
		0.439642,
		0.049858,
		0.896788,
		0,
		-0.044038,
		0.573304,
		-0.264212,
		1,
	},
	[0.3] = {
		0.739315,
		0.047291,
		-0.671697,
		0,
		0.532191,
		0.570102,
		0.625904,
		0,
		0.412536,
		-0.820212,
		0.396317,
		0,
		0.13318,
		0.563989,
		0.017813,
		1,
	},
	[0.416666666667] = {
		0.908457,
		0.07317,
		-0.411525,
		0,
		-0.410396,
		-0.030541,
		-0.911396,
		0,
		-0.079255,
		0.996852,
		0.002283,
		0,
		-0.093307,
		0.337466,
		-0.291748,
		1,
	},
	[0.433333333333] = {
		0.910618,
		0.062458,
		-0.408501,
		0,
		-0.38488,
		-0.231754,
		-0.893397,
		0,
		-0.150471,
		0.970767,
		-0.187001,
		0,
		-0.114642,
		0.255129,
		-0.341693,
		1,
	},
	[0.45] = {
		0.907831,
		0.085677,
		-0.410491,
		0,
		-0.368642,
		-0.303508,
		-0.878627,
		0,
		-0.199865,
		0.948969,
		-0.24395,
		0,
		-0.15472,
		0.130581,
		-0.431936,
		1,
	},
	[0.466666666667] = {
		0.907888,
		0.088892,
		-0.40968,
		0,
		-0.365418,
		-0.311126,
		-0.877308,
		0,
		-0.205448,
		0.946202,
		-0.249985,
		0,
		-0.19098,
		-0.002231,
		-0.526788,
		1,
	},
	[0.483333333333] = {
		0.912233,
		0.086108,
		-0.400521,
		0,
		-0.353696,
		-0.32777,
		-0.876051,
		0,
		-0.206713,
		0.940825,
		-0.268547,
		0,
		-0.22212,
		-0.113379,
		-0.591355,
		1,
	},
	[0.4] = {
		0.902253,
		0.075279,
		-0.424585,
		0,
		-0.393606,
		0.545914,
		-0.73963,
		0,
		0.176109,
		0.834452,
		0.522183,
		0,
		-0.082901,
		0.414722,
		-0.30892,
		1,
	},
	[0.516666666667] = {
		0.954345,
		0.012524,
		-0.298445,
		0,
		-0.275806,
		-0.346721,
		-0.896502,
		0,
		-0.114705,
		0.937885,
		-0.327437,
		0,
		-0.286067,
		-0.280547,
		-0.609011,
		1,
	},
	[0.533333333333] = {
		0.966125,
		-0.01527,
		-0.257622,
		0,
		-0.246051,
		-0.355641,
		-0.901653,
		0,
		-0.077853,
		0.934498,
		-0.347351,
		0,
		-0.305914,
		-0.353404,
		-0.593708,
		1,
	},
	[0.55] = {
		0.959291,
		0.002481,
		-0.282409,
		0,
		-0.258007,
		-0.398992,
		-0.879908,
		0,
		-0.114861,
		0.916951,
		-0.382109,
		0,
		-0.300916,
		-0.414442,
		-0.576936,
		1,
	},
	[0.566666666667] = {
		0.902207,
		0.084572,
		-0.422931,
		0,
		-0.327865,
		-0.502629,
		-0.799918,
		0,
		-0.280228,
		0.860356,
		-0.425747,
		0,
		-0.254082,
		-0.454401,
		-0.558841,
		1,
	},
	[0.583333333333] = {
		0.750663,
		0.177292,
		-0.636453,
		0,
		-0.396414,
		-0.649792,
		-0.648558,
		0,
		-0.528546,
		0.739147,
		-0.417494,
		0,
		-0.17289,
		-0.467103,
		-0.544555,
		1,
	},
	[0.5] = {
		0.930994,
		0.057761,
		-0.360435,
		0,
		-0.319695,
		-0.347581,
		-0.881466,
		0,
		-0.176194,
		0.935869,
		-0.30513,
		0,
		-0.253488,
		-0.199989,
		-0.612204,
		1,
	},
	[0.616666666667] = {
		0.384812,
		0.20653,
		-0.899592,
		0,
		-0.37267,
		-0.856901,
		-0.356143,
		0,
		-0.844415,
		0.472299,
		-0.252778,
		0,
		-0.035958,
		-0.457425,
		-0.5531,
		1,
	},
	[0.633333333333] = {
		0.330442,
		0.194261,
		-0.923618,
		0,
		-0.352812,
		-0.882223,
		-0.31178,
		0,
		-0.875404,
		0.428889,
		-0.222986,
		0,
		-0.008207,
		-0.466577,
		-0.555572,
		1,
	},
	[0.65] = {
		0.328948,
		0.189432,
		-0.925153,
		0,
		-0.346141,
		-0.887305,
		-0.304757,
		0,
		-0.878623,
		0.420483,
		-0.226307,
		0,
		0.00966,
		-0.48037,
		-0.553631,
		1,
	},
	[0.666666666667] = {
		0.363189,
		0.189698,
		-0.9122,
		0,
		-0.349867,
		-0.879639,
		-0.322225,
		0,
		-0.863532,
		0.436177,
		-0.253106,
		0,
		0.020566,
		-0.496492,
		-0.548477,
		1,
	},
	[0.683333333333] = {
		0.416375,
		0.190113,
		-0.889094,
		0,
		-0.358575,
		-0.864293,
		-0.352736,
		0,
		-0.835497,
		0.465677,
		-0.2917,
		0,
		0.026694,
		-0.512543,
		-0.541953,
		1,
	},
	[0.6] = {
		0.539078,
		0.2153,
		-0.814273,
		0,
		-0.402904,
		-0.783068,
		-0.473786,
		0,
		-0.739637,
		0.583482,
		-0.335389,
		0,
		-0.090271,
		-0.460768,
		-0.54557,
		1,
	},
	[0.716666666667] = {
		0.513025,
		0.177351,
		-0.839852,
		0,
		-0.376027,
		-0.83311,
		-0.405624,
		0,
		-0.771627,
		0.523903,
		-0.360718,
		0,
		0.034973,
		-0.53495,
		-0.531081,
		1,
	},
	[0.733333333333] = {
		0.543296,
		0.163924,
		-0.823383,
		0,
		-0.384592,
		-0.823198,
		-0.417654,
		0,
		-0.74627,
		0.543575,
		-0.384196,
		0,
		0.040257,
		-0.539911,
		-0.527617,
		1,
	},
	[0.75] = {
		0.575309,
		0.147589,
		-0.80451,
		0,
		-0.394631,
		-0.811449,
		-0.431064,
		0,
		-0.71644,
		0.56548,
		-0.408591,
		0,
		0.044123,
		-0.543291,
		-0.524633,
		1,
	},
	[0.766666666667] = {
		0.608345,
		0.128371,
		-0.783223,
		0,
		-0.405594,
		-0.797959,
		-0.445819,
		0,
		-0.68221,
		0.588882,
		-0.433368,
		0,
		0.046636,
		-0.545101,
		-0.522132,
		1,
	},
	[0.783333333333] = {
		0.641673,
		0.106362,
		-0.759568,
		0,
		-0.416937,
		-0.782855,
		-0.461846,
		0,
		-0.643754,
		0.613046,
		-0.45799,
		0,
		0.047881,
		-0.545359,
		-0.520115,
		1,
	},
	[0.7] = {
		0.471725,
		0.186555,
		-0.861785,
		0,
		-0.367871,
		-0.846598,
		-0.384633,
		0,
		-0.801341,
		0.498466,
		-0.330734,
		0,
		0.030476,
		-0.52612,
		-0.535768,
		1,
	},
	[0.816666666667] = {
		0.706395,
		0.054737,
		-0.705698,
		0,
		-0.438724,
		-0.74853,
		-0.497217,
		0,
		-0.555452,
		0.660838,
		-0.504743,
		0,
		0.047009,
		-0.541334,
		-0.517479,
		1,
	},
	[0.833333333333] = {
		0.736515,
		0.025716,
		-0.675933,
		0,
		-0.448261,
		-0.729792,
		-0.516203,
		0,
		-0.506565,
		0.683185,
		-0.525975,
		0,
		0.045166,
		-0.537154,
		-0.516797,
		1,
	},
	[0.85] = {
		0.764431,
		-0.004914,
		-0.644687,
		0,
		-0.456398,
		-0.710401,
		-0.535754,
		0,
		-0.455353,
		0.70378,
		-0.545295,
		0,
		0.042599,
		-0.531637,
		-0.516463,
		1,
	},
	[0.866666666667] = {
		0.789751,
		-0.036672,
		-0.61233,
		0,
		-0.46286,
		-0.690697,
		-0.555606,
		0,
		-0.40256,
		0.722214,
		-0.562453,
		0,
		0.03948,
		-0.524894,
		-0.516392,
		1,
	},
	[0.883333333333] = {
		0.812212,
		-0.06903,
		-0.579264,
		0,
		-0.46746,
		-0.671047,
		-0.57548,
		0,
		-0.348988,
		0.738195,
		-0.577301,
		0,
		0.035988,
		-0.517069,
		-0.516471,
		1,
	},
	[0.8] = {
		0.67458,
		0.081733,
		-0.733663,
		0,
		-0.428141,
		-0.766306,
		-0.479031,
		0,
		-0.601363,
		0.637256,
		-0.481942,
		0,
		0.047963,
		-0.544089,
		-0.518571,
		1,
	},
	[0.916666666667] = {
		0.848178,
		-0.133321,
		-0.512659,
		0,
		-0.470767,
		-0.633403,
		-0.614149,
		0,
		-0.242841,
		0.762251,
		-0.600002,
		0,
		0.028569,
		-0.498877,
		-0.516517,
		1,
	},
	[0.933333333333] = {
		0.861816,
		-0.164141,
		-0.479928,
		0,
		-0.469517,
		-0.616143,
		-0.632394,
		0,
		-0.191902,
		0.770341,
		-0.608069,
		0,
		0.024959,
		-0.488923,
		-0.516147,
		1,
	},
	[0.95] = {
		0.872834,
		-0.193366,
		-0.448074,
		0,
		-0.46647,
		-0.600384,
		-0.649573,
		0,
		-0.143411,
		0.775982,
		-0.614235,
		0,
		0.021601,
		-0.478708,
		-0.515259,
		1,
	},
	[0.966666666667] = {
		0.881597,
		-0.221254,
		-0.416933,
		0,
		-0.461936,
		-0.585903,
		-0.665833,
		0,
		-0.096965,
		0.779592,
		-0.618736,
		0,
		0.017956,
		-0.467543,
		-0.513593,
		1,
	},
	[0.983333333333] = {
		0.888372,
		-0.248482,
		-0.386072,
		0,
		-0.45622,
		-0.572189,
		-0.681516,
		0,
		-0.051561,
		0.781573,
		-0.621679,
		0,
		0.013519,
		-0.454765,
		-0.511163,
		1,
	},
	[0.9] = {
		0.831686,
		-0.101433,
		-0.545902,
		0,
		-0.470101,
		-0.651824,
		-0.595088,
		0,
		-0.295471,
		0.751556,
		-0.589797,
		0,
		0.032296,
		-0.508331,
		-0.516566,
		1,
	},
	[1.01666666667] = {
		0.896397,
		-0.301489,
		-0.324926,
		0,
		-0.441715,
		-0.54661,
		-0.711411,
		0,
		0.036875,
		0.781231,
		-0.623152,
		0,
		0.00297,
		-0.425482,
		-0.504875,
		1,
	},
	[1.03333333333] = {
		0.897764,
		-0.32753,
		-0.294524,
		0,
		-0.433101,
		-0.534529,
		-0.725743,
		0,
		0.080272,
		0.779104,
		-0.621734,
		0,
		-0.002782,
		-0.409513,
		-0.501459,
		1,
	},
	[1.05] = {
		0.897383,
		-0.353434,
		-0.264176,
		0,
		-0.423664,
		-0.522783,
		-0.739734,
		0,
		0.123341,
		0.775746,
		-0.618874,
		0,
		-0.008599,
		-0.393009,
		-0.49816,
		1,
	},
	[1.06666666667] = {
		0.895227,
		-0.379317,
		-0.233854,
		0,
		-0.413447,
		-0.511278,
		-0.75343,
		0,
		0.166224,
		0.771177,
		-0.614537,
		0,
		-0.014286,
		-0.376227,
		-0.495206,
		1,
	},
	[1.08333333333] = {
		0.891242,
		-0.405285,
		-0.203548,
		0,
		-0.402479,
		-0.499926,
		-0.766866,
		0,
		0.209041,
		0.765387,
		-0.608674,
		0,
		-0.019636,
		-0.35942,
		-0.492822,
		1,
	},
	{
		0.893279,
		-0.275183,
		-0.355424,
		0,
		-0.449447,
		-0.559128,
		-0.696688,
		0,
		-0.007011,
		0.782081,
		-0.623137,
		0,
		0.008465,
		-0.440654,
		-0.508184,
		1,
	},
	[1.1] = {
		0.88535,
		-0.431433,
		-0.173267,
		0,
		-0.390783,
		-0.488649,
		-0.780071,
		0,
		0.251881,
		0.758346,
		-0.601222,
		0,
		-0.024438,
		-0.342841,
		-0.491238,
		1,
	},
}

return spline_matrices
