-- chunkname: @content/characters/player/human/first_person/animations/thunder_hammer/heavy_swing_left_diagonal.lua

local spline_matrices = {
	[0.0166666666667] = {
		-0.069811,
		0.529657,
		-0.845334,
		0,
		0.775567,
		0.561772,
		0.287937,
		0,
		0.627393,
		-0.635513,
		-0.450002,
		0,
		0.298247,
		0.303165,
		-0.118783,
		1
	},
	[0.0333333333333] = {
		-0.054662,
		0.506632,
		-0.860428,
		0,
		0.778756,
		0.560959,
		0.280827,
		0,
		0.624941,
		-0.654713,
		-0.425206,
		0,
		0.301177,
		0.310171,
		-0.113008,
		1
	},
	[0.05] = {
		-0.03941,
		0.482793,
		-0.874847,
		0,
		0.782127,
		0.559794,
		0.273694,
		0,
		0.621872,
		-0.673455,
		-0.399667,
		0,
		0.304274,
		0.316936,
		-0.107468,
		1
	},
	[0.0666666666667] = {
		-0.023505,
		0.455935,
		-0.889703,
		0,
		0.783965,
		0.560647,
		0.266596,
		0,
		0.620359,
		-0.69123,
		-0.370615,
		0,
		0.306734,
		0.324683,
		-0.101863,
		1
	},
	[0.0833333333333] = {
		-0.006199,
		0.423751,
		-0.905757,
		0,
		0.782615,
		0.565889,
		0.25939,
		0,
		0.622475,
		-0.707252,
		-0.335142,
		0,
		0.30776,
		0.334582,
		-0.095952,
		1
	},
	[0] = {
		-0.085233,
		0.553965,
		-0.828166,
		0,
		0.774356,
		0.559875,
		0.294809,
		0,
		0.626983,
		-0.616168,
		-0.476686,
		0,
		0.296291,
		0.294654,
		-0.125144,
		1
	},
	[0.116666666667] = {
		0.036298,
		0.333496,
		-0.942053,
		0,
		0.765489,
		0.596717,
		0.240738,
		0,
		0.642424,
		-0.729869,
		-0.233628,
		0,
		0.304256,
		0.364226,
		-0.081771,
		1
	},
	[0.133333333333] = {
		0.062087,
		0.274037,
		-0.959713,
		0,
		0.751292,
		0.62018,
		0.225691,
		0,
		0.657043,
		-0.735037,
		-0.167377,
		0,
		0.301746,
		0.382942,
		-0.072662,
		1
	},
	[0.15] = {
		0.091279,
		0.209142,
		-0.973616,
		0,
		0.733789,
		0.646836,
		0.207741,
		0,
		0.673217,
		-0.733391,
		-0.094424,
		0,
		0.298099,
		0.402807,
		-0.06367,
		1
	},
	[0.166666666667] = {
		0.124116,
		0.142838,
		-0.981933,
		0,
		0.712834,
		0.675561,
		0.188373,
		0,
		0.690263,
		-0.723335,
		-0.017972,
		0,
		0.292355,
		0.422919,
		-0.056132,
		1
	},
	[0.183333333333] = {
		0.160695,
		0.079306,
		-0.983813,
		0,
		0.688092,
		0.705604,
		0.169271,
		0,
		0.707606,
		-0.704155,
		0.058817,
		0,
		0.283529,
		0.442554,
		-0.051346,
		1
	},
	[0.1] = {
		0.013537,
		0.383823,
		-0.923308,
		0,
		0.776396,
		0.577848,
		0.251597,
		0,
		0.6301,
		-0.720258,
		-0.290176,
		0,
		0.306575,
		0.347704,
		-0.089571,
		1
	},
	[0.216666666667] = {
		0.250936,
		-0.037952,
		-0.967259,
		0,
		0.633161,
		0.762271,
		0.134352,
		0,
		0.732215,
		-0.646144,
		0.215311,
		0,
		0.257145,
		0.478712,
		-0.054453,
		1
	},
	[0.233333333333] = {
		0.311181,
		-0.108241,
		-0.944166,
		0,
		0.614753,
		0.780565,
		0.113127,
		0,
		0.724738,
		-0.615632,
		0.309439,
		0,
		0.245849,
		0.495175,
		-0.061529,
		1
	},
	[0.25] = {
		0.374367,
		-0.176075,
		-0.91041,
		0,
		0.596331,
		0.797568,
		0.090964,
		0,
		0.710097,
		-0.57696,
		0.403582,
		0,
		0.233968,
		0.510428,
		-0.070599,
		1
	},
	[0.266666666667] = {
		0.435331,
		-0.229754,
		-0.87046,
		0,
		0.569535,
		0.819096,
		0.068637,
		0,
		0.697221,
		-0.525637,
		0.487431,
		0,
		0.218441,
		0.524893,
		-0.080705,
		1
	},
	[0.283333333333] = {
		0.490999,
		-0.258503,
		-0.831923,
		0,
		0.524657,
		0.850097,
		0.045502,
		0,
		0.695453,
		-0.458815,
		0.553022,
		0,
		0.196015,
		0.539303,
		-0.091369,
		1
	},
	[0.2] = {
		0.200975,
		0.022682,
		-0.979334,
		0,
		0.658962,
		0.736598,
		0.15229,
		0,
		0.72483,
		-0.67595,
		0.133091,
		0,
		0.270595,
		0.461161,
		-0.050629,
		1
	},
	[0.316666666667] = {
		0.570067,
		-0.200039,
		-0.796874,
		0,
		0.32626,
		0.945272,
		-0.003892,
		0,
		0.754041,
		-0.257769,
		0.604133,
		0,
		0.118724,
		0.568208,
		-0.113495,
		1
	},
	[0.333333333333] = {
		0.540572,
		-0.038209,
		-0.84043,
		0,
		0.094311,
		0.995424,
		0.015407,
		0,
		0.835995,
		-0.08759,
		0.541702,
		0,
		0.055952,
		0.589301,
		-0.118666,
		1
	},
	[0.35] = {
		0.416114,
		0.166166,
		-0.894001,
		0,
		-0.216418,
		0.973008,
		0.080119,
		0,
		0.883183,
		0.160139,
		0.440844,
		0,
		-0.009616,
		0.599173,
		-0.125217,
		1
	},
	[0.366666666667] = {
		0.301256,
		0.255791,
		-0.918594,
		0,
		-0.497232,
		0.864144,
		0.07756,
		0,
		0.813637,
		0.43339,
		0.387516,
		0,
		-0.064782,
		0.573669,
		-0.149161,
		1
	},
	[0.383333333333] = {
		0.326074,
		0.192803,
		-0.925474,
		0,
		-0.735966,
		0.666206,
		-0.120514,
		0,
		0.593321,
		0.720414,
		0.359129,
		0,
		-0.121924,
		0.505213,
		-0.189331,
		1
	},
	[0.3] = {
		0.538357,
		-0.252093,
		-0.804127,
		0,
		0.449263,
		0.893158,
		0.020774,
		0,
		0.712976,
		-0.372449,
		0.594094,
		0,
		0.16356,
		0.554043,
		-0.102427,
		1
	},
	[0.416666666667] = {
		0.543994,
		0.077939,
		-0.835462,
		0,
		-0.837667,
		-0.007504,
		-0.54613,
		0,
		-0.048834,
		0.99693,
		0.061205,
		0,
		-0.186024,
		0.334269,
		-0.227914,
		1
	},
	[0.433333333333] = {
		0.540374,
		0.093483,
		-0.836216,
		0,
		-0.801217,
		-0.246371,
		-0.5453,
		0,
		-0.256996,
		0.964657,
		-0.058232,
		0,
		-0.176237,
		0.238833,
		-0.241547,
		1
	},
	[0.45] = {
		0.477799,
		0.152478,
		-0.865135,
		0,
		-0.714118,
		-0.50613,
		-0.483599,
		0,
		-0.511609,
		0.848872,
		-0.132941,
		0,
		-0.17126,
		0.114268,
		-0.263577,
		1
	},
	[0.466666666667] = {
		0.399397,
		0.176755,
		-0.899578,
		0,
		-0.607534,
		-0.683819,
		-0.404096,
		0,
		-0.686574,
		0.707919,
		-0.165731,
		0,
		-0.157169,
		0.001383,
		-0.297175,
		1
	},
	[0.483333333333] = {
		0.347421,
		0.180544,
		-0.920165,
		0,
		-0.509014,
		-0.78782,
		-0.346762,
		0,
		-0.78753,
		0.588849,
		-0.181806,
		0,
		-0.152275,
		-0.088594,
		-0.339949,
		1
	},
	[0.4] = {
		0.452489,
		0.099743,
		-0.886174,
		0,
		-0.855365,
		0.329578,
		-0.399662,
		0,
		0.2522,
		0.938845,
		0.234447,
		0,
		-0.166088,
		0.418222,
		-0.216858,
		1
	},
	[0.516666666667] = {
		0.347538,
		0.172372,
		-0.921686,
		0,
		-0.456313,
		-0.827619,
		-0.32684,
		0,
		-0.819143,
		0.534167,
		-0.208973,
		0,
		-0.15978,
		-0.237214,
		-0.458518,
		1
	},
	[0.533333333333] = {
		0.363566,
		0.168953,
		-0.916119,
		0,
		-0.467187,
		-0.817738,
		-0.336215,
		0,
		-0.80595,
		0.550235,
		-0.218369,
		0,
		-0.158814,
		-0.304714,
		-0.517649,
		1
	},
	[0.55] = {
		0.374775,
		0.168057,
		-0.911757,
		0,
		-0.465842,
		-0.81614,
		-0.341915,
		0,
		-0.801583,
		0.552876,
		-0.227581,
		0,
		-0.150579,
		-0.359867,
		-0.558195,
		1
	},
	[0.566666666667] = {
		0.377504,
		0.173036,
		-0.909697,
		0,
		-0.447105,
		-0.826229,
		-0.342698,
		0,
		-0.810918,
		0.536101,
		-0.234539,
		0,
		-0.130941,
		-0.397904,
		-0.572863,
		1
	},
	[0.583333333333] = {
		0.378248,
		0.182432,
		-0.90755,
		0,
		-0.426472,
		-0.835808,
		-0.345755,
		0,
		-0.821615,
		0.517825,
		-0.238341,
		0,
		-0.102437,
		-0.422299,
		-0.57029,
		1
	},
	[0.5] = {
		0.338122,
		0.176776,
		-0.92435,
		0,
		-0.460638,
		-0.825412,
		-0.326354,
		0,
		-0.820662,
		0.536139,
		-0.19766,
		0,
		-0.15629,
		-0.163372,
		-0.394639,
		1
	},
	[0.616666666667] = {
		0.38942,
		0.196208,
		-0.899919,
		0,
		-0.396446,
		-0.846203,
		-0.35605,
		0,
		-0.831374,
		0.495422,
		-0.251743,
		0,
		-0.049083,
		-0.45606,
		-0.553219,
		1
	},
	[0.633333333333] = {
		0.403823,
		0.196026,
		-0.893589,
		0,
		-0.390708,
		-0.846258,
		-0.362209,
		0,
		-0.827209,
		0.4954,
		-0.265149,
		0,
		-0.032416,
		-0.473971,
		-0.550357,
		1
	},
	[0.65] = {
		0.421096,
		0.194018,
		-0.886022,
		0,
		-0.387389,
		-0.844802,
		-0.369105,
		0,
		-0.820126,
		0.498664,
		-0.280583,
		0,
		-0.017926,
		-0.490467,
		-0.546944,
		1
	},
	[0.666666666667] = {
		0.441132,
		0.190055,
		-0.877087,
		0,
		-0.386468,
		-0.841827,
		-0.376789,
		0,
		-0.809966,
		0.50518,
		-0.297907,
		0,
		-0.005466,
		-0.50521,
		-0.543153,
		1
	},
	[0.683333333333] = {
		0.463816,
		0.183974,
		-0.866619,
		0,
		-0.387887,
		-0.837289,
		-0.385345,
		0,
		-0.796504,
		0.51488,
		-0.316986,
		0,
		0.005095,
		-0.517856,
		-0.539159,
		1
	},
	[0.6] = {
		0.380853,
		0.191655,
		-0.904555,
		0,
		-0.408144,
		-0.842972,
		-0.350452,
		0,
		-0.82968,
		0.50266,
		-0.242826,
		0,
		-0.07261,
		-0.439481,
		-0.560418,
		1
	},
	[0.716666666667] = {
		0.516661,
		0.164584,
		-0.840223,
		0,
		-0.397388,
		-0.823149,
		-0.405597,
		0,
		-0.758383,
		0.54345,
		-0.359885,
		0,
		0.020943,
		-0.535469,
		-0.531297,
		1
	},
	[0.733333333333] = {
		0.546528,
		0.150769,
		-0.823757,
		0,
		-0.405113,
		-0.813306,
		-0.417632,
		0,
		-0.732933,
		0.561962,
		-0.383416,
		0,
		0.02651,
		-0.540548,
		-0.527835,
		1
	},
	[0.75] = {
		0.578079,
		0.134093,
		-0.804887,
		0,
		-0.414215,
		-0.801639,
		-0.431046,
		0,
		-0.703029,
		0.582575,
		-0.407868,
		0,
		0.03075,
		-0.544003,
		-0.52485,
		1
	},
	[0.766666666667] = {
		0.610605,
		0.114607,
		-0.783599,
		0,
		-0.424157,
		-0.788257,
		-0.445804,
		0,
		-0.668769,
		0.604579,
		-0.432703,
		0,
		0.033721,
		-0.545849,
		-0.522345,
		1
	},
	[0.783333333333] = {
		0.643389,
		0.092423,
		-0.75994,
		0,
		-0.434412,
		-0.773301,
		-0.461835,
		0,
		-0.630347,
		0.627266,
		-0.457384,
		0,
		0.035501,
		-0.546108,
		-0.520321,
		1
	},
	[0.7] = {
		0.489031,
		0.175571,
		-0.854414,
		0,
		-0.391563,
		-0.831105,
		-0.394896,
		0,
		-0.77944,
		0.527673,
		-0.33769,
		0,
		0.013869,
		-0.528059,
		-0.535144,
		1
	},
	[0.816666666667] = {
		0.706984,
		0.0408,
		-0.706051,
		0,
		-0.453884,
		-0.739438,
		-0.497213,
		0,
		-0.542367,
		0.671988,
		-0.504252,
		0,
		0.03589,
		-0.542005,
		-0.517667,
		1
	},
	[0.833333333333] = {
		0.736556,
		0.011978,
		-0.676271,
		0,
		-0.46223,
		-0.721025,
		-0.516204,
		0,
		-0.493791,
		0.692805,
		-0.525539,
		0,
		0.034754,
		-0.537758,
		-0.516974,
		1
	},
	[0.85] = {
		0.763957,
		-0.018317,
		-0.645007,
		0,
		-0.469173,
		-0.702024,
		-0.53576,
		0,
		-0.442997,
		0.711918,
		-0.54491,
		0,
		0.03293,
		-0.532163,
		-0.516628,
		1
	},
	[0.866666666667] = {
		0.788812,
		-0.049604,
		-0.612629,
		0,
		-0.474455,
		-0.682774,
		-0.555618,
		0,
		-0.390726,
		0.728943,
		-0.562116,
		0,
		0.030581,
		-0.525339,
		-0.516544,
		1
	},
	[0.883333333333] = {
		0.810873,
		-0.081364,
		-0.579539,
		0,
		-0.477903,
		-0.663635,
		-0.575497,
		0,
		-0.337777,
		0.743618,
		-0.577008,
		0,
		0.027871,
		-0.517432,
		-0.51661,
		1
	},
	[0.8] = {
		0.675734,
		0.067732,
		-0.734027,
		0,
		-0.444475,
		-0.756953,
		-0.479024,
		0,
		-0.588069,
		0.64995,
		-0.481394,
		0,
		0.036184,
		-0.544811,
		-0.51877,
		1
	},
	[0.916666666667] = {
		0.846273,
		-0.14413,
		-0.512882,
		0,
		-0.47903,
		-0.627151,
		-0.614175,
		0,
		-0.233134,
		0.765446,
		-0.599784,
		0,
		0.022021,
		-0.499092,
		-0.51663,
		1
	},
	[0.933333333333] = {
		0.859759,
		-0.174055,
		-0.480124,
		0,
		-0.476768,
		-0.610519,
		-0.632424,
		0,
		-0.183048,
		0.77264,
		-0.607883,
		0,
		0.019177,
		-0.489079,
		-0.516246,
		1
	},
	[0.95] = {
		0.870715,
		-0.202321,
		-0.448243,
		0,
		-0.472765,
		-0.595403,
		-0.649606,
		0,
		-0.135457,
		0.777535,
		-0.614077,
		0,
		0.016561,
		-0.478815,
		-0.515346,
		1
	},
	[0.966666666667] = {
		0.879496,
		-0.229204,
		-0.417077,
		0,
		-0.467331,
		-0.58157,
		-0.665867,
		0,
		-0.08994,
		0.78054,
		-0.618602,
		0,
		0.013637,
		-0.467606,
		-0.513668,
		1
	},
	[0.983333333333] = {
		0.886356,
		-0.255399,
		-0.386191,
		0,
		-0.460765,
		-0.568494,
		-0.68155,
		0,
		-0.04548,
		0.782039,
		-0.621568,
		0,
		0.009899,
		-0.454788,
		-0.511226,
		1
	},
	[0.9] = {
		0.830022,
		-0.113055,
		-0.546152,
		0,
		-0.479431,
		-0.644973,
		-0.59511,
		0,
		-0.284973,
		0.755796,
		-0.589544,
		0,
		0.024966,
		-0.508616,
		-0.516691,
		1
	},
	[1.01666666667] = {
		0.894734,
		-0.30631,
		-0.325001,
		0,
		-0.444707,
		-0.54414,
		-0.711441,
		0,
		0.041076,
		0.78108,
		-0.623078,
		0,
		0.000639,
		-0.425443,
		-0.504916,
		1
	},
	[1.03333333333] = {
		0.896355,
		-0.331316,
		-0.29458,
		0,
		-0.435391,
		-0.53263,
		-0.725768,
		0,
		0.083556,
		0.778804,
		-0.621678,
		0,
		-0.004537,
		-0.409459,
		-0.50149,
		1
	},
	[1.05] = {
		0.896274,
		-0.356207,
		-0.264215,
		0,
		-0.425303,
		-0.521421,
		-0.739755,
		0,
		0.125739,
		0.775394,
		-0.618832,
		0,
		-0.009832,
		-0.392952,
		-0.498182,
		1
	},
	[1.06666666667] = {
		0.894457,
		-0.381114,
		-0.233878,
		0,
		-0.414486,
		-0.510415,
		-0.753444,
		0,
		0.167774,
		0.770862,
		-0.61451,
		0,
		-0.015051,
		-0.376179,
		-0.495219,
		1
	},
	[1.08333333333] = {
		0.890843,
		-0.406155,
		-0.203559,
		0,
		-0.402973,
		-0.499518,
		-0.766874,
		0,
		0.209788,
		0.765193,
		-0.608661,
		0,
		-0.01999,
		-0.359392,
		-0.492829,
		1
	},
	{
		0.891412,
		-0.281053,
		-0.35552,
		0,
		-0.45319,
		-0.556057,
		-0.69672,
		0,
		-0.001874,
		0.782183,
		-0.623046,
		0,
		0.00551,
		-0.440642,
		-0.508236,
		1
	},
	[1.1] = {
		0.88535,
		-0.431433,
		-0.173267,
		0,
		-0.390783,
		-0.488649,
		-0.780071,
		0,
		0.251881,
		0.758346,
		-0.601222,
		0,
		-0.024438,
		-0.342841,
		-0.491239,
		1
	}
}

return spline_matrices
