-- chunkname: @content/characters/player/human/first_person/animations/thunder_hammer/heavy_swing_right_diagonal.lua

local spline_matrices = {
	[0.0166666666667] = {
		0.510091,
		-0.04353,
		0.859018,
		0,
		-0.587135,
		0.712216,
		0.384736,
		0,
		-0.628554,
		-0.70061,
		0.337737,
		0,
		-0.011623,
		0.457102,
		-0.228224,
		1,
	},
	[0.0333333333333] = {
		0.501297,
		0.029444,
		0.864774,
		0,
		-0.665958,
		0.651227,
		0.363873,
		0,
		-0.552451,
		-0.758311,
		0.346066,
		0,
		-0.040254,
		0.462009,
		-0.227615,
		1,
	},
	[0.05] = {
		0.484138,
		0.104182,
		0.868767,
		0,
		-0.739866,
		0.578811,
		0.342895,
		0,
		-0.467128,
		-0.80878,
		0.357304,
		0,
		-0.070505,
		0.464348,
		-0.227739,
		1,
	},
	[0.0666666666667] = {
		0.459799,
		0.173943,
		0.870821,
		0,
		-0.801656,
		0.503152,
		0.322777,
		0,
		-0.38201,
		-0.846512,
		0.370791,
		0,
		-0.099302,
		0.464492,
		-0.228433,
		1,
	},
	[0.0833333333333] = {
		0.432159,
		0.232786,
		0.871234,
		0,
		-0.84746,
		0.435123,
		0.304105,
		0,
		-0.308303,
		-0.869758,
		0.385319,
		0,
		-0.123458,
		0.463735,
		-0.229465,
		1,
	},
	[0] = {
		0.512162,
		-0.108266,
		0.852038,
		0,
		-0.512787,
		0.757272,
		0.404462,
		0,
		-0.689013,
		-0.644064,
		0.332329,
		0,
		0.012754,
		0.450079,
		-0.22961,
		1,
	},
	[0.116666666667] = {
		0.389591,
		0.300784,
		0.870487,
		0,
		-0.889212,
		0.368979,
		0.270476,
		0,
		-0.239837,
		-0.879422,
		0.411211,
		0,
		-0.146082,
		0.467511,
		-0.231605,
		1,
	},
	[0.133333333333] = {
		0.377423,
		0.309735,
		0.872706,
		0,
		-0.888798,
		0.385737,
		0.247479,
		0,
		-0.259982,
		-0.869063,
		0.420878,
		0,
		-0.141818,
		0.474152,
		-0.233202,
		1,
	},
	[0.15] = {
		0.365487,
		0.309163,
		0.877974,
		0,
		-0.877618,
		0.428762,
		0.214357,
		0,
		-0.310171,
		-0.84887,
		0.428034,
		0,
		-0.129855,
		0.482404,
		-0.235527,
		1,
	},
	[0.166666666667] = {
		0.355859,
		0.299782,
		0.885153,
		0,
		-0.853069,
		0.490978,
		0.176676,
		0,
		-0.381626,
		-0.817968,
		0.430453,
		0,
		-0.111558,
		0.491506,
		-0.237505,
		1,
	},
	[0.183333333333] = {
		0.350233,
		0.281627,
		0.893321,
		0,
		-0.813063,
		0.564926,
		0.140669,
		0,
		-0.465044,
		-0.775593,
		0.426836,
		0,
		-0.088434,
		0.500722,
		-0.238219,
		1,
	},
	[0.1] = {
		0.406802,
		0.2762,
		0.870761,
		0,
		-0.876505,
		0.386587,
		0.286862,
		0,
		-0.257394,
		-0.879922,
		0.399356,
		0,
		-0.13997,
		0.46404,
		-0.230595,
		1,
	},
	[0.216666666667] = {
		0.357261,
		0.215203,
		0.908874,
		0,
		-0.68772,
		0.719046,
		0.100074,
		0,
		-0.631986,
		-0.660803,
		0.404886,
		0,
		-0.033855,
		0.518406,
		-0.233885,
		1,
	},
	[0.233333333333] = {
		0.3731,
		0.163104,
		0.913342,
		0,
		-0.607861,
		0.786689,
		0.107824,
		0,
		-0.70093,
		-0.595414,
		0.392658,
		0,
		-0.004967,
		0.527581,
		-0.228785,
		1,
	},
	[0.25] = {
		0.399367,
		0.095128,
		0.911843,
		0,
		-0.522705,
		0.840735,
		0.141224,
		0,
		-0.753184,
		-0.533024,
		0.385485,
		0,
		0.023402,
		0.538239,
		-0.222061,
		1,
	},
	[0.266666666667] = {
		0.455196,
		-0.036851,
		0.889628,
		0,
		-0.424732,
		0.869154,
		0.253325,
		0,
		-0.782559,
		-0.493166,
		0.379984,
		0,
		0.051998,
		0.557505,
		-0.207379,
		1,
	},
	[0.283333333333] = {
		0.51578,
		-0.205302,
		0.831759,
		0,
		-0.297099,
		0.867752,
		0.39842,
		0,
		-0.803557,
		-0.452612,
		0.386574,
		0,
		0.086456,
		0.579722,
		-0.190667,
		1,
	},
	[0.2] = {
		0.350161,
		0.253974,
		0.901601,
		0,
		-0.757363,
		0.643147,
		0.112973,
		0,
		-0.551169,
		-0.722399,
		0.417555,
		0,
		-0.062091,
		0.509652,
		-0.237075,
		1,
	},
	[0.316666666667] = {
		0.525861,
		-0.284562,
		0.801557,
		0,
		0.034872,
		0.948797,
		0.313956,
		0,
		-0.849855,
		-0.137145,
		0.508859,
		0,
		0.174601,
		0.575933,
		-0.214491,
		1,
	},
	[0.333333333333] = {
		0.518985,
		-0.185112,
		0.834499,
		0,
		0.236904,
		0.969175,
		0.067653,
		0,
		-0.821298,
		0.162585,
		0.546841,
		0,
		0.214468,
		0.541552,
		-0.239253,
		1,
	},
	[0.35] = {
		0.523477,
		-0.110876,
		0.844795,
		0,
		0.43803,
		0.885459,
		-0.155213,
		0,
		-0.730822,
		0.451296,
		0.512085,
		0,
		0.243978,
		0.500999,
		-0.252201,
		1,
	},
	[0.366666666667] = {
		0.514277,
		-0.106259,
		0.851016,
		0,
		0.648303,
		0.697776,
		-0.304651,
		0,
		-0.561446,
		0.708391,
		0.427738,
		0,
		0.261523,
		0.469802,
		-0.261708,
		1,
	},
	[0.383333333333] = {
		0.492355,
		-0.101941,
		0.864404,
		0,
		0.80078,
		0.442227,
		-0.403963,
		0,
		-0.341082,
		0.891091,
		0.299365,
		0,
		0.244284,
		0.456015,
		-0.265098,
		1,
	},
	[0.3] = {
		0.537649,
		-0.308736,
		0.784612,
		0,
		-0.144488,
		0.883051,
		0.446479,
		0,
		-0.830697,
		-0.353416,
		0.430163,
		0,
		0.128856,
		0.589522,
		-0.190849,
		1,
	},
	[0.416666666667] = {
		0.480151,
		-0.116378,
		0.869432,
		0,
		0.857672,
		-0.145614,
		-0.493148,
		0,
		0.183993,
		0.982473,
		0.029897,
		0,
		0.269732,
		0.341527,
		-0.248706,
		1,
	},
	[0.433333333333] = {
		0.503184,
		-0.10141,
		0.858209,
		0,
		0.792207,
		-0.342648,
		-0.504975,
		0,
		0.345273,
		0.933974,
		-0.092078,
		0,
		0.28303,
		0.260457,
		-0.230614,
		1,
	},
	[0.45] = {
		0.522874,
		-0.102316,
		0.846247,
		0,
		0.683604,
		-0.542717,
		-0.487999,
		0,
		0.509203,
		0.83366,
		-0.213829,
		0,
		0.294834,
		0.178207,
		-0.218106,
		1,
	},
	[0.466666666667] = {
		0.523343,
		-0.099426,
		0.846302,
		0,
		0.690202,
		-0.532992,
		-0.48943,
		0,
		0.499734,
		0.840258,
		-0.210313,
		0,
		0.334929,
		0.080318,
		-0.245255,
		1,
	},
	[0.483333333333] = {
		0.52358,
		-0.097738,
		0.846352,
		0,
		0.695086,
		-0.525441,
		-0.490681,
		0,
		0.492666,
		0.845198,
		-0.207174,
		0,
		0.366954,
		-0.030187,
		-0.279304,
		1,
	},
	[0.4] = {
		0.469387,
		-0.130585,
		0.873283,
		0,
		0.8828,
		0.090065,
		-0.461035,
		0,
		-0.018448,
		0.987338,
		0.157556,
		0,
		0.265264,
		0.405558,
		-0.262684,
		1,
	},
	[0.516666666667] = {
		0.523587,
		-0.097121,
		0.846418,
		0,
		0.700867,
		-0.515755,
		-0.49273,
		0,
		0.484399,
		0.851214,
		-0.201973,
		0,
		0.411176,
		-0.243725,
		-0.351214,
		1,
	},
	[0.533333333333] = {
		0.523437,
		-0.097765,
		0.846437,
		0,
		0.702289,
		-0.513027,
		-0.493552,
		0,
		0.482497,
		0.852787,
		-0.199878,
		0,
		0.425377,
		-0.323757,
		-0.380305,
		1,
	},
	[0.55] = {
		0.523225,
		-0.098755,
		0.846453,
		0,
		0.703064,
		-0.511297,
		-0.494244,
		0,
		0.481598,
		0.853711,
		-0.198092,
		0,
		0.434376,
		-0.382665,
		-0.403176,
		1,
	},
	[0.566666666667] = {
		0.522974,
		-0.099878,
		0.846476,
		0,
		0.70343,
		-0.510251,
		-0.494803,
		0,
		0.481335,
		0.854206,
		-0.196591,
		0,
		0.437699,
		-0.429878,
		-0.422939,
		1,
	},
	[0.583333333333] = {
		0.522703,
		-0.100961,
		0.846516,
		0,
		0.703578,
		-0.509638,
		-0.495225,
		0,
		0.481414,
		0.854445,
		-0.195355,
		0,
		0.436309,
		-0.467108,
		-0.440044,
		1,
	},
	[0.5] = {
		0.523646,
		-0.097041,
		0.846391,
		0,
		0.698551,
		-0.519792,
		-0.491775,
		0,
		0.48767,
		0.848764,
		-0.204399,
		0,
		0.392048,
		-0.142017,
		-0.316068,
		1,
	},
	[0.616666666667] = {
		0.522109,
		-0.10292,
		0.846646,
		0,
		0.703334,
		-0.509539,
		-0.495672,
		0,
		0.482414,
		0.85427,
		-0.193647,
		0,
		0.422711,
		-0.518538,
		-0.467996,
		1,
	},
	[0.633333333333] = {
		0.521788,
		-0.103838,
		0.846732,
		0,
		0.70296,
		-0.509997,
		-0.495733,
		0,
		0.483307,
		0.853886,
		-0.193116,
		0,
		0.404398,
		-0.525443,
		-0.472869,
		1,
	},
	[0.65] = {
		0.521451,
		-0.104724,
		0.846831,
		0,
		0.702427,
		-0.510766,
		-0.495696,
		0,
		0.484443,
		0.853318,
		-0.192778,
		0,
		0.387031,
		-0.530999,
		-0.478134,
		1,
	},
	[0.666666666667] = {
		0.521099,
		-0.105578,
		0.846941,
		0,
		0.701745,
		-0.511828,
		-0.495567,
		0,
		0.485809,
		0.852576,
		-0.192624,
		0,
		0.370368,
		-0.535817,
		-0.483495,
		1,
	},
	[0.683333333333] = {
		0.520732,
		-0.106403,
		0.847064,
		0,
		0.70092,
		-0.513165,
		-0.495351,
		0,
		0.48739,
		0.851669,
		-0.192641,
		0,
		0.354168,
		-0.539884,
		-0.489516,
		1,
	},
	[0.6] = {
		0.522414,
		-0.101969,
		0.846573,
		0,
		0.703543,
		-0.509409,
		-0.495509,
		0,
		0.481778,
		0.854462,
		-0.194383,
		0,
		0.431106,
		-0.496175,
		-0.454968,
		1,
	},
	[0.716666666667] = {
		0.519953,
		-0.10797,
		0.847344,
		0,
		0.698877,
		-0.516593,
		-0.494675,
		0,
		0.491141,
		0.849397,
		-0.193146,
		0,
		0.322197,
		-0.54567,
		-0.505308,
		1,
	},
	[0.733333333333] = {
		0.519542,
		-0.108714,
		0.847501,
		0,
		0.697673,
		-0.518647,
		-0.494223,
		0,
		0.493283,
		0.848048,
		-0.193613,
		0,
		0.30625,
		-0.5478,
		-0.514752,
		1,
	},
	[0.75] = {
		0.519117,
		-0.109433,
		0.847669,
		0,
		0.696359,
		-0.520906,
		-0.493702,
		0,
		0.495583,
		0.846571,
		-0.194206,
		0,
		0.290287,
		-0.549572,
		-0.525026,
		1,
	},
	[0.766666666667] = {
		0.518677,
		-0.11013,
		0.847847,
		0,
		0.694941,
		-0.523349,
		-0.493115,
		0,
		0.498027,
		0.844972,
		-0.194915,
		0,
		0.274326,
		-0.551038,
		-0.535969,
		1,
	},
	[0.783333333333] = {
		0.518224,
		-0.110805,
		0.848037,
		0,
		0.693428,
		-0.52596,
		-0.492467,
		0,
		0.500601,
		0.843261,
		-0.19573,
		0,
		0.258418,
		-0.55221,
		-0.547398,
		1,
	},
	[0.7] = {
		0.52035,
		-0.1072,
		0.847198,
		0,
		0.699962,
		-0.514759,
		-0.495052,
		0,
		0.489172,
		0.850606,
		-0.192819,
		0,
		0.338149,
		-0.543085,
		-0.496845,
		1,
	},
	[0.816666666667] = {
		0.517277,
		-0.112095,
		0.848445,
		0,
		0.690148,
		-0.531612,
		-0.491003,
		0,
		0.506082,
		0.839538,
		-0.197629,
		0,
		0.227133,
		-0.55367,
		-0.570783,
		1,
	},
	[0.833333333333] = {
		0.516785,
		-0.112713,
		0.848663,
		0,
		0.688398,
		-0.534618,
		-0.490196,
		0,
		0.508962,
		0.837544,
		-0.198691,
		0,
		0.212043,
		-0.553983,
		-0.582147,
		1,
	},
	[0.85] = {
		0.51628,
		-0.113314,
		0.84889,
		0,
		0.686584,
		-0.53772,
		-0.489346,
		0,
		0.511915,
		0.835474,
		-0.199814,
		0,
		0.196131,
		-0.550108,
		-0.589254,
		1,
	},
	[0.866666666667] = {
		0.515764,
		-0.113901,
		0.849126,
		0,
		0.684717,
		-0.540901,
		-0.488456,
		0,
		0.514928,
		0.833339,
		-0.200987,
		0,
		0.179833,
		-0.542616,
		-0.59268,
		1,
	},
	[0.883333333333] = {
		0.515236,
		-0.114474,
		0.849369,
		0,
		0.682803,
		-0.544143,
		-0.487533,
		0,
		0.517988,
		0.831146,
		-0.202199,
		0,
		0.163914,
		-0.533856,
		-0.595279,
		1,
	},
	[0.8] = {
		0.517757,
		-0.111459,
		0.848236,
		0,
		0.691828,
		-0.52872,
		-0.491762,
		0,
		0.503291,
		0.841446,
		-0.196638,
		0,
		0.242646,
		-0.553088,
		-0.559092,
		1,
	},
	[0.916666666667] = {
		0.514153,
		-0.115584,
		0.849875,
		0,
		0.678874,
		-0.550743,
		-0.485604,
		0,
		0.524191,
		0.826633,
		-0.204699,
		0,
		0.13316,
		-0.512991,
		-0.598386,
		1,
	},
	[0.933333333333] = {
		0.513599,
		-0.116125,
		0.850136,
		0,
		0.676877,
		-0.554068,
		-0.48461,
		0,
		0.527308,
		0.824332,
		-0.205966,
		0,
		0.118293,
		-0.501117,
		-0.59909,
		1,
	},
	[0.95] = {
		0.513038,
		-0.116658,
		0.850402,
		0,
		0.67487,
		-0.557386,
		-0.483603,
		0,
		0.530418,
		0.822017,
		-0.207231,
		0,
		0.103742,
		-0.488436,
		-0.599355,
		1,
	},
	[0.966666666667] = {
		0.512472,
		-0.117184,
		0.850671,
		0,
		0.672862,
		-0.560681,
		-0.48259,
		0,
		0.533507,
		0.819698,
		-0.208484,
		0,
		0.089484,
		-0.475066,
		-0.599275,
		1,
	},
	[0.983333333333] = {
		0.511901,
		-0.117706,
		0.850942,
		0,
		0.670864,
		-0.563937,
		-0.481577,
		0,
		0.536562,
		0.817386,
		-0.209715,
		0,
		0.075493,
		-0.461126,
		-0.598942,
		1,
	},
	[0.9] = {
		0.514699,
		-0.115034,
		0.849619,
		0,
		0.680853,
		-0.547429,
		-0.48658,
		0,
		0.52108,
		0.828908,
		-0.20344,
		0,
		0.148361,
		-0.523943,
		-0.597148,
		1,
	},
	[1.01666666667] = {
		0.510754,
		-0.118741,
		0.851487,
		0,
		0.666934,
		-0.570268,
		-0.479577,
		0,
		0.542522,
		0.812831,
		-0.212074,
		0,
		0.0482,
		-0.432015,
		-0.597884,
		1,
	},
	[1.03333333333] = {
		0.510181,
		-0.119258,
		0.851759,
		0,
		0.665022,
		-0.573311,
		-0.478602,
		0,
		0.5454,
		0.810612,
		-0.213183,
		0,
		0.034832,
		-0.417086,
		-0.597336,
		1,
	},
	[1.05] = {
		0.509611,
		-0.119777,
		0.852027,
		0,
		0.66316,
		-0.576251,
		-0.477654,
		0,
		0.548194,
		0.808448,
		-0.214233,
		0,
		0.021604,
		-0.402069,
		-0.596891,
		1,
	},
	[1.06666666667] = {
		0.509045,
		-0.120299,
		0.852292,
		0,
		0.661357,
		-0.579074,
		-0.47674,
		0,
		0.550891,
		0.806351,
		-0.215214,
		0,
		0.008474,
		-0.387089,
		-0.596636,
		1,
	},
	[1.08333333333] = {
		0.508485,
		-0.120826,
		0.852551,
		0,
		0.659623,
		-0.581763,
		-0.475867,
		0,
		0.55348,
		0.804334,
		-0.216119,
		0,
		-0.004597,
		-0.372268,
		-0.596654,
		1,
	},
	{
		0.511328,
		-0.118224,
		0.851215,
		0,
		0.668884,
		-0.567138,
		-0.480571,
		0,
		0.539572,
		0.815093,
		-0.210915,
		0,
		0.061742,
		-0.446736,
		-0.598449,
		1,
	},
	[1.11666666667] = {
		0.507395,
		-0.121902,
		0.853047,
		0,
		0.656408,
		-0.586681,
		-0.474271,
		0,
		0.558281,
		0.80059,
		-0.217662,
		0,
		-0.030747,
		-0.343599,
		-0.597841,
		1,
	},
	[1.1] = {
		0.507935,
		-0.121359,
		0.852804,
		0,
		0.65797,
		-0.584304,
		-0.475041,
		0,
		0.555947,
		0.802409,
		-0.216938,
		0,
		-0.017656,
		-0.35773,
		-0.597029,
		1,
	},
}

return spline_matrices
