-- chunkname: @content/characters/player/human/first_person/animations/thunder_hammer/heavy_swing_right_diagonal_up.lua

local spline_matrices = {
	[0.0166666666667] = {
		0.285749,
		-0.322653,
		0.902354,
		0,
		-0.856422,
		0.336517,
		0.391532,
		0,
		-0.429986,
		-0.884676,
		-0.180167,
		0,
		-0.161706,
		0.258121,
		-0.183694,
		1
	},
	[0.0333333333333] = {
		0.242489,
		-0.308603,
		0.919763,
		0,
		-0.893988,
		0.297146,
		0.335394,
		0,
		-0.376808,
		-0.903586,
		-0.203833,
		0,
		-0.170994,
		0.256807,
		-0.189575,
		1
	},
	[0.05] = {
		0.198475,
		-0.285194,
		0.937695,
		0,
		-0.931411,
		0.242931,
		0.27103,
		0,
		-0.305091,
		-0.927173,
		-0.217418,
		0,
		-0.17758,
		0.254711,
		-0.196348,
		1
	},
	[0.0666666666667] = {
		0.151821,
		-0.256608,
		0.954517,
		0,
		-0.963025,
		0.179048,
		0.201309,
		0,
		-0.222562,
		-0.949786,
		-0.219937,
		0,
		-0.181366,
		0.252526,
		-0.203326,
		1
	},
	[0.0833333333333] = {
		0.102244,
		-0.226865,
		0.968545,
		0,
		-0.985083,
		0.112382,
		0.130313,
		0,
		-0.13841,
		-0.967421,
		-0.21199,
		0,
		-0.182456,
		0.250938,
		-0.209825,
		1
	},
	[0] = {
		0.331174,
		-0.322908,
		0.886597,
		0,
		-0.824895,
		0.35712,
		0.438194,
		0,
		-0.458118,
		-0.876468,
		-0.148096,
		0,
		-0.149926,
		0.257982,
		-0.179336,
		1
	},
	[0.116666666667] = {
		0.001193,
		-0.177162,
		0.984181,
		0,
		-0.999992,
		0.003633,
		0.001866,
		0,
		-0.003906,
		-0.984175,
		-0.177156,
		0,
		-0.17796,
		0.251901,
		-0.219114,
		1
	},
	[0.133333333333] = {
		-0.044403,
		-0.161549,
		0.985865,
		0,
		-0.998579,
		-0.021917,
		-0.048567,
		0,
		0.029453,
		-0.986621,
		-0.160347,
		0,
		-0.17334,
		0.255331,
		-0.221064,
		1
	},
	[0.15] = {
		-0.082539,
		-0.153675,
		0.984668,
		0,
		-0.996107,
		-0.017976,
		-0.086304,
		0,
		0.030963,
		-0.987958,
		-0.151593,
		0,
		-0.167756,
		0.261198,
		-0.220783,
		1
	},
	[0.166666666667] = {
		-0.11061,
		-0.155344,
		0.981649,
		0,
		-0.993846,
		0.023232,
		-0.108308,
		0,
		-0.00598,
		-0.987587,
		-0.156957,
		0,
		-0.161542,
		0.270108,
		-0.217719,
		1
	},
	[0.183333333333] = {
		-0.133883,
		-0.168473,
		0.976572,
		0,
		-0.987821,
		0.101521,
		-0.117912,
		0,
		-0.079278,
		-0.980464,
		-0.180013,
		0,
		-0.154485,
		0.281311,
		-0.21143,
		1
	},
	[0.1] = {
		0.051146,
		-0.199497,
		0.978563,
		0,
		-0.996736,
		0.051084,
		0.06251,
		0,
		-0.06246,
		-0.978566,
		-0.196233,
		0,
		-0.181166,
		0.250564,
		-0.215246,
		1
	},
	[0.216666666667] = {
		-0.185379,
		-0.21118,
		0.959707,
		0,
		-0.936056,
		0.335169,
		-0.107058,
		0,
		-0.299056,
		-0.918186,
		-0.259809,
		0,
		-0.135691,
		0.30735,
		-0.190526,
		1
	},
	[0.233333333333] = {
		-0.211908,
		-0.228369,
		0.950233,
		0,
		-0.876324,
		0.474809,
		-0.081315,
		0,
		-0.432609,
		-0.849944,
		-0.300741,
		0,
		-0.123039,
		0.322408,
		-0.176885,
		1
	},
	[0.25] = {
		-0.236217,
		-0.236369,
		0.942513,
		0,
		-0.78711,
		0.615316,
		-0.042956,
		0,
		-0.56979,
		-0.752008,
		-0.331397,
		0,
		-0.107572,
		0.338796,
		-0.161972,
		1
	},
	[0.266666666667] = {
		-0.255433,
		-0.233361,
		0.938241,
		0,
		-0.667217,
		0.744855,
		0.003614,
		0,
		-0.699697,
		-0.625087,
		-0.345962,
		0,
		-0.088835,
		0.356468,
		-0.146444,
		1
	},
	[0.283333333333] = {
		-0.267334,
		-0.220598,
		0.938013,
		0,
		-0.52123,
		0.851844,
		0.051782,
		0,
		-0.810464,
		-0.475078,
		-0.342709,
		0,
		-0.066773,
		0.375367,
		-0.130963,
		1
	},
	[0.2] = {
		-0.158945,
		-0.189252,
		0.968979,
		0,
		-0.970961,
		0.207713,
		-0.118702,
		0,
		-0.178805,
		-0.959708,
		-0.216771,
		0,
		-0.146008,
		0.293676,
		-0.202213,
		1
	},
	[0.316666666667] = {
		-0.295544,
		-0.169086,
		0.940247,
		0,
		-0.184117,
		0.975842,
		0.117615,
		0,
		-0.937419,
		-0.138355,
		-0.319535,
		0,
		-0.01408,
		0.417646,
		-0.102884,
		1
	},
	[0.333333333333] = {
		-0.328028,
		-0.147694,
		0.933051,
		0,
		-0.031399,
		0.988861,
		0.145489,
		0,
		-0.944146,
		0.018428,
		-0.329012,
		0,
		0.013687,
		0.440769,
		-0.095762,
		1
	},
	[0.35] = {
		-0.384041,
		-0.192283,
		0.903073,
		0,
		0.032006,
		0.974715,
		0.221147,
		0,
		-0.922761,
		0.113833,
		-0.368176,
		0,
		0.036647,
		0.46702,
		-0.105603,
		1
	},
	[0.366666666667] = {
		-0.447931,
		-0.260425,
		0.855299,
		0,
		0.053275,
		0.947163,
		0.316297,
		0,
		-0.892479,
		0.187245,
		-0.41039,
		0,
		0.055535,
		0.497251,
		-0.121726,
		1
	},
	[0.383333333333] = {
		-0.48395,
		-0.277349,
		0.829982,
		0,
		0.144039,
		0.910265,
		0.388164,
		0,
		-0.86316,
		0.307402,
		-0.400573,
		0,
		0.071496,
		0.540828,
		-0.12533,
		1
	},
	[0.3] = {
		-0.27036,
		-0.200676,
		0.941613,
		0,
		-0.358135,
		0.928812,
		0.095119,
		0,
		-0.893669,
		-0.311508,
		-0.322983,
		0,
		-0.042037,
		0.395474,
		-0.116364,
		1
	},
	[0.416666666667] = {
		-0.355728,
		-0.083691,
		0.930835,
		0,
		0.827984,
		0.433728,
		0.355419,
		0,
		-0.433474,
		0.897149,
		-0.084995,
		0,
		0.227157,
		0.534174,
		-0.057789,
		1
	},
	[0.433333333333] = {
		-0.366259,
		-0.084263,
		0.92669,
		0,
		0.929379,
		-0.082274,
		0.359841,
		0,
		0.045922,
		0.993041,
		0.108446,
		0,
		0.297595,
		0.522973,
		-0.020239,
		1
	},
	[0.45] = {
		-0.311435,
		-0.086107,
		0.946358,
		0,
		0.889555,
		-0.376677,
		0.258469,
		0,
		0.334215,
		0.922334,
		0.193908,
		0,
		0.37449,
		0.375734,
		-0.018098,
		1
	},
	[0.466666666667] = {
		-0.219984,
		-0.145968,
		0.964521,
		0,
		0.716774,
		-0.694862,
		0.058321,
		0,
		0.661696,
		0.704173,
		0.257485,
		0,
		0.442447,
		0.365963,
		-0.033871,
		1
	},
	[0.483333333333] = {
		-0.295659,
		-0.088396,
		0.951195,
		0,
		0.596911,
		-0.794493,
		0.111704,
		0,
		0.745844,
		0.600805,
		0.287663,
		0,
		0.470412,
		0.297204,
		-0.055858,
		1
	},
	[0.4] = {
		-0.42048,
		-0.081998,
		0.903589,
		0,
		0.466995,
		0.834298,
		0.293023,
		0,
		-0.77789,
		0.545182,
		-0.312513,
		0,
		0.141624,
		0.532605,
		-0.107102,
		1
	},
	[0.516666666667] = {
		-0.185225,
		0.107205,
		0.976831,
		0,
		0.468175,
		-0.864344,
		0.183635,
		0,
		0.864004,
		0.491342,
		0.109907,
		0,
		0.482017,
		0.114406,
		-0.135969,
		1
	},
	[0.533333333333] = {
		-0.230411,
		0.175394,
		0.957156,
		0,
		0.345086,
		-0.904966,
		0.248902,
		0,
		0.909849,
		0.387651,
		0.147988,
		0,
		0.496527,
		0.044721,
		-0.18659,
		1
	},
	[0.55] = {
		-0.313074,
		0.241586,
		0.918489,
		0,
		0.187249,
		-0.932422,
		0.309075,
		0,
		0.931087,
		0.268749,
		0.24668,
		0,
		0.510186,
		-0.018588,
		-0.242391,
		1
	},
	[0.566666666667] = {
		-0.372723,
		0.300602,
		0.877904,
		0,
		0.047123,
		-0.938724,
		0.341434,
		0,
		0.926745,
		0.16863,
		0.335719,
		0,
		0.519527,
		-0.077933,
		-0.291761,
		1
	},
	[0.583333333333] = {
		-0.389077,
		0.334864,
		0.858187,
		0,
		-0.030871,
		-0.935808,
		0.351156,
		0,
		0.920688,
		0.110134,
		0.374439,
		0,
		0.52248,
		-0.130626,
		-0.324873,
		1
	},
	[0.5] = {
		-0.243167,
		0.013958,
		0.969884,
		0,
		0.530007,
		-0.835521,
		0.144907,
		0,
		0.812381,
		0.549282,
		0.195773,
		0,
		0.476505,
		0.202464,
		-0.092291,
		1
	},
	[0.616666666667] = {
		-0.370178,
		0.354496,
		0.858662,
		0,
		-0.106385,
		-0.934422,
		0.339909,
		0,
		0.922849,
		0.034478,
		0.383616,
		0,
		0.518587,
		-0.197457,
		-0.373568,
		1
	},
	[0.633333333333] = {
		-0.35374,
		0.354386,
		0.865609,
		0,
		-0.128797,
		-0.935084,
		0.330196,
		0,
		0.926434,
		0.005316,
		0.376421,
		0,
		0.513594,
		-0.224679,
		-0.396442,
		1
	},
	[0.65] = {
		-0.333026,
		0.347972,
		0.876362,
		0,
		-0.142077,
		-0.937322,
		0.318186,
		0,
		0.932152,
		-0.018546,
		0.361591,
		0,
		0.506735,
		-0.24807,
		-0.418357,
		1
	},
	[0.666666666667] = {
		-0.307922,
		0.335574,
		0.890267,
		0,
		-0.147239,
		-0.941267,
		0.303871,
		0,
		0.939949,
		-0.037513,
		0.339246,
		0,
		0.498049,
		-0.267959,
		-0.439333,
		1
	},
	[0.683333333333] = {
		-0.27817,
		0.317467,
		0.906552,
		0,
		-0.145191,
		-0.946854,
		0.28703,
		0,
		0.949495,
		-0.051781,
		0.30948,
		0,
		0.487572,
		-0.284619,
		-0.459383,
		1
	},
	[0.6] = {
		-0.382127,
		0.348063,
		0.856055,
		0,
		-0.074022,
		-0.934909,
		0.347082,
		0,
		0.92114,
		0.069263,
		0.383018,
		0,
		0.521594,
		-0.166185,
		-0.349717,
		1
	},
	[0.716666666667] = {
		-0.203525,
		0.264958,
		0.942536,
		0,
		-0.121914,
		-0.962052,
		0.244118,
		0,
		0.97145,
		-0.065224,
		0.228104,
		0,
		0.461666,
		-0.308716,
		-0.496765,
		1
	},
	[0.733333333333] = {
		-0.157921,
		0.231151,
		0.960016,
		0,
		-0.101966,
		-0.970835,
		0.216983,
		0,
		0.982173,
		-0.063623,
		0.176885,
		0,
		0.446467,
		-0.316354,
		-0.514122,
		1
	},
	[0.75] = {
		-0.106367,
		0.19292,
		0.975432,
		0,
		-0.077451,
		-0.979624,
		0.185303,
		0,
		0.991306,
		-0.055839,
		0.119141,
		0,
		0.429927,
		-0.32119,
		-0.530589,
		1
	},
	[0.766666666667] = {
		-0.048683,
		0.150937,
		0.987344,
		0,
		-0.049245,
		-0.987676,
		0.14856,
		0,
		0.9976,
		-0.04139,
		0.055516,
		0,
		0.412169,
		-0.323343,
		-0.546148,
		1
	},
	[0.783333333333] = {
		0.015109,
		0.1061,
		0.994241,
		0,
		-0.018368,
		-0.994157,
		0.10637,
		0,
		0.999717,
		-0.019869,
		-0.013072,
		0,
		0.393315,
		-0.322949,
		-0.560766,
		1
	},
	[0.7] = {
		-0.243488,
		0.293845,
		0.924321,
		0,
		-0.136544,
		-0.953896,
		0.267278,
		0,
		0.960244,
		-0.061132,
		0.272385,
		0,
		0.475407,
		-0.298169,
		-0.478522,
		1
	},
	[0.816666666667] = {
		0.1595,
		0.012448,
		0.98712,
		0,
		0.045792,
		-0.998937,
		0.005198,
		0,
		0.986135,
		0.044373,
		-0.1599,
		0,
		0.352591,
		-0.315452,
		-0.58697,
		1
	},
	[0.833333333333] = {
		0.238392,
		-0.033782,
		0.970581,
		0,
		0.076016,
		-0.99568,
		-0.053326,
		0,
		0.968189,
		0.086492,
		-0.234794,
		0,
		0.330901,
		-0.308802,
		-0.598444,
		1
	},
	[0.85] = {
		0.319986,
		-0.077736,
		0.944228,
		0,
		0.103019,
		-0.987864,
		-0.11624,
		0,
		0.941805,
		0.134469,
		-0.308094,
		0,
		0.308514,
		-0.300526,
		-0.608742,
		1
	},
	[0.866666666667] = {
		0.40258,
		-0.118035,
		0.907743,
		0,
		0.125434,
		-0.975184,
		-0.182433,
		0,
		0.90675,
		0.187305,
		-0.377784,
		0,
		0.285605,
		-0.290887,
		-0.617798,
		1
	},
	[0.883333333333] = {
		0.4843,
		-0.153466,
		0.861337,
		0,
		0.142118,
		-0.957621,
		-0.250529,
		0,
		0.863282,
		0.243742,
		-0.441966,
		0,
		0.262383,
		-0.280156,
		-0.625564,
		1
	},
	[0.8] = {
		0.084721,
		0.059525,
		0.994625,
		0,
		0.013831,
		-0.998188,
		0.05856,
		0,
		0.996309,
		0.008796,
		-0.085391,
		0,
		0.373436,
		-0.320236,
		-0.574391,
		1
	},
	[0.916666666667] = {
		0.637686,
		-0.206286,
		0.742161,
		0,
		0.155363,
		-0.90923,
		-0.386216,
		0,
		0.754466,
		0.361589,
		-0.547754,
		0,
		0.215963,
		-0.256542,
		-0.637166,
		1
	},
	[0.933333333333] = {
		0.706108,
		-0.222847,
		0.672124,
		0,
		0.151408,
		-0.87972,
		-0.450741,
		0,
		0.691727,
		0.420037,
		-0.587437,
		0,
		0.193285,
		-0.244206,
		-0.641059,
		1
	},
	[0.95] = {
		0.767406,
		-0.232905,
		0.597363,
		0,
		0.14067,
		-0.847829,
		-0.511271,
		0,
		0.625539,
		0.476384,
		-0.617866,
		0,
		0.171312,
		-0.23186,
		-0.64377,
		1
	},
	[0.966666666667] = {
		0.820878,
		-0.236913,
		0.519646,
		0,
		0.123727,
		-0.814514,
		-0.566797,
		0,
		0.55754,
		0.529565,
		-0.639304,
		0,
		0.150295,
		-0.219745,
		-0.645405,
		1
	},
	[0.983333333333] = {
		0.866225,
		-0.235563,
		0.44064,
		0,
		0.101356,
		-0.780714,
		-0.616614,
		0,
		0.489265,
		0.578788,
		-0.652398,
		0,
		0.130471,
		-0.20808,
		-0.646086,
		1
	},
	[0.9] = {
		0.563255,
		-0.183084,
		0.805744,
		0,
		0.152245,
		-0.935452,
		-0.318983,
		0,
		0.812136,
		0.302339,
		-0.499025,
		0,
		0.239085,
		-0.268616,
		-0.632016,
		1
	},
	[1.01666666667] = {
		0.933071,
		-0.220253,
		0.28437,
		0,
		0.043899,
		-0.714953,
		-0.697793,
		0,
		0.357003,
		0.663574,
		-0.657433,
		0,
		0.095234,
		-0.18691,
		-0.645117,
		1
	},
	[1.03333333333] = {
		0.955456,
		-0.208142,
		0.209239,
		0,
		0.010591,
		-0.684325,
		-0.7291,
		0,
		0.294944,
		0.698839,
		-0.651638,
		0,
		0.080184,
		-0.177782,
		-0.643735,
		1
	},
	[1.05] = {
		0.971327,
		-0.194258,
		0.137065,
		0,
		-0.024701,
		-0.655859,
		-0.75448,
		0,
		0.236459,
		0.729461,
		-0.641852,
		0,
		0.067057,
		-0.169862,
		-0.641926,
		1
	},
	[1.06666666667] = {
		0.981402,
		-0.179419,
		0.06825,
		0,
		-0.061311,
		-0.629891,
		-0.77426,
		0,
		0.181907,
		0.755676,
		-0.629177,
		0,
		0.055988,
		-0.163326,
		-0.639805,
		1
	},
	[1.08333333333] = {
		0.986395,
		-0.164364,
		0.002985,
		0,
		-0.0987,
		-0.606655,
		-0.788814,
		0,
		0.131464,
		0.777788,
		-0.614625,
		0,
		0.047102,
		-0.158347,
		-0.637478,
		1
	},
	{
		0.903509,
		-0.229703,
		0.361812,
		0,
		0.074444,
		-0.747282,
		-0.660324,
		0,
		0.422054,
		0.623543,
		-0.658076,
		0,
		0.112053,
		-0.197071,
		-0.645945,
		1
	},
	[1.11666666667] = {
		0.98376,
		-0.136171,
		-0.116937,
		0,
		-0.174285,
		-0.568931,
		-0.803705,
		0,
		0.042912,
		0.811033,
		-0.583424,
		0,
		0.036326,
		-0.153759,
		-0.632585,
		1
	},
	[1.1] = {
		0.986979,
		-0.149752,
		-0.058708,
		0,
		-0.136456,
		-0.586304,
		-0.798516,
		0,
		0.085158,
		0.796129,
		-0.599104,
		0,
		0.040513,
		-0.155101,
		-0.635042,
		1
	}
}

return spline_matrices
