local spline_matrices = {
	[0] = {
		-0.7254,
		0.48522,
		-0.488217,
		0,
		0.40209,
		-0.276971,
		-0.872703,
		0,
		-0.558675,
		-0.829366,
		0.005813,
		0,
		0.364391,
		-0.135326,
		-0.690414,
		1
	},
	{
		0.929822,
		-0.25237,
		-0.267844,
		0,
		-0.366759,
		-0.695435,
		-0.617946,
		0,
		-0.030317,
		0.672814,
		-0.73919,
		0,
		-0.034905,
		-0.319624,
		-0.460516,
		1
	},
	[0.0166666666667] = {
		-0.659903,
		0.488397,
		-0.57096,
		0,
		0.46684,
		-0.328902,
		-0.820904,
		0,
		-0.588718,
		-0.808264,
		-0.01096,
		0,
		0.413405,
		-0.126735,
		-0.647104,
		1
	},
	[0.0333333333333] = {
		-0.538477,
		0.449412,
		-0.712791,
		0,
		0.58852,
		-0.404818,
		-0.699833,
		0,
		-0.603064,
		-0.796336,
		-0.046502,
		0,
		0.500917,
		-0.088017,
		-0.533299,
		1
	},
	[0.05] = {
		-0.370589,
		0.375364,
		-0.849568,
		0,
		0.712757,
		-0.471545,
		-0.519253,
		0,
		-0.595518,
		-0.797965,
		-0.092794,
		0,
		0.59358,
		-0.029107,
		-0.392207,
		1
	},
	[0.0666666666667] = {
		-0.195517,
		0.29198,
		-0.936227,
		0,
		0.801261,
		-0.502888,
		-0.324167,
		0,
		-0.565467,
		-0.813543,
		-0.135629,
		0,
		0.661663,
		0.03722,
		-0.269497,
		1
	},
	[0.0833333333333] = {
		-0.068376,
		0.233128,
		-0.970039,
		0,
		0.851493,
		-0.493045,
		-0.178513,
		0,
		-0.519889,
		-0.838188,
		-0.164794,
		0,
		0.680048,
		0.094816,
		-0.209247,
		1
	},
	[0.116666666667] = {
		0.046847,
		0.184269,
		-0.981759,
		0,
		0.917081,
		-0.397507,
		-0.030848,
		0,
		-0.39594,
		-0.898907,
		-0.187612,
		0,
		0.647268,
		0.1865,
		-0.189704,
		1
	},
	[0.133333333333] = {
		0.070304,
		0.173926,
		-0.982246,
		0,
		0.94555,
		-0.325321,
		0.010073,
		0,
		-0.317793,
		-0.929471,
		-0.187327,
		0,
		0.627204,
		0.230271,
		-0.186103,
		1
	},
	[0.15] = {
		0.079157,
		0.167714,
		-0.982653,
		0,
		0.969474,
		-0.242431,
		0.036719,
		0,
		-0.232067,
		-0.955562,
		-0.181784,
		0,
		0.604737,
		0.271199,
		-0.184978,
		1
	},
	[0.166666666667] = {
		0.079011,
		0.163061,
		-0.983447,
		0,
		0.987457,
		-0.148082,
		0.05478,
		0,
		-0.136698,
		-0.97544,
		-0.172715,
		0,
		0.578743,
		0.31115,
		-0.185177,
		1
	},
	[0.183333333333] = {
		0.075995,
		0.157992,
		-0.984512,
		0,
		0.996611,
		-0.043217,
		0.069993,
		0,
		-0.031489,
		-0.986494,
		-0.160741,
		0,
		0.548367,
		0.350411,
		-0.185907,
		1
	},
	[0.1] = {
		0.002493,
		0.202847,
		-0.979207,
		0,
		0.886085,
		-0.454329,
		-0.09186,
		0,
		-0.463516,
		-0.867432,
		-0.180872,
		0,
		0.664749,
		0.141417,
		-0.196953,
		1
	},
	[0.216666666667] = {
		0.07713,
		0.143698,
		-0.986611,
		0,
		0.976181,
		0.190381,
		0.104043,
		0,
		0.202783,
		-0.971136,
		-0.125591,
		0,
		0.473485,
		0.424913,
		-0.187599,
		1
	},
	[0.233333333333] = {
		0.072337,
		0.132734,
		-0.988508,
		0,
		0.945185,
		0.307295,
		0.11043,
		0,
		0.318422,
		-0.942312,
		-0.103229,
		0,
		0.432719,
		0.455186,
		-0.188668,
		1
	},
	[0.25] = {
		0.065579,
		0.120151,
		-0.990587,
		0,
		0.900484,
		0.420582,
		0.110627,
		0,
		0.429915,
		-0.899263,
		-0.080613,
		0,
		0.390072,
		0.480362,
		-0.189051,
		1
	},
	[0.266666666667] = {
		0.059244,
		0.107459,
		-0.992443,
		0,
		0.839378,
		0.532753,
		0.107792,
		0,
		0.54031,
		-0.83942,
		-0.058636,
		0,
		0.343934,
		0.501203,
		-0.188349,
		1
	},
	[0.283333333333] = {
		0.054697,
		0.096552,
		-0.993824,
		0,
		0.755217,
		0.647102,
		0.104432,
		0,
		0.653189,
		-0.756265,
		-0.037523,
		0,
		0.292436,
		0.517699,
		-0.186361,
		1
	},
	[0.2] = {
		0.076537,
		0.151856,
		-0.985435,
		0,
		0.993562,
		0.071179,
		0.088137,
		0,
		0.083527,
		-0.985836,
		-0.145431,
		0,
		0.512781,
		0.389139,
		-0.186621,
		1
	},
	[0.316666666667] = {
		0.05046,
		0.089186,
		-0.994736,
		0,
		0.460573,
		0.881694,
		0.102414,
		0,
		0.886186,
		-0.463317,
		0.003413,
		0,
		0.167999,
		0.530542,
		-0.178537,
		1
	},
	[0.333333333333] = {
		0.046165,
		0.097524,
		-0.994162,
		0,
		0.202706,
		0.973603,
		0.10492,
		0,
		0.978151,
		-0.206366,
		0.025178,
		0,
		0.098017,
		0.517956,
		-0.173209,
		1
	},
	[0.35] = {
		0.029361,
		0.110881,
		-0.9934,
		0,
		-0.208772,
		0.97259,
		0.102388,
		0,
		0.977523,
		0.204388,
		0.051705,
		0,
		0.055333,
		0.486004,
		-0.167516,
		1
	},
	[0.366666666667] = {
		-0.021286,
		0.123255,
		-0.992147,
		0,
		-0.713988,
		0.692779,
		0.101382,
		0,
		0.699834,
		0.710539,
		0.073256,
		0,
		0.013418,
		0.410379,
		-0.1583,
		1
	},
	[0.383333333333] = {
		-0.136251,
		0.07974,
		-0.98746,
		0,
		-0.96918,
		-0.217234,
		0.116186,
		0,
		-0.205246,
		0.972857,
		0.106881,
		0,
		-0.073216,
		0.28924,
		-0.143254,
		1
	},
	[0.3] = {
		0.052166,
		0.089632,
		-0.994608,
		0,
		0.635647,
		0.765172,
		0.102295,
		0,
		0.770215,
		-0.637556,
		-0.017058,
		0,
		0.233924,
		0.528565,
		-0.183047,
		1
	},
	[0.416666666667] = {
		-0.142935,
		0.058302,
		-0.988013,
		0,
		-0.723229,
		-0.687632,
		0.064052,
		0,
		-0.675655,
		0.723715,
		0.140452,
		0,
		-0.127821,
		0.248255,
		-0.142783,
		1
	},
	[0.433333333333] = {
		-0.125517,
		0.083761,
		-0.988549,
		0,
		-0.692102,
		-0.721304,
		0.026759,
		0,
		-0.710803,
		0.687535,
		0.148507,
		0,
		-0.154359,
		0.229038,
		-0.142763,
		1
	},
	[0.45] = {
		-0.103475,
		0.115092,
		-0.987951,
		0,
		-0.702629,
		-0.711495,
		-0.009295,
		0,
		-0.703992,
		0.693202,
		0.154489,
		0,
		-0.181151,
		0.208393,
		-0.144132,
		1
	},
	[0.466666666667] = {
		-0.083819,
		0.137005,
		-0.987018,
		0,
		-0.715689,
		-0.697488,
		-0.036039,
		0,
		-0.693371,
		0.703377,
		0.156516,
		0,
		-0.204997,
		0.188542,
		-0.148697,
		1
	},
	[0.483333333333] = {
		-0.078434,
		0.133504,
		-0.98794,
		0,
		-0.688662,
		-0.723798,
		-0.043135,
		0,
		-0.720827,
		0.676974,
		0.148709,
		0,
		-0.218642,
		0.173169,
		-0.156452,
		1
	},
	[0.4] = {
		-0.151059,
		0.052996,
		-0.987103,
		0,
		-0.825976,
		-0.555369,
		0.096585,
		0,
		-0.543088,
		0.829913,
		0.127667,
		0,
		-0.10193,
		0.267272,
		-0.142319,
		1
	},
	[0.516666666667] = {
		-0.127029,
		0.050745,
		-0.9906,
		0,
		-0.550638,
		-0.834278,
		0.027874,
		0,
		-0.825022,
		0.549003,
		0.13392,
		0,
		-0.219993,
		0.166828,
		-0.183886,
		1
	},
	[0.533333333333] = {
		-0.153408,
		-0.013059,
		-0.988077,
		0,
		-0.478239,
		-0.874028,
		0.085802,
		0,
		-0.864727,
		0.4857,
		0.127838,
		0,
		-0.214375,
		0.16939,
		-0.204116,
		1
	},
	[0.55] = {
		-0.15998,
		-0.081432,
		-0.983756,
		0,
		-0.413016,
		-0.899643,
		0.141635,
		0,
		-0.896562,
		0.428966,
		0.110292,
		0,
		-0.206107,
		0.171112,
		-0.226387,
		1
	},
	[0.566666666667] = {
		-0.133378,
		-0.144575,
		-0.980463,
		0,
		-0.365124,
		-0.912548,
		0.18423,
		0,
		-0.921355,
		0.382563,
		0.068926,
		0,
		-0.200107,
		0.170214,
		-0.247981,
		1
	},
	[0.583333333333] = {
		-0.061997,
		-0.209554,
		-0.97583,
		0,
		-0.345753,
		-0.912661,
		0.217956,
		0,
		-0.936275,
		0.350909,
		-0.015871,
		0,
		-0.194095,
		0.166258,
		-0.270129,
		1
	},
	[0.5] = {
		-0.096291,
		0.101504,
		-0.990164,
		0,
		-0.622301,
		-0.78253,
		-0.019702,
		0,
		-0.776833,
		0.614283,
		0.138517,
		0,
		-0.221674,
		0.166781,
		-0.167752,
		1
	},
	[0.616666666667] = {
		0.149431,
		-0.340759,
		-0.928199,
		0,
		-0.368499,
		-0.890303,
		0.267523,
		0,
		-0.91754,
		0.302064,
		-0.258608,
		0,
		-0.177338,
		0.15523,
		-0.320234,
		1
	},
	[0.633333333333] = {
		0.240574,
		-0.377093,
		-0.894385,
		0,
		-0.380358,
		-0.884377,
		0.270564,
		0,
		-0.893002,
		0.275096,
		-0.356189,
		0,
		-0.169895,
		0.147019,
		-0.343412,
		1
	},
	[0.65] = {
		0.313887,
		-0.389377,
		-0.865945,
		0,
		-0.381478,
		-0.886906,
		0.260524,
		0,
		-0.869454,
		0.248563,
		-0.426927,
		0,
		-0.161934,
		0.135527,
		-0.365438,
		1
	},
	[0.666666666667] = {
		0.381819,
		-0.388876,
		-0.838445,
		0,
		-0.37787,
		-0.893573,
		0.242367,
		0,
		-0.843462,
		0.224283,
		-0.488128,
		0,
		-0.152207,
		0.12119,
		-0.388535,
		1
	},
	[0.683333333333] = {
		0.436333,
		-0.380926,
		-0.815174,
		0,
		-0.373817,
		-0.900823,
		0.220859,
		0,
		-0.818459,
		0.208358,
		-0.535456,
		0,
		-0.140247,
		0.103616,
		-0.412357,
		1
	},
	[0.6] = {
		0.040848,
		-0.279963,
		-0.959141,
		0,
		-0.351532,
		-0.902596,
		0.248487,
		0,
		-0.935284,
		0.327019,
		-0.135285,
		0,
		-0.185606,
		0.161183,
		-0.294842,
		1
	},
	[0.716666666667] = {
		0.534526,
		-0.344738,
		-0.771646,
		0,
		-0.358871,
		-0.919209,
		0.16207,
		0,
		-0.765176,
		0.190291,
		-0.615057,
		0,
		-0.117356,
		0.064017,
		-0.457282,
		1
	},
	[0.733333333333] = {
		0.578319,
		-0.321542,
		-0.749772,
		0,
		-0.350626,
		-0.927804,
		0.127444,
		0,
		-0.73662,
		0.189186,
		-0.649307,
		0,
		-0.107939,
		0.04301,
		-0.476569,
		1
	},
	[0.75] = {
		0.61869,
		-0.298416,
		-0.726753,
		0,
		-0.343916,
		-0.934583,
		0.090975,
		0,
		-0.70636,
		0.193657,
		-0.680847,
		0,
		-0.10113,
		0.021998,
		-0.493079,
		1
	},
	[0.766666666667] = {
		0.655752,
		-0.278022,
		-0.701921,
		0,
		-0.340442,
		-0.938727,
		0.053768,
		0,
		-0.673861,
		0.203705,
		-0.710223,
		0,
		-0.095534,
		0.001231,
		-0.503205,
		1
	},
	[0.783333333333] = {
		0.689636,
		-0.263084,
		-0.674677,
		0,
		-0.342007,
		-0.939548,
		0.016778,
		0,
		-0.638305,
		0.219173,
		-0.737923,
		0,
		-0.09047,
		-0.018804,
		-0.503977,
		1
	},
	[0.7] = {
		0.487221,
		-0.365379,
		-0.793167,
		0,
		-0.367075,
		-0.909815,
		0.19363,
		0,
		-0.792384,
		0.196811,
		-0.577402,
		0,
		-0.12834,
		0.08438,
		-0.43554,
		1
	},
	[0.816666666667] = {
		0.749577,
		-0.242906,
		-0.615736,
		0,
		-0.354395,
		-0.932945,
		-0.063385,
		0,
		-0.559051,
		0.265725,
		-0.785399,
		0,
		-0.081661,
		-0.061653,
		-0.494859,
		1
	},
	[0.833333333333] = {
		0.776172,
		-0.234995,
		-0.585094,
		0,
		-0.361947,
		-0.925889,
		-0.10828,
		0,
		-0.516286,
		0.295817,
		-0.803704,
		0,
		-0.076764,
		-0.085567,
		-0.489481,
		1
	},
	[0.85] = {
		0.800589,
		-0.228783,
		-0.55382,
		0,
		-0.369617,
		-0.916012,
		-0.155904,
		0,
		-0.471637,
		0.329516,
		-0.817911,
		0,
		-0.071673,
		-0.110604,
		-0.483883,
		1
	},
	[0.866666666667] = {
		0.82287,
		-0.22439,
		-0.522049,
		0,
		-0.37684,
		-0.903126,
		-0.205802,
		0,
		-0.425296,
		0.366077,
		-0.827714,
		0,
		-0.066499,
		-0.136347,
		-0.478333,
		1
	},
	[0.883333333333] = {
		0.843051,
		-0.221877,
		-0.489934,
		0,
		-0.383089,
		-0.887108,
		-0.257452,
		0,
		-0.377502,
		0.404734,
		-0.832876,
		0,
		-0.061353,
		-0.162379,
		-0.473082,
		1
	},
	[0.8] = {
		0.720754,
		-0.252346,
		-0.645628,
		0,
		-0.347548,
		-0.937414,
		-0.021597,
		0,
		-0.59977,
		0.239953,
		-0.763347,
		0,
		-0.086273,
		-0.039266,
		-0.499794,
		1
	},
	[0.916666666667] = {
		0.877273,
		-0.222505,
		-0.425304,
		0,
		-0.390779,
		-0.845598,
		-0.363671,
		0,
		-0.278717,
		0.485238,
		-0.82877,
		0,
		-0.051555,
		-0.213663,
		-0.464359,
		1
	},
	[0.933333333333] = {
		0.89141,
		-0.225525,
		-0.393098,
		0,
		-0.391428,
		-0.820298,
		-0.417008,
		0,
		-0.228412,
		0.525595,
		-0.819499,
		0,
		-0.047106,
		-0.238116,
		-0.461262,
		1
	},
	[0.95] = {
		0.903635,
		-0.230188,
		-0.361189,
		0,
		-0.389542,
		-0.792263,
		-0.469655,
		0,
		-0.178047,
		0.565095,
		-0.805585,
		0,
		-0.043103,
		-0.261275,
		-0.459211,
		1
	},
	[0.966666666667] = {
		0.914045,
		-0.236325,
		-0.329654,
		0,
		-0.384883,
		-0.761836,
		-0.521029,
		0,
		-0.12801,
		0.603122,
		-0.78731,
		0,
		-0.039656,
		-0.28279,
		-0.458334,
		1
	},
	[0.983333333333] = {
		0.922739,
		-0.243788,
		-0.29853,
		0,
		-0.377318,
		-0.729401,
		-0.570618,
		0,
		-0.078639,
		0.639172,
		-0.765033,
		0,
		-0.036877,
		-0.302337,
		-0.458739,
		1
	},
	[0.9] = {
		0.861171,
		-0.221262,
		-0.457632,
		0,
		-0.387878,
		-0.867916,
		-0.310277,
		0,
		-0.328534,
		0.444708,
		-0.833247,
		0,
		-0.056337,
		-0.188287,
		-0.468357,
		1
	},
	[1.01666666667] = {
		0.935415,
		-0.261864,
		-0.237541,
		0,
		-0.35316,
		-0.660451,
		-0.662633,
		0,
		0.016636,
		0.703727,
		-0.710276,
		0,
		-0.033889,
		-0.334389,
		-0.46375,
		1
	},
	[1.03333333333] = {
		0.939627,
		-0.272048,
		-0.207583,
		0,
		-0.336559,
		-0.625006,
		-0.70434,
		0,
		0.061873,
		0.731681,
		-0.678833,
		0,
		-0.034011,
		-0.346404,
		-0.468522,
		1
	},
	[1.05] = {
		0.942579,
		-0.282718,
		-0.177805,
		0,
		-0.31699,
		-0.589655,
		-0.742849,
		0,
		0.105173,
		0.756557,
		-0.645415,
		0,
		-0.035459,
		-0.355469,
		-0.474916,
		1
	},
	[1.06666666667] = {
		0.944357,
		-0.293693,
		-0.148101,
		0,
		-0.2946,
		-0.55497,
		-0.777958,
		0,
		0.146289,
		0.778301,
		-0.610612,
		0,
		-0.038459,
		-0.361417,
		-0.483027,
		1
	},
	[1.08333333333] = {
		0.945077,
		-0.304725,
		-0.118205,
		0,
		-0.269407,
		-0.521487,
		-0.809612,
		0,
		0.185067,
		0.796991,
		-0.57494,
		0,
		-0.043252,
		-0.364103,
		-0.492954,
		1
	}
}

return spline_matrices
