-- chunkname: @content/characters/player/human/first_person/animations/thunder_hammer/swing_right_diagonal.lua

local spline_matrices = {
	[0.0166666666667] = {
		0.991087,
		0.123585,
		-0.049724,
		0,
		0.006408,
		-0.417065,
		-0.908854,
		0,
		-0.133058,
		0.900435,
		-0.41414,
		0,
		0.049624,
		-0.507545,
		-0.469905,
		1
	},
	[0.0333333333333] = {
		0.797526,
		0.568994,
		0.200492,
		0,
		0.333716,
		-0.139232,
		-0.932335,
		0,
		-0.502578,
		0.810469,
		-0.300924,
		0,
		0.159498,
		-0.427004,
		-0.511401,
		1
	},
	[0.05] = {
		0.515829,
		0.760632,
		0.394157,
		0,
		0.435618,
		0.163288,
		-0.885197,
		0,
		-0.73767,
		0.628312,
		-0.247116,
		0,
		0.216312,
		-0.312003,
		-0.514296,
		1
	},
	[0.0666666666667] = {
		0.343544,
		0.79994,
		0.492009,
		0,
		0.401212,
		0.348667,
		-0.84703,
		0,
		-0.849121,
		0.488392,
		-0.201163,
		0,
		0.226249,
		-0.227734,
		-0.503545,
		1
	},
	[0.0833333333333] = {
		0.203828,
		0.793545,
		0.573359,
		0,
		0.308139,
		0.503887,
		-0.806938,
		0,
		-0.92925,
		0.34115,
		-0.141816,
		0,
		0.217195,
		-0.147084,
		-0.491405,
		1
	},
	[0] = {
		0.953276,
		-0.235809,
		-0.188838,
		0,
		-0.278663,
		-0.444954,
		-0.851095,
		0,
		0.116671,
		0.86395,
		-0.489875,
		0,
		-0.022852,
		-0.51281,
		-0.431461,
		1
	},
	[0.116666666667] = {
		0.030072,
		0.699134,
		0.714358,
		0,
		-0.000539,
		0.714693,
		-0.699439,
		0,
		-0.999548,
		0.020649,
		0.021869,
		0,
		0.157252,
		0.001565,
		-0.464133,
		1
	},
	[0.133333333333] = {
		-0.002086,
		0.628235,
		0.778021,
		0,
		-0.19347,
		0.763069,
		-0.616681,
		0,
		-0.981104,
		-0.15181,
		0.119953,
		0,
		0.110885,
		0.06895,
		-0.447196,
		1
	},
	[0.15] = {
		0.002711,
		0.551467,
		0.834192,
		0,
		-0.392179,
		0.767953,
		-0.506403,
		0,
		-0.919885,
		-0.32578,
		0.218355,
		0,
		0.056507,
		0.130589,
		-0.426062,
		1
	},
	[0.166666666667] = {
		0.041951,
		0.477139,
		0.877826,
		0,
		-0.576417,
		0.729196,
		-0.368805,
		0,
		-0.816078,
		-0.490522,
		0.305621,
		0,
		-0.00249,
		0.185286,
		-0.399478,
		1
	},
	[0.183333333333] = {
		0.108597,
		0.412988,
		0.904239,
		0,
		-0.726292,
		0.654042,
		-0.211491,
		0,
		-0.678754,
		-0.633774,
		0.370977,
		0,
		-0.061511,
		0.232598,
		-0.367252,
		1
	},
	[0.1] = {
		0.099038,
		0.756724,
		0.646189,
		0,
		0.170633,
		0.626848,
		-0.760227,
		0,
		-0.980345,
		0.185553,
		-0.06704,
		0,
		0.193336,
		-0.070606,
		-0.478449,
		1
	},
	[0.216666666667] = {
		0.278754,
		0.32914,
		0.902199,
		0,
		-0.883354,
		0.45647,
		0.106402,
		0,
		-0.376805,
		-0.826621,
		0.41799,
		0,
		-0.161437,
		0.308865,
		-0.291163,
		1
	},
	[0.233333333333] = {
		0.360434,
		0.305438,
		0.88136,
		0,
		-0.897935,
		0.369475,
		0.239169,
		0,
		-0.252589,
		-0.877608,
		0.407435,
		0,
		-0.195752,
		0.33909,
		-0.25114,
		1
	},
	[0.25] = {
		0.430554,
		0.285742,
		0.85614,
		0,
		-0.887092,
		0.308857,
		0.343037,
		0,
		-0.166405,
		-0.907171,
		0.386459,
		0,
		-0.215556,
		0.366906,
		-0.213988,
		1
	},
	[0.266666666667] = {
		0.486066,
		0.262534,
		0.833556,
		0,
		-0.86465,
		0.283041,
		0.415052,
		0,
		-0.126965,
		-0.922477,
		0.364576,
		0,
		-0.219028,
		0.394647,
		-0.182818,
		1
	},
	[0.283333333333] = {
		0.524583,
		0.22886,
		0.820022,
		0,
		-0.839704,
		0.29792,
		0.454028,
		0,
		-0.140392,
		-0.926751,
		0.348458,
		0,
		-0.204689,
		0.423649,
		-0.160008,
		1
	},
	[0.2] = {
		0.191546,
		0.36361,
		0.911646,
		0,
		-0.829103,
		0.557034,
		-0.04797,
		0,
		-0.52526,
		-0.74666,
		0.408168,
		0,
		-0.115626,
		0.273594,
		-0.330614,
		1
	},
	[0.316666666667] = {
		0.533543,
		0.125377,
		0.836428,
		0,
		-0.765058,
		0.493166,
		0.414094,
		0,
		-0.36058,
		-0.860853,
		0.359046,
		0,
		-0.098639,
		0.487952,
		-0.150937,
		1
	},
	[0.333333333333] = {
		0.508422,
		0.079328,
		0.857446,
		0,
		-0.677244,
		0.651826,
		0.341267,
		0,
		-0.531834,
		-0.754208,
		0.385127,
		0,
		-0.014542,
		0.511716,
		-0.162785,
		1
	},
	[0.35] = {
		0.477655,
		0.054084,
		0.876881,
		0,
		-0.534507,
		0.810016,
		0.241198,
		0,
		-0.697242,
		-0.583909,
		0.415817,
		0,
		0.076084,
		0.520625,
		-0.18105,
		1
	},
	[0.366666666667] = {
		0.49548,
		0.027795,
		0.868175,
		0,
		-0.348202,
		0.922022,
		0.169204,
		0,
		-0.795773,
		-0.386138,
		0.466522,
		0,
		0.15392,
		0.518035,
		-0.203477,
		1
	},
	[0.383333333333] = {
		0.518478,
		-0.011111,
		0.855019,
		0,
		-0.153216,
		0.982526,
		0.105677,
		0,
		-0.841252,
		-0.185794,
		0.507716,
		0,
		0.217435,
		0.506688,
		-0.224339,
		1
	},
	[0.3] = {
		0.540828,
		0.180384,
		0.821564,
		0,
		-0.81176,
		0.367796,
		0.453621,
		0,
		-0.220342,
		-0.912243,
		0.345343,
		0,
		-0.164976,
		0.455858,
		-0.149085,
		1
	},
	[0.416666666667] = {
		0.577057,
		-0.081443,
		0.812633,
		0,
		0.311473,
		0.941757,
		-0.126796,
		0,
		-0.754976,
		0.326282,
		0.568816,
		0,
		0.267629,
		0.405683,
		-0.266214,
		1
	},
	[0.433333333333] = {
		0.587901,
		-0.102702,
		0.802387,
		0,
		0.693094,
		0.575426,
		-0.434171,
		0,
		-0.417124,
		0.81138,
		0.409476,
		0,
		0.239585,
		0.280684,
		-0.262974,
		1
	},
	[0.45] = {
		0.630035,
		-0.059068,
		0.774317,
		0,
		0.776534,
		0.03867,
		-0.628888,
		0,
		0.007204,
		0.997505,
		0.070232,
		0,
		0.285032,
		0.134985,
		-0.267607,
		1
	},
	[0.466666666667] = {
		0.639857,
		-0.124075,
		0.758411,
		0,
		0.69642,
		-0.323654,
		-0.640506,
		0,
		0.324934,
		0.938005,
		-0.120684,
		0,
		0.283116,
		0.041852,
		-0.32596,
		1
	},
	[0.483333333333] = {
		0.663885,
		-0.13684,
		0.735209,
		0,
		0.587747,
		-0.5124,
		-0.626098,
		0,
		0.462396,
		0.847774,
		-0.259748,
		0,
		0.315117,
		-0.027018,
		-0.360566,
		1
	},
	[0.4] = {
		0.546824,
		-0.056162,
		0.835362,
		0,
		0.063989,
		0.997633,
		0.025184,
		0,
		-0.834799,
		0.039683,
		0.549123,
		0,
		0.263655,
		0.477225,
		-0.246616,
		1
	},
	[0.516666666667] = {
		0.6521,
		-0.069284,
		0.75496,
		0,
		0.403649,
		-0.811205,
		-0.4231,
		0,
		0.641742,
		0.580643,
		-0.50102,
		0,
		0.335048,
		-0.081524,
		-0.361488,
		1
	},
	[0.533333333333] = {
		0.615369,
		0.006233,
		0.788215,
		0,
		0.347561,
		-0.899657,
		-0.26423,
		0,
		0.707476,
		0.436552,
		-0.555787,
		0,
		0.32066,
		-0.11556,
		-0.349769,
		1
	},
	[0.55] = {
		0.574,
		0.096967,
		0.813094,
		0,
		0.30713,
		-0.945967,
		-0.104004,
		0,
		0.759075,
		0.309423,
		-0.572767,
		0,
		0.29698,
		-0.148681,
		-0.336667,
		1
	},
	[0.566666666667] = {
		0.53912,
		0.191495,
		0.82017,
		0,
		0.27794,
		-0.959707,
		0.041377,
		0,
		0.795047,
		0.205651,
		-0.570621,
		0,
		0.271891,
		-0.177677,
		-0.325944,
		1
	},
	[0.583333333333] = {
		0.530051,
		0.260214,
		0.807053,
		0,
		0.250322,
		-0.957353,
		0.144269,
		0,
		0.810176,
		0.125554,
		-0.572583,
		0,
		0.254192,
		-0.197731,
		-0.321258,
		1
	},
	[0.5] = {
		0.677175,
		-0.122419,
		0.725567,
		0,
		0.468638,
		-0.688456,
		-0.55354,
		0,
		0.567285,
		0.714872,
		-0.408835,
		0,
		0.331576,
		-0.059665,
		-0.367888,
		1
	},
	[0.616666666667] = {
		0.560275,
		0.282882,
		0.778504,
		0,
		0.20339,
		-0.958084,
		0.201759,
		0,
		0.802947,
		0.045299,
		-0.594326,
		0,
		0.232255,
		-0.228467,
		-0.326203,
		1
	},
	[0.633333333333] = {
		0.577585,
		0.287618,
		0.763983,
		0,
		0.187948,
		-0.957586,
		0.218412,
		0,
		0.794399,
		0.017437,
		-0.607145,
		0,
		0.220541,
		-0.241782,
		-0.328678,
		1
	},
	[0.65] = {
		0.596169,
		0.287634,
		0.749566,
		0,
		0.176484,
		-0.957735,
		0.227149,
		0,
		0.783222,
		-0.003133,
		-0.621735,
		0,
		0.207701,
		-0.253927,
		-0.330416,
		1
	},
	[0.666666666667] = {
		0.616175,
		0.283435,
		0.734842,
		0,
		0.168222,
		-0.958834,
		0.228775,
		0,
		0.769435,
		-0.017349,
		-0.63849,
		0,
		0.193662,
		-0.265149,
		-0.331314,
		1
	},
	[0.683333333333] = {
		0.637406,
		0.275409,
		0.719628,
		0,
		0.16272,
		-0.96099,
		0.223652,
		0,
		0.753151,
		-0.025459,
		-0.657355,
		0,
		0.17864,
		-0.275485,
		-0.331324,
		1
	},
	[0.6] = {
		0.544229,
		0.273618,
		0.793062,
		0,
		0.223982,
		-0.958394,
		0.176954,
		0,
		0.808484,
		0.081328,
		-0.582872,
		0,
		0.243358,
		-0.213777,
		-0.323527,
		1
	},
	[0.716666666667] = {
		0.682888,
		0.249385,
		0.686637,
		0,
		0.158146,
		-0.968104,
		0.194331,
		0,
		0.713199,
		-0.024118,
		-0.700546,
		0,
		0.146687,
		-0.293863,
		-0.328673,
		1
	},
	[0.733333333333] = {
		0.706852,
		0.232169,
		0.668176,
		0,
		0.158127,
		-0.97256,
		0.170653,
		0,
		0.689461,
		-0.01497,
		-0.724168,
		0,
		0.130346,
		-0.302172,
		-0.326102,
		1
	},
	[0.75] = {
		0.731433,
		0.212706,
		0.647891,
		0,
		0.158977,
		-0.977116,
		0.141315,
		0,
		0.663123,
		-0.000363,
		-0.74851,
		0,
		0.114182,
		-0.310116,
		-0.322823,
		1
	},
	[0.766666666667] = {
		0.756462,
		0.191459,
		0.625387,
		0,
		0.16021,
		-0.981306,
		0.106633,
		0,
		0.634112,
		0.01953,
		-0.772994,
		0,
		0.098514,
		-0.317876,
		-0.31898,
		1
	},
	[0.783333333333] = {
		0.781741,
		0.168935,
		0.600285,
		0,
		0.161341,
		-0.984623,
		0.066985,
		0,
		0.602371,
		0.044486,
		-0.796976,
		0,
		0.083658,
		-0.325634,
		-0.314754,
		1
	},
	[0.7] = {
		0.659693,
		0.263931,
		0.703666,
		0,
		0.159518,
		-0.964145,
		0.212082,
		0,
		0.734411,
		-0.027662,
		-0.678141,
		0,
		0.162887,
		-0.285017,
		-0.330435,
		1
	},
	[0.816666666667] = {
		0.832084,
		0.122307,
		0.540996,
		0,
		0.161425,
		-0.986562,
		-0.025241,
		0,
		0.530639,
		0.108332,
		-0.840646,
		0,
		0.057559,
		-0.341793,
		-0.30606,
		1
	},
	[0.833333333333] = {
		0.856579,
		0.099429,
		0.506347,
		0,
		0.159509,
		-0.984222,
		-0.076572,
		0,
		0.490745,
		0.146357,
		-0.858923,
		0,
		0.046834,
		-0.35044,
		-0.302117,
		1
	},
	[0.85] = {
		0.880192,
		0.077692,
		0.468216,
		0,
		0.155785,
		-0.979148,
		-0.130386,
		0,
		0.448323,
		0.187706,
		-0.873941,
		0,
		0.037942,
		-0.359555,
		-0.298818,
		1
	},
	[0.866666666667] = {
		0.902594,
		0.057448,
		0.426643,
		0,
		0.149645,
		-0.971122,
		-0.185821,
		0,
		0.403647,
		0.231565,
		-0.885125,
		0,
		0.030922,
		-0.369144,
		-0.296446,
		1
	},
	[0.883333333333] = {
		0.923426,
		0.038914,
		0.381798,
		0,
		0.140498,
		-0.96006,
		-0.24196,
		0,
		0.357133,
		0.277074,
		-0.892012,
		0,
		0.02572,
		-0.379151,
		-0.295262,
		1
	},
	[0.8] = {
		0.807038,
		0.145686,
		0.572247,
		0,
		0.161897,
		-0.986543,
		0.022837,
		0,
		0.567873,
		0.074215,
		-0.819764,
		0,
		0.069915,
		-0.333559,
		-0.310364,
		1
	},
	[0.916666666667] = {
		0.958915,
		0.008506,
		0.283567,
		0,
		0.112518,
		-0.928975,
		-0.352627,
		0,
		0.260427,
		0.370046,
		-0.891764,
		0,
		0.020677,
		-0.399877,
		-0.29731,
		1
	},
	[0.933333333333] = {
		0.972913,
		-0.0028,
		0.231155,
		0,
		0.093694,
		-0.909341,
		-0.405364,
		0,
		0.211334,
		0.416042,
		-0.884448,
		0,
		0.020694,
		-0.410225,
		-0.300825,
		1
	},
	[0.95] = {
		0.984066,
		-0.011278,
		0.177446,
		0,
		0.071929,
		-0.887426,
		-0.455304,
		0,
		0.162605,
		0.460812,
		-0.872474,
		0,
		0.022288,
		-0.420273,
		-0.306071,
		1
	},
	[0.966666666667] = {
		0.992247,
		-0.016825,
		0.12314,
		0,
		0.047582,
		-0.863881,
		-0.501443,
		0,
		0.114815,
		0.503415,
		-0.856383,
		0,
		0.025334,
		-0.429925,
		-0.312827,
		1
	},
	[0.983333333333] = {
		0.99743,
		-0.019511,
		0.068941,
		0,
		0.021101,
		-0.839539,
		-0.542889,
		0,
		0.068471,
		0.542949,
		-0.83697,
		0,
		0.029705,
		-0.439137,
		-0.320739,
		1
	},
	[0.9] = {
		0.942315,
		0.022491,
		0.333972,
		0,
		0.128148,
		-0.945966,
		-0.297869,
		0,
		0.309227,
		0.323484,
		-0.89428,
		0,
		0.022326,
		-0.389451,
		-0.295492,
		1
	},
	[1.01666666667] = {
		0.999179,
		-0.017468,
		-0.036564,
		0,
		-0.03617,
		-0.791302,
		-0.610355,
		0,
		-0.018272,
		0.611176,
		-0.791284,
		0,
		0.04195,
		-0.455778,
		-0.338886,
		1
	},
	[1.03333333333] = {
		0.996136,
		-0.013532,
		-0.086776,
		0,
		-0.065856,
		-0.768791,
		-0.636101,
		0,
		-0.058105,
		0.639357,
		-0.766711,
		0,
		0.049641,
		-0.463072,
		-0.348421,
		1
	},
	[1.05] = {
		0.99085,
		-0.008278,
		-0.134713,
		0,
		-0.095513,
		-0.748207,
		-0.656554,
		0,
		-0.095358,
		0.663414,
		-0.742152,
		0,
		0.058302,
		-0.469662,
		-0.357741,
		1
	},
	[1.06666666667] = {
		0.983654,
		-0.00222,
		-0.180056,
		0,
		-0.124629,
		-0.730124,
		-0.671853,
		0,
		-0.129972,
		0.683311,
		-0.718466,
		0,
		0.067914,
		-0.475581,
		-0.366434,
		1
	},
	[1.08333333333] = {
		0.974908,
		0.004006,
		-0.222572,
		0,
		-0.152804,
		-0.715038,
		-0.682181,
		0,
		-0.16188,
		0.699074,
		-0.696485,
		0,
		0.078439,
		-0.480901,
		-0.374085,
		1
	},
	{
		0.999687,
		-0.019605,
		0.01551,
		0,
		-0.006998,
		-0.815111,
		-0.579263,
		0,
		0.023999,
		0.578974,
		-0.814993,
		0,
		0.035278,
		-0.447784,
		-0.329535,
		1
	}
}

return spline_matrices
