-- chunkname: @content/characters/player/human/first_person/animations/thunder_hammer/swing_left_diagonal_v01.lua

local spline_matrices = {
	[0.0166666666667] = {
		0.985419,
		-0.082461,
		-0.148824,
		0,
		-0.162548,
		-0.714689,
		-0.680292,
		0,
		-0.050266,
		0.694565,
		-0.717672,
		0,
		0.078044,
		-0.324733,
		-0.412661,
		1
	},
	[0.0333333333333] = {
		0.974975,
		0.016825,
		-0.221678,
		0,
		-0.097589,
		-0.863536,
		-0.494754,
		0,
		-0.199751,
		0.504006,
		-0.840284,
		0,
		0.153018,
		-0.266682,
		-0.333351,
		1
	},
	[0.05] = {
		0.937459,
		0.107436,
		-0.331101,
		0,
		0.021959,
		-0.967537,
		-0.251773,
		0,
		-0.347402,
		0.228756,
		-0.909386,
		0,
		0.232353,
		-0.186233,
		-0.261019,
		1
	},
	[0.0666666666667] = {
		0.867013,
		0.16267,
		-0.470986,
		0,
		0.199303,
		-0.979521,
		0.028577,
		0,
		-0.456692,
		-0.118645,
		-0.881678,
		0,
		0.307296,
		-0.082878,
		-0.206989,
		1
	},
	[0.0833333333333] = {
		0.772465,
		0.157171,
		-0.615301,
		0,
		0.408501,
		-0.864812,
		0.291938,
		0,
		-0.486236,
		-0.476862,
		-0.732241,
		0,
		0.365897,
		0.032275,
		-0.18113,
		1
	},
	[0] = {
		0.978698,
		-0.17501,
		-0.10734,
		0,
		-0.18772,
		-0.5511,
		-0.81305,
		0,
		0.083137,
		0.81588,
		-0.572213,
		0,
		0.0113,
		-0.3658,
		-0.492209,
		1
	},
	[0.116666666667] = {
		0.613513,
		-0.002106,
		-0.789682,
		0,
		0.727357,
		-0.387883,
		0.566126,
		0,
		-0.307496,
		-0.921706,
		-0.23644,
		0,
		0.415956,
		0.220265,
		-0.193989,
		1
	},
	[0.133333333333] = {
		0.583964,
		-0.085701,
		-0.807243,
		0,
		0.790513,
		-0.166089,
		0.589494,
		0,
		-0.184595,
		-0.98238,
		-0.029242,
		0,
		0.420627,
		0.275999,
		-0.202402,
		1
	},
	[0.15] = {
		0.586623,
		-0.136008,
		-0.798358,
		0,
		0.804779,
		-0.012357,
		0.593446,
		0,
		-0.090578,
		-0.990631,
		0.102207,
		0,
		0.422776,
		0.313289,
		-0.198038,
		1
	},
	[0.166666666667] = {
		0.626326,
		-0.147299,
		-0.765519,
		0,
		0.778628,
		0.070151,
		0.623553,
		0,
		-0.038147,
		-0.986601,
		0.158628,
		0,
		0.427061,
		0.337027,
		-0.177918,
		1
	},
	[0.183333333333] = {
		0.694565,
		-0.129062,
		-0.707758,
		0,
		0.719271,
		0.103896,
		0.686917,
		0,
		-0.015122,
		-0.986179,
		0.164993,
		0,
		0.432525,
		0.351703,
		-0.146892,
		1
	},
	[0.1] = {
		0.679437,
		0.091565,
		-0.727998,
		0,
		0.59816,
		-0.643736,
		0.477293,
		0,
		-0.424935,
		-0.75975,
		-0.492149,
		0,
		0.400936,
		0.138563,
		-0.181633,
		1
	},
	[0.216666666667] = {
		0.830489,
		-0.050661,
		-0.554726,
		0,
		0.556853,
		0.100946,
		0.824454,
		0,
		0.01423,
		-0.993601,
		0.112045,
		0,
		0.430453,
		0.374774,
		-0.077212,
		1
	},
	[0.233333333333] = {
		0.867204,
		-0.008448,
		-0.497881,
		0,
		0.495925,
		0.104806,
		0.862018,
		0,
		0.044898,
		-0.994457,
		0.095078,
		0,
		0.41733,
		0.392272,
		-0.049877,
		1
	},
	[0.25] = {
		0.869458,
		0.026997,
		-0.493269,
		0,
		0.484708,
		0.146209,
		0.86237,
		0,
		0.095402,
		-0.988885,
		0.114036,
		0,
		0.394177,
		0.420158,
		-0.034386,
		1
	},
	[0.266666666667] = {
		0.806494,
		0.048611,
		-0.589241,
		0,
		0.564097,
		0.235249,
		0.791488,
		0,
		0.177093,
		-0.970719,
		0.162305,
		0,
		0.352477,
		0.465211,
		-0.030314,
		1
	},
	[0.283333333333] = {
		0.682345,
		0.042984,
		-0.729766,
		0,
		0.673551,
		0.351045,
		0.650459,
		0,
		0.284139,
		-0.935372,
		0.210582,
		0,
		0.296467,
		0.518599,
		-0.034257,
		1
	},
	[0.2] = {
		0.768669,
		-0.093351,
		-0.632798,
		0,
		0.639641,
		0.108096,
		0.761035,
		0,
		-0.00264,
		-0.989748,
		0.142801,
		0,
		0.434822,
		0.362803,
		-0.111396,
		1
	},
	[0.316666666667] = {
		0.586182,
		0.016599,
		-0.810009,
		0,
		0.602565,
		0.659394,
		0.449573,
		0,
		0.541578,
		-0.751614,
		0.376523,
		0,
		0.171468,
		0.595447,
		-0.089599,
		1
	},
	[0.333333333333] = {
		0.603078,
		0.011837,
		-0.797595,
		0,
		0.407811,
		0.854765,
		0.32104,
		0,
		0.685557,
		-0.51888,
		0.510662,
		0,
		0.093761,
		0.605921,
		-0.144716,
		1
	},
	[0.35] = {
		0.651391,
		-0.008894,
		-0.75869,
		0,
		-0.026576,
		0.99905,
		-0.03453,
		0,
		0.758277,
		0.042655,
		0.650536,
		0,
		0.019696,
		0.578472,
		-0.219161,
		1
	},
	[0.366666666667] = {
		0.688082,
		0.061237,
		-0.723045,
		0,
		-0.562934,
		0.673798,
		-0.478646,
		0,
		0.457875,
		0.736374,
		0.4981,
		0,
		-0.035724,
		0.480178,
		-0.255708,
		1
	},
	[0.383333333333] = {
		0.518887,
		0.22533,
		-0.824611,
		0,
		-0.737545,
		-0.369685,
		-0.565119,
		0,
		-0.432185,
		0.901421,
		-0.025634,
		0,
		-0.097784,
		0.348868,
		-0.240945,
		1
	},
	[0.3] = {
		0.578891,
		0.022834,
		-0.815085,
		0,
		0.706352,
		0.485357,
		0.515263,
		0,
		0.407373,
		-0.874018,
		0.26484,
		0,
		0.235708,
		0.566825,
		-0.048362,
		1
	},
	[0.416666666667] = {
		0.407211,
		0.202917,
		-0.890508,
		0,
		-0.447226,
		-0.80582,
		-0.388127,
		0,
		-0.796346,
		0.556308,
		-0.237389,
		0,
		-0.168217,
		0.303796,
		-0.259797,
		1
	},
	[0.433333333333] = {
		0.403755,
		0.198458,
		-0.893082,
		0,
		-0.427164,
		-0.822352,
		-0.375858,
		0,
		-0.80902,
		0.533247,
		-0.247255,
		0,
		-0.202857,
		0.263964,
		-0.275717,
		1
	},
	[0.45] = {
		0.412456,
		0.198037,
		-0.889191,
		0,
		-0.451426,
		-0.803381,
		-0.388322,
		0,
		-0.791262,
		0.561569,
		-0.24196,
		0,
		-0.234132,
		0.21642,
		-0.291518,
		1
	},
	[0.466666666667] = {
		0.42117,
		0.193419,
		-0.886118,
		0,
		-0.475637,
		-0.784773,
		-0.397367,
		0,
		-0.77226,
		0.588829,
		-0.238526,
		0,
		-0.247875,
		0.167338,
		-0.302144,
		1
	},
	[0.483333333333] = {
		0.41599,
		0.176927,
		-0.891992,
		0,
		-0.451136,
		-0.811523,
		-0.371358,
		0,
		-0.789575,
		0.55689,
		-0.257768,
		0,
		-0.255847,
		0.135634,
		-0.30857,
		1
	},
	[0.4] = {
		0.437048,
		0.216713,
		-0.87294,
		0,
		-0.551717,
		-0.701911,
		-0.450478,
		0,
		-0.71035,
		0.678496,
		-0.187205,
		0,
		-0.131867,
		0.33112,
		-0.24554,
		1
	},
	[0.516666666667] = {
		0.376887,
		0.096856,
		-0.921181,
		0,
		-0.276784,
		-0.937301,
		-0.211793,
		0,
		-0.883938,
		0.334791,
		-0.326448,
		0,
		-0.244819,
		0.121786,
		-0.31023,
		1
	},
	[0.533333333333] = {
		0.362007,
		0.042244,
		-0.931218,
		0,
		-0.171512,
		-0.9789,
		-0.111082,
		0,
		-0.916261,
		0.199927,
		-0.347123,
		0,
		-0.22964,
		0.127198,
		-0.309773,
		1
	},
	[0.55] = {
		0.356052,
		-0.011758,
		-0.934392,
		0,
		-0.070991,
		-0.997372,
		-0.0145,
		0,
		-0.931766,
		0.071496,
		-0.35595,
		0,
		-0.215134,
		0.135961,
		-0.310746,
		1
	},
	[0.566666666667] = {
		0.359948,
		-0.056005,
		-0.93129,
		0,
		0.010123,
		-0.997903,
		0.063924,
		0,
		-0.932917,
		-0.032437,
		-0.358626,
		0,
		-0.204839,
		0.143495,
		-0.313007,
		1
	},
	[0.583333333333] = {
		0.372635,
		-0.082538,
		-0.9243,
		0,
		0.059092,
		-0.991905,
		0.112398,
		0,
		-0.926094,
		-0.096502,
		-0.364742,
		0,
		-0.201341,
		0.145546,
		-0.315383,
		1
	},
	[0.5] = {
		0.396895,
		0.143671,
		-0.90655,
		0,
		-0.373128,
		-0.877126,
		-0.302366,
		0,
		-0.8386,
		0.458267,
		-0.294519,
		0,
		-0.255654,
		0.123753,
		-0.310725,
		1
	},
	[0.616666666667] = {
		0.40996,
		-0.104414,
		-0.906108,
		0,
		0.100651,
		-0.98218,
		0.158718,
		0,
		-0.906533,
		-0.156269,
		-0.392145,
		0,
		-0.198854,
		0.135662,
		-0.319294,
		1
	},
	[0.633333333333] = {
		0.431389,
		-0.108726,
		-0.89559,
		0,
		0.110785,
		-0.978814,
		0.172192,
		0,
		-0.895338,
		-0.173499,
		-0.410204,
		0,
		-0.19482,
		0.126304,
		-0.321064,
		1
	},
	[0.65] = {
		0.454295,
		-0.10953,
		-0.884092,
		0,
		0.113984,
		-0.977109,
		0.179625,
		0,
		-0.883529,
		-0.182376,
		-0.431411,
		0,
		-0.188922,
		0.114397,
		-0.322618,
		1
	},
	[0.666666666667] = {
		0.478518,
		-0.107308,
		-0.871496,
		0,
		0.110873,
		-0.977177,
		0.181198,
		0,
		-0.87105,
		-0.183332,
		-0.4557,
		0,
		-0.181328,
		0.100126,
		-0.323941,
		1
	},
	[0.683333333333] = {
		0.503943,
		-0.102561,
		-0.857626,
		0,
		0.102047,
		-0.978901,
		0.177027,
		0,
		-0.857688,
		-0.17673,
		-0.482844,
		0,
		-0.17225,
		0.083667,
		-0.325064,
		1
	},
	[0.6] = {
		0.39039,
		-0.095676,
		-0.915665,
		0,
		0.084004,
		-0.986735,
		0.138917,
		0,
		-0.916809,
		-0.131151,
		-0.377174,
		0,
		-0.201065,
		0.142061,
		-0.31738,
		1
	},
	[0.716666666667] = {
		0.558065,
		-0.087461,
		-0.825175,
		0,
		0.069581,
		-0.985995,
		0.151564,
		0,
		-0.826875,
		-0.141999,
		-0.544164,
		0,
		-0.150617,
		0.044881,
		-0.327005,
		1
	},
	[0.733333333333] = {
		0.586541,
		-0.078073,
		-0.806148,
		0,
		0.047132,
		-0.990366,
		0.130206,
		0,
		-0.808547,
		-0.114367,
		-0.577211,
		0,
		-0.138584,
		0.022921,
		-0.32804,
		1
	},
	[0.75] = {
		0.615771,
		-0.068146,
		-0.784972,
		0,
		0.021389,
		-0.99444,
		0.103109,
		0,
		-0.787635,
		-0.080282,
		-0.61089,
		0,
		-0.126093,
		-0.000484,
		-0.329302,
		1
	},
	[0.766666666667] = {
		0.645568,
		-0.058207,
		-0.761481,
		0,
		-0.006952,
		-0.997498,
		0.070355,
		0,
		-0.763671,
		-0.040125,
		-0.644357,
		0,
		-0.113401,
		-0.025112,
		-0.330955,
		1
	},
	[0.783333333333] = {
		0.6757,
		-0.048787,
		-0.735561,
		0,
		-0.037139,
		-0.998793,
		0.032129,
		0,
		-0.736241,
		0.005609,
		-0.676696,
		0,
		-0.100747,
		-0.050712,
		-0.333167,
		1
	},
	[0.7] = {
		0.530486,
		-0.095791,
		-0.842264,
		0,
		0.088089,
		-0.981986,
		0.167163,
		0,
		-0.843104,
		-0.162872,
		-0.512492,
		0,
		-0.161927,
		0.065192,
		-0.326052,
		1
	},
	[0.816666666667] = {
		0.735781,
		-0.033547,
		-0.676388,
		0,
		-0.099799,
		-0.993239,
		-0.059301,
		0,
		-0.669825,
		0.111136,
		-0.734155,
		0,
		-0.076382,
		-0.103697,
		-0.339936,
		1
	},
	[0.833333333333] = {
		0.76504,
		-0.028655,
		-0.643346,
		0,
		-0.130579,
		-0.98516,
		-0.1114,
		0,
		-0.630606,
		0.169232,
		-0.757428,
		0,
		-0.065006,
		-0.130452,
		-0.34478,
		1
	},
	[0.85] = {
		0.793269,
		-0.026082,
		-0.608312,
		0,
		-0.159864,
		-0.972952,
		-0.166754,
		0,
		-0.587509,
		0.229528,
		-0.775983,
		0,
		-0.054331,
		-0.156934,
		-0.350732,
		1
	},
	[0.866666666667] = {
		0.820102,
		-0.026111,
		-0.571622,
		0,
		-0.1869,
		-0.956393,
		-0.224458,
		0,
		-0.540834,
		0.290914,
		-0.78922,
		0,
		-0.044433,
		-0.182798,
		-0.357838,
		1
	},
	[0.883333333333] = {
		0.845186,
		-0.028898,
		-0.53369,
		0,
		-0.211008,
		-0.935466,
		-0.283513,
		0,
		-0.491056,
		0.352234,
		-0.79674,
		0,
		-0.035361,
		-0.207712,
		-0.366089,
		1
	},
	[0.8] = {
		0.70588,
		-0.040404,
		-0.707178,
		0,
		-0.068369,
		-0.997597,
		-0.011247,
		0,
		-0.705024,
		0.056288,
		-0.706946,
		0,
		-0.088345,
		-0.077009,
		-0.336108,
		1
	},
	[0.916666666667] = {
		0.888964,
		-0.042811,
		-0.455971,
		0,
		-0.248421,
		-0.881497,
		-0.401559,
		0,
		-0.384746,
		0.470245,
		-0.794254,
		0,
		-0.019795,
		-0.25349,
		-0.385706,
		1
	},
	[0.933333333333] = {
		0.907261,
		-0.053692,
		-0.417127,
		0,
		-0.261115,
		-0.849417,
		-0.458595,
		0,
		-0.329692,
		0.524983,
		-0.784663,
		0,
		-0.013338,
		-0.273852,
		-0.396784,
		1
	},
	[0.95] = {
		0.92303,
		-0.066873,
		-0.378873,
		0,
		-0.269671,
		-0.814823,
		-0.513167,
		0,
		-0.274397,
		0.57584,
		-0.77014,
		0,
		-0.007801,
		-0.292274,
		-0.408449,
		1
	},
	[0.966666666667] = {
		0.936274,
		-0.082031,
		-0.341558,
		0,
		-0.274177,
		-0.778495,
		-0.5646,
		0,
		-0.219587,
		0.622267,
		-0.751376,
		0,
		-0.003235,
		-0.308629,
		-0.42047,
		1
	},
	[0.983333333333] = {
		0.947065,
		-0.09881,
		-0.305458,
		0,
		-0.274848,
		-0.741253,
		-0.612375,
		0,
		-0.165913,
		0.663913,
		-0.729172,
		0,
		0.000282,
		-0.322839,
		-0.432607,
		1
	},
	[0.9] = {
		0.868219,
		-0.034489,
		-0.494981,
		0,
		-0.231645,
		-0.910368,
		-0.342885,
		0,
		-0.438789,
		0.412359,
		-0.798388,
		0,
		-0.027142,
		-0.231367,
		-0.375418,
		1
	},
	[1.01666666667] = {
		0.961898,
		-0.135203,
		-0.237639,
		0,
		-0.265685,
		-0.667363,
		-0.695728,
		0,
		-0.064528,
		0.732357,
		-0.677857,
		0,
		0.003888,
		-0.344702,
		-0.456255,
		1
	},
	[1.03333333333] = {
		0.966373,
		-0.153901,
		-0.206004,
		0,
		-0.256531,
		-0.632289,
		-0.731028,
		0,
		-0.017748,
		0.759292,
		-0.650507,
		0,
		0.003749,
		-0.352381,
		-0.467316,
		1
	},
	[1.05] = {
		0.969173,
		-0.172587,
		-0.175834,
		0,
		-0.244991,
		-0.599349,
		-0.762076,
		0,
		0.026138,
		0.781661,
		-0.623155,
		0,
		0.002032,
		-0.357941,
		-0.477584,
		1
	},
	[1.06666666667] = {
		0.970525,
		-0.190974,
		-0.147006,
		0,
		-0.231496,
		-0.56911,
		-0.789001,
		0,
		0.067016,
		0.799777,
		-0.596545,
		0,
		-0.001481,
		-0.361441,
		-0.486877,
		1
	},
	[1.08333333333] = {
		0.970656,
		-0.208787,
		-0.119311,
		0,
		-0.216412,
		-0.54211,
		-0.811962,
		0,
		0.104848,
		0.813956,
		-0.571387,
		0,
		-0.007029,
		-0.362953,
		-0.49504,
		1
	},
	{
		0.955521,
		-0.116831,
		-0.270796,
		0,
		-0.27202,
		-0.703896,
		-0.656152,
		0,
		-0.113953,
		0.700629,
		-0.704368,
		0,
		0.002639,
		-0.334864,
		-0.444612,
		1
	}
}

return spline_matrices
