-- chunkname: @content/characters/player/human/first_person/animations/thunder_hammer/swing_left_hit.lua

local spline_matrices = {
	[0.0166666666667] = {
		-0.238047,
		0.138788,
		-0.961286,
		0,
		-0.885671,
		0.375216,
		0.273495,
		0,
		0.398648,
		0.916488,
		0.033601,
		0,
		-0.105065,
		0.311168,
		-0.180157,
		1
	},
	[0.0333333333333] = {
		-0.241151,
		0.135502,
		-0.960981,
		0,
		-0.938236,
		0.220602,
		0.266549,
		0,
		0.248112,
		0.965906,
		0.073935,
		0,
		-0.121403,
		0.262037,
		-0.187286,
		1
	},
	[0.05] = {
		-0.191851,
		0.180592,
		-0.964666,
		0,
		-0.921746,
		0.304373,
		0.240296,
		0,
		0.337014,
		0.935277,
		0.108066,
		0,
		-0.170928,
		0.258889,
		-0.194482,
		1
	},
	[0.0666666666667] = {
		-0.110356,
		0.232056,
		-0.966422,
		0,
		-0.889698,
		0.410348,
		0.200127,
		0,
		0.44301,
		0.881909,
		0.161176,
		0,
		-0.210702,
		0.26663,
		-0.215117,
		1
	},
	[0.0833333333333] = {
		-0.053652,
		0.244427,
		-0.968182,
		0,
		-0.878153,
		0.450015,
		0.162274,
		0,
		0.475361,
		0.858919,
		0.1905,
		0,
		-0.233197,
		0.267241,
		-0.233415,
		1
	},
	[0] = {
		-0.21089,
		0.138753,
		-0.967612,
		0,
		-0.708057,
		0.660771,
		0.249073,
		0,
		0.673929,
		0.737651,
		-0.041105,
		0,
		-0.115203,
		0.392027,
		-0.163397,
		1
	},
	[0.116666666667] = {
		0.051696,
		0.260046,
		-0.964211,
		0,
		-0.846628,
		0.523493,
		0.095793,
		0,
		0.529668,
		0.811376,
		0.247225,
		0,
		-0.256887,
		0.275724,
		-0.269658,
		1
	},
	[0.133333333333] = {
		0.100775,
		0.261441,
		-0.959944,
		0,
		-0.830993,
		0.552672,
		0.063283,
		0,
		0.547079,
		0.791329,
		0.272952,
		0,
		-0.261585,
		0.280789,
		-0.288266,
		1
	},
	[0.15] = {
		0.147575,
		0.259103,
		-0.954509,
		0,
		-0.816776,
		0.576168,
		0.030122,
		0,
		0.557762,
		0.775175,
		0.296657,
		0,
		-0.263096,
		0.285373,
		-0.307251,
		1
	},
	[0.166666666667] = {
		0.192208,
		0.254027,
		-0.947906,
		0,
		-0.803718,
		0.595,
		-0.003518,
		0,
		0.563111,
		0.762526,
		0.318529,
		0,
		-0.262101,
		0.289474,
		-0.326338,
		1
	},
	[0.183333333333] = {
		0.23481,
		0.24707,
		-0.940117,
		0,
		-0.791436,
		0.610112,
		-0.037333,
		0,
		0.564353,
		0.752808,
		0.3388,
		0,
		-0.259208,
		0.293158,
		-0.345267,
		1
	},
	[0.1] = {
		0.000295,
		0.253785,
		-0.967261,
		0,
		-0.863739,
		0.487506,
		0.127646,
		0,
		0.50394,
		0.835423,
		0.219348,
		0,
		-0.24823,
		0.270284,
		-0.25171,
		1
	},
	[0.216666666667] = {
		0.314539,
		0.230304,
		-0.920883,
		0,
		-0.767393,
		0.632706,
		-0.103879,
		0,
		0.558725,
		0.739353,
		0.375745,
		0,
		-0.249858,
		0.299772,
		-0.381674,
		1
	},
	[0.233333333333] = {
		0.351901,
		0.22164,
		-0.909418,
		0,
		-0.75469,
		0.641919,
		-0.135582,
		0,
		0.553722,
		0.73404,
		0.393162,
		0,
		-0.244361,
		0.30302,
		-0.398701,
		1
	},
	[0.25] = {
		0.387699,
		0.213395,
		-0.896745,
		0,
		-0.740923,
		0.650894,
		-0.16544,
		0,
		0.548382,
		0.72856,
		0.410461,
		0,
		-0.238903,
		0.306474,
		-0.414669,
		1
	},
	[0.266666666667] = {
		0.421974,
		0.205926,
		-0.882911,
		0,
		-0.725661,
		0.660497,
		-0.192767,
		0,
		0.543465,
		0.722037,
		0.428145,
		0,
		-0.23389,
		0.31034,
		-0.429391,
		1
	},
	[0.283333333333] = {
		0.454737,
		0.199496,
		-0.867995,
		0,
		-0.708484,
		0.671598,
		-0.216813,
		0,
		0.53969,
		0.713553,
		0.44674,
		0,
		-0.229703,
		0.314838,
		-0.442686,
		1
	},
	[0.2] = {
		0.275545,
		0.238949,
		-0.931117,
		0,
		-0.779485,
		0.62239,
		-0.070951,
		0,
		0.562564,
		0.745341,
		0.357754,
		0,
		-0.254961,
		0.296541,
		-0.36379,
		1
	},
	[0.316666666667] = {
		0.515904,
		0.18943,
		-0.835439,
		0,
		-0.668707,
		0.698599,
		-0.25454,
		0,
		0.53542,
		0.689982,
		0.487084,
		0,
		-0.224267,
		0.326042,
		-0.464307,
		1
	},
	[0.333333333333] = {
		0.544535,
		0.183933,
		-0.818322,
		0,
		-0.649184,
		0.710199,
		-0.272355,
		0,
		0.531076,
		0.679548,
		0.506135,
		0,
		-0.222015,
		0.331957,
		-0.47264,
		1
	},
	[0.35] = {
		0.571792,
		0.178118,
		-0.80083,
		0,
		-0.63033,
		0.720178,
		-0.289875,
		0,
		0.525108,
		0.670535,
		0.524065,
		0,
		-0.219876,
		0.337852,
		-0.479537,
		1
	},
	[0.366666666667] = {
		0.597557,
		0.172247,
		-0.783107,
		0,
		-0.612053,
		0.72892,
		-0.306704,
		0,
		0.517994,
		0.662576,
		0.540995,
		0,
		-0.21783,
		0.343678,
		-0.485173,
		1
	},
	[0.383333333333] = {
		0.621741,
		0.166529,
		-0.765315,
		0,
		-0.594276,
		0.736784,
		-0.322468,
		0,
		0.510171,
		0.6553,
		0.557053,
		0,
		-0.215852,
		0.349393,
		-0.489727,
		1
	},
	[0.3] = {
		0.485997,
		0.194326,
		-0.852082,
		0,
		-0.689015,
		0.684979,
		-0.236773,
		0,
		0.537648,
		0.702169,
		0.466791,
		0,
		-0.226635,
		0.320173,
		-0.454366,
		1
	},
	[0.416666666667] = {
		0.665047,
		0.156436,
		-0.730233,
		0,
		-0.560027,
		0.751342,
		-0.349077,
		0,
		0.494046,
		0.641103,
		0.587286,
		0,
		-0.211895,
		0.360482,
		-0.496238,
		1
	},
	[0.433333333333] = {
		0.68402,
		0.152372,
		-0.713372,
		0,
		-0.543508,
		0.75872,
		-0.359087,
		0,
		0.486534,
		0.633346,
		0.601795,
		0,
		-0.209715,
		0.36601,
		-0.498407,
		1
	},
	[0.45] = {
		0.701103,
		0.149171,
		-0.697282,
		0,
		-0.527388,
		0.766619,
		-0.366274,
		0,
		0.479913,
		0.624534,
		0.61615,
		0,
		-0.207359,
		0.371528,
		-0.500096,
		1
	},
	[0.466666666667] = {
		0.71627,
		0.146965,
		-0.682172,
		0,
		-0.511658,
		0.775346,
		-0.370196,
		0,
		0.474513,
		0.614199,
		0.630553,
		0,
		-0.204809,
		0.377008,
		-0.501516,
		1
	},
	[0.483333333333] = {
		0.72948,
		0.14588,
		-0.668265,
		0,
		-0.496306,
		0.785181,
		-0.370367,
		0,
		0.47068,
		0.601839,
		0.645174,
		0,
		-0.20204,
		0.382407,
		-0.502872,
		1
	},
	[0.4] = {
		0.644268,
		0.16121,
		-0.747616,
		0,
		-0.576944,
		0.744143,
		-0.336729,
		0,
		0.502049,
		0.648277,
		0.572437,
		0,
		-0.21391,
		0.354968,
		-0.493381,
		1
	},
	[0.516666666667] = {
		0.749417,
		0.149138,
		-0.645083,
		0,
		-0.468655,
		0.807714,
		-0.357716,
		0,
		0.467693,
		0.5704,
		0.675209,
		0,
		-0.196088,
		0.392636,
		-0.505352,
		1
	},
	[0.533333333333] = {
		0.75556,
		0.156171,
		-0.636192,
		0,
		-0.459754,
		0.818223,
		-0.345161,
		0,
		0.466643,
		0.553282,
		0.690017,
		0,
		-0.193614,
		0.397228,
		-0.505277,
		1
	},
	[0.55] = {
		0.75966,
		0.16615,
		-0.628738,
		0,
		-0.453578,
		0.8282,
		-0.329167,
		0,
		0.466029,
		0.535237,
		0.704513,
		0,
		-0.191582,
		0.401597,
		-0.504434,
		1
	},
	[0.566666666667] = {
		0.762212,
		0.178079,
		-0.622351,
		0,
		-0.449056,
		0.837926,
		-0.310208,
		0,
		0.466242,
		0.515914,
		0.718645,
		0,
		-0.189952,
		0.405866,
		-0.503117,
		1
	},
	[0.583333333333] = {
		0.763696,
		0.190938,
		-0.616693,
		0,
		-0.445085,
		0.847664,
		-0.288731,
		0,
		0.467619,
		0.494984,
		0.732341,
		0,
		-0.188663,
		0.410148,
		-0.501606,
		1
	},
	[0.5] = {
		0.740696,
		0.146041,
		-0.655775,
		0,
		-0.481303,
		0.796358,
		-0.366281,
		0,
		0.46874,
		0.58693,
		0.660149,
		0,
		-0.199019,
		0.387676,
		-0.504363,
		1
	},
	[0.616666666667] = {
		0.765366,
		0.215287,
		-0.606521,
		0,
		-0.434311,
		0.868237,
		-0.239871,
		0,
		0.474963,
		0.447008,
		0.75802,
		0,
		-0.186773,
		0.419174,
		-0.499091,
		1
	},
	[0.633333333333] = {
		0.76651,
		0.224661,
		-0.601655,
		0,
		-0.425217,
		0.879604,
		-0.213279,
		0,
		0.481303,
		0.419315,
		0.769755,
		0,
		-0.185955,
		0.424155,
		-0.498606,
		1
	},
	[0.65] = {
		0.768481,
		0.230721,
		-0.596829,
		0,
		-0.412079,
		0.892011,
		-0.185763,
		0,
		0.489519,
		0.388696,
		0.780568,
		0,
		-0.185143,
		0.429725,
		-0.498952,
		1
	},
	[0.666666666667] = {
		0.771657,
		0.232355,
		-0.592078,
		0,
		-0.39368,
		0.905622,
		-0.157683,
		0,
		0.49956,
		0.354767,
		0.790304,
		0,
		-0.184219,
		0.436112,
		-0.500343,
		1
	},
	[0.683333333333] = {
		0.776307,
		0.228407,
		-0.587518,
		0,
		-0.368754,
		0.920476,
		-0.129398,
		0,
		0.511241,
		0.317102,
		0.798798,
		0,
		-0.182879,
		0.443464,
		-0.503007,
		1
	},
	[0.6] = {
		0.764593,
		0.203691,
		-0.61148,
		0,
		-0.440548,
		0.857676,
		-0.265158,
		0,
		0.470442,
		0.472125,
		0.745508,
		0,
		-0.187636,
		0.414547,
		-0.500176,
		1
	},
	[0.716666666667] = {
		0.786475,
		0.196891,
		-0.585399,
		0,
		-0.279688,
		0.958608,
		-0.053341,
		0,
		0.550666,
		0.20568,
		0.808989,
		0,
		-0.179793,
		0.468698,
		-0.511586,
		1
	},
	[0.733333333333] = {
		0.790178,
		0.172778,
		-0.588019,
		0,
		-0.220332,
		0.975379,
		-0.009485,
		0,
		0.571902,
		0.137054,
		0.808792,
		0,
		-0.176319,
		0.484689,
		-0.516397,
		1
	},
	[0.75] = {
		0.792873,
		0.147219,
		-0.591337,
		0,
		-0.160636,
		0.986551,
		0.030228,
		0,
		0.587834,
		0.071023,
		0.805858,
		0,
		-0.170491,
		0.499098,
		-0.521577,
		1
	},
	[0.766666666667] = {
		0.795407,
		0.123151,
		-0.593432,
		0,
		-0.108782,
		0.992247,
		0.060109,
		0,
		0.596234,
		0.016743,
		0.802636,
		0,
		-0.162666,
		0.508708,
		-0.528121,
		1
	},
	[0.783333333333] = {
		0.799279,
		0.103303,
		-0.592015,
		0,
		-0.073016,
		0.99451,
		0.074958,
		0,
		0.596508,
		-0.016686,
		0.802434,
		0,
		-0.153786,
		0.510236,
		-0.537347,
		1
	},
	[0.7] = {
		0.781683,
		0.216461,
		-0.584907,
		0,
		-0.331257,
		0.938715,
		-0.095302,
		0,
		0.528432,
		0.268251,
		0.805482,
		0,
		-0.18154,
		0.454098,
		-0.506971,
		1
	},
	[0.816666666667] = {
		0.815023,
		0.072532,
		-0.574871,
		0,
		-0.050421,
		0.997249,
		0.054339,
		0,
		0.577231,
		-0.015302,
		0.816438,
		0,
		-0.130856,
		0.481857,
		-0.568937,
		1
	},
	[0.833333333333] = {
		0.825562,
		0.059643,
		-0.56115,
		0,
		-0.053724,
		0.998189,
		0.027057,
		0,
		0.561748,
		0.00781,
		0.827272,
		0,
		-0.117289,
		0.456084,
		-0.58947,
		1
	},
	[0.85] = {
		0.836494,
		0.048636,
		-0.545814,
		0,
		-0.061495,
		0.998093,
		-0.005308,
		0,
		0.544515,
		0.038005,
		0.83789,
		0,
		-0.103474,
		0.426627,
		-0.610772,
		1
	},
	[0.866666666667] = {
		0.846772,
		0.039381,
		-0.530496,
		0,
		-0.070075,
		0.996823,
		-0.037853,
		0,
		0.52732,
		0.069227,
		0.846842,
		0,
		-0.090438,
		0.396895,
		-0.63122,
		1
	},
	[0.883333333333] = {
		0.855419,
		0.031413,
		-0.516983,
		0,
		-0.076126,
		0.994944,
		-0.065506,
		0,
		0.512312,
		0.095391,
		0.853485,
		0,
		-0.079478,
		0.370621,
		-0.649505,
		1
	},
	[0.8] = {
		0.805932,
		0.087162,
		-0.585557,
		0,
		-0.055504,
		0.99587,
		0.071846,
		0,
		0.589401,
		-0.025402,
		0.807441,
		0,
		-0.143322,
		0.500859,
		-0.550978,
		1
	},
	[0.916666666667] = {
		0.864448,
		0.017608,
		-0.502414,
		0,
		-0.071814,
		0.993462,
		-0.088744,
		0,
		0.497567,
		0.112795,
		0.860061,
		0,
		-0.070256,
		0.343175,
		-0.675409,
		1
	},
	[0.933333333333] = {
		0.865097,
		0.012855,
		-0.50144,
		0,
		-0.065116,
		0.994091,
		-0.086855,
		0,
		0.49736,
		0.10779,
		0.860822,
		0,
		-0.072706,
		0.341704,
		-0.682681,
		1
	},
	[0.95] = {
		0.864887,
		0.008971,
		-0.501886,
		0,
		-0.057968,
		0.994936,
		-0.082111,
		0,
		0.498608,
		0.10011,
		0.861027,
		0,
		-0.076523,
		0.342904,
		-0.6884,
		1
	},
	[0.966666666667] = {
		0.865219,
		0.00521,
		-0.501366,
		0,
		-0.051856,
		0.995514,
		-0.079144,
		0,
		0.498705,
		0.094476,
		0.861608,
		0,
		-0.078698,
		0.342051,
		-0.694597,
		1
	},
	[0.9] = {
		0.861528,
		0.023983,
		-0.507143,
		0,
		-0.076598,
		0.99359,
		-0.083137,
		0,
		0.501898,
		0.110471,
		0.857843,
		0,
		-0.072128,
		0.351817,
		-0.664615,
		1
	}
}

return spline_matrices
