local spline_matrices = {
	[0] = {
		0.906958,
		-0.236248,
		-0.348732,
		0,
		-0.352094,
		0.029237,
		-0.935508,
		0,
		0.231208,
		0.971253,
		-0.056665,
		0,
		-0.099139,
		-0.403474,
		-0.568838,
		1
	},
	{
		0.931985,
		-0.054549,
		-0.35837,
		0,
		-0.27353,
		-0.754572,
		-0.596492,
		0,
		-0.237877,
		0.653947,
		-0.71817,
		0,
		0.064336,
		-0.441594,
		-0.335829,
		1
	},
	[0.0166666666667] = {
		0.867866,
		-0.338502,
		-0.363628,
		0,
		-0.345859,
		0.113769,
		-0.931364,
		0,
		0.356638,
		0.934063,
		-0.018338,
		0,
		-0.144281,
		-0.359093,
		-0.574942,
		1
	},
	[0.0333333333333] = {
		0.781467,
		-0.469678,
		-0.410746,
		0,
		-0.302608,
		0.290403,
		-0.907797,
		0,
		0.545654,
		0.833708,
		0.084812,
		0,
		-0.194901,
		-0.272145,
		-0.589975,
		1
	},
	[0.05] = {
		0.643527,
		-0.582651,
		-0.496378,
		0,
		-0.193087,
		0.503954,
		-0.841871,
		0,
		0.740669,
		0.637611,
		0.211806,
		0,
		-0.22397,
		-0.140209,
		-0.597651,
		1
	},
	[0.0666666666667] = {
		0.47809,
		-0.633763,
		-0.608091,
		0,
		-0.020926,
		0.683925,
		-0.729252,
		0,
		0.878062,
		0.361373,
		0.313715,
		0,
		-0.209809,
		0.015091,
		-0.583313,
		1
	},
	[0.0833333333333] = {
		0.324729,
		-0.614358,
		-0.719107,
		0,
		0.173332,
		0.78609,
		-0.593312,
		0,
		0.929789,
		0.068021,
		0.361754,
		0,
		-0.153666,
		0.157697,
		-0.547152,
		1
	},
	[0.116666666667] = {
		0.102833,
		-0.443094,
		-0.890558,
		0,
		0.529564,
		0.782263,
		-0.328064,
		0,
		0.842014,
		-0.437872,
		0.315089,
		0,
		0.021375,
		0.353876,
		-0.461501,
		1
	},
	[0.133333333333] = {
		0.018504,
		-0.267834,
		-0.963287,
		0,
		0.730935,
		0.661,
		-0.169744,
		0,
		0.682196,
		-0.70096,
		0.208,
		0,
		0.150704,
		0.42959,
		-0.406538,
		1
	},
	[0.15] = {
		-0.009645,
		-0.046738,
		-0.998861,
		0,
		0.891248,
		0.452537,
		-0.029781,
		0,
		0.453413,
		-0.89052,
		0.03729,
		0,
		0.290459,
		0.464377,
		-0.344195,
		1
	},
	[0.166666666667] = {
		0.022112,
		0.163601,
		-0.986279,
		0,
		0.973327,
		0.221808,
		0.058615,
		0,
		0.228354,
		-0.961268,
		-0.154332,
		0,
		0.408491,
		0.45511,
		-0.290313,
		1
	},
	[0.183333333333] = {
		0.076729,
		0.316431,
		-0.945507,
		0,
		0.993515,
		0.055545,
		0.099214,
		0,
		0.083912,
		-0.946988,
		-0.310117,
		0,
		0.482581,
		0.424477,
		-0.257307,
		1
	},
	[0.1] = {
		0.208765,
		-0.550176,
		-0.808532,
		0,
		0.345898,
		0.814849,
		-0.465163,
		0,
		0.914752,
		-0.18256,
		0.360417,
		0,
		-0.076671,
		0.2632,
		-0.505045,
		1
	},
	[0.216666666667] = {
		0.086041,
		0.425835,
		-0.900701,
		0,
		0.98948,
		0.06901,
		0.127149,
		0,
		0.116302,
		-0.902165,
		-0.415417,
		0,
		0.502287,
		0.39302,
		-0.246055,
		1
	},
	[0.233333333333] = {
		0.037099,
		0.424211,
		-0.904803,
		0,
		0.982814,
		0.148354,
		0.109853,
		0,
		0.180832,
		-0.893329,
		-0.411417,
		0,
		0.492704,
		0.40956,
		-0.245414,
		1
	},
	[0.25] = {
		-0.030209,
		0.396441,
		-0.917563,
		0,
		0.96616,
		0.246848,
		0.074844,
		0,
		0.25617,
		-0.884251,
		-0.390483,
		0,
		0.476211,
		0.441597,
		-0.242699,
		1
	},
	[0.266666666667] = {
		-0.105689,
		0.347099,
		-0.931854,
		0,
		0.933464,
		0.357627,
		0.027338,
		0,
		0.342745,
		-0.866964,
		-0.361802,
		0,
		0.45124,
		0.482717,
		-0.236773,
		1
	},
	[0.283333333333] = {
		-0.180175,
		0.282499,
		-0.942195,
		0,
		0.87969,
		0.474844,
		-0.02585,
		0,
		0.440093,
		-0.833497,
		-0.334066,
		0,
		0.416396,
		0.525994,
		-0.226099,
		1
	},
	[0.2] = {
		0.105657,
		0.398003,
		-0.911279,
		0,
		0.992446,
		0.015251,
		0.121729,
		0,
		0.062346,
		-0.917257,
		-0.393386,
		0,
		0.506445,
		0.398328,
		-0.246221,
		1
	},
	[0.316666666667] = {
		-0.299349,
		0.140395,
		-0.943758,
		0,
		0.690906,
		0.714071,
		-0.112921,
		0,
		0.658057,
		-0.685851,
		-0.310756,
		0,
		0.322285,
		0.602305,
		-0.192806,
		1
	},
	[0.333333333333] = {
		-0.337154,
		0.08188,
		-0.937882,
		0,
		0.543966,
		0.830031,
		-0.123083,
		0,
		0.768393,
		-0.551674,
		-0.324388,
		0,
		0.265132,
		0.625629,
		-0.168978,
		1
	},
	[0.35] = {
		-0.36118,
		0.046469,
		-0.931338,
		0,
		0.351742,
		0.931769,
		-0.089918,
		0,
		0.863613,
		-0.360067,
		-0.352881,
		0,
		0.204624,
		0.62782,
		-0.139928,
		1
	},
	[0.366666666667] = {
		-0.392499,
		0.092209,
		-0.915119,
		0,
		0.059797,
		0.995415,
		0.074653,
		0,
		0.917807,
		-0.02542,
		-0.396213,
		0,
		0.140933,
		0.612662,
		-0.097642,
		1
	},
	[0.383333333333] = {
		-0.465099,
		0.182375,
		-0.866269,
		0,
		-0.297415,
		0.88948,
		0.346943,
		0,
		0.833803,
		0.419004,
		-0.359455,
		0,
		0.083751,
		0.583605,
		-0.060622,
		1
	},
	[0.3] = {
		-0.24635,
		0.210589,
		-0.946025,
		0,
		0.800477,
		0.594511,
		-0.076108,
		0,
		0.546395,
		-0.776021,
		-0.315029,
		0,
		0.373159,
		0.567452,
		-0.211672,
		1
	},
	[0.416666666667] = {
		-0.483196,
		0.160961,
		-0.860589,
		0,
		-0.822174,
		0.254426,
		0.509213,
		0,
		0.30092,
		0.953603,
		0.0094,
		0,
		-0.08522,
		0.445692,
		-0.048735,
		1
	},
	[0.433333333333] = {
		-0.449922,
		0.130302,
		-0.883511,
		0,
		-0.889281,
		-0.156377,
		0.429798,
		0,
		-0.082158,
		0.979065,
		0.186232,
		0,
		-0.183465,
		0.341189,
		-0.053472,
		1
	},
	[0.45] = {
		-0.483905,
		0.089821,
		-0.870499,
		0,
		-0.765013,
		-0.526456,
		0.370944,
		0,
		-0.424961,
		0.845445,
		0.323468,
		0,
		-0.199592,
		0.262279,
		-0.093311,
		1
	},
	[0.466666666667] = {
		-0.503844,
		0.002408,
		-0.863791,
		0,
		-0.538356,
		-0.782899,
		0.311836,
		0,
		-0.675511,
		0.622144,
		0.395756,
		0,
		-0.184537,
		0.21267,
		-0.148116,
		1
	},
	[0.483333333333] = {
		-0.49855,
		-0.156524,
		-0.852612,
		0,
		-0.26962,
		-0.906779,
		0.324124,
		0,
		-0.823864,
		0.391474,
		0.409873,
		0,
		-0.149865,
		0.180298,
		-0.196107,
		1
	},
	[0.4] = {
		-0.523165,
		0.203153,
		-0.827664,
		0,
		-0.589921,
		0.614569,
		0.523735,
		0,
		0.615055,
		0.762256,
		-0.201677,
		0,
		0.02316,
		0.539286,
		-0.048483,
		1
	},
	[0.516666666667] = {
		-0.386397,
		-0.469103,
		-0.794128,
		0,
		0.187967,
		-0.882981,
		0.430131,
		0,
		-0.902976,
		0.016932,
		0.429357,
		0,
		-0.101372,
		0.170419,
		-0.270482,
		1
	},
	[0.533333333333] = {
		-0.320185,
		-0.522008,
		-0.790562,
		0,
		0.280992,
		-0.849271,
		0.446969,
		0,
		-0.904724,
		-0.079029,
		0.418604,
		0,
		-0.101881,
		0.166383,
		-0.285958,
		1
	},
	[0.55] = {
		-0.252364,
		-0.554603,
		-0.792924,
		0,
		0.351917,
		-0.815937,
		0.458695,
		0,
		-0.901369,
		-0.163285,
		0.401088,
		0,
		-0.102838,
		0.160241,
		-0.29906,
		1
	},
	[0.566666666667] = {
		-0.186157,
		-0.56969,
		-0.800499,
		0,
		0.40403,
		-0.787052,
		0.466163,
		0,
		-0.895603,
		-0.236647,
		0.376687,
		0,
		-0.103317,
		0.152041,
		-0.309798,
		1
	},
	[0.583333333333] = {
		-0.123247,
		-0.570041,
		-0.81232,
		0,
		0.440515,
		-0.764919,
		0.469942,
		0,
		-0.889245,
		-0.29992,
		0.345385,
		0,
		-0.102698,
		0.141946,
		-0.318236,
		1
	},
	[0.5] = {
		-0.455651,
		-0.346035,
		-0.820147,
		0,
		0.007213,
		-0.922755,
		0.38532,
		0,
		-0.890129,
		0.169656,
		0.42295,
		0,
		-0.114725,
		0.170999,
		-0.240332,
		1
	},
	[0.616666666667] = {
		-0.009109,
		-0.536085,
		-0.844115,
		0,
		0.476981,
		-0.744255,
		0.467518,
		0,
		-0.878866,
		-0.398368,
		0.262482,
		0,
		-0.09686,
		0.116786,
		-0.328667,
		1
	},
	[0.633333333333] = {
		0.042703,
		-0.505733,
		-0.861633,
		0,
		0.480783,
		-0.745593,
		0.461452,
		0,
		-0.875799,
		-0.433964,
		0.211308,
		0,
		-0.09142,
		0.102003,
		-0.330966,
		1
	},
	[0.65] = {
		0.091913,
		-0.468695,
		-0.878565,
		0,
		0.476675,
		-0.75393,
		0.452073,
		0,
		-0.874261,
		-0.460342,
		0.154119,
		0,
		-0.08435,
		0.085869,
		-0.331571,
		1
	},
	[0.666666666667] = {
		0.139212,
		-0.426453,
		-0.893733,
		0,
		0.465757,
		-0.768266,
		0.439134,
		0,
		-0.873894,
		-0.477394,
		0.091672,
		0,
		-0.075316,
		0.068596,
		-0.330708,
		1
	},
	[0.683333333333] = {
		0.185375,
		-0.380477,
		-0.906021,
		0,
		0.448925,
		-0.787373,
		0.422504,
		0,
		-0.874129,
		-0.485057,
		0.024846,
		0,
		-0.064097,
		0.050375,
		-0.328509,
		1
	},
	[0.6] = {
		-0.064253,
		-0.558131,
		-0.827261,
		0,
		0.464104,
		-0.750584,
		0.470352,
		0,
		-0.883447,
		-0.353714,
		0.307258,
		0,
		-0.100606,
		0.13014,
		-0.324479,
		1
	},
	[0.716666666667] = {
		0.27669,
		-0.283338,
		-0.918239,
		0,
		0.399099,
		-0.835355,
		0.378023,
		0,
		-0.874164,
		-0.471063,
		-0.118054,
		0,
		-0.036395,
		0.01094,
		-0.320502,
		1
	},
	[0.733333333333] = {
		0.322584,
		-0.23535,
		-0.916815,
		0,
		0.366558,
		-0.861955,
		0.350242,
		0,
		-0.872682,
		-0.449048,
		-0.191783,
		0,
		-0.020626,
		-0.010424,
		-0.314995,
		1
	},
	[0.75] = {
		0.368736,
		-0.189968,
		-0.909915,
		0,
		0.329105,
		-0.888806,
		0.318928,
		0,
		-0.869324,
		-0.417058,
		-0.265215,
		0,
		-0.004071,
		-0.032987,
		-0.308766,
		1
	},
	[0.766666666667] = {
		0.414876,
		-0.148879,
		-0.897615,
		0,
		0.286828,
		-0.914823,
		0.284304,
		0,
		-0.863486,
		-0.375413,
		-0.336835,
		0,
		0.012904,
		-0.056791,
		-0.302091,
		1
	},
	[0.783333333333] = {
		0.461194,
		-0.111746,
		-0.880234,
		0,
		0.240051,
		-0.939329,
		0.245022,
		0,
		-0.85421,
		-0.324304,
		-0.406389,
		0,
		0.029684,
		-0.082002,
		-0.295355,
		1
	},
	[0.7] = {
		0.231043,
		-0.332255,
		-0.914454,
		0,
		0.426613,
		-0.810118,
		0.402132,
		0,
		-0.874426,
		-0.483028,
		-0.045427,
		0,
		-0.051007,
		0.031179,
		-0.325064,
		1
	},
	[0.816666666667] = {
		0.555129,
		-0.047468,
		-0.830408,
		0,
		0.136296,
		-0.979684,
		0.147114,
		0,
		-0.820521,
		-0.194849,
		-0.537382,
		0,
		0.059912,
		-0.137191,
		-0.283174,
		1
	},
	[0.833333333333] = {
		0.601901,
		-0.021897,
		-0.79827,
		0,
		0.081425,
		-0.992731,
		0.088626,
		0,
		-0.794409,
		-0.118343,
		-0.595743,
		0,
		0.072382,
		-0.166974,
		-0.278469,
		1
	},
	[0.85] = {
		0.647795,
		-0.001572,
		-0.761813,
		0,
		0.026308,
		-0.999355,
		0.024433,
		0,
		-0.761361,
		-0.035869,
		-0.647336,
		0,
		0.08255,
		-0.19787,
		-0.275223,
		1
	},
	[0.866666666667] = {
		0.692071,
		0.013037,
		-0.721712,
		0,
		-0.0276,
		-0.998628,
		-0.044506,
		0,
		-0.721302,
		0.050721,
		-0.690761,
		0,
		0.09014,
		-0.22946,
		-0.273808,
		1
	},
	[0.883333333333] = {
		0.734107,
		0.021699,
		-0.678687,
		0,
		-0.078825,
		-0.990009,
		-0.116914,
		0,
		-0.674443,
		0.139325,
		-0.725062,
		0,
		0.095007,
		-0.261215,
		-0.274522,
		1
	},
	[0.8] = {
		0.508061,
		-0.077677,
		-0.857812,
		0,
		0.189555,
		-0.961425,
		0.199328,
		0,
		-0.840204,
		-0.263873,
		-0.473738,
		0,
		0.045525,
		-0.108815,
		-0.288934,
		1
	},
	[0.916666666667] = {
		0.809169,
		0.021562,
		-0.58718,
		0,
		-0.16777,
		-0.949246,
		-0.266054,
		0,
		-0.563115,
		0.313793,
		-0.764484,
		0,
		0.09665,
		-0.322818,
		-0.282911,
		1
	},
	[0.933333333333] = {
		0.841332,
		0.013576,
		-0.540349,
		0,
		-0.203289,
		-0.918339,
		-0.339597,
		0,
		-0.500834,
		0.395561,
		-0.769868,
		0,
		0.093761,
		-0.351471,
		-0.290495,
		1
	},
	[0.95] = {
		0.869637,
		0.001162,
		-0.49369,
		0,
		-0.231851,
		-0.881901,
		-0.410483,
		0,
		-0.435862,
		0.471434,
		-0.766664,
		0,
		0.088763,
		-0.377998,
		-0.300025,
		1
	},
	[0.966666666667] = {
		0.894077,
		-0.014883,
		-0.447667,
		0,
		-0.253091,
		-0.841392,
		-0.477498,
		0,
		-0.369556,
		0.540221,
		-0.756036,
		0,
		0.081983,
		-0.402012,
		-0.311097,
		1
	},
	[0.983333333333] = {
		0.91478,
		-0.033725,
		-0.402542,
		0,
		-0.266931,
		-0.798409,
		-0.539714,
		0,
		-0.303191,
		0.60117,
		-0.739371,
		0,
		0.073743,
		-0.423253,
		-0.323216,
		1
	},
	[0.9] = {
		0.773306,
		0.024445,
		-0.633561,
		0,
		-0.125957,
		-0.973417,
		-0.191298,
		0,
		-0.621395,
		0.227734,
		-0.74967,
		0,
		0.097139,
		-0.292539,
		-0.277545,
		1
	},
	[1.01666666667] = {
		0.945992,
		-0.076596,
		-0.315012,
		0,
		-0.273209,
		-0.711436,
		-0.647469,
		0,
		-0.174518,
		0.698565,
		-0.693939,
		0,
		0.054004,
		-0.457023,
		-0.348361,
		1
	},
	[1.03333333333] = {
		0.957047,
		-0.098525,
		-0.27268,
		0,
		-0.266262,
		-0.670877,
		-0.692119,
		0,
		-0.114744,
		0.734995,
		-0.668294,
		0,
		0.043304,
		-0.469662,
		-0.360531,
		1
	},
	[1.05] = {
		0.965451,
		-0.119426,
		-0.231608,
		0,
		-0.253662,
		-0.634232,
		-0.730346,
		0,
		-0.059671,
		0.763864,
		-0.642613,
		0,
		0.032477,
		-0.479654,
		-0.372263,
		1
	},
	[1.06666666667] = {
		0.971552,
		-0.139385,
		-0.191465,
		0,
		-0.236658,
		-0.601987,
		-0.76263,
		0,
		-0.00896,
		0.786247,
		-0.617848,
		0,
		0.021169,
		-0.487089,
		-0.383337,
		1
	},
	[1.08333333333] = {
		0.975571,
		-0.158646,
		-0.151964,
		0,
		-0.216385,
		-0.57447,
		-0.789406,
		0,
		0.037937,
		0.803004,
		-0.594765,
		0,
		0.00889,
		-0.492011,
		-0.393593,
		1
	},
	[1.1] = {
		0.97764,
		-0.177539,
		-0.112695,
		0,
		-0.193726,
		-0.551943,
		-0.811067,
		0,
		0.081795,
		0.814763,
		-0.573995,
		0,
		-0.004877,
		-0.494406,
		-0.40292,
		1
	}
}

return spline_matrices
