-- chunkname: @content/characters/player/human/first_person/animations/thunder_hammer/swing_left_diagonal.lua

local spline_matrices = {
	[0.0166666666667] = {
		0.578478,
		-0.138689,
		-0.803821,
		0,
		0.815666,
		0.107031,
		0.568536,
		0,
		0.007184,
		-0.984535,
		0.175039,
		0,
		0.374391,
		0.416889,
		0.005316,
		1
	},
	[0.0333333333333] = {
		0.578289,
		-0.117201,
		-0.807369,
		0,
		0.815337,
		0.117505,
		0.566938,
		0,
		0.028424,
		-0.986132,
		0.16351,
		0,
		0.383147,
		0.423504,
		0.01328,
		1
	},
	[0.05] = {
		0.586432,
		-0.07069,
		-0.806908,
		0,
		0.80904,
		0.099566,
		0.579258,
		0,
		0.039393,
		-0.992517,
		0.11558,
		0,
		0.386145,
		0.424394,
		0.016825,
		1
	},
	[0.0666666666667] = {
		0.588886,
		-0.030998,
		-0.807621,
		0,
		0.805414,
		0.105649,
		0.583221,
		0,
		0.067245,
		-0.99392,
		0.087182,
		0,
		0.380272,
		0.434488,
		0.01828,
		1
	},
	[0.0833333333333] = {
		0.587215,
		0.000302,
		-0.809431,
		0,
		0.802109,
		0.133987,
		0.581953,
		0,
		0.108629,
		-0.990983,
		0.078437,
		0,
		0.366444,
		0.452188,
		0.016956,
		1
	},
	[0] = {
		0.592078,
		-0.114546,
		-0.797699,
		0,
		0.804131,
		0.018784,
		0.594155,
		0,
		-0.053075,
		-0.99324,
		0.103231,
		0,
		0.36495,
		0.391084,
		-0.00889,
		1
	},
	[0.116666666667] = {
		0.57946,
		0.03235,
		-0.814359,
		0,
		0.782086,
		0.259026,
		0.566786,
		0,
		0.229276,
		-0.965328,
		0.124795,
		0,
		0.315679,
		0.505013,
		-0.000471,
		1
	},
	[0.133333333333] = {
		0.577106,
		0.035859,
		-0.815882,
		0,
		0.753491,
		0.361911,
		0.548882,
		0,
		0.314959,
		-0.931523,
		0.181842,
		0,
		0.276363,
		0.537741,
		-0.019584,
		1
	},
	[0.15] = {
		0.578349,
		0.033297,
		-0.81511,
		0,
		0.697398,
		0.498221,
		0.515181,
		0,
		0.423259,
		-0.86641,
		0.264924,
		0,
		0.225326,
		0.571025,
		-0.048436,
		1
	},
	[0.166666666667] = {
		0.585793,
		0.027203,
		-0.810004,
		0,
		0.590429,
		0.670325,
		0.449509,
		0,
		0.555193,
		-0.741569,
		0.37661,
		0,
		0.160578,
		0.598466,
		-0.089661,
		1
	},
	[0.183333333333] = {
		0.602816,
		0.022755,
		-0.797556,
		0,
		0.392128,
		0.862096,
		0.320978,
		0,
		0.694873,
		-0.506234,
		0.510762,
		0,
		0.082702,
		0.607515,
		-0.144773,
		1
	},
	[0.1] = {
		0.583433,
		0.021009,
		-0.81189,
		0,
		0.795882,
		0.184364,
		0.5767,
		0,
		0.161799,
		-0.982633,
		0.090843,
		0,
		0.345232,
		0.47597,
		0.011146,
		1
	},
	[0.216666666667] = {
		0.687014,
		0.0737,
		-0.722897,
		0,
		-0.575022,
		0.663365,
		-0.478848,
		0,
		0.444254,
		0.744657,
		0.49812,
		0,
		-0.044419,
		0.479419,
		-0.25577,
		1
	},
	[0.233333333333] = {
		0.514945,
		0.234657,
		-0.82448,
		0,
		-0.730505,
		-0.383144,
		-0.565299,
		0,
		-0.448546,
		0.893385,
		-0.02588,
		0,
		-0.104057,
		0.346997,
		-0.241018,
		1
	},
	[0.25] = {
		0.43334,
		0.224532,
		-0.872813,
		0,
		-0.53866,
		-0.711916,
		-0.450578,
		0,
		-0.722539,
		0.665403,
		-0.187555,
		0,
		-0.137795,
		0.328627,
		-0.245634,
		1
	},
	[0.266666666667] = {
		0.403793,
		0.210185,
		-0.890378,
		0,
		-0.432303,
		-0.813897,
		-0.388183,
		0,
		-0.806266,
		0.541659,
		-0.237783,
		0,
		-0.173627,
		0.300641,
		-0.259908,
		1
	},
	[0.283333333333] = {
		0.400445,
		0.20566,
		-0.892943,
		0,
		-0.411937,
		-0.830059,
		-0.375912,
		0,
		-0.818506,
		0.518368,
		-0.247674,
		0,
		-0.207521,
		0.260181,
		-0.275842,
		1
	},
	[0.2] = {
		0.651551,
		0.002912,
		-0.7586,
		0,
		-0.044791,
		0.998396,
		-0.034638,
		0,
		0.757282,
		0.056547,
		0.650636,
		0,
		0.009171,
		0.578713,
		-0.219219,
		1
	},
	[0.316666666667] = {
		0.417984,
		0.200937,
		-0.885954,
		0,
		-0.461062,
		-0.793375,
		-0.397464,
		0,
		-0.782759,
		0.574613,
		-0.238974,
		0,
		-0.250745,
		0.162745,
		-0.302284,
		1
	},
	[0.333333333333] = {
		0.413124,
		0.184351,
		-0.89182,
		0,
		-0.436083,
		-0.81967,
		-0.371446,
		0,
		-0.799475,
		0.542361,
		-0.258233,
		0,
		-0.25813,
		0.1309,
		-0.308714,
		1
	},
	[0.35] = {
		0.394657,
		0.150749,
		-0.906378,
		0,
		-0.356922,
		-0.883829,
		-0.302411,
		0,
		-0.846671,
		0.442855,
		-0.295004,
		0,
		-0.257715,
		0.119024,
		-0.31087,
		1
	},
	[0.366666666667] = {
		0.375523,
		0.103575,
		-0.921008,
		0,
		-0.25954,
		-0.942224,
		-0.211783,
		0,
		-0.889731,
		0.318567,
		-0.326945,
		0,
		-0.246843,
		0.117255,
		-0.310372,
		1
	},
	[0.383333333333] = {
		0.361653,
		0.0487,
		-0.93104,
		0,
		-0.153576,
		-0.981881,
		-0.111014,
		0,
		-0.919577,
		0.183134,
		-0.347621,
		0,
		-0.231763,
		0.122943,
		-0.30991,
		1
	},
	[0.3] = {
		0.409171,
		0.205397,
		-0.889039,
		0,
		-0.436527,
		-0.811536,
		-0.388398,
		0,
		-0.801263,
		0.547011,
		-0.242396,
		0,
		-0.237911,
		0.212071,
		-0.291654,
		1
	},
	[0.416666666667] = {
		0.361391,
		-0.049569,
		-0.931096,
		0,
		0.028285,
		-0.997543,
		0.064085,
		0,
		-0.931985,
		-0.049496,
		-0.359101,
		0,
		-0.20726,
		0.13969,
		-0.313134,
		1
	},
	[0.433333333333] = {
		0.374556,
		-0.075863,
		-0.924096,
		0,
		0.077111,
		-0.990646,
		0.112582,
		0,
		-0.923992,
		-0.113426,
		-0.365202,
		0,
		-0.203799,
		0.141804,
		-0.315509,
		1
	},
	[0.45] = {
		0.392539,
		-0.088671,
		-0.915451,
		0,
		0.101912,
		-0.985019,
		0.139108,
		0,
		-0.914072,
		-0.147901,
		-0.377622,
		0,
		-0.203459,
		0.138326,
		-0.317503,
		1
	},
	[0.466666666667] = {
		0.412255,
		-0.09704,
		-0.905886,
		0,
		0.118464,
		-0.98016,
		0.158908,
		0,
		-0.903334,
		-0.172826,
		-0.39258,
		0,
		-0.201133,
		0.131971,
		-0.319413,
		1
	},
	[0.483333333333] = {
		0.433604,
		-0.101439,
		-0.895376,
		0,
		0.127419,
		-0.976757,
		0.172364,
		0,
		-0.892049,
		-0.188826,
		-0.4106,
		0,
		-0.1968,
		0.122918,
		-0.32117,
		1
	},
	[0.4] = {
		0.356689,
		-0.005403,
		-0.934208,
		0,
		-0.052785,
		-0.998502,
		-0.014379,
		0,
		-0.932731,
		0.054441,
		-0.35644,
		0,
		-0.217417,
		0.13197,
		-0.310878,
		1
	},
	[0.516666666667] = {
		0.48038,
		-0.100334,
		-0.871303,
		0,
		0.125154,
		-0.975427,
		0.181326,
		0,
		-0.868085,
		-0.196152,
		-0.456018,
		0,
		-0.182655,
		0.097423,
		-0.32402,
		1
	},
	[0.533333333333] = {
		0.505572,
		-0.095824,
		-0.857446,
		0,
		0.115158,
		-0.977427,
		0.177132,
		0,
		-0.855064,
		-0.188295,
		-0.483125,
		0,
		-0.173249,
		0.081318,
		-0.325129,
		1
	},
	[0.55] = {
		0.531872,
		-0.089345,
		-0.842099,
		0,
		0.100034,
		-0.980827,
		0.167245,
		0,
		-0.840896,
		-0.173192,
		-0.512737,
		0,
		-0.162614,
		0.06319,
		-0.326105,
		1
	},
	[0.566666666667] = {
		0.559208,
		-0.081362,
		-0.825025,
		0,
		0.080363,
		-0.985166,
		0.151625,
		0,
		-0.825123,
		-0.151092,
		-0.544374,
		0,
		-0.151015,
		0.043211,
		-0.327046,
		1
	},
	[0.583333333333] = {
		0.587455,
		-0.072375,
		-0.806014,
		0,
		0.056756,
		-0.989856,
		0.130248,
		0,
		-0.807264,
		-0.122261,
		-0.577387,
		0,
		-0.138727,
		0.02156,
		-0.328071,
		1
	},
	[0.5] = {
		0.456358,
		-0.102374,
		-0.883887,
		0,
		0.12944,
		-0.975154,
		0.179776,
		0,
		-0.880331,
		-0.196453,
		-0.431768,
		0,
		-0.190581,
		0.111345,
		-0.32271,
		1
	},
	[0.616666666667] = {
		0.646096,
		-0.053464,
		-0.761381,
		0,
		0.000379,
		-0.997521,
		0.070367,
		0,
		-0.763256,
		-0.045752,
		-0.644474,
		0,
		-0.113162,
		-0.02595,
		-0.330972,
		1
	},
	[0.633333333333] = {
		0.676081,
		-0.044585,
		-0.735477,
		0,
		-0.030926,
		-0.999005,
		0.032131,
		0,
		-0.736178,
		0.001022,
		-0.676787,
		0,
		-0.100388,
		-0.05134,
		-0.333179,
		1
	},
	[0.65] = {
		0.706147,
		-0.036776,
		-0.70711,
		0,
		-0.06324,
		-0.997935,
		-0.011252,
		0,
		-0.705236,
		0.052663,
		-0.707014,
		0,
		-0.087916,
		-0.077462,
		-0.336117,
		1
	},
	[0.666666666667] = {
		0.735962,
		-0.030515,
		-0.676334,
		0,
		-0.095704,
		-0.993641,
		-0.05931,
		0,
		-0.670224,
		0.108377,
		-0.734203,
		0,
		-0.075929,
		-0.10401,
		-0.339942,
		1
	},
	[0.683333333333] = {
		0.76516,
		-0.026227,
		-0.643306,
		0,
		-0.127449,
		-0.985568,
		-0.11141,
		0,
		-0.6311,
		0.167235,
		-0.75746,
		0,
		-0.064574,
		-0.130656,
		-0.344784,
		1
	},
	[0.6] = {
		0.616478,
		-0.062901,
		-0.784856,
		0,
		0.02986,
		-0.994219,
		0.103135,
		0,
		-0.786806,
		-0.087016,
		-0.611036,
		0,
		-0.126023,
		-0.001567,
		-0.329326,
		1
	},
	[0.716666666667] = {
		0.820153,
		-0.024849,
		-0.571604,
		0,
		-0.185426,
		-0.956678,
		-0.224465,
		0,
		-0.541263,
		0.290086,
		-0.78923,
		0,
		-0.044144,
		-0.182865,
		-0.35784,
		1
	},
	[0.733333333333] = {
		0.845217,
		-0.028162,
		-0.533681,
		0,
		-0.210192,
		-0.935648,
		-0.283518,
		0,
		-0.491353,
		0.351809,
		-0.796745,
		0,
		-0.035176,
		-0.207742,
		-0.36609,
		1
	},
	[0.75] = {
		0.868232,
		-0.034212,
		-0.494978,
		0,
		-0.231355,
		-0.910441,
		-0.342887,
		0,
		-0.438917,
		0.412221,
		-0.798389,
		0,
		-0.027067,
		-0.231375,
		-0.375419,
		1
	},
	[0.766666666667] = {
		0.888959,
		-0.042908,
		-0.455973,
		0,
		-0.248517,
		-0.88147,
		-0.401559,
		0,
		-0.384696,
		0.470286,
		-0.794254,
		0,
		-0.019823,
		-0.253488,
		-0.385706,
		1
	},
	[0.783333333333] = {
		0.907238,
		-0.054055,
		-0.417131,
		0,
		-0.261456,
		-0.849314,
		-0.458592,
		0,
		-0.329486,
		0.525114,
		-0.784662,
		0,
		-0.013449,
		-0.273847,
		-0.396784,
		1
	},
	[0.7] = {
		0.793349,
		-0.024251,
		-0.608284,
		0,
		-0.157614,
		-0.973318,
		-0.166764,
		0,
		-0.588009,
		0.228176,
		-0.776003,
		0,
		-0.053956,
		-0.157058,
		-0.350734,
		1
	},
	[0.816666666667] = {
		0.936229,
		-0.082531,
		-0.341562,
		0,
		-0.274594,
		-0.77835,
		-0.564596,
		0,
		-0.219258,
		0.622382,
		-0.751376,
		0,
		-0.003401,
		-0.308628,
		-0.420469,
		1
	},
	[0.833333333333] = {
		0.947029,
		-0.099147,
		-0.305461,
		0,
		-0.275112,
		-0.741156,
		-0.612373,
		0,
		-0.165679,
		0.663971,
		-0.729173,
		0,
		0.000166,
		-0.32284,
		-0.432606,
		1
	},
	[0.85] = {
		0.955521,
		-0.116831,
		-0.270796,
		0,
		-0.27202,
		-0.703896,
		-0.656152,
		0,
		-0.113953,
		0.700629,
		-0.704368,
		0,
		0.002639,
		-0.334864,
		-0.444612,
		1
	},
	[0.866666666667] = {
		0.961898,
		-0.135203,
		-0.237639,
		0,
		-0.265685,
		-0.667363,
		-0.695728,
		0,
		-0.064528,
		0.732357,
		-0.677857,
		0,
		0.003888,
		-0.344702,
		-0.456255,
		1
	},
	[0.883333333333] = {
		0.966373,
		-0.153901,
		-0.206004,
		0,
		-0.256531,
		-0.632289,
		-0.731028,
		0,
		-0.017748,
		0.759292,
		-0.650507,
		0,
		0.003749,
		-0.352381,
		-0.467316,
		1
	},
	[0.8] = {
		0.922991,
		-0.067376,
		-0.378877,
		0,
		-0.270117,
		-0.814678,
		-0.513164,
		0,
		-0.274088,
		0.575987,
		-0.77014,
		0,
		-0.007962,
		-0.292271,
		-0.408448,
		1
	},
	[0.916666666667] = {
		0.970525,
		-0.190974,
		-0.147006,
		0,
		-0.231496,
		-0.56911,
		-0.789001,
		0,
		0.067016,
		0.799777,
		-0.596545,
		0,
		-0.001481,
		-0.361441,
		-0.486877,
		1
	},
	[0.933333333333] = {
		0.970656,
		-0.208787,
		-0.119311,
		0,
		-0.216412,
		-0.54211,
		-0.811962,
		0,
		0.104848,
		0.813956,
		-0.571387,
		0,
		-0.007029,
		-0.362953,
		-0.49504,
		1
	},
	[0.9] = {
		0.969173,
		-0.172587,
		-0.175834,
		0,
		-0.244991,
		-0.599349,
		-0.762076,
		0,
		0.026138,
		0.781661,
		-0.623155,
		0,
		0.002032,
		-0.357941,
		-0.477584,
		1
	}
}

return spline_matrices
