-- chunkname: @content/characters/player/human/first_person/animations/thunder_hammer/swing_right_hit.lua

local spline_matrices = {
	[0.0166666666667] = {
		-0.113172,
		-0.045149,
		0.992549,
		0,
		0.865458,
		0.4862,
		0.120797,
		0,
		-0.488031,
		0.872681,
		-0.015949,
		0,
		0.314543,
		0.268342,
		-0.125205,
		1,
	},
	[0.0333333333333] = {
		-0.103131,
		-0.063384,
		0.992646,
		0,
		0.907295,
		0.403009,
		0.119997,
		0,
		-0.407651,
		0.912999,
		0.015946,
		0,
		0.310472,
		0.254591,
		-0.137553,
		1,
	},
	[0.05] = {
		-0.101385,
		-0.141132,
		0.984786,
		0,
		0.87651,
		0.455568,
		0.155527,
		0,
		-0.470586,
		0.878943,
		0.077515,
		0,
		0.296044,
		0.268164,
		-0.147102,
		1,
	},
	[0.0666666666667] = {
		-0.077109,
		-0.206999,
		0.975298,
		0,
		0.818174,
		0.545888,
		0.180546,
		0,
		-0.569776,
		0.811885,
		0.127268,
		0,
		0.285467,
		0.286465,
		-0.16206,
		1,
	},
	[0.0833333333333] = {
		-0.03326,
		-0.221383,
		0.97462,
		0,
		0.800269,
		0.57827,
		0.158663,
		0,
		-0.598718,
		0.785235,
		0.157933,
		0,
		0.282576,
		0.288553,
		-0.185263,
		1,
	},
	[0] = {
		-0.142239,
		-0.063347,
		0.987803,
		0,
		0.655976,
		0.741305,
		0.141997,
		0,
		-0.741258,
		0.668172,
		-0.063888,
		0,
		0.326568,
		0.32995,
		-0.107137,
		1,
	},
	[0.116666666667] = {
		0.036051,
		-0.250127,
		0.967542,
		0,
		0.75264,
		0.643728,
		0.138372,
		0,
		-0.657444,
		0.723222,
		0.211463,
		0,
		0.278728,
		0.298114,
		-0.221643,
		1,
	},
	[0.133333333333] = {
		0.066242,
		-0.262548,
		0.962642,
		0,
		0.72646,
		0.674047,
		0.133848,
		0,
		-0.684008,
		0.690455,
		0.235381,
		0,
		0.278169,
		0.30398,
		-0.237146,
		1,
	},
	[0.15] = {
		0.095843,
		-0.271756,
		0.957582,
		0,
		0.700858,
		0.701548,
		0.128947,
		0,
		-0.706832,
		0.658771,
		0.2577,
		0,
		0.278532,
		0.309293,
		-0.252523,
		1,
	},
	[0.166666666667] = {
		0.124859,
		-0.27828,
		0.95235,
		0,
		0.675843,
		0.72659,
		0.123704,
		0,
		-0.726392,
		0.628194,
		0.278795,
		0,
		0.279708,
		0.314099,
		-0.267724,
		1,
	},
	[0.183333333333] = {
		0.153339,
		-0.282662,
		0.946884,
		0,
		0.651379,
		0.749481,
		0.118249,
		0,
		-0.743096,
		0.598649,
		0.299045,
		0,
		0.28158,
		0.318484,
		-0.282679,
		1,
	},
	[0.1] = {
		0.005427,
		-0.233882,
		0.97225,
		0,
		0.779317,
		0.610225,
		0.142444,
		0,
		-0.626606,
		0.756918,
		0.18558,
		0,
		0.280308,
		0.291698,
		-0.206044,
		1,
	},
	[0.216666666667] = {
		0.20922,
		-0.286962,
		0.934815,
		0,
		0.603928,
		0.789786,
		0.107277,
		0,
		-0.769089,
		0.542117,
		0.338544,
		0,
		0.286856,
		0.326475,
		-0.311503,
		1,
	},
	[0.233333333333] = {
		0.236974,
		-0.287811,
		0.927905,
		0,
		0.58082,
		0.807596,
		0.102161,
		0,
		-0.778776,
		0.514737,
		0.358545,
		0,
		0.289946,
		0.330364,
		-0.325172,
		1,
	},
	[0.25] = {
		0.264901,
		-0.288344,
		0.920155,
		0,
		0.558031,
		0.824063,
		0.097582,
		0,
		-0.786403,
		0.487625,
		0.3792,
		0,
		0.293094,
		0.334377,
		-0.338196,
		1,
	},
	[0.266666666667] = {
		0.293262,
		-0.288929,
		0.911327,
		0,
		0.535486,
		0.839321,
		0.093783,
		0,
		-0.791993,
		0.4605,
		0.400858,
		0,
		0.296093,
		0.338663,
		-0.350458,
		1,
	},
	[0.283333333333] = {
		0.322333,
		-0.289899,
		0.901144,
		0,
		0.513113,
		0.85348,
		0.091028,
		0,
		-0.795498,
		0.433048,
		0.423855,
		0,
		0.298711,
		0.343362,
		-0.361832,
		1,
	},
	[0.2] = {
		0.181409,
		-0.285393,
		0.941085,
		0,
		0.627426,
		0.770477,
		0.112708,
		0,
		-0.75725,
		0.570015,
		0.318834,
		0,
		0.284012,
		0.322564,
		-0.297304,
		1,
	},
	[0.316666666667] = {
		0.383789,
		-0.294105,
		0.875333,
		0,
		0.468616,
		0.878824,
		0.089814,
		0,
		-0.795679,
		0.375726,
		0.475106,
		0,
		0.301746,
		0.354523,
		-0.381385,
		1,
	},
	[0.333333333333] = {
		0.416779,
		-0.297748,
		0.858861,
		0,
		0.446367,
		0.890111,
		0.091973,
		0,
		-0.791866,
		0.345034,
		0.503884,
		0,
		0.301565,
		0.36122,
		-0.389277,
		1,
	},
	[0.35] = {
		0.451643,
		-0.302611,
		0.839312,
		0,
		0.424079,
		0.900473,
		0.096462,
		0,
		-0.784969,
		0.312368,
		0.535023,
		0,
		0.299801,
		0.368799,
		-0.395704,
		1,
	},
	[0.366666666667] = {
		0.488627,
		-0.308738,
		0.816042,
		0,
		0.40176,
		0.909858,
		0.103667,
		0,
		-0.774489,
		0.277199,
		0.56862,
		0,
		0.296081,
		0.377347,
		-0.400487,
		1,
	},
	[0.383333333333] = {
		0.529038,
		-0.315373,
		0.787819,
		0,
		0.380085,
		0.91811,
		0.112294,
		0,
		-0.758718,
		0.24003,
		0.605584,
		0,
		0.290348,
		0.386637,
		-0.406112,
		1,
	},
	[0.3] = {
		0.352409,
		-0.291543,
		0.889276,
		0,
		0.490844,
		0.866628,
		0.089603,
		0,
		-0.796794,
		0.404919,
		0.448509,
		0,
		0.30069,
		0.348608,
		-0.372187,
		1,
	},
	[0.416666666667] = {
		0.620849,
		-0.325544,
		0.713139,
		0,
		0.339876,
		0.931533,
		0.129348,
		0,
		-0.706421,
		0.162073,
		0.688986,
		0,
		0.27204,
		0.407065,
		-0.425246,
		1,
	},
	[0.433333333333] = {
		0.67011,
		-0.327565,
		0.666073,
		0,
		0.321172,
		0.936961,
		0.137666,
		0,
		-0.66918,
		0.121673,
		0.733072,
		0,
		0.258592,
		0.418294,
		-0.436952,
		1,
	},
	[0.45] = {
		0.719909,
		-0.326658,
		0.612393,
		0,
		0.303314,
		0.94168,
		0.145738,
		0,
		-0.624284,
		0.080829,
		0.777004,
		0,
		0.241908,
		0.430052,
		-0.448793,
		1,
	},
	[0.466666666667] = {
		0.768815,
		-0.322311,
		0.552304,
		0,
		0.286254,
		0.945784,
		0.153467,
		0,
		-0.571824,
		0.040111,
		0.819395,
		0,
		0.221991,
		0.442074,
		-0.459787,
		1,
	},
	[0.483333333333] = {
		0.815345,
		-0.314187,
		0.486312,
		0,
		0.269951,
		0.949361,
		0.160748,
		0,
		-0.512191,
		0.000215,
		0.858871,
		0,
		0.199143,
		0.453992,
		-0.469013,
		1,
	},
	[0.4] = {
		0.57344,
		-0.321237,
		0.75364,
		0,
		0.359488,
		0.925289,
		0.120869,
		0,
		-0.736162,
		0.201614,
		0.646078,
		0,
		0.282492,
		0.396508,
		-0.414655,
		1,
	},
	[0.516666666667] = {
		0.895684,
		-0.28635,
		0.340226,
		0,
		0.239487,
		0.955268,
		0.173521,
		0,
		-0.374695,
		-0.07394,
		0.924195,
		0,
		0.147555,
		0.475764,
		-0.479253,
		1,
	},
	[0.533333333333] = {
		0.927187,
		-0.267108,
		0.262636,
		0,
		0.225271,
		0.957752,
		0.178784,
		0,
		-0.299294,
		-0.106602,
		0.948187,
		0,
		0.121067,
		0.484769,
		-0.479446,
		1,
	},
	[0.55] = {
		0.951896,
		-0.245014,
		0.184015,
		0,
		0.211701,
		0.960021,
		0.183145,
		0,
		-0.221532,
		-0.135379,
		0.96571,
		0,
		0.095186,
		0.492346,
		-0.47739,
		1,
	},
	[0.566666666667] = {
		0.96954,
		-0.220822,
		0.105967,
		0,
		0.198754,
		0.962142,
		0.186492,
		0,
		-0.143137,
		-0.15975,
		0.976725,
		0,
		0.069814,
		0.498618,
		-0.474499,
		1,
	},
	[0.583333333333] = {
		0.980264,
		-0.195395,
		0.030052,
		0,
		0.186404,
		0.964179,
		0.188711,
		0,
		-0.065849,
		-0.179385,
		0.981573,
		0,
		0.045075,
		0.503719,
		-0.471215,
		1,
	},
	[0.5] = {
		0.858062,
		-0.302162,
		0.415244,
		0,
		0.254371,
		0.952496,
		0.167471,
		0,
		-0.446121,
		-0.038074,
		0.894162,
		0,
		0.174005,
		0.465371,
		-0.475688,
		1,
	},
	[0.616666666667] = {
		0.983374,
		-0.144503,
		-0.109975,
		0,
		0.163447,
		0.968218,
		0.189314,
		0,
		0.079123,
		-0.204141,
		0.975739,
		0,
		-0.00171,
		0.510768,
		-0.465414,
		1,
	},
	[0.633333333333] = {
		0.977678,
		-0.120762,
		-0.171937,
		0,
		0.152819,
		0.970313,
		0.187454,
		0,
		0.144195,
		-0.209545,
		0.967108,
		0,
		-0.023049,
		0.512619,
		-0.463934,
		1,
	},
	[0.65] = {
		0.968718,
		-0.099148,
		-0.227498,
		0,
		0.142743,
		0.97251,
		0.183978,
		0,
		0.203003,
		-0.210696,
		0.956241,
		0,
		-0.042579,
		0.5133,
		-0.464097,
		1,
	},
	[0.666666666667] = {
		0.957955,
		-0.079765,
		-0.275608,
		0,
		0.132788,
		0.974768,
		0.179429,
		0,
		0.254342,
		-0.208482,
		0.944376,
		0,
		-0.059864,
		0.513025,
		-0.466131,
		1,
	},
	[0.683333333333] = {
		0.946934,
		-0.062441,
		-0.315305,
		0,
		0.122495,
		0.977026,
		0.174397,
		0,
		0.297172,
		-0.203766,
		0.932828,
		0,
		-0.074447,
		0.512006,
		-0.470257,
		1,
	},
	[0.6] = {
		0.984594,
		-0.169655,
		-0.042326,
		0,
		0.174638,
		0.966188,
		0.189691,
		0,
		0.008713,
		-0.194161,
		0.980931,
		0,
		0.021113,
		0.507787,
		-0.468015,
		1,
	},
	[0.716666666667] = {
		0.925945,
		-0.033711,
		-0.376151,
		0,
		0.099473,
		0.982608,
		0.156802,
		0,
		0.364323,
		-0.182607,
		0.913194,
		0,
		-0.095717,
		0.504312,
		-0.485389,
		1,
	},
	[0.733333333333] = {
		0.9162,
		-0.022149,
		-0.400108,
		0,
		0.086495,
		0.985865,
		0.143489,
		0,
		0.391274,
		-0.166072,
		0.905166,
		0,
		-0.10305,
		0.497011,
		-0.495659,
		1,
	},
	[0.75] = {
		0.907226,
		-0.012353,
		-0.420461,
		0,
		0.072687,
		0.989136,
		0.127777,
		0,
		0.414315,
		-0.146485,
		0.898268,
		0,
		-0.108293,
		0.487804,
		-0.508062,
		1,
	},
	[0.766666666667] = {
		0.899143,
		-0.00419,
		-0.437634,
		0,
		0.058216,
		0.992213,
		0.110107,
		0,
		0.433765,
		-0.12448,
		0.892386,
		0,
		-0.111507,
		0.477054,
		-0.523009,
		1,
	},
	[0.783333333333] = {
		0.892019,
		0.002488,
		-0.451992,
		0,
		0.043294,
		0.994917,
		0.090919,
		0,
		0.44992,
		-0.10067,
		0.887377,
		0,
		-0.11296,
		0.464943,
		-0.539929,
		1,
	},
	[0.7] = {
		0.936277,
		-0.047132,
		-0.348087,
		0,
		0.111498,
		0.979587,
		0.167263,
		0,
		0.333098,
		-0.195416,
		0.92242,
		0,
		-0.086273,
		0.509355,
		-0.476775,
		1,
	},
	[0.816666666667] = {
		0.880719,
		0.012041,
		-0.473486,
		0,
		0.013109,
		0.998674,
		0.049781,
		0,
		0.473458,
		-0.05005,
		0.879393,
		0,
		-0.111524,
		0.437545,
		-0.577348,
		1,
	},
	[0.833333333333] = {
		0.876503,
		0.015247,
		-0.481155,
		0,
		-0.001594,
		0.999585,
		0.028772,
		0,
		0.481394,
		-0.024452,
		0.876163,
		0,
		-0.109075,
		0.422841,
		-0.596681,
		1,
	},
	[0.85] = {
		0.873174,
		0.01762,
		-0.487091,
		0,
		-0.015639,
		0.999845,
		0.008134,
		0,
		0.487158,
		0.000515,
		0.873314,
		0,
		-0.105775,
		0.40795,
		-0.615668,
		1,
	},
	[0.866666666667] = {
		0.870648,
		0.019296,
		-0.491528,
		0,
		-0.028703,
		0.999521,
		-0.011604,
		0,
		0.491068,
		0.024211,
		0.870785,
		0,
		-0.101874,
		0.39331,
		-0.633756,
		1,
	},
	[0.883333333333] = {
		0.868839,
		0.020429,
		-0.494673,
		0,
		-0.040505,
		0.998732,
		-0.029897,
		0,
		0.493435,
		0.046012,
		0.868565,
		0,
		-0.097647,
		0.379411,
		-0.650418,
		1,
	},
	[0.8] = {
		0.88588,
		0.007843,
		-0.463849,
		0,
		0.028168,
		0.997103,
		0.070656,
		0,
		0.463059,
		-0.075659,
		0.883092,
		0,
		-0.112892,
		0.451686,
		-0.558238,
		1,
	},
	[0.916666666667] = {
		0.86693,
		0.021545,
		-0.497964,
		0,
		-0.059159,
		0.996451,
		-0.05988,
		0,
		0.494906,
		0.081371,
		0.865128,
		0,
		-0.089467,
		0.355992,
		-0.677439,
		1,
	},
	[0.933333333333] = {
		0.866596,
		0.021757,
		-0.498537,
		0,
		-0.065501,
		0.995365,
		-0.07042,
		0,
		0.494694,
		0.09368,
		0.864004,
		0,
		-0.086203,
		0.347607,
		-0.686828,
		1,
	},
	[0.95] = {
		0.866494,
		0.021826,
		-0.498711,
		0,
		-0.069476,
		0.994593,
		-0.077184,
		0,
		0.49433,
		0.101528,
		0.863325,
		0,
		-0.083975,
		0.342194,
		-0.692829,
		1,
	},
	[0.966666666667] = {
		0.866491,
		0.021803,
		-0.498716,
		0,
		-0.070802,
		0.994314,
		-0.079544,
		0,
		0.494146,
		0.104234,
		0.863108,
		0,
		-0.083141,
		0.340309,
		-0.694935,
		1,
	},
	[0.9] = {
		0.867639,
		0.021142,
		-0.496745,
		0,
		-0.050751,
		0.997643,
		-0.046182,
		0,
		0.494598,
		0.06528,
		0.866667,
		0,
		-0.093401,
		0.366784,
		-0.665142,
		1,
	},
}

return spline_matrices
