-- chunkname: @content/characters/player/human/first_person/animations/thunder_hammer/swing_right_down_hit.lua

local spline_matrices = {
	[0.0166666666667] = {
		0.931324,
		0.051448,
		0.360539,
		0,
		0.339713,
		0.234096,
		-0.910931,
		0,
		-0.131266,
		0.970851,
		0.200541,
		0,
		0.254168,
		0.163426,
		-0.615122,
		1,
	},
	[0.0333333333333] = {
		0.932055,
		0.010266,
		0.362171,
		0,
		0.351251,
		0.219547,
		-0.910177,
		0,
		-0.088858,
		0.975548,
		0.201024,
		0,
		0.26451,
		0.198505,
		-0.614487,
		1,
	},
	[0.05] = {
		0.937029,
		-0.046895,
		0.346088,
		0,
		0.34838,
		0.195422,
		-0.916756,
		0,
		-0.024642,
		0.979597,
		0.199454,
		0,
		0.21467,
		0.197695,
		-0.628951,
		1,
	},
	[0.0666666666667] = {
		0.938105,
		-0.100939,
		0.331317,
		0,
		0.344642,
		0.177111,
		-0.921875,
		0,
		0.034373,
		0.979001,
		0.200937,
		0,
		0.151455,
		0.17335,
		-0.637594,
		1,
	},
	[0.0833333333333] = {
		0.932816,
		-0.124978,
		0.337987,
		0,
		0.354617,
		0.151681,
		-0.922627,
		0,
		0.064042,
		0.980496,
		0.18581,
		0,
		0.126563,
		0.139933,
		-0.631285,
		1,
	},
	[0] = {
		0.932436,
		0.008157,
		0.361244,
		0,
		0.329386,
		0.391833,
		-0.859052,
		0,
		-0.148555,
		0.92,
		0.362673,
		0,
		0.113007,
		0.073397,
		-0.363728,
		1,
	},
	[0.116666666667] = {
		0.916749,
		-0.099841,
		0.386785,
		0,
		0.397221,
		0.125395,
		-0.909116,
		0,
		0.042267,
		0.98707,
		0.154614,
		0,
		0.147196,
		0.104654,
		-0.574484,
		1,
	},
	[0.133333333333] = {
		0.917878,
		-0.088061,
		0.386969,
		0,
		0.396395,
		0.156103,
		-0.904712,
		0,
		0.019263,
		0.983808,
		0.17819,
		0,
		0.144048,
		0.109481,
		-0.53305,
		1,
	},
	[0.15] = {
		0.925993,
		-0.082292,
		0.368464,
		0,
		0.377536,
		0.207306,
		-0.902491,
		0,
		-0.002118,
		0.974809,
		0.223032,
		0,
		0.134163,
		0.123155,
		-0.494318,
		1,
	},
	[0.166666666667] = {
		0.934919,
		-0.077544,
		0.346286,
		0,
		0.354307,
		0.258524,
		-0.898683,
		0,
		-0.019835,
		0.962887,
		0.269173,
		0,
		0.126033,
		0.135405,
		-0.465937,
		1,
	},
	[0.183333333333] = {
		0.939611,
		-0.071594,
		0.334673,
		0,
		0.3407,
		0.288483,
		-0.894819,
		0,
		-0.032484,
		0.954805,
		0.295454,
		0,
		0.124653,
		0.139069,
		-0.456706,
		1,
	},
	[0.1] = {
		0.923762,
		-0.116792,
		0.364723,
		0,
		0.378086,
		0.126569,
		-0.917078,
		0,
		0.060944,
		0.985058,
		0.161077,
		0,
		0.138908,
		0.116644,
		-0.610449,
		1,
	},
	[0.216666666667] = {
		0.942476,
		-0.057575,
		0.329278,
		0,
		0.330283,
		0.312158,
		-0.89077,
		0,
		-0.051501,
		0.948284,
		0.313218,
		0,
		0.132437,
		0.132216,
		-0.465811,
		1,
	},
	[0.233333333333] = {
		0.944379,
		-0.050312,
		0.324989,
		0,
		0.323277,
		0.323362,
		-0.889342,
		0,
		-0.060345,
		0.944937,
		0.32164,
		0,
		0.136871,
		0.127968,
		-0.472031,
		1,
	},
	[0.25] = {
		0.946601,
		-0.042989,
		0.319528,
		0,
		0.315032,
		0.334094,
		-0.888333,
		0,
		-0.068564,
		0.941559,
		0.329797,
		0,
		0.141542,
		0.123211,
		-0.479207,
		1,
	},
	[0.266666666667] = {
		0.949143,
		-0.035714,
		0.312815,
		0,
		0.305536,
		0.34432,
		-0.887745,
		0,
		-0.076003,
		0.938173,
		0.337721,
		0,
		0.146356,
		0.117975,
		-0.487225,
		1,
	},
	[0.283333333333] = {
		0.951996,
		-0.028632,
		0.304768,
		0,
		0.294791,
		0.353986,
		-0.887576,
		0,
		-0.082471,
		0.934812,
		0.345434,
		0,
		0.151218,
		0.112287,
		-0.495975,
		1,
	},
	[0.2] = {
		0.94089,
		-0.064691,
		0.332477,
		0,
		0.336077,
		0.30052,
		-0.892603,
		0,
		-0.042172,
		0.951579,
		0.304497,
		0,
		0.128334,
		0.135926,
		-0.460663,
		1,
	},
	[0.316666666667] = {
		0.958565,
		-0.015378,
		0.284459,
		0,
		0.2696,
		0.371556,
		-0.888404,
		0,
		-0.092031,
		0.928283,
		0.360306,
		0,
		0.160672,
		0.099806,
		-0.515187,
		1,
	},
	[0.333333333333] = {
		0.962222,
		-0.00945,
		0.272103,
		0,
		0.25522,
		0.379389,
		-0.889341,
		0,
		-0.094828,
		0.925189,
		0.367468,
		0,
		0.165046,
		0.093307,
		-0.525341,
		1,
	},
	[0.35] = {
		0.966074,
		-0.004141,
		0.258234,
		0,
		0.239709,
		0.386546,
		-0.890574,
		0,
		-0.096131,
		0.922261,
		0.374424,
		0,
		0.169048,
		0.086739,
		-0.535686,
		1,
	},
	[0.366666666667] = {
		0.970069,
		0.000453,
		0.242831,
		0,
		0.223119,
		0.393006,
		-0.892056,
		0,
		-0.095838,
		0.919536,
		0.381142,
		0,
		0.172583,
		0.080161,
		-0.546103,
		1,
	},
	[0.383333333333] = {
		0.974148,
		0.004256,
		0.22587,
		0,
		0.205486,
		0.398734,
		-0.893749,
		0,
		-0.093866,
		0.917057,
		0.387551,
		0,
		0.17556,
		0.073637,
		-0.556469,
		1,
	},
	[0.3] = {
		0.955145,
		-0.021811,
		0.295334,
		0,
		0.282803,
		0.363078,
		-0.887805,
		0,
		-0.087866,
		0.931503,
		0.35296,
		0,
		0.156026,
		0.106184,
		-0.505346,
		1,
	},
	[0.416666666667] = {
		0.982267,
		0.009329,
		0.187257,
		0,
		0.167242,
		0.40786,
		-0.897597,
		0,
		-0.084749,
		0.912997,
		0.399068,
		0,
		0.179514,
		0.060963,
		-0.576559,
		1,
	},
	[0.433333333333] = {
		0.986135,
		0.010665,
		0.165601,
		0,
		0.146667,
		0.410813,
		-0.899845,
		0,
		-0.077628,
		0.911657,
		0.403553,
		0,
		0.180347,
		0.054696,
		-0.586055,
		1,
	},
	[0.45] = {
		0.989748,
		0.011279,
		0.14238,
		0,
		0.125117,
		0.412318,
		-0.902407,
		0,
		-0.068884,
		0.91097,
		0.40668,
		0,
		0.180339,
		0.048339,
		-0.595024,
		1,
	},
	[0.466666666667] = {
		0.992958,
		0.011238,
		0.117932,
		0,
		0.102858,
		0.412112,
		-0.905309,
		0,
		-0.058775,
		0.911064,
		0.408054,
		0,
		0.179668,
		0.041793,
		-0.603267,
		1,
	},
	[0.483333333333] = {
		0.995636,
		0.010621,
		0.092713,
		0,
		0.080234,
		0.409914,
		-0.908589,
		0,
		-0.047654,
		0.912062,
		0.407273,
		0,
		0.178585,
		0.034953,
		-0.610562,
		1,
	},
	[0.4] = {
		0.97824,
		0.007214,
		0.207352,
		0,
		0.186856,
		0.40373,
		-0.895593,
		0,
		-0.090175,
		0.91485,
		0.393597,
		0,
		0.177896,
		0.067238,
		-0.56666,
		1,
	},
	[0.516666666667] = {
		0.99915,
		0.007945,
		0.040445,
		0,
		0.033935,
		0.398379,
		-0.916593,
		0,
		-0.023395,
		0.917186,
		0.397771,
		0,
		0.175507,
		0.019976,
		-0.621621,
		1,
	},
	[0.533333333333] = {
		0.999887,
		0.005972,
		0.013805,
		0,
		0.010377,
		0.390523,
		-0.920535,
		0,
		-0.010889,
		0.920574,
		0.390417,
		0,
		0.173718,
		0.01213,
		-0.62497,
		1,
	},
	[0.55] = {
		0.999912,
		0.003587,
		-0.012769,
		0,
		-0.013168,
		0.383908,
		-0.923277,
		0,
		0.00159,
		0.923364,
		0.383922,
		0,
		0.171851,
		0.004599,
		-0.626786,
		1,
	},
	[0.566666666667] = {
		0.999234,
		0.000855,
		-0.039135,
		0,
		-0.036545,
		0.378609,
		-0.924835,
		0,
		0.014026,
		0.925556,
		0.37835,
		0,
		0.169908,
		-0.002671,
		-0.627248,
		1,
	},
	[0.583333333333] = {
		0.997873,
		-0.002161,
		-0.065157,
		0,
		-0.059602,
		0.374694,
		-0.925231,
		0,
		0.026414,
		0.927146,
		0.373768,
		0,
		0.16789,
		-0.009735,
		-0.626534,
		1,
	},
	[0.5] = {
		0.997718,
		0.009498,
		0.066843,
		0,
		0.057263,
		0.405436,
		-0.912328,
		0,
		-0.035766,
		0.914074,
		0.403967,
		0,
		0.177167,
		0.027715,
		-0.616739,
		1,
	},
	[0.616666666667] = {
		0.993249,
		-0.008847,
		-0.115661,
		0,
		-0.104135,
		0.371257,
		-0.922672,
		0,
		0.051103,
		0.928488,
		0.36783,
		0,
		0.163603,
		-0.023435,
		-0.62229,
		1,
	},
	[0.633333333333] = {
		0.990088,
		-0.012348,
		-0.139907,
		0,
		-0.125337,
		0.371837,
		-0.919798,
		0,
		0.06338,
		0.928216,
		0.366603,
		0,
		0.161313,
		-0.030133,
		-0.619115,
		1,
	},
	[0.65] = {
		0.986443,
		-0.015786,
		-0.163343,
		0,
		-0.145648,
		0.374396,
		-0.915759,
		0,
		0.075611,
		0.927135,
		0.367021,
		0,
		0.158909,
		-0.036494,
		-0.61549,
		1,
	},
	[0.666666666667] = {
		0.982388,
		-0.018988,
		-0.185885,
		0,
		-0.164929,
		0.379439,
		-0.910398,
		0,
		0.087819,
		0.925022,
		0.369625,
		0,
		0.156345,
		-0.042514,
		-0.61174,
		1,
	},
	[0.683333333333] = {
		0.978003,
		-0.021825,
		-0.207447,
		0,
		-0.183044,
		0.387111,
		-0.903682,
		0,
		0.100028,
		0.921775,
		0.3746,
		0,
		0.153565,
		-0.04835,
		-0.608166,
		1,
	},
	[0.6] = {
		0.995863,
		-0.005404,
		-0.090706,
		0,
		-0.082186,
		0.372223,
		-0.924497,
		0,
		0.038759,
		0.928128,
		0.370239,
		0,
		0.165792,
		-0.016641,
		-0.624822,
		1,
	},
	[0.716666666667] = {
		0.968588,
		-0.025869,
		-0.247322,
		0,
		-0.215243,
		0.410854,
		-0.885928,
		0,
		0.124531,
		0.911334,
		0.392381,
		0,
		0.14725,
		-0.058676,
		-0.602254,
		1,
	},
	[0.733333333333] = {
		0.963744,
		-0.026813,
		-0.265479,
		0,
		-0.229061,
		0.427153,
		-0.874683,
		0,
		0.136853,
		0.903782,
		0.405524,
		0,
		0.143676,
		-0.062717,
		-0.600279,
		1,
	},
	[0.75] = {
		0.95894,
		-0.026868,
		-0.282335,
		0,
		-0.241181,
		0.446526,
		-0.861653,
		0,
		0.149221,
		0.894367,
		0.421711,
		0,
		0.139814,
		-0.065669,
		-0.599199,
		1,
	},
	[0.766666666667] = {
		0.954277,
		-0.025911,
		-0.297798,
		0,
		-0.251466,
		0.469039,
		-0.846621,
		0,
		0.161615,
		0.882797,
		0.441078,
		0,
		0.13567,
		-0.067241,
		-0.599186,
		1,
	},
	[0.783333333333] = {
		0.949863,
		-0.023828,
		-0.311756,
		0,
		-0.25978,
		0.494727,
		-0.829313,
		0,
		0.173995,
		0.868722,
		0.463733,
		0,
		0.131265,
		-0.067109,
		-0.600395,
		1,
	},
	[0.7] = {
		0.973372,
		-0.024162,
		-0.227952,
		0,
		-0.19986,
		0.397542,
		-0.895554,
		0,
		0.112259,
		0.917266,
		0.382128,
		0,
		0.150541,
		-0.053809,
		-0.604944,
		1,
	},
	[0.816666666667] = {
		0.942503,
		-0.014725,
		-0.333874,
		0,
		-0.269015,
		0.559332,
		-0.784078,
		0,
		0.198292,
		0.828813,
		0.52321,
		0,
		0.12216,
		-0.058503,
		-0.607779,
		1,
	},
	[0.833333333333] = {
		0.940229,
		-0.005766,
		-0.340493,
		0,
		-0.268138,
		0.603835,
		-0.750656,
		0,
		0.20993,
		0.797089,
		0.566197,
		0,
		0.118076,
		-0.045876,
		-0.615304,
		1,
	},
	[0.85] = {
		0.938888,
		0.0055,
		-0.34418,
		0,
		-0.263705,
		0.654148,
		-0.708908,
		0,
		0.221246,
		0.756347,
		0.615621,
		0,
		0.114319,
		-0.026949,
		-0.62478,
		1,
	},
	[0.866666666667] = {
		0.938343,
		0.01813,
		-0.34523,
		0,
		-0.256105,
		0.707239,
		-0.658956,
		0,
		0.232213,
		0.706742,
		0.668276,
		0,
		0.110855,
		-0.001861,
		-0.6353,
		1,
	},
	[0.883333333333] = {
		0.938428,
		0.031163,
		-0.344067,
		0,
		-0.245768,
		0.760152,
		-0.601471,
		0,
		0.242799,
		0.648998,
		0.721006,
		0,
		0.107651,
		0.0289,
		-0.645905,
		1,
	},
	[0.8] = {
		0.945806,
		-0.020519,
		-0.324083,
		0,
		-0.265981,
		0.523584,
		-0.809391,
		0,
		0.186293,
		0.851727,
		0.489752,
		0,
		0.12664,
		-0.064914,
		-0.602957,
		1,
	},
	[0.916666666667] = {
		0.939652,
		0.054851,
		-0.337706,
		0,
		-0.218764,
		0.855242,
		-0.469791,
		0,
		0.263052,
		0.515318,
		0.815629,
		0,
		0.101718,
		0.10341,
		-0.664083,
		1,
	},
	[0.933333333333] = {
		0.940278,
		0.064034,
		-0.33433,
		0,
		-0.203078,
		0.89375,
		-0.399963,
		0,
		0.273196,
		0.443972,
		0.853377,
		0,
		0.098624,
		0.1442,
		-0.670719,
		1,
	},
	[0.95] = {
		0.940421,
		0.071093,
		-0.332497,
		0,
		-0.188353,
		0.923067,
		-0.335365,
		0,
		0.283075,
		0.378011,
		0.881463,
		0,
		0.095448,
		0.182251,
		-0.674098,
		1,
	},
	[0.966666666667] = {
		0.93987,
		0.075393,
		-0.333107,
		0,
		-0.173168,
		0.945861,
		-0.274519,
		0,
		0.294376,
		0.315695,
		0.902042,
		0,
		0.091315,
		0.218389,
		-0.674824,
		1,
	},
	[0.983333333333] = {
		0.938257,
		0.076725,
		-0.337323,
		0,
		-0.157814,
		0.96265,
		-0.220001,
		0,
		0.307844,
		0.259651,
		0.915321,
		0,
		0.085631,
		0.250717,
		-0.674145,
		1,
	},
	[0.9] = {
		0.938941,
		0.043675,
		-0.341296,
		0,
		-0.233161,
		0.810211,
		-0.537769,
		0,
		0.253034,
		0.58451,
		0.770923,
		0,
		0.104645,
		0.064428,
		-0.655716,
		1,
	},
	[1.01666666667] = {
		0.930642,
		0.067713,
		-0.359611,
		0,
		-0.116721,
		0.986327,
		-0.116343,
		0,
		0.346816,
		0.150248,
		0.925821,
		0,
		0.066063,
		0.314456,
		-0.671997,
		1,
	},
	[1.03333333333] = {
		0.92459,
		0.059202,
		-0.376335,
		0,
		-0.090312,
		0.993754,
		-0.065552,
		0,
		0.370103,
		0.094596,
		0.924162,
		0,
		0.053569,
		0.347122,
		-0.67003,
		1,
	},
	[1.05] = {
		0.917262,
		0.049939,
		-0.395141,
		0,
		-0.062167,
		0.9979,
		-0.018195,
		0,
		0.393402,
		0.041254,
		0.91844,
		0,
		0.040735,
		0.378206,
		-0.66739,
		1,
	},
	[1.06666666667] = {
		0.90907,
		0.04108,
		-0.414613,
		0,
		-0.034325,
		0.999129,
		0.023733,
		0,
		0.415226,
		-0.007343,
		0.909688,
		0,
		0.028409,
		0.406047,
		-0.664368,
		1,
	},
	[1.08333333333] = {
		0.90066,
		0.033532,
		-0.433228,
		0,
		-0.009066,
		0.998251,
		0.058417,
		0,
		0.434429,
		-0.048686,
		0.899389,
		0,
		0.017224,
		0.428972,
		-0.66149,
		1,
	},
	{
		0.935215,
		0.07408,
		-0.346244,
		0,
		-0.139678,
		0.975754,
		-0.168508,
		0,
		0.325365,
		0.205953,
		0.922887,
		0,
		0.077159,
		0.281809,
		-0.673284,
		1,
	},
	[1.11666666667] = {
		0.886709,
		0.024963,
		-0.461653,
		0,
		0.023994,
		0.994711,
		0.099875,
		0,
		0.461704,
		-0.099637,
		0.88142,
		0,
		-1.6e-05,
		0.453527,
		-0.658953,
		1,
	},
	[1.13333333333] = {
		0.882037,
		0.023756,
		-0.470581,
		0,
		0.028142,
		0.994289,
		0.102942,
		0,
		0.470339,
		-0.104041,
		0.876331,
		0,
		-0.006802,
		0.451188,
		-0.661449,
		1,
	},
	[1.15] = {
		0.87808,
		0.023064,
		-0.477958,
		0,
		0.025017,
		0.995259,
		0.093987,
		0,
		0.477859,
		-0.094486,
		0.87334,
		0,
		-0.013854,
		0.438946,
		-0.667154,
		1,
	},
	[1.16666666667] = {
		0.874808,
		0.022661,
		-0.48394,
		0,
		0.016107,
		0.996993,
		0.075802,
		0,
		0.484202,
		-0.074107,
		0.871812,
		0,
		-0.020764,
		0.419629,
		-0.674772,
		1,
	},
	[1.18333333333] = {
		0.872175,
		0.022415,
		-0.488679,
		0,
		0.002971,
		0.998689,
		0.05111,
		0,
		0.489184,
		-0.046029,
		0.870965,
		0,
		-0.027057,
		0.396044,
		-0.68293,
		1,
	},
	[1.1] = {
		0.892881,
		0.027979,
		-0.449423,
		0,
		0.011192,
		0.99638,
		0.084265,
		0,
		0.450154,
		-0.080269,
		0.889336,
		0,
		0.007632,
		0.445335,
		-0.659443,
		1,
	},
	[1.21666666667] = {
		0.868612,
		0.022181,
		-0.494996,
		0,
		-0.029421,
		0.999544,
		-0.006837,
		0,
		0.494619,
		0.020502,
		0.868868,
		0,
		-0.036022,
		0.347465,
		-0.695744,
		1,
	},
	[1.23333333333] = {
		0.867537,
		0.02216,
		-0.496878,
		0,
		-0.045292,
		0.998376,
		-0.034553,
		0,
		0.495306,
		0.052481,
		0.867132,
		0,
		-0.038076,
		0.327811,
		-0.698428,
		1,
	},
	[1.25] = {
		0.866871,
		0.022179,
		-0.498038,
		0,
		-0.058657,
		0.996608,
		-0.057716,
		0,
		0.495069,
		0.079246,
		0.865232,
		0,
		-0.03877,
		0.313003,
		-0.698936,
		1,
	},
	[1.26666666667] = {
		0.866532,
		0.022218,
		-0.498626,
		0,
		-0.067862,
		0.994976,
		-0.073598,
		0,
		0.494486,
		0.097613,
		0.863687,
		0,
		-0.038723,
		0.30367,
		-0.698396,
		1,
	},
	[1.28333333333] = {
		0.866437,
		0.022243,
		-0.49879,
		0,
		-0.071288,
		0.994283,
		-0.079494,
		0,
		0.49417,
		0.104434,
		0.86307,
		0,
		-0.038573,
		0.300424,
		-0.697973,
		1,
	},
	[1.2] = {
		0.87013,
		0.022264,
		-0.492318,
		0,
		-0.012767,
		0.999662,
		0.022642,
		0,
		0.492656,
		-0.013416,
		0.870121,
		0,
		-0.03227,
		0.371028,
		-0.690311,
		1,
	},
}

return spline_matrices
