-- chunkname: @content/characters/player/human/first_person/animations/thunder_hammer/swing_right_down.lua

local spline_matrices = {
	[0.0166666666667] = {
		0.640013,
		-0.469481,
		0.608253,
		0,
		-0.213549,
		0.651747,
		0.727752,
		0,
		-0.738092,
		-0.595662,
		0.316869,
		0,
		0.098456,
		0.570798,
		-0.271359,
		1
	},
	[0.0333333333333] = {
		0.605562,
		-0.503151,
		0.616549,
		0,
		-0.296461,
		0.576355,
		0.761528,
		0,
		-0.738515,
		-0.643936,
		0.199854,
		0,
		0.052907,
		0.550886,
		-0.242675,
		1
	},
	[0.05] = {
		0.57133,
		-0.53894,
		0.618972,
		0,
		-0.380077,
		0.494691,
		0.781551,
		0,
		-0.727409,
		-0.68178,
		0.077794,
		0,
		0.005361,
		0.527579,
		-0.217074,
		1
	},
	[0.0666666666667] = {
		0.538178,
		-0.576012,
		0.615284,
		0,
		-0.462307,
		0.408653,
		0.78694,
		0,
		-0.704725,
		-0.707964,
		-0.046366,
		0,
		-0.04359,
		0.501229,
		-0.195273,
		1
	},
	[0.0833333333333] = {
		0.506931,
		-0.613453,
		0.605554,
		0,
		-0.54109,
		0.320395,
		0.77754,
		0,
		-0.671001,
		-0.721819,
		-0.169515,
		0,
		-0.093275,
		0.472349,
		-0.177805,
		1
	},
	[0] = {
		0.673855,
		-0.438619,
		0.594586,
		0,
		-0.133281,
		0.71937,
		0.68172,
		0,
		-0.726744,
		-0.538627,
		0.426291,
		0,
		0.141543,
		0.587147,
		-0.302293,
		1
	},
	[0.116666666667] = {
		0.452906,
		-0.685805,
		0.569691,
		0,
		-0.681198,
		0.146057,
		0.717381,
		0,
		-0.575191,
		-0.712979,
		-0.401019,
		0,
		-0.19209,
		0.409587,
		-0.156868,
		1
	},
	[0.133333333333] = {
		0.549968,
		-0.655021,
		0.518154,
		0,
		-0.647769,
		0.057078,
		0.759696,
		0,
		-0.527192,
		-0.753452,
		-0.392911,
		0,
		-0.224997,
		0.379704,
		-0.140109,
		1
	},
	[0.15] = {
		0.688213,
		-0.578238,
		0.438182,
		0,
		-0.55529,
		-0.031121,
		0.831074,
		0,
		-0.466922,
		-0.815275,
		-0.342507,
		0,
		-0.245023,
		0.349032,
		-0.11132,
		1
	},
	[0.166666666667] = {
		0.822079,
		-0.465098,
		0.328434,
		0,
		-0.416344,
		-0.097566,
		0.903957,
		0,
		-0.388385,
		-0.879866,
		-0.273848,
		0,
		-0.25113,
		0.320195,
		-0.075054,
		1
	},
	[0.183333333333] = {
		0.917324,
		-0.341626,
		0.204472,
		0,
		-0.261597,
		-0.130014,
		0.95638,
		0,
		-0.30014,
		-0.9308,
		-0.208633,
		0,
		-0.247281,
		0.29636,
		-0.037426,
		1
	},
	[0.1] = {
		0.478317,
		-0.650338,
		0.590148,
		0,
		-0.614561,
		0.232155,
		0.753936,
		0,
		-0.627318,
		-0.723302,
		-0.288629,
		0,
		-0.142996,
		0.441572,
		-0.16498,
		1
	},
	[0.216666666667] = {
		0.986021,
		-0.166602,
		-0.00273,
		0,
		-0.017866,
		-0.121996,
		0.99237,
		0,
		-0.165663,
		-0.978448,
		-0.123267,
		0,
		-0.237528,
		0.258135,
		0.03065,
		1
	},
	[0.233333333333] = {
		0.989132,
		-0.104375,
		-0.103551,
		0,
		0.093748,
		-0.094819,
		0.991071,
		0,
		-0.113262,
		-0.990008,
		-0.084003,
		0,
		-0.229753,
		0.231187,
		0.069045,
		1
	},
	[0.25] = {
		0.979572,
		-0.060681,
		-0.191721,
		0,
		0.188583,
		-0.053839,
		0.98058,
		0,
		-0.069824,
		-0.996704,
		-0.041296,
		0,
		-0.219232,
		0.205789,
		0.105533,
		1
	},
	[0.266666666667] = {
		0.966864,
		-0.040167,
		-0.252112,
		0,
		0.252235,
		-0.002043,
		0.967664,
		0,
		-0.039383,
		-0.999191,
		0.008156,
		0,
		-0.206628,
		0.189671,
		0.134486,
		1
	},
	[0.283333333333] = {
		0.96194,
		-0.044655,
		-0.269588,
		0,
		0.271908,
		0.058347,
		0.960553,
		0,
		-0.027164,
		-0.997297,
		0.068268,
		0,
		-0.192626,
		0.190354,
		0.150343,
		1
	},
	[0.2] = {
		0.965786,
		-0.241223,
		0.095228,
		0,
		-0.130331,
		-0.133991,
		0.982375,
		0,
		-0.224211,
		-0.961175,
		-0.160846,
		0,
		-0.242016,
		0.278738,
		-0.003763,
		1
	},
	[0.316666666667] = {
		0.991427,
		-0.101967,
		-0.081697,
		0,
		0.099334,
		0.18203,
		0.978263,
		0,
		-0.084879,
		-0.977992,
		0.190598,
		0,
		-0.161939,
		0.243431,
		0.148343,
		1
	},
	[0.333333333333] = {
		0.986443,
		-0.13195,
		0.097566,
		0,
		-0.060891,
		0.257791,
		0.96428,
		0,
		-0.152388,
		-0.957148,
		0.246261,
		0,
		-0.14401,
		0.286069,
		0.135076,
		1
	},
	[0.35] = {
		0.945986,
		-0.148942,
		0.28797,
		0,
		-0.22124,
		0.352709,
		0.909202,
		0,
		-0.236988,
		-0.923803,
		0.300706,
		0,
		-0.123246,
		0.333617,
		0.11434,
		1
	},
	[0.366666666667] = {
		0.879192,
		-0.146035,
		0.453536,
		0,
		-0.343195,
		0.466193,
		0.815403,
		0,
		-0.330512,
		-0.872547,
		0.359754,
		0,
		-0.099357,
		0.381489,
		0.087264,
		1
	},
	[0.383333333333] = {
		0.813464,
		-0.124567,
		0.568119,
		0,
		-0.397627,
		0.593756,
		0.699533,
		0,
		-0.424463,
		-0.794944,
		0.433468,
		0,
		-0.072716,
		0.425002,
		0.055062,
		1
	},
	[0.3] = {
		0.974426,
		-0.069321,
		-0.213751,
		0,
		0.22083,
		0.119399,
		0.967976,
		0,
		-0.041579,
		-0.990423,
		0.131653,
		0,
		-0.177835,
		0.210114,
		0.153507,
		1
	},
	[0.416666666667] = {
		0.806834,
		-0.145483,
		0.572585,
		0,
		-0.203429,
		0.841516,
		0.500467,
		0,
		-0.554649,
		-0.520274,
		0.649369,
		0,
		-0.012657,
		0.483618,
		-0.027057,
		1
	},
	[0.433333333333] = {
		0.843579,
		-0.180156,
		0.505883,
		0,
		0.084211,
		0.974771,
		0.206712,
		0,
		-0.530361,
		-0.131777,
		0.837468,
		0,
		0.024842,
		0.493796,
		-0.095411,
		1
	},
	[0.45] = {
		0.918166,
		-0.03787,
		0.394382,
		0,
		0.356771,
		0.511914,
		-0.781446,
		0,
		-0.172296,
		0.858201,
		0.483533,
		0,
		0.062292,
		0.436499,
		-0.195963,
		1
	},
	[0.466666666667] = {
		0.902369,
		-0.077836,
		0.423877,
		0,
		0.399531,
		-0.217653,
		-0.890507,
		0,
		0.161572,
		0.972918,
		-0.165306,
		0,
		0.10724,
		0.328865,
		-0.28306,
		1
	},
	[0.483333333333] = {
		0.866516,
		-0.086282,
		0.491636,
		0,
		0.313087,
		-0.673151,
		-0.669958,
		0,
		0.388751,
		0.734454,
		-0.556282,
		0,
		0.150028,
		0.223914,
		-0.363702,
		1
	},
	[0.4] = {
		0.780739,
		-0.098742,
		0.617006,
		0,
		-0.365095,
		0.729266,
		0.578686,
		0,
		-0.507102,
		-0.677068,
		0.533316,
		0,
		-0.044076,
		0.459238,
		0.019018,
		1
	},
	[0.516666666667] = {
		0.913738,
		-0.107468,
		0.391832,
		0,
		0.215455,
		-0.689464,
		-0.691534,
		0,
		0.344472,
		0.716303,
		-0.606835,
		0,
		0.232765,
		0.06183,
		-0.537525,
		1
	},
	[0.533333333333] = {
		0.933432,
		-0.123113,
		0.336968,
		0,
		0.191848,
		-0.622391,
		-0.758831,
		0,
		0.303148,
		0.772964,
		-0.557341,
		0,
		0.260114,
		0.007691,
		-0.598633,
		1
	},
	[0.55] = {
		0.943592,
		-0.128552,
		0.305136,
		0,
		0.167136,
		-0.610611,
		-0.774093,
		0,
		0.285831,
		0.781427,
		-0.554682,
		0,
		0.274091,
		-0.028385,
		-0.63528,
		1
	},
	[0.566666666667] = {
		0.951968,
		-0.133398,
		0.275612,
		0,
		0.143919,
		-0.599553,
		-0.787288,
		0,
		0.270267,
		0.789139,
		-0.551557,
		0,
		0.285079,
		-0.061673,
		-0.667018,
		1
	},
	[0.583333333333] = {
		0.958887,
		-0.137361,
		0.248329,
		0,
		0.12242,
		-0.589231,
		-0.798636,
		0,
		0.256024,
		0.796203,
		-0.548191,
		0,
		0.293212,
		-0.092241,
		-0.694111,
		1
	},
	[0.5] = {
		0.88456,
		-0.088283,
		0.457996,
		0,
		0.242269,
		-0.752113,
		-0.612888,
		0,
		0.398573,
		0.653094,
		-0.6439,
		0,
		0.191147,
		0.138965,
		-0.449477,
		1
	},
	[0.616666666667] = {
		0.969297,
		-0.143108,
		0.199956,
		0,
		0.084148,
		-0.571036,
		-0.816601,
		0,
		0.231045,
		0.808355,
		-0.541462,
		0,
		0.283524,
		-0.146168,
		-0.705241,
		1
	},
	[0.633333333333] = {
		0.973173,
		-0.145102,
		0.178549,
		0,
		0.067127,
		-0.563214,
		-0.82358,
		0,
		0.220064,
		0.813471,
		-0.538364,
		0,
		0.274215,
		-0.167638,
		-0.703212,
		1
	},
	[0.65] = {
		0.976314,
		-0.146666,
		0.15906,
		0,
		0.051567,
		-0.556242,
		-0.829419,
		0,
		0.210123,
		0.817976,
		-0.535503,
		0,
		0.265345,
		-0.18622,
		-0.701278,
		1
	},
	[0.666666666667] = {
		0.978889,
		-0.147881,
		0.141093,
		0,
		0.037145,
		-0.5501,
		-0.834272,
		0,
		0.200988,
		0.821901,
		-0.532994,
		0,
		0.256785,
		-0.202605,
		-0.699589,
		1
	},
	[0.683333333333] = {
		0.980991,
		-0.148836,
		0.124515,
		0,
		0.023747,
		-0.544759,
		-0.838256,
		0,
		0.192593,
		0.825279,
		-0.53087,
		0,
		0.24851,
		-0.217299,
		-0.698156,
		1
	},
	[0.6] = {
		0.964593,
		-0.140563,
		0.223163,
		0,
		0.102537,
		-0.579713,
		-0.808343,
		0,
		0.242994,
		0.802605,
		-0.544774,
		0,
		0.292903,
		-0.120854,
		-0.707237,
		1
	},
	[0.716666666667] = {
		0.984099,
		-0.150117,
		0.094939,
		0,
		-0.00039,
		-0.536334,
		-0.844006,
		0,
		0.177619,
		0.830548,
		-0.527865,
		0,
		0.232477,
		-0.242956,
		-0.695936,
		1
	},
	[0.733333333333] = {
		0.985225,
		-0.150522,
		0.081695,
		0,
		-0.011311,
		-0.533163,
		-0.845937,
		0,
		0.170888,
		0.832515,
		-0.526988,
		0,
		0.224514,
		-0.254354,
		-0.695062,
		1
	},
	[0.75] = {
		0.986129,
		-0.150806,
		0.069329,
		0,
		-0.021576,
		-0.530623,
		-0.847333,
		0,
		0.164571,
		0.834084,
		-0.526516,
		0,
		0.216436,
		-0.264971,
		-0.694292,
		1
	},
	[0.766666666667] = {
		0.986837,
		-0.151046,
		0.057775,
		0,
		-0.031256,
		-0.528663,
		-0.848256,
		0,
		0.158669,
		0.835285,
		-0.526425,
		0,
		0.208135,
		-0.274868,
		-0.693593,
		1
	},
	[0.783333333333] = {
		0.98738,
		-0.151257,
		0.046936,
		0,
		-0.04042,
		-0.52723,
		-0.848761,
		0,
		0.153127,
		0.836152,
		-0.52669,
		0,
		0.199488,
		-0.284064,
		-0.692941,
		1
	},
	[0.7] = {
		0.982706,
		-0.149567,
		0.109173,
		0,
		0.011267,
		-0.540185,
		-0.841471,
		0,
		0.18483,
		0.828149,
		-0.529157,
		0,
		0.24044,
		-0.230664,
		-0.696953,
		1
	},
	[0.816666666667] = {
		0.988057,
		-0.151691,
		0.027078,
		0,
		-0.057453,
		-0.525724,
		-0.848713,
		0,
		0.142978,
		0.837021,
		-0.52816,
		0,
		0.180665,
		-0.300282,
		-0.691685,
		1
	},
	[0.833333333333] = {
		0.988225,
		-0.15196,
		0.017901,
		0,
		-0.065447,
		-0.525535,
		-0.848251,
		0,
		0.138308,
		0.837091,
		-0.529292,
		0,
		0.170234,
		-0.307204,
		-0.691007,
		1
	},
	[0.85] = {
		0.988294,
		-0.152289,
		0.009121,
		0,
		-0.073176,
		-0.525641,
		-0.847553,
		0,
		0.133868,
		0.836964,
		-0.530632,
		0,
		0.158962,
		-0.313252,
		-0.69022,
		1
	},
	[0.866666666667] = {
		0.988273,
		-0.152697,
		0.000657,
		0,
		-0.080706,
		-0.525979,
		-0.846659,
		0,
		0.129628,
		0.836678,
		-0.532135,
		0,
		0.143709,
		-0.316022,
		-0.678391,
		1
	},
	[0.883333333333] = {
		0.988166,
		-0.153199,
		-0.007575,
		0,
		-0.088105,
		-0.526485,
		-0.845607,
		0,
		0.125558,
		0.836268,
		-0.533752,
		0,
		0.127527,
		-0.317202,
		-0.662855,
		1
	},
	[0.8] = {
		0.98778,
		-0.151464,
		0.03673,
		0,
		-0.049131,
		-0.526269,
		-0.848897,
		0,
		0.147907,
		0.836719,
		-0.52728,
		0,
		0.190374,
		-0.29255,
		-0.692316,
		1
	},
	[0.916666666667] = {
		0.9877,
		-0.154551,
		-0.0237,
		0,
		-0.102808,
		-0.527726,
		-0.84317,
		0,
		0.117806,
		0.835236,
		-0.537124,
		0,
		0.096288,
		-0.317385,
		-0.631602,
		1
	},
	[0.933333333333] = {
		0.987336,
		-0.155429,
		-0.031786,
		0,
		-0.110272,
		-0.528321,
		-0.841854,
		0,
		0.114055,
		0.834697,
		-0.538769,
		0,
		0.081598,
		-0.316595,
		-0.616369,
		1
	},
	[0.95] = {
		0.986873,
		-0.156458,
		-0.040025,
		0,
		-0.117925,
		-0.528801,
		-0.840514,
		0,
		0.11034,
		0.8342,
		-0.54031,
		0,
		0.067771,
		-0.315361,
		-0.601721,
		1
	},
	[0.966666666667] = {
		0.986302,
		-0.157651,
		-0.048528,
		0,
		-0.125859,
		-0.529091,
		-0.83918,
		0,
		0.106622,
		0.833792,
		-0.541685,
		0,
		0.054985,
		-0.313796,
		-0.587901,
		1
	},
	[0.983333333333] = {
		0.985605,
		-0.159021,
		-0.057398,
		0,
		-0.134172,
		-0.529175,
		-0.837838,
		0,
		0.102861,
		0.833478,
		-0.542894,
		0,
		0.043421,
		-0.312061,
		-0.575129,
		1
	},
	[0.9] = {
		0.987976,
		-0.153813,
		-0.015663,
		0,
		-0.095447,
		-0.52709,
		-0.844432,
		0,
		0.121629,
		0.835774,
		-0.535433,
		0,
		0.111658,
		-0.317622,
		-0.647177,
		1
	},
	[1.01666666667] = {
		0.983766,
		-0.162248,
		-0.076676,
		0,
		-0.152273,
		-0.528638,
		-0.835078,
		0,
		0.094956,
		0.833197,
		-0.544762,
		0,
		0.024702,
		-0.308698,
		-0.553633,
		1
	},
	[1.03333333333] = {
		0.982601,
		-0.163921,
		-0.087318,
		0,
		-0.162151,
		-0.527903,
		-0.833682,
		0,
		0.090562,
		0.833336,
		-0.545298,
		0,
		0.017965,
		-0.307323,
		-0.545393,
		1
	},
	[1.05] = {
		0.98123,
		-0.165611,
		-0.098792,
		0,
		-0.172703,
		-0.526765,
		-0.832281,
		0,
		0.085795,
		0.833721,
		-0.54548,
		0,
		0.013214,
		-0.306331,
		-0.53915,
		1
	},
	[1.06666666667] = {
		0.979608,
		-0.167327,
		-0.111216,
		0,
		-0.184031,
		-0.525149,
		-0.830874,
		0,
		0.080622,
		0.834398,
		-0.545234,
		0,
		0.010622,
		-0.305863,
		-0.535148,
		1
	},
	[1.08333333333] = {
		0.977683,
		-0.16907,
		-0.124705,
		0,
		-0.196235,
		-0.522974,
		-0.829452,
		0,
		0.075017,
		0.835412,
		-0.54448,
		0,
		0.010346,
		-0.306047,
		-0.53362,
		1
	},
	{
		0.984763,
		-0.160585,
		-0.066742,
		0,
		-0.142962,
		-0.529043,
		-0.836466,
		0,
		0.099014,
		0.833262,
		-0.543939,
		0,
		0.033257,
		-0.31032,
		-0.563626,
		1
	}
}

return spline_matrices
