local spline_matrices = {
	[0] = {
		0.997493,
		0.068382,
		0.018188,
		0,
		-0.069256,
		0.9962,
		0.05282,
		0,
		-0.014507,
		-0.053947,
		0.998438,
		0,
		0.414624,
		0.641422,
		-0.555674,
		1
	},
	{
		0.993284,
		0.095923,
		0.064702,
		0,
		-0.088993,
		0.990732,
		-0.102615,
		0,
		-0.073945,
		0.096167,
		0.992615,
		0,
		0.445467,
		0.546336,
		-0.831119,
		1
	},
	[0.0333333333333] = {
		0.991597,
		0.051076,
		0.118859,
		0,
		-0.04892,
		0.998582,
		-0.020992,
		0,
		-0.119763,
		0.015001,
		0.992689,
		0,
		0.440366,
		0.631307,
		-0.543826,
		1
	},
	[0.0666666666667] = {
		0.975773,
		0.010706,
		0.218525,
		0,
		0.020663,
		0.989828,
		-0.140761,
		0,
		-0.217809,
		0.141866,
		0.965626,
		0,
		0.480269,
		0.615684,
		-0.536387,
		1
	},
	[0.133333333333] = {
		0.994366,
		-0.063033,
		0.085221,
		0,
		0.077268,
		0.981411,
		-0.175674,
		0,
		-0.072563,
		0.181269,
		0.980753,
		0,
		0.577194,
		0.619628,
		-0.617796,
		1
	},
	[0.166666666667] = {
		0.994827,
		-0.078593,
		-0.064355,
		0,
		0.070372,
		0.990115,
		-0.121328,
		0,
		0.073254,
		0.116171,
		0.990524,
		0,
		0.704192,
		0.635564,
		-0.684625,
		1
	},
	[0.1] = {
		0.982511,
		-0.033703,
		0.183128,
		0,
		0.070428,
		0.977684,
		-0.197923,
		0,
		-0.172371,
		0.207358,
		0.962959,
		0,
		0.521164,
		0.611336,
		-0.563446,
		1
	},
	[0.233333333333] = {
		0.885101,
		-0.112448,
		-0.451609,
		0,
		0.142544,
		0.989236,
		0.033055,
		0,
		0.443031,
		-0.093631,
		0.891603,
		0,
		1.202447,
		0.69559,
		-0.82408,
		1
	},
	[0.266666666667] = {
		0.754382,
		-0.133855,
		-0.642644,
		0,
		0.243314,
		0.966273,
		0.084356,
		0,
		0.609678,
		-0.220001,
		0.761507,
		0,
		1.48445,
		0.738626,
		-0.880477,
		1
	},
	[0.2] = {
		0.963511,
		-0.094507,
		-0.250428,
		0,
		0.086026,
		0.995293,
		-0.044621,
		0,
		0.253467,
		0.02145,
		0.967106,
		0,
		0.928097,
		0.660824,
		-0.75628,
		1
	},
	[0.333333333333] = {
		0.376933,
		-0.18807,
		-0.906946,
		0,
		0.504822,
		0.86267,
		0.030919,
		0,
		0.77658,
		-0.469501,
		0.42011,
		0,
		1.910569,
		0.833491,
		-0.949776,
		1
	},
	[0.366666666667] = {
		0.173029,
		-0.217819,
		-0.960529,
		0,
		0.611941,
		0.787937,
		-0.068445,
		0,
		0.771745,
		-0.575944,
		0.269628,
		0,
		1.970809,
		0.873144,
		-0.968426,
		1
	},
	[0.3] = {
		0.578818,
		-0.159334,
		-0.799739,
		0,
		0.373185,
		0.923758,
		0.086053,
		0,
		0.725053,
		-0.348259,
		0.594149,
		0,
		1.733948,
		0.786395,
		-0.92197,
		1
	},
	[0.433333333333] = {
		-0.151983,
		-0.267932,
		-0.951375,
		0,
		0.71445,
		0.635353,
		-0.293066,
		0,
		0.68298,
		-0.724251,
		0.094861,
		0,
		1.672719,
		0.908955,
		-0.9953,
		1
	},
	[0.466666666667] = {
		-0.24368,
		-0.282415,
		-0.927826,
		0,
		0.726109,
		0.581081,
		-0.367574,
		0,
		0.64295,
		-0.763274,
		0.063466,
		0,
		1.427246,
		0.904933,
		-1.005236,
		1
	},
	[0.4] = {
		-0.00931,
		-0.245484,
		-0.969356,
		0,
		0.680983,
		0.708306,
		-0.185915,
		0,
		0.73224,
		-0.661846,
		0.160577,
		0,
		1.877674,
		0.898715,
		-0.982829,
		1
	},
	[0.533333333333] = {
		-0.285622,
		-0.170495,
		-0.943054,
		0,
		0.737935,
		0.588725,
		-0.329933,
		0,
		0.611451,
		-0.790149,
		-0.042339,
		0,
		1.077336,
		0.943699,
		-0.857369,
		1
	},
	[0.566666666667] = {
		-0.288572,
		0.05361,
		-0.955956,
		0,
		0.72487,
		0.664533,
		-0.181548,
		0,
		0.625531,
		-0.745334,
		-0.230626,
		0,
		0.948598,
		1.087073,
		-0.531241,
		1
	},
	[0.5] = {
		-0.276528,
		-0.287336,
		-0.917044,
		0,
		0.730216,
		0.55754,
		-0.394884,
		0,
		0.624753,
		-0.778837,
		0.055643,
		0,
		1.212074,
		0.891193,
		-1.01041,
		1
	},
	[0.633333333333] = {
		-0.31942,
		0.182252,
		-0.929922,
		0,
		0.045207,
		0.983144,
		0.177154,
		0,
		0.946534,
		0.014548,
		-0.322275,
		0,
		-0.052546,
		1.616542,
		-0.123752,
		1
	},
	[0.666666666667] = {
		-0.022402,
		0.080697,
		-0.996487,
		0,
		-0.503663,
		0.860097,
		0.080975,
		0,
		0.86361,
		0.503707,
		0.021377,
		0,
		-0.604284,
		1.369048,
		-0.046397,
		1
	},
	[0.6] = {
		-0.277188,
		0.185181,
		-0.942802,
		0,
		0.64612,
		0.762173,
		-0.040259,
		0,
		0.711123,
		-0.620323,
		-0.330914,
		0,
		0.744063,
		1.243743,
		-0.23573,
		1
	},
	[0.733333333333] = {
		0.081967,
		0.120726,
		-0.989296,
		0,
		-0.81397,
		0.580897,
		0.003448,
		0,
		0.575095,
		0.804975,
		0.145882,
		0,
		-1.392758,
		0.244123,
		-0.406868,
		1
	},
	[0.766666666667] = {
		0.328604,
		0.21597,
		-0.919443,
		0,
		-0.763743,
		0.633467,
		-0.124162,
		0,
		0.555622,
		0.743019,
		0.373105,
		0,
		-1.238372,
		0.272857,
		-0.574719,
		1
	},
	[0.7] = {
		0.02842,
		0.078876,
		-0.996479,
		0,
		-0.727979,
		0.684783,
		0.033441,
		0,
		0.68501,
		0.724466,
		0.076881,
		0,
		-1.104947,
		0.689394,
		-0.195864,
		1
	},
	[0.833333333333] = {
		0.824704,
		0.457138,
		-0.332997,
		0,
		-0.54546,
		0.798491,
		-0.254725,
		0,
		0.149451,
		0.39171,
		0.90787,
		0,
		-0.374099,
		0.418958,
		-0.948913,
		1
	},
	[0.866666666667] = {
		0.835921,
		0.547896,
		-0.032326,
		0,
		-0.539301,
		0.809014,
		-0.233775,
		0,
		-0.101932,
		0.212851,
		0.971753,
		0,
		0.083571,
		0.507772,
		-1.072528,
		1
	},
	[0.8] = {
		0.642666,
		0.337575,
		-0.687768,
		0,
		-0.638535,
		0.732083,
		-0.237335,
		0,
		0.423385,
		0.591691,
		0.686038,
		0,
		-0.863086,
		0.332875,
		-0.767843,
		1
	},
	[0.933333333333] = {
		0.879049,
		0.469883,
		0.080509,
		0,
		-0.451789,
		0.875002,
		-0.173947,
		0,
		-0.15218,
		0.116535,
		0.981459,
		0,
		0.425586,
		0.554911,
		-1.072972,
		1
	},
	[0.966666666667] = {
		0.969674,
		0.231812,
		0.077435,
		0,
		-0.218626,
		0.964341,
		-0.149159,
		0,
		-0.109251,
		0.127707,
		0.985776,
		0,
		0.440286,
		0.537067,
		-0.956656,
		1
	},
	[0.9] = {
		0.805429,
		0.587135,
		0.08097,
		0,
		-0.563061,
		0.800644,
		-0.204773,
		0,
		-0.185058,
		0.119339,
		0.975455,
		0,
		0.350171,
		0.560983,
		-1.120386,
		1
	},
	[1.03333333333] = {
		0.998669,
		0.044752,
		0.025642,
		0,
		-0.044027,
		0.998632,
		-0.028207,
		0,
		-0.026869,
		0.027041,
		0.999273,
		0,
		0.443559,
		0.574336,
		-0.751954,
		1
	},
	[1.06666666667] = {
		0.999434,
		0.033632,
		0.001039,
		0,
		-0.033646,
		0.999226,
		0.020379,
		0,
		-0.000353,
		-0.020403,
		0.999792,
		0,
		0.438792,
		0.596375,
		-0.709677,
		1
	},
	[1.13333333333] = {
		0.999199,
		0.039736,
		0.004683,
		0,
		-0.0399,
		0.998288,
		0.042761,
		0,
		-0.002976,
		-0.042913,
		0.999074,
		0,
		0.436274,
		0.615982,
		-0.63027,
		1
	},
	[1.16666666667] = {
		0.998807,
		0.047994,
		0.009056,
		0,
		-0.048378,
		0.99765,
		0.048524,
		0,
		-0.006706,
		-0.048905,
		0.998781,
		0,
		0.434853,
		0.62546,
		-0.59929,
		1
	},
	[1.1] = {
		0.999383,
		0.035093,
		0.001598,
		0,
		-0.035127,
		0.998807,
		0.033933,
		0,
		-0.000406,
		-0.033969,
		0.999423,
		0,
		0.436002,
		0.606523,
		-0.667266,
		1
	},
	[1.23333333333] = {
		0.997719,
		0.065363,
		0.016846,
		0,
		-0.066169,
		0.996412,
		0.052775,
		0,
		-0.013337,
		-0.053769,
		0.998464,
		0,
		0.418544,
		0.639444,
		-0.560809,
		1
	},
	[1.26666666667] = {
		0.997493,
		0.068382,
		0.018188,
		0,
		-0.069256,
		0.9962,
		0.05282,
		0,
		-0.014507,
		-0.053947,
		0.998438,
		0,
		0.414624,
		0.641422,
		-0.555674,
		1
	},
	[1.2] = {
		0.998236,
		0.057813,
		0.013475,
		0,
		-0.058438,
		0.996948,
		0.051774,
		0,
		-0.010441,
		-0.052471,
		0.998568,
		0,
		0.42696,
		0.633919,
		-0.575637,
		1
	}
}

return spline_matrices
