-- chunkname: @content/characters/player/ogryn/first_person/animations/shotgun_grenade/bash_right.lua

local spline_matrices = {
	[0.0333333333333] = {
		0.918138,
		0.131099,
		0.373945,
		0,
		-0.117083,
		0.991304,
		-0.060064,
		0,
		-0.378567,
		0.011364,
		0.925504,
		0,
		0.465805,
		0.631346,
		-0.542831,
		1
	},
	[0.0666666666667] = {
		0.651194,
		0.207035,
		0.730125,
		0,
		-0.082527,
		0.975682,
		-0.20306,
		0,
		-0.754411,
		0.071977,
		0.652444,
		0,
		0.456617,
		0.605852,
		-0.493511,
		1
	},
	[0] = {
		0.997493,
		0.068382,
		0.018188,
		0,
		-0.069256,
		0.9962,
		0.05282,
		0,
		-0.014507,
		-0.053947,
		0.998438,
		0,
		0.414624,
		0.641422,
		-0.555674,
		1
	},
	[0.133333333333] = {
		0.447843,
		0.262023,
		0.854857,
		0,
		-0.210434,
		0.960127,
		-0.184047,
		0,
		-0.868996,
		-0.097467,
		0.485124,
		0,
		0.266279,
		0.524994,
		-0.462637,
		1
	},
	[0.166666666667] = {
		0.388067,
		0.281362,
		0.877633,
		0,
		-0.360956,
		0.922588,
		-0.136169,
		0,
		-0.848007,
		-0.263944,
		0.459585,
		0,
		0.160067,
		0.486624,
		-0.460241,
		1
	},
	[0.1] = {
		0.534435,
		0.236766,
		0.81137,
		0,
		-0.109664,
		0.971273,
		-0.211193,
		0,
		-0.838065,
		0.023891,
		0.545047,
		0,
		0.366862,
		0.567265,
		-0.472457,
		1
	},
	[0.233333333333] = {
		0.314268,
		0.295765,
		0.902085,
		0,
		-0.675185,
		0.737619,
		-0.006621,
		0,
		-0.667354,
		-0.606994,
		0.431507,
		0,
		-0.052501,
		0.440797,
		-0.461285,
		1
	},
	[0.266666666667] = {
		0.287649,
		0.282357,
		0.915168,
		0,
		-0.784334,
		0.617814,
		0.055912,
		0,
		-0.549616,
		-0.73388,
		0.399176,
		0,
		-0.163167,
		0.424129,
		-0.45644,
		1
	},
	[0.2] = {
		0.346949,
		0.293187,
		0.89088,
		0,
		-0.526849,
		0.846776,
		-0.073494,
		0,
		-0.775923,
		-0.44386,
		0.448253,
		0,
		0.051768,
		0.457663,
		-0.461476,
		1
	},
	[0.333333333333] = {
		0.257863,
		0.202923,
		0.944632,
		0,
		-0.935291,
		0.297671,
		0.191369,
		0,
		-0.242356,
		-0.932853,
		0.266551,
		0,
		-0.438299,
		0.385824,
		-0.428788,
		1
	},
	[0.366666666667] = {
		0.249618,
		0.145261,
		0.957387,
		0,
		-0.967309,
		0.083116,
		0.239594,
		0,
		-0.04477,
		-0.985896,
		0.161259,
		0,
		-0.594874,
		0.369374,
		-0.401597,
		1
	},
	[0.3] = {
		0.269823,
		0.250143,
		0.929852,
		0,
		-0.868701,
		0.479823,
		0.122999,
		0,
		-0.415396,
		-0.840951,
		0.346767,
		0,
		-0.292803,
		0.403101,
		-0.44641,
		1
	},
	[0.433333333333] = {
		0.236949,
		0.019154,
		0.971333,
		0,
		-0.908169,
		-0.350765,
		0.228458,
		0,
		0.345086,
		-0.936268,
		-0.065718,
		0,
		-0.909865,
		0.326183,
		-0.324319,
		1
	},
	[0.466666666667] = {
		0.229495,
		-0.038427,
		0.972551,
		0,
		-0.834273,
		-0.522431,
		0.176223,
		0,
		0.501319,
		-0.851815,
		-0.151954,
		0,
		-1.048183,
		0.297809,
		-0.283253,
		1
	},
	[0.4] = {
		0.243195,
		0.082204,
		0.966488,
		0,
		-0.957061,
		-0.14173,
		0.252878,
		0,
		0.157768,
		-0.986486,
		0.044206,
		0,
		-0.755219,
		0.350232,
		-0.36557,
		1
	},
	[0.533333333333] = {
		0.206363,
		-0.116713,
		0.97149,
		0,
		-0.693046,
		-0.718315,
		0.06092,
		0,
		0.690725,
		-0.685859,
		-0.229121,
		0,
		-1.23362,
		0.245508,
		-0.22259,
		1
	},
	[0.566666666667] = {
		0.188396,
		-0.129619,
		0.973502,
		0,
		-0.666789,
		-0.744647,
		0.029892,
		0,
		0.721041,
		-0.654752,
		-0.226716,
		0,
		-1.261578,
		0.233445,
		-0.209899,
		1
	},
	[0.5] = {
		0.21968,
		-0.085296,
		0.971836,
		0,
		-0.755214,
		-0.645478,
		0.114062,
		0,
		0.61757,
		-0.759001,
		-0.206216,
		0,
		-1.159493,
		0.268745,
		-0.247887,
		1
	},
	[0.633333333333] = {
		0.117511,
		-0.08907,
		0.989069,
		0,
		-0.992255,
		-0.050919,
		0.113304,
		0,
		0.040271,
		-0.994723,
		-0.094364,
		0,
		-0.96329,
		1.108018,
		-0.211877,
		1
	},
	[0.666666666667] = {
		-0.254393,
		-0.256874,
		0.932362,
		0,
		-0.424416,
		0.895936,
		0.131037,
		0,
		-0.868997,
		-0.362374,
		-0.336941,
		0,
		0.020961,
		1.76698,
		-0.09494,
		1
	},
	[0.6] = {
		0.170476,
		-0.115277,
		0.978595,
		0,
		-0.816972,
		-0.571784,
		0.074965,
		0,
		0.550903,
		-0.812265,
		-0.191654,
		0,
		-1.17931,
		0.52518,
		-0.214043,
		1
	},
	[0.733333333333] = {
		-0.109846,
		-0.146289,
		0.983124,
		0,
		0.619009,
		0.76381,
		0.182818,
		0,
		-0.777664,
		0.628645,
		0.006653,
		0,
		1.343105,
		1.111199,
		-0.303971,
		1
	},
	[0.766666666667] = {
		-0.201522,
		-0.091187,
		0.97523,
		0,
		0.978369,
		0.028756,
		0.20486,
		0,
		-0.046724,
		0.995419,
		0.08342,
		0,
		1.5963,
		0.118591,
		-0.3412,
		1
	},
	[0.7] = {
		-0.136758,
		-0.210916,
		0.96789,
		0,
		0.207806,
		0.949222,
		0.23621,
		0,
		-0.968563,
		0.233437,
		-0.085984,
		0,
		0.82861,
		1.541318,
		-0.167628,
		1
	},
	[0.833333333333] = {
		-0.170088,
		-0.050316,
		0.984143,
		0,
		0.984665,
		-0.047999,
		0.167725,
		0,
		0.038798,
		0.997579,
		0.057708,
		0,
		1.448,
		-0.083824,
		-0.54318,
		1
	},
	[0.866666666667] = {
		-0.033322,
		-0.029322,
		0.999014,
		0,
		0.994158,
		0.101702,
		0.036145,
		0,
		-0.102662,
		0.994383,
		0.025762,
		0,
		1.073723,
		-0.117778,
		-0.754821,
		1
	},
	[0.8] = {
		-0.218811,
		-0.064537,
		0.973631,
		0,
		0.971306,
		-0.109712,
		0.211016,
		0,
		0.093201,
		0.991866,
		0.086691,
		0,
		1.633947,
		-0.069293,
		-0.377121,
		1
	},
	[0.933333333333] = {
		0.513697,
		0.028984,
		0.857482,
		0,
		0.741322,
		0.488141,
		-0.460608,
		0,
		-0.431922,
		0.872283,
		0.22927,
		0,
		0.646439,
		0.003255,
		-0.728852,
		1
	},
	[0.966666666667] = {
		0.804056,
		0.058589,
		0.591659,
		0,
		0.395806,
		0.689823,
		-0.606204,
		0,
		-0.443657,
		0.721604,
		0.531467,
		0,
		0.577066,
		0.213959,
		-0.639529,
		1
	},
	[0.9] = {
		0.17044,
		-0.003861,
		0.985361,
		0,
		0.946129,
		0.280027,
		-0.162557,
		0,
		-0.2753,
		0.959984,
		0.051381,
		0,
		0.774961,
		-0.146767,
		-0.840058,
		1
	},
	[1.03333333333] = {
		0.99417,
		0.084551,
		0.066909,
		0,
		-0.042229,
		0.876306,
		-0.4799,
		0,
		-0.099209,
		0.474276,
		0.874768,
		0,
		0.465772,
		0.425959,
		-0.615063,
		1
	},
	[1.06666666667] = {
		0.995611,
		0.083559,
		-0.042141,
		0,
		-0.093172,
		0.92724,
		-0.362692,
		0,
		0.008768,
		0.365026,
		0.930956,
		0,
		0.424983,
		0.526132,
		-0.603192,
		1
	},
	{
		0.943242,
		0.076165,
		0.323254,
		0,
		0.129653,
		0.811657,
		-0.569563,
		0,
		-0.305752,
		0.579147,
		0.755714,
		0,
		0.520049,
		0.31887,
		-0.62791,
		1
	},
	[1.13333333333] = {
		0.997256,
		0.072334,
		-0.015742,
		0,
		-0.073927,
		0.984196,
		-0.160911,
		0,
		0.003854,
		0.161634,
		0.986843,
		0,
		0.39957,
		0.670958,
		-0.583506,
		1
	},
	[1.16666666667] = {
		0.997717,
		0.067368,
		0.004813,
		0,
		-0.066755,
		0.994452,
		-0.081292,
		0,
		-0.010263,
		0.080785,
		0.996679,
		0,
		0.403096,
		0.697438,
		-0.576586,
		1
	},
	[1.1] = {
		0.996425,
		0.077884,
		-0.03273,
		0,
		-0.083688,
		0.962957,
		-0.256338,
		0,
		0.011553,
		0.258161,
		0.966033,
		0,
		0.405512,
		0.610827,
		-0.592285,
		1
	},
	[1.23333333333] = {
		0.997322,
		0.060847,
		0.040587,
		0,
		-0.061468,
		0.998008,
		0.014208,
		0,
		-0.039642,
		-0.016665,
		0.999075,
		0,
		0.41578,
		0.692502,
		-0.565332,
		1
	},
	[1.26666666667] = {
		0.997046,
		0.059991,
		0.047971,
		0,
		-0.061601,
		0.997561,
		0.032816,
		0,
		-0.045885,
		-0.035674,
		0.99831,
		0,
		0.419528,
		0.680218,
		-0.560578,
		1
	},
	[1.2] = {
		0.997676,
		0.063413,
		0.024924,
		0,
		-0.062877,
		0.997785,
		-0.021718,
		0,
		-0.026246,
		0.0201,
		0.999453,
		0,
		0.409875,
		0.699288,
		-0.570895,
		1
	},
	[1.33333333333] = {
		0.997351,
		0.064248,
		0.034095,
		0,
		-0.065911,
		0.996566,
		0.050126,
		0,
		-0.030757,
		-0.05224,
		0.998161,
		0,
		0.418175,
		0.654093,
		-0.556256,
		1
	},
	[1.36666666667] = {
		0.997476,
		0.067095,
		0.023223,
		0,
		-0.068236,
		0.99629,
		0.052436,
		0,
		-0.019619,
		-0.053888,
		0.998354,
		0,
		0.415795,
		0.644965,
		-0.55574,
		1
	},
	[1.3] = {
		0.997125,
		0.061364,
		0.044454,
		0,
		-0.063326,
		0.997015,
		0.044159,
		0,
		-0.041612,
		-0.046847,
		0.998035,
		0,
		0.420025,
		0.666574,
		-0.557701,
		1
	},
	[1.4] = {
		0.997493,
		0.068382,
		0.018188,
		0,
		-0.069256,
		0.9962,
		0.05282,
		0,
		-0.014507,
		-0.053947,
		0.998438,
		0,
		0.414624,
		0.641422,
		-0.555674,
		1
	}
}

return spline_matrices
