local spline_matrices = {
	[0] = {
		0.192289,
		-0.580323,
		-0.79136,
		0,
		0.947237,
		0.320496,
		-0.004863,
		0,
		0.256449,
		-0.748671,
		0.611331,
		0,
		1.215654,
		0.623102,
		0.747634,
		1
	},
	{
		-0.150658,
		0.311774,
		-0.938136,
		0,
		0.942121,
		-0.242232,
		-0.2318,
		0,
		-0.299516,
		-0.91876,
		-0.257235,
		0,
		0.401288,
		-1.094116,
		-1.293268,
		1
	},
	[0.0166666666667] = {
		0.254926,
		-0.553253,
		-0.793047,
		0,
		0.951076,
		0.291509,
		0.10236,
		0,
		0.174549,
		-0.780342,
		0.600498,
		0,
		1.195734,
		0.600771,
		0.762029,
		1
	},
	[0.0333333333333] = {
		0.327596,
		-0.521275,
		-0.788006,
		0,
		0.941114,
		0.253807,
		0.223351,
		0,
		0.083573,
		-0.814773,
		0.573725,
		0,
		1.164218,
		0.553158,
		0.782448,
		1
	},
	[0.05] = {
		0.406647,
		-0.485366,
		-0.773989,
		0,
		0.913528,
		0.206535,
		0.350442,
		0,
		-0.010237,
		-0.849567,
		0.527382,
		0,
		1.123561,
		0.48394,
		0.806741,
		1
	},
	[0.0666666666667] = {
		0.488006,
		-0.446602,
		-0.749931,
		0,
		0.867095,
		0.149642,
		0.475135,
		0,
		-0.099975,
		-0.88213,
		0.460273,
		0,
		1.076579,
		0.397548,
		0.832603,
		1
	},
	[0.0833333333333] = {
		0.567514,
		-0.406059,
		-0.716271,
		0,
		0.803672,
		0.084066,
		0.589105,
		0,
		-0.178998,
		-0.909972,
		0.374047,
		0,
		1.026409,
		0.298513,
		0.858188,
		1
	},
	[0.116666666667] = {
		0.706469,
		-0.323175,
		-0.62965,
		0,
		0.647376,
		-0.064455,
		0.75944,
		0,
		-0.286016,
		-0.944142,
		0.16368,
		0,
		0.929614,
		0.080856,
		0.904074,
		1
	},
	[0.133333333333] = {
		0.760724,
		-0.281985,
		-0.584623,
		0,
		0.569812,
		-0.141196,
		0.809554,
		0,
		-0.310828,
		-0.948972,
		0.053267,
		0,
		0.889212,
		-0.028639,
		0.923595,
		1
	},
	[0.15] = {
		0.802888,
		-0.241327,
		-0.545098,
		0,
		0.503574,
		-0.214801,
		0.836824,
		0,
		-0.319036,
		-0.946373,
		-0.050935,
		0,
		0.857762,
		-0.132597,
		0.941044,
		1
	},
	[0.166666666667] = {
		0.832281,
		-0.201352,
		-0.516493,
		0,
		0.455844,
		-0.281611,
		0.844335,
		0,
		-0.315459,
		-0.938164,
		-0.142594,
		0,
		0.837509,
		-0.226627,
		0.956848,
		1
	},
	[0.183333333333] = {
		0.848183,
		-0.16241,
		-0.504191,
		0,
		0.432195,
		-0.338136,
		0.835986,
		0,
		-0.306257,
		-0.926978,
		-0.216608,
		0,
		0.830417,
		-0.306371,
		0.971412,
		1
	},
	[0.1] = {
		0.641358,
		-0.364679,
		-0.675032,
		0,
		0.728073,
		0.011763,
		0.685398,
		0,
		-0.24201,
		-0.931059,
		0.273057,
		0,
		0.976342,
		0.19142,
		0.88223,
		1
	},
	[0.216666666667] = {
		0.808438,
		-0.083385,
		-0.582644,
		0,
		0.494065,
		-0.441866,
		0.748769,
		0,
		-0.319887,
		-0.893197,
		-0.316024,
		0,
		0.903972,
		-0.368658,
		0.986807,
		1
	},
	[0.233333333333] = {
		0.75474,
		-0.051166,
		-0.654026,
		0,
		0.557087,
		-0.476496,
		0.680151,
		0,
		-0.346441,
		-0.877686,
		-0.331127,
		0,
		0.975185,
		-0.348409,
		0.986718,
		1
	},
	[0.25] = {
		0.688565,
		-0.031575,
		-0.724487,
		0,
		0.623257,
		-0.484955,
		0.613489,
		0,
		-0.370714,
		-0.873969,
		-0.314244,
		0,
		1.051516,
		-0.304915,
		0.982068,
		1
	},
	[0.266666666667] = {
		0.621498,
		-0.031364,
		-0.782788,
		0,
		0.687741,
		-0.456664,
		0.564332,
		0,
		-0.375171,
		-0.889086,
		-0.262246,
		0,
		1.120177,
		-0.246853,
		0.973837,
		1
	},
	[0.283333333333] = {
		0.568593,
		-0.057397,
		-0.820614,
		0,
		0.748945,
		-0.376514,
		0.545269,
		0,
		-0.340269,
		-0.924631,
		-0.171096,
		0,
		1.168352,
		-0.182074,
		0.963263,
		1
	},
	[0.2] = {
		0.841566,
		-0.122441,
		-0.526094,
		0,
		0.446119,
		-0.39157,
		0.804768,
		0,
		-0.304539,
		-0.911966,
		-0.274909,
		0,
		0.851187,
		-0.356769,
		0.982018,
		1
	},
	[0.316666666667] = {
		0.555976,
		-0.261684,
		-0.788931,
		0,
		0.82891,
		0.104177,
		0.549595,
		0,
		-0.061632,
		-0.959515,
		0.274832,
		0,
		1.222213,
		0.028197,
		0.924506,
		1
	},
	[0.333333333333] = {
		0.576436,
		-0.331237,
		-0.746997,
		0,
		0.809146,
		0.358957,
		0.465224,
		0,
		0.11404,
		-0.872601,
		0.474935,
		0,
		1.237147,
		0.154885,
		0.877473,
		1
	},
	[0.35] = {
		0.585928,
		-0.340906,
		-0.735168,
		0,
		0.760598,
		0.544373,
		0.353764,
		0,
		0.279605,
		-0.766447,
		0.578255,
		0,
		1.212119,
		0.277128,
		0.820155,
		1
	},
	[0.366666666667] = {
		0.593837,
		-0.329948,
		-0.73382,
		0,
		0.667413,
		0.711374,
		0.220242,
		0,
		0.449352,
		-0.620549,
		0.642652,
		0,
		1.145765,
		0.459122,
		0.761082,
		1
	},
	[0.383333333333] = {
		0.608416,
		-0.314529,
		-0.72863,
		0,
		0.513239,
		0.856219,
		0.058956,
		0,
		0.605323,
		-0.409831,
		0.682366,
		0,
		1.062039,
		0.714102,
		0.697606,
		1
	},
	[0.3] = {
		0.545441,
		-0.143736,
		-0.825733,
		0,
		0.805227,
		-0.183542,
		0.563845,
		0,
		-0.232602,
		-0.972446,
		0.015629,
		0,
		1.199491,
		-0.093326,
		0.951032,
		1
	},
	[0.416666666667] = {
		0.683375,
		-0.245806,
		-0.687444,
		0,
		0.019489,
		0.947422,
		-0.319391,
		0,
		0.729808,
		0.204866,
		0.652235,
		0,
		0.789126,
		1.19101,
		0.523186,
		1
	},
	[0.433333333333] = {
		0.728959,
		-0.155299,
		-0.666709,
		0,
		-0.258369,
		0.839481,
		-0.478036,
		0,
		0.633928,
		0.520725,
		0.571822,
		0,
		0.562469,
		1.338055,
		0.378402,
		1
	},
	[0.45] = {
		0.752292,
		-0.013316,
		-0.658696,
		0,
		-0.504408,
		0.631532,
		-0.588847,
		0,
		0.423828,
		0.775236,
		0.468379,
		0,
		0.301467,
		1.438545,
		0.199756,
		1
	},
	[0.466666666667] = {
		0.702903,
		0.161295,
		-0.692756,
		0,
		-0.706558,
		0.270442,
		-0.653939,
		0,
		0.081873,
		0.949129,
		0.304059,
		0,
		0.000969,
		1.430868,
		0.008527,
		1
	},
	[0.483333333333] = {
		0.501879,
		0.264257,
		-0.823581,
		0,
		-0.718787,
		-0.402209,
		-0.567074,
		0,
		-0.481105,
		0.876582,
		-0.011916,
		0,
		-0.619157,
		1.153413,
		-0.321253,
		1
	},
	[0.4] = {
		0.640228,
		-0.293872,
		-0.709752,
		0,
		0.296693,
		0.946835,
		-0.124405,
		0,
		0.708577,
		-0.130931,
		0.69338,
		0,
		0.954541,
		0.978573,
		0.620724,
		1
	},
	[0.516666666667] = {
		0.155206,
		0.358321,
		-0.920607,
		0,
		0.39219,
		-0.877664,
		-0.275487,
		0,
		-0.906696,
		-0.318295,
		-0.276748,
		0,
		-0.812722,
		-0.037618,
		-0.525522,
		1
	},
	[0.533333333333] = {
		-0.008394,
		0.417539,
		-0.90862,
		0,
		0.758702,
		-0.589242,
		-0.277784,
		0,
		-0.651383,
		-0.691704,
		-0.311841,
		0,
		-0.526641,
		-0.537154,
		-0.515504,
		1
	},
	[0.55] = {
		-0.062361,
		0.408225,
		-0.910749,
		0,
		0.829871,
		-0.485737,
		-0.274545,
		0,
		-0.55446,
		-0.772925,
		-0.308483,
		0,
		-0.637972,
		-0.642275,
		-0.525726,
		1
	},
	[0.566666666667] = {
		-0.097875,
		0.382601,
		-0.918715,
		0,
		0.883248,
		-0.391981,
		-0.257338,
		0,
		-0.458577,
		-0.83664,
		-0.299566,
		0,
		-0.613506,
		-0.725664,
		-0.514686,
		1
	},
	[0.583333333333] = {
		-0.127975,
		0.357002,
		-0.925296,
		0,
		0.919739,
		-0.306359,
		-0.245407,
		0,
		-0.371084,
		-0.882436,
		-0.289143,
		0,
		-0.566104,
		-0.803142,
		-0.504762,
		1
	},
	[0.5] = {
		0.314708,
		0.244646,
		-0.917119,
		0,
		-0.27532,
		-0.901148,
		-0.334861,
		0,
		-0.908382,
		0.357885,
		-0.216242,
		0,
		-1.109643,
		0.679884,
		-0.54267,
		1
	},
	[0.616666666667] = {
		-0.158778,
		0.32479,
		-0.932363,
		0,
		0.949646,
		-0.20812,
		-0.23422,
		0,
		-0.270116,
		-0.922604,
		-0.27539,
		0,
		-0.525247,
		-0.867709,
		-0.5124,
		1
	},
	[0.633333333333] = {
		-0.167096,
		0.314201,
		-0.934535,
		0,
		0.956416,
		-0.178569,
		-0.231045,
		0,
		-0.239474,
		-0.932411,
		-0.270669,
		0,
		-0.514003,
		-0.889051,
		-0.529146,
		1
	},
	[0.65] = {
		-0.173589,
		0.305164,
		-0.936345,
		0,
		0.961184,
		-0.154547,
		-0.228563,
		0,
		-0.214458,
		-0.939676,
		-0.266491,
		0,
		-0.501537,
		-0.914907,
		-0.552533,
		1
	},
	[0.666666666667] = {
		-0.178519,
		0.297675,
		-0.937828,
		0,
		0.964467,
		-0.135731,
		-0.226672,
		0,
		-0.194766,
		-0.944969,
		-0.262868,
		0,
		-0.488549,
		-0.945132,
		-0.582709,
		1
	},
	[0.683333333333] = {
		-0.182102,
		0.291691,
		-0.939018,
		0,
		0.966655,
		-0.121759,
		-0.225284,
		0,
		-0.180047,
		-0.948731,
		-0.259792,
		0,
		-0.47349,
		-0.977782,
		-0.619545,
		1
	},
	[0.6] = {
		-0.148334,
		0.336879,
		-0.92979,
		0,
		0.940208,
		-0.243451,
		-0.238202,
		0,
		-0.306604,
		-0.90953,
		-0.280624,
		0,
		-0.53474,
		-0.85109,
		-0.502447,
		1
	},
	[0.716666666667] = {
		-0.185925,
		0.283918,
		-0.94065,
		0,
		0.968785,
		-0.106794,
		-0.22372,
		0,
		-0.163974,
		-0.952883,
		-0.255199,
		0,
		-0.429446,
		-1.041605,
		-0.711778,
		1
	},
	[0.733333333333] = {
		-0.186442,
		0.281924,
		-0.941147,
		0,
		0.969049,
		-0.105003,
		-0.223423,
		0,
		-0.161811,
		-0.953674,
		-0.253621,
		0,
		-0.387928,
		-1.062072,
		-0.760886,
		1
	},
	[0.75] = {
		-0.186176,
		0.281035,
		-0.941466,
		0,
		0.968899,
		-0.106467,
		-0.223382,
		0,
		-0.163013,
		-0.953774,
		-0.252472,
		0,
		-0.325163,
		-1.066106,
		-0.80336,
		1
	},
	[0.766666666667] = {
		-0.185221,
		0.281121,
		-0.941628,
		0,
		0.968375,
		-0.110782,
		-0.223556,
		0,
		-0.167162,
		-0.953257,
		-0.251711,
		0,
		-0.260547,
		-1.068178,
		-0.8469,
		1
	},
	[0.783333333333] = {
		-0.183662,
		0.282051,
		-0.941656,
		0,
		0.967496,
		-0.117542,
		-0.223909,
		0,
		-0.173838,
		-0.952172,
		-0.251295,
		0,
		-0.194355,
		-1.070415,
		-0.891483,
		1
	},
	[0.7] = {
		-0.18452,
		0.287137,
		-0.939949,
		0,
		0.968029,
		-0.112245,
		-0.224322,
		0,
		-0.169916,
		-0.95129,
		-0.257245,
		0,
		-0.454135,
		-1.010466,
		-0.662676,
		1
	},
	[0.816666666667] = {
		-0.179052,
		0.285896,
		-0.941384,
		0,
		0.964707,
		-0.136766,
		-0.225023,
		0,
		-0.193082,
		-0.948451,
		-0.251317,
		0,
		-0.060869,
		-1.07524,
		-0.981387,
		1
	},
	[0.833333333333] = {
		-0.176165,
		0.288539,
		-0.941122,
		0,
		0.96282,
		-0.14841,
		-0.225728,
		0,
		-0.204803,
		-0.945896,
		-0.251666,
		0,
		0.004622,
		-1.077739,
		-1.025511,
		1
	},
	[0.85] = {
		-0.173008,
		0.291484,
		-0.9408,
		0,
		0.960637,
		-0.160862,
		-0.226495,
		0,
		-0.217358,
		-0.942953,
		-0.25218,
		0,
		0.06808,
		-1.080232,
		-1.068287,
		1
	},
	[0.866666666667] = {
		-0.169677,
		0.294602,
		-0.940436,
		0,
		0.958207,
		-0.173709,
		-0.2273,
		0,
		-0.230325,
		-0.939699,
		-0.252816,
		0,
		0.128609,
		-1.082674,
		-1.10912,
		1
	},
	[0.883333333333] = {
		-0.166275,
		0.297767,
		-0.940046,
		0,
		0.955597,
		-0.186543,
		-0.228115,
		0,
		-0.243284,
		-0.936235,
		-0.253528,
		0,
		0.185317,
		-1.085019,
		-1.147424,
		1
	},
	[0.8] = {
		-0.181578,
		0.283688,
		-0.941568,
		0,
		0.966271,
		-0.126339,
		-0.224407,
		0,
		-0.182619,
		-0.950558,
		-0.251179,
		0,
		-0.127495,
		-1.072783,
		-0.936511,
		1
	},
	[0.916666666667] = {
		-0.159716,
		0.303765,
		-0.939264,
		0,
		0.950223,
		-0.210543,
		-0.229671,
		0,
		-0.267521,
		-0.929192,
		-0.255017,
		0,
		0.283713,
		-1.089282,
		-1.214194,
		1
	},
	[0.933333333333] = {
		-0.156805,
		0.306373,
		-0.938908,
		0,
		0.947701,
		-0.220905,
		-0.230357,
		0,
		-0.277985,
		-0.925924,
		-0.255711,
		0,
		0.323637,
		-1.091154,
		-1.241585,
		1
	},
	[0.95] = {
		-0.15431,
		0.308581,
		-0.938598,
		0,
		0.945478,
		-0.229648,
		-0.230942,
		0,
		-0.286811,
		-0.92306,
		-0.256319,
		0,
		0.356222,
		-1.092786,
		-1.264189,
		1
	},
	[0.966666666667] = {
		-0.152367,
		0.310285,
		-0.938354,
		0,
		0.943706,
		-0.236377,
		-0.231398,
		0,
		-0.293604,
		-0.920787,
		-0.256802,
		0,
		0.380613,
		-1.093987,
		-1.281071,
		1
	},
	[0.983333333333] = {
		-0.151106,
		0.311384,
		-0.938194,
		0,
		0.942539,
		-0.240702,
		-0.231694,
		0,
		-0.297971,
		-0.919295,
		-0.25712,
		0,
		0.395941,
		-1.094406,
		-1.290885,
		1
	},
	[0.9] = {
		-0.162915,
		0.30086,
		-0.93965,
		0,
		0.952898,
		-0.198956,
		-0.228914,
		0,
		-0.25582,
		-0.932684,
		-0.254276,
		0,
		0.237314,
		-1.08723,
		-1.18263,
		1
	}
}

return spline_matrices
