local spline_matrices = {
	[0] = {
		0.192289,
		-0.580323,
		-0.79136,
		0,
		0.947237,
		0.320496,
		-0.004863,
		0,
		0.256449,
		-0.748671,
		0.611331,
		0,
		1.215654,
		0.623102,
		0.747634,
		1
	},
	{
		-0.364423,
		0.929582,
		0.055427,
		0,
		0.597288,
		0.278989,
		-0.751939,
		0,
		-0.714453,
		-0.240919,
		-0.656898,
		0,
		0.995581,
		-1.054196,
		-1.436342,
		1
	},
	[0.0166666666667] = {
		0.291588,
		-0.55439,
		-0.779505,
		0,
		0.945652,
		0.289703,
		0.147699,
		0,
		0.143942,
		-0.780208,
		0.608734,
		0,
		1.178338,
		0.598179,
		0.768017,
		1
	},
	[0.0333333333333] = {
		0.408544,
		-0.524206,
		-0.747195,
		0,
		0.912495,
		0.253464,
		0.321104,
		0,
		0.021062,
		-0.812997,
		0.581887,
		0,
		1.110101,
		0.544347,
		0.797125,
		1
	},
	[0.05] = {
		0.532807,
		-0.493138,
		-0.6877,
		0,
		0.839858,
		0.208556,
		0.501142,
		0,
		-0.103708,
		-0.844582,
		0.525286,
		0,
		1.016414,
		0.466684,
		0.830188,
		1
	},
	[0.0666666666667] = {
		0.652214,
		-0.465052,
		-0.598618,
		0,
		0.725313,
		0.153346,
		0.671123,
		0,
		-0.220311,
		-0.871901,
		0.437323,
		0,
		0.903744,
		0.370777,
		0.863183,
		1
	},
	[0.0833333333333] = {
		0.754766,
		-0.443756,
		-0.483125,
		0,
		0.573318,
		0.088307,
		0.81456,
		0,
		-0.318802,
		-0.891786,
		0.321064,
		0,
		0.779246,
		0.262432,
		0.893332,
		1
	},
	[0.116666666667] = {
		0.876873,
		-0.431913,
		-0.211056,
		0,
		0.205865,
		-0.05936,
		0.976778,
		0,
		-0.434411,
		-0.89996,
		0.036865,
		0,
		0.523211,
		0.031705,
		0.94174,
		1
	},
	[0.133333333333] = {
		0.893261,
		-0.442327,
		-0.080195,
		0,
		0.023028,
		-0.133136,
		0.99083,
		0,
		-0.448948,
		-0.886917,
		-0.10874,
		0,
		0.403833,
		-0.079629,
		0.961676,
		1
	},
	[0.15] = {
		0.886785,
		-0.461136,
		0.031096,
		0,
		-0.138557,
		-0.201059,
		0.96973,
		0,
		-0.440925,
		-0.864251,
		-0.24219,
		0,
		0.296126,
		-0.181628,
		0.98114,
		1
	},
	[0.166666666667] = {
		0.867165,
		-0.484636,
		0.114683,
		0,
		-0.268044,
		-0.260103,
		0.927631,
		0,
		-0.419734,
		-0.835149,
		-0.355456,
		0,
		0.202838,
		-0.270019,
		1.002275,
		1
	},
	[0.183333333333] = {
		0.844854,
		-0.508488,
		0.166317,
		0,
		-0.359162,
		-0.308671,
		0.880752,
		0,
		-0.396515,
		-0.803842,
		-0.443411,
		0,
		0.125716,
		-0.341257,
		1.027426,
		1
	},
	[0.1] = {
		0.831145,
		-0.432228,
		-0.349824,
		0,
		0.394952,
		0.016026,
		0.918562,
		0,
		-0.391422,
		-0.901622,
		0.184029,
		0,
		0.65018,
		0.147508,
		0.919419,
		1
	},
	[0.216666666667] = {
		0.822154,
		-0.557204,
		0.116562,
		0,
		-0.387079,
		-0.397051,
		0.832178,
		0,
		-0.417412,
		-0.729297,
		-0.542119,
		0,
		0.081565,
		-0.344851,
		1.003068,
		1
	},
	[0.233333333333] = {
		0.818497,
		-0.573323,
		0.036929,
		0,
		-0.338033,
		-0.428619,
		0.837866,
		0,
		-0.464539,
		-0.698274,
		-0.544625,
		0,
		0.096489,
		-0.303747,
		1.010215,
		1
	},
	[0.25] = {
		0.815668,
		-0.576367,
		-0.049865,
		0,
		-0.259593,
		-0.441673,
		0.858799,
		0,
		-0.517008,
		-0.68755,
		-0.50988,
		0,
		0.124394,
		-0.248511,
		1.031083,
		1
	},
	[0.266666666667] = {
		0.816544,
		-0.563461,
		-0.125571,
		0,
		-0.157224,
		-0.42636,
		0.890785,
		0,
		-0.555461,
		-0.707622,
		-0.436731,
		0,
		0.159428,
		-0.183471,
		1.057863,
		1
	},
	[0.283333333333] = {
		0.828304,
		-0.531934,
		-0.175952,
		0,
		-0.037352,
		-0.365771,
		0.929955,
		0,
		-0.559033,
		-0.763713,
		-0.322838,
		0,
		0.194114,
		-0.112022,
		1.083668,
		1
	},
	[0.2] = {
		0.82928,
		-0.533161,
		0.167437,
		0,
		-0.398546,
		-0.354223,
		0.845983,
		0,
		-0.391735,
		-0.768288,
		-0.506239,
		0,
		0.085789,
		-0.365061,
		1.017847,
		1
	},
	[0.316666666667] = {
		0.911734,
		-0.390099,
		-0.128704,
		0,
		0.180033,
		0.097846,
		0.978782,
		0,
		-0.369229,
		-0.915559,
		0.159441,
		0,
		0.258453,
		0.091193,
		1.03336,
		1
	},
	[0.333333333333] = {
		0.94095,
		-0.311786,
		-0.131919,
		0,
		0.242461,
		0.34868,
		0.905337,
		0,
		-0.236274,
		-0.883862,
		0.403686,
		0,
		0.290732,
		0.209748,
		0.991488,
		1
	},
	[0.35] = {
		0.948561,
		-0.259561,
		-0.181272,
		0,
		0.295463,
		0.520108,
		0.801367,
		0,
		-0.113723,
		-0.813705,
		0.570045,
		0,
		0.289242,
		0.325466,
		0.946008,
		1
	},
	[0.366666666667] = {
		0.944516,
		-0.253155,
		-0.209289,
		0,
		0.32732,
		0.672264,
		0.66402,
		0,
		-0.027403,
		-0.695682,
		0.717827,
		0,
		0.263315,
		0.495782,
		0.879057,
		1
	},
	[0.383333333333] = {
		0.945368,
		-0.279556,
		-0.167712,
		0,
		0.326002,
		0.812534,
		0.48323,
		0,
		0.001182,
		-0.511505,
		0.85928,
		0,
		0.245295,
		0.732203,
		0.772349,
		1
	},
	[0.3] = {
		0.864465,
		-0.474311,
		-0.16652,
		0,
		0.085868,
		-0.18706,
		0.978588,
		0,
		-0.495304,
		-0.860255,
		-0.120979,
		0,
		0.227049,
		-0.020273,
		1.06756,
		1
	},
	[0.416666666667] = {
		0.978158,
		-0.20169,
		0.050287,
		0,
		0.202662,
		0.979134,
		-0.014995,
		0,
		-0.046213,
		0.024859,
		0.998622,
		0,
		0.171011,
		1.138263,
		0.448165,
		1
	},
	[0.433333333333] = {
		0.986349,
		-0.094227,
		0.135043,
		0,
		0.132013,
		0.942687,
		-0.306453,
		0,
		-0.098427,
		0.320097,
		0.942258,
		0,
		0.072422,
		1.262322,
		0.221492,
		1
	},
	[0.45] = {
		0.982897,
		-0.076473,
		0.167525,
		0,
		0.171257,
		0.714034,
		-0.678842,
		0,
		-0.067706,
		0.695922,
		0.714919,
		0,
		0.084934,
		1.368055,
		-0.085302,
		1
	},
	[0.466666666667] = {
		0.991229,
		0.069841,
		0.112191,
		0,
		0.078239,
		0.374043,
		-0.924105,
		0,
		-0.106505,
		0.924778,
		0.365299,
		0,
		0.063904,
		1.383104,
		-0.370061,
		1
	},
	[0.483333333333] = {
		0.979347,
		0.195686,
		0.050853,
		0,
		0.049087,
		0.013865,
		-0.998698,
		0,
		-0.196136,
		0.980569,
		0.003973,
		0,
		-0.012114,
		1.24336,
		-0.799547,
		1
	},
	[0.4] = {
		0.95875,
		-0.277193,
		-0.062948,
		0,
		0.283949,
		0.923757,
		0.256995,
		0,
		-0.013088,
		-0.264268,
		0.964361,
		0,
		0.226034,
		0.964845,
		0.626268,
		1
	},
	[0.516666666667] = {
		0.50734,
		0.85592,
		0.100037,
		0,
		0.591288,
		-0.261311,
		-0.762952,
		0,
		-0.626884,
		0.446227,
		-0.638669,
		0,
		0.313406,
		-0.026056,
		-1.223464,
		1
	},
	[0.533333333333] = {
		0.050499,
		0.990262,
		0.129734,
		0,
		0.659291,
		0.06452,
		-0.749114,
		0,
		-0.75019,
		0.123362,
		-0.649613,
		0,
		0.584748,
		-0.51826,
		-1.225861,
		1
	},
	[0.55] = {
		-0.079773,
		0.988664,
		0.127199,
		0,
		0.645809,
		0.148464,
		-0.748926,
		0,
		-0.75932,
		0.022402,
		-0.650331,
		0,
		0.470858,
		-0.628421,
		-1.249245,
		1
	},
	[0.566666666667] = {
		-0.193992,
		0.97503,
		0.108095,
		0,
		0.633412,
		0.208635,
		-0.745158,
		0,
		-0.749104,
		-0.076086,
		-0.658069,
		0,
		0.407753,
		-0.767597,
		-1.265589,
		1
	},
	[0.583333333333] = {
		-0.285781,
		0.953856,
		0.092134,
		0,
		0.616546,
		0.256616,
		-0.744325,
		0,
		-0.733621,
		-0.15591,
		-0.661432,
		0,
		0.38698,
		-0.89664,
		-1.279561,
		1
	},
	[0.5] = {
		0.942316,
		0.321814,
		0.092068,
		0,
		0.256618,
		-0.51796,
		-0.816005,
		0,
		-0.214914,
		0.792561,
		-0.570666,
		0,
		0.03669,
		0.704691,
		-1.225762,
		1
	},
	[0.616666666667] = {
		-0.393494,
		0.916479,
		0.072307,
		0,
		0.589512,
		0.311896,
		-0.745115,
		0,
		-0.705434,
		-0.250572,
		-0.663005,
		0,
		0.402032,
		-1.026825,
		-1.32295,
		1
	},
	[0.633333333333] = {
		-0.412633,
		0.908342,
		0.068182,
		0,
		0.58395,
		0.321232,
		-0.745528,
		0,
		-0.699097,
		-0.267815,
		-0.662977,
		0,
		0.429029,
		-1.041484,
		-1.335097,
		1
	},
	[0.65] = {
		-0.426092,
		0.902345,
		0.064953,
		0,
		0.579881,
		0.327519,
		-0.745969,
		0,
		-0.694395,
		-0.280186,
		-0.662806,
		0,
		0.459588,
		-1.0558,
		-1.34634,
		1
	},
	[0.666666666667] = {
		-0.435068,
		0.898231,
		0.06243,
		0,
		0.577091,
		0.331399,
		-0.746419,
		0,
		-0.691145,
		-0.288715,
		-0.662542,
		0,
		0.492219,
		-1.069225,
		-1.356605,
		1
	},
	[0.683333333333] = {
		-0.440707,
		0.895615,
		0.060423,
		0,
		0.575305,
		0.333479,
		-0.746871,
		0,
		-0.689059,
		-0.29439,
		-0.662218,
		0,
		0.525421,
		-1.081193,
		-1.365825,
		1
	},
	[0.6] = {
		-0.35725,
		0.930632,
		0.079348,
		0,
		0.599353,
		0.293575,
		-0.744708,
		0,
		-0.716344,
		-0.218489,
		-0.662657,
		0,
		0.386416,
		-0.996431,
		-1.297065,
		1
	},
	[0.716666666667] = {
		-0.446389,
		0.893009,
		0.057198,
		0,
		0.57347,
		0.334558,
		-0.747799,
		0,
		-0.686927,
		-0.301008,
		-0.661457,
		0,
		0.587506,
		-1.098437,
		-1.380877,
		1
	},
	[0.733333333333] = {
		-0.447694,
		0.892446,
		0.055775,
		0,
		0.57304,
		0.334229,
		-0.748275,
		0,
		-0.686437,
		-0.303037,
		-0.661039,
		0,
		0.616342,
		-1.102367,
		-1.386974,
		1
	},
	[0.75] = {
		-0.447572,
		0.892581,
		0.054571,
		0,
		0.573069,
		0.333134,
		-0.748742,
		0,
		-0.686492,
		-0.303843,
		-0.660612,
		0,
		0.646197,
		-1.102146,
		-1.392432,
		1
	},
	[0.766666666667] = {
		-0.446158,
		0.893349,
		0.053573,
		0,
		0.573513,
		0.331353,
		-0.749192,
		0,
		-0.687041,
		-0.303533,
		-0.660183,
		0,
		0.677092,
		-1.09954,
		-1.397634,
		1
	},
	[0.783333333333] = {
		-0.443584,
		0.894678,
		0.052768,
		0,
		0.574327,
		0.328966,
		-0.74962,
		0,
		-0.688028,
		-0.302213,
		-0.659762,
		0,
		0.709184,
		-1.096746,
		-1.403062,
		1
	},
	[0.7] = {
		-0.444117,
		0.894041,
		0.058741,
		0,
		0.574209,
		0.334342,
		-0.747329,
		0,
		-0.687782,
		-0.298172,
		-0.661853,
		0,
		0.557687,
		-1.091124,
		-1.373935,
		1
	},
	[0.816666666667] = {
		-0.435475,
		0.898715,
		0.051695,
		0,
		0.576872,
		0.322688,
		-0.750394,
		0,
		-0.691072,
		-0.296956,
		-0.658966,
		0,
		0.774946,
		-1.090799,
		-1.414252,
		1
	},
	[0.833333333333] = {
		-0.430199,
		0.901269,
		0.051405,
		0,
		0.578505,
		0.318954,
		-0.750733,
		0,
		-0.693008,
		-0.293227,
		-0.658603,
		0,
		0.807607,
		-1.08775,
		-1.419837,
		1
	},
	[0.85] = {
		-0.424282,
		0.904078,
		0.051265,
		0,
		0.580315,
		0.314928,
		-0.751036,
		0,
		-0.69514,
		-0.288901,
		-0.658268,
		0,
		0.839449,
		-1.084724,
		-1.425301,
		1
	},
	[0.866666666667] = {
		-0.417856,
		0.907066,
		0.051268,
		0,
		0.582253,
		0.310689,
		-0.751302,
		0,
		-0.697408,
		-0.284085,
		-0.657964,
		0,
		0.869976,
		-1.081788,
		-1.430571,
		1
	},
	[0.883333333333] = {
		-0.411053,
		0.910161,
		0.051402,
		0,
		0.584273,
		0.306317,
		-0.751528,
		0,
		-0.699757,
		-0.278885,
		-0.657695,
		0,
		0.898693,
		-1.079012,
		-1.435573,
		1
	},
	[0.8] = {
		-0.43998,
		0.896492,
		0.052146,
		0,
		0.575463,
		0.326051,
		-0.750022,
		0,
		-0.689391,
		-0.299986,
		-0.659354,
		0,
		0.74197,
		-1.093816,
		-1.408631,
		1
	},
	[0.916666666667] = {
		-0.396858,
		0.916404,
		0.052039,
		0,
		0.588388,
		0.297502,
		-0.751859,
		0,
		-0.704488,
		-0.267762,
		-0.657267,
		0,
		0.948633,
		-1.074074,
		-1.444298,
		1
	},
	[0.933333333333] = {
		-0.389741,
		0.919426,
		0.052525,
		0,
		0.5904,
		0.293226,
		-0.751962,
		0,
		-0.706775,
		-0.26206,
		-0.657111,
		0,
		0.965501,
		-1.067249,
		-1.441734,
		1
	},
	[0.95] = {
		-0.382796,
		0.922305,
		0.053113,
		0,
		0.59233,
		0.28915,
		-0.752022,
		0,
		-0.708951,
		-0.256411,
		-0.656995,
		0,
		0.978858,
		-1.06163,
		-1.439486,
		1
	},
	[0.966666666667] = {
		-0.376167,
		0.924989,
		0.053798,
		0,
		0.594144,
		0.28536,
		-0.752039,
		0,
		-0.710979,
		-0.250928,
		-0.65692,
		0,
		0.988488,
		-1.057441,
		-1.437736,
		1
	},
	[0.983333333333] = {
		-0.369994,
		0.92743,
		0.054571,
		0,
		0.595807,
		0.281944,
		-0.752012,
		0,
		-0.712824,
		-0.245726,
		-0.656887,
		0,
		0.994155,
		-1.054896,
		-1.436643,
		1
	},
	[0.9] = {
		-0.404008,
		0.913295,
		0.051662,
		0,
		0.586332,
		0.301894,
		-0.751714,
		0,
		-0.702134,
		-0.273408,
		-0.657462,
		0,
		0.925096,
		-1.076447,
		-1.440211,
		1
	}
}

return spline_matrices
