local spline_matrices = {
	[0] = {
		-0.118989,
		-0.237427,
		0.96409,
		0,
		0.289842,
		-0.937002,
		-0.194983,
		0,
		0.949649,
		0.256233,
		0.180309,
		0,
		0.850888,
		-1.106592,
		-0.626469,
		1
	},
	{
		0.892819,
		0.254949,
		0.371315,
		0,
		0.411008,
		-0.123929,
		-0.903169,
		0,
		-0.184245,
		0.95898,
		-0.215433,
		0,
		0.900442,
		-0.107466,
		-1.141468,
		1
	},
	[0.0166666666667] = {
		-0.131398,
		-0.659591,
		0.740051,
		0,
		0.708085,
		-0.58491,
		-0.395595,
		0,
		0.693794,
		0.472038,
		0.543903,
		0,
		0.896987,
		-1.013487,
		-0.521641,
		1
	},
	[0.0333333333333] = {
		0.024331,
		-0.909655,
		0.414652,
		0,
		0.962697,
		-0.090489,
		-0.255002,
		0,
		0.269485,
		0.405389,
		0.87352,
		0,
		0.912758,
		-0.986282,
		-0.283315,
		1
	},
	[0.05] = {
		0.241386,
		-0.958353,
		0.152621,
		0,
		0.95623,
		0.261699,
		0.130911,
		0,
		-0.165399,
		0.114341,
		0.979576,
		0,
		0.901832,
		-1.024867,
		-0.030344,
		1
	},
	[0.0666666666667] = {
		0.40751,
		-0.912881,
		0.024165,
		0,
		0.776717,
		0.360401,
		0.516548,
		0,
		-0.480256,
		-0.191729,
		0.855917,
		0,
		0.877786,
		-1.051237,
		0.12559,
		1
	},
	[0.0833333333333] = {
		0.476683,
		-0.87907,
		0.003129,
		0,
		0.572698,
		0.313247,
		0.757558,
		0,
		-0.666926,
		-0.359323,
		0.652761,
		0,
		0.873277,
		-1.069831,
		0.128062,
		1
	},
	[0.116666666667] = {
		0.390737,
		-0.913863,
		0.110357,
		0,
		0.284028,
		0.233733,
		0.929891,
		0,
		-0.875587,
		-0.331999,
		0.350891,
		0,
		0.88597,
		-0.827905,
		-0.102783,
		1
	},
	[0.133333333333] = {
		0.288174,
		-0.936655,
		0.199083,
		0,
		0.187577,
		0.259091,
		0.947463,
		0,
		-0.939026,
		-0.235691,
		0.250358,
		0,
		0.90545,
		-0.615501,
		-0.224541,
		1
	},
	[0.15] = {
		0.173915,
		-0.936713,
		0.303847,
		0,
		0.117384,
		0.326069,
		0.93803,
		0,
		-0.97774,
		-0.127471,
		0.166663,
		0,
		0.928506,
		-0.369625,
		-0.337848,
		1
	},
	[0.166666666667] = {
		0.071289,
		-0.906855,
		0.415369,
		0,
		0.07017,
		0.419956,
		0.904828,
		0,
		-0.994984,
		-0.035358,
		0.093573,
		0,
		0.950219,
		-0.108048,
		-0.43354,
		1
	},
	[0.183333333333] = {
		0.013352,
		-0.850121,
		0.526418,
		0,
		0.045553,
		0.526435,
		0.848994,
		0,
		-0.998873,
		0.012645,
		0.045755,
		0,
		0.965311,
		0.154123,
		-0.485194,
		1
	},
	[0.1] = {
		0.460528,
		-0.886612,
		0.042819,
		0,
		0.410681,
		0.255587,
		0.875224,
		0,
		-0.786928,
		-0.38548,
		0.481819,
		0,
		0.874502,
		-0.988009,
		0.018774,
		1
	},
	[0.216666666667] = {
		0.072301,
		-0.694991,
		0.715374,
		0,
		0.027427,
		0.718366,
		0.695125,
		0,
		-0.997006,
		-0.030638,
		0.071,
		0,
		0.773988,
		0.748501,
		-0.419714,
		1
	},
	[0.233333333333] = {
		0.137144,
		-0.597202,
		0.790279,
		0,
		0.018347,
		0.799212,
		0.600769,
		0,
		-0.990381,
		-0.067892,
		0.120564,
		0,
		0.417542,
		1.154368,
		-0.335114,
		1
	},
	[0.25] = {
		0.146882,
		-0.522673,
		0.839785,
		0,
		-0.029051,
		0.846347,
		0.531839,
		0,
		-0.988727,
		-0.102514,
		0.109129,
		0,
		0.226872,
		1.386708,
		-0.293988,
		1
	},
	[0.266666666667] = {
		0.113623,
		-0.477858,
		0.871058,
		0,
		-0.101138,
		0.866618,
		0.488615,
		0,
		-0.988363,
		-0.143615,
		0.050138,
		0,
		0.230114,
		1.445779,
		-0.293873,
		1
	},
	[0.283333333333] = {
		0.082354,
		-0.443831,
		0.892318,
		0,
		-0.159617,
		0.877928,
		0.451404,
		0,
		-0.983738,
		-0.179604,
		0.001458,
		0,
		0.238105,
		1.491904,
		-0.29423,
		1
	},
	[0.2] = {
		0.01506,
		-0.780191,
		0.625361,
		0,
		0.031185,
		0.625494,
		0.779606,
		0,
		-0.9994,
		0.007761,
		0.03375,
		0,
		0.968801,
		0.403304,
		-0.481363,
		1
	},
	[0.316666666667] = {
		0.076358,
		-0.401324,
		0.912748,
		0,
		-0.1876,
		0.893289,
		0.408462,
		0,
		-0.979273,
		-0.20242,
		-0.007078,
		0,
		0.243441,
		1.536078,
		-0.29115,
		1
	},
	[0.333333333333] = {
		0.094525,
		-0.398552,
		0.912262,
		0,
		-0.157426,
		0.89885,
		0.409005,
		0,
		-0.982996,
		-0.182275,
		0.022222,
		0,
		0.239252,
		1.537594,
		-0.28693,
		1
	},
	[0.35] = {
		0.093261,
		-0.414112,
		0.905436,
		0,
		-0.12686,
		0.897044,
		0.423341,
		0,
		-0.987527,
		-0.154345,
		0.031125,
		0,
		0.239176,
		1.534735,
		-0.283179,
		1
	},
	[0.366666666667] = {
		0.075124,
		-0.440024,
		0.894838,
		0,
		-0.101715,
		0.889312,
		0.445846,
		0,
		-0.991973,
		-0.124513,
		0.022052,
		0,
		0.243139,
		1.52886,
		-0.280136,
		1
	},
	[0.383333333333] = {
		0.048927,
		-0.46742,
		0.88268,
		0,
		-0.080203,
		0.879046,
		0.469941,
		0,
		-0.995577,
		-0.093786,
		0.00552,
		0,
		0.252413,
		1.52167,
		-0.277601,
		1
	},
	[0.3] = {
		0.065692,
		-0.41904,
		0.905588,
		0,
		-0.192519,
		0.885175,
		0.423559,
		0,
		-0.979092,
		-0.202168,
		-0.022524,
		0,
		0.244542,
		1.522714,
		-0.293788,
		1
	},
	[0.416666666667] = {
		0.010678,
		-0.498791,
		0.866657,
		0,
		-0.04595,
		0.865546,
		0.498717,
		0,
		-0.998887,
		-0.045148,
		-0.013677,
		0,
		0.279537,
		1.511009,
		-0.275197,
		1
	},
	[0.433333333333] = {
		0.00703,
		-0.498287,
		0.866984,
		0,
		-0.039617,
		0.866186,
		0.49815,
		0,
		-0.99919,
		-0.037849,
		-0.013652,
		0,
		0.290763,
		1.509906,
		-0.276109,
		1
	},
	[0.45] = {
		0.01097,
		-0.491586,
		0.87076,
		0,
		-0.039298,
		0.869928,
		0.491611,
		0,
		-0.999167,
		-0.039612,
		-0.009775,
		0,
		0.297927,
		1.510331,
		-0.277833,
		1
	},
	[0.466666666667] = {
		0.021745,
		-0.480122,
		0.876932,
		0,
		-0.0455,
		0.875755,
		0.480606,
		0,
		-0.998728,
		-0.050351,
		-0.002803,
		0,
		0.298798,
		1.512498,
		-0.279958,
		1
	},
	[0.483333333333] = {
		0.037584,
		-0.465084,
		0.884468,
		0,
		-0.057336,
		0.882632,
		0.466555,
		0,
		-0.997647,
		-0.068247,
		0.006507,
		0,
		0.293712,
		1.516029,
		-0.28222,
		1
	},
	[0.4] = {
		0.025222,
		-0.48864,
		0.872121,
		0,
		-0.059922,
		0.870091,
		0.489235,
		0,
		-0.997884,
		-0.064599,
		-0.007335,
		0,
		0.265856,
		1.514965,
		-0.275729,
		1
	},
	[0.516666666667] = {
		0.074918,
		-0.429307,
		0.900046,
		0,
		-0.089544,
		0.89604,
		0.43485,
		0,
		-0.993161,
		-0.113172,
		0.028687,
		0,
		0.274796,
		1.523978,
		-0.286573,
		1
	},
	[0.533333333333] = {
		0.092621,
		-0.411654,
		0.906621,
		0,
		-0.10666,
		0.901194,
		0.420086,
		0,
		-0.989972,
		-0.135609,
		0.039562,
		0,
		0.263376,
		1.527359,
		-0.288307,
		1
	},
	[0.55] = {
		0.107431,
		-0.396582,
		0.911692,
		0,
		-0.122079,
		0.904798,
		0.407968,
		0,
		-0.986689,
		-0.155127,
		0.048789,
		0,
		0.252252,
		1.529759,
		-0.289569,
		1
	},
	[0.566666666667] = {
		0.117867,
		-0.386109,
		0.914892,
		0,
		-0.133928,
		0.906715,
		0.399913,
		0,
		-0.983957,
		-0.169666,
		0.055161,
		0,
		0.242625,
		1.530805,
		-0.290264,
		1
	},
	[0.583333333333] = {
		0.122534,
		-0.382303,
		0.915876,
		0,
		-0.140326,
		0.906886,
		0.397324,
		0,
		-0.982494,
		-0.177207,
		0.057477,
		0,
		0.235692,
		1.530154,
		-0.290303,
		1
	},
	[0.5] = {
		0.055965,
		-0.44767,
		0.892446,
		0,
		-0.072538,
		0.889662,
		0.450822,
		0,
		-0.995794,
		-0.089967,
		0.017317,
		0,
		0.28531,
		1.520039,
		-0.28449,
		1
	},
	[0.616666666667] = {
		0.105272,
		-0.392317,
		0.913786,
		0,
		-0.146409,
		0.902764,
		0.404452,
		0,
		-0.983607,
		-0.176364,
		0.037597,
		0,
		0.298424,
		1.445321,
		-0.324325,
		1
	},
	[0.633333333333] = {
		0.084928,
		-0.403307,
		0.911115,
		0,
		-0.147219,
		0.899303,
		0.411801,
		0,
		-0.985451,
		-0.169107,
		0.017002,
		0,
		0.352781,
		1.373854,
		-0.347332,
		1
	},
	[0.65] = {
		0.060035,
		-0.417142,
		0.906856,
		0,
		-0.142905,
		0.895545,
		0.421399,
		0,
		-0.987914,
		-0.154893,
		-0.005848,
		0,
		0.395359,
		1.311185,
		-0.356445,
		1
	},
	[0.666666666667] = {
		0.033942,
		-0.43216,
		0.901158,
		0,
		-0.130376,
		0.892058,
		0.432706,
		0,
		-0.990884,
		-0.132176,
		-0.026065,
		0,
		0.419613,
		1.261802,
		-0.347157,
		1
	},
	[0.683333333333] = {
		0.01021,
		-0.44594,
		0.895005,
		0,
		-0.107451,
		0.889379,
		0.444363,
		0,
		-0.994158,
		-0.100706,
		-0.038836,
		0,
		0.436049,
		1.215351,
		-0.328461,
		1
	},
	[0.6] = {
		0.118534,
		-0.385075,
		0.915241,
		0,
		-0.143544,
		0.905412,
		0.39953,
		0,
		-0.98252,
		-0.178735,
		0.052047,
		0,
		0.252334,
		1.504565,
		-0.300857,
		1
	},
	[0.716666666667] = {
		-0.021332,
		-0.459657,
		0.887841,
		0,
		-0.029763,
		0.887941,
		0.458993,
		0,
		-0.999329,
		-0.016634,
		-0.032622,
		0,
		0.467194,
		1.125296,
		-0.291207,
		1
	},
	[0.733333333333] = {
		-0.02903,
		-0.4555,
		0.889762,
		0,
		0.022668,
		0.889608,
		0.456161,
		0,
		-0.999321,
		0.033411,
		-0.015501,
		0,
		0.493246,
		1.078956,
		-0.287329,
		1
	},
	[0.75] = {
		-0.033131,
		-0.44134,
		0.896728,
		0,
		0.08319,
		0.892889,
		0.442524,
		0,
		-0.995983,
		0.08926,
		0.007133,
		0,
		0.53424,
		1.030114,
		-0.303173,
		1
	},
	[0.766666666667] = {
		-0.043375,
		-0.4258,
		0.903777,
		0,
		0.141795,
		0.892847,
		0.427456,
		0,
		-0.988945,
		0.146692,
		0.021648,
		0,
		0.594964,
		0.978191,
		-0.340146,
		1
	},
	[0.783333333333] = {
		-0.070026,
		-0.420668,
		0.904508,
		0,
		0.181736,
		0.88618,
		0.426213,
		0,
		-0.980851,
		0.194227,
		0.014395,
		0,
		0.671713,
		0.925357,
		-0.393058,
		1
	},
	[0.7] = {
		-0.008511,
		-0.455856,
		0.890013,
		0,
		-0.073595,
		0.887917,
		0.454078,
		0,
		-0.997252,
		-0.061636,
		-0.041105,
		0,
		0.450059,
		1.17033,
		-0.307384,
		1
	},
	[0.816666666667] = {
		-0.126217,
		-0.365339,
		0.922278,
		0,
		0.277071,
		0.87973,
		0.386403,
		0,
		-0.952523,
		0.304307,
		-0.009812,
		0,
		0.851017,
		0.823585,
		-0.551716,
		1
	},
	[0.833333333333] = {
		-0.135127,
		-0.302067,
		0.943661,
		0,
		0.350028,
		0.876435,
		0.33067,
		0,
		-0.926942,
		0.37499,
		-0.012698,
		0,
		0.941024,
		0.775657,
		-0.650423,
		1
	},
	[0.85] = {
		-0.124473,
		-0.222108,
		0.967044,
		0,
		0.432619,
		0.864956,
		0.254346,
		0,
		-0.892943,
		0.450021,
		-0.011575,
		0,
		1.02185,
		0.730544,
		-0.753506,
		1
	},
	[0.866666666667] = {
		-0.090827,
		-0.131887,
		0.987095,
		0,
		0.517503,
		0.840603,
		0.159932,
		0,
		-0.850848,
		0.52535,
		-0.008097,
		0,
		1.086435,
		0.689223,
		-0.854464,
		1
	},
	[0.883333333333] = {
		-0.033057,
		-0.03825,
		0.998721,
		0,
		0.596555,
		0.800987,
		0.050422,
		0,
		-0.801891,
		0.597459,
		-0.00366,
		0,
		1.127947,
		0.653014,
		-0.946769,
		1
	},
	[0.8] = {
		-0.10273,
		-0.406422,
		0.907892,
		0,
		0.219599,
		0.880935,
		0.419203,
		0,
		-0.970166,
		0.242437,
		-0.001249,
		0,
		0.758931,
		0.873659,
		-0.463814,
		1
	},
	[0.916666666667] = {
		0.161864,
		0.144605,
		0.976161,
		0,
		0.713239,
		0.666485,
		-0.216997,
		0,
		-0.681976,
		0.73136,
		0.004742,
		0,
		1.126739,
		0.56677,
		-1.083952,
		1
	},
	[0.933333333333] = {
		0.314613,
		0.232766,
		0.920238,
		0,
		0.740412,
		0.546469,
		-0.391358,
		0,
		-0.593977,
		0.804482,
		-0.000417,
		0,
		1.097836,
		0.458907,
		-1.126764,
		1
	},
	[0.95] = {
		0.485386,
		0.29515,
		0.822974,
		0,
		0.725226,
		0.389809,
		-0.567535,
		0,
		-0.488311,
		0.872316,
		-0.024843,
		0,
		1.05631,
		0.317237,
		-1.148815,
		1
	},
	[0.966666666667] = {
		0.652442,
		0.319554,
		0.687172,
		0,
		0.658407,
		0.209983,
		-0.722778,
		0,
		-0.375261,
		0.924009,
		-0.073394,
		0,
		1.005948,
		0.162232,
		-1.154227,
		1
	},
	[0.983333333333] = {
		0.794058,
		0.303044,
		0.526912,
		0,
		0.544806,
		0.029584,
		-0.83804,
		0,
		-0.269552,
		0.952517,
		-0.141609,
		0,
		0.951738,
		0.014988,
		-1.150232,
		1
	},
	[0.9] = {
		0.04755,
		0.052324,
		0.997497,
		0,
		0.661863,
		0.746284,
		-0.070697,
		0,
		-0.748115,
		0.663568,
		0.000854,
		0,
		1.13994,
		0.623481,
		-1.02389,
		1
	},
	[1.01666666667] = {
		0.949149,
		0.19561,
		0.246684,
		0,
		0.289493,
		-0.234321,
		-0.928056,
		0,
		-0.123734,
		0.952276,
		-0.279033,
		0,
		0.857208,
		-0.190536,
		-1.13415,
		1
	},
	[1.03333333333] = {
		0.974786,
		0.145521,
		0.169165,
		0,
		0.206222,
		-0.297903,
		-0.932055,
		0,
		-0.085239,
		0.943439,
		-0.320401,
		0,
		0.82521,
		-0.220841,
		-1.134154,
		1
	},
	[1.05] = {
		0.985272,
		0.110747,
		0.130287,
		0,
		0.159941,
		-0.327359,
		-0.931265,
		0,
		-0.060485,
		0.938388,
		-0.340251,
		0,
		0.800143,
		-0.217334,
		-1.141818,
		1
	},
	[1.06666666667] = {
		0.989949,
		0.086319,
		0.112023,
		0,
		0.134877,
		-0.338085,
		-0.9314,
		0,
		-0.042525,
		0.937149,
		-0.346329,
		0,
		0.776028,
		-0.208765,
		-1.153627,
		1
	},
	[1.08333333333] = {
		0.991315,
		0.071181,
		0.110583,
		0,
		0.128158,
		-0.334179,
		-0.933756,
		0,
		-0.029511,
		0.939818,
		-0.340398,
		0,
		0.75288,
		-0.196188,
		-1.168766,
		1
	},
	[1.11666666667] = {
		0.987215,
		0.061853,
		0.146901,
		0,
		0.158652,
		-0.292598,
		-0.942983,
		0,
		-0.015344,
		0.954233,
		-0.29867,
		0,
		0.71039,
		-0.162339,
		-1.20557,
		1
	},
	[1.13333333333] = {
		0.981596,
		0.063749,
		0.180017,
		0,
		0.190468,
		-0.258449,
		-0.947062,
		0,
		-0.013849,
		0.963919,
		-0.265835,
		0,
		0.691705,
		-0.14255,
		-1.225464,
		1
	},
	[1.15] = {
		0.973148,
		0.067398,
		0.220092,
		0,
		0.22962,
		-0.217549,
		-0.948656,
		0,
		-0.016056,
		0.97372,
		-0.227183,
		0,
		0.675188,
		-0.12183,
		-1.245167,
		1
	},
	[1.16666666667] = {
		0.961727,
		0.071013,
		0.264648,
		0,
		0.273145,
		-0.171787,
		-0.94651,
		0,
		-0.021751,
		0.982571,
		-0.184609,
		0,
		0.661148,
		-0.100966,
		-1.263806,
		1
	},
	[1.18333333333] = {
		0.947606,
		0.073117,
		0.310961,
		0,
		0.317997,
		-0.123436,
		-0.940022,
		0,
		-0.030348,
		0.989655,
		-0.14022,
		0,
		0.64984,
		-0.080818,
		-1.280552,
		1
	},
	[1.1] = {
		0.99036,
		0.063665,
		0.123017,
		0,
		0.136981,
		-0.318373,
		-0.938016,
		0,
		-0.020553,
		0.945825,
		-0.324025,
		0,
		0.730898,
		-0.18046,
		-1.186374,
		1
	},
	[1.21666666667] = {
		0.915087,
		0.069149,
		0.397284,
		0,
		0.399953,
		-0.029771,
		-0.916052,
		0,
		-0.051516,
		0.997162,
		-0.054899,
		0,
		0.6362,
		-0.046524,
		-1.305425,
		1
	},
	[1.23333333333] = {
		0.89989,
		0.062517,
		0.431614,
		0,
		0.43189,
		0.00972,
		-0.901874,
		0,
		-0.060578,
		0.997997,
		-0.018253,
		0,
		0.634205,
		-0.03448,
		-1.312332,
		1
	},
	[1.25] = {
		0.88809,
		0.053112,
		0.45659,
		0,
		0.454944,
		0.040499,
		-0.889599,
		0,
		-0.065739,
		0.997767,
		0.011804,
		0,
		0.63566,
		-0.027301,
		-1.314893,
		1
	},
	[1.2] = {
		0.931601,
		0.072671,
		0.356143,
		0,
		0.361186,
		-0.075137,
		-0.929462,
		0,
		-0.040786,
		0.994522,
		-0.096246,
		0,
		0.641467,
		-0.06233,
		-1.294646,
		1
	}
}

return spline_matrices
