-- chunkname: @content/characters/player/ogryn/first_person/animations/slab_shield/slab_shield_maul/heavy_swing_down_left.lua

local spline_matrices = {
	[0.0166666666667] = {
		0.456088,
		-0.64627,
		-0.611816,
		0,
		0.887112,
		0.384874,
		0.254764,
		0,
		0.070826,
		-0.658944,
		0.74885,
		0,
		0.996949,
		0.599268,
		0.848137,
		1
	},
	[0.0333333333333] = {
		0.53705,
		-0.619321,
		-0.57273,
		0,
		0.841457,
		0.345508,
		0.415421,
		0,
		-0.059397,
		-0.705029,
		0.706687,
		0,
		0.936803,
		0.545595,
		0.871285,
		1
	},
	[0.05] = {
		0.623132,
		-0.590308,
		-0.513073,
		0,
		0.758673,
		0.296801,
		0.579935,
		0,
		-0.19006,
		-0.75063,
		0.632796,
		0,
		0.854221,
		0.46829,
		0.89765,
		1
	},
	[0.0666666666667] = {
		0.705035,
		-0.562625,
		-0.431716,
		0,
		0.637981,
		0.237352,
		0.73256,
		0,
		-0.309688,
		-0.791907,
		0.526285,
		0,
		0.755117,
		0.372862,
		0.923772,
		1
	},
	[0.0833333333333] = {
		0.773886,
		-0.539548,
		-0.331644,
		0,
		0.484803,
		0.167738,
		0.858388,
		0,
		-0.407512,
		-0.825077,
		0.391385,
		0,
		0.645945,
		0.265007,
		0.947296,
		1
	},
	[0] = {
		0.388471,
		-0.668075,
		-0.634638,
		0,
		0.901588,
		0.417839,
		0.112022,
		0,
		0.190338,
		-0.6157,
		0.764647,
		0,
		1.029553,
		0.624254,
		0.832344,
		1
	},
	[0.116666666667] = {
		0.849852,
		-0.516301,
		-0.105764,
		0,
		0.129155,
		0.00947,
		0.991579,
		0,
		-0.510951,
		-0.856355,
		0.074731,
		0,
		0.422728,
		0.034848,
		0.983828,
		1
	},
	[0.133333333333] = {
		0.855804,
		-0.517299,
		0.000171,
		0,
		-0.043004,
		-0.070815,
		0.996562,
		0,
		-0.515509,
		-0.85287,
		-0.08285,
		0,
		0.319468,
		-0.076537,
		0.998306,
		1
	},
	[0.15] = {
		0.846445,
		-0.52498,
		0.089038,
		0,
		-0.192803,
		-0.146302,
		0.970269,
		0,
		-0.496345,
		-0.838446,
		-0.225054,
		0,
		0.227066,
		-0.17876,
		1.012189,
		1
	},
	[0.166666666667] = {
		0.829644,
		-0.536513,
		0.154417,
		0,
		-0.310707,
		-0.213913,
		0.926122,
		0,
		-0.463844,
		-0.81633,
		-0.34417,
		0,
		0.148127,
		-0.267268,
		1.026843,
		1
	},
	[0.183333333333] = {
		0.8137,
		-0.548452,
		0.192596,
		0,
		-0.391264,
		-0.271732,
		0.879247,
		0,
		-0.42989,
		-0.790799,
		-0.435697,
		0,
		0.084621,
		-0.337782,
		1.043132,
		1
	},
	[0.1] = {
		0.823088,
		-0.523657,
		-0.219794,
		0,
		0.310264,
		0.090472,
		0.946336,
		0,
		-0.47567,
		-0.847112,
		0.236938,
		0,
		0.533179,
		0.150467,
		0.96722,
		1
	},
	[0.216666666667] = {
		0.807076,
		-0.576511,
		0.127527,
		0,
		-0.401933,
		-0.378214,
		0.833909,
		0,
		-0.432525,
		-0.724286,
		-0.536966,
		0,
		0.033579,
		-0.393531,
		1.077673,
		1
	},
	[0.233333333333] = {
		0.810158,
		-0.584589,
		0.043589,
		0,
		-0.346435,
		-0.417473,
		0.840059,
		0,
		-0.472892,
		-0.695681,
		-0.540741,
		0,
		0.046166,
		-0.372871,
		1.09099,
		1
	},
	[0.25] = {
		0.812189,
		-0.58154,
		-0.046478,
		0,
		-0.263325,
		-0.43652,
		0.860296,
		0,
		-0.520585,
		-0.686485,
		-0.507671,
		0,
		0.079655,
		-0.31979,
		1.097935,
		1
	},
	[0.266666666667] = {
		0.815783,
		-0.564784,
		-0.124567,
		0,
		-0.158168,
		-0.425032,
		0.891253,
		0,
		-0.55631,
		-0.707366,
		-0.436064,
		0,
		0.130419,
		-0.233479,
		1.096074,
		1
	},
	[0.283333333333] = {
		0.828304,
		-0.531934,
		-0.175952,
		0,
		-0.037352,
		-0.365771,
		0.929955,
		0,
		-0.559033,
		-0.763713,
		-0.322838,
		0,
		0.194114,
		-0.112022,
		1.083668,
		1
	},
	[0.2] = {
		0.8062,
		-0.562133,
		0.184524,
		0,
		-0.421367,
		-0.326598,
		0.84604,
		0,
		-0.415321,
		-0.759829,
		-0.500167,
		0,
		0.045131,
		-0.381851,
		1.060804,
		1
	},
	[0.316666666667] = {
		0.89354,
		-0.429363,
		-0.131278,
		0,
		0.196584,
		0.11126,
		0.974154,
		0,
		-0.40366,
		-0.896253,
		0.183821,
		0,
		0.375192,
		0.458941,
		0.984375,
		1
	},
	[0.333333333333] = {
		0.94095,
		-0.311786,
		-0.131919,
		0,
		0.242462,
		0.34868,
		0.905337,
		0,
		-0.236274,
		-0.883862,
		0.403686,
		0,
		0.43393,
		0.72246,
		0.9123,
		1
	},
	[0.35] = {
		0.977078,
		-0.047276,
		-0.207567,
		0,
		0.205821,
		0.458828,
		0.864358,
		0,
		0.054374,
		-0.887266,
		0.458041,
		0,
		0.341288,
		0.80024,
		0.845041,
		1
	},
	[0.366666666667] = {
		0.948147,
		0.180285,
		-0.261752,
		0,
		0.114451,
		0.574636,
		0.810367,
		0,
		0.296509,
		-0.798305,
		0.524206,
		0,
		0.209296,
		0.860603,
		0.754237,
		1
	},
	[0.383333333333] = {
		0.957626,
		0.18399,
		-0.221587,
		0,
		0.000562,
		0.76816,
		0.640258,
		0,
		0.288015,
		-0.613252,
		0.735506,
		0,
		0.150337,
		1.006077,
		0.608077,
		1
	},
	[0.3] = {
		0.853653,
		-0.492245,
		-0.170211,
		0,
		0.092353,
		-0.178565,
		0.979584,
		0,
		-0.512589,
		-0.851944,
		-0.106972,
		0,
		0.281166,
		0.126597,
		1.048141,
		1
	},
	[0.416666666667] = {
		0.989791,
		0.141522,
		0.016898,
		0,
		-0.142525,
		0.983569,
		0.110813,
		0,
		-0.000938,
		-0.11209,
		0.993698,
		0,
		0.088007,
		1.248163,
		0.250691,
		1
	},
	[0.433333333333] = {
		0.998705,
		0.049824,
		0.010275,
		0,
		-0.048216,
		0.991458,
		-0.121185,
		0,
		-0.016225,
		0.120533,
		0.992577,
		0,
		0.088164,
		1.28509,
		0.1393,
		1
	},
	[0.45] = {
		0.99911,
		0.042172,
		-0.000372,
		0,
		-0.040584,
		0.958996,
		-0.280498,
		0,
		-0.011472,
		0.280264,
		0.959854,
		0,
		0.096035,
		1.286693,
		-0.016663,
		1
	},
	[0.466666666667] = {
		0.996978,
		0.076239,
		-0.014944,
		0,
		-0.077462,
		0.960759,
		-0.266348,
		0,
		-0.005948,
		0.2667,
		0.963761,
		0,
		0.074274,
		1.281476,
		-0.194438,
		1
	},
	[0.483333333333] = {
		0.999865,
		-0.00084,
		0.016386,
		0,
		0.014878,
		0.46756,
		-0.883836,
		0,
		-0.006919,
		0.883961,
		0.467509,
		0,
		0.040034,
		1.19179,
		-0.378201,
		1
	},
	[0.4] = {
		0.983077,
		0.153646,
		-0.099764,
		0,
		-0.104059,
		0.916543,
		0.386161,
		0,
		0.15077,
		-0.369244,
		0.917021,
		0,
		0.107142,
		1.154438,
		0.419436,
		1
	},
	[0.516666666667] = {
		0.950276,
		0.186654,
		0.24927,
		0,
		0.253978,
		-0.001356,
		-0.967209,
		0,
		-0.180195,
		0.982425,
		-0.048695,
		0,
		0.257291,
		0.424275,
		-0.681477,
		1
	},
	[0.533333333333] = {
		0.943947,
		0.1929,
		0.267868,
		0,
		0.307147,
		-0.215981,
		-0.926829,
		0,
		-0.120931,
		0.957153,
		-0.263124,
		0,
		0.458311,
		0.106311,
		-1.064188,
		1
	},
	[0.55] = {
		0.914391,
		0.354574,
		0.195363,
		0,
		0.32569,
		-0.357683,
		-0.875208,
		0,
		-0.240448,
		0.86391,
		-0.442544,
		0,
		0.316952,
		0.094273,
		-1.273037,
		1
	},
	[0.566666666667] = {
		-0.193992,
		0.97503,
		0.108095,
		0,
		0.633412,
		0.208635,
		-0.745158,
		0,
		-0.749104,
		-0.076086,
		-0.658069,
		0,
		0.417881,
		-0.721216,
		-1.186988,
		1
	},
	[0.583333333333] = {
		-0.412393,
		0.908636,
		0.065668,
		0,
		0.592609,
		0.322311,
		-0.738194,
		0,
		-0.691915,
		-0.26551,
		-0.671385,
		0,
		0.433655,
		-0.816864,
		-1.107659,
		1
	},
	[0.5] = {
		0.999643,
		0.020178,
		0.017489,
		0,
		0.015295,
		0.104211,
		-0.994438,
		0,
		-0.021889,
		0.99435,
		0.103866,
		0,
		0.04567,
		0.919109,
		-0.45009,
		1
	},
	[0.616666666667] = {
		-0.393494,
		0.916479,
		0.072307,
		0,
		0.589512,
		0.311896,
		-0.745115,
		0,
		-0.705434,
		-0.250572,
		-0.663005,
		0,
		0.437573,
		-0.844018,
		-1.090348,
		1
	},
	[0.633333333333] = {
		-0.412633,
		0.908342,
		0.068182,
		0,
		0.58395,
		0.321232,
		-0.745528,
		0,
		-0.699097,
		-0.267815,
		-0.662977,
		0,
		0.461214,
		-0.847099,
		-1.089299,
		1
	},
	[0.65] = {
		-0.426092,
		0.902345,
		0.064953,
		0,
		0.579881,
		0.327519,
		-0.745969,
		0,
		-0.694395,
		-0.280186,
		-0.662806,
		0,
		0.486932,
		-0.850436,
		-1.088277,
		1
	},
	[0.666666666667] = {
		-0.435068,
		0.898231,
		0.06243,
		0,
		0.577091,
		0.331399,
		-0.746419,
		0,
		-0.691145,
		-0.288715,
		-0.662542,
		0,
		0.513568,
		-0.853613,
		-1.087228,
		1
	},
	[0.683333333333] = {
		-0.440707,
		0.895615,
		0.060423,
		0,
		0.575305,
		0.333479,
		-0.746871,
		0,
		-0.689059,
		-0.29439,
		-0.662218,
		0,
		0.54001,
		-0.856269,
		-1.086181,
		1
	},
	[0.6] = {
		-0.35725,
		0.930632,
		0.079348,
		0,
		0.599353,
		0.293575,
		-0.744708,
		0,
		-0.716344,
		-0.218489,
		-0.662657,
		0,
		0.419828,
		-0.839381,
		-1.09471,
		1
	},
	[0.716666666667] = {
		-0.446389,
		0.893009,
		0.057198,
		0,
		0.57347,
		0.334558,
		-0.747799,
		0,
		-0.686927,
		-0.301008,
		-0.661457,
		0,
		0.58811,
		-0.858876,
		-1.084598,
		1
	},
	[0.733333333333] = {
		-0.447694,
		0.892446,
		0.055775,
		0,
		0.57304,
		0.334229,
		-0.748275,
		0,
		-0.686437,
		-0.303037,
		-0.661039,
		0,
		0.609992,
		-0.858193,
		-1.084683,
		1
	},
	[0.75] = {
		-0.447572,
		0.892581,
		0.054571,
		0,
		0.573069,
		0.333134,
		-0.748742,
		0,
		-0.686492,
		-0.303843,
		-0.660612,
		0,
		0.632452,
		-0.855657,
		-1.08584,
		1
	},
	[0.766666666667] = {
		-0.446158,
		0.893349,
		0.053573,
		0,
		0.573513,
		0.331353,
		-0.749192,
		0,
		-0.687041,
		-0.303533,
		-0.660183,
		0,
		0.655552,
		-0.851903,
		-1.087477,
		1
	},
	[0.783333333333] = {
		-0.443584,
		0.894678,
		0.052768,
		0,
		0.574327,
		0.328966,
		-0.74962,
		0,
		-0.688028,
		-0.302213,
		-0.659762,
		0,
		0.679355,
		-0.847721,
		-1.088873,
		1
	},
	[0.7] = {
		-0.444117,
		0.894041,
		0.058741,
		0,
		0.574209,
		0.334342,
		-0.747329,
		0,
		-0.687782,
		-0.298172,
		-0.661853,
		0,
		0.565196,
		-0.858103,
		-1.085244,
		1
	},
	[0.816666666667] = {
		-0.435475,
		0.898715,
		0.051695,
		0,
		0.576872,
		0.322688,
		-0.750394,
		0,
		-0.691072,
		-0.296956,
		-0.658966,
		0,
		0.72744,
		-0.838266,
		-1.090696,
		1
	},
	[0.833333333333] = {
		-0.430199,
		0.901269,
		0.051405,
		0,
		0.578505,
		0.318954,
		-0.750733,
		0,
		-0.693008,
		-0.293227,
		-0.658603,
		0,
		0.750927,
		-0.833145,
		-1.091071,
		1
	},
	[0.85] = {
		-0.424282,
		0.904078,
		0.051265,
		0,
		0.580315,
		0.314928,
		-0.751036,
		0,
		-0.69514,
		-0.288901,
		-0.658268,
		0,
		0.773542,
		-0.827892,
		-1.091096,
		1
	},
	[0.866666666667] = {
		-0.417856,
		0.907066,
		0.051268,
		0,
		0.582253,
		0.310689,
		-0.751302,
		0,
		-0.697408,
		-0.284085,
		-0.657964,
		0,
		0.794929,
		-0.822627,
		-1.090808,
		1
	},
	[0.883333333333] = {
		-0.411053,
		0.910161,
		0.051402,
		0,
		0.584273,
		0.306317,
		-0.751528,
		0,
		-0.699757,
		-0.278885,
		-0.657695,
		0,
		0.81476,
		-0.817482,
		-1.090263,
		1
	},
	[0.8] = {
		-0.43998,
		0.896492,
		0.052146,
		0,
		0.575463,
		0.326051,
		-0.750022,
		0,
		-0.689391,
		-0.299986,
		-0.659354,
		0,
		0.703452,
		-0.843153,
		-1.089959,
		1
	},
	[0.916666666667] = {
		-0.396858,
		0.916404,
		0.052039,
		0,
		0.588388,
		0.297502,
		-0.751859,
		0,
		-0.704488,
		-0.267762,
		-0.657267,
		0,
		0.848537,
		-0.808113,
		-1.088704,
		1
	},
	[0.933333333333] = {
		-0.389741,
		0.919426,
		0.052525,
		0,
		0.5904,
		0.293226,
		-0.751962,
		0,
		-0.706775,
		-0.26206,
		-0.657111,
		0,
		0.861923,
		-0.804184,
		-1.087864,
		1
	},
	[0.95] = {
		-0.382796,
		0.922305,
		0.053113,
		0,
		0.59233,
		0.28915,
		-0.752022,
		0,
		-0.708951,
		-0.256411,
		-0.656995,
		0,
		0.872621,
		-0.800953,
		-1.087106,
		1
	},
	[0.966666666667] = {
		-0.376167,
		0.924989,
		0.053798,
		0,
		0.594144,
		0.28536,
		-0.752039,
		0,
		-0.710979,
		-0.250928,
		-0.65692,
		0,
		0.880372,
		-0.798564,
		-1.086517,
		1
	},
	[0.983333333333] = {
		-0.369994,
		0.92743,
		0.054571,
		0,
		0.595807,
		0.281944,
		-0.752012,
		0,
		-0.712824,
		-0.245726,
		-0.656887,
		0,
		0.88491,
		-0.797155,
		-1.086174,
		1
	},
	[0.9] = {
		-0.404008,
		0.913295,
		0.051662,
		0,
		0.586332,
		0.301894,
		-0.751714,
		0,
		-0.702134,
		-0.273408,
		-0.657462,
		0,
		0.832725,
		-0.812595,
		-1.089533,
		1
	},
	[1.01666666667] = {
		-0.364423,
		0.929582,
		0.055427,
		0,
		0.597288,
		0.278989,
		-0.751939,
		0,
		-0.714453,
		-0.240919,
		-0.656898,
		0,
		0.885955,
		-0.796852,
		-1.086141,
		1
	},
	[1.03333333333] = {
		-0.364423,
		0.929582,
		0.055427,
		0,
		0.597288,
		0.278989,
		-0.751939,
		0,
		-0.714453,
		-0.240919,
		-0.656898,
		0,
		0.885955,
		-0.796852,
		-1.086141,
		1
	},
	[1.05] = {
		-0.364423,
		0.929582,
		0.055427,
		0,
		0.597288,
		0.278989,
		-0.751939,
		0,
		-0.714453,
		-0.240919,
		-0.656898,
		0,
		0.885955,
		-0.796852,
		-1.086141,
		1
	},
	[1.06666666667] = {
		-0.364423,
		0.929582,
		0.055427,
		0,
		0.597288,
		0.278989,
		-0.751939,
		0,
		-0.714453,
		-0.240919,
		-0.656898,
		0,
		0.885955,
		-0.796852,
		-1.086141,
		1
	},
	[1.08333333333] = {
		-0.364423,
		0.929582,
		0.055427,
		0,
		0.597288,
		0.278989,
		-0.751939,
		0,
		-0.714453,
		-0.240919,
		-0.656898,
		0,
		0.885955,
		-0.796852,
		-1.086141,
		1
	},
	{
		-0.364423,
		0.929582,
		0.055427,
		0,
		0.597288,
		0.278989,
		-0.751939,
		0,
		-0.714453,
		-0.240919,
		-0.656898,
		0,
		0.885955,
		-0.796852,
		-1.086141,
		1
	},
	[1.11666666667] = {
		-0.364423,
		0.929582,
		0.055427,
		0,
		0.597288,
		0.278989,
		-0.751939,
		0,
		-0.714453,
		-0.240919,
		-0.656898,
		0,
		0.885955,
		-0.796852,
		-1.086141,
		1
	},
	[1.13333333333] = {
		-0.364423,
		0.929582,
		0.055427,
		0,
		0.597288,
		0.278989,
		-0.751939,
		0,
		-0.714453,
		-0.240919,
		-0.656898,
		0,
		0.885955,
		-0.796852,
		-1.086141,
		1
	},
	[1.15] = {
		-0.364423,
		0.929582,
		0.055427,
		0,
		0.597288,
		0.278989,
		-0.751939,
		0,
		-0.714453,
		-0.240919,
		-0.656898,
		0,
		0.885955,
		-0.796852,
		-1.086141,
		1
	},
	[1.16666666667] = {
		-0.364423,
		0.929582,
		0.055427,
		0,
		0.597288,
		0.278989,
		-0.751939,
		0,
		-0.714453,
		-0.240919,
		-0.656898,
		0,
		0.885955,
		-0.796852,
		-1.086141,
		1
	},
	[1.1] = {
		-0.364423,
		0.929582,
		0.055427,
		0,
		0.597288,
		0.278989,
		-0.751939,
		0,
		-0.714453,
		-0.240919,
		-0.656898,
		0,
		0.885955,
		-0.796852,
		-1.086141,
		1
	}
}

return spline_matrices
