-- chunkname: @content/characters/player/ogryn/first_person/animations/slab_shield/slab_shield_maul/heavy_swing_left.lua

local spline_matrices = {
	[0.0166666666667] = {
		0.206044,
		-0.500986,
		-0.84057,
		0,
		0.962684,
		0.257804,
		0.082324,
		0,
		0.175459,
		-0.826166,
		0.53541,
		0,
		1.213002,
		0.572532,
		0.744129,
		1,
	},
	[0.0333333333333] = {
		0.235924,
		-0.405025,
		-0.883343,
		0,
		0.966979,
		0.188014,
		0.172054,
		0,
		0.096395,
		-0.894765,
		0.436008,
		0,
		1.211566,
		0.476276,
		0.713503,
		1,
	},
	[0.05] = {
		0.280633,
		-0.295577,
		-0.91317,
		0,
		0.959376,
		0.115176,
		0.257552,
		0,
		0.029049,
		-0.94835,
		0.315892,
		0,
		1.20887,
		0.349166,
		0.663396,
		1,
	},
	[0.0666666666667] = {
		0.336162,
		-0.1781,
		-0.924811,
		0,
		0.941625,
		0.04438,
		0.333726,
		0,
		-0.018393,
		-0.983011,
		0.182622,
		0,
		1.202961,
		0.206977,
		0.602219,
		1,
	},
	[0.0833333333333] = {
		0.39646,
		-0.059654,
		-0.916112,
		0,
		0.917125,
		-0.019093,
		0.398142,
		0,
		-0.041242,
		-0.998036,
		0.047141,
		0,
		1.192118,
		0.065536,
		0.539377,
		1,
	},
	[0] = {
		0.192289,
		-0.580323,
		-0.79136,
		0,
		0.947237,
		0.320496,
		-0.004863,
		0,
		0.256449,
		-0.748671,
		0.611331,
		0,
		1.215654,
		0.623102,
		0.747634,
		1,
	},
	[0.116666666667] = {
		0.502101,
		0.161636,
		-0.84957,
		0,
		0.864617,
		-0.114526,
		0.489204,
		0,
		-0.018225,
		-0.980182,
		-0.197257,
		0,
		1.15921,
		-0.179055,
		0.428772,
		1,
	},
	[0.133333333333] = {
		0.530186,
		0.272264,
		-0.802979,
		0,
		0.847734,
		-0.152545,
		0.508013,
		0,
		0.015823,
		-0.950054,
		-0.311684,
		0,
		1.156295,
		-0.304291,
		0.357556,
		1,
	},
	[0.15] = {
		0.537567,
		0.376275,
		-0.754612,
		0,
		0.841283,
		-0.178694,
		0.510207,
		0,
		0.057133,
		-0.909113,
		-0.412614,
		0,
		1.163066,
		-0.421149,
		0.281144,
		1,
	},
	[0.166666666667] = {
		0.52504,
		0.466085,
		-0.712108,
		0,
		0.845361,
		-0.188788,
		0.499724,
		0,
		0.098476,
		-0.864363,
		-0.493131,
		0,
		1.176152,
		-0.515985,
		0.209354,
		1,
	},
	[0.183333333333] = {
		0.495667,
		0.535146,
		-0.684056,
		0,
		0.858204,
		-0.180799,
		0.480414,
		0,
		0.133415,
		-0.825185,
		-0.548881,
		0,
		1.191604,
		-0.575704,
		0.151934,
		1,
	},
	[0.1] = {
		0.454961,
		0.052253,
		-0.888977,
		0,
		0.889645,
		-0.070683,
		0.451149,
		0,
		-0.039262,
		-0.996129,
		-0.078645,
		0,
		1.174386,
		-0.059564,
		0.485262,
		1,
	},
	[0.216666666667] = {
		0.3824,
		0.609153,
		-0.694768,
		0,
		0.913375,
		-0.135517,
		0.383904,
		0,
		0.139703,
		-0.781388,
		-0.608207,
		0,
		1.251391,
		-0.504671,
		0.097213,
		1,
	},
	[0.233333333333] = {
		0.307935,
		0.613888,
		-0.726855,
		0,
		0.943409,
		-0.098165,
		0.31677,
		0,
		0.12311,
		-0.783266,
		-0.609376,
		0,
		1.288914,
		-0.385001,
		0.094316,
		1,
	},
	[0.25] = {
		0.221893,
		0.602847,
		-0.76638,
		0,
		0.968858,
		-0.047728,
		0.242974,
		0,
		0.109899,
		-0.796428,
		-0.594664,
		0,
		1.32981,
		-0.250889,
		0.085335,
		1,
	},
	[0.266666666667] = {
		0.131722,
		0.565399,
		-0.814232,
		0,
		0.984185,
		0.023551,
		0.17557,
		0,
		0.118443,
		-0.824481,
		-0.553355,
		0,
		1.362559,
		-0.111468,
		0.07402,
		1,
	},
	[0.283333333333] = {
		0.046602,
		0.486721,
		-0.872314,
		0,
		0.984493,
		0.125468,
		0.122602,
		0,
		0.169121,
		-0.8645,
		-0.473326,
		0,
		1.375624,
		0.025439,
		0.063883,
		1,
	},
	[0.2] = {
		0.446259,
		0.583977,
		-0.678103,
		0,
		0.88263,
		-0.162147,
		0.441218,
		0,
		0.147708,
		-0.795412,
		-0.587795,
		0,
		1.217431,
		-0.576981,
		0.112503,
		1,
	},
	[0.316666666667] = {
		-0.065489,
		0.03018,
		-0.997397,
		0,
		0.879629,
		0.473675,
		-0.043424,
		0,
		0.471131,
		-0.880183,
		-0.057567,
		0,
		1.360948,
		0.373596,
		0.033953,
		1,
	},
	[0.333333333333] = {
		-0.064425,
		-0.192655,
		-0.979149,
		0,
		0.768332,
		0.616546,
		-0.171864,
		0,
		0.636801,
		-0.763384,
		0.108302,
		0,
		1.338237,
		0.557345,
		-0.012807,
		1,
	},
	[0.35] = {
		-0.053879,
		-0.3171,
		-0.94686,
		0,
		0.63639,
		0.71981,
		-0.277274,
		0,
		0.769483,
		-0.617512,
		0.163017,
		0,
		1.273642,
		0.713456,
		-0.071738,
		1,
	},
	[0.366666666667] = {
		-0.001522,
		-0.379861,
		-0.925042,
		0,
		0.466858,
		0.817776,
		-0.336581,
		0,
		0.884331,
		-0.432375,
		0.176096,
		0,
		1.160552,
		0.881659,
		-0.111233,
		1,
	},
	[0.383333333333] = {
		0.037741,
		-0.41366,
		-0.909649,
		0,
		0.274565,
		0.879555,
		-0.388583,
		0,
		0.960827,
		-0.235093,
		0.146772,
		0,
		1.038407,
		1.068285,
		-0.125803,
		1,
	},
	[0.3] = {
		-0.027448,
		0.303128,
		-0.952554,
		0,
		0.955823,
		0.286943,
		0.063771,
		0,
		0.29266,
		-0.908723,
		-0.297613,
		0,
		1.373026,
		0.183614,
		0.056465,
		1,
	},
	[0.416666666667] = {
		0.200454,
		-0.425942,
		-0.882265,
		0,
		-0.210547,
		0.860772,
		-0.463403,
		0,
		0.956811,
		0.278649,
		0.082865,
		0,
		0.721125,
		1.353163,
		-0.130859,
		1,
	},
	[0.433333333333] = {
		0.305505,
		-0.284112,
		-0.908816,
		0,
		-0.504489,
		0.761181,
		-0.407546,
		0,
		0.807563,
		0.582996,
		0.089213,
		0,
		0.456936,
		1.432663,
		-0.115592,
		1,
	},
	[0.45] = {
		0.313285,
		-0.047172,
		-0.948487,
		0,
		-0.778099,
		0.559842,
		-0.284849,
		0,
		0.54444,
		0.827256,
		0.138685,
		0,
		0.123077,
		1.460451,
		-0.082051,
		1,
	},
	[0.466666666667] = {
		0.23482,
		0.152953,
		-0.95993,
		0,
		-0.960223,
		0.190013,
		-0.204615,
		0,
		0.151102,
		0.969794,
		0.191488,
		0,
		-0.265038,
		1.369335,
		-0.077915,
		1,
	},
	[0.483333333333] = {
		0.179233,
		0.310213,
		-0.933619,
		0,
		-0.867562,
		-0.397652,
		-0.29868,
		0,
		-0.46391,
		0.863505,
		0.197856,
		0,
		-0.882821,
		1.061699,
		-0.203548,
		1,
	},
	[0.4] = {
		0.098581,
		-0.437155,
		-0.893967,
		0,
		0.056546,
		0.899352,
		-0.433553,
		0,
		0.993521,
		-0.00781,
		0.113378,
		0,
		0.903586,
		1.232219,
		-0.127157,
		1,
	},
	[0.516666666667] = {
		-0.235439,
		0.20012,
		-0.951063,
		0,
		0.421957,
		-0.860483,
		-0.285518,
		0,
		-0.875512,
		-0.46853,
		0.118149,
		0,
		-1.058761,
		-0.209831,
		-0.284843,
		1,
	},
	[0.533333333333] = {
		-0.256226,
		-0.046316,
		-0.965507,
		0,
		0.845824,
		-0.494245,
		-0.200756,
		0,
		-0.467899,
		-0.868088,
		0.165814,
		0,
		-0.598533,
		-0.7495,
		-0.266709,
		1,
	},
	[0.55] = {
		-0.246475,
		-0.079665,
		-0.965869,
		0,
		0.903026,
		-0.380694,
		-0.199038,
		0,
		-0.351844,
		-0.921263,
		0.165771,
		0,
		-0.507154,
		-0.715045,
		-0.279818,
		1,
	},
	[0.566666666667] = {
		-0.224228,
		-0.124068,
		-0.966607,
		0,
		0.942988,
		-0.277952,
		-0.183073,
		0,
		-0.245957,
		-0.952549,
		0.17932,
		0,
		-0.47455,
		-0.751518,
		-0.292379,
		1,
	},
	[0.583333333333] = {
		-0.203152,
		-0.160366,
		-0.965926,
		0,
		0.967302,
		-0.185854,
		-0.172585,
		0,
		-0.151844,
		-0.969402,
		0.192879,
		0,
		-0.435868,
		-0.798963,
		-0.301868,
		1,
	},
	[0.5] = {
		0.025619,
		0.408186,
		-0.912539,
		0,
		-0.37019,
		-0.844069,
		-0.387952,
		0,
		-0.928603,
		0.347752,
		0.129482,
		0,
		-1.26666,
		0.583451,
		-0.318748,
		1,
	},
	[0.616666666667] = {
		-0.17665,
		-0.198322,
		-0.964087,
		0,
		0.983172,
		-0.081892,
		-0.163301,
		0,
		-0.046565,
		-0.97671,
		0.209451,
		0,
		-0.401419,
		-0.854875,
		-0.33099,
		1,
	},
	[0.633333333333] = {
		-0.167948,
		-0.209386,
		-0.963302,
		0,
		0.985676,
		-0.050923,
		-0.16078,
		0,
		-0.015389,
		-0.976506,
		0.21494,
		0,
		-0.390468,
		-0.881112,
		-0.352874,
		1,
	},
	[0.65] = {
		-0.160662,
		-0.2184,
		-0.962543,
		0,
		0.986961,
		-0.025837,
		-0.158875,
		0,
		0.009829,
		-0.975517,
		0.219703,
		0,
		-0.378021,
		-0.912765,
		-0.378893,
		1,
	},
	[0.666666666667] = {
		-0.154817,
		-0.225616,
		-0.961836,
		0,
		0.987502,
		-0.006233,
		-0.157486,
		0,
		0.029536,
		-0.974196,
		0.223761,
		0,
		-0.364875,
		-0.950145,
		-0.408926,
		1,
	},
	[0.683333333333] = {
		-0.150386,
		-0.231257,
		-0.961199,
		0,
		0.987639,
		0.008313,
		-0.156523,
		0,
		0.044187,
		-0.972857,
		0.227149,
		0,
		-0.350166,
		-0.990998,
		-0.442567,
		1,
	},
	[0.6] = {
		-0.186684,
		-0.184918,
		-0.96486,
		0,
		0.978813,
		-0.119097,
		-0.166558,
		0,
		-0.084113,
		-0.975511,
		0.203234,
		0,
		-0.410326,
		-0.833987,
		-0.313477,
		1,
	},
	[0.716666666667] = {
		-0.145498,
		-0.238535,
		-0.960173,
		0,
		0.987531,
		0.023951,
		-0.155593,
		0,
		0.060111,
		-0.970838,
		0.232076,
		0,
		-0.311324,
		-1.072908,
		-0.519192,
		1,
	},
	[0.733333333333] = {
		-0.144844,
		-0.240469,
		-0.959789,
		0,
		0.987494,
		0.025898,
		-0.155513,
		0,
		0.062253,
		-0.970311,
		0.233711,
		0,
		-0.286283,
		-1.110729,
		-0.561564,
		1,
	},
	[0.75] = {
		-0.145226,
		-0.241431,
		-0.95949,
		0,
		0.987512,
		0.024491,
		-0.15563,
		0,
		0.061073,
		-0.970109,
		0.23486,
		0,
		-0.257097,
		-1.144287,
		-0.605903,
		1,
	},
	[0.766666666667] = {
		-0.146513,
		-0.241529,
		-0.959269,
		0,
		0.987566,
		0.020146,
		-0.155907,
		0,
		0.056982,
		-0.970185,
		0.235574,
		0,
		-0.223665,
		-1.174657,
		-0.651792,
		1,
	},
	[0.783333333333] = {
		-0.148568,
		-0.24086,
		-0.959121,
		0,
		0.987618,
		0.013275,
		-0.156316,
		0,
		0.050383,
		-0.970469,
		0.235906,
		0,
		-0.186032,
		-1.20335,
		-0.698699,
		1,
	},
	[0.7] = {
		-0.147309,
		-0.23551,
		-0.960643,
		0,
		0.987603,
		0.018231,
		-0.155913,
		0,
		0.054232,
		-0.971701,
		0.229905,
		0,
		-0.332476,
		-1.032451,
		-0.479397,
		1,
	},
	[0.816666666667] = {
		-0.154417,
		-0.237607,
		-0.959009,
		0,
		0.987511,
		-0.006393,
		-0.157422,
		0,
		0.031274,
		-0.97134,
		0.235626,
		0,
		-0.09999,
		-1.252515,
		-0.791123,
		1,
	},
	[0.833333333333] = {
		-0.157931,
		-0.235216,
		-0.959026,
		0,
		0.987256,
		-0.018359,
		-0.158077,
		0,
		0.019575,
		-0.97177,
		0.235118,
		0,
		-0.053279,
		-1.271868,
		-0.834266,
		1,
	},
	[0.85] = {
		-0.161654,
		-0.232452,
		-0.95908,
		0,
		0.986823,
		-0.03119,
		-0.158771,
		0,
		0.006993,
		-0.972108,
		0.234431,
		0,
		-0.005702,
		-1.287421,
		-0.873919,
		1,
	},
	[0.866666666667] = {
		-0.165457,
		-0.229424,
		-0.95916,
		0,
		0.986198,
		-0.044463,
		-0.159485,
		0,
		-0.006057,
		-0.97231,
		0.233615,
		0,
		0.041343,
		-1.299281,
		-0.90928,
		1,
	},
	[0.883333333333] = {
		-0.169212,
		-0.22625,
		-0.959259,
		0,
		0.985394,
		-0.057754,
		-0.1602,
		0,
		-0.019155,
		-0.972355,
		0.232718,
		0,
		0.086434,
		-1.307795,
		-0.939857,
		1,
	},
	[0.8] = {
		-0.151249,
		-0.239521,
		-0.959038,
		0,
		0.987617,
		0.004291,
		-0.156828,
		0,
		0.041679,
		-0.970882,
		0.235906,
		0,
		-0.144575,
		-1.229528,
		-0.74554,
		1,
	},
	[0.916666666667] = {
		-0.176115,
		-0.219967,
		-0.959478,
		0,
		0.983394,
		-0.082693,
		-0.161547,
		0,
		-0.043807,
		-0.971996,
		0.230878,
		0,
		0.165643,
		-1.316917,
		-0.98627,
		1,
	},
	[0.933333333333] = {
		-0.179046,
		-0.217125,
		-0.959583,
		0,
		0.982329,
		-0.093494,
		-0.162135,
		0,
		-0.054512,
		-0.971656,
		0.230028,
		0,
		0.197676,
		-1.318732,
		-1.002522,
		1,
	},
	[0.95] = {
		-0.181495,
		-0.214668,
		-0.959676,
		0,
		0.981335,
		-0.102622,
		-0.162636,
		0,
		-0.063571,
		-0.971281,
		0.229287,
		0,
		0.2236,
		-1.319482,
		-1.014642,
		1,
	},
	[0.966666666667] = {
		-0.183365,
		-0.212739,
		-0.95975,
		0,
		0.980509,
		-0.109659,
		-0.163024,
		0,
		-0.070563,
		-0.970936,
		0.2287,
		0,
		0.242802,
		-1.319643,
		-1.023028,
		1,
	},
	[0.983333333333] = {
		-0.18456,
		-0.21148,
		-0.959799,
		0,
		0.97995,
		-0.114187,
		-0.163276,
		0,
		-0.075067,
		-0.970689,
		0.228314,
		0,
		0.254739,
		-1.31958,
		-1.027989,
		1,
	},
	[0.9] = {
		-0.172802,
		-0.223054,
		-0.959368,
		0,
		0.984441,
		-0.070638,
		-0.160895,
		0,
		-0.03188,
		-0.972243,
		0.23179,
		0,
		0.12825,
		-1.313474,
		-0.965484,
		1,
	},
	{
		-0.184982,
		-0.21103,
		-0.959817,
		0,
		0.979747,
		-0.115789,
		-0.163365,
		0,
		-0.076661,
		-0.970597,
		0.228175,
		0,
		0.258853,
		-1.31953,
		-1.029653,
		1,
	},
}

return spline_matrices
