local spline_matrices = {
	[0] = {
		0.791453,
		-0.331433,
		0.513569,
		0,
		-0.472888,
		0.200335,
		0.858046,
		0,
		-0.387271,
		-0.921964,
		0.001825,
		0,
		-0.823296,
		0.503706,
		-0.26576,
		1
	},
	{
		0.546553,
		0.836126,
		0.046625,
		0,
		0.776921,
		-0.527056,
		0.344392,
		0,
		0.312529,
		-0.152005,
		-0.937667,
		0,
		0.805698,
		-1.392432,
		-1.143985,
		1
	},
	[0.0166666666667] = {
		0.800595,
		-0.355161,
		0.482605,
		0,
		-0.452227,
		0.170261,
		0.875501,
		0,
		-0.393112,
		-0.919169,
		-0.024303,
		0,
		-0.822468,
		0.505301,
		-0.26044,
		1
	},
	[0.0333333333333] = {
		0.810831,
		-0.3786,
		0.446335,
		0,
		-0.429149,
		0.133964,
		0.893244,
		0,
		-0.397975,
		-0.915814,
		-0.053854,
		0,
		-0.820493,
		0.507524,
		-0.253961,
		1
	},
	[0.05] = {
		0.82153,
		-0.400801,
		0.405521,
		0,
		-0.403899,
		0.09291,
		0.910073,
		0,
		-0.402435,
		-0.911442,
		-0.085555,
		0,
		-0.817416,
		0.510142,
		-0.246575,
		1
	},
	[0.0666666666667] = {
		0.832067,
		-0.420998,
		0.361144,
		0,
		-0.376854,
		0.048667,
		0.924993,
		0,
		-0.406997,
		-0.905755,
		-0.118161,
		0,
		-0.813309,
		0.513025,
		-0.238549,
		1
	},
	[0.0833333333333] = {
		0.841855,
		-0.438671,
		0.314403,
		0,
		-0.348545,
		0.002876,
		0.937288,
		0,
		-0.412065,
		-0.898643,
		-0.150475,
		0,
		-0.808259,
		0.516074,
		-0.230161,
		1
	},
	[0.116666666667] = {
		0.85724,
		-0.465798,
		0.219482,
		0,
		-0.291058,
		-0.086714,
		0.952767,
		0,
		-0.424765,
		-0.880632,
		-0.209909,
		0,
		-0.795788,
		0.522462,
		-0.213405,
		1
	},
	[0.133333333333] = {
		0.862153,
		-0.475679,
		0.17442,
		0,
		-0.263679,
		-0.127305,
		0.956173,
		0,
		-0.432627,
		-0.870358,
		-0.235182,
		0,
		-0.788654,
		0.525775,
		-0.205567,
		1
	},
	[0.15] = {
		0.864972,
		-0.483841,
		0.133123,
		0,
		-0.238568,
		-0.163095,
		0.957332,
		0,
		-0.441485,
		-0.859824,
		-0.256502,
		0,
		-0.781153,
		0.529195,
		-0.198422,
		1
	},
	[0.166666666667] = {
		0.86566,
		-0.491101,
		0.097226,
		0,
		-0.216811,
		-0.192708,
		0.957004,
		0,
		-0.451249,
		-0.84952,
		-0.273296,
		0,
		-0.773479,
		0.53277,
		-0.192202,
		1
	},
	[0.183333333333] = {
		0.864252,
		-0.498395,
		0.068348,
		0,
		-0.199497,
		-0.214832,
		0.956059,
		0,
		-0.461811,
		-0.839911,
		-0.285097,
		0,
		-0.765837,
		0.536557,
		-0.187129,
		1
	},
	[0.1] = {
		0.850381,
		-0.453582,
		0.266677,
		0,
		-0.319666,
		-0.042797,
		0.946563,
		0,
		-0.417931,
		-0.890187,
		-0.181389,
		0,
		-0.802374,
		0.519229,
		-0.221689,
		1
	},
	[0.216666666667] = {
		0.855227,
		-0.516849,
		0.038119,
		0,
		-0.182396,
		-0.231329,
		0.955625,
		0,
		-0.485096,
		-0.824229,
		-0.29211,
		0,
		-0.751449,
		0.545035,
		-0.181358,
		1
	},
	[0.233333333333] = {
		0.847343,
		-0.529531,
		0.040073,
		0,
		-0.184499,
		-0.222789,
		0.957249,
		0,
		-0.497965,
		-0.818512,
		-0.286476,
		0,
		-0.745045,
		0.54985,
		-0.181187,
		1
	},
	[0.25] = {
		0.836342,
		-0.544789,
		0.061129,
		0,
		-0.199328,
		-0.198322,
		0.959655,
		0,
		-0.510686,
		-0.814784,
		-0.274457,
		0,
		-0.744441,
		0.558134,
		-0.182046,
		1
	},
	[0.266666666667] = {
		0.820707,
		-0.562005,
		0.102912,
		0,
		-0.227972,
		-0.156949,
		0.960935,
		0,
		-0.523898,
		-0.812107,
		-0.25693,
		0,
		-0.752151,
		0.573136,
		-0.182927,
		1
	},
	[0.283333333333] = {
		0.79877,
		-0.580352,
		0.158614,
		0,
		-0.264537,
		-0.102005,
		0.958966,
		0,
		-0.540358,
		-0.807952,
		-0.235003,
		0,
		-0.76418,
		0.595152,
		-0.183933,
		1
	},
	[0.2] = {
		0.860788,
		-0.506686,
		0.048103,
		0,
		-0.187692,
		-0.228163,
		0.95536,
		0,
		-0.473092,
		-0.831391,
		-0.291501,
		0,
		-0.758431,
		0.540623,
		-0.183433,
		1
	},
	[0.316666666667] = {
		0.731728,
		-0.619544,
		0.284147,
		0,
		-0.336363,
		0.034357,
		0.941105,
		0,
		-0.592818,
		-0.78421,
		-0.183252,
		0,
		-0.785345,
		0.661826,
		-0.186281,
		1
	},
	[0.333333333333] = {
		0.686281,
		-0.642377,
		0.341131,
		0,
		-0.359056,
		0.108665,
		0.926968,
		0,
		-0.632532,
		-0.758646,
		-0.156075,
		0,
		-0.786754,
		0.707736,
		-0.187342,
		1
	},
	[0.35] = {
		0.633157,
		-0.670374,
		0.386925,
		0,
		-0.364878,
		0.182355,
		0.913023,
		0,
		-0.682624,
		-0.719267,
		-0.129146,
		0,
		-0.776958,
		0.763208,
		-0.188021,
		1
	},
	[0.366666666667] = {
		0.584886,
		-0.687994,
		0.42962,
		0,
		-0.375673,
		0.239656,
		0.895229,
		0,
		-0.718873,
		-0.685003,
		-0.118289,
		0,
		-0.755253,
		0.841183,
		-0.19704,
		1
	},
	[0.383333333333] = {
		0.537096,
		-0.701243,
		0.468814,
		0,
		-0.36762,
		0.305631,
		0.87832,
		0,
		-0.759199,
		-0.644087,
		-0.093638,
		0,
		-0.71811,
		0.949712,
		-0.212681,
		1
	},
	[0.3] = {
		0.769273,
		-0.59938,
		0.221273,
		0,
		-0.302786,
		-0.037036,
		0.952339,
		0,
		-0.562618,
		-0.799607,
		-0.209975,
		0,
		-0.776546,
		0.624542,
		-0.185083,
		1
	},
	[0.416666666667] = {
		0.410228,
		-0.733912,
		0.541375,
		0,
		-0.300592,
		0.451641,
		0.840039,
		0,
		-0.861021,
		-0.50734,
		-0.035332,
		0,
		-0.591988,
		1.174625,
		-0.242473,
		1
	},
	[0.433333333333] = {
		0.341163,
		-0.732778,
		0.588765,
		0,
		-0.258903,
		0.528866,
		0.808251,
		0,
		-0.903646,
		-0.428178,
		-0.009289,
		0,
		-0.517789,
		1.250456,
		-0.24572,
		1
	},
	[0.45] = {
		0.291884,
		-0.710238,
		0.640598,
		0,
		-0.212241,
		0.604969,
		0.767442,
		0,
		-0.932608,
		-0.359965,
		0.025839,
		0,
		-0.447084,
		1.302216,
		-0.238839,
		1
	},
	[0.466666666667] = {
		0.233623,
		-0.693235,
		0.681796,
		0,
		-0.135881,
		0.671042,
		0.728861,
		0,
		-0.962786,
		-0.262922,
		0.062574,
		0,
		-0.360131,
		1.346047,
		-0.229414,
		1
	},
	[0.483333333333] = {
		0.130888,
		-0.695315,
		0.706686,
		0,
		-0.01156,
		0.7117,
		0.702388,
		0,
		-0.99133,
		-0.100104,
		0.085115,
		0,
		-0.235539,
		1.395309,
		-0.227122,
		1
	},
	[0.4] = {
		0.482646,
		-0.715491,
		0.5051,
		0,
		-0.342064,
		0.376915,
		0.860771,
		0,
		-0.806253,
		-0.588225,
		-0.062827,
		0,
		-0.664216,
		1.067975,
		-0.229289,
		1
	},
	[0.516666666667] = {
		-0.369448,
		-0.609649,
		0.701311,
		0,
		0.474017,
		0.52549,
		0.706518,
		0,
		-0.799259,
		0.593455,
		0.094843,
		0,
		0.269267,
		1.497311,
		-0.268488,
		1
	},
	[0.533333333333] = {
		-0.691465,
		-0.160669,
		0.704317,
		0,
		0.71784,
		-0.043323,
		0.694859,
		0,
		-0.081129,
		0.986057,
		0.145291,
		0,
		1.060095,
		1.077979,
		-0.2852,
		1
	},
	[0.55] = {
		-0.575317,
		0.350334,
		0.739105,
		0,
		0.499922,
		-0.564586,
		0.65675,
		0,
		0.647371,
		0.747334,
		0.149676,
		0,
		1.720229,
		0.480665,
		-0.306031,
		1
	},
	[0.566666666667] = {
		-0.467685,
		0.437108,
		0.768249,
		0,
		0.350778,
		-0.706004,
		0.615234,
		0,
		0.811311,
		0.557221,
		0.17686,
		0,
		1.813951,
		0.146416,
		-0.33843,
		1
	},
	[0.583333333333] = {
		-0.428138,
		0.453455,
		0.781714,
		0,
		0.285841,
		-0.752645,
		0.593145,
		0,
		0.857318,
		0.477393,
		0.19262,
		0,
		1.765144,
		-0.225214,
		-0.358552,
		1
	},
	[0.5] = {
		-0.058284,
		-0.698594,
		0.71314,
		0,
		0.171625,
		0.696707,
		0.696523,
		0,
		-0.983437,
		0.162989,
		0.079289,
		0,
		-0.048963,
		1.456164,
		-0.242179,
		1
	},
	[0.616666666667] = {
		-0.005424,
		0.774802,
		0.632181,
		0,
		-0.106695,
		-0.629029,
		0.770025,
		0,
		0.994277,
		-0.063274,
		0.08608,
		0,
		1.594058,
		-1.024349,
		-0.323783,
		1
	},
	[0.633333333333] = {
		0.206759,
		0.833318,
		0.512671,
		0,
		-0.207672,
		-0.474675,
		0.855311,
		0,
		0.956098,
		-0.283311,
		0.074914,
		0,
		1.473712,
		-1.163438,
		-0.299995,
		1
	},
	[0.65] = {
		0.349162,
		0.837017,
		0.421293,
		0,
		-0.243757,
		-0.352981,
		0.90332,
		0,
		0.904803,
		-0.418099,
		0.080781,
		0,
		1.419393,
		-1.218455,
		-0.276001,
		1
	},
	[0.666666666667] = {
		0.475345,
		0.815121,
		0.331098,
		0,
		-0.256544,
		-0.231561,
		0.938384,
		0,
		0.841565,
		-0.530997,
		0.099043,
		0,
		1.371003,
		-1.275698,
		-0.245485,
		1
	},
	[0.683333333333] = {
		0.584366,
		0.77378,
		0.244501,
		0,
		-0.249452,
		-0.115424,
		0.961484,
		0,
		0.772199,
		-0.622849,
		0.125571,
		0,
		1.317064,
		-1.325883,
		-0.212961,
		1
	},
	[0.6] = {
		-0.266534,
		0.610456,
		0.745858,
		0,
		0.103395,
		-0.751276,
		0.651839,
		0,
		0.958264,
		0.250855,
		0.137122,
		0,
		1.752657,
		-0.684522,
		-0.34797,
		1
	},
	[0.716666666667] = {
		0.750992,
		0.654448,
		0.087801,
		0,
		-0.189277,
		0.08597,
		0.978153,
		0,
		0.632602,
		-0.751203,
		0.188435,
		0,
		1.215345,
		-1.374198,
		-0.177525,
		1
	},
	[0.733333333333] = {
		0.809896,
		0.586264,
		0.019047,
		0,
		-0.142874,
		0.165671,
		0.975777,
		0,
		0.568907,
		-0.792999,
		0.217938,
		0,
		1.186606,
		-1.381961,
		-0.191084,
		1
	},
	[0.75] = {
		0.854021,
		0.518443,
		-0.04318,
		0,
		-0.089855,
		0.22875,
		0.969329,
		0,
		0.512419,
		-0.823948,
		0.241942,
		0,
		1.160293,
		-1.387882,
		-0.219362,
		1
	},
	[0.766666666667] = {
		0.884838,
		0.455217,
		-0.099189,
		0,
		-0.033159,
		0.273893,
		0.961189,
		0,
		0.464716,
		-0.847208,
		0.257445,
		0,
		1.135253,
		-1.392776,
		-0.258864,
		1
	},
	[0.783333333333] = {
		0.903985,
		0.400612,
		-0.149401,
		0,
		0.024593,
		0.300126,
		0.953582,
		0,
		0.426856,
		-0.865698,
		0.261458,
		0,
		1.110845,
		-1.397299,
		-0.305304,
		1
	},
	[0.7] = {
		0.676102,
		0.718532,
		0.16309,
		0,
		-0.225903,
		-0.008537,
		0.974112,
		0,
		0.701323,
		-0.695442,
		0.156547,
		0,
		1.2593,
		-1.358398,
		-0.185869,
		1
	},
	[0.816666666667] = {
		0.913896,
		0.33241,
		-0.233019,
		0,
		0.134963,
		0.292564,
		0.946674,
		0,
		0.382856,
		-0.89661,
		0.22251,
		0,
		1.066031,
		-1.409185,
		-0.397901,
		1
	},
	[0.833333333333] = {
		0.910458,
		0.313869,
		-0.269354,
		0,
		0.185821,
		0.2714,
		0.944358,
		0,
		0.369508,
		-0.909851,
		0.188775,
		0,
		1.042242,
		-1.417293,
		-0.442695,
		1
	},
	[0.85] = {
		0.905638,
		0.296799,
		-0.302871,
		0,
		0.230537,
		0.254858,
		0.939095,
		0,
		0.355912,
		-0.920303,
		0.162386,
		0,
		1.010218,
		-1.424444,
		-0.495018,
		1
	},
	[0.866666666667] = {
		0.899282,
		0.286607,
		-0.330375,
		0,
		0.266976,
		0.2386,
		0.933699,
		0,
		0.346432,
		-0.927861,
		0.138052,
		0,
		0.971212,
		-1.429997,
		-0.552872,
		1
	},
	[0.883333333333] = {
		0.891292,
		0.286294,
		-0.351616,
		0,
		0.296626,
		0.21836,
		0.929694,
		0,
		0.342945,
		-0.932928,
		0.109701,
		0,
		0.927288,
		-1.43323,
		-0.613827,
		1
	},
	[0.8] = {
		0.913143,
		0.358467,
		-0.194088,
		0,
		0.081199,
		0.306636,
		0.948357,
		0,
		0.399469,
		-0.881746,
		0.250896,
		0,
		1.087319,
		-1.402315,
		-0.353543,
		1
	},
	[0.916666666667] = {
		0.867432,
		0.322755,
		-0.378669,
		0,
		0.348469,
		0.149147,
		0.925378,
		0,
		0.355148,
		-0.934657,
		0.016905,
		0,
		0.831912,
		-1.424559,
		-0.730245,
		1
	},
	[0.933333333333] = {
		0.847924,
		0.36527,
		-0.384192,
		0,
		0.37894,
		0.089173,
		0.921115,
		0,
		0.370715,
		-0.926621,
		-0.062804,
		0,
		0.792147,
		-1.418779,
		-0.786882,
		1
	},
	[0.95] = {
		0.818134,
		0.432036,
		-0.379477,
		0,
		0.420752,
		4.7e-05,
		0.907176,
		0,
		0.39195,
		-0.901856,
		-0.181742,
		0,
		0.764257,
		-1.415314,
		-0.845369,
		1
	},
	[0.966666666667] = {
		0.769274,
		0.534623,
		-0.349849,
		0,
		0.485999,
		-0.134183,
		0.863597,
		0,
		0.414756,
		-0.83437,
		-0.36305,
		0,
		0.753055,
		-1.415049,
		-0.910675,
		1
	},
	[0.983333333333] = {
		0.684264,
		0.685049,
		-0.249983,
		0,
		0.597364,
		-0.329945,
		0.730953,
		0,
		0.418257,
		-0.649495,
		-0.634993,
		0,
		0.768856,
		-1.421431,
		-1.004586,
		1
	},
	[0.9] = {
		0.8811,
		0.297657,
		-0.367509,
		0,
		0.322555,
		0.190075,
		0.92727,
		0,
		0.345863,
		-0.935559,
		0.071465,
		0,
		0.880951,
		-1.433194,
		-0.675127,
		1
	}
}

return spline_matrices
