-- chunkname: @content/characters/player/ogryn/first_person/animations/slab_shield/slab_shield_maul/heavy_swing_shieldslam.lua

local spline_matrices = {
	[0.0166666666667] = {
		-0.455783,
		0.619105,
		-0.639508,
		0,
		0.558273,
		0.758424,
		0.336341,
		0,
		0.693248,
		-0.203722,
		-0.691306,
		0,
		0.108988,
		0.715298,
		-0.3232,
		1,
	},
	[0.0333333333333] = {
		-0.455002,
		0.622751,
		-0.636518,
		0,
		0.566316,
		0.753984,
		0.332857,
		0,
		0.687212,
		-0.209019,
		-0.695738,
		0,
		0.113163,
		0.714934,
		-0.322084,
		1,
	},
	[0.05] = {
		-0.453549,
		0.628564,
		-0.631823,
		0,
		0.578938,
		0.746779,
		0.32734,
		0,
		0.677586,
		-0.217322,
		-0.702601,
		0,
		0.119806,
		0.714303,
		-0.3203,
		1,
	},
	[0.0666666666667] = {
		-0.451284,
		0.636338,
		-0.625633,
		0,
		0.595481,
		0.736899,
		0.319973,
		0,
		0.664639,
		-0.228154,
		-0.711478,
		0,
		0.128736,
		0.713347,
		-0.31793,
		1,
	},
	[0.0833333333333] = {
		-0.448049,
		0.645861,
		-0.618155,
		0,
		0.615256,
		0.724416,
		0.310936,
		0,
		0.648623,
		-0.241009,
		-0.721944,
		0,
		0.139778,
		0.711994,
		-0.315056,
		1,
	},
	[0] = {
		-0.455999,
		0.617831,
		-0.640586,
		0,
		0.555426,
		0.759959,
		0.337586,
		0,
		0.69539,
		-0.201859,
		-0.6897,
		0,
		0.107482,
		0.715428,
		-0.323569,
		1,
	},
	[0.116666666667] = {
		-0.438054,
		0.669243,
		-0.600185,
		0,
		0.661714,
		0.691973,
		0.288631,
		0,
		0.608476,
		-0.270714,
		-0.745969,
		0,
		0.167466,
		0.707786,
		-0.308102,
		1,
	},
	[0.133333333333] = {
		-0.431032,
		0.682611,
		-0.59013,
		0,
		0.687022,
		0.672259,
		0.275808,
		0,
		0.584989,
		-0.28655,
		-0.758733,
		0,
		0.183698,
		0.704792,
		-0.304159,
		1,
	},
	[0.15] = {
		-0.422539,
		0.696742,
		-0.579665,
		0,
		0.712845,
		0.650458,
		0.262215,
		0,
		0.559744,
		-0.302415,
		-0.771513,
		0,
		0.201205,
		0.701141,
		-0.299978,
		1,
	},
	[0.166666666667] = {
		-0.412539,
		0.711357,
		-0.56902,
		0,
		0.738585,
		0.626828,
		0.248152,
		0,
		0.533202,
		-0.317897,
		-0.783988,
		0,
		0.21971,
		0.696817,
		-0.295604,
		1,
	},
	[0.183333333333] = {
		-0.40104,
		0.726168,
		-0.558433,
		0,
		0.763704,
		0.601683,
		0.233953,
		0,
		0.505889,
		-0.332652,
		-0.795876,
		0,
		0.238911,
		0.691842,
		-0.291064,
		1,
	},
	[0.1] = {
		-0.443687,
		0.656909,
		-0.6096,
		0,
		0.637566,
		0.709407,
		0.300419,
		0,
		0.629803,
		-0.255368,
		-0.733577,
		0,
		0.152753,
		0.710165,
		-0.311756,
		1,
	},
	[0.216666666667] = {
		-0.373847,
		0.755234,
		-0.538386,
		0,
		0.810286,
		0.548399,
		0.20663,
		0,
		0.451304,
		-0.358998,
		-0.816973,
		0,
		0.278054,
		0.680222,
		-0.281548,
		1,
	},
	[0.233333333333] = {
		-0.358419,
		0.768938,
		-0.529406,
		0,
		0.831048,
		0.521154,
		0.194315,
		0,
		0.425318,
		-0.370315,
		-0.825815,
		0,
		0.297273,
		0.673832,
		-0.276571,
		1,
	},
	[0.25] = {
		-0.342017,
		0.781747,
		-0.521437,
		0,
		0.849787,
		0.494165,
		0.183474,
		0,
		0.401106,
		-0.380359,
		-0.833331,
		0,
		0.315752,
		0.667302,
		-0.271436,
		1,
	},
	[0.266666666667] = {
		-0.324863,
		0.793432,
		-0.514712,
		0,
		0.866343,
		0.467953,
		0.174556,
		0,
		0.37936,
		-0.38921,
		-0.839405,
		0,
		0.333103,
		0.660866,
		-0.266128,
		1,
	},
	[0.283333333333] = {
		-0.307197,
		0.803792,
		-0.509459,
		0,
		0.880609,
		0.443053,
		0.168025,
		0,
		0.360775,
		-0.397017,
		-0.843931,
		0,
		0.348936,
		0.654795,
		-0.260637,
		1,
	},
	[0.2] = {
		-0.388106,
		0.740888,
		-0.548141,
		0,
		0.787734,
		0.575398,
		0.219982,
		0,
		0.478381,
		-0.346414,
		-0.806938,
		0,
		0.258477,
		0.686275,
		-0.286377,
		1,
	},
	[0.316666666667] = {
		-0.271285,
		0.819854,
		-0.504225,
		0,
		0.902022,
		0.39933,
		0.163988,
		0,
		0.335799,
		-0.410335,
		-0.847859,
		0,
		0.374502,
		0.644941,
		-0.249116,
		1,
	},
	[0.333333333333] = {
		-0.253478,
		0.825278,
		-0.504643,
		0,
		0.909053,
		0.381574,
		0.167405,
		0,
		0.330714,
		-0.416313,
		-0.846942,
		0,
		0.383474,
		0.641776,
		-0.243148,
		1,
	},
	[0.35] = {
		-0.236007,
		0.828813,
		-0.507317,
		0,
		0.913499,
		0.367262,
		0.175037,
		0,
		0.331391,
		-0.422124,
		-0.843796,
		0,
		0.389407,
		0.64018,
		-0.237141,
		1,
	},
	[0.366666666667] = {
		-0.218985,
		0.830363,
		-0.512389,
		0,
		0.915166,
		0.356922,
		0.187294,
		0,
		0.338404,
		-0.427906,
		-0.83808,
		0,
		0.391938,
		0.64041,
		-0.231229,
		1,
	},
	[0.383333333333] = {
		-0.27572,
		0.81778,
		-0.505187,
		0,
		0.818718,
		0.475172,
		0.322355,
		0,
		0.503666,
		-0.324726,
		-0.800546,
		0,
		0.343737,
		0.682367,
		-0.241112,
		1,
	},
	[0.3] = {
		-0.28926,
		0.81265,
		-0.505894,
		0,
		0.892519,
		0.42,
		0.164348,
		0,
		0.346032,
		-0.403981,
		-0.846794,
		0,
		0.362863,
		0.649383,
		-0.254961,
		1,
	},
	[0.416666666667] = {
		-0.460692,
		0.710464,
		-0.531982,
		0,
		0.25503,
		0.680061,
		0.68737,
		0,
		0.850131,
		0.180994,
		-0.494488,
		0,
		0.159789,
		0.752394,
		-0.326094,
		1,
	},
	[0.433333333333] = {
		-0.445638,
		0.646526,
		-0.619201,
		0,
		0.067268,
		0.713909,
		0.697,
		0,
		0.892682,
		0.268958,
		-0.361636,
		0,
		0.070986,
		0.803609,
		-0.370834,
		1,
	},
	[0.45] = {
		-0.477689,
		0.561153,
		-0.675959,
		0,
		-0.140896,
		0.710527,
		0.68942,
		0,
		0.867157,
		0.424568,
		-0.260347,
		0,
		-0.064138,
		0.89352,
		-0.400799,
		1,
	},
	[0.466666666667] = {
		-0.505306,
		0.473083,
		-0.721706,
		0,
		-0.352145,
		0.650484,
		0.672952,
		0,
		0.78782,
		0.594192,
		-0.162099,
		0,
		-0.20183,
		0.971177,
		-0.382401,
		1,
	},
	[0.483333333333] = {
		-0.525341,
		0.3288,
		-0.784798,
		0,
		-0.590991,
		0.522562,
		0.61454,
		0,
		0.612166,
		0.786651,
		-0.080206,
		0,
		-0.396618,
		1.059511,
		-0.344526,
		1,
	},
	[0.4] = {
		-0.406096,
		0.772463,
		-0.488249,
		0,
		0.536873,
		0.634033,
		0.55657,
		0,
		0.739496,
		-0.036107,
		-0.672192,
		0,
		0.240191,
		0.732943,
		-0.282315,
		1,
	},
	[0.516666666667] = {
		-0.493398,
		0.173354,
		-0.852354,
		0,
		-0.866768,
		-0.016196,
		0.498448,
		0,
		0.072603,
		0.984726,
		0.158249,
		0,
		-0.71572,
		0.99643,
		-0.126675,
		1,
	},
	[0.533333333333] = {
		-0.475325,
		0.129558,
		-0.870219,
		0,
		-0.870135,
		-0.215507,
		0.443195,
		0,
		-0.130119,
		0.96787,
		0.215169,
		0,
		-0.811705,
		0.936684,
		-0.077259,
		1,
	},
	[0.55] = {
		-0.459937,
		0.054377,
		-0.886285,
		0,
		-0.840264,
		-0.349352,
		0.41462,
		0,
		-0.28708,
		0.935412,
		0.206371,
		0,
		-0.894862,
		0.89735,
		-0.084293,
		1,
	},
	[0.566666666667] = {
		-0.444628,
		0.015401,
		-0.895583,
		0,
		-0.781685,
		-0.494867,
		0.379572,
		0,
		-0.437348,
		0.868833,
		0.23207,
		0,
		-0.976364,
		0.835599,
		-0.084825,
		1,
	},
	[0.583333333333] = {
		-0.450526,
		0.012381,
		-0.892678,
		0,
		-0.694263,
		-0.633488,
		0.341602,
		0,
		-0.561271,
		0.773654,
		0.293998,
		0,
		-1.04011,
		0.754843,
		-0.072741,
		1,
	},
	[0.5] = {
		-0.524798,
		0.213307,
		-0.824068,
		0,
		-0.77641,
		0.276924,
		0.566128,
		0,
		0.348963,
		0.936917,
		0.020285,
		0,
		-0.568656,
		1.058069,
		-0.245702,
		1,
	},
	[0.616666666667] = {
		-0.546683,
		0.047604,
		-0.835986,
		0,
		-0.492199,
		-0.825958,
		0.274834,
		0,
		-0.677405,
		0.561718,
		0.474968,
		0,
		-1.08691,
		0.58821,
		-0.021054,
		1,
	},
	[0.633333333333] = {
		-0.603989,
		0.053014,
		-0.795228,
		0,
		-0.416164,
		-0.871933,
		0.257955,
		0,
		-0.67971,
		0.486747,
		0.5487,
		0,
		-1.083405,
		0.528301,
		0.002764,
		1,
	},
	[0.65] = {
		-0.635807,
		0.043605,
		-0.770616,
		0,
		-0.375641,
		-0.889668,
		0.259585,
		0,
		-0.674273,
		0.45452,
		0.582037,
		0,
		-1.081599,
		0.493621,
		0.01552,
		1,
	},
	[0.666666666667] = {
		-0.646262,
		0.028463,
		-0.762585,
		0,
		-0.358525,
		-0.893474,
		0.270488,
		0,
		-0.673651,
		0.448211,
		0.587623,
		0,
		-1.086093,
		0.472895,
		0.020119,
		1,
	},
	[0.683333333333] = {
		-0.651976,
		0.016121,
		-0.758069,
		0,
		-0.34555,
		-0.896236,
		0.278131,
		0,
		-0.674924,
		0.443285,
		0.589894,
		0,
		-1.092334,
		0.451832,
		0.022501,
		1,
	},
	[0.6] = {
		-0.487723,
		0.029857,
		-0.872488,
		0,
		-0.590986,
		-0.74688,
		0.304804,
		0,
		-0.642543,
		0.664288,
		0.381916,
		0,
		-1.076417,
		0.667424,
		-0.049145,
		1,
	},
	[0.716666666667] = {
		-0.650971,
		0.000445,
		-0.759102,
		0,
		-0.332629,
		-0.899051,
		0.28472,
		0,
		-0.682345,
		0.437844,
		0.585404,
		0,
		-1.109266,
		0.408426,
		0.020852,
		1,
	},
	[0.733333333333] = {
		-0.64497,
		-0.002776,
		-0.764203,
		0,
		-0.332925,
		-0.899091,
		0.284247,
		0,
		-0.687877,
		0.437753,
		0.578963,
		0,
		-1.11946,
		0.386189,
		0.016871,
		1,
	},
	[0.75] = {
		-0.635682,
		-0.002964,
		-0.771945,
		0,
		-0.337846,
		-0.89807,
		0.281658,
		0,
		-0.694096,
		0.439843,
		0.569885,
		0,
		-1.130421,
		0.363785,
		0.010813,
		1,
	},
	[0.766666666667] = {
		-0.623337,
		-0.000247,
		-0.781953,
		0,
		-0.34744,
		-0.895779,
		0.277246,
		0,
		-0.700526,
		0.4445,
		0.558286,
		0,
		-1.141812,
		0.342103,
		0.002688,
		1,
	},
	[0.783333333333] = {
		-0.608139,
		0.005173,
		-0.793814,
		0,
		-0.361718,
		-0.89194,
		0.2713,
		0,
		-0.706631,
		0.452125,
		0.544294,
		0,
		-1.15327,
		0.322184,
		-0.007464,
		1,
	},
	[0.7] = {
		-0.653415,
		0.00675,
		-0.75697,
		0,
		-0.336874,
		-0.898082,
		0.28278,
		0,
		-0.677912,
		0.439776,
		0.589094,
		0,
		-1.100135,
		0.430339,
		0.022734,
		1,
	},
	[0.816666666667] = {
		-0.569956,
		0.022908,
		-0.821356,
		0,
		-0.404087,
		-0.878193,
		0.255912,
		0,
		-0.715446,
		0.477758,
		0.509788,
		0,
		-1.174856,
		0.28924,
		-0.033339,
		1,
	},
	[0.833333333333] = {
		-0.547382,
		0.034428,
		-0.836174,
		0,
		-0.431883,
		-0.867448,
		0.247006,
		0,
		-0.716834,
		0.496336,
		0.489694,
		0,
		-1.184171,
		0.276908,
		-0.048689,
		1,
	},
	[0.85] = {
		-0.522799,
		0.047077,
		-0.851155,
		0,
		-0.463745,
		-0.853504,
		0.237636,
		0,
		-0.715277,
		0.518955,
		0.468043,
		0,
		-1.191941,
		0.267676,
		-0.065325,
		1,
	},
	[0.866666666667] = {
		-0.496488,
		0.060308,
		-0.865946,
		0,
		-0.499293,
		-0.835882,
		0.228054,
		0,
		-0.710075,
		0.545587,
		0.445117,
		0,
		-1.197748,
		0.261679,
		-0.082968,
		1,
	},
	[0.883333333333] = {
		-0.468776,
		0.07355,
		-0.88025,
		0,
		-0.538032,
		-0.814111,
		0.218505,
		0,
		-0.70055,
		0.576032,
		0.421208,
		0,
		-1.201196,
		0.258937,
		-0.101316,
		1,
	},
	[0.8] = {
		-0.59028,
		0.013011,
		-0.807094,
		0,
		-0.380637,
		-0.88621,
		0.264098,
		0,
		-0.711818,
		0.463101,
		0.528064,
		0,
		-1.164418,
		0.304437,
		-0.019528,
		1,
	},
	[0.916666666667] = {
		-0.410676,
		0.097783,
		-0.906523,
		0,
		-0.622546,
		-0.756482,
		0.20043,
		0,
		-0.666169,
		0.646664,
		0.371544,
		0,
		-1.199622,
		0.262686,
		-0.138948,
		1,
	},
	[0.933333333333] = {
		-0.381157,
		0.107715,
		-0.918214,
		0,
		-0.666789,
		-0.720002,
		0.192326,
		0,
		-0.6404,
		0.685561,
		0.346258,
		0,
		-1.194054,
		0.268619,
		-0.15769,
		1,
	},
	[0.95] = {
		-0.351952,
		0.115591,
		-0.928854,
		0,
		-0.711193,
		-0.678197,
		0.18508,
		0,
		-0.608552,
		0.725733,
		0.3209,
		0,
		-1.18507,
		0.27671,
		-0.176081,
		1,
	},
	[0.966666666667] = {
		-0.323544,
		0.121067,
		-0.938436,
		0,
		-0.754818,
		-0.631089,
		0.178822,
		0,
		-0.570587,
		0.766205,
		0.295569,
		0,
		-1.172622,
		0.286452,
		-0.193957,
		1,
	},
	[0.983333333333] = {
		-0.296408,
		0.123912,
		-0.946989,
		0,
		-0.796716,
		-0.578876,
		0.173627,
		0,
		-0.526675,
		0.805945,
		0.270306,
		0,
		-1.156767,
		0.297288,
		-0.211201,
		1,
	},
	[0.9] = {
		-0.440033,
		0.086226,
		-0.893832,
		0,
		-0.579355,
		-0.787765,
		0.209222,
		0,
		-0.686089,
		0.609911,
		0.396598,
		0,
		-1.201924,
		0.259347,
		-0.120072,
		1,
	},
	[1.01666666667] = {
		-0.247682,
		0.121496,
		-0.961193,
		0,
		-0.871686,
		-0.460967,
		0.166351,
		0,
		-0.422867,
		0.879061,
		0.220079,
		0,
		-1.115672,
		0.319875,
		-0.24352,
		1,
	},
	[1.03333333333] = {
		-0.226832,
		0.116399,
		-0.966953,
		0,
		-0.903121,
		-0.396796,
		0.164093,
		0,
		-0.364583,
		0.910497,
		0.195128,
		0,
		-1.091174,
		0.330335,
		-0.258541,
		1,
	},
	[1.05] = {
		-0.208671,
		0.109007,
		-0.971892,
		0,
		-0.929753,
		-0.330349,
		0.162571,
		0,
		-0.303342,
		0.937543,
		0.170284,
		0,
		-1.064664,
		0.339598,
		-0.272815,
		1,
	},
	[1.06666666667] = {
		-0.193334,
		0.099648,
		-0.97606,
		0,
		-0.951261,
		-0.262651,
		0.161607,
		0,
		-0.240259,
		0.959732,
		0.145571,
		0,
		-1.03669,
		0.347327,
		-0.286363,
		1,
	},
	[1.08333333333] = {
		-0.180857,
		0.088704,
		-0.979501,
		0,
		-0.967539,
		-0.194793,
		0.161008,
		0,
		-0.176518,
		0.976825,
		0.121054,
		0,
		-1.00784,
		0.353294,
		-0.299207,
		1,
	},
	{
		-0.270985,
		0.124043,
		-0.954558,
		0,
		-0.835969,
		-0.521946,
		0.169494,
		0,
		-0.477203,
		0.843911,
		0.245136,
		0,
		-1.137679,
		0.30865,
		-0.227737,
		1,
	},
	[1.11666666667] = {
		-0.164118,
		0.063738,
		-0.984379,
		0,
		-0.985077,
		-0.063046,
		0.160152,
		0,
		-0.051854,
		0.995973,
		0.073134,
		0,
		-0.949946,
		0.35959,
		-0.322804,
		1,
	},
	[1.13333333333] = {
		-0.159451,
		0.050568,
		-0.98591,
		0,
		-0.987183,
		-0.001306,
		0.15959,
		0,
		0.006783,
		0.99872,
		0.050128,
		0,
		-0.922088,
		0.360015,
		-0.333524,
		1,
	},
	[1.15] = {
		-0.156857,
		0.037487,
		-0.98691,
		0,
		-0.9857,
		0.056364,
		0.158805,
		0,
		0.061579,
		0.997706,
		0.02811,
		0,
		-0.895691,
		0.358851,
		-0.34347,
		1,
	},
	[1.16666666667] = {
		-0.155971,
		0.02487,
		-0.987449,
		0,
		-0.981431,
		0.109097,
		0.157768,
		0,
		0.111651,
		0.99372,
		0.007392,
		0,
		-0.871247,
		0.356361,
		-0.352575,
		1,
	},
	[1.18333333333] = {
		-0.156397,
		0.013054,
		-0.987608,
		0,
		-0.975258,
		0.156136,
		0.156505,
		0,
		0.156244,
		0.987649,
		-0.011688,
		0,
		-0.84919,
		0.352863,
		-0.360758,
		1,
	},
	[1.1] = {
		-0.171172,
		0.076591,
		-0.98226,
		0,
		-0.978702,
		-0.127891,
		0.16058,
		0,
		-0.113324,
		0.988826,
		0.096851,
		0,
		-0.978724,
		0.357383,
		-0.311356,
		1,
	},
	[1.21666666667] = {
		-0.159561,
		-0.007,
		-0.987163,
		0,
		-0.960835,
		0.230611,
		0.153671,
		0,
		0.226575,
		0.973021,
		-0.043522,
		0,
		-0.813703,
		0.344235,
		-0.373976,
		1,
	},
	[1.23333333333] = {
		-0.161527,
		-0.014741,
		-0.986758,
		0,
		-0.954324,
		0.256995,
		0.152378,
		0,
		0.251346,
		0.9663,
		-0.05558,
		0,
		-0.800888,
		0.339798,
		-0.378802,
		1,
	},
	[1.25] = {
		-0.163298,
		-0.020675,
		-0.98636,
		0,
		-0.949297,
		0.27553,
		0.151387,
		0,
		0.268642,
		0.96107,
		-0.06462,
		0,
		-0.791709,
		0.335687,
		-0.382295,
		1,
	},
	[1.26666666667] = {
		-0.164618,
		-0.024615,
		-0.98605,
		0,
		-0.946348,
		0.285776,
		0.150856,
		0,
		0.278077,
		0.95798,
		-0.070339,
		0,
		-0.786405,
		0.332138,
		-0.384347,
		1,
	},
	[1.28333333333] = {
		-0.165314,
		-0.02639,
		-0.985888,
		0,
		-0.945883,
		0.287279,
		0.150916,
		0,
		0.279243,
		0.957483,
		-0.072453,
		0,
		-0.785207,
		0.3293,
		-0.384849,
		1,
	},
	[1.2] = {
		-0.157728,
		0.002343,
		-0.98748,
		0,
		-0.968093,
		0.196828,
		0.155098,
		0,
		0.194727,
		0.980435,
		-0.028777,
		0,
		-0.829899,
		0.348703,
		-0.367926,
		1,
	},
}

return spline_matrices
