local spline_matrices = {
	[0] = {
		-0.777361,
		0.116124,
		-0.618243,
		0,
		-0.573416,
		0.273306,
		0.772332,
		0,
		0.258656,
		0.954892,
		-0.14587,
		0,
		-1.081727,
		-0.345437,
		-0.008452,
		1
	},
	{
		-0.64917,
		0.42575,
		-0.630329,
		0,
		-0.424509,
		0.484834,
		0.764675,
		0,
		0.631165,
		0.763985,
		-0.134005,
		0,
		-0.680533,
		0.722946,
		-0.667924,
		1
	},
	[0.0166666666667] = {
		-0.779592,
		0.121297,
		-0.614429,
		0,
		-0.571853,
		0.262184,
		0.777331,
		0,
		0.255382,
		0.957364,
		-0.135033,
		0,
		-1.079924,
		-0.348049,
		-0.014839,
		1
	},
	[0.0333333333333] = {
		-0.781625,
		0.127726,
		-0.610531,
		0,
		-0.57007,
		0.250966,
		0.782328,
		0,
		0.253146,
		0.959532,
		-0.123349,
		0,
		-1.078696,
		-0.353665,
		-0.021664,
		1
	},
	[0.05] = {
		-0.783492,
		0.135141,
		-0.606529,
		0,
		-0.568117,
		0.239671,
		0.787274,
		0,
		0.25176,
		0.961402,
		-0.111005,
		0,
		-1.077939,
		-0.361885,
		-0.028774,
		1
	},
	[0.0666666666667] = {
		-0.785226,
		0.143273,
		-0.602406,
		0,
		-0.56604,
		0.228326,
		0.792128,
		0,
		0.251036,
		0.962985,
		-0.098189,
		0,
		-1.07755,
		-0.372313,
		-0.036016,
		1
	},
	[0.0833333333333] = {
		-0.78686,
		0.151854,
		-0.598157,
		0,
		-0.56388,
		0.216959,
		0.796849,
		0,
		0.25078,
		0.964297,
		-0.085088,
		0,
		-1.077425,
		-0.384555,
		-0.043233,
		1
	},
	[0.116666666667] = {
		-0.789975,
		0.169286,
		-0.589307,
		0,
		-0.559454,
		0.194291,
		0.805768,
		0,
		0.250902,
		0.966226,
		-0.058778,
		0,
		-1.077544,
		-0.412934,
		-0.056983,
		1
	},
	[0.133333333333] = {
		-0.791538,
		0.177602,
		-0.584744,
		0,
		-0.557245,
		0.183068,
		0.809916,
		0,
		0.25089,
		0.966925,
		-0.045937,
		0,
		-1.077575,
		-0.428311,
		-0.063212,
		1
	},
	[0.15] = {
		-0.793167,
		0.185297,
		-0.58013,
		0,
		-0.55507,
		0.171972,
		0.813832,
		0,
		0.250567,
		0.967518,
		-0.03355,
		0,
		-1.077444,
		-0.443981,
		-0.068813,
		1
	},
	[0.166666666667] = {
		-0.794912,
		0.192108,
		-0.575508,
		0,
		-0.552944,
		0.161051,
		0.817506,
		0,
		0.249736,
		0.968069,
		-0.021797,
		0,
		-1.07704,
		-0.459577,
		-0.073644,
		1
	},
	[0.183333333333] = {
		-0.796825,
		0.197773,
		-0.570925,
		0,
		-0.550879,
		0.150351,
		0.82093,
		0,
		0.248197,
		0.968649,
		-0.010854,
		0,
		-1.076252,
		-0.474734,
		-0.077566,
		1
	},
	[0.1] = {
		-0.78843,
		0.160614,
		-0.593786,
		0,
		-0.561674,
		0.205602,
		0.801405,
		0,
		0.2508,
		0.965366,
		-0.07189,
		0,
		-1.077458,
		-0.398223,
		-0.050274,
		1
	},
	[0.216666666667] = {
		-0.801362,
		0.204627,
		-0.562091,
		0,
		-0.546954,
		0.129809,
		0.827037,
		0,
		0.242198,
		0.970195,
		0.007898,
		0,
		-1.073066,
		-0.502285,
		-0.082153,
		1
	},
	[0.233333333333] = {
		-0.80408,
		0.205296,
		-0.557951,
		0,
		-0.545096,
		0.120066,
		0.829732,
		0,
		0.237331,
		0.971307,
		0.015363,
		0,
		-1.070435,
		-0.513954,
		-0.082565,
		1
	},
	[0.25] = {
		-0.807148,
		0.203778,
		-0.554064,
		0,
		-0.543303,
		0.110743,
		0.832201,
		0,
		0.230943,
		0.972734,
		0.021327,
		0,
		-1.066954,
		-0.52373,
		-0.081559,
		1
	},
	[0.266666666667] = {
		-0.810588,
		0.199809,
		-0.550475,
		0,
		-0.54157,
		0.10189,
		0.834458,
		0,
		0.22282,
		0.974523,
		0.02562,
		0,
		-1.062498,
		-0.531238,
		-0.079017,
		1
	},
	[0.283333333333] = {
		-0.814406,
		0.193121,
		-0.547218,
		0,
		-0.539891,
		0.093558,
		0.836519,
		0,
		0.212746,
		0.976704,
		0.02807,
		0,
		-1.056942,
		-0.536091,
		-0.074824,
		1
	},
	[0.2] = {
		-0.798959,
		0.202033,
		-0.566434,
		0,
		-0.548882,
		0.13992,
		0.824106,
		0,
		0.245752,
		0.969332,
		-0.000899,
		0,
		-1.074965,
		-0.489091,
		-0.080445,
		1
	},
	[0.316666666667] = {
		-0.823662,
		0.164172,
		-0.542797,
		0,
		-0.538172,
		0.075417,
		0.839454,
		0,
		0.178751,
		0.983545,
		0.026235,
		0,
		-1.049923,
		-0.525221,
		-0.048625,
		1
	},
	[0.333333333333] = {
		-0.829215,
		0.134588,
		-0.542484,
		0,
		-0.539044,
		0.064027,
		0.839841,
		0,
		0.147766,
		0.988831,
		0.019457,
		0,
		-1.058765,
		-0.491069,
		-0.011229,
		1
	},
	[0.35] = {
		-0.834358,
		0.10337,
		-0.541444,
		0,
		-0.538257,
		0.059007,
		0.840713,
		0,
		0.118854,
		0.992891,
		0.006407,
		0,
		-1.06872,
		-0.442076,
		0.028989,
		1
	},
	[0.366666666667] = {
		-0.839324,
		0.079376,
		-0.537805,
		0,
		-0.533705,
		0.067875,
		0.842943,
		0,
		0.103413,
		0.994531,
		-0.014606,
		0,
		-1.071817,
		-0.385542,
		0.057709,
		1
	},
	[0.383333333333] = {
		-0.844106,
		0.060092,
		-0.532798,
		0,
		-0.524909,
		0.110023,
		0.844017,
		0,
		0.109339,
		0.992111,
		-0.061328,
		0,
		-1.01705,
		-0.327391,
		0.085911,
		1
	},
	[0.3] = {
		-0.818581,
		0.183442,
		-0.544311,
		0,
		-0.538262,
		0.085798,
		0.838399,
		0,
		0.200499,
		0.979279,
		0.028507,
		0,
		-1.050157,
		-0.537888,
		-0.068864,
		1
	},
	[0.416666666667] = {
		-0.858861,
		0.053528,
		-0.509404,
		0,
		-0.49296,
		0.183694,
		0.850439,
		0,
		0.139097,
		0.981525,
		-0.13138,
		0,
		-0.787193,
		-0.145227,
		0.122915,
		1
	},
	[0.433333333333] = {
		-0.879397,
		0.09789,
		-0.465916,
		0,
		-0.457246,
		0.098938,
		0.88382,
		0,
		0.132614,
		0.990267,
		-0.042246,
		0,
		-0.704399,
		0.045993,
		-0.027611,
		1
	},
	[0.45] = {
		-0.888084,
		0.14815,
		-0.435153,
		0,
		-0.436743,
		0.023365,
		0.899283,
		0,
		0.143397,
		0.988689,
		0.043953,
		0,
		-0.634367,
		0.291852,
		-0.218953,
		1
	},
	[0.466666666667] = {
		-0.847159,
		0.179265,
		-0.500185,
		0,
		-0.488231,
		0.108796,
		0.865906,
		0,
		0.209645,
		0.977767,
		-0.004645,
		0,
		-0.553309,
		0.526099,
		-0.225305,
		1
	},
	[0.483333333333] = {
		-0.876656,
		0.245042,
		-0.41404,
		0,
		-0.41414,
		0.053666,
		0.90863,
		0,
		0.244872,
		0.968026,
		0.054435,
		0,
		-0.496622,
		0.68668,
		-0.279306,
		1
	},
	[0.4] = {
		-0.849925,
		0.047195,
		-0.524785,
		0,
		-0.511244,
		0.167145,
		0.843026,
		0,
		0.127501,
		0.984802,
		-0.117933,
		0,
		-0.901124,
		-0.2524,
		0.116605,
		1
	},
	[0.516666666667] = {
		-0.937673,
		0.320693,
		-0.133887,
		0,
		-0.18247,
		-0.126447,
		0.975047,
		0,
		0.295761,
		0.938705,
		0.177083,
		0,
		-0.421216,
		0.94482,
		-0.402621,
		1
	},
	[0.533333333333] = {
		-0.94716,
		0.298596,
		-0.117165,
		0,
		-0.144877,
		-0.072349,
		0.986801,
		0,
		0.286178,
		0.951633,
		0.111786,
		0,
		-0.40643,
		0.977985,
		-0.381446,
		1
	},
	[0.55] = {
		-0.952626,
		0.273147,
		-0.133772,
		0,
		-0.13675,
		0.008199,
		0.990572,
		0,
		0.271668,
		0.961937,
		0.029543,
		0,
		-0.393887,
		0.976198,
		-0.346922,
		1
	},
	[0.566666666667] = {
		-0.951383,
		0.274277,
		-0.140154,
		0,
		-0.130865,
		0.051971,
		0.990037,
		0,
		0.278828,
		0.960245,
		-0.013551,
		0,
		-0.383899,
		0.976947,
		-0.339818,
		1
	},
	[0.583333333333] = {
		-0.948086,
		0.281556,
		-0.14785,
		0,
		-0.126747,
		0.09185,
		0.987673,
		0,
		0.291665,
		0.955139,
		-0.051395,
		0,
		-0.374926,
		0.979918,
		-0.336001,
		1
	},
	[0.5] = {
		-0.918433,
		0.301884,
		-0.255632,
		0,
		-0.286068,
		-0.060535,
		0.956295,
		0,
		0.273215,
		0.951421,
		0.141957,
		0,
		-0.448118,
		0.836357,
		-0.35526,
		1
	},
	[0.616666666667] = {
		-0.935479,
		0.310874,
		-0.168034,
		0,
		-0.122457,
		0.160863,
		0.97935,
		0,
		0.331486,
		0.936739,
		-0.112416,
		0,
		-0.360459,
		0.989065,
		-0.337488,
		1
	},
	[0.633333333333] = {
		-0.926163,
		0.331045,
		-0.180643,
		0,
		-0.121868,
		0.19058,
		0.974078,
		0,
		0.35689,
		0.924169,
		-0.136164,
		0,
		-0.355107,
		0.993803,
		-0.342337,
		1
	},
	[0.65] = {
		-0.914857,
		0.353649,
		-0.194858,
		0,
		-0.122171,
		0.217526,
		0.968378,
		0,
		0.384853,
		0.909733,
		-0.155799,
		0,
		-0.350616,
		0.999071,
		-0.349481,
		1
	},
	[0.666666666667] = {
		-0.901641,
		0.377772,
		-0.210552,
		0,
		-0.123334,
		0.24203,
		0.962398,
		0,
		0.414527,
		0.893705,
		-0.171632,
		0,
		-0.346848,
		1.004563,
		-0.358676,
		1
	},
	[0.683333333333] = {
		-0.886675,
		0.402525,
		-0.227554,
		0,
		-0.125364,
		0.26442,
		0.956225,
		0,
		0.445074,
		0.876388,
		-0.183992,
		0,
		-0.34365,
		1.009978,
		-0.369672,
		1
	},
	[0.6] = {
		-0.942784,
		0.294066,
		-0.157107,
		0,
		-0.12403,
		0.128055,
		0.983981,
		0,
		0.309474,
		0.947168,
		-0.084256,
		0,
		-0.366964,
		0.984596,
		-0.335248,
		1
	},
	[0.716666666667] = {
		-0.852613,
		0.45053,
		-0.264716,
		0,
		-0.132196,
		0.304139,
		0.943411,
		0,
		0.505545,
		0.839358,
		-0.199755,
		0,
		-0.338297,
		1.019329,
		-0.396021,
		1
	},
	[0.733333333333] = {
		-0.834319,
		0.472204,
		-0.284492,
		0,
		-0.13712,
		0.322085,
		0.936728,
		0,
		0.533957,
		0.820539,
		-0.203973,
		0,
		-0.335818,
		1.022594,
		-0.41082,
		1
	},
	[0.75] = {
		-0.815869,
		0.491359,
		-0.304834,
		0,
		-0.143147,
		0.33914,
		0.929781,
		0,
		0.560238,
		0.802216,
		-0.206358,
		0,
		-0.333277,
		1.024439,
		-0.426308,
		1
	},
	[0.766666666667] = {
		-0.79787,
		0.507335,
		-0.325598,
		0,
		-0.150357,
		0.355567,
		0.922478,
		0,
		0.583777,
		0.784973,
		-0.207415,
		0,
		-0.330571,
		1.025175,
		-0.442145,
		1
	},
	[0.783333333333] = {
		-0.780976,
		0.519516,
		-0.346668,
		0,
		-0.158837,
		0.371598,
		0.914705,
		0,
		0.604026,
		0.769427,
		-0.207691,
		0,
		-0.328574,
		1.023414,
		-0.457871,
		1
	},
	[0.7] = {
		-0.870215,
		0.427049,
		-0.245674,
		0,
		-0.128299,
		0.285018,
		0.949897,
		0,
		0.475674,
		0.858134,
		-0.193237,
		0,
		-0.340855,
		1.015009,
		-0.382211,
		1
	},
	[0.816666666667] = {
		-0.753215,
		0.530149,
		-0.389369,
		0,
		-0.180005,
		0.403224,
		0.897223,
		0,
		0.632665,
		0.74589,
		-0.208285,
		0,
		-0.329784,
		1.006177,
		-0.486767,
		1
	},
	[0.833333333333] = {
		-0.742377,
		0.529259,
		-0.410805,
		0,
		-0.193141,
		0.418067,
		0.887646,
		0,
		0.641539,
		0.738312,
		-0.208142,
		0,
		-0.335794,
		0.992427,
		-0.500686,
		1
	},
	[0.85] = {
		-0.73221,
		0.52637,
		-0.432208,
		0,
		-0.208329,
		0.431083,
		0.877933,
		0,
		0.648435,
		0.732873,
		-0.205985,
		0,
		-0.349933,
		0.975211,
		-0.515894,
		1
	},
	[0.866666666667] = {
		-0.722609,
		0.521606,
		-0.453612,
		0,
		-0.225523,
		0.442415,
		0.867991,
		0,
		0.653434,
		0.729518,
		-0.202059,
		0,
		-0.371215,
		0.954928,
		-0.532121,
		1
	},
	[0.883333333333] = {
		-0.713454,
		0.515074,
		-0.475061,
		0,
		-0.244656,
		0.452193,
		0.857709,
		0,
		0.656603,
		0.728162,
		-0.196603,
		0,
		-0.398658,
		0.931951,
		-0.549107,
		1
	},
	[0.8] = {
		-0.765866,
		0.527315,
		-0.367951,
		0,
		-0.168683,
		0.387432,
		0.906335,
		0,
		0.62048,
		0.756198,
		-0.207772,
		0,
		-0.32869,
		1.016373,
		-0.47287,
		1
	},
	[0.916666666667] = {
		-0.69593,
		0.49705,
		-0.518287,
		0,
		-0.288406,
		0.467514,
		0.835615,
		0,
		0.657649,
		0.731007,
		-0.182005,
		0,
		-0.468112,
		0.87927,
		-0.584319,
		1
	},
	[0.933333333333] = {
		-0.687258,
		0.485696,
		-0.540163,
		0,
		-0.312819,
		0.473238,
		0.823523,
		0,
		0.655608,
		0.734946,
		-0.173301,
		0,
		-0.508155,
		0.85021,
		-0.602036,
		1
	},
	[0.95] = {
		-0.678425,
		0.472852,
		-0.562273,
		0,
		-0.338767,
		0.477771,
		0.810538,
		0,
		0.651902,
		0.740368,
		-0.163945,
		0,
		-0.550418,
		0.819751,
		-0.619497,
		1
	},
	[0.966666666667] = {
		-0.669256,
		0.45856,
		-0.584653,
		0,
		-0.366124,
		0.481178,
		0.796505,
		0,
		0.646568,
		0.747121,
		-0.154142,
		0,
		-0.593903,
		0.788192,
		-0.636456,
		1
	},
	[0.983333333333] = {
		-0.659568,
		0.442852,
		-0.607332,
		0,
		-0.394752,
		0.483514,
		0.781271,
		0,
		0.639641,
		0.755047,
		-0.144094,
		0,
		-0.637608,
		0.75583,
		-0.652675,
		1
	},
	[0.9] = {
		-0.70461,
		0.506864,
		-0.496602,
		0,
		-0.265649,
		0.460527,
		0.846963,
		0,
		0.657993,
		0.7287,
		-0.189844,
		0,
		-0.431284,
		0.906623,
		-0.566592,
		1
	},
	[1.01666666667] = {
		-0.637795,
		0.407401,
		-0.653638,
		0,
		-0.455152,
		0.485253,
		0.746569,
		0,
		0.621333,
		0.773663,
		-0.124063,
		0,
		-0.721555,
		0.689964,
		-0.681958,
		1
	},
	[1.03333333333] = {
		-0.625172,
		0.387955,
		-0.677237,
		0,
		-0.486426,
		0.484908,
		0.72681,
		0,
		0.610368,
		0.783808,
		-0.114439,
		0,
		-0.759566,
		0.657359,
		-0.694532,
		1
	},
	[1.05] = {
		-0.611106,
		0.367449,
		-0.701093,
		0,
		-0.518161,
		0.483868,
		0.705253,
		0,
		0.598381,
		0.794263,
		-0.105297,
		0,
		-0.793596,
		0.625496,
		-0.705411,
		1
	},
	[1.06666666667] = {
		-0.595396,
		0.345908,
		-0.725156,
		0,
		-0.550181,
		0.482204,
		0.681748,
		0,
		0.585495,
		0.804877,
		-0.09679,
		0,
		-0.822682,
		0.594737,
		-0.714371,
		1
	},
	[1.08333333333] = {
		-0.577842,
		0.323355,
		-0.74936,
		0,
		-0.582309,
		0.47999,
		0.656145,
		0,
		0.571853,
		0.815507,
		-0.089066,
		0,
		-0.84587,
		0.565443,
		-0.721198,
		1
	},
	[1.11666666667] = {
		-0.536019,
		0.274139,
		-0.798455,
		0,
		-0.64764,
		0.473161,
		0.597227,
		0,
		0.541521,
		0.837237,
		-0.07608,
		0,
		-0.872032,
		0.511179,
		-0.721101,
		1
	},
	[1.13333333333] = {
		-0.510638,
		0.245671,
		-0.823951,
		0,
		-0.68291,
		0.466347,
		0.562276,
		0,
		0.522382,
		0.849803,
		-0.070363,
		0,
		-0.876618,
		0.484146,
		-0.702666,
		1
	},
	[1.15] = {
		-0.482009,
		0.215058,
		-0.849363,
		0,
		-0.71915,
		0.456644,
		0.523735,
		0,
		0.50049,
		0.863265,
		-0.065448,
		0,
		-0.876558,
		0.457578,
		-0.673152,
		1
	},
	[1.16666666667] = {
		-0.45016,
		0.182988,
		-0.873997,
		0,
		-0.755373,
		0.443937,
		0.482009,
		0,
		0.476202,
		0.877175,
		-0.061618,
		0,
		-0.872461,
		0.432135,
		-0.635366,
		1
	},
	[1.18333333333] = {
		-0.415253,
		0.150172,
		-0.897226,
		0,
		-0.790648,
		0.42823,
		0.437601,
		0,
		0.449934,
		0.891105,
		-0.059091,
		0,
		-0.864958,
		0.408425,
		-0.592158,
		1
	},
	[1.1] = {
		-0.55824,
		0.299801,
		-0.773619,
		0,
		-0.614359,
		0.477303,
		0.628288,
		0,
		0.557612,
		0.826015,
		-0.082264,
		0,
		-0.862218,
		0.537976,
		-0.725686,
		1
	},
	[1.21666666667] = {
		-0.337548,
		0.085074,
		-0.937456,
		0,
		-0.85516,
		0.388503,
		0.343172,
		0,
		0.3934,
		0.917512,
		-0.058386,
		0,
		-0.842363,
		0.368348,
		-0.501131,
		1
	},
	[1.23333333333] = {
		-0.295686,
		0.054086,
		-0.953753,
		0,
		-0.88314,
		0.365147,
		0.294502,
		0,
		0.364188,
		0.929377,
		-0.060203,
		0,
		-0.828599,
		0.352901,
		-0.459264,
		1
	},
	[1.25] = {
		-0.252591,
		0.024891,
		-0.967253,
		0,
		-0.907702,
		0.340094,
		0.245792,
		0,
		0.335074,
		0.940062,
		-0.063311,
		0,
		-0.814065,
		0.341031,
		-0.42387,
		1
	},
	[1.26666666667] = {
		-0.208911,
		-0.002055,
		-0.977932,
		0,
		-0.928632,
		0.313925,
		0.19772,
		0,
		0.306591,
		0.949446,
		-0.06749,
		0,
		-0.799398,
		0.333067,
		-0.398031,
		1
	},
	[1.28333333333] = {
		-0.165314,
		-0.02639,
		-0.985888,
		0,
		-0.945883,
		0.287279,
		0.150916,
		0,
		0.279242,
		0.957483,
		-0.072453,
		0,
		-0.785208,
		0.329303,
		-0.384848,
		1
	},
	[1.2] = {
		-0.377576,
		0.117309,
		-0.918518,
		0,
		-0.824145,
		0.409662,
		0.391103,
		0,
		0.422162,
		0.904663,
		-0.057999,
		0,
		-0.854705,
		0.387,
		-0.546429,
		1
	}
}

return spline_matrices
