-- chunkname: @content/characters/player/ogryn/first_person/animations/slab_shield/slab_shield_maul/heavy_swing_right_diagonal.lua

local spline_matrices = {
	[0.0166666666667] = {
		0.917228,
		-0.320815,
		0.236159,
		0,
		-0.188929,
		0.171584,
		0.966884,
		0,
		-0.350712,
		-0.93147,
		0.096771,
		0,
		-0.75432,
		0.496921,
		0.066377,
		1,
	},
	[0.0333333333333] = {
		0.93435,
		-0.305501,
		0.183462,
		0,
		-0.147834,
		0.136138,
		0.979598,
		0,
		-0.324244,
		-0.942409,
		0.082038,
		0,
		-0.749581,
		0.485909,
		0.07751,
		1,
	},
	[0.05] = {
		0.950748,
		-0.284342,
		0.1234,
		0,
		-0.099858,
		0.095913,
		0.990368,
		0,
		-0.293439,
		-0.953913,
		0.062795,
		0,
		-0.74294,
		0.470892,
		0.090641,
		1,
	},
	[0.0666666666667] = {
		0.964759,
		-0.256588,
		0.058325,
		0,
		-0.046211,
		0.052999,
		0.997525,
		0,
		-0.259044,
		-0.965067,
		0.039274,
		0,
		-0.734411,
		0.452179,
		0.105059,
		1,
	},
	[0.0833333333333] = {
		0.974993,
		-0.222045,
		-0.009232,
		0,
		0.011649,
		0.009581,
		0.999886,
		0,
		-0.221932,
		-0.974989,
		0.011928,
		0,
		-0.724086,
		0.430174,
		0.120092,
		1,
	},
	[0] = {
		0.747493,
		-0.663067,
		-0.039955,
		0,
		0.637756,
		0.733182,
		-0.236033,
		0,
		0.185799,
		0.150952,
		0.970923,
		0,
		0.66463,
		1.004438,
		-0.551255,
		1,
	},
	[0.116666666667] = {
		0.980672,
		-0.135043,
		-0.141584,
		0,
		0.133045,
		-0.070329,
		0.988612,
		0,
		-0.143463,
		-0.988341,
		-0.051003,
		0,
		-0.6989,
		0.378356,
		0.149729,
		1,
	},
	[0.133333333333] = {
		0.975709,
		-0.085365,
		-0.201754,
		0,
		0.192749,
		-0.103162,
		0.97581,
		0,
		-0.104113,
		-0.990995,
		-0.084202,
		0,
		-0.68472,
		0.349721,
		0.1635,
		1,
	},
	[0.15] = {
		0.966205,
		-0.034255,
		-0.255488,
		0,
		0.249198,
		-0.1294,
		0.959769,
		0,
		-0.065937,
		-0.991001,
		-0.116491,
		0,
		-0.670084,
		0.320084,
		0.176258,
		1,
	},
	[0.166666666667] = {
		0.953296,
		0.01588,
		-0.301619,
		0,
		0.300571,
		-0.14817,
		0.94218,
		0,
		-0.029729,
		-0.988834,
		-0.146023,
		0,
		-0.655529,
		0.290036,
		0.18795,
		1,
	},
	[0.183333333333] = {
		0.938511,
		0.062528,
		-0.339541,
		0,
		0.345229,
		-0.158972,
		0.924957,
		0,
		0.003858,
		-0.985301,
		-0.170784,
		0,
		-0.641624,
		0.260117,
		0.198646,
		1,
	},
	[0.1] = {
		0.980458,
		-0.181163,
		-0.076689,
		0,
		0.072026,
		-0.032188,
		0.996883,
		0,
		-0.183067,
		-0.982926,
		-0.018511,
		0,
		-0.712152,
		0.405377,
		0.135143,
		1,
	},
	[0.216666666667] = {
		0.910521,
		0.135576,
		-0.390604,
		0,
		0.408931,
		-0.15578,
		0.899171,
		0,
		0.061057,
		-0.978444,
		-0.197282,
		0,
		-0.618086,
		0.202593,
		0.217731,
		1,
	},
	[0.233333333333] = {
		0.90098,
		0.15747,
		-0.404274,
		0,
		0.425729,
		-0.141335,
		0.893744,
		0,
		0.0836,
		-0.977357,
		-0.19438,
		0,
		-0.609579,
		0.175877,
		0.226504,
		1,
	},
	[0.25] = {
		0.897839,
		0.165938,
		-0.40786,
		0,
		0.42831,
		-0.114229,
		0.896383,
		0,
		0.102154,
		-0.979498,
		-0.173632,
		0,
		-0.609161,
		0.154464,
		0.237156,
		1,
	},
	[0.266666666667] = {
		0.902197,
		0.159683,
		-0.400677,
		0,
		0.415675,
		-0.073936,
		0.906503,
		0,
		0.115129,
		-0.984396,
		-0.133081,
		0,
		-0.619858,
		0.142166,
		0.251086,
		1,
	},
	[0.283333333333] = {
		0.912605,
		0.139663,
		-0.384248,
		0,
		0.391175,
		-0.024982,
		0.919977,
		0,
		0.118888,
		-0.989884,
		-0.077431,
		0,
		-0.638076,
		0.139444,
		0.266779,
		1,
	},
	[0.2] = {
		0.923628,
		0.103208,
		-0.369132,
		0,
		0.381753,
		-0.161563,
		0.910034,
		0,
		0.034285,
		-0.981451,
		-0.188624,
		0,
		-0.628951,
		0.230819,
		0.208506,
		1,
	},
	[0.316666666667] = {
		0.943258,
		0.062855,
		-0.326056,
		0,
		0.32078,
		0.081271,
		0.943661,
		0,
		0.085813,
		-0.994708,
		0.056497,
		0,
		-0.682086,
		0.164513,
		0.296863,
		1,
	},
	[0.333333333333] = {
		0.958376,
		0.007349,
		-0.285414,
		0,
		0.282076,
		0.130161,
		0.950522,
		0,
		0.044135,
		-0.991466,
		0.12267,
		0,
		-0.700103,
		0.193324,
		0.308246,
		1,
	},
	[0.35] = {
		0.969266,
		-0.06015,
		-0.238548,
		0,
		0.245456,
		0.171107,
		0.954188,
		0,
		-0.016577,
		-0.983415,
		0.180612,
		0,
		-0.71013,
		0.233912,
		0.315583,
		1,
	},
	[0.366666666667] = {
		0.981307,
		-0.109963,
		-0.15794,
		0,
		0.177904,
		0.205342,
		0.962385,
		0,
		-0.073395,
		-0.972493,
		0.221067,
		0,
		-0.711634,
		0.300236,
		0.308614,
		1,
	},
	[0.383333333333] = {
		0.983883,
		-0.166533,
		-0.065128,
		0,
		0.106313,
		0.251921,
		0.961891,
		0,
		-0.143779,
		-0.953311,
		0.265565,
		0,
		-0.699978,
		0.40236,
		0.28962,
		1,
	},
	[0.3] = {
		0.927088,
		0.107065,
		-0.359228,
		0,
		0.358329,
		0.028197,
		0.93317,
		0,
		0.110039,
		-0.993852,
		-0.012224,
		0,
		-0.660098,
		0.146739,
		0.282573,
		1,
	},
	[0.416666666667] = {
		0.940447,
		-0.319748,
		0.115411,
		0,
		0.016641,
		0.382399,
		0.923848,
		0,
		-0.339532,
		-0.86691,
		0.364947,
		0,
		-0.627036,
		0.631891,
		0.245168,
		1,
	},
	[0.433333333333] = {
		0.90612,
		-0.357631,
		0.225936,
		0,
		-0.027084,
		0.483959,
		0.874671,
		0,
		-0.422153,
		-0.798676,
		0.428839,
		0,
		-0.600363,
		0.723669,
		0.214697,
		1,
	},
	[0.45] = {
		0.874141,
		-0.330129,
		0.356219,
		0,
		-0.0888,
		0.612452,
		0.785505,
		0,
		-0.477485,
		-0.718274,
		0.506054,
		0,
		-0.600189,
		0.808416,
		0.162517,
		1,
	},
	[0.466666666667] = {
		0.820979,
		-0.320403,
		0.472584,
		0,
		-0.095256,
		0.73924,
		0.666672,
		0,
		-0.562957,
		-0.59234,
		0.57638,
		0,
		-0.57902,
		0.911035,
		0.092403,
		1,
	},
	[0.483333333333] = {
		0.70669,
		-0.401048,
		0.58288,
		0,
		0.043426,
		0.846865,
		0.530032,
		0,
		-0.70619,
		-0.349256,
		0.615886,
		0,
		-0.482799,
		1.058076,
		0.00147,
		1,
	},
	[0.4] = {
		0.971605,
		-0.234835,
		0.028929,
		0,
		0.047081,
		0.311702,
		0.949013,
		0,
		-0.231879,
		-0.920703,
		0.313907,
		0,
		-0.672559,
		0.519847,
		0.266087,
		1,
	},
	[0.516666666667] = {
		0.042093,
		-0.551834,
		0.832891,
		0,
		0.775035,
		0.544117,
		0.321337,
		0,
		-0.630515,
		0.631994,
		0.450595,
		0,
		0.286845,
		1.51616,
		-0.368438,
		1,
	},
	[0.533333333333] = {
		-0.302152,
		-0.090993,
		0.948907,
		0,
		0.937826,
		-0.206771,
		0.278796,
		0,
		0.170838,
		0.974149,
		0.147812,
		0,
		0.991318,
		0.886434,
		-0.734484,
		1,
	},
	[0.55] = {
		-0.083599,
		0.430347,
		0.898784,
		0,
		0.550612,
		-0.731803,
		0.401609,
		0,
		0.830565,
		0.528455,
		-0.175777,
		0,
		1.508763,
		0.142108,
		-0.992909,
		1,
	},
	[0.566666666667] = {
		0.226588,
		0.3876,
		0.893546,
		0,
		0.389686,
		-0.876857,
		0.281543,
		0,
		0.892638,
		0.284408,
		-0.349728,
		0,
		1.527257,
		-0.145484,
		-1.135919,
		1,
	},
	[0.583333333333] = {
		0.259642,
		0.335442,
		0.905574,
		0,
		0.310824,
		-0.916862,
		0.250504,
		0,
		0.914316,
		0.216433,
		-0.34232,
		0,
		1.47775,
		-0.505319,
		-1.158827,
		1,
	},
	[0.5] = {
		0.36745,
		-0.557623,
		0.744336,
		0,
		0.470984,
		0.801681,
		0.368077,
		0,
		-0.801969,
		0.215321,
		0.55721,
		0,
		-0.016253,
		1.424494,
		-0.21633,
		1,
	},
	[0.616666666667] = {
		0.511623,
		0.319203,
		0.797716,
		0,
		-0.219318,
		-0.849157,
		0.480449,
		0,
		0.830747,
		-0.420763,
		-0.364442,
		0,
		1.245025,
		-1.134222,
		-0.935274,
		1,
	},
	[0.633333333333] = {
		0.613005,
		0.295822,
		0.732608,
		0,
		-0.383182,
		-0.69959,
		0.603113,
		0,
		0.690939,
		-0.650433,
		-0.315498,
		0,
		1.156957,
		-1.231146,
		-0.849043,
		1,
	},
	[0.65] = {
		0.678112,
		0.267167,
		0.684679,
		0,
		-0.460612,
		-0.571449,
		0.679178,
		0,
		0.572713,
		-0.77593,
		-0.264446,
		0,
		1.114922,
		-1.272068,
		-0.80503,
		1,
	},
	[0.666666666667] = {
		0.732781,
		0.231442,
		0.639896,
		0,
		-0.509239,
		-0.437218,
		0.741294,
		0,
		0.45134,
		-0.869066,
		-0.202525,
		0,
		1.067457,
		-1.315665,
		-0.762245,
		1,
	},
	[0.683333333333] = {
		0.778317,
		0.190988,
		0.598119,
		0,
		-0.532616,
		-0.303612,
		0.790026,
		0,
		0.332481,
		-0.933458,
		-0.134583,
		0,
		1.02048,
		-1.365812,
		-0.727073,
		1,
	},
	[0.6] = {
		0.371425,
		0.327283,
		0.868867,
		0,
		0.072144,
		-0.943156,
		0.324426,
		0,
		0.925656,
		-0.057817,
		-0.373924,
		0,
		1.383712,
		-0.898921,
		-1.089562,
		1,
	},
	[0.716666666667] = {
		0.846912,
		0.102389,
		0.521783,
		0,
		-0.518456,
		-0.058908,
		0.853073,
		0,
		0.118083,
		-0.992999,
		0.003194,
		0,
		0.919392,
		-1.405844,
		-0.688209,
		1,
	},
	[0.733333333333] = {
		0.872187,
		0.056646,
		0.485882,
		0,
		-0.488378,
		0.044224,
		0.871511,
		0,
		0.02788,
		-0.997414,
		0.066236,
		0,
		0.881488,
		-1.401012,
		-0.69951,
		1,
	},
	[0.75] = {
		0.892784,
		0.011253,
		0.450344,
		0,
		-0.447833,
		0.130478,
		0.884546,
		0,
		-0.048806,
		-0.991387,
		0.121529,
		0,
		0.846062,
		-1.395636,
		-0.724838,
		1,
	},
	[0.766666666667] = {
		0.90963,
		-0.032852,
		0.414118,
		0,
		-0.40026,
		0.197527,
		0.89486,
		0,
		-0.111197,
		-0.979747,
		0.166527,
		0,
		0.80805,
		-1.384659,
		-0.755651,
		1,
	},
	[0.783333333333] = {
		0.9236,
		-0.074629,
		0.376023,
		0,
		-0.348798,
		0.243409,
		0.905037,
		0,
		-0.15907,
		-0.967048,
		0.198782,
		0,
		0.770337,
		-1.371348,
		-0.788191,
		1,
	},
	[0.7] = {
		0.815975,
		0.147529,
		0.558945,
		0,
		-0.534442,
		-0.176043,
		0.826669,
		0,
		0.220356,
		-0.973265,
		-0.064801,
		0,
		0.96824,
		-1.399036,
		-0.69922,
		1,
	},
	[0.816666666667] = {
		0.946117,
		-0.14564,
		0.289227,
		0,
		-0.244517,
		0.264273,
		0.932937,
		0,
		-0.212308,
		-0.953388,
		0.214421,
		0,
		0.705377,
		-1.348707,
		-0.842142,
		1,
	},
	[0.833333333333] = {
		0.954357,
		-0.174496,
		0.24239,
		0,
		-0.19449,
		0.252816,
		0.947765,
		0,
		-0.226661,
		-0.951649,
		0.207339,
		0,
		0.675211,
		-1.340411,
		-0.864064,
		1,
	},
	[0.85] = {
		0.95922,
		-0.199039,
		0.200699,
		0,
		-0.149643,
		0.244785,
		0.95796,
		0,
		-0.2398,
		-0.948928,
		0.205018,
		0,
		0.638999,
		-1.330428,
		-0.890141,
		1,
	},
	[0.866666666667] = {
		0.962257,
		-0.216718,
		0.164608,
		0,
		-0.112436,
		0.234232,
		0.965657,
		0,
		-0.247832,
		-0.947718,
		0.201025,
		0,
		0.59847,
		-1.319083,
		-0.918478,
		1,
	},
	[0.883333333333] = {
		0.964971,
		-0.227039,
		0.131468,
		0,
		-0.081686,
		0.216194,
		0.972927,
		0,
		-0.249315,
		-0.949586,
		0.190075,
		0,
		0.553742,
		-1.302647,
		-0.942786,
		1,
	},
	[0.8] = {
		0.935514,
		-0.112795,
		0.334799,
		0,
		-0.29616,
		0.266298,
		0.917265,
		0,
		-0.192619,
		-0.957268,
		0.21572,
		0,
		0.735338,
		-1.358472,
		-0.818355,
		1,
	},
	[0.916666666667] = {
		0.972509,
		-0.225538,
		0.057959,
		0,
		-0.026679,
		0.13934,
		0.989885,
		0,
		-0.231333,
		-0.964218,
		0.129492,
		0,
		0.471256,
		-1.274078,
		-0.990867,
		1,
	},
	[0.933333333333] = {
		0.977509,
		-0.210747,
		0.007882,
		0,
		0.006555,
		0.067717,
		0.997683,
		0,
		-0.210793,
		-0.975192,
		0.067576,
		0,
		0.438309,
		-1.264775,
		-1.01455,
		1,
	},
	[0.95] = {
		0.982038,
		-0.178938,
		-0.059858,
		0,
		0.05324,
		-0.041562,
		0.997716,
		0,
		-0.181017,
		-0.982982,
		-0.031288,
		0,
		0.413637,
		-1.259815,
		-1.036491,
		1,
	},
	[0.966666666667] = {
		0.981572,
		-0.112688,
		-0.15433,
		0,
		0.1282,
		-0.210574,
		0.969135,
		0,
		-0.141707,
		-0.971061,
		-0.192247,
		0,
		0.401837,
		-1.265327,
		-1.06229,
		1,
	},
	[0.983333333333] = {
		0.959831,
		0.032707,
		-0.278667,
		0,
		0.261071,
		-0.467981,
		0.844296,
		0,
		-0.102797,
		-0.883133,
		-0.457721,
		0,
		0.409453,
		-1.287093,
		-1.101674,
		1,
	},
	[0.9] = {
		0.96827,
		-0.230147,
		0.097393,
		0,
		-0.054398,
		0.186272,
		0.980991,
		0,
		-0.243913,
		-0.955163,
		0.167842,
		0,
		0.510174,
		-1.286498,
		-0.966186,
		1,
	},
	{
		0.862238,
		0.352285,
		-0.363924,
		0,
		0.489225,
		-0.765313,
		0.418277,
		0,
		-0.131163,
		-0.538695,
		-0.832228,
		0,
		0.445184,
		-1.317796,
		-1.180944,
		1,
	},
}

return spline_matrices
