-- chunkname: @content/characters/player/ogryn/first_person/animations/slab_shield/slab_shield_maul/push_follow_up_hit.lua

local spline_matrices = {
	[0.0166666666667] = {
		0.649657,
		0.056596,
		-0.758118,
		0,
		-0.755907,
		0.154248,
		-0.636248,
		0,
		0.080929,
		0.98641,
		0.142989,
		0,
		0.022871,
		1.386707,
		-0.241845,
		1,
	},
	[0.0333333333333] = {
		0.64116,
		0.084274,
		-0.762766,
		0,
		-0.767105,
		0.09824,
		-0.633954,
		0,
		0.021508,
		0.991588,
		0.127635,
		0,
		0.021172,
		1.376097,
		-0.249208,
		1,
	},
	[0.05] = {
		0.594961,
		0.07351,
		-0.800386,
		0,
		-0.802933,
		0.09937,
		-0.587727,
		0,
		0.036331,
		0.992332,
		0.118145,
		0,
		0.028356,
		1.377006,
		-0.246808,
		1,
	},
	[0.0666666666667] = {
		0.530347,
		0.047936,
		-0.846424,
		0,
		-0.843455,
		0.130566,
		-0.521092,
		0,
		0.085535,
		0.99028,
		0.109677,
		0,
		0.038957,
		1.381857,
		-0.241114,
		1,
	},
	[0.0833333333333] = {
		0.474172,
		0.025994,
		-0.880049,
		0,
		-0.867009,
		0.187668,
		-0.461602,
		0,
		0.153159,
		0.981888,
		0.111524,
		0,
		0.047504,
		1.385448,
		-0.240719,
		1,
	},
	[0] = {
		0.548521,
		-0.265211,
		-0.792961,
		0,
		-0.567655,
		0.578198,
		-0.58605,
		0,
		0.613916,
		0.771589,
		0.166605,
		0,
		0.234304,
		1.443789,
		-0.225851,
		1,
	},
	[0.116666666667] = {
		0.405772,
		0.004938,
		-0.913961,
		0,
		-0.84214,
		0.390618,
		-0.371775,
		0,
		0.355174,
		0.920539,
		0.162661,
		0,
		-0.030673,
		1.381796,
		-0.2559,
		1,
	},
	[0.133333333333] = {
		0.4009,
		0.003507,
		-0.916115,
		0,
		-0.802297,
		0.484099,
		-0.349239,
		0,
		0.442266,
		0.875006,
		0.196889,
		0,
		-0.081562,
		1.381269,
		-0.273801,
		1,
	},
	[0.15] = {
		0.443702,
		0.006789,
		-0.896149,
		0,
		-0.755203,
		0.541206,
		-0.369817,
		0,
		0.48249,
		0.840863,
		0.245261,
		0,
		-0.109533,
		1.384231,
		-0.31061,
		1,
	},
	[0.166666666667] = {
		0.497949,
		0.006699,
		-0.867181,
		0,
		-0.702214,
		0.589883,
		-0.398665,
		0,
		0.508865,
		0.807461,
		0.298436,
		0,
		-0.134451,
		1.386696,
		-0.351945,
		1,
	},
	[0.183333333333] = {
		0.526532,
		-0.009157,
		-0.850106,
		0,
		-0.636659,
		0.658427,
		-0.401422,
		0,
		0.563409,
		0.752589,
		0.340853,
		0,
		-0.163473,
		1.390359,
		-0.375013,
		1,
	},
	[0.1] = {
		0.434529,
		0.012513,
		-0.900571,
		0,
		-0.866367,
		0.279086,
		-0.414148,
		0,
		0.246155,
		0.960184,
		0.132112,
		0,
		0.024325,
		1.384715,
		-0.246203,
		1,
	},
	[0.216666666667] = {
		0.567036,
		-0.02615,
		-0.823278,
		0,
		-0.534154,
		0.749168,
		-0.391697,
		0,
		0.627016,
		0.661864,
		0.410837,
		0,
		-0.236185,
		1.349912,
		-0.432011,
		1,
	},
	[0.233333333333] = {
		0.591819,
		0.027066,
		-0.805616,
		0,
		-0.566317,
		0.72518,
		-0.391662,
		0,
		0.573616,
		0.688027,
		0.444503,
		0,
		-0.301198,
		1.26007,
		-0.502715,
		1,
	},
	[0.25] = {
		0.608598,
		0.119778,
		-0.784386,
		0,
		-0.637318,
		0.662679,
		-0.393296,
		0,
		0.472688,
		0.739263,
		0.479642,
		0,
		-0.380904,
		1.124139,
		-0.594028,
		1,
	},
	[0.266666666667] = {
		0.613406,
		0.219478,
		-0.758658,
		0,
		-0.71091,
		0.571867,
		-0.409359,
		0,
		0.344006,
		0.790441,
		0.506816,
		0,
		-0.457567,
		0.9784,
		-0.687634,
		1,
	},
	[0.283333333333] = {
		0.615844,
		0.294379,
		-0.730806,
		0,
		-0.758076,
		0.474068,
		-0.447862,
		0,
		0.21461,
		0.829819,
		0.515114,
		0,
		-0.516082,
		0.861096,
		-0.764211,
		1,
	},
	[0.2] = {
		0.54597,
		-0.029002,
		-0.837303,
		0,
		-0.566829,
		0.723155,
		-0.394653,
		0,
		0.616946,
		0.690076,
		0.378382,
		0,
		-0.193967,
		1.384491,
		-0.394296,
		1,
	},
	[0.316666666667] = {
		0.654602,
		0.291895,
		-0.697347,
		0,
		-0.755261,
		0.292557,
		-0.586507,
		0,
		0.032815,
		0.910608,
		0.411966,
		0,
		-0.5512,
		0.801402,
		-0.829037,
		1,
	},
	[0.333333333333] = {
		0.691919,
		0.202636,
		-0.692955,
		0,
		-0.721347,
		0.153988,
		-0.675238,
		0,
		-0.030121,
		0.967071,
		0.252718,
		0,
		-0.517698,
		0.801825,
		-0.862741,
		1,
	},
	[0.35] = {
		0.728598,
		0.082255,
		-0.679985,
		0,
		-0.681946,
		-0.005638,
		-0.731381,
		0,
		-0.063994,
		0.996595,
		0.051986,
		0,
		-0.455613,
		0.799461,
		-0.898995,
		1,
	},
	[0.366666666667] = {
		0.753451,
		-0.040541,
		-0.656254,
		0,
		-0.653791,
		-0.152129,
		-0.741225,
		0,
		-0.069785,
		0.987529,
		-0.141127,
		0,
		-0.373604,
		0.790255,
		-0.928635,
		1,
	},
	[0.383333333333] = {
		0.762066,
		-0.137974,
		-0.632629,
		0,
		-0.644524,
		-0.255197,
		-0.720738,
		0,
		-0.062002,
		0.956994,
		-0.283404,
		0,
		-0.282449,
		0.775338,
		-0.944851,
		1,
	},
	[0.3] = {
		0.627454,
		0.32507,
		-0.707553,
		0,
		-0.770624,
		0.389407,
		-0.504481,
		0,
		0.111534,
		0.861795,
		0.494842,
		0,
		-0.549978,
		0.806844,
		-0.805154,
		1,
	},
	[0.416666666667] = {
		0.900632,
		-0.082401,
		-0.426699,
		0,
		-0.423697,
		-0.384878,
		-0.819969,
		0,
		-0.096661,
		0.919282,
		-0.381547,
		0,
		-0.025468,
		0.515903,
		-1.084181,
		1,
	},
	[0.433333333333] = {
		0.986654,
		0.032873,
		-0.15948,
		0,
		-0.140255,
		-0.325989,
		-0.934912,
		0,
		-0.082722,
		0.944802,
		-0.317028,
		0,
		0.188823,
		0.319985,
		-1.180057,
		1,
	},
	[0.45] = {
		0.978655,
		0.067698,
		0.194038,
		0,
		0.203732,
		-0.19573,
		-0.959262,
		0,
		-0.026961,
		0.978318,
		-0.205344,
		0,
		0.417167,
		0.145279,
		-1.263906,
		1,
	},
	[0.466666666667] = {
		0.861072,
		-0.010693,
		0.50837,
		0,
		0.504926,
		-0.100052,
		-0.857344,
		0,
		0.060031,
		0.994925,
		-0.080753,
		0,
		0.607434,
		0.023866,
		-1.317686,
		1,
	},
	[0.483333333333] = {
		0.704456,
		-0.13577,
		0.696641,
		0,
		0.690182,
		-0.097833,
		-0.716992,
		0,
		0.165501,
		0.985898,
		0.024787,
		0,
		0.706011,
		-0.013485,
		-1.334473,
		1,
	},
	[0.4] = {
		0.803076,
		-0.163628,
		-0.57297,
		0,
		-0.591082,
		-0.340488,
		-0.731225,
		0,
		-0.07544,
		0.925902,
		-0.370155,
		0,
		-0.179928,
		0.689388,
		-0.994093,
		1,
	},
}

return spline_matrices
