local spline_matrices = {
	[0] = {
		0.843849,
		-0.466874,
		0.264475,
		0,
		0.510638,
		0.547323,
		-0.663089,
		0,
		0.164825,
		0.694598,
		0.700262,
		0,
		1.144255,
		0.195909,
		-0.531761,
		1
	},
	[0.0166666666667] = {
		0.803645,
		-0.59115,
		-0.068529,
		0,
		0.405423,
		0.628146,
		-0.664127,
		0,
		0.435645,
		0.505939,
		0.744473,
		0,
		1.212447,
		0.460366,
		-0.416253,
		1
	},
	[0.0333333333333] = {
		0.640477,
		-0.634488,
		-0.432683,
		0,
		0.294458,
		0.723233,
		-0.624682,
		0,
		0.709284,
		0.272688,
		0.650044,
		0,
		1.28471,
		0.823667,
		-0.303397,
		1
	},
	[0.05] = {
		0.468507,
		-0.59777,
		-0.650517,
		0,
		0.212193,
		0.790914,
		-0.57396,
		0,
		0.857599,
		0.130869,
		0.497391,
		0,
		1.203029,
		1.068052,
		-0.24189,
		1
	},
	[0.0666666666667] = {
		0.296007,
		-0.5315,
		-0.793655,
		0,
		0.137736,
		0.845957,
		-0.515155,
		0,
		0.945203,
		0.043175,
		0.323616,
		0,
		0.999265,
		1.281862,
		-0.203004,
		1
	},
	[0.0833333333333] = {
		0.183902,
		-0.470383,
		-0.863087,
		0,
		0.065028,
		0.881962,
		-0.466814,
		0,
		0.980791,
		0.029723,
		0.192783,
		0,
		0.810963,
		1.398301,
		-0.18801,
		1
	},
	[0.116666666667] = {
		0.198274,
		-0.420911,
		-0.885167,
		0,
		-0.06991,
		0.894724,
		-0.441115,
		0,
		0.97765,
		0.149344,
		0.147974,
		0,
		0.560351,
		1.446925,
		-0.189723,
		1
	},
	[0.133333333333] = {
		0.286132,
		-0.409103,
		-0.866466,
		0,
		-0.166748,
		0.869216,
		-0.465466,
		0,
		0.94357,
		0.277666,
		0.180493,
		0,
		0.434839,
		1.456179,
		-0.196895,
		1
	},
	[0.15] = {
		0.405714,
		-0.378139,
		-0.83211,
		0,
		-0.311285,
		0.798813,
		-0.514781,
		0,
		0.859359,
		0.467877,
		0.20638,
		0,
		0.296012,
		1.465741,
		-0.209245,
		1
	},
	[0.166666666667] = {
		0.59422,
		-0.272167,
		-0.756854,
		0,
		-0.527452,
		0.578545,
		-0.622158,
		0,
		0.607205,
		0.768902,
		0.200228,
		0,
		0.148806,
		1.45279,
		-0.235171,
		1
	},
	[0.183333333333] = {
		0.634372,
		-0.030647,
		-0.772421,
		0,
		-0.738602,
		0.270842,
		-0.617343,
		0,
		0.228124,
		0.962136,
		0.149178,
		0,
		0.037335,
		1.411422,
		-0.237113,
		1
	},
	[0.1] = {
		0.159217,
		-0.43632,
		-0.885593,
		0,
		-0.001245,
		0.896946,
		-0.442138,
		0,
		0.987243,
		0.071499,
		0.142266,
		0,
		0.682429,
		1.430971,
		-0.186906,
		1
	},
	[0.216666666667] = {
		0.57929,
		0.674327,
		-0.457937,
		0,
		-0.381246,
		-0.272421,
		-0.883424,
		0,
		-0.720469,
		0.686345,
		0.099274,
		0,
		-0.490061,
		0.897633,
		-0.318823,
		1
	},
	[0.233333333333] = {
		0.59186,
		0.787517,
		-0.171809,
		0,
		-0.024917,
		-0.195174,
		-0.980452,
		0,
		-0.805655,
		0.584571,
		-0.095894,
		0,
		-0.462402,
		0.847676,
		-0.410652,
		1
	},
	[0.25] = {
		0.516997,
		0.843636,
		0.144886,
		0,
		0.328501,
		-0.039244,
		-0.943688,
		0,
		-0.790444,
		0.535479,
		-0.297424,
		0,
		-0.34179,
		0.822114,
		-0.535514,
		1
	},
	[0.266666666667] = {
		0.002444,
		0.615554,
		0.788091,
		0,
		0.225542,
		0.767448,
		-0.600129,
		0,
		-0.97423,
		0.179215,
		-0.136958,
		0,
		-0.439481,
		0.883235,
		-0.701436,
		1
	},
	[0.283333333333] = {
		-0.236539,
		-0.061753,
		0.969658,
		0,
		-0.278497,
		0.960413,
		-0.006772,
		0,
		-0.930854,
		-0.271648,
		-0.244374,
		0,
		-0.60558,
		0.973521,
		-0.786549,
		1
	},
	[0.2] = {
		0.634411,
		0.389097,
		-0.667927,
		0,
		-0.68482,
		-0.117863,
		-0.719117,
		0,
		-0.35853,
		0.913626,
		0.191688,
		0,
		-0.244737,
		1.162632,
		-0.261057,
		1
	},
	[0.316666666667] = {
		-0.274128,
		-0.069825,
		0.959155,
		0,
		-0.361083,
		0.931863,
		-0.03536,
		0,
		-0.891332,
		-0.356027,
		-0.280662,
		0,
		-0.393033,
		0.926194,
		-1.027335,
		1
	},
	[0.333333333333] = {
		-0.223658,
		0.165192,
		0.960567,
		0,
		-0.226923,
		0.949625,
		-0.216146,
		0,
		-0.947884,
		-0.266317,
		-0.174905,
		0,
		-0.201405,
		0.851222,
		-1.151003,
		1
	},
	[0.35] = {
		-0.099077,
		0.383896,
		0.918045,
		0,
		-0.045401,
		0.91988,
		-0.389563,
		0,
		-0.994044,
		-0.080277,
		-0.073709,
		0,
		-0.028415,
		0.766256,
		-1.239188,
		1
	},
	[0.366666666667] = {
		0.002485,
		0.487325,
		0.873217,
		0,
		0.103478,
		0.868407,
		-0.484935,
		0,
		-0.994629,
		0.091564,
		-0.04827,
		0,
		0.084668,
		0.683996,
		-1.278526,
		1
	},
	[0.383333333333] = {
		0.049501,
		0.522726,
		0.851062,
		0,
		0.211373,
		0.827323,
		-0.520439,
		0,
		-0.976151,
		0.205654,
		-0.069537,
		0,
		0.152801,
		0.606054,
		-1.289362,
		1
	},
	[0.3] = {
		-0.265499,
		-0.182128,
		0.946752,
		0,
		-0.387192,
		0.919466,
		0.068298,
		0,
		-0.882945,
		-0.348442,
		-0.314636,
		0,
		-0.547576,
		0.972502,
		-0.894683,
		1
	},
	[0.416666666667] = {
		0.155124,
		0.557508,
		0.81555,
		0,
		0.381806,
		0.727561,
		-0.569982,
		0,
		-0.911131,
		0.3998,
		-0.099998,
		0,
		0.272111,
		0.464214,
		-1.306615,
		1
	},
	[0.433333333333] = {
		0.210012,
		0.559394,
		0.801856,
		0,
		0.447021,
		0.674462,
		-0.587599,
		0,
		-0.869521,
		0.48185,
		-0.108416,
		0,
		0.324071,
		0.400616,
		-1.313416,
		1
	},
	[0.45] = {
		0.264694,
		0.552547,
		0.790335,
		0,
		0.50102,
		0.621472,
		-0.602288,
		0,
		-0.823963,
		0.555396,
		-0.112337,
		0,
		0.371381,
		0.341957,
		-1.319183,
		1
	},
	[0.466666666667] = {
		0.318425,
		0.538009,
		0.780482,
		0,
		0.545333,
		0.569491,
		-0.615054,
		0,
		-0.775382,
		0.621471,
		-0.112054,
		0,
		0.414361,
		0.288208,
		-1.324012,
		1
	},
	[0.483333333333] = {
		0.370678,
		0.516677,
		0.771779,
		0,
		0.581331,
		0.518996,
		-0.626656,
		0,
		-0.724329,
		0.680946,
		-0.107979,
		0,
		0.4533,
		0.239306,
		-1.327979,
		1
	},
	[0.4] = {
		0.101104,
		0.545709,
		0.831853,
		0,
		0.303766,
		0.779276,
		-0.548138,
		0,
		-0.947367,
		0.308108,
		-0.08698,
		0,
		0.215149,
		0.532726,
		-1.298653,
		1
	},
	[0.516666666667] = {
		0.469245,
		0.456612,
		0.755853,
		0,
		0.632928,
		0.422979,
		-0.648453,
		0,
		-0.615802,
		0.782684,
		-0.090522,
		0,
		0.520065,
		0.155655,
		-1.333561,
		1
	},
	[0.533333333333] = {
		0.514941,
		0.419156,
		0.747759,
		0,
		0.650347,
		0.377264,
		-0.659334,
		0,
		-0.558466,
		0.825821,
		-0.078329,
		0,
		0.548345,
		0.120667,
		-1.335283,
		1
	},
	[0.55] = {
		0.557857,
		0.377521,
		0.739103,
		0,
		0.663122,
		0.33276,
		-0.670477,
		0,
		-0.499063,
		0.864146,
		-0.06471,
		0,
		0.573496,
		0.090051,
		-1.336368,
		1
	},
	[0.566666666667] = {
		0.597698,
		0.332268,
		0.729627,
		0,
		0.671785,
		0.289138,
		-0.681986,
		0,
		-0.437565,
		0.897773,
		-0.050395,
		0,
		0.595703,
		0.063651,
		-1.33688,
		1
	},
	[0.583333333333] = {
		0.634157,
		0.283972,
		0.71917,
		0,
		0.676747,
		0.246021,
		-0.693893,
		0,
		-0.373977,
		0.926733,
		-0.036161,
		0,
		0.615139,
		0.041297,
		-1.336895,
		1
	},
	[0.5] = {
		0.421059,
		0.489321,
		0.763724,
		0,
		0.610197,
		0.470167,
		-0.637654,
		0,
		-0.671095,
		0.734512,
		-0.100614,
		0,
		0.488455,
		0.195158,
		-1.331144,
		1
	},
	[0.616666666667] = {
		0.695717,
		0.180732,
		0.695208,
		0,
		0.676724,
		0.159639,
		-0.718721,
		0,
		-0.240878,
		0.97049,
		-0.011242,
		0,
		0.646304,
		0.007989,
		-1.335805,
		1
	},
	[0.633333333333] = {
		0.720265,
		0.127153,
		0.681946,
		0,
		0.672099,
		0.115493,
		-0.731399,
		0,
		-0.171759,
		0.985136,
		-0.002274,
		0,
		0.658295,
		-0.003362,
		-1.334925,
		1
	},
	[0.65] = {
		0.740366,
		0.07327,
		0.668199,
		0,
		0.664519,
		0.070106,
		-0.743976,
		0,
		-0.101356,
		0.994845,
		0.003214,
		0,
		0.668031,
		-0.011455,
		-1.333992,
		1
	},
	[0.666666666667] = {
		0.755898,
		0.019904,
		0.654386,
		0,
		0.653996,
		0.02303,
		-0.756148,
		0,
		-0.030121,
		0.999537,
		0.004391,
		0,
		0.675589,
		-0.016507,
		-1.333146,
		1
	},
	[0.683333333333] = {
		0.766846,
		-0.032077,
		0.641029,
		0,
		0.640495,
		-0.026167,
		-0.767517,
		0,
		0.041393,
		0.999143,
		0.000479,
		0,
		0.68102,
		-0.018734,
		-1.332532,
		1
	},
	[0.6] = {
		0.666928,
		0.233241,
		0.707677,
		0,
		0.67832,
		0.202999,
		-0.706168,
		0,
		-0.308365,
		0.950994,
		-0.022827,
		0,
		0.631959,
		0.022808,
		-1.336502,
		1
	},
	[0.7] = {
		0.773321,
		-0.081763,
		0.62872,
		0,
		0.623946,
		-0.077877,
		-0.777577,
		0,
		0.11254,
		0.993604,
		-0.009208,
		0,
		0.684348,
		-0.018353,
		-1.33229,
		1
	}
}

return spline_matrices
