local spline_matrices = {
	[0] = {
		-0.40363,
		0.019807,
		0.914708,
		0,
		0.889756,
		-0.224377,
		0.397478,
		0,
		0.213112,
		0.974301,
		0.072942,
		0,
		0.727642,
		0.003101,
		-1.311343,
		1
	},
	{
		-0.40363,
		0.019807,
		0.914708,
		0,
		0.889756,
		-0.224377,
		0.397478,
		0,
		0.213112,
		0.974301,
		0.072942,
		0,
		0.727642,
		0.003101,
		-1.311343,
		1
	},
	[0.0166666666667] = {
		-0.405814,
		0.111529,
		0.907125,
		0,
		0.874455,
		-0.241257,
		0.420861,
		0,
		0.265788,
		0.964031,
		0.000378,
		0,
		0.724755,
		-0.009364,
		-1.314474,
		1
	},
	[0.0333333333333] = {
		-0.407798,
		0.20965,
		0.888678,
		0,
		0.85456,
		-0.255177,
		0.452341,
		0,
		0.321603,
		0.943892,
		-0.075098,
		0,
		0.70603,
		-0.023663,
		-1.310012,
		1
	},
	[0.05] = {
		-0.407451,
		0.313183,
		0.857846,
		0,
		0.83007,
		-0.264634,
		0.49087,
		0,
		0.380747,
		0.912078,
		-0.152138,
		0,
		0.672823,
		-0.039737,
		-1.298089,
		1
	},
	[0.0666666666667] = {
		-0.402526,
		0.420451,
		0.813138,
		0,
		0.801089,
		-0.268057,
		0.535166,
		0,
		0.442978,
		0.866814,
		-0.228918,
		0,
		0.626433,
		-0.057421,
		-1.27878,
		1
	},
	[0.0833333333333] = {
		-0.390735,
		0.52898,
		0.75333,
		0,
		0.767938,
		-0.263913,
		0.583628,
		0,
		0.507541,
		0.806555,
		-0.303104,
		0,
		0.568089,
		-0.076409,
		-1.25213,
		1
	},
	[0.116666666667] = {
		-0.338152,
		0.735911,
		0.586591,
		0,
		0.69205,
		-0.227944,
		0.684915,
		0,
		0.637747,
		0.637555,
		-0.432207,
		0,
		0.420197,
		-0.116179,
		-1.177098,
		1
	},
	[0.133333333333] = {
		-0.294222,
		0.825809,
		0.481117,
		0,
		0.651739,
		-0.194837,
		0.73299,
		0,
		0.699049,
		0.529224,
		-0.480887,
		0,
		0.332932,
		-0.135411,
		-1.129101,
		1
	},
	[0.15] = {
		-0.237652,
		0.900642,
		0.36382,
		0,
		0.612065,
		-0.151991,
		0.776064,
		0,
		0.754253,
		0.407114,
		-0.515131,
		0,
		0.238379,
		-0.152885,
		-1.074666,
		1
	},
	[0.166666666667] = {
		-0.168979,
		0.956372,
		0.238324,
		0,
		0.574962,
		-0.100748,
		0.811954,
		0,
		0.800541,
		0.27423,
		-0.532853,
		0,
		0.137867,
		-0.167479,
		-1.014502,
		1
	},
	[0.183333333333] = {
		-0.089759,
		0.989971,
		0.109094,
		0,
		0.542353,
		-0.043287,
		0.839035,
		0,
		0.835342,
		0.134479,
		-0.533028,
		0,
		0.032892,
		-0.178082,
		-0.949577,
		1
	},
	[0.1] = {
		-0.369897,
		0.635473,
		0.677754,
		0,
		0.731253,
		-0.250858,
		0.634303,
		0,
		0.573102,
		0.730236,
		-0.3719,
		0,
		0.498965,
		-0.09622,
		-1.218195,
		1
	},
	[0.216666666667] = {
		0.090002,
		0.985849,
		-0.141427,
		0,
		0.496941,
		0.07861,
		0.864216,
		0,
		0.863104,
		-0.148062,
		-0.482834,
		0,
		-0.183512,
		-0.183564,
		-0.810355,
		1
	},
	[0.233333333333] = {
		0.184284,
		0.94946,
		-0.254098,
		0,
		0.486107,
		0.136649,
		0.863149,
		0,
		0.854248,
		-0.282583,
		-0.436357,
		0,
		-0.291056,
		-0.177138,
		-0.738798,
		1
	},
	[0.25] = {
		0.277307,
		0.89315,
		-0.354096,
		0,
		0.483557,
		0.188726,
		0.854725,
		0,
		0.830225,
		-0.408247,
		-0.379554,
		0,
		-0.395391,
		-0.16417,
		-0.667776,
		1
	},
	[0.266666666667] = {
		0.366357,
		0.820076,
		-0.439612,
		0,
		0.488897,
		0.232332,
		0.840834,
		0,
		0.791683,
		-0.52297,
		-0.315816,
		0,
		-0.494387,
		-0.144625,
		-0.598549,
		1
	},
	[0.283333333333] = {
		0.449248,
		0.733587,
		-0.509927,
		0,
		0.501303,
		0.26546,
		0.823545,
		0,
		0.739507,
		-0.625604,
		-0.248492,
		0,
		-0.585937,
		-0.118627,
		-0.532235,
		1
	},
	[0.2] = {
		-0.002426,
		0.999816,
		-0.019039,
		0,
		0.515926,
		0.017561,
		0.856453,
		0,
		0.85663,
		-0.007745,
		-0.515874,
		0,
		-0.074858,
		-0.183705,
		-0.881081,
		1
	},
	[0.316666666667] = {
		0.590451,
		0.532602,
		-0.606385,
		0,
		0.542437,
		0.294449,
		0.786805,
		0,
		0.597603,
		-0.793496,
		-0.115046,
		0,
		-0.738534,
		-0.0481,
		-0.412056,
		1
	},
	[0.333333333333] = {
		0.646703,
		0.423014,
		-0.634692,
		0,
		0.568107,
		0.288105,
		0.770876,
		0,
		0.50895,
		-0.859101,
		-0.053999,
		0,
		-0.795643,
		-0.003945,
		-0.35972,
		1
	},
	[0.35] = {
		0.692123,
		0.310189,
		-0.651727,
		0,
		0.594502,
		0.267051,
		0.758453,
		0,
		0.409308,
		-0.912396,
		0.000425,
		0,
		-0.83743,
		0.045399,
		-0.313409,
		1
	},
	[0.366666666667] = {
		0.726064,
		0.195677,
		-0.659198,
		0,
		0.619253,
		0.230679,
		0.750542,
		0,
		0.298926,
		-0.953152,
		0.046314,
		0,
		-0.862138,
		0.099506,
		-0.273685,
		1
	},
	[0.383333333333] = {
		0.75202,
		0.072313,
		-0.655162,
		0,
		0.638953,
		0.164133,
		0.751531,
		0,
		0.161879,
		-0.983784,
		0.077227,
		0,
		-0.865848,
		0.183292,
		-0.244941,
		1
	},
	[0.3] = {
		0.524341,
		0.636852,
		-0.565231,
		0,
		0.51962,
		0.286566,
		0.804907,
		0,
		0.674582,
		-0.715751,
		-0.180662,
		0,
		-0.667984,
		-0.086382,
		-0.469796,
		1
	},
	[0.416666666667] = {
		0.751107,
		-0.218525,
		-0.622965,
		0,
		0.625518,
		-0.066176,
		0.777398,
		0,
		-0.211106,
		-0.973585,
		0.086986,
		0,
		-0.803231,
		0.479022,
		-0.221149,
		1
	},
	[0.433333333333] = {
		0.700985,
		-0.375342,
		-0.606414,
		0,
		0.576598,
		-0.202131,
		0.79163,
		0,
		-0.419707,
		-0.904578,
		0.074731,
		0,
		-0.737604,
		0.665996,
		-0.218365,
		1
	},
	[0.45] = {
		0.607014,
		-0.527118,
		-0.59471,
		0,
		0.497276,
		-0.331789,
		0.801644,
		0,
		-0.619879,
		-0.782344,
		0.060722,
		0,
		-0.650056,
		0.860627,
		-0.216733,
		1
	},
	[0.466666666667] = {
		0.464668,
		-0.66174,
		-0.588374,
		0,
		0.392299,
		-0.441851,
		0.806765,
		0,
		-0.793842,
		-0.605696,
		0.054285,
		0,
		-0.541867,
		1.048153,
		-0.213148,
		1
	},
	[0.483333333333] = {
		0.270816,
		-0.765139,
		-0.584141,
		0,
		0.269823,
		-0.522156,
		0.809042,
		0,
		-0.924042,
		-0.376716,
		0.065044,
		0,
		-0.414472,
		1.213368,
		-0.20526,
		1
	},
	[0.4] = {
		0.764637,
		-0.066902,
		-0.64098,
		0,
		0.64435,
		0.060878,
		0.762303,
		0,
		-0.011978,
		-0.995901,
		0.089658,
		0,
		-0.846114,
		0.313779,
		-0.228716,
		1
	},
	[0.516666666667] = {
		-0.373494,
		-0.752613,
		-0.542288,
		0,
		-0.074622,
		-0.558322,
		0.826261,
		0,
		-0.924626,
		0.349071,
		0.152368,
		0,
		0.066392,
		1.468993,
		-0.194514,
		1
	},
	[0.533333333333] = {
		-0.663275,
		-0.552783,
		-0.504477,
		0,
		-0.23141,
		-0.489567,
		0.840698,
		0,
		-0.711699,
		0.674355,
		0.196798,
		0,
		0.367818,
		1.500968,
		-0.193443,
		1
	},
	[0.55] = {
		-0.839199,
		-0.276773,
		-0.468126,
		0,
		-0.338322,
		-0.408238,
		0.847868,
		0,
		-0.425774,
		0.869907,
		0.248955,
		0,
		0.723571,
		1.475066,
		-0.190562,
		1
	},
	[0.566666666667] = {
		-0.508646,
		0.610974,
		-0.606623,
		0,
		-0.573823,
		0.284712,
		0.767897,
		0,
		0.641878,
		0.738682,
		0.205773,
		0,
		1.695526,
		0.515938,
		-0.278934,
		1
	},
	[0.583333333333] = {
		-0.19144,
		0.765043,
		-0.614866,
		0,
		-0.405486,
		0.508847,
		0.759379,
		0,
		0.89383,
		0.394695,
		0.2128,
		0,
		1.648474,
		0.36576,
		-0.334735,
		1
	},
	[0.5] = {
		-0.01688,
		-0.820242,
		-0.571768,
		0,
		0.112609,
		-0.569771,
		0.814052,
		0,
		-0.993496,
		-0.050645,
		0.101985,
		0,
		-0.217276,
		1.360378,
		-0.197343,
		1
	},
	[0.616666666667] = {
		0.121688,
		0.802183,
		-0.584546,
		0,
		-0.130336,
		0.596738,
		0.791781,
		0,
		0.983974,
		-0.020163,
		0.177169,
		0,
		1.523919,
		0.174429,
		-0.47433,
		1
	},
	[0.633333333333] = {
		0.165291,
		0.814466,
		-0.556169,
		0,
		-0.04987,
		0.570107,
		0.820056,
		0,
		0.984983,
		-0.107812,
		0.134851,
		0,
		1.460056,
		0.103525,
		-0.552881,
		1
	},
	[0.65] = {
		0.161674,
		0.841109,
		-0.516137,
		0,
		0.007042,
		0.522021,
		0.852904,
		0,
		0.986819,
		-0.141527,
		0.078474,
		0,
		1.396132,
		0.042336,
		-0.635744,
		1
	},
	[0.666666666667] = {
		0.119187,
		0.880516,
		-0.458787,
		0,
		0.05099,
		0.456043,
		0.888496,
		0,
		0.991562,
		-0.129291,
		0.009457,
		0,
		1.332366,
		-0.009953,
		-0.722359,
		1
	},
	[0.683333333333] = {
		0.041134,
		0.925519,
		-0.37646,
		0,
		0.091581,
		0.3717,
		0.923825,
		0,
		0.994948,
		-0.072477,
		-0.06947,
		0,
		1.269236,
		-0.052467,
		-0.812187,
		1
	},
	[0.6] = {
		0.012842,
		0.796564,
		-0.604418,
		0,
		-0.246424,
		0.588346,
		0.770146,
		0,
		0.969077,
		0.139053,
		0.203848,
		0,
		1.587315,
		0.258621,
		-0.400976,
		1
	},
	[0.716666666667] = {
		-0.206815,
		0.972753,
		-0.104781,
		0,
		0.202038,
		0.14725,
		0.968245,
		0,
		0.957292,
		0.179078,
		-0.226987,
		0,
		1.144959,
		-0.099444,
		-0.996702,
		1
	},
	[0.733333333333] = {
		-0.35325,
		0.931288,
		0.088979,
		0,
		0.289736,
		0.018471,
		0.956928,
		0,
		0.889532,
		0.363815,
		-0.276353,
		0,
		1.081295,
		-0.099576,
		-1.0855,
		1
	},
	[0.75] = {
		-0.482023,
		0.821696,
		0.304088,
		0,
		0.402444,
		-0.100646,
		0.909895,
		0,
		0.778262,
		0.560969,
		-0.282173,
		0,
		1.013846,
		-0.084718,
		-1.164825,
		1
	},
	[0.766666666667] = {
		-0.564125,
		0.648927,
		0.510545,
		0,
		0.529938,
		-0.189618,
		0.826566,
		0,
		0.633189,
		0.736844,
		-0.236923,
		0,
		0.942479,
		-0.060265,
		-1.228551,
		1
	},
	[0.783333333333] = {
		-0.584721,
		0.444154,
		0.678844,
		0,
		0.654226,
		-0.236619,
		0.718331,
		0,
		0.479677,
		0.86414,
		-0.152221,
		0,
		0.871068,
		-0.034038,
		-1.273258,
		1
	},
	[0.7] = {
		-0.069856,
		0.962923,
		-0.260575,
		0,
		0.138599,
		0.268049,
		0.953384,
		0,
		0.987882,
		0.030484,
		-0.152185,
		0,
		1.206986,
		-0.083157,
		-0.904301,
		1
	},
	[0.816666666667] = {
		-0.483864,
		0.100717,
		0.869328,
		0,
		0.838192,
		-0.232265,
		0.493444,
		0,
		0.251613,
		0.967424,
		0.027964,
		0,
		0.756965,
		0.002305,
		-1.311162,
		1
	},
	[0.833333333333] = {
		-0.403807,
		0.015785,
		0.914708,
		0,
		0.891948,
		-0.215501,
		0.397478,
		0,
		0.203394,
		0.976376,
		0.072942,
		0,
		0.727575,
		0.01035,
		-1.311343,
		1
	},
	[0.85] = {
		-0.403784,
		0.016354,
		0.914708,
		0,
		0.891643,
		-0.216758,
		0.397478,
		0,
		0.204771,
		0.976088,
		0.072942,
		0,
		0.727589,
		0.009324,
		-1.311343,
		1
	},
	[0.866666666667] = {
		-0.403761,
		0.016925,
		0.914708,
		0,
		0.891336,
		-0.218018,
		0.397478,
		0,
		0.20615,
		0.975798,
		0.072942,
		0,
		0.727601,
		0.008296,
		-1.311343,
		1
	},
	[0.883333333333] = {
		-0.403737,
		0.017482,
		0.914708,
		0,
		0.891034,
		-0.219249,
		0.397478,
		0,
		0.207498,
		0.975512,
		0.072942,
		0,
		0.727612,
		0.007291,
		-1.311343,
		1
	},
	[0.8] = {
		-0.55101,
		0.249986,
		0.796175,
		0,
		0.759312,
		-0.245581,
		0.602607,
		0,
		0.346169,
		0.936588,
		-0.0545,
		0,
		0.806727,
		-0.01235,
		-1.299668,
		1
	},
	[0.916666666667] = {
		-0.403692,
		0.018501,
		0.914708,
		0,
		0.890478,
		-0.221496,
		0.397478,
		0,
		0.209958,
		0.974986,
		0.072942,
		0,
		0.727628,
		0.005455,
		-1.311343,
		1
	},
	[0.933333333333] = {
		-0.403671,
		0.018932,
		0.914708,
		0,
		0.890241,
		-0.222448,
		0.397478,
		0,
		0.211,
		0.974761,
		0.072942,
		0,
		0.727633,
		0.004677,
		-1.311343,
		1
	},
	[0.95] = {
		-0.403654,
		0.019293,
		0.914708,
		0,
		0.890041,
		-0.223244,
		0.397478,
		0,
		0.211872,
		0.974572,
		0.072942,
		0,
		0.727637,
		0.004026,
		-1.311343,
		1
	},
	[0.966666666667] = {
		-0.403641,
		0.019569,
		0.914708,
		0,
		0.889889,
		-0.223852,
		0.397478,
		0,
		0.212538,
		0.974427,
		0.072942,
		0,
		0.72764,
		0.003529,
		-1.311343,
		1
	},
	[0.983333333333] = {
		-0.403633,
		0.019745,
		0.914708,
		0,
		0.889791,
		-0.22424,
		0.397478,
		0,
		0.212963,
		0.974334,
		0.072942,
		0,
		0.727641,
		0.003212,
		-1.311343,
		1
	},
	[0.9] = {
		-0.403714,
		0.018012,
		0.914708,
		0,
		0.890745,
		-0.220419,
		0.397478,
		0,
		0.208778,
		0.975239,
		0.072942,
		0,
		0.727621,
		0.006335,
		-1.311343,
		1
	}
}

return spline_matrices
