local spline_matrices = {
	[0] = {
		0.962735,
		-0.26596,
		0.049053,
		0,
		0.269678,
		0.930423,
		-0.248167,
		0,
		0.020363,
		0.252148,
		0.967474,
		0,
		0.794465,
		0.949401,
		-0.574786,
		1
	},
	{
		0.984207,
		-0.172948,
		0.037762,
		0,
		-0.082234,
		-0.635581,
		-0.767642,
		0,
		0.156763,
		0.752413,
		-0.639765,
		0,
		0.456912,
		-0.47632,
		-1.419261,
		1
	},
	[0.0166666666667] = {
		0.944387,
		-0.328832,
		-0.001682,
		0,
		0.319203,
		0.91794,
		-0.235574,
		0,
		0.079008,
		0.221936,
		0.971855,
		0,
		0.810333,
		0.964416,
		-0.537562,
		1
	},
	[0.0333333333333] = {
		0.918111,
		-0.393773,
		-0.044888,
		0,
		0.374539,
		0.899097,
		-0.226594,
		0,
		0.129586,
		0.191226,
		0.972954,
		0,
		0.833292,
		0.992562,
		-0.456126,
		1
	},
	[0.05] = {
		0.886723,
		-0.45547,
		-0.079175,
		0,
		0.431057,
		0.876472,
		-0.214444,
		0,
		0.167068,
		0.156024,
		0.973522,
		0,
		0.859801,
		1.02842,
		-0.342955,
		1
	},
	[0.0666666666667] = {
		0.855489,
		-0.506824,
		-0.106153,
		0,
		0.482633,
		0.8547,
		-0.191186,
		0,
		0.187627,
		0.112325,
		0.975797,
		0,
		0.88585,
		1.066503,
		-0.209956,
		1
	},
	[0.0833333333333] = {
		0.830963,
		-0.540784,
		-0.130585,
		0,
		0.522817,
		0.839327,
		-0.148972,
		0,
		0.190165,
		0.055518,
		0.980181,
		0,
		0.907381,
		1.101375,
		-0.068664,
		1
	},
	[0.116666666667] = {
		0.821627,
		-0.535602,
		-0.19509,
		0,
		0.548899,
		0.835709,
		0.017341,
		0,
		0.153751,
		-0.121333,
		0.980632,
		0,
		0.923582,
		1.138921,
		0.191588,
		1
	},
	[0.133333333333] = {
		0.838832,
		-0.488025,
		-0.241231,
		0,
		0.529205,
		0.834936,
		0.151075,
		0,
		0.127684,
		-0.254387,
		0.958636,
		0,
		0.913831,
		1.128745,
		0.285016,
		1
	},
	[0.15] = {
		0.861559,
		-0.415327,
		-0.291923,
		0,
		0.496679,
		0.808564,
		0.315491,
		0,
		0.105006,
		-0.416806,
		0.90291,
		0,
		0.897438,
		1.082147,
		0.359678,
		1
	},
	[0.166666666667] = {
		0.880786,
		-0.331485,
		-0.338132,
		0,
		0.465426,
		0.737486,
		0.489381,
		0,
		0.087145,
		-0.588415,
		0.803849,
		0,
		0.881807,
		0.994569,
		0.432127,
		1
	},
	[0.183333333333] = {
		0.897429,
		-0.240834,
		-0.369623,
		0,
		0.43578,
		0.614391,
		0.657738,
		0,
		0.068687,
		-0.751347,
		0.656323,
		0,
		0.86634,
		0.873448,
		0.500067,
		1
	},
	[0.1] = {
		0.818766,
		-0.55178,
		-0.158622,
		0,
		0.546143,
		0.833746,
		-0.081207,
		0,
		0.177058,
		-0.020141,
		0.983994,
		0,
		0.920847,
		1.127513,
		0.069274,
		1
	},
	[0.216666666667] = {
		0.930195,
		-0.064858,
		-0.361291,
		0,
		0.36652,
		0.217808,
		0.904557,
		0,
		0.020024,
		-0.973834,
		0.226376,
		0,
		0.831856,
		0.566076,
		0.613189,
		1
	},
	[0.233333333333] = {
		0.944444,
		0.004464,
		-0.328642,
		0,
		0.328658,
		-0.022191,
		0.944188,
		0,
		-0.003078,
		-0.999744,
		-0.022426,
		0,
		0.813415,
		0.401258,
		0.655973,
		1
	},
	[0.25] = {
		0.955558,
		0.056791,
		-0.289281,
		0,
		0.294033,
		-0.254432,
		0.921308,
		0,
		-0.02128,
		-0.965422,
		-0.259823,
		0,
		0.794971,
		0.242395,
		0.691986,
		1
	},
	[0.266666666667] = {
		0.96261,
		0.095618,
		-0.253454,
		0,
		0.268761,
		-0.454207,
		0.84939,
		0,
		-0.033903,
		-0.88575,
		-0.462922,
		0,
		0.777074,
		0.096991,
		0.72496,
		1
	},
	[0.283333333333] = {
		0.965043,
		0.128323,
		-0.228529,
		0,
		0.258656,
		-0.607035,
		0.751402,
		0,
		-0.042304,
		-0.784246,
		-0.619007,
		0,
		0.760011,
		-0.029756,
		0.758444,
		1
	},
	[0.2] = {
		0.914113,
		-0.148971,
		-0.3771,
		0,
		0.402929,
		0.437482,
		0.803901,
		0,
		0.045216,
		-0.886802,
		0.459933,
		0,
		0.849652,
		0.727098,
		0.561227,
		1
	},
	[0.316666666667] = {
		0.952624,
		0.205539,
		-0.224192,
		0,
		0.299326,
		-0.76433,
		0.571143,
		0,
		-0.053964,
		-0.61119,
		-0.789642,
		0,
		0.728639,
		-0.212022,
		0.835122,
		1
	},
	[0.333333333333] = {
		0.933719,
		0.258142,
		-0.248057,
		0,
		0.35345,
		-0.774897,
		0.524031,
		0,
		-0.056944,
		-0.576973,
		-0.814776,
		0,
		0.714626,
		-0.259108,
		0.879875,
		1
	},
	[0.35] = {
		0.901914,
		0.320047,
		-0.290037,
		0,
		0.429682,
		-0.733066,
		0.527245,
		0,
		-0.043874,
		-0.600153,
		-0.798681,
		0,
		0.701168,
		-0.248319,
		0.92846,
		1
	},
	[0.366666666667] = {
		0.855246,
		0.380901,
		-0.351381,
		0,
		0.51822,
		-0.630735,
		0.5776,
		0,
		-0.00162,
		-0.676083,
		-0.736824,
		0,
		0.686987,
		-0.167955,
		0.978898,
		1
	},
	[0.383333333333] = {
		0.796476,
		0.420964,
		-0.434069,
		0,
		0.600448,
		-0.465938,
		0.649895,
		0,
		0.071333,
		-0.778262,
		-0.623875,
		0,
		0.670437,
		-0.033961,
		1.028936,
		1
	},
	[0.3] = {
		0.962189,
		0.162967,
		-0.218253,
		0,
		0.268011,
		-0.709416,
		0.651842,
		0,
		-0.048603,
		-0.68569,
		-0.72627,
		0,
		0.743849,
		-0.134008,
		0.794798,
		1
	},
	[0.416666666667] = {
		0.684223,
		0.367616,
		-0.62984,
		0,
		0.674922,
		0.007963,
		0.737846,
		0,
		0.276259,
		-0.929944,
		-0.242664,
		0,
		0.617088,
		0.327049,
		1.108729,
		1
	},
	[0.433333333333] = {
		0.656069,
		0.265736,
		-0.70637,
		0,
		0.656221,
		0.261419,
		0.707837,
		0,
		0.372756,
		-0.927925,
		-0.002872,
		0,
		0.574123,
		0.51174,
		1.125653,
		1
	},
	[0.45] = {
		0.671402,
		0.021116,
		-0.740792,
		0,
		0.634066,
		0.501091,
		0.588956,
		0,
		0.38364,
		-0.865137,
		0.323045,
		0,
		0.537019,
		0.72946,
		1.06755,
		1
	},
	[0.466666666667] = {
		0.716123,
		-0.308016,
		-0.626333,
		0,
		0.624308,
		0.683927,
		0.377468,
		0,
		0.3121,
		-0.661339,
		0.682073,
		0,
		0.525422,
		0.959994,
		0.897115,
		1
	},
	[0.483333333333] = {
		0.766633,
		-0.437722,
		-0.469759,
		0,
		0.555435,
		0.819141,
		0.143178,
		0,
		0.322126,
		-0.370686,
		0.871107,
		0,
		0.430831,
		1.10412,
		0.658839,
		1
	},
	[0.4] = {
		0.734914,
		0.420389,
		-0.532141,
		0,
		0.656742,
		-0.245535,
		0.713023,
		0,
		0.169088,
		-0.873491,
		-0.456534,
		0,
		0.648375,
		0.137401,
		1.074328,
		1
	},
	[0.516666666667] = {
		0.959234,
		-0.221102,
		-0.176024,
		0,
		0.06713,
		0.783276,
		-0.618039,
		0,
		0.274525,
		0.581028,
		0.766187,
		0,
		0.151688,
		1.288926,
		-0.113382,
		1
	},
	[0.533333333333] = {
		0.977566,
		0.010874,
		-0.210349,
		0,
		-0.199634,
		0.366282,
		-0.908836,
		0,
		0.067165,
		0.93044,
		0.360236,
		0,
		-0.004594,
		1.263786,
		-0.414177,
		1
	},
	[0.55] = {
		0.968985,
		0.147916,
		-0.197961,
		0,
		-0.169555,
		-0.184817,
		-0.968036,
		0,
		-0.179775,
		0.971578,
		-0.154005,
		0,
		-0.101248,
		1.066013,
		-0.839229,
		1
	},
	[0.566666666667] = {
		0.995581,
		0.081636,
		0.046406,
		0,
		0.07441,
		-0.384384,
		-0.92017,
		0,
		-0.057282,
		0.919557,
		-0.38876,
		0,
		-0.035407,
		0.773256,
		-1.281225,
		1
	},
	[0.583333333333] = {
		0.999363,
		0.020235,
		0.02939,
		0,
		0.035314,
		-0.442789,
		-0.89593,
		0,
		-0.005115,
		0.896397,
		-0.443222,
		0,
		-0.169064,
		0.453353,
		-1.411936,
		1
	},
	[0.5] = {
		0.857442,
		-0.404118,
		-0.318562,
		0,
		0.361234,
		0.9136,
		-0.186665,
		0,
		0.366473,
		0.044979,
		0.929341,
		0,
		0.293566,
		1.222409,
		0.33853,
		1
	},
	[0.616666666667] = {
		0.925541,
		0.216888,
		0.310377,
		0,
		0.36128,
		-0.751238,
		-0.552375,
		0,
		0.113363,
		0.623378,
		-0.773659,
		0,
		-0.189179,
		0.096039,
		-1.446961,
		1
	},
	[0.633333333333] = {
		0.903115,
		0.412152,
		0.120477,
		0,
		0.425883,
		-0.823908,
		-0.373897,
		0,
		-0.05484,
		0.388981,
		-0.919612,
		0,
		-0.12284,
		-0.065715,
		-1.431327,
		1
	},
	[0.65] = {
		0.816764,
		0.538766,
		-0.206465,
		0,
		0.500713,
		-0.839675,
		-0.210316,
		0,
		-0.286675,
		0.068399,
		-0.955583,
		0,
		-0.050042,
		-0.201101,
		-1.395065,
		1
	},
	[0.666666666667] = {
		0.65373,
		0.531096,
		-0.539049,
		0,
		0.580587,
		-0.808887,
		-0.092848,
		0,
		-0.485341,
		-0.252267,
		-0.837141,
		0,
		0.040892,
		-0.287346,
		-1.3337,
		1
	},
	[0.683333333333] = {
		0.489483,
		0.433977,
		-0.756353,
		0,
		0.639357,
		-0.768431,
		-0.02714,
		0,
		-0.592983,
		-0.470295,
		-0.6536,
		0,
		0.128933,
		-0.326378,
		-1.286814,
		1
	},
	[0.6] = {
		0.94914,
		0.053829,
		0.31022,
		0,
		0.273106,
		-0.631034,
		-0.726092,
		0,
		0.156675,
		0.773886,
		-0.61364,
		0,
		-0.247957,
		0.257965,
		-1.420998,
		1
	},
	[0.716666666667] = {
		0.442945,
		0.314299,
		-0.839652,
		0,
		0.629957,
		-0.775491,
		0.042042,
		0,
		-0.637929,
		-0.547568,
		-0.541494,
		0,
		0.236308,
		-0.3346,
		-1.271939,
		1
	},
	[0.733333333333] = {
		0.526334,
		0.30436,
		-0.793938,
		0,
		0.553562,
		-0.831409,
		0.048254,
		0,
		-0.6454,
		-0.464892,
		-0.60608,
		0,
		0.272322,
		-0.33541,
		-1.28898,
		1
	},
	[0.75] = {
		0.647911,
		0.296148,
		-0.701789,
		0,
		0.434524,
		-0.900411,
		0.0212,
		0,
		-0.62562,
		-0.31868,
		-0.712069,
		0,
		0.301743,
		-0.331914,
		-1.317611,
		1
	},
	[0.766666666667] = {
		0.782529,
		0.263571,
		-0.564074,
		0,
		0.286349,
		-0.956828,
		-0.049844,
		0,
		-0.552859,
		-0.122517,
		-0.824219,
		0,
		0.327449,
		-0.318115,
		-1.356067,
		1
	},
	[0.783333333333] = {
		0.898797,
		0.189592,
		-0.395246,
		0,
		0.134379,
		-0.977389,
		-0.163255,
		0,
		-0.417261,
		0.09362,
		-0.903952,
		0,
		0.353613,
		-0.291066,
		-1.399637,
		1
	},
	[0.7] = {
		0.415534,
		0.348829,
		-0.84003,
		0,
		0.658857,
		-0.752146,
		0.01358,
		0,
		-0.627088,
		-0.559102,
		-0.54237,
		0,
		0.193055,
		-0.334922,
		-1.267926,
		1
	},
	[0.816666666667] = {
		0.995678,
		-0.054474,
		-0.075218,
		0,
		-0.082172,
		-0.894143,
		-0.440177,
		0,
		-0.043278,
		0.444456,
		-0.894755,
		0,
		0.412885,
		-0.233134,
		-1.470403,
		1
	},
	[0.833333333333] = {
		0.982704,
		-0.181833,
		0.035066,
		0,
		-0.131814,
		-0.819839,
		-0.557215,
		0,
		0.130069,
		0.542955,
		-0.829627,
		0,
		0.435567,
		-0.218552,
		-1.490986,
		1
	},
	[0.85] = {
		0.982267,
		-0.182631,
		0.042386,
		0,
		-0.125132,
		-0.806969,
		-0.577186,
		0,
		0.139616,
		0.561647,
		-0.815512,
		0,
		0.441167,
		-0.242847,
		-1.486751,
		1
	},
	[0.866666666667] = {
		0.981757,
		-0.183758,
		0.048855,
		0,
		-0.118451,
		-0.792055,
		-0.598848,
		0,
		0.148739,
		0.582136,
		-0.799371,
		0,
		0.446569,
		-0.271891,
		-1.480723,
		1
	},
	[0.883333333333] = {
		0.981253,
		-0.184951,
		0.054192,
		0,
		-0.111847,
		-0.775477,
		-0.62139,
		0,
		0.156951,
		0.603679,
		-0.781625,
		0,
		0.451263,
		-0.304541,
		-1.473081,
		1
	},
	[0.8] = {
		0.971717,
		0.076959,
		-0.223256,
		0,
		0.006165,
		-0.953352,
		-0.301797,
		0,
		-0.236067,
		0.291885,
		-0.926863,
		0,
		0.382791,
		-0.258813,
		-1.438799,
		1
	},
	[0.916666666667] = {
		0.980547,
		-0.186821,
		0.060216,
		0,
		-0.099667,
		-0.738169,
		-0.667213,
		0,
		0.169099,
		0.648232,
		-0.742429,
		0,
		0.45732,
		-0.373682,
		-1.454629,
		1
	},
	[0.933333333333] = {
		0.980512,
		-0.186953,
		0.060368,
		0,
		-0.094439,
		-0.717985,
		-0.689623,
		0,
		0.17227,
		0.670482,
		-0.721648,
		0,
		0.458595,
		-0.406414,
		-1.444932,
		1
	},
	[0.95] = {
		0.980803,
		-0.186074,
		0.058332,
		0,
		-0.089979,
		-0.697227,
		-0.711181,
		0,
		0.173003,
		0.69228,
		-0.700584,
		0,
		0.458916,
		-0.435223,
		-1.435804,
		1
	},
	[0.966666666667] = {
		0.98149,
		-0.183758,
		0.053955,
		0,
		-0.086401,
		-0.676285,
		-0.731556,
		0,
		0.170918,
		0.713353,
		-0.679643,
		0,
		0.458561,
		-0.457956,
		-1.427978,
		1
	},
	[0.983333333333] = {
		0.982621,
		-0.179544,
		0.047124,
		0,
		-0.083798,
		-0.655584,
		-0.750458,
		0,
		0.165634,
		0.733467,
		-0.659236,
		0,
		0.457815,
		-0.472392,
		-1.422213,
		1
	},
	[0.9] = {
		0.980822,
		-0.18605,
		0.058075,
		0,
		-0.105525,
		-0.757433,
		-0.644329,
		0,
		0.163866,
		0.625844,
		-0.76254,
		0,
		0.454894,
		-0.339078,
		-1.464214,
		1
	},
	[1.01666666667] = {
		0.984207,
		-0.172948,
		0.037762,
		0,
		-0.082234,
		-0.635581,
		-0.767642,
		0,
		0.156763,
		0.752413,
		-0.639765,
		0,
		0.456912,
		-0.47632,
		-1.419261,
		1
	},
	[1.03333333333] = {
		0.984207,
		-0.172948,
		0.037762,
		0,
		-0.082234,
		-0.635581,
		-0.767642,
		0,
		0.156763,
		0.752413,
		-0.639765,
		0,
		0.456912,
		-0.47632,
		-1.419261,
		1
	},
	[1.05] = {
		0.984207,
		-0.172948,
		0.037762,
		0,
		-0.082234,
		-0.635581,
		-0.767642,
		0,
		0.156763,
		0.752413,
		-0.639765,
		0,
		0.456912,
		-0.47632,
		-1.419261,
		1
	},
	[1.06666666667] = {
		0.984207,
		-0.172948,
		0.037762,
		0,
		-0.082234,
		-0.635581,
		-0.767642,
		0,
		0.156763,
		0.752413,
		-0.639765,
		0,
		0.456912,
		-0.47632,
		-1.419261,
		1
	},
	[1.08333333333] = {
		0.984207,
		-0.172948,
		0.037762,
		0,
		-0.082234,
		-0.635581,
		-0.767642,
		0,
		0.156763,
		0.752413,
		-0.639765,
		0,
		0.456912,
		-0.47632,
		-1.419261,
		1
	},
	[1.11666666667] = {
		0.984207,
		-0.172948,
		0.037762,
		0,
		-0.082234,
		-0.635581,
		-0.767642,
		0,
		0.156763,
		0.752413,
		-0.639765,
		0,
		0.456912,
		-0.47632,
		-1.419261,
		1
	},
	[1.13333333333] = {
		0.984207,
		-0.172948,
		0.037762,
		0,
		-0.082234,
		-0.635581,
		-0.767642,
		0,
		0.156763,
		0.752413,
		-0.639765,
		0,
		0.456912,
		-0.47632,
		-1.419261,
		1
	},
	[1.15] = {
		0.984207,
		-0.172948,
		0.037762,
		0,
		-0.082234,
		-0.635581,
		-0.767642,
		0,
		0.156763,
		0.752413,
		-0.639765,
		0,
		0.456912,
		-0.47632,
		-1.419261,
		1
	},
	[1.16666666667] = {
		0.984207,
		-0.172948,
		0.037762,
		0,
		-0.082234,
		-0.635581,
		-0.767642,
		0,
		0.156763,
		0.752413,
		-0.639765,
		0,
		0.456912,
		-0.47632,
		-1.419261,
		1
	},
	[1.1] = {
		0.984207,
		-0.172948,
		0.037762,
		0,
		-0.082234,
		-0.635581,
		-0.767642,
		0,
		0.156763,
		0.752413,
		-0.639765,
		0,
		0.456912,
		-0.47632,
		-1.419261,
		1
	}
}

return spline_matrices
