local spline_matrices = {
	[0] = {
		0.704609,
		-0.135214,
		0.696595,
		0,
		0.69029,
		-0.09682,
		-0.717025,
		0,
		0.164396,
		0.986075,
		0.025117,
		0,
		0.706026,
		-0.012248,
		-1.334477,
		1
	},
	{
		-0.316211,
		0.020602,
		0.948465,
		0,
		0.934034,
		-0.168288,
		0.315055,
		0,
		0.166106,
		0.985523,
		0.033971,
		0,
		0.707186,
		-0.001354,
		-1.311614,
		1
	},
	[0.0166666666667] = {
		-0.36498,
		-0.040365,
		0.93014,
		0,
		0.895968,
		-0.286766,
		0.339127,
		0,
		0.253044,
		0.95715,
		0.140829,
		0,
		0.730948,
		0.020569,
		-1.295409,
		1
	},
	[0.0333333333333] = {
		-0.327338,
		-0.108122,
		0.938701,
		0,
		0.897194,
		-0.347258,
		0.272866,
		0,
		0.296468,
		0.931516,
		0.210677,
		0,
		0.746773,
		0.046527,
		-1.26399,
		1
	},
	[0.05] = {
		-0.291091,
		-0.182982,
		0.939033,
		0,
		0.892841,
		-0.404543,
		0.197942,
		0,
		0.343659,
		0.896026,
		0.281133,
		0,
		0.773778,
		0.080062,
		-1.218598,
		1
	},
	[0.0666666666667] = {
		-0.256886,
		-0.264048,
		0.929671,
		0,
		0.882203,
		-0.456858,
		0.114012,
		0,
		0.394623,
		0.849447,
		0.350304,
		0,
		0.810642,
		0.120188,
		-1.160813,
		1
	},
	[0.0833333333333] = {
		-0.225602,
		-0.349875,
		0.909226,
		0,
		0.864572,
		-0.502056,
		0.021328,
		0,
		0.449021,
		0.790902,
		0.415757,
		0,
		0.856047,
		0.165834,
		-1.092329,
		1
	},
	[0.116666666667] = {
		-0.176026,
		-0.527024,
		0.831421,
		0,
		0.806329,
		-0.561682,
		-0.185327,
		0,
		0.564666,
		0.637777,
		0.523826,
		0,
		0.96708,
		0.269122,
		-0.930824,
		1
	},
	[0.133333333333] = {
		-0.159805,
		-0.612669,
		0.774015,
		0,
		0.765604,
		-0.571889,
		-0.294608,
		0,
		0.623148,
		0.545509,
		0.560452,
		0,
		1.029842,
		0.324499,
		-0.842057,
		1
	},
	[0.15] = {
		-0.150279,
		-0.692209,
		0.705877,
		0,
		0.717903,
		-0.567297,
		-0.403472,
		0,
		0.679729,
		0.446118,
		0.582192,
		0,
		1.095362,
		0.381012,
		-0.751074,
		1
	},
	[0.166666666667] = {
		-0.147615,
		-0.762834,
		0.629519,
		0,
		0.66448,
		-0.547938,
		-0.508163,
		0,
		0.732582,
		0.34329,
		0.587772,
		0,
		1.161945,
		0.437881,
		-0.660354,
		1
	},
	[0.183333333333] = {
		-0.151378,
		-0.822474,
		0.54829,
		0,
		0.607025,
		-0.51512,
		-0.605122,
		0,
		0.780132,
		0.241223,
		0.57724,
		0,
		1.227798,
		0.494567,
		-0.572368,
		1
	},
	[0.1] = {
		-0.198283,
		-0.438412,
		0.876629,
		0,
		0.839374,
		-0.53777,
		-0.079089,
		0,
		0.506098,
		0.720137,
		0.474622,
		0,
		0.908657,
		0.215864,
		-1.014989,
		1
	},
	[0.216666666667] = {
		-0.17356,
		-0.905863,
		0.38638,
		0,
		0.487681,
		-0.419908,
		-0.765405,
		0,
		0.855596,
		0.055586,
		0.514651,
		0,
		1.349907,
		0.606374,
		-0.413836,
		1
	},
	[0.233333333333] = {
		-0.188619,
		-0.930894,
		0.312826,
		0,
		0.429358,
		-0.364655,
		-0.826244,
		0,
		0.883219,
		-0.021531,
		0.468467,
		0,
		1.402486,
		0.661365,
		-0.34738,
		1
	},
	[0.25] = {
		-0.203756,
		-0.947096,
		0.247978,
		0,
		0.373768,
		-0.309359,
		-0.874411,
		0,
		0.904865,
		-0.08548,
		0.417028,
		0,
		1.447064,
		0.715743,
		-0.291804,
		1
	},
	[0.266666666667] = {
		-0.217056,
		-0.956743,
		0.193726,
		0,
		0.321773,
		-0.257491,
		-0.911131,
		0,
		0.921601,
		-0.135431,
		0.363744,
		0,
		1.481975,
		0.769455,
		-0.248632,
		1
	},
	[0.283333333333] = {
		-0.226734,
		-0.962137,
		0.151273,
		0,
		0.273863,
		-0.212033,
		-0.938105,
		0,
		0.934661,
		-0.171272,
		0.311569,
		0,
		1.505606,
		0.822334,
		-0.219274,
		1
	},
	[0.2] = {
		-0.160534,
		-0.870108,
		0.465984,
		0,
		0.547458,
		-0.471325,
		-0.691479,
		0,
		0.821291,
		0.1441,
		0.552011,
		0,
		1.291072,
		0.550771,
		-0.489475,
		1
	},
	[0.316666666667] = {
		-0.235782,
		-0.965276,
		0.112468,
		0,
		0.182448,
		-0.157641,
		-0.970496,
		0,
		0.954526,
		-0.208306,
		0.213282,
		0,
		1.487966,
		0.938409,
		-0.20254,
		1
	},
	[0.333333333333] = {
		-0.239938,
		-0.962533,
		0.126334,
		0,
		0.127529,
		-0.16026,
		-0.978802,
		0,
		0.962375,
		-0.21874,
		0.161203,
		0,
		1.405603,
		1.022948,
		-0.205604,
		1
	},
	[0.35] = {
		-0.233729,
		-0.960246,
		0.152635,
		0,
		0.074091,
		-0.174117,
		-0.981934,
		0,
		0.969475,
		-0.218198,
		0.111842,
		0,
		1.285234,
		1.118421,
		-0.212033,
		1
	},
	[0.366666666667] = {
		-0.208515,
		-0.961147,
		0.180881,
		0,
		0.031012,
		-0.191351,
		-0.981032,
		0,
		0.977527,
		-0.198951,
		0.069707,
		0,
		1.143211,
		1.21583,
		-0.219462,
		1
	},
	[0.383333333333] = {
		-0.156189,
		-0.967111,
		0.200753,
		0,
		0.007458,
		-0.204396,
		-0.97886,
		0,
		0.987699,
		-0.15139,
		0.039137,
		0,
		0.995704,
		1.306029,
		-0.225411,
		1
	},
	[0.3] = {
		-0.231157,
		-0.965323,
		0.121321,
		0,
		0.230273,
		-0.17544,
		-0.957181,
		0,
		0.945273,
		-0.193322,
		0.262842,
		0,
		1.516359,
		0.874086,
		-0.205101,
		1
	},
	[0.416666666667] = {
		0.082049,
		-0.979955,
		0.18154,
		0,
		0.057699,
		-0.177178,
		-0.982486,
		0,
		0.994957,
		0.091087,
		0.042005,
		0,
		0.722547,
		1.431128,
		-0.224352,
		1
	},
	[0.433333333333] = {
		0.28842,
		-0.945302,
		0.152371,
		0,
		0.131113,
		-0.118644,
		-0.984242,
		0,
		0.948485,
		0.303853,
		0.089722,
		0,
		0.572249,
		1.462655,
		-0.219579,
		1
	},
	[0.45] = {
		0.506815,
		-0.851449,
		0.134804,
		0,
		0.203407,
		-0.033845,
		-0.978509,
		0,
		0.837713,
		0.523344,
		0.156037,
		0,
		0.41316,
		1.471552,
		-0.216416,
		1
	},
	[0.466666666667] = {
		0.691742,
		-0.708507,
		0.139679,
		0,
		0.254161,
		0.057816,
		-0.965432,
		0,
		0.67594,
		0.703331,
		0.220069,
		0,
		0.253107,
		1.461886,
		-0.217088,
		1
	},
	[0.483333333333] = {
		0.819536,
		-0.54863,
		0.16543,
		0,
		0.280127,
		0.131729,
		-0.950882,
		0,
		0.49989,
		0.825623,
		0.261643,
		0,
		0.097098,
		1.443564,
		-0.221443,
		1
	},
	[0.4] = {
		-0.067617,
		-0.976932,
		0.202563,
		0,
		0.012399,
		-0.203835,
		-0.978927,
		0,
		0.997634,
		-0.063681,
		0.025896,
		0,
		0.858254,
		1.379121,
		-0.227302,
		1
	},
	[0.516666666667] = {
		0.82964,
		0.446995,
		0.334506,
		0,
		0.181089,
		0.351307,
		-0.918581,
		0,
		-0.528115,
		0.822666,
		0.210512,
		0,
		-0.722256,
		0.641447,
		-0.250001,
		1
	},
	[0.533333333333] = {
		0.622642,
		0.689302,
		0.370378,
		0,
		0.136341,
		0.370518,
		-0.918764,
		0,
		-0.770537,
		0.622559,
		0.13672,
		0,
		-0.769973,
		0.296245,
		-0.272811,
		1
	},
	[0.55] = {
		0.429865,
		0.817082,
		0.384177,
		0,
		0.116299,
		0.371844,
		-0.920981,
		0,
		-0.895372,
		0.440577,
		0.064817,
		0,
		-0.653998,
		-0.043857,
		-0.306794,
		1
	},
	[0.566666666667] = {
		0.273528,
		0.880716,
		0.38668,
		0,
		0.109004,
		0.371038,
		-0.922198,
		0,
		-0.955668,
		0.294397,
		0.005488,
		0,
		-0.511961,
		-0.346221,
		-0.338236,
		1
	},
	[0.583333333333] = {
		0.148145,
		0.912134,
		0.382184,
		0,
		0.099875,
		0.370674,
		-0.923377,
		0,
		-0.98391,
		0.174964,
		-0.036186,
		0,
		-0.475644,
		-0.575555,
		-0.352586,
		1
	},
	[0.5] = {
		0.966115,
		-0.021757,
		0.257192,
		0,
		0.253276,
		0.271866,
		-0.928407,
		0,
		-0.049722,
		0.962089,
		0.268164,
		0,
		-0.32225,
		1.11458,
		-0.23533,
		1
	},
	[0.616666666667] = {
		0.120942,
		0.916512,
		0.381287,
		0,
		0.077241,
		0.374253,
		-0.924104,
		0,
		-0.98965,
		0.141214,
		-0.02553,
		0,
		-0.615389,
		-0.578435,
		-0.337026,
		1
	},
	[0.633333333333] = {
		0.180958,
		0.906352,
		0.381811,
		0,
		0.06583,
		0.376187,
		-0.924202,
		0,
		-0.981285,
		0.192377,
		0.008409,
		0,
		-0.672875,
		-0.498458,
		-0.338441,
		1
	},
	[0.65] = {
		0.225393,
		0.897937,
		0.378031,
		0,
		0.053533,
		0.376014,
		-0.925066,
		0,
		-0.972796,
		0.22874,
		0.036682,
		0,
		-0.709714,
		-0.430107,
		-0.343165,
		1
	},
	[0.666666666667] = {
		0.21541,
		0.902031,
		0.374083,
		0,
		0.040958,
		0.374393,
		-0.926365,
		0,
		-0.975664,
		0.21487,
		0.043703,
		0,
		-0.718505,
		-0.404669,
		-0.346056,
		1
	},
	[0.683333333333] = {
		0.180684,
		0.912176,
		0.367816,
		0,
		0.02525,
		0.369546,
		-0.928869,
		0,
		-0.983217,
		0.177119,
		0.043739,
		0,
		-0.712294,
		-0.409312,
		-0.34501,
		1
	},
	[0.6] = {
		0.091622,
		0.921034,
		0.378553,
		0,
		0.087929,
		0.371185,
		-0.924387,
		0,
		-0.991904,
		0.117979,
		-0.046977,
		0,
		-0.546123,
		-0.638786,
		-0.344859,
		1
	},
	[0.716666666667] = {
		0.175779,
		0.919147,
		0.35252,
		0,
		-0.000499,
		0.358179,
		-0.933653,
		0,
		-0.98443,
		0.16394,
		0.063419,
		0,
		-0.708522,
		-0.411765,
		-0.341018,
		1
	},
	[0.733333333333] = {
		0.19107,
		0.914724,
		0.356051,
		0,
		0.006221,
		0.361599,
		-0.932313,
		0,
		-0.981557,
		0.180352,
		0.0634,
		0,
		-0.710711,
		-0.410946,
		-0.341773,
		1
	},
	[0.75] = {
		0.208568,
		0.902791,
		0.376121,
		0,
		0.038055,
		0.376796,
		-0.925514,
		0,
		-0.977267,
		0.207346,
		0.044232,
		0,
		-0.715429,
		-0.409333,
		-0.346943,
		1
	},
	[0.766666666667] = {
		0.226835,
		0.881721,
		0.413658,
		0,
		0.096363,
		0.402327,
		-0.91041,
		0,
		-0.969154,
		0.246374,
		0.006296,
		0,
		-0.705364,
		-0.40451,
		-0.366642,
		1
	},
	[0.783333333333] = {
		0.247628,
		0.850641,
		0.463778,
		0,
		0.174537,
		0.431689,
		-0.884976,
		0,
		-0.953004,
		0.300091,
		-0.04157,
		0,
		-0.665966,
		-0.393826,
		-0.407583,
		1
	},
	[0.7] = {
		0.16994,
		0.917921,
		0.358526,
		0,
		0.00864,
		0.362417,
		-0.931976,
		0,
		-0.985417,
		0.161477,
		0.053658,
		0,
		-0.709003,
		-0.41142,
		-0.3427,
		1
	},
	[0.816666666667] = {
		0.280121,
		0.75327,
		0.595077,
		0,
		0.379794,
		0.482354,
		-0.789361,
		0,
		-0.88164,
		0.447123,
		-0.15097,
		0,
		-0.5137,
		-0.354125,
		-0.541331,
		1
	},
	[0.833333333333] = {
		0.282619,
		0.686277,
		0.670186,
		0,
		0.497305,
		0.492614,
		-0.714156,
		0,
		-0.820252,
		0.535121,
		-0.202067,
		0,
		-0.407671,
		-0.325252,
		-0.627455,
		1
	},
	[0.85] = {
		0.270617,
		0.608858,
		0.745693,
		0,
		0.615473,
		0.48619,
		-0.620333,
		0,
		-0.740243,
		0.626826,
		-0.243164,
		0,
		-0.286317,
		-0.291125,
		-0.721363,
		1
	},
	[0.866666666667] = {
		0.241964,
		0.524275,
		0.816449,
		0,
		0.726243,
		0.460154,
		-0.510714,
		0,
		-0.643447,
		0.716515,
		-0.26941,
		0,
		-0.153483,
		-0.252952,
		-0.818941,
		1
	},
	[0.883333333333] = {
		0.1967,
		0.436894,
		0.877743,
		0,
		0.822254,
		0.414117,
		-0.390391,
		0,
		-0.534048,
		0.798518,
		-0.277781,
		0,
		-0.013574,
		-0.212383,
		-0.916078,
		1
	},
	[0.8] = {
		0.266921,
		0.808124,
		0.525061,
		0,
		0.270296,
		0.460183,
		-0.845678,
		0,
		-0.925037,
		0.367651,
		-0.0956,
		0,
		-0.600921,
		-0.377059,
		-0.466867,
		1
	},
	[0.916666666667] = {
		0.066541,
		0.271776,
		0.960057,
		0,
		0.95141,
		0.272644,
		-0.143122,
		0,
		-0.300651,
		0.922932,
		-0.240428,
		0,
		0.2669,
		-0.131623,
		-1.094029,
		1
	},
	[0.933333333333] = {
		-0.010399,
		0.200996,
		0.979537,
		0,
		0.982123,
		0.186179,
		-0.027776,
		0,
		-0.187953,
		0.961737,
		-0.199339,
		0,
		0.396166,
		-0.094983,
		-1.168472,
		1
	},
	[0.95] = {
		-0.089822,
		0.140552,
		0.985991,
		0,
		0.992456,
		0.095582,
		0.076786,
		0,
		-0.083451,
		0.985449,
		-0.148077,
		0,
		0.510374,
		-0.06274,
		-1.2297,
		1
	},
	[0.966666666667] = {
		-0.168543,
		0.090763,
		0.981507,
		0,
		0.985636,
		0.0047,
		0.168818,
		0,
		0.01071,
		0.995861,
		-0.090251,
		0,
		0.603858,
		-0.035918,
		-1.275424,
		1
	},
	[0.983333333333] = {
		-0.244402,
		0.051109,
		0.968326,
		0,
		0.965127,
		-0.083776,
		0.248016,
		0,
		0.093799,
		0.995173,
		-0.028851,
		0,
		0.671188,
		-0.015269,
		-1.303459,
		1
	},
	[0.9] = {
		0.136997,
		0.351371,
		0.926159,
		0,
		0.898166,
		0.350257,
		-0.265739,
		0,
		-0.417767,
		0.86825,
		-0.267605,
		0,
		0.128392,
		-0.171312,
		-1.008916,
		1
	}
}

return spline_matrices
