local spline_matrices = {
	[0] = {
		0.704609,
		-0.135214,
		0.696595,
		0,
		0.69029,
		-0.09682,
		-0.717025,
		0,
		0.164396,
		0.986075,
		0.025117,
		0,
		0.706027,
		-0.012248,
		-1.334477,
		1
	},
	{
		0.859243,
		0.503082,
		0.092791,
		0,
		0.145305,
		-0.066095,
		-0.987177,
		0,
		-0.490497,
		0.861708,
		-0.129892,
		0,
		-0.067581,
		-0.710008,
		-1.234407,
		1
	},
	[0.0166666666667] = {
		0.896527,
		0.047213,
		0.440465,
		0,
		0.368098,
		-0.632586,
		-0.681424,
		0,
		0.24646,
		0.77305,
		-0.58451,
		0,
		0.595456,
		-0.422095,
		-0.51779,
		1
	},
	[0.0333333333333] = {
		0.905614,
		-0.03801,
		0.422396,
		0,
		0.356247,
		-0.47222,
		-0.806285,
		0,
		0.230111,
		0.880661,
		-0.414108,
		0,
		0.605328,
		-0.371563,
		-0.505119,
		1
	},
	[0.05] = {
		0.911713,
		-0.127764,
		0.390456,
		0,
		0.34567,
		-0.275051,
		-0.897139,
		0,
		0.222018,
		0.952903,
		-0.206603,
		0,
		0.624321,
		-0.3114,
		-0.477596,
		1
	},
	[0.0666666666667] = {
		0.913456,
		-0.219179,
		0.342868,
		0,
		0.340295,
		-0.050612,
		-0.938956,
		0,
		0.223152,
		0.974371,
		0.028354,
		0,
		0.652145,
		-0.244808,
		-0.43482,
		1
	},
	[0.0833333333333] = {
		0.90945,
		-0.308647,
		0.278635,
		0,
		0.344498,
		0.184028,
		-0.920573,
		0,
		0.232855,
		0.933205,
		0.273692,
		0,
		0.688452,
		-0.175661,
		-0.377439,
		1
	},
	[0.116666666667] = {
		0.879348,
		-0.465233,
		0.101518,
		0,
		0.394645,
		0.592726,
		-0.702091,
		0,
		0.266463,
		0.657445,
		0.704814,
		0,
		0.783904,
		-0.045043,
		-0.228445,
		1
	},
	[0.133333333333] = {
		0.851666,
		-0.524027,
		-0.007741,
		0,
		0.441423,
		0.725222,
		-0.528392,
		0,
		0.282506,
		0.446597,
		0.848965,
		0,
		0.840867,
		0.010999,
		-0.144697,
		1
	},
	[0.15] = {
		0.815349,
		-0.565037,
		-0.126253,
		0,
		0.498532,
		0.796058,
		-0.343159,
		0,
		0.294402,
		0.216853,
		0.930753,
		0,
		0.902011,
		0.059803,
		-0.060931,
		1
	},
	[0.166666666667] = {
		0.770981,
		-0.586143,
		-0.249048,
		0,
		0.560211,
		0.810182,
		-0.172537,
		0,
		0.302906,
		-0.006497,
		0.952998,
		0,
		0.965695,
		0.102629,
		0.018676,
		1
	},
	[0.183333333333] = {
		0.720046,
		-0.587002,
		-0.370085,
		0,
		0.622987,
		0.781737,
		-0.027835,
		0,
		0.305648,
		-0.210515,
		0.928581,
		0,
		1.030154,
		0.140953,
		0.093787,
		1
	},
	[0.1] = {
		0.898416,
		-0.392082,
		0.197788,
		0,
		0.362008,
		0.406277,
		-0.838981,
		0,
		0.248593,
		0.825355,
		0.506943,
		0,
		0.732674,
		-0.107949,
		-0.307499,
		1
	},
	[0.216666666667] = {
		0.608446,
		-0.535334,
		-0.585842,
		0,
		0.739914,
		0.649568,
		0.174897,
		0,
		0.286916,
		-0.539888,
		0.791328,
		0,
		1.15406,
		0.209148,
		0.230552,
		1
	},
	[0.233333333333] = {
		0.552504,
		-0.491442,
		-0.673219,
		0,
		0.787681,
		0.571981,
		0.228903,
		0,
		0.272576,
		-0.656752,
		0.703121,
		0,
		1.21059,
		0.242512,
		0.289891,
		1
	},
	[0.25] = {
		0.498951,
		-0.443095,
		-0.744792,
		0,
		0.82664,
		0.501385,
		0.255497,
		0,
		0.260218,
		-0.743155,
		0.616447,
		0,
		1.262037,
		0.277243,
		0.342732,
		1
	},
	[0.266666666667] = {
		0.449415,
		-0.395907,
		-0.800802,
		0,
		0.856477,
		0.445758,
		0.260283,
		0,
		0.253916,
		-0.802844,
		0.539415,
		0,
		1.307102,
		0.315395,
		0.388918,
		1
	},
	[0.283333333333] = {
		0.404954,
		-0.354949,
		-0.842629,
		0,
		0.877561,
		0.409622,
		0.249192,
		0,
		0.256709,
		-0.840369,
		0.477367,
		0,
		1.344594,
		0.358172,
		0.428319,
		1
	},
	[0.2] = {
		0.665033,
		-0.568906,
		-0.483814,
		0,
		0.68423,
		0.723758,
		0.089465,
		0,
		0.299267,
		-0.390538,
		0.870586,
		0,
		1.093479,
		0.175858,
		0.164926,
		1
	},
	[0.316666666667] = {
		0.334153,
		-0.306876,
		-0.891162,
		0,
		0.895669,
		0.39778,
		0.198866,
		0,
		0.29346,
		-0.864637,
		0.407779,
		0,
		1.392298,
		0.453679,
		0.485436,
		1
	},
	[0.333333333333] = {
		0.310176,
		-0.304628,
		-0.900551,
		0,
		0.892598,
		0.419344,
		0.165586,
		0,
		0.327199,
		-0.855191,
		0.401981,
		0,
		1.400502,
		0.503618,
		0.502082,
		1
	},
	[0.35] = {
		0.293159,
		-0.323382,
		-0.899712,
		0,
		0.881356,
		0.456094,
		0.123245,
		0,
		0.370498,
		-0.829097,
		0.418723,
		0,
		1.389084,
		0.572967,
		0.508778,
		1
	},
	[0.366666666667] = {
		0.283727,
		-0.363537,
		-0.887322,
		0,
		0.861225,
		0.503505,
		0.069096,
		0,
		0.421653,
		-0.783788,
		0.455945,
		0,
		1.351891,
		0.672679,
		0.504639,
		1
	},
	[0.383333333333] = {
		0.285405,
		-0.418413,
		-0.86225,
		0,
		0.831737,
		0.555138,
		0.005922,
		0,
		0.47619,
		-0.718856,
		0.506449,
		0,
		1.29352,
		0.788109,
		0.489887,
		1
	},
	[0.3] = {
		0.366213,
		-0.324297,
		-0.872193,
		0,
		0.89056,
		0.393908,
		0.227463,
		0,
		0.269798,
		-0.86004,
		0.43306,
		0,
		1.373385,
		0.404707,
		0.460664,
		1
	},
	[0.416666666667] = {
		0.336405,
		-0.540838,
		-0.770925,
		0,
		0.740318,
		0.657844,
		-0.138457,
		0,
		0.582031,
		-0.524152,
		0.621694,
		0,
		1.129075,
		1.021841,
		0.429401,
		1
	},
	[0.433333333333] = {
		0.39389,
		-0.589748,
		-0.705016,
		0,
		0.673047,
		0.707434,
		-0.215742,
		0,
		0.625986,
		-0.38953,
		0.67558,
		0,
		1.024464,
		1.117668,
		0.382856,
		1
	},
	[0.45] = {
		0.477579,
		-0.615647,
		-0.626815,
		0,
		0.585986,
		0.754773,
		-0.294854,
		0,
		0.654629,
		-0.226488,
		0.721224,
		0,
		0.908163,
		1.19096,
		0.328722,
		1
	},
	[0.466666666667] = {
		0.588898,
		-0.603461,
		-0.537618,
		0,
		0.473181,
		0.79671,
		-0.375969,
		0,
		0.655209,
		-0.032983,
		0.754728,
		0,
		0.777976,
		1.228407,
		0.266821,
		1
	},
	[0.483333333333] = {
		0.751746,
		-0.505015,
		-0.424072,
		0,
		0.279661,
		0.826519,
		-0.488525,
		0,
		0.597216,
		0.24865,
		0.762566,
		0,
		0.557294,
		1.254101,
		0.166244,
		1
	},
	[0.4] = {
		0.301598,
		-0.480483,
		-0.823514,
		0,
		0.792184,
		0.606919,
		-0.063986,
		0,
		0.53055,
		-0.633077,
		0.563676,
		0,
		1.218233,
		0.907121,
		0.464484,
		1
	},
	[0.516666666667] = {
		0.987013,
		-0.01222,
		-0.160175,
		0,
		-0.12591,
		0.560362,
		-0.818621,
		0,
		0.099759,
		0.828157,
		0.551546,
		0,
		-0.043752,
		1.270346,
		-0.153731,
		1
	},
	[0.533333333333] = {
		0.976609,
		0.197403,
		-0.085247,
		0,
		-0.152785,
		0.358102,
		-0.921097,
		0,
		-0.1513,
		0.912576,
		0.379886,
		0,
		-0.206587,
		1.245463,
		-0.294509,
		1
	},
	[0.55] = {
		0.651779,
		0.706323,
		-0.276211,
		0,
		-0.052109,
		-0.32163,
		-0.94543,
		0,
		-0.756617,
		0.630605,
		-0.172826,
		0,
		-0.488374,
		0.909152,
		-0.53406,
		1
	},
	[0.566666666667] = {
		0.263286,
		0.848166,
		-0.459668,
		0,
		0.092526,
		-0.496484,
		-0.863101,
		0,
		-0.960271,
		0.184711,
		-0.209194,
		0,
		-0.628655,
		0.666016,
		-0.638446,
		1
	},
	[0.583333333333] = {
		-0.047286,
		0.747547,
		-0.662523,
		0,
		0.174649,
		-0.646861,
		-0.74234,
		0,
		-0.983495,
		-0.150811,
		-0.099971,
		0,
		-0.780138,
		0.371037,
		-0.620512,
		1
	},
	[0.5] = {
		0.915461,
		-0.285018,
		-0.284069,
		0,
		0.032277,
		0.755661,
		-0.654167,
		0,
		0.40111,
		0.589695,
		0.700978,
		0,
		0.244006,
		1.275147,
		0.013653,
		1
	},
	[0.616666666667] = {
		-0.194425,
		0.321018,
		-0.926901,
		0,
		0.567954,
		-0.733587,
		-0.3732,
		0,
		-0.799767,
		-0.598997,
		-0.039696,
		0,
		-0.828649,
		0.019074,
		-0.670068,
		1
	},
	[0.633333333333] = {
		-0.222968,
		0.241137,
		-0.944531,
		0,
		0.557492,
		-0.763296,
		-0.326471,
		0,
		-0.79968,
		-0.59936,
		0.035758,
		0,
		-0.794569,
		-0.128765,
		-0.787674,
		1
	},
	[0.65] = {
		-0.26115,
		0.220254,
		-0.939834,
		0,
		0.488908,
		-0.809324,
		-0.32552,
		0,
		-0.832328,
		-0.544503,
		0.103671,
		0,
		-0.74518,
		-0.276671,
		-0.933344,
		1
	},
	[0.666666666667] = {
		-0.294062,
		0.244651,
		-0.923944,
		0,
		0.383952,
		-0.85502,
		-0.3486,
		0,
		-0.875276,
		-0.45726,
		0.157495,
		0,
		-0.618295,
		-0.386523,
		-1.036582,
		1
	},
	[0.683333333333] = {
		-0.302249,
		0.295841,
		-0.906159,
		0,
		0.270242,
		-0.885024,
		-0.37908,
		0,
		-0.91412,
		-0.359459,
		0.187549,
		0,
		-0.494203,
		-0.449954,
		-1.101764,
		1
	},
	[0.6] = {
		-0.171602,
		0.471939,
		-0.864769,
		0,
		0.489343,
		-0.721016,
		-0.490591,
		0,
		-0.855042,
		-0.507355,
		-0.107212,
		0,
		-0.85157,
		0.156195,
		-0.60568,
		1
	},
	[0.716666666667] = {
		-0.189936,
		0.413959,
		-0.89026,
		0,
		0.121974,
		-0.889792,
		-0.439764,
		0,
		-0.97419,
		-0.192115,
		0.118511,
		0,
		-0.3315,
		-0.486058,
		-1.178036,
		1
	},
	[0.733333333333] = {
		-0.060418,
		0.497918,
		-0.865117,
		0,
		0.055894,
		-0.863653,
		-0.500979,
		0,
		-0.996607,
		-0.078623,
		0.02435,
		0,
		-0.259519,
		-0.490614,
		-1.215001,
		1
	},
	[0.75] = {
		0.109883,
		0.58036,
		-0.806913,
		0,
		-0.001857,
		-0.811707,
		-0.584062,
		0,
		-0.993943,
		0.065676,
		-0.088115,
		0,
		-0.188855,
		-0.484454,
		-1.252864,
		1
	},
	[0.766666666667] = {
		0.302457,
		0.638049,
		-0.708105,
		0,
		-0.037559,
		-0.734346,
		-0.677736,
		0,
		-0.952423,
		0.231581,
		-0.198144,
		0,
		-0.119906,
		-0.465612,
		-1.288448,
		1
	},
	[0.783333333333] = {
		0.492012,
		0.655557,
		-0.572861,
		0,
		-0.042426,
		-0.639179,
		-0.767887,
		0,
		-0.869554,
		0.402114,
		-0.286671,
		0,
		-0.057557,
		-0.439151,
		-1.32815,
		1
	},
	[0.7] = {
		-0.270519,
		0.350178,
		-0.896769,
		0,
		0.184601,
		-0.895348,
		-0.405309,
		0,
		-0.94485,
		-0.275188,
		0.177565,
		0,
		-0.403132,
		-0.476255,
		-1.143102,
		1
	},
	[0.816666666667] = {
		0.78249,
		0.570481,
		-0.249521,
		0,
		0.02927,
		-0.433988,
		-0.900443,
		0,
		-0.621975,
		0.697284,
		-0.356289,
		0,
		0.030936,
		-0.395815,
		-1.390792,
		1
	},
	[0.833333333333] = {
		0.868787,
		0.486421,
		-0.09276,
		0,
		0.089986,
		-0.339286,
		-0.936369,
		0,
		-0.486942,
		0.805158,
		-0.338538,
		0,
		0.045579,
		-0.38664,
		-1.407155,
		1
	},
	[0.85] = {
		0.869786,
		0.48824,
		-0.071371,
		0,
		0.100913,
		-0.317598,
		-0.94284,
		0,
		-0.483,
		0.812867,
		-0.325513,
		0,
		0.040441,
		-0.414949,
		-1.397163,
		1
	},
	[0.866666666667] = {
		0.870453,
		0.489795,
		-0.049115,
		0,
		0.111633,
		-0.293592,
		-0.94939,
		0,
		-0.479427,
		0.820917,
		-0.310235,
		0,
		0.032079,
		-0.45014,
		-1.383014,
		1
	},
	[0.883333333333] = {
		0.870748,
		0.491011,
		-0.026587,
		0,
		0.121741,
		-0.267646,
		-0.955795,
		0,
		-0.476422,
		0.82902,
		-0.292829,
		0,
		0.025023,
		-0.484867,
		-1.351544,
		1
	},
	[0.8] = {
		0.656258,
		0.630555,
		-0.414398,
		0,
		-0.017828,
		-0.536097,
		-0.843968,
		0,
		-0.754326,
		0.561249,
		-0.340577,
		0,
		-0.00675,
		-0.414796,
		-1.368402,
		1
	},
	[0.916666666667] = {
		0.8701,
		0.492583,
		0.016948,
		0,
		0.138599,
		-0.211535,
		-0.967493,
		0,
		-0.472986,
		0.844165,
		-0.252328,
		0,
		-0.009362,
		-0.577121,
		-1.321735,
		1
	},
	[0.933333333333] = {
		0.8691,
		0.493263,
		0.03684,
		0,
		0.144632,
		-0.182195,
		-0.972567,
		0,
		-0.473019,
		0.850586,
		-0.229687,
		0,
		-0.027113,
		-0.620367,
		-1.30097,
		1
	},
	[0.95] = {
		0.867595,
		0.494244,
		0.054801,
		0,
		0.148623,
		-0.152559,
		-0.977055,
		0,
		-0.474543,
		0.855832,
		-0.205815,
		0,
		-0.043099,
		-0.657828,
		-1.27836,
		1
	},
	[0.966666666667] = {
		0.86552,
		0.495905,
		0.070375,
		0,
		0.150261,
		-0.123047,
		-0.980959,
		0,
		-0.477803,
		0.859615,
		-0.181015,
		0,
		-0.056004,
		-0.686955,
		-1.257292,
		1
	},
	[0.983333333333] = {
		0.862782,
		0.49869,
		0.083157,
		0,
		0.149251,
		-0.094083,
		-0.984313,
		0,
		-0.483044,
		0.861659,
		-0.155603,
		0,
		-0.064562,
		-0.705194,
		-1.241464,
		1
	},
	[0.9] = {
		0.870639,
		0.491903,
		-0.004375,
		0,
		0.130853,
		-0.240158,
		-0.961874,
		0,
		-0.474199,
		0.836873,
		-0.273458,
		0,
		0.008802,
		-0.530656,
		-1.338028,
		1
	}
}

return spline_matrices
