-- chunkname: @content/characters/player/ogryn/first_person/animations/slab_shield/slab_shield_maul/swing_down_right.lua

local spline_matrices = {
	[0.0166666666667] = {
		0.914546,
		-0.055667,
		0.400634,
		0,
		0.338687,
		-0.436101,
		-0.833731,
		0,
		0.221128,
		0.898174,
		-0.379981,
		0,
		0.587871,
		-0.374578,
		-0.506791,
		1,
	},
	[0.0333333333333] = {
		0.929823,
		-0.164879,
		0.329005,
		0,
		0.299096,
		-0.182292,
		-0.936649,
		0,
		0.214409,
		0.969322,
		-0.120184,
		0,
		0.581126,
		-0.320792,
		-0.469391,
		1,
	},
	[0.05] = {
		0.939593,
		-0.263299,
		0.218722,
		0,
		0.255801,
		0.115532,
		-0.959801,
		0,
		0.227445,
		0.957772,
		0.175905,
		0,
		0.576166,
		-0.267069,
		-0.403808,
		1,
	},
	[0.0666666666667] = {
		0.94143,
		-0.329332,
		0.072455,
		0,
		0.216972,
		0.42712,
		-0.877776,
		0,
		0.258133,
		0.842086,
		0.47356,
		0,
		0.573843,
		-0.221744,
		-0.311414,
		1,
	},
	[0.0833333333333] = {
		0.934656,
		-0.342788,
		-0.094421,
		0,
		0.1906,
		0.707226,
		-0.680811,
		0,
		0.30015,
		0.618327,
		0.726348,
		0,
		0.574411,
		-0.193299,
		-0.19809,
		1,
	},
	[0] = {
		0.896527,
		0.047213,
		0.440465,
		0,
		0.368098,
		-0.632586,
		-0.681424,
		0,
		0.24646,
		0.77305,
		-0.58451,
		0,
		0.595455,
		-0.422096,
		-0.517789,
		1,
	},
	[0.116666666667] = {
		0.906149,
		-0.186392,
		-0.379672,
		0,
		0.190013,
		0.981374,
		-0.028288,
		0,
		0.377873,
		-0.04651,
		0.924688,
		0,
		0.58021,
		-0.204708,
		0.04761,
		1,
	},
	[0.133333333333] = {
		0.894421,
		-0.045147,
		-0.444941,
		0,
		0.209758,
		0.921023,
		0.328204,
		0,
		0.394984,
		-0.386883,
		0.833252,
		0,
		0.581383,
		-0.239077,
		0.155947,
		1,
	},
	[0.15] = {
		0.889864,
		0.098903,
		-0.445376,
		0,
		0.232394,
		0.74181,
		0.629056,
		0,
		0.3926,
		-0.663277,
		0.637125,
		0,
		0.578724,
		-0.280323,
		0.244378,
		1,
	},
	[0.166666666667] = {
		0.892852,
		0.217574,
		-0.394305,
		0,
		0.250975,
		0.486598,
		0.8368,
		0,
		0.373933,
		-0.8461,
		0.379854,
		0,
		0.571398,
		-0.317503,
		0.312879,
		1,
	},
	[0.183333333333] = {
		0.903688,
		0.295836,
		-0.309562,
		0,
		0.258411,
		0.199663,
		0.945176,
		0,
		0.341425,
		-0.934139,
		0.103986,
		0,
		0.558513,
		-0.343791,
		0.367135,
		1,
	},
	[0.1] = {
		0.921356,
		-0.293168,
		-0.255255,
		0,
		0.181707,
		0.905318,
		-0.383903,
		0,
		0.343635,
		0.30733,
		0.887391,
		0,
		0.577125,
		-0.187495,
		-0.074184,
		1,
	},
	[0.216666666667] = {
		0.941538,
		0.318139,
		-0.110882,
		0,
		0.22159,
		-0.336854,
		0.91511,
		0,
		0.253781,
		-0.886181,
		-0.387657,
		0,
		0.51555,
		-0.352908,
		0.457062,
		1,
	},
	[0.233333333333] = {
		0.960205,
		0.277414,
		-0.032363,
		0,
		0.183846,
		-0.540568,
		0.820967,
		0,
		0.210253,
		-0.794247,
		-0.570058,
		0,
		0.487763,
		-0.336679,
		0.502185,
		1,
	},
	[0.25] = {
		0.975251,
		0.220153,
		0.020465,
		0,
		0.141429,
		-0.692295,
		0.707619,
		0,
		0.169952,
		-0.687212,
		-0.706297,
		0,
		0.45704,
		-0.310843,
		0.550963,
		1,
	},
	[0.266666666667] = {
		0.986113,
		0.159313,
		0.046914,
		0,
		0.100486,
		-0.797263,
		0.59521,
		0,
		0.132228,
		-0.58223,
		-0.8022,
		0,
		0.423802,
		-0.279383,
		0.60361,
		1,
	},
	[0.283333333333] = {
		0.993267,
		0.104474,
		0.05006,
		0,
		0.065889,
		-0.864876,
		0.497642,
		0,
		0.095286,
		-0.490993,
		-0.865937,
		0,
		0.388087,
		-0.245809,
		0.658912,
		1,
	},
	[0.2] = {
		0.921427,
		0.328103,
		-0.208137,
		0,
		0.248144,
		-0.084703,
		0.965013,
		0,
		0.298993,
		-0.940837,
		-0.159464,
		0,
		0.53953,
		-0.355928,
		0.413428,
		1,
	},
	[0.316666666667] = {
		0.999469,
		0.032332,
		0.004145,
		0,
		0.028386,
		-0.925805,
		0.376935,
		0,
		0.016025,
		-0.376617,
		-0.92623,
		0,
		0.30843,
		-0.181989,
		0.769307,
		1,
	},
	[0.333333333333] = {
		0.999157,
		0.016875,
		-0.037434,
		0,
		0.029263,
		-0.932172,
		0.360831,
		0,
		-0.028806,
		-0.361623,
		-0.931879,
		0,
		0.26405,
		-0.154336,
		0.820092,
		1,
	},
	[0.35] = {
		0.995737,
		0.010915,
		-0.091591,
		0,
		0.045162,
		-0.923503,
		0.380925,
		0,
		-0.080427,
		-0.383437,
		-0.920058,
		0,
		0.208082,
		-0.104867,
		0.865914,
		1,
	},
	[0.366666666667] = {
		0.987321,
		0.007036,
		-0.158582,
		0,
		0.076639,
		-0.895997,
		0.437397,
		0,
		-0.139012,
		-0.444005,
		-0.885175,
		0,
		0.135419,
		-0.016509,
		0.906232,
		1,
	},
	[0.383333333333] = {
		0.97214,
		-0.003128,
		-0.234382,
		0,
		0.123233,
		-0.843753,
		0.522393,
		0,
		-0.199395,
		-0.536723,
		-0.81986,
		0,
		0.05093,
		0.099357,
		0.94048,
		1,
	},
	[0.3] = {
		0.997523,
		0.061372,
		0.034383,
		0,
		0.041089,
		-0.905035,
		0.423348,
		0,
		0.057099,
		-0.420886,
		-0.905314,
		0,
		0.349711,
		-0.212768,
		0.714882,
		1,
	},
	[0.416666666667] = {
		0.920181,
		-0.082528,
		-0.382697,
		0,
		0.250918,
		-0.626031,
		0.738326,
		0,
		-0.300513,
		-0.775419,
		-0.555353,
		0,
		-0.136684,
		0.371875,
		0.987326,
		1,
	},
	[0.433333333333] = {
		0.888984,
		-0.170415,
		-0.425049,
		0,
		0.318047,
		-0.438038,
		0.840814,
		0,
		-0.329475,
		-0.882656,
		-0.335209,
		0,
		-0.229548,
		0.506114,
		0.988225,
		1,
	},
	[0.45] = {
		0.827196,
		-0.41886,
		-0.374571,
		0,
		0.365944,
		-0.104297,
		0.924774,
		0,
		-0.426418,
		-0.902041,
		0.067005,
		0,
		-0.258615,
		0.696809,
		0.93119,
		1,
	},
	[0.466666666667] = {
		0.713199,
		-0.696297,
		-0.080736,
		0,
		0.423842,
		0.336633,
		0.840855,
		0,
		-0.558306,
		-0.633916,
		0.535206,
		0,
		-0.214838,
		0.95375,
		0.787896,
		1,
	},
	[0.483333333333] = {
		0.666607,
		-0.693572,
		0.27312,
		0,
		0.470503,
		0.67569,
		0.567513,
		0,
		-0.578155,
		-0.249804,
		0.776747,
		0,
		-0.175971,
		1.148776,
		0.529735,
		1,
	},
	[0.4] = {
		0.94937,
		-0.029447,
		-0.312777,
		0,
		0.18296,
		-0.757516,
		0.626654,
		0,
		-0.255387,
		-0.652152,
		-0.713775,
		0,
		-0.040986,
		0.232087,
		0.967984,
		1,
	},
	[0.516666666667] = {
		0.660157,
		-0.332654,
		0.673449,
		0,
		0.616813,
		0.751735,
		-0.233315,
		0,
		-0.428643,
		0.569417,
		0.701449,
		0,
		-0.091189,
		1.47834,
		-0.201969,
		1,
	},
	[0.533333333333] = {
		0.708348,
		0.048373,
		0.704204,
		0,
		0.587013,
		0.513663,
		-0.625752,
		0,
		-0.391993,
		0.856627,
		0.335457,
		0,
		0.006677,
		1.501038,
		-0.559824,
		1,
	},
	[0.55] = {
		0.715876,
		0.563606,
		0.412152,
		0,
		0.662296,
		-0.361196,
		-0.656431,
		0,
		-0.221101,
		0.74289,
		-0.631846,
		0,
		0.254904,
		1.093627,
		-1.03145,
		1,
	},
	[0.566666666667] = {
		0.611704,
		0.787959,
		-0.070278,
		0,
		0.659721,
		-0.557134,
		-0.504352,
		0,
		-0.436563,
		0.26215,
		-0.860634,
		0,
		-0.106038,
		0.633766,
		-1.325846,
		1,
	},
	[0.583333333333] = {
		0.55296,
		0.626034,
		-0.549833,
		0,
		0.601233,
		-0.75666,
		-0.256873,
		0,
		-0.576848,
		-0.188538,
		-0.794796,
		0,
		-0.359413,
		0.293719,
		-1.458718,
		1,
	},
	[0.5] = {
		0.670435,
		-0.557768,
		0.489298,
		0,
		0.549111,
		0.816495,
		0.17836,
		0,
		-0.498993,
		0.1491,
		0.853683,
		0,
		-0.147105,
		1.329228,
		0.189418,
		1,
	},
	[0.616666666667] = {
		0.48178,
		0.569516,
		-0.665988,
		0,
		0.790865,
		-0.609898,
		0.050565,
		0,
		-0.377387,
		-0.551068,
		-0.744247,
		0,
		-0.262678,
		-0.009803,
		-1.497292,
		1,
	},
	[0.633333333333] = {
		0.469717,
		0.509646,
		-0.720851,
		0,
		0.783671,
		-0.616673,
		0.07466,
		0,
		-0.406479,
		-0.599979,
		-0.689057,
		0,
		-0.183375,
		-0.129933,
		-1.512336,
		1,
	},
	[0.65] = {
		0.456969,
		0.448334,
		-0.768229,
		0,
		0.747684,
		-0.661453,
		0.058728,
		0,
		-0.481817,
		-0.601229,
		-0.637476,
		0,
		-0.098789,
		-0.226387,
		-1.513113,
		1,
	},
	[0.666666666667] = {
		0.445963,
		0.394636,
		-0.803355,
		0,
		0.686501,
		-0.72673,
		0.024099,
		0,
		-0.574312,
		-0.562251,
		-0.595012,
		0,
		-0.021285,
		-0.293502,
		-1.505638,
		1,
	},
	[0.683333333333] = {
		0.44787,
		0.35472,
		-0.820723,
		0,
		0.607561,
		-0.794187,
		-0.011704,
		0,
		-0.655959,
		-0.493397,
		-0.571206,
		0,
		0.043019,
		-0.331158,
		-1.495804,
		1,
	},
	[0.6] = {
		0.500024,
		0.616086,
		-0.608617,
		0,
		0.755706,
		-0.653639,
		-0.040792,
		0,
		-0.422947,
		-0.439538,
		-0.792415,
		0,
		-0.328203,
		0.121076,
		-1.481491,
		1,
	},
	[0.716666666667] = {
		0.550727,
		0.316697,
		-0.772271,
		0,
		0.439624,
		-0.896548,
		-0.054153,
		0,
		-0.709528,
		-0.309686,
		-0.63298,
		0,
		0.135878,
		-0.334412,
		-1.486672,
		1,
	},
	[0.733333333333] = {
		0.65058,
		0.297967,
		-0.698542,
		0,
		0.32811,
		-0.93982,
		-0.095303,
		0,
		-0.684901,
		-0.167196,
		-0.709194,
		0,
		0.183349,
		-0.323492,
		-1.48361,
		1,
	},
	[0.75] = {
		0.762364,
		0.260312,
		-0.592486,
		0,
		0.203009,
		-0.965516,
		-0.162989,
		0,
		-0.614483,
		0.003977,
		-0.78892,
		0,
		0.231933,
		-0.305171,
		-1.480754,
		1,
	},
	[0.766666666667] = {
		0.86578,
		0.194466,
		-0.461094,
		0,
		0.079873,
		-0.963294,
		-0.256292,
		0,
		-0.494009,
		0.185064,
		-0.849533,
		0,
		0.280565,
		-0.27864,
		-1.478957,
		1,
	},
	[0.783333333333] = {
		0.942816,
		0.100005,
		-0.317956,
		0,
		-0.025177,
		-0.929837,
		-0.36711,
		0,
		-0.33236,
		0.354122,
		-0.874148,
		0,
		0.328234,
		-0.245431,
		-1.479318,
		1,
	},
	[0.7] = {
		0.479588,
		0.330639,
		-0.812818,
		0,
		0.527202,
		-0.849047,
		-0.034311,
		0,
		-0.701465,
		-0.412064,
		-0.581507,
		0,
		0.09189,
		-0.340505,
		-1.489458,
		1,
	},
	[0.816666666667] = {
		0.988591,
		-0.138037,
		-0.060286,
		0,
		-0.14654,
		-0.788772,
		-0.596963,
		0,
		0.034852,
		0.598987,
		-0.8,
		0,
		0.413926,
		-0.193766,
		-1.491295,
		1,
	},
	[0.833333333333] = {
		0.965242,
		-0.259191,
		0.033599,
		0,
		-0.163165,
		-0.698018,
		-0.697243,
		0,
		0.204172,
		0.667526,
		-0.716047,
		0,
		0.442209,
		-0.181307,
		-1.498758,
		1,
	},
	[0.85] = {
		0.964745,
		-0.260289,
		0.03895,
		0,
		-0.15513,
		-0.681939,
		-0.714769,
		0,
		0.212608,
		0.683527,
		-0.698275,
		0,
		0.447932,
		-0.205618,
		-1.493751,
		1,
	},
	[0.866666666667] = {
		0.964288,
		-0.261302,
		0.043252,
		0,
		-0.146911,
		-0.663571,
		-0.733546,
		0,
		0.220378,
		0.700995,
		-0.678262,
		0,
		0.45354,
		-0.234526,
		-1.486858,
		1,
	},
	[0.883333333333] = {
		0.963871,
		-0.262314,
		0.046298,
		0,
		-0.138932,
		-0.643379,
		-0.752836,
		0,
		0.227267,
		0.719204,
		-0.656578,
		0,
		0.458436,
		-0.267064,
		-1.478284,
		1,
	},
	[0.8] = {
		0.983586,
		-0.014867,
		-0.179826,
		0,
		-0.10167,
		-0.868999,
		-0.484256,
		0,
		-0.149069,
		0.49459,
		-0.856247,
		0,
		0.373728,
		-0.214776,
		-1.48372,
		1,
	},
	[0.916666666667] = {
		0.963456,
		-0.263612,
		0.047544,
		0,
		-0.124762,
		-0.598683,
		-0.79121,
		0,
		0.237036,
		0.756365,
		-0.609693,
		0,
		0.464833,
		-0.336073,
		-1.457825,
		1,
	},
	[0.933333333333] = {
		0.963634,
		-0.263357,
		0.045298,
		0,
		-0.119059,
		-0.574883,
		-0.809528,
		0,
		0.239236,
		0.774695,
		-0.585332,
		0,
		0.466216,
		-0.368788,
		-1.447087,
		1,
	},
	[0.95] = {
		0.96419,
		-0.262037,
		0.040917,
		0,
		-0.114564,
		-0.550659,
		-0.826831,
		0,
		0.239191,
		0.792535,
		-0.56096,
		0,
		0.466585,
		-0.397609,
		-1.436918,
		1,
	},
	[0.966666666667] = {
		0.965204,
		-0.25924,
		0.034285,
		0,
		-0.111462,
		-0.526467,
		-0.842858,
		0,
		0.236553,
		0.809708,
		-0.537043,
		0,
		0.4662,
		-0.420375,
		-1.428071,
		1,
	},
	[0.983333333333] = {
		0.966734,
		-0.254525,
		0.025331,
		0,
		-0.109912,
		-0.502793,
		-0.85739,
		0,
		0.230964,
		0.826085,
		-0.514043,
		0,
		0.465331,
		-0.434857,
		-1.421325,
		1,
	},
	[0.9] = {
		0.963566,
		-0.263163,
		0.04781,
		0,
		-0.131464,
		-0.62164,
		-0.772192,
		0,
		0.232933,
		0.737773,
		-0.633588,
		0,
		0.462253,
		-0.301519,
		-1.468432,
		1,
	},
	{
		0.968804,
		-0.247433,
		0.014007,
		0,
		-0.110049,
		-0.480151,
		-0.870255,
		0,
		0.222056,
		0.841565,
		-0.492402,
		0,
		0.464195,
		-0.438834,
		-1.417452,
		1,
	},
}

return spline_matrices
