local spline_matrices = {
	[0] = {
		0.885692,
		0.125896,
		0.446878,
		0,
		0.37833,
		-0.753617,
		-0.53752,
		0,
		0.269103,
		0.645144,
		-0.715103,
		0,
		0.595055,
		-0.460697,
		-0.516551,
		1
	},
	{
		0.984207,
		-0.172949,
		0.037762,
		0,
		-0.082234,
		-0.635581,
		-0.767642,
		0,
		0.156764,
		0.752413,
		-0.639765,
		0,
		0.456915,
		-0.476326,
		-1.419268,
		1
	},
	[0.0166666666667] = {
		0.898229,
		0.014933,
		0.439275,
		0,
		0.36123,
		-0.594446,
		-0.718434,
		0,
		0.250397,
		0.803997,
		-0.539342,
		0,
		0.59222,
		-0.413202,
		-0.515351,
		1
	},
	[0.0333333333333] = {
		0.910839,
		-0.110643,
		0.397657,
		0,
		0.332429,
		-0.374436,
		-0.865615,
		0,
		0.244672,
		0.920628,
		-0.30427,
		0,
		0.593208,
		-0.356385,
		-0.487989,
		1
	},
	[0.05] = {
		0.92036,
		-0.234905,
		0.312662,
		0,
		0.297192,
		-0.099549,
		-0.949614,
		0,
		0.254194,
		0.966907,
		-0.021809,
		0,
		0.598639,
		-0.295607,
		-0.431953,
		1
	},
	[0.0666666666667] = {
		0.92373,
		-0.33647,
		0.183057,
		0,
		0.262741,
		0.208824,
		-0.941998,
		0,
		0.278728,
		0.918249,
		0.281302,
		0,
		0.609149,
		-0.238488,
		-0.34718,
		1
	},
	[0.0833333333333] = {
		0.919232,
		-0.39324,
		0.019357,
		0,
		0.237009,
		0.513431,
		-0.824752,
		0,
		0.314387,
		0.762726,
		0.565164,
		0,
		0.62498,
		-0.193565,
		-0.23751,
		1
	},
	[0.116666666667] = {
		0.891994,
		-0.324268,
		-0.314955,
		0,
		0.233178,
		0.926939,
		-0.293959,
		0,
		0.387265,
		0.188769,
		0.902437,
		0,
		0.669379,
		-0.164404,
		0.020596,
		1
	},
	[0.133333333333] = {
		0.877146,
		-0.210701,
		-0.431532,
		0,
		0.254853,
		0.965864,
		0.046428,
		0,
		0.407019,
		-0.150702,
		0.900902,
		0,
		0.694233,
		-0.180568,
		0.146208,
		1
	},
	[0.15] = {
		0.866889,
		-0.074315,
		-0.492932,
		0,
		0.285101,
		0.885056,
		0.367958,
		0,
		0.408927,
		-0.459514,
		0.788432,
		0,
		0.717957,
		-0.20899,
		0.257246,
		1
	},
	[0.166666666667] = {
		0.86247,
		0.058198,
		-0.502752,
		0,
		0.317317,
		0.711691,
		0.626743,
		0,
		0.394279,
		-0.700078,
		0.595344,
		0,
		0.739139,
		-0.240126,
		0.350459,
		1
	},
	[0.183333333333] = {
		0.865562,
		0.169152,
		-0.47137,
		0,
		0.344704,
		0.48156,
		0.805779,
		0,
		0.363292,
		-0.859935,
		0.358513,
		0,
		0.756207,
		-0.2669,
		0.428735,
		1
	},
	[0.1] = {
		0.907564,
		-0.389787,
		-0.156182,
		0,
		0.226357,
		0.767404,
		-0.599878,
		0,
		0.353679,
		0.509075,
		0.7847,
		0,
		0.645565,
		-0.167883,
		-0.11115,
		1
	},
	[0.216666666667] = {
		0.893686,
		0.292644,
		-0.340125,
		0,
		0.362251,
		-0.023282,
		0.93179,
		0,
		0.264763,
		-0.955938,
		-0.126818,
		0,
		0.774146,
		-0.2913,
		0.557279,
		1
	},
	[0.233333333333] = {
		0.911456,
		0.307011,
		-0.273848,
		0,
		0.353554,
		-0.244193,
		0.902978,
		0,
		0.210352,
		-0.919845,
		-0.331116,
		0,
		0.776015,
		-0.285879,
		0.615198,
		1
	},
	[0.25] = {
		0.927375,
		0.300929,
		-0.222299,
		0,
		0.339083,
		-0.42495,
		0.83931,
		0,
		0.158107,
		-0.853733,
		-0.496128,
		0,
		0.774059,
		-0.270579,
		0.672807,
		1
	},
	[0.266666666667] = {
		0.939514,
		0.284877,
		-0.190156,
		0,
		0.324552,
		-0.563029,
		0.760043,
		0,
		0.109456,
		-0.775786,
		-0.62143,
		0,
		0.768698,
		-0.248308,
		0.731238,
		1
	},
	[0.283333333333] = {
		0.946854,
		0.267814,
		-0.178164,
		0,
		0.315168,
		-0.661684,
		0.680326,
		0,
		0.064313,
		-0.700322,
		-0.710924,
		0,
		0.760048,
		-0.222082,
		0.790255,
		1
	},
	[0.2] = {
		0.877121,
		0.248332,
		-0.411084,
		0,
		0.360164,
		0.226119,
		0.90507,
		0,
		0.317712,
		-0.941914,
		0.108893,
		0,
		0.767775,
		-0.284931,
		0.496391,
		1
	},
	[0.316666666667] = {
		0.94477,
		0.252654,
		-0.208746,
		0,
		0.327212,
		-0.763064,
		0.557374,
		0,
		-0.018464,
		-0.594895,
		-0.803591,
		0,
		0.732319,
		-0.167252,
		0.904866,
		1
	},
	[0.333333333333] = {
		0.933719,
		0.258143,
		-0.248056,
		0,
		0.35345,
		-0.774897,
		0.524031,
		0,
		-0.056943,
		-0.576973,
		-0.814776,
		0,
		0.712773,
		-0.141501,
		0.957028,
		1
	},
	[0.35] = {
		0.913435,
		0.267644,
		-0.3066,
		0,
		0.395615,
		-0.760744,
		0.514546,
		0,
		-0.095529,
		-0.5913,
		-0.800774,
		0,
		0.68039,
		-0.092328,
		1.004115,
		1
	},
	[0.366666666667] = {
		0.881163,
		0.273196,
		-0.385895,
		0,
		0.45356,
		-0.71894,
		0.526695,
		0,
		-0.133544,
		-0.639131,
		-0.757415,
		0,
		0.629536,
		-0.00292,
		1.04536,
		1
	},
	[0.383333333333] = {
		0.835149,
		0.265965,
		-0.481445,
		0,
		0.524505,
		-0.648629,
		0.551521,
		0,
		-0.165594,
		-0.713122,
		-0.681201,
		0,
		0.565031,
		0.114781,
		1.079519,
		1
	},
	[0.3] = {
		0.948816,
		0.255987,
		-0.184984,
		0,
		0.315069,
		-0.726547,
		0.610624,
		0,
		0.021912,
		-0.637652,
		-0.770013,
		0,
		0.747998,
		-0.194453,
		0.848685,
		1
	},
	[0.416666666667] = {
		0.702592,
		0.168602,
		-0.69133,
		0,
		0.687179,
		-0.413052,
		0.597639,
		0,
		-0.184792,
		-0.894965,
		-0.406067,
		0,
		0.413242,
		0.391416,
		1.120188,
		1
	},
	[0.433333333333] = {
		0.625395,
		0.055423,
		-0.778338,
		0,
		0.764233,
		-0.24493,
		0.596621,
		0,
		-0.157572,
		-0.967955,
		-0.195534,
		0,
		0.332843,
		0.529658,
		1.121316,
		1
	},
	[0.45] = {
		0.510848,
		-0.211211,
		-0.833321,
		0,
		0.84766,
		-0.037719,
		0.529198,
		0,
		-0.143205,
		-0.976712,
		0.159766,
		0,
		0.280537,
		0.716594,
		1.05373,
		1
	},
	[0.466666666667] = {
		0.392417,
		-0.598572,
		-0.69837,
		0,
		0.913947,
		0.168322,
		0.369282,
		0,
		-0.103491,
		-0.783185,
		0.613115,
		0,
		0.270441,
		0.949073,
		0.871805,
		1
	},
	[0.483333333333] = {
		0.426708,
		-0.834477,
		-0.348667,
		0,
		0.904359,
		0.396869,
		0.156939,
		0,
		0.007414,
		-0.382287,
		0.924014,
		0,
		0.222675,
		1.168348,
		0.592632,
		1
	},
	[0.4] = {
		0.774897,
		0.235069,
		-0.586752,
		0,
		0.604362,
		-0.547452,
		0.578829,
		0,
		-0.185154,
		-0.803143,
		-0.566286,
		0,
		0.491576,
		0.249687,
		1.105159,
		1
	},
	[0.516666666667] = {
		0.7318,
		-0.442702,
		0.518154,
		0,
		0.676692,
		0.562326,
		-0.475266,
		0,
		-0.08097,
		0.69843,
		0.711083,
		0,
		0.074953,
		1.51173,
		-0.204179,
		1
	},
	[0.533333333333] = {
		0.812334,
		0.072326,
		0.57869,
		0,
		0.517676,
		0.36752,
		-0.77262,
		0,
		-0.268561,
		0.927199,
		0.261107,
		0,
		0.00729,
		1.480968,
		-0.564182,
		1
	},
	[0.55] = {
		0.597176,
		0.703165,
		0.385926,
		0,
		0.735159,
		-0.287377,
		-0.613966,
		0,
		-0.320813,
		0.650363,
		-0.688554,
		0,
		-0.163394,
		1.065491,
		-1.030667,
		1
	},
	[0.566666666667] = {
		0.464639,
		0.876082,
		-0.128807,
		0,
		0.760288,
		-0.469266,
		-0.449167,
		0,
		-0.453952,
		0.11077,
		-0.884114,
		0,
		-0.268027,
		0.61825,
		-1.317174,
		1
	},
	[0.583333333333] = {
		0.502458,
		0.644095,
		-0.576782,
		0,
		0.709658,
		-0.688302,
		-0.150419,
		0,
		-0.493885,
		-0.333739,
		-0.80293,
		0,
		-0.325266,
		0.291164,
		-1.445394,
		1
	},
	[0.5] = {
		0.594285,
		-0.796106,
		0.114193,
		0,
		0.802308,
		0.576967,
		-0.153005,
		0,
		0.055922,
		0.182547,
		0.981606,
		0,
		0.146234,
		1.37829,
		0.215754,
		1
	},
	[0.616666666667] = {
		0.429279,
		0.561195,
		-0.707658,
		0,
		0.861702,
		-0.489187,
		0.134783,
		0,
		-0.270537,
		-0.66765,
		-0.69358,
		0,
		-0.235993,
		-0.001214,
		-1.474653,
		1
	},
	[0.633333333333] = {
		0.413819,
		0.500075,
		-0.760709,
		0,
		0.859372,
		-0.490311,
		0.145171,
		0,
		-0.300388,
		-0.713807,
		-0.632651,
		0,
		-0.15982,
		-0.121882,
		-1.492013,
		1
	},
	[0.65] = {
		0.396837,
		0.442552,
		-0.804157,
		0,
		0.835888,
		-0.536195,
		0.117412,
		0,
		-0.379224,
		-0.718779,
		-0.582706,
		0,
		-0.076173,
		-0.221332,
		-1.49505,
		1
	},
	[0.666666666667] = {
		0.382419,
		0.396063,
		-0.834799,
		0,
		0.79056,
		-0.60793,
		0.073726,
		0,
		-0.4783,
		-0.688153,
		-0.545596,
		0,
		0.001598,
		-0.29278,
		-1.489913,
		1
	},
	[0.683333333333] = {
		0.382911,
		0.364827,
		-0.848693,
		0,
		0.727173,
		-0.685644,
		0.033347,
		0,
		-0.569736,
		-0.629915,
		-0.527833,
		0,
		0.066647,
		-0.335151,
		-1.481764,
		1
	},
	[0.6] = {
		0.448849,
		0.615536,
		-0.647804,
		0,
		0.834423,
		-0.548136,
		0.057322,
		0,
		-0.319801,
		-0.566271,
		-0.759647,
		0,
		-0.297483,
		0.126786,
		-1.45979,
		1
	},
	[0.716666666667] = {
		0.49011,
		0.343238,
		-0.801237,
		0,
		0.58009,
		-0.814531,
		0.005903,
		0,
		-0.650606,
		-0.467683,
		-0.598318,
		0,
		0.160081,
		-0.346972,
		-1.471676,
		1
	},
	[0.733333333333] = {
		0.596443,
		0.334852,
		-0.729472,
		0,
		0.474367,
		-0.880178,
		-0.016171,
		0,
		-0.647481,
		-0.336393,
		-0.683819,
		0,
		0.206202,
		-0.341324,
		-1.467229,
		1
	},
	[0.75] = {
		0.71781,
		0.308565,
		-0.624129,
		0,
		0.348524,
		-0.935276,
		-0.061557,
		0,
		-0.602727,
		-0.173338,
		-0.778893,
		0,
		0.251925,
		-0.328595,
		-1.463305,
		1
	},
	[0.766666666667] = {
		0.833401,
		0.253697,
		-0.491,
		0,
		0.21563,
		-0.967267,
		-0.133782,
		0,
		-0.508869,
		0.005619,
		-0.860826,
		0,
		0.296213,
		-0.307234,
		-1.461145,
		1
	},
	[0.783333333333] = {
		0.924058,
		0.168339,
		-0.34319,
		0,
		0.091602,
		-0.969167,
		-0.228745,
		0,
		-0.371115,
		0.179937,
		-0.910986,
		0,
		0.338428,
		-0.27812,
		-1.462115,
		1
	},
	[0.7] = {
		0.415534,
		0.348829,
		-0.84003,
		0,
		0.658857,
		-0.752146,
		0.01358,
		0,
		-0.627087,
		-0.559102,
		-0.542371,
		0,
		0.116161,
		-0.348731,
		-1.47565,
		1
	},
	[0.816666666667] = {
		0.995783,
		-0.060551,
		-0.068919,
		0,
		-0.085211,
		-0.88881,
		-0.450284,
		0,
		-0.033991,
		0.454258,
		-0.890222,
		0,
		0.412389,
		-0.23067,
		-1.479442,
		1
	},
	[0.833333333333] = {
		0.982704,
		-0.181833,
		0.035067,
		0,
		-0.131814,
		-0.819839,
		-0.557215,
		0,
		0.130069,
		0.542955,
		-0.829628,
		0,
		0.435569,
		-0.21856,
		-1.490992,
		1
	},
	[0.85] = {
		0.982267,
		-0.182631,
		0.042386,
		0,
		-0.125132,
		-0.806969,
		-0.577185,
		0,
		0.139616,
		0.561646,
		-0.815512,
		0,
		0.441169,
		-0.242855,
		-1.486757,
		1
	},
	[0.866666666667] = {
		0.981757,
		-0.183758,
		0.048855,
		0,
		-0.118451,
		-0.792055,
		-0.598848,
		0,
		0.148739,
		0.582136,
		-0.799371,
		0,
		0.446571,
		-0.271899,
		-1.480729,
		1
	},
	[0.883333333333] = {
		0.981252,
		-0.184951,
		0.054193,
		0,
		-0.111847,
		-0.775478,
		-0.621389,
		0,
		0.156952,
		0.603678,
		-0.781626,
		0,
		0.451265,
		-0.304548,
		-1.473088,
		1
	},
	[0.8] = {
		0.978445,
		0.059674,
		-0.197699,
		0,
		-0.010834,
		-0.941187,
		-0.337713,
		0,
		-0.206224,
		0.332576,
		-0.920253,
		0,
		0.377968,
		-0.250241,
		-1.468585,
		1
	},
	[0.916666666667] = {
		0.980547,
		-0.186821,
		0.060216,
		0,
		-0.099667,
		-0.738169,
		-0.667212,
		0,
		0.169099,
		0.648231,
		-0.74243,
		0,
		0.457322,
		-0.373689,
		-1.454635,
		1
	},
	[0.933333333333] = {
		0.980512,
		-0.186953,
		0.060368,
		0,
		-0.094439,
		-0.717985,
		-0.689622,
		0,
		0.172271,
		0.670482,
		-0.721649,
		0,
		0.458597,
		-0.406421,
		-1.444938,
		1
	},
	[0.95] = {
		0.980803,
		-0.186074,
		0.058332,
		0,
		-0.089979,
		-0.697227,
		-0.711181,
		0,
		0.173003,
		0.692279,
		-0.700585,
		0,
		0.458918,
		-0.43523,
		-1.435811,
		1
	},
	[0.966666666667] = {
		0.98149,
		-0.183759,
		0.053955,
		0,
		-0.086401,
		-0.676285,
		-0.731556,
		0,
		0.170919,
		0.713352,
		-0.679644,
		0,
		0.458563,
		-0.457962,
		-1.427985,
		1
	},
	[0.983333333333] = {
		0.982621,
		-0.179544,
		0.047125,
		0,
		-0.083798,
		-0.655585,
		-0.750458,
		0,
		0.165634,
		0.733466,
		-0.659236,
		0,
		0.457817,
		-0.472398,
		-1.42222,
		1
	},
	[0.9] = {
		0.980822,
		-0.18605,
		0.058076,
		0,
		-0.105525,
		-0.757433,
		-0.644329,
		0,
		0.163866,
		0.625843,
		-0.76254,
		0,
		0.454896,
		-0.339085,
		-1.464221,
		1
	}
}

return spline_matrices
