local spline_matrices = {
	[0] = {
		0.519896,
		-0.285974,
		0.804939,
		0,
		0.568205,
		-0.587839,
		-0.575837,
		0,
		0.637849,
		0.756746,
		-0.143124,
		0,
		0.931465,
		-0.055623,
		-1.267078,
		1
	},
	{
		0.859243,
		0.503082,
		0.092791,
		0,
		0.145305,
		-0.066095,
		-0.987177,
		0,
		-0.490497,
		0.861708,
		-0.129892,
		0,
		-0.071001,
		-0.714035,
		-1.241848,
		1
	},
	[0.0166666666667] = {
		0.800319,
		-0.290757,
		0.524356,
		0,
		0.005584,
		-0.870895,
		-0.491438,
		0,
		0.599548,
		0.396235,
		-0.69537,
		0,
		0.772421,
		-0.420708,
		-0.438007,
		1
	},
	[0.0333333333333] = {
		0.782321,
		-0.373922,
		0.498153,
		0,
		0.056728,
		-0.753668,
		-0.654803,
		0,
		0.620287,
		0.540526,
		-0.568398,
		0,
		0.794498,
		-0.378102,
		-0.433038,
		1
	},
	[0.05] = {
		0.760693,
		-0.460718,
		0.457259,
		0,
		0.117882,
		-0.594673,
		-0.795279,
		0,
		0.638318,
		0.658865,
		-0.398053,
		0,
		0.825165,
		-0.328058,
		-0.414951,
		1
	},
	[0.0666666666667] = {
		0.735203,
		-0.547526,
		0.399613,
		0,
		0.189665,
		-0.399821,
		-0.896755,
		0,
		0.650771,
		0.73509,
		-0.190103,
		0,
		0.863436,
		-0.273166,
		-0.382777,
		1
	},
	[0.0833333333333] = {
		0.705808,
		-0.6299,
		0.324132,
		0,
		0.271161,
		-0.182478,
		-0.945079,
		0,
		0.654452,
		0.754935,
		0.042009,
		0,
		0.908109,
		-0.216806,
		-0.336443,
		1
	},
	[0.116666666667] = {
		0.63632,
		-0.761698,
		0.12212,
		0,
		0.45061,
		0.238514,
		-0.860269,
		0,
		0.626137,
		0.602435,
		0.495,
		0,
		1.010939,
		-0.114077,
		-0.207815,
		1
	},
	[0.133333333333] = {
		0.597439,
		-0.801914,
		0.000628,
		0,
		0.538697,
		0.400758,
		-0.741079,
		0,
		0.59403,
		0.443088,
		0.671417,
		0,
		1.066069,
		-0.073198,
		-0.132212,
		1
	},
	[0.15] = {
		0.557065,
		-0.820437,
		-0.128692,
		0,
		0.618439,
		0.513253,
		-0.595068,
		0,
		0.554267,
		0.251903,
		0.793305,
		0,
		1.121812,
		-0.04063,
		-0.054948,
		1
	},
	[0.166666666667] = {
		0.516355,
		-0.815971,
		-0.259939,
		0,
		0.685374,
		0.575743,
		-0.445849,
		0,
		0.513459,
		0.05206,
		0.856534,
		0,
		1.177077,
		-0.015272,
		0.01958,
		1
	},
	[0.183333333333] = {
		0.476839,
		-0.789438,
		-0.386539,
		0,
		0.741344,
		0.597465,
		-0.305686,
		0,
		0.472264,
		-0.140796,
		0.87014,
		0,
		1.230963,
		0.004628,
		0.090722,
		1
	},
	[0.1] = {
		0.672693,
		-0.702921,
		0.231052,
		0,
		0.359618,
		0.037691,
		-0.932338,
		0,
		0.646652,
		0.710268,
		0.278138,
		0,
		0.957783,
		-0.162675,
		-0.277209,
		1
	},
	[0.216666666667] = {
		0.408018,
		-0.683369,
		-0.605415,
		0,
		0.827816,
		0.556573,
		-0.070333,
		0,
		0.385021,
		-0.472475,
		0.792796,
		0,
		1.330462,
		0.034988,
		0.22211,
		1
	},
	[0.233333333333] = {
		0.380372,
		-0.614409,
		-0.691244,
		0,
		0.857473,
		0.514319,
		0.014693,
		0,
		0.346493,
		-0.598311,
		0.722472,
		0,
		1.374437,
		0.049759,
		0.279526,
		1
	},
	[0.25] = {
		0.357399,
		-0.542915,
		-0.75994,
		0,
		0.879014,
		0.470493,
		0.077271,
		0,
		0.315595,
		-0.695615,
		0.645383,
		0,
		1.413729,
		0.066763,
		0.330692,
		1
	},
	[0.266666666667] = {
		0.339221,
		-0.474468,
		-0.812286,
		0,
		0.893245,
		0.433273,
		0.119949,
		0,
		0.29503,
		-0.76626,
		0.570792,
		0,
		1.44768,
		0.088704,
		0.375566,
		1
	},
	[0.283333333333] = {
		0.32559,
		-0.413673,
		-0.850215,
		0,
		0.901092,
		0.408132,
		0.146497,
		0,
		0.286398,
		-0.81382,
		0.505641,
		0,
		1.475524,
		0.117321,
		0.414207,
		1
	},
	[0.2] = {
		0.440346,
		-0.743672,
		-0.503038,
		0,
		0.789152,
		0.58779,
		-0.178165,
		0,
		0.428177,
		-0.318519,
		0.845701,
		0,
		1.2824,
		0.020657,
		0.158833,
		1
	},
	[0.316666666667] = {
		0.310694,
		-0.327069,
		-0.892466,
		0,
		0.900707,
		0.401247,
		0.166514,
		0,
		0.303638,
		-0.855586,
		0.419258,
		0,
		1.5095,
		0.192286,
		0.472605,
		1
	},
	[0.333333333333] = {
		0.310176,
		-0.304628,
		-0.900551,
		0,
		0.892598,
		0.419344,
		0.165586,
		0,
		0.327199,
		-0.855191,
		0.401981,
		0,
		1.513603,
		0.236537,
		0.491699,
		1
	},
	[0.35] = {
		0.321542,
		-0.299731,
		-0.898205,
		0,
		0.877855,
		0.44993,
		0.164116,
		0,
		0.354939,
		-0.841264,
		0.407792,
		0,
		1.492501,
		0.312424,
		0.50159,
		1
	},
	[0.366666666667] = {
		0.34889,
		-0.310947,
		-0.884075,
		0,
		0.855554,
		0.490701,
		0.165045,
		0,
		0.382496,
		-0.813956,
		0.437232,
		0,
		1.435456,
		0.435722,
		0.50111,
		1
	},
	[0.383333333333] = {
		0.388254,
		-0.333127,
		-0.859235,
		0,
		0.826322,
		0.538621,
		0.164558,
		0,
		0.407984,
		-0.773895,
		0.484392,
		0,
		1.351034,
		0.585949,
		0.491105,
		1
	},
	[0.3] = {
		0.316049,
		-0.363828,
		-0.876209,
		0,
		0.903474,
		0.397293,
		0.160915,
		0,
		0.289566,
		-0.842489,
		0.454272,
		0,
		1.496438,
		0.152148,
		0.446617,
		1
	},
	[0.416666666667] = {
		0.488489,
		-0.387768,
		-0.781674,
		0,
		0.744551,
		0.65236,
		0.141671,
		0,
		0.454997,
		-0.651201,
		0.607384,
		0,
		1.134816,
		0.902995,
		0.44526,
		1
	},
	[0.433333333333] = {
		0.54316,
		-0.406506,
		-0.734664,
		0,
		0.687252,
		0.717908,
		0.110873,
		0,
		0.48235,
		-0.565121,
		0.66931,
		0,
		1.012912,
		1.036056,
		0.41,
		1
	},
	[0.45] = {
		0.596728,
		-0.410252,
		-0.689644,
		0,
		0.613876,
		0.786878,
		0.063074,
		0,
		0.51679,
		-0.460994,
		0.721396,
		0,
		0.877701,
		1.095578,
		0.363435,
		1
	},
	[0.466666666667] = {
		0.645281,
		-0.392924,
		-0.655151,
		0,
		0.518481,
		0.855086,
		-0.002165,
		0,
		0.561062,
		-0.338287,
		0.755494,
		0,
		0.757761,
		1.135682,
		0.320006,
		1
	},
	[0.483333333333] = {
		0.67446,
		-0.350188,
		-0.649978,
		0,
		0.378774,
		0.919794,
		-0.102515,
		0,
		0.633745,
		-0.177053,
		0.753007,
		0,
		0.556413,
		1.181645,
		0.240307,
		1
	},
	[0.4] = {
		0.435836,
		-0.360969,
		-0.824469,
		0,
		0.789962,
		0.592386,
		0.158236,
		0,
		0.431285,
		-0.720264,
		0.543335,
		0,
		1.248383,
		0.746146,
		0.472211,
		1
	},
	[0.516666666667] = {
		0.654899,
		-0.134273,
		-0.743693,
		0,
		-0.440187,
		0.732138,
		-0.519817,
		0,
		0.614282,
		0.667792,
		0.420371,
		0,
		0.109739,
		1.202177,
		-0.035998,
		1
	},
	[0.533333333333] = {
		0.704052,
		-0.043434,
		-0.708819,
		0,
		-0.661308,
		0.323664,
		-0.676693,
		0,
		0.258811,
		0.945175,
		0.199153,
		0,
		-0.047019,
		1.176624,
		-0.17914,
		1
	},
	[0.55] = {
		0.832446,
		0.549544,
		-0.070957,
		0,
		0.00569,
		-0.136527,
		-0.99062,
		0,
		-0.554077,
		0.824234,
		-0.116778,
		0,
		-0.303108,
		0.903564,
		-0.577059,
		1
	},
	[0.566666666667] = {
		-0.098615,
		-0.672146,
		0.733822,
		0,
		-0.391487,
		0.704159,
		0.592367,
		0,
		-0.914884,
		-0.228865,
		-0.332577,
		0,
		-0.424667,
		0.967074,
		-0.685894,
		1
	},
	[0.583333333333] = {
		-0.276092,
		-0.631283,
		0.724745,
		0,
		-0.417282,
		0.75801,
		0.501295,
		0,
		-0.865823,
		-0.16402,
		-0.472703,
		0,
		-0.325761,
		1.048242,
		-0.789978,
		1
	},
	[0.5] = {
		0.699532,
		-0.282119,
		-0.656555,
		0,
		0.119667,
		0.952044,
		-0.28159,
		0,
		0.704511,
		0.118413,
		0.699745,
		0,
		0.312604,
		1.206587,
		0.109559,
		1
	},
	[0.616666666667] = {
		-0.161564,
		0.405641,
		0.89964,
		0,
		0.246637,
		0.899285,
		-0.361188,
		0,
		-0.955546,
		0.163529,
		-0.245338,
		0,
		-0.198562,
		0.880985,
		-1.044699,
		1
	},
	[0.633333333333] = {
		-0.147034,
		0.794713,
		0.588907,
		0,
		0.25364,
		0.605764,
		-0.754133,
		0,
		-0.956058,
		0.038487,
		-0.290639,
		0,
		-0.27552,
		0.572383,
		-1.155422,
		1
	},
	[0.65] = {
		-0.190143,
		0.980754,
		0.044348,
		0,
		0.215306,
		0.085729,
		-0.972776,
		0,
		-0.957856,
		-0.175418,
		-0.227463,
		0,
		-0.334095,
		0.165491,
		-1.178591,
		1
	},
	[0.666666666667] = {
		-0.263029,
		0.831763,
		-0.488863,
		0,
		0.195645,
		-0.450193,
		-0.871234,
		0,
		-0.944743,
		-0.324803,
		-0.044316,
		0,
		-0.326465,
		-0.182866,
		-1.096986,
		1
	},
	[0.683333333333] = {
		-0.300595,
		0.539953,
		-0.786189,
		0,
		0.199084,
		-0.770632,
		-0.605386,
		0,
		-0.932742,
		-0.338493,
		0.124152,
		0,
		-0.283667,
		-0.373811,
		-0.999181,
		1
	},
	[0.6] = {
		-0.204525,
		0.007945,
		0.978829,
		0,
		0.131668,
		0.991103,
		0.019467,
		0,
		-0.969965,
		0.132862,
		-0.203752,
		0,
		-0.18092,
		1.035949,
		-0.930885,
		1
	},
	[0.716666666667] = {
		-0.185347,
		0.302401,
		-0.934987,
		0,
		0.13664,
		-0.934298,
		-0.329266,
		0,
		-0.973127,
		-0.188785,
		0.13185,
		0,
		-0.239187,
		-0.420971,
		-0.971271,
		1
	},
	[0.733333333333] = {
		-0.06784,
		0.332997,
		-0.940484,
		0,
		0.070581,
		-0.938692,
		-0.337454,
		0,
		-0.995196,
		-0.089273,
		0.040178,
		0,
		-0.218511,
		-0.431434,
		-1.025059,
		1
	},
	[0.75] = {
		0.085395,
		0.41287,
		-0.906778,
		0,
		0.00114,
		-0.910142,
		-0.414294,
		0,
		-0.996347,
		0.034345,
		-0.078192,
		0,
		-0.181176,
		-0.440216,
		-1.092621,
		1
	},
	[0.766666666667] = {
		0.269605,
		0.507753,
		-0.81823,
		0,
		-0.051276,
		-0.840918,
		-0.538728,
		0,
		-0.961605,
		0.1872,
		-0.20068,
		0,
		-0.132351,
		-0.441575,
		-1.171472,
		1
	},
	[0.783333333333] = {
		0.465416,
		0.580164,
		-0.668429,
		0,
		-0.066879,
		-0.729998,
		-0.680169,
		0,
		-0.882562,
		0.361266,
		-0.300952,
		0,
		-0.075428,
		-0.430678,
		-1.254525,
		1
	},
	[0.7] = {
		-0.270519,
		0.350178,
		-0.896769,
		0,
		0.184601,
		-0.895348,
		-0.405309,
		0,
		-0.94485,
		-0.275188,
		0.177565,
		0,
		-0.254886,
		-0.423942,
		-0.956044,
		1
	},
	[0.816666666667] = {
		0.780044,
		0.565544,
		-0.267751,
		0,
		0.020783,
		-0.451087,
		-0.892238,
		0,
		-0.625379,
		0.69042,
		-0.363622,
		0,
		0.026477,
		-0.395953,
		-1.380011,
		1
	},
	[0.833333333333] = {
		0.868787,
		0.486421,
		-0.09276,
		0,
		0.089986,
		-0.339286,
		-0.936369,
		0,
		-0.486942,
		0.805158,
		-0.338538,
		0,
		0.045574,
		-0.386647,
		-1.407173,
		1
	},
	[0.85] = {
		0.869786,
		0.48824,
		-0.071371,
		0,
		0.100913,
		-0.317598,
		-0.94284,
		0,
		-0.483,
		0.812867,
		-0.325513,
		0,
		0.040405,
		-0.414998,
		-1.397294,
		1
	},
	[0.866666666667] = {
		0.870453,
		0.489795,
		-0.049115,
		0,
		0.111633,
		-0.293592,
		-0.94939,
		0,
		-0.479427,
		0.820917,
		-0.310235,
		0,
		0.031963,
		-0.450289,
		-1.383406,
		1
	},
	[0.883333333333] = {
		0.870748,
		0.491011,
		-0.026587,
		0,
		0.121741,
		-0.267646,
		-0.955795,
		0,
		-0.476422,
		0.82902,
		-0.292829,
		0,
		0.020417,
		-0.49058,
		-1.365951,
		1
	},
	[0.8] = {
		0.64361,
		0.601767,
		-0.472908,
		0,
		-0.039324,
		-0.591078,
		-0.805655,
		0,
		-0.764343,
		0.537124,
		-0.35676,
		0,
		-0.018608,
		-0.41228,
		-1.327711,
		1
	},
	[0.916666666667] = {
		0.8701,
		0.492583,
		0.016948,
		0,
		0.138599,
		-0.211535,
		-0.967493,
		0,
		-0.472986,
		0.844165,
		-0.252328,
		0,
		-0.009944,
		-0.57782,
		-1.323307,
		1
	},
	[0.933333333333] = {
		0.8691,
		0.493263,
		0.03684,
		0,
		0.144632,
		-0.182195,
		-0.972567,
		0,
		-0.473019,
		0.850586,
		-0.229687,
		0,
		-0.026884,
		-0.620097,
		-1.300393,
		1
	},
	[0.95] = {
		0.867595,
		0.494244,
		0.054801,
		0,
		0.148623,
		-0.152559,
		-0.977055,
		0,
		-0.474543,
		0.855832,
		-0.205815,
		0,
		-0.043183,
		-0.657928,
		-1.27856,
		1
	},
	[0.966666666667] = {
		0.86552,
		0.495905,
		0.070375,
		0,
		0.150261,
		-0.123047,
		-0.980959,
		0,
		-0.477803,
		0.859615,
		-0.181015,
		0,
		-0.057157,
		-0.688314,
		-1.25991,
		1
	},
	[0.983333333333] = {
		0.862782,
		0.49869,
		0.083157,
		0,
		0.149251,
		-0.094083,
		-0.984313,
		0,
		-0.483044,
		0.861659,
		-0.155603,
		0,
		-0.06701,
		-0.708076,
		-1.246851,
		1
	},
	[0.9] = {
		0.870639,
		0.491903,
		-0.004375,
		0,
		0.130853,
		-0.240158,
		-0.961874,
		0,
		-0.474199,
		0.836873,
		-0.273458,
		0,
		0.006195,
		-0.533829,
		-1.345597,
		1
	},
	[1.01666666667] = {
		0.859243,
		0.503082,
		0.092791,
		0,
		0.145305,
		-0.066095,
		-0.987177,
		0,
		-0.490497,
		0.861708,
		-0.129892,
		0,
		-0.071001,
		-0.714035,
		-1.241848,
		1
	},
	[1.03333333333] = {
		0.859243,
		0.503082,
		0.092791,
		0,
		0.145305,
		-0.066095,
		-0.987177,
		0,
		-0.490497,
		0.861708,
		-0.129892,
		0,
		-0.071001,
		-0.714035,
		-1.241848,
		1
	},
	[1.05] = {
		0.859243,
		0.503082,
		0.092791,
		0,
		0.145305,
		-0.066095,
		-0.987177,
		0,
		-0.490497,
		0.861708,
		-0.129892,
		0,
		-0.071001,
		-0.714035,
		-1.241848,
		1
	},
	[1.06666666667] = {
		0.859243,
		0.503082,
		0.092791,
		0,
		0.145305,
		-0.066095,
		-0.987177,
		0,
		-0.490497,
		0.861708,
		-0.129892,
		0,
		-0.071001,
		-0.714035,
		-1.241848,
		1
	},
	[1.08333333333] = {
		0.859243,
		0.503082,
		0.092791,
		0,
		0.145305,
		-0.066095,
		-0.987177,
		0,
		-0.490497,
		0.861708,
		-0.129892,
		0,
		-0.071001,
		-0.714035,
		-1.241848,
		1
	},
	[1.11666666667] = {
		0.859243,
		0.503082,
		0.092791,
		0,
		0.145305,
		-0.066095,
		-0.987177,
		0,
		-0.490497,
		0.861708,
		-0.129892,
		0,
		-0.071001,
		-0.714035,
		-1.241848,
		1
	},
	[1.13333333333] = {
		0.859243,
		0.503082,
		0.092791,
		0,
		0.145305,
		-0.066095,
		-0.987177,
		0,
		-0.490497,
		0.861708,
		-0.129892,
		0,
		-0.071001,
		-0.714035,
		-1.241848,
		1
	},
	[1.15] = {
		0.859243,
		0.503082,
		0.092791,
		0,
		0.145305,
		-0.066095,
		-0.987177,
		0,
		-0.490497,
		0.861708,
		-0.129892,
		0,
		-0.071001,
		-0.714035,
		-1.241848,
		1
	},
	[1.16666666667] = {
		0.859243,
		0.503082,
		0.092791,
		0,
		0.145305,
		-0.066095,
		-0.987177,
		0,
		-0.490497,
		0.861708,
		-0.129892,
		0,
		-0.071001,
		-0.714035,
		-1.241848,
		1
	},
	[1.1] = {
		0.859243,
		0.503082,
		0.092791,
		0,
		0.145305,
		-0.066095,
		-0.987177,
		0,
		-0.490497,
		0.861708,
		-0.129892,
		0,
		-0.071001,
		-0.714035,
		-1.241848,
		1
	}
}

return spline_matrices
