-- chunkname: @content/characters/player/ogryn/first_person/animations/slab_shield/slab_shield_maul/swing_right.lua

local spline_matrices = {
	[0.0166666666667] = {
		-0.324492,
		0.110121,
		0.939456,
		0,
		0.919262,
		-0.197283,
		0.340642,
		0,
		0.222851,
		0.974142,
		-0.037214,
		0,
		0.705448,
		-0.012482,
		-1.314636,
		1
	},
	[0.0333333333333] = {
		-0.333392,
		0.206456,
		0.919905,
		0,
		0.899249,
		-0.223457,
		0.376056,
		0,
		0.283198,
		0.952598,
		-0.111156,
		0,
		0.688082,
		-0.025555,
		-1.31026,
		1
	},
	[0.05] = {
		-0.340546,
		0.308735,
		0.888094,
		0,
		0.873794,
		-0.244825,
		0.420173,
		0,
		0.347149,
		0.919099,
		-0.186397,
		0,
		0.656414,
		-0.040567,
		-1.298574,
		1
	},
	[0.0666666666667] = {
		-0.343457,
		0.415349,
		0.842332,
		0,
		0.84286,
		-0.259308,
		0.471536,
		0,
		0.414275,
		0.87192,
		-0.26102,
		0,
		0.611705,
		-0.057391,
		-1.279601,
		1
	},
	[0.0833333333333] = {
		-0.339581,
		0.523824,
		0.781213,
		0,
		0.806712,
		-0.264865,
		0.528264,
		0,
		0.483633,
		0.809602,
		-0.332632,
		0,
		0.555138,
		-0.075745,
		-1.253329,
		1
	},
	[0] = {
		-0.316211,
		0.020602,
		0.948465,
		0,
		0.934034,
		-0.168288,
		0.315055,
		0,
		0.166106,
		0.985523,
		0.033971,
		0,
		0.707186,
		-0.001354,
		-1.311614,
		1
	},
	[0.116666666667] = {
		-0.302043,
		0.732123,
		0.610545,
		0,
		0.722009,
		-0.242513,
		0.64799,
		0,
		0.622474,
		0.63654,
		-0.45535,
		0,
		0.410868,
		-0.114921,
		-1.178944,
		1
	},
	[0.133333333333] = {
		-0.264791,
		0.823128,
		0.50234,
		0,
		0.676334,
		-0.212795,
		0.705188,
		0,
		0.687356,
		0.526477,
		-0.500363,
		0,
		0.325324,
		-0.134134,
		-1.131113,
		1
	},
	[0.15] = {
		-0.214107,
		0.899079,
		0.381857,
		0,
		0.631129,
		-0.171039,
		0.756585,
		0,
		0.745543,
		0.402992,
		-0.530815,
		0,
		0.23235,
		-0.151696,
		-1.076694,
		1
	},
	[0.166666666667] = {
		-0.150437,
		0.955735,
		0.252863,
		0,
		0.588752,
		-0.118862,
		0.799527,
		0,
		0.794191,
		0.269152,
		-0.54481,
		0,
		0.133225,
		-0.166408,
		-1.016387,
		1
	},
	[0.183333333333] = {
		-0.075308,
		0.989909,
		0.120034,
		0,
		0.551529,
		-0.058938,
		0.832071,
		0,
		0.83075,
		0.128864,
		-0.541525,
		0,
		0.029411,
		-0.177075,
		-0.951179,
		1
	},
	[0.1] = {
		-0.326477,
		0.6308,
		0.703921,
		0,
		0.766033,
		-0.259698,
		0.588005,
		0,
		0.553721,
		0.731197,
		-0.398428,
		0,
		0.487833,
		-0.095153,
		-1.219754,
		1
	},
	[0.216666666667] = {
		0.098864,
		0.98563,
		-0.136967,
		0,
		0.499999,
		0.069802,
		0.863208,
		0,
		0.860364,
		-0.153823,
		-0.485913,
		0,
		-0.185398,
		-0.182212,
		-0.811149,
		1
	},
	[0.233333333333] = {
		0.191516,
		0.948581,
		-0.252022,
		0,
		0.487842,
		0.13081,
		0.863075,
		0,
		0.851664,
		-0.288239,
		-0.437706,
		0,
		-0.292488,
		-0.175271,
		-0.739199,
		1
	},
	[0.25] = {
		0.283618,
		0.89138,
		-0.353556,
		0,
		0.484954,
		0.184746,
		0.854803,
		0,
		0.827273,
		-0.413896,
		-0.379881,
		0,
		-0.396559,
		-0.161525,
		-0.667889,
		1
	},
	[0.266666666667] = {
		0.372448,
		0.817329,
		-0.43961,
		0,
		0.490606,
		0.22869,
		0.840837,
		0,
		0.787774,
		-0.528843,
		-0.315812,
		0,
		-0.495445,
		-0.140944,
		-0.598552,
		1
	},
	[0.283333333333] = {
		0.455373,
		0.729803,
		-0.509924,
		0,
		0.5035,
		0.261258,
		0.823548,
		0,
		0.73425,
		-0.631768,
		-0.248486,
		0,
		-0.586905,
		-0.113722,
		-0.532239,
		1
	},
	[0.2] = {
		0.00882,
		0.999894,
		-0.011545,
		0,
		0.521466,
		0.005252,
		0.853256,
		0,
		0.853227,
		-0.013546,
		-0.521365,
		0,
		-0.077422,
		-0.182625,
		-0.882299,
		1
	},
	[0.316666666667] = {
		0.595951,
		0.526447,
		-0.606379,
		0,
		0.545455,
		0.288805,
		0.78681,
		0,
		0.589339,
		-0.799653,
		-0.115039,
		0,
		-0.738989,
		-0.040436,
		-0.412063,
		1
	},
	[0.333333333333] = {
		0.651514,
		0.415578,
		-0.634684,
		0,
		0.57136,
		0.281579,
		0.770883,
		0,
		0.499076,
		-0.864874,
		-0.053992,
		0,
		-0.795632,
		0.005169,
		-0.35973,
		1
	},
	[0.35] = {
		0.696203,
		0.300946,
		-0.651716,
		0,
		0.597992,
		0.259112,
		0.758463,
		0,
		0.397124,
		-0.917765,
		0.000432,
		0,
		-0.836747,
		0.056545,
		-0.313423,
		1
	},
	[0.366666666667] = {
		0.7292,
		0.183705,
		-0.659181,
		0,
		0.622947,
		0.22046,
		0.750556,
		0,
		0.283204,
		-0.957941,
		0.046321,
		0,
		-0.860378,
		0.113676,
		-0.273705,
		1
	},
	[0.383333333333] = {
		0.751455,
		0.059895,
		-0.65706,
		0,
		0.644399,
		0.147177,
		0.750392,
		0,
		0.141649,
		-0.987295,
		0.072001,
		0,
		-0.86183,
		0.200909,
		-0.245932,
		1
	},
	[0.3] = {
		0.530274,
		0.631924,
		-0.565227,
		0,
		0.522268,
		0.281698,
		0.804911,
		0,
		0.667866,
		-0.722024,
		-0.180657,
		0,
		-0.668758,
		-0.080136,
		-0.469802,
		1
	},
	[0.416666666667] = {
		0.737124,
		-0.219566,
		-0.639092,
		0,
		0.632546,
		-0.108572,
		0.766875,
		0,
		-0.237767,
		-0.969537,
		0.058854,
		0,
		-0.788105,
		0.501846,
		-0.225715,
		1
	},
	[0.433333333333] = {
		0.682889,
		-0.3683,
		-0.630886,
		0,
		0.579323,
		-0.253073,
		0.774815,
		0,
		-0.445025,
		-0.8946,
		0.040544,
		0,
		-0.714592,
		0.688613,
		-0.223493,
		1
	},
	[0.45] = {
		0.588447,
		-0.515068,
		-0.623246,
		0,
		0.493257,
		-0.382083,
		0.78148,
		0,
		-0.640646,
		-0.76728,
		0.029225,
		0,
		-0.620111,
		0.880455,
		-0.22106,
		1
	},
	[0.466666666667] = {
		0.446651,
		-0.653389,
		-0.611216,
		0,
		0.381053,
		-0.479172,
		0.790691,
		0,
		-0.809507,
		-0.586069,
		0.034953,
		0,
		-0.507235,
		1.063969,
		-0.215527,
		1
	},
	[0.483333333333] = {
		0.247782,
		-0.772924,
		-0.584117,
		0,
		0.253958,
		-0.530017,
		0.809066,
		0,
		-0.934938,
		-0.348813,
		0.064962,
		0,
		-0.37785,
		1.22526,
		-0.205296,
		1
	},
	[0.4] = {
		0.757368,
		-0.075119,
		-0.648653,
		0,
		0.651975,
		0.031669,
		0.757579,
		0,
		-0.036366,
		-0.996672,
		0.07296,
		0,
		-0.837699,
		0.334491,
		-0.231637,
		1
	},
	[0.516666666667] = {
		-0.502612,
		-0.804009,
		-0.317727,
		0,
		-0.007211,
		-0.36361,
		0.931523,
		0,
		-0.864482,
		0.470485,
		0.176957,
		0,
		0.106767,
		1.46854,
		-0.174134,
		1
	},
	[0.533333333333] = {
		-0.781663,
		-0.572869,
		-0.246625,
		0,
		-0.108948,
		-0.26393,
		0.958369,
		0,
		-0.614112,
		0.775991,
		0.143891,
		0,
		0.395549,
		1.487514,
		-0.169415,
		1
	},
	[0.55] = {
		-0.848551,
		-0.332521,
		-0.41157,
		0,
		-0.320716,
		-0.295433,
		0.899923,
		0,
		-0.420835,
		0.895628,
		0.144045,
		0,
		0.729137,
		1.468946,
		-0.189891,
		1
	},
	[0.566666666667] = {
		-0.508855,
		0.6108,
		-0.606622,
		0,
		-0.57392,
		0.284515,
		0.767898,
		0,
		0.641625,
		0.738901,
		0.205773,
		0,
		1.69535,
		0.516518,
		-0.278936,
		1
	},
	[0.583333333333] = {
		-0.17169,
		0.781279,
		-0.600105,
		0,
		-0.442444,
		0.48311,
		0.755545,
		0,
		0.880208,
		0.395232,
		0.262727,
		0,
		1.645286,
		0.371751,
		-0.333693,
		1
	},
	[0.5] = {
		-0.083345,
		-0.870697,
		-0.484707,
		0,
		0.112903,
		-0.491518,
		0.863518,
		0,
		-0.990104,
		0.017245,
		0.13927,
		0,
		-0.177683,
		1.369771,
		-0.187193,
		1
	},
	[0.616666666667] = {
		0.163147,
		0.826117,
		-0.539363,
		0,
		-0.215353,
		0.563324,
		0.797677,
		0,
		0.962812,
		-0.013985,
		0.269811,
		0,
		1.51972,
		0.188142,
		-0.476434,
		1
	},
	[0.633333333333] = {
		0.210575,
		0.837726,
		-0.503859,
		0,
		-0.14698,
		0.536688,
		0.830881,
		0,
		0.966465,
		-0.100906,
		0.236142,
		0,
		1.457371,
		0.119761,
		-0.556189,
		1
	},
	[0.65] = {
		0.207576,
		0.862478,
		-0.461567,
		0,
		-0.096771,
		0.487635,
		0.867668,
		0,
		0.97342,
		-0.135441,
		0.184685,
		0,
		1.395086,
		0.060057,
		-0.639567,
		1
	},
	[0.666666666667] = {
		0.162862,
		0.899185,
		-0.406131,
		0,
		-0.054988,
		0.419259,
		0.9062,
		0,
		0.985115,
		-0.125253,
		0.117726,
		0,
		1.333036,
		0.008434,
		-0.726029,
		1
	},
	[0.683333333333] = {
		0.079769,
		0.940846,
		-0.329312,
		0,
		-0.012116,
		0.331255,
		0.943463,
		0,
		0.99674,
		-0.071269,
		0.037823,
		0,
		1.271696,
		-0.034015,
		-0.815165,
		1
	},
	[0.6] = {
		0.046323,
		0.818977,
		-0.571954,
		0,
		-0.312163,
		0.555762,
		0.770509,
		0,
		0.948899,
		0.142851,
		0.281399,
		0,
		1.582575,
		0.26884,
		-0.40142,
		1
	},
	[0.716666666667] = {
		-0.186228,
		0.979545,
		-0.076227,
		0,
		0.117863,
		0.099297,
		0.988053,
		0,
		0.975411,
		0.175019,
		-0.133944,
		0,
		1.150633,
		-0.082038,
		-0.99751,
		1
	},
	[0.733333333333] = {
		-0.343747,
		0.932928,
		0.107159,
		0,
		0.222906,
		-0.029789,
		0.974385,
		0,
		0.912223,
		0.358828,
		-0.197715,
		0,
		1.087763,
		-0.083166,
		-1.085326,
		1
	},
	[0.75] = {
		-0.481937,
		0.818219,
		0.313455,
		0,
		0.355848,
		-0.144138,
		0.923362,
		0,
		0.800693,
		0.556544,
		-0.221696,
		0,
		1.020106,
		-0.069755,
		-1.16402,
		1
	},
	[0.766666666667] = {
		-0.569414,
		0.641658,
		0.513851,
		0,
		0.502708,
		-0.22278,
		0.835257,
		0,
		0.650425,
		0.733924,
		-0.195713,
		0,
		0.947528,
		-0.04729,
		-1.227536,
		1
	},
	[0.783333333333] = {
		-0.590825,
		0.435684,
		0.679047,
		0,
		0.641859,
		-0.256108,
		0.72279,
		0,
		0.488818,
		0.862895,
		-0.128333,
		0,
		0.87434,
		-0.02351,
		-1.272397,
		1
	},
	[0.7] = {
		-0.039069,
		0.974302,
		-0.22183,
		0,
		0.042024,
		0.223406,
		0.973819,
		0,
		0.998352,
		0.028724,
		-0.049672,
		0,
		1.2112,
		-0.065069,
		-0.906245,
		1
	},
	[0.816666666667] = {
		-0.485264,
		0.096361,
		0.869041,
		0,
		0.838694,
		-0.229705,
		0.493789,
		0,
		0.247205,
		0.968478,
		0.03065,
		0,
		0.757328,
		0.008071,
		-1.311015,
		1
	},
	[0.833333333333] = {
		-0.403895,
		0.013342,
		0.914708,
		0,
		0.893235,
		-0.210102,
		0.397477,
		0,
		0.197485,
		0.977588,
		0.072942,
		0,
		0.727498,
		0.014751,
		-1.311343,
		1
	},
	[0.85] = {
		-0.403861,
		0.014309,
		0.914708,
		0,
		0.892729,
		-0.212241,
		0.397477,
		0,
		0.199826,
		0.977113,
		0.072942,
		0,
		0.727532,
		0.013009,
		-1.311343,
		1
	},
	[0.866666666667] = {
		-0.403827,
		0.015257,
		0.914708,
		0,
		0.892229,
		-0.214335,
		0.397477,
		0,
		0.202118,
		0.976641,
		0.072942,
		0,
		0.72756,
		0.011301,
		-1.311343,
		1
	},
	[0.883333333333] = {
		-0.403791,
		0.016165,
		0.914708,
		0,
		0.891744,
		-0.216342,
		0.397477,
		0,
		0.204315,
		0.976184,
		0.072942,
		0,
		0.727584,
		0.009664,
		-1.311343,
		1
	},
	[0.8] = {
		-0.555015,
		0.242959,
		0.795568,
		0,
		0.755871,
		-0.252,
		0.60428,
		0,
		0.347299,
		0.936732,
		-0.043782,
		0,
		0.808283,
		-0.004394,
		-1.299167,
		1
	},
	[0.916666666667] = {
		-0.403723,
		0.017788,
		0.914708,
		0,
		0.890868,
		-0.219924,
		0.397477,
		0,
		0.208237,
		0.975355,
		0.072942,
		0,
		0.727617,
		0.00674,
		-1.311343,
		1
	},
	[0.933333333333] = {
		-0.403693,
		0.018463,
		0.914708,
		0,
		0.890498,
		-0.221414,
		0.397477,
		0,
		0.209868,
		0.975005,
		0.072942,
		0,
		0.727627,
		0.005523,
		-1.311343,
		1
	},
	[0.95] = {
		-0.403667,
		0.019022,
		0.914708,
		0,
		0.890191,
		-0.222647,
		0.397477,
		0,
		0.211218,
		0.974714,
		0.072942,
		0,
		0.727634,
		0.004516,
		-1.311343,
		1
	},
	[0.966666666667] = {
		-0.403647,
		0.019445,
		0.914708,
		0,
		0.889957,
		-0.22358,
		0.397477,
		0,
		0.212239,
		0.974492,
		0.072942,
		0,
		0.727638,
		0.003753,
		-1.311343,
		1
	},
	[0.983333333333] = {
		-0.403634,
		0.019713,
		0.914708,
		0,
		0.889809,
		-0.224171,
		0.397477,
		0,
		0.212886,
		0.97435,
		0.072942,
		0,
		0.727641,
		0.00327,
		-1.311343,
		1
	},
	[0.9] = {
		-0.403756,
		0.017015,
		0.914708,
		0,
		0.891287,
		-0.218219,
		0.397477,
		0,
		0.20637,
		0.975751,
		0.072942,
		0,
		0.727602,
		0.008132,
		-1.311343,
		1
	},
	{
		-0.403629,
		0.019807,
		0.914708,
		0,
		0.889756,
		-0.224377,
		0.397477,
		0,
		0.213112,
		0.974301,
		0.072942,
		0,
		0.727641,
		0.003101,
		-1.311343,
		1
	}
}

return spline_matrices
