-- chunkname: @content/characters/player/ogryn/first_person/animations/slab_shield/slab_shield_maul/swing_left_diagonal.lua

local spline_matrices = {
	[0.0166666666667] = {
		0.800319,
		-0.290757,
		0.524356,
		0,
		0.005584,
		-0.870895,
		-0.491438,
		0,
		0.599548,
		0.396235,
		-0.69537,
		0,
		0.772421,
		-0.420708,
		-0.438007,
		1,
	},
	[0.0333333333333] = {
		0.782321,
		-0.373922,
		0.498153,
		0,
		0.056728,
		-0.753668,
		-0.654803,
		0,
		0.620287,
		0.540526,
		-0.568398,
		0,
		0.794498,
		-0.378102,
		-0.433038,
		1,
	},
	[0.05] = {
		0.760693,
		-0.460718,
		0.457259,
		0,
		0.117882,
		-0.594673,
		-0.795279,
		0,
		0.638318,
		0.658865,
		-0.398053,
		0,
		0.825165,
		-0.328058,
		-0.414951,
		1,
	},
	[0.0666666666667] = {
		0.735203,
		-0.547526,
		0.399613,
		0,
		0.189665,
		-0.399821,
		-0.896755,
		0,
		0.650771,
		0.73509,
		-0.190103,
		0,
		0.863436,
		-0.273166,
		-0.382777,
		1,
	},
	[0.0833333333333] = {
		0.705808,
		-0.6299,
		0.324132,
		0,
		0.271161,
		-0.182478,
		-0.945079,
		0,
		0.654452,
		0.754935,
		0.042009,
		0,
		0.908109,
		-0.216806,
		-0.336443,
		1,
	},
	[0] = {
		0.519896,
		-0.285974,
		0.804939,
		0,
		0.568205,
		-0.587839,
		-0.575837,
		0,
		0.637849,
		0.756746,
		-0.143124,
		0,
		0.931465,
		-0.055623,
		-1.267078,
		1,
	},
	[0.116666666667] = {
		0.63632,
		-0.761698,
		0.12212,
		0,
		0.45061,
		0.238514,
		-0.860269,
		0,
		0.626137,
		0.602435,
		0.495,
		0,
		1.010939,
		-0.114077,
		-0.207815,
		1,
	},
	[0.133333333333] = {
		0.597439,
		-0.801914,
		0.000628,
		0,
		0.538697,
		0.400758,
		-0.741079,
		0,
		0.59403,
		0.443088,
		0.671417,
		0,
		1.066069,
		-0.073198,
		-0.132212,
		1,
	},
	[0.15] = {
		0.557065,
		-0.820437,
		-0.128692,
		0,
		0.618439,
		0.513253,
		-0.595068,
		0,
		0.554267,
		0.251903,
		0.793305,
		0,
		1.121812,
		-0.04063,
		-0.054948,
		1,
	},
	[0.166666666667] = {
		0.516355,
		-0.815971,
		-0.259939,
		0,
		0.685374,
		0.575743,
		-0.445849,
		0,
		0.513459,
		0.05206,
		0.856534,
		0,
		1.177077,
		-0.015272,
		0.01958,
		1,
	},
	[0.183333333333] = {
		0.476839,
		-0.789438,
		-0.386539,
		0,
		0.741344,
		0.597465,
		-0.305686,
		0,
		0.472264,
		-0.140796,
		0.87014,
		0,
		1.230963,
		0.004628,
		0.090722,
		1,
	},
	[0.1] = {
		0.672693,
		-0.702921,
		0.231052,
		0,
		0.359618,
		0.037691,
		-0.932338,
		0,
		0.646652,
		0.710268,
		0.278138,
		0,
		0.957783,
		-0.162675,
		-0.277209,
		1,
	},
	[0.216666666667] = {
		0.408018,
		-0.683369,
		-0.605415,
		0,
		0.827816,
		0.556573,
		-0.070333,
		0,
		0.385021,
		-0.472475,
		0.792796,
		0,
		1.330462,
		0.034988,
		0.22211,
		1,
	},
	[0.233333333333] = {
		0.380372,
		-0.614409,
		-0.691244,
		0,
		0.857473,
		0.514319,
		0.014693,
		0,
		0.346493,
		-0.598311,
		0.722472,
		0,
		1.374437,
		0.049759,
		0.279526,
		1,
	},
	[0.25] = {
		0.357399,
		-0.542915,
		-0.75994,
		0,
		0.879014,
		0.470493,
		0.077271,
		0,
		0.315595,
		-0.695615,
		0.645383,
		0,
		1.413729,
		0.066763,
		0.330692,
		1,
	},
	[0.266666666667] = {
		0.339221,
		-0.474468,
		-0.812286,
		0,
		0.893245,
		0.433273,
		0.119949,
		0,
		0.29503,
		-0.76626,
		0.570792,
		0,
		1.44768,
		0.088704,
		0.375566,
		1,
	},
	[0.283333333333] = {
		0.32559,
		-0.413673,
		-0.850215,
		0,
		0.901092,
		0.408132,
		0.146497,
		0,
		0.286398,
		-0.81382,
		0.505641,
		0,
		1.475524,
		0.117321,
		0.414207,
		1,
	},
	[0.2] = {
		0.440346,
		-0.743672,
		-0.503038,
		0,
		0.789152,
		0.58779,
		-0.178165,
		0,
		0.428177,
		-0.318519,
		0.845701,
		0,
		1.2824,
		0.020657,
		0.158833,
		1,
	},
	[0.316666666667] = {
		0.310694,
		-0.327069,
		-0.892466,
		0,
		0.900707,
		0.401247,
		0.166514,
		0,
		0.303638,
		-0.855586,
		0.419258,
		0,
		1.5095,
		0.192286,
		0.472605,
		1,
	},
	[0.333333333333] = {
		0.310176,
		-0.304628,
		-0.900551,
		0,
		0.892598,
		0.419344,
		0.165586,
		0,
		0.327199,
		-0.855191,
		0.401981,
		0,
		1.513603,
		0.236537,
		0.491699,
		1,
	},
	[0.35] = {
		0.321542,
		-0.299731,
		-0.898205,
		0,
		0.877855,
		0.44993,
		0.164116,
		0,
		0.354939,
		-0.841264,
		0.407792,
		0,
		1.492501,
		0.312424,
		0.50159,
		1,
	},
	[0.366666666667] = {
		0.34889,
		-0.310947,
		-0.884075,
		0,
		0.855554,
		0.490701,
		0.165045,
		0,
		0.382496,
		-0.813956,
		0.437232,
		0,
		1.435456,
		0.435722,
		0.50111,
		1,
	},
	[0.383333333333] = {
		0.388254,
		-0.333127,
		-0.859235,
		0,
		0.826322,
		0.538621,
		0.164558,
		0,
		0.407984,
		-0.773895,
		0.484392,
		0,
		1.351034,
		0.585949,
		0.491105,
		1,
	},
	[0.3] = {
		0.316049,
		-0.363828,
		-0.876209,
		0,
		0.903474,
		0.397293,
		0.160915,
		0,
		0.289566,
		-0.842489,
		0.454272,
		0,
		1.496438,
		0.152148,
		0.446617,
		1,
	},
	[0.416666666667] = {
		0.488489,
		-0.387768,
		-0.781674,
		0,
		0.744551,
		0.65236,
		0.141671,
		0,
		0.454997,
		-0.651201,
		0.607384,
		0,
		1.134816,
		0.902995,
		0.44526,
		1,
	},
	[0.433333333333] = {
		0.54316,
		-0.406506,
		-0.734664,
		0,
		0.687252,
		0.717908,
		0.110873,
		0,
		0.48235,
		-0.565121,
		0.66931,
		0,
		1.012912,
		1.036056,
		0.41,
		1,
	},
	[0.45] = {
		0.596728,
		-0.410252,
		-0.689644,
		0,
		0.613876,
		0.786878,
		0.063074,
		0,
		0.51679,
		-0.460994,
		0.721396,
		0,
		0.877701,
		1.095578,
		0.363435,
		1,
	},
	[0.466666666667] = {
		0.645281,
		-0.392924,
		-0.655151,
		0,
		0.518481,
		0.855086,
		-0.002165,
		0,
		0.561062,
		-0.338287,
		0.755494,
		0,
		0.757761,
		1.135682,
		0.320006,
		1,
	},
	[0.483333333333] = {
		0.67446,
		-0.350188,
		-0.649978,
		0,
		0.378774,
		0.919794,
		-0.102515,
		0,
		0.633745,
		-0.177053,
		0.753007,
		0,
		0.556413,
		1.181645,
		0.240307,
		1,
	},
	[0.4] = {
		0.435836,
		-0.360969,
		-0.824469,
		0,
		0.789962,
		0.592386,
		0.158236,
		0,
		0.431285,
		-0.720264,
		0.543335,
		0,
		1.248383,
		0.746146,
		0.472211,
		1,
	},
	[0.516666666667] = {
		0.654899,
		-0.134273,
		-0.743693,
		0,
		-0.440187,
		0.732138,
		-0.519817,
		0,
		0.614282,
		0.667792,
		0.420371,
		0,
		0.109739,
		1.202177,
		-0.035998,
		1,
	},
	[0.533333333333] = {
		0.704052,
		-0.043434,
		-0.708819,
		0,
		-0.661308,
		0.323664,
		-0.676693,
		0,
		0.258811,
		0.945175,
		0.199153,
		0,
		-0.047019,
		1.176624,
		-0.17914,
		1,
	},
	[0.55] = {
		0.832446,
		0.549544,
		-0.070957,
		0,
		0.00569,
		-0.136527,
		-0.99062,
		0,
		-0.554077,
		0.824234,
		-0.116778,
		0,
		-0.303981,
		0.904928,
		-0.577355,
		1,
	},
	[0.566666666667] = {
		0.75016,
		0.648717,
		-0.128162,
		0,
		0.092823,
		-0.295203,
		-0.950915,
		0,
		-0.654709,
		0.701442,
		-0.281665,
		0,
		-0.406009,
		0.707546,
		-0.773372,
		1,
	},
	[0.583333333333] = {
		0.659742,
		0.719491,
		-0.216962,
		0,
		0.245782,
		-0.479417,
		-0.842467,
		0,
		-0.710163,
		0.502486,
		-0.49313,
		0,
		-0.486497,
		0.534551,
		-1.053159,
		1,
	},
	[0.5] = {
		0.699532,
		-0.282119,
		-0.656555,
		0,
		0.119667,
		0.952044,
		-0.28159,
		0,
		0.704511,
		0.118413,
		0.699745,
		0,
		0.312604,
		1.206587,
		0.109559,
		1,
	},
	[0.616666666667] = {
		0.816555,
		0.506068,
		-0.277727,
		0,
		0.18612,
		-0.686214,
		-0.703185,
		0,
		-0.54644,
		0.522499,
		-0.654521,
		0,
		-0.308835,
		0.473071,
		-1.198166,
		1,
	},
	[0.633333333333] = {
		0.877613,
		0.38397,
		-0.286987,
		0,
		0.137334,
		-0.774973,
		-0.616893,
		0,
		-0.459275,
		0.50198,
		-0.732859,
		0,
		-0.219489,
		0.439617,
		-1.272683,
		1,
	},
	[0.65] = {
		0.924853,
		0.257665,
		-0.279742,
		0,
		0.078062,
		-0.84848,
		-0.523439,
		0,
		-0.372227,
		0.462267,
		-0.804833,
		0,
		-0.129889,
		0.406348,
		-1.349454,
		1,
	},
	[0.666666666667] = {
		0.957627,
		0.131786,
		-0.25609,
		0,
		0.010331,
		-0.904317,
		-0.426737,
		0,
		-0.287825,
		0.40601,
		-0.86736,
		0,
		-0.039122,
		0.37375,
		-1.428302,
		1,
	},
	[0.683333333333] = {
		0.975991,
		0.010567,
		-0.217556,
		0,
		-0.063566,
		-0.941523,
		-0.330899,
		0,
		-0.20833,
		0.336784,
		-0.918246,
		0,
		0.054497,
		0.340611,
		-1.503845,
		1,
	},
	[0.6] = {
		0.742959,
		0.619532,
		-0.253363,
		0,
		0.222867,
		-0.585901,
		-0.779135,
		0,
		-0.631144,
		0.522399,
		-0.573373,
		0,
		-0.398957,
		0.505892,
		-1.125904,
		1,
	},
	[0.716666666667] = {
		0.969715,
		-0.018321,
		-0.243553,
		0,
		-0.068995,
		-0.977116,
		-0.201204,
		0,
		-0.234293,
		0.211914,
		-0.948788,
		0,
		0.008656,
		0.259636,
		-1.48964,
		1,
	},
	[0.733333333333] = {
		0.964806,
		-0.048252,
		-0.258499,
		0,
		-0.087131,
		-0.98615,
		-0.141127,
		0,
		-0.24811,
		0.158684,
		-0.955647,
		0,
		-0.007009,
		0.223614,
		-1.484324,
		1,
	},
	[0.75] = {
		0.957452,
		-0.087966,
		-0.274858,
		0,
		-0.117999,
		-0.988489,
		-0.094685,
		0,
		-0.263365,
		0.12309,
		-0.956811,
		0,
		-0.013836,
		0.192624,
		-1.479036,
		1,
	},
	[0.766666666667] = {
		0.946705,
		-0.134251,
		-0.29279,
		0,
		-0.160113,
		-0.984882,
		-0.066115,
		0,
		-0.279488,
		0.10947,
		-0.953888,
		0,
		-0.011871,
		0.166225,
		-1.475056,
		1,
	},
	[0.783333333333] = {
		0.93225,
		-0.182658,
		-0.312322,
		0,
		-0.210168,
		-0.976031,
		-0.05651,
		0,
		-0.294514,
		0.118322,
		-0.948294,
		0,
		-0.002744,
		0.142851,
		-1.473112,
		1,
	},
	[0.7] = {
		0.973211,
		0.001274,
		-0.229911,
		0,
		-0.061956,
		-0.96154,
		-0.267587,
		0,
		-0.22141,
		0.274663,
		-0.935702,
		0,
		0.030445,
		0.299394,
		-1.496524,
		1,
	},
	[0.816666666667] = {
		0.893053,
		-0.274842,
		-0.356257,
		0,
		-0.323431,
		-0.94255,
		-0.083618,
		0,
		-0.312808,
		0.1899,
		-0.930639,
		0,
		0.021519,
		0.098771,
		-1.468876,
		1,
	},
	[0.833333333333] = {
		0.868848,
		-0.318077,
		-0.379381,
		0,
		-0.382328,
		-0.917927,
		-0.105996,
		0,
		-0.314529,
		0.237143,
		-0.919149,
		0,
		0.024724,
		0.074901,
		-1.464136,
		1,
	},
	[0.85] = {
		0.849137,
		-0.351389,
		-0.394324,
		0,
		-0.414895,
		-0.905768,
		-0.086289,
		0,
		-0.326846,
		0.236874,
		-0.914911,
		0,
		0.020946,
		0.041971,
		-1.456901,
		1,
	},
	[0.866666666667] = {
		0.82811,
		-0.382828,
		-0.409483,
		0,
		-0.446117,
		-0.892396,
		-0.067889,
		0,
		-0.339431,
		0.238896,
		-0.909788,
		0,
		0.015747,
		0.005598,
		-1.448474,
		1,
	},
	[0.883333333333] = {
		0.805822,
		-0.412274,
		-0.425065,
		0,
		-0.475936,
		-0.87802,
		-0.050662,
		0,
		-0.352329,
		0.243128,
		-0.903744,
		0,
		0.011202,
		-0.033938,
		-1.429277,
		1,
	},
	[0.8] = {
		0.914214,
		-0.230084,
		-0.333579,
		0,
		-0.265532,
		-0.961961,
		-0.064216,
		0,
		-0.306115,
		0.147283,
		-0.940533,
		0,
		0.010151,
		0.121052,
		-1.471685,
		1,
	},
	[0.916666666667] = {
		0.757659,
		-0.464842,
		-0.458122,
		0,
		-0.531077,
		-0.847115,
		-0.018775,
		0,
		-0.379355,
		0.257523,
		-0.888691,
		0,
		0.005621,
		-0.1191,
		-1.358504,
		1,
	},
	[0.933333333333] = {
		0.731876,
		-0.487858,
		-0.475765,
		0,
		-0.556204,
		-0.831038,
		-0.003455,
		0,
		-0.393693,
		0.267151,
		-0.879566,
		0,
		0.003033,
		-0.16377,
		-1.317905,
		1,
	},
	[0.95] = {
		0.705026,
		-0.508671,
		-0.494157,
		0,
		-0.579521,
		-0.814869,
		0.011985,
		0,
		-0.40877,
		0.277925,
		-0.86929,
		0,
		0.000747,
		-0.208699,
		-1.276773,
		1,
	},
	[0.966666666667] = {
		0.677172,
		-0.5273,
		-0.513218,
		0,
		-0.600844,
		-0.798876,
		0.028004,
		0,
		-0.424764,
		0.289401,
		-0.857801,
		0,
		-0.001055,
		-0.252796,
		-1.237865,
		1,
	},
	[0.983333333333] = {
		0.648386,
		-0.543801,
		-0.532801,
		0,
		-0.619945,
		-0.783349,
		0.045087,
		0,
		-0.441887,
		0.301074,
		-0.845039,
		0,
		-0.002152,
		-0.294774,
		-1.204423,
		1,
	},
	[0.9] = {
		0.782323,
		-0.439634,
		-0.44124,
		0,
		-0.504284,
		-0.862853,
		-0.03439,
		0,
		-0.365607,
		0.249414,
		-0.89673,
		0,
		0.008372,
		-0.075587,
		-1.396268,
		1,
	},
	[1.01666666667] = {
		0.587239,
		-0.583693,
		-0.560761,
		0,
		-0.657951,
		-0.747746,
		0.089307,
		0,
		-0.471434,
		0.316509,
		-0.823148,
		0,
		-0.001698,
		-0.367042,
		-1.163704,
		1,
	},
	[1.03333333333] = {
		0.554766,
		-0.608219,
		-0.567718,
		0,
		-0.678058,
		-0.725935,
		0.115135,
		0,
		-0.482154,
		0.321073,
		-0.815132,
		0,
		-0.000791,
		-0.400943,
		-1.147355,
		1,
	},
	[1.05] = {
		0.521393,
		-0.631811,
		-0.573554,
		0,
		-0.696829,
		-0.703206,
		0.141175,
		0,
		-0.492523,
		0.326061,
		-0.806911,
		0,
		0.000427,
		-0.434868,
		-1.13115,
		1,
	},
	[1.06666666667] = {
		0.487177,
		-0.654429,
		-0.578258,
		0,
		-0.714233,
		-0.679598,
		0.167383,
		0,
		-0.502523,
		0.331466,
		-0.798499,
		0,
		0.00195,
		-0.468829,
		-1.115097,
		1,
	},
	[1.08333333333] = {
		0.452177,
		-0.676032,
		-0.581822,
		0,
		-0.73024,
		-0.655152,
		0.193713,
		0,
		-0.512139,
		0.337277,
		-0.78991,
		0,
		0.003775,
		-0.502837,
		-1.099202,
		1,
	},
	{
		0.618756,
		-0.558276,
		-0.552693,
		0,
		-0.636544,
		-0.768602,
		0.063735,
		0,
		-0.460383,
		0.312377,
		-0.830944,
		0,
		-0.00229,
		-0.333155,
		-1.18019,
		1,
	},
	[1.11666666667] = {
		0.380068,
		-0.716051,
		-0.585507,
		0,
		-0.757953,
		-0.603917,
		0.246559,
		0,
		-0.530147,
		0.350078,
		-0.772263,
		0,
		0.008302,
		-0.571039,
		-1.067917,
		1,
	},
	[1.13333333333] = {
		0.343084,
		-0.734397,
		-0.585623,
		0,
		-0.769612,
		-0.577216,
		0.272983,
		0,
		-0.538509,
		0.357046,
		-0.763234,
		0,
		0.010992,
		-0.605254,
		-1.052539,
		1,
	},
	[1.15] = {
		0.305565,
		-0.751592,
		-0.584585,
		0,
		-0.779777,
		-0.549854,
		0.299346,
		0,
		-0.546423,
		0.364376,
		-0.75409,
		0,
		0.013957,
		-0.63956,
		-1.037345,
		1,
	},
	[1.16666666667] = {
		0.267575,
		-0.767605,
		-0.582396,
		0,
		-0.788432,
		-0.521878,
		0.325605,
		0,
		-0.553876,
		0.372056,
		-0.744846,
		0,
		0.01719,
		-0.673968,
		-1.022341,
		1,
	},
	[1.18333333333] = {
		0.229181,
		-0.782409,
		-0.579061,
		0,
		-0.795562,
		-0.493336,
		0.351712,
		0,
		-0.560854,
		0.380073,
		-0.735518,
		0,
		0.022046,
		-0.70588,
		-1.00397,
		1,
	},
	[1.1] = {
		0.416453,
		-0.696585,
		-0.58424,
		0,
		-0.744822,
		-0.629911,
		0.22012,
		0,
		-0.521352,
		0.343485,
		-0.78116,
		0,
		0.005894,
		-0.536903,
		-1.083474,
		1,
	},
	[1.21666666667] = {
		0.151443,
		-0.808291,
		-0.568974,
		0,
		-0.805198,
		-0.434752,
		0.403295,
		0,
		-0.573342,
		0.39706,
		-0.716674,
		0,
		0.038596,
		-0.75674,
		-0.952517,
		1,
	},
	[1.23333333333] = {
		0.112234,
		-0.819323,
		-0.562239,
		0,
		-0.807688,
		-0.404812,
		0.428682,
		0,
		-0.57883,
		0.406001,
		-0.707191,
		0,
		0.047408,
		-0.78088,
		-0.926996,
		1,
	},
	[1.25] = {
		0.072888,
		-0.829057,
		-0.554392,
		0,
		-0.808619,
		-0.374508,
		0.453739,
		0,
		-0.5838,
		0.41522,
		-0.697689,
		0,
		0.056533,
		-0.804193,
		-0.901681,
		1,
	},
	[1.26666666667] = {
		0.072888,
		-0.829057,
		-0.554392,
		0,
		-0.808619,
		-0.374508,
		0.453739,
		0,
		-0.5838,
		0.41522,
		-0.697689,
		0,
		0.056533,
		-0.804193,
		-0.901681,
		1,
	},
	[1.28333333333] = {
		0.072888,
		-0.829057,
		-0.554392,
		0,
		-0.808619,
		-0.374508,
		0.453739,
		0,
		-0.5838,
		0.41522,
		-0.697689,
		0,
		0.056533,
		-0.804193,
		-0.901681,
		1,
	},
	[1.2] = {
		0.190448,
		-0.795979,
		-0.574584,
		0,
		-0.801154,
		-0.464277,
		0.377624,
		0,
		-0.567347,
		0.388412,
		-0.726122,
		0,
		0.030131,
		-0.731748,
		-0.978194,
		1,
	},
	[1.31666666667] = {
		0.072888,
		-0.829057,
		-0.554392,
		0,
		-0.808619,
		-0.374508,
		0.453739,
		0,
		-0.5838,
		0.41522,
		-0.697689,
		0,
		0.056533,
		-0.804193,
		-0.901681,
		1,
	},
	[1.33333333333] = {
		0.072888,
		-0.829057,
		-0.554392,
		0,
		-0.808619,
		-0.374508,
		0.453739,
		0,
		-0.5838,
		0.41522,
		-0.697689,
		0,
		0.056533,
		-0.804193,
		-0.901681,
		1,
	},
	[1.35] = {
		0.072888,
		-0.829057,
		-0.554392,
		0,
		-0.808619,
		-0.374508,
		0.453739,
		0,
		-0.5838,
		0.41522,
		-0.697689,
		0,
		0.056533,
		-0.804193,
		-0.901681,
		1,
	},
	[1.36666666667] = {
		0.072888,
		-0.829057,
		-0.554392,
		0,
		-0.808619,
		-0.374508,
		0.453739,
		0,
		-0.5838,
		0.41522,
		-0.697689,
		0,
		0.056533,
		-0.804193,
		-0.901681,
		1,
	},
	[1.38333333333] = {
		0.072888,
		-0.829057,
		-0.554392,
		0,
		-0.808619,
		-0.374508,
		0.453739,
		0,
		-0.5838,
		0.41522,
		-0.697689,
		0,
		0.056533,
		-0.804193,
		-0.901681,
		1,
	},
	[1.3] = {
		0.072888,
		-0.829057,
		-0.554392,
		0,
		-0.808619,
		-0.374508,
		0.453739,
		0,
		-0.5838,
		0.41522,
		-0.697689,
		0,
		0.056533,
		-0.804193,
		-0.901681,
		1,
	},
	[1.41666666667] = {
		0.072888,
		-0.829057,
		-0.554392,
		0,
		-0.808619,
		-0.374508,
		0.453739,
		0,
		-0.5838,
		0.41522,
		-0.697689,
		0,
		0.056533,
		-0.804193,
		-0.901681,
		1,
	},
	[1.43333333333] = {
		0.072888,
		-0.829057,
		-0.554392,
		0,
		-0.808619,
		-0.374508,
		0.453739,
		0,
		-0.5838,
		0.41522,
		-0.697689,
		0,
		0.056533,
		-0.804193,
		-0.901681,
		1,
	},
	[1.45] = {
		0.072888,
		-0.829057,
		-0.554392,
		0,
		-0.808619,
		-0.374508,
		0.453739,
		0,
		-0.5838,
		0.41522,
		-0.697689,
		0,
		0.056533,
		-0.804193,
		-0.901681,
		1,
	},
	[1.46666666667] = {
		0.072888,
		-0.829057,
		-0.554392,
		0,
		-0.808619,
		-0.374508,
		0.453739,
		0,
		-0.5838,
		0.41522,
		-0.697689,
		0,
		0.056533,
		-0.804193,
		-0.901681,
		1,
	},
	[1.48333333333] = {
		0.072888,
		-0.829057,
		-0.554392,
		0,
		-0.808619,
		-0.374508,
		0.453739,
		0,
		-0.5838,
		0.41522,
		-0.697689,
		0,
		0.056533,
		-0.804193,
		-0.901681,
		1,
	},
	[1.4] = {
		0.072888,
		-0.829057,
		-0.554392,
		0,
		-0.808619,
		-0.374508,
		0.453739,
		0,
		-0.5838,
		0.41522,
		-0.697689,
		0,
		0.056533,
		-0.804193,
		-0.901681,
		1,
	},
	[1.5] = {
		0.072888,
		-0.829057,
		-0.554392,
		0,
		-0.808619,
		-0.374508,
		0.453739,
		0,
		-0.5838,
		0.41522,
		-0.697689,
		0,
		0.056533,
		-0.804193,
		-0.901681,
		1,
	},
}

return spline_matrices
