local spline_matrices = {
	[0] = {
		0.997823,
		0.064846,
		-0.012009,
		0,
		0.03708,
		-0.702233,
		-0.710981,
		0,
		-0.054538,
		0.708988,
		-0.703108,
		0,
		-0.412196,
		-0.040167,
		-0.847299,
		1
	},
	{
		-0.609611,
		0.520882,
		0.597542,
		0,
		0.785661,
		0.29678,
		0.542824,
		0,
		0.105409,
		0.800377,
		-0.590157,
		0,
		0.785068,
		-0.15453,
		-0.588574,
		1
	},
	[0.0166666666667] = {
		0.999502,
		0.031425,
		0.002713,
		0,
		0.024884,
		-0.732751,
		-0.680041,
		0,
		-0.019383,
		0.67977,
		-0.733169,
		0,
		-0.414166,
		-0.040218,
		-0.843741,
		1
	},
	[0.0333333333333] = {
		0.999727,
		-0.001092,
		0.023359,
		0,
		0.014233,
		-0.764158,
		-0.644872,
		0,
		0.018554,
		0.645028,
		-0.763933,
		0,
		-0.420851,
		-0.041204,
		-0.831863,
		1
	},
	[0.05] = {
		0.998287,
		-0.032757,
		0.048477,
		0,
		0.003181,
		-0.796961,
		-0.604022,
		0,
		0.058421,
		0.603142,
		-0.795492,
		0,
		-0.431914,
		-0.043143,
		-0.812197,
		1
	},
	[0.0666666666667] = {
		0.995003,
		-0.063791,
		0.076806,
		0,
		-0.010355,
		-0.831057,
		-0.55609,
		0,
		0.099303,
		0.552516,
		-0.827565,
		0,
		-0.44704,
		-0.045955,
		-0.785288,
		1
	},
	[0.0833333333333] = {
		0.989727,
		-0.094527,
		0.107265,
		0,
		-0.0285,
		-0.865632,
		-0.499868,
		0,
		0.140103,
		0.491676,
		-0.859433,
		0,
		-0.46594,
		-0.049459,
		-0.751696,
		1
	},
	[0.116666666667] = {
		0.972693,
		-0.156682,
		0.171231,
		0,
		-0.086314,
		-0.929034,
		-0.359785,
		0,
		0.215451,
		0.335181,
		-0.917188,
		0,
		-0.513933,
		-0.057242,
		-0.666917,
		1
	},
	[0.133333333333] = {
		0.96068,
		-0.188794,
		0.203593,
		0,
		-0.128641,
		-0.952449,
		-0.276209,
		0,
		0.246059,
		0.239158,
		-0.939286,
		0,
		-0.542401,
		-0.060581,
		-0.617141,
		1
	},
	[0.15] = {
		0.946153,
		-0.221808,
		0.235789,
		0,
		-0.180289,
		-0.966006,
		-0.185278,
		0,
		0.26887,
		0.132791,
		-0.953979,
		0,
		-0.573338,
		-0.062769,
		-0.563576,
		1
	},
	[0.166666666667] = {
		0.928997,
		-0.255547,
		0.267695,
		0,
		-0.240125,
		-0.966614,
		-0.089432,
		0,
		0.281611,
		0.018802,
		-0.959344,
		0,
		-0.606137,
		-0.0632,
		-0.507223,
		1
	},
	[0.183333333333] = {
		0.909204,
		-0.289503,
		0.299224,
		0,
		-0.305832,
		-0.952051,
		0.00816,
		0,
		0.282514,
		-0.098931,
		-0.954148,
		0,
		-0.640136,
		-0.06132,
		-0.449243,
		1
	},
	[0.1] = {
		0.98233,
		-0.12536,
		0.138967,
		0,
		-0.053267,
		-0.899086,
		-0.434518,
		0,
		0.179415,
		0.419438,
		-0.889877,
		0,
		-0.488334,
		-0.053359,
		-0.712019,
		1
	},
	[0.216666666667] = {
		0.874493,
		-0.334333,
		0.351403,
		0,
		-0.428368,
		-0.872184,
		0.23621,
		0,
		0.227516,
		-0.357093,
		-0.905936,
		0,
		-0.708972,
		-0.0514,
		-0.325473,
		1
	},
	[0.233333333333] = {
		0.857295,
		-0.356674,
		0.371253,
		0,
		-0.483165,
		-0.806397,
		0.340991,
		0,
		0.177754,
		-0.471707,
		-0.863653,
		0,
		-0.741464,
		-0.038969,
		-0.263861,
		1
	},
	[0.25] = {
		0.840959,
		-0.378495,
		0.38669,
		0,
		-0.528457,
		-0.728076,
		0.436623,
		0,
		0.11628,
		-0.571531,
		-0.8123,
		0,
		-0.771345,
		-0.021835,
		-0.204254,
		1
	},
	[0.266666666667] = {
		0.826208,
		-0.399385,
		0.397331,
		0,
		-0.561459,
		-0.641698,
		0.522481,
		0,
		0.046295,
		-0.654763,
		-0.754415,
		0,
		-0.797711,
		-0.000462,
		-0.147835,
		1
	},
	[0.283333333333] = {
		0.813854,
		-0.419004,
		0.402588,
		0,
		-0.580351,
		-0.551686,
		0.599029,
		0,
		-0.028894,
		-0.721164,
		-0.692161,
		0,
		-0.819766,
		0.024596,
		-0.095615,
		1
	},
	[0.2] = {
		0.891954,
		-0.311856,
		0.327358,
		0,
		-0.367798,
		-0.921573,
		0.124209,
		0,
		0.262949,
		-0.23119,
		-0.936701,
		0,
		-0.674862,
		-0.058853,
		-0.387749,
		1
	},
	[0.316666666667] = {
		0.799574,
		-0.45372,
		0.393471,
		0,
		-0.572032,
		-0.375815,
		0.72907,
		0,
		-0.182921,
		-0.808023,
		-0.560034,
		0,
		-0.848245,
		0.083541,
		-0.007087,
		1
	},
	[0.333333333333] = {
		0.798966,
		-0.468777,
		0.376699,
		0,
		-0.543866,
		-0.295922,
		0.785264,
		0,
		-0.25664,
		-0.832273,
		-0.491383,
		0,
		-0.853436,
		0.116432,
		0.0278,
		1
	},
	[0.35] = {
		0.803396,
		-0.48194,
		0.349698,
		0,
		-0.499131,
		-0.22483,
		0.836851,
		0,
		-0.324689,
		-0.846868,
		-0.421179,
		0,
		-0.851837,
		0.150562,
		0.055554,
		1
	},
	[0.366666666667] = {
		0.818603,
		-0.504242,
		0.275006,
		0,
		-0.408725,
		-0.175026,
		0.895718,
		0,
		-0.403525,
		-0.845639,
		-0.349373,
		0,
		-0.830187,
		0.264708,
		0.085929,
		1
	},
	[0.383333333333] = {
		0.844229,
		-0.509907,
		0.165142,
		0,
		-0.266258,
		-0.131577,
		0.954879,
		0,
		-0.465171,
		-0.850107,
		-0.246848,
		0,
		-0.788413,
		0.473414,
		0.107528,
		1
	},
	[0.3] = {
		0.804725,
		-0.437141,
		0.401654,
		0,
		-0.58407,
		-0.461966,
		0.66742,
		0,
		-0.106206,
		-0.771684,
		-0.627076,
		0,
		-0.83682,
		0.052773,
		-0.048451,
		1
	},
	[0.416666666667] = {
		0.839367,
		-0.53963,
		0.065291,
		0,
		-0.029356,
		0.074937,
		0.996756,
		0,
		-0.542772,
		-0.838561,
		0.047058,
		0,
		-0.639357,
		0.892852,
		0.066997,
		1
	},
	[0.433333333333] = {
		0.70842,
		-0.682179,
		0.181032,
		0,
		0.095346,
		0.346644,
		0.933138,
		0,
		-0.699321,
		-0.643793,
		0.310613,
		0,
		-0.470021,
		1.100838,
		0.013773,
		1
	},
	[0.45] = {
		0.506329,
		-0.789784,
		0.346225,
		0,
		0.262157,
		0.523468,
		0.810713,
		0,
		-0.821526,
		-0.319721,
		0.472095,
		0,
		-0.269333,
		1.269064,
		-0.054653,
		1
	},
	[0.466666666667] = {
		0.288216,
		-0.791857,
		0.538419,
		0,
		0.435925,
		0.609137,
		0.662512,
		0,
		-0.852585,
		0.043764,
		0.520753,
		0,
		-0.058663,
		1.386012,
		-0.13388,
		1
	},
	[0.483333333333] = {
		0.10464,
		-0.696428,
		0.709957,
		0,
		0.612649,
		0.607477,
		0.505603,
		0,
		-0.783398,
		0.382047,
		0.490232,
		0,
		0.148665,
		1.426127,
		-0.215408,
		1
	},
	[0.4] = {
		0.853397,
		-0.512172,
		0.096916,
		0,
		-0.150819,
		-0.064639,
		0.986446,
		0,
		-0.498966,
		-0.856447,
		-0.132408,
		0,
		-0.739536,
		0.689722,
		0.096852,
		1
	},
	[0.516666666667] = {
		-0.12222,
		-0.487751,
		0.864385,
		0,
		0.839987,
		0.413063,
		0.351852,
		0,
		-0.528662,
		0.769076,
		0.35922,
		0,
		0.578683,
		1.382638,
		-0.380531,
		1
	},
	[0.533333333333] = {
		-0.20643,
		-0.322533,
		0.923774,
		0,
		0.933287,
		0.218654,
		0.284898,
		0,
		-0.293875,
		0.920958,
		0.255879,
		0,
		0.842331,
		1.344116,
		-0.443642,
		1
	},
	[0.55] = {
		-0.266473,
		-0.144079,
		0.953013,
		0,
		0.963785,
		-0.05063,
		0.261831,
		0,
		0.010526,
		0.98827,
		0.152353,
		0,
		1.109752,
		1.207946,
		-0.51752,
		1
	},
	[0.566666666667] = {
		-0.300858,
		0.023086,
		0.95339,
		0,
		0.894364,
		-0.340208,
		0.290469,
		0,
		0.331056,
		0.940067,
		0.081707,
		0,
		1.352151,
		0.952323,
		-0.628039,
		1
	},
	[0.583333333333] = {
		-0.307962,
		0.187761,
		0.932687,
		0,
		0.715539,
		-0.600387,
		0.357127,
		0,
		0.627028,
		0.777356,
		0.050546,
		0,
		1.541981,
		0.703725,
		-0.717061,
		1
	},
	[0.5] = {
		0.000363,
		-0.602136,
		0.798394,
		0,
		0.731077,
		0.544899,
		0.410622,
		0,
		-0.682294,
		0.583539,
		0.440405,
		0,
		0.348242,
		1.403762,
		-0.288491,
		1
	},
	[0.616666666667] = {
		-0.343021,
		0.574098,
		0.743471,
		0,
		0.407728,
		-0.622041,
		0.668448,
		0,
		0.846224,
		0.532425,
		-0.020703,
		0,
		1.687204,
		0.330498,
		-0.732872,
		1
	},
	[0.633333333333] = {
		-0.307535,
		0.703999,
		0.640162,
		0,
		0.2938,
		-0.569641,
		0.767587,
		0,
		0.905043,
		0.42414,
		-0.031651,
		0,
		1.706091,
		0.203588,
		-0.703705,
		1
	},
	[0.65] = {
		-0.275204,
		0.785371,
		0.554487,
		0,
		0.218578,
		-0.510539,
		0.831609,
		0,
		0.936209,
		0.35006,
		-0.031163,
		0,
		1.710983,
		0.1306,
		-0.685724,
		1
	},
	[0.666666666667] = {
		-0.252314,
		0.8426,
		0.475776,
		0,
		0.16274,
		-0.44773,
		0.879234,
		0,
		0.953862,
		0.299271,
		-0.024156,
		0,
		1.713118,
		0.08511,
		-0.683504,
		1
	},
	[0.683333333333] = {
		-0.235197,
		0.883598,
		0.404891,
		0,
		0.12365,
		-0.38599,
		0.914178,
		0,
		0.96405,
		0.265076,
		-0.018474,
		0,
		1.718799,
		0.042585,
		-0.684798,
		1
	},
	[0.6] = {
		-0.351044,
		0.39035,
		0.851114,
		0,
		0.560269,
		-0.640728,
		0.524944,
		0,
		0.750244,
		0.661131,
		0.006223,
		0,
		1.642486,
		0.510275,
		-0.746597,
		1
	},
	[0.716666666667] = {
		-0.215501,
		0.933428,
		0.286831,
		0,
		0.083891,
		-0.274949,
		0.957792,
		0,
		0.972893,
		0.230468,
		-0.019054,
		0,
		1.734602,
		-0.054134,
		-0.697233,
		1
	},
	[0.733333333333] = {
		-0.214183,
		0.946667,
		0.240721,
		0,
		0.080517,
		-0.228491,
		0.970211,
		0,
		0.973469,
		0.227185,
		-0.027284,
		0,
		1.740741,
		-0.106769,
		-0.707478,
		1
	},
	[0.75] = {
		-0.220799,
		0.953686,
		0.204279,
		0,
		0.08734,
		-0.189273,
		0.978032,
		0,
		0.971401,
		0.233791,
		-0.041504,
		0,
		1.743988,
		-0.156207,
		-0.719721,
		1
	},
	[0.766666666667] = {
		-0.236771,
		0.955087,
		0.178183,
		0,
		0.103988,
		-0.157433,
		0.982039,
		0,
		0.965984,
		0.251047,
		-0.062043,
		0,
		1.744362,
		-0.197397,
		-0.733392,
		1
	},
	[0.783333333333] = {
		-0.263172,
		0.950618,
		0.164519,
		0,
		0.133477,
		-0.133013,
		0.982085,
		0,
		0.955471,
		0.280417,
		-0.091881,
		0,
		1.742639,
		-0.225242,
		-0.75114,
		1
	},
	[0.7] = {
		-0.223122,
		0.91288,
		0.341856,
		0,
		0.098038,
		-0.327904,
		0.93961,
		0,
		0.969848,
		0.243163,
		-0.016334,
		0,
		1.726654,
		-0.002966,
		-0.689497,
		1
	},
	[0.816666666667] = {
		-0.336512,
		0.926062,
		0.170789,
		0,
		0.230449,
		-0.094866,
		0.968449,
		0,
		0.913046,
		0.365253,
		-0.181486,
		0,
		1.594888,
		-0.239398,
		-0.732625,
		1
	},
	[0.833333333333] = {
		-0.377018,
		0.907188,
		0.18673,
		0,
		0.291645,
		-0.075073,
		0.953576,
		0,
		0.879091,
		0.413974,
		-0.236273,
		0,
		1.515846,
		-0.234154,
		-0.715813,
		1
	},
	[0.85] = {
		-0.420129,
		0.885588,
		0.198053,
		0,
		0.355329,
		-0.040281,
		0.933873,
		0,
		0.835005,
		0.462721,
		-0.297752,
		0,
		1.43478,
		-0.225597,
		-0.695169,
		1
	},
	[0.866666666667] = {
		-0.465504,
		0.857184,
		0.220323,
		0,
		0.420643,
		-0.004747,
		0.907214,
		0,
		0.778695,
		0.514989,
		-0.358358,
		0,
		1.346592,
		-0.215967,
		-0.675951,
		1
	},
	[0.883333333333] = {
		-0.510251,
		0.822131,
		0.252477,
		0,
		0.484533,
		0.032262,
		0.874178,
		0,
		0.710543,
		0.568383,
		-0.414811,
		0,
		1.254372,
		-0.205704,
		-0.65807,
		1
	},
	[0.8] = {
		-0.297773,
		0.940625,
		0.162958,
		0,
		0.176715,
		-0.113439,
		0.977703,
		0,
		0.938138,
		0.31993,
		-0.132444,
		0,
		1.674581,
		-0.236583,
		-0.744979,
		1
	},
	[0.916666666667] = {
		-0.586049,
		0.735632,
		0.339695,
		0,
		0.598931,
		0.110921,
		0.793081,
		0,
		0.545737,
		0.668238,
		-0.505598,
		0,
		1.071091,
		-0.185317,
		-0.626446,
		1
	},
	[0.933333333333] = {
		-0.612127,
		0.687552,
		0.390605,
		0,
		0.646979,
		0.151447,
		0.747317,
		0,
		0.454663,
		0.710166,
		-0.537536,
		0,
		0.987026,
		-0.176182,
		-0.613136,
		1
	},
	[0.95] = {
		-0.628076,
		0.639362,
		0.44355,
		0,
		0.688735,
		0.191463,
		0.699275,
		0,
		0.362167,
		0.744686,
		-0.560605,
		0,
		0.912811,
		-0.168302,
		-0.602053,
		1
	},
	[0.966666666667] = {
		-0.63308,
		0.59375,
		0.496659,
		0,
		0.724946,
		0.22981,
		0.649338,
		0,
		0.271407,
		0.771134,
		-0.575925,
		0,
		0.852055,
		-0.161962,
		-0.593795,
		1
	},
	[0.983333333333] = {
		-0.62689,
		0.553417,
		0.548397,
		0,
		0.756799,
		0.265308,
		0.597384,
		0,
		0.185108,
		0.78952,
		-0.585144,
		0,
		0.808316,
		-0.157342,
		-0.589054,
		1
	},
	[0.9] = {
		-0.551352,
		0.781155,
		0.292929,
		0,
		0.544522,
		0.070934,
		0.835741,
		0,
		0.632065,
		0.620295,
		-0.464466,
		0,
		1.161392,
		-0.195315,
		-0.641524,
		1
	}
}

return spline_matrices
