local spline_matrices = {
	[0] = {
		0.704609,
		-0.135214,
		0.696595,
		0,
		0.69029,
		-0.09682,
		-0.717025,
		0,
		0.164396,
		0.986075,
		0.025117,
		0,
		0.706026,
		-0.012248,
		-1.334477,
		1
	},
	{
		0.704609,
		-0.135214,
		0.696595,
		0,
		0.69029,
		-0.09682,
		-0.717025,
		0,
		0.164396,
		0.986075,
		0.025117,
		0,
		0.706025,
		-0.012249,
		-1.334478,
		1
	},
	[0.0166666666667] = {
		0.714818,
		-0.205424,
		0.668458,
		0,
		0.655184,
		-0.137448,
		-0.742861,
		0,
		0.24448,
		0.968973,
		0.036341,
		0,
		0.704731,
		-0.001754,
		-1.331098,
		1
	},
	[0.0333333333333] = {
		0.718433,
		-0.27851,
		0.637406,
		0,
		0.613407,
		-0.178433,
		-0.769347,
		0,
		0.328005,
		0.943713,
		0.042648,
		0,
		0.701289,
		0.017399,
		-1.326128,
		1
	},
	[0.05] = {
		0.71493,
		-0.354706,
		0.602543,
		0,
		0.563462,
		-0.217964,
		-0.79687,
		0,
		0.413987,
		0.909217,
		0.044034,
		0,
		0.695849,
		0.044649,
		-1.319551,
		1
	},
	[0.0666666666667] = {
		0.703441,
		-0.433876,
		0.562958,
		0,
		0.50414,
		-0.253741,
		-0.825505,
		0,
		0.501012,
		0.864504,
		0.040243,
		0,
		0.688607,
		0.07943,
		-1.311338,
		1
	},
	[0.0833333333333] = {
		0.682827,
		-0.51539,
		0.517803,
		0,
		0.434711,
		-0.28301,
		-0.854945,
		0,
		0.587174,
		0.808875,
		0.030799,
		0,
		0.679815,
		0.121164,
		-1.301448,
		1
	},
	[0.116666666667] = {
		0.609225,
		-0.679748,
		0.408397,
		0,
		0.266396,
		-0.309641,
		-0.912773,
		0,
		0.746912,
		0.66488,
		-0.007559,
		0,
		0.658946,
		0.223017,
		-1.276413,
		1
	},
	[0.133333333333] = {
		0.554217,
		-0.758022,
		0.343871,
		0,
		0.170454,
		-0.301011,
		-0.938263,
		0,
		0.814732,
		0.578616,
		-0.037617,
		0,
		0.647726,
		0.281758,
		-1.261155,
		1
	},
	[0.15] = {
		0.486641,
		-0.829689,
		0.273491,
		0,
		0.070475,
		-0.274756,
		-0.958928,
		0,
		0.870755,
		0.485928,
		-0.075235,
		0,
		0.636643,
		0.344655,
		-1.244022,
		1
	},
	[0.166666666667] = {
		0.407295,
		-0.891456,
		0.198539,
		0,
		-0.02948,
		-0.230106,
		-0.972719,
		0,
		0.912821,
		0.390331,
		-0.120001,
		0,
		0.626215,
		0.410802,
		-1.225024,
		1
	},
	[0.183333333333] = {
		0.318065,
		-0.940336,
		0.120843,
		0,
		-0.124884,
		-0.167907,
		-0.97786,
		0,
		0.939808,
		0.295932,
		-0.170838,
		0,
		0.616933,
		0.479223,
		-1.204229,
		1
	},
	[0.1] = {
		0.651819,
		-0.597996,
		0.466404,
		0,
		0.355157,
		-0.302694,
		-0.884443,
		0,
		0.670072,
		0.742143,
		0.015081,
		0,
		0.669796,
		0.169244,
		-1.289826,
		1
	},
	[0.216666666667] = {
		0.12222,
		-0.991919,
		-0.034027,
		0,
		-0.285371,
		-0.002284,
		-0.958414,
		0,
		0.950592,
		0.126848,
		-0.283345,
		0,
		0.603453,
		0.618827,
		-1.157823,
		1
	},
	[0.233333333333] = {
		0.023196,
		-0.994004,
		-0.106856,
		0,
		-0.344619,
		0.092383,
		-0.934186,
		0,
		0.938456,
		0.058494,
		-0.34041,
		0,
		0.599761,
		0.688004,
		-1.132708,
		1
	},
	[0.25] = {
		-0.071425,
		-0.982105,
		-0.174262,
		0,
		-0.388397,
		0.188304,
		-0.902047,
		0,
		0.91872,
		0.003254,
		-0.394897,
		0,
		0.598163,
		0.755542,
		-1.106801,
		1
	},
	[0.266666666667] = {
		-0.158638,
		-0.958871,
		-0.235373,
		0,
		-0.417386,
		0.281172,
		-0.864136,
		0,
		0.894775,
		-0.038843,
		-0.444824,
		0,
		0.598711,
		0.820737,
		-1.080394,
		1
	},
	[0.283333333333] = {
		-0.236282,
		-0.927415,
		-0.289951,
		0,
		-0.433298,
		0.367653,
		-0.822851,
		0,
		0.869726,
		-0.06879,
		-0.488717,
		0,
		0.601459,
		0.882987,
		-1.053735,
		1
	},
	[0.2] = {
		0.221843,
		-0.974152,
		0.042578,
		0,
		-0.21137,
		-0.090672,
		-0.973191,
		0,
		0.951897,
		0.206896,
		-0.226022,
		0,
		0.609228,
		0.548899,
		-1.181768,
		1
	},
	[0.316666666667] = {
		-0.358278,
		-0.852298,
		-0.381084,
		0,
		-0.435303,
		0.513597,
		-0.739412,
		0,
		0.825923,
		-0.099028,
		-0.555018,
		0,
		0.613924,
		0.996608,
		-1.000388,
		1
	},
	[0.333333333333] = {
		-0.401846,
		-0.814089,
		-0.41926,
		0,
		-0.426258,
		0.571523,
		-0.701188,
		0,
		0.810446,
		-0.103057,
		-0.576677,
		0,
		0.623925,
		1.047052,
		-0.973922,
		1
	},
	[0.35] = {
		-0.437811,
		-0.775211,
		-0.455378,
		0,
		-0.412345,
		0.623223,
		-0.664503,
		0,
		0.798932,
		-0.103154,
		-0.592509,
		0,
		0.636639,
		1.088235,
		-0.945952,
		1
	},
	[0.366666666667] = {
		-0.463681,
		-0.738199,
		-0.489962,
		0,
		-0.39035,
		0.666647,
		-0.634988,
		0,
		0.795379,
		-0.103175,
		-0.597267,
		0,
		0.641495,
		1.134732,
		-0.913831,
		1
	},
	[0.383333333333] = {
		-0.474616,
		-0.706819,
		-0.524544,
		0,
		-0.362694,
		0.700045,
		-0.615134,
		0,
		0.801993,
		-0.101704,
		-0.588612,
		0,
		0.629781,
		1.19901,
		-0.875365,
		1
	},
	[0.3] = {
		-0.303038,
		-0.890913,
		-0.338292,
		0,
		-0.43844,
		0.445523,
		-0.780564,
		0,
		0.846131,
		-0.08822,
		-0.525623,
		0,
		0.606489,
		0.941769,
		-1.02702,
		1
	},
	[0.416666666667] = {
		-0.455226,
		-0.655634,
		-0.602423,
		0,
		-0.322689,
		0.752082,
		-0.574669,
		0,
		0.829844,
		-0.067209,
		-0.553933,
		0,
		0.565291,
		1.344669,
		-0.774909,
		1
	},
	[0.433333333333] = {
		-0.426784,
		-0.630797,
		-0.648036,
		0,
		-0.32725,
		0.775734,
		-0.539578,
		0,
		0.843067,
		-0.018214,
		-0.5375,
		0,
		0.516598,
		1.407395,
		-0.710915,
		1
	},
	[0.45] = {
		-0.387855,
		-0.600141,
		-0.699571,
		0,
		-0.361409,
		0.797226,
		-0.483544,
		0,
		0.84791,
		0.065286,
		-0.526105,
		0,
		0.45927,
		1.450206,
		-0.636137,
		1
	},
	[0.466666666667] = {
		-0.328607,
		-0.558674,
		-0.761513,
		0,
		-0.447991,
		0.802013,
		-0.39507,
		0,
		0.831458,
		0.211328,
		-0.513827,
		0,
		0.381036,
		1.472481,
		-0.545109,
		1
	},
	[0.483333333333] = {
		-0.248386,
		-0.494645,
		-0.832845,
		0,
		-0.578499,
		0.765371,
		-0.28204,
		0,
		0.776945,
		0.411745,
		-0.476259,
		0,
		0.275864,
		1.479497,
		-0.43707,
		1
	},
	[0.4] = {
		-0.471503,
		-0.679937,
		-0.561578,
		0,
		-0.337463,
		0.727453,
		-0.597437,
		0,
		0.814741,
		-0.092181,
		-0.57245,
		0,
		0.60367,
		1.272051,
		-0.829393,
		1
	},
	[0.516666666667] = {
		-0.1083,
		-0.256714,
		-0.9604,
		0,
		-0.769774,
		0.632977,
		-0.08239,
		0,
		0.629062,
		0.730369,
		-0.266163,
		0,
		0.115551,
		1.446947,
		-0.240218,
		1
	},
	[0.533333333333] = {
		-0.07378,
		-0.095616,
		-0.99268,
		0,
		-0.825294,
		0.56466,
		0.006951,
		0,
		0.559863,
		0.819766,
		-0.120572,
		0,
		0.065948,
		1.415905,
		-0.147369,
		1
	},
	[0.55] = {
		-0.076136,
		0.095075,
		-0.992554,
		0,
		-0.902894,
		0.415791,
		0.109086,
		0,
		0.423066,
		0.904477,
		0.054186,
		0,
		-0.102219,
		1.287756,
		-0.006648,
		1
	},
	[0.566666666667] = {
		-0.09397,
		0.359062,
		-0.928571,
		0,
		-0.97624,
		0.149691,
		0.156677,
		0,
		0.195256,
		0.921231,
		0.336465,
		0,
		-0.327082,
		1.102999,
		0.186998,
		1
	},
	[0.583333333333] = {
		-0.176623,
		0.6251,
		-0.760298,
		0,
		-0.981842,
		-0.057576,
		0.180751,
		0,
		0.069213,
		0.778418,
		0.623919,
		0,
		-0.412087,
		0.860242,
		0.318683,
		1
	},
	[0.5] = {
		-0.1684,
		-0.393568,
		-0.90374,
		0,
		-0.693523,
		0.698831,
		-0.175104,
		0,
		0.700477,
		0.597277,
		-0.390631,
		0,
		0.180516,
		1.469876,
		-0.332562,
		1
	},
	[0.616666666667] = {
		-0.496998,
		0.867273,
		0.02881,
		0,
		-0.80803,
		-0.474641,
		0.349004,
		0,
		0.316356,
		0.150175,
		0.936678,
		0,
		-0.51694,
		-0.159952,
		0.356997,
		1
	},
	[0.633333333333] = {
		-0.486781,
		0.863348,
		0.132943,
		0,
		-0.843928,
		-0.50409,
		0.183515,
		0,
		0.225453,
		-0.022863,
		0.973986,
		0,
		-0.539599,
		-0.556581,
		0.375207,
		1
	},
	[0.65] = {
		-0.457937,
		0.886717,
		0.063447,
		0,
		-0.884085,
		-0.461735,
		0.072069,
		0,
		0.0932,
		-0.02309,
		0.99538,
		0,
		-0.486502,
		-0.689499,
		0.356631,
		1
	},
	[0.666666666667] = {
		-0.514266,
		0.849522,
		0.11765,
		0,
		-0.854586,
		-0.519145,
		0.013094,
		0,
		0.072201,
		-0.093809,
		0.992969,
		0,
		-0.342929,
		-0.694593,
		0.242658,
		1
	},
	[0.683333333333] = {
		-0.599067,
		0.7832,
		0.166481,
		0,
		-0.797719,
		-0.601715,
		-0.039787,
		0,
		0.069013,
		-0.156641,
		0.985242,
		0,
		-0.201586,
		-0.685578,
		0.110896,
		1
	},
	[0.6] = {
		-0.354564,
		0.825252,
		-0.439595,
		0,
		-0.916075,
		-0.212404,
		0.340133,
		0,
		0.187324,
		0.523301,
		0.831304,
		0,
		-0.457769,
		0.395369,
		0.365677,
		1
	},
	[0.716666666667] = {
		-0.815762,
		0.509425,
		0.273894,
		0,
		-0.560631,
		-0.812877,
		-0.157876,
		0,
		0.142216,
		-0.282343,
		0.948713,
		0,
		0.096975,
		-0.627503,
		-0.189828,
		1
	},
	[0.733333333333] = {
		-0.90346,
		0.286376,
		0.318982,
		0,
		-0.365513,
		-0.903403,
		-0.224195,
		0,
		0.223965,
		-0.319144,
		0.920862,
		0,
		0.256594,
		-0.575557,
		-0.345448,
		1
	},
	[0.75] = {
		-0.935054,
		0.013699,
		0.354241,
		0,
		-0.124616,
		-0.948183,
		-0.292266,
		0,
		0.331881,
		-0.317429,
		0.88831,
		0,
		0.410708,
		-0.505882,
		-0.497925,
		1
	},
	[0.766666666667] = {
		-0.882387,
		-0.278405,
		0.379321,
		0,
		0.138191,
		-0.923951,
		-0.356676,
		0,
		0.449774,
		-0.262307,
		0.853755,
		0,
		0.547572,
		-0.420984,
		-0.642288,
		1
	},
	[0.783333333333] = {
		-0.737591,
		-0.545403,
		0.398115,
		0,
		0.387027,
		-0.824595,
		-0.412617,
		0,
		0.553326,
		-0.150261,
		0.8193,
		0,
		0.656877,
		-0.328276,
		-0.774351,
		1
	},
	[0.7] = {
		-0.705332,
		0.673193,
		0.222078,
		0,
		-0.702942,
		-0.704673,
		-0.096483,
		0,
		0.091541,
		-0.224161,
		0.970243,
		0,
		-0.058128,
		-0.663179,
		-0.036172,
		1
	},
	[0.816666666667] = {
		-0.261607,
		-0.858858,
		0.440369,
		0,
		0.723357,
		-0.476533,
		-0.499671,
		0,
		0.638997,
		0.187827,
		0.745925,
		0,
		0.775377,
		-0.157902,
		-0.9893,
		1
	},
	[0.833333333333] = {
		-0.00149,
		-0.883458,
		0.468509,
		0,
		0.790104,
		-0.288223,
		-0.540983,
		0,
		0.61297,
		0.369365,
		0.698453,
		0,
		0.786097,
		-0.095173,
		-1.066279,
		1
	},
	[0.85] = {
		0.236757,
		-0.835689,
		0.49555,
		0,
		0.797254,
		-0.1244,
		-0.590687,
		0,
		0.555277,
		0.534929,
		0.636804,
		0,
		0.767371,
		-0.051984,
		-1.117945,
		1
	},
	[0.866666666667] = {
		0.316642,
		-0.772739,
		0.550101,
		0,
		0.787913,
		-0.108634,
		-0.606128,
		0,
		0.528139,
		0.625358,
		0.574453,
		0,
		0.760961,
		-0.034737,
		-1.155198,
		1
	},
	[0.883333333333] = {
		0.395073,
		-0.697192,
		0.598197,
		0,
		0.777052,
		-0.093717,
		-0.622421,
		0,
		0.490008,
		0.710732,
		0.50473,
		0,
		0.753388,
		-0.020383,
		-1.190938,
		1
	},
	[0.8] = {
		-0.518943,
		-0.74625,
		0.416905,
		0,
		0.588366,
		-0.665629,
		-0.459091,
		0,
		0.6201,
		0.007051,
		0.784491,
		0,
		0.733018,
		-0.237607,
		-0.890946,
		1
	},
	[0.916666666667] = {
		0.532895,
		-0.520188,
		0.667404,
		0,
		0.751465,
		-0.071662,
		-0.65587,
		0,
		0.389003,
		0.85104,
		0.352714,
		0,
		0.737011,
		-0.001968,
		-1.254092,
		1
	},
	[0.933333333333] = {
		0.587336,
		-0.427446,
		0.68726,
		0,
		0.737708,
		-0.06654,
		-0.671833,
		0,
		0.332903,
		0.901589,
		0.276249,
		0,
		0.72924,
		0.001987,
		-1.279931,
		1
	},
	[0.95] = {
		0.630892,
		-0.338363,
		0.698202,
		0,
		0.724166,
		-0.066212,
		-0.68644,
		0,
		0.278495,
		0.938683,
		0.203259,
		0,
		0.722207,
		0.002687,
		-1.301187,
		1
	},
	[0.966666666667] = {
		0.664068,
		-0.257479,
		0.701939,
		0,
		0.711463,
		-0.07101,
		-0.699126,
		0,
		0.229855,
		0.963671,
		0.136031,
		0,
		0.716036,
		0.000406,
		-1.317504,
		1
	},
	[0.983333333333] = {
		0.688122,
		-0.188686,
		0.700632,
		0,
		0.700083,
		-0.081143,
		-0.709436,
		0,
		0.190712,
		0.978679,
		0.07626,
		0,
		0.710689,
		-0.004623,
		-1.328654,
		1
	},
	[0.9] = {
		0.468178,
		-0.611686,
		0.637691,
		0,
		0.764774,
		-0.081009,
		-0.639186,
		0,
		0.44264,
		0.786942,
		0.429875,
		0,
		0.745216,
		-0.009401,
		-1.224192,
		1
	}
}

return spline_matrices
