local spline_matrices = {
	[0] = {
		-0.974804,
		0.205941,
		-0.085701,
		0,
		0.21676,
		0.783883,
		-0.581844,
		0,
		-0.052646,
		-0.585761,
		-0.808772,
		0,
		-0.018301,
		0.050677,
		-0.516787,
		1
	},
	{
		0.423403,
		-0.424219,
		-0.80048,
		0,
		-0.721417,
		0.376584,
		-0.581156,
		0,
		0.547985,
		0.823543,
		-0.146592,
		0,
		0.391772,
		0.105974,
		-0.171442,
		1
	},
	[0.0166666666667] = {
		-0.969426,
		0.214379,
		-0.119398,
		0,
		0.242139,
		0.75684,
		-0.607093,
		0,
		-0.039782,
		-0.617442,
		-0.78561,
		0,
		-0.025745,
		0.055117,
		-0.498177,
		1
	},
	[0.0333333333333] = {
		-0.949095,
		0.237683,
		-0.206703,
		0,
		0.31445,
		0.676497,
		-0.665938,
		0,
		-0.018448,
		-0.697036,
		-0.716799,
		0,
		-0.045369,
		0.06763,
		-0.449101,
		1
	},
	[0.05] = {
		-0.905603,
		0.272747,
		-0.324797,
		0,
		0.42356,
		0.541993,
		-0.725838,
		0,
		-0.021933,
		-0.794891,
		-0.606355,
		0,
		-0.073113,
		0.087009,
		-0.379685,
		1
	},
	[0.0666666666667] = {
		-0.835532,
		0.31638,
		-0.449211,
		0,
		0.54376,
		0.358869,
		-0.758642,
		0,
		-0.078812,
		-0.878133,
		-0.471881,
		0,
		-0.104917,
		0.112045,
		-0.300059,
		1
	},
	[0.0833333333333] = {
		-0.745394,
		0.365365,
		-0.55758,
		0,
		0.637275,
		0.145101,
		-0.756853,
		0,
		-0.195622,
		-0.919486,
		-0.340995,
		0,
		-0.13672,
		0.141529,
		-0.220349,
		1
	},
	[0.116666666667] = {
		-0.574201,
		0.466942,
		-0.672502,
		0,
		0.637302,
		-0.260716,
		-0.725171,
		0,
		-0.513944,
		-0.844981,
		-0.14788,
		0,
		-0.184079,
		0.20901,
		-0.101195,
		1
	},
	[0.133333333333] = {
		-0.533978,
		0.513825,
		-0.671455,
		0,
		0.540956,
		-0.402712,
		-0.73837,
		0,
		-0.649796,
		-0.7575,
		-0.062918,
		0,
		-0.191514,
		0.24459,
		-0.082006,
		1
	},
	[0.15] = {
		-0.567727,
		0.575818,
		-0.588319,
		0,
		0.340977,
		-0.485988,
		-0.804705,
		0,
		-0.74928,
		-0.657456,
		0.079567,
		0,
		-0.182448,
		0.290728,
		-0.081448,
		1
	},
	[0.166666666667] = {
		-0.629517,
		0.651223,
		-0.423812,
		0,
		0.028806,
		-0.525519,
		-0.850294,
		0,
		-0.776452,
		-0.547483,
		0.312064,
		0,
		-0.158544,
		0.351543,
		-0.081074,
		1
	},
	[0.183333333333] = {
		-0.651924,
		0.711665,
		-0.261779,
		0,
		-0.288499,
		-0.552047,
		-0.782313,
		0,
		-0.701259,
		-0.434485,
		0.565207,
		0,
		-0.124719,
		0.417401,
		-0.080847,
		1
	},
	[0.1] = {
		-0.651285,
		0.416547,
		-0.634284,
		0,
		0.672181,
		-0.071199,
		-0.736956,
		0,
		-0.352137,
		-0.906322,
		-0.233625,
		0,
		-0.164461,
		0.174254,
		-0.150686,
		1
	},
	[0.216666666667] = {
		-0.732267,
		0.609505,
		-0.30379,
		0,
		-0.472491,
		-0.775953,
		-0.41791,
		0,
		-0.490445,
		-0.162484,
		0.856191,
		0,
		-0.04696,
		0.525723,
		-0.080688,
		1
	},
	[0.233333333333] = {
		-0.812323,
		0.377895,
		-0.444215,
		0,
		-0.412594,
		-0.91069,
		-0.020229,
		0,
		-0.412187,
		0.166848,
		0.895692,
		0,
		-0.012858,
		0.548922,
		-0.080682,
		1
	},
	[0.25] = {
		-0.883346,
		0.190845,
		-0.428109,
		0,
		-0.421488,
		-0.72299,
		0.547387,
		0,
		-0.205052,
		0.663975,
		0.71909,
		0,
		0.019379,
		0.553622,
		-0.126308,
		1
	},
	[0.266666666667] = {
		-0.918717,
		0.057018,
		-0.39078,
		0,
		-0.385063,
		-0.349004,
		0.854355,
		0,
		-0.087671,
		0.935385,
		0.342592,
		0,
		0.048978,
		0.554286,
		-0.189094,
		1
	},
	[0.283333333333] = {
		-0.912217,
		0.007179,
		-0.409645,
		0,
		-0.404653,
		-0.172366,
		0.898079,
		0,
		-0.064162,
		0.985007,
		0.16014,
		0,
		0.072708,
		0.545842,
		-0.209164,
		1
	},
	[0.2] = {
		-0.649506,
		0.735966,
		-0.19104,
		0,
		-0.49205,
		-0.598381,
		-0.632319,
		0,
		-0.57968,
		-0.316694,
		0.750784,
		0,
		-0.085886,
		0.478672,
		-0.080731,
		1
	},
	[0.316666666667] = {
		-0.85502,
		-0.022233,
		-0.518118,
		0,
		-0.518027,
		-0.010118,
		0.855304,
		0,
		-0.024258,
		0.999702,
		-0.002866,
		0,
		0.087714,
		0.501382,
		-0.226959,
		1
	},
	[0.333333333333] = {
		-0.811306,
		-0.041233,
		-0.583166,
		0,
		-0.58457,
		0.070527,
		0.808272,
		0,
		0.007802,
		0.996657,
		-0.081323,
		0,
		0.089175,
		0.466835,
		-0.236208,
		1
	},
	[0.35] = {
		-0.756064,
		-0.07103,
		-0.650632,
		0,
		-0.650766,
		0.187576,
		0.735743,
		0,
		0.069783,
		0.979678,
		-0.188044,
		0,
		0.10059,
		0.419333,
		-0.254721,
		1
	},
	[0.366666666667] = {
		-0.639553,
		-0.124493,
		-0.7586,
		0,
		-0.757188,
		0.272494,
		0.593644,
		0,
		0.132809,
		0.95407,
		-0.268539,
		0,
		0.131094,
		0.363344,
		-0.267093,
		1
	},
	[0.383333333333] = {
		-0.341201,
		-0.246356,
		-0.907133,
		0,
		-0.919638,
		0.287219,
		0.267902,
		0,
		0.194547,
		0.925642,
		-0.324558,
		0,
		0.197791,
		0.293186,
		-0.252078,
		1
	},
	[0.3] = {
		-0.889823,
		-0.012671,
		-0.456131,
		0,
		-0.454063,
		-0.074418,
		0.887856,
		0,
		-0.045194,
		0.997147,
		0.060466,
		0,
		0.086251,
		0.52647,
		-0.217962,
		1
	},
	[0.416666666667] = {
		0.080419,
		-0.377436,
		-0.922537,
		0,
		-0.93134,
		0.301329,
		-0.204469,
		0,
		0.355161,
		0.875639,
		-0.327289,
		0,
		0.291916,
		0.203859,
		-0.218364,
		1
	},
	[0.433333333333] = {
		0.196826,
		-0.39888,
		-0.895631,
		0,
		-0.885108,
		0.320633,
		-0.337311,
		0,
		0.421715,
		0.859121,
		-0.289943,
		0,
		0.322749,
		0.173558,
		-0.204994,
		1
	},
	[0.45] = {
		0.29208,
		-0.412509,
		-0.862859,
		0,
		-0.828996,
		0.340701,
		-0.443497,
		0,
		0.476923,
		0.844843,
		-0.242456,
		0,
		0.350069,
		0.146768,
		-0.192296,
		1
	},
	[0.466666666667] = {
		0.36317,
		-0.420131,
		-0.831623,
		0,
		-0.775366,
		0.358647,
		-0.519789,
		0,
		0.516639,
		0.833584,
		-0.195506,
		0,
		0.371959,
		0.125339,
		-0.181591,
		1
	},
	[0.483333333333] = {
		0.407788,
		-0.423474,
		-0.808936,
		0,
		-0.736187,
		0.371591,
		-0.565641,
		0,
		0.540128,
		0.82619,
		-0.160226,
		0,
		0.386499,
		0.111123,
		-0.174199,
		1
	},
	[0.4] = {
		-0.052782,
		-0.346247,
		-0.936657,
		0,
		-0.956908,
		0.285749,
		-0.051708,
		0,
		0.285553,
		0.893566,
		-0.346409,
		0,
		0.25949,
		0.235818,
		-0.231085,
		1
	},
	[0.516666666667] = {
		0.423403,
		-0.424219,
		-0.80048,
		0,
		-0.721417,
		0.376584,
		-0.581156,
		0,
		0.547985,
		0.823543,
		-0.146592,
		0,
		0.391772,
		0.105974,
		-0.171442,
		1
	},
	[0.533333333333] = {
		0.423403,
		-0.424219,
		-0.80048,
		0,
		-0.721417,
		0.376584,
		-0.581156,
		0,
		0.547985,
		0.823543,
		-0.146592,
		0,
		0.391772,
		0.105974,
		-0.171442,
		1
	},
	[0.55] = {
		0.423403,
		-0.424219,
		-0.80048,
		0,
		-0.721417,
		0.376584,
		-0.581156,
		0,
		0.547985,
		0.823543,
		-0.146592,
		0,
		0.391772,
		0.105974,
		-0.171442,
		1
	},
	[0.566666666667] = {
		0.423403,
		-0.424219,
		-0.80048,
		0,
		-0.721417,
		0.376584,
		-0.581156,
		0,
		0.547985,
		0.823543,
		-0.146592,
		0,
		0.391772,
		0.105974,
		-0.171442,
		1
	},
	[0.583333333333] = {
		0.423403,
		-0.424219,
		-0.80048,
		0,
		-0.721417,
		0.376584,
		-0.581156,
		0,
		0.547985,
		0.823543,
		-0.146592,
		0,
		0.391772,
		0.105974,
		-0.171442,
		1
	},
	[0.5] = {
		0.423403,
		-0.424219,
		-0.80048,
		0,
		-0.721417,
		0.376584,
		-0.581156,
		0,
		0.547985,
		0.823543,
		-0.146592,
		0,
		0.391772,
		0.105974,
		-0.171442,
		1
	},
	[0.616666666667] = {
		0.423403,
		-0.424219,
		-0.80048,
		0,
		-0.721417,
		0.376584,
		-0.581156,
		0,
		0.547985,
		0.823543,
		-0.146592,
		0,
		0.391772,
		0.105974,
		-0.171442,
		1
	},
	[0.633333333333] = {
		0.423403,
		-0.424219,
		-0.80048,
		0,
		-0.721417,
		0.376584,
		-0.581156,
		0,
		0.547985,
		0.823543,
		-0.146592,
		0,
		0.391772,
		0.105974,
		-0.171442,
		1
	},
	[0.65] = {
		0.423403,
		-0.424219,
		-0.80048,
		0,
		-0.721417,
		0.376584,
		-0.581156,
		0,
		0.547985,
		0.823543,
		-0.146592,
		0,
		0.391772,
		0.105974,
		-0.171442,
		1
	},
	[0.666666666667] = {
		0.423403,
		-0.424219,
		-0.80048,
		0,
		-0.721417,
		0.376584,
		-0.581156,
		0,
		0.547985,
		0.823543,
		-0.146592,
		0,
		0.391772,
		0.105974,
		-0.171442,
		1
	},
	[0.683333333333] = {
		0.423403,
		-0.424219,
		-0.80048,
		0,
		-0.721417,
		0.376584,
		-0.581156,
		0,
		0.547985,
		0.823543,
		-0.146592,
		0,
		0.391772,
		0.105974,
		-0.171442,
		1
	},
	[0.6] = {
		0.423403,
		-0.424219,
		-0.80048,
		0,
		-0.721417,
		0.376584,
		-0.581156,
		0,
		0.547985,
		0.823543,
		-0.146592,
		0,
		0.391772,
		0.105974,
		-0.171442,
		1
	},
	[0.716666666667] = {
		0.423403,
		-0.424219,
		-0.80048,
		0,
		-0.721417,
		0.376584,
		-0.581156,
		0,
		0.547985,
		0.823543,
		-0.146592,
		0,
		0.391772,
		0.105974,
		-0.171442,
		1
	},
	[0.733333333333] = {
		0.423403,
		-0.424219,
		-0.80048,
		0,
		-0.721417,
		0.376584,
		-0.581156,
		0,
		0.547985,
		0.823543,
		-0.146592,
		0,
		0.391772,
		0.105974,
		-0.171442,
		1
	},
	[0.75] = {
		0.423403,
		-0.424219,
		-0.80048,
		0,
		-0.721417,
		0.376584,
		-0.581156,
		0,
		0.547985,
		0.823543,
		-0.146592,
		0,
		0.391772,
		0.105974,
		-0.171442,
		1
	},
	[0.766666666667] = {
		0.423403,
		-0.424219,
		-0.80048,
		0,
		-0.721417,
		0.376584,
		-0.581156,
		0,
		0.547985,
		0.823543,
		-0.146592,
		0,
		0.391772,
		0.105974,
		-0.171442,
		1
	},
	[0.783333333333] = {
		0.423403,
		-0.424219,
		-0.80048,
		0,
		-0.721417,
		0.376584,
		-0.581156,
		0,
		0.547985,
		0.823543,
		-0.146592,
		0,
		0.391772,
		0.105974,
		-0.171442,
		1
	},
	[0.7] = {
		0.423403,
		-0.424219,
		-0.80048,
		0,
		-0.721417,
		0.376584,
		-0.581156,
		0,
		0.547985,
		0.823543,
		-0.146592,
		0,
		0.391772,
		0.105974,
		-0.171442,
		1
	},
	[0.816666666667] = {
		0.423403,
		-0.424219,
		-0.80048,
		0,
		-0.721417,
		0.376584,
		-0.581156,
		0,
		0.547985,
		0.823543,
		-0.146592,
		0,
		0.391772,
		0.105974,
		-0.171442,
		1
	},
	[0.833333333333] = {
		0.423403,
		-0.424219,
		-0.80048,
		0,
		-0.721417,
		0.376584,
		-0.581156,
		0,
		0.547985,
		0.823543,
		-0.146592,
		0,
		0.391772,
		0.105974,
		-0.171442,
		1
	},
	[0.85] = {
		0.423403,
		-0.424219,
		-0.80048,
		0,
		-0.721417,
		0.376584,
		-0.581156,
		0,
		0.547985,
		0.823543,
		-0.146592,
		0,
		0.391772,
		0.105974,
		-0.171442,
		1
	},
	[0.866666666667] = {
		0.423403,
		-0.424219,
		-0.80048,
		0,
		-0.721417,
		0.376584,
		-0.581156,
		0,
		0.547985,
		0.823543,
		-0.146592,
		0,
		0.391772,
		0.105974,
		-0.171442,
		1
	},
	[0.883333333333] = {
		0.423403,
		-0.424219,
		-0.80048,
		0,
		-0.721417,
		0.376584,
		-0.581156,
		0,
		0.547985,
		0.823543,
		-0.146592,
		0,
		0.391772,
		0.105974,
		-0.171442,
		1
	},
	[0.8] = {
		0.423403,
		-0.424219,
		-0.80048,
		0,
		-0.721417,
		0.376584,
		-0.581156,
		0,
		0.547985,
		0.823543,
		-0.146592,
		0,
		0.391772,
		0.105974,
		-0.171442,
		1
	},
	[0.916666666667] = {
		0.423403,
		-0.424219,
		-0.80048,
		0,
		-0.721417,
		0.376584,
		-0.581156,
		0,
		0.547985,
		0.823543,
		-0.146592,
		0,
		0.391772,
		0.105974,
		-0.171442,
		1
	},
	[0.933333333333] = {
		0.423403,
		-0.424219,
		-0.80048,
		0,
		-0.721417,
		0.376584,
		-0.581156,
		0,
		0.547985,
		0.823543,
		-0.146592,
		0,
		0.391772,
		0.105974,
		-0.171442,
		1
	},
	[0.95] = {
		0.423403,
		-0.424219,
		-0.80048,
		0,
		-0.721417,
		0.376584,
		-0.581156,
		0,
		0.547985,
		0.823543,
		-0.146592,
		0,
		0.391772,
		0.105974,
		-0.171442,
		1
	},
	[0.966666666667] = {
		0.423403,
		-0.424219,
		-0.80048,
		0,
		-0.721417,
		0.376584,
		-0.581156,
		0,
		0.547985,
		0.823543,
		-0.146592,
		0,
		0.391772,
		0.105974,
		-0.171442,
		1
	},
	[0.983333333333] = {
		0.423403,
		-0.424219,
		-0.80048,
		0,
		-0.721417,
		0.376584,
		-0.581156,
		0,
		0.547985,
		0.823543,
		-0.146592,
		0,
		0.391772,
		0.105974,
		-0.171442,
		1
	},
	[0.9] = {
		0.423403,
		-0.424219,
		-0.80048,
		0,
		-0.721417,
		0.376584,
		-0.581156,
		0,
		0.547985,
		0.823543,
		-0.146592,
		0,
		0.391772,
		0.105974,
		-0.171442,
		1
	}
}

return spline_matrices
