-- chunkname: @content/characters/player/human/first_person/animations/2h_force_sword/attack_left_from_push.lua

local spline_matrices = {
	[0.0166666666667] = {
		0.960004,
		-0.13997,
		-0.242488,
		0,
		-0.252004,
		-0.054552,
		-0.966187,
		0,
		0.122009,
		0.988652,
		-0.087643,
		0,
		0.326736,
		-0.289695,
		-0.319092,
		1,
	},
	[0.0333333333333] = {
		0.819159,
		-0.386098,
		-0.424154,
		0,
		-0.443408,
		0.042794,
		-0.895297,
		0,
		0.363824,
		0.921465,
		-0.136144,
		0,
		0.304944,
		-0.433813,
		-0.263075,
		1,
	},
	[0.05] = {
		0.608451,
		-0.745355,
		-0.272459,
		0,
		-0.232227,
		0.161069,
		-0.959232,
		0,
		0.758853,
		0.646919,
		-0.075089,
		0,
		0.23793,
		-0.417749,
		-0.392826,
		1,
	},
	[0.0666666666667] = {
		0.220221,
		-0.75084,
		-0.62269,
		0,
		0.090564,
		0.651343,
		-0.753359,
		0,
		0.971237,
		0.109512,
		0.211438,
		0,
		0.269277,
		-0.248218,
		-0.310089,
		1,
	},
	[0.0833333333333] = {
		0.256535,
		-0.124189,
		-0.958523,
		0,
		0.106634,
		0.989294,
		-0.099636,
		0,
		0.960635,
		-0.076651,
		0.267031,
		0,
		0.325562,
		0.031843,
		-0.158872,
		1,
	},
	[0] = {
		0.998946,
		0.005793,
		0.045531,
		0,
		0.045278,
		0.038165,
		-0.998245,
		0,
		-0.007521,
		0.999255,
		0.037863,
		0,
		0.2913,
		-0.092152,
		-0.390928,
		1,
	},
	[0.116666666667] = {
		0.160126,
		0.336348,
		-0.928024,
		0,
		-0.308246,
		0.910179,
		0.276693,
		0,
		0.937733,
		0.241755,
		0.249421,
		0,
		0.328616,
		0.190466,
		-0.074371,
		1,
	},
	[0.133333333333] = {
		0.10478,
		0.297639,
		-0.948911,
		0,
		-0.37916,
		0.89405,
		0.238563,
		0,
		0.91938,
		0.334793,
		0.206531,
		0,
		0.307211,
		0.232322,
		-0.071408,
		1,
	},
	[0.15] = {
		0.083468,
		0.256303,
		-0.962986,
		0,
		-0.443093,
		0.87512,
		0.194511,
		0,
		0.892582,
		0.410457,
		0.18661,
		0,
		0.2879,
		0.276834,
		-0.069876,
		1,
	},
	[0.166666666667] = {
		0.073516,
		0.21712,
		-0.973372,
		0,
		-0.511081,
		0.846312,
		0.150177,
		0,
		0.856383,
		0.486432,
		0.173183,
		0,
		0.263819,
		0.322442,
		-0.068661,
		1,
	},
	[0.183333333333] = {
		0.050953,
		0.185874,
		-0.981251,
		0,
		-0.595308,
		0.794548,
		0.119595,
		0,
		0.801881,
		0.578053,
		0.151137,
		0,
		0.228075,
		0.367675,
		-0.066468,
		1,
	},
	[0.1] = {
		0.178867,
		0.294398,
		-0.938795,
		0,
		-0.19674,
		0.945614,
		0.259051,
		0,
		0.964002,
		0.138363,
		0.227059,
		0,
		0.348428,
		0.173633,
		-0.076571,
		1,
	},
	[0.216666666667] = {
		-0.055327,
		0.169892,
		-0.983908,
		0,
		-0.84445,
		0.517844,
		0.136901,
		0,
		0.532769,
		0.838436,
		0.114814,
		0,
		0.06422,
		0.457752,
		-0.057015,
		1,
	},
	[0.233333333333] = {
		-0.036176,
		0.130483,
		-0.99079,
		0,
		-0.92132,
		0.379701,
		0.083645,
		0,
		0.387118,
		0.915862,
		0.10648,
		0,
		1e-06,
		0.4757,
		-0.052514,
		1,
	},
	[0.25] = {
		0.007764,
		0.08249,
		-0.996561,
		0,
		-0.970735,
		0.239839,
		0.01229,
		0,
		0.240028,
		0.967302,
		0.081938,
		0,
		-0.058065,
		0.484187,
		-0.049587,
		1,
	},
	[0.266666666667] = {
		0.054695,
		0.054314,
		-0.997024,
		0,
		-0.995428,
		0.081271,
		-0.05018,
		0,
		0.078304,
		0.995211,
		0.058511,
		0,
		-0.114497,
		0.485728,
		-0.050988,
		1,
	},
	[0.283333333333] = {
		0.100972,
		0.062902,
		-0.992898,
		0,
		-0.989392,
		-0.098421,
		-0.106851,
		0,
		-0.104443,
		0.993155,
		0.052297,
		0,
		-0.166519,
		0.450062,
		-0.055824,
		1,
	},
	[0.2] = {
		-0.011331,
		0.177831,
		-0.983995,
		0,
		-0.724461,
		0.676819,
		0.130659,
		0,
		0.689222,
		0.714348,
		0.121163,
		0,
		0.152054,
		0.417867,
		-0.062178,
		1,
	},
	[0.316666666667] = {
		0.158079,
		0.125036,
		-0.979477,
		0,
		-0.885164,
		-0.421664,
		-0.196686,
		0,
		-0.437603,
		0.89809,
		0.044021,
		0,
		-0.2505,
		0.34684,
		-0.062484,
		1,
	},
	[0.333333333333] = {
		0.160013,
		0.150126,
		-0.975632,
		0,
		-0.821134,
		-0.528297,
		-0.215965,
		0,
		-0.547846,
		0.835682,
		0.038739,
		0,
		-0.290072,
		0.344367,
		-0.064823,
		1,
	},
	[0.35] = {
		0.162431,
		0.181615,
		-0.969862,
		0,
		-0.768135,
		-0.593681,
		-0.239817,
		0,
		-0.619343,
		0.783938,
		0.043073,
		0,
		-0.317082,
		0.342007,
		-0.07496,
		1,
	},
	[0.366666666667] = {
		0.228056,
		0.232385,
		-0.945509,
		0,
		-0.702128,
		-0.633524,
		-0.325059,
		0,
		-0.674542,
		0.738001,
		0.018685,
		0,
		-0.327597,
		0.303778,
		-0.110204,
		1,
	},
	[0.383333333333] = {
		0.358729,
		0.290064,
		-0.887229,
		0,
		-0.584673,
		-0.671116,
		-0.455807,
		0,
		-0.727648,
		0.682251,
		-0.071156,
		0,
		-0.335248,
		0.214683,
		-0.168732,
		1,
	},
	[0.3] = {
		0.139821,
		0.092716,
		-0.985826,
		0,
		-0.948298,
		-0.273947,
		-0.160262,
		0,
		-0.284923,
		0.957266,
		0.049619,
		0,
		-0.210586,
		0.38453,
		-0.059463,
		1,
	},
	[0.416666666667] = {
		0.575746,
		0.358219,
		-0.73498,
		0,
		-0.289023,
		-0.751716,
		-0.59278,
		0,
		-0.764842,
		0.553717,
		-0.329264,
		0,
		-0.353567,
		0.005161,
		-0.301626,
		1,
	},
	[0.433333333333] = {
		0.594545,
		0.346079,
		-0.725772,
		0,
		-0.225999,
		-0.794318,
		-0.5639,
		0,
		-0.771648,
		0.499289,
		-0.394044,
		0,
		-0.367041,
		-0.049168,
		-0.347911,
		1,
	},
	[0.45] = {
		0.564957,
		0.306414,
		-0.766116,
		0,
		-0.2247,
		-0.836265,
		-0.500171,
		0,
		-0.793935,
		0.454721,
		-0.403603,
		0,
		-0.380904,
		-0.066221,
		-0.379488,
		1,
	},
	[0.466666666667] = {
		0.526305,
		0.255335,
		-0.811053,
		0,
		-0.233666,
		-0.873694,
		-0.426685,
		0,
		-0.817559,
		0.414082,
		-0.400166,
		0,
		-0.391537,
		-0.076451,
		-0.408994,
		1,
	},
	[0.483333333333] = {
		0.4777,
		0.198034,
		-0.855911,
		0,
		-0.247667,
		-0.90439,
		-0.347478,
		0,
		-0.84289,
		0.377971,
		-0.38298,
		0,
		-0.399671,
		-0.081513,
		-0.436039,
		1,
	},
	[0.4] = {
		0.488385,
		0.336152,
		-0.805284,
		0,
		-0.429331,
		-0.710848,
		-0.557109,
		0,
		-0.759708,
		0.617817,
		-0.202847,
		0,
		-0.343498,
		0.104118,
		-0.237197,
		1,
	},
	[0.516666666667] = {
		0.355868,
		0.084788,
		-0.930681,
		0,
		-0.272564,
		-0.943162,
		-0.190146,
		0,
		-0.893905,
		0.321338,
		-0.312531,
		0,
		-0.411342,
		-0.082767,
		-0.481198,
		1,
	},
	[0.533333333333] = {
		0.289769,
		0.036939,
		-0.956383,
		0,
		-0.277229,
		-0.953179,
		-0.120811,
		0,
		-0.916067,
		0.300144,
		-0.265961,
		0,
		-0.416331,
		-0.082279,
		-0.498547,
		1,
	},
	[0.55] = {
		0.227115,
		-0.001777,
		-0.973866,
		0,
		-0.274681,
		-0.959515,
		-0.062308,
		0,
		-0.934328,
		0.281653,
		-0.218408,
		0,
		-0.421723,
		-0.083264,
		-0.511904,
		1,
	},
	[0.566666666667] = {
		0.173757,
		-0.030601,
		-0.984312,
		0,
		-0.264534,
		-0.964232,
		-0.01672,
		0,
		-0.948594,
		0.26329,
		-0.175637,
		0,
		-0.428248,
		-0.087382,
		-0.520895,
		1,
	},
	[0.583333333333] = {
		0.135464,
		-0.049679,
		-0.989536,
		0,
		-0.246659,
		-0.968989,
		0.014881,
		0,
		-0.959588,
		0.242062,
		-0.143516,
		0,
		-0.436638,
		-0.096296,
		-0.525151,
		1,
	},
	[0.5] = {
		0.419973,
		0.139656,
		-0.896726,
		0,
		-0.261894,
		-0.927403,
		-0.267089,
		0,
		-0.868927,
		0.347017,
		-0.352909,
		0,
		-0.406031,
		-0.083065,
		-0.460236,
		1,
	},
	[0.616666666667] = {
		0.104676,
		-0.064166,
		-0.992434,
		0,
		-0.223928,
		-0.973812,
		0.039343,
		0,
		-0.968968,
		0.218116,
		-0.116304,
		0,
		-0.446905,
		-0.108203,
		-0.526957,
		1,
	},
	[0.633333333333] = {
		0.104384,
		-0.063731,
		-0.992492,
		0,
		-0.224595,
		-0.973676,
		0.038901,
		0,
		-0.968845,
		0.218849,
		-0.11595,
		0,
		-0.447111,
		-0.107623,
		-0.526901,
		1,
	},
	[0.65] = {
		0.104101,
		-0.063335,
		-0.992548,
		0,
		-0.22528,
		-0.973534,
		0.038493,
		0,
		-0.968717,
		0.219594,
		-0.115614,
		0,
		-0.447314,
		-0.107055,
		-0.526844,
		1,
	},
	[0.666666666667] = {
		0.103832,
		-0.062982,
		-0.992598,
		0,
		-0.225975,
		-0.973387,
		0.038124,
		0,
		-0.968584,
		0.220344,
		-0.115301,
		0,
		-0.44751,
		-0.106504,
		-0.52679,
		1,
	},
	[0.683333333333] = {
		0.103583,
		-0.062678,
		-0.992643,
		0,
		-0.226674,
		-0.973237,
		0.037799,
		0,
		-0.968447,
		0.221091,
		-0.115018,
		0,
		-0.447695,
		-0.105978,
		-0.526739,
		1,
	},
	[0.6] = {
		0.11291,
		-0.060611,
		-0.991754,
		0,
		-0.229652,
		-0.972703,
		0.033301,
		0,
		-0.966701,
		0.223998,
		-0.123747,
		0,
		-0.444111,
		-0.105362,
		-0.526509,
		1,
	},
	[0.716666666667] = {
		0.103166,
		-0.06224,
		-0.992714,
		0,
		-0.22806,
		-0.972933,
		0.037299,
		0,
		-0.968166,
		0.22255,
		-0.114568,
		0,
		-0.44802,
		-0.105023,
		-0.526653,
		1,
	},
	[0.733333333333] = {
		0.103009,
		-0.062116,
		-0.992739,
		0,
		-0.228733,
		-0.972781,
		0.037134,
		0,
		-0.968024,
		0.223247,
		-0.114413,
		0,
		-0.448154,
		-0.104607,
		-0.526622,
		1,
	},
	[0.75] = {
		0.102893,
		-0.062064,
		-0.992754,
		0,
		-0.229384,
		-0.972632,
		0.037032,
		0,
		-0.967882,
		0.223912,
		-0.114314,
		0,
		-0.448263,
		-0.104242,
		-0.526602,
		1,
	},
	[0.766666666667] = {
		0.102825,
		-0.062089,
		-0.992759,
		0,
		-0.230007,
		-0.972486,
		0.036998,
		0,
		-0.967742,
		0.224537,
		-0.114277,
		0,
		-0.448345,
		-0.103932,
		-0.526593,
		1,
	},
	[0.783333333333] = {
		0.102783,
		-0.062177,
		-0.992758,
		0,
		-0.230638,
		-0.972336,
		0.037019,
		0,
		-0.967596,
		0.225163,
		-0.11428,
		0,
		-0.448413,
		-0.103652,
		-0.52659,
		1,
	},
	[0.7] = {
		0.103359,
		-0.062429,
		-0.992683,
		0,
		-0.227371,
		-0.973085,
		0.037522,
		0,
		-0.968308,
		0.221829,
		-0.114772,
		0,
		-0.447866,
		-0.105482,
		-0.526692,
		1,
	},
}

return spline_matrices
