local spline_matrices = {
	[0] = {
		-0.307802,
		-0.059722,
		-0.949574,
		0,
		0.429579,
		0.881789,
		-0.194706,
		0,
		0.848952,
		-0.467848,
		-0.245761,
		0,
		0.425006,
		-0.08403,
		-0.312397,
		1
	},
	[0.0166666666667] = {
		-0.091641,
		0.015466,
		-0.995672,
		0,
		0.428708,
		0.903085,
		-0.02543,
		0,
		0.898783,
		-0.429183,
		-0.08939,
		0,
		0.420185,
		-0.059494,
		-0.268196,
		1
	},
	[0.0333333333333] = {
		0.261314,
		0.179811,
		-0.948358,
		0,
		0.271627,
		0.929094,
		0.251004,
		0,
		0.926247,
		-0.32319,
		0.193944,
		0,
		0.408008,
		-0.001004,
		-0.219639,
		1
	},
	[0.05] = {
		0.535925,
		0.338587,
		-0.773397,
		0,
		-0.029148,
		0.922933,
		0.383855,
		0,
		0.843762,
		-0.183175,
		0.504492,
		0,
		0.391914,
		0.068812,
		-0.171135,
		1
	},
	[0.0666666666667] = {
		0.626248,
		0.407876,
		-0.664417,
		0,
		-0.235222,
		0.911365,
		0.337765,
		0,
		0.743292,
		-0.055239,
		0.666682,
		0,
		0.375242,
		0.127407,
		-0.12728,
		1
	},
	[0.0833333333333] = {
		0.431668,
		0.381214,
		-0.81752,
		0,
		-0.266176,
		0.919784,
		0.288354,
		0,
		0.861866,
		0.093131,
		0.498511,
		0,
		0.35415,
		0.160313,
		-0.091847,
		1
	},
	[0.116666666667] = {
		0.10478,
		0.297639,
		-0.948911,
		0,
		-0.37916,
		0.89405,
		0.238563,
		0,
		0.919379,
		0.334793,
		0.206531,
		0,
		0.307211,
		0.232322,
		-0.071409,
		1
	},
	[0.133333333333] = {
		0.083468,
		0.256303,
		-0.962986,
		0,
		-0.443093,
		0.875119,
		0.194511,
		0,
		0.892581,
		0.410457,
		0.18661,
		0,
		0.2879,
		0.276833,
		-0.069876,
		1
	},
	[0.15] = {
		0.073516,
		0.21712,
		-0.973373,
		0,
		-0.511081,
		0.846311,
		0.150177,
		0,
		0.856383,
		0.486432,
		0.173183,
		0,
		0.263819,
		0.322442,
		-0.068661,
		1
	},
	[0.166666666667] = {
		0.050953,
		0.185873,
		-0.981252,
		0,
		-0.595308,
		0.794548,
		0.119595,
		0,
		0.801881,
		0.578053,
		0.151137,
		0,
		0.228075,
		0.367675,
		-0.066468,
		1
	},
	[0.183333333333] = {
		-0.011331,
		0.177831,
		-0.983996,
		0,
		-0.724461,
		0.676819,
		0.130659,
		0,
		0.689222,
		0.714347,
		0.121163,
		0,
		0.152054,
		0.417867,
		-0.062178,
		1
	},
	[0.1] = {
		0.160126,
		0.336348,
		-0.928025,
		0,
		-0.308246,
		0.910179,
		0.276693,
		0,
		0.937733,
		0.241755,
		0.249421,
		0,
		0.328616,
		0.190466,
		-0.074371,
		1
	},
	[0.216666666667] = {
		-0.036176,
		0.130483,
		-0.99079,
		0,
		-0.92132,
		0.379701,
		0.083645,
		0,
		0.387118,
		0.915861,
		0.10648,
		0,
		1e-06,
		0.4757,
		-0.052514,
		1
	},
	[0.233333333333] = {
		0.007764,
		0.08249,
		-0.996562,
		0,
		-0.970735,
		0.239838,
		0.01229,
		0,
		0.240028,
		0.967302,
		0.081938,
		0,
		-0.058065,
		0.484187,
		-0.049587,
		1
	},
	[0.25] = {
		0.054695,
		0.054314,
		-0.997025,
		0,
		-0.995428,
		0.081271,
		-0.05018,
		0,
		0.078304,
		0.995211,
		0.058511,
		0,
		-0.114497,
		0.485728,
		-0.050988,
		1
	},
	[0.266666666667] = {
		0.100972,
		0.062902,
		-0.992899,
		0,
		-0.989392,
		-0.098421,
		-0.106851,
		0,
		-0.104443,
		0.993155,
		0.052297,
		0,
		-0.166519,
		0.450062,
		-0.055824,
		1
	},
	[0.283333333333] = {
		0.139821,
		0.092716,
		-0.985827,
		0,
		-0.948298,
		-0.273947,
		-0.160262,
		0,
		-0.284923,
		0.957265,
		0.049619,
		0,
		-0.210586,
		0.38453,
		-0.059463,
		1
	},
	[0.2] = {
		-0.055327,
		0.169892,
		-0.983908,
		0,
		-0.84445,
		0.517843,
		0.136901,
		0,
		0.532769,
		0.838436,
		0.114814,
		0,
		0.06422,
		0.457752,
		-0.057015,
		1
	},
	[0.316666666667] = {
		0.160013,
		0.150126,
		-0.975632,
		0,
		-0.821134,
		-0.528297,
		-0.215965,
		0,
		-0.547846,
		0.835682,
		0.038739,
		0,
		-0.290072,
		0.344367,
		-0.064823,
		1
	},
	[0.333333333333] = {
		0.162431,
		0.181615,
		-0.969862,
		0,
		-0.768134,
		-0.593681,
		-0.239818,
		0,
		-0.619343,
		0.783938,
		0.043073,
		0,
		-0.317082,
		0.342007,
		-0.07496,
		1
	},
	[0.35] = {
		0.228056,
		0.232385,
		-0.945509,
		0,
		-0.702128,
		-0.633524,
		-0.325059,
		0,
		-0.674542,
		0.738,
		0.018685,
		0,
		-0.327597,
		0.303778,
		-0.110204,
		1
	},
	[0.366666666667] = {
		0.365294,
		0.294608,
		-0.883044,
		0,
		-0.587655,
		-0.662709,
		-0.464197,
		0,
		-0.721957,
		0.688493,
		-0.068956,
		0,
		-0.332662,
		0.218116,
		-0.168264,
		1
	},
	[0.383333333333] = {
		0.508744,
		0.354514,
		-0.784538,
		0,
		-0.436936,
		-0.678871,
		-0.590103,
		0,
		-0.741799,
		0.643004,
		-0.190471,
		0,
		-0.333663,
		0.117225,
		-0.235379,
		1
	},
	[0.3] = {
		0.158079,
		0.125036,
		-0.979478,
		0,
		-0.885164,
		-0.421664,
		-0.196686,
		0,
		-0.437603,
		0.89809,
		0.044021,
		0,
		-0.2505,
		0.34684,
		-0.062484,
		1
	},
	[0.416666666667] = {
		0.647278,
		0.416533,
		-0.638382,
		0,
		-0.238161,
		-0.685052,
		-0.688464,
		0,
		-0.724093,
		0.597665,
		-0.344217,
		0,
		-0.331623,
		-0.001815,
		-0.341201,
		1
	},
	[0.433333333333] = {
		0.647659,
		0.411688,
		-0.641133,
		0,
		-0.246721,
		-0.682807,
		-0.68768,
		0,
		-0.720879,
		0.603563,
		-0.340654,
		0,
		-0.32855,
		0.003761,
		-0.369536,
		1
	},
	[0.45] = {
		0.648532,
		0.39812,
		-0.648773,
		0,
		-0.269494,
		-0.677021,
		-0.684847,
		0,
		-0.711884,
		0.618986,
		-0.331779,
		0,
		-0.320441,
		0.018546,
		-0.395437,
		1
	},
	[0.466666666667] = {
		0.649413,
		0.378174,
		-0.659733,
		0,
		-0.302,
		-0.66796,
		-0.680166,
		0,
		-0.697896,
		0.640948,
		-0.319573,
		0,
		-0.308736,
		0.039921,
		-0.418647,
		1
	},
	[0.483333333333] = {
		0.649872,
		0.354227,
		-0.672451,
		0,
		-0.339775,
		-0.656019,
		-0.673937,
		0,
		-0.679867,
		0.666455,
		-0.305971,
		0,
		-0.294873,
		0.065264,
		-0.438914,
		1
	},
	[0.4] = {
		0.610223,
		0.399029,
		-0.684401,
		0,
		-0.298385,
		-0.684512,
		-0.665139,
		0,
		-0.73389,
		0.610098,
		-0.298641,
		0,
		-0.332554,
		0.033231,
		-0.297678,
		1
	},
	[0.516666666667] = {
		0.64884,
		0.304271,
		-0.697442,
		0,
		-0.414478,
		-0.62734,
		-0.659282,
		0,
		-0.638134,
		0.716843,
		-0.28093,
		0,
		-0.266428,
		0.117359,
		-0.469646,
		1
	},
	[0.533333333333] = {
		0.647652,
		0.283467,
		-0.707244,
		0,
		-0.444052,
		-0.613865,
		-0.652677,
		0,
		-0.619165,
		0.736761,
		-0.271696,
		0,
		-0.254731,
		0.13887,
		-0.479635,
		1
	},
	[0.55] = {
		0.646566,
		0.269019,
		-0.71385,
		0,
		-0.464195,
		-0.603835,
		-0.648002,
		0,
		-0.605372,
		0.750341,
		-0.265542,
		0,
		-0.246652,
		0.153865,
		-0.485731,
		1
	},
	[0.566666666667] = {
		0.646095,
		0.263619,
		-0.716287,
		0,
		-0.471949,
		-0.599567,
		-0.646362,
		0,
		-0.599855,
		0.755662,
		-0.262963,
		0,
		-0.243649,
		0.159732,
		-0.48771,
		1
	},
	[0.583333333333] = {
		0.646082,
		0.263611,
		-0.716301,
		0,
		-0.472496,
		-0.598899,
		-0.646581,
		0,
		-0.599438,
		0.756194,
		-0.262383,
		0,
		-0.243671,
		0.160164,
		-0.487558,
		1
	},
	[0.5] = {
		0.649673,
		0.328739,
		-0.685461,
		0,
		-0.378565,
		-0.642022,
		-0.666706,
		0,
		-0.659253,
		0.692632,
		-0.292655,
		0,
		-0.28029,
		0.09195,
		-0.455994,
		1
	},
	[0.616666666667] = {
		0.646081,
		0.263482,
		-0.716349,
		0,
		-0.473639,
		-0.597572,
		-0.646973,
		0,
		-0.598536,
		0.757288,
		-0.261284,
		0,
		-0.243697,
		0.16101,
		-0.487266,
		1
	},
	[0.633333333333] = {
		0.646097,
		0.263362,
		-0.716379,
		0,
		-0.474219,
		-0.596927,
		-0.647143,
		0,
		-0.598059,
		0.757838,
		-0.260782,
		0,
		-0.243699,
		0.161415,
		-0.487132,
		1
	},
	[0.65] = {
		0.646126,
		0.263204,
		-0.716411,
		0,
		-0.474796,
		-0.596305,
		-0.647294,
		0,
		-0.597569,
		0.758383,
		-0.26032,
		0,
		-0.243691,
		0.161801,
		-0.487007,
		1
	},
	[0.666666666667] = {
		0.646171,
		0.263008,
		-0.716443,
		0,
		-0.475362,
		-0.595712,
		-0.647424,
		0,
		-0.597072,
		0.758916,
		-0.259908,
		0,
		-0.243673,
		0.162164,
		-0.486895,
		1
	},
	[0.683333333333] = {
		0.646232,
		0.262775,
		-0.716473,
		0,
		-0.475909,
		-0.595157,
		-0.647533,
		0,
		-0.596569,
		0.759432,
		-0.259553,
		0,
		-0.243644,
		0.162499,
		-0.486798,
		1
	},
	[0.6] = {
		0.646077,
		0.263565,
		-0.716323,
		0,
		-0.473062,
		-0.598231,
		-0.646786,
		0,
		-0.598997,
		0.756738,
		-0.261821,
		0,
		-0.243687,
		0.160592,
		-0.487409,
		1
	},
	[0.716666666667] = {
		0.646412,
		0.262194,
		-0.716523,
		0,
		-0.476919,
		-0.594187,
		-0.647681,
		0,
		-0.595567,
		0.760392,
		-0.259044,
		0,
		-0.243543,
		0.163067,
		-0.486659,
		1
	},
	[0.733333333333] = {
		0.646535,
		0.261847,
		-0.716539,
		0,
		-0.477366,
		-0.593787,
		-0.647718,
		0,
		-0.595075,
		0.760824,
		-0.258907,
		0,
		-0.24347,
		0.16329,
		-0.486621,
		1
	},
	[0.75] = {
		0.646682,
		0.261462,
		-0.716547,
		0,
		-0.477766,
		-0.593453,
		-0.647729,
		0,
		-0.594594,
		0.761217,
		-0.258858,
		0,
		-0.243379,
		0.163467,
		-0.486607,
		1
	},
	[0.766666666667] = {
		0.646851,
		0.261027,
		-0.716554,
		0,
		-0.478152,
		-0.593157,
		-0.647716,
		0,
		-0.5941,
		0.761597,
		-0.258873,
		0,
		-0.243273,
		0.163615,
		-0.48661,
		1
	},
	[0.7] = {
		0.646312,
		0.262503,
		-0.716501,
		0,
		-0.476431,
		-0.594646,
		-0.647619,
		0,
		-0.596066,
		0.759926,
		-0.259262,
		0,
		-0.243601,
		0.162802,
		-0.486719,
		1
	}
}

return spline_matrices
