-- chunkname: @content/characters/player/human/first_person/animations/2h_force_sword/attack_stab_var2.lua

local spline_matrices = {
	[0.0166666666667] = {
		0.449382,
		-0.042172,
		0.892344,
		0,
		0.89279,
		0.056247,
		-0.446948,
		0,
		-0.031343,
		0.997526,
		0.062927,
		0,
		0.189629,
		-0.895547,
		-0.317652,
		1,
	},
	[0.0333333333333] = {
		0.483743,
		-0.034943,
		0.874512,
		0,
		0.874458,
		0.060704,
		-0.481287,
		0,
		-0.036269,
		0.997544,
		0.059921,
		0,
		0.199409,
		-0.890828,
		-0.319141,
		1,
	},
	[0.05] = {
		0.535208,
		-0.023594,
		0.844391,
		0,
		0.843556,
		0.06739,
		-0.532796,
		0,
		-0.044332,
		0.997448,
		0.055971,
		0,
		0.21429,
		-0.883061,
		-0.321367,
		1,
	},
	[0.0666666666667] = {
		0.598377,
		-0.008684,
		0.801167,
		0,
		0.799295,
		0.075654,
		-0.596158,
		0,
		-0.055434,
		0.997096,
		0.052211,
		0,
		0.233102,
		-0.872318,
		-0.324117,
		1,
	},
	[0.0833333333333] = {
		0.667572,
		0.009147,
		0.744489,
		0,
		0.741319,
		0.084811,
		-0.665773,
		0,
		-0.069231,
		0.996355,
		0.049836,
		0,
		0.254679,
		-0.858694,
		-0.327184,
		1,
	},
	[0] = {
		0.436973,
		-0.044721,
		0.898362,
		0,
		0.898986,
		0.05463,
		-0.434557,
		0,
		-0.029644,
		0.997505,
		0.064075,
		0,
		0.186113,
		-0.89714,
		-0.317111,
		1,
	},
	[0.116666666667] = {
		0.802288,
		0.050294,
		0.594815,
		0,
		0.588216,
		0.103104,
		-0.802105,
		0,
		-0.101669,
		0.993398,
		0.053135,
		0,
		0.301505,
		-0.823306,
		-0.333518,
		1,
	},
	[0.133333333333] = {
		0.858854,
		0.071574,
		0.507195,
		0,
		0.498474,
		0.11107,
		-0.85976,
		0,
		-0.11787,
		0.991232,
		0.059715,
		0,
		0.324488,
		-0.801886,
		-0.336462,
		1,
	},
	[0.15] = {
		0.904352,
		0.091967,
		0.416761,
		0,
		0.40569,
		0.117983,
		-0.906364,
		0,
		-0.132526,
		0.988748,
		0.069388,
		0,
		0.34599,
		-0.778095,
		-0.339183,
		1,
	},
	[0.166666666667] = {
		0.937858,
		0.110712,
		0.328884,
		0,
		0.31531,
		0.123915,
		-0.940864,
		0,
		-0.144918,
		0.986097,
		0.081306,
		0,
		0.365358,
		-0.751907,
		-0.341645,
		1,
	},
	[0.183333333333] = {
		0.960121,
		0.127,
		0.249076,
		0,
		0.233034,
		0.12871,
		-0.963913,
		0,
		-0.154475,
		0.983517,
		0.093982,
		0,
		0.381737,
		-0.723416,
		-0.343705,
		1,
	},
	[0.1] = {
		0.737212,
		0.029121,
		0.675033,
		0,
		0.670293,
		0.094174,
		-0.736097,
		0,
		-0.085007,
		0.99513,
		0.049907,
		0,
		0.277862,
		-0.842305,
		-0.330375,
		1,
	},
	[0.216666666667] = {
		0.979626,
		0.149097,
		0.134549,
		0,
		0.114738,
		0.134356,
		-0.984268,
		0,
		-0.164829,
		0.979652,
		0.114511,
		0,
		0.402123,
		-0.65988,
		-0.346072,
		1,
	},
	[0.233333333333] = {
		0.982109,
		0.153402,
		0.109222,
		0,
		0.088679,
		0.134918,
		-0.98688,
		0,
		-0.166125,
		0.97891,
		0.118901,
		0,
		0.404428,
		-0.625003,
		-0.346127,
		1,
	},
	[0.25] = {
		0.983138,
		0.153716,
		0.099047,
		0,
		0.078556,
		0.134097,
		-0.98785,
		0,
		-0.16513,
		0.978974,
		0.11976,
		0,
		0.401893,
		-0.57924,
		-0.344694,
		1,
	},
	[0.266666666667] = {
		0.984054,
		0.151816,
		0.092678,
		0,
		0.072678,
		0.132372,
		-0.988532,
		0,
		-0.162343,
		0.979505,
		0.119228,
		0,
		0.392863,
		-0.50736,
		-0.338064,
		1,
	},
	[0.283333333333] = {
		0.984917,
		0.148516,
		0.088772,
		0,
		0.069547,
		0.129982,
		-0.989074,
		0,
		-0.158432,
		0.98033,
		0.117692,
		0,
		0.373105,
		-0.39976,
		-0.321644,
		1,
	},
	[0.2] = {
		0.97315,
		0.140048,
		0.18266,
		0,
		0.164443,
		0.132234,
		-0.977483,
		0,
		-0.161049,
		0.981275,
		0.105654,
		0,
		0.394276,
		-0.692711,
		-0.345224,
		1,
	},
	[0.316666666667] = {
		0.986532,
		0.140978,
		0.082942,
		0,
		0.065504,
		0.124125,
		-0.990102,
		0,
		-0.149878,
		0.982201,
		0.113218,
		0,
		0.2564,
		0.059738,
		-0.215102,
		1,
	},
	[0.333333333333] = {
		0.987283,
		0.138358,
		0.078291,
		0,
		0.061583,
		0.121164,
		-0.99072,
		0,
		-0.14656,
		0.982943,
		0.111102,
		0,
		0.150814,
		0.443019,
		-0.116377,
		1,
	},
	[0.35] = {
		0.987969,
		0.137573,
		0.07065,
		0,
		0.054393,
		0.11854,
		-0.991458,
		0,
		-0.144773,
		0.983373,
		0.109631,
		0,
		0.099103,
		0.634763,
		-0.067986,
		1,
	},
	[0.366666666667] = {
		0.988601,
		0.138148,
		0.059852,
		0,
		0.043825,
		0.116268,
		-0.99225,
		0,
		-0.144037,
		0.983563,
		0.108889,
		0,
		0.099472,
		0.640474,
		-0.068984,
		1,
	},
	[0.383333333333] = {
		0.989173,
		0.139024,
		0.047009,
		0,
		0.031146,
		0.114158,
		-0.992974,
		0,
		-0.143414,
		0.983687,
		0.108592,
		0,
		0.099952,
		0.645227,
		-0.070215,
		1,
	},
	[0.3] = {
		0.985743,
		0.144633,
		0.085979,
		0,
		0.067657,
		0.127152,
		-0.989573,
		0,
		-0.154057,
		0.981282,
		0.115553,
		0,
		0.338524,
		-0.246702,
		-0.29089,
		1,
	},
	[0.416666666667] = {
		0.989804,
		0.141374,
		0.017378,
		0,
		0.001709,
		0.110207,
		-0.993907,
		0,
		-0.142428,
		0.983803,
		0.108842,
		0,
		0.101121,
		0.652203,
		-0.073161,
		1,
	},
	[0.433333333333] = {
		0.989764,
		0.142703,
		0.001684,
		0,
		-0.013918,
		0.108259,
		-0.994025,
		0,
		-0.142033,
		0.983827,
		0.109137,
		0,
		0.101755,
		0.654599,
		-0.07477,
		1,
	},
	[0.45] = {
		0.989475,
		0.144042,
		-0.013862,
		0,
		-0.029393,
		0.106258,
		-0.993904,
		0,
		-0.141691,
		0.98385,
		0.109373,
		0,
		0.102385,
		0.656384,
		-0.076399,
		1,
	},
	[0.466666666667] = {
		0.988967,
		0.145323,
		-0.028713,
		0,
		-0.044151,
		0.104149,
		-0.993581,
		0,
		-0.1414,
		0.983887,
		0.109416,
		0,
		0.102984,
		0.657645,
		-0.077996,
		1,
	},
	[0.483333333333] = {
		0.988308,
		0.146482,
		-0.04232,
		0,
		-0.057627,
		0.10188,
		-0.993126,
		0,
		-0.141163,
		0.983953,
		0.10913,
		0,
		0.103528,
		0.658469,
		-0.079509,
		1,
	},
	[0.4] = {
		0.989595,
		0.140124,
		0.032669,
		0,
		0.016918,
		0.112155,
		-0.993547,
		0,
		-0.142884,
		0.983761,
		0.108618,
		0,
		0.100511,
		0.649108,
		-0.071625,
		1,
	},
	[0.516666666667] = {
		0.986912,
		0.148174,
		-0.063637,
		0,
		-0.07849,
		0.096649,
		-0.992219,
		0,
		-0.14087,
		0.984227,
		0.107014,
		0,
		0.104345,
		0.659157,
		-0.082077,
		1,
	},
	[0.533333333333] = {
		0.986401,
		0.148581,
		-0.070265,
		0,
		-0.08476,
		0.093582,
		-0.991997,
		0,
		-0.140817,
		0.984462,
		0.104903,
		0,
		0.10457,
		0.659196,
		-0.083028,
		1,
	},
	[0.55] = {
		0.986161,
		0.148613,
		-0.07349,
		0,
		-0.087515,
		0.090142,
		-0.992076,
		0,
		-0.140811,
		0.984778,
		0.1019,
		0,
		0.104639,
		0.659149,
		-0.08369,
		1,
	},
	[0.566666666667] = {
		0.989641,
		0.136103,
		0.045687,
		0,
		0.034387,
		0.08425,
		-0.995851,
		0,
		-0.139387,
		0.987106,
		0.078697,
		0,
		0.1023,
		0.658577,
		-0.08098,
		1,
	},
	[0.583333333333] = {
		0.935953,
		0.105655,
		0.335901,
		0,
		0.329241,
		0.075705,
		-0.941206,
		0,
		-0.124872,
		0.991517,
		0.036071,
		0,
		0.097219,
		0.657245,
		-0.073919,
		1,
	},
	[0.5] = {
		0.987586,
		0.147453,
		-0.054142,
		0,
		-0.069259,
		0.099398,
		-0.992634,
		0,
		-0.140986,
		0.984062,
		0.108376,
		0,
		0.10399,
		0.658944,
		-0.080886,
		1,
	},
	[0.616666666667] = {
		0.471629,
		0.029149,
		0.881315,
		0,
		0.879217,
		0.060849,
		-0.472519,
		0,
		-0.067401,
		0.997721,
		0.003069,
		0,
		0.090177,
		0.653826,
		-0.059221,
		1,
	},
	[0.633333333333] = {
		0.11482,
		-0.013623,
		0.993293,
		0,
		0.991933,
		0.055635,
		-0.113899,
		0,
		-0.05371,
		0.998358,
		0.019901,
		0,
		0.092075,
		0.651831,
		-0.055928,
		1,
	},
	[0.65] = {
		-0.279484,
		-0.060811,
		0.958223,
		0,
		0.957839,
		0.051549,
		0.282644,
		0,
		-0.066583,
		0.996817,
		0.04384,
		0,
		0.095573,
		0.649582,
		-0.054159,
		1,
	},
	[0.666666666667] = {
		-0.523719,
		-0.090988,
		0.847018,
		0,
		0.847131,
		0.049339,
		0.529089,
		0,
		-0.089932,
		0.994629,
		0.051239,
		0,
		0.098411,
		0.64792,
		-0.052849,
		1,
	},
	[0.683333333333] = {
		-0.623919,
		-0.102732,
		0.774707,
		0,
		0.774784,
		0.048268,
		0.630381,
		0,
		-0.102154,
		0.993537,
		0.04948,
		0,
		0.100055,
		0.647106,
		-0.051874,
		1,
	},
	[0.6] = {
		0.748776,
		0.066888,
		0.65944,
		0,
		0.656027,
		0.067318,
		-0.751729,
		0,
		-0.094674,
		0.995487,
		0.006526,
		0,
		0.092236,
		0.655536,
		-0.065624,
		1,
	},
	[0.716666666667] = {
		-0.708831,
		-0.114511,
		0.696021,
		0,
		0.696048,
		0.046414,
		0.716494,
		0,
		-0.114351,
		0.992337,
		0.046806,
		0,
		0.102603,
		0.646426,
		-0.051183,
		1,
	},
	[0.733333333333] = {
		-0.727938,
		-0.116413,
		0.675687,
		0,
		0.675642,
		0.045906,
		0.735799,
		0,
		-0.116675,
		0.992139,
		0.045237,
		0,
		0.103468,
		0.646104,
		-0.050461,
		1,
	},
	[0.75] = {
		-0.749022,
		-0.116937,
		0.652144,
		0,
		0.651867,
		0.045936,
		0.756941,
		0,
		-0.118471,
		0.992076,
		0.041821,
		0,
		0.104034,
		0.645488,
		-0.048817,
		1,
	},
	[0.766666666667] = {
		-0.78277,
		-0.117065,
		0.611201,
		0,
		0.610409,
		0.046727,
		0.790707,
		0,
		-0.121124,
		0.992024,
		0.034881,
		0,
		0.104283,
		0.644351,
		-0.045748,
		1,
	},
	[0.783333333333] = {
		-0.831259,
		-0.118432,
		0.543123,
		0,
		0.54108,
		0.051613,
		0.839386,
		0,
		-0.127442,
		0.99162,
		0.021177,
		0,
		0.101861,
		0.642776,
		-0.037121,
		1,
	},
	[0.7] = {
		-0.679137,
		-0.11027,
		0.725681,
		0,
		0.725726,
		0.047253,
		0.686359,
		0,
		-0.109975,
		0.992778,
		0.047934,
		0,
		0.101459,
		0.646684,
		-0.051486,
		1,
	},
	[0.816666666667] = {
		-0.927699,
		-0.125657,
		0.351546,
		0,
		0.344705,
		0.073294,
		0.935845,
		0,
		-0.143361,
		0.989363,
		-0.02468,
		0,
		0.086572,
		0.638609,
		-0.000406,
		1,
	},
	[0.833333333333] = {
		-0.959755,
		-0.129566,
		0.249166,
		0,
		0.239594,
		0.085099,
		0.967137,
		0,
		-0.146512,
		0.987912,
		-0.050631,
		0,
		0.076834,
		0.635859,
		0.021993,
		1,
	},
	[0.85] = {
		-0.978193,
		-0.132377,
		0.160046,
		0,
		0.148028,
		0.096184,
		0.984295,
		0,
		-0.145692,
		0.986522,
		-0.074491,
		0,
		0.067951,
		0.632812,
		0.04342,
		1,
	},
	[0.866666666667] = {
		-0.986172,
		-0.13355,
		0.098131,
		0,
		0.084123,
		0.106777,
		0.990718,
		0,
		-0.142788,
		0.985273,
		-0.094066,
		0,
		0.061756,
		0.629791,
		0.061242,
		1,
	},
	[0.883333333333] = {
		-0.988018,
		-0.134963,
		0.074864,
		0,
		0.059139,
		0.116977,
		0.991372,
		0,
		-0.142556,
		0.983922,
		-0.107593,
		0,
		0.058658,
		0.627288,
		0.073299,
		1,
	},
	[0.8] = {
		-0.882916,
		-0.121584,
		0.453517,
		0,
		0.44933,
		0.061479,
		0.891248,
		0,
		-0.136243,
		0.990675,
		0.000351,
		0,
		0.095448,
		0.640907,
		-0.02105,
		1,
	},
	[0.916666666667] = {
		-0.987486,
		-0.139232,
		0.074068,
		0,
		0.054491,
		0.1395,
		0.988722,
		0,
		-0.147994,
		0.980385,
		-0.130167,
		0,
		0.055619,
		0.624854,
		0.082573,
		1,
	},
	[0.933333333333] = {
		-0.987289,
		-0.140533,
		0.074237,
		0,
		0.052543,
		0.152227,
		0.986948,
		0,
		-0.149999,
		0.978303,
		-0.142908,
		0,
		0.054587,
		0.624499,
		0.082868,
		1,
	},
	[0.95] = {
		-0.987138,
		-0.14138,
		0.074634,
		0,
		0.050818,
		0.165136,
		0.984961,
		0,
		-0.151578,
		0.976085,
		-0.155827,
		0,
		0.053836,
		0.624331,
		0.081758,
		1,
	},
	[0.966666666667] = {
		-0.987032,
		-0.141853,
		0.075142,
		0,
		0.049295,
		0.177634,
		0.982861,
		0,
		-0.152769,
		0.973819,
		-0.168337,
		0,
		0.053332,
		0.624071,
		0.080361,
		1,
	},
	[0.983333333333] = {
		-0.986967,
		-0.142031,
		0.075646,
		0,
		0.047954,
		0.189134,
		0.98078,
		0,
		-0.153609,
		0.971625,
		-0.179858,
		0,
		0.053043,
		0.62346,
		0.079802,
		1,
	},
	[0.9] = {
		-0.987729,
		-0.137402,
		0.07424,
		0,
		0.056683,
		0.12755,
		0.990211,
		0,
		-0.145526,
		0.982269,
		-0.118196,
		0,
		0.056966,
		0.625687,
		0.079755,
		1,
	},
	[1.01666666667] = {
		-0.986955,
		-0.141833,
		0.076183,
		0,
		0.045718,
		0.206817,
		0.977311,
		0,
		-0.154371,
		0.968045,
		-0.197634,
		0,
		0.052963,
		0.620218,
		0.085704,
		1,
	},
	[1.03333333333] = {
		-0.98702,
		-0.141391,
		0.076163,
		0,
		0.044896,
		0.212414,
		0.976148,
		0,
		-0.154196,
		0.966897,
		-0.203309,
		0,
		0.053218,
		0.617159,
		0.094048,
		1,
	},
	[1.05] = {
		-0.98715,
		-0.140509,
		0.076108,
		0,
		0.044455,
		0.216002,
		0.97538,
		0,
		-0.153489,
		0.96623,
		-0.20698,
		0,
		0.05378,
		0.612909,
		0.106888,
		1,
	},
	[1.06666666667] = {
		-0.987334,
		-0.139252,
		0.076024,
		0,
		0.044707,
		0.215565,
		0.975465,
		0,
		-0.152223,
		0.966509,
		-0.20661,
		0,
		0.062129,
		0.60645,
		0.137079,
		1,
	},
	[1.08333333333] = {
		-0.987562,
		-0.137683,
		0.07592,
		0,
		0.04766,
		0.198005,
		0.979042,
		0,
		-0.14983,
		0.970483,
		-0.18898,
		0,
		0.081499,
		0.595893,
		0.187051,
		1,
	},
	{
		-0.986943,
		-0.141997,
		0.076031,
		0,
		0.04677,
		0.199054,
		0.978872,
		0,
		-0.154131,
		0.969647,
		-0.189814,
		0,
		0.052932,
		0.622254,
		0.081207,
		1,
	},
	[1.11666666667] = {
		-0.988105,
		-0.133862,
		0.075691,
		0,
		0.070715,
		0.041553,
		0.996631,
		0,
		-0.136557,
		0.990128,
		-0.031593,
		0,
		0.127713,
		0.555885,
		0.287605,
		1,
	},
	[1.13333333333] = {
		-0.988398,
		-0.131738,
		0.075589,
		0,
		0.098391,
		-0.176228,
		0.97942,
		0,
		-0.115706,
		0.975494,
		0.187145,
		0,
		0.147232,
		0.536102,
		0.323152,
		1,
	},
	[1.15] = {
		-0.988693,
		-0.129555,
		0.075513,
		0,
		0.129279,
		-0.481246,
		0.867,
		0,
		-0.075983,
		0.866959,
		0.492554,
		0,
		0.167147,
		0.517075,
		0.355429,
		1,
	},
	[1.16666666667] = {
		-0.98901,
		-0.127118,
		0.075498,
		0,
		0.145625,
		-0.749352,
		0.64596,
		0,
		-0.025539,
		0.649855,
		0.759629,
		0,
		0.187181,
		0.474768,
		0.380668,
		1,
	},
	[1.18333333333] = {
		-0.989365,
		-0.124282,
		0.075572,
		0,
		0.144376,
		-0.902239,
		0.40635,
		0,
		0.017682,
		0.41294,
		0.910587,
		0,
		0.206699,
		0.385241,
		0.394605,
		1,
	},
	[1.1] = {
		-0.987823,
		-0.135865,
		0.075806,
		0,
		0.055714,
		0.146018,
		0.987712,
		0,
		-0.145265,
		0.979908,
		-0.13667,
		0,
		0.10549,
		0.579615,
		0.242124,
		1,
	},
	[1.21666666667] = {
		-0.306822,
		-0.260354,
		0.915465,
		0,
		0.095154,
		-0.96543,
		-0.242673,
		0,
		0.946998,
		0.012653,
		0.320989,
		0,
		0.249304,
		-0.076186,
		0.187982,
		1,
	},
	[1.23333333333] = {
		0.421233,
		-0.377172,
		0.824805,
		0,
		-0.298867,
		-0.916356,
		-0.266403,
		0,
		0.856295,
		-0.134289,
		-0.498724,
		0,
		0.264304,
		-0.312858,
		0.038683,
		1,
	},
	[1.25] = {
		0.665485,
		-0.438423,
		0.604082,
		0,
		-0.454159,
		-0.880101,
		-0.138427,
		0,
		0.592343,
		-0.182228,
		-0.784808,
		0,
		0.268901,
		-0.41485,
		-0.031967,
		1,
	},
	[1.26666666667] = {
		0.664692,
		-0.444396,
		0.60058,
		0,
		-0.457233,
		-0.877708,
		-0.143412,
		0,
		0.590866,
		-0.17928,
		-0.786598,
		0,
		0.267486,
		-0.415531,
		-0.034861,
		1,
	},
	[1.28333333333] = {
		0.664023,
		-0.449666,
		0.59739,
		0,
		-0.459892,
		-0.875576,
		-0.147872,
		0,
		0.589553,
		-0.176544,
		-0.7882,
		0,
		0.266258,
		-0.416092,
		-0.037471,
		1,
	},
	[1.2] = {
		-0.891037,
		-0.163275,
		0.423549,
		0,
		0.235513,
		-0.963945,
		0.123866,
		0,
		0.388054,
		0.210121,
		0.897365,
		0,
		0.228043,
		0.191674,
		0.333213,
		1,
	},
	[1.31666666667] = {
		0.663176,
		-0.456659,
		0.59301,
		0,
		-0.463351,
		-0.872713,
		-0.153875,
		0,
		0.587796,
		-0.172725,
		-0.790355,
		0,
		0.264656,
		-0.41678,
		-0.041012,
		1,
	},
	[1.33333333333] = {
		0.663059,
		-0.457668,
		0.592363,
		0,
		-0.463841,
		-0.872298,
		-0.154752,
		0,
		0.587541,
		-0.172153,
		-0.79067,
		0,
		0.264429,
		-0.416873,
		-0.041532,
		1,
	},
	[1.35] = {
		0.663059,
		-0.457668,
		0.592363,
		0,
		-0.463841,
		-0.872298,
		-0.154752,
		0,
		0.587541,
		-0.172153,
		-0.79067,
		0,
		0.264429,
		-0.416873,
		-0.041532,
		1,
	},
	[1.36666666667] = {
		0.663059,
		-0.457668,
		0.592363,
		0,
		-0.463841,
		-0.872298,
		-0.154752,
		0,
		0.587541,
		-0.172153,
		-0.79067,
		0,
		0.264429,
		-0.416873,
		-0.041532,
		1,
	},
	[1.38333333333] = {
		0.663059,
		-0.457668,
		0.592363,
		0,
		-0.463841,
		-0.872298,
		-0.154752,
		0,
		0.587541,
		-0.172153,
		-0.79067,
		0,
		0.264429,
		-0.416873,
		-0.041532,
		1,
	},
	[1.3] = {
		0.663507,
		-0.453873,
		0.594776,
		0,
		-0.461983,
		-0.873858,
		-0.151471,
		0,
		0.588498,
		-0.174274,
		-0.789493,
		0,
		0.26529,
		-0.416514,
		-0.03959,
		1,
	},
	[1.41666666667] = {
		0.663059,
		-0.457668,
		0.592363,
		0,
		-0.463841,
		-0.872298,
		-0.154752,
		0,
		0.587541,
		-0.172153,
		-0.79067,
		0,
		0.264429,
		-0.416873,
		-0.041532,
		1,
	},
	[1.4] = {
		0.663059,
		-0.457668,
		0.592363,
		0,
		-0.463841,
		-0.872298,
		-0.154752,
		0,
		0.587541,
		-0.172153,
		-0.79067,
		0,
		0.264429,
		-0.416873,
		-0.041532,
		1,
	},
}

return spline_matrices
