-- chunkname: @content/characters/player/human/first_person/animations/2h_force_sword/attack_right.lua

local spline_matrices = {
	[0.0166666666667] = {
		-0.07177,
		-0.193237,
		0.978524,
		0,
		-0.995078,
		0.081077,
		-0.056973,
		0,
		-0.068326,
		-0.977797,
		-0.198105,
		0,
		-0.416594,
		-0.05973,
		-0.289049,
		1,
	},
	[0.0333333333333] = {
		0.211698,
		-0.015302,
		0.977215,
		0,
		-0.822064,
		0.537982,
		0.186511,
		0,
		-0.528578,
		-0.842817,
		0.101311,
		0,
		-0.398429,
		-0.00218,
		-0.23416,
		1,
	},
	[0.05] = {
		0.472219,
		0.163509,
		0.866183,
		0,
		-0.441841,
		0.894193,
		0.072083,
		0,
		-0.762749,
		-0.416754,
		0.4945,
		0,
		-0.377231,
		0.066872,
		-0.17046,
		1,
	},
	[0.0666666666667] = {
		0.569952,
		0.243126,
		0.784885,
		0,
		-0.131119,
		0.969893,
		-0.20522,
		0,
		-0.811149,
		0.014053,
		0.584671,
		0,
		-0.360342,
		0.125614,
		-0.120862,
		1,
	},
	[0.0833333333333] = {
		0.442305,
		0.192538,
		0.875954,
		0,
		0.093731,
		0.961413,
		-0.25865,
		0,
		-0.891953,
		0.196507,
		0.407191,
		0,
		-0.356096,
		0.161797,
		-0.102384,
		1,
	},
	[0] = {
		-0.194489,
		-0.27238,
		0.942328,
		0,
		-0.965166,
		-0.118263,
		-0.233386,
		0,
		0.175012,
		-0.954894,
		-0.239891,
		0,
		-0.424297,
		-0.0838,
		-0.312397,
		1,
	},
	[0.116666666667] = {
		0.213721,
		0.091526,
		0.972598,
		0,
		0.338027,
		0.927171,
		-0.16153,
		0,
		-0.916549,
		0.363287,
		0.167217,
		0,
		-0.328334,
		0.239792,
		-0.086315,
		1,
	},
	[0.133333333333] = {
		0.195266,
		0.069667,
		0.978273,
		0,
		0.422361,
		0.894266,
		-0.147988,
		0,
		-0.885146,
		0.442081,
		0.145195,
		0,
		-0.300456,
		0.286008,
		-0.075991,
		1,
	},
	[0.15] = {
		0.186243,
		0.048622,
		0.9813,
		0,
		0.501137,
		0.854383,
		-0.137445,
		0,
		-0.845089,
		0.517364,
		0.134757,
		0,
		-0.267035,
		0.333161,
		-0.067942,
		1,
	},
	[0.166666666667] = {
		0.16361,
		0.0191,
		0.98634,
		0,
		0.586127,
		0.802334,
		-0.112761,
		0,
		-0.793528,
		0.59657,
		0.120075,
		0,
		-0.229323,
		0.379868,
		-0.06431,
		1,
	},
	[0.183333333333] = {
		0.07838,
		-0.065985,
		0.994737,
		0,
		0.711705,
		0.702414,
		-0.009485,
		0,
		-0.698092,
		0.708703,
		0.102017,
		0,
		-0.151094,
		0.424878,
		-0.064052,
		1,
	},
	[0.1] = {
		0.263807,
		0.122604,
		0.956752,
		0,
		0.232866,
		0.954455,
		-0.186518,
		0,
		-0.936045,
		0.272,
		0.223241,
		0,
		-0.349391,
		0.195916,
		-0.096595,
		1,
	},
	[0.216666666667] = {
		0.057074,
		-0.075547,
		0.995507,
		0,
		0.930839,
		0.364525,
		-0.025703,
		0,
		-0.360946,
		0.928124,
		0.091127,
		0,
		-0.003328,
		0.474115,
		-0.062001,
		1,
	},
	[0.233333333333] = {
		0.051413,
		-0.066774,
		0.996443,
		0,
		0.973284,
		0.226921,
		-0.035011,
		0,
		-0.223776,
		0.971621,
		0.076656,
		0,
		0.051289,
		0.484393,
		-0.056844,
		1,
	},
	[0.25] = {
		-0.003066,
		-0.061061,
		0.998129,
		0,
		0.996655,
		0.081329,
		0.008037,
		0,
		-0.081668,
		0.994815,
		0.060608,
		0,
		0.114868,
		0.49164,
		-0.051569,
		1,
	},
	[0.266666666667] = {
		0.060214,
		-0.061372,
		0.996297,
		0,
		0.991807,
		-0.108973,
		-0.066656,
		0,
		0.11266,
		0.992148,
		0.054307,
		0,
		0.16795,
		0.460992,
		-0.056844,
		1,
	},
	[0.283333333333] = {
		0.109947,
		-0.0896,
		0.989891,
		0,
		0.945801,
		-0.296749,
		-0.13191,
		0,
		0.305568,
		0.950743,
		0.052117,
		0,
		0.216268,
		0.413169,
		-0.06212,
		1,
	},
	[0.2] = {
		0.028951,
		-0.098276,
		0.994738,
		0,
		0.863319,
		0.504055,
		0.024672,
		0,
		-0.503828,
		0.858062,
		0.099436,
		0,
		-0.063341,
		0.459026,
		-0.064568,
		1,
	},
	[0.316666666667] = {
		0.127316,
		-0.137255,
		0.98232,
		0,
		0.814178,
		-0.551176,
		-0.182537,
		0,
		0.566485,
		0.823023,
		0.041576,
		0,
		0.300485,
		0.345951,
		-0.076603,
		1,
	},
	[0.333333333333] = {
		0.182751,
		-0.198356,
		0.962942,
		0,
		0.748218,
		-0.607312,
		-0.2671,
		0,
		0.637787,
		0.769303,
		0.037427,
		0,
		0.321756,
		0.309575,
		-0.09362,
		1,
	},
	[0.35] = {
		0.251319,
		-0.23672,
		0.938511,
		0,
		0.659345,
		-0.667986,
		-0.345049,
		0,
		0.708592,
		0.70552,
		-0.011797,
		0,
		0.312631,
		0.223471,
		-0.127589,
		1,
	},
	[0.366666666667] = {
		0.299665,
		-0.219331,
		0.92849,
		0,
		0.594778,
		-0.717989,
		-0.361567,
		0,
		0.745949,
		0.660595,
		-0.084703,
		0,
		0.31135,
		0.146734,
		-0.193779,
		1,
	},
	[0.383333333333] = {
		0.345767,
		-0.177977,
		0.921287,
		0,
		0.535415,
		-0.76889,
		-0.349483,
		0,
		0.770569,
		0.61411,
		-0.170565,
		0,
		0.311657,
		0.068815,
		-0.266745,
		1,
	},
	[0.3] = {
		0.132434,
		-0.116885,
		0.984276,
		0,
		0.875845,
		-0.451123,
		-0.171416,
		0,
		0.464066,
		0.884774,
		0.042629,
		0,
		0.261621,
		0.368573,
		-0.065909,
		1,
	},
	[0.416666666667] = {
		0.438292,
		-0.117978,
		0.891056,
		0,
		0.462674,
		-0.82031,
		-0.336191,
		0,
		0.770605,
		0.559619,
		-0.30495,
		0,
		0.320747,
		-0.035152,
		-0.379261,
		1,
	},
	[0.433333333333] = {
		0.488794,
		-0.144556,
		0.86034,
		0,
		0.433903,
		-0.815264,
		-0.3835,
		0,
		0.756841,
		0.560757,
		-0.335773,
		0,
		0.320145,
		-0.045753,
		-0.40423,
		1,
	},
	[0.45] = {
		0.538993,
		-0.21312,
		0.814903,
		0,
		0.382664,
		-0.799905,
		-0.462299,
		0,
		0.75037,
		0.56101,
		-0.34959,
		0,
		0.319223,
		-0.054129,
		-0.425575,
		1,
	},
	[0.466666666667] = {
		0.580387,
		-0.311271,
		0.752503,
		0,
		0.308873,
		-0.770871,
		-0.557095,
		0,
		0.753491,
		0.555759,
		-0.351261,
		0,
		0.318076,
		-0.060528,
		-0.443529,
		1,
	},
	[0.483333333333] = {
		0.604304,
		-0.425519,
		0.67361,
		0,
		0.216736,
		-0.725769,
		-0.652904,
		0,
		0.766708,
		0.540549,
		-0.34636,
		0,
		0.316801,
		-0.065203,
		-0.458326,
		1,
	},
	[0.4] = {
		0.391325,
		-0.136152,
		0.910125,
		0,
		0.489979,
		-0.806326,
		-0.3313,
		0,
		0.778964,
		0.575588,
		-0.248824,
		0,
		0.316449,
		0.001512,
		-0.334148,
		1,
	},
	[0.516666666667] = {
		0.582045,
		-0.648888,
		0.490069,
		0,
		0.013555,
		-0.594849,
		-0.803723,
		0,
		0.813044,
		0.474446,
		-0.337433,
		0,
		0.314236,
		-0.070379,
		-0.479383,
		1,
	},
	[0.533333333333] = {
		0.541872,
		-0.736727,
		0.404484,
		0,
		-0.075967,
		-0.522228,
		-0.849416,
		0,
		0.837021,
		0.429547,
		-0.338947,
		0,
		0.313131,
		-0.071382,
		-0.486111,
		1,
	},
	[0.55] = {
		0.496104,
		-0.800769,
		0.335633,
		0,
		-0.14558,
		-0.457799,
		-0.877056,
		0,
		0.855972,
		0.386249,
		-0.343692,
		0,
		0.312267,
		-0.071661,
		-0.490619,
		1,
	},
	[0.566666666667] = {
		0.459091,
		-0.839594,
		0.290375,
		0,
		-0.189912,
		-0.41205,
		-0.89115,
		0,
		0.867853,
		0.353973,
		-0.348618,
		0,
		0.311737,
		-0.071466,
		-0.493142,
		1,
	},
	[0.583333333333] = {
		0.444546,
		-0.852854,
		0.273896,
		0,
		-0.205283,
		-0.394631,
		-0.895614,
		0,
		0.871916,
		0.341916,
		-0.350508,
		0,
		0.311632,
		-0.071045,
		-0.493915,
		1,
	},
	[0.5] = {
		0.604946,
		-0.542144,
		0.583198,
		0,
		0.114676,
		-0.665463,
		-0.737569,
		0,
		0.787965,
		0.513069,
		-0.340398,
		0,
		0.31549,
		-0.068403,
		-0.470199,
		1,
	},
	[0.616666666667] = {
		0.445444,
		-0.852616,
		0.273176,
		0,
		-0.204455,
		-0.393928,
		-0.896113,
		0,
		0.871652,
		0.343316,
		-0.349795,
		0,
		0.311915,
		-0.070155,
		-0.493863,
		1,
	},
	[0.633333333333] = {
		0.445912,
		-0.852473,
		0.272859,
		0,
		-0.204035,
		-0.393627,
		-0.896341,
		0,
		0.871511,
		0.344016,
		-0.349458,
		0,
		0.312056,
		-0.069729,
		-0.493834,
		1,
	},
	[0.65] = {
		0.446386,
		-0.852315,
		0.272577,
		0,
		-0.203618,
		-0.393366,
		-0.896551,
		0,
		0.871366,
		0.344706,
		-0.34914,
		0,
		0.312195,
		-0.069323,
		-0.493804,
		1,
	},
	[0.666666666667] = {
		0.446863,
		-0.852143,
		0.272333,
		0,
		-0.203209,
		-0.393148,
		-0.896739,
		0,
		0.871217,
		0.345379,
		-0.348846,
		0,
		0.312329,
		-0.06894,
		-0.493773,
		1,
	},
	[0.683333333333] = {
		0.447337,
		-0.851959,
		0.272131,
		0,
		-0.202814,
		-0.392978,
		-0.896903,
		0,
		0.871066,
		0.346026,
		-0.348583,
		0,
		0.312456,
		-0.068588,
		-0.493741,
		1,
	},
	[0.6] = {
		0.444987,
		-0.852744,
		0.273522,
		0,
		-0.204873,
		-0.394264,
		-0.89587,
		0,
		0.871787,
		0.342613,
		-0.350147,
		0,
		0.311773,
		-0.070596,
		-0.49389,
		1,
	},
	[0.716666666667] = {
		0.448259,
		-0.851558,
		0.271869,
		0,
		-0.202086,
		-0.392801,
		-0.897145,
		0,
		0.870761,
		0.347213,
		-0.348165,
		0,
		0.312683,
		-0.067991,
		-0.493681,
		1,
	},
	[0.733333333333] = {
		0.448699,
		-0.851343,
		0.271816,
		0,
		-0.201765,
		-0.392802,
		-0.897217,
		0,
		0.870609,
		0.347737,
		-0.348021,
		0,
		0.312777,
		-0.067757,
		-0.493653,
		1,
	},
	[0.75] = {
		0.449118,
		-0.851121,
		0.27182,
		0,
		-0.20148,
		-0.392868,
		-0.897252,
		0,
		0.870459,
		0.348206,
		-0.347928,
		0,
		0.312857,
		-0.067573,
		-0.493627,
		1,
	},
	[0.766666666667] = {
		0.449541,
		-0.850882,
		0.27187,
		0,
		-0.201208,
		-0.392991,
		-0.897259,
		0,
		0.870304,
		0.348652,
		-0.34787,
		0,
		0.312929,
		-0.06742,
		-0.493603,
		1,
	},
	[0.783333333333] = {
		0.449994,
		-0.850616,
		0.271953,
		0,
		-0.200927,
		-0.393157,
		-0.897249,
		0,
		0.870135,
		0.349114,
		-0.347829,
		0,
		0.313001,
		-0.067276,
		-0.493577,
		1,
	},
	[0.7] = {
		0.447804,
		-0.851764,
		0.271975,
		0,
		-0.202438,
		-0.392861,
		-0.897039,
		0,
		0.870914,
		0.34664,
		-0.348354,
		0,
		0.312575,
		-0.068269,
		-0.49371,
		1,
	},
	[0.816666666667] = {
		0.450977,
		-0.850014,
		0.272204,
		0,
		-0.200339,
		-0.393601,
		-0.897186,
		0,
		0.869761,
		0.350077,
		-0.347796,
		0,
		0.313146,
		-0.067013,
		-0.493521,
		1,
	},
	[0.833333333333] = {
		0.451501,
		-0.849683,
		0.272369,
		0,
		-0.200035,
		-0.393873,
		-0.897134,
		0,
		0.869559,
		0.350574,
		-0.3478,
		0,
		0.313218,
		-0.066893,
		-0.493491,
		1,
	},
	[0.85] = {
		0.452043,
		-0.849335,
		0.272556,
		0,
		-0.199726,
		-0.394175,
		-0.89707,
		0,
		0.869348,
		0.351078,
		-0.347819,
		0,
		0.313289,
		-0.066782,
		-0.493461,
		1,
	},
	[0.866666666667] = {
		0.4526,
		-0.848972,
		0.272763,
		0,
		-0.199414,
		-0.394503,
		-0.896996,
		0,
		0.86913,
		0.351587,
		-0.347849,
		0,
		0.31336,
		-0.066678,
		-0.49343,
		1,
	},
	[0.883333333333] = {
		0.453169,
		-0.848596,
		0.272989,
		0,
		-0.199099,
		-0.394855,
		-0.896911,
		0,
		0.868906,
		0.3521,
		-0.347891,
		0,
		0.31343,
		-0.066581,
		-0.493399,
		1,
	},
	[0.8] = {
		0.450473,
		-0.850326,
		0.272065,
		0,
		-0.200636,
		-0.393361,
		-0.897225,
		0,
		0.869953,
		0.34959,
		-0.347805,
		0,
		0.313074,
		-0.06714,
		-0.493549,
		1,
	},
	[0.916666666667] = {
		0.45433,
		-0.847815,
		0.273485,
		0,
		-0.198468,
		-0.395615,
		-0.896716,
		0,
		0.868444,
		0.353127,
		-0.348004,
		0,
		0.313566,
		-0.066408,
		-0.493335,
		1,
	},
	[0.933333333333] = {
		0.454916,
		-0.847415,
		0.273751,
		0,
		-0.198154,
		-0.396017,
		-0.896608,
		0,
		0.868209,
		0.353636,
		-0.348073,
		0,
		0.313632,
		-0.066332,
		-0.493304,
		1,
	},
	[0.95] = {
		0.455502,
		-0.847011,
		0.274025,
		0,
		-0.197843,
		-0.396429,
		-0.896494,
		0,
		0.867972,
		0.354141,
		-0.34815,
		0,
		0.313697,
		-0.066261,
		-0.493272,
		1,
	},
	[0.966666666667] = {
		0.456086,
		-0.846606,
		0.274307,
		0,
		-0.197535,
		-0.39685,
		-0.896376,
		0,
		0.867736,
		0.354639,
		-0.348232,
		0,
		0.31376,
		-0.066197,
		-0.493241,
		1,
	},
	[0.9] = {
		0.453746,
		-0.84821,
		0.27323,
		0,
		-0.198784,
		-0.395226,
		-0.896817,
		0,
		0.868677,
		0.352614,
		-0.347943,
		0,
		0.313499,
		-0.066491,
		-0.493367,
		1,
	},
}

return spline_matrices
