local spline_matrices = {
	[0] = {
		0.083109,
		-0.105278,
		0.990964,
		0,
		-0.923441,
		-0.381966,
		0.036866,
		0,
		0.374634,
		-0.91816,
		-0.128963,
		0,
		-0.199556,
		0.022752,
		-0.18432,
		1
	},
	{
		0.791863,
		-0.589755,
		0.158561,
		0,
		-0.498136,
		-0.773959,
		-0.390957,
		0,
		0.353288,
		0.230599,
		-0.906648,
		0,
		0.028365,
		-0.249271,
		-0.63684,
		1
	},
	[0.0166666666667] = {
		0.099708,
		-0.125423,
		0.98708,
		0,
		-0.959054,
		-0.276407,
		0.061756,
		0,
		0.26509,
		-0.952821,
		-0.147847,
		0,
		-0.198308,
		0.028,
		-0.153153,
		1
	},
	[0.0333333333333] = {
		0.140047,
		-0.173138,
		0.97489,
		0,
		-0.978492,
		-0.174814,
		0.109518,
		0,
		0.151463,
		-0.969259,
		-0.193896,
		0,
		-0.194771,
		0.042718,
		-0.138402,
		1
	},
	[0.05] = {
		0.18971,
		-0.229353,
		0.954677,
		0,
		-0.981605,
		-0.06558,
		0.179306,
		0,
		0.021483,
		-0.971132,
		-0.237575,
		0,
		-0.189237,
		0.065278,
		-0.132436,
		1
	},
	[0.0666666666667] = {
		0.235786,
		-0.275383,
		0.931971,
		0,
		-0.962941,
		0.063029,
		0.262246,
		0,
		-0.130959,
		-0.959266,
		-0.250316,
		0,
		-0.182,
		0.094063,
		-0.127618,
		1
	},
	[0.0833333333333] = {
		0.268562,
		-0.293158,
		0.917569,
		0,
		-0.914112,
		0.222829,
		0.338743,
		0,
		-0.303766,
		-0.929734,
		-0.208135,
		0,
		-0.173392,
		0.127552,
		-0.116257,
		1
	},
	[0.116666666667] = {
		0.304168,
		-0.289643,
		0.907518,
		0,
		-0.66705,
		0.615361,
		0.419971,
		0,
		-0.680092,
		-0.733102,
		-0.006034,
		0,
		-0.150051,
		0.216305,
		-0.066291,
		1
	},
	[0.133333333333] = {
		0.314419,
		-0.289094,
		0.904193,
		0,
		-0.457875,
		0.788191,
		0.411225,
		0,
		-0.831559,
		-0.543305,
		0.115453,
		0,
		-0.136233,
		0.269175,
		-0.044419,
		1
	},
	[0.15] = {
		0.320349,
		-0.288932,
		0.902161,
		0,
		-0.211254,
		0.906578,
		0.36536,
		0,
		-0.923444,
		-0.307628,
		0.229383,
		0,
		-0.122357,
		0.32332,
		-0.032069,
		1
	},
	[0.166666666667] = {
		0.322351,
		-0.288576,
		0.901562,
		0,
		0.044296,
		0.955956,
		0.290149,
		0,
		-0.945583,
		-0.053594,
		0.320936,
		0,
		-0.109311,
		0.375737,
		-0.025025,
		1
	},
	[0.183333333333] = {
		0.296803,
		-0.214654,
		0.930501,
		0,
		0.305391,
		0.944573,
		0.120489,
		0,
		-0.90479,
		0.248405,
		0.345906,
		0,
		-0.098307,
		0.432246,
		-0.020524,
		1
	},
	[0.1] = {
		0.289115,
		-0.291071,
		0.911971,
		0,
		-0.820257,
		0.415834,
		0.39276,
		0,
		-0.493549,
		-0.861603,
		-0.118529,
		0,
		-0.162803,
		0.167969,
		-0.093503,
		1
	},
	[0.216666666667] = {
		0.409501,
		-0.091351,
		0.907724,
		0,
		0.737779,
		0.618434,
		-0.270596,
		0,
		-0.536648,
		0.780509,
		0.320646,
		0,
		-0.004399,
		0.512976,
		-0.044709,
		1
	},
	[0.233333333333] = {
		0.423695,
		-0.053305,
		0.904235,
		0,
		0.856297,
		0.349082,
		-0.380654,
		0,
		-0.295361,
		0.935575,
		0.193549,
		0,
		0.067988,
		0.527258,
		-0.08499,
		1
	},
	[0.25] = {
		0.443839,
		-0.025913,
		0.895732,
		0,
		0.890991,
		0.119418,
		-0.438035,
		0,
		-0.095615,
		0.992506,
		0.07609,
		0,
		0.12928,
		0.520368,
		-0.110261,
		1
	},
	[0.266666666667] = {
		0.48474,
		-0.016846,
		0.874496,
		0,
		0.870278,
		-0.090649,
		-0.484148,
		0,
		0.087428,
		0.99574,
		-0.02928,
		0,
		0.183542,
		0.496094,
		-0.134188,
		1
	},
	[0.283333333333] = {
		0.615455,
		-0.088174,
		0.783224,
		0,
		0.732617,
		-0.302472,
		-0.60974,
		0,
		0.290666,
		0.949071,
		-0.121561,
		0,
		0.239542,
		0.442924,
		-0.171223,
		1
	},
	[0.2] = {
		0.386397,
		-0.140281,
		0.911602,
		0,
		0.540275,
		0.835473,
		-0.100438,
		0,
		-0.74753,
		0.531324,
		0.398615,
		0,
		-0.072295,
		0.482477,
		-0.019343,
		1
	},
	[0.316666666667] = {
		0.535153,
		-0.069562,
		0.841886,
		0,
		0.705736,
		-0.510911,
		-0.490822,
		0,
		0.464271,
		0.856815,
		-0.224323,
		0,
		0.266234,
		0.333321,
		-0.190013,
		1
	},
	[0.333333333333] = {
		0.367287,
		0.037001,
		0.929372,
		0,
		0.81148,
		-0.50105,
		-0.300748,
		0,
		0.454533,
		0.864627,
		-0.214054,
		0,
		0.257132,
		0.2835,
		-0.177482,
		1
	},
	[0.35] = {
		0.148839,
		0.159573,
		0.975901,
		0,
		0.877988,
		-0.475376,
		-0.056175,
		0,
		0.454956,
		0.86519,
		-0.210858,
		0,
		0.244339,
		0.233555,
		-0.158834,
		1
	},
	[0.366666666667] = {
		-0.0457,
		0.253101,
		0.96636,
		0,
		0.88751,
		-0.433731,
		0.155571,
		0,
		0.458516,
		0.864764,
		-0.204808,
		0,
		0.229444,
		0.183547,
		-0.1357,
		1
	},
	[0.383333333333] = {
		-0.1915,
		0.318565,
		0.928356,
		0,
		0.871613,
		-0.379662,
		0.310076,
		0,
		0.45124,
		0.868547,
		-0.20496,
		0,
		0.214006,
		0.133605,
		-0.109674,
		1
	},
	[0.3] = {
		0.608771,
		-0.114445,
		0.785048,
		0,
		0.640082,
		-0.513775,
		-0.571254,
		0,
		0.468715,
		0.850258,
		-0.239517,
		0,
		0.270018,
		0.383024,
		-0.194767,
		1
	},
	[0.416666666667] = {
		-0.425912,
		0.43239,
		0.794757,
		0,
		0.79132,
		-0.247849,
		0.558913,
		0,
		0.438648,
		0.866954,
		-0.236596,
		0,
		0.187619,
		0.034801,
		-0.055104,
		1
	},
	[0.433333333333] = {
		-0.531346,
		0.467587,
		0.706423,
		0,
		0.726008,
		-0.17838,
		0.664148,
		0,
		0.436559,
		0.865761,
		-0.24469,
		0,
		0.179733,
		-0.013413,
		-0.029549,
		1
	},
	[0.45] = {
		-0.639556,
		0.480768,
		0.599859,
		0,
		0.634495,
		-0.110438,
		0.764997,
		0,
		0.434033,
		0.869865,
		-0.234413,
		0,
		0.1775,
		-0.060515,
		-0.007231,
		1
	},
	[0.466666666667] = {
		-0.780505,
		0.46507,
		0.417759,
		0,
		0.467841,
		-0.008708,
		0.883769,
		0,
		0.414652,
		0.885231,
		-0.210782,
		0,
		0.188687,
		-0.097571,
		0.013107,
		1
	},
	[0.483333333333] = {
		-0.877445,
		0.440718,
		0.189359,
		0,
		0.24495,
		0.072271,
		0.966838,
		0,
		0.412418,
		0.894731,
		-0.171367,
		0,
		0.207196,
		-0.124422,
		0.031108,
		1
	},
	[0.4] = {
		-0.315584,
		0.38062,
		0.869215,
		0,
		0.838866,
		-0.316249,
		0.443047,
		0,
		0.44352,
		0.868974,
		-0.219486,
		0,
		0.199562,
		0.083914,
		-0.082315,
		1
	},
	[0.516666666667] = {
		-0.909531,
		0.410959,
		0.062185,
		0,
		0.098247,
		0.067199,
		0.992891,
		0,
		0.403859,
		0.909174,
		-0.101495,
		0,
		0.236212,
		-0.180971,
		0.040417,
		1
	},
	[0.533333333333] = {
		-0.911085,
		0.40385,
		0.082641,
		0,
		0.068615,
		-0.049108,
		0.996434,
		0,
		0.406468,
		0.913506,
		0.017031,
		0,
		0.195295,
		-0.363222,
		0.014428,
		1
	},
	[0.55] = {
		-0.907629,
		0.399462,
		0.128993,
		0,
		0.053906,
		-0.193832,
		0.979553,
		0,
		0.416297,
		0.896024,
		0.154394,
		0,
		0.135627,
		-0.534194,
		-0.047,
		1
	},
	[0.566666666667] = {
		-0.900426,
		0.397801,
		0.17603,
		0,
		0.058836,
		-0.289571,
		0.955347,
		0,
		0.431011,
		0.870576,
		0.237332,
		0,
		0.099973,
		-0.636297,
		-0.138539,
		1
	},
	[0.583333333333] = {
		-0.890102,
		0.3975,
		0.222962,
		0,
		0.063128,
		-0.376964,
		0.924074,
		0,
		0.451368,
		0.836596,
		0.310443,
		0,
		0.066003,
		-0.724899,
		-0.24699,
		1
	},
	[0.5] = {
		-0.901155,
		0.4244,
		0.088342,
		0,
		0.134464,
		0.079921,
		0.98769,
		0,
		0.412115,
		0.901941,
		-0.129088,
		0,
		0.224823,
		-0.138802,
		0.039136,
		1
	},
	[0.616666666667] = {
		-0.843798,
		0.396705,
		0.361429,
		0,
		0.132813,
		-0.498161,
		0.856852,
		0,
		0.519967,
		0.771013,
		0.36766,
		0,
		0.030391,
		-0.811488,
		-0.399178,
		1
	},
	[0.633333333333] = {
		-0.801445,
		0.384668,
		0.457947,
		0,
		0.208061,
		-0.538553,
		0.816499,
		0,
		0.56071,
		0.749661,
		0.351586,
		0,
		0.030796,
		-0.808323,
		-0.42354,
		1
	},
	[0.65] = {
		-0.750598,
		0.352845,
		0.558661,
		0,
		0.28938,
		-0.58455,
		0.757998,
		0,
		0.594021,
		0.730617,
		0.336656,
		0,
		0.032247,
		-0.798578,
		-0.445275,
		1
	},
	[0.666666666667] = {
		-0.68666,
		0.303268,
		0.660702,
		0,
		0.371774,
		-0.634512,
		0.677627,
		0,
		0.624726,
		0.710931,
		0.322947,
		0,
		0.034606,
		-0.782967,
		-0.464629,
		1
	},
	[0.683333333333] = {
		-0.605909,
		0.237929,
		0.75912,
		0,
		0.448595,
		-0.685861,
		0.573024,
		0,
		0.65699,
		0.687739,
		0.308835,
		0,
		0.037734,
		-0.762206,
		-0.481839,
		1
	},
	[0.6] = {
		-0.873444,
		0.397461,
		0.281283,
		0,
		0.082561,
		-0.448421,
		0.890001,
		0,
		0.479874,
		0.80059,
		0.358855,
		0,
		0.040524,
		-0.787521,
		-0.343466,
		1
	},
	[0.716666666667] = {
		-0.38987,
		0.0694,
		0.918251,
		0,
		0.553429,
		-0.77933,
		0.293875,
		0,
		0.736015,
		0.622759,
		0.265429,
		0,
		0.045756,
		-0.708101,
		-0.510747,
		1
	},
	[0.733333333333] = {
		-0.25967,
		-0.02793,
		0.965293,
		0,
		0.565787,
		-0.814456,
		0.128635,
		0,
		0.782596,
		0.579553,
		0.227293,
		0,
		0.050374,
		-0.676192,
		-0.522882,
		1
	},
	[0.75] = {
		-0.122575,
		-0.129321,
		0.983998,
		0,
		0.544078,
		-0.837965,
		-0.042354,
		0,
		0.830033,
		0.53018,
		0.173074,
		0,
		0.055211,
		-0.642004,
		-0.533752,
		1
	},
	[0.766666666667] = {
		0.013429,
		-0.230952,
		0.972872,
		0,
		0.487041,
		-0.848228,
		-0.208085,
		0,
		0.873276,
		0.476623,
		0.101093,
		0,
		0.060124,
		-0.606254,
		-0.543554,
		1
	},
	[0.783333333333] = {
		0.140361,
		-0.329037,
		0.933827,
		0,
		0.397623,
		-0.845032,
		-0.357515,
		0,
		0.90675,
		0.421492,
		0.012223,
		0,
		0.064968,
		-0.569663,
		-0.552482,
		1
	},
	[0.7] = {
		-0.506628,
		0.159079,
		0.847362,
		0,
		0.511915,
		-0.735327,
		0.444114,
		0,
		0.693737,
		0.658778,
		0.291102,
		0,
		0.041497,
		-0.737012,
		-0.497138,
		1
	},
	[0.816666666667] = {
		0.343594,
		-0.501229,
		0.794174,
		0,
		0.151837,
		-0.804884,
		-0.573679,
		0,
		0.926762,
		0.317698,
		-0.200448,
		0,
		0.073853,
		-0.496837,
		-0.568449,
		1
	},
	[0.833333333333] = {
		0.415273,
		-0.570202,
		0.708815,
		0,
		0.015992,
		-0.774481,
		-0.632395,
		0,
		0.909556,
		0.273953,
		-0.312502,
		0,
		0.077585,
		-0.462041,
		-0.575844,
		1
	},
	[0.85] = {
		0.469102,
		-0.625515,
		0.623437,
		0,
		-0.114362,
		-0.743011,
		-0.659437,
		0,
		0.875708,
		0.238046,
		-0.420083,
		0,
		0.080631,
		-0.429283,
		-0.583077,
		1
	},
	[0.866666666667] = {
		0.509867,
		-0.666225,
		0.544224,
		0,
		-0.2303,
		-0.715251,
		-0.659831,
		0,
		0.828853,
		0.211092,
		-0.518115,
		0,
		0.082829,
		-0.399281,
		-0.590321,
		1
	},
	[0.883333333333] = {
		0.543804,
		-0.691592,
		0.475371,
		0,
		-0.325017,
		-0.695805,
		-0.640484,
		0,
		0.773719,
		0.193794,
		-0.603161,
		0,
		0.084009,
		-0.372802,
		-0.597718,
		1
	},
	[0.8] = {
		0.251715,
		-0.420103,
		0.871868,
		0,
		0.282671,
		-0.829679,
		-0.481383,
		0,
		0.925601,
		0.367623,
		-0.090091,
		0,
		0.069595,
		-0.532951,
		-0.56072,
		1
	},
	[0.916666666667] = {
		0.613316,
		-0.697347,
		0.370877,
		0,
		-0.44109,
		-0.691919,
		-0.571566,
		0,
		0.655197,
		0.186961,
		-0.731958,
		0,
		0.081463,
		-0.331282,
		-0.612819,
		1
	},
	[0.933333333333] = {
		0.649664,
		-0.686891,
		0.325756,
		0,
		-0.474941,
		-0.70131,
		-0.531597,
		0,
		0.593605,
		0.190645,
		-0.781849,
		0,
		0.075524,
		-0.312849,
		-0.619276,
		1
	},
	[0.95] = {
		0.686385,
		-0.670126,
		0.282502,
		0,
		-0.496198,
		-0.715534,
		-0.491731,
		0,
		0.531662,
		0.19734,
		-0.823646,
		0,
		0.066715,
		-0.295376,
		-0.624844,
		1
	},
	[0.966666666667] = {
		0.722888,
		-0.647806,
		0.240376,
		0,
		-0.506121,
		-0.733263,
		-0.454056,
		0,
		0.470399,
		0.206573,
		-0.857935,
		0,
		0.055566,
		-0.278918,
		-0.629584,
		1
	},
	[0.983333333333] = {
		0.758347,
		-0.620719,
		0.199041,
		0,
		-0.506209,
		-0.753162,
		-0.420118,
		0,
		0.410686,
		0.217839,
		-0.885372,
		0,
		0.042607,
		-0.263529,
		-0.633561,
		1
	},
	[0.9] = {
		0.5775,
		-0.700691,
		0.418959,
		0,
		-0.393686,
		-0.688592,
		-0.608977,
		0,
		0.715196,
		0.186745,
		-0.673514,
		0,
		0.084001,
		-0.350625,
		-0.605412,
		1
	},
	[1.01666666667] = {
		0.822612,
		-0.55594,
		0.119331,
		0,
		-0.483695,
		-0.794515,
		-0.367131,
		0,
		0.298913,
		0.244286,
		-0.922483,
		0,
		0.013371,
		-0.236205,
		-0.639486,
		1
	},
	[1.03333333333] = {
		0.84994,
		-0.52046,
		0.081997,
		0,
		-0.464731,
		-0.813877,
		-0.348754,
		0,
		0.248248,
		0.258314,
		-0.93362,
		0,
		-0.001849,
		-0.224396,
		-0.641566,
		1
	},
	[1.05] = {
		0.873425,
		-0.484651,
		0.047351,
		0,
		-0.443091,
		-0.831309,
		-0.335552,
		0,
		0.201989,
		0.272099,
		-0.940831,
		0,
		-0.016764,
		-0.213911,
		-0.643149,
		1
	},
	[1.06666666667] = {
		0.89289,
		-0.449982,
		0.016237,
		0,
		-0.420564,
		-0.846313,
		-0.326924,
		0,
		0.160852,
		0.285078,
		-0.944911,
		0,
		-0.030848,
		-0.204819,
		-0.644304,
		1
	},
	[1.08333333333] = {
		0.908377,
		-0.418019,
		-0.010534,
		0,
		-0.398851,
		-0.858611,
		-0.322032,
		0,
		0.125571,
		0.296728,
		-0.94667,
		0,
		-0.043571,
		-0.197188,
		-0.645098,
		1
	},
	[1.11666666667] = {
		0.928278,
		-0.36874,
		-0.048284,
		0,
		-0.364129,
		-0.874833,
		-0.319495,
		0,
		0.07557,
		0.314162,
		-0.946357,
		0,
		-0.062824,
		-0.186601,
		-0.645888,
		1
	},
	[1.13333333333] = {
		0.933165,
		-0.354706,
		-0.058195,
		0,
		-0.354005,
		-0.87884,
		-0.319878,
		0,
		0.062319,
		0.3191,
		-0.94567,
		0,
		-0.068296,
		-0.183789,
		-0.646023,
		1
	},
	[1.15] = {
		0.93477,
		-0.349867,
		-0.061632,
		0,
		-0.35052,
		-0.880097,
		-0.320258,
		0,
		0.057806,
		0.32097,
		-0.945323,
		0,
		-0.070292,
		-0.182726,
		-0.646078,
		1
	},
	[1.1] = {
		0.920085,
		-0.390389,
		-0.032241,
		0,
		-0.379545,
		-0.868109,
		-0.319895,
		0,
		0.096895,
		0.306568,
		-0.946904,
		0,
		-0.054406,
		-0.191092,
		-0.645603,
		1
	}
}

return spline_matrices
