-- chunkname: @content/characters/player/human/first_person/animations/2h_force_sword/attack_right_diagonal_up.lua

local spline_matrices = {
	[0.0166666666667] = {
		-0.446132,
		0.1262,
		0.886025,
		0,
		-0.448882,
		0.824924,
		-0.343519,
		0,
		-0.774256,
		-0.550975,
		-0.311376,
		0,
		-0.430437,
		0.143854,
		-0.481283,
		1,
	},
	[0.0333333333333] = {
		-0.446132,
		0.1262,
		0.886025,
		0,
		-0.448882,
		0.824924,
		-0.343519,
		0,
		-0.774256,
		-0.550975,
		-0.311376,
		0,
		-0.430437,
		0.143854,
		-0.481283,
		1,
	},
	[0.05] = {
		-0.439113,
		0.104751,
		0.892305,
		0,
		-0.470818,
		0.819053,
		-0.327846,
		0,
		-0.765187,
		-0.564074,
		-0.310338,
		0,
		-0.431236,
		0.137845,
		-0.476874,
		1,
	},
	[0.0666666666667] = {
		-0.419658,
		0.049172,
		0.90635,
		0,
		-0.525385,
		0.801099,
		-0.286726,
		0,
		-0.740175,
		-0.596509,
		-0.310353,
		0,
		-0.433268,
		0.122252,
		-0.465008,
		1,
	},
	[0.0833333333333] = {
		-0.390112,
		-0.027123,
		0.920368,
		0,
		-0.595017,
		0.770248,
		-0.229508,
		0,
		-0.702687,
		-0.637168,
		-0.316621,
		0,
		-0.435965,
		0.100738,
		-0.447711,
		1,
	},
	[0] = {
		-0.446132,
		0.1262,
		0.886025,
		0,
		-0.448882,
		0.824924,
		-0.343519,
		0,
		-0.774256,
		-0.550975,
		-0.311376,
		0,
		-0.430437,
		0.143854,
		-0.481283,
		1,
	},
	[0.116666666667] = {
		-0.319113,
		-0.186356,
		0.929214,
		0,
		-0.721301,
		0.683737,
		-0.110586,
		0,
		-0.61473,
		-0.705532,
		-0.352608,
		0,
		-0.441199,
		0.054598,
		-0.404995,
		1,
	},
	[0.133333333333] = {
		-0.291665,
		-0.242441,
		0.925286,
		0,
		-0.760178,
		0.645892,
		-0.070385,
		0,
		-0.580571,
		-0.72391,
		-0.372682,
		0,
		-0.44281,
		0.037281,
		-0.383737,
		1,
	},
	[0.15] = {
		-0.280234,
		-0.266519,
		0.922192,
		0,
		-0.776881,
		0.627259,
		-0.054796,
		0,
		-0.563849,
		-0.731788,
		-0.382832,
		0,
		-0.443262,
		0.028643,
		-0.365393,
		1,
	},
	[0.166666666667] = {
		-0.295921,
		-0.270543,
		0.916099,
		0,
		-0.739183,
		0.672302,
		-0.040229,
		0,
		-0.605012,
		-0.689069,
		-0.398929,
		0,
		-0.430805,
		0.046808,
		-0.350586,
		1,
	},
	[0.183333333333] = {
		-0.331911,
		-0.273744,
		0.902718,
		0,
		-0.63065,
		0.776059,
		0.003458,
		0,
		-0.70151,
		-0.568151,
		-0.43022,
		0,
		-0.40205,
		0.095672,
		-0.337079,
		1,
	},
	[0.1] = {
		-0.354503,
		-0.110246,
		0.928533,
		0,
		-0.664074,
		0.728776,
		-0.167007,
		0,
		-0.658281,
		-0.675819,
		-0.331565,
		0,
		-0.438775,
		0.076966,
		-0.42702,
		1,
	},
	[0.216666666667] = {
		-0.39073,
		-0.274513,
		0.87862,
		0,
		-0.321626,
		0.935052,
		0.149115,
		0,
		-0.862489,
		-0.224323,
		-0.453643,
		0,
		-0.34299,
		0.213541,
		-0.304922,
		1,
	},
	[0.233333333333] = {
		-0.396799,
		-0.270992,
		0.876992,
		0,
		-0.180307,
		0.959824,
		0.215007,
		0,
		-0.900023,
		-0.072813,
		-0.429719,
		0,
		-0.331447,
		0.260799,
		-0.280896,
		1,
	},
	[0.25] = {
		-0.402246,
		-0.262962,
		0.876955,
		0,
		-0.030336,
		0.961166,
		0.274299,
		0,
		-0.915029,
		0.083732,
		-0.394602,
		0,
		-0.325044,
		0.308697,
		-0.252135,
		1,
	},
	[0.266666666667] = {
		-0.402431,
		-0.220712,
		0.888446,
		0,
		0.132999,
		0.946108,
		0.29528,
		0,
		-0.905738,
		0.236992,
		-0.351389,
		0,
		-0.312864,
		0.358731,
		-0.221219,
		1,
	},
	[0.283333333333] = {
		-0.390006,
		-0.134488,
		0.910939,
		0,
		0.335412,
		0.900563,
		0.276559,
		0,
		-0.857552,
		0.413399,
		-0.306116,
		0,
		-0.256629,
		0.417646,
		-0.188503,
		1,
	},
	[0.2] = {
		-0.369499,
		-0.27518,
		0.887551,
		0,
		-0.476664,
		0.876035,
		0.073169,
		0,
		-0.797661,
		-0.396028,
		-0.454863,
		0,
		-0.368936,
		0.157307,
		-0.322648,
		1,
	},
	[0.316666666667] = {
		-0.444287,
		-0.075964,
		0.892658,
		0,
		0.696365,
		0.597591,
		0.397444,
		0,
		-0.563636,
		0.798195,
		-0.212603,
		0,
		-0.080579,
		0.542169,
		-0.110294,
		1,
	},
	[0.333333333333] = {
		-0.515051,
		-0.070743,
		0.854236,
		0,
		0.836064,
		0.178281,
		0.518858,
		0,
		-0.188999,
		0.981433,
		-0.032678,
		0,
		0.037998,
		0.576073,
		-0.055167,
		1,
	},
	[0.35] = {
		-0.569277,
		-0.035678,
		0.821372,
		0,
		0.814809,
		-0.157662,
		0.55788,
		0,
		0.109595,
		0.986848,
		0.118824,
		0,
		0.142452,
		0.572488,
		0.002805,
		1,
	},
	[0.366666666667] = {
		-0.613196,
		0.016269,
		0.789764,
		0,
		0.69956,
		-0.453174,
		0.552494,
		0,
		0.366889,
		0.891273,
		0.266504,
		0,
		0.258895,
		0.490242,
		0.073399,
		1,
	},
	[0.383333333333] = {
		-0.488311,
		-0.065011,
		0.870245,
		0,
		0.658554,
		-0.681764,
		0.318597,
		0,
		0.57259,
		0.728678,
		0.375726,
		0,
		0.335392,
		0.386501,
		0.106138,
		1,
	},
	[0.3] = {
		-0.381432,
		-0.080107,
		0.92092,
		0,
		0.545485,
		0.784789,
		0.294198,
		0,
		-0.746295,
		0.614564,
		-0.255646,
		0,
		-0.176085,
		0.479897,
		-0.149847,
		1,
	},
	[0.416666666667] = {
		-0.409808,
		-0.204192,
		0.889024,
		0,
		0.539939,
		-0.839839,
		0.055997,
		0,
		0.735203,
		0.502967,
		0.454424,
		0,
		0.442352,
		0.183328,
		0.145263,
		1,
	},
	[0.433333333333] = {
		-0.431373,
		-0.209821,
		0.877435,
		0,
		0.396307,
		-0.917787,
		-0.024634,
		0,
		0.810468,
		0.337107,
		0.479063,
		0,
		0.460596,
		0.095914,
		0.1466,
		1,
	},
	[0.45] = {
		-0.444494,
		-0.192735,
		0.874802,
		0,
		0.274026,
		-0.959019,
		-0.072055,
		0,
		0.85284,
		0.20769,
		0.479092,
		0,
		0.461655,
		0.029702,
		0.142026,
		1,
	},
	[0.466666666667] = {
		-0.443853,
		-0.191971,
		0.875296,
		0,
		0.240307,
		-0.966505,
		-0.090119,
		0,
		0.863278,
		0.17034,
		0.475118,
		0,
		0.461978,
		-0.007956,
		0.130228,
		1,
	},
	[0.483333333333] = {
		-0.440908,
		-0.192312,
		0.876708,
		0,
		0.225649,
		-0.969154,
		-0.099109,
		0,
		0.868725,
		0.15413,
		0.470703,
		0,
		0.462705,
		-0.035309,
		0.105007,
		1,
	},
	[0.4] = {
		-0.41677,
		-0.139971,
		0.898171,
		0,
		0.613338,
		-0.772563,
		0.164205,
		0,
		0.67091,
		0.619318,
		0.40783,
		0,
		0.399782,
		0.283828,
		0.13519,
		1,
	},
	[0.516666666667] = {
		-0.402342,
		-0.188896,
		0.89579,
		0,
		0.225174,
		-0.968841,
		-0.103164,
		0,
		0.887366,
		0.160201,
		0.43234,
		0,
		0.451141,
		-0.109807,
		0.030055,
		1,
	},
	[0.533333333333] = {
		-0.391875,
		-0.172328,
		0.903735,
		0,
		0.229311,
		-0.969595,
		-0.085454,
		0,
		0.890983,
		0.173749,
		0.419477,
		0,
		0.439685,
		-0.150588,
		-0.017331,
		1,
	},
	[0.55] = {
		-0.416957,
		0.028414,
		0.908482,
		0,
		0.187376,
		-0.975355,
		0.116503,
		0,
		0.889403,
		0.218805,
		0.401357,
		0,
		0.426546,
		-0.200259,
		-0.077304,
		1,
	},
	[0.566666666667] = {
		-0.433772,
		0.411669,
		0.80148,
		0,
		0.07168,
		-0.870937,
		0.486139,
		0,
		0.898167,
		0.268324,
		0.34828,
		0,
		0.412605,
		-0.252682,
		-0.145306,
		1,
	},
	[0.583333333333] = {
		-0.392729,
		0.700889,
		0.595415,
		0,
		-0.035535,
		-0.658515,
		0.751728,
		0,
		0.918968,
		0.274068,
		0.283524,
		0,
		0.39781,
		-0.290725,
		-0.207773,
		1,
	},
	[0.5] = {
		-0.424006,
		-0.193066,
		0.884842,
		0,
		0.222197,
		-0.969329,
		-0.105026,
		0,
		0.877979,
		0.152077,
		0.4539,
		0,
		0.459208,
		-0.071807,
		0.070334,
		1,
	},
	[0.616666666667] = {
		-0.343572,
		0.878423,
		0.33216,
		0,
		-0.036341,
		-0.365862,
		0.92996,
		0,
		0.938423,
		0.307437,
		0.157623,
		0,
		0.362246,
		-0.304976,
		-0.293982,
		1,
	},
	[0.633333333333] = {
		-0.346049,
		0.891304,
		0.292963,
		0,
		-0.024997,
		-0.320903,
		0.946782,
		0,
		0.937884,
		0.32031,
		0.133328,
		0,
		0.350219,
		-0.301984,
		-0.312511,
		1,
	},
	[0.65] = {
		-0.348931,
		0.901951,
		0.254425,
		0,
		-0.013782,
		-0.276398,
		0.960945,
		0,
		0.937048,
		0.331796,
		0.108875,
		0,
		0.337301,
		-0.29591,
		-0.331151,
		1,
	},
	[0.666666666667] = {
		-0.35148,
		0.910738,
		0.216838,
		0,
		-0.00321,
		-0.232787,
		0.972523,
		0,
		0.93619,
		0.341126,
		0.084743,
		0,
		0.324006,
		-0.287611,
		-0.349376,
		1,
	},
	[0.683333333333] = {
		-0.353306,
		0.917875,
		0.180777,
		0,
		0.00638,
		-0.190871,
		0.981595,
		0,
		0.935486,
		0.347956,
		0.06158,
		0,
		0.310852,
		-0.277894,
		-0.366703,
		1,
	},
	[0.6] = {
		-0.358385,
		0.830138,
		0.427119,
		0,
		-0.052874,
		-0.474824,
		0.878491,
		0,
		0.932076,
		0.292255,
		0.214063,
		0,
		0.379071,
		-0.304421,
		-0.2601,
		1,
	},
	[0.716666666667] = {
		-0.354648,
		0.927726,
		0.116399,
		0,
		0.021801,
		-0.116252,
		0.992981,
		0,
		0.934746,
		0.354696,
		0.021003,
		0,
		0.287043,
		-0.257392,
		-0.396738,
		1,
	},
	[0.733333333333] = {
		-0.354658,
		0.930647,
		0.090081,
		0,
		0.027381,
		-0.085965,
		0.995922,
		0,
		0.934595,
		0.355678,
		0.005006,
		0,
		0.277442,
		-0.248176,
		-0.408472,
		1,
	},
	[0.75] = {
		-0.354797,
		0.932376,
		0.069244,
		0,
		0.031414,
		-0.062132,
		0.997574,
		0,
		0.934416,
		0.356111,
		-0.007245,
		0,
		0.270086,
		-0.240679,
		-0.417358,
		1,
	},
	[0.766666666667] = {
		-0.355507,
		0.933043,
		0.055185,
		0,
		0.033807,
		-0.046168,
		0.998362,
		0,
		0.934062,
		0.35679,
		-0.01513,
		0,
		0.265517,
		-0.235657,
		-0.422895,
		1,
	},
	[0.783333333333] = {
		-0.357043,
		0.932789,
		0.049243,
		0,
		0.034467,
		-0.039526,
		0.998624,
		0,
		0.933452,
		0.358248,
		-0.018038,
		0,
		0.264284,
		-0.233858,
		-0.424577,
		1,
	},
	[0.7] = {
		-0.354312,
		0.923503,
		0.14699,
		0,
		0.014765,
		-0.151642,
		0.988325,
		0,
		0.935011,
		0.352345,
		0.040093,
		0,
		0.298356,
		-0.267557,
		-0.382653,
		1,
	},
	[0.816666666667] = {
		-0.360936,
		0.931442,
		0.046275,
		0,
		0.034001,
		-0.036444,
		0.998757,
		0,
		0.931971,
		0.362061,
		-0.018517,
		0,
		0.267659,
		-0.233161,
		-0.423764,
		1,
	},
	[0.833333333333] = {
		-0.36286,
		0.930768,
		0.044757,
		0,
		0.03378,
		-0.034861,
		0.998822,
		0,
		0.931231,
		0.363944,
		-0.018791,
		0,
		0.270812,
		-0.232237,
		-0.423382,
		1,
	},
	[0.85] = {
		-0.364743,
		0.930103,
		0.043244,
		0,
		0.033567,
		-0.033279,
		0.998883,
		0,
		0.930503,
		0.365787,
		-0.019083,
		0,
		0.274819,
		-0.230961,
		-0.423023,
		1,
	},
	[0.866666666667] = {
		-0.366565,
		0.929455,
		0.041757,
		0,
		0.033365,
		-0.03172,
		0.99894,
		0,
		0.929794,
		0.367569,
		-0.019384,
		0,
		0.27959,
		-0.229361,
		-0.42269,
		1,
	},
	[0.883333333333] = {
		-0.368306,
		0.92883,
		0.040316,
		0,
		0.033176,
		-0.030206,
		0.998993,
		0,
		0.929113,
		0.369272,
		-0.01969,
		0,
		0.285034,
		-0.227463,
		-0.422389,
		1,
	},
	[0.8] = {
		-0.35899,
		0.932118,
		0.047777,
		0,
		0.034231,
		-0.038006,
		0.998691,
		0,
		0.932714,
		0.360156,
		-0.018264,
		0,
		0.265452,
		-0.233709,
		-0.424164,
		1,
	},
	[0.916666666667] = {
		-0.371467,
		0.927682,
		0.037651,
		0,
		0.032839,
		-0.027399,
		0.999085,
		0,
		0.927866,
		0.372363,
		-0.020287,
		0,
		0.297586,
		-0.222889,
		-0.421901,
		1,
	},
	[0.933333333333] = {
		-0.372848,
		0.927175,
		0.036469,
		0,
		0.032695,
		-0.026151,
		0.999124,
		0,
		0.927317,
		0.373713,
		-0.020564,
		0,
		0.304515,
		-0.220275,
		-0.42172,
		1,
	},
	[0.95] = {
		-0.37407,
		0.926724,
		0.035413,
		0,
		0.03257,
		-0.025034,
		0.999156,
		0,
		0.926829,
		0.374908,
		-0.020818,
		0,
		0.311762,
		-0.217486,
		-0.421587,
		1,
	},
	[0.966666666667] = {
		-0.375114,
		0.926336,
		0.034504,
		0,
		0.032463,
		-0.024072,
		0.999183,
		0,
		0.92641,
		0.375927,
		-0.021042,
		0,
		0.319241,
		-0.214558,
		-0.421504,
		1,
	},
	[0.983333333333] = {
		-0.37596,
		0.926021,
		0.033762,
		0,
		0.032378,
		-0.023285,
		0.999205,
		0,
		0.926071,
		0.376753,
		-0.021228,
		0,
		0.326863,
		-0.211525,
		-0.421474,
		1,
	},
	[0.9] = {
		-0.369946,
		0.928237,
		0.03894,
		0,
		0.033,
		-0.028758,
		0.999042,
		0,
		0.928467,
		0.370877,
		-0.019993,
		0,
		0.291063,
		-0.225295,
		-0.422125,
		1,
	},
	[1.01666666667] = {
		-0.376979,
		0.925639,
		0.03286,
		0,
		0.032277,
		-0.022327,
		0.99923,
		0,
		0.925659,
		0.377749,
		-0.02146,
		0,
		0.342197,
		-0.205296,
		-0.421581,
		1,
	},
	[1.03333333333] = {
		-0.377114,
		0.925588,
		0.032739,
		0,
		0.032263,
		-0.022199,
		0.999233,
		0,
		0.925605,
		0.377881,
		-0.021491,
		0,
		0.349736,
		-0.202176,
		-0.421721,
		1,
	},
	[1.05] = {
		-0.377114,
		0.925588,
		0.032739,
		0,
		0.032263,
		-0.022199,
		0.999233,
		0,
		0.925605,
		0.377881,
		-0.021491,
		0,
		0.357115,
		-0.199105,
		-0.42189,
		1,
	},
	[1.06666666667] = {
		-0.377114,
		0.925588,
		0.032739,
		0,
		0.032263,
		-0.022199,
		0.999233,
		0,
		0.925605,
		0.377881,
		-0.021491,
		0,
		0.364287,
		-0.196121,
		-0.422054,
		1,
	},
	[1.08333333333] = {
		-0.377114,
		0.925588,
		0.032739,
		0,
		0.032263,
		-0.022199,
		0.999233,
		0,
		0.925605,
		0.377881,
		-0.021491,
		0,
		0.371168,
		-0.193257,
		-0.422211,
		1,
	},
	{
		-0.376588,
		0.925785,
		0.033208,
		0,
		0.032315,
		-0.022697,
		0.99922,
		0,
		0.925817,
		0.377367,
		-0.02137,
		0,
		0.334544,
		-0.208425,
		-0.421499,
		1,
	},
	[1.11666666667] = {
		-0.377114,
		0.925588,
		0.032739,
		0,
		0.032263,
		-0.022199,
		0.999233,
		0,
		0.925605,
		0.377881,
		-0.021491,
		0,
		0.383731,
		-0.188029,
		-0.422498,
		1,
	},
	[1.13333333333] = {
		-0.377114,
		0.925588,
		0.032739,
		0,
		0.032263,
		-0.022199,
		0.999233,
		0,
		0.925605,
		0.377881,
		-0.021491,
		0,
		0.389246,
		-0.185734,
		-0.422624,
		1,
	},
	[1.15] = {
		-0.377114,
		0.925588,
		0.032739,
		0,
		0.032263,
		-0.022199,
		0.999233,
		0,
		0.925605,
		0.377881,
		-0.021491,
		0,
		0.394139,
		-0.183697,
		-0.422736,
		1,
	},
	[1.16666666667] = {
		-0.377114,
		0.925588,
		0.032739,
		0,
		0.032263,
		-0.022199,
		0.999233,
		0,
		0.925605,
		0.377881,
		-0.021491,
		0,
		0.398329,
		-0.181954,
		-0.422832,
		1,
	},
	[1.18333333333] = {
		-0.377114,
		0.925588,
		0.032739,
		0,
		0.032263,
		-0.022199,
		0.999233,
		0,
		0.925605,
		0.377881,
		-0.021491,
		0,
		0.401732,
		-0.180538,
		-0.42291,
		1,
	},
	[1.1] = {
		-0.377114,
		0.925588,
		0.032739,
		0,
		0.032263,
		-0.022199,
		0.999233,
		0,
		0.925605,
		0.377881,
		-0.021491,
		0,
		0.377677,
		-0.190548,
		-0.42236,
		1,
	},
	[1.21666666667] = {
		-0.377114,
		0.925588,
		0.032739,
		0,
		0.032263,
		-0.022199,
		0.999233,
		0,
		0.925605,
		0.377881,
		-0.021491,
		0,
		0.405846,
		-0.178826,
		-0.423004,
		1,
	},
	[1.23333333333] = {
		-0.377114,
		0.925588,
		0.032739,
		0,
		0.032263,
		-0.022199,
		0.999233,
		0,
		0.925605,
		0.377881,
		-0.021491,
		0,
		0.406391,
		-0.178599,
		-0.423016,
		1,
	},
	[1.2] = {
		-0.377114,
		0.925588,
		0.032739,
		0,
		0.032263,
		-0.022199,
		0.999233,
		0,
		0.925605,
		0.377881,
		-0.021491,
		0,
		0.404265,
		-0.179483,
		-0.422968,
		1,
	},
}

return spline_matrices
