local spline_matrices = {
	[0] = {
		0.996284,
		0.007187,
		-0.085825,
		0,
		0.08584,
		-0.001865,
		0.996307,
		0,
		0.007,
		-0.999972,
		-0.002475,
		0,
		0.090428,
		0.144829,
		-0.158798,
		1
	},
	{
		0.652695,
		-0.08509,
		0.752827,
		0,
		0.619278,
		0.632348,
		-0.465437,
		0,
		-0.436444,
		0.769997,
		0.465425,
		0,
		-0.146823,
		-0.28691,
		-0.166298,
		1
	},
	[0.0166666666667] = {
		0.994411,
		0.007018,
		-0.105345,
		0,
		0.105356,
		-0.001108,
		0.994434,
		0,
		0.006862,
		-0.999975,
		-0.001841,
		0,
		0.090455,
		0.151086,
		-0.153227,
		1
	},
	[0.0333333333333] = {
		0.988056,
		0.00672,
		-0.153951,
		0,
		0.153916,
		0.005415,
		0.988069,
		0,
		0.007473,
		-0.999963,
		0.004316,
		0,
		0.090499,
		0.168162,
		-0.13852,
		1
	},
	[0.05] = {
		0.976247,
		0.006625,
		-0.216561,
		0,
		0.216347,
		0.024072,
		0.97602,
		0,
		0.011679,
		-0.999688,
		0.022067,
		0,
		0.090518,
		0.193509,
		-0.117674,
		1
	},
	[0.0666666666667] = {
		0.960474,
		0.007022,
		-0.27828,
		0,
		0.277351,
		0.061238,
		0.958815,
		0,
		0.023774,
		-0.998098,
		0.05687,
		0,
		0.090469,
		0.224584,
		-0.093688,
		1
	},
	[0.0833333333333] = {
		0.945688,
		0.008087,
		-0.324975,
		0,
		0.321569,
		0.123171,
		0.938841,
		0,
		0.04762,
		-0.992352,
		0.113881,
		0,
		0.090302,
		0.258865,
		-0.069577,
		1
	},
	[0.116666666667] = {
		0.944104,
		0.017041,
		-0.329207,
		0,
		0.30079,
		0.364089,
		0.881456,
		0,
		0.134881,
		-0.931208,
		0.338612,
		0,
		0.088253,
		0.334013,
		-0.033122,
		1
	},
	[0.133333333333] = {
		0.95494,
		0.031065,
		-0.295167,
		0,
		0.226956,
		0.564436,
		0.793664,
		0,
		0.191258,
		-0.824892,
		0.531952,
		0,
		0.084144,
		0.382222,
		-0.026825,
		1
	},
	[0.15] = {
		0.966054,
		0.046945,
		-0.254038,
		0,
		0.12803,
		0.767096,
		0.628628,
		0,
		0.224382,
		-0.639813,
		0.735046,
		0,
		0.077585,
		0.433638,
		-0.031596,
		1
	},
	[0.166666666667] = {
		0.973838,
		0.059807,
		-0.219234,
		0,
		0.030713,
		0.921255,
		0.387745,
		0,
		0.22516,
		-0.384334,
		0.895316,
		0,
		0.068499,
		0.483365,
		-0.046047,
		1
	},
	[0.183333333333] = {
		0.976702,
		0.064853,
		-0.204565,
		0,
		-0.043751,
		0.993398,
		0.106047,
		0,
		0.210092,
		-0.094627,
		0.973092,
		0,
		0.056771,
		0.526475,
		-0.067944,
		1
	},
	[0.1] = {
		0.939142,
		0.009849,
		-0.343389,
		0,
		0.333342,
		0.215503,
		0.917846,
		0,
		0.083041,
		-0.976454,
		0.199104,
		0,
		0.089944,
		0.293855,
		-0.048383,
		1
	},
	[0.216666666667] = {
		0.976106,
		0.061811,
		-0.208316,
		0,
		-0.170878,
		0.81056,
		-0.560173,
		0,
		0.134227,
		0.582385,
		0.801755,
		0,
		0.008888,
		0.579712,
		-0.124938,
		1
	},
	[0.233333333333] = {
		0.974563,
		0.055399,
		-0.217158,
		0,
		-0.210915,
		0.554332,
		-0.805128,
		0,
		0.075774,
		0.83045,
		0.551916,
		0,
		-0.015037,
		0.597974,
		-0.15545,
		1
	},
	[0.25] = {
		0.967895,
		0.038128,
		-0.248447,
		0,
		-0.248861,
		0.284268,
		-0.925883,
		0,
		0.035324,
		0.957986,
		0.284631,
		0,
		-0.02811,
		0.613207,
		-0.209478,
		1
	},
	[0.266666666667] = {
		0.958534,
		0.01247,
		-0.284707,
		0,
		-0.284975,
		0.036445,
		-0.957842,
		0,
		-0.001568,
		0.999258,
		0.038487,
		0,
		-0.035863,
		0.619069,
		-0.263871,
		1
	},
	[0.283333333333] = {
		0.955862,
		-0.015632,
		-0.293399,
		0,
		-0.291147,
		-0.184675,
		-0.938685,
		0,
		-0.03951,
		0.982675,
		-0.181075,
		0,
		-0.042035,
		0.57671,
		-0.284207,
		1
	},
	[0.2] = {
		0.976644,
		0.064246,
		-0.205035,
		0,
		-0.110242,
		0.968904,
		-0.221522,
		0,
		0.184427,
		0.238952,
		0.953357,
		0,
		0.036438,
		0.557869,
		-0.094998,
		1
	},
	[0.316666666667] = {
		0.905575,
		-0.058958,
		-0.420069,
		0,
		-0.409662,
		-0.378478,
		-0.830019,
		0,
		-0.11005,
		0.923731,
		-0.366893,
		0,
		-0.066864,
		0.44784,
		-0.269347,
		1
	},
	[0.333333333333] = {
		0.797549,
		-0.085851,
		-0.597114,
		0,
		-0.579218,
		-0.385596,
		-0.718207,
		0,
		-0.168586,
		0.918665,
		-0.357258,
		0,
		-0.089026,
		0.384476,
		-0.249859,
		1
	},
	[0.35] = {
		0.571757,
		-0.164124,
		-0.803839,
		0,
		-0.792677,
		-0.363164,
		-0.489668,
		0,
		-0.21156,
		0.917156,
		-0.337739,
		0,
		-0.125871,
		0.313677,
		-0.255586,
		1
	},
	[0.366666666667] = {
		0.392365,
		-0.220403,
		-0.893013,
		0,
		-0.889,
		-0.340042,
		-0.306677,
		0,
		-0.23607,
		0.914218,
		-0.329359,
		0,
		-0.151306,
		0.226094,
		-0.261275,
		1
	},
	[0.383333333333] = {
		0.46435,
		-0.188756,
		-0.865304,
		0,
		-0.856714,
		-0.343445,
		-0.384821,
		0,
		-0.224547,
		0.920009,
		-0.321189,
		0,
		-0.15205,
		0.090583,
		-0.211682,
		1
	},
	[0.3] = {
		0.950478,
		-0.042646,
		-0.307852,
		0,
		-0.30421,
		-0.330438,
		-0.893458,
		0,
		-0.063624,
		0.942864,
		-0.327048,
		0,
		-0.050585,
		0.505392,
		-0.288808,
		1
	},
	[0.416666666667] = {
		0.563055,
		0.04165,
		-0.825369,
		0,
		-0.769687,
		-0.337229,
		-0.542086,
		0,
		-0.300916,
		0.940501,
		-0.157821,
		0,
		-0.149005,
		-0.070363,
		-0.119805,
		1
	},
	[0.433333333333] = {
		0.550703,
		0.206884,
		-0.808656,
		0,
		-0.75699,
		-0.284414,
		-0.588282,
		0,
		-0.351699,
		0.936113,
		-1.8e-05,
		0,
		-0.144754,
		-0.087406,
		-0.105328,
		1
	},
	[0.45] = {
		0.550393,
		0.283885,
		-0.78516,
		0,
		-0.769981,
		-0.190997,
		-0.60881,
		0,
		-0.322796,
		0.939643,
		0.113463,
		0,
		-0.142293,
		-0.117332,
		-0.091889,
		1
	},
	[0.466666666667] = {
		0.833157,
		0.287971,
		-0.472147,
		0,
		-0.494929,
		0.007306,
		-0.868903,
		0,
		-0.246769,
		0.957611,
		0.148612,
		0,
		-0.162217,
		-0.204497,
		-0.074015,
		1
	},
	[0.483333333333] = {
		0.95382,
		0.286097,
		0.091515,
		0,
		0.023055,
		0.234039,
		-0.971954,
		0,
		-0.299492,
		0.929179,
		0.216636,
		0,
		-0.182246,
		-0.274181,
		-0.064148,
		1
	},
	[0.4] = {
		0.549598,
		-0.105514,
		-0.828739,
		0,
		-0.80092,
		-0.348712,
		-0.486752,
		0,
		-0.237632,
		0.931271,
		-0.27616,
		0,
		-0.15152,
		-0.027532,
		-0.145124,
		1
	},
	[0.516666666667] = {
		0.737714,
		0.017394,
		0.674889,
		0,
		0.545929,
		0.572728,
		-0.61151,
		0,
		-0.397164,
		0.819561,
		0.413014,
		0,
		-0.155105,
		-0.288497,
		-0.137551,
		1
	},
	[0.533333333333] = {
		0.652788,
		-0.07461,
		0.753858,
		0,
		0.616962,
		0.629807,
		-0.471913,
		0,
		-0.439575,
		0.77316,
		0.457162,
		0,
		-0.145657,
		-0.289216,
		-0.163303,
		1
	},
	[0.55] = {
		0.652788,
		-0.074672,
		0.753852,
		0,
		0.616966,
		0.629838,
		-0.471866,
		0,
		-0.439569,
		0.773129,
		0.457221,
		0,
		-0.145659,
		-0.289202,
		-0.163325,
		1
	},
	[0.566666666667] = {
		0.652787,
		-0.074779,
		0.753841,
		0,
		0.616979,
		0.629882,
		-0.471789,
		0,
		-0.439551,
		0.773083,
		0.457316,
		0,
		-0.145666,
		-0.289179,
		-0.16336,
		1
	},
	[0.583333333333] = {
		0.652787,
		-0.074928,
		0.753827,
		0,
		0.617001,
		0.629938,
		-0.471686,
		0,
		-0.439522,
		0.773022,
		0.457446,
		0,
		-0.145677,
		-0.289146,
		-0.163408,
		1
	},
	[0.5] = {
		0.881932,
		0.189288,
		0.431701,
		0,
		0.325647,
		0.417486,
		-0.848327,
		0,
		-0.340807,
		0.888749,
		0.306553,
		0,
		-0.172684,
		-0.284431,
		-0.089774,
		1
	},
	[0.616666666667] = {
		0.652785,
		-0.075344,
		0.753787,
		0,
		0.617068,
		0.630083,
		-0.471405,
		0,
		-0.439431,
		0.772864,
		0.457801,
		0,
		-0.14571,
		-0.289056,
		-0.163538,
		1
	},
	[0.633333333333] = {
		0.652784,
		-0.075606,
		0.753762,
		0,
		0.617112,
		0.63017,
		-0.471231,
		0,
		-0.43937,
		0.772768,
		0.458022,
		0,
		-0.145733,
		-0.288999,
		-0.163618,
		1
	},
	[0.65] = {
		0.652782,
		-0.0759,
		0.753734,
		0,
		0.617164,
		0.630264,
		-0.471037,
		0,
		-0.4393,
		0.772662,
		0.458268,
		0,
		-0.145759,
		-0.288935,
		-0.163708,
		1
	},
	[0.666666666667] = {
		0.65278,
		-0.076224,
		0.753703,
		0,
		0.617222,
		0.630366,
		-0.470824,
		0,
		-0.439221,
		0.772547,
		0.458537,
		0,
		-0.145789,
		-0.288864,
		-0.163807,
		1
	},
	[0.683333333333] = {
		0.652778,
		-0.076575,
		0.753669,
		0,
		0.617287,
		0.630474,
		-0.470595,
		0,
		-0.439133,
		0.772424,
		0.458828,
		0,
		-0.145822,
		-0.288787,
		-0.163913,
		1
	},
	[0.6] = {
		0.652786,
		-0.075118,
		0.753809,
		0,
		0.61703,
		0.630006,
		-0.471557,
		0,
		-0.439482,
		0.772949,
		0.457609,
		0,
		-0.145692,
		-0.289105,
		-0.163467,
		1
	},
	[0.716666666667] = {
		0.652773,
		-0.077349,
		0.753594,
		0,
		0.617434,
		0.630703,
		-0.470094,
		0,
		-0.438933,
		0.77216,
		0.459464,
		0,
		-0.145896,
		-0.288618,
		-0.164145,
		1
	},
	[0.733333333333] = {
		0.652771,
		-0.077767,
		0.753553,
		0,
		0.617516,
		0.630823,
		-0.469826,
		0,
		-0.438822,
		0.77202,
		0.459805,
		0,
		-0.145938,
		-0.288526,
		-0.164269,
		1
	},
	[0.75] = {
		0.652768,
		-0.078202,
		0.753511,
		0,
		0.617603,
		0.630945,
		-0.469548,
		0,
		-0.438704,
		0.771876,
		0.460159,
		0,
		-0.145982,
		-0.288431,
		-0.164398,
		1
	},
	[0.766666666667] = {
		0.652764,
		-0.078652,
		0.753467,
		0,
		0.617694,
		0.631068,
		-0.469262,
		0,
		-0.43858,
		0.77173,
		0.460522,
		0,
		-0.146028,
		-0.288332,
		-0.16453,
		1
	},
	[0.783333333333] = {
		0.652761,
		-0.079115,
		0.753422,
		0,
		0.61779,
		0.631191,
		-0.468971,
		0,
		-0.438451,
		0.771582,
		0.460893,
		0,
		-0.146076,
		-0.28823,
		-0.164665,
		1
	},
	[0.7] = {
		0.652776,
		-0.076951,
		0.753633,
		0,
		0.617358,
		0.630587,
		-0.470351,
		0,
		-0.439037,
		0.772295,
		0.459138,
		0,
		-0.145858,
		-0.288705,
		-0.164026,
		1
	},
	[0.816666666667] = {
		0.652753,
		-0.080066,
		0.753328,
		0,
		0.617993,
		0.631433,
		-0.468376,
		0,
		-0.438175,
		0.771286,
		0.46165,
		0,
		-0.146179,
		-0.288021,
		-0.164939,
		1
	},
	[0.833333333333] = {
		0.652749,
		-0.08055,
		0.75328,
		0,
		0.6181,
		0.631551,
		-0.468077,
		0,
		-0.438031,
		0.771139,
		0.462032,
		0,
		-0.146233,
		-0.287914,
		-0.165078,
		1
	},
	[0.85] = {
		0.652745,
		-0.081035,
		0.753231,
		0,
		0.61821,
		0.631664,
		-0.467779,
		0,
		-0.437882,
		0.770995,
		0.462412,
		0,
		-0.146288,
		-0.287807,
		-0.165215,
		1
	},
	[0.866666666667] = {
		0.65274,
		-0.081521,
		0.753183,
		0,
		0.618322,
		0.631772,
		-0.467484,
		0,
		-0.43773,
		0.770855,
		0.462789,
		0,
		-0.146345,
		-0.2877,
		-0.165352,
		1
	},
	[0.883333333333] = {
		0.652735,
		-0.082004,
		0.753135,
		0,
		0.618437,
		0.631875,
		-0.467194,
		0,
		-0.437575,
		0.77072,
		0.463161,
		0,
		-0.146402,
		-0.287594,
		-0.165486,
		1
	},
	[0.8] = {
		0.652757,
		-0.079587,
		0.753375,
		0,
		0.61789,
		0.631313,
		-0.468675,
		0,
		-0.438315,
		0.771433,
		0.46127,
		0,
		-0.146127,
		-0.288126,
		-0.164801,
		1
	},
	[0.916666666667] = {
		0.652725,
		-0.08295,
		0.75304,
		0,
		0.618672,
		0.632059,
		-0.466633,
		0,
		-0.437258,
		0.770468,
		0.46388,
		0,
		-0.146521,
		-0.287384,
		-0.165745,
		1
	},
	[0.933333333333] = {
		0.65272,
		-0.083409,
		0.752994,
		0,
		0.618792,
		0.632138,
		-0.466367,
		0,
		-0.437097,
		0.770354,
		0.464222,
		0,
		-0.146581,
		-0.287283,
		-0.165868,
		1
	},
	[0.95] = {
		0.652714,
		-0.083855,
		0.75295,
		0,
		0.618913,
		0.632207,
		-0.466112,
		0,
		-0.436934,
		0.770248,
		0.464549,
		0,
		-0.146641,
		-0.287184,
		-0.165986,
		1
	},
	[0.966666666667] = {
		0.652708,
		-0.084286,
		0.752907,
		0,
		0.619034,
		0.632266,
		-0.465871,
		0,
		-0.436771,
		0.770153,
		0.464861,
		0,
		-0.146702,
		-0.287088,
		-0.166097,
		1
	},
	[0.983333333333] = {
		0.652702,
		-0.084698,
		0.752866,
		0,
		0.619156,
		0.632313,
		-0.465645,
		0,
		-0.436608,
		0.770069,
		0.465153,
		0,
		-0.146763,
		-0.286997,
		-0.166202,
		1
	},
	[0.9] = {
		0.65273,
		-0.082481,
		0.753087,
		0,
		0.618554,
		0.631971,
		-0.466909,
		0,
		-0.437418,
		0.770591,
		0.463525,
		0,
		-0.146461,
		-0.287488,
		-0.165617,
		1
	},
	[1.01666666667] = {
		0.652689,
		-0.085459,
		0.752791,
		0,
		0.619399,
		0.632369,
		-0.465246,
		0,
		-0.436282,
		0.769939,
		0.465674,
		0,
		-0.146884,
		-0.286828,
		-0.166386,
		1
	},
	[1.03333333333] = {
		0.652682,
		-0.085803,
		0.752757,
		0,
		0.61952,
		0.632375,
		-0.465077,
		0,
		-0.43612,
		0.769896,
		0.465897,
		0,
		-0.146944,
		-0.286751,
		-0.166465,
		1
	},
	[1.05] = {
		0.652675,
		-0.086119,
		0.752727,
		0,
		0.61964,
		0.632366,
		-0.464929,
		0,
		-0.43596,
		0.769868,
		0.466092,
		0,
		-0.147003,
		-0.286681,
		-0.166534,
		1
	},
	[1.06666666667] = {
		0.652668,
		-0.086404,
		0.752701,
		0,
		0.619758,
		0.632341,
		-0.464806,
		0,
		-0.435803,
		0.769857,
		0.466258,
		0,
		-0.147062,
		-0.286617,
		-0.166592,
		1
	},
	[1.08333333333] = {
		0.652661,
		-0.086656,
		0.752678,
		0,
		0.619875,
		0.632298,
		-0.464708,
		0,
		-0.435648,
		0.769863,
		0.466392,
		0,
		-0.14712,
		-0.286561,
		-0.166638,
		1
	},
	[1.1] = {
		0.652653,
		-0.086872,
		0.75266,
		0,
		0.61999,
		0.632237,
		-0.464638,
		0,
		-0.435495,
		0.769889,
		0.466492,
		0,
		-0.147176,
		-0.286512,
		-0.166671,
		1
	}
}

return spline_matrices
