-- chunkname: @content/characters/player/human/first_person/animations/2h_force_sword/attack_left.lua

local spline_matrices = {
	[0.0166666666667] = {
		-0.091641,
		0.015466,
		-0.995672,
		0,
		0.428708,
		0.903085,
		-0.02543,
		0,
		0.898783,
		-0.429183,
		-0.08939,
		0,
		0.420185,
		-0.059494,
		-0.268196,
		1,
	},
	[0.0333333333333] = {
		0.261314,
		0.179811,
		-0.948358,
		0,
		0.271627,
		0.929094,
		0.251004,
		0,
		0.926247,
		-0.32319,
		0.193944,
		0,
		0.408008,
		-0.001004,
		-0.219639,
		1,
	},
	[0.05] = {
		0.535925,
		0.338587,
		-0.773397,
		0,
		-0.029148,
		0.922933,
		0.383855,
		0,
		0.843762,
		-0.183175,
		0.504492,
		0,
		0.391914,
		0.068812,
		-0.171135,
		1,
	},
	[0.0666666666667] = {
		0.626248,
		0.407876,
		-0.664417,
		0,
		-0.235222,
		0.911365,
		0.337765,
		0,
		0.743292,
		-0.055239,
		0.666682,
		0,
		0.375242,
		0.127407,
		-0.12728,
		1,
	},
	[0.0833333333333] = {
		0.431668,
		0.381214,
		-0.81752,
		0,
		-0.266176,
		0.919784,
		0.288354,
		0,
		0.861866,
		0.093131,
		0.498511,
		0,
		0.35415,
		0.160313,
		-0.091847,
		1,
	},
	[0] = {
		-0.307802,
		-0.059722,
		-0.949574,
		0,
		0.429579,
		0.881789,
		-0.194706,
		0,
		0.848952,
		-0.467848,
		-0.245761,
		0,
		0.425006,
		-0.08403,
		-0.312397,
		1,
	},
	[0.116666666667] = {
		0.10478,
		0.297639,
		-0.948911,
		0,
		-0.37916,
		0.89405,
		0.238563,
		0,
		0.919379,
		0.334793,
		0.206531,
		0,
		0.307211,
		0.232322,
		-0.071409,
		1,
	},
	[0.133333333333] = {
		0.083468,
		0.256303,
		-0.962986,
		0,
		-0.443093,
		0.875119,
		0.194511,
		0,
		0.892581,
		0.410457,
		0.18661,
		0,
		0.2879,
		0.276833,
		-0.069876,
		1,
	},
	[0.15] = {
		0.073516,
		0.21712,
		-0.973373,
		0,
		-0.511081,
		0.846311,
		0.150177,
		0,
		0.856383,
		0.486432,
		0.173183,
		0,
		0.263819,
		0.322442,
		-0.068661,
		1,
	},
	[0.166666666667] = {
		0.050953,
		0.185873,
		-0.981252,
		0,
		-0.595308,
		0.794548,
		0.119595,
		0,
		0.801881,
		0.578053,
		0.151137,
		0,
		0.228075,
		0.367675,
		-0.066468,
		1,
	},
	[0.183333333333] = {
		-0.011331,
		0.177831,
		-0.983996,
		0,
		-0.724461,
		0.676819,
		0.130659,
		0,
		0.689222,
		0.714347,
		0.121163,
		0,
		0.152054,
		0.417867,
		-0.062178,
		1,
	},
	[0.1] = {
		0.160126,
		0.336348,
		-0.928025,
		0,
		-0.308246,
		0.910179,
		0.276693,
		0,
		0.937733,
		0.241755,
		0.249421,
		0,
		0.328616,
		0.190466,
		-0.074371,
		1,
	},
	[0.216666666667] = {
		-0.036176,
		0.130483,
		-0.99079,
		0,
		-0.92132,
		0.379701,
		0.083645,
		0,
		0.387118,
		0.915861,
		0.10648,
		0,
		1e-06,
		0.4757,
		-0.052514,
		1,
	},
	[0.233333333333] = {
		0.007764,
		0.08249,
		-0.996562,
		0,
		-0.970735,
		0.239838,
		0.01229,
		0,
		0.240028,
		0.967302,
		0.081938,
		0,
		-0.058065,
		0.484187,
		-0.049587,
		1,
	},
	[0.25] = {
		0.054695,
		0.054314,
		-0.997025,
		0,
		-0.995428,
		0.081271,
		-0.05018,
		0,
		0.078304,
		0.995211,
		0.058511,
		0,
		-0.114497,
		0.485728,
		-0.050988,
		1,
	},
	[0.266666666667] = {
		0.100972,
		0.062902,
		-0.992899,
		0,
		-0.989392,
		-0.098421,
		-0.106851,
		0,
		-0.104443,
		0.993155,
		0.052297,
		0,
		-0.166519,
		0.450062,
		-0.055824,
		1,
	},
	[0.283333333333] = {
		0.139821,
		0.092716,
		-0.985827,
		0,
		-0.948298,
		-0.273947,
		-0.160262,
		0,
		-0.284923,
		0.957265,
		0.049619,
		0,
		-0.210586,
		0.38453,
		-0.059463,
		1,
	},
	[0.2] = {
		-0.055327,
		0.169892,
		-0.983908,
		0,
		-0.84445,
		0.517843,
		0.136901,
		0,
		0.532769,
		0.838436,
		0.114814,
		0,
		0.06422,
		0.457752,
		-0.057015,
		1,
	},
	[0.316666666667] = {
		0.159929,
		0.15194,
		-0.975365,
		0,
		-0.821433,
		-0.527466,
		-0.216856,
		0,
		-0.547421,
		0.835879,
		0.040451,
		0,
		-0.284697,
		0.344477,
		-0.064874,
		1,
	},
	[0.333333333333] = {
		0.162431,
		0.181615,
		-0.969862,
		0,
		-0.768134,
		-0.593681,
		-0.239818,
		0,
		-0.619343,
		0.783938,
		0.043073,
		0,
		-0.317082,
		0.342007,
		-0.07496,
		1,
	},
	[0.35] = {
		0.19542,
		0.215417,
		-0.956769,
		0,
		-0.724146,
		-0.626218,
		-0.2889,
		0,
		-0.66138,
		0.749297,
		0.033618,
		0,
		-0.35022,
		0.32548,
		-0.096326,
		1,
	},
	[0.366666666667] = {
		0.268826,
		0.252469,
		-0.929512,
		0,
		-0.672015,
		-0.642181,
		-0.368781,
		0,
		-0.690021,
		0.723784,
		-0.002972,
		0,
		-0.38321,
		0.285925,
		-0.126184,
		1,
	},
	[0.383333333333] = {
		0.366949,
		0.295892,
		-0.881927,
		0,
		-0.592166,
		-0.656862,
		-0.466768,
		0,
		-0.717417,
		0.693527,
		-0.065818,
		0,
		-0.421596,
		0.225558,
		-0.170484,
		1,
	},
	[0.3] = {
		0.158079,
		0.125036,
		-0.979478,
		0,
		-0.885164,
		-0.421664,
		-0.196686,
		0,
		-0.437603,
		0.89809,
		0.044021,
		0,
		-0.2505,
		0.34684,
		-0.062484,
		1,
	},
	[0.416666666667] = {
		0.647278,
		0.416533,
		-0.638382,
		0,
		-0.238161,
		-0.685052,
		-0.688464,
		0,
		-0.724093,
		0.597665,
		-0.344217,
		0,
		-0.532996,
		-0.008174,
		-0.341688,
		1,
	},
	[0.433333333333] = {
		0.644187,
		0.409186,
		-0.646212,
		0,
		-0.23763,
		-0.69599,
		-0.677592,
		0,
		-0.727018,
		0.590055,
		-0.351113,
		0,
		-0.537791,
		-0.027806,
		-0.364779,
		1,
	},
	[0.45] = {
		0.635247,
		0.388843,
		-0.66728,
		0,
		-0.254727,
		-0.710168,
		-0.656335,
		0,
		-0.729092,
		0.586909,
		-0.352083,
		0,
		-0.541548,
		-0.042969,
		-0.384573,
		1,
	},
	[0.466666666667] = {
		0.620632,
		0.35891,
		-0.697136,
		0,
		-0.283885,
		-0.725918,
		-0.62646,
		0,
		-0.730907,
		0.586708,
		-0.348639,
		0,
		-0.544401,
		-0.054222,
		-0.40122,
		1,
	},
	[0.483333333333] = {
		0.600819,
		0.322874,
		-0.731279,
		0,
		-0.319525,
		-0.741544,
		-0.589929,
		0,
		-0.732748,
		0.588103,
		-0.342367,
		0,
		-0.546484,
		-0.062119,
		-0.41487,
		1,
	},
	[0.4] = {
		0.543338,
		0.368664,
		-0.754235,
		0,
		-0.401283,
		-0.675087,
		-0.619055,
		0,
		-0.737398,
		0.639018,
		-0.218862,
		0,
		-0.486748,
		0.096688,
		-0.263221,
		1,
	},
	[0.516666666667] = {
		0.55218,
		0.247443,
		-0.796159,
		0,
		-0.390388,
		-0.767048,
		-0.509151,
		0,
		-0.736678,
		0.591954,
		-0.32695,
		0,
		-0.548859,
		-0.070085,
		-0.433788,
		1,
	},
	[0.533333333333] = {
		0.529276,
		0.216001,
		-0.820494,
		0,
		-0.417817,
		-0.77531,
		-0.473627,
		0,
		-0.738441,
		0.593496,
		-0.320105,
		0,
		-0.549409,
		-0.071269,
		-0.439363,
		1,
	},
	[0.55] = {
		0.51251,
		0.194211,
		-0.83643,
		0,
		-0.436199,
		-0.78016,
		-0.44842,
		0,
		-0.739637,
		0.59467,
		-0.315125,
		0,
		-0.549706,
		-0.071331,
		-0.442554,
		1,
	},
	[0.566666666667] = {
		0.506007,
		0.186167,
		-0.842199,
		0,
		-0.443284,
		-0.781479,
		-0.439077,
		0,
		-0.739903,
		0.59551,
		-0.312909,
		0,
		-0.54988,
		-0.07083,
		-0.443518,
		1,
	},
	[0.583333333333] = {
		0.505912,
		0.18632,
		-0.842222,
		0,
		-0.443895,
		-0.780947,
		-0.439407,
		0,
		-0.739601,
		0.59616,
		-0.312384,
		0,
		-0.550038,
		-0.070227,
		-0.443419,
		1,
	},
	[0.5] = {
		0.577177,
		0.284419,
		-0.765488,
		0,
		-0.356486,
		-0.755599,
		-0.549535,
		0,
		-0.7347,
		0.590064,
		-0.334723,
		0,
		-0.547926,
		-0.067221,
		-0.425675,
		1,
	},
	[0.616666666667] = {
		0.505743,
		0.186516,
		-0.84228,
		0,
		-0.445183,
		-0.779877,
		-0.440005,
		0,
		-0.738943,
		0.597498,
		-0.311384,
		0,
		-0.550356,
		-0.069009,
		-0.443215,
		1,
	},
	[0.633333333333] = {
		0.505674,
		0.186555,
		-0.842313,
		0,
		-0.445844,
		-0.779351,
		-0.440268,
		0,
		-0.738591,
		0.598172,
		-0.310923,
		0,
		-0.550511,
		-0.068406,
		-0.443116,
		1,
	},
	[0.65] = {
		0.50562,
		0.186553,
		-0.842346,
		0,
		-0.446506,
		-0.778838,
		-0.440504,
		0,
		-0.738228,
		0.59884,
		-0.310499,
		0,
		-0.55066,
		-0.067817,
		-0.443021,
		1,
	},
	[0.666666666667] = {
		0.505582,
		0.186507,
		-0.842378,
		0,
		-0.447162,
		-0.778345,
		-0.44071,
		0,
		-0.737857,
		0.599495,
		-0.310118,
		0,
		-0.5508,
		-0.067248,
		-0.442934,
		1,
	},
	[0.683333333333] = {
		0.505565,
		0.186417,
		-0.842409,
		0,
		-0.447804,
		-0.777878,
		-0.440883,
		0,
		-0.737479,
		0.600129,
		-0.30979,
		0,
		-0.550928,
		-0.066705,
		-0.442857,
		1,
	},
	[0.6] = {
		0.505824,
		0.186437,
		-0.842249,
		0,
		-0.444531,
		-0.780411,
		-0.439717,
		0,
		-0.73928,
		0.596825,
		-0.311873,
		0,
		-0.550197,
		-0.069618,
		-0.443317,
		1,
	},
	[0.716666666667] = {
		0.505605,
		0.186093,
		-0.842457,
		0,
		-0.449017,
		-0.777042,
		-0.441123,
		0,
		-0.736714,
		0.601311,
		-0.309318,
		0,
		-0.551139,
		-0.065724,
		-0.442741,
		1,
	},
	[0.733333333333] = {
		0.505668,
		0.185856,
		-0.842471,
		0,
		-0.449572,
		-0.776686,
		-0.441185,
		0,
		-0.736333,
		0.601844,
		-0.309189,
		0,
		-0.551216,
		-0.065299,
		-0.442709,
		1,
	},
	[0.75] = {
		0.505763,
		0.185567,
		-0.842478,
		0,
		-0.450083,
		-0.776379,
		-0.441204,
		0,
		-0.735955,
		0.602329,
		-0.309143,
		0,
		-0.55127,
		-0.064927,
		-0.442695,
		1,
	},
	[0.766666666667] = {
		0.505881,
		0.185221,
		-0.842483,
		0,
		-0.450587,
		-0.776096,
		-0.441187,
		0,
		-0.735565,
		0.6028,
		-0.309155,
		0,
		-0.551313,
		-0.064579,
		-0.442693,
		1,
	},
	[0.783333333333] = {
		0.506012,
		0.184818,
		-0.842493,
		0,
		-0.451124,
		-0.77581,
		-0.441141,
		0,
		-0.735145,
		0.603292,
		-0.309194,
		0,
		-0.551356,
		-0.064223,
		-0.442691,
		1,
	},
	[0.7] = {
		0.505572,
		0.186279,
		-0.842435,
		0,
		-0.448425,
		-0.777441,
		-0.441022,
		0,
		-0.737097,
		0.600737,
		-0.30952,
		0,
		-0.551042,
		-0.066195,
		-0.442792,
		1,
	},
	[0.816666666667] = {
		0.506307,
		0.183861,
		-0.842525,
		0,
		-0.452286,
		-0.775229,
		-0.440972,
		0,
		-0.734228,
		0.60433,
		-0.309346,
		0,
		-0.551444,
		-0.063492,
		-0.442687,
		1,
	},
	[0.833333333333] = {
		0.506468,
		0.183316,
		-0.842547,
		0,
		-0.452903,
		-0.774937,
		-0.440853,
		0,
		-0.733736,
		0.60487,
		-0.309456,
		0,
		-0.551488,
		-0.06312,
		-0.442686,
		1,
	},
	[0.85] = {
		0.506637,
		0.182733,
		-0.842572,
		0,
		-0.45354,
		-0.774644,
		-0.440714,
		0,
		-0.733226,
		0.605422,
		-0.309587,
		0,
		-0.551532,
		-0.062746,
		-0.442684,
		1,
	},
	[0.866666666667] = {
		0.506813,
		0.182116,
		-0.8426,
		0,
		-0.454192,
		-0.774351,
		-0.440556,
		0,
		-0.732701,
		0.605982,
		-0.309735,
		0,
		-0.551575,
		-0.06237,
		-0.442683,
		1,
	},
	[0.883333333333] = {
		0.506993,
		0.18147,
		-0.84263,
		0,
		-0.454858,
		-0.774059,
		-0.440382,
		0,
		-0.732162,
		0.606548,
		-0.3099,
		0,
		-0.551618,
		-0.061994,
		-0.442683,
		1,
	},
	[0.8] = {
		0.506155,
		0.184363,
		-0.842507,
		0,
		-0.451692,
		-0.775521,
		-0.441069,
		0,
		-0.734698,
		0.603803,
		-0.309258,
		0,
		-0.5514,
		-0.06386,
		-0.442689,
		1,
	},
	[0.916666666667] = {
		0.507367,
		0.18011,
		-0.842698,
		0,
		-0.456214,
		-0.773483,
		-0.439992,
		0,
		-0.731059,
		0.607688,
		-0.310271,
		0,
		-0.551702,
		-0.061247,
		-0.442683,
		1,
	},
	[0.933333333333] = {
		0.507558,
		0.179404,
		-0.842733,
		0,
		-0.456898,
		-0.7732,
		-0.43978,
		0,
		-0.7305,
		0.608257,
		-0.310474,
		0,
		-0.551742,
		-0.060879,
		-0.442683,
		1,
	},
	[0.95] = {
		0.507749,
		0.178688,
		-0.84277,
		0,
		-0.457581,
		-0.772921,
		-0.43956,
		0,
		-0.729939,
		0.608822,
		-0.310686,
		0,
		-0.551781,
		-0.060516,
		-0.442684,
		1,
	},
	[0.966666666667] = {
		0.50794,
		0.177966,
		-0.842808,
		0,
		-0.45826,
		-0.772648,
		-0.439333,
		0,
		-0.72938,
		0.60938,
		-0.310904,
		0,
		-0.551819,
		-0.060159,
		-0.442685,
		1,
	},
	[0.9] = {
		0.507179,
		0.1808,
		-0.842663,
		0,
		-0.455533,
		-0.77377,
		-0.440193,
		0,
		-0.731614,
		0.607117,
		-0.310079,
		0,
		-0.55166,
		-0.061619,
		-0.442682,
		1,
	},
}

return spline_matrices
