-- chunkname: @content/characters/player/human/first_person/animations/2h_force_sword/attack_left_diagonal_up.lua

local spline_matrices = {
	[0.0166666666667] = {
		-0.429067,
		0.039704,
		-0.9024,
		0,
		-0.128176,
		0.986248,
		0.104337,
		0,
		0.894132,
		0.160433,
		-0.418077,
		0,
		0.157814,
		0.276589,
		-0.452384,
		1,
	},
	[0.0333333333333] = {
		-0.428618,
		0.039658,
		-0.902615,
		0,
		-0.126254,
		0.986605,
		0.103302,
		0,
		0.894621,
		0.158236,
		-0.41787,
		0,
		0.158549,
		0.275823,
		-0.452594,
		1,
	},
	[0.05] = {
		-0.419105,
		0.055652,
		-0.90623,
		0,
		-0.098182,
		0.989489,
		0.106172,
		0,
		0.902613,
		0.133473,
		-0.409236,
		0,
		0.193123,
		0.21807,
		-0.45061,
		1,
	},
	[0.0666666666667] = {
		-0.393395,
		0.09893,
		-0.914031,
		0,
		-0.026385,
		0.992569,
		0.118787,
		0,
		0.918991,
		0.070847,
		-0.387861,
		0,
		0.271709,
		0.091656,
		-0.444051,
		1,
	},
	[0.0833333333333] = {
		-0.353858,
		0.162065,
		-0.921151,
		0,
		0.076804,
		0.986582,
		0.144072,
		0,
		0.93214,
		-0.019767,
		-0.361558,
		0,
		0.360038,
		-0.035827,
		-0.433168,
		1,
	},
	[0] = {
		-0.429225,
		0.03972,
		-0.902324,
		0,
		-0.128862,
		0.986119,
		0.104707,
		0,
		0.893958,
		0.161218,
		-0.418148,
		0,
		0.157552,
		0.276862,
		-0.452308,
		1,
	},
	[0.116666666667] = {
		-0.24729,
		0.317256,
		-0.915531,
		0,
		0.319495,
		0.918731,
		0.232068,
		0,
		0.914752,
		-0.23512,
		-0.328554,
		0,
		0.461344,
		-0.075675,
		-0.402492,
		1,
	},
	[0.133333333333] = {
		-0.190241,
		0.394386,
		-0.899037,
		0,
		0.430812,
		0.856415,
		0.284526,
		0,
		0.882162,
		-0.333187,
		-0.332831,
		0,
		0.486111,
		-0.021018,
		-0.3841,
		1,
	},
	[0.15] = {
		-0.138152,
		0.462391,
		-0.875847,
		0,
		0.522082,
		0.785483,
		0.332334,
		0,
		0.841632,
		-0.411351,
		-0.349923,
		0,
		0.501115,
		0.04554,
		-0.364052,
		1,
	},
	[0.166666666667] = {
		-0.095915,
		0.515974,
		-0.851218,
		0,
		0.588977,
		0.718811,
		0.369348,
		0,
		0.802438,
		-0.465921,
		-0.372841,
		0,
		0.507593,
		0.101737,
		-0.34237,
		1,
	},
	[0.183333333333] = {
		-0.067301,
		0.550774,
		-0.831937,
		0,
		0.630296,
		0.669844,
		0.392473,
		0,
		0.773432,
		-0.497953,
		-0.392232,
		0,
		0.501218,
		0.133517,
		-0.319085,
		1,
	},
	[0.1] = {
		-0.303661,
		0.237397,
		-0.922731,
		0,
		0.197109,
		0.963163,
		0.182933,
		0,
		0.932169,
		-0.126329,
		-0.339268,
		0,
		0.425067,
		-0.096209,
		-0.418947,
		1,
	},
	[0.216666666667] = {
		-0.076524,
		0.534283,
		-0.841835,
		0,
		0.602769,
		0.697345,
		0.387788,
		0,
		0.794238,
		-0.477757,
		-0.375412,
		0,
		0.44603,
		0.205072,
		-0.270716,
		1,
	},
	[0.233333333333] = {
		-0.135621,
		0.465002,
		-0.87486,
		0,
		0.480069,
		0.803277,
		0.352534,
		0,
		0.866684,
		-0.372182,
		-0.332174,
		0,
		0.402547,
		0.249187,
		-0.246371,
		1,
	},
	[0.25] = {
		-0.216353,
		0.377341,
		-0.900447,
		0,
		0.29177,
		0.905133,
		0.3092,
		0,
		0.931698,
		-0.195827,
		-0.305925,
		0,
		0.351698,
		0.297516,
		-0.222326,
		1,
	},
	[0.266666666667] = {
		-0.296586,
		0.298083,
		-0.907294,
		0,
		0.079674,
		0.954451,
		0.287532,
		0,
		0.951677,
		0.01299,
		-0.306826,
		0,
		0.29593,
		0.351368,
		-0.198891,
		1,
	},
	[0.283333333333] = {
		-0.382193,
		0.240159,
		-0.89233,
		0,
		-0.159874,
		0.933893,
		0.31982,
		0,
		0.910148,
		0.264893,
		-0.318532,
		0,
		0.238268,
		0.426672,
		-0.176494,
		1,
	},
	[0.2] = {
		-0.055407,
		0.562754,
		-0.824766,
		0,
		0.645319,
		0.650508,
		0.400503,
		0,
		0.761901,
		-0.510046,
		-0.399198,
		0,
		0.479643,
		0.163743,
		-0.294992,
		1,
	},
	[0.316666666667] = {
		-0.548717,
		0.133554,
		-0.825271,
		0,
		-0.673078,
		0.514934,
		0.530857,
		0,
		0.495858,
		0.846762,
		-0.192661,
		0,
		0.071593,
		0.5437,
		-0.106984,
		1,
	},
	[0.333333333333] = {
		-0.593823,
		0.081111,
		-0.800497,
		0,
		-0.788704,
		0.138081,
		0.599066,
		0,
		0.159125,
		0.987094,
		-0.018024,
		0,
		-0.058467,
		0.559742,
		-0.044733,
		1,
	},
	[0.35] = {
		-0.596643,
		0.023595,
		-0.80216,
		0,
		-0.795522,
		-0.148983,
		0.587323,
		0,
		-0.10565,
		0.988558,
		0.10766,
		0,
		-0.156759,
		0.525841,
		0.010325,
		1,
	},
	[0.366666666667] = {
		-0.585514,
		-0.009256,
		-0.810609,
		0,
		-0.746395,
		-0.384037,
		0.543517,
		0,
		-0.316335,
		0.923271,
		0.21795,
		0,
		-0.24061,
		0.451557,
		0.054765,
		1,
	},
	[0.383333333333] = {
		-0.5481,
		0.002346,
		-0.83641,
		0,
		-0.655881,
		-0.621763,
		0.428055,
		0,
		-0.519044,
		0.783202,
		0.342327,
		0,
		-0.325347,
		0.349935,
		0.08427,
		1,
	},
	[0.3] = {
		-0.468077,
		0.187274,
		-0.863616,
		0,
		-0.428702,
		0.806458,
		0.407234,
		0,
		0.772734,
		0.560851,
		-0.2972,
		0,
		0.179898,
		0.499356,
		-0.154502,
		1,
	},
	[0.416666666667] = {
		-0.427715,
		0.07035,
		-0.901172,
		0,
		-0.561991,
		-0.801551,
		0.204159,
		0,
		-0.707973,
		0.593773,
		0.382372,
		0,
		-0.498497,
		0.122682,
		0.118566,
		1,
	},
	[0.433333333333] = {
		-0.381452,
		0.100869,
		-0.918869,
		0,
		-0.537332,
		-0.833037,
		0.131617,
		0,
		-0.752176,
		0.543944,
		0.371964,
		0,
		-0.56971,
		0.048565,
		0.122443,
		1,
	},
	[0.45] = {
		-0.36309,
		0.11802,
		-0.92425,
		0,
		-0.507331,
		-0.857053,
		0.089865,
		0,
		-0.781525,
		0.501529,
		0.371062,
		0,
		-0.619586,
		0.006777,
		0.117452,
		1,
	},
	[0.466666666667] = {
		-0.360799,
		0.123759,
		-0.924396,
		0,
		-0.478064,
		-0.875582,
		0.069368,
		0,
		-0.800799,
		0.466948,
		0.375074,
		0,
		-0.639784,
		-0.028777,
		0.112444,
		1,
	},
	[0.483333333333] = {
		-0.381331,
		0.070545,
		-0.921743,
		0,
		-0.433226,
		-0.894452,
		0.110773,
		0,
		-0.81664,
		0.441564,
		0.371644,
		0,
		-0.638225,
		-0.066935,
		0.111458,
		1,
	},
	[0.4] = {
		-0.49001,
		0.03315,
		-0.871086,
		0,
		-0.578658,
		-0.759726,
		0.296599,
		0,
		-0.651955,
		0.649398,
		0.391456,
		0,
		-0.415356,
		0.22983,
		0.106493,
		1,
	},
	[0.516666666667] = {
		-0.475051,
		-0.197982,
		-0.857397,
		0,
		-0.251978,
		-0.902953,
		0.348113,
		0,
		-0.84311,
		0.381416,
		0.379062,
		0,
		-0.617623,
		-0.153858,
		0.098994,
		1,
	},
	[0.533333333333] = {
		-0.529982,
		-0.329077,
		-0.781554,
		0,
		-0.114799,
		-0.885309,
		0.45061,
		0,
		-0.840203,
		0.328536,
		0.43142,
		0,
		-0.601051,
		-0.204169,
		0.088888,
		1,
	},
	[0.55] = {
		-0.556566,
		-0.413004,
		-0.720876,
		0,
		-0.017182,
		-0.861778,
		0.506995,
		0,
		-0.830626,
		0.294562,
		0.47254,
		0,
		-0.581932,
		-0.250266,
		0.068962,
		1,
	},
	[0.566666666667] = {
		-0.557302,
		-0.462332,
		-0.689684,
		0,
		0.015166,
		-0.836164,
		0.54827,
		0,
		-0.830171,
		0.295093,
		0.473007,
		0,
		-0.561794,
		-0.284511,
		0.03518,
		1,
	},
	[0.583333333333] = {
		-0.55546,
		-0.46822,
		-0.687193,
		0,
		-0.005307,
		-0.824394,
		0.565991,
		0,
		-0.831526,
		0.318032,
		0.455433,
		0,
		-0.541769,
		-0.308636,
		-0.007344,
		1,
	},
	[0.5] = {
		-0.422516,
		-0.048849,
		-0.905038,
		0,
		-0.362239,
		-0.906227,
		0.218024,
		0,
		-0.830821,
		0.419959,
		0.3652,
		0,
		-0.630042,
		-0.108307,
		0.107421,
		1,
	},
	[0.616666666667] = {
		-0.542782,
		-0.369585,
		-0.754184,
		0,
		-0.104513,
		-0.861272,
		0.497281,
		0,
		-0.833345,
		0.348738,
		0.428856,
		0,
		-0.506534,
		-0.3335,
		-0.098217,
		1,
	},
	[0.633333333333] = {
		-0.522961,
		-0.302575,
		-0.796844,
		0,
		-0.137491,
		-0.892683,
		0.429201,
		0,
		-0.841195,
		0.334014,
		0.425236,
		0,
		-0.493555,
		-0.337724,
		-0.136364,
		1,
	},
	[0.65] = {
		-0.502261,
		-0.252288,
		-0.827094,
		0,
		-0.150885,
		-0.916249,
		0.371109,
		0,
		-0.85145,
		0.31119,
		0.42213,
		0,
		-0.485159,
		-0.338769,
		-0.16288,
		1,
	},
	[0.666666666667] = {
		-0.492993,
		-0.233057,
		-0.838238,
		0,
		-0.154323,
		-0.924754,
		0.347872,
		0,
		-0.856237,
		0.300858,
		0.419931,
		0,
		-0.482474,
		-0.338308,
		-0.172693,
		1,
	},
	[0.683333333333] = {
		-0.493297,
		-0.232976,
		-0.838081,
		0,
		-0.155979,
		-0.924159,
		0.348714,
		0,
		-0.855762,
		0.302742,
		0.419546,
		0,
		-0.483043,
		-0.337626,
		-0.172437,
		1,
	},
	[0.6] = {
		-0.553147,
		-0.432355,
		-0.712108,
		0,
		-0.054274,
		-0.834267,
		0.548683,
		0,
		-0.831314,
		0.342151,
		0.438006,
		0,
		-0.522977,
		-0.324384,
		-0.053511,
		1,
	},
	[0.716666666667] = {
		-0.493974,
		-0.233021,
		-0.83767,
		0,
		-0.15956,
		-0.922763,
		0.350784,
		0,
		-0.854711,
		0.306937,
		0.41864,
		0,
		-0.484276,
		-0.336188,
		-0.171787,
		1,
	},
	[0.733333333333] = {
		-0.494336,
		-0.233131,
		-0.837426,
		0,
		-0.161446,
		-0.921982,
		0.351973,
		0,
		-0.854147,
		0.309192,
		0.418131,
		0,
		-0.484925,
		-0.335445,
		-0.171406,
		1,
	},
	[0.75] = {
		-0.494708,
		-0.233291,
		-0.837161,
		0,
		-0.163368,
		-0.921159,
		0.353239,
		0,
		-0.853566,
		0.311516,
		0.417593,
		0,
		-0.485587,
		-0.334695,
		-0.170999,
		1,
	},
	[0.766666666667] = {
		-0.495087,
		-0.233492,
		-0.836882,
		0,
		-0.165309,
		-0.920304,
		0.354561,
		0,
		-0.852973,
		0.313882,
		0.417032,
		0,
		-0.486255,
		-0.333942,
		-0.170571,
		1,
	},
	[0.783333333333] = {
		-0.495466,
		-0.233727,
		-0.836592,
		0,
		-0.167247,
		-0.919429,
		0.35592,
		0,
		-0.852374,
		0.316264,
		0.416456,
		0,
		-0.486922,
		-0.333196,
		-0.17013,
		1,
	},
	[0.7] = {
		-0.493626,
		-0.232966,
		-0.83789,
		0,
		-0.157731,
		-0.923492,
		0.349691,
		0,
		-0.855251,
		0.304778,
		0.419114,
		0,
		-0.483646,
		-0.336917,
		-0.172133,
		1,
	},
	[0.816666666667] = {
		-0.496211,
		-0.23427,
		-0.835998,
		0,
		-0.171038,
		-0.91766,
		0.358674,
		0,
		-0.851188,
		0.320965,
		0.415284,
		0,
		-0.488223,
		-0.331744,
		-0.169235,
		1,
	},
	[0.833333333333] = {
		-0.496568,
		-0.234563,
		-0.835703,
		0,
		-0.172852,
		-0.916788,
		0.360029,
		0,
		-0.850613,
		0.323232,
		0.414704,
		0,
		-0.488844,
		-0.331054,
		-0.168794,
		1,
	},
	[0.85] = {
		-0.49691,
		-0.234862,
		-0.835416,
		0,
		-0.174586,
		-0.915942,
		0.361345,
		0,
		-0.850059,
		0.325408,
		0.414138,
		0,
		-0.489437,
		-0.330395,
		-0.168366,
		1,
	},
	[0.866666666667] = {
		-0.497233,
		-0.235159,
		-0.835141,
		0,
		-0.176219,
		-0.915132,
		0.362602,
		0,
		-0.849533,
		0.327465,
		0.413594,
		0,
		-0.489994,
		-0.329775,
		-0.167957,
		1,
	},
	[0.883333333333] = {
		-0.497532,
		-0.235447,
		-0.834881,
		0,
		-0.177734,
		-0.914371,
		0.363781,
		0,
		-0.849042,
		0.329379,
		0.413082,
		0,
		-0.490511,
		-0.329202,
		-0.167574,
		1,
	},
	[0.8] = {
		-0.495842,
		-0.233988,
		-0.836295,
		0,
		-0.169163,
		-0.918543,
		0.357298,
		0,
		-0.851777,
		0.318634,
		0.41587,
		0,
		-0.48758,
		-0.332461,
		-0.169682,
		1,
	},
	[0.916666666667] = {
		-0.498044,
		-0.235968,
		-0.834429,
		0,
		-0.180326,
		-0.913044,
		0.365831,
		0,
		-0.848195,
		0.33267,
		0.412185,
		0,
		-0.491393,
		-0.328223,
		-0.166908,
		1,
	},
	[0.933333333333] = {
		-0.49825,
		-0.236188,
		-0.834244,
		0,
		-0.181366,
		-0.912504,
		0.366665,
		0,
		-0.847852,
		0.333994,
		0.411818,
		0,
		-0.491747,
		-0.327831,
		-0.166638,
		1,
	},
	[0.95] = {
		-0.498416,
		-0.236371,
		-0.834092,
		0,
		-0.182208,
		-0.912062,
		0.367346,
		0,
		-0.847574,
		0.33507,
		0.411518,
		0,
		-0.492033,
		-0.327514,
		-0.166417,
		1,
	},
	[0.966666666667] = {
		-0.49854,
		-0.23651,
		-0.833979,
		0,
		-0.182834,
		-0.911731,
		0.367856,
		0,
		-0.847366,
		0.335871,
		0.411293,
		0,
		-0.492245,
		-0.327279,
		-0.166251,
		1,
	},
	[0.983333333333] = {
		-0.498618,
		-0.236599,
		-0.833907,
		0,
		-0.183224,
		-0.911524,
		0.368176,
		0,
		-0.847236,
		0.336371,
		0.411151,
		0,
		-0.492377,
		-0.327133,
		-0.166147,
		1,
	},
	[0.9] = {
		-0.497804,
		-0.235719,
		-0.834643,
		0,
		-0.179109,
		-0.913671,
		0.364864,
		0,
		-0.848594,
		0.331123,
		0.412609,
		0,
		-0.490979,
		-0.328682,
		-0.167222,
		1,
	},
	{
		-0.498644,
		-0.23663,
		-0.833883,
		0,
		-0.183358,
		-0.911452,
		0.368286,
		0,
		-0.847192,
		0.336543,
		0.411102,
		0,
		-0.492423,
		-0.327082,
		-0.166111,
		1,
	},
}

return spline_matrices
