-- chunkname: @content/characters/player/human/first_person/animations/2h_force_sword/attack_right_diagonal_down.lua

local spline_matrices = {
	[0.0166666666667] = {
		0.099708,
		-0.125423,
		0.98708,
		0,
		-0.959054,
		-0.276407,
		0.061756,
		0,
		0.26509,
		-0.952821,
		-0.147847,
		0,
		-0.198308,
		0.028,
		-0.153153,
		1,
	},
	[0.0333333333333] = {
		0.140047,
		-0.173138,
		0.97489,
		0,
		-0.978492,
		-0.174814,
		0.109518,
		0,
		0.151463,
		-0.969259,
		-0.193896,
		0,
		-0.194771,
		0.042718,
		-0.138402,
		1,
	},
	[0.05] = {
		0.18971,
		-0.229353,
		0.954677,
		0,
		-0.981605,
		-0.06558,
		0.179306,
		0,
		0.021483,
		-0.971132,
		-0.237575,
		0,
		-0.189237,
		0.065278,
		-0.132436,
		1,
	},
	[0.0666666666667] = {
		0.235786,
		-0.275383,
		0.931971,
		0,
		-0.962941,
		0.063029,
		0.262246,
		0,
		-0.130959,
		-0.959266,
		-0.250316,
		0,
		-0.182,
		0.094063,
		-0.127618,
		1,
	},
	[0.0833333333333] = {
		0.268562,
		-0.293158,
		0.917569,
		0,
		-0.914112,
		0.222829,
		0.338743,
		0,
		-0.303766,
		-0.929734,
		-0.208135,
		0,
		-0.173392,
		0.127552,
		-0.116257,
		1,
	},
	[0] = {
		0.083109,
		-0.105278,
		0.990964,
		0,
		-0.923441,
		-0.381966,
		0.036866,
		0,
		0.374634,
		-0.91816,
		-0.128963,
		0,
		-0.199556,
		0.022752,
		-0.18432,
		1,
	},
	[0.116666666667] = {
		0.304168,
		-0.289643,
		0.907518,
		0,
		-0.66705,
		0.615361,
		0.419971,
		0,
		-0.680092,
		-0.733102,
		-0.006034,
		0,
		-0.150051,
		0.216305,
		-0.066291,
		1,
	},
	[0.133333333333] = {
		0.314419,
		-0.289094,
		0.904193,
		0,
		-0.457875,
		0.788191,
		0.411225,
		0,
		-0.831559,
		-0.543305,
		0.115453,
		0,
		-0.136233,
		0.269175,
		-0.044419,
		1,
	},
	[0.15] = {
		0.320349,
		-0.288932,
		0.902161,
		0,
		-0.211254,
		0.906578,
		0.36536,
		0,
		-0.923444,
		-0.307628,
		0.229383,
		0,
		-0.122357,
		0.32332,
		-0.032069,
		1,
	},
	[0.166666666667] = {
		0.322351,
		-0.288576,
		0.901562,
		0,
		0.044296,
		0.955956,
		0.290149,
		0,
		-0.945583,
		-0.053594,
		0.320936,
		0,
		-0.109311,
		0.375737,
		-0.025025,
		1,
	},
	[0.183333333333] = {
		0.296803,
		-0.214654,
		0.930501,
		0,
		0.305391,
		0.944573,
		0.120489,
		0,
		-0.90479,
		0.248405,
		0.345906,
		0,
		-0.098307,
		0.432246,
		-0.020524,
		1,
	},
	[0.1] = {
		0.289115,
		-0.291071,
		0.911971,
		0,
		-0.820257,
		0.415834,
		0.39276,
		0,
		-0.493549,
		-0.861603,
		-0.118529,
		0,
		-0.162803,
		0.167969,
		-0.093503,
		1,
	},
	[0.216666666667] = {
		0.411785,
		-0.091632,
		0.906662,
		0,
		0.737162,
		0.61842,
		-0.272301,
		0,
		-0.535747,
		0.780487,
		0.322204,
		0,
		-0.000444,
		0.512937,
		-0.044505,
		1,
	},
	[0.233333333333] = {
		0.423695,
		-0.053305,
		0.904235,
		0,
		0.856297,
		0.349082,
		-0.380654,
		0,
		-0.295361,
		0.935575,
		0.193549,
		0,
		0.067988,
		0.527258,
		-0.08499,
		1,
	},
	[0.25] = {
		0.431296,
		-0.023663,
		0.9019,
		0,
		0.896935,
		0.119195,
		-0.425794,
		0,
		-0.097426,
		0.992589,
		0.072632,
		0,
		0.138391,
		0.520317,
		-0.112671,
		1,
	},
	[0.266666666667] = {
		0.448877,
		-0.013139,
		0.893497,
		0,
		0.889306,
		-0.09126,
		-0.448114,
		0,
		0.087428,
		0.99574,
		-0.02928,
		0,
		0.201307,
		0.496127,
		-0.137436,
		1,
	},
	[0.283333333333] = {
		0.615455,
		-0.088174,
		0.783224,
		0,
		0.732617,
		-0.302472,
		-0.60974,
		0,
		0.290666,
		0.949071,
		-0.121561,
		0,
		0.242187,
		0.443705,
		-0.162475,
		1,
	},
	[0.2] = {
		0.386397,
		-0.140281,
		0.911602,
		0,
		0.540275,
		0.835473,
		-0.100438,
		0,
		-0.74753,
		0.531324,
		0.398615,
		0,
		-0.063289,
		0.482368,
		-0.019341,
		1,
	},
	[0.316666666667] = {
		0.465564,
		-0.020388,
		0.88478,
		0,
		0.745151,
		-0.53036,
		-0.404313,
		0,
		0.477495,
		0.847528,
		-0.231724,
		0,
		0.307066,
		0.338556,
		-0.195151,
		1,
	},
	[0.333333333333] = {
		0.313819,
		0.084835,
		0.945685,
		0,
		0.818814,
		-0.528419,
		-0.224314,
		0,
		0.480688,
		0.844734,
		-0.235292,
		0,
		0.332474,
		0.280667,
		-0.199314,
		1,
	},
	[0.35] = {
		0.067723,
		0.254225,
		0.964771,
		0,
		0.852166,
		-0.517637,
		0.076583,
		0,
		0.51887,
		0.816959,
		-0.251697,
		0,
		0.316352,
		0.245604,
		-0.184703,
		1,
	},
	[0.366666666667] = {
		-0.139842,
		0.370657,
		0.918182,
		0,
		0.80191,
		-0.501567,
		0.324609,
		0,
		0.580848,
		0.781693,
		-0.227093,
		0,
		0.300677,
		0.200674,
		-0.159912,
		1,
	},
	[0.383333333333] = {
		-0.27105,
		0.392182,
		0.879048,
		0,
		0.749848,
		-0.486578,
		0.448296,
		0,
		0.603539,
		0.780663,
		-0.162189,
		0,
		0.30958,
		0.121557,
		-0.134676,
		1,
	},
	[0.3] = {
		0.573986,
		-0.093699,
		0.813487,
		0,
		0.667094,
		-0.52263,
		-0.53089,
		0,
		0.474896,
		0.847395,
		-0.237476,
		0,
		0.275142,
		0.3828,
		-0.185454,
		1,
	},
	[0.416666666667] = {
		-0.404235,
		0.400034,
		0.822537,
		0,
		0.693624,
		-0.45213,
		0.560771,
		0,
		0.596221,
		0.797215,
		-0.094706,
		0,
		0.334672,
		-0.045222,
		-0.098576,
		1,
	},
	[0.433333333333] = {
		-0.400164,
		0.387949,
		0.83028,
		0,
		0.69677,
		-0.45971,
		0.550616,
		0,
		0.595299,
		0.798851,
		-0.086352,
		0,
		0.336139,
		-0.103697,
		-0.100003,
		1,
	},
	[0.45] = {
		-0.386508,
		0.353907,
		0.851681,
		0,
		0.705377,
		-0.481499,
		0.520194,
		0,
		0.594185,
		0.801816,
		-0.063534,
		0,
		0.337374,
		-0.15824,
		-0.101722,
		1,
	},
	[0.466666666667] = {
		-0.362043,
		0.300858,
		0.882275,
		0,
		0.717662,
		-0.514062,
		0.469789,
		0,
		0.594884,
		0.803259,
		-0.029802,
		0,
		0.338209,
		-0.210054,
		-0.104203,
		1,
	},
	[0.483333333333] = {
		-0.325426,
		0.231835,
		0.916706,
		0,
		0.73087,
		-0.553438,
		0.399419,
		0,
		0.599939,
		0.799975,
		0.010662,
		0,
		0.338483,
		-0.260343,
		-0.107922,
		1,
	},
	[0.4] = {
		-0.366863,
		0.399327,
		0.840208,
		0,
		0.709449,
		-0.464121,
		0.530353,
		0,
		0.601742,
		0.790652,
		-0.113034,
		0,
		0.3254,
		0.031135,
		-0.109334,
		1,
	},
	[0.516666666667] = {
		-0.215233,
		0.060255,
		0.974702,
		0,
		0.745207,
		-0.634925,
		0.203806,
		0,
		0.631143,
		0.77022,
		0.091754,
		0,
		0.336732,
		-0.361173,
		-0.120977,
		1,
	},
	[0.533333333333] = {
		-0.14523,
		-0.033794,
		0.988821,
		0,
		0.738779,
		-0.668482,
		0.08566,
		0,
		0.658114,
		0.74296,
		0.12205,
		0,
		0.334408,
		-0.414136,
		-0.13126,
		1,
	},
	[0.55] = {
		-0.070056,
		-0.127124,
		0.98941,
		0,
		0.720029,
		-0.692901,
		-0.038045,
		0,
		0.690399,
		0.709738,
		0.140075,
		0,
		0.330924,
		-0.470419,
		-0.144674,
		1,
	},
	[0.566666666667] = {
		0.005805,
		-0.215106,
		0.976574,
		0,
		0.68924,
		-0.7067,
		-0.159759,
		0,
		0.724509,
		0.674021,
		0.144157,
		0,
		0.326136,
		-0.531243,
		-0.16168,
		1,
	},
	[0.583333333333] = {
		0.135785,
		-0.348146,
		0.927554,
		0,
		0.621292,
		-0.69934,
		-0.35344,
		0,
		0.771725,
		0.624274,
		0.12134,
		0,
		0.247072,
		-0.631954,
		-0.227037,
		1,
	},
	[0.5] = {
		-0.276165,
		0.150296,
		0.949286,
		0,
		0.741386,
		-0.595226,
		0.309922,
		0,
		0.61162,
		0.789378,
		0.052954,
		0,
		0.338041,
		-0.310313,
		-0.113355,
		1,
	},
	[0.616666666667] = {
		0.355222,
		-0.586616,
		0.727804,
		0,
		0.355746,
		-0.635162,
		-0.685576,
		0,
		0.864443,
		0.502445,
		-0.016937,
		0,
		0.030391,
		-0.811488,
		-0.399178,
		1,
	},
	[0.633333333333] = {
		0.380527,
		-0.606166,
		0.6984,
		0,
		0.295099,
		-0.636138,
		-0.712913,
		0,
		0.876422,
		0.47738,
		-0.063189,
		0,
		0.030782,
		-0.808363,
		-0.419594,
		1,
	},
	[0.65] = {
		0.401407,
		-0.62309,
		0.671291,
		0,
		0.235034,
		-0.638311,
		-0.73302,
		0,
		0.88523,
		0.452015,
		-0.109776,
		0,
		0.032223,
		-0.798636,
		-0.43834,
		1,
	},
	[0.666666666667] = {
		0.418749,
		-0.637645,
		0.646574,
		0,
		0.176202,
		-0.641422,
		-0.74668,
		0,
		0.890843,
		0.426599,
		-0.156241,
		0,
		0.034575,
		-0.783028,
		-0.455567,
		1,
	},
	[0.683333333333] = {
		0.433332,
		-0.650067,
		0.624209,
		0,
		0.1191,
		-0.645235,
		-0.754644,
		0,
		0.89333,
		0.401354,
		-0.202178,
		0,
		0.0377,
		-0.762259,
		-0.471421,
		1,
	},
	[0.6] = {
		0.282839,
		-0.503944,
		0.816114,
		0,
		0.479823,
		-0.662403,
		-0.575319,
		0,
		0.830525,
		0.554313,
		0.054451,
		0,
		0.105939,
		-0.752685,
		-0.332443,
		1,
	},
	[0.716666666667] = {
		0.456823,
		-0.669361,
		0.585891,
		0,
		0.011465,
		-0.654147,
		-0.75628,
		0,
		0.889484,
		0.352204,
		-0.291156,
		0,
		0.045722,
		-0.708123,
		-0.499557,
		1,
	},
	[0.733333333333] = {
		0.466808,
		-0.676622,
		0.56945,
		0,
		-0.038614,
		-0.658894,
		-0.751244,
		0,
		0.883515,
		0.328698,
		-0.333704,
		0,
		0.050342,
		-0.676198,
		-0.512094,
		1,
	},
	[0.75] = {
		0.476205,
		-0.682531,
		0.554418,
		0,
		-0.086021,
		-0.663632,
		-0.743097,
		0,
		0.875117,
		0.306175,
		-0.374737,
		0,
		0.055182,
		-0.641995,
		-0.523764,
		1,
	},
	[0.766666666667] = {
		0.485375,
		-0.687257,
		0.540453,
		0,
		-0.130689,
		-0.668236,
		-0.73238,
		0,
		0.864483,
		0.284848,
		-0.414162,
		0,
		0.0601,
		-0.606236,
		-0.534676,
		1,
	},
	[0.783333333333] = {
		0.494622,
		-0.690959,
		0.527185,
		0,
		-0.172599,
		-0.672594,
		-0.719602,
		0,
		0.851798,
		0.26494,
		-0.451938,
		0,
		0.064949,
		-0.56964,
		-0.544929,
		1,
	},
	[0.7] = {
		0.44583,
		-0.660572,
		0.604054,
		0,
		0.064098,
		-0.649539,
		-0.757621,
		0,
		0.89282,
		0.376489,
		-0.247243,
		0,
		0.041462,
		-0.73705,
		-0.486041,
		1,
	},
	[0.816666666667] = {
		0.514328,
		-0.695912,
		0.501172,
		0,
		-0.248228,
		-0.680182,
		-0.689735,
		0,
		0.820883,
		0.230346,
		-0.522582,
		0,
		0.073842,
		-0.496815,
		-0.563825,
		1,
	},
	[0.833333333333] = {
		0.525172,
		-0.697461,
		0.487589,
		0,
		-0.282068,
		-0.683239,
		-0.673515,
		0,
		0.80289,
		0.216178,
		-0.555549,
		0,
		0.077578,
		-0.462024,
		-0.572638,
		1,
	},
	[0.85] = {
		0.536859,
		-0.698586,
		0.473032,
		0,
		-0.313384,
		-0.68569,
		-0.656977,
		0,
		0.783309,
		0.204464,
		-0.587045,
		0,
		0.080627,
		-0.429272,
		-0.581135,
		1,
	},
	[0.866666666667] = {
		0.549471,
		-0.699431,
		0.457031,
		0,
		-0.342307,
		-0.687443,
		-0.640507,
		0,
		0.762173,
		0.195495,
		-0.61715,
		0,
		0.082827,
		-0.399275,
		-0.589397,
		1,
	},
	[0.883333333333] = {
		0.563031,
		-0.7001,
		0.439154,
		0,
		-0.369004,
		-0.688437,
		-0.624412,
		0,
		0.739481,
		0.189514,
		-0.645951,
		0,
		0.084009,
		-0.372801,
		-0.597471,
		1,
	},
	[0.8] = {
		0.504202,
		-0.693794,
		0.514228,
		0,
		-0.211763,
		-0.676605,
		-0.705239,
		0,
		0.83722,
		0.246688,
		-0.488066,
		0,
		0.06958,
		-0.532926,
		-0.554617,
		1,
	},
	[0.916666666667] = {
		0.596756,
		-0.697382,
		0.396913,
		0,
		-0.415609,
		-0.691751,
		-0.590551,
		0,
		0.686404,
		0.187454,
		-0.702645,
		0,
		0.081463,
		-0.331282,
		-0.612819,
		1,
	},
	[0.933333333333] = {
		0.623671,
		-0.686896,
		0.373107,
		0,
		-0.433411,
		-0.701088,
		-0.566242,
		0,
		0.65053,
		0.19144,
		-0.734957,
		0,
		0.075524,
		-0.312849,
		-0.619276,
		1,
	},
	[0.95] = {
		0.656482,
		-0.670072,
		0.34646,
		0,
		-0.446406,
		-0.715326,
		-0.537616,
		0,
		0.608073,
		0.198273,
		-0.768723,
		0,
		0.066715,
		-0.295376,
		-0.624844,
		1,
	},
	[0.966666666667] = {
		0.693247,
		-0.64769,
		0.31608,
		0,
		-0.454053,
		-0.7331,
		-0.50636,
		0,
		0.559683,
		0.207515,
		-0.802305,
		0,
		0.055566,
		-0.278918,
		-0.629584,
		1,
	},
	[0.983333333333] = {
		0.731908,
		-0.620555,
		0.281465,
		0,
		-0.456114,
		-0.753048,
		-0.474213,
		0,
		0.506232,
		0.2187,
		-0.834206,
		0,
		0.042607,
		-0.263529,
		-0.633561,
		1,
	},
	[0.9] = {
		0.5775,
		-0.700691,
		0.418959,
		0,
		-0.393686,
		-0.688592,
		-0.608977,
		0,
		0.715196,
		0.186745,
		-0.673514,
		0,
		0.084001,
		-0.350625,
		-0.605412,
		1,
	},
	[1.01666666667] = {
		0.806873,
		-0.555749,
		0.200248,
		0,
		-0.444519,
		-0.794475,
		-0.413779,
		0,
		0.389049,
		0.244852,
		-0.888081,
		0,
		0.013371,
		-0.236205,
		-0.639486,
		1,
	},
	[1.03333333333] = {
		0.83972,
		-0.52029,
		0.155462,
		0,
		-0.432402,
		-0.813856,
		-0.388159,
		0,
		0.328479,
		0.258723,
		-0.908385,
		0,
		-0.001849,
		-0.224396,
		-0.641566,
		1,
	},
	[1.05] = {
		0.867844,
		-0.484516,
		0.109957,
		0,
		-0.417643,
		-0.831299,
		-0.366763,
		0,
		0.26911,
		0.27237,
		-0.923793,
		0,
		-0.016764,
		-0.213911,
		-0.643149,
		1,
	},
	[1.06666666667] = {
		0.890663,
		-0.449887,
		0.065736,
		0,
		-0.401659,
		-0.846309,
		-0.349901,
		0,
		0.213049,
		0.285241,
		-0.934477,
		0,
		-0.030848,
		-0.204819,
		-0.644304,
		1,
	},
	[1.08333333333] = {
		0.908122,
		-0.417961,
		0.024967,
		0,
		-0.385896,
		-0.85861,
		-0.337452,
		0,
		0.162479,
		0.296813,
		-0.941012,
		0,
		-0.043571,
		-0.197188,
		-0.645098,
		1,
	},
	{
		0.770413,
		-0.589565,
		0.242647,
		0,
		-0.452744,
		-0.773888,
		-0.442855,
		0,
		0.448873,
		0.231324,
		-0.863135,
		0,
		0.028365,
		-0.249271,
		-0.63684,
		1,
	},
	[1.11666666667] = {
		0.928778,
		-0.36873,
		-0.037556,
		0,
		-0.360403,
		-0.874833,
		-0.323692,
		0,
		0.0865,
		0.314173,
		-0.945417,
		0,
		-0.062824,
		-0.186601,
		-0.645888,
		1,
	},
	[1.13333333333] = {
		0.933342,
		-0.354704,
		-0.055291,
		0,
		-0.353006,
		-0.87884,
		-0.320979,
		0,
		0.06526,
		0.319101,
		-0.945471,
		0,
		-0.068296,
		-0.183789,
		-0.646023,
		1,
	},
	[1.15] = {
		0.93477,
		-0.349867,
		-0.061632,
		0,
		-0.35052,
		-0.880097,
		-0.320258,
		0,
		0.057806,
		0.32097,
		-0.945323,
		0,
		-0.070292,
		-0.182726,
		-0.646078,
		1,
	},
	[1.1] = {
		0.920606,
		-0.39036,
		-0.010161,
		0,
		-0.371731,
		-0.868109,
		-0.328944,
		0,
		0.119586,
		0.306604,
		-0.944295,
		0,
		-0.054406,
		-0.191092,
		-0.645603,
		1,
	},
}

return spline_matrices
