-- chunkname: @content/characters/player/human/first_person/animations/2h_force_sword/attack_right_down.lua

local spline_matrices = {
	[0.0166666666667] = {
		-0.758038,
		0.327188,
		0.564204,
		0,
		0.651271,
		0.333311,
		0.681726,
		0,
		0.034997,
		0.884224,
		-0.46575,
		0,
		0.071577,
		0.079552,
		-0.675332,
		1,
	},
	[0.0333333333333] = {
		-0.798921,
		0.24725,
		0.548263,
		0,
		0.601423,
		0.334506,
		0.725532,
		0,
		-0.00401,
		0.909381,
		-0.415945,
		0,
		0.075,
		0.080362,
		-0.687968,
		1,
	},
	[0.05] = {
		-0.727476,
		0.17273,
		0.664036,
		0,
		0.685703,
		0.217316,
		0.694684,
		0,
		-0.024313,
		0.960697,
		-0.276534,
		0,
		-0.058692,
		-0.078917,
		-0.60284,
		1,
	},
	[0.0666666666667] = {
		-0.390268,
		0.287084,
		0.874799,
		0,
		0.920171,
		0.153861,
		0.360017,
		0,
		-0.031243,
		0.945468,
		-0.324213,
		0,
		-0.203877,
		-0.230065,
		-0.467751,
		1,
	},
	[0.0833333333333] = {
		0.039896,
		0.889104,
		0.455963,
		0,
		0.94588,
		0.113474,
		-0.304031,
		0,
		-0.322056,
		0.443416,
		-0.836458,
		0,
		-0.1978,
		-0.170666,
		-0.367631,
		1,
	},
	[0] = {
		-0.712085,
		0.408619,
		0.570933,
		0,
		0.698696,
		0.332531,
		0.633441,
		0,
		0.068983,
		0.849972,
		-0.522291,
		0,
		0.066168,
		0.07827,
		-0.65536,
		1,
	},
	[0.116666666667] = {
		-0.74619,
		0.366252,
		-0.555932,
		0,
		0.639963,
		0.16453,
		-0.750584,
		0,
		-0.183435,
		-0.915854,
		-0.357158,
		0,
		-0.1674,
		-0.003997,
		-0.1879,
		1,
	},
	[0.133333333333] = {
		-0.652031,
		0.42029,
		-0.63104,
		0,
		0.678418,
		-0.048208,
		-0.733092,
		0,
		-0.338533,
		-0.906108,
		-0.253699,
		0,
		-0.180695,
		0.101115,
		-0.133323,
		1,
	},
	[0.15] = {
		-0.5748,
		0.472737,
		-0.667926,
		0,
		0.647075,
		-0.237055,
		-0.724637,
		0,
		-0.500898,
		-0.848719,
		-0.169637,
		0,
		-0.186078,
		0.208505,
		-0.098548,
		1,
	},
	[0.166666666667] = {
		-0.53462,
		0.520096,
		-0.666094,
		0,
		0.553481,
		-0.380137,
		-0.74105,
		0,
		-0.638625,
		-0.76485,
		-0.084635,
		0,
		-0.194091,
		0.243579,
		-0.078901,
		1,
	},
	[0.183333333333] = {
		-0.56975,
		0.579814,
		-0.58241,
		0,
		0.355532,
		-0.465035,
		-0.810765,
		0,
		-0.740934,
		-0.668998,
		0.058811,
		0,
		-0.185609,
		0.289815,
		-0.077463,
		1,
	},
	[0.1] = {
		-0.468516,
		0.772713,
		-0.428261,
		0,
		0.777099,
		0.12986,
		-0.615835,
		0,
		-0.42025,
		-0.62133,
		-0.661316,
		0,
		-0.168159,
		-0.072225,
		-0.272281,
		1,
	},
	[0.216666666667] = {
		-0.658483,
		0.708141,
		-0.254827,
		0,
		-0.273915,
		-0.54088,
		-0.795248,
		0,
		-0.700979,
		-0.453856,
		0.550131,
		0,
		-0.129291,
		0.417232,
		-0.074269,
		1,
	},
	[0.233333333333] = {
		-0.656429,
		0.731552,
		-0.184208,
		0,
		-0.479113,
		-0.592893,
		-0.647247,
		0,
		-0.582711,
		-0.336615,
		0.739688,
		0,
		-0.090824,
		0.478979,
		-0.073153,
		1,
	},
	[0.25] = {
		-0.735958,
		0.606716,
		-0.300436,
		0,
		-0.460764,
		-0.773987,
		-0.434328,
		0,
		-0.496048,
		-0.181217,
		0.849174,
		0,
		-0.051753,
		0.526436,
		-0.072714,
		1,
	},
	[0.266666666667] = {
		-0.811061,
		0.379275,
		-0.445343,
		0,
		-0.406937,
		-0.912738,
		-0.036216,
		0,
		-0.420217,
		0.151853,
		0.894627,
		0,
		-0.015525,
		0.549913,
		-0.073113,
		1,
	},
	[0.283333333333] = {
		-0.87781,
		0.190977,
		-0.439293,
		0,
		-0.427204,
		-0.726956,
		0.537617,
		0,
		-0.216674,
		0.659593,
		0.719715,
		0,
		0.020677,
		0.554425,
		-0.12252,
		1,
	},
	[0.2] = {
		-0.63403,
		0.651016,
		-0.417354,
		0,
		0.04417,
		-0.50833,
		-0.860029,
		0,
		-0.772047,
		-0.563718,
		0.293541,
		0,
		-0.162449,
		0.350935,
		-0.075804,
		1,
	},
	[0.316666666667] = {
		-0.928265,
		0.021187,
		-0.371316,
		0,
		-0.369167,
		-0.173758,
		0.912975,
		0,
		-0.045176,
		0.98456,
		0.169115,
		0,
		0.077202,
		0.546523,
		-0.204531,
		1,
	},
	[0.333333333333] = {
		-0.936941,
		-0.003116,
		-0.349475,
		0,
		-0.348505,
		-0.066656,
		0.934934,
		0,
		-0.026208,
		0.997771,
		0.061366,
		0,
		0.090693,
		0.525297,
		-0.218988,
		1,
	},
	[0.35] = {
		-0.942123,
		-0.013498,
		-0.334997,
		0,
		-0.335129,
		0.009027,
		0.942129,
		0,
		-0.009693,
		0.999868,
		-0.013028,
		0,
		0.092162,
		0.497836,
		-0.240655,
		1,
	},
	[0.366666666667] = {
		-0.943761,
		-0.01467,
		-0.330303,
		0,
		-0.330142,
		0.095962,
		0.939041,
		0,
		0.017921,
		0.995277,
		-0.095408,
		0,
		0.093723,
		0.462244,
		-0.261974,
		1,
	},
	[0.383333333333] = {
		-0.941592,
		0.006237,
		-0.336699,
		0,
		-0.327487,
		0.216014,
		0.919832,
		0,
		0.078469,
		0.97637,
		-0.201354,
		0,
		0.104972,
		0.413422,
		-0.295526,
		1,
	},
	[0.3] = {
		-0.916045,
		0.061906,
		-0.39627,
		0,
		-0.391996,
		-0.347237,
		0.851918,
		0,
		-0.084861,
		0.935732,
		0.342352,
		0,
		0.052994,
		0.554077,
		-0.188623,
		1,
	},
	[0.416666666667] = {
		-0.688609,
		-0.112735,
		-0.716316,
		0,
		-0.697178,
		0.374573,
		0.611259,
		0,
		0.199402,
		0.920319,
		-0.33653,
		0,
		0.196231,
		0.289281,
		-0.340995,
		1,
	},
	[0.433333333333] = {
		-0.363492,
		-0.248595,
		-0.897816,
		0,
		-0.883167,
		0.398647,
		0.247179,
		0,
		0.296464,
		0.882769,
		-0.364456,
		0,
		0.262423,
		0.225587,
		-0.347876,
		1,
	},
	[0.45] = {
		-0.367216,
		-0.245035,
		-0.897279,
		0,
		-0.875407,
		0.41707,
		0.244368,
		0,
		0.31435,
		0.87522,
		-0.36766,
		0,
		0.292196,
		0.19567,
		-0.361217,
		1,
	},
	[0.466666666667] = {
		-0.382261,
		-0.229938,
		-0.894989,
		0,
		-0.863328,
		0.434188,
		0.257187,
		0,
		0.329457,
		0.870982,
		-0.364485,
		0,
		0.314224,
		0.17357,
		-0.391769,
		1,
	},
	[0.483333333333] = {
		-0.403151,
		-0.208519,
		-0.89106,
		0,
		-0.847329,
		0.452868,
		0.277388,
		0,
		0.345692,
		0.866851,
		-0.359259,
		0,
		0.336007,
		0.152434,
		-0.423813,
		1,
	},
	[0.4] = {
		-0.925498,
		0.026314,
		-0.377837,
		0,
		-0.350458,
		0.318837,
		0.880637,
		0,
		0.143642,
		0.947444,
		-0.285861,
		0,
		0.135118,
		0.355919,
		-0.327707,
		1,
	},
	[0.516666666667] = {
		-0.458796,
		-0.149474,
		-0.875879,
		0,
		-0.802419,
		0.493064,
		0.336172,
		0,
		0.381616,
		0.857056,
		-0.346157,
		0,
		0.376682,
		0.111767,
		-0.49016,
		1,
	},
	[0.533333333333] = {
		-0.491523,
		-0.113311,
		-0.863462,
		0,
		-0.772943,
		0.513543,
		0.372603,
		0,
		0.401205,
		0.850549,
		-0.340001,
		0,
		0.394487,
		0.091578,
		-0.523357,
		1,
	},
	[0.55] = {
		-0.526062,
		-0.073759,
		-0.847242,
		0,
		-0.738555,
		0.533562,
		0.412127,
		0,
		0.421658,
		0.842539,
		-0.335161,
		0,
		0.411824,
		0.068136,
		-0.555775,
		1,
	},
	[0.566666666667] = {
		-0.561286,
		-0.031645,
		-0.827017,
		0,
		-0.699291,
		0.552604,
		0.453455,
		0,
		0.442663,
		0.832843,
		-0.332298,
		0,
		0.429039,
		0.041686,
		-0.586879,
		1,
	},
	[0.583333333333] = {
		-0.596088,
		0.012171,
		-0.802827,
		0,
		-0.655411,
		0.570206,
		0.495279,
		0,
		0.463805,
		0.821412,
		-0.331916,
		0,
		0.443996,
		0.017109,
		-0.616208,
		1,
	},
	[0.5] = {
		-0.428989,
		-0.18146,
		-0.884896,
		0,
		-0.827128,
		0.472661,
		0.304058,
		0,
		0.363082,
		0.862359,
		-0.352857,
		0,
		0.357006,
		0.131942,
		-0.456794,
		1,
	},
	[0.616666666667] = {
		-0.660421,
		0.101392,
		-0.744019,
		0,
		-0.556184,
		0.599637,
		0.575408,
		0,
		0.504483,
		0.793823,
		-0.33962,
		0,
		0.458568,
		-0.006941,
		-0.665745,
		1,
	},
	[0.633333333333] = {
		-0.688274,
		0.14505,
		-0.710802,
		0,
		-0.502742,
		0.611006,
		0.611492,
		0,
		0.523001,
		0.778224,
		-0.347617,
		0,
		0.458111,
		-0.004121,
		-0.682147,
		1,
	},
	[0.65] = {
		-0.712512,
		0.186949,
		-0.676297,
		0,
		-0.448401,
		0.620038,
		0.643809,
		0,
		0.539689,
		0.761973,
		-0.357956,
		0,
		0.456781,
		0.001437,
		-0.693221,
		1,
	},
	[0.666666666667] = {
		-0.732886,
		0.226302,
		-0.641612,
		0,
		-0.394628,
		0.626809,
		0.671848,
		0,
		0.554209,
		0.745586,
		-0.370074,
		0,
		0.454786,
		0.009017,
		-0.699802,
		1,
	},
	[0.683333333333] = {
		-0.74939,
		0.262376,
		-0.607926,
		0,
		-0.343005,
		0.631508,
		0.695374,
		0,
		0.56636,
		0.729628,
		-0.383249,
		0,
		0.452339,
		0.017912,
		-0.702731,
		1,
	},
	[0.6] = {
		-0.629443,
		0.056811,
		-0.774967,
		0,
		-0.607437,
		0.58598,
		0.536328,
		0,
		0.484584,
		0.808332,
		-0.334332,
		0,
		0.454549,
		-0.000725,
		-0.643268,
		1,
	},
	[0.716666666667] = {
		-0.771784,
		0.322034,
		-0.54831,
		0,
		-0.252739,
		0.635893,
		0.729221,
		0,
		0.5835,
		0.70138,
		-0.409382,
		0,
		0.446935,
		0.036847,
		-0.701029,
		1,
	},
	[0.733333333333] = {
		-0.778535,
		0.344415,
		-0.524654,
		0,
		-0.217308,
		0.636321,
		0.740184,
		0,
		0.588779,
		0.690271,
		-0.420554,
		0,
		0.444407,
		0.045506,
		-0.698112,
		1,
	},
	[0.75] = {
		-0.782993,
		0.361078,
		-0.506503,
		0,
		-0.190377,
		0.636091,
		0.74776,
		0,
		0.592182,
		0.681917,
		-0.429313,
		0,
		0.442284,
		0.052718,
		-0.694967,
		1,
	},
	[0.766666666667] = {
		-0.785604,
		0.371468,
		-0.494811,
		0,
		-0.173353,
		0.635546,
		0.75235,
		0,
		0.593949,
		0.676826,
		-0.434892,
		0,
		0.440781,
		0.057809,
		-0.692464,
		1,
	},
	[0.783333333333] = {
		-0.786653,
		0.374999,
		-0.490461,
		0,
		-0.167533,
		0.634943,
		0.754175,
		0,
		0.59423,
		0.675443,
		-0.436655,
		0,
		0.440116,
		0.060111,
		-0.69147,
		1,
	},
	[0.7] = {
		-0.76223,
		0.294494,
		-0.576437,
		0,
		-0.295165,
		0.634418,
		0.714417,
		0,
		0.576093,
		0.714694,
		-0.396648,
		0,
		0.44965,
		0.02742,
		-0.702855,
		1,
	},
	[0.816666666667] = {
		-0.78725,
		0.374499,
		-0.489886,
		0,
		-0.16789,
		0.634261,
		0.754669,
		0,
		0.593338,
		0.676361,
		-0.436447,
		0,
		0.439767,
		0.061037,
		-0.691611,
		1,
	},
	[0.833333333333] = {
		-0.787541,
		0.374057,
		-0.489755,
		0,
		-0.168055,
		0.634243,
		0.754648,
		0,
		0.592905,
		0.676622,
		-0.43663,
		0,
		0.439592,
		0.061199,
		-0.691708,
		1,
	},
	[0.85] = {
		-0.787824,
		0.373554,
		-0.489685,
		0,
		-0.168209,
		0.634345,
		0.754528,
		0,
		0.592486,
		0.676804,
		-0.436917,
		0,
		0.439421,
		0.061244,
		-0.691813,
		1,
	},
	[0.866666666667] = {
		-0.788096,
		0.373006,
		-0.489665,
		0,
		-0.168352,
		0.634547,
		0.754326,
		0,
		0.592084,
		0.676917,
		-0.437287,
		0,
		0.439253,
		0.061191,
		-0.691924,
		1,
	},
	[0.883333333333] = {
		-0.788354,
		0.37243,
		-0.489689,
		0,
		-0.168485,
		0.634828,
		0.754059,
		0,
		0.591703,
		0.67697,
		-0.437721,
		0,
		0.439093,
		0.061058,
		-0.692037,
		1,
	},
	[0.8] = {
		-0.786954,
		0.374824,
		-0.490114,
		0,
		-0.167717,
		0.634479,
		0.754525,
		0,
		0.593781,
		0.675976,
		-0.436441,
		0,
		0.439942,
		0.060689,
		-0.69153,
		1,
	},
	[0.916666666667] = {
		-0.788818,
		0.371262,
		-0.489827,
		0,
		-0.168713,
		0.635545,
		0.753404,
		0,
		0.591018,
		0.676939,
		-0.438693,
		0,
		0.438799,
		0.060622,
		-0.692262,
		1,
	},
	[0.933333333333] = {
		-0.78902,
		0.370704,
		-0.489925,
		0,
		-0.168809,
		0.635939,
		0.753051,
		0,
		0.590721,
		0.676876,
		-0.43919,
		0,
		0.43867,
		0.060355,
		-0.692367,
		1,
	},
	[0.95] = {
		-0.789198,
		0.370185,
		-0.490031,
		0,
		-0.168891,
		0.636329,
		0.752703,
		0,
		0.59046,
		0.676793,
		-0.439668,
		0,
		0.438556,
		0.06008,
		-0.692463,
		1,
	},
	[0.966666666667] = {
		-0.789349,
		0.369723,
		-0.490136,
		0,
		-0.168959,
		0.636694,
		0.752379,
		0,
		0.590239,
		0.676702,
		-0.440105,
		0,
		0.438458,
		0.059815,
		-0.692549,
		1,
	},
	[0.983333333333] = {
		-0.789471,
		0.369334,
		-0.490233,
		0,
		-0.169014,
		0.637014,
		0.752096,
		0,
		0.59006,
		0.676614,
		-0.440481,
		0,
		0.438378,
		0.059577,
		-0.69262,
		1,
	},
	[0.9] = {
		-0.788595,
		0.371843,
		-0.489745,
		0,
		-0.168605,
		0.635168,
		0.753747,
		0,
		0.591346,
		0.676974,
		-0.438196,
		0,
		0.438941,
		0.060862,
		-0.692151,
		1,
	},
	[1.01666666667] = {
		-0.789617,
		0.368844,
		-0.490366,
		0,
		-0.169077,
		0.637435,
		0.751724,
		0,
		0.589846,
		0.676484,
		-0.440967,
		0,
		0.438282,
		0.059256,
		-0.692708,
		1,
	},
	[1.03333333333] = {
		-0.789637,
		0.368776,
		-0.490386,
		0,
		-0.169085,
		0.637496,
		0.751671,
		0,
		0.589818,
		0.676464,
		-0.441035,
		0,
		0.438269,
		0.059209,
		-0.69272,
		1,
	},
	{
		-0.789561,
		0.369035,
		-0.490312,
		0,
		-0.169053,
		0.637268,
		0.751872,
		0,
		0.589928,
		0.676537,
		-0.440775,
		0,
		0.438319,
		0.059385,
		-0.692674,
		1,
	},
}

return spline_matrices
