-- chunkname: @content/characters/player/human/first_person/animations/2h_force_sword/heavy_swing_left.lua

local spline_matrices = {
	[0.0166666666667] = {
		-0.107993,
		0.092822,
		0.989809,
		0,
		-0.697498,
		-0.716531,
		-0.008906,
		0,
		0.708402,
		-0.691352,
		0.142124,
		0,
		0.451132,
		0.163611,
		-0.039463,
		1,
	},
	[0.0333333333333] = {
		-0.169913,
		0.129411,
		0.976925,
		0,
		-0.612763,
		-0.790264,
		-0.001891,
		0,
		0.771784,
		-0.598945,
		0.213575,
		0,
		0.450522,
		0.174606,
		-0.025609,
		1,
	},
	[0.05] = {
		-0.259273,
		0.118659,
		0.958487,
		0,
		-0.542841,
		-0.838734,
		-0.043006,
		0,
		0.798813,
		-0.531456,
		0.281874,
		0,
		0.432658,
		0.176322,
		-0.030772,
		1,
	},
	[0.0666666666667] = {
		-0.341382,
		0.079363,
		0.936568,
		0,
		-0.448614,
		-0.889367,
		-0.088158,
		0,
		0.825956,
		-0.450253,
		0.339218,
		0,
		0.409184,
		0.176948,
		-0.042248,
		1,
	},
	[0.0833333333333] = {
		-0.369004,
		0.034355,
		0.928793,
		0,
		-0.297483,
		-0.951112,
		-0.083007,
		0,
		0.880534,
		-0.30693,
		0.361184,
		0,
		0.392246,
		0.183887,
		-0.048124,
		1,
	},
	[0] = {
		-0.123159,
		-0.022804,
		0.992125,
		0,
		-0.833494,
		-0.54024,
		-0.115885,
		0,
		0.538628,
		-0.841202,
		0.047529,
		0,
		0.421065,
		0.131646,
		-0.085565,
		1,
	},
	[0.116666666667] = {
		-0.170127,
		-0.034248,
		0.984827,
		0,
		0.19444,
		-0.980914,
		-0.000523,
		0,
		0.966049,
		0.191401,
		0.173539,
		0,
		0.265338,
		0.341856,
		-0.055262,
		1,
	},
	[0.133333333333] = {
		-0.026715,
		-0.020869,
		0.999425,
		0,
		0.482923,
		-0.875646,
		-0.005376,
		0,
		0.875255,
		0.482502,
		0.033471,
		0,
		0.141807,
		0.448132,
		-0.060327,
		1,
	},
	[0.15] = {
		0.066031,
		0.026454,
		0.997467,
		0,
		0.752015,
		-0.658353,
		-0.032322,
		0,
		0.65583,
		0.752245,
		-0.063366,
		0,
		-0.001841,
		0.507378,
		-0.06366,
		1,
	},
	[0.166666666667] = {
		0.102409,
		0.088063,
		0.990837,
		0,
		0.966136,
		-0.245964,
		-0.077995,
		0,
		0.236842,
		0.96527,
		-0.11027,
		0,
		-0.193003,
		0.48879,
		-0.066378,
		1,
	},
	[0.183333333333] = {
		0.027928,
		0.120558,
		0.992313,
		0,
		0.95506,
		0.289835,
		-0.062092,
		0,
		-0.295092,
		0.949453,
		-0.107045,
		0,
		-0.380478,
		0.412616,
		-0.072098,
		1,
	},
	[0.1] = {
		-0.303249,
		-0.007246,
		0.952884,
		0,
		-0.076993,
		-0.996515,
		-0.03208,
		0,
		0.949796,
		-0.083094,
		0.301634,
		0,
		0.353553,
		0.237594,
		-0.050141,
		1,
	},
	[0.216666666667] = {
		-0.210283,
		-0.054882,
		0.976099,
		0,
		0.471146,
		0.869143,
		0.150369,
		0,
		-0.856623,
		0.491505,
		-0.156908,
		0,
		-0.509043,
		0.182795,
		-0.102967,
		1,
	},
	[0.233333333333] = {
		-0.143018,
		0.015068,
		0.989605,
		0,
		0.438463,
		0.897374,
		0.049703,
		0,
		-0.887297,
		0.441014,
		-0.134947,
		0,
		-0.514494,
		0.102899,
		-0.110327,
		1,
	},
	[0.25] = {
		-0.104075,
		0.068787,
		0.992188,
		0,
		0.394654,
		0.918559,
		-0.022285,
		0,
		-0.912916,
		0.389252,
		-0.122746,
		0,
		-0.514202,
		0.041184,
		-0.121189,
		1,
	},
	[0.266666666667] = {
		-0.127683,
		0.064688,
		0.989703,
		0,
		0.290732,
		0.956478,
		-0.025008,
		0,
		-0.948247,
		0.284546,
		-0.140933,
		0,
		-0.512939,
		-0.001477,
		-0.137253,
		1,
	},
	[0.283333333333] = {
		-0.17151,
		0.037358,
		0.984474,
		0,
		0.173313,
		0.984841,
		-0.007178,
		0,
		-0.969818,
		0.169391,
		-0.175385,
		0,
		-0.505551,
		-0.029225,
		-0.155458,
		1,
	},
	[0.2] = {
		-0.212182,
		-0.035315,
		0.976592,
		0,
		0.633588,
		0.755873,
		0.164992,
		0,
		-0.744006,
		0.653766,
		-0.138008,
		0,
		-0.480138,
		0.279361,
		-0.091895,
		1,
	},
	[0.316666666667] = {
		-0.271135,
		-0.055601,
		0.960934,
		0,
		-0.061872,
		0.997272,
		0.040246,
		0,
		-0.960551,
		-0.048542,
		-0.273835,
		0,
		-0.483382,
		-0.063656,
		-0.196172,
		1,
	},
	[0.333333333333] = {
		-0.310032,
		-0.097613,
		0.945702,
		0,
		-0.15508,
		0.986585,
		0.050992,
		0,
		-0.937993,
		-0.13085,
		-0.321011,
		0,
		-0.47534,
		-0.082759,
		-0.217771,
		1,
	},
	[0.35] = {
		-0.345231,
		-0.123304,
		0.930382,
		0,
		-0.202617,
		0.977746,
		0.054398,
		0,
		-0.916385,
		-0.169731,
		-0.362532,
		0,
		-0.473959,
		-0.105683,
		-0.242547,
		1,
	},
	[0.366666666667] = {
		-0.378759,
		-0.146479,
		0.91383,
		0,
		-0.237675,
		0.969675,
		0.05692,
		0,
		-0.894456,
		-0.195636,
		-0.402087,
		0,
		-0.466014,
		-0.129683,
		-0.261184,
		1,
	},
	[0.383333333333] = {
		-0.411254,
		-0.166836,
		0.896123,
		0,
		-0.261648,
		0.963342,
		0.059274,
		0,
		-0.873161,
		-0.210092,
		-0.43983,
		0,
		-0.459879,
		-0.152257,
		-0.276194,
		1,
	},
	[0.3] = {
		-0.222787,
		-0.006249,
		0.974847,
		0,
		0.051795,
		0.998491,
		0.018238,
		0,
		-0.97349,
		0.054555,
		-0.222127,
		0,
		-0.494651,
		-0.04794,
		-0.175267,
		1,
	},
	[0.416666666667] = {
		-0.541166,
		-0.137281,
		0.829634,
		0,
		-0.159933,
		0.985379,
		0.058729,
		0,
		-0.825567,
		-0.100904,
		-0.55521,
		0,
		-0.403385,
		-0.149548,
		-0.326593,
		1,
	},
	[0.433333333333] = {
		-0.615715,
		-0.099884,
		0.781613,
		0,
		-0.078235,
		0.994781,
		0.065496,
		0,
		-0.784076,
		-0.020822,
		-0.620316,
		0,
		-0.363999,
		-0.139332,
		-0.357991,
		1,
	},
	[0.45] = {
		-0.688704,
		-0.045633,
		0.723605,
		0,
		0.01927,
		0.996513,
		0.081184,
		0,
		-0.724787,
		0.069855,
		-0.685423,
		0,
		-0.31965,
		-0.124066,
		-0.39211,
		1,
	},
	[0.466666666667] = {
		-0.753177,
		0.024702,
		0.657353,
		0,
		0.126285,
		0.986137,
		0.107638,
		0,
		-0.645582,
		0.164084,
		-0.745856,
		0,
		-0.272022,
		-0.104743,
		-0.42774,
		1,
	},
	[0.483333333333] = {
		-0.802955,
		0.107785,
		0.586213,
		0,
		0.234842,
		0.961166,
		0.144945,
		0,
		-0.547825,
		0.254052,
		-0.797086,
		0,
		-0.222826,
		-0.082599,
		-0.463514,
		1,
	},
	[0.4] = {
		-0.471366,
		-0.158939,
		0.867498,
		0,
		-0.221874,
		0.973362,
		0.057776,
		0,
		-0.853573,
		-0.165242,
		-0.494074,
		0,
		-0.435982,
		-0.154064,
		-0.298992,
		1,
	},
	[0.516666666667] = {
		-0.846694,
		0.288379,
		0.447155,
		0,
		0.425075,
		0.872079,
		0.242464,
		0,
		-0.320033,
		0.395367,
		-0.860967,
		0,
		-0.127623,
		-0.035895,
		-0.529465,
		1,
	},
	[0.533333333333] = {
		-0.84334,
		0.372418,
		0.387406,
		0,
		0.495987,
		0.816893,
		0.29442,
		0,
		-0.206822,
		0.440445,
		-0.873632,
		0,
		-0.086309,
		-0.014641,
		-0.556614,
		1,
	},
	[0.55] = {
		-0.829595,
		0.444801,
		0.337526,
		0,
		0.548387,
		0.762826,
		0.342592,
		0,
		-0.105088,
		0.469307,
		-0.87676,
		0,
		-0.052765,
		0.003055,
		-0.578004,
		1,
	},
	[0.566666666667] = {
		-0.811678,
		0.502257,
		0.298189,
		0,
		0.583731,
		0.715745,
		0.383362,
		0,
		-0.020881,
		0.485229,
		-0.874138,
		0,
		-0.029835,
		0.015736,
		-0.592385,
		1,
	},
	[0.583333333333] = {
		-0.795688,
		0.542647,
		0.2691,
		0,
		0.604284,
		0.680741,
		0.414044,
		0,
		0.041492,
		0.492063,
		-0.86957,
		0,
		-0.020374,
		0.022048,
		-0.598594,
		1,
	},
	[0.5] = {
		-0.834243,
		0.197973,
		0.514632,
		0,
		0.336701,
		0.922012,
		0.191121,
		0,
		-0.43666,
		0.332718,
		-0.835839,
		0,
		-0.173965,
		-0.059105,
		-0.497935,
		1,
	},
	[0.616666666667] = {
		-0.770024,
		0.595623,
		0.228684,
		0,
		0.625138,
		0.632704,
		0.457042,
		0,
		0.127536,
		0.494893,
		-0.859544,
		0,
		-0.016774,
		0.026499,
		-0.601324,
		1,
	},
	[0.633333333333] = {
		-0.758804,
		0.615277,
		0.213659,
		0,
		0.631296,
		0.614066,
		0.473696,
		0,
		0.160254,
		0.494325,
		-0.854378,
		0,
		-0.015072,
		0.028095,
		-0.602188,
		1,
	},
	[0.65] = {
		-0.749067,
		0.63111,
		0.201491,
		0,
		0.635562,
		0.598736,
		0.487417,
		0,
		0.186974,
		0.493168,
		-0.849603,
		0,
		-0.013489,
		0.029334,
		-0.602784,
		1,
	},
	[0.666666666667] = {
		-0.741011,
		0.643514,
		0.191815,
		0,
		0.638385,
		0.586532,
		0.498443,
		0,
		0.208249,
		0.491803,
		-0.845436,
		0,
		-0.012051,
		0.03026,
		-0.603147,
		1,
	},
	[0.683333333333] = {
		-0.734677,
		0.652898,
		0.18432,
		0,
		0.640151,
		0.577203,
		0.506995,
		0,
		0.224626,
		0.49047,
		-0.842011,
		0,
		-0.010772,
		0.030911,
		-0.603313,
		1,
	},
	[0.6] = {
		-0.782481,
		0.57159,
		0.246999,
		0,
		0.616402,
		0.654888,
		0.43723,
		0,
		0.088159,
		0.494375,
		-0.864767,
		0,
		-0.018558,
		0.024503,
		-0.600142,
		1,
	},
	[0.716666666667] = {
		-0.727093,
		0.663892,
		0.174878,
		0,
		0.641508,
		0.566259,
		0.517511,
		0,
		0.244545,
		0.488465,
		-0.837615,
		0,
		-0.008718,
		0.031515,
		-0.603171,
		1,
	},
	[0.733333333333] = {
		-0.725689,
		0.666037,
		0.17254,
		0,
		0.641425,
		0.564201,
		0.519857,
		0,
		0.248897,
		0.487926,
		-0.836647,
		0,
		-0.007947,
		0.031519,
		-0.602911,
		1,
	},
	[0.75] = {
		-0.725718,
		0.666253,
		0.171582,
		0,
		0.640969,
		0.564133,
		0.520493,
		0,
		0.249985,
		0.487709,
		-0.836449,
		0,
		-0.007344,
		0.03136,
		-0.602552,
		1,
	},
	[0.766666666667] = {
		-0.727038,
		0.664736,
		0.171879,
		0,
		0.640195,
		0.56585,
		0.519581,
		0,
		0.248126,
		0.487791,
		-0.836955,
		0,
		-0.006903,
		0.031055,
		-0.602111,
		1,
	},
	[0.783333333333] = {
		-0.729542,
		0.661616,
		0.173299,
		0,
		0.639089,
		0.569213,
		0.517264,
		0,
		0.243586,
		0.488119,
		-0.838096,
		0,
		-0.006582,
		0.030609,
		-0.601577,
		1,
	},
	[0.7] = {
		-0.730063,
		0.659589,
		0.178746,
		0,
		0.641123,
		0.570526,
		0.513284,
		0,
		0.236578,
		0.489328,
		-0.839398,
		0,
		-0.009661,
		0.03132,
		-0.603313,
		1,
	},
	[0.816666666667] = {
		-0.737569,
		0.651099,
		0.179059,
		0,
		0.635802,
		0.580272,
		0.50896,
		0,
		0.22748,
		0.489239,
		-0.841961,
		0,
		-0.006185,
		0.029305,
		-0.600218,
		1,
	},
	[0.833333333333] = {
		-0.742714,
		0.64405,
		0.183239,
		0,
		0.633652,
		0.587534,
		0.503278,
		0,
		0.216477,
		0.489901,
		-0.844473,
		0,
		-0.006111,
		0.028502,
		-0.599436,
		1,
	},
	[0.85] = {
		-0.748369,
		0.636033,
		0.188163,
		0,
		0.631173,
		0.595688,
		0.496767,
		0,
		0.203874,
		0.490528,
		-0.847241,
		0,
		-0.006124,
		0.027616,
		-0.598616,
		1,
	},
	[0.866666666667] = {
		-0.754354,
		0.627225,
		0.193749,
		0,
		0.628383,
		0.604513,
		0.48959,
		0,
		0.18996,
		0.491073,
		-0.850154,
		0,
		-0.006225,
		0.026677,
		-0.59778,
		1,
	},
	[0.883333333333] = {
		-0.760489,
		0.617816,
		0.199898,
		0,
		0.625317,
		0.613801,
		0.481899,
		0,
		0.175027,
		0.491478,
		-0.85312,
		0,
		-0.006418,
		0.025705,
		-0.596949,
		1,
	},
	[0.8] = {
		-0.733115,
		0.657012,
		0.175719,
		0,
		0.637619,
		0.574093,
		0.513672,
		0,
		0.236609,
		0.488622,
		-0.8398,
		0,
		-0.006342,
		0.030016,
		-0.600938,
		1,
	},
	[0.916666666667] = {
		-0.77261,
		0.597933,
		0.213423,
		0,
		0.618491,
		0.632975,
		0.465629,
		0,
		0.143324,
		0.49175,
		-0.85886,
		0,
		-0.007049,
		0.023743,
		-0.595372,
		1,
	},
	[0.933333333333] = {
		-0.778403,
		0.587766,
		0.220499,
		0,
		0.614758,
		0.642574,
		0.457353,
		0,
		0.127129,
		0.491558,
		-0.861515,
		0,
		-0.007407,
		0.022757,
		-0.594604,
		1,
	},
	[0.95] = {
		-0.783879,
		0.5777,
		0.22759,
		0,
		0.610887,
		0.651938,
		0.449214,
		0,
		0.111136,
		0.491161,
		-0.86395,
		0,
		-0.007763,
		0.021797,
		-0.593857,
		1,
	},
	[0.966666666667] = {
		-0.788947,
		0.567947,
		0.234519,
		0,
		0.606966,
		0.660897,
		0.44137,
		0,
		0.095682,
		0.490563,
		-0.866137,
		0,
		-0.008107,
		0.020865,
		-0.593141,
		1,
	},
	[0.983333333333] = {
		-0.79352,
		0.558733,
		0.24113,
		0,
		0.603114,
		0.669247,
		0.434007,
		0,
		0.081119,
		0.489822,
		-0.86804,
		0,
		-0.00843,
		0.019994,
		-0.592475,
		1,
	},
	[0.9] = {
		-0.766613,
		0.607998,
		0.206504,
		0,
		0.622014,
		0.62334,
		0.473862,
		0,
		0.159385,
		0.491717,
		-0.856044,
		0,
		-0.006705,
		0.024727,
		-0.596149,
		1,
	},
	[1.01666666667] = {
		-0.80093,
		0.542846,
		0.252645,
		0,
		0.596125,
		0.683411,
		0.421408,
		0,
		0.0561,
		0.488127,
		-0.870968,
		0,
		-0.008977,
		0.018499,
		-0.591339,
		1,
	},
	[1.03333333333] = {
		-0.803652,
		0.536657,
		0.257181,
		0,
		0.593289,
		0.688845,
		0.416534,
		0,
		0.046378,
		0.487332,
		-0.871985,
		0,
		-0.009186,
		0.017923,
		-0.590901,
		1,
	},
	[1.05] = {
		-0.805667,
		0.531944,
		0.260647,
		0,
		0.591085,
		0.692955,
		0.412834,
		0,
		0.038988,
		0.486671,
		-0.872715,
		0,
		-0.009345,
		0.017482,
		-0.590569,
		1,
	},
	[1.06666666667] = {
		-0.806919,
		0.52895,
		0.262858,
		0,
		0.589666,
		0.69555,
		0.410494,
		0,
		0.0343,
		0.486233,
		-0.873156,
		0,
		-0.009445,
		0.017206,
		-0.590361,
		1,
	},
	[1.08333333333] = {
		-0.807352,
		0.527903,
		0.263631,
		0,
		0.589166,
		0.696457,
		0.409673,
		0,
		0.032659,
		0.486073,
		-0.873308,
		0,
		-0.009481,
		0.017108,
		-0.590288,
		1,
	},
	{
		-0.797532,
		0.55029,
		0.247232,
		0,
		0.599454,
		0.676813,
		0.427293,
		0,
		0.067805,
		0.488984,
		-0.869654,
		0,
		-0.008722,
		0.019197,
		-0.591868,
		1,
	},
}

return spline_matrices
