-- chunkname: @content/characters/player/human/first_person/animations/2h_force_sword/heavy_attack_down_left.lua

local spline_matrices = {
	[0.0166666666667] = {
		0.990658,
		-0.042416,
		-0.129609,
		0,
		0.115105,
		-0.249608,
		0.961482,
		0,
		-0.073134,
		-0.967418,
		-0.242394,
		0,
		0.160705,
		0.194646,
		-0.167146,
		1,
	},
	[0.0333333333333] = {
		0.992624,
		-0.040497,
		-0.114269,
		0,
		0.095327,
		-0.321609,
		0.942062,
		0,
		-0.074901,
		-0.946006,
		-0.315377,
		0,
		0.167654,
		0.180086,
		-0.145877,
		1,
	},
	[0.05] = {
		0.992477,
		-0.035576,
		-0.117151,
		0,
		0.098138,
		-0.340953,
		0.934944,
		0,
		-0.073205,
		-0.939407,
		-0.334897,
		0,
		0.175639,
		0.205143,
		-0.079663,
		1,
	},
	[0.0666666666667] = {
		0.993588,
		0.011869,
		-0.112433,
		0,
		0.111827,
		-0.249486,
		0.9619,
		0,
		-0.016634,
		-0.968306,
		-0.249214,
		0,
		0.171333,
		0.250961,
		-0.032252,
		1,
	},
	[0.0833333333333] = {
		0.989311,
		0.094953,
		-0.110673,
		0,
		0.120576,
		-0.105818,
		0.987048,
		0,
		0.082012,
		-0.989842,
		-0.116136,
		0,
		0.149352,
		0.29067,
		-0.004876,
		1,
	},
	[0] = {
		0.987154,
		-0.047902,
		-0.152424,
		0,
		0.137084,
		-0.236104,
		0.96201,
		0,
		-0.08207,
		-0.970546,
		-0.226504,
		0,
		0.159318,
		0.209754,
		-0.149333,
		1,
	},
	[0.116666666667] = {
		0.958725,
		0.255305,
		-0.125163,
		0,
		0.049387,
		0.283981,
		0.957557,
		0,
		0.280013,
		-0.924215,
		0.259651,
		0,
		0.131044,
		0.310073,
		0.01211,
		1,
	},
	[0.133333333333] = {
		0.927207,
		0.336391,
		-0.164709,
		0,
		-0.036876,
		0.519602,
		0.853612,
		0,
		0.37273,
		-0.785401,
		0.494184,
		0,
		0.128202,
		0.314269,
		0.028997,
		1,
	},
	[0.15] = {
		0.900315,
		0.371157,
		-0.227322,
		0,
		-0.144808,
		0.747978,
		0.647734,
		0,
		0.410443,
		-0.550247,
		0.727163,
		0,
		0.117334,
		0.327821,
		0.037555,
		1,
	},
	[0.166666666667] = {
		0.864937,
		0.327919,
		-0.379938,
		0,
		-0.253419,
		0.938791,
		0.233345,
		0,
		0.433201,
		-0.105545,
		0.895096,
		0,
		0.084009,
		0.406876,
		0.024173,
		1,
	},
	[0.183333333333] = {
		0.832978,
		0.248425,
		-0.494401,
		0,
		-0.412293,
		0.874584,
		-0.255182,
		0,
		0.369001,
		0.416399,
		0.830933,
		0,
		0.044427,
		0.508197,
		-0.004099,
		1,
	},
	[0.1] = {
		0.978608,
		0.173426,
		-0.110682,
		0,
		0.100061,
		0.068861,
		0.992596,
		0,
		0.179764,
		-0.982436,
		0.050035,
		0,
		0.135859,
		0.304039,
		-0.001543,
		1,
	},
	[0.216666666667] = {
		0.928949,
		0.057797,
		-0.365669,
		0,
		-0.359588,
		0.375763,
		-0.854107,
		0,
		0.08804,
		0.924912,
		0.369848,
		0,
		-0.004171,
		0.595597,
		-0.077293,
		1,
	},
	[0.233333333333] = {
		0.967547,
		0.033828,
		-0.250417,
		0,
		-0.25263,
		0.151437,
		-0.955639,
		0,
		0.005595,
		0.987888,
		0.155068,
		0,
		-0.006598,
		0.596668,
		-0.141647,
		1,
	},
	[0.25] = {
		0.983939,
		0.026699,
		-0.176499,
		0,
		-0.175013,
		-0.050371,
		-0.983277,
		0,
		-0.035142,
		0.998374,
		-0.044889,
		0,
		-0.010927,
		0.590579,
		-0.222116,
		1,
	},
	[0.266666666667] = {
		0.974475,
		0.032382,
		-0.22215,
		0,
		-0.206784,
		-0.255794,
		-0.944357,
		0,
		-0.087405,
		0.966189,
		-0.242569,
		0,
		-0.031178,
		0.565112,
		-0.289433,
		1,
	},
	[0.283333333333] = {
		0.96294,
		0.038051,
		-0.267018,
		0,
		-0.233328,
		-0.379081,
		-0.895464,
		0,
		-0.135295,
		0.924581,
		-0.356154,
		0,
		-0.046935,
		0.537691,
		-0.339081,
		1,
	},
	[0.2] = {
		0.879696,
		0.142802,
		-0.453589,
		0,
		-0.430126,
		0.645719,
		-0.630903,
		0,
		0.202796,
		0.750103,
		0.629459,
		0,
		0.014965,
		0.568137,
		-0.037519,
		1,
	},
	[0.316666666667] = {
		0.966186,
		0.029139,
		-0.256195,
		0,
		-0.220091,
		-0.424438,
		-0.878301,
		0,
		-0.134332,
		0.904988,
		-0.403672,
		0,
		-0.05089,
		0.517686,
		-0.393124,
		1,
	},
	[0.333333333333] = {
		0.969238,
		0.020707,
		-0.245251,
		0,
		-0.212,
		-0.435967,
		-0.874636,
		0,
		-0.125033,
		0.899724,
		-0.418166,
		0,
		-0.05215,
		0.509406,
		-0.419094,
		1,
	},
	[0.35] = {
		0.972717,
		0.010187,
		-0.231772,
		0,
		-0.203524,
		-0.442057,
		-0.873592,
		0,
		-0.111356,
		0.896929,
		-0.427923,
		0,
		-0.052817,
		0.502027,
		-0.444019,
		1,
	},
	[0.366666666667] = {
		0.976225,
		-0.001645,
		-0.216752,
		0,
		-0.194835,
		-0.444888,
		-0.874136,
		0,
		-0.094993,
		0.895584,
		-0.434632,
		0,
		-0.053137,
		0.495049,
		-0.468034,
		1,
	},
	[0.383333333333] = {
		0.979452,
		-0.013979,
		-0.201192,
		0,
		-0.18614,
		-0.446623,
		-0.875145,
		0,
		-0.077623,
		0.894613,
		-0.440048,
		0,
		-0.05336,
		0.487945,
		-0.491267,
		1,
	},
	[0.3] = {
		0.963945,
		0.035159,
		-0.263769,
		0,
		-0.227389,
		-0.406038,
		-0.885114,
		0,
		-0.13822,
		0.913179,
		-0.383404,
		0,
		-0.049187,
		0.527027,
		-0.366368,
		1,
	},
	[0.416666666667] = {
		0.984331,
		-0.036792,
		-0.172448,
		0,
		-0.170115,
		-0.455493,
		-0.873834,
		0,
		-0.046399,
		0.889479,
		-0.454615,
		0,
		-0.054508,
		0.471125,
		-0.53588,
		1,
	},
	[0.433333333333] = {
		0.985935,
		-0.044342,
		-0.161141,
		0,
		-0.163467,
		-0.456602,
		-0.874524,
		0,
		-0.034799,
		0.888565,
		-0.457429,
		0,
		-0.055565,
		0.455639,
		-0.556006,
		1,
	},
	[0.45] = {
		0.987067,
		-0.047399,
		-0.15314,
		0,
		-0.158002,
		-0.449083,
		-0.879409,
		0,
		-0.02709,
		0.892232,
		-0.450765,
		0,
		-0.056946,
		0.430871,
		-0.573315,
		1,
	},
	[0.466666666667] = {
		0.98766,
		-0.046367,
		-0.149594,
		0,
		-0.154586,
		-0.441852,
		-0.883669,
		0,
		-0.025125,
		0.895889,
		-0.443567,
		0,
		-0.059142,
		0.399792,
		-0.588601,
		1,
	},
	[0.483333333333] = {
		0.987909,
		-0.044232,
		-0.148593,
		0,
		-0.152567,
		-0.447747,
		-0.881048,
		0,
		-0.027562,
		0.893065,
		-0.449082,
		0,
		-0.065036,
		0.363278,
		-0.602814,
		1,
	},
	[0.4] = {
		0.982189,
		-0.025981,
		-0.18609,
		0,
		-0.177755,
		-0.449432,
		-0.875451,
		0,
		-0.06089,
		0.892937,
		-0.446045,
		0,
		-0.053734,
		0.480162,
		-0.513843,
		1,
	},
	[0.516666666667] = {
		0.988716,
		-0.046248,
		-0.142482,
		0,
		-0.146907,
		-0.485378,
		-0.861874,
		0,
		-0.029298,
		0.87308,
		-0.486695,
		0,
		-0.090055,
		0.269077,
		-0.625364,
		1,
	},
	[0.533333333333] = {
		0.989391,
		-0.048789,
		-0.136843,
		0,
		-0.14261,
		-0.505932,
		-0.850703,
		0,
		-0.027728,
		0.861192,
		-0.507522,
		0,
		-0.105941,
		0.215543,
		-0.63279,
		1,
	},
	[0.55] = {
		0.990178,
		-0.051123,
		-0.130129,
		0,
		-0.137467,
		-0.525715,
		-0.83948,
		0,
		-0.025494,
		0.849123,
		-0.527579,
		0,
		-0.122143,
		0.162948,
		-0.637948,
		1,
	},
	[0.566666666667] = {
		0.990984,
		-0.052754,
		-0.123157,
		0,
		-0.131959,
		-0.543351,
		-0.82907,
		0,
		-0.023181,
		0.837846,
		-0.545414,
		0,
		-0.137225,
		0.115218,
		-0.641183,
		1,
	},
	[0.583333333333] = {
		0.991696,
		-0.05359,
		-0.11691,
		0,
		-0.126845,
		-0.557525,
		-0.820412,
		0,
		-0.021214,
		0.828428,
		-0.559693,
		0,
		-0.149761,
		0.076277,
		-0.64292,
		1,
	},
	[0.5] = {
		0.988216,
		-0.044364,
		-0.146494,
		0,
		-0.150195,
		-0.465486,
		-0.872218,
		0,
		-0.029495,
		0.883943,
		-0.466664,
		0,
		-0.075931,
		0.319626,
		-0.615422,
		1,
	},
	[0.616666666667] = {
		0.992389,
		-0.053906,
		-0.110718,
		0,
		-0.121611,
		-0.570399,
		-0.812315,
		0,
		-0.019364,
		0.819597,
		-0.572613,
		0,
		-0.161504,
		0.040434,
		-0.64377,
		1,
	},
	[0.6] = {
		0.992199,
		-0.053863,
		-0.112426,
		0,
		-0.123069,
		-0.566965,
		-0.814497,
		0,
		-0.019871,
		0.821979,
		-0.569171,
		0,
		-0.15833,
		0.050045,
		-0.643628,
		1,
	},
}

return spline_matrices
