-- chunkname: @content/characters/player/human/first_person/animations/2h_force_sword/heavy_attack_left_diagonal_down.lua

local spline_matrices = {
	[0.0166666666667] = {
		0.746189,
		0.211139,
		-0.631365,
		0,
		0.526815,
		0.392554,
		0.753901,
		0,
		0.407023,
		-0.895166,
		0.181688,
		0,
		0.26136,
		-0.013773,
		-0.066119,
		1,
	},
	[0.0333333333333] = {
		0.673853,
		0.018453,
		-0.738635,
		0,
		0.691105,
		0.337846,
		0.638932,
		0,
		0.261335,
		-0.94102,
		0.214906,
		0,
		0.229533,
		-0.038231,
		-0.120777,
		1,
	},
	[0.05] = {
		0.595322,
		-0.087695,
		-0.798687,
		0,
		0.779306,
		0.305049,
		0.547382,
		0,
		0.195636,
		-0.94829,
		0.249944,
		0,
		0.208745,
		-0.051558,
		-0.150074,
		1,
	},
	[0.0666666666667] = {
		0.560601,
		-0.084253,
		-0.823789,
		0,
		0.799524,
		0.314092,
		0.511964,
		0,
		0.215611,
		-0.945647,
		0.243442,
		0,
		0.204529,
		-0.036212,
		-0.138722,
		1,
	},
	[0.0833333333333] = {
		0.540603,
		-0.069582,
		-0.838395,
		0,
		0.803792,
		0.336887,
		0.490331,
		0,
		0.248326,
		-0.93897,
		0.238052,
		0,
		0.202721,
		0.003418,
		-0.110813,
		1,
	},
	[0] = {
		0.763441,
		0.311614,
		-0.565734,
		0,
		0.426782,
		0.414059,
		0.803998,
		0,
		0.484784,
		-0.855249,
		0.183119,
		0,
		0.27785,
		-0.000697,
		-0.036643,
		1,
	},
	[0.116666666667] = {
		0.528213,
		-0.008579,
		-0.849068,
		0,
		0.755654,
		0.460813,
		0.465443,
		0,
		0.387269,
		-0.887456,
		0.24989,
		0,
		0.193729,
		0.116329,
		-0.039672,
		1,
	},
	[0.133333333333] = {
		0.558518,
		0.063922,
		-0.827026,
		0,
		0.660002,
		0.569683,
		0.489753,
		0,
		0.502449,
		-0.819375,
		0.275989,
		0,
		0.168491,
		0.183474,
		-0.013533,
		1,
	},
	[0.15] = {
		0.610691,
		0.156357,
		-0.776279,
		0,
		0.481441,
		0.705009,
		0.520747,
		0,
		0.628706,
		-0.691748,
		0.355266,
		0,
		0.130643,
		0.2635,
		-0.004977,
		1,
	},
	[0.166666666667] = {
		0.63646,
		0.201171,
		-0.744613,
		0,
		0.254829,
		0.856334,
		0.44917,
		0,
		0.727997,
		-0.475628,
		0.493759,
		0,
		0.109566,
		0.347537,
		-0.008196,
		1,
	},
	[0.183333333333] = {
		0.487323,
		0.13047,
		-0.86342,
		0,
		-0.220633,
		0.97509,
		0.022817,
		0,
		0.844889,
		0.17938,
		0.50397,
		0,
		0.106817,
		0.447354,
		-0.013731,
		1,
	},
	[0.1] = {
		0.531332,
		-0.04402,
		-0.846019,
		0,
		0.791098,
		0.383042,
		0.47691,
		0,
		0.303067,
		-0.922682,
		0.238347,
		0,
		0.200108,
		0.057597,
		-0.07498,
		1,
	},
	[0.216666666667] = {
		0.468642,
		0.041597,
		-0.882408,
		0,
		-0.868243,
		0.205864,
		-0.451414,
		0,
		0.162879,
		0.977696,
		0.132592,
		0,
		-0.05059,
		0.608251,
		-0.07692,
		1,
	},
	[0.233333333333] = {
		0.538622,
		0.048619,
		-0.841144,
		0,
		-0.83445,
		-0.107296,
		-0.540538,
		0,
		-0.116532,
		0.993038,
		-0.017222,
		0,
		-0.139612,
		0.60489,
		-0.134444,
		1,
	},
	[0.25] = {
		0.466652,
		0.028411,
		-0.883984,
		0,
		-0.842861,
		-0.288568,
		-0.454218,
		0,
		-0.267994,
		0.957038,
		-0.110714,
		0,
		-0.206199,
		0.59273,
		-0.168216,
		1,
	},
	[0.266666666667] = {
		0.390621,
		0.00135,
		-0.920551,
		0,
		-0.82925,
		-0.433679,
		-0.352515,
		0,
		-0.3997,
		0.901066,
		-0.168285,
		0,
		-0.278588,
		0.567786,
		-0.211275,
		1,
	},
	[0.283333333333] = {
		0.392789,
		0.001819,
		-0.919627,
		0,
		-0.796304,
		-0.499547,
		-0.341104,
		0,
		-0.460018,
		0.866285,
		-0.194768,
		0,
		-0.35155,
		0.537539,
		-0.270892,
		1,
	},
	[0.2] = {
		0.478547,
		0.067785,
		-0.875441,
		0,
		-0.728059,
		0.587967,
		-0.352457,
		0,
		0.490839,
		0.80604,
		0.330721,
		0,
		0.0249,
		0.538987,
		-0.045286,
		1,
	},
	[0.316666666667] = {
		0.355974,
		-0.030004,
		-0.934014,
		0,
		-0.79365,
		-0.537375,
		-0.285216,
		0,
		-0.493359,
		0.842809,
		-0.215104,
		0,
		-0.411123,
		0.5025,
		-0.305657,
		1,
	},
	[0.333333333333] = {
		0.248788,
		-0.128088,
		-0.960051,
		0,
		-0.815399,
		-0.562641,
		-0.136236,
		0,
		-0.522713,
		0.816718,
		-0.244421,
		0,
		-0.417288,
		0.483329,
		-0.304097,
		1,
	},
	[0.35] = {
		0.106138,
		-0.242508,
		-0.964326,
		0,
		-0.82531,
		-0.562408,
		0.050597,
		0,
		-0.554615,
		0.790498,
		-0.259837,
		0,
		-0.424995,
		0.461898,
		-0.302534,
		1,
	},
	[0.366666666667] = {
		-0.16095,
		-0.420507,
		-0.892899,
		0,
		-0.813715,
		-0.455443,
		0.361165,
		0,
		-0.558537,
		0.784695,
		-0.268869,
		0,
		-0.435658,
		0.438263,
		-0.274951,
		1,
	},
	[0.383333333333] = {
		-0.415217,
		-0.560095,
		-0.71686,
		0,
		-0.708332,
		-0.295415,
		0.64109,
		0,
		-0.570842,
		0.773966,
		-0.274072,
		0,
		-0.446043,
		0.412863,
		-0.226867,
		1,
	},
	[0.3] = {
		0.395664,
		0.008865,
		-0.918352,
		0,
		-0.786733,
		-0.512621,
		-0.343906,
		0,
		-0.473815,
		0.85857,
		-0.195851,
		0,
		-0.396701,
		0.517793,
		-0.30517,
		1,
	},
	[0.416666666667] = {
		-0.62116,
		-0.640389,
		-0.451733,
		0,
		-0.51535,
		-0.100472,
		0.85107,
		0,
		-0.590402,
		0.761451,
		-0.267615,
		0,
		-0.466753,
		0.365235,
		-0.133234,
		1,
	},
	[0.433333333333] = {
		-0.554119,
		-0.619325,
		-0.556227,
		0,
		-0.564847,
		-0.211088,
		0.797741,
		0,
		-0.611474,
		0.756226,
		-0.232856,
		0,
		-0.475711,
		0.351533,
		-0.12031,
		1,
	},
	[0.45] = {
		-0.513274,
		-0.597909,
		-0.615674,
		0,
		-0.528702,
		-0.344802,
		0.77562,
		0,
		-0.676036,
		0.723613,
		-0.139138,
		0,
		-0.484294,
		0.338927,
		-0.114241,
		1,
	},
	[0.466666666667] = {
		-0.510065,
		-0.582919,
		-0.632487,
		0,
		-0.443165,
		-0.45212,
		0.774075,
		0,
		-0.737183,
		0.675124,
		-0.027719,
		0,
		-0.492809,
		0.325937,
		-0.109196,
		1,
	},
	[0.483333333333] = {
		-0.486718,
		-0.515375,
		-0.705332,
		0,
		-0.323172,
		-0.643908,
		0.6935,
		0,
		-0.811582,
		0.565483,
		0.146847,
		0,
		-0.501286,
		0.312672,
		-0.104609,
		1,
	},
	[0.4] = {
		-0.577064,
		-0.628756,
		-0.521213,
		0,
		-0.570073,
		-0.146889,
		0.808357,
		0,
		-0.584819,
		0.763603,
		-0.273673,
		0,
		-0.45672,
		0.387092,
		-0.17236,
		1,
	},
	[0.516666666667] = {
		-0.363806,
		-0.183258,
		-0.91327,
		0,
		-0.347805,
		-0.882818,
		0.315697,
		0,
		-0.864105,
		0.432492,
		0.257436,
		0,
		-0.517163,
		0.28181,
		-0.099093,
		1,
	},
	[0.533333333333] = {
		-0.289388,
		-0.113817,
		-0.950421,
		0,
		-0.383817,
		-0.895793,
		0.224142,
		0,
		-0.876892,
		0.429652,
		0.215547,
		0,
		-0.524165,
		0.259172,
		-0.110122,
		1,
	},
	[0.55] = {
		-0.202525,
		-0.045978,
		-0.978197,
		0,
		-0.410028,
		-0.903139,
		0.127342,
		0,
		-0.889303,
		0.426878,
		0.164056,
		0,
		-0.531761,
		0.233645,
		-0.137756,
		1,
	},
	[0.566666666667] = {
		-0.109268,
		0.018134,
		-0.993847,
		0,
		-0.423213,
		-0.905533,
		0.030007,
		0,
		-0.899417,
		0.423888,
		0.10662,
		0,
		-0.539552,
		0.206584,
		-0.177195,
		1,
	},
	[0.583333333333] = {
		-0.016328,
		0.076545,
		-0.996932,
		0,
		-0.422882,
		-0.904028,
		-0.062485,
		0,
		-0.906037,
		0.420565,
		0.04713,
		0,
		-0.547154,
		0.179353,
		-0.223645,
		1,
	},
	[0.5] = {
		-0.440326,
		-0.337114,
		-0.832146,
		0,
		-0.324927,
		-0.804177,
		0.497717,
		0,
		-0.83698,
		0.489544,
		0.244563,
		0,
		-0.509613,
		0.298763,
		-0.100715,
		1,
	},
	[0.616666666667] = {
		0.14337,
		0.169238,
		-0.975091,
		0,
		-0.392419,
		-0.894784,
		-0.212998,
		0,
		-0.908544,
		0.413182,
		-0.061873,
		0,
		-0.560324,
		0.129935,
		-0.318461,
		1,
	},
	[0.633333333333] = {
		0.199966,
		0.200367,
		-0.959097,
		0,
		-0.371962,
		-0.890064,
		-0.263497,
		0,
		-0.906453,
		0.409438,
		-0.103453,
		0,
		-0.565196,
		0.110557,
		-0.357314,
		1,
	},
	[0.65] = {
		0.236041,
		0.219308,
		-0.946673,
		0,
		-0.355574,
		-0.887146,
		-0.294176,
		0,
		-0.904352,
		0.406049,
		-0.131422,
		0,
		-0.568461,
		0.096749,
		-0.384155,
		1,
	},
	[0.666666666667] = {
		0.248423,
		0.22441,
		-0.942298,
		0,
		-0.348082,
		-0.887134,
		-0.303039,
		0,
		-0.90395,
		0.403279,
		-0.142271,
		0,
		-0.569786,
		0.090125,
		-0.394282,
		1,
	},
	[0.683333333333] = {
		0.247814,
		0.221939,
		-0.943044,
		0,
		-0.346186,
		-0.888854,
		-0.300157,
		0,
		-0.904845,
		0.400851,
		-0.143438,
		0,
		-0.570031,
		0.087623,
		-0.394491,
		1,
	},
	[0.6] = {
		0.069771,
		0.127457,
		-0.989387,
		0,
		-0.411212,
		-0.899944,
		-0.144933,
		0,
		-0.908866,
		0.41696,
		-0.010378,
		0,
		-0.554194,
		0.153343,
		-0.272322,
		1,
	},
	[0.716666666667] = {
		0.246605,
		0.216778,
		-0.94456,
		0,
		-0.34239,
		-0.892316,
		-0.294179,
		0,
		-0.906617,
		0.395954,
		-0.145826,
		0,
		-0.570508,
		0.082533,
		-0.3949,
		1,
	},
	[0.733333333333] = {
		0.246015,
		0.214155,
		-0.945312,
		0,
		-0.340526,
		-0.894019,
		-0.291156,
		0,
		-0.907479,
		0.393532,
		-0.147017,
		0,
		-0.570735,
		0.08,
		-0.395092,
		1,
	},
	[0.75] = {
		0.245442,
		0.211546,
		-0.946048,
		0,
		-0.338709,
		-0.895679,
		-0.288158,
		0,
		-0.908314,
		0.391161,
		-0.148184,
		0,
		-0.570954,
		0.077512,
		-0.395272,
		1,
	},
	[0.766666666667] = {
		0.24489,
		0.208987,
		-0.946759,
		0,
		-0.336955,
		-0.897279,
		-0.285222,
		0,
		-0.909115,
		0.388864,
		-0.149316,
		0,
		-0.571161,
		0.075096,
		-0.395439,
		1,
	},
	[0.783333333333] = {
		0.244367,
		0.206511,
		-0.947438,
		0,
		-0.335283,
		-0.898801,
		-0.282387,
		0,
		-0.909874,
		0.386666,
		-0.150397,
		0,
		-0.571355,
		0.072779,
		-0.395592,
		1,
	},
	[0.7] = {
		0.247206,
		0.219384,
		-0.943801,
		0,
		-0.344283,
		-0.890588,
		-0.297192,
		0,
		-0.905737,
		0.398402,
		-0.144628,
		0,
		-0.570272,
		0.085083,
		-0.394699,
		1,
	},
	[0.816666666667] = {
		0.243422,
		0.201941,
		-0.948665,
		0,
		-0.332257,
		-0.901546,
		-0.277166,
		0,
		-0.911236,
		0.382669,
		-0.152359,
		0,
		-0.5717,
		0.068555,
		-0.395849,
		1,
	},
	[0.833333333333] = {
		0.243011,
		0.199916,
		-0.949199,
		0,
		-0.330938,
		-0.902737,
		-0.274856,
		0,
		-0.911825,
		0.380919,
		-0.153215,
		0,
		-0.571847,
		0.066702,
		-0.395953,
		1,
	},
	[0.85] = {
		0.242649,
		0.198109,
		-0.949671,
		0,
		-0.329773,
		-0.903787,
		-0.272797,
		0,
		-0.912344,
		0.37937,
		-0.153972,
		0,
		-0.571975,
		0.065058,
		-0.396041,
		1,
	},
	[0.866666666667] = {
		0.242341,
		0.196554,
		-0.950072,
		0,
		-0.32878,
		-0.904681,
		-0.271027,
		0,
		-0.912784,
		0.378045,
		-0.154619,
		0,
		-0.572083,
		0.063652,
		-0.396113,
		1,
	},
	[0.883333333333] = {
		0.242092,
		0.195285,
		-0.950397,
		0,
		-0.327976,
		-0.905404,
		-0.269585,
		0,
		-0.913139,
		0.376972,
		-0.155142,
		0,
		-0.57217,
		0.062511,
		-0.39617,
		1,
	},
	[0.8] = {
		0.243875,
		0.204151,
		-0.948076,
		0,
		-0.333711,
		-0.900228,
		-0.279689,
		0,
		-0.910583,
		0.384593,
		-0.151416,
		0,
		-0.571535,
		0.07059,
		-0.395728,
		1,
	},
	[0.916666666667] = {
		0.241794,
		0.193744,
		-0.950789,
		0,
		-0.327009,
		-0.906273,
		-0.267834,
		0,
		-0.913565,
		0.375677,
		-0.155775,
		0,
		-0.572273,
		0.061132,
		-0.396236,
		1,
	},
	[0.933333333333] = {
		0.241754,
		0.193539,
		-0.95084,
		0,
		-0.326881,
		-0.906388,
		-0.267601,
		0,
		-0.913621,
		0.375505,
		-0.155859,
		0,
		-0.572287,
		0.060949,
		-0.396244,
		1,
	},
	[0.9] = {
		0.241908,
		0.194338,
		-0.950638,
		0,
		-0.327379,
		-0.905939,
		-0.268508,
		0,
		-0.913402,
		0.376174,
		-0.155532,
		0,
		-0.572234,
		0.061661,
		-0.396211,
		1,
	},
}

return spline_matrices
