local spline_matrices = {
	[0] = {
		0.937968,
		-0.174096,
		0.299845,
		0,
		-0.346076,
		-0.522886,
		0.778987,
		0,
		0.021166,
		-0.834434,
		-0.550701,
		0,
		-0.296214,
		0.056074,
		-0.09777,
		1
	},
	[0.0166666666667] = {
		0.937461,
		-0.183633,
		0.295714,
		0,
		-0.348082,
		-0.500945,
		0.792397,
		0,
		0.002625,
		-0.845774,
		-0.533535,
		0,
		-0.290035,
		0.078874,
		-0.085056,
		1
	},
	[0.0333333333333] = {
		0.934861,
		-0.205505,
		0.289488,
		0,
		-0.352093,
		-0.432308,
		0.830145,
		0,
		-0.045451,
		-0.877997,
		-0.476504,
		0,
		-0.273114,
		0.134405,
		-0.054358,
		1
	},
	[0.05] = {
		0.931463,
		-0.228429,
		0.28319,
		0,
		-0.345216,
		-0.309072,
		0.886172,
		0,
		-0.114901,
		-0.923198,
		-0.366747,
		0,
		-0.247806,
		0.202948,
		-0.016795,
		1
	},
	[0.0666666666667] = {
		0.929515,
		-0.240309,
		0.279738,
		0,
		-0.314448,
		-0.120143,
		0.941641,
		0,
		-0.192676,
		-0.963233,
		-0.18724,
		0,
		-0.216523,
		0.264685,
		0.015922,
		1
	},
	[0.0833333333333] = {
		0.926659,
		-0.224412,
		0.301566,
		0,
		-0.260797,
		0.193948,
		0.945711,
		0,
		-0.270717,
		-0.954999,
		0.121198,
		0,
		-0.182175,
		0.314308,
		0.030251,
		1
	},
	[0.116666666667] = {
		0.918725,
		-0.140979,
		0.368875,
		0,
		-0.056782,
		0.877235,
		0.47669,
		0,
		-0.390794,
		-0.458893,
		0.797933,
		0,
		-0.118147,
		0.433277,
		0.049907,
		1
	},
	[0.133333333333] = {
		0.928152,
		-0.096432,
		0.359494,
		0,
		0.085844,
		0.995276,
		0.045342,
		0,
		-0.362168,
		-0.011224,
		0.932045,
		0,
		-0.084978,
		0.472166,
		0.031322,
		1
	},
	[0.15] = {
		0.942965,
		-0.053824,
		0.328513,
		0,
		0.176732,
		0.91723,
		-0.35701,
		0,
		-0.282106,
		0.394706,
		0.874427,
		0,
		-0.051118,
		0.503881,
		-0.001904,
		1
	},
	[0.166666666667] = {
		0.964945,
		-0.022766,
		0.261463,
		0,
		0.169726,
		0.814007,
		-0.555505,
		0,
		-0.200186,
		0.580409,
		0.789336,
		0,
		-0.025024,
		0.534829,
		-0.027323,
		1
	},
	[0.183333333333] = {
		0.977012,
		-0.002598,
		0.21317,
		0,
		0.15147,
		0.712098,
		-0.685546,
		0,
		-0.150016,
		0.702075,
		0.696122,
		0,
		-0.001648,
		0.564814,
		-0.06556,
		1
	},
	[0.1] = {
		0.920662,
		-0.184727,
		0.343885,
		0,
		-0.177697,
		0.586049,
		0.790551,
		0,
		-0.34757,
		-0.788938,
		0.506727,
		0,
		-0.148476,
		0.376076,
		0.042983,
		1
	},
	[0.216666666667] = {
		0.975701,
		0.006989,
		0.218996,
		0,
		0.205173,
		0.321603,
		-0.924378,
		0,
		-0.076891,
		0.946849,
		0.312355,
		0,
		0.04324,
		0.625012,
		-0.22539,
		1
	},
	[0.233333333333] = {
		0.98128,
		0.004373,
		0.192535,
		0,
		0.191932,
		0.060019,
		-0.979571,
		0,
		-0.01584,
		0.998188,
		0.058056,
		0,
		0.061002,
		0.657728,
		-0.295578,
		1
	},
	[0.25] = {
		0.995994,
		0.001144,
		0.089411,
		0,
		0.088485,
		-0.15666,
		-0.983681,
		0,
		0.012881,
		0.987652,
		-0.156134,
		0,
		0.07599,
		0.691266,
		-0.35591,
		1
	},
	[0.266666666667] = {
		0.992956,
		-0.050671,
		-0.107099,
		0,
		-0.116054,
		-0.233926,
		-0.965303,
		0,
		0.02386,
		0.970933,
		-0.238159,
		0,
		0.08247,
		0.721792,
		-0.400797,
		1
	},
	[0.283333333333] = {
		0.925354,
		-0.164139,
		-0.341728,
		0,
		-0.373991,
		-0.2477,
		-0.893742,
		0,
		0.062052,
		0.954832,
		-0.290596,
		0,
		0.080276,
		0.745893,
		-0.442915,
		1
	},
	[0.2] = {
		0.976342,
		0.00609,
		0.216148,
		0,
		0.180043,
		0.530711,
		-0.828209,
		0,
		-0.119756,
		0.847531,
		0.517059,
		0,
		0.022467,
		0.595869,
		-0.141533,
		1
	},
	[0.316666666667] = {
		0.650732,
		-0.396689,
		-0.647445,
		0,
		-0.74847,
		-0.191569,
		-0.634896,
		0,
		0.127826,
		0.897741,
		-0.42157,
		0,
		0.06255,
		0.745252,
		-0.52744,
		1
	},
	[0.333333333333] = {
		0.588391,
		-0.438276,
		-0.679493,
		0,
		-0.798089,
		-0.179881,
		-0.575062,
		0,
		0.129808,
		0.880657,
		-0.455624,
		0,
		0.049345,
		0.722885,
		-0.567454,
		1
	},
	[0.35] = {
		0.631946,
		-0.412637,
		-0.65603,
		0,
		-0.766603,
		-0.208456,
		-0.607343,
		0,
		0.113859,
		0.886723,
		-0.448061,
		0,
		0.034846,
		0.691822,
		-0.604532,
		1
	},
	[0.366666666667] = {
		0.733967,
		-0.346524,
		-0.584135,
		0,
		-0.675333,
		-0.280879,
		-0.681933,
		0,
		0.072235,
		0.895002,
		-0.440175,
		0,
		0.020256,
		0.656615,
		-0.637392,
		1
	},
	[0.383333333333] = {
		0.847309,
		-0.257203,
		-0.464665,
		0,
		-0.530673,
		-0.374962,
		-0.760125,
		0,
		0.021275,
		0.890646,
		-0.4542,
		0,
		0.006711,
		0.62187,
		-0.664732,
		1
	},
	[0.3] = {
		0.790718,
		-0.293596,
		-0.537184,
		0,
		-0.602578,
		-0.21846,
		-0.767578,
		0,
		0.108005,
		0.930632,
		-0.349655,
		0,
		0.07326,
		0.754537,
		-0.485565,
		1
	},
	[0.416666666667] = {
		0.975613,
		-0.092469,
		-0.199068,
		0,
		-0.21743,
		-0.531287,
		-0.818815,
		0,
		-0.030047,
		0.84213,
		-0.538436,
		0,
		-0.012432,
		0.571398,
		-0.698321,
		1
	},
	[0.433333333333] = {
		0.986953,
		-0.062701,
		-0.148301,
		0,
		-0.15797,
		-0.555241,
		-0.816549,
		0,
		-0.031144,
		0.829322,
		-0.557902,
		0,
		-0.015554,
		0.56443,
		-0.702194,
		1
	},
	[0.45] = {
		0.987018,
		-0.061599,
		-0.148326,
		0,
		-0.157434,
		-0.553785,
		-0.817641,
		0,
		-0.031775,
		0.830378,
		-0.556294,
		0,
		-0.015952,
		0.565779,
		-0.701098,
		1
	},
	[0.466666666667] = {
		0.987086,
		-0.060421,
		-0.148358,
		0,
		-0.156866,
		-0.552269,
		-0.818775,
		0,
		-0.032463,
		0.831474,
		-0.554615,
		0,
		-0.016391,
		0.567183,
		-0.699953,
		1
	},
	[0.483333333333] = {
		0.987154,
		-0.059221,
		-0.148392,
		0,
		-0.156291,
		-0.550753,
		-0.819905,
		0,
		-0.033171,
		0.832565,
		-0.552934,
		0,
		-0.016846,
		0.568583,
		-0.698805,
		1
	},
	[0.4] = {
		0.932541,
		-0.164945,
		-0.321187,
		0,
		-0.360695,
		-0.465856,
		-0.808008,
		0,
		-0.01635,
		0.869351,
		-0.493925,
		0,
		-0.004605,
		0.592001,
		-0.68543,
		1
	},
	[0.516666666667] = {
		0.987276,
		-0.056979,
		-0.148455,
		0,
		-0.155223,
		-0.54797,
		-0.82197,
		0,
		-0.034514,
		0.834555,
		-0.549842,
		0,
		-0.017715,
		0.571146,
		-0.69669,
		1
	},
	[0.533333333333] = {
		0.987326,
		-0.056045,
		-0.14848,
		0,
		-0.15478,
		-0.546827,
		-0.822814,
		0,
		-0.035078,
		0.835368,
		-0.548571,
		0,
		-0.018081,
		0.572195,
		-0.69582,
		1
	},
	[0.55] = {
		0.987364,
		-0.055311,
		-0.1485,
		0,
		-0.154433,
		-0.545933,
		-0.823473,
		0,
		-0.035524,
		0.836001,
		-0.547576,
		0,
		-0.018372,
		0.573014,
		-0.695138,
		1
	},
	[0.566666666667] = {
		0.987389,
		-0.05483,
		-0.148513,
		0,
		-0.154206,
		-0.54535,
		-0.823901,
		0,
		-0.035817,
		0.836413,
		-0.546928,
		0,
		-0.018563,
		0.573547,
		-0.694693,
		1
	},
	[0.583333333333] = {
		0.987398,
		-0.054657,
		-0.148517,
		0,
		-0.154124,
		-0.545142,
		-0.824054,
		0,
		-0.035923,
		0.83656,
		-0.546697,
		0,
		-0.018632,
		0.573737,
		-0.694535,
		1
	},
	[0.5] = {
		0.987218,
		-0.058055,
		-0.148425,
		0,
		-0.155735,
		-0.549299,
		-0.820985,
		0,
		-0.033867,
		0.833607,
		-0.551319,
		0,
		-0.017295,
		0.569923,
		-0.697701,
		1
	},
	[0.616666666667] = {
		0.987398,
		-0.054657,
		-0.148517,
		0,
		-0.154124,
		-0.545142,
		-0.824054,
		0,
		-0.035923,
		0.83656,
		-0.546697,
		0,
		-0.018632,
		0.573737,
		-0.694535,
		1
	},
	[0.633333333333] = {
		0.987398,
		-0.054657,
		-0.148517,
		0,
		-0.154124,
		-0.545142,
		-0.824054,
		0,
		-0.035923,
		0.83656,
		-0.546697,
		0,
		-0.018632,
		0.573737,
		-0.694535,
		1
	},
	[0.65] = {
		0.987398,
		-0.054657,
		-0.148517,
		0,
		-0.154124,
		-0.545142,
		-0.824054,
		0,
		-0.035923,
		0.83656,
		-0.546697,
		0,
		-0.018632,
		0.573737,
		-0.694535,
		1
	},
	[0.666666666667] = {
		0.987398,
		-0.054657,
		-0.148517,
		0,
		-0.154124,
		-0.545142,
		-0.824054,
		0,
		-0.035923,
		0.83656,
		-0.546697,
		0,
		-0.018632,
		0.573737,
		-0.694535,
		1
	},
	[0.6] = {
		0.987398,
		-0.054657,
		-0.148517,
		0,
		-0.154124,
		-0.545142,
		-0.824054,
		0,
		-0.035923,
		0.83656,
		-0.546697,
		0,
		-0.018632,
		0.573737,
		-0.694535,
		1
	}
}

return spline_matrices
