local spline_matrices = {
	[0] = {
		0.435709,
		-0.364987,
		0.822765,
		0,
		-0.535606,
		0.629505,
		0.562894,
		0,
		-0.723384,
		-0.685936,
		0.078791,
		0,
		-0.243961,
		0.251435,
		-0.086613,
		1
	},
	{
		0.04784,
		-0.126662,
		0.990792,
		0,
		0.63126,
		-0.764892,
		-0.128264,
		0,
		0.774094,
		0.631583,
		0.043364,
		0,
		0.389806,
		0.302579,
		-0.111825,
		1
	},
	{
		0.04784,
		-0.126662,
		0.990792,
		0,
		0.63126,
		-0.764892,
		-0.128264,
		0,
		0.774094,
		0.631583,
		0.043364,
		0,
		0.389806,
		0.302579,
		-0.111825,
		1
	},
	[0.0166666666667] = {
		0.414725,
		-0.3361,
		0.8456,
		0,
		-0.557808,
		0.640301,
		0.528077,
		0,
		-0.718925,
		-0.690689,
		0.078069,
		0,
		-0.235063,
		0.231985,
		-0.086349,
		1
	},
	[0.0333333333333] = {
		0.356826,
		-0.266852,
		0.895246,
		0,
		-0.588886,
		0.679683,
		0.437315,
		0,
		-0.725181,
		-0.683244,
		0.085384,
		0,
		-0.21196,
		0.189194,
		-0.085213,
		1
	},
	[0.05] = {
		0.273094,
		-0.184444,
		0.94414,
		0,
		-0.573798,
		0.756511,
		0.313761,
		0,
		-0.772124,
		-0.627432,
		0.100765,
		0,
		-0.180038,
		0.146401,
		-0.082684,
		1
	},
	[0.0666666666667] = {
		0.185067,
		-0.118472,
		0.975559,
		0,
		-0.457059,
		0.868429,
		0.192168,
		0,
		-0.86997,
		-0.481451,
		0.106569,
		0,
		-0.144685,
		0.126945,
		-0.078245,
		1
	},
	[0.0833333333333] = {
		0.079348,
		-0.095569,
		0.992255,
		0,
		0.046383,
		0.99467,
		0.092093,
		0,
		-0.995767,
		0.038717,
		0.083358,
		0,
		-0.099268,
		0.228489,
		-0.066334,
		1
	},
	[0.116666666667] = {
		-0.056793,
		-0.058339,
		0.99668,
		0,
		0.922107,
		0.379642,
		0.074765,
		0,
		-0.382743,
		0.923292,
		0.032234,
		0,
		0.069235,
		0.539398,
		-0.047726,
		1
	},
	[0.133333333333] = {
		-0.06481,
		-0.036604,
		0.997226,
		0,
		0.995388,
		0.068459,
		0.067203,
		0,
		-0.070729,
		0.996982,
		0.031998,
		0,
		0.168933,
		0.624387,
		-0.046246,
		1
	},
	[0.15] = {
		-0.063669,
		-0.030366,
		0.997509,
		0,
		0.993022,
		-0.10135,
		0.060298,
		0,
		0.099266,
		0.994387,
		0.036607,
		0,
		0.249631,
		0.59139,
		-0.049853,
		1
	},
	[0.166666666667] = {
		-0.059525,
		-0.027163,
		0.997857,
		0,
		0.975959,
		-0.211546,
		0.05246,
		0,
		0.209668,
		0.97699,
		0.039102,
		0,
		0.329979,
		0.514225,
		-0.058724,
		1
	},
	[0.183333333333] = {
		-0.051342,
		-0.025985,
		0.998343,
		0,
		0.952783,
		-0.300848,
		0.041168,
		0,
		0.29928,
		0.953318,
		0.040204,
		0,
		0.391635,
		0.425575,
		-0.069937,
		1
	},
	[0.1] = {
		-0.017327,
		-0.086245,
		0.996123,
		0,
		0.653859,
		0.752734,
		0.076546,
		0,
		-0.756418,
		0.65265,
		0.043349,
		0,
		-0.032285,
		0.392219,
		-0.053206,
		1
	},
	[0.216666666667] = {
		-0.008518,
		-0.052033,
		0.998609,
		0,
		0.826504,
		-0.562491,
		-0.022259,
		0,
		0.562867,
		0.825165,
		0.047797,
		0,
		0.409392,
		0.323292,
		-0.092837,
		1
	},
	[0.233333333333] = {
		0.0293,
		-0.100602,
		0.994495,
		0,
		0.70085,
		-0.707325,
		-0.092201,
		0,
		0.712706,
		0.699694,
		0.049782,
		0,
		0.39666,
		0.306764,
		-0.105804,
		1
	},
	[0.25] = {
		0.04784,
		-0.126662,
		0.990792,
		0,
		0.63126,
		-0.764892,
		-0.128264,
		0,
		0.774094,
		0.631583,
		0.043364,
		0,
		0.389806,
		0.302579,
		-0.111825,
		1
	},
	[0.266666666667] = {
		0.04784,
		-0.126662,
		0.990792,
		0,
		0.63126,
		-0.764892,
		-0.128264,
		0,
		0.774094,
		0.631583,
		0.043364,
		0,
		0.389806,
		0.302579,
		-0.111825,
		1
	},
	[0.283333333333] = {
		0.04784,
		-0.126662,
		0.990792,
		0,
		0.63126,
		-0.764892,
		-0.128264,
		0,
		0.774094,
		0.631583,
		0.043364,
		0,
		0.389806,
		0.302579,
		-0.111825,
		1
	},
	[0.2] = {
		-0.038079,
		-0.02582,
		0.998941,
		0,
		0.913567,
		-0.40596,
		0.024332,
		0,
		0.404901,
		0.913526,
		0.039047,
		0,
		0.416255,
		0.35812,
		-0.08057,
		1
	},
	[0.316666666667] = {
		0.04784,
		-0.126662,
		0.990792,
		0,
		0.63126,
		-0.764892,
		-0.128264,
		0,
		0.774094,
		0.631583,
		0.043364,
		0,
		0.389806,
		0.302579,
		-0.111825,
		1
	},
	[0.333333333333] = {
		0.04784,
		-0.126662,
		0.990792,
		0,
		0.63126,
		-0.764892,
		-0.128264,
		0,
		0.774094,
		0.631583,
		0.043364,
		0,
		0.389806,
		0.302579,
		-0.111825,
		1
	},
	[0.35] = {
		0.04784,
		-0.126662,
		0.990792,
		0,
		0.63126,
		-0.764892,
		-0.128264,
		0,
		0.774094,
		0.631583,
		0.043364,
		0,
		0.389806,
		0.302579,
		-0.111825,
		1
	},
	[0.366666666667] = {
		0.04784,
		-0.126662,
		0.990792,
		0,
		0.63126,
		-0.764892,
		-0.128264,
		0,
		0.774094,
		0.631583,
		0.043364,
		0,
		0.389806,
		0.302579,
		-0.111825,
		1
	},
	[0.383333333333] = {
		0.04784,
		-0.126662,
		0.990792,
		0,
		0.63126,
		-0.764892,
		-0.128264,
		0,
		0.774094,
		0.631583,
		0.043364,
		0,
		0.389806,
		0.302579,
		-0.111825,
		1
	},
	[0.3] = {
		0.04784,
		-0.126662,
		0.990792,
		0,
		0.63126,
		-0.764892,
		-0.128264,
		0,
		0.774094,
		0.631583,
		0.043364,
		0,
		0.389806,
		0.302579,
		-0.111825,
		1
	},
	[0.416666666667] = {
		0.04784,
		-0.126662,
		0.990792,
		0,
		0.63126,
		-0.764892,
		-0.128264,
		0,
		0.774094,
		0.631583,
		0.043364,
		0,
		0.389806,
		0.302579,
		-0.111825,
		1
	},
	[0.433333333333] = {
		0.04784,
		-0.126662,
		0.990792,
		0,
		0.63126,
		-0.764892,
		-0.128264,
		0,
		0.774094,
		0.631583,
		0.043364,
		0,
		0.389806,
		0.302579,
		-0.111825,
		1
	},
	[0.45] = {
		0.04784,
		-0.126662,
		0.990792,
		0,
		0.63126,
		-0.764892,
		-0.128264,
		0,
		0.774094,
		0.631583,
		0.043364,
		0,
		0.389806,
		0.302579,
		-0.111825,
		1
	},
	[0.466666666667] = {
		0.04784,
		-0.126662,
		0.990792,
		0,
		0.63126,
		-0.764892,
		-0.128264,
		0,
		0.774094,
		0.631583,
		0.043364,
		0,
		0.389806,
		0.302579,
		-0.111825,
		1
	},
	[0.483333333333] = {
		0.04784,
		-0.126662,
		0.990792,
		0,
		0.63126,
		-0.764892,
		-0.128264,
		0,
		0.774094,
		0.631583,
		0.043364,
		0,
		0.389806,
		0.302579,
		-0.111825,
		1
	},
	[0.4] = {
		0.04784,
		-0.126662,
		0.990792,
		0,
		0.63126,
		-0.764892,
		-0.128264,
		0,
		0.774094,
		0.631583,
		0.043364,
		0,
		0.389806,
		0.302579,
		-0.111825,
		1
	},
	[0.516666666667] = {
		0.04784,
		-0.126662,
		0.990792,
		0,
		0.63126,
		-0.764892,
		-0.128264,
		0,
		0.774094,
		0.631583,
		0.043364,
		0,
		0.389806,
		0.302579,
		-0.111825,
		1
	},
	[0.533333333333] = {
		0.04784,
		-0.126662,
		0.990792,
		0,
		0.63126,
		-0.764892,
		-0.128264,
		0,
		0.774094,
		0.631583,
		0.043364,
		0,
		0.389806,
		0.302579,
		-0.111825,
		1
	},
	[0.55] = {
		0.04784,
		-0.126662,
		0.990792,
		0,
		0.63126,
		-0.764892,
		-0.128264,
		0,
		0.774094,
		0.631583,
		0.043364,
		0,
		0.389806,
		0.302579,
		-0.111825,
		1
	},
	[0.566666666667] = {
		0.04784,
		-0.126662,
		0.990792,
		0,
		0.63126,
		-0.764892,
		-0.128264,
		0,
		0.774094,
		0.631583,
		0.043364,
		0,
		0.389806,
		0.302579,
		-0.111825,
		1
	},
	[0.583333333333] = {
		0.04784,
		-0.126662,
		0.990792,
		0,
		0.63126,
		-0.764892,
		-0.128264,
		0,
		0.774094,
		0.631583,
		0.043364,
		0,
		0.389806,
		0.302579,
		-0.111825,
		1
	},
	[0.5] = {
		0.04784,
		-0.126662,
		0.990792,
		0,
		0.63126,
		-0.764892,
		-0.128264,
		0,
		0.774094,
		0.631583,
		0.043364,
		0,
		0.389806,
		0.302579,
		-0.111825,
		1
	},
	[0.616666666667] = {
		0.04784,
		-0.126662,
		0.990792,
		0,
		0.63126,
		-0.764892,
		-0.128264,
		0,
		0.774094,
		0.631583,
		0.043364,
		0,
		0.389806,
		0.302579,
		-0.111825,
		1
	},
	[0.633333333333] = {
		0.04784,
		-0.126662,
		0.990792,
		0,
		0.63126,
		-0.764892,
		-0.128264,
		0,
		0.774094,
		0.631583,
		0.043364,
		0,
		0.389806,
		0.302579,
		-0.111825,
		1
	},
	[0.65] = {
		0.04784,
		-0.126662,
		0.990792,
		0,
		0.63126,
		-0.764892,
		-0.128264,
		0,
		0.774094,
		0.631583,
		0.043364,
		0,
		0.389806,
		0.302579,
		-0.111825,
		1
	},
	[0.666666666667] = {
		0.04784,
		-0.126662,
		0.990792,
		0,
		0.63126,
		-0.764892,
		-0.128264,
		0,
		0.774094,
		0.631583,
		0.043364,
		0,
		0.389806,
		0.302579,
		-0.111825,
		1
	},
	[0.683333333333] = {
		0.04784,
		-0.126662,
		0.990792,
		0,
		0.63126,
		-0.764892,
		-0.128264,
		0,
		0.774094,
		0.631583,
		0.043364,
		0,
		0.389806,
		0.302579,
		-0.111825,
		1
	},
	[0.6] = {
		0.04784,
		-0.126662,
		0.990792,
		0,
		0.63126,
		-0.764892,
		-0.128264,
		0,
		0.774094,
		0.631583,
		0.043364,
		0,
		0.389806,
		0.302579,
		-0.111825,
		1
	},
	[0.716666666667] = {
		0.04784,
		-0.126662,
		0.990792,
		0,
		0.63126,
		-0.764892,
		-0.128264,
		0,
		0.774094,
		0.631583,
		0.043364,
		0,
		0.389806,
		0.302579,
		-0.111825,
		1
	},
	[0.733333333333] = {
		0.04784,
		-0.126662,
		0.990792,
		0,
		0.63126,
		-0.764892,
		-0.128264,
		0,
		0.774094,
		0.631583,
		0.043364,
		0,
		0.389806,
		0.302579,
		-0.111825,
		1
	},
	[0.75] = {
		0.04784,
		-0.126662,
		0.990792,
		0,
		0.63126,
		-0.764892,
		-0.128264,
		0,
		0.774094,
		0.631583,
		0.043364,
		0,
		0.389806,
		0.302579,
		-0.111825,
		1
	},
	[0.766666666667] = {
		0.04784,
		-0.126662,
		0.990792,
		0,
		0.63126,
		-0.764892,
		-0.128264,
		0,
		0.774094,
		0.631583,
		0.043364,
		0,
		0.389806,
		0.302579,
		-0.111825,
		1
	},
	[0.783333333333] = {
		0.04784,
		-0.126662,
		0.990792,
		0,
		0.63126,
		-0.764892,
		-0.128264,
		0,
		0.774094,
		0.631583,
		0.043364,
		0,
		0.389806,
		0.302579,
		-0.111825,
		1
	},
	[0.7] = {
		0.04784,
		-0.126662,
		0.990792,
		0,
		0.63126,
		-0.764892,
		-0.128264,
		0,
		0.774094,
		0.631583,
		0.043364,
		0,
		0.389806,
		0.302579,
		-0.111825,
		1
	},
	[0.816666666667] = {
		0.04784,
		-0.126662,
		0.990792,
		0,
		0.63126,
		-0.764892,
		-0.128264,
		0,
		0.774094,
		0.631583,
		0.043364,
		0,
		0.389806,
		0.302579,
		-0.111825,
		1
	},
	[0.833333333333] = {
		0.04784,
		-0.126662,
		0.990792,
		0,
		0.63126,
		-0.764892,
		-0.128264,
		0,
		0.774094,
		0.631583,
		0.043364,
		0,
		0.389806,
		0.302579,
		-0.111825,
		1
	},
	[0.85] = {
		0.04784,
		-0.126662,
		0.990792,
		0,
		0.63126,
		-0.764892,
		-0.128264,
		0,
		0.774094,
		0.631583,
		0.043364,
		0,
		0.389806,
		0.302579,
		-0.111825,
		1
	},
	[0.866666666667] = {
		0.04784,
		-0.126662,
		0.990792,
		0,
		0.63126,
		-0.764892,
		-0.128264,
		0,
		0.774094,
		0.631583,
		0.043364,
		0,
		0.389806,
		0.302579,
		-0.111825,
		1
	},
	[0.883333333333] = {
		0.04784,
		-0.126662,
		0.990792,
		0,
		0.63126,
		-0.764892,
		-0.128264,
		0,
		0.774094,
		0.631583,
		0.043364,
		0,
		0.389806,
		0.302579,
		-0.111825,
		1
	},
	[0.8] = {
		0.04784,
		-0.126662,
		0.990792,
		0,
		0.63126,
		-0.764892,
		-0.128264,
		0,
		0.774094,
		0.631583,
		0.043364,
		0,
		0.389806,
		0.302579,
		-0.111825,
		1
	},
	[0.916666666667] = {
		0.04784,
		-0.126662,
		0.990792,
		0,
		0.63126,
		-0.764892,
		-0.128264,
		0,
		0.774094,
		0.631583,
		0.043364,
		0,
		0.389806,
		0.302579,
		-0.111825,
		1
	},
	[0.933333333333] = {
		0.04784,
		-0.126662,
		0.990792,
		0,
		0.63126,
		-0.764892,
		-0.128264,
		0,
		0.774094,
		0.631583,
		0.043364,
		0,
		0.389806,
		0.302579,
		-0.111825,
		1
	},
	[0.95] = {
		0.04784,
		-0.126662,
		0.990792,
		0,
		0.63126,
		-0.764892,
		-0.128264,
		0,
		0.774094,
		0.631583,
		0.043364,
		0,
		0.389806,
		0.302579,
		-0.111825,
		1
	},
	[0.966666666667] = {
		0.04784,
		-0.126662,
		0.990792,
		0,
		0.63126,
		-0.764892,
		-0.128264,
		0,
		0.774094,
		0.631583,
		0.043364,
		0,
		0.389806,
		0.302579,
		-0.111825,
		1
	},
	[0.983333333333] = {
		0.04784,
		-0.126662,
		0.990792,
		0,
		0.63126,
		-0.764892,
		-0.128264,
		0,
		0.774094,
		0.631583,
		0.043364,
		0,
		0.389806,
		0.302579,
		-0.111825,
		1
	},
	[0.9] = {
		0.04784,
		-0.126662,
		0.990792,
		0,
		0.63126,
		-0.764892,
		-0.128264,
		0,
		0.774094,
		0.631583,
		0.043364,
		0,
		0.389806,
		0.302579,
		-0.111825,
		1
	},
	[1.01666666667] = {
		0.04784,
		-0.126662,
		0.990792,
		0,
		0.63126,
		-0.764892,
		-0.128264,
		0,
		0.774094,
		0.631583,
		0.043364,
		0,
		0.389806,
		0.302579,
		-0.111825,
		1
	},
	[1.03333333333] = {
		0.04784,
		-0.126662,
		0.990792,
		0,
		0.63126,
		-0.764892,
		-0.128264,
		0,
		0.774094,
		0.631583,
		0.043364,
		0,
		0.389806,
		0.302579,
		-0.111825,
		1
	},
	[1.05] = {
		0.04784,
		-0.126662,
		0.990792,
		0,
		0.63126,
		-0.764892,
		-0.128264,
		0,
		0.774094,
		0.631583,
		0.043364,
		0,
		0.389806,
		0.302579,
		-0.111825,
		1
	},
	[1.06666666667] = {
		0.04784,
		-0.126662,
		0.990792,
		0,
		0.63126,
		-0.764892,
		-0.128264,
		0,
		0.774094,
		0.631583,
		0.043364,
		0,
		0.389806,
		0.302579,
		-0.111825,
		1
	},
	[1.08333333333] = {
		0.04784,
		-0.126662,
		0.990792,
		0,
		0.63126,
		-0.764892,
		-0.128264,
		0,
		0.774094,
		0.631583,
		0.043364,
		0,
		0.389806,
		0.302579,
		-0.111825,
		1
	},
	[1.11666666667] = {
		0.04784,
		-0.126662,
		0.990792,
		0,
		0.63126,
		-0.764892,
		-0.128264,
		0,
		0.774094,
		0.631583,
		0.043364,
		0,
		0.389806,
		0.302579,
		-0.111825,
		1
	},
	[1.13333333333] = {
		0.04784,
		-0.126662,
		0.990792,
		0,
		0.63126,
		-0.764892,
		-0.128264,
		0,
		0.774094,
		0.631583,
		0.043364,
		0,
		0.389806,
		0.302579,
		-0.111825,
		1
	},
	[1.15] = {
		0.04784,
		-0.126662,
		0.990792,
		0,
		0.63126,
		-0.764892,
		-0.128264,
		0,
		0.774094,
		0.631583,
		0.043364,
		0,
		0.389806,
		0.302579,
		-0.111825,
		1
	},
	[1.16666666667] = {
		0.04784,
		-0.126662,
		0.990792,
		0,
		0.63126,
		-0.764892,
		-0.128264,
		0,
		0.774094,
		0.631583,
		0.043364,
		0,
		0.389806,
		0.302579,
		-0.111825,
		1
	},
	[1.18333333333] = {
		0.04784,
		-0.126662,
		0.990792,
		0,
		0.63126,
		-0.764892,
		-0.128264,
		0,
		0.774094,
		0.631583,
		0.043364,
		0,
		0.389806,
		0.302579,
		-0.111825,
		1
	},
	[1.1] = {
		0.04784,
		-0.126662,
		0.990792,
		0,
		0.63126,
		-0.764892,
		-0.128264,
		0,
		0.774094,
		0.631583,
		0.043364,
		0,
		0.389806,
		0.302579,
		-0.111825,
		1
	},
	[1.21666666667] = {
		0.04784,
		-0.126662,
		0.990792,
		0,
		0.63126,
		-0.764892,
		-0.128264,
		0,
		0.774094,
		0.631583,
		0.043364,
		0,
		0.389806,
		0.302579,
		-0.111825,
		1
	},
	[1.23333333333] = {
		0.04784,
		-0.126662,
		0.990792,
		0,
		0.63126,
		-0.764892,
		-0.128264,
		0,
		0.774094,
		0.631583,
		0.043364,
		0,
		0.389806,
		0.302579,
		-0.111825,
		1
	},
	[1.25] = {
		0.04784,
		-0.126662,
		0.990792,
		0,
		0.63126,
		-0.764892,
		-0.128264,
		0,
		0.774094,
		0.631583,
		0.043364,
		0,
		0.389806,
		0.302579,
		-0.111825,
		1
	},
	[1.26666666667] = {
		0.04784,
		-0.126662,
		0.990792,
		0,
		0.63126,
		-0.764892,
		-0.128264,
		0,
		0.774094,
		0.631583,
		0.043364,
		0,
		0.389806,
		0.302579,
		-0.111825,
		1
	},
	[1.28333333333] = {
		0.04784,
		-0.126662,
		0.990792,
		0,
		0.63126,
		-0.764892,
		-0.128264,
		0,
		0.774094,
		0.631583,
		0.043364,
		0,
		0.389806,
		0.302579,
		-0.111825,
		1
	},
	[1.2] = {
		0.04784,
		-0.126662,
		0.990792,
		0,
		0.63126,
		-0.764892,
		-0.128264,
		0,
		0.774094,
		0.631583,
		0.043364,
		0,
		0.389806,
		0.302579,
		-0.111825,
		1
	},
	[1.31666666667] = {
		0.04784,
		-0.126662,
		0.990792,
		0,
		0.63126,
		-0.764892,
		-0.128264,
		0,
		0.774094,
		0.631583,
		0.043364,
		0,
		0.389806,
		0.302579,
		-0.111825,
		1
	},
	[1.33333333333] = {
		0.04784,
		-0.126662,
		0.990792,
		0,
		0.63126,
		-0.764892,
		-0.128264,
		0,
		0.774094,
		0.631583,
		0.043364,
		0,
		0.389806,
		0.302579,
		-0.111825,
		1
	},
	[1.35] = {
		0.04784,
		-0.126662,
		0.990792,
		0,
		0.63126,
		-0.764892,
		-0.128264,
		0,
		0.774094,
		0.631583,
		0.043364,
		0,
		0.389806,
		0.302579,
		-0.111825,
		1
	},
	[1.36666666667] = {
		0.04784,
		-0.126662,
		0.990792,
		0,
		0.63126,
		-0.764892,
		-0.128264,
		0,
		0.774094,
		0.631583,
		0.043364,
		0,
		0.389806,
		0.302579,
		-0.111825,
		1
	},
	[1.38333333333] = {
		0.04784,
		-0.126662,
		0.990792,
		0,
		0.63126,
		-0.764892,
		-0.128264,
		0,
		0.774094,
		0.631583,
		0.043364,
		0,
		0.389806,
		0.302579,
		-0.111825,
		1
	},
	[1.3] = {
		0.04784,
		-0.126662,
		0.990792,
		0,
		0.63126,
		-0.764892,
		-0.128264,
		0,
		0.774094,
		0.631583,
		0.043364,
		0,
		0.389806,
		0.302579,
		-0.111825,
		1
	},
	[1.41666666667] = {
		0.04784,
		-0.126662,
		0.990792,
		0,
		0.63126,
		-0.764892,
		-0.128264,
		0,
		0.774094,
		0.631583,
		0.043364,
		0,
		0.389806,
		0.302579,
		-0.111825,
		1
	},
	[1.43333333333] = {
		0.04784,
		-0.126662,
		0.990792,
		0,
		0.63126,
		-0.764892,
		-0.128264,
		0,
		0.774094,
		0.631583,
		0.043364,
		0,
		0.389806,
		0.302579,
		-0.111825,
		1
	},
	[1.45] = {
		0.04784,
		-0.126662,
		0.990792,
		0,
		0.63126,
		-0.764892,
		-0.128264,
		0,
		0.774094,
		0.631583,
		0.043364,
		0,
		0.389806,
		0.302579,
		-0.111825,
		1
	},
	[1.46666666667] = {
		0.04784,
		-0.126662,
		0.990792,
		0,
		0.63126,
		-0.764892,
		-0.128264,
		0,
		0.774094,
		0.631583,
		0.043364,
		0,
		0.389806,
		0.302579,
		-0.111825,
		1
	},
	[1.48333333333] = {
		0.04784,
		-0.126662,
		0.990792,
		0,
		0.63126,
		-0.764892,
		-0.128264,
		0,
		0.774094,
		0.631583,
		0.043364,
		0,
		0.389806,
		0.302579,
		-0.111825,
		1
	},
	[1.4] = {
		0.04784,
		-0.126662,
		0.990792,
		0,
		0.63126,
		-0.764892,
		-0.128264,
		0,
		0.774094,
		0.631583,
		0.043364,
		0,
		0.389806,
		0.302579,
		-0.111825,
		1
	},
	[1.51666666667] = {
		0.04784,
		-0.126662,
		0.990792,
		0,
		0.63126,
		-0.764892,
		-0.128264,
		0,
		0.774094,
		0.631583,
		0.043364,
		0,
		0.389806,
		0.302579,
		-0.111825,
		1
	},
	[1.53333333333] = {
		0.04784,
		-0.126662,
		0.990792,
		0,
		0.63126,
		-0.764892,
		-0.128264,
		0,
		0.774094,
		0.631583,
		0.043364,
		0,
		0.389806,
		0.302579,
		-0.111825,
		1
	},
	[1.55] = {
		0.04784,
		-0.126662,
		0.990792,
		0,
		0.63126,
		-0.764892,
		-0.128264,
		0,
		0.774094,
		0.631583,
		0.043364,
		0,
		0.389806,
		0.302579,
		-0.111825,
		1
	},
	[1.56666666667] = {
		0.04784,
		-0.126662,
		0.990792,
		0,
		0.63126,
		-0.764892,
		-0.128264,
		0,
		0.774094,
		0.631583,
		0.043364,
		0,
		0.389806,
		0.302579,
		-0.111825,
		1
	},
	[1.58333333333] = {
		0.04784,
		-0.126662,
		0.990792,
		0,
		0.63126,
		-0.764892,
		-0.128264,
		0,
		0.774094,
		0.631583,
		0.043364,
		0,
		0.389806,
		0.302579,
		-0.111825,
		1
	},
	[1.5] = {
		0.04784,
		-0.126662,
		0.990792,
		0,
		0.63126,
		-0.764892,
		-0.128264,
		0,
		0.774094,
		0.631583,
		0.043364,
		0,
		0.389806,
		0.302579,
		-0.111825,
		1
	},
	[1.61666666667] = {
		0.04784,
		-0.126662,
		0.990792,
		0,
		0.63126,
		-0.764892,
		-0.128264,
		0,
		0.774094,
		0.631583,
		0.043364,
		0,
		0.389806,
		0.302579,
		-0.111825,
		1
	},
	[1.63333333333] = {
		0.04784,
		-0.126662,
		0.990792,
		0,
		0.63126,
		-0.764892,
		-0.128264,
		0,
		0.774094,
		0.631583,
		0.043364,
		0,
		0.389806,
		0.302579,
		-0.111825,
		1
	},
	[1.65] = {
		0.04784,
		-0.126662,
		0.990792,
		0,
		0.63126,
		-0.764892,
		-0.128264,
		0,
		0.774094,
		0.631583,
		0.043364,
		0,
		0.389806,
		0.302579,
		-0.111825,
		1
	},
	[1.66666666667] = {
		0.04784,
		-0.126662,
		0.990792,
		0,
		0.63126,
		-0.764892,
		-0.128264,
		0,
		0.774094,
		0.631583,
		0.043364,
		0,
		0.389806,
		0.302579,
		-0.111825,
		1
	},
	[1.68333333333] = {
		0.04784,
		-0.126662,
		0.990792,
		0,
		0.63126,
		-0.764892,
		-0.128264,
		0,
		0.774094,
		0.631583,
		0.043364,
		0,
		0.389806,
		0.302579,
		-0.111825,
		1
	},
	[1.6] = {
		0.04784,
		-0.126662,
		0.990792,
		0,
		0.63126,
		-0.764892,
		-0.128264,
		0,
		0.774094,
		0.631583,
		0.043364,
		0,
		0.389806,
		0.302579,
		-0.111825,
		1
	},
	[1.71666666667] = {
		0.04784,
		-0.126662,
		0.990792,
		0,
		0.63126,
		-0.764892,
		-0.128264,
		0,
		0.774094,
		0.631583,
		0.043364,
		0,
		0.389806,
		0.302579,
		-0.111825,
		1
	},
	[1.73333333333] = {
		0.04784,
		-0.126662,
		0.990792,
		0,
		0.63126,
		-0.764892,
		-0.128264,
		0,
		0.774094,
		0.631583,
		0.043364,
		0,
		0.389806,
		0.302579,
		-0.111825,
		1
	},
	[1.75] = {
		0.04784,
		-0.126662,
		0.990792,
		0,
		0.63126,
		-0.764892,
		-0.128264,
		0,
		0.774094,
		0.631583,
		0.043364,
		0,
		0.389806,
		0.302579,
		-0.111825,
		1
	},
	[1.76666666667] = {
		0.04784,
		-0.126662,
		0.990792,
		0,
		0.63126,
		-0.764892,
		-0.128264,
		0,
		0.774094,
		0.631583,
		0.043364,
		0,
		0.389806,
		0.302579,
		-0.111825,
		1
	},
	[1.78333333333] = {
		0.04784,
		-0.126662,
		0.990792,
		0,
		0.63126,
		-0.764892,
		-0.128264,
		0,
		0.774094,
		0.631583,
		0.043364,
		0,
		0.389806,
		0.302579,
		-0.111825,
		1
	},
	[1.7] = {
		0.04784,
		-0.126662,
		0.990792,
		0,
		0.63126,
		-0.764892,
		-0.128264,
		0,
		0.774094,
		0.631583,
		0.043364,
		0,
		0.389806,
		0.302579,
		-0.111825,
		1
	},
	[1.81666666667] = {
		0.04784,
		-0.126662,
		0.990792,
		0,
		0.63126,
		-0.764892,
		-0.128264,
		0,
		0.774094,
		0.631583,
		0.043364,
		0,
		0.389806,
		0.302579,
		-0.111825,
		1
	},
	[1.83333333333] = {
		0.04784,
		-0.126662,
		0.990792,
		0,
		0.63126,
		-0.764892,
		-0.128264,
		0,
		0.774094,
		0.631583,
		0.043364,
		0,
		0.389806,
		0.302579,
		-0.111825,
		1
	},
	[1.85] = {
		0.04784,
		-0.126662,
		0.990792,
		0,
		0.63126,
		-0.764892,
		-0.128264,
		0,
		0.774094,
		0.631583,
		0.043364,
		0,
		0.389806,
		0.302579,
		-0.111825,
		1
	},
	[1.86666666667] = {
		0.04784,
		-0.126662,
		0.990792,
		0,
		0.63126,
		-0.764892,
		-0.128264,
		0,
		0.774094,
		0.631583,
		0.043364,
		0,
		0.389806,
		0.302579,
		-0.111825,
		1
	},
	[1.88333333333] = {
		0.04784,
		-0.126662,
		0.990792,
		0,
		0.63126,
		-0.764892,
		-0.128264,
		0,
		0.774094,
		0.631583,
		0.043364,
		0,
		0.389806,
		0.302579,
		-0.111825,
		1
	},
	[1.8] = {
		0.04784,
		-0.126662,
		0.990792,
		0,
		0.63126,
		-0.764892,
		-0.128264,
		0,
		0.774094,
		0.631583,
		0.043364,
		0,
		0.389806,
		0.302579,
		-0.111825,
		1
	},
	[1.91666666667] = {
		0.04784,
		-0.126662,
		0.990792,
		0,
		0.63126,
		-0.764892,
		-0.128264,
		0,
		0.774094,
		0.631583,
		0.043364,
		0,
		0.389806,
		0.302579,
		-0.111825,
		1
	},
	[1.93333333333] = {
		0.04784,
		-0.126662,
		0.990792,
		0,
		0.63126,
		-0.764892,
		-0.128264,
		0,
		0.774094,
		0.631583,
		0.043364,
		0,
		0.389806,
		0.302579,
		-0.111825,
		1
	},
	[1.95] = {
		0.04784,
		-0.126662,
		0.990792,
		0,
		0.63126,
		-0.764892,
		-0.128264,
		0,
		0.774094,
		0.631583,
		0.043364,
		0,
		0.389806,
		0.302579,
		-0.111825,
		1
	},
	[1.96666666667] = {
		0.04784,
		-0.126662,
		0.990792,
		0,
		0.63126,
		-0.764892,
		-0.128264,
		0,
		0.774094,
		0.631583,
		0.043364,
		0,
		0.389806,
		0.302579,
		-0.111825,
		1
	},
	[1.98333333333] = {
		0.04784,
		-0.126662,
		0.990792,
		0,
		0.63126,
		-0.764892,
		-0.128264,
		0,
		0.774094,
		0.631583,
		0.043364,
		0,
		0.389806,
		0.302579,
		-0.111825,
		1
	},
	[1.9] = {
		0.04784,
		-0.126662,
		0.990792,
		0,
		0.63126,
		-0.764892,
		-0.128264,
		0,
		0.774094,
		0.631583,
		0.043364,
		0,
		0.389806,
		0.302579,
		-0.111825,
		1
	},
	[2.01666666667] = {
		0.04784,
		-0.126662,
		0.990792,
		0,
		0.63126,
		-0.764892,
		-0.128264,
		0,
		0.774094,
		0.631583,
		0.043364,
		0,
		0.389806,
		0.302579,
		-0.111825,
		1
	},
	[2.03333333333] = {
		0.04784,
		-0.126662,
		0.990792,
		0,
		0.63126,
		-0.764892,
		-0.128264,
		0,
		0.774094,
		0.631583,
		0.043364,
		0,
		0.389806,
		0.302579,
		-0.111825,
		1
	},
	[2.05] = {
		0.04784,
		-0.126662,
		0.990792,
		0,
		0.63126,
		-0.764892,
		-0.128264,
		0,
		0.774094,
		0.631583,
		0.043364,
		0,
		0.389806,
		0.302579,
		-0.111825,
		1
	},
	[2.06666666667] = {
		0.04784,
		-0.126662,
		0.990792,
		0,
		0.63126,
		-0.764892,
		-0.128264,
		0,
		0.774094,
		0.631583,
		0.043364,
		0,
		0.389806,
		0.302579,
		-0.111825,
		1
	},
	[2.08333333333] = {
		0.04784,
		-0.126662,
		0.990792,
		0,
		0.63126,
		-0.764892,
		-0.128264,
		0,
		0.774094,
		0.631583,
		0.043364,
		0,
		0.389806,
		0.302579,
		-0.111825,
		1
	},
	[2.11666666667] = {
		0.04784,
		-0.126662,
		0.990792,
		0,
		0.63126,
		-0.764892,
		-0.128264,
		0,
		0.774094,
		0.631583,
		0.043364,
		0,
		0.389806,
		0.302579,
		-0.111825,
		1
	},
	[2.13333333333] = {
		0.04784,
		-0.126662,
		0.990792,
		0,
		0.63126,
		-0.764892,
		-0.128264,
		0,
		0.774094,
		0.631583,
		0.043364,
		0,
		0.389806,
		0.302579,
		-0.111825,
		1
	},
	[2.15] = {
		0.04784,
		-0.126662,
		0.990792,
		0,
		0.63126,
		-0.764892,
		-0.128264,
		0,
		0.774094,
		0.631583,
		0.043364,
		0,
		0.389806,
		0.302579,
		-0.111825,
		1
	},
	[2.16666666667] = {
		0.04784,
		-0.126662,
		0.990792,
		0,
		0.63126,
		-0.764892,
		-0.128264,
		0,
		0.774094,
		0.631583,
		0.043364,
		0,
		0.389806,
		0.302579,
		-0.111825,
		1
	},
	[2.18333333333] = {
		0.04784,
		-0.126662,
		0.990792,
		0,
		0.63126,
		-0.764892,
		-0.128264,
		0,
		0.774094,
		0.631583,
		0.043364,
		0,
		0.389806,
		0.302579,
		-0.111825,
		1
	},
	[2.1] = {
		0.04784,
		-0.126662,
		0.990792,
		0,
		0.63126,
		-0.764892,
		-0.128264,
		0,
		0.774094,
		0.631583,
		0.043364,
		0,
		0.389806,
		0.302579,
		-0.111825,
		1
	},
	[2.21666666667] = {
		0.04784,
		-0.126662,
		0.990792,
		0,
		0.63126,
		-0.764892,
		-0.128264,
		0,
		0.774094,
		0.631583,
		0.043364,
		0,
		0.389806,
		0.302579,
		-0.111825,
		1
	},
	[2.23333333333] = {
		0.04784,
		-0.126662,
		0.990792,
		0,
		0.63126,
		-0.764892,
		-0.128264,
		0,
		0.774094,
		0.631583,
		0.043364,
		0,
		0.389806,
		0.302579,
		-0.111825,
		1
	},
	[2.2] = {
		0.04784,
		-0.126662,
		0.990792,
		0,
		0.63126,
		-0.764892,
		-0.128264,
		0,
		0.774094,
		0.631583,
		0.043364,
		0,
		0.389806,
		0.302579,
		-0.111825,
		1
	}
}

return spline_matrices
