-- chunkname: @content/characters/player/human/first_person/animations/2h_force_sword/heavy_attack_down_right.lua

local spline_matrices = {
	[0.0166666666667] = {
		0.937461,
		-0.183633,
		0.295714,
		0,
		-0.348082,
		-0.500945,
		0.792397,
		0,
		0.002625,
		-0.845774,
		-0.533535,
		0,
		-0.290035,
		0.078874,
		-0.085056,
		1,
	},
	[0.0333333333333] = {
		0.934861,
		-0.205505,
		0.289488,
		0,
		-0.352093,
		-0.432308,
		0.830145,
		0,
		-0.045451,
		-0.877997,
		-0.476504,
		0,
		-0.273114,
		0.134405,
		-0.054358,
		1,
	},
	[0.05] = {
		0.931463,
		-0.228429,
		0.28319,
		0,
		-0.345216,
		-0.309072,
		0.886172,
		0,
		-0.114901,
		-0.923198,
		-0.366747,
		0,
		-0.247806,
		0.202948,
		-0.016795,
		1,
	},
	[0.0666666666667] = {
		0.929515,
		-0.240309,
		0.279738,
		0,
		-0.314448,
		-0.120143,
		0.941641,
		0,
		-0.192676,
		-0.963233,
		-0.18724,
		0,
		-0.216523,
		0.264685,
		0.015922,
		1,
	},
	[0.0833333333333] = {
		0.926659,
		-0.224412,
		0.301566,
		0,
		-0.260797,
		0.193948,
		0.945711,
		0,
		-0.270717,
		-0.954999,
		0.121198,
		0,
		-0.182175,
		0.314308,
		0.030251,
		1,
	},
	[0] = {
		0.937968,
		-0.174096,
		0.299845,
		0,
		-0.346076,
		-0.522886,
		0.778987,
		0,
		0.021166,
		-0.834434,
		-0.550701,
		0,
		-0.296214,
		0.056074,
		-0.09777,
		1,
	},
	[0.116666666667] = {
		0.918725,
		-0.142057,
		0.368461,
		0,
		-0.056782,
		0.875838,
		0.479253,
		0,
		-0.390794,
		-0.461224,
		0.796588,
		0,
		-0.118147,
		0.43313,
		0.051174,
		1,
	},
	[0.133333333333] = {
		0.92818,
		-0.098083,
		0.358973,
		0,
		0.085501,
		0.995042,
		0.0508,
		0,
		-0.362176,
		-0.016459,
		0.931965,
		0,
		-0.085141,
		0.471958,
		0.033909,
		1,
	},
	[0.15] = {
		0.942965,
		-0.056385,
		0.328083,
		0,
		0.176732,
		0.919986,
		-0.349845,
		0,
		-0.282106,
		0.387874,
		0.877479,
		0,
		-0.051118,
		0.50388,
		0.002026,
		1,
	},
	[0.166666666667] = {
		0.964871,
		-0.029036,
		0.261113,
		0,
		0.172943,
		0.818364,
		-0.548061,
		0,
		-0.197772,
		0.573966,
		0.794638,
		0,
		-0.022875,
		0.535153,
		-0.022428,
		1,
	},
	[0.183333333333] = {
		0.977005,
		-0.009839,
		0.21299,
		0,
		0.15531,
		0.717249,
		-0.679288,
		0,
		-0.146083,
		0.696747,
		0.702284,
		0,
		0.001449,
		0.565369,
		-0.060596,
		1,
	},
	[0.1] = {
		0.920662,
		-0.18502,
		0.343727,
		0,
		-0.177697,
		0.585374,
		0.79105,
		0,
		-0.34757,
		-0.789369,
		0.506055,
		0,
		-0.148476,
		0.37604,
		0.043304,
		1,
	},
	[0.216666666667] = {
		0.975645,
		0.014993,
		0.218842,
		0,
		0.203376,
		0.311972,
		-0.928069,
		0,
		-0.082187,
		0.949973,
		0.301325,
		0,
		0.039744,
		0.62258,
		-0.232647,
		1,
	},
	[0.233333333333] = {
		0.976161,
		0.014512,
		0.216561,
		0,
		0.214397,
		0.09097,
		-0.972501,
		0,
		-0.033813,
		0.995748,
		0.08569,
		0,
		0.058937,
		0.664149,
		-0.285646,
		1,
	},
	[0.25] = {
		0.979577,
		0.018039,
		0.200259,
		0,
		0.200657,
		-0.151506,
		-0.967875,
		0,
		0.012881,
		0.988292,
		-0.152032,
		0,
		0.07599,
		0.692738,
		-0.353036,
		1,
	},
	[0.266666666667] = {
		0.98191,
		0.015883,
		0.188679,
		0,
		0.184767,
		-0.298218,
		-0.936444,
		0,
		0.041394,
		0.954365,
		-0.295759,
		0,
		0.082945,
		0.715826,
		-0.411805,
		1,
	},
	[0.283333333333] = {
		0.987881,
		-0.010739,
		0.154839,
		0,
		0.141076,
		-0.353816,
		-0.924614,
		0,
		0.064714,
		0.935253,
		-0.348013,
		0,
		0.081445,
		0.741064,
		-0.454621,
		1,
	},
	[0.2] = {
		0.976351,
		0.005368,
		0.216125,
		0,
		0.180702,
		0.528535,
		-0.829456,
		0,
		-0.118682,
		0.848895,
		0.515065,
		0,
		0.021674,
		0.594493,
		-0.143083,
		1,
	},
	[0.316666666667] = {
		0.850757,
		-0.292714,
		-0.436499,
		0,
		-0.511465,
		-0.270076,
		-0.815759,
		0,
		0.120896,
		0.917266,
		-0.379482,
		0,
		0.064521,
		0.741665,
		-0.52438,
		1,
	},
	[0.333333333333] = {
		0.586855,
		-0.445211,
		-0.676305,
		0,
		-0.798676,
		-0.180979,
		-0.573902,
		0,
		0.13311,
		0.876945,
		-0.461788,
		0,
		0.051657,
		0.719058,
		-0.560514,
		1,
	},
	[0.35] = {
		0.630228,
		-0.420015,
		-0.652993,
		0,
		-0.767422,
		-0.209382,
		-0.605989,
		0,
		0.1178,
		0.883033,
		-0.454287,
		0,
		0.037514,
		0.687766,
		-0.596889,
		1,
	},
	[0.366666666667] = {
		0.732307,
		-0.354397,
		-0.581489,
		0,
		-0.676633,
		-0.282407,
		-0.680011,
		0,
		0.076777,
		0.891431,
		-0.446605,
		0,
		0.023254,
		0.652221,
		-0.631437,
		1,
	},
	[0.383333333333] = {
		0.845897,
		-0.265541,
		-0.462543,
		0,
		-0.532694,
		-0.377742,
		-0.75733,
		0,
		0.02638,
		0.887017,
		-0.460983,
		0,
		0.010052,
		0.616956,
		-0.661958,
		1,
	},
	[0.3] = {
		0.996654,
		-0.080377,
		0.014848,
		0,
		-0.014812,
		-0.356262,
		-0.934269,
		0,
		0.080383,
		0.930923,
		-0.35626,
		0,
		0.074961,
		0.751217,
		-0.49043,
		1,
	},
	[0.416666666667] = {
		0.974931,
		-0.101312,
		-0.198107,
		0,
		-0.221219,
		-0.537081,
		-0.814006,
		0,
		-0.023931,
		0.837425,
		-0.546029,
		0,
		-0.008305,
		0.565172,
		-0.702291,
		1,
	},
	[0.433333333333] = {
		0.986419,
		-0.072081,
		-0.147586,
		0,
		-0.162413,
		-0.562004,
		-0.811032,
		0,
		-0.024484,
		0.823988,
		-0.566079,
		0,
		-0.011018,
		0.557565,
		-0.707742,
		1,
	},
	[0.45] = {
		0.986436,
		-0.07182,
		-0.147604,
		0,
		-0.162305,
		-0.561151,
		-0.811645,
		0,
		-0.024536,
		0.824592,
		-0.565196,
		0,
		-0.011033,
		0.558323,
		-0.707144,
		1,
	},
	[0.466666666667] = {
		0.986465,
		-0.071351,
		-0.147636,
		0,
		-0.162095,
		-0.560221,
		-0.812328,
		0,
		-0.024748,
		0.825264,
		-0.564204,
		0,
		-0.011159,
		0.55917,
		-0.706473,
		1,
	},
	[0.483333333333] = {
		0.986505,
		-0.070699,
		-0.147681,
		0,
		-0.161795,
		-0.559229,
		-0.813071,
		0,
		-0.025104,
		0.825993,
		-0.563121,
		0,
		-0.011385,
		0.560092,
		-0.705738,
		1,
	},
	[0.4] = {
		0.931492,
		-0.173582,
		-0.319675,
		0,
		-0.363604,
		-0.470192,
		-0.804184,
		0,
		-0.010717,
		0.865326,
		-0.501095,
		0,
		-0.000879,
		0.586452,
		-0.686299,
		1,
	},
	[0.516666666667] = {
		0.986612,
		-0.06894,
		-0.147797,
		0,
		-0.160971,
		-0.557106,
		-0.814691,
		0,
		-0.026174,
		0.827575,
		-0.560745,
		0,
		-0.012083,
		0.562104,
		-0.704125,
		1,
	},
	[0.533333333333] = {
		0.986675,
		-0.06788,
		-0.147864,
		0,
		-0.160469,
		-0.556,
		-0.815545,
		0,
		-0.026853,
		0.828406,
		-0.559484,
		0,
		-0.012532,
		0.563166,
		-0.703268,
		1,
	},
	[0.55] = {
		0.986743,
		-0.066732,
		-0.147934,
		0,
		-0.159924,
		-0.554881,
		-0.816414,
		0,
		-0.027605,
		0.829249,
		-0.558197,
		0,
		-0.013032,
		0.564246,
		-0.702393,
		1,
	},
	[0.566666666667] = {
		0.986814,
		-0.06552,
		-0.148005,
		0,
		-0.159346,
		-0.553762,
		-0.817286,
		0,
		-0.028411,
		0.830093,
		-0.556901,
		0,
		-0.013571,
		0.565331,
		-0.70151,
		1,
	},
	[0.583333333333] = {
		0.986886,
		-0.064268,
		-0.148076,
		0,
		-0.158748,
		-0.552657,
		-0.81815,
		0,
		-0.029254,
		0.830927,
		-0.555612,
		0,
		-0.014135,
		0.566405,
		-0.700631,
		1,
	},
	[0.5] = {
		0.986555,
		-0.069887,
		-0.147735,
		0,
		-0.161417,
		-0.558186,
		-0.813863,
		0,
		-0.025585,
		0.826767,
		-0.561962,
		0,
		-0.011697,
		0.561075,
		-0.704952,
		1,
	},
	[0.616666666667] = {
		0.987027,
		-0.061737,
		-0.148208,
		0,
		-0.157535,
		-0.550537,
		-0.819812,
		0,
		-0.030982,
		0.832525,
		-0.553121,
		0,
		-0.015296,
		0.568472,
		-0.698932,
		1,
	},
	[0.633333333333] = {
		0.987094,
		-0.060506,
		-0.148269,
		0,
		-0.156944,
		-0.549549,
		-0.820588,
		0,
		-0.03183,
		0.833268,
		-0.551953,
		0,
		-0.015867,
		0.569436,
		-0.698134,
		1,
	},
	[0.65] = {
		0.987158,
		-0.059331,
		-0.148323,
		0,
		-0.156379,
		-0.548626,
		-0.821313,
		0,
		-0.032645,
		0.83396,
		-0.550859,
		0,
		-0.016416,
		0.570336,
		-0.697386,
		1,
	},
	[0.666666666667] = {
		0.987215,
		-0.058234,
		-0.148372,
		0,
		-0.155851,
		-0.547783,
		-0.821976,
		0,
		-0.033409,
		0.834591,
		-0.549856,
		0,
		-0.016932,
		0.571159,
		-0.696699,
		1,
	},
	[0.683333333333] = {
		0.987267,
		-0.057241,
		-0.148415,
		0,
		-0.155372,
		-0.547033,
		-0.822566,
		0,
		-0.034103,
		0.835152,
		-0.548961,
		0,
		-0.017401,
		0.571891,
		-0.696087,
		1,
	},
	[0.6] = {
		0.986957,
		-0.062998,
		-0.148144,
		0,
		-0.15814,
		-0.551577,
		-0.818996,
		0,
		-0.030117,
		0.831741,
		-0.554346,
		0,
		-0.014714,
		0.567457,
		-0.699768,
		1,
	},
	[0.716666666667] = {
		0.987348,
		-0.055659,
		-0.148479,
		0,
		-0.154609,
		-0.545863,
		-0.823486,
		0,
		-0.035215,
		0.836024,
		-0.547562,
		0,
		-0.018152,
		0.573033,
		-0.695128,
		1,
	},
	[0.733333333333] = {
		0.987375,
		-0.055118,
		-0.1485,
		0,
		-0.154347,
		-0.545472,
		-0.823795,
		0,
		-0.035596,
		0.836315,
		-0.547093,
		0,
		-0.018411,
		0.573415,
		-0.694806,
		1,
	},
	[0.75] = {
		0.987392,
		-0.054776,
		-0.148513,
		0,
		-0.154182,
		-0.545227,
		-0.823988,
		0,
		-0.035838,
		0.836497,
		-0.546798,
		0,
		-0.018574,
		0.573654,
		-0.694604,
		1,
	},
	[0.766666666667] = {
		0.987398,
		-0.054657,
		-0.148517,
		0,
		-0.154124,
		-0.545142,
		-0.824054,
		0,
		-0.035923,
		0.83656,
		-0.546697,
		0,
		-0.018632,
		0.573737,
		-0.694535,
		1,
	},
	[0.7] = {
		0.987312,
		-0.056375,
		-0.14845,
		0,
		-0.154954,
		-0.546388,
		-0.823073,
		0,
		-0.034711,
		0.835633,
		-0.548191,
		0,
		-0.017812,
		0.57252,
		-0.695559,
		1,
	},
}

return spline_matrices
