-- chunkname: @content/characters/player/human/first_person/animations/2h_force_sword/heavy_attack_right.lua

local spline_matrices = {
	[0.0333333333333] = {
		0.274942,
		0.315798,
		-0.908118,
		0,
		0.846381,
		0.368586,
		0.384426,
		0,
		0.45612,
		-0.874309,
		-0.165945,
		0,
		0.500581,
		0.403917,
		-0.090844,
		1,
	},
	[0.0666666666667] = {
		0.340359,
		0.223604,
		-0.913322,
		0,
		0.934009,
		0.031735,
		0.355838,
		0,
		0.10855,
		-0.974163,
		-0.198047,
		0,
		0.384251,
		0.406551,
		-0.089664,
		1,
	},
	[0] = {
		0.206613,
		0.40689,
		-0.889804,
		0,
		0.632208,
		0.638565,
		0.438802,
		0,
		0.746743,
		-0.653203,
		-0.125303,
		0,
		0.559869,
		0.401832,
		-0.090221,
		1,
	},
	[0.133333333333] = {
		-0.034747,
		0.191626,
		-0.980853,
		0,
		0.046679,
		0.980686,
		0.189939,
		0,
		0.998305,
		-0.039186,
		-0.043021,
		0,
		0.148605,
		0.586316,
		-0.061431,
		1,
	},
	[0.166666666667] = {
		-0.159307,
		0.173575,
		-0.97185,
		0,
		-0.766584,
		0.598552,
		0.232562,
		0,
		0.62207,
		0.782053,
		0.037706,
		0,
		0.015784,
		0.644926,
		-0.055228,
		1,
	},
	[0.1] = {
		0.206328,
		0.216727,
		-0.954179,
		0,
		0.827408,
		0.481909,
		0.288374,
		0,
		0.522326,
		-0.848995,
		-0.07989,
		0,
		0.269459,
		0.471096,
		-0.077317,
		1,
	},
	[0.233333333333] = {
		0.122257,
		0.170496,
		-0.977745,
		0,
		-0.889226,
		-0.418741,
		-0.184208,
		0,
		-0.440829,
		0.891957,
		0.100415,
		0,
		-0.382245,
		0.493833,
		-0.115821,
		1,
	},
	[0.266666666667] = {
		0.158081,
		0.207051,
		-0.965474,
		0,
		-0.815765,
		-0.523535,
		-0.245843,
		0,
		-0.556361,
		0.826463,
		0.086144,
		0,
		-0.438935,
		0.418886,
		-0.135253,
		1,
	},
	[0.2] = {
		0.117628,
		0.059055,
		-0.9913,
		0,
		-0.988932,
		0.097867,
		-0.111516,
		0,
		0.09043,
		0.993446,
		0.069914,
		0,
		-0.226986,
		0.648432,
		-0.078923,
		1,
	},
	[0.333333333333] = {
		0.273581,
		0.234799,
		-0.93275,
		0,
		-0.745897,
		-0.560479,
		-0.359863,
		0,
		-0.607282,
		0.794187,
		0.021799,
		0,
		-0.463183,
		0.355319,
		-0.157563,
		1,
	},
	[0.366666666667] = {
		0.27487,
		0.239687,
		-0.931127,
		0,
		-0.743956,
		-0.56046,
		-0.363888,
		0,
		-0.609078,
		0.792739,
		0.024263,
		0,
		-0.463661,
		0.355019,
		-0.156832,
		1,
	},
	[0.3] = {
		0.232813,
		0.226147,
		-0.945862,
		0,
		-0.766233,
		-0.55629,
		-0.321603,
		0,
		-0.598903,
		0.799624,
		0.04377,
		0,
		-0.459222,
		0.372104,
		-0.151379,
		1,
	},
	[0.433333333333] = {
		0.276117,
		0.246882,
		-0.928875,
		0,
		-0.738319,
		-0.564265,
		-0.369446,
		0,
		-0.615341,
		0.787816,
		0.026475,
		0,
		-0.465894,
		0.352236,
		-0.156489,
		1,
	},
	[0.466666666667] = {
		0.275865,
		0.247724,
		-0.928726,
		0,
		-0.735487,
		-0.567667,
		-0.369883,
		0,
		-0.618836,
		0.785103,
		0.025598,
		0,
		-0.467302,
		0.350113,
		-0.157053,
		1,
	},
	[0.4] = {
		0.275779,
		0.244252,
		-0.92967,
		0,
		-0.741188,
		-0.561791,
		-0.367466,
		0,
		-0.612035,
		0.7904,
		0.026106,
		0,
		-0.46466,
		0.353912,
		-0.156376,
		1,
	},
	[0.533333333333] = {
		0.274749,
		0.24802,
		-0.928977,
		0,
		-0.730015,
		-0.574987,
		-0.369416,
		0,
		-0.625773,
		0.779664,
		0.023081,
		0,
		-0.470192,
		0.345611,
		-0.158394,
		1,
	},
	[0.566666666667] = {
		0.274185,
		0.247996,
		-0.92915,
		0,
		-0.72753,
		-0.578358,
		-0.369056,
		0,
		-0.628906,
		0.777175,
		0.021847,
		0,
		-0.471501,
		0.34353,
		-0.15903,
		1,
	},
	[0.5] = {
		0.275359,
		0.248016,
		-0.928798,
		0,
		-0.732693,
		-0.571333,
		-0.369783,
		0,
		-0.622365,
		0.782347,
		0.024398,
		0,
		-0.468764,
		0.347855,
		-0.157712,
		1,
	},
	[0.633333333333] = {
		0.273724,
		0.248504,
		-0.929151,
		0,
		-0.723498,
		-0.583332,
		-0.369154,
		0,
		-0.633739,
		0.773285,
		0.02012,
		0,
		-0.473437,
		0.340394,
		-0.160017,
		1,
	},
	[0.666666666667] = {
		0.273908,
		0.248532,
		-0.929089,
		0,
		-0.722205,
		-0.584807,
		-0.369352,
		0,
		-0.635134,
		0.772161,
		0.019308,
		0,
		-0.473936,
		0.339468,
		-0.160506,
		1,
	},
	[0.6] = {
		0.273819,
		0.248206,
		-0.929202,
		0,
		-0.72532,
		-0.581175,
		-0.36898,
		0,
		-0.631612,
		0.775003,
		0.020893,
		0,
		-0.472606,
		0.341764,
		-0.159554,
		1,
	},
	[0.733333333333] = {
		0.275124,
		0.247755,
		-0.928937,
		0,
		-0.72132,
		-0.585604,
		-0.369819,
		0,
		-0.635614,
		0.771807,
		0.017597,
		0,
		-0.473899,
		0.339027,
		-0.161543,
		1,
	},
	[0.766666666667] = {
		0.275883,
		0.24724,
		-0.928849,
		0,
		-0.721126,
		-0.585678,
		-0.37008,
		0,
		-0.635505,
		0.771916,
		0.016713,
		0,
		-0.47372,
		0.33902,
		-0.162082,
		1,
	},
	[0.7] = {
		0.274414,
		0.24824,
		-0.929018,
		0,
		-0.721565,
		-0.585456,
		-0.369574,
		0,
		-0.635642,
		0.771763,
		0.018464,
		0,
		-0.474039,
		0.339083,
		-0.161016,
		1,
	},
	[0.833333333333] = {
		0.277507,
		0.246148,
		-0.928655,
		0,
		-0.720872,
		-0.585634,
		-0.370643,
		0,
		-0.635085,
		0.772298,
		0.014924,
		0,
		-0.473265,
		0.33913,
		-0.163178,
		1,
	},
	[0.866666666667] = {
		0.278353,
		0.245584,
		-0.928552,
		0,
		-0.720805,
		-0.58553,
		-0.370938,
		0,
		-0.634792,
		0.772556,
		0.014034,
		0,
		-0.472999,
		0.339237,
		-0.163725,
		1,
	},
	[0.8] = {
		0.27668,
		0.246702,
		-0.928755,
		0,
		-0.720978,
		-0.585685,
		-0.370356,
		0,
		-0.635326,
		0.772082,
		0.015819,
		0,
		-0.473507,
		0.339056,
		-0.162629,
		1,
	},
	[0.933333333333] = {
		0.280061,
		0.24445,
		-0.928337,
		0,
		-0.720765,
		-0.5852,
		-0.371535,
		0,
		-0.634085,
		0.773165,
		0.012299,
		0,
		-0.472419,
		0.339528,
		-0.164796,
		1,
	},
	[0.966666666667] = {
		0.280903,
		0.243893,
		-0.928229,
		0,
		-0.720784,
		-0.584989,
		-0.371832,
		0,
		-0.633691,
		0.773501,
		0.011469,
		0,
		-0.472114,
		0.339701,
		-0.16531,
		1,
	},
	[0.9] = {
		0.279207,
		0.245016,
		-0.928445,
		0,
		-0.72077,
		-0.585384,
		-0.371236,
		0,
		-0.634455,
		0.772848,
		0.013157,
		0,
		-0.472715,
		0.339371,
		-0.164266,
		1,
	},
	[1.03333333333] = {
		0.282514,
		0.242832,
		-0.928019,
		0,
		-0.720879,
		-0.584509,
		-0.372402,
		0,
		-0.632866,
		0.774198,
		0.00992,
		0,
		-0.471504,
		0.340079,
		-0.166271,
		1,
	},
	[1.06666666667] = {
		0.283263,
		0.24234,
		-0.927919,
		0,
		-0.720946,
		-0.584256,
		-0.372668,
		0,
		-0.632454,
		0.774543,
		0.009216,
		0,
		-0.47121,
		0.340272,
		-0.16671,
		1,
	},
	{
		0.281724,
		0.243352,
		-0.928123,
		0,
		-0.720823,
		-0.584755,
		-0.372122,
		0,
		-0.633281,
		0.773848,
		0.010674,
		0,
		-0.471808,
		0.339887,
		-0.165803,
		1,
	},
	[1.13333333333] = {
		0.284599,
		0.241464,
		-0.927739,
		0,
		-0.7211,
		-0.583761,
		-0.373145,
		0,
		-0.631679,
		0.775189,
		0.007982,
		0,
		-0.470669,
		0.340644,
		-0.167479,
		1,
	},
	[1.16666666667] = {
		0.285165,
		0.241093,
		-0.927661,
		0,
		-0.721178,
		-0.583535,
		-0.373349,
		0,
		-0.631335,
		0.775475,
		0.007467,
		0,
		-0.470433,
		0.340811,
		-0.1678,
		1,
	},
	[1.1] = {
		0.283962,
		0.241881,
		-0.927825,
		0,
		-0.721021,
		-0.584004,
		-0.372917,
		0,
		-0.632055,
		0.774876,
		0.008567,
		0,
		-0.470929,
		0.340462,
		-0.167114,
		1,
	},
	[1.23333333333] = {
		0.286046,
		0.240517,
		-0.927539,
		0,
		-0.721315,
		-0.583163,
		-0.373666,
		0,
		-0.63078,
		0.775933,
		0.006677,
		0,
		-0.470058,
		0.341084,
		-0.168294,
		1,
	},
	[1.26666666667] = {
		0.28634,
		0.240325,
		-0.927498,
		0,
		-0.721365,
		-0.583032,
		-0.373772,
		0,
		-0.630588,
		0.776091,
		0.006417,
		0,
		-0.469931,
		0.341179,
		-0.168458,
		1,
	},
	[1.2] = {
		0.285651,
		0.240775,
		-0.927594,
		0,
		-0.721251,
		-0.583333,
		-0.373524,
		0,
		-0.631032,
		0.775725,
		0.00703,
		0,
		-0.470228,
		0.340959,
		-0.168074,
		1,
	},
	[1.33333333333] = {
		0.286588,
		0.240164,
		-0.927464,
		0,
		-0.721411,
		-0.582918,
		-0.373862,
		0,
		-0.630423,
		0.776227,
		0.0062,
		0,
		-0.469822,
		0.341261,
		-0.168594,
		1,
	},
	[1.3] = {
		0.286524,
		0.240205,
		-0.927473,
		0,
		-0.721399,
		-0.582948,
		-0.373839,
		0,
		-0.630466,
		0.776192,
		0.006255,
		0,
		-0.46985,
		0.34124,
		-0.168559,
		1,
	},
}

return spline_matrices
