-- chunkname: @content/characters/player/human/first_person/animations/2h_force_sword/heavy_attack_left_special.lua

local spline_matrices = {
	[0.0333333333333] = {
		0.267935,
		0.105366,
		-0.957658,
		0,
		0.838692,
		0.463671,
		0.285666,
		0,
		0.474138,
		-0.87972,
		0.035864,
		0,
		0.515696,
		0.150854,
		-0.079611,
		1,
	},
	[0.0666666666667] = {
		0.296163,
		0.10925,
		-0.948869,
		0,
		0.862806,
		0.395527,
		0.314841,
		0,
		0.4097,
		-0.911933,
		0.022879,
		0,
		0.47371,
		0.112874,
		-0.063709,
		1,
	},
	[0] = {
		0.251418,
		0.101902,
		-0.962499,
		0,
		0.825387,
		0.496796,
		0.268199,
		0,
		0.505496,
		-0.861864,
		0.040795,
		0,
		0.540727,
		0.178901,
		-0.091831,
		1,
	},
	[0.133333333333] = {
		0.374305,
		0.104646,
		-0.921382,
		0,
		0.897471,
		0.20913,
		0.388343,
		0,
		0.233327,
		-0.972273,
		-0.015639,
		0,
		0.358011,
		0.115899,
		-0.048091,
		1,
	},
	[0.166666666667] = {
		0.38358,
		0.076044,
		-0.920372,
		0,
		0.90661,
		0.158769,
		0.390962,
		0,
		0.175857,
		-0.984383,
		-0.008042,
		0,
		0.310682,
		0.158486,
		-0.028803,
		1,
	},
	[0.1] = {
		0.322993,
		0.106671,
		-0.940371,
		0,
		0.888156,
		0.309034,
		0.340114,
		0,
		0.326887,
		-0.94505,
		0.005075,
		0,
		0.422202,
		0.098016,
		-0.057693,
		1,
	},
	[0.233333333333] = {
		0.115044,
		-0.033198,
		-0.992806,
		0,
		0.924101,
		0.370228,
		0.094703,
		0,
		0.364421,
		-0.928348,
		0.07327,
		0,
		0.261555,
		0.364702,
		-0.002789,
		1,
	},
	[0.266666666667] = {
		0.21159,
		0.106145,
		-0.971578,
		0,
		0.109005,
		0.98532,
		0.131386,
		0,
		0.971261,
		-0.133707,
		0.196913,
		0,
		0.184011,
		0.558417,
		-0.012714,
		1,
	},
	[0.2] = {
		0.361375,
		0.027869,
		-0.932004,
		0,
		0.916367,
		0.174066,
		0.360517,
		0,
		0.172277,
		-0.98434,
		0.037365,
		0,
		0.281836,
		0.233887,
		-0.00723,
		1,
	},
	[0.333333333333] = {
		0.09462,
		0.098915,
		-0.990587,
		0,
		-0.871141,
		-0.473379,
		-0.13048,
		0,
		-0.481829,
		0.875288,
		0.041378,
		0,
		-0.328817,
		0.488553,
		-0.118062,
		1,
	},
	[0.366666666667] = {
		0.116155,
		0.158025,
		-0.980579,
		0,
		-0.782942,
		-0.592914,
		-0.188295,
		0,
		-0.611154,
		0.789608,
		0.054855,
		0,
		-0.393789,
		0.420467,
		-0.136932,
		1,
	},
	[0.3] = {
		0.171789,
		0.056374,
		-0.983519,
		0,
		-0.981474,
		-0.076182,
		-0.175799,
		0,
		-0.084837,
		0.995499,
		0.042242,
		0,
		-0.213943,
		0.604792,
		-0.093833,
		1,
	},
	[0.433333333333] = {
		0.087259,
		0.134882,
		-0.987012,
		0,
		-0.773914,
		-0.614675,
		-0.152419,
		0,
		-0.62725,
		0.777162,
		0.050751,
		0,
		-0.355243,
		0.416696,
		-0.162988,
		1,
	},
	[0.466666666667] = {
		0.059806,
		0.109098,
		-0.99223,
		0,
		-0.776081,
		-0.620068,
		-0.114956,
		0,
		-0.627792,
		0.776926,
		0.047585,
		0,
		-0.346405,
		0.418424,
		-0.176469,
		1,
	},
	[0.4] = {
		0.107454,
		0.152945,
		-0.982375,
		0,
		-0.775251,
		-0.605729,
		-0.179104,
		0,
		-0.622446,
		0.780833,
		0.053482,
		0,
		-0.390172,
		0.418522,
		-0.149674,
		1,
	},
	[0.533333333333] = {
		0.001734,
		0.057067,
		-0.998369,
		0,
		-0.779192,
		-0.625685,
		-0.037117,
		0,
		-0.626782,
		0.777986,
		0.043381,
		0,
		-0.328475,
		0.421615,
		-0.202287,
		1,
	},
	[0.566666666667] = {
		-0.018678,
		0.041987,
		-0.998944,
		0,
		-0.779291,
		-0.626552,
		-0.011763,
		0,
		-0.626384,
		0.778248,
		0.044423,
		0,
		-0.322832,
		0.422355,
		-0.21365,
		1,
	},
	[0.5] = {
		0.029544,
		0.081266,
		-0.996254,
		0,
		-0.778172,
		-0.623682,
		-0.073952,
		0,
		-0.627356,
		0.777442,
		0.044813,
		0,
		-0.336903,
		0.420189,
		-0.189708,
		1,
	},
	[0.633333333333] = {
		-0.044854,
		0.034885,
		-0.998384,
		0,
		-0.779558,
		-0.626192,
		0.013143,
		0,
		-0.624722,
		0.778888,
		0.055282,
		0,
		-0.319601,
		0.422505,
		-0.228739,
		1,
	},
	[0.666666666667] = {
		-0.053066,
		0.035866,
		-0.997947,
		0,
		-0.779875,
		-0.625647,
		0.018985,
		0,
		-0.623681,
		0.779282,
		0.061171,
		0,
		-0.319349,
		0.42195,
		-0.235591,
		1,
	},
	[0.6] = {
		-0.033381,
		0.035911,
		-0.998797,
		0,
		-0.77932,
		-0.626616,
		0.003516,
		0,
		-0.625736,
		0.7785,
		0.048903,
		0,
		-0.32031,
		0.422605,
		-0.222182,
		1,
	},
	[0.733333333333] = {
		-0.059792,
		0.033201,
		-0.997659,
		0,
		-0.778138,
		-0.627565,
		0.02575,
		0,
		-0.625241,
		0.777856,
		0.063358,
		0,
		-0.315726,
		0.418712,
		-0.259106,
		1,
	},
	[0.766666666667] = {
		-0.055195,
		0.031744,
		-0.997971,
		0,
		-0.7665,
		-0.641868,
		0.021976,
		0,
		-0.639868,
		0.766158,
		0.05976,
		0,
		-0.314315,
		0.413482,
		-0.279696,
		1,
	},
	[0.7] = {
		-0.058033,
		0.035824,
		-0.997672,
		0,
		-0.780035,
		-0.625316,
		0.022919,
		0,
		-0.623039,
		0.779549,
		0.064233,
		0,
		-0.318213,
		0.42086,
		-0.244973,
		1,
	},
	[0.833333333333] = {
		0.029112,
		-0.003335,
		-0.999571,
		0,
		-0.747624,
		-0.663834,
		-0.019559,
		0,
		-0.663484,
		0.747872,
		-0.021819,
		0,
		-0.287617,
		0.405762,
		-0.343009,
		1,
	},
	[0.866666666667] = {
		0.186466,
		-0.040115,
		-0.981642,
		0,
		-0.739494,
		-0.663551,
		-0.113353,
		0,
		-0.646823,
		0.747055,
		-0.153394,
		0,
		-0.24651,
		0.410344,
		-0.390416,
		1,
	},
	[0.8] = {
		-0.034403,
		0.022352,
		-0.999158,
		0,
		-0.753007,
		-0.657917,
		0.011209,
		0,
		-0.657113,
		0.752759,
		0.039465,
		0,
		-0.307922,
		0.407805,
		-0.307151,
		1,
	},
	[0.933333333333] = {
		0.286096,
		-0.261774,
		-0.92175,
		0,
		-0.837537,
		-0.535633,
		-0.10784,
		0,
		-0.46549,
		0.802852,
		-0.372487,
		0,
		-0.136992,
		0.428051,
		-0.47144,
		1,
	},
	[0.966666666667] = {
		0.102059,
		-0.511351,
		-0.85329,
		0,
		-0.98498,
		-0.172038,
		-0.014713,
		0,
		-0.139275,
		0.841976,
		-0.521229,
		0,
		-0.069482,
		0.440921,
		-0.488117,
		1,
	},
	[0.9] = {
		0.321449,
		-0.106049,
		-0.94097,
		0,
		-0.73723,
		-0.651662,
		-0.178405,
		0,
		-0.594275,
		0.751059,
		-0.287659,
		0,
		-0.195223,
		0.418384,
		-0.437662,
		1,
	},
	[1.03333333333] = {
		0.078231,
		-0.554453,
		-0.82853,
		0,
		-0.992626,
		-0.120513,
		-0.013077,
		0,
		-0.092598,
		0.823443,
		-0.559793,
		0,
		-0.065053,
		0.440854,
		-0.491312,
		1,
	},
	[1.06666666667] = {
		0.082304,
		-0.55527,
		-0.827587,
		0,
		-0.991717,
		-0.127794,
		-0.012884,
		0,
		-0.098606,
		0.821793,
		-0.561189,
		0,
		-0.068265,
		0.439532,
		-0.49206,
		1,
	},
	{
		0.073582,
		-0.553746,
		-0.829428,
		0,
		-0.993595,
		-0.11222,
		-0.013226,
		0,
		-0.085755,
		0.825089,
		-0.558456,
		0,
		-0.061395,
		0.442174,
		-0.490596,
		1,
	},
	[1.13333333333] = {
		0.087864,
		-0.557242,
		-0.825688,
		0,
		-0.990406,
		-0.137618,
		-0.012516,
		0,
		-0.106656,
		0.818867,
		-0.563988,
		0,
		-0.07255,
		0.437161,
		-0.493556,
		1,
	},
	[1.16666666667] = {
		0.088828,
		-0.558402,
		-0.824801,
		0,
		-0.990169,
		-0.139334,
		-0.012306,
		0,
		-0.108051,
		0.817785,
		-0.565289,
		0,
		-0.073293,
		0.436252,
		-0.494251,
		1,
	},
	[1.1] = {
		0.085612,
		-0.556199,
		-0.826628,
		0,
		-0.990949,
		-0.133635,
		-0.012714,
		0,
		-0.103395,
		0.820234,
		-0.562605,
		0,
		-0.070814,
		0.438278,
		-0.492817,
		1,
	},
	[1.23333333333] = {
		0.087687,
		-0.560816,
		-0.823284,
		0,
		-0.99045,
		-0.137359,
		-0.011923,
		0,
		-0.106399,
		0.816467,
		-0.567505,
		0,
		-0.072413,
		0.435057,
		-0.495432,
		1,
	},
	[1.26666666667] = {
		0.08647,
		-0.561865,
		-0.822697,
		0,
		-0.990744,
		-0.135231,
		-0.011776,
		0,
		-0.104638,
		0.816101,
		-0.568358,
		0,
		-0.071476,
		0.434694,
		-0.495887,
		1,
	},
	[1.2] = {
		0.088585,
		-0.559633,
		-0.823993,
		0,
		-0.990229,
		-0.138924,
		-0.012103,
		0,
		-0.1077,
		0.817014,
		-0.566471,
		0,
		-0.073106,
		0.435568,
		-0.494881,
		1,
	},
	[1.33333333333] = {
		0.08647,
		-0.561865,
		-0.822697,
		0,
		-0.990744,
		-0.135231,
		-0.011776,
		0,
		-0.104638,
		0.816101,
		-0.568358,
		0,
		-0.071476,
		0.434694,
		-0.495887,
		1,
	},
	[1.36666666667] = {
		0.08647,
		-0.561865,
		-0.822697,
		0,
		-0.990744,
		-0.135231,
		-0.011776,
		0,
		-0.104638,
		0.816101,
		-0.568358,
		0,
		-0.071476,
		0.434694,
		-0.495887,
		1,
	},
	[1.3] = {
		0.08647,
		-0.561865,
		-0.822697,
		0,
		-0.990744,
		-0.135231,
		-0.011776,
		0,
		-0.104638,
		0.816101,
		-0.568358,
		0,
		-0.071476,
		0.434694,
		-0.495887,
		1,
	},
	[1.4] = {
		0.08647,
		-0.561865,
		-0.822697,
		0,
		-0.990744,
		-0.135231,
		-0.011776,
		0,
		-0.104638,
		0.816101,
		-0.568358,
		0,
		-0.071476,
		0.434694,
		-0.495887,
		1,
	},
}

return spline_matrices
