-- chunkname: @content/characters/player/human/first_person/animations/2h_force_sword/heavy_attack_right_diagonal_down.lua

local spline_matrices = {
	[0.0166666666667] = {
		0.417481,
		-0.345635,
		0.840385,
		0,
		-0.880814,
		-0.381225,
		0.280775,
		0,
		0.22333,
		-0.857442,
		-0.463594,
		0,
		-0.224779,
		0.073288,
		-0.051705,
		1,
	},
	[0.0333333333333] = {
		0.438937,
		-0.327827,
		0.836579,
		0,
		-0.875761,
		-0.364309,
		0.316736,
		0,
		0.200938,
		-0.871671,
		-0.447007,
		0,
		-0.223572,
		0.090237,
		-0.04714,
		1,
	},
	[0.05] = {
		0.469181,
		-0.302582,
		0.829647,
		0,
		-0.864176,
		-0.350767,
		0.36078,
		0,
		0.181847,
		-0.886233,
		-0.426057,
		0,
		-0.221259,
		0.115572,
		-0.040464,
		1,
	},
	[0.0666666666667] = {
		0.503604,
		-0.273547,
		0.819485,
		0,
		-0.848737,
		-0.333789,
		0.41016,
		0,
		0.161336,
		-0.902086,
		-0.400267,
		0,
		-0.217608,
		0.146905,
		-0.032449,
		1,
	},
	[0.0833333333333] = {
		0.537617,
		-0.244338,
		0.807011,
		0,
		-0.832409,
		-0.306352,
		0.461783,
		0,
		0.134398,
		-0.920027,
		-0.368089,
		0,
		-0.21249,
		0.181835,
		-0.023826,
		1,
	},
	[0] = {
		0.409338,
		-0.352371,
		0.841592,
		0,
		-0.876467,
		-0.408125,
		0.255421,
		0,
		0.253471,
		-0.842182,
		-0.475902,
		0,
		-0.225135,
		0.067108,
		-0.053389,
		1,
	},
	[0.116666666667] = {
		0.587202,
		-0.199349,
		0.784509,
		0,
		-0.80852,
		-0.190649,
		0.55673,
		0,
		0.038582,
		-0.961205,
		-0.273127,
		0,
		-0.198058,
		0.252833,
		-0.007294,
		1,
	},
	[0.133333333333] = {
		0.594851,
		-0.190255,
		0.780997,
		0,
		-0.802624,
		-0.087241,
		0.590071,
		0,
		-0.044129,
		-0.977852,
		-0.204599,
		0,
		-0.1892,
		0.284082,
		-0.00043,
		1,
	},
	[0.15] = {
		0.557337,
		-0.185375,
		0.809328,
		0,
		-0.751355,
		0.302204,
		0.586634,
		0,
		-0.353329,
		-0.935046,
		0.029147,
		0,
		-0.177743,
		0.332644,
		0.008318,
		1,
	},
	[0.166666666667] = {
		0.484701,
		-0.178453,
		0.856282,
		0,
		-0.366289,
		0.847582,
		0.383979,
		0,
		-0.79429,
		-0.499762,
		0.345458,
		0,
		-0.161639,
		0.427541,
		-0.001711,
		1,
	},
	[0.183333333333] = {
		0.44472,
		-0.173476,
		0.87871,
		0,
		0.232564,
		0.969782,
		0.073753,
		0,
		-0.86495,
		0.171558,
		0.471625,
		0,
		-0.145375,
		0.513268,
		-0.020168,
		1,
	},
	[0.1] = {
		0.56684,
		-0.218474,
		0.794331,
		0,
		-0.818266,
		-0.261164,
		0.512089,
		0,
		0.095572,
		-0.940247,
		-0.326808,
		0,
		-0.205919,
		0.217949,
		-0.015252,
		1,
	},
	[0.216666666667] = {
		0.479258,
		-0.064092,
		0.875331,
		0,
		0.839898,
		0.322941,
		-0.436212,
		0,
		-0.254722,
		0.944248,
		0.208603,
		0,
		-0.014898,
		0.563736,
		-0.055799,
		1,
	},
	[0.233333333333] = {
		0.481195,
		-0.067804,
		0.873987,
		0,
		0.875798,
		0.080172,
		-0.475973,
		0,
		-0.037797,
		0.994473,
		0.097961,
		0,
		0.065123,
		0.600184,
		-0.09741,
		1,
	},
	[0.25] = {
		0.48141,
		-0.071114,
		0.873606,
		0,
		0.869024,
		-0.091135,
		-0.486304,
		0,
		0.114199,
		0.993297,
		0.017927,
		0,
		0.17049,
		0.638627,
		-0.162887,
		1,
	},
	[0.266666666667] = {
		0.445172,
		-0.080708,
		0.891801,
		0,
		0.827412,
		-0.343706,
		-0.444135,
		0,
		0.342362,
		0.935604,
		-0.086229,
		0,
		0.333431,
		0.660842,
		-0.251542,
		1,
	},
	[0.283333333333] = {
		0.40289,
		-0.088045,
		0.911004,
		0,
		0.716787,
		-0.588583,
		-0.373882,
		0,
		0.569118,
		0.80363,
		-0.174025,
		0,
		0.499219,
		0.665164,
		-0.34327,
		1,
	},
	[0.2] = {
		0.463629,
		-0.117921,
		0.878147,
		0,
		0.650044,
		0.718743,
		-0.246684,
		0,
		-0.602072,
		0.685205,
		0.409884,
		0,
		-0.096317,
		0.545017,
		-0.03711,
		1,
	},
	[0.316666666667] = {
		0.468574,
		-0.157418,
		0.869286,
		0,
		0.502381,
		-0.761917,
		-0.408775,
		0,
		0.726671,
		0.628255,
		-0.277931,
		0,
		0.634707,
		0.561079,
		-0.486965,
		1,
	},
	[0.333333333333] = {
		0.529578,
		-0.260788,
		0.807178,
		0,
		0.397248,
		-0.764527,
		-0.507636,
		0,
		0.749494,
		0.589484,
		-0.301279,
		0,
		0.651476,
		0.52151,
		-0.541392,
		1,
	},
	[0.35] = {
		0.528712,
		-0.265337,
		0.806263,
		0,
		0.264316,
		-0.85119,
		-0.453448,
		0,
		0.806598,
		0.452852,
		-0.379901,
		0,
		0.64396,
		0.478978,
		-0.561514,
		1,
	},
	[0.366666666667] = {
		0.52768,
		-0.270676,
		0.805164,
		0,
		0.162427,
		-0.898231,
		-0.408412,
		0,
		0.833769,
		0.346291,
		-0.430013,
		0,
		0.6256,
		0.429973,
		-0.581046,
		1,
	},
	[0.383333333333] = {
		0.544767,
		-0.283197,
		0.789322,
		0,
		0.168451,
		-0.885112,
		-0.433824,
		0,
		0.821495,
		0.369295,
		-0.434474,
		0,
		0.599176,
		0.376071,
		-0.600441,
		1,
	},
	[0.3] = {
		0.399305,
		-0.053612,
		0.91525,
		0,
		0.60411,
		-0.735541,
		-0.306646,
		0,
		0.689643,
		0.675357,
		-0.261317,
		0,
		0.592679,
		0.605692,
		-0.41025,
		1,
	},
	[0.416666666667] = {
		0.643257,
		-0.319223,
		0.69593,
		0,
		0.189426,
		-0.81433,
		-0.548622,
		0,
		0.741848,
		0.484732,
		-0.463354,
		0,
		0.532903,
		0.261408,
		-0.637748,
		1,
	},
	[0.433333333333] = {
		0.700577,
		-0.339798,
		0.627479,
		0,
		0.187786,
		-0.760556,
		-0.621524,
		0,
		0.688425,
		0.553258,
		-0.469018,
		0,
		0.49832,
		0.207959,
		-0.653395,
		1,
	},
	[0.45] = {
		0.75036,
		-0.359561,
		0.554686,
		0,
		0.174352,
		-0.701757,
		-0.690753,
		0,
		0.637621,
		0.615025,
		-0.463879,
		0,
		0.466444,
		0.161246,
		-0.666231,
		1,
	},
	[0.466666666667] = {
		0.787356,
		-0.376331,
		0.488309,
		0,
		0.153852,
		-0.647063,
		-0.746753,
		0,
		0.596993,
		0.663088,
		-0.451569,
		0,
		0.440084,
		0.124051,
		-0.675877,
		1,
	},
	[0.483333333333] = {
		0.809827,
		-0.387832,
		0.440189,
		0,
		0.134897,
		-0.607117,
		-0.783079,
		0,
		0.570949,
		0.69354,
		-0.439342,
		0,
		0.422076,
		0.099154,
		-0.682,
		1,
	},
	[0.4] = {
		0.587438,
		-0.300028,
		0.751598,
		0,
		0.180666,
		-0.856679,
		-0.48318,
		0,
		0.788845,
		0.419627,
		-0.449041,
		0,
		0.567407,
		0.318808,
		-0.619709,
		1,
	},
	[0.516666666667] = {
		0.817305,
		-0.39173,
		0.422564,
		0,
		0.125683,
		-0.594502,
		-0.794212,
		0,
		0.562331,
		0.702223,
		-0.436656,
		0,
		0.415134,
		0.087359,
		-0.684654,
		1,
	},
	[0.533333333333] = {
		0.816878,
		-0.391903,
		0.42323,
		0,
		0.124592,
		-0.596537,
		-0.792857,
		0,
		0.563194,
		0.700399,
		-0.438469,
		0,
		0.415046,
		0.085166,
		-0.684983,
		1,
	},
	[0.55] = {
		0.816238,
		-0.392384,
		0.424017,
		0,
		0.123272,
		-0.598758,
		-0.791387,
		0,
		0.564411,
		0.698231,
		-0.440359,
		0,
		0.41504,
		0.082663,
		-0.685293,
		1,
	},
	[0.566666666667] = {
		0.815419,
		-0.393134,
		0.424898,
		0,
		0.121742,
		-0.601129,
		-0.789825,
		0,
		0.565925,
		0.695767,
		-0.442311,
		0,
		0.415094,
		0.079898,
		-0.685588,
		1,
	},
	[0.583333333333] = {
		0.814457,
		-0.394116,
		0.425832,
		0,
		0.120012,
		-0.603614,
		-0.788193,
		0,
		0.567677,
		0.693055,
		-0.444318,
		0,
		0.415178,
		0.076921,
		-0.685878,
		1,
	},
	[0.5] = {
		0.817506,
		-0.391902,
		0.422016,
		0,
		0.126495,
		-0.592691,
		-0.795436,
		0,
		0.561857,
		0.703657,
		-0.434954,
		0,
		0.415297,
		0.089193,
		-0.684318,
		1,
	},
	[0.616666666667] = {
		0.812195,
		-0.396623,
		0.427821,
		0,
		0.116103,
		-0.608779,
		-0.784799,
		0,
		0.571717,
		0.687082,
		-0.448397,
		0,
		0.415415,
		0.070525,
		-0.686422,
		1,
	},
	[0.633333333333] = {
		0.81094,
		-0.398074,
		0.428852,
		0,
		0.113999,
		-0.611389,
		-0.783077,
		0,
		0.573917,
		0.683917,
		-0.45042,
		0,
		0.415556,
		0.067203,
		-0.686669,
		1,
	},
	[0.65] = {
		0.809635,
		-0.399608,
		0.42989,
		0,
		0.111845,
		-0.613972,
		-0.781365,
		0,
		0.576179,
		0.680702,
		-0.452399,
		0,
		0.415707,
		0.063865,
		-0.686897,
		1,
	},
	[0.666666666667] = {
		0.808304,
		-0.401189,
		0.430922,
		0,
		0.109678,
		-0.616493,
		-0.779685,
		0,
		0.57846,
		0.677485,
		-0.454311,
		0,
		0.415862,
		0.060559,
		-0.687102,
		1,
	},
	[0.683333333333] = {
		0.806971,
		-0.402781,
		0.431933,
		0,
		0.107538,
		-0.61892,
		-0.778058,
		0,
		0.580718,
		0.67432,
		-0.456136,
		0,
		0.416018,
		0.057334,
		-0.687285,
		1,
	},
	[0.6] = {
		0.813375,
		-0.395291,
		0.42681,
		0,
		0.11812,
		-0.606175,
		-0.786511,
		0,
		0.569622,
		0.690144,
		-0.446355,
		0,
		0.415287,
		0.07378,
		-0.686157,
		1,
	},
	[0.716666666667] = {
		0.804405,
		-0.40586,
		0.433833,
		0,
		0.103486,
		-0.623365,
		-0.775053,
		0,
		0.584999,
		0.668353,
		-0.459437,
		0,
		0.416315,
		0.051324,
		-0.68758,
		1,
	},
	[0.733333333333] = {
		0.803225,
		-0.407279,
		0.434689,
		0,
		0.101651,
		-0.625321,
		-0.77372,
		0,
		0.586939,
		0.665658,
		-0.460873,
		0,
		0.416449,
		0.048638,
		-0.687694,
		1,
	},
	[0.75] = {
		0.80215,
		-0.408571,
		0.435461,
		0,
		0.099993,
		-0.627058,
		-0.772529,
		0,
		0.588691,
		0.663228,
		-0.46214,
		0,
		0.416571,
		0.04623,
		-0.687786,
		1,
	},
	[0.766666666667] = {
		0.801208,
		-0.409703,
		0.43613,
		0,
		0.098551,
		-0.628546,
		-0.771504,
		0,
		0.590215,
		0.661117,
		-0.463219,
		0,
		0.416676,
		0.044149,
		-0.687859,
		1,
	},
	[0.783333333333] = {
		0.800427,
		-0.410642,
		0.436681,
		0,
		0.097363,
		-0.629756,
		-0.770668,
		0,
		0.59147,
		0.659381,
		-0.464092,
		0,
		0.416763,
		0.042445,
		-0.687913,
		1,
	},
	[0.7] = {
		0.805662,
		-0.40435,
		0.432909,
		0,
		0.105461,
		-0.621222,
		-0.776507,
		0,
		0.582912,
		0.671258,
		-0.457851,
		0,
		0.41617,
		0.054239,
		-0.687444,
		1,
	},
	[0.816666666667] = {
		0.79946,
		-0.411807,
		0.437355,
		0,
		0.095902,
		-0.631221,
		-0.769652,
		0,
		0.593015,
		0.65725,
		-0.465142,
		0,
		0.41687,
		0.040365,
		-0.687974,
		1,
	},
	[0.833333333333] = {
		0.799329,
		-0.411965,
		0.437445,
		0,
		0.095706,
		-0.631416,
		-0.769517,
		0,
		0.593223,
		0.656963,
		-0.465281,
		0,
		0.416885,
		0.040086,
		-0.687981,
		1,
	},
	[0.8] = {
		0.799835,
		-0.411355,
		0.437094,
		0,
		0.096468,
		-0.630657,
		-0.770043,
		0,
		0.592417,
		0.658074,
		-0.464739,
		0,
		0.416829,
		0.041167,
		-0.687951,
		1,
	},
}

return spline_matrices
