-- chunkname: @content/characters/player/human/first_person/animations/2h_force_sword/swing_right_up.lua

local spline_matrices = {
	[0.0166666666667] = {
		-0.800622,
		0.209636,
		0.561299,
		0,
		0.576605,
		0.524236,
		0.62666,
		0,
		-0.162883,
		0.825366,
		-0.540593,
		0,
		-0.135498,
		0.03262,
		-0.654598,
		1,
	},
	[0.0333333333333] = {
		-0.862757,
		-0.13009,
		0.488597,
		0,
		0.409918,
		0.385757,
		0.826534,
		0,
		-0.296004,
		0.913383,
		-0.279488,
		0,
		-0.152157,
		0.03443,
		-0.644786,
		1,
	},
	[0.05] = {
		-0.858027,
		-0.454144,
		0.239881,
		0,
		0.189939,
		0.153366,
		0.969743,
		0,
		-0.477192,
		0.877629,
		-0.045332,
		0,
		-0.169947,
		0.040521,
		-0.630833,
		1,
	},
	[0.0666666666667] = {
		-0.730048,
		-0.671594,
		-0.126453,
		0,
		-0.014403,
		-0.169874,
		0.98536,
		0,
		-0.683244,
		0.721182,
		0.114344,
		0,
		-0.188012,
		0.054414,
		-0.611111,
		1,
	},
	[0.0833333333333] = {
		-0.514313,
		-0.715573,
		-0.472693,
		0,
		-0.112916,
		-0.489879,
		0.864447,
		0,
		-0.850137,
		0.49797,
		0.171152,
		0,
		-0.209215,
		0.074768,
		-0.584564,
		1,
	},
	[0] = {
		-0.735022,
		0.522091,
		0.432624,
		0,
		0.676026,
		0.613456,
		0.40824,
		0,
		-0.052258,
		0.592531,
		-0.803851,
		0,
		-0.123624,
		0.029741,
		-0.659618,
		1,
	},
	[0.116666666667] = {
		-0.218907,
		-0.554731,
		-0.802716,
		0,
		0.001716,
		-0.822887,
		0.568203,
		0,
		-0.975744,
		0.123005,
		0.181087,
		0,
		-0.265495,
		0.118255,
		-0.523478,
		1,
	},
	[0.133333333333] = {
		-0.143235,
		-0.438867,
		-0.887062,
		0,
		0.107029,
		-0.897916,
		0.426955,
		0,
		-0.983884,
		-0.033787,
		0.175585,
		0,
		-0.297188,
		0.14481,
		-0.49075,
		1,
	},
	[0.15] = {
		-0.106215,
		-0.310856,
		-0.944503,
		0,
		0.224853,
		-0.93278,
		0.281712,
		0,
		-0.968586,
		-0.182453,
		0.168972,
		0,
		-0.331249,
		0.176326,
		-0.454056,
		1,
	},
	[0.166666666667] = {
		-0.105443,
		-0.179731,
		-0.978048,
		0,
		0.352212,
		-0.926524,
		0.132291,
		0,
		-0.929962,
		-0.330531,
		0.160999,
		0,
		-0.366976,
		0.21019,
		-0.411802,
		1,
	},
	[0.183333333333] = {
		-0.131858,
		-0.052314,
		-0.989887,
		0,
		0.481002,
		-0.87654,
		-0.017748,
		0,
		-0.866747,
		-0.478478,
		0.140742,
		0,
		-0.402104,
		0.242708,
		-0.365389,
		1,
	},
	[0.1] = {
		-0.331104,
		-0.648108,
		-0.685803,
		0,
		-0.086114,
		-0.703011,
		0.705946,
		0,
		-0.939657,
		0.292799,
		0.176959,
		0,
		-0.235722,
		0.096285,
		-0.554364,
		1,
	},
	[0.216666666667] = {
		-0.217541,
		0.168409,
		-0.961413,
		0,
		0.685071,
		-0.675267,
		-0.273298,
		0,
		-0.695236,
		-0.718089,
		0.031526,
		0,
		-0.461964,
		0.299349,
		-0.276835,
		1,
	},
	[0.233333333333] = {
		-0.254346,
		0.253026,
		-0.933427,
		0,
		0.742499,
		-0.567344,
		-0.356111,
		0,
		-0.61968,
		-0.783644,
		-0.04357,
		0,
		-0.485756,
		0.326187,
		-0.241412,
		1,
	},
	[0.25] = {
		-0.292988,
		0.323089,
		-0.899873,
		0,
		0.772328,
		-0.474838,
		-0.421946,
		0,
		-0.56362,
		-0.818622,
		-0.110408,
		0,
		-0.495322,
		0.34897,
		-0.218983,
		1,
	},
	[0.266666666667] = {
		-0.1818,
		0.427957,
		-0.885326,
		0,
		0.679612,
		-0.596013,
		-0.427663,
		0,
		-0.710687,
		-0.679427,
		-0.18249,
		0,
		-0.480056,
		0.403905,
		-0.198359,
		1,
	},
	[0.283333333333] = {
		-0.02417,
		0.449981,
		-0.892711,
		0,
		0.506807,
		-0.764202,
		-0.398926,
		0,
		-0.86172,
		-0.462075,
		-0.209582,
		0,
		-0.436741,
		0.479205,
		-0.159862,
		1,
	},
	[0.2] = {
		-0.173151,
		0.065577,
		-0.98271,
		0,
		0.59642,
		-0.787047,
		-0.157608,
		0,
		-0.783774,
		-0.613397,
		0.097167,
		0,
		-0.434156,
		0.272135,
		-0.318987,
		1,
	},
	[0.316666666667] = {
		0.231547,
		0.314996,
		-0.920415,
		0,
		0.011603,
		-0.946954,
		-0.32116,
		0,
		-0.972754,
		0.063684,
		-0.22292,
		0,
		-0.263266,
		0.61546,
		-0.080506,
		1,
	},
	[0.333333333333] = {
		0.294997,
		0.257208,
		-0.920229,
		0,
		-0.301157,
		-0.888972,
		-0.345013,
		0,
		-0.906797,
		0.378911,
		-0.184785,
		0,
		-0.150935,
		0.669212,
		-0.050932,
		1,
	},
	[0.35] = {
		0.311718,
		0.267945,
		-0.911612,
		0,
		-0.561319,
		-0.722177,
		-0.404204,
		0,
		-0.76665,
		0.637703,
		-0.074713,
		0,
		-0.034198,
		0.708855,
		-0.015376,
		1,
	},
	[0.366666666667] = {
		0.34204,
		0.273537,
		-0.898992,
		0,
		-0.783517,
		-0.44513,
		-0.433545,
		0,
		-0.518758,
		0.852665,
		0.062069,
		0,
		0.070945,
		0.741538,
		0.016083,
		1,
	},
	[0.383333333333] = {
		0.3271,
		0.317631,
		-0.890009,
		0,
		-0.935233,
		-0.026178,
		-0.353063,
		0,
		-0.135442,
		0.947853,
		0.288497,
		0,
		0.217154,
		0.739627,
		0.057427,
		1,
	},
	[0.3] = {
		0.12502,
		0.399236,
		-0.908285,
		0,
		0.279093,
		-0.892652,
		-0.353949,
		0,
		-0.952091,
		-0.209245,
		-0.223024,
		0,
		-0.360128,
		0.552297,
		-0.116604,
		1,
	},
	[0.416666666667] = {
		0.626244,
		0.281199,
		-0.727149,
		0,
		-0.767438,
		0.386629,
		-0.511427,
		0,
		0.137324,
		0.87832,
		0.457926,
		0,
		0.445101,
		0.654877,
		0.140139,
		1,
	},
	[0.433333333333] = {
		0.763535,
		0.068548,
		-0.642118,
		0,
		-0.551748,
		0.585916,
		-0.593529,
		0,
		0.335542,
		0.807467,
		0.485189,
		0,
		0.553258,
		0.585715,
		0.2006,
		1,
	},
	[0.45] = {
		0.692573,
		-0.141195,
		-0.707394,
		0,
		-0.379049,
		0.763118,
		-0.523424,
		0,
		0.61373,
		0.630646,
		0.474996,
		0,
		0.737125,
		0.503176,
		0.145117,
		1,
	},
	[0.466666666667] = {
		0.541336,
		-0.251844,
		-0.802203,
		0,
		-0.156328,
		0.907305,
		-0.390332,
		0,
		0.826146,
		0.336708,
		0.451786,
		0,
		0.887829,
		0.367394,
		0.081562,
		1,
	},
	[0.483333333333] = {
		0.490679,
		-0.163696,
		-0.855826,
		0,
		-0.039596,
		0.976991,
		-0.209574,
		0,
		0.87044,
		0.136721,
		0.472907,
		0,
		0.952082,
		0.13969,
		0.013344,
		1,
	},
	[0.4] = {
		0.478212,
		0.330539,
		-0.813669,
		0,
		-0.876143,
		0.243612,
		-0.415966,
		0,
		0.060726,
		0.91181,
		0.406098,
		0,
		0.325968,
		0.704303,
		0.104154,
		1,
	},
	[0.516666666667] = {
		0.463759,
		0.038163,
		-0.885139,
		0,
		0.073063,
		0.994021,
		0.081138,
		0,
		0.882944,
		-0.102299,
		0.458198,
		0,
		0.943881,
		-0.062253,
		-0.109274,
		1,
	},
	[0.533333333333] = {
		0.420349,
		0.109476,
		-0.900734,
		0,
		0.108406,
		0.979525,
		0.169642,
		0,
		0.900864,
		-0.168954,
		0.399874,
		0,
		0.922909,
		-0.078453,
		-0.154852,
		1,
	},
	[0.55] = {
		0.36409,
		0.185683,
		-0.912667,
		0,
		0.136757,
		0.958645,
		0.249594,
		0,
		0.921269,
		-0.215688,
		0.323639,
		0,
		0.892778,
		-0.089284,
		-0.201544,
		1,
	},
	[0.566666666667] = {
		0.295276,
		0.265571,
		-0.91776,
		0,
		0.160002,
		0.93328,
		0.32154,
		0,
		0.941919,
		-0.241787,
		0.233084,
		0,
		0.854502,
		-0.095599,
		-0.248637,
		1,
	},
	[0.583333333333] = {
		0.215017,
		0.347124,
		-0.912838,
		0,
		0.179714,
		0.904674,
		0.386351,
		0,
		0.959933,
		-0.247122,
		0.132138,
		0,
		0.809018,
		-0.098323,
		-0.295453,
		1,
	},
	[0.5] = {
		0.495632,
		-0.045786,
		-0.867325,
		0,
		0.027386,
		0.998937,
		-0.037084,
		0,
		0.868101,
		-0.005373,
		0.496359,
		0,
		0.954355,
		-0.039744,
		-0.061149,
		1,
	},
	[0.616666666667] = {
		0.030412,
		0.50375,
		-0.863314,
		0,
		0.214848,
		0.84023,
		0.497849,
		0,
		0.976174,
		-0.200622,
		-0.082677,
		0,
		0.70023,
		-0.097198,
		-0.386683,
		1,
	},
	[0.633333333333] = {
		-0.065147,
		0.571682,
		-0.817885,
		0,
		0.234192,
		0.805493,
		0.544367,
		0,
		0.970005,
		-0.156079,
		-0.186359,
		0,
		0.638669,
		-0.095497,
		-0.431501,
		1,
	},
	[0.65] = {
		-0.155975,
		0.626303,
		-0.763817,
		0,
		0.256756,
		0.772407,
		0.580916,
		0,
		0.953807,
		-0.105506,
		-0.281283,
		0,
		0.572535,
		-0.094178,
		-0.476822,
		1,
	},
	[0.666666666667] = {
		-0.243187,
		0.661272,
		-0.709633,
		0,
		0.277996,
		0.748422,
		0.602149,
		0,
		0.929289,
		-0.050841,
		-0.365837,
		0,
		0.500485,
		-0.093567,
		-0.521867,
		1,
	},
	[0.683333333333] = {
		-0.336526,
		0.677388,
		-0.654138,
		0,
		0.287883,
		0.735403,
		0.613438,
		0,
		0.89659,
		0.018123,
		-0.44249,
		0,
		0.423415,
		-0.093055,
		-0.561935,
		1,
	},
	[0.6] = {
		0.12552,
		0.427615,
		-0.895204,
		0,
		0.197408,
		0.873531,
		0.444942,
		0,
		0.972252,
		-0.23257,
		0.025231,
		0,
		0.757273,
		-0.098488,
		-0.341501,
		1,
	},
	[0.716666666667] = {
		-0.523446,
		0.692208,
		-0.496841,
		0,
		0.301344,
		0.695817,
		0.651944,
		0,
		0.796992,
		0.191537,
		-0.572816,
		0,
		0.275617,
		-0.08892,
		-0.621578,
		1,
	},
	[0.733333333333] = {
		-0.598744,
		0.693127,
		-0.401348,
		0,
		0.320668,
		0.66663,
		0.672886,
		0,
		0.733947,
		0.274187,
		-0.621404,
		0,
		0.208532,
		-0.085468,
		-0.6446,
		1,
	},
	[0.75] = {
		-0.658705,
		0.687692,
		-0.305267,
		0,
		0.345738,
		0.637004,
		0.688979,
		0,
		0.668261,
		0.348291,
		-0.657359,
		0,
		0.146378,
		-0.081647,
		-0.663327,
		1,
	},
	[0.766666666667] = {
		-0.70414,
		0.676774,
		-0.214857,
		0,
		0.372948,
		0.609991,
		0.699157,
		0,
		0.604233,
		0.412174,
		-0.681921,
		0,
		0.09011,
		-0.077804,
		-0.67741,
		1,
	},
	[0.783333333333] = {
		-0.736753,
		0.662574,
		-0.134872,
		0,
		0.399721,
		0.587669,
		0.703469,
		0,
		0.54536,
		0.464372,
		-0.697811,
		0,
		0.040944,
		-0.074165,
		-0.686652,
		1,
	},
	[0.7] = {
		-0.434003,
		0.686187,
		-0.583771,
		0,
		0.291228,
		0.720046,
		0.629857,
		0,
		0.852542,
		0.103349,
		-0.512339,
		0,
		0.347305,
		-0.091573,
		-0.594432,
		1,
	},
	[0.816666666667] = {
		-0.772408,
		0.634974,
		-0.013901,
		0,
		0.447386,
		0.559493,
		0.69772,
		0,
		0.450812,
		0.532706,
		-0.716236,
		0,
		-0.031492,
		-0.06686,
		-0.691714,
		1,
	},
	[0.833333333333] = {
		-0.780051,
		0.624791,
		0.034012,
		0,
		0.469887,
		0.549025,
		0.691215,
		0,
		0.413191,
		0.555164,
		-0.721849,
		0,
		-0.053172,
		-0.061259,
		-0.690277,
		1,
	},
	[0.85] = {
		-0.782224,
		0.618549,
		0.074313,
		0,
		0.491819,
		0.539892,
		0.683104,
		0,
		0.382412,
		0.570889,
		-0.726531,
		0,
		-0.063903,
		-0.053918,
		-0.686602,
		1,
	},
	[0.866666666667] = {
		-0.781435,
		0.614924,
		0.105962,
		0,
		0.510563,
		0.53248,
		0.675123,
		0,
		0.358727,
		0.581665,
		-0.730056,
		0,
		-0.068581,
		-0.045679,
		-0.682161,
		1,
	},
	[0.883333333333] = {
		-0.780281,
		0.611961,
		0.129091,
		0,
		0.524107,
		0.527163,
		0.668888,
		0,
		0.341281,
		0.589578,
		-0.732069,
		0,
		-0.072947,
		-0.03743,
		-0.678473,
		1,
	},
	[0.8] = {
		-0.758602,
		0.64791,
		-0.068815,
		0,
		0.42438,
		0.571482,
		0.70236,
		0,
		0.494393,
		0.503608,
		-0.708488,
		0,
		0.000113,
		-0.070822,
		-0.690959,
		1,
	},
	[0.916666666667] = {
		-0.778534,
		0.608351,
		0.154251,
		0,
		0.538653,
		0.521565,
		0.661682,
		0,
		0.322083,
		0.598229,
		-0.733747,
		0,
		-0.080951,
		-0.021137,
		-0.673647,
		1,
	},
	[0.933333333333] = {
		-0.778252,
		0.607674,
		0.158289,
		0,
		0.540947,
		0.520759,
		0.660444,
		0,
		0.318905,
		0.599618,
		-0.734001,
		0,
		-0.0846,
		-0.013257,
		-0.672547,
		1,
	},
	[0.95] = {
		-0.778359,
		0.607652,
		0.15785,
		0,
		0.540668,
		0.52098,
		0.660499,
		0,
		0.319117,
		0.599449,
		-0.734047,
		0,
		-0.087976,
		-0.005685,
		-0.672281,
		1,
	},
	[0.966666666667] = {
		-0.778766,
		0.608167,
		0.15381,
		0,
		0.538327,
		0.522012,
		0.661595,
		0,
		0.32207,
		0.598027,
		-0.733917,
		0,
		-0.091029,
		0.001485,
		-0.672768,
		1,
	},
	[0.983333333333] = {
		-0.779357,
		0.609088,
		0.147016,
		0,
		0.534406,
		0.523655,
		0.663473,
		0,
		0.327128,
		0.595649,
		-0.733614,
		0,
		-0.093706,
		0.008163,
		-0.673888,
		1,
	},
	[0.9] = {
		-0.779235,
		0.609766,
		0.14484,
		0,
		0.533242,
		0.523618,
		0.664437,
		0,
		0.32931,
		0.594988,
		-0.733174,
		0,
		-0.077063,
		-0.029226,
		-0.675625,
		1,
	},
	[1.01666666667] = {
		-0.780656,
		0.611583,
		0.128619,
		0,
		0.523746,
		0.527935,
		0.668562,
		0,
		0.340979,
		0.58928,
		-0.732449,
		0,
		-0.09774,
		0.019779,
		-0.677381,
		1,
	},
	[1.03333333333] = {
		-0.781206,
		0.612871,
		0.11877,
		0,
		0.517971,
		0.530145,
		0.671306,
		0,
		0.348459,
		0.585948,
		-0.731602,
		0,
		-0.09903,
		0.024631,
		-0.679395,
		1,
	},
	[1.05] = {
		-0.781635,
		0.614014,
		0.109698,
		0,
		0.512569,
		0.532099,
		0.673901,
		0,
		0.355415,
		0.582972,
		-0.730632,
		0,
		-0.099815,
		0.028821,
		-0.681335,
		1,
	},
	[1.06666666667] = {
		-0.781941,
		0.614897,
		0.10232,
		0,
		0.508056,
		0.533561,
		0.67616,
		0,
		0.361174,
		0.580702,
		-0.729615,
		0,
		-0.100092,
		0.032341,
		-0.683023,
		1,
	},
	[1.08333333333] = {
		-0.782147,
		0.615405,
		0.097579,
		0,
		0.50496,
		0.534289,
		0.677902,
		0,
		0.365049,
		0.579493,
		-0.728648,
		0,
		-0.099868,
		0.035191,
		-0.684299,
		1,
	},
	{
		-0.780018,
		0.610276,
		0.13833,
		0,
		0.529388,
		0.525698,
		0.665875,
		0,
		0.333648,
		0.592625,
		-0.733127,
		0,
		-0.095956,
		0.014279,
		-0.675483,
		1,
	},
	[1.1] = {
		-0.782269,
		0.615436,
		0.096411,
		0,
		0.503822,
		0.534038,
		0.678945,
		0,
		0.36636,
		0.579691,
		-0.727831,
		0,
		-0.099152,
		0.037364,
		-0.685026,
		1,
	},
}

return spline_matrices
