local spline_matrices = {
	[0] = {
		0.102062,
		0.870872,
		0.480796,
		0,
		0.711902,
		0.273642,
		-0.646773,
		0,
		-0.694823,
		0.408291,
		-0.592047,
		0,
		0.039129,
		0.076985,
		-0.639713,
		1
	},
	{
		0.795206,
		0.29427,
		-0.530144,
		0,
		-0.557642,
		0.011625,
		-0.83,
		0,
		-0.238081,
		0.955652,
		0.173342,
		0,
		-0.011036,
		-0.482446,
		-0.271385,
		1
	},
	[0.0166666666667] = {
		-0.191937,
		0.705479,
		0.682246,
		0,
		0.587294,
		0.639525,
		-0.496079,
		0,
		-0.786286,
		0.305463,
		-0.537072,
		0,
		-0.002708,
		0.111838,
		-0.665951,
		1
	},
	[0.0333333333333] = {
		-0.185121,
		0.768468,
		0.612525,
		0,
		0.554539,
		0.596268,
		-0.580475,
		0,
		-0.811306,
		0.232211,
		-0.536527,
		0,
		-0.022623,
		0.115173,
		-0.677368,
		1
	},
	[0.05] = {
		-0.162157,
		0.824927,
		0.54148,
		0,
		0.502298,
		0.541334,
		-0.674281,
		0,
		-0.849353,
		0.162645,
		-0.502141,
		0,
		-0.044878,
		0.108665,
		-0.677203,
		1
	},
	[0.0666666666667] = {
		-0.204958,
		0.775156,
		0.597599,
		0,
		0.383144,
		0.625378,
		-0.679782,
		0,
		-0.900662,
		0.089639,
		-0.425173,
		0,
		-0.075605,
		0.102573,
		-0.668534,
		1
	},
	[0.0833333333333] = {
		-0.225666,
		0.709717,
		0.667366,
		0,
		0.236587,
		0.704453,
		-0.669158,
		0,
		-0.94504,
		0.006884,
		-0.326881,
		0,
		-0.106598,
		0.090977,
		-0.64999,
		1
	},
	[0.116666666667] = {
		-0.185479,
		0.548403,
		0.815385,
		0,
		-0.101818,
		0.814591,
		-0.57103,
		0,
		-0.977359,
		-0.188935,
		-0.095252,
		0,
		-0.167084,
		0.055056,
		-0.587836,
		1
	},
	[0.133333333333] = {
		-0.126731,
		0.465882,
		0.875724,
		0,
		-0.265647,
		0.834655,
		-0.482476,
		0,
		-0.955704,
		-0.293778,
		0.017983,
		0,
		-0.19562,
		0.033251,
		-0.547208,
		1
	},
	[0.15] = {
		-0.0516,
		0.391573,
		0.918699,
		0,
		-0.407601,
		0.831557,
		-0.377325,
		0,
		-0.911701,
		-0.393933,
		0.116697,
		0,
		-0.222902,
		0.010975,
		-0.502482,
		1
	},
	[0.166666666667] = {
		0.029289,
		0.330217,
		0.943451,
		0,
		-0.519877,
		0.811184,
		-0.267783,
		0,
		-0.853739,
		-0.482635,
		0.19543,
		0,
		-0.249363,
		-0.010065,
		-0.455294,
		1
	},
	[0.183333333333] = {
		0.105784,
		0.283619,
		0.953084,
		0,
		-0.601012,
		0.781822,
		-0.165947,
		0,
		-0.792209,
		-0.55526,
		0.253163,
		0,
		-0.275794,
		-0.028213,
		-0.407019,
		1
	},
	[0.1] = {
		-0.219639,
		0.632153,
		0.743062,
		0,
		0.070646,
		0.769968,
		-0.63416,
		0,
		-0.97302,
		-0.086792,
		-0.213774,
		0,
		-0.137285,
		0.074765,
		-0.622638,
		1
	},
	[0.216666666667] = {
		0.215896,
		0.244803,
		0.94523,
		0,
		-0.707593,
		0.706299,
		-0.021304,
		0,
		-0.672831,
		-0.664239,
		0.325708,
		0,
		-0.343407,
		-0.064497,
		-0.291181,
		1
	},
	[0.233333333333] = {
		0.260914,
		0.240946,
		0.93481,
		0,
		-0.743442,
		0.667865,
		0.03536,
		0,
		-0.615806,
		-0.704203,
		0.353384,
		0,
		-0.382137,
		-0.082957,
		-0.223525,
		1
	},
	[0.25] = {
		0.306698,
		0.240728,
		0.920862,
		0,
		-0.770265,
		0.631117,
		0.091557,
		0,
		-0.559131,
		-0.737388,
		0.378987,
		0,
		-0.418725,
		-0.099882,
		-0.153715,
		1
	},
	[0.266666666667] = {
		0.358984,
		0.240123,
		0.901926,
		0,
		-0.787431,
		0.596713,
		0.154548,
		0,
		-0.501081,
		-0.765685,
		0.403291,
		0,
		-0.448999,
		-0.113973,
		-0.085101,
		1
	},
	[0.283333333333] = {
		0.4232,
		0.235421,
		0.874916,
		0,
		-0.792162,
		0.564828,
		0.231189,
		0,
		-0.439751,
		-0.790915,
		0.425527,
		0,
		-0.468714,
		-0.123901,
		-0.021128,
		1
	},
	[0.2] = {
		0.165971,
		0.257041,
		0.952042,
		0,
		-0.661351,
		0.745144,
		-0.085887,
		0,
		-0.731484,
		-0.615379,
		0.293666,
		0,
		-0.306631,
		-0.045791,
		-0.353408,
		1
	},
	[0.316666666667] = {
		0.628658,
		0.208843,
		0.749115,
		0,
		-0.740213,
		0.456081,
		0.494039,
		0,
		-0.238481,
		-0.865087,
		0.441307,
		0,
		-0.420458,
		-0.097722,
		0.06505,
		1
	},
	[0.333333333333] = {
		0.765007,
		0.210272,
		0.608728,
		0,
		-0.640919,
		0.341249,
		0.687584,
		0,
		-0.063148,
		-0.916152,
		0.395825,
		0,
		-0.379759,
		-0.045802,
		0.102128,
		1
	},
	[0.35] = {
		0.858849,
		0.202974,
		0.470298,
		0,
		-0.511652,
		0.296361,
		0.806463,
		0,
		0.024313,
		-0.933259,
		0.358381,
		0,
		-0.336271,
		0.038079,
		0.132181,
		1
	},
	[0.366666666667] = {
		0.905382,
		0.122292,
		0.406606,
		0,
		-0.418435,
		0.419557,
		0.805534,
		0,
		-0.072084,
		-0.899454,
		0.43103,
		0,
		-0.291536,
		0.155273,
		0.145301,
		1
	},
	[0.383333333333] = {
		0.794656,
		-0.103624,
		0.598151,
		0,
		-0.261206,
		0.831081,
		0.490994,
		0,
		-0.547991,
		-0.546412,
		0.633357,
		0,
		-0.290375,
		0.351447,
		0.143886,
		1
	},
	[0.3] = {
		0.50363,
		0.223283,
		0.834567,
		0,
		-0.779042,
		0.534942,
		0.327002,
		0,
		-0.373431,
		-0.81485,
		0.44336,
		0,
		-0.460691,
		-0.123682,
		0.028992,
		1
	},
	[0.416666666667] = {
		0.479843,
		-0.053685,
		0.87571,
		0,
		0.729818,
		0.5784,
		-0.364443,
		0,
		-0.486945,
		0.813985,
		0.316722,
		0,
		0.002539,
		0.710693,
		-0.031132,
		1
	},
	[0.433333333333] = {
		0.519228,
		-0.034651,
		0.853933,
		0,
		0.834492,
		0.236211,
		-0.497823,
		0,
		-0.184459,
		0.971084,
		0.151564,
		0,
		0.176078,
		0.707678,
		-0.15239,
		1
	},
	[0.45] = {
		0.438682,
		0.021333,
		0.898389,
		0,
		0.866953,
		-0.27319,
		-0.416844,
		0,
		0.236538,
		0.961724,
		-0.138338,
		0,
		0.358944,
		0.627738,
		-0.267431,
		1
	},
	[0.466666666667] = {
		0.469909,
		0.03987,
		0.881814,
		0,
		0.766397,
		-0.514088,
		-0.385161,
		0,
		0.437974,
		0.85681,
		-0.272131,
		0,
		0.485387,
		0.52363,
		-0.321005,
		1
	},
	[0.483333333333] = {
		0.472333,
		-0.071182,
		0.878541,
		0,
		0.647651,
		-0.64806,
		-0.400706,
		0,
		0.597871,
		0.758255,
		-0.259999,
		0,
		0.580608,
		0.426975,
		-0.349507,
		1
	},
	[0.4] = {
		0.530693,
		-0.135824,
		0.83661,
		0,
		0.238555,
		0.971108,
		0.006335,
		0,
		-0.8133,
		0.196215,
		0.547762,
		0,
		-0.224583,
		0.573057,
		0.087479,
		1
	},
	[0.516666666667] = {
		0.441997,
		-0.132351,
		0.887199,
		0,
		0.461554,
		-0.814523,
		-0.351453,
		0,
		0.769159,
		0.564832,
		-0.29893,
		0,
		0.687722,
		0.299226,
		-0.411702,
		1
	},
	[0.533333333333] = {
		0.424605,
		-0.134462,
		0.895339,
		0,
		0.375817,
		-0.873514,
		-0.309411,
		0,
		0.823694,
		0.467861,
		-0.320365,
		0,
		0.705575,
		0.251158,
		-0.432311,
		1
	},
	[0.55] = {
		0.412147,
		-0.121803,
		0.902939,
		0,
		0.294978,
		-0.91981,
		-0.258722,
		0,
		0.862045,
		0.372979,
		-0.343168,
		0,
		0.715047,
		0.215171,
		-0.449649,
		1
	},
	[0.566666666667] = {
		0.407947,
		-0.09798,
		0.907733,
		0,
		0.218626,
		-0.954817,
		-0.201315,
		0,
		0.886443,
		0.28058,
		-0.368093,
		0,
		0.719346,
		0.186284,
		-0.464663,
		1
	},
	[0.583333333333] = {
		0.414343,
		-0.067403,
		0.907621,
		0,
		0.145903,
		-0.979436,
		-0.139344,
		0,
		0.89835,
		0.190161,
		-0.395988,
		0,
		0.720266,
		0.160148,
		-0.47812,
		1
	},
	[0.5] = {
		0.4597,
		-0.112506,
		0.880919,
		0,
		0.55191,
		-0.740934,
		-0.382638,
		0,
		0.695752,
		0.662087,
		-0.278515,
		0,
		0.646765,
		0.357276,
		-0.383205,
		1
	},
	[0.616666666667] = {
		0.464708,
		-0.007574,
		0.885432,
		0,
		0.006296,
		-0.99991,
		-0.011857,
		0,
		0.885442,
		0.011085,
		-0.464618,
		0,
		0.715369,
		0.102406,
		-0.503335,
		1
	},
	[0.633333333333] = {
		0.513037,
		0.022015,
		0.858084,
		0,
		-0.066867,
		-0.995608,
		0.065522,
		0,
		0.855758,
		-0.090993,
		-0.509312,
		0,
		0.707633,
		0.06652,
		-0.517463,
		1
	},
	[0.65] = {
		0.578454,
		0.056104,
		0.813783,
		0,
		-0.140782,
		-0.975795,
		0.167344,
		0,
		0.803474,
		-0.211367,
		-0.556555,
		0,
		0.693182,
		0.027518,
		-0.532993,
		1
	},
	[0.666666666667] = {
		0.655116,
		0.084194,
		0.750823,
		0,
		-0.204863,
		-0.936746,
		0.283793,
		0,
		0.727224,
		-0.339733,
		-0.596429,
		0,
		0.672149,
		-0.013505,
		-0.548616,
		1
	},
	[0.683333333333] = {
		0.734916,
		0.097748,
		0.671077,
		0,
		-0.250496,
		-0.880448,
		0.40257,
		0,
		0.630199,
		-0.463957,
		-0.62257,
		0,
		0.645094,
		-0.055577,
		-0.56339,
		1
	},
	[0.6] = {
		0.432939,
		-0.035409,
		0.900727,
		0,
		0.075621,
		-0.994279,
		-0.075435,
		0,
		0.898246,
		0.100773,
		-0.427785,
		0,
		0.718795,
		0.133293,
		-0.490731,
		1
	},
	[0.716666666667] = {
		0.871721,
		0.068699,
		0.485163,
		0,
		-0.274887,
		-0.751084,
		0.600258,
		0,
		0.405635,
		-0.656623,
		-0.635851,
		0,
		0.577552,
		-0.139523,
		-0.587904,
		1
	},
	[0.733333333333] = {
		0.918898,
		0.030863,
		0.393286,
		0,
		-0.260419,
		-0.701391,
		0.6635,
		0,
		0.296325,
		-0.712108,
		-0.636469,
		0,
		0.540424,
		-0.180088,
		-0.596815,
		1
	},
	[0.75] = {
		0.950838,
		-0.015186,
		0.309316,
		0,
		-0.237742,
		-0.675857,
		0.697636,
		0,
		0.198459,
		-0.736876,
		-0.646241,
		0,
		0.503975,
		-0.218862,
		-0.603253,
		1
	},
	[0.766666666667] = {
		0.969701,
		-0.063613,
		0.235866,
		0,
		-0.214743,
		-0.682266,
		0.698855,
		0,
		0.116468,
		-0.728331,
		-0.675255,
		0,
		0.470909,
		-0.255036,
		-0.607506,
		1
	},
	[0.783333333333] = {
		0.97991,
		-0.112788,
		0.164482,
		0,
		-0.194449,
		-0.723619,
		0.662242,
		0,
		0.044329,
		-0.680922,
		-0.731014,
		0,
		0.439455,
		-0.290283,
		-0.611374,
		1
	},
	[0.7] = {
		0.809314,
		0.092409,
		0.580062,
		0,
		-0.273435,
		-0.814744,
		0.511298,
		0,
		0.519851,
		-0.57241,
		-0.634115,
		0,
		0.613068,
		-0.097817,
		-0.576646,
		1
	},
	[0.816666666667] = {
		0.979432,
		-0.2013,
		-0.013804,
		0,
		-0.173314,
		-0.874352,
		0.453289,
		0,
		-0.103316,
		-0.441574,
		-0.891257,
		0,
		0.362108,
		-0.359183,
		-0.604622,
		1
	},
	[0.833333333333] = {
		0.96667,
		-0.223384,
		-0.125095,
		0,
		-0.184036,
		-0.945946,
		0.267053,
		0,
		-0.177988,
		-0.235131,
		-0.955528,
		0,
		0.313385,
		-0.382595,
		-0.578757,
		1
	},
	[0.85] = {
		0.945097,
		-0.216106,
		-0.245131,
		0,
		-0.215202,
		-0.976084,
		0.030804,
		0,
		-0.245925,
		0.02364,
		-0.969,
		0,
		0.26432,
		-0.40027,
		-0.548931,
		1
	},
	[0.866666666667] = {
		0.916935,
		-0.17264,
		-0.359757,
		0,
		-0.266127,
		-0.936352,
		-0.228959,
		0,
		-0.297331,
		0.305681,
		-0.904518,
		0,
		0.216242,
		-0.41257,
		-0.51446,
		1
	},
	[0.883333333333] = {
		0.886853,
		-0.097193,
		-0.451713,
		0,
		-0.329106,
		-0.819075,
		-0.4699,
		0,
		-0.324316,
		0.565394,
		-0.758386,
		0,
		0.170601,
		-0.42149,
		-0.475189,
		1
	},
	[0.8] = {
		0.983486,
		-0.161068,
		0.082542,
		0,
		-0.178727,
		-0.792472,
		0.583133,
		0,
		-0.028512,
		-0.588256,
		-0.808172,
		0,
		0.404914,
		-0.326948,
		-0.615182,
		1
	},
	[0.916666666667] = {
		0.839044,
		0.085635,
		-0.537282,
		0,
		-0.446518,
		-0.455839,
		-0.769956,
		0,
		-0.310849,
		0.885933,
		-0.344232,
		0,
		0.091012,
		-0.438821,
		-0.389718,
		1
	},
	[0.933333333333] = {
		0.82413,
		0.162773,
		-0.542507,
		0,
		-0.487863,
		-0.282598,
		-0.82591,
		0,
		-0.287748,
		0.945327,
		-0.153487,
		0,
		0.058239,
		-0.449311,
		-0.350073,
		1
	},
	[0.95] = {
		0.813284,
		0.221693,
		-0.537979,
		0,
		-0.517698,
		-0.146385,
		-0.842947,
		0,
		-0.265628,
		0.964066,
		-0.004282,
		0,
		0.030632,
		-0.460503,
		-0.316644,
		1
	},
	[0.966666666667] = {
		0.804092,
		0.262583,
		-0.533373,
		0,
		-0.539329,
		-0.055268,
		-0.84028,
		0,
		-0.250122,
		0.963325,
		0.097178,
		0,
		0.008609,
		-0.471457,
		-0.291761,
		1
	},
	[0.983333333333] = {
		0.797609,
		0.285759,
		-0.531189,
		0,
		-0.552621,
		-0.00672,
		-0.833406,
		0,
		-0.241723,
		0.958278,
		0.152556,
		0,
		-0.00544,
		-0.479319,
		-0.277103,
		1
	},
	[0.9] = {
		0.859929,
		-0.005108,
		-0.510387,
		0,
		-0.392399,
		-0.646089,
		-0.65467,
		0,
		-0.326412,
		0.763245,
		-0.557595,
		0,
		0.128607,
		-0.429665,
		-0.432583,
		1
	},
	[1.01666666667] = {
		0.79553,
		0.292713,
		-0.53052,
		0,
		-0.557122,
		0.009136,
		-0.83038,
		0,
		-0.238216,
		0.956157,
		0.170345,
		0,
		-0.010476,
		-0.482024,
		-0.272144,
		1
	},
	[1.03333333333] = {
		0.797572,
		0.284902,
		-0.531705,
		0,
		-0.553082,
		-0.006463,
		-0.833101,
		0,
		-0.240789,
		0.958535,
		0.15242,
		0,
		-0.006017,
		-0.479391,
		-0.276966,
		1
	},
	[1.05] = {
		0.800379,
		0.274426,
		-0.532995,
		0,
		-0.547466,
		-0.027697,
		-0.83637,
		0,
		-0.244284,
		0.961209,
		0.12807,
		0,
		2.6e-05,
		-0.47591,
		-0.283426,
		1
	},
	[1.06666666667] = {
		0.802907,
		0.265085,
		-0.533919,
		0,
		-0.542403,
		-0.046641,
		-0.838823,
		0,
		-0.247262,
		0.963096,
		0.106335,
		0,
		0.005324,
		-0.472902,
		-0.289089,
		1
	},
	[1.08333333333] = {
		0.804011,
		0.261034,
		-0.534254,
		0,
		-0.540191,
		-0.054863,
		-0.839752,
		0,
		-0.248514,
		0.963769,
		0.096898,
		0,
		0.007597,
		-0.471624,
		-0.291518,
		1
	},
	[1.1] = {
		0.804011,
		0.261034,
		-0.534254,
		0,
		-0.540191,
		-0.054863,
		-0.839752,
		0,
		-0.248514,
		0.963769,
		0.096898,
		0,
		0.007597,
		-0.471624,
		-0.291518,
		1
	}
}

return spline_matrices
