-- chunkname: @content/characters/player/human/first_person/animations/shovel/heavy_attack_down_folded.lua

local spline_matrices = {
	[0.0333333333333] = {
		0.085479,
		-0.463417,
		0.882008,
		0,
		-0.996335,
		-0.036841,
		0.077203,
		0,
		-0.003283,
		-0.885374,
		-0.464867,
		0,
		-0.000844,
		0.047091,
		0.35899,
		1,
	},
	[0.0666666666667] = {
		0.107167,
		-0.395792,
		0.912066,
		0,
		-0.994235,
		-0.045757,
		0.096965,
		0,
		0.003355,
		-0.917199,
		-0.398414,
		0,
		0.033076,
		0.063382,
		0.442978,
		1,
	},
	[0] = {
		0.102793,
		-0.468021,
		0.877719,
		0,
		-0.994638,
		-0.058454,
		0.085317,
		0,
		0.011376,
		-0.881782,
		-0.47152,
		0,
		-0.008942,
		0.037255,
		0.287876,
		1,
	},
	[0.133333333333] = {
		0.032172,
		0.812707,
		0.581784,
		0,
		-0.997976,
		-0.005829,
		0.063329,
		0,
		0.054859,
		-0.582644,
		0.810874,
		0,
		0.043779,
		0.339789,
		0.250647,
		1,
	},
	[0.166666666667] = {
		-0.025699,
		0.853133,
		-0.52106,
		0,
		-0.999483,
		-0.011861,
		0.029876,
		0,
		0.019308,
		0.521559,
		0.852997,
		0,
		0.007111,
		0.492308,
		-0.041009,
		1,
	},
	[0.1] = {
		0.119277,
		-0.129136,
		0.984427,
		0,
		-0.992493,
		-0.042518,
		0.114677,
		0,
		0.027047,
		-0.990715,
		-0.133238,
		0,
		0.060381,
		0.129076,
		0.459494,
		1,
	},
	[0.233333333333] = {
		-0.007023,
		0.062186,
		-0.99804,
		0,
		-0.999642,
		0.025349,
		0.008614,
		0,
		0.025835,
		0.997743,
		0.061985,
		0,
		-0.000751,
		0.458565,
		-0.57988,
		1,
	},
	[0.266666666667] = {
		-0.055559,
		-0.189681,
		-0.980273,
		0,
		-0.998454,
		0.008998,
		0.054848,
		0,
		-0.001584,
		0.981805,
		-0.189888,
		0,
		-0.00879,
		0.271718,
		-0.728222,
		1,
	},
	[0.2] = {
		-0.029738,
		0.501997,
		-0.864358,
		0,
		-0.999281,
		0.005403,
		0.037517,
		0,
		0.023503,
		0.864853,
		0.501475,
		0,
		-0.024525,
		0.587796,
		-0.344912,
		1,
	},
	[0.333333333333] = {
		-0.124375,
		-0.424162,
		-0.897005,
		0,
		-0.991417,
		0.016415,
		0.129703,
		0,
		-0.040291,
		0.905438,
		-0.422563,
		0,
		0.00367,
		0.060499,
		-0.792635,
		1,
	},
	[0.366666666667] = {
		-0.146574,
		-0.492038,
		-0.858146,
		0,
		-0.987956,
		0.029327,
		0.15193,
		0,
		-0.049589,
		0.87008,
		-0.49041,
		0,
		0.016307,
		-0.007241,
		-0.787276,
		1,
	},
	[0.3] = {
		-0.100718,
		-0.334207,
		-0.937103,
		0,
		-0.994454,
		0.005142,
		0.105048,
		0,
		-0.03029,
		0.942486,
		-0.332871,
		0,
		-0.000635,
		0.141555,
		-0.793491,
		1,
	},
	[0.433333333333] = {
		-0.186898,
		-0.574921,
		-0.796577,
		0,
		-0.980211,
		0.055294,
		0.190075,
		0,
		-0.065232,
		0.816338,
		-0.573879,
		0,
		0.033711,
		-0.091525,
		-0.773188,
		1,
	},
	[0.466666666667] = {
		-0.20618,
		-0.595473,
		-0.776467,
		0,
		-0.976011,
		0.068425,
		0.206692,
		0,
		-0.06995,
		0.800456,
		-0.595296,
		0,
		0.037057,
		-0.116395,
		-0.767128,
		1,
	},
	[0.4] = {
		-0.16705,
		-0.541319,
		-0.824055,
		0,
		-0.984231,
		0.042251,
		0.171766,
		0,
		-0.058163,
		0.839755,
		-0.539842,
		0,
		0.026691,
		-0.056658,
		-0.77986,
		1,
	},
	[0.533333333333] = {
		-0.242506,
		-0.605226,
		-0.758216,
		0,
		-0.967666,
		0.095003,
		0.233662,
		0,
		-0.069385,
		0.790364,
		-0.608696,
		0,
		0.038324,
		-0.145802,
		-0.758291,
		1,
	},
	[0.566666666667] = {
		-0.258897,
		-0.596832,
		-0.75945,
		0,
		-0.963852,
		0.108395,
		0.243392,
		0,
		-0.062944,
		0.795011,
		-0.603321,
		0,
		0.038255,
		-0.15295,
		-0.755225,
		1,
	},
	[0.5] = {
		-0.22481,
		-0.60513,
		-0.763726,
		0,
		-0.97177,
		0.081659,
		0.221348,
		0,
		-0.07158,
		0.791928,
		-0.606405,
		0,
		0.038189,
		-0.133901,
		-0.762202,
		1,
	},
	[0.633333333333] = {
		-0.288415,
		-0.556692,
		-0.779045,
		0,
		-0.956703,
		0.134229,
		0.258268,
		0,
		-0.039206,
		0.819803,
		-0.571303,
		0,
		0.036861,
		-0.156152,
		-0.751324,
		1,
	},
	[0.666666666667] = {
		-0.302405,
		-0.52609,
		-0.794846,
		0,
		-0.9529,
		0.146661,
		0.265467,
		0,
		-0.023087,
		0.837688,
		-0.545662,
		0,
		0.034875,
		-0.15331,
		-0.750285,
		1,
	},
	[0.6] = {
		-0.27377,
		-0.580393,
		-0.766938,
		0,
		-0.960361,
		0.121424,
		0.250925,
		0,
		-0.05251,
		0.805233,
		-0.590629,
		0,
		0.038041,
		-0.156181,
		-0.752948,
		1,
	},
	[0.733333333333] = {
		-0.327362,
		-0.44615,
		-0.832937,
		0,
		-0.944752,
		0.170113,
		0.280189,
		0,
		0.016688,
		0.878642,
		-0.47719,
		0,
		0.028944,
		-0.140599,
		-0.749783,
		1,
	},
	[0.766666666667] = {
		-0.337976,
		-0.398094,
		-0.852815,
		0,
		-0.940318,
		0.181028,
		0.288151,
		0,
		0.039672,
		0.899305,
		-0.435518,
		0,
		0.025102,
		-0.13125,
		-0.750258,
		1,
	},
	[0.7] = {
		-0.315476,
		-0.489049,
		-0.813207,
		0,
		-0.948923,
		0.158649,
		0.272718,
		0,
		-0.004358,
		0.857707,
		-0.51412,
		0,
		0.032211,
		-0.14803,
		-0.749781,
		1,
	},
	[0.833333333333] = {
		-0.354002,
		-0.290727,
		-0.888909,
		0,
		-0.930944,
		0.200578,
		0.305141,
		0,
		0.089583,
		0.935546,
		-0.341656,
		0,
		0.016223,
		-0.107642,
		-0.752538,
		1,
	},
	[0.866666666667] = {
		-0.359725,
		-0.233844,
		-0.90328,
		0,
		-0.925895,
		0.20919,
		0.314576,
		0,
		0.115395,
		0.949503,
		-0.291766,
		0,
		0.011317,
		-0.093771,
		-0.754168,
		1,
	},
	[0.8] = {
		-0.346732,
		-0.345935,
		-0.871841,
		0,
		-0.935768,
		0.191154,
		0.296308,
		0,
		0.064153,
		0.91858,
		-0.389994,
		0,
		0.020871,
		-0.120208,
		-0.751207,
		1,
	},
	[0.933333333333] = {
		-0.367522,
		-0.121102,
		-0.922096,
		0,
		-0.915114,
		0.223865,
		0.335338,
		0,
		0.165815,
		0.967067,
		-0.193097,
		0,
		0.003677,
		-0.068237,
		-0.753809,
		1,
	},
	[0.966666666667] = {
		-0.370484,
		-0.068272,
		-0.926326,
		0,
		-0.909341,
		0.229929,
		0.346744,
		0,
		0.189316,
		0.97081,
		-0.147267,
		0,
		0.004873,
		-0.056329,
		-0.758862,
		1,
	},
	[0.9] = {
		-0.364107,
		-0.176784,
		-0.914425,
		0,
		-0.920622,
		0.216954,
		0.324631,
		0,
		0.140998,
		0.960041,
		-0.241745,
		0,
		0.006326,
		-0.078894,
		-0.755946,
		1,
	},
	[1.03333333333] = {
		-0.377498,
		0.021318,
		-0.925765,
		0,
		-0.896877,
		0.240378,
		0.371254,
		0,
		0.230448,
		0.970445,
		-0.071623,
		0,
		0.00399,
		-0.035177,
		-0.76056,
		1,
	},
	[1.06666666667] = {
		-0.382953,
		0.053215,
		-0.922234,
		0,
		-0.890072,
		0.245925,
		0.383788,
		0,
		0.247224,
		0.967827,
		-0.046813,
		0,
		0.003833,
		-0.029032,
		-0.760206,
		1,
	},
	{
		-0.373583,
		-0.019983,
		-0.927382,
		0,
		-0.903279,
		0.23526,
		0.358804,
		0,
		0.211006,
		0.971727,
		-0.10594,
		0,
		0.004381,
		-0.044807,
		-0.76005,
		1,
	},
}

return spline_matrices
