local spline_matrices = {
	[0] = {
		0.969875,
		0.240832,
		-0.036641,
		0,
		-0.242082,
		0.936063,
		-0.25531,
		0,
		-0.027189,
		0.256489,
		0.966165,
		0,
		0.29282,
		0.472732,
		-0.284528,
		1
	},
	{
		-0.069596,
		-0.569024,
		-0.819371,
		0,
		-0.997464,
		0.027425,
		0.065678,
		0,
		-0.014901,
		0.821864,
		-0.569489,
		0,
		0.038604,
		-0.077295,
		-0.625499,
		1
	},
	[0.0333333333333] = {
		0.932879,
		0.357124,
		-0.046894,
		0,
		-0.36019,
		0.92509,
		-0.1203,
		0,
		0.000419,
		0.129116,
		0.991629,
		0,
		0.294212,
		0.484984,
		-0.270556,
		1
	},
	[0.0666666666667] = {
		0.879349,
		0.465029,
		-0.102436,
		0,
		-0.453507,
		0.883463,
		0.117582,
		0,
		0.145178,
		-0.056941,
		0.987766,
		0,
		0.295604,
		0.505651,
		-0.256061,
		1
	},
	[0.133333333333] = {
		0.782508,
		0.621699,
		-0.03424,
		0,
		-0.62248,
		0.782372,
		-0.020311,
		0,
		0.014161,
		0.037207,
		0.999207,
		0,
		0.294704,
		0.540095,
		-0.276079,
		1
	},
	[0.166666666667] = {
		0.423036,
		0.903711,
		-0.065938,
		0,
		-0.903001,
		0.414439,
		-0.113265,
		0,
		-0.075032,
		0.107457,
		0.991374,
		0,
		0.289155,
		0.630673,
		-0.427851,
		1
	},
	[0.1] = {
		0.881018,
		0.460446,
		-0.108609,
		0,
		-0.436942,
		0.879987,
		0.186293,
		0,
		0.181353,
		-0.116672,
		0.976473,
		0,
		0.295492,
		0.523629,
		-0.261997,
		1
	},
	[0.233333333333] = {
		-0.505139,
		0.63161,
		-0.588135,
		0,
		-0.845083,
		-0.500275,
		0.188572,
		0,
		-0.175126,
		0.592278,
		0.786472,
		0,
		0.249985,
		0.550993,
		-0.352693,
		1
	},
	[0.266666666667] = {
		-0.351742,
		0.39572,
		-0.848342,
		0,
		-0.881842,
		-0.444119,
		0.158468,
		0,
		-0.314056,
		0.803843,
		0.505178,
		0,
		0.249985,
		0.481426,
		-0.374237,
		1
	},
	[0.2] = {
		0.298755,
		0.426526,
		-0.85371,
		0,
		-0.925383,
		-0.089181,
		-0.368393,
		0,
		-0.233264,
		0.900068,
		0.368056,
		0,
		0.288405,
		0.56228,
		-0.315079,
		1
	},
	[0.333333333333] = {
		-0.217749,
		-0.130428,
		-0.967251,
		0,
		-0.865178,
		-0.432881,
		0.253142,
		0,
		-0.451721,
		0.891966,
		-0.018584,
		0,
		0.261143,
		0.252179,
		-0.411984,
		1
	},
	[0.366666666667] = {
		-0.12877,
		-0.246395,
		-0.960577,
		0,
		-0.880634,
		-0.41696,
		0.225006,
		0,
		-0.455963,
		0.874891,
		-0.163292,
		0,
		0.275464,
		0.124707,
		-0.389608,
		1
	},
	[0.3] = {
		-0.252062,
		0.035154,
		-0.967072,
		0,
		-0.879334,
		-0.425552,
		0.213724,
		0,
		-0.404026,
		0.904251,
		0.138178,
		0,
		0.252733,
		0.376953,
		-0.396805,
		1
	},
	[0.433333333333] = {
		0.239686,
		-0.528677,
		-0.814279,
		0,
		-0.891587,
		-0.451796,
		0.03089,
		0,
		-0.384218,
		0.718597,
		-0.579651,
		0,
		0.349805,
		-0.069745,
		-0.335902,
		1
	},
	[0.466666666667] = {
		0.245326,
		-0.625551,
		-0.740609,
		0,
		-0.907006,
		-0.417835,
		0.052476,
		0,
		-0.342279,
		0.658863,
		-0.669884,
		0,
		0.396424,
		-0.109368,
		-0.271864,
		1
	},
	[0.4] = {
		0.049121,
		-0.338255,
		-0.939772,
		0,
		-0.912446,
		-0.397891,
		0.095521,
		0,
		-0.406237,
		0.852799,
		-0.328185,
		0,
		0.295944,
		0.013368,
		-0.353669,
		1
	},
	[0.533333333333] = {
		-0.426833,
		0.814553,
		-0.392833,
		0,
		-0.613925,
		0.057956,
		0.787234,
		0,
		0.66401,
		0.577187,
		0.475337,
		0,
		0.356765,
		-0.065715,
		0.014801,
		1
	},
	[0.566666666667] = {
		0.456267,
		0.847203,
		0.272155,
		0,
		-0.317637,
		-0.130633,
		0.939171,
		0,
		0.83122,
		-0.514959,
		0.2095,
		0,
		0.296479,
		-0.005357,
		0.137464,
		1
	},
	[0.5] = {
		-0.200467,
		-0.169285,
		-0.964964,
		0,
		-0.967776,
		-0.118992,
		0.221926,
		0,
		-0.152391,
		0.978358,
		-0.139976,
		0,
		0.39015,
		-0.102482,
		-0.137708,
		1
	},
	[0.633333333333] = {
		0.306172,
		0.785882,
		0.53726,
		0,
		-0.945775,
		0.186798,
		0.265735,
		0,
		0.108477,
		-0.589488,
		0.80046,
		0,
		0.12282,
		0.246511,
		0.211568,
		1
	},
	[0.666666666667] = {
		0.178604,
		0.927851,
		0.327403,
		0,
		-0.98305,
		0.15428,
		0.099044,
		0,
		0.041386,
		-0.339544,
		0.939679,
		0,
		0.066882,
		0.440649,
		0.171951,
		1
	},
	[0.6] = {
		0.778767,
		0.520293,
		0.350454,
		0,
		-0.500318,
		0.178139,
		0.847319,
		0,
		0.378425,
		-0.835202,
		0.399041,
		0,
		0.219191,
		0.089873,
		0.201221,
		1
	},
	[0.733333333333] = {
		-0.072072,
		-0.060321,
		-0.995574,
		0,
		-0.994979,
		-0.065148,
		0.075976,
		0,
		-0.069442,
		0.996051,
		-0.055323,
		0,
		-0.001443,
		0.543088,
		-0.433287,
		1
	},
	[0.766666666667] = {
		-0.120054,
		-0.175717,
		-0.977093,
		0,
		-0.979348,
		-0.140313,
		0.145565,
		0,
		-0.162677,
		0.97439,
		-0.155243,
		0,
		0.048178,
		0.468841,
		-0.696538,
		1
	},
	[0.7] = {
		-0.047017,
		0.594905,
		-0.802419,
		0,
		-0.998581,
		-0.048096,
		0.022853,
		0,
		-0.024997,
		0.802356,
		0.596323,
		0,
		0.019358,
		0.704268,
		-0.077594,
		1
	},
	[0.833333333333] = {
		-0.029126,
		-0.626717,
		-0.778702,
		0,
		-0.991418,
		-0.081213,
		0.102444,
		0,
		-0.127445,
		0.775003,
		-0.618973,
		0,
		0.030872,
		0.253785,
		-0.671916,
		1
	},
	[0.866666666667] = {
		-0.054068,
		-0.700862,
		-0.711244,
		0,
		-0.991446,
		-0.047056,
		0.121737,
		0,
		-0.118789,
		0.711743,
		-0.692323,
		0,
		0.029384,
		0.200135,
		-0.672174,
		1
	},
	[0.8] = {
		-0.029063,
		-0.489391,
		-0.87158,
		0,
		-0.990435,
		-0.103561,
		0.091176,
		0,
		-0.134882,
		0.865894,
		-0.4817,
		0,
		0.029777,
		0.30905,
		-0.671611,
		1
	},
	[0.933333333333] = {
		-0.070446,
		-0.653666,
		-0.753498,
		0,
		-0.995604,
		-0.000672,
		0.093664,
		0,
		-0.061732,
		0.756783,
		-0.650745,
		0,
		0.02558,
		0.087833,
		-0.664845,
		1
	},
	[0.966666666667] = {
		-0.071248,
		-0.618449,
		-0.782588,
		0,
		-0.996787,
		0.01536,
		0.07861,
		0,
		-0.036596,
		0.785674,
		-0.617557,
		0,
		0.028901,
		0.019079,
		-0.655725,
		1
	},
	[0.9] = {
		-0.065702,
		-0.686542,
		-0.724115,
		0,
		-0.993603,
		-0.021788,
		0.110811,
		0,
		-0.091853,
		0.726764,
		-0.680719,
		0,
		0.026664,
		0.146504,
		-0.67007,
		1
	},
	[1.03333333333] = {
		-0.066097,
		-0.500478,
		-0.863222,
		0,
		-0.997798,
		0.037881,
		0.054439,
		0,
		0.005454,
		0.86492,
		-0.50188,
		0,
		0.052496,
		-0.197849,
		-0.569421,
		1
	},
	[1.06666666667] = {
		-0.060726,
		-0.428555,
		-0.901473,
		0,
		-0.99792,
		0.045661,
		0.045516,
		0,
		0.021657,
		0.902361,
		-0.430436,
		0,
		0.066894,
		-0.316347,
		-0.505646,
		1
	},
	[1.13333333333] = {
		-0.053318,
		-0.350984,
		-0.934862,
		0,
		-0.997934,
		0.052342,
		0.037263,
		0,
		0.035854,
		0.934917,
		-0.35305,
		0,
		0.08252,
		-0.44372,
		-0.429789,
		1
	},
	[1.16666666667] = {
		-0.053485,
		-0.35418,
		-0.933647,
		0,
		-0.997909,
		0.052929,
		0.037088,
		0,
		0.036281,
		0.933678,
		-0.35627,
		0,
		0.082313,
		-0.445237,
		-0.428258,
		1
	},
	[1.1] = {
		-0.055519,
		-0.372016,
		-0.926564,
		0,
		-0.997944,
		0.050437,
		0.039546,
		0,
		0.032021,
		0.926855,
		-0.374051,
		0,
		0.07811,
		-0.406852,
		-0.452763,
		1
	},
	[1.23333333333] = {
		-0.053892,
		-0.359557,
		-0.931566,
		0,
		-0.997849,
		0.054262,
		0.036784,
		0,
		0.037322,
		0.931544,
		-0.361708,
		0,
		0.08181,
		-0.447818,
		-0.425655,
		1
	},
	[1.26666666667] = {
		-0.054084,
		-0.361558,
		-0.93078,
		0,
		-0.99782,
		0.054868,
		0.036667,
		0,
		0.037813,
		0.930734,
		-0.363737,
		0,
		0.081573,
		-0.448788,
		-0.424678,
		1
	},
	[1.2] = {
		-0.053685,
		-0.357067,
		-0.932535,
		0,
		-0.99788,
		0.053592,
		0.036926,
		0,
		0.036791,
		0.93254,
		-0.359187,
		0,
		0.082067,
		-0.446618,
		-0.426864,
		1
	},
	[1.33333333333] = {
		-0.054323,
		-0.363736,
		-0.929917,
		0,
		-0.997784,
		0.05561,
		0.036536,
		0,
		0.038424,
		0.929841,
		-0.365951,
		0,
		0.081277,
		-0.44985,
		-0.423609,
		1
	},
	[1.36666666667] = {
		-0.054335,
		-0.363834,
		-0.929878,
		0,
		-0.997782,
		0.055647,
		0.03653,
		0,
		0.038454,
		0.9298,
		-0.366051,
		0,
		0.081262,
		-0.449899,
		-0.423561,
		1
	},
	[1.3] = {
		-0.054236,
		-0.362981,
		-0.930217,
		0,
		-0.997797,
		0.05534,
		0.036582,
		0,
		0.0382,
		0.930152,
		-0.365183,
		0,
		0.081385,
		-0.449481,
		-0.423981,
		1
	}
}

return spline_matrices
