-- chunkname: @content/characters/player/human/first_person/animations/assault_shield_maul/attack_right_down.lua

local spline_matrices = {
	[0.0166666666667] = {
		-0.463206,
		0.040438,
		-0.885327,
		0,
		0.801982,
		-0.406022,
		-0.438145,
		0,
		-0.37718,
		-0.912968,
		0.155642,
		0,
		-0.371089,
		-0.110579,
		-0.177985,
		1,
	},
	[0.0333333333333] = {
		-0.497784,
		0.030317,
		-0.866771,
		0,
		0.761929,
		-0.462154,
		-0.453738,
		0,
		-0.414337,
		-0.886282,
		0.206954,
		0,
		-0.363832,
		-0.100137,
		-0.157418,
		1,
	},
	[0.05] = {
		-0.534389,
		0.021606,
		-0.844962,
		0,
		0.715167,
		-0.521272,
		-0.46563,
		0,
		-0.450516,
		-0.853117,
		0.26311,
		0,
		-0.351999,
		-0.086142,
		-0.129281,
		1,
	},
	[0.0666666666667] = {
		-0.57102,
		0.015289,
		-0.820794,
		0,
		0.663629,
		-0.579962,
		-0.472484,
		0,
		-0.483253,
		-0.8145,
		0.321023,
		0,
		-0.336753,
		-0.069606,
		-0.09639,
		1,
	},
	[0.0833333333333] = {
		-0.605717,
		0.011785,
		-0.795593,
		0,
		0.610062,
		-0.635036,
		-0.473871,
		0,
		-0.510814,
		-0.772393,
		0.377462,
		0,
		-0.319364,
		-0.051636,
		-0.061518,
		1,
	},
	[0] = {
		-0.432568,
		0.050556,
		-0.900183,
		0,
		0.834227,
		-0.356264,
		-0.420882,
		0,
		-0.341981,
		-0.933017,
		0.111933,
		0,
		-0.372685,
		-0.116531,
		-0.188167,
		1,
	},
	[0.116666666667] = {
		-0.662564,
		0.01186,
		-0.748911,
		0,
		0.510729,
		-0.724222,
		-0.463312,
		0,
		-0.547873,
		-0.689465,
		0.473786,
		0,
		-0.283823,
		-0.016315,
		0.003494,
		1,
	},
	[0.133333333333] = {
		-0.68216,
		0.013711,
		-0.731074,
		0,
		0.472482,
		-0.754793,
		-0.455025,
		0,
		-0.558049,
		-0.655819,
		0.508411,
		0,
		-0.268737,
		-0.001616,
		0.028496,
		1,
	},
	[0.15] = {
		-0.694637,
		0.01517,
		-0.7192,
		0,
		0.446752,
		-0.774507,
		-0.44783,
		0,
		-0.563819,
		-0.632383,
		0.531225,
		0,
		-0.257558,
		0.009245,
		0.045164,
		1,
	},
	[0.166666666667] = {
		-0.699082,
		0.014833,
		-0.714888,
		0,
		0.436982,
		-0.782499,
		-0.443557,
		0,
		-0.565978,
		-0.622476,
		0.540549,
		0,
		-0.251859,
		0.014869,
		0.051066,
		1,
	},
	[0.183333333333] = {
		-0.699158,
		0.013336,
		-0.714843,
		0,
		0.436413,
		-0.783999,
		-0.441463,
		0,
		-0.566324,
		-0.620619,
		0.542318,
		0,
		-0.249548,
		0.017223,
		0.050768,
		1,
	},
	[0.1] = {
		-0.636718,
		0.010894,
		-0.771019,
		0,
		0.557849,
		-0.683801,
		-0.470341,
		0,
		-0.532348,
		-0.729588,
		0.429311,
		0,
		-0.301222,
		-0.033441,
		-0.027359,
		1,
	},
	[0.216666666667] = {
		-0.827101,
		0.130774,
		-0.546628,
		0,
		0.3311,
		-0.672524,
		-0.66188,
		0,
		-0.454177,
		-0.72843,
		0.512946,
		0,
		-0.241494,
		0.002956,
		0.129412,
		1,
	},
	[0.233333333333] = {
		-0.965314,
		0.181117,
		-0.188055,
		0,
		0.152512,
		-0.193454,
		-0.969183,
		0,
		-0.211916,
		-0.964247,
		0.159121,
		0,
		-0.218972,
		-0.038768,
		0.198184,
		1,
	},
	[0.25] = {
		-0.961311,
		0.197737,
		-0.191786,
		0,
		0.211521,
		0.083856,
		-0.97377,
		0,
		-0.176468,
		-0.976662,
		-0.122437,
		0,
		-0.226211,
		-0.010769,
		0.218388,
		1,
	},
	[0.266666666667] = {
		-0.890927,
		0.24305,
		-0.383634,
		0,
		0.397162,
		0.007296,
		-0.91772,
		0,
		-0.220252,
		-0.969986,
		-0.103031,
		0,
		-0.237384,
		0.06477,
		0.218886,
		1,
	},
	[0.283333333333] = {
		-0.847574,
		0.25604,
		-0.464824,
		0,
		0.455404,
		-0.098749,
		-0.884792,
		0,
		-0.272443,
		-0.961609,
		-0.032904,
		0,
		-0.223043,
		0.145065,
		0.221425,
		1,
	},
	[0.2] = {
		-0.699245,
		0.01201,
		-0.714782,
		0,
		0.436167,
		-0.785027,
		-0.439876,
		0,
		-0.566405,
		-0.619346,
		0.543687,
		0,
		-0.247582,
		0.019134,
		0.050491,
		1,
	},
	[0.316666666667] = {
		-0.848878,
		0.079342,
		-0.5226,
		0,
		0.092417,
		-0.951165,
		-0.294525,
		0,
		-0.520447,
		-0.298313,
		0.80009,
		0,
		-0.11848,
		0.466988,
		0.165078,
		1,
	},
	[0.333333333333] = {
		-0.910397,
		-0.050584,
		-0.410633,
		0,
		-0.207548,
		-0.802749,
		0.559033,
		0,
		-0.357913,
		0.594168,
		0.720321,
		0,
		-0.004985,
		0.637714,
		-0.014172,
		1,
	},
	[0.35] = {
		-0.916152,
		-0.036153,
		-0.399197,
		0,
		-0.316821,
		-0.544768,
		0.776436,
		0,
		-0.245541,
		0.837807,
		0.487636,
		0,
		0.045386,
		0.643189,
		-0.107688,
		1,
	},
	[0.366666666667] = {
		-0.903622,
		-0.012157,
		-0.428159,
		0,
		-0.394786,
		-0.364149,
		0.843528,
		0,
		-0.166168,
		0.931261,
		0.324254,
		0,
		0.082584,
		0.638382,
		-0.180196,
		1,
	},
	[0.383333333333] = {
		-0.904425,
		-0.006395,
		-0.426586,
		0,
		-0.409328,
		-0.268885,
		0.871867,
		0,
		-0.120278,
		0.963151,
		0.240568,
		0,
		0.124544,
		0.616697,
		-0.262931,
		1,
	},
	[0.3] = {
		-0.851432,
		0.216092,
		-0.477878,
		0,
		0.389102,
		-0.350681,
		-0.851835,
		0,
		-0.351657,
		-0.911223,
		0.214499,
		0,
		-0.194995,
		0.240541,
		0.236868,
		1,
	},
	[0.416666666667] = {
		-0.901756,
		0.035991,
		-0.430745,
		0,
		-0.432246,
		-0.07459,
		0.898666,
		0,
		0.000215,
		0.996565,
		0.082819,
		0,
		0.202684,
		0.514311,
		-0.442887,
		1,
	},
	[0.433333333333] = {
		-0.923406,
		0.02379,
		-0.383086,
		0,
		-0.379967,
		0.08448,
		0.921134,
		0,
		0.054276,
		0.996141,
		-0.06897,
		0,
		0.232512,
		0.453671,
		-0.538576,
		1,
	},
	[0.45] = {
		-0.965845,
		-0.045303,
		-0.255131,
		0,
		-0.257591,
		0.274741,
		0.926372,
		0,
		0.028127,
		0.96045,
		-0.277027,
		0,
		0.227973,
		0.401809,
		-0.6038,
		1,
	},
	[0.466666666667] = {
		-0.987837,
		-0.104683,
		-0.114972,
		0,
		-0.150808,
		0.464948,
		0.872399,
		0,
		-0.037869,
		0.879128,
		-0.47508,
		0,
		0.204005,
		0.348038,
		-0.641384,
		1,
	},
	[0.483333333333] = {
		-0.993633,
		-0.11254,
		0.005375,
		0,
		-0.059743,
		0.566727,
		0.821736,
		0,
		-0.095524,
		0.816183,
		-0.569842,
		0,
		0.190619,
		0.314026,
		-0.672628,
		1,
	},
	[0.4] = {
		-0.905969,
		-0.000356,
		-0.423343,
		0,
		-0.414397,
		-0.203749,
		0.886996,
		0,
		-0.086572,
		0.979023,
		0.184443,
		0,
		0.162372,
		0.576928,
		-0.347548,
		1,
	},
	[0.516666666667] = {
		-0.978827,
		-0.010271,
		0.204432,
		0,
		0.159893,
		0.585192,
		0.794974,
		0,
		-0.127797,
		0.81083,
		-0.57116,
		0,
		0.202318,
		0.236929,
		-0.713518,
		1,
	},
	[0.533333333333] = {
		-0.94921,
		0.074758,
		0.305632,
		0,
		0.292974,
		0.564232,
		0.771886,
		0,
		-0.114743,
		0.822225,
		-0.557477,
		0,
		0.206046,
		0.172074,
		-0.730449,
		1,
	},
	[0.55] = {
		-0.885833,
		0.20222,
		0.41762,
		0,
		0.455017,
		0.55486,
		0.696484,
		0,
		-0.090877,
		0.806993,
		-0.583527,
		0,
		0.2004,
		0.046347,
		-0.727435,
		1,
	},
	[0.566666666667] = {
		-0.786049,
		0.346004,
		0.512257,
		0,
		0.614545,
		0.526933,
		0.587091,
		0,
		-0.066789,
		0.776288,
		-0.62683,
		0,
		0.192674,
		-0.078106,
		-0.725201,
		1,
	},
	[0.583333333333] = {
		-0.683672,
		0.459957,
		0.566597,
		0,
		0.729032,
		0.465807,
		0.501534,
		0,
		-0.033241,
		0.755952,
		-0.653783,
		0,
		0.189281,
		-0.160811,
		-0.724172,
		1,
	},
	[0.5] = {
		-0.991866,
		-0.070474,
		0.105993,
		0,
		0.043874,
		0.592399,
		0.80445,
		0,
		-0.119483,
		0.802557,
		-0.584488,
		0,
		0.195032,
		0.2743,
		-0.692895,
		1,
	},
	[0.616666666667] = {
		-0.525662,
		0.643422,
		0.556496,
		0,
		0.848192,
		0.346286,
		0.400819,
		0,
		0.065189,
		0.68271,
		-0.727775,
		0,
		0.198798,
		-0.155423,
		-0.734324,
		1,
	},
	[0.633333333333] = {
		-0.465427,
		0.718754,
		0.516497,
		0,
		0.880754,
		0.318445,
		0.350522,
		0,
		0.087463,
		0.61805,
		-0.781258,
		0,
		0.2025,
		-0.141114,
		-0.733407,
		1,
	},
	[0.65] = {
		-0.425953,
		0.768654,
		0.477216,
		0,
		0.899659,
		0.303995,
		0.313371,
		0,
		0.095802,
		0.562813,
		-0.821014,
		0,
		0.205356,
		-0.131418,
		-0.734027,
		1,
	},
	[0.666666666667] = {
		-0.400997,
		0.803614,
		0.439779,
		0,
		0.910277,
		0.295593,
		0.289864,
		0,
		0.102943,
		0.516555,
		-0.850043,
		0,
		0.208445,
		-0.121098,
		-0.733742,
		1,
	},
	[0.683333333333] = {
		-0.388606,
		0.827109,
		0.406049,
		0,
		0.91477,
		0.293538,
		0.277545,
		0,
		0.110369,
		0.479297,
		-0.870685,
		0,
		0.211787,
		-0.110243,
		-0.732747,
		1,
	},
	[0.6] = {
		-0.6167,
		0.525639,
		0.585991,
		0,
		0.786833,
		0.388936,
		0.479189,
		0,
		0.023967,
		0.756593,
		-0.653447,
		0,
		0.193922,
		-0.173717,
		-0.7279,
		1,
	},
	[0.716666666667] = {
		-0.3937,
		0.848984,
		0.352457,
		0,
		0.91018,
		0.306328,
		0.278812,
		0,
		0.128739,
		0.430568,
		-0.89333,
		0,
		0.219213,
		-0.087264,
		-0.729264,
		1,
	},
	[0.733333333333] = {
		-0.407605,
		0.850404,
		0.332673,
		0,
		0.902364,
		0.319255,
		0.28951,
		0,
		0.139993,
		0.418198,
		-0.897504,
		0,
		0.223242,
		-0.075303,
		-0.72703,
		1,
	},
	[0.75] = {
		-0.426953,
		0.846836,
		0.317144,
		0,
		0.891337,
		0.335001,
		0.305439,
		0,
		0.152413,
		0.41309,
		-0.897846,
		0,
		0.22742,
		-0.063144,
		-0.724601,
		1,
	},
	[0.766666666667] = {
		-0.450319,
		0.839028,
		0.305359,
		0,
		0.877366,
		0.352367,
		0.325679,
		0,
		0.165656,
		0.414571,
		-0.894812,
		0,
		0.231686,
		-0.050886,
		-0.722059,
		1,
	},
	[0.783333333333] = {
		-0.476395,
		0.827653,
		0.296713,
		0,
		0.860752,
		0.370198,
		0.349369,
		0,
		0.179314,
		0.421834,
		-0.888765,
		0,
		0.235967,
		-0.038642,
		-0.71947,
		1,
	},
	[0.7] = {
		-0.386796,
		0.841641,
		0.376868,
		0,
		0.914473,
		0.297399,
		0.274397,
		0,
		0.118863,
		0.450771,
		-0.88469,
		0,
		0.215383,
		-0.098938,
		-0.731208,
		1,
	},
	[0.816666666667] = {
		-0.531889,
		0.796996,
		0.286165,
		0,
		0.821307,
		0.403205,
		0.403585,
		0,
		0.206272,
		0.449692,
		-0.869039,
		0,
		0.244245,
		-0.014785,
		-0.714393,
		1,
	},
	[0.833333333333] = {
		-0.559014,
		0.779417,
		0.282864,
		0,
		0.79971,
		0.416706,
		0.432227,
		0,
		0.219014,
		0.46783,
		-0.856252,
		0,
		0.248076,
		-0.003578,
		-0.712022,
		1,
	},
	[0.85] = {
		-0.584436,
		0.761615,
		0.279959,
		0,
		0.77785,
		0.427604,
		0.460547,
		0,
		0.231048,
		0.486927,
		-0.842329,
		0,
		0.251604,
		0.006859,
		-0.709852,
		1,
	},
	[0.866666666667] = {
		-0.60736,
		0.744743,
		0.276534,
		0,
		0.756561,
		0.436052,
		0.487313,
		0,
		0.24234,
		0.50519,
		-0.828284,
		0,
		0.254745,
		0.016039,
		-0.707981,
		1,
	},
	[0.883333333333] = {
		-0.627125,
		0.730047,
		0.27156,
		0,
		0.736694,
		0.442686,
		0.511186,
		0,
		0.252974,
		0.520634,
		-0.815441,
		0,
		0.257423,
		0.023315,
		-0.706543,
		1,
	},
	[0.8] = {
		-0.50398,
		0.81338,
		0.290546,
		0,
		0.841884,
		0.387459,
		0.375642,
		0,
		0.192965,
		0.433922,
		-0.880043,
		0,
		0.240182,
		-0.026547,
		-0.716896,
		1,
	},
	[0.916666666667] = {
		-0.655195,
		0.711907,
		0.252799,
		0,
		0.704352,
		0.454664,
		0.545132,
		0,
		0.273145,
		0.535227,
		-0.799327,
		0,
		0.261216,
		0.029513,
		-0.705603,
		1,
	},
	[0.9] = {
		-0.643206,
		0.71874,
		0.264005,
		0,
		0.71905,
		0.448485,
		0.530875,
		0,
		0.263159,
		0.531295,
		-0.805278,
		0,
		0.259593,
		0.028028,
		-0.705694,
		1,
	},
}

return spline_matrices
