-- chunkname: @content/characters/player/human/first_person/animations/assault_shield_maul/attack_shield_stab.lua

local spline_matrices = {
	[0.016666666666666666] = {
		-0.887142,
		-0.219421,
		-0.405997,
		0,
		-0.458776,
		0.323927,
		0.827403,
		0,
		-0.050036,
		0.920286,
		-0.388034,
		0,
		0.444295,
		0.065419,
		-0.549127,
		1,
	},
	[0.03333333333333333] = {
		-0.888979,
		-0.212915,
		-0.405442,
		0,
		-0.45594,
		0.3287,
		0.827088,
		0,
		-0.042831,
		0.920122,
		-0.389284,
		0,
		0.444638,
		0.06113,
		-0.549344,
		1,
	},
	[0.05] = {
		-0.891092,
		-0.205578,
		-0.40459,
		0,
		-0.452513,
		0.33479,
		0.826528,
		0,
		-0.034463,
		0.919594,
		-0.391355,
		0,
		0.444948,
		0.055757,
		-0.549664,
		1,
	},
	[0.06666666666666667] = {
		-0.892793,
		-0.200296,
		-0.403488,
		0,
		-0.449602,
		0.340706,
		0.825698,
		0,
		-0.027914,
		0.918586,
		-0.394233,
		0,
		0.445054,
		0.050756,
		-0.550063,
		1,
	},
	[0.08333333333333333] = {
		-0.894031,
		-0.197405,
		-0.402169,
		0,
		-0.447387,
		0.346277,
		0.824583,
		0,
		-0.023515,
		0.917128,
		-0.397899,
		0,
		0.444977,
		0.046304,
		-0.550518,
		1,
	},
	[0] = {
		-0.886353,
		-0.222225,
		-0.406194,
		0,
		-0.459955,
		0.321997,
		0.827502,
		0,
		-0.053099,
		0.92029,
		-0.387616,
		0,
		0.44413,
		0.06717,
		-0.549049,
		1,
	},
	[0.11666666666666667] = {
		-0.896137,
		-0.193377,
		-0.399429,
		0,
		-0.443476,
		0.357031,
		0.822106,
		0,
		-0.016368,
		0.913857,
		-0.405707,
		0,
		0.44467,
		0.037885,
		-0.551409,
		1,
	},
	[0.13333333333333333] = {
		-0.896969,
		-0.192128,
		-0.398162,
		0,
		-0.441879,
		0.361626,
		0.820956,
		0,
		-0.013743,
		0.912312,
		-0.409265,
		0,
		0.444467,
		0.034338,
		-0.551805,
		1,
	},
	[0.15] = {
		-0.897629,
		-0.191439,
		-0.397004,
		0,
		-0.440592,
		0.365564,
		0.819904,
		0,
		-0.011831,
		0.910887,
		-0.412487,
		0,
		0.444249,
		0.031345,
		-0.552158,
		1,
	},
	[0.16666666666666666] = {
		-0.898096,
		-0.19135,
		-0.39599,
		0,
		-0.439669,
		0.368741,
		0.818976,
		0,
		-0.010693,
		0.909624,
		-0.415295,
		0,
		0.444034,
		0.028987,
		-0.55246,
		1,
	},
	[0.18333333333333332] = {
		-0.898348,
		-0.191898,
		-0.395154,
		0,
		-0.439162,
		0.371054,
		0.818202,
		0,
		-0.010388,
		0.908567,
		-0.41761,
		0,
		0.443834,
		0.02735,
		-0.552704,
		1,
	},
	[0.1] = {
		-0.895152,
		-0.195149,
		-0.400774,
		0,
		-0.445327,
		0.351881,
		0.823325,
		0,
		-0.019646,
		0.915476,
		-0.401892,
		0,
		0.444844,
		0.041901,
		-0.550978,
		1,
	},
	[0.21666666666666667] = {
		-0.898322,
		-0.193975,
		-0.394197,
		0,
		-0.43919,
		0.373213,
		0.817205,
		0,
		-0.011398,
		0.907241,
		-0.420458,
		0,
		0.443594,
		0.026027,
		-0.552961,
		1,
	},
	[0.23333333333333334] = {
		-0.898037,
		-0.195543,
		-0.394071,
		0,
		-0.439733,
		0.372867,
		0.817071,
		0,
		-0.012837,
		0.907047,
		-0.420835,
		0,
		0.443525,
		0.02649,
		-0.552994,
		1,
	},
	[0.25] = {
		-0.897538,
		-0.197842,
		-0.394062,
		0,
		-0.440674,
		0.371574,
		0.817153,
		0,
		-0.015244,
		0.907078,
		-0.420686,
		0,
		0.443428,
		0.027748,
		-0.55301,
		1,
	},
	[0.26666666666666666] = {
		-0.896752,
		-0.200976,
		-0.394265,
		0,
		-0.442132,
		0.368962,
		0.817549,
		0,
		-0.018839,
		0.907456,
		-0.419725,
		0,
		0.443309,
		0.030088,
		-0.552983,
		1,
	},
	[0.2833333333333333] = {
		-0.8956,
		-0.204818,
		-0.394905,
		0,
		-0.444221,
		0.364181,
		0.81856,
		0,
		-0.023839,
		0.908527,
		-0.417145,
		0,
		0.44317,
		0.034116,
		-0.552861,
		1,
	},
	[0.2] = {
		-0.898419,
		-0.192824,
		-0.394541,
		0,
		-0.43901,
		0.372548,
		0.817605,
		0,
		-0.010668,
		0.907759,
		-0.419356,
		0,
		0.44368,
		0.026367,
		-0.552875,
		1,
	},
	[0.31666666666666665] = {
		-0.889966,
		-0.219529,
		-0.39971,
		0,
		-0.45375,
		0.338801,
		0.824212,
		0,
		-0.045516,
		0.914889,
		-0.401132,
		0,
		0.442752,
		0.05461,
		-0.551549,
		1,
	},
	[0.3333333333333333] = {
		-0.88565,
		-0.225911,
		-0.405694,
		0,
		-0.460672,
		0.317679,
		0.828771,
		0,
		-0.058348,
		0.920893,
		-0.385424,
		0,
		0.443139,
		0.070756,
		-0.549399,
		1,
	},
	[0.35] = {
		-0.881716,
		-0.230005,
		-0.411916,
		0,
		-0.466845,
		0.299402,
		0.832114,
		0,
		-0.068062,
		0.925989,
		-0.371364,
		0,
		0.443903,
		0.084437,
		-0.546845,
		1,
	},
	[0.36666666666666664] = {
		-0.879488,
		-0.231403,
		-0.415876,
		0,
		-0.47053,
		0.291626,
		0.8328,
		0,
		-0.071432,
		0.92812,
		-0.365363,
		0,
		0.44499,
		0.090185,
		-0.54504,
		1,
	},
	[0.38333333333333336] = {
		-0.891426,
		-0.210788,
		-0.401159,
		0,
		-0.451633,
		0.340475,
		0.824684,
		0,
		-0.037249,
		0.916321,
		-0.398707,
		0,
		0.44375,
		0.052281,
		-0.550973,
		1,
	},
	[0.3] = {
		-0.893483,
		-0.211505,
		-0.396173,
		0,
		-0.447897,
		0.355227,
		0.820489,
		0,
		-0.032806,
		0.910538,
		-0.412121,
		0,
		0.442867,
		0.041565,
		-0.552593,
		1,
	},
	[0.4166666666666667] = {
		-0.884903,
		-0.220027,
		-0.41053,
		0,
		-0.462536,
		0.311334,
		0.830139,
		0,
		-0.054841,
		0.924478,
		-0.377271,
		0,
		0.445068,
		0.074605,
		-0.547327,
		1,
	},
	[0.43333333333333335] = {
		-0.884312,
		-0.22282,
		-0.410298,
		0,
		-0.463318,
		0.310186,
		0.830133,
		0,
		-0.057701,
		0.924195,
		-0.377538,
		0,
		0.444738,
		0.075784,
		-0.547433,
		1,
	},
	[0.45] = {
		-0.88423,
		-0.224101,
		-0.409775,
		0,
		-0.463324,
		0.310266,
		0.8301,
		0,
		-0.058887,
		0.923858,
		-0.378178,
		0,
		0.444429,
		0.075886,
		-0.54767,
		1,
	},
	[0.4666666666666667] = {
		-0.884464,
		-0.224615,
		-0.408987,
		0,
		-0.462825,
		0.310934,
		0.830128,
		0,
		-0.059291,
		0.923509,
		-0.378968,
		0,
		0.444054,
		0.075468,
		-0.548032,
		1,
	},
	[0.48333333333333334] = {
		-0.885125,
		-0.224052,
		-0.407866,
		0,
		-0.461631,
		0.312096,
		0.830357,
		0,
		-0.05875,
		0.923253,
		-0.379673,
		0,
		0.443551,
		0.07456,
		-0.548563,
		1,
	},
	[0.4] = {
		-0.887433,
		-0.21451,
		-0.407981,
		0,
		-0.458823,
		0.326422,
		0.826396,
		0,
		-0.044096,
		0.920562,
		-0.3881,
		0,
		0.44587,
		0.062988,
		-0.548134,
		1,
	},
	[0.5166666666666667] = {
		-0.887498,
		-0.219611,
		-0.405114,
		0,
		-0.457528,
		0.315202,
		0.831454,
		0,
		-0.054904,
		0.923265,
		-0.38022,
		0,
		0.442344,
		0.07176,
		-0.54991,
		1,
	},
	[0.5333333333333333] = {
		-0.888587,
		-0.217508,
		-0.40386,
		0,
		-0.455616,
		0.316461,
		0.832026,
		0,
		-0.053167,
		0.923332,
		-0.380304,
		0,
		0.441764,
		0.070585,
		-0.550528,
		1,
	},
	[0.55] = {
		-0.889209,
		-0.216641,
		-0.402956,
		0,
		-0.454467,
		0.317012,
		0.832444,
		0,
		-0.052599,
		0.923347,
		-0.380346,
		0,
		0.44129,
		0.070076,
		-0.550972,
		1,
	},
	[0.5666666666666667] = {
		-0.889333,
		-0.216779,
		-0.402609,
		0,
		-0.454194,
		0.316993,
		0.8326,
		0,
		-0.052866,
		0.923321,
		-0.380372,
		0,
		0.441072,
		0.070108,
		-0.551143,
		1,
	},
	[0.5833333333333334] = {
		-0.889246,
		-0.217067,
		-0.402646,
		0,
		-0.454333,
		0.316863,
		0.832574,
		0,
		-0.053141,
		0.923298,
		-0.38039,
		0,
		0.441076,
		0.070238,
		-0.551124,
		1,
	},
	[0.5] = {
		-0.886242,
		-0.2221,
		-0.406506,
		0,
		-0.4597,
		0.313658,
		0.83084,
		0,
		-0.057026,
		0.923196,
		-0.380076,
		0,
		0.442961,
		0.073188,
		-0.549224,
		1,
	},
	[0.6166666666666667] = {
		-0.888915,
		-0.217703,
		-0.403033,
		0,
		-0.454916,
		0.31645,
		0.832413,
		0,
		-0.053679,
		0.92329,
		-0.380334,
		0,
		0.441251,
		0.070617,
		-0.550935,
		1,
	},
	[0.6333333333333333] = {
		-0.888706,
		-0.2178,
		-0.403442,
		0,
		-0.455319,
		0.316153,
		0.832305,
		0,
		-0.053727,
		0.923369,
		-0.380135,
		0,
		0.441457,
		0.070844,
		-0.550741,
		1,
	},
	[0.65] = {
		-0.888489,
		-0.21762,
		-0.404016,
		0,
		-0.45577,
		0.31586,
		0.83217,
		0,
		-0.053484,
		0.923512,
		-0.379823,
		0,
		0.441765,
		0.071033,
		-0.55047,
		1,
	},
	[0.6666666666666666] = {
		-0.888246,
		-0.217215,
		-0.404766,
		0,
		-0.4563,
		0.315563,
		0.831991,
		0,
		-0.052992,
		0.923709,
		-0.379413,
		0,
		0.442181,
		0.071197,
		-0.550114,
		1,
	},
	[0.6833333333333333] = {
		-0.887949,
		-0.216677,
		-0.405707,
		0,
		-0.456955,
		0.315236,
		0.831756,
		0,
		-0.052329,
		0.923947,
		-0.378925,
		0,
		0.442709,
		0.071365,
		-0.549667,
		1,
	},
	[0.6] = {
		-0.889101,
		-0.217417,
		-0.402778,
		0,
		-0.45458,
		0.316685,
		0.832507,
		0,
		-0.053447,
		0.923277,
		-0.380398,
		0,
		0.441129,
		0.070411,
		-0.551059,
		1,
	},
	[0.7166666666666667] = {
		-0.887384,
		-0.215061,
		-0.407797,
		0,
		-0.45826,
		0.314639,
		0.831264,
		0,
		-0.050464,
		0.924528,
		-0.377759,
		0,
		0.443904,
		0.071591,
		-0.548673,
		1,
	},
	[0.7333333333333333] = {
		-0.887197,
		-0.213915,
		-0.408805,
		0,
		-0.458757,
		0.314444,
		0.831064,
		0,
		-0.04923,
		0.92486,
		-0.377109,
		0,
		0.444495,
		0.071586,
		-0.548195,
		1,
	},
	[0.75] = {
		-0.887102,
		-0.212497,
		-0.409749,
		0,
		-0.459096,
		0.31437,
		0.830905,
		0,
		-0.047752,
		0.925212,
		-0.376435,
		0,
		0.445065,
		0.071459,
		-0.547749,
		1,
	},
	[0.7666666666666667] = {
		-0.887121,
		-0.210774,
		-0.410597,
		0,
		-0.459239,
		0.314452,
		0.830795,
		0,
		-0.045997,
		0.925578,
		-0.375752,
		0,
		0.4456,
		0.071179,
		-0.547351,
		1,
	},
	[0.7833333333333333] = {
		-0.887275,
		-0.20871,
		-0.411319,
		0,
		-0.459144,
		0.314728,
		0.830742,
		0,
		-0.043931,
		0.925952,
		-0.375078,
		0,
		0.446087,
		0.070714,
		-0.547014,
		1,
	},
	[0.7] = {
		-0.887642,
		-0.21597,
		-0.406754,
		0,
		-0.457647,
		0.314915,
		0.831497,
		0,
		-0.051486,
		0.924222,
		-0.37837,
		0,
		0.443305,
		0.071507,
		-0.549169,
		1,
	},
	[0.8166666666666667] = {
		-0.88826,
		-0.202459,
		-0.412317,
		0,
		-0.457791,
		0.316501,
		0.830815,
		0,
		-0.037707,
		0.926735,
		-0.373819,
		0,
		0.44697,
		0.068621,
		-0.546559,
		1,
	},
	[0.8333333333333334] = {
		-0.888978,
		-0.198506,
		-0.412691,
		0,
		-0.456706,
		0.317913,
		0.830874,
		0,
		-0.033734,
		0.927107,
		-0.373276,
		0,
		0.44741,
		0.067082,
		-0.546391,
		1,
	},
	[0.85] = {
		-0.889731,
		-0.194442,
		-0.413003,
		0,
		-0.455523,
		0.319472,
		0.830925,
		0,
		-0.029624,
		0.927432,
		-0.372817,
		0,
		0.447828,
		0.065416,
		-0.54625,
		1,
	},
	[0.8666666666666667] = {
		-0.890445,
		-0.1906,
		-0.413255,
		0,
		-0.454364,
		0.321031,
		0.830958,
		0,
		-0.025713,
		0.927691,
		-0.372462,
		0,
		0.448204,
		0.063775,
		-0.546136,
		1,
	},
	[0.8833333333333333] = {
		-0.891051,
		-0.187313,
		-0.413451,
		0,
		-0.453353,
		0.322443,
		0.830964,
		0,
		-0.022336,
		0.927871,
		-0.372232,
		0,
		0.44852,
		0.062311,
		-0.546045,
		1,
	},
	[0.8] = {
		-0.887655,
		-0.20597,
		-0.41188,
		0,
		-0.458662,
		0.315389,
		0.830758,
		0,
		-0.041209,
		0.92634,
		-0.374427,
		0,
		0.446533,
		0.069882,
		-0.546757,
		1,
	},
	[0.9166666666666666] = {
		-0.891797,
		-0.183185,
		-0.413692,
		0,
		-0.452078,
		0.324446,
		0.83088,
		0,
		-0.017985,
		0.927997,
		-0.372154,
		0,
		0.448939,
		0.060301,
		-0.545927,
		1,
	},
	[0.9333333333333333] = {
		-0.892079,
		-0.181674,
		-0.413751,
		0,
		-0.451583,
		0.325249,
		0.830834,
		0,
		-0.016369,
		0.928013,
		-0.372189,
		0,
		0.449081,
		0.059512,
		-0.545896,
		1,
	},
	[0.95] = {
		-0.892333,
		-0.180377,
		-0.413771,
		0,
		-0.45113,
		0.325976,
		0.830796,
		0,
		-0.014977,
		0.928011,
		-0.372252,
		0,
		0.449189,
		0.058808,
		-0.545884,
		1,
	},
	[0.9666666666666667] = {
		-0.892561,
		-0.179287,
		-0.413753,
		0,
		-0.450716,
		0.326629,
		0.830764,
		0,
		-0.013802,
		0.927992,
		-0.372343,
		0,
		0.449263,
		0.058186,
		-0.54589,
		1,
	},
	[0.9833333333333333] = {
		-0.892758,
		-0.1784,
		-0.413711,
		0,
		-0.450354,
		0.327211,
		0.830731,
		0,
		-0.012832,
		0.927958,
		-0.372464,
		0,
		0.449312,
		0.057641,
		-0.545907,
		1,
	},
	[0.9] = {
		-0.891486,
		-0.184915,
		-0.413594,
		0,
		-0.452615,
		0.323562,
		0.830931,
		0,
		-0.019829,
		0.927962,
		-0.372146,
		0,
		0.44876,
		0.061176,
		-0.545976,
		1,
	},
	[1.0166666666666666] = {
		-0.893048,
		-0.17721,
		-0.413595,
		0,
		-0.449814,
		0.328179,
		0.830642,
		0,
		-0.011465,
		0.927844,
		-0.372791,
		0,
		0.449366,
		0.056775,
		-0.545954,
		1,
	},
	[1.0333333333333334] = {
		-0.893145,
		-0.176896,
		-0.413521,
		0,
		-0.449633,
		0.32857,
		0.830586,
		0,
		-0.011057,
		0.927766,
		-0.372999,
		0,
		0.44937,
		0.056448,
		-0.545984,
		1,
	},
	[1.05] = {
		-0.893212,
		-0.176763,
		-0.413434,
		0,
		-0.449505,
		0.328903,
		0.830523,
		0,
		-0.010826,
		0.927673,
		-0.373236,
		0,
		0.44936,
		0.056188,
		-0.546019,
		1,
	},
	[1.0666666666666667] = {
		-0.89325,
		-0.176803,
		-0.413333,
		0,
		-0.44943,
		0.329181,
		0.830453,
		0,
		-0.010766,
		0.927567,
		-0.373502,
		0,
		0.449334,
		0.055992,
		-0.54606,
		1,
	},
	[1.0833333333333333] = {
		-0.89327,
		-0.176975,
		-0.413218,
		0,
		-0.44939,
		0.329425,
		0.830378,
		0,
		-0.010832,
		0.927448,
		-0.373796,
		0,
		0.449296,
		0.055838,
		-0.546108,
		1,
	},
	{
		-0.89292,
		-0.17771,
		-0.413658,
		0,
		-0.450054,
		0.327727,
		0.83069,
		0,
		-0.012055,
		0.927909,
		-0.372613,
		0,
		0.449347,
		0.057172,
		-0.545928,
		1,
	},
	[1.1166666666666667] = {
		-0.89327,
		-0.177624,
		-0.412938,
		0,
		-0.449379,
		0.329858,
		0.830212,
		0,
		-0.011254,
		0.92717,
		-0.374473,
		0,
		0.449182,
		0.055613,
		-0.546224,
		1,
	},
	[1.1333333333333333] = {
		-0.893247,
		-0.178124,
		-0.412772,
		0,
		-0.449415,
		0.330035,
		0.830122,
		0,
		-0.011636,
		0.927011,
		-0.374855,
		0,
		0.449105,
		0.055553,
		-0.546293,
		1,
	},
	[1.15] = {
		-0.893206,
		-0.178757,
		-0.412588,
		0,
		-0.449484,
		0.330178,
		0.830028,
		0,
		-0.012146,
		0.926838,
		-0.375265,
		0,
		0.449013,
		0.055536,
		-0.546371,
		1,
	},
	[1.1666666666666667] = {
		-0.893144,
		-0.179535,
		-0.412385,
		0,
		-0.449589,
		0.330281,
		0.82993,
		0,
		-0.012798,
		0.926651,
		-0.375706,
		0,
		0.448905,
		0.055568,
		-0.546457,
		1,
	},
	[1.1833333333333333] = {
		-0.893059,
		-0.180468,
		-0.412162,
		0,
		-0.449734,
		0.330339,
		0.829828,
		0,
		-0.013604,
		0.926449,
		-0.376175,
		0,
		0.44878,
		0.055654,
		-0.546551,
		1,
	},
	[1.1] = {
		-0.893277,
		-0.177244,
		-0.413086,
		0,
		-0.449372,
		0.329653,
		0.830297,
		0,
		-0.01099,
		0.927315,
		-0.37412,
		0,
		0.449246,
		0.05571,
		-0.546162,
		1,
	},
	[1.2166666666666666] = {
		-0.892808,
		-0.182846,
		-0.411656,
		0,
		-0.450162,
		0.330295,
		0.829614,
		0,
		-0.015724,
		0.925998,
		-0.377201,
		0,
		0.448473,
		0.05601,
		-0.546766,
		1,
	},
	[1.2333333333333334] = {
		-0.892635,
		-0.184314,
		-0.411378,
		0,
		-0.450458,
		0.330182,
		0.829498,
		0,
		-0.017059,
		0.925747,
		-0.377757,
		0,
		0.448295,
		0.056291,
		-0.546883,
		1,
	},
	[1.25] = {
		-0.892423,
		-0.185982,
		-0.411087,
		0,
		-0.450817,
		0.329998,
		0.829376,
		0,
		-0.018592,
		0.925479,
		-0.378341,
		0,
		0.4481,
		0.056651,
		-0.547006,
		1,
	},
	[1.2666666666666666] = {
		-0.892131,
		-0.188032,
		-0.410787,
		0,
		-0.45131,
		0.329645,
		0.829249,
		0,
		-0.020511,
		0.925191,
		-0.378947,
		0,
		0.447877,
		0.057184,
		-0.547133,
		1,
	},
	[1.2833333333333334] = {
		-0.891737,
		-0.190558,
		-0.41048,
		0,
		-0.451974,
		0.329068,
		0.829116,
		0,
		-0.022919,
		0.924879,
		-0.37957,
		0,
		0.447623,
		0.057941,
		-0.547261,
		1,
	},
	[1.2] = {
		-0.892948,
		-0.181568,
		-0.411918,
		0,
		-0.449923,
		0.330346,
		0.829723,
		0,
		-0.014576,
		0.926232,
		-0.376673,
		0,
		0.448636,
		0.055799,
		-0.546654,
		1,
	},
	[1.3166666666666667] = {
		-0.890724,
		-0.19656,
		-0.409848,
		0,
		-0.453638,
		0.327459,
		0.828845,
		0,
		-0.028709,
		0.924194,
		-0.380843,
		0,
		0.447041,
		0.059908,
		-0.547525,
		1,
	},
	[1.3333333333333333] = {
		-0.890152,
		-0.199794,
		-0.409527,
		0,
		-0.45455,
		0.326534,
		0.82871,
		0,
		-0.031847,
		0.923828,
		-0.381481,
		0,
		0.446728,
		0.061006,
		-0.547659,
		1,
	},
	[1.35] = {
		-0.889569,
		-0.203025,
		-0.409204,
		0,
		-0.455459,
		0.325601,
		0.828578,
		0,
		-0.034985,
		0.923452,
		-0.382115,
		0,
		0.446411,
		0.062105,
		-0.547794,
		1,
	},
	[1.3666666666666667] = {
		-0.889002,
		-0.206133,
		-0.408881,
		0,
		-0.456323,
		0.324716,
		0.82845,
		0,
		-0.038001,
		0.923076,
		-0.382737,
		0,
		0.446099,
		0.063151,
		-0.547929,
		1,
	},
	[1.3833333333333333] = {
		-0.88848,
		-0.208999,
		-0.408562,
		0,
		-0.4571,
		0.323935,
		0.828327,
		0,
		-0.040773,
		0.922706,
		-0.383343,
		0,
		0.445802,
		0.064088,
		-0.548062,
		1,
	},
	[1.3] = {
		-0.89126,
		-0.193441,
		-0.410166,
		0,
		-0.452765,
		0.328322,
		0.828981,
		0,
		-0.025692,
		0.924546,
		-0.380203,
		0,
		0.447342,
		0.058868,
		-0.547392,
		1,
	},
	[1.4166666666666667] = {
		-0.887659,
		-0.213643,
		-0.407945,
		0,
		-0.458277,
		0.322849,
		0.828101,
		0,
		-0.045213,
		0.922022,
		-0.384487,
		0,
		0.445284,
		0.065469,
		-0.54832,
		1,
	},
	[1.4333333333333333] = {
		-0.887344,
		-0.215498,
		-0.407654,
		0,
		-0.458711,
		0.322496,
		0.827998,
		0,
		-0.046965,
		0.921714,
		-0.385016,
		0,
		0.445062,
		0.065961,
		-0.548441,
		1,
	},
	[1.45] = {
		-0.887082,
		-0.217087,
		-0.407381,
		0,
		-0.459062,
		0.32224,
		0.827903,
		0,
		-0.048452,
		0.921431,
		-0.38551,
		0,
		0.444864,
		0.066348,
		-0.548555,
		1,
	},
	[1.4666666666666666] = {
		-0.886869,
		-0.218426,
		-0.407128,
		0,
		-0.45934,
		0.322067,
		0.827816,
		0,
		-0.049694,
		0.921175,
		-0.385964,
		0,
		0.44469,
		0.066642,
		-0.548661,
		1,
	},
	[1.4833333333333334] = {
		-0.886701,
		-0.219534,
		-0.406898,
		0,
		-0.459554,
		0.321963,
		0.827738,
		0,
		-0.05071,
		0.920948,
		-0.386373,
		0,
		0.444539,
		0.066857,
		-0.548756,
		1,
	},
	[1.4] = {
		-0.888031,
		-0.211504,
		-0.408248,
		0,
		-0.457751,
		0.323313,
		0.82821,
		0,
		-0.043178,
		0.922353,
		-0.383928,
		0,
		0.445529,
		0.06486,
		-0.548193,
		1,
	},
	[1.5166666666666666] = {
		-0.88648,
		-0.221117,
		-0.406523,
		0,
		-0.459821,
		0.321906,
		0.827612,
		0,
		-0.052137,
		0.920589,
		-0.387037,
		0,
		0.44431,
		0.067097,
		-0.548912,
		1,
	},
	[1.5333333333333334] = {
		-0.886416,
		-0.221627,
		-0.406384,
		0,
		-0.459892,
		0.321924,
		0.827565,
		0,
		-0.052586,
		0.92046,
		-0.387283,
		0,
		0.444231,
		0.067148,
		-0.54897,
		1,
	},
	[1.55] = {
		-0.886378,
		-0.22197,
		-0.40628,
		0,
		-0.459932,
		0.321955,
		0.827531,
		0,
		-0.052883,
		0.920366,
		-0.387465,
		0,
		0.444175,
		0.067169,
		-0.549013,
		1,
	},
	[1.5666666666666667] = {
		-0.886359,
		-0.222164,
		-0.406216,
		0,
		-0.459951,
		0.321984,
		0.82751,
		0,
		-0.053048,
		0.920309,
		-0.387578,
		0,
		0.444141,
		0.067172,
		-0.54904,
		1,
	},
	[1.5833333333333333] = {
		-0.886353,
		-0.222225,
		-0.406194,
		0,
		-0.459955,
		0.321997,
		0.827502,
		0,
		-0.053099,
		0.92029,
		-0.387616,
		0,
		0.44413,
		0.06717,
		-0.549049,
		1,
	},
	[1.5] = {
		-0.886573,
		-0.220425,
		-0.406696,
		0,
		-0.459711,
		0.321914,
		0.82767,
		0,
		-0.051518,
		0.920752,
		-0.386732,
		0,
		0.444413,
		0.067005,
		-0.54884,
		1,
	},
}

return spline_matrices
