-- chunkname: @content/characters/player/human/first_person/animations/assault_shield_maul/attack_left_up.lua

local spline_matrices = {
	[0.0166666666667] = {
		0.840643,
		0.516671,
		0.162389,
		0,
		0.104273,
		-0.448631,
		0.887613,
		0,
		0.531457,
		-0.729233,
		-0.431013,
		0,
		0.455177,
		0.024147,
		-0.673487,
		1,
	},
	[0.0333333333333] = {
		0.869977,
		0.383356,
		0.310127,
		0,
		-0.024033,
		-0.595228,
		0.803197,
		0,
		0.492507,
		-0.706216,
		-0.508621,
		0,
		0.479508,
		0.006509,
		-0.678787,
		1,
	},
	[0.05] = {
		0.851312,
		0.248759,
		0.461939,
		0,
		-0.160996,
		-0.714117,
		0.681261,
		0,
		0.499348,
		-0.654336,
		-0.567887,
		0,
		0.503152,
		-0.015284,
		-0.681849,
		1,
	},
	[0.0666666666667] = {
		0.791614,
		0.115481,
		0.60001,
		0,
		-0.286896,
		-0.796753,
		0.53186,
		0,
		0.53948,
		-0.593168,
		-0.59759,
		0,
		0.524684,
		0.0004,
		-0.679402,
		1,
	},
	[0.0833333333333] = {
		0.705085,
		-0.012891,
		0.709005,
		0,
		-0.390151,
		-0.841954,
		0.372686,
		0,
		0.592146,
		-0.539395,
		-0.598679,
		0,
		0.542495,
		0.033829,
		-0.669886,
		1,
	},
	[0] = {
		0.760505,
		0.648421,
		0.034368,
		0,
		0.203886,
		-0.288711,
		0.935455,
		0,
		0.616492,
		-0.704412,
		-0.35177,
		0,
		0.430251,
		0.033892,
		-0.670127,
		1,
	},
	[0.116666666667] = {
		0.533182,
		-0.250474,
		0.808072,
		0,
		-0.540027,
		-0.836018,
		0.097184,
		0,
		0.65122,
		-0.488197,
		-0.581013,
		0,
		0.563046,
		0.14867,
		-0.628311,
		1,
	},
	[0.133333333333] = {
		0.513563,
		-0.386857,
		0.765895,
		0,
		-0.657807,
		-0.750635,
		0.061937,
		0,
		0.550947,
		-0.53562,
		-0.639976,
		0,
		0.561095,
		0.221231,
		-0.597195,
		1,
	},
	[0.15] = {
		0.685199,
		-0.255643,
		0.682018,
		0,
		-0.457248,
		-0.879848,
		0.129585,
		0,
		0.566945,
		-0.400643,
		-0.719763,
		0,
		0.476327,
		0.351075,
		-0.59408,
		1,
	},
	[0.166666666667] = {
		0.768731,
		-0.042695,
		0.638145,
		0,
		-0.211762,
		-0.958482,
		0.190969,
		0,
		0.603497,
		-0.281939,
		-0.745856,
		0,
		0.374805,
		0.441211,
		-0.545445,
		1,
	},
	[0.183333333333] = {
		0.772508,
		0.056114,
		0.632521,
		0,
		-0.084199,
		-0.978241,
		0.189618,
		0,
		0.629398,
		-0.199739,
		-0.750974,
		0,
		0.339952,
		0.50316,
		-0.494732,
		1,
	},
	[0.1] = {
		0.611727,
		-0.134442,
		0.779561,
		0,
		-0.471144,
		-0.853529,
		0.222512,
		0,
		0.635463,
		-0.503402,
		-0.585468,
		0,
		0.555291,
		0.083531,
		-0.652837,
		1,
	},
	[0.216666666667] = {
		0.78316,
		0.196102,
		0.590088,
		0,
		0.184572,
		-0.979512,
		0.080555,
		0,
		0.593796,
		0.045826,
		-0.80331,
		0,
		0.274974,
		0.609738,
		-0.393876,
		1,
	},
	[0.233333333333] = {
		0.793578,
		0.187116,
		0.578983,
		0,
		0.270025,
		-0.961012,
		-0.059526,
		0,
		0.545271,
		0.203578,
		-0.813164,
		0,
		0.250162,
		0.651967,
		-0.325857,
		1,
	},
	[0.25] = {
		0.796053,
		0.187811,
		0.575349,
		0,
		0.455146,
		-0.812366,
		-0.36456,
		0,
		0.398925,
		0.552077,
		-0.732168,
		0,
		0.187627,
		0.701488,
		-0.233516,
		1,
	},
	[0.266666666667] = {
		0.859556,
		-0.056467,
		0.507913,
		0,
		0.447008,
		-0.398625,
		-0.800801,
		0,
		0.247686,
		0.915374,
		-0.317399,
		0,
		0.048833,
		0.711085,
		-0.072372,
		1,
	},
	[0.283333333333] = {
		0.849963,
		-0.060314,
		0.523379,
		0,
		0.5234,
		-0.016703,
		-0.851923,
		0,
		0.060125,
		0.99804,
		0.017371,
		0,
		-0.082189,
		0.674924,
		0.097736,
		1,
	},
	[0.2] = {
		0.780544,
		0.150142,
		0.606802,
		0,
		0.076345,
		-0.986356,
		0.145852,
		0,
		0.620421,
		-0.067517,
		-0.781357,
		0,
		0.304436,
		0.560405,
		-0.448793,
		1,
	},
	[0.316666666667] = {
		0.886636,
		-0.07686,
		0.456037,
		0,
		0.460243,
		0.243261,
		-0.853815,
		0,
		-0.045312,
		0.966911,
		0.251058,
		0,
		-0.247387,
		0.498778,
		0.308241,
		1,
	},
	[0.333333333333] = {
		0.928498,
		-0.030915,
		0.370049,
		0,
		0.342021,
		0.459284,
		-0.819805,
		0,
		-0.144613,
		0.887751,
		0.437018,
		0,
		-0.323097,
		0.357348,
		0.373438,
		1,
	},
	[0.35] = {
		0.872944,
		-0.058833,
		0.484259,
		0,
		0.429266,
		0.564209,
		-0.705265,
		0,
		-0.231731,
		0.823533,
		0.517778,
		0,
		-0.358538,
		0.214247,
		0.387381,
		1,
	},
	[0.366666666667] = {
		0.762345,
		-0.190938,
		0.618363,
		0,
		0.574121,
		0.640515,
		-0.510024,
		0,
		-0.298688,
		0.74383,
		0.597915,
		0,
		-0.378352,
		0.032395,
		0.354263,
		1,
	},
	[0.383333333333] = {
		0.608487,
		-0.413002,
		0.677623,
		0,
		0.702395,
		0.67768,
		-0.217695,
		0,
		-0.369303,
		0.608424,
		0.70245,
		0,
		-0.433701,
		-0.188468,
		0.271685,
		1,
	},
	[0.3] = {
		0.826727,
		-0.043925,
		0.560886,
		0,
		0.562574,
		0.074618,
		-0.823373,
		0,
		-0.005686,
		0.996244,
		0.0864,
		0,
		-0.173038,
		0.58696,
		0.201354,
		1,
	},
	[0.416666666667] = {
		0.467324,
		-0.794372,
		0.388048,
		0,
		0.659718,
		0.605532,
		0.445088,
		0,
		-0.588541,
		0.048002,
		0.807041,
		0,
		-0.464438,
		-0.430895,
		0.070938,
		1,
	},
	[0.433333333333] = {
		0.518771,
		-0.830776,
		0.201714,
		0,
		0.551361,
		0.505445,
		0.663721,
		0,
		-0.653358,
		-0.233102,
		0.720268,
		0,
		-0.422191,
		-0.496472,
		-0.110864,
		1,
	},
	[0.45] = {
		0.571742,
		-0.815587,
		0.089042,
		0,
		0.477607,
		0.419113,
		0.772163,
		0,
		-0.667085,
		-0.398951,
		0.629155,
		0,
		-0.355617,
		-0.509213,
		-0.296062,
		1,
	},
	[0.466666666667] = {
		0.595409,
		-0.803162,
		0.020472,
		0,
		0.444948,
		0.350856,
		0.823967,
		0,
		-0.668962,
		-0.481488,
		0.566268,
		0,
		-0.294612,
		-0.474528,
		-0.400258,
		1,
	},
	[0.483333333333] = {
		0.592557,
		-0.804803,
		-0.034188,
		0,
		0.415588,
		0.269079,
		0.86884,
		0,
		-0.690045,
		-0.529045,
		0.493912,
		0,
		-0.256155,
		-0.450544,
		-0.490045,
		1,
	},
	[0.4] = {
		0.488591,
		-0.647529,
		0.584795,
		0,
		0.730538,
		0.670072,
		0.131597,
		0,
		-0.477067,
		0.362918,
		0.800436,
		0,
		-0.471285,
		-0.35386,
		0.184042,
		1,
	},
	[0.516666666667] = {
		0.477126,
		-0.869617,
		-0.126956,
		0,
		0.32807,
		0.042227,
		0.943709,
		0,
		-0.815304,
		-0.491919,
		0.305443,
		0,
		-0.250024,
		-0.430739,
		-0.587909,
		1,
	},
	[0.533333333333] = {
		0.399882,
		-0.899752,
		-0.174759,
		0,
		0.260665,
		-0.071156,
		0.962803,
		0,
		-0.878719,
		-0.430562,
		0.20608,
		0,
		-0.262575,
		-0.417124,
		-0.605088,
		1,
	},
	[0.55] = {
		0.317788,
		-0.921074,
		-0.225018,
		0,
		0.179105,
		-0.174733,
		0.968189,
		0,
		-0.931092,
		-0.347981,
		0.10944,
		0,
		-0.278556,
		-0.400192,
		-0.614187,
		1,
	},
	[0.566666666667] = {
		0.240859,
		-0.930734,
		-0.275176,
		0,
		0.091762,
		-0.260416,
		0.961126,
		0,
		-0.966213,
		-0.256746,
		0.022683,
		0,
		-0.295022,
		-0.39819,
		-0.643627,
		1,
	},
	[0.583333333333] = {
		0.169648,
		-0.930512,
		-0.324602,
		0,
		0.000358,
		-0.329318,
		0.944219,
		0,
		-0.985505,
		-0.160301,
		-0.055535,
		0,
		-0.304116,
		-0.3914,
		-0.67339,
		1,
	},
	[0.5] = {
		0.546099,
		-0.83377,
		-0.081255,
		0,
		0.380453,
		0.160427,
		0.910779,
		0,
		-0.746345,
		-0.52829,
		0.404819,
		0,
		-0.245238,
		-0.439366,
		-0.552099,
		1,
	},
	[0.616666666667] = {
		0.0701,
		-0.911463,
		-0.405366,
		0,
		-0.149535,
		-0.411375,
		0.899116,
		0,
		-0.986268,
		-0.002412,
		-0.165133,
		0,
		-0.310832,
		-0.376379,
		-0.701982,
		1,
	},
	[0.633333333333] = {
		0.057394,
		-0.903273,
		-0.425211,
		0,
		-0.174623,
		-0.42843,
		0.886541,
		0,
		-0.982961,
		0.023369,
		-0.182321,
		0,
		-0.303351,
		-0.365713,
		-0.720236,
		1,
	},
	[0.65] = {
		0.05027,
		-0.894717,
		-0.443796,
		0,
		-0.195925,
		-0.444558,
		0.87406,
		0,
		-0.97933,
		0.043012,
		-0.197645,
		0,
		-0.295241,
		-0.355955,
		-0.736733,
		1,
	},
	[0.666666666667] = {
		0.048905,
		-0.885658,
		-0.461756,
		0,
		-0.213954,
		-0.460867,
		0.861293,
		0,
		-0.975619,
		0.056673,
		-0.212029,
		0,
		-0.286359,
		-0.347481,
		-0.752688,
		1,
	},
	[0.683333333333] = {
		0.053629,
		-0.875832,
		-0.479627,
		0,
		-0.229203,
		-0.478291,
		0.847764,
		0,
		-0.9719,
		0.064467,
		-0.226393,
		0,
		-0.276537,
		-0.340672,
		-0.769304,
		1,
	},
	[0.6] = {
		0.108965,
		-0.922412,
		-0.370516,
		0,
		-0.086816,
		-0.380141,
		0.920845,
		0,
		-0.990247,
		-0.068174,
		-0.121502,
		0,
		-0.313599,
		-0.384503,
		-0.687789,
		1,
	},
	[0.716666666667] = {
		0.081227,
		-0.854365,
		-0.513286,
		0,
		-0.253479,
		-0.515762,
		0.818375,
		0,
		-0.963925,
		0.063633,
		-0.258458,
		0,
		-0.254136,
		-0.331917,
		-0.805747,
		1,
	},
	[0.733333333333] = {
		0.100286,
		-0.846317,
		-0.523154,
		0,
		-0.263543,
		-0.529619,
		0.806256,
		0,
		-0.959421,
		0.057017,
		-0.276154,
		0,
		-0.242984,
		-0.327228,
		-0.820202,
		1,
	},
	[0.75] = {
		0.121542,
		-0.840736,
		-0.527627,
		0,
		-0.271919,
		-0.539435,
		0.796913,
		0,
		-0.954614,
		0.046614,
		-0.294176,
		0,
		-0.232156,
		-0.322007,
		-0.831399,
		1,
	},
	[0.766666666667] = {
		0.144357,
		-0.837517,
		-0.526998,
		0,
		-0.278264,
		-0.545443,
		0.790608,
		0,
		-0.949595,
		0.032515,
		-0.311789,
		0,
		-0.221682,
		-0.316411,
		-0.839607,
		1,
	},
	[0.783333333333] = {
		0.168054,
		-0.836441,
		-0.521655,
		0,
		-0.282277,
		-0.547854,
		0.787512,
		0,
		-0.944498,
		0.014906,
		-0.328178,
		0,
		-0.211596,
		-0.310575,
		-0.845051,
		1,
	},
	[0.7] = {
		0.06492,
		-0.864864,
		-0.49779,
		0,
		-0.242115,
		-0.497588,
		0.832938,
		0,
		-0.968073,
		0.066448,
		-0.2417,
		0,
		-0.265584,
		-0.335915,
		-0.78778,
		1,
	},
	[0.816666666667] = {
		0.215471,
		-0.839372,
		-0.499026,
		0,
		-0.282327,
		-0.542753,
		0.791019,
		0,
		-0.934807,
		-0.029553,
		-0.353925,
		0,
		-0.192736,
		-0.298599,
		-0.848353,
		1,
	},
	[0.833333333333] = {
		0.238054,
		-0.842538,
		-0.483177,
		0,
		-0.277972,
		-0.535771,
		0.797296,
		0,
		-0.930624,
		-0.05549,
		-0.361744,
		0,
		-0.184018,
		-0.292635,
		-0.846603,
		1,
	},
	[0.85] = {
		0.259377,
		-0.846213,
		-0.465453,
		0,
		-0.270469,
		-0.526308,
		0.806131,
		0,
		-0.92713,
		-0.083202,
		-0.365387,
		0,
		-0.175782,
		-0.2868,
		-0.842891,
		1,
	},
	[0.866666666667] = {
		0.279266,
		-0.84993,
		-0.4468,
		0,
		-0.259684,
		-0.514824,
		0.817019,
		0,
		-0.924432,
		-0.112139,
		-0.364486,
		0,
		-0.168011,
		-0.281171,
		-0.837473,
		1,
	},
	[0.883333333333] = {
		0.297663,
		-0.853265,
		-0.428178,
		0,
		-0.245549,
		-0.501848,
		0.82937,
		0,
		-0.922552,
		-0.141734,
		-0.3589,
		0,
		-0.160688,
		-0.275814,
		-0.830618,
		1,
	},
	[0.8] = {
		0.191965,
		-0.837192,
		-0.512113,
		0,
		-0.283703,
		-0.546877,
		0.787679,
		0,
		-0.939501,
		-0.005918,
		-0.342495,
		0,
		-0.201937,
		-0.304607,
		-0.847907,
		1,
	},
	[0.916666666667] = {
		0.33049,
		-0.857339,
		-0.394646,
		0,
		-0.207167,
		-0.47384,
		0.855895,
		0,
		-0.920792,
		-0.201107,
		-0.334212,
		0,
		-0.147211,
		-0.26622,
		-0.813764,
		1,
	},
	[0.933333333333] = {
		0.345465,
		-0.857461,
		-0.381331,
		0,
		-0.182982,
		-0.460099,
		0.868807,
		0,
		-0.920419,
		-0.230366,
		-0.315848,
		0,
		-0.14093,
		-0.262168,
		-0.804388,
		1,
	},
	[0.95] = {
		0.359982,
		-0.855932,
		-0.371205,
		0,
		-0.155557,
		-0.447375,
		0.880714,
		0,
		-0.919899,
		-0.259298,
		-0.294193,
		0,
		-0.134847,
		-0.258768,
		-0.794812,
		1,
	},
	[0.966666666667] = {
		0.373865,
		-0.853149,
		-0.363816,
		0,
		-0.125863,
		-0.435301,
		0.891443,
		0,
		-0.918903,
		-0.287488,
		-0.270124,
		0,
		-0.129229,
		-0.255964,
		-0.783768,
		1,
	},
	[0.983333333333] = {
		0.386581,
		-0.849883,
		-0.358126,
		0,
		-0.095476,
		-0.423109,
		0.901035,
		0,
		-0.9173,
		-0.31413,
		-0.24471,
		0,
		-0.124381,
		-0.253449,
		-0.770123,
		1,
	},
	[0.9] = {
		0.314664,
		-0.855843,
		-0.41051,
		0,
		-0.228039,
		-0.487973,
		0.842544,
		0,
		-0.921404,
		-0.171505,
		-0.348713,
		0,
		-0.153773,
		-0.270803,
		-0.822614,
		1,
	},
	[1.01666666667] = {
		0.408268,
		-0.842897,
		-0.350488,
		0,
		-0.036032,
		-0.398525,
		0.916449,
		0,
		-0.912151,
		-0.361528,
		-0.193077,
		0,
		-0.116886,
		-0.248318,
		-0.737139,
		1,
	},
	[1.03333333333] = {
		0.417223,
		-0.839587,
		-0.347876,
		0,
		-0.008355,
		-0.386312,
		0.92233,
		0,
		-0.908766,
		-0.381911,
		-0.168193,
		0,
		-0.114223,
		-0.245235,
		-0.718858,
		1,
	},
	[1.05] = {
		0.424971,
		-0.836614,
		-0.345655,
		0,
		0.017244,
		-0.374301,
		0.927147,
		0,
		-0.905043,
		-0.399971,
		-0.14464,
		0,
		-0.112285,
		-0.241501,
		-0.700063,
		1,
	},
	[1.06666666667] = {
		0.431583,
		-0.834092,
		-0.34355,
		0,
		0.040365,
		-0.362607,
		0.931067,
		0,
		-0.90117,
		-0.4157,
		-0.122827,
		0,
		-0.11108,
		-0.236893,
		-0.681258,
		1,
	},
	[1.08333333333] = {
		0.437156,
		-0.832102,
		-0.341322,
		0,
		0.060707,
		-0.35134,
		0.934278,
		0,
		-0.897335,
		-0.429146,
		-0.103076,
		0,
		-0.110622,
		-0.23119,
		-0.66294,
		1,
	},
	{
		0.398058,
		-0.846391,
		-0.353796,
		0,
		-0.065282,
		-0.410825,
		0.909374,
		0,
		-0.915035,
		-0.338887,
		-0.218786,
		0,
		-0.120273,
		-0.25098,
		-0.754409,
		1,
	},
	[1.11666666667] = {
		0.445673,
		-0.829858,
		-0.335725,
		0,
		0.092263,
		-0.330451,
		0.939303,
		0,
		-0.890429,
		-0.449597,
		-0.070708,
		0,
		-0.112006,
		-0.21563,
		-0.629737,
		1,
	},
	[1.13333333333] = {
		0.44891,
		-0.829574,
		-0.332095,
		0,
		0.103239,
		-0.321008,
		0.941433,
		0,
		-0.887593,
		-0.456904,
		-0.058459,
		0,
		-0.113875,
		-0.205327,
		-0.615814,
		1,
	},
	[1.1] = {
		0.441807,
		-0.830688,
		-0.338768,
		0,
		0.078054,
		-0.340595,
		0.936964,
		0,
		-0.893708,
		-0.4404,
		-0.085639,
		0,
		-0.110926,
		-0.224173,
		-0.645604,
		1,
	},
}

return spline_matrices
