-- chunkname: @content/characters/player/human/first_person/animations/assault_shield_maul/attack_right.lua

local spline_matrices = {
	[0.016666666666666666] = {
		-0.708813,
		0.608074,
		0.357533,
		0,
		0.554021,
		0.793631,
		-0.251417,
		0,
		-0.43663,
		0.019873,
		-0.899422,
		0,
		0.037671,
		-0.021753,
		-0.536036,
		1,
	},
	[0.03333333333333333] = {
		-0.754924,
		0.629061,
		0.185396,
		0,
		0.582153,
		0.772968,
		-0.252229,
		0,
		-0.301973,
		-0.082485,
		-0.949741,
		0,
		0.031193,
		-0.025989,
		-0.522754,
		1,
	},
	[0.05] = {
		-0.76966,
		0.638015,
		-0.023671,
		0,
		0.612778,
		0.727792,
		-0.307932,
		0,
		-0.179237,
		-0.251508,
		-0.951114,
		0,
		0.011162,
		-0.031591,
		-0.482419,
		1,
	},
	[0.06666666666666667] = {
		-0.776211,
		0.579431,
		-0.248506,
		0,
		0.626848,
		0.667061,
		-0.402606,
		0,
		-0.067514,
		-0.468283,
		-0.880996,
		0,
		-0.022716,
		-0.039146,
		-0.428151,
		1,
	},
	[0.08333333333333333] = {
		-0.746153,
		0.483927,
		-0.457242,
		0,
		0.665695,
		0.552894,
		-0.501158,
		0,
		0.010282,
		-0.678324,
		-0.734691,
		0,
		-0.064442,
		-0.04792,
		-0.373174,
		1,
	},
	[0] = {
		-0.725124,
		0.583494,
		0.365689,
		0,
		0.572456,
		0.805941,
		-0.150841,
		0,
		-0.382739,
		0.099963,
		-0.918433,
		0,
		0.038595,
		-0.020082,
		-0.538864,
		1,
	},
	[0.11666666666666667] = {
		-0.637897,
		0.251685,
		-0.727833,
		0,
		0.76368,
		0.328707,
		-0.555647,
		0,
		0.099396,
		-0.910278,
		-0.401889,
		0,
		-0.14732,
		-0.058598,
		-0.263174,
		1,
	},
	[0.13333333333333333] = {
		-0.592381,
		0.162244,
		-0.789152,
		0,
		0.795569,
		0.272328,
		-0.541209,
		0,
		0.1271,
		-0.948427,
		-0.290398,
		0,
		-0.182897,
		-0.060571,
		-0.217234,
		1,
	},
	[0.15] = {
		-0.56527,
		0.107491,
		-0.817873,
		0,
		0.81335,
		0.238004,
		-0.530863,
		0,
		0.137594,
		-0.965298,
		-0.221964,
		0,
		-0.218825,
		-0.060602,
		-0.18595,
		1,
	},
	[0.16666666666666666] = {
		-0.553202,
		0.077434,
		-0.82944,
		0,
		0.818046,
		0.238596,
		-0.523328,
		0,
		0.157377,
		-0.968027,
		-0.195336,
		0,
		-0.254557,
		-0.058473,
		-0.164082,
		1,
	},
	[0.18333333333333332] = {
		-0.549484,
		0.070049,
		-0.832563,
		0,
		0.815905,
		0.259556,
		-0.516652,
		0,
		0.179906,
		-0.963184,
		-0.199775,
		0,
		-0.289537,
		-0.053247,
		-0.146033,
		1,
	},
	[0.1] = {
		-0.693635,
		0.367398,
		-0.619587,
		0,
		0.717976,
		0.422051,
		-0.553518,
		0,
		0.058136,
		-0.828789,
		-0.556533,
		0,
		-0.107987,
		-0.054737,
		-0.318527,
		1,
	},
	[0.21666666666666667] = {
		-0.538344,
		0.143897,
		-0.830349,
		0,
		0.824558,
		0.29343,
		-0.483739,
		0,
		0.174041,
		-0.945089,
		-0.276618,
		0,
		-0.35505,
		-0.03168,
		-0.117322,
		1,
	},
	[0.23333333333333334] = {
		-0.518354,
		0.247833,
		-0.818467,
		0,
		0.847025,
		0.280539,
		-0.451494,
		0,
		0.117716,
		-0.927295,
		-0.355339,
		0,
		-0.383298,
		-0.001734,
		-0.10668,
		1,
	},
	[0.25] = {
		-0.468758,
		0.345739,
		-0.812853,
		0,
		0.882971,
		0.209504,
		-0.420084,
		0,
		0.025057,
		-0.914644,
		-0.403484,
		0,
		-0.406291,
		0.049721,
		-0.096937,
		1,
	},
	[0.26666666666666666] = {
		-0.357079,
		0.392111,
		-0.847788,
		0,
		0.931124,
		0.077347,
		-0.356406,
		0,
		-0.074177,
		-0.916661,
		-0.392723,
		0,
		-0.423523,
		0.112848,
		-0.089458,
		1,
	},
	[0.2833333333333333] = {
		-0.200252,
		0.38794,
		-0.899668,
		0,
		0.963554,
		-0.088266,
		-0.252533,
		0,
		-0.177378,
		-0.917448,
		-0.356126,
		0,
		-0.438518,
		0.192947,
		-0.083651,
		1,
	},
	[0.2] = {
		-0.54721,
		0.090239,
		-0.832117,
		0,
		0.816282,
		0.277344,
		-0.50672,
		0,
		0.185056,
		-0.956524,
		-0.225425,
		0,
		-0.323205,
		-0.043859,
		-0.130049,
		1,
	},
	[0.31666666666666665] = {
		0.070576,
		0.156363,
		-0.985175,
		0,
		0.811202,
		-0.583746,
		-0.034537,
		0,
		-0.580492,
		-0.796738,
		-0.168041,
		0,
		-0.380142,
		0.423902,
		-0.059586,
		1,
	},
	[0.3333333333333333] = {
		0.096762,
		0.067581,
		-0.993011,
		0,
		0.47626,
		-0.879202,
		-0.013427,
		0,
		-0.873964,
		-0.471632,
		-0.117259,
		0,
		-0.266449,
		0.536256,
		-0.04197,
		1,
	},
	[0.35] = {
		-0.03637,
		-0.101583,
		-0.994162,
		0,
		-0.288028,
		-0.951539,
		0.107765,
		0,
		-0.956931,
		0.290266,
		0.005349,
		0,
		-0.091988,
		0.58846,
		-0.045533,
		1,
	},
	[0.36666666666666664] = {
		-0.054044,
		0.048189,
		-0.997375,
		0,
		-0.896399,
		-0.442414,
		0.027197,
		0,
		-0.439942,
		0.895516,
		0.067106,
		0,
		0.229694,
		0.584535,
		-0.038457,
		1,
	},
	[0.38333333333333336] = {
		-0.057044,
		0.094927,
		-0.993848,
		0,
		-0.995992,
		0.063274,
		0.063211,
		0,
		0.068885,
		0.993471,
		0.090937,
		0,
		0.431497,
		0.494704,
		-0.033306,
		1,
	},
	[0.3] = {
		-0.035708,
		0.294795,
		-0.954893,
		0,
		0.939669,
		-0.315381,
		-0.132503,
		0,
		-0.340217,
		-0.902015,
		-0.265748,
		0,
		-0.429736,
		0.300338,
		-0.075315,
		1,
	},
	[0.4166666666666667] = {
		-0.044689,
		0.219638,
		-0.974557,
		0,
		-0.810412,
		0.56246,
		0.163925,
		0,
		0.584154,
		0.797118,
		0.152861,
		0,
		0.623578,
		0.305115,
		-0.040526,
		1,
	},
	[0.43333333333333335] = {
		-0.032284,
		0.239729,
		-0.970303,
		0,
		-0.754381,
		0.630991,
		0.180997,
		0,
		0.655643,
		0.737821,
		0.160476,
		0,
		0.676195,
		0.23324,
		-0.05034,
		1,
	},
	[0.45] = {
		-0.0419,
		0.262202,
		-0.964103,
		0,
		-0.73313,
		0.647512,
		0.207963,
		0,
		0.678797,
		0.715526,
		0.165097,
		0,
		0.713589,
		0.176077,
		-0.061778,
		1,
	},
	[0.4666666666666667] = {
		-0.056005,
		0.292617,
		-0.954588,
		0,
		-0.725249,
		0.645181,
		0.240322,
		0,
		0.686205,
		0.705774,
		0.176087,
		0,
		0.736475,
		0.123541,
		-0.078146,
		1,
	},
	[0.48333333333333334] = {
		-0.075274,
		0.333018,
		-0.939911,
		0,
		-0.727964,
		0.62582,
		0.280032,
		0,
		0.681471,
		0.705301,
		0.195317,
		0,
		0.746655,
		0.071832,
		-0.102737,
		1,
	},
	[0.4] = {
		-0.065803,
		0.183121,
		-0.980886,
		0,
		-0.918542,
		0.372904,
		0.131238,
		0,
		0.389808,
		0.909621,
		0.143666,
		0,
		0.557695,
		0.398621,
		-0.034115,
		1,
	},
	[0.5166666666666667] = {
		-0.131314,
		0.428999,
		-0.893709,
		0,
		-0.749783,
		0.546781,
		0.372633,
		0,
		0.648523,
		0.71902,
		0.249856,
		0,
		0.748773,
		-0.026153,
		-0.187146,
		1,
	},
	[0.5333333333333333] = {
		-0.167858,
		0.473698,
		-0.864543,
		0,
		-0.761262,
		0.494913,
		0.418976,
		0,
		0.626341,
		0.728472,
		0.277534,
		0,
		0.741697,
		-0.071137,
		-0.235591,
		1,
	},
	[0.55] = {
		-0.20816,
		0.516717,
		-0.830465,
		0,
		-0.768543,
		0.43877,
		0.465642,
		0,
		0.604988,
		0.735177,
		0.305786,
		0,
		0.728517,
		-0.113058,
		-0.283577,
		1,
	},
	[0.5666666666666667] = {
		-0.25149,
		0.558121,
		-0.79073,
		0,
		-0.768413,
		0.381599,
		0.513736,
		0,
		0.588468,
		0.736806,
		0.332899,
		0,
		0.713275,
		-0.151668,
		-0.333194,
		1,
	},
	[0.5833333333333334] = {
		-0.299976,
		0.591283,
		-0.748598,
		0,
		-0.754243,
		0.333456,
		0.565619,
		0,
		0.584065,
		0.734297,
		0.345942,
		0,
		0.694956,
		-0.186325,
		-0.382159,
		1,
	},
	[0.5] = {
		-0.100322,
		0.380374,
		-0.919376,
		0,
		-0.737476,
		0.591848,
		0.325339,
		0,
		0.667881,
		0.710656,
		0.221141,
		0,
		0.749319,
		0.0217,
		-0.140113,
		1,
	},
	[0.6166666666666667] = {
		-0.416933,
		0.627678,
		-0.65741,
		0,
		-0.653114,
		0.296138,
		0.696954,
		0,
		0.632146,
		0.719947,
		0.286475,
		0,
		0.644645,
		-0.239802,
		-0.471458,
		1,
	},
	[0.6333333333333333] = {
		-0.491094,
		0.627148,
		-0.604576,
		0,
		-0.531265,
		0.334393,
		0.778421,
		0,
		0.690351,
		0.703468,
		0.168964,
		0,
		0.610158,
		-0.25518,
		-0.511624,
		1,
	},
	[0.65] = {
		-0.573863,
		0.620109,
		-0.534926,
		0,
		-0.344814,
		0.409509,
		0.844633,
		0,
		0.742822,
		0.669154,
		-0.02118,
		0,
		0.569212,
		-0.261539,
		-0.544978,
		1,
	},
	[0.6666666666666666] = {
		-0.651114,
		0.614509,
		-0.445454,
		0,
		-0.125531,
		0.491637,
		0.861705,
		0,
		0.748527,
		0.616986,
		-0.242972,
		0,
		0.518598,
		-0.258687,
		-0.569985,
		1,
	},
	[0.6833333333333333] = {
		-0.710129,
		0.612313,
		-0.347549,
		0,
		0.079178,
		0.559947,
		0.824737,
		0,
		0.699606,
		0.558151,
		-0.446116,
		0,
		0.462398,
		-0.24892,
		-0.588366,
		1,
	},
	[0.6] = {
		-0.354843,
		0.614939,
		-0.704228,
		0,
		-0.71886,
		0.302149,
		0.626056,
		0,
		0.597767,
		0.728393,
		0.33484,
		0,
		0.672578,
		-0.216287,
		-0.42814,
		1,
	},
	[0.7166666666666667] = {
		-0.773732,
		0.607632,
		-0.179225,
		0,
		0.326481,
		0.624899,
		0.709163,
		0,
		0.542908,
		0.490188,
		-0.681885,
		0,
		0.373852,
		-0.220326,
		-0.609602,
		1,
	},
	[0.7333333333333333] = {
		-0.787938,
		0.606741,
		-0.104972,
		0,
		0.403396,
		0.63744,
		0.656462,
		0,
		0.465216,
		0.474906,
		-0.74702,
		0,
		0.346327,
		-0.204169,
		-0.613061,
		1,
	},
	[0.75] = {
		-0.793578,
		0.607406,
		-0.035952,
		0,
		0.463583,
		0.641829,
		0.610857,
		0,
		0.394113,
		0.468096,
		-0.790924,
		0,
		0.328027,
		-0.185475,
		-0.614066,
		1,
	},
	[0.7666666666666667] = {
		-0.792308,
		0.609529,
		0.02688,
		0,
		0.511107,
		0.639023,
		0.574821,
		0,
		0.333193,
		0.469174,
		-0.817838,
		0,
		0.317035,
		-0.165913,
		-0.614763,
		1,
	},
	[0.7833333333333333] = {
		-0.785583,
		0.613216,
		0.082616,
		0,
		0.549261,
		0.629628,
		0.549437,
		0,
		0.284906,
		0.477006,
		-0.831441,
		0,
		0.311336,
		-0.147148,
		-0.615276,
		1,
	},
	[0.7] = {
		-0.749485,
		0.609691,
		-0.257969,
		0,
		0.227377,
		0.603035,
		0.764623,
		0,
		0.621749,
		0.514417,
		-0.590596,
		0,
		0.411698,
		-0.235152,
		-0.60155,
		1,
	},
	[0.8166666666666667] = {
		-0.759804,
		0.627442,
		0.170335,
		0,
		0.607959,
		0.592831,
		0.528145,
		0,
		0.230401,
		0.504843,
		-0.831895,
		0,
		0.310626,
		-0.110368,
		-0.613473,
		1,
	},
	[0.8333333333333334] = {
		-0.743294,
		0.637635,
		0.202326,
		0,
		0.631066,
		0.56799,
		0.528339,
		0,
		0.221968,
		0.520393,
		-0.824574,
		0,
		0.311694,
		-0.092957,
		-0.612215,
		1,
	},
	[0.85] = {
		-0.726339,
		0.648588,
		0.227519,
		0,
		0.650514,
		0.541784,
		0.532261,
		0,
		0.221952,
		0.534606,
		-0.815435,
		0,
		0.31248,
		-0.077837,
		-0.611419,
		1,
	},
	[0.8666666666666667] = {
		-0.709998,
		0.659343,
		0.247325,
		0,
		0.666824,
		0.516576,
		0.537118,
		0,
		0.226383,
		0.546274,
		-0.806434,
		0,
		0.310331,
		-0.065251,
		-0.610874,
		1,
	},
	[0.8833333333333333] = {
		-0.693758,
		0.670454,
		0.263042,
		0,
		0.681743,
		0.493575,
		0.54001,
		0,
		0.232222,
		0.553963,
		-0.799499,
		0,
		0.30287,
		-0.056049,
		-0.610246,
		1,
	},
	[0.8] = {
		-0.774421,
		0.619056,
		0.130546,
		0,
		0.580894,
		0.613987,
		0.534399,
		0,
		0.250669,
		0.489683,
		-0.83509,
		0,
		0.310126,
		-0.128841,
		-0.61467,
		1,
	},
	[0.9166666666666666] = {
		-0.662278,
		0.692828,
		0.285268,
		0,
		0.709636,
		0.45784,
		0.535537,
		0,
		0.240428,
		0.557111,
		-0.794872,
		0,
		0.2743,
		-0.053332,
		-0.610103,
		1,
	},
	[0.9333333333333333] = {
		-0.650294,
		0.702293,
		0.289659,
		0,
		0.717906,
		0.443407,
		0.536657,
		0,
		0.248454,
		0.556933,
		-0.792525,
		0,
		0.261052,
		-0.055952,
		-0.611257,
		1,
	},
	[0.95] = {
		-0.640366,
		0.711133,
		0.29021,
		0,
		0.722795,
		0.430138,
		0.540878,
		0,
		0.259806,
		0.556122,
		-0.789449,
		0,
		0.250063,
		-0.059569,
		-0.613098,
		1,
	},
	[0.9666666666666667] = {
		-0.632697,
		0.718837,
		0.288041,
		0,
		0.724589,
		0.41828,
		0.547734,
		0,
		0.27325,
		0.555261,
		-0.785506,
		0,
		0.239586,
		-0.064609,
		-0.61529,
		1,
	},
	[0.9833333333333333] = {
		-0.627515,
		0.724917,
		0.284115,
		0,
		0.723509,
		0.408077,
		0.556783,
		0,
		0.28768,
		0.554949,
		-0.780558,
		0,
		0.231773,
		-0.071014,
		-0.618218,
		1,
	},
	[0.9] = {
		-0.677124,
		0.682151,
		0.275996,
		0,
		0.696881,
		0.473974,
		0.538244,
		0,
		0.236348,
		0.556794,
		-0.796316,
		0,
		0.289814,
		-0.0524,
		-0.60986,
		1,
	},
	[1.0166666666666666] = {
		-0.62177,
		0.732666,
		0.276772,
		0,
		0.719569,
		0.394868,
		0.571227,
		0,
		0.30923,
		0.554328,
		-0.772721,
		0,
		0.228876,
		-0.082223,
		-0.621775,
		1,
	},
	[1.0333333333333334] = {
		-0.619493,
		0.735053,
		0.275546,
		0,
		0.719984,
		0.392158,
		0.572568,
		0,
		0.31281,
		0.553091,
		-0.772166,
		0,
		0.22891,
		-0.084143,
		-0.622208,
		1,
	},
	[1.05] = {
		-0.617941,
		0.736512,
		0.275134,
		0,
		0.720863,
		0.391052,
		0.572219,
		0,
		0.313855,
		0.551932,
		-0.772572,
		0,
		0.228934,
		-0.084113,
		-0.622188,
		1,
	},
	[1.0666666666666667] = {
		-0.617657,
		0.736626,
		0.275466,
		0,
		0.721611,
		0.391565,
		0.570924,
		0,
		0.312695,
		0.551415,
		-0.77341,
		0,
		0.228939,
		-0.084111,
		-0.621878,
		1,
	},
	[1.0833333333333333] = {
		-0.618733,
		0.735391,
		0.276351,
		0,
		0.721853,
		0.393381,
		0.569369,
		0,
		0.309997,
		0.551772,
		-0.774241,
		0,
		0.228924,
		-0.084137,
		-0.621444,
		1,
	},
	{
		-0.624696,
		0.729267,
		0.279151,
		0,
		0.719955,
		0.399482,
		0.56752,
		0,
		0.302358,
		0.555504,
		-0.774594,
		0,
		0.228776,
		-0.077365,
		-0.62074,
		1,
	},
	[1.1166666666666667] = {
		-0.62187,
		0.732118,
		0.277996,
		0,
		0.721185,
		0.397027,
		0.567681,
		0,
		0.305238,
		0.55351,
		-0.774891,
		0,
		0.228877,
		-0.084205,
		-0.620888,
		1,
	},
	[1.1] = {
		-0.620394,
		0.733616,
		0.277344,
		0,
		0.721677,
		0.395525,
		0.568104,
		0,
		0.307074,
		0.552601,
		-0.774815,
		0,
		0.228899,
		-0.084174,
		-0.621058,
		1,
	},
}

return spline_matrices
