-- chunkname: @content/characters/player/human/first_person/animations/assault_shield_maul/attack_right_diagonal_up.lua

local spline_matrices = {
	[0.0166666666667] = {
		-0.570127,
		0.484409,
		0.663554,
		0,
		0.790625,
		0.543043,
		0.282873,
		0,
		-0.223313,
		0.685895,
		-0.692589,
		0,
		-0.035384,
		-0.095876,
		-0.716201,
		1,
	},
	[0.0333333333333] = {
		-0.6392,
		0.111386,
		0.760931,
		0,
		0.683552,
		0.53568,
		0.495787,
		0,
		-0.352392,
		0.837043,
		-0.418544,
		0,
		-0.037792,
		-0.091285,
		-0.73158,
		1,
	},
	[0.05] = {
		-0.699439,
		-0.259114,
		0.666067,
		0,
		0.512414,
		0.467861,
		0.720096,
		0,
		-0.498214,
		0.844965,
		-0.194467,
		0,
		-0.045422,
		-0.075457,
		-0.73475,
		1,
	},
	[0.0666666666667] = {
		-0.6916,
		-0.597895,
		0.405229,
		0,
		0.279026,
		0.296323,
		0.913421,
		0,
		-0.666209,
		0.744791,
		-0.038109,
		0,
		-0.055912,
		-0.047652,
		-0.725006,
		1,
	},
	[0.0833333333333] = {
		-0.563316,
		-0.825527,
		0.03435,
		0,
		0.039834,
		0.014391,
		0.999103,
		0,
		-0.825281,
		0.564179,
		0.024777,
		0,
		-0.071183,
		-0.010048,
		-0.699618,
		1,
	},
	[0] = {
		-0.570127,
		0.484409,
		0.663554,
		0,
		0.790625,
		0.543043,
		0.282873,
		0,
		-0.223313,
		0.685895,
		-0.692589,
		0,
		-0.035384,
		-0.095876,
		-0.716201,
		1,
	},
	[0.116666666667] = {
		-0.150861,
		-0.825105,
		-0.544466,
		0,
		-0.125432,
		-0.530341,
		0.838454,
		0,
		-0.980565,
		0.194784,
		-0.023487,
		0,
		-0.126842,
		0.061862,
		-0.620831,
		1,
	},
	[0.133333333333] = {
		-0.020019,
		-0.73269,
		-0.680268,
		0,
		-0.055347,
		-0.678549,
		0.732467,
		0,
		-0.998266,
		0.052314,
		-0.026968,
		0,
		-0.162796,
		0.088953,
		-0.582466,
		1,
	},
	[0.15] = {
		0.079397,
		-0.61288,
		-0.786177,
		0,
		0.051056,
		-0.785131,
		0.617222,
		0,
		-0.995535,
		-0.089144,
		-0.031046,
		0,
		-0.201628,
		0.114131,
		-0.542676,
		1,
	},
	[0.166666666667] = {
		0.147931,
		-0.470697,
		-0.869805,
		0,
		0.183062,
		-0.851252,
		0.491791,
		0,
		-0.971908,
		-0.231979,
		-0.03976,
		0,
		-0.241833,
		0.138636,
		-0.502831,
		1,
	},
	[0.183333333333] = {
		0.18401,
		-0.31108,
		-0.9324,
		0,
		0.329584,
		-0.874154,
		0.356691,
		0,
		-0.926021,
		-0.372939,
		-0.058326,
		0,
		-0.282587,
		0.163574,
		-0.463351,
		1,
	},
	[0.1] = {
		-0.345682,
		-0.883068,
		-0.317325,
		0,
		-0.110172,
		-0.297639,
		0.9483,
		0,
		-0.931861,
		0.362771,
		0.005599,
		0,
		-0.095147,
		0.029158,
		-0.661195,
		1,
	},
	[0.216666666667] = {
		0.159001,
		0.021965,
		-0.987034,
		0,
		0.607433,
		-0.790306,
		0.080264,
		0,
		-0.778296,
		-0.612319,
		-0.139001,
		0,
		-0.362071,
		0.214832,
		-0.384478,
		1,
	},
	[0.233333333333] = {
		0.111435,
		0.169015,
		-0.979294,
		0,
		0.708986,
		-0.704039,
		-0.040833,
		0,
		-0.696363,
		-0.689755,
		-0.198284,
		0,
		-0.398075,
		0.240286,
		-0.346292,
		1,
	},
	[0.25] = {
		0.059978,
		0.288776,
		-0.955516,
		0,
		0.775122,
		-0.616624,
		-0.137702,
		0,
		-0.628959,
		-0.732382,
		-0.26082,
		0,
		-0.42999,
		0.266028,
		-0.311155,
		1,
	},
	[0.266666666667] = {
		0.007542,
		0.380274,
		-0.924843,
		0,
		0.814007,
		-0.53952,
		-0.2152,
		0,
		-0.580807,
		-0.751205,
		-0.313614,
		0,
		-0.445673,
		0.286219,
		-0.28912,
		1,
	},
	[0.283333333333] = {
		0.133425,
		0.431914,
		-0.891991,
		0,
		0.707835,
		-0.671486,
		-0.219263,
		0,
		-0.693662,
		-0.602127,
		-0.395316,
		0,
		-0.432607,
		0.329639,
		-0.269823,
		1,
	},
	[0.2] = {
		0.186608,
		-0.142618,
		-0.972028,
		0,
		0.476464,
		-0.852122,
		0.216495,
		0,
		-0.859162,
		-0.503536,
		-0.09106,
		0,
		-0.323093,
		0.189159,
		-0.423883,
		1,
	},
	[0.316666666667] = {
		0.441067,
		0.250833,
		-0.861709,
		0,
		0.267791,
		-0.953193,
		-0.140395,
		0,
		-0.856591,
		-0.168834,
		-0.487593,
		0,
		-0.345558,
		0.462442,
		-0.198984,
		1,
	},
	[0.333333333333] = {
		0.51019,
		0.100325,
		-0.85419,
		0,
		-0.015618,
		-0.991929,
		-0.125831,
		0,
		-0.85992,
		0.077538,
		-0.504505,
		0,
		-0.278056,
		0.52278,
		-0.165178,
		1,
	},
	[0.35] = {
		0.47567,
		-0.11402,
		-0.872202,
		0,
		-0.475437,
		-0.867572,
		-0.145873,
		0,
		-0.740066,
		0.484064,
		-0.466888,
		0,
		-0.193344,
		0.570016,
		-0.123973,
		1,
	},
	[0.366666666667] = {
		0.297545,
		-0.152023,
		-0.942526,
		0,
		-0.796162,
		-0.584337,
		-0.15709,
		0,
		-0.526872,
		0.797145,
		-0.294901,
		0,
		-0.118212,
		0.628534,
		-0.068336,
		1,
	},
	[0.383333333333] = {
		0.358293,
		-0.101093,
		-0.92812,
		0,
		-0.843423,
		-0.461326,
		-0.275348,
		0,
		-0.40033,
		0.881452,
		-0.250554,
		0,
		-0.048771,
		0.679814,
		-0.016518,
		1,
	},
	[0.3] = {
		0.30142,
		0.378218,
		-0.87527,
		0,
		0.516162,
		-0.836552,
		-0.183734,
		0,
		-0.8017,
		-0.3964,
		-0.447375,
		0,
		-0.4,
		0.394919,
		-0.236471,
		1,
	},
	[0.416666666667] = {
		0.602396,
		0.050717,
		-0.796585,
		0,
		-0.774289,
		0.279557,
		-0.567736,
		0,
		0.193898,
		0.958789,
		0.207673,
		0,
		0.332473,
		0.418721,
		0.145505,
		1,
	},
	[0.433333333333] = {
		0.615258,
		0.041704,
		-0.787222,
		0,
		-0.709061,
		0.465684,
		-0.529501,
		0,
		0.344514,
		0.883968,
		0.316087,
		0,
		0.441933,
		0.222543,
		0.102583,
		1,
	},
	[0.45] = {
		0.622077,
		-0.127552,
		-0.772496,
		0,
		-0.461874,
		0.736898,
		-0.493613,
		0,
		0.632212,
		0.663861,
		0.399494,
		0,
		0.521111,
		0.167051,
		0.146986,
		1,
	},
	[0.466666666667] = {
		0.444813,
		-0.235115,
		-0.864212,
		0,
		-0.228344,
		0.903269,
		-0.363269,
		0,
		0.866026,
		0.358924,
		0.348099,
		0,
		0.674443,
		0.117646,
		0.087948,
		1,
	},
	[0.483333333333] = {
		0.273286,
		-0.199919,
		-0.940929,
		0,
		-0.002109,
		0.978038,
		-0.208416,
		0,
		0.96193,
		0.058942,
		0.266863,
		0,
		0.781257,
		0.028757,
		0.022345,
		1,
	},
	[0.4] = {
		0.483145,
		0.147479,
		-0.86303,
		0,
		-0.87226,
		-0.004177,
		-0.489025,
		0,
		-0.075725,
		0.989056,
		0.126622,
		0,
		0.175958,
		0.667486,
		0.036162,
		1,
	},
	[0.516666666667] = {
		0.139644,
		0.173271,
		-0.974924,
		0,
		0.199562,
		0.959444,
		0.199104,
		0,
		0.969884,
		-0.222361,
		0.099402,
		0,
		0.867516,
		-0.331434,
		-0.116616,
		1,
	},
	[0.533333333333] = {
		0.07509,
		0.319115,
		-0.944737,
		0,
		0.269072,
		0.905785,
		0.327344,
		0,
		0.960188,
		-0.278782,
		-0.017849,
		0,
		0.860459,
		-0.345731,
		-0.168723,
		1,
	},
	[0.55] = {
		0.010895,
		0.43047,
		-0.902539,
		0,
		0.333298,
		0.849414,
		0.409155,
		0,
		0.942759,
		-0.305272,
		-0.13422,
		0,
		0.842956,
		-0.355365,
		-0.215592,
		1,
	},
	[0.566666666667] = {
		-0.059015,
		0.529299,
		-0.84638,
		0,
		0.394886,
		0.791079,
		0.467182,
		0,
		0.916833,
		-0.306652,
		-0.255699,
		0,
		0.816795,
		-0.361453,
		-0.261773,
		1,
	},
	[0.583333333333] = {
		-0.133473,
		0.614889,
		-0.777237,
		0,
		0.45406,
		0.735041,
		0.503532,
		0,
		0.880917,
		-0.285704,
		-0.377304,
		0,
		0.783783,
		-0.364921,
		-0.306838,
		1,
	},
	[0.5] = {
		0.192652,
		-0.029421,
		-0.980826,
		0,
		0.132099,
		0.991229,
		-0.003787,
		0,
		0.972335,
		-0.128837,
		0.194849,
		0,
		0.854223,
		-0.168572,
		-0.038404,
		1,
	},
	[0.616666666667] = {
		-0.287767,
		0.743949,
		-0.6031,
		0,
		0.563121,
		0.640814,
		0.521778,
		0,
		0.774651,
		-0.189468,
		-0.603338,
		0,
		0.701055,
		-0.366395,
		-0.393271,
		1,
	},
	[0.633333333333] = {
		-0.362197,
		0.786536,
		-0.500175,
		0,
		0.611141,
		0.605562,
		0.509707,
		0,
		0.70379,
		-0.121063,
		-0.700017,
		0,
		0.653398,
		-0.365205,
		-0.434641,
		1,
	},
	[0.65] = {
		-0.431238,
		0.814131,
		-0.388875,
		0,
		0.653249,
		0.579037,
		0.487834,
		0,
		0.622334,
		-0.04366,
		-0.781533,
		0,
		0.603056,
		-0.362654,
		-0.475123,
		1,
	},
	[0.666666666667] = {
		-0.492626,
		0.826759,
		-0.271642,
		0,
		0.688467,
		0.561181,
		0.459445,
		0,
		0.53229,
		0.039318,
		-0.845649,
		0,
		0.550819,
		-0.358355,
		-0.515348,
		1,
	},
	[0.683333333333] = {
		-0.544216,
		0.82515,
		-0.151516,
		0,
		0.716519,
		0.551097,
		0.427658,
		0,
		0.436382,
		0.124174,
		-0.891152,
		0,
		0.496166,
		-0.352214,
		-0.555422,
		1,
	},
	[0.6] = {
		-0.21056,
		0.686615,
		-0.695862,
		0,
		0.510417,
		0.684307,
		0.520767,
		0,
		0.83375,
		-0.245527,
		-0.494548,
		0,
		0.74487,
		-0.366406,
		-0.35069,
		1,
	},
	[0.716666666667] = {
		-0.613065,
		0.785606,
		0.083516,
		0,
		0.752556,
		0.548539,
		0.36437,
		0,
		0.24044,
		0.286233,
		-0.927502,
		0,
		0.380882,
		-0.334813,
		-0.624756,
		1,
	},
	[0.733333333333] = {
		-0.630111,
		0.752515,
		0.191522,
		0,
		0.762377,
		0.552698,
		0.336611,
		0,
		0.147451,
		0.358115,
		-0.921961,
		0,
		0.326309,
		-0.323709,
		-0.651946,
		1,
	},
	[0.75] = {
		-0.636915,
		0.714617,
		0.289244,
		0,
		0.768433,
		0.558275,
		0.312792,
		0,
		0.062049,
		0.421486,
		-0.904709,
		0,
		0.275801,
		-0.311032,
		-0.675169,
		1,
	},
	[0.766666666667] = {
		-0.635361,
		0.675304,
		0.374542,
		0,
		0.772102,
		0.563869,
		0.293105,
		0,
		-0.013258,
		0.475412,
		-0.879664,
		0,
		0.229902,
		-0.296888,
		-0.694261,
		1,
	},
	[0.783333333333] = {
		-0.627736,
		0.637968,
		0.446031,
		0,
		0.774642,
		0.5684,
		0.277221,
		0,
		-0.076666,
		0.519536,
		-0.851002,
		0,
		0.189431,
		-0.281389,
		-0.70875,
		1,
	},
	[0.7] = {
		-0.584552,
		0.810727,
		-0.031945,
		0,
		0.73764,
		0.547429,
		0.395232,
		0,
		0.337913,
		0.20747,
		-0.918026,
		0,
		0.438548,
		-0.344321,
		-0.592793,
		1,
	},
	[0.816666666667] = {
		-0.603662,
		0.58175,
		0.545123,
		0,
		0.780221,
		0.571621,
		0.253977,
		0,
		-0.163853,
		0.578633,
		-0.79896,
		0,
		0.129081,
		-0.246658,
		-0.722257,
		1,
	},
	[0.833333333333] = {
		-0.591506,
		0.564727,
		0.575504,
		0,
		0.783815,
		0.570119,
		0.246167,
		0,
		-0.189088,
		0.596698,
		-0.77987,
		0,
		0.111728,
		-0.227398,
		-0.722337,
		1,
	},
	[0.85] = {
		-0.581184,
		0.552548,
		0.597425,
		0,
		0.787549,
		0.566773,
		0.241941,
		0,
		-0.20492,
		0.611114,
		-0.764557,
		0,
		0.104696,
		-0.206743,
		-0.720021,
		1,
	},
	[0.866666666667] = {
		-0.573166,
		0.545932,
		0.611097,
		0,
		0.791717,
		0.561275,
		0.241152,
		0,
		-0.211341,
		0.622036,
		-0.753927,
		0,
		0.109113,
		-0.184797,
		-0.71527,
		1,
	},
	[0.883333333333] = {
		-0.568854,
		0.54431,
		0.616548,
		0,
		0.79549,
		0.554475,
		0.244444,
		0,
		-0.208807,
		0.629511,
		-0.748409,
		0,
		0.11976,
		-0.162475,
		-0.709743,
		1,
	},
	[0.8] = {
		-0.616431,
		0.605823,
		0.502983,
		0,
		0.777092,
		0.571127,
		0.264465,
		0,
		-0.127049,
		0.553889,
		-0.82284,
		0,
		0.15544,
		-0.264624,
		-0.718199,
		1,
	},
	[0.916666666667] = {
		-0.572956,
		0.551885,
		0.605924,
		0,
		0.799164,
		0.540207,
		0.263653,
		0,
		-0.181818,
		0.635295,
		-0.750562,
		0,
		0.141468,
		-0.119531,
		-0.70163,
		1,
	},
	[0.933333333333] = {
		-0.579793,
		0.560184,
		0.591637,
		0,
		0.799036,
		0.532926,
		0.278446,
		0,
		-0.159318,
		0.63418,
		-0.756593,
		0,
		0.152391,
		-0.099238,
		-0.699106,
		1,
	},
	[0.95] = {
		-0.588713,
		0.570817,
		0.57235,
		0,
		0.797506,
		0.525697,
		0.296016,
		0,
		-0.131912,
		0.630722,
		-0.764715,
		0,
		0.163298,
		-0.079951,
		-0.697582,
		1,
	},
	[0.966666666667] = {
		-0.598903,
		0.583271,
		0.548734,
		0,
		0.794511,
		0.518622,
		0.315887,
		0,
		-0.100338,
		0.625161,
		-0.774019,
		0,
		0.174154,
		-0.061838,
		-0.69699,
		1,
	},
	[0.983333333333] = {
		-0.609605,
		0.597028,
		0.521478,
		0,
		0.790008,
		0.511784,
		0.337585,
		0,
		-0.065337,
		0.617765,
		-0.783643,
		0,
		0.184918,
		-0.045056,
		-0.697216,
		1,
	},
	[0.9] = {
		-0.569037,
		0.546435,
		0.614497,
		0,
		0.797967,
		0.547425,
		0.252141,
		0,
		-0.198612,
		0.633826,
		-0.747542,
		0,
		0.130573,
		-0.140665,
		-0.705178,
		1,
	},
	[1.01666666667] = {
		-0.629922,
		0.626485,
		0.459036,
		0,
		0.776567,
		0.499,
		0.384634,
		0,
		0.011908,
		0.598762,
		-0.800839,
		0,
		0.205937,
		-0.016011,
		-0.699518,
		1,
	},
	[1.03333333333] = {
		-0.638496,
		0.641286,
		0.425529,
		0,
		0.767829,
		0.493032,
		0.409095,
		0,
		0.052548,
		0.587939,
		-0.807197,
		0,
		0.216025,
		-0.003943,
		-0.701235,
		1,
	},
	[1.05] = {
		-0.64553,
		0.655614,
		0.391741,
		0,
		0.758002,
		0.487252,
		0.433612,
		0,
		0.093406,
		0.57685,
		-0.811492,
		0,
		0.225684,
		0.006407,
		-0.703087,
		1,
	},
	[1.06666666667] = {
		-0.650825,
		0.669155,
		0.35869,
		0,
		0.747378,
		0.481518,
		0.457784,
		0,
		0.133613,
		0.566014,
		-0.813496,
		0,
		0.234774,
		0.015011,
		-0.7049,
		1,
	},
	[1.08333333333] = {
		-0.654318,
		0.681657,
		0.327431,
		0,
		0.736327,
		0.475633,
		0.481244,
		0,
		0.172306,
		0.555983,
		-0.813138,
		0,
		0.243146,
		0.021854,
		-0.706529,
		1,
	},
	{
		-0.620138,
		0.611589,
		0.491313,
		0,
		0.784005,
		0.505239,
		0.360651,
		0,
		-0.02766,
		0.608845,
		-0.792807,
		0,
		0.195537,
		-0.029743,
		-0.698118,
		1,
	},
	[1.11666666667] = {
		-0.656207,
		0.702843,
		0.274597,
		0,
		0.714786,
		0.462363,
		0.524693,
		0,
		0.241814,
		0.540585,
		-0.805788,
		0,
		0.257096,
		0.030238,
		-0.708822,
		1,
	},
	[1.13333333333] = {
		-0.655195,
		0.711908,
		0.252799,
		0,
		0.704352,
		0.454664,
		0.545132,
		0,
		0.273145,
		0.535227,
		-0.799327,
		0,
		0.261219,
		0.030924,
		-0.709193,
		1,
	},
	[1.1] = {
		-0.656064,
		0.692931,
		0.299044,
		0,
		0.725293,
		0.469347,
		0.50365,
		0,
		0.208639,
		0.547321,
		-0.8105,
		0,
		0.250639,
		0.026933,
		-0.707861,
		1,
	},
}

return spline_matrices
