-- chunkname: @content/characters/player/human/first_person/animations/assault_shield_maul/attack_left_down.lua

local spline_matrices = {
	[0.016666666666666666] = {
		-0.931611,
		0.199233,
		0.303984,
		0,
		-0.312158,
		-0.0102,
		-0.949975,
		0,
		-0.186165,
		-0.979899,
		0.071695,
		0,
		0.285373,
		-0.102509,
		-0.141091,
		1,
	},
	[0.03333333333333333] = {
		-0.932338,
		0.19534,
		0.304282,
		0,
		-0.312517,
		-0.012052,
		-0.949836,
		0,
		-0.181874,
		-0.980661,
		0.072284,
		0,
		0.284074,
		-0.10136,
		-0.141157,
		1,
	},
	[0.05] = {
		-0.936373,
		0.179933,
		0.30138,
		0,
		-0.314382,
		-0.048059,
		-0.948079,
		0,
		-0.156107,
		-0.982504,
		0.101569,
		0,
		0.282487,
		-0.106397,
		-0.127601,
		1,
	},
	[0.06666666666666667] = {
		-0.944078,
		0.147754,
		0.294765,
		0,
		-0.313751,
		-0.127691,
		-0.94088,
		0,
		-0.10138,
		-0.980747,
		0.166909,
		0,
		0.281187,
		-0.118663,
		-0.095389,
		1,
	},
	[0.08333333333333333] = {
		-0.951735,
		0.108543,
		0.287086,
		0,
		-0.304509,
		-0.216929,
		-0.927478,
		0,
		-0.038394,
		-0.970134,
		0.239512,
		0,
		0.280539,
		-0.130783,
		-0.056847,
		1,
	},
	[0] = {
		-0.931128,
		0.202834,
		0.303083,
		0,
		-0.311512,
		-0.010213,
		-0.950187,
		0,
		-0.189635,
		-0.97916,
		0.072695,
		0,
		0.285787,
		-0.103666,
		-0.140768,
		1,
	},
	[0.11666666666666667] = {
		-0.959748,
		0.042416,
		0.277642,
		0,
		-0.276445,
		-0.317313,
		-0.907133,
		0,
		0.049623,
		-0.947372,
		0.316266,
		0,
		0.281813,
		-0.133349,
		0.000351,
		1,
	},
	[0.13333333333333333] = {
		-0.96158,
		0.01427,
		0.274154,
		0,
		-0.262265,
		-0.342861,
		-0.902033,
		0,
		0.081124,
		-0.939278,
		0.33343,
		0,
		0.283552,
		-0.129082,
		0.024077,
		1,
	},
	[0.15] = {
		-0.962421,
		-0.013788,
		0.27121,
		0,
		-0.247969,
		-0.362536,
		-0.898376,
		0,
		0.11071,
		-0.931868,
		0.345493,
		0,
		0.285711,
		-0.122005,
		0.046825,
		1,
	},
	[0.16666666666666666] = {
		-0.962133,
		-0.043421,
		0.269101,
		0,
		-0.233165,
		-0.38026,
		-0.895007,
		0,
		0.14119,
		-0.92386,
		0.355736,
		0,
		0.288042,
		-0.111427,
		0.068624,
		1,
	},
	[0.18333333333333332] = {
		-0.960376,
		-0.076276,
		0.268066,
		0,
		-0.216841,
		-0.399751,
		-0.890606,
		0,
		0.175091,
		-0.913445,
		0.367372,
		0,
		0.290313,
		-0.096672,
		0.089491,
		1,
	},
	[0.1] = {
		-0.956878,
		0.072318,
		0.281343,
		0,
		-0.290192,
		-0.281805,
		-0.914535,
		0,
		0.013147,
		-0.956742,
		0.290639,
		0,
		0.280741,
		-0.135508,
		-0.024385,
		1,
	},
	[0.21666666666666667] = {
		-0.943995,
		-0.17127,
		0.282029,
		0,
		-0.177483,
		-0.456991,
		-0.871584,
		0,
		0.278161,
		-0.872827,
		0.400999,
		0,
		0.293452,
		-0.04091,
		0.125997,
		1,
	},
	[0.23333333333333334] = {
		-0.917927,
		-0.243534,
		0.313212,
		0,
		-0.160045,
		-0.495076,
		-0.853982,
		0,
		0.363037,
		-0.834021,
		0.415467,
		0,
		0.293587,
		0.012415,
		0.138816,
		1,
	},
	[0.25] = {
		-0.88582,
		-0.304107,
		0.350489,
		0,
		-0.144802,
		-0.536442,
		-0.831422,
		0,
		0.440858,
		-0.787241,
		0.431156,
		0,
		0.293505,
		0.066869,
		0.151297,
		1,
	},
	[0.26666666666666666] = {
		-0.851116,
		-0.352423,
		0.389101,
		0,
		-0.129981,
		-0.576633,
		-0.806597,
		0,
		0.508632,
		-0.737083,
		0.444973,
		0,
		0.293566,
		0.115953,
		0.164811,
		1,
	},
	[0.2833333333333333] = {
		-0.811472,
		-0.396974,
		0.428864,
		0,
		-0.113112,
		-0.613293,
		-0.781714,
		0,
		0.57334,
		-0.682849,
		0.452768,
		0,
		0.293634,
		0.1647,
		0.178298,
		1,
	},
	[0.2] = {
		-0.956579,
		-0.113964,
		0.26827,
		0,
		-0.197271,
		-0.424423,
		-0.883713,
		0,
		0.214571,
		-0.898264,
		0.383512,
		0,
		0.292332,
		-0.077076,
		0.109441,
		1,
	},
	[0.31666666666666665] = {
		-0.741907,
		-0.432638,
		0.512249,
		0,
		-0.083771,
		-0.698182,
		-0.711003,
		0,
		0.66525,
		-0.570409,
		0.481743,
		0,
		0.294656,
		0.26622,
		0.205058,
		1,
	},
	[0.3333333333333333] = {
		-0.707251,
		-0.408839,
		0.576755,
		0,
		-0.035705,
		-0.794123,
		-0.606707,
		0,
		0.70606,
		-0.449687,
		0.547047,
		0,
		0.285382,
		0.340437,
		0.216707,
		1,
	},
	[0.35] = {
		-0.738318,
		-0.321218,
		0.593048,
		0,
		0.008078,
		-0.883451,
		-0.468454,
		0,
		0.674405,
		-0.341077,
		0.654862,
		0,
		0.258234,
		0.421027,
		0.217847,
		1,
	},
	[0.36666666666666664] = {
		-0.778981,
		-0.311619,
		0.544134,
		0,
		0.091978,
		-0.915171,
		-0.392432,
		0,
		0.620265,
		-0.255649,
		0.741563,
		0,
		0.215937,
		0.494316,
		0.212769,
		1,
	},
	[0.38333333333333336] = {
		-0.884023,
		-0.054373,
		0.464271,
		0,
		0.282171,
		-0.853912,
		0.43728,
		0,
		0.372671,
		0.517569,
		0.77022,
		0,
		0.101026,
		0.645726,
		0.097358,
		1,
	},
	[0.3] = {
		-0.772887,
		-0.426971,
		0.469406,
		0,
		-0.096754,
		-0.651805,
		-0.752189,
		0,
		0.627124,
		-0.626774,
		0.46246,
		0,
		0.293889,
		0.214405,
		0.191675,
		1,
	},
	[0.4166666666666667] = {
		-0.881398,
		-0.047645,
		0.469965,
		0,
		0.449355,
		-0.391359,
		0.803068,
		0,
		0.145663,
		0.919004,
		0.366352,
		0,
		-0.062575,
		0.712377,
		-0.170567,
		1,
	},
	[0.43333333333333335] = {
		-0.845132,
		-0.055667,
		0.531651,
		0,
		0.527157,
		-0.251713,
		0.811632,
		0,
		0.088643,
		0.9662,
		0.242076,
		0,
		-0.110694,
		0.687612,
		-0.264958,
		1,
	},
	[0.45] = {
		-0.814051,
		-0.030911,
		0.579971,
		0,
		0.58078,
		-0.050326,
		0.812504,
		0,
		0.004072,
		0.998254,
		0.05892,
		0,
		-0.16119,
		0.625333,
		-0.390325,
		1,
	},
	[0.4666666666666667] = {
		-0.780541,
		0.021224,
		0.624744,
		0,
		0.619195,
		0.163357,
		0.768058,
		0,
		-0.085755,
		0.986339,
		-0.140648,
		0,
		-0.20982,
		0.559201,
		-0.523499,
		1,
	},
	[0.48333333333333334] = {
		-0.762228,
		0.048685,
		0.645475,
		0,
		0.623433,
		0.323537,
		0.711797,
		0,
		-0.174181,
		0.944962,
		-0.276961,
		0,
		-0.232528,
		0.503164,
		-0.618027,
		1,
	},
	[0.4] = {
		-0.880742,
		-0.065937,
		0.468984,
		0,
		0.425046,
		-0.546801,
		0.721349,
		0,
		0.208877,
		0.834662,
		0.509617,
		0,
		-0.002091,
		0.723112,
		-0.043921,
		1,
	},
	[0.5166666666666667] = {
		-0.79969,
		-0.120354,
		0.588227,
		0,
		0.451809,
		0.524605,
		0.721567,
		0,
		-0.39543,
		0.842796,
		-0.365144,
		0,
		-0.200828,
		0.401145,
		-0.707765,
		1,
	},
	[0.5333333333333333] = {
		-0.811525,
		-0.259963,
		0.523303,
		0,
		0.302406,
		0.579457,
		0.756823,
		0,
		-0.499978,
		0.77243,
		-0.391629,
		0,
		-0.175277,
		0.352931,
		-0.732007,
		1,
	},
	[0.55] = {
		-0.806364,
		-0.372849,
		0.459086,
		0,
		0.169317,
		0.598216,
		0.783243,
		0,
		-0.566664,
		0.70931,
		-0.419251,
		0,
		-0.154265,
		0.314502,
		-0.745161,
		1,
	},
	[0.5666666666666667] = {
		-0.802152,
		-0.418361,
		0.426059,
		0,
		0.108567,
		0.599446,
		0.793018,
		0,
		-0.587167,
		0.682377,
		-0.435427,
		0,
		-0.146132,
		0.291757,
		-0.749371,
		1,
	},
	[0.5833333333333334] = {
		-0.8077,
		-0.414023,
		0.419768,
		0,
		0.105173,
		0.599368,
		0.793535,
		0,
		-0.580137,
		0.685086,
		-0.440565,
		0,
		-0.147464,
		0.279029,
		-0.748984,
		1,
	},
	[0.5] = {
		-0.775432,
		-0.001436,
		0.631429,
		0,
		0.568445,
		0.433788,
		0.69907,
		0,
		-0.27491,
		0.901014,
		-0.335558,
		0,
		-0.222656,
		0.453328,
		-0.670298,
		1,
	},
	[0.6166666666666667] = {
		-0.825052,
		-0.384432,
		0.414127,
		0,
		0.118825,
		0.598468,
		0.792286,
		0,
		-0.552421,
		0.702886,
		-0.448087,
		0,
		-0.151114,
		0.255184,
		-0.743502,
		1,
	},
	[0.6333333333333333] = {
		-0.835947,
		-0.360345,
		0.413936,
		0,
		0.134278,
		0.597025,
		0.790905,
		0,
		-0.532129,
		0.716738,
		-0.450695,
		0,
		-0.153291,
		0.244062,
		-0.738732,
		1,
	},
	[0.65] = {
		-0.847576,
		-0.330848,
		0.414915,
		0,
		0.154313,
		0.594421,
		0.789209,
		0,
		-0.507742,
		0.732941,
		-0.452763,
		0,
		-0.155618,
		0.233457,
		-0.732831,
		1,
	},
	[0.6666666666666666] = {
		-0.859352,
		-0.296542,
		0.416626,
		0,
		0.178016,
		0.590277,
		0.787326,
		0,
		-0.4794,
		0.750757,
		-0.454467,
		0,
		-0.158035,
		0.22337,
		-0.725962,
		1,
	},
	[0.6833333333333333] = {
		-0.870705,
		-0.258072,
		0.418655,
		0,
		0.204452,
		0.584276,
		0.785379,
		0,
		-0.447294,
		0.769428,
		-0.455969,
		0,
		-0.160479,
		0.213805,
		-0.718291,
		1,
	},
	[0.6] = {
		-0.815457,
		-0.402529,
		0.415933,
		0,
		0.10883,
		0.599148,
		0.793207,
		0,
		-0.568494,
		0.692093,
		-0.444772,
		0,
		-0.149156,
		0.26682,
		-0.746979,
		1,
	},
	[0.7166666666666667] = {
		-0.890027,
		-0.171505,
		0.422419,
		0,
		0.26195,
		0.565965,
		0.781707,
		0,
		-0.373141,
		0.806393,
		-0.458798,
		0,
		-0.165399,
		0.196252,
		-0.701168,
		1,
	},
	[0.7333333333333333] = {
		-0.897098,
		-0.124984,
		0.423786,
		0,
		0.291399,
		0.553616,
		0.780126,
		0,
		-0.332118,
		0.82334,
		-0.460227,
		0,
		-0.167942,
		0.188268,
		-0.692008,
		1,
	},
	[0.75] = {
		-0.902082,
		-0.077431,
		0.424561,
		0,
		0.320247,
		0.53935,
		0.778809,
		0,
		-0.289291,
		0.838514,
		-0.461741,
		0,
		-0.170498,
		0.180815,
		-0.682663,
		1,
	},
	[0.7666666666666667] = {
		-0.90488,
		-0.029728,
		0.424627,
		0,
		0.347799,
		0.523497,
		0.777809,
		0,
		-0.245414,
		0.851509,
		-0.463362,
		0,
		-0.173028,
		0.173894,
		-0.673297,
		1,
	},
	[0.7833333333333333] = {
		-0.905528,
		0.017229,
		0.423937,
		0,
		0.373474,
		0.506505,
		0.777155,
		0,
		-0.201337,
		0.862065,
		-0.465089,
		0,
		-0.175493,
		0.167506,
		-0.664072,
		1,
	},
	[0.7] = {
		-0.881105,
		-0.216138,
		0.42064,
		0,
		0.232691,
		0.576202,
		0.783484,
		0,
		-0.411714,
		0.788211,
		-0.457401,
		0,
		-0.162908,
		0.204765,
		-0.709981,
		1,
	},
	[0.8166666666666667] = {
		-0.90119,
		0.105376,
		0.420419,
		0,
		0.417528,
		0.471353,
		0.77685,
		0,
		-0.116304,
		0.875627,
		-0.468776,
		0,
		-0.180073,
		0.156319,
		-0.646708,
		1,
	},
	[0.8333333333333334] = {
		-0.896913,
		0.144868,
		0.417804,
		0,
		0.4354,
		0.454452,
		0.77711,
		0,
		-0.077294,
		0.878912,
		-0.470679,
		0,
		-0.182111,
		0.151515,
		-0.638899,
		1,
	},
	[0.85] = {
		-0.891863,
		0.180238,
		0.414842,
		0,
		0.450358,
		0.438877,
		0.777538,
		0,
		-0.041923,
		0.880285,
		-0.47259,
		0,
		-0.183931,
		0.14723,
		-0.631892,
		1,
	},
	[0.8666666666666667] = {
		-0.886597,
		0.210741,
		0.411745,
		0,
		0.462409,
		0.425275,
		0.778023,
		0,
		-0.011144,
		0.880187,
		-0.474496,
		0,
		-0.185493,
		0.143457,
		-0.625854,
		1,
	},
	[0.8833333333333333] = {
		-0.881695,
		0.235667,
		0.408748,
		0,
		0.471608,
		0.414265,
		0.778441,
		0,
		0.014123,
		0.879116,
		-0.476398,
		0,
		-0.186759,
		0.140186,
		-0.62095,
		1,
	},
	[0.8] = {
		-0.904198,
		0.062553,
		0.422508,
		0,
		0.396823,
		0.48892,
		0.776845,
		0,
		-0.157979,
		0.870083,
		-0.466903,
		0,
		-0.177854,
		0.161648,
		-0.655155,
		1,
	},
	[0.9166666666666666] = {
		-0.875218,
		0.266059,
		0.403987,
		0,
		0.481665,
		0.402283,
		0.778567,
		0,
		0.044628,
		0.876003,
		-0.480237,
		0,
		-0.18825,
		0.135109,
		-0.615212,
		1,
	},
	[0.9333333333333333] = {
		-0.874585,
		0.270153,
		0.40264,
		0,
		0.482471,
		0.402326,
		0.778046,
		0,
		0.048199,
		0.874729,
		-0.482209,
		0,
		-0.188397,
		0.133276,
		-0.614711,
		1,
	},
	[0.95] = {
		-0.875004,
		0.270195,
		0.401699,
		0,
		0.481781,
		0.404623,
		0.777282,
		0,
		0.047481,
		0.873656,
		-0.484221,
		0,
		-0.188311,
		0.131656,
		-0.615086,
		1,
	},
	[0.9666666666666667] = {
		-0.875439,
		0.270247,
		0.400716,
		0,
		0.481059,
		0.406945,
		0.776517,
		0,
		0.046782,
		0.872561,
		-0.48626,
		0,
		-0.188201,
		0.130014,
		-0.615469,
		1,
	},
	[0.9833333333333333] = {
		-0.875886,
		0.270294,
		0.399705,
		0,
		0.48031,
		0.409256,
		0.775765,
		0,
		0.046103,
		0.871465,
		-0.488287,
		0,
		-0.188068,
		0.128377,
		-0.615853,
		1,
	},
	[0.9] = {
		-0.877729,
		0.254333,
		0.406087,
		0,
		0.478019,
		0.406423,
		0.778664,
		0,
		0.032997,
		0.877573,
		-0.478306,
		0,
		-0.187692,
		0.137408,
		-0.617348,
		1,
	},
	[1.0166666666666666] = {
		-0.876785,
		0.270207,
		0.397789,
		0,
		0.478792,
		0.413482,
		0.774462,
		0,
		0.044786,
		0.869495,
		-0.491908,
		0,
		-0.187776,
		0.125407,
		-0.616554,
		1,
	},
	[1.0333333333333334] = {
		-0.877231,
		0.270079,
		0.396892,
		0,
		0.478034,
		0.41539,
		0.773908,
		0,
		0.044151,
		0.868624,
		-0.4935,
		0,
		-0.18762,
		0.124078,
		-0.61687,
		1,
	},
	[1.05] = {
		-0.877671,
		0.269905,
		0.396037,
		0,
		0.477282,
		0.417166,
		0.773417,
		0,
		0.043536,
		0.867827,
		-0.494956,
		0,
		-0.187461,
		0.122848,
		-0.617164,
		1,
	},
	[1.0666666666666667] = {
		-0.878103,
		0.269691,
		0.395224,
		0,
		0.476541,
		0.418813,
		0.772984,
		0,
		0.042942,
		0.8671,
		-0.49628,
		0,
		-0.187298,
		0.121715,
		-0.617438,
		1,
	},
	[1.0833333333333333] = {
		-0.878528,
		0.269433,
		0.394454,
		0,
		0.475809,
		0.42034,
		0.772606,
		0,
		0.04236,
		0.866441,
		-0.497479,
		0,
		-0.187136,
		0.120674,
		-0.617692,
		1,
	},
	{
		-0.876336,
		0.270281,
		0.398727,
		0,
		0.479552,
		0.411439,
		0.775079,
		0,
		0.045437,
		0.870441,
		-0.490172,
		0,
		-0.187925,
		0.126839,
		-0.616215,
		1,
	},
	[1.1166666666666667] = {
		-0.879358,
		0.26878,
		0.393048,
		0,
		0.474374,
		0.423063,
		0.772002,
		0,
		0.041215,
		0.865318,
		-0.499526,
		0,
		-0.18682,
		0.118847,
		-0.618141,
		1,
	},
	[1.1333333333333333] = {
		-0.879756,
		0.268405,
		0.392413,
		0,
		0.473683,
		0.424262,
		0.771768,
		0,
		0.04066,
		0.864847,
		-0.500386,
		0,
		-0.186669,
		0.118057,
		-0.618338,
		1,
	},
	[1.15] = {
		-0.88014,
		0.268008,
		0.391824,
		0,
		0.473016,
		0.425355,
		0.771576,
		0,
		0.040124,
		0.864433,
		-0.501144,
		0,
		-0.186524,
		0.117345,
		-0.618518,
		1,
	},
	[1.1666666666666667] = {
		-0.880505,
		0.267599,
		0.391282,
		0,
		0.472379,
		0.426344,
		0.77142,
		0,
		0.039611,
		0.864073,
		-0.501806,
		0,
		-0.186386,
		0.116708,
		-0.61868,
		1,
	},
	[1.1833333333333333] = {
		-0.88085,
		0.267187,
		0.390788,
		0,
		0.471777,
		0.42723,
		0.771298,
		0,
		0.039125,
		0.863762,
		-0.502378,
		0,
		-0.186256,
		0.116145,
		-0.618825,
		1,
	},
	[1.1] = {
		-0.878947,
		0.269126,
		0.393729,
		0,
		0.475085,
		0.421756,
		0.77228,
		0,
		0.041783,
		0.865848,
		-0.498559,
		0,
		-0.186976,
		0.119719,
		-0.617926,
		1,
	},
	[1.2166666666666666] = {
		-0.881464,
		0.266389,
		0.389945,
		0,
		0.470699,
		0.428703,
		0.771139,
		0,
		0.038253,
		0.863279,
		-0.503276,
		0,
		-0.186024,
		0.115228,
		-0.619066,
		1,
	},
	[1.2333333333333334] = {
		-0.881728,
		0.266022,
		0.389599,
		0,
		0.470234,
		0.429293,
		0.771095,
		0,
		0.037876,
		0.863099,
		-0.503612,
		0,
		-0.185924,
		0.114868,
		-0.619163,
		1,
	},
	[1.25] = {
		-0.88196,
		0.265686,
		0.389304,
		0,
		0.469826,
		0.429788,
		0.771068,
		0,
		0.037544,
		0.862956,
		-0.503882,
		0,
		-0.185837,
		0.114571,
		-0.619244,
		1,
	},
	[1.2666666666666666] = {
		-0.882156,
		0.265392,
		0.38906,
		0,
		0.469481,
		0.430188,
		0.771055,
		0,
		0.037263,
		0.862847,
		-0.50409,
		0,
		-0.185763,
		0.114334,
		-0.61931,
		1,
	},
	[1.2833333333333334] = {
		-0.882314,
		0.265148,
		0.388869,
		0,
		0.469202,
		0.430497,
		0.771052,
		0,
		0.037036,
		0.862768,
		-0.504242,
		0,
		-0.185704,
		0.114155,
		-0.619361,
		1,
	},
	[1.2] = {
		-0.88117,
		0.266781,
		0.390342,
		0,
		0.471215,
		0.428016,
		0.771206,
		0,
		0.03867,
		0.863499,
		-0.502866,
		0,
		-0.186134,
		0.115652,
		-0.618954,
		1,
	},
	[1.3166666666666667] = {
		-0.882502,
		0.264845,
		0.388648,
		0,
		0.46887,
		0.430845,
		0.77106,
		0,
		0.036765,
		0.862687,
		-0.5044,
		0,
		-0.185633,
		0.113957,
		-0.619419,
		1,
	},
	[1.3333333333333333] = {
		-0.882527,
		0.264804,
		0.38862,
		0,
		0.468826,
		0.430888,
		0.771063,
		0,
		0.036729,
		0.862678,
		-0.504417,
		0,
		-0.185624,
		0.113933,
		-0.619426,
		1,
	},
	[1.3] = {
		-0.88243,
		0.264963,
		0.388731,
		0,
		0.468997,
		0.430715,
		0.771055,
		0,
		0.036869,
		0.862716,
		-0.504343,
		0,
		-0.18566,
		0.11403,
		-0.619397,
		1,
	},
}

return spline_matrices
