-- chunkname: @content/characters/player/human/first_person/animations/assault_shield_maul/attack_right_diagonal_down_offhand_sweep.lua

local spline_matrices = {
	[0.016666666666666666] = {
		-0.97691,
		-0.213638,
		0.002425,
		0,
		0.193268,
		-0.878812,
		0.436277,
		0,
		-0.091074,
		0.426672,
		0.899809,
		0,
		-0.623699,
		0.343993,
		-0.372993,
		1,
	},
	[0.03333333333333333] = {
		-0.977859,
		-0.209255,
		0.00207,
		0,
		0.189341,
		-0.880499,
		0.434594,
		0,
		-0.089118,
		0.425364,
		0.900624,
		0,
		-0.622168,
		0.347493,
		-0.372305,
		1,
	},
	[0.05] = {
		-0.979043,
		-0.20364,
		0.002317,
		0,
		0.184324,
		-0.881224,
		0.43528,
		0,
		-0.086599,
		0.426585,
		0.900292,
		0,
		-0.620205,
		0.350745,
		-0.372531,
		1,
	},
	[0.06666666666666667] = {
		-0.980159,
		-0.198193,
		0.00287,
		0,
		0.179475,
		-0.881261,
		0.437227,
		0,
		-0.084126,
		0.429067,
		0.899346,
		0,
		-0.618305,
		0.353325,
		-0.373251,
		1,
	},
	[0.08333333333333333] = {
		-0.981185,
		-0.193033,
		0.003666,
		0,
		0.174907,
		-0.880686,
		0.440227,
		0,
		-0.081749,
		0.432586,
		0.897879,
		0,
		-0.61652,
		0.355236,
		-0.374387,
		1,
	},
	[0] = {
		-0.976521,
		-0.215405,
		0.002821,
		0,
		0.194856,
		-0.877628,
		0.43795,
		0,
		-0.091861,
		0.428217,
		0.898995,
		0,
		-0.624316,
		0.342152,
		-0.373654,
		1,
	},
	[0.11666666666666667] = {
		-0.983282,
		-0.182001,
		0.005752,
		0,
		0.165204,
		-0.878361,
		0.448542,
		0,
		-0.076583,
		0.441993,
		0.893743,
		0,
		-0.612742,
		0.358368,
		-0.377592,
		1,
	},
	[0.13333333333333333] = {
		-0.98424,
		-0.176703,
		0.006939,
		0,
		0.160593,
		-0.876702,
		0.453435,
		0,
		-0.07404,
		0.447403,
		0.891262,
		0,
		-0.610969,
		0.359388,
		-0.37949,
		1,
	},
	[0.15] = {
		-0.985074,
		-0.171937,
		0.008175,
		0,
		0.156493,
		-0.874789,
		0.458535,
		0,
		-0.071688,
		0.452971,
		0.888639,
		0,
		-0.609427,
		0.359919,
		-0.381462,
		1,
	},
	[0.16666666666666666] = {
		-0.985743,
		-0.167995,
		0.009437,
		0,
		0.153166,
		-0.872689,
		0.463632,
		0,
		-0.069652,
		0.458467,
		0.885978,
		0,
		-0.608233,
		0.359868,
		-0.38341,
		1,
	},
	[0.18333333333333332] = {
		-0.986207,
		-0.165174,
		0.01062,
		0,
		0.150863,
		-0.870655,
		0.468188,
		0,
		-0.068087,
		0.463332,
		0.883565,
		0,
		-0.607496,
		0.359294,
		-0.385113,
		1,
	},
	[0.1] = {
		-0.982246,
		-0.18754,
		0.004646,
		0,
		0.170063,
		-0.879705,
		0.444069,
		0,
		-0.079194,
		0.436975,
		0.895981,
		0,
		-0.61463,
		0.356951,
		-0.375861,
		1,
	},
	[0.21666666666666667] = {
		-0.986504,
		-0.163259,
		0.012477,
		0,
		0.149552,
		-0.867405,
		0.474597,
		0,
		-0.066659,
		0.470058,
		0.880115,
		0,
		-0.607481,
		0.356875,
		-0.387379,
		1,
	},
	[0.23333333333333334] = {
		-0.986549,
		-0.162938,
		0.013098,
		0,
		0.149415,
		-0.866368,
		0.47653,
		0,
		-0.066297,
		0.472078,
		0.87906,
		0,
		-0.607728,
		0.35576,
		-0.388017,
		1,
	},
	[0.25] = {
		-0.986552,
		-0.162889,
		0.013488,
		0,
		0.149385,
		-0.865116,
		0.478809,
		0,
		-0.066324,
		0.474385,
		0.877815,
		0,
		-0.608079,
		0.354782,
		-0.388363,
		1,
	},
	[0.26666666666666666] = {
		-0.986501,
		-0.163188,
		0.013637,
		0,
		0.149427,
		-0.86298,
		0.482636,
		0,
		-0.066992,
		0.478159,
		0.875715,
		0,
		-0.608554,
		0.353877,
		-0.388445,
		1,
	},
	[0.2833333333333333] = {
		-0.986483,
		-0.163339,
		0.013132,
		0,
		0.148893,
		-0.859991,
		0.488106,
		0,
		-0.068434,
		0.483463,
		0.872686,
		0,
		-0.609169,
		0.353005,
		-0.388273,
		1,
	},
	[0.2] = {
		-0.986429,
		-0.163776,
		0.011639,
		0,
		0.149824,
		-0.868867,
		0.47183,
		0,
		-0.067162,
		0.46717,
		0.881613,
		0,
		-0.607315,
		0.358189,
		-0.386426,
		1,
	},
	[0.31666666666666665] = {
		-0.988463,
		-0.151271,
		0.007626,
		0,
		0.1344,
		-0.852783,
		0.504676,
		0,
		-0.069839,
		0.499878,
		0.863275,
		0,
		-0.600739,
		0.350885,
		-0.387267,
		1,
	},
	[0.3333333333333333] = {
		-0.991273,
		-0.131813,
		0.001787,
		0,
		0.113827,
		-0.849015,
		0.515962,
		0,
		-0.066493,
		0.511662,
		0.85661,
		0,
		-0.579465,
		0.349388,
		-0.386506,
		1,
	},
	[0.35] = {
		-0.99449,
		-0.104642,
		-0.006367,
		0,
		0.085444,
		-0.844238,
		0.529113,
		0,
		-0.060743,
		0.525654,
		0.848527,
		0,
		-0.551282,
		0.357096,
		-0.395511,
		1,
	},
	[0.36666666666666664] = {
		-0.997091,
		-0.074332,
		-0.016891,
		0,
		0.053216,
		-0.837439,
		0.543934,
		0,
		-0.054576,
		0.541452,
		0.838958,
		0,
		-0.516371,
		0.374013,
		-0.415298,
		1,
	},
	[0.38333333333333336] = {
		-0.998614,
		-0.040993,
		-0.033003,
		0,
		0.015327,
		-0.826466,
		0.562778,
		0,
		-0.050346,
		0.561493,
		0.825949,
		0,
		-0.47624,
		0.394525,
		-0.440324,
		1,
	},
	[0.3] = {
		-0.986957,
		-0.16059,
		0.011275,
		0,
		0.145018,
		-0.856474,
		0.495401,
		0,
		-0.0699,
		0.490574,
		0.868592,
		0,
		-0.609949,
		0.352105,
		-0.387865,
		1,
	},
	[0.4166666666666667] = {
		-0.996455,
		0.031952,
		-0.077823,
		0,
		-0.071976,
		-0.802699,
		0.592025,
		0,
		-0.043552,
		0.595527,
		0.802154,
		0,
		-0.395739,
		0.44181,
		-0.491243,
		1,
	},
	[0.43333333333333335] = {
		-0.992628,
		0.073537,
		-0.096338,
		0,
		-0.116459,
		-0.798835,
		0.590169,
		0,
		-0.033559,
		0.597038,
		0.801511,
		0,
		-0.367193,
		0.457103,
		-0.502638,
		1,
	},
	[0.45] = {
		-0.982569,
		0.148184,
		-0.112244,
		0,
		-0.185895,
		-0.785392,
		0.590426,
		0,
		-0.000664,
		0.601,
		0.799249,
		0,
		-0.337369,
		0.465211,
		-0.512133,
		1,
	},
	[0.4666666666666667] = {
		-0.963016,
		0.237561,
		-0.127139,
		0,
		-0.266159,
		-0.765262,
		0.586117,
		0,
		0.041944,
		0.59828,
		0.800189,
		0,
		-0.31025,
		0.471546,
		-0.520232,
		1,
	},
	[0.48333333333333334] = {
		-0.939994,
		0.313888,
		-0.133736,
		0,
		-0.33196,
		-0.750822,
		0.571024,
		0,
		0.078825,
		0.581155,
		0.809967,
		0,
		-0.294502,
		0.47696,
		-0.521726,
		1,
	},
	[0.4] = {
		-0.998487,
		-0.004617,
		-0.054799,
		0,
		-0.028244,
		-0.811951,
		0.583043,
		0,
		-0.047186,
		0.583708,
		0.810591,
		0,
		-0.433496,
		0.418405,
		-0.469053,
		1,
	},
	[0.5166666666666667] = {
		-0.894293,
		0.431031,
		-0.120219,
		0,
		-0.423074,
		-0.726914,
		0.540929,
		0,
		0.145768,
		0.534611,
		0.832432,
		0,
		-0.272726,
		0.489783,
		-0.517098,
		1,
	},
	[0.5333333333333333] = {
		-0.882646,
		0.455851,
		-0.114609,
		0,
		-0.441686,
		-0.720972,
		0.53396,
		0,
		0.160776,
		0.521919,
		0.837706,
		0,
		-0.264342,
		0.493567,
		-0.515952,
		1,
	},
	[0.55] = {
		-0.878739,
		0.463898,
		-0.112322,
		0,
		-0.447498,
		-0.718876,
		0.531942,
		0,
		0.166021,
		0.517702,
		0.839298,
		0,
		-0.257146,
		0.495259,
		-0.516244,
		1,
	},
	[0.5666666666666667] = {
		-0.876517,
		0.468678,
		-0.109811,
		0,
		-0.450379,
		-0.717932,
		0.530785,
		0,
		0.16993,
		0.514699,
		0.840362,
		0,
		-0.251659,
		0.496419,
		-0.516185,
		1,
	},
	[0.5833333333333334] = {
		-0.875707,
		0.470921,
		-0.106639,
		0,
		-0.450601,
		-0.717699,
		0.530911,
		0,
		0.173483,
		0.512974,
		0.840691,
		0,
		-0.247646,
		0.497136,
		-0.51593,
		1,
	},
	[0.5] = {
		-0.915358,
		0.381235,
		-0.129537,
		0,
		-0.385649,
		-0.737643,
		0.554219,
		0,
		0.115735,
		0.557264,
		0.82223,
		0,
		-0.282396,
		0.483634,
		-0.519861,
		1,
	},
	[0.6166666666666667] = {
		-0.877041,
		0.470632,
		-0.09646,
		0,
		-0.444319,
		-0.718265,
		0.535421,
		0,
		0.182702,
		0.512445,
		0.839059,
		0,
		-0.243121,
		0.49765,
		-0.515385,
		1,
	},
	[0.6333333333333333] = {
		-0.878482,
		0.469508,
		-0.088499,
		0,
		-0.438476,
		-0.718702,
		0.539635,
		0,
		0.189758,
		0.512865,
		0.837235,
		0,
		-0.24215,
		0.497665,
		-0.515145,
		1,
	},
	[0.65] = {
		-0.880192,
		0.46816,
		-0.078034,
		0,
		-0.43086,
		-0.719212,
		0.545063,
		0,
		0.199054,
		0.513382,
		0.834756,
		0,
		-0.241732,
		0.497542,
		-0.514891,
		1,
	},
	[0.6666666666666666] = {
		-0.882258,
		0.466301,
		-0.064678,
		0,
		-0.421,
		-0.72003,
		0.551648,
		0,
		0.210664,
		0.513926,
		0.831565,
		0,
		-0.241631,
		0.497217,
		-0.514604,
		1,
	},
	[0.6833333333333333] = {
		-0.884444,
		0.463941,
		-0.050185,
		0,
		-0.410051,
		-0.721333,
		0.558155,
		0,
		0.222751,
		0.514234,
		0.828218,
		0,
		-0.242186,
		0.496688,
		-0.514276,
		1,
	},
	[0.6] = {
		-0.875994,
		0.471338,
		-0.102346,
		0,
		-0.448469,
		-0.71787,
		0.532483,
		0,
		0.177508,
		0.512351,
		0.84023,
		0,
		-0.244877,
		0.49751,
		-0.515635,
		1,
	},
	[0.7166666666666667] = {
		-0.888726,
		0.457823,
		-0.02374,
		0,
		-0.389134,
		-0.725985,
		0.567028,
		0,
		0.242363,
		0.513171,
		0.823356,
		0,
		-0.246476,
		0.495022,
		-0.513506,
		1,
	},
	[0.7333333333333333] = {
		-0.890877,
		0.454092,
		-0.011749,
		0,
		-0.379326,
		-0.729468,
		0.5692,
		0,
		0.249899,
		0.511544,
		0.822115,
		0,
		-0.250034,
		0.493889,
		-0.513112,
		1,
	},
	[0.75] = {
		-0.893062,
		0.449933,
		-0.000533,
		0,
		-0.37005,
		-0.733829,
		0.569699,
		0,
		0.255936,
		0.508974,
		0.821853,
		0,
		-0.254416,
		0.492582,
		-0.512722,
		1,
	},
	[0.7666666666666667] = {
		-0.895296,
		0.445362,
		0.009948,
		0,
		-0.361372,
		-0.739151,
		0.568389,
		0,
		0.260492,
		0.505282,
		0.822699,
		0,
		-0.259534,
		0.491129,
		-0.512336,
		1,
	},
	[0.7833333333333333] = {
		-0.897589,
		0.440391,
		0.01973,
		0,
		-0.353071,
		-0.744973,
		0.566,
		0,
		0.26396,
		0.501069,
		0.824169,
		0,
		-0.265299,
		0.489558,
		-0.511951,
		1,
	},
	[0.7] = {
		-0.88659,
		0.46111,
		-0.036547,
		0,
		-0.399402,
		-0.723293,
		0.563316,
		0,
		0.233317,
		0.514028,
		0.825433,
		0,
		-0.243831,
		0.495954,
		-0.513903,
		1,
	},
	[0.8166666666666667] = {
		-0.902385,
		0.42931,
		0.037345,
		0,
		-0.336714,
		-0.756522,
		0.560623,
		0,
		0.268934,
		0.493323,
		0.827228,
		0,
		-0.278419,
		0.486176,
		-0.511191,
		1,
	},
	[0.8333333333333334] = {
		-0.904894,
		0.423225,
		0.045247,
		0,
		-0.328593,
		-0.762193,
		0.557753,
		0,
		0.270542,
		0.48984,
		0.828773,
		0,
		-0.285597,
		0.484419,
		-0.510816,
		1,
	},
	[0.85] = {
		-0.907478,
		0.416794,
		0.052589,
		0,
		-0.320468,
		-0.767758,
		0.554841,
		0,
		0.27163,
		0.486653,
		0.830293,
		0,
		-0.293068,
		0.482653,
		-0.510446,
		1,
	},
	[0.8666666666666667] = {
		-0.910135,
		0.410031,
		0.059404,
		0,
		-0.312309,
		-0.773189,
		0.551944,
		0,
		0.272245,
		0.483791,
		0.831763,
		0,
		-0.300743,
		0.480904,
		-0.510081,
		1,
	},
	[0.8833333333333333] = {
		-0.912858,
		0.402948,
		0.065747,
		0,
		-0.304072,
		-0.778457,
		0.549131,
		0,
		0.272452,
		0.481287,
		0.833146,
		0,
		-0.308547,
		0.479196,
		-0.509717,
		1,
	},
	[0.8] = {
		-0.899951,
		0.435036,
		0.028851,
		0,
		-0.344862,
		-0.750773,
		0.563391,
		0,
		0.266756,
		0.497075,
		0.825686,
		0,
		-0.271624,
		0.487898,
		-0.51157,
		1,
	},
	[0.9166666666666666] = {
		-0.918474,
		0.387872,
		0.077207,
		0,
		-0.287209,
		-0.788392,
		0.544011,
		0,
		0.271876,
		0.477486,
		0.835518,
		0,
		-0.324227,
		0.475998,
		-0.508968,
		1,
	},
	[0.9333333333333333] = {
		-0.921352,
		0.379906,
		0.082348,
		0,
		-0.278557,
		-0.793,
		0.541809,
		0,
		0.271139,
		0.476258,
		0.836458,
		0,
		-0.331929,
		0.474552,
		-0.508584,
		1,
	},
	[0.95] = {
		-0.924267,
		0.371675,
		0.087109,
		0,
		-0.269805,
		-0.797435,
		0.539725,
		0,
		0.270066,
		0.475348,
		0.837322,
		0,
		-0.339422,
		0.473235,
		-0.508194,
		1,
	},
	[0.9666666666666667] = {
		-0.927211,
		0.363192,
		0.091496,
		0,
		-0.261006,
		-0.801775,
		0.537618,
		0,
		0.268618,
		0.474604,
		0.83821,
		0,
		-0.346618,
		0.472066,
		-0.5078,
		1,
	},
	[0.9833333333333333] = {
		-0.93005,
		0.3548,
		0.095516,
		0,
		-0.252434,
		-0.805889,
		0.535556,
		0,
		0.266991,
		0.473982,
		0.839081,
		0,
		-0.353429,
		0.471028,
		-0.507404,
		1,
	},
	[0.9] = {
		-0.91564,
		0.395557,
		0.071674,
		0,
		-0.295711,
		-0.783535,
		0.546468,
		0,
		0.272318,
		0.479174,
		0.834407,
		0,
		-0.316403,
		0.477554,
		-0.509346,
		1,
	},
	[1.0166666666666666] = {
		-0.935049,
		0.339391,
		0.102458,
		0,
		-0.236833,
		-0.813052,
		0.531843,
		0,
		0.263807,
		0.473034,
		0.840622,
		0,
		-0.365538,
		0.469227,
		-0.506617,
		1,
	},
	[1.0333333333333334] = {
		-0.937218,
		0.332437,
		0.105392,
		0,
		-0.229833,
		-0.81607,
		0.530289,
		0,
		0.262295,
		0.472774,
		0.841241,
		0,
		-0.37066,
		0.468446,
		-0.506231,
		1,
	},
	[1.05] = {
		-0.939161,
		0.326064,
		0.107976,
		0,
		-0.223417,
		-0.818685,
		0.528999,
		0,
		0.260886,
		0.472692,
		0.841725,
		0,
		-0.37523,
		0.467743,
		-0.505852,
		1,
	},
	[1.0666666666666667] = {
		-0.940867,
		0.320347,
		0.110217,
		0,
		-0.217637,
		-0.820872,
		0.528019,
		0,
		0.259623,
		0.472808,
		0.84205,
		0,
		-0.379387,
		0.467123,
		-0.505484,
		1,
	},
	[1.0833333333333333] = {
		-0.942336,
		0.315328,
		0.112122,
		0,
		-0.212516,
		-0.822615,
		0.527391,
		0,
		0.258534,
		0.473152,
		0.842192,
		0,
		-0.383103,
		0.466581,
		-0.505128,
		1,
	},
	{
		-0.932661,
		0.346856,
		0.099168,
		0,
		-0.244371,
		-0.809653,
		0.533615,
		0,
		0.265379,
		0.473448,
		0.839893,
		0,
		-0.359765,
		0.470085,
		-0.507009,
		1,
	},
	[1.1166666666666667] = {
		-0.944563,
		0.307548,
		0.114954,
		0,
		-0.204341,
		-0.824703,
		0.527362,
		0,
		0.256992,
		0.474637,
		0.841829,
		0,
		-0.389104,
		0.465711,
		-0.504463,
		1,
	},
	[1.1333333333333333] = {
		-0.945316,
		0.30487,
		0.115895,
		0,
		-0.201333,
		-0.825009,
		0.528039,
		0,
		0.256598,
		0.47583,
		0.841275,
		0,
		-0.391336,
		0.465372,
		-0.504158,
		1,
	},
	[1.15] = {
		-0.945822,
		0.303053,
		0.116531,
		0,
		-0.199138,
		-0.824922,
		0.529006,
		0,
		0.256446,
		0.47714,
		0.840579,
		0,
		-0.393018,
		0.465091,
		-0.503875,
		1,
	},
	[1.1666666666666667] = {
		-0.946073,
		0.302137,
		0.11687,
		0,
		-0.197852,
		-0.82456,
		0.530053,
		0,
		0.256515,
		0.478346,
		0.839872,
		0,
		-0.394125,
		0.464861,
		-0.503615,
		1,
	},
	[1.1833333333333333] = {
		-0.946059,
		0.302161,
		0.116921,
		0,
		-0.197506,
		-0.823922,
		0.531173,
		0,
		0.256833,
		0.479428,
		0.839158,
		0,
		-0.394628,
		0.464687,
		-0.50338,
		1,
	},
	[1.1] = {
		-0.943569,
		0.311048,
		0.113699,
		0,
		-0.208076,
		-0.823898,
		0.527159,
		0,
		0.257648,
		0.473752,
		0.842126,
		0,
		-0.386351,
		0.466112,
		-0.504787,
		1,
	},
	[1.2166666666666666] = {
		-0.945338,
		0.304673,
		0.116236,
		0,
		-0.199302,
		-0.82195,
		0.533551,
		0,
		0.258099,
		0.48122,
		0.837743,
		0,
		-0.394004,
		0.464502,
		-0.502987,
		1,
	},
	[1.2333333333333334] = {
		-0.944926,
		0.306176,
		0.11563,
		0,
		-0.200559,
		-0.8209,
		0.534695,
		0,
		0.258631,
		0.482057,
		0.837097,
		0,
		-0.393429,
		0.464474,
		-0.502817,
		1,
	},
	[1.25] = {
		-0.944536,
		0.307649,
		0.114907,
		0,
		-0.201865,
		-0.819873,
		0.535779,
		0,
		0.259042,
		0.482867,
		0.836503,
		0,
		-0.3928,
		0.464478,
		-0.502664,
		1,
	},
	[1.2666666666666666] = {
		-0.94417,
		0.309068,
		0.114106,
		0,
		-0.203183,
		-0.818884,
		0.536793,
		0,
		0.259345,
		0.483639,
		0.835963,
		0,
		-0.392138,
		0.464508,
		-0.502527,
		1,
	},
	[1.2833333333333334] = {
		-0.943832,
		0.310408,
		0.113262,
		0,
		-0.204479,
		-0.817949,
		0.537725,
		0,
		0.259557,
		0.484362,
		0.835478,
		0,
		-0.391468,
		0.464558,
		-0.502406,
		1,
	},
	[1.2] = {
		-0.945767,
		0.303164,
		0.116691,
		0,
		-0.19813,
		-0.823007,
		0.532357,
		0,
		0.257429,
		0.480366,
		0.838438,
		0,
		-0.394501,
		0.464571,
		-0.503173,
		1,
	},
	[1.3166666666666667] = {
		-0.943255,
		0.312758,
		0.111593,
		0,
		-0.206863,
		-0.816309,
		0.539303,
		0,
		0.259766,
		0.485615,
		0.834685,
		0,
		-0.390195,
		0.464692,
		-0.502213,
		1,
	},
	[1.3333333333333333] = {
		-0.943024,
		0.313721,
		0.110841,
		0,
		-0.20788,
		-0.815637,
		0.539929,
		0,
		0.259793,
		0.486124,
		0.834381,
		0,
		-0.389637,
		0.464764,
		-0.50214,
		1,
	},
	[1.35] = {
		-0.942837,
		0.31451,
		0.110193,
		0,
		-0.208732,
		-0.815085,
		0.540433,
		0,
		0.259788,
		0.486539,
		0.83414,
		0,
		-0.389163,
		0.46483,
		-0.502084,
		1,
	},
	[1.3666666666666667] = {
		-0.942698,
		0.315103,
		0.109685,
		0,
		-0.209385,
		-0.81467,
		0.540805,
		0,
		0.259766,
		0.486849,
		0.833966,
		0,
		-0.388796,
		0.464885,
		-0.502044,
		1,
	},
	[1.3833333333333333] = {
		-0.942612,
		0.315476,
		0.109353,
		0,
		-0.209803,
		-0.81441,
		0.541036,
		0,
		0.259742,
		0.487044,
		0.83386,
		0,
		-0.388559,
		0.464923,
		-0.50202,
		1,
	},
	[1.3] = {
		-0.943525,
		0.311646,
		0.112412,
		0,
		-0.205718,
		-0.817085,
		0.538565,
		0,
		0.259692,
		0.485024,
		0.835052,
		0,
		-0.390813,
		0.464621,
		-0.502301,
		1,
	},
	[1.4] = {
		-0.942582,
		0.315606,
		0.109235,
		0,
		-0.20995,
		-0.814319,
		0.541115,
		0,
		0.259731,
		0.487111,
		0.833824,
		0,
		-0.388475,
		0.464937,
		-0.502012,
		1,
	},
}

return spline_matrices
