-- chunkname: @content/characters/player/human/first_person/animations/assault_shield_maul/attack_right_offhand_sweep.lua

local spline_matrices = {
	[0.016666666666666666] = {
		-0.968773,
		0.152256,
		0.195696,
		0,
		-0.029912,
		-0.855261,
		0.517334,
		0,
		0.246138,
		0.495325,
		0.833108,
		0,
		-0.535082,
		0.440893,
		-0.453582,
		1,
	},
	[0.03333333333333333] = {
		-0.950978,
		0.19834,
		0.237282,
		0,
		-0.078477,
		-0.896912,
		0.43519,
		0,
		0.299137,
		0.395235,
		0.868508,
		0,
		-0.52311,
		0.438167,
		-0.462591,
		1,
	},
	[0.05] = {
		-0.920534,
		0.254312,
		0.296551,
		0,
		-0.134301,
		-0.91884,
		0.371076,
		0,
		0.366852,
		0.301761,
		0.879977,
		0,
		-0.516302,
		0.432023,
		-0.458559,
		1,
	},
	[0.06666666666666667] = {
		-0.879797,
		0.303561,
		0.365797,
		0,
		-0.177437,
		-0.923635,
		0.339728,
		0,
		0.440992,
		0.233986,
		0.866474,
		0,
		-0.517468,
		0.425382,
		-0.443675,
		1,
	},
	[0.08333333333333333] = {
		-0.801248,
		0.350588,
		0.484861,
		0,
		-0.196482,
		-0.919585,
		0.340232,
		0,
		0.565152,
		0.177344,
		0.8057,
		0,
		-0.523084,
		0.419804,
		-0.413893,
		1,
	},
	[0] = {
		-0.974594,
		0.133116,
		0.180127,
		0,
		-0.010538,
		-0.830583,
		0.556795,
		0,
		0.223729,
		0.540751,
		0.810885,
		0,
		-0.541461,
		0.441507,
		-0.438614,
		1,
	},
	[0.11666666666666667] = {
		-0.633062,
		0.415229,
		0.653313,
		0,
		-0.160496,
		-0.896029,
		0.413972,
		0,
		0.75728,
		0.157216,
		0.633885,
		0,
		-0.556835,
		0.39869,
		-0.30022,
		1,
	},
	[0.13333333333333333] = {
		-0.596738,
		0.393958,
		0.699071,
		0,
		-0.093029,
		-0.899277,
		0.427372,
		0,
		0.797025,
		0.189996,
		0.573282,
		0,
		-0.589967,
		0.376624,
		-0.231115,
		1,
	},
	[0.15] = {
		-0.597008,
		0.312253,
		0.738972,
		0,
		0.011832,
		-0.917614,
		0.397298,
		0,
		0.802148,
		0.245933,
		0.544128,
		0,
		-0.633779,
		0.333033,
		-0.163148,
		1,
	},
	[0.16666666666666666] = {
		-0.630332,
		0.158126,
		0.760051,
		0,
		0.152716,
		-0.93465,
		0.321102,
		0,
		0.761157,
		0.318473,
		0.564992,
		0,
		-0.679679,
		0.270627,
		-0.108341,
		1,
	},
	[0.18333333333333332] = {
		-0.680746,
		-0.031585,
		0.731838,
		0,
		0.31452,
		-0.914893,
		0.253077,
		0,
		0.66156,
		0.402459,
		0.632744,
		0,
		-0.719084,
		0.209312,
		-0.085881,
		1,
	},
	[0.1] = {
		-0.697032,
		0.395036,
		0.598409,
		0,
		-0.188678,
		-0.906191,
		0.378443,
		0,
		0.691771,
		0.15088,
		0.706178,
		0,
		-0.534438,
		0.41199,
		-0.364506,
		1,
	},
	[0.21666666666666667] = {
		-0.815449,
		-0.331899,
		0.474221,
		0,
		0.543051,
		-0.722247,
		0.428317,
		0,
		0.200347,
		0.606797,
		0.769194,
		0,
		-0.772994,
		0.092754,
		-0.09804,
		1,
	},
	[0.23333333333333334] = {
		-0.813914,
		-0.42775,
		0.393159,
		0,
		0.580464,
		-0.627376,
		0.519096,
		0,
		0.024616,
		0.650714,
		0.758924,
		0,
		-0.790262,
		0.050665,
		-0.114961,
		1,
	},
	[0.25] = {
		-0.785464,
		-0.465499,
		0.407868,
		0,
		0.618876,
		-0.597394,
		0.510013,
		0,
		0.006248,
		0.653016,
		0.757318,
		0,
		-0.799228,
		0.027269,
		-0.144252,
		1,
	},
	[0.26666666666666666] = {
		-0.75451,
		-0.475799,
		0.452029,
		0,
		0.655149,
		-0.586639,
		0.476062,
		0,
		0.038668,
		0.65534,
		0.754344,
		0,
		-0.802233,
		0.013782,
		-0.181181,
		1,
	},
	[0.2833333333333333] = {
		-0.728008,
		-0.480918,
		0.488593,
		0,
		0.681895,
		-0.581634,
		0.443533,
		0,
		0.070879,
		0.656064,
		0.751369,
		0,
		-0.803729,
		0.007547,
		-0.212827,
		1,
	},
	[0.2] = {
		-0.757695,
		-0.204586,
		0.619712,
		0,
		0.465221,
		-0.835277,
		0.293054,
		0,
		0.457677,
		0.510349,
		0.728063,
		0,
		-0.750418,
		0.150633,
		-0.088768,
		1,
	},
	[0.31666666666666665] = {
		-0.71077,
		-0.493974,
		0.500795,
		0,
		0.699459,
		-0.571808,
		0.42871,
		0,
		0.074587,
		0.655,
		0.751938,
		0,
		-0.804271,
		0.005285,
		-0.254239,
		1,
	},
	[0.3333333333333333] = {
		-0.710947,
		-0.494611,
		0.499915,
		0,
		0.699573,
		-0.569972,
		0.430963,
		0,
		0.071778,
		0.656119,
		0.751236,
		0,
		-0.803997,
		0.004572,
		-0.263099,
		1,
	},
	[0.35] = {
		-0.711637,
		-0.493055,
		0.500469,
		0,
		0.698904,
		-0.569302,
		0.432931,
		0,
		0.071459,
		0.657869,
		0.749734,
		0,
		-0.803809,
		0.003741,
		-0.26242,
		1,
	},
	[0.36666666666666664] = {
		-0.71488,
		-0.486793,
		0.501975,
		0,
		0.695366,
		-0.57045,
		0.437097,
		0,
		0.073576,
		0.661528,
		0.746303,
		0,
		-0.802839,
		0.00288,
		-0.260428,
		1,
	},
	[0.38333333333333336] = {
		-0.719388,
		-0.479252,
		0.502791,
		0,
		0.690777,
		-0.569535,
		0.445484,
		0,
		0.072858,
		0.667792,
		0.740773,
		0,
		-0.800193,
		-0.002274,
		-0.262028,
		1,
	},
	[0.3] = {
		-0.714659,
		-0.489,
		0.500141,
		0,
		0.695159,
		-0.575822,
		0.430329,
		0,
		0.077561,
		0.655216,
		0.751449,
		0,
		-0.804235,
		0.005811,
		-0.236179,
		1,
	},
	[0.4166666666666667] = {
		-0.73803,
		-0.447705,
		0.504848,
		0,
		0.669443,
		-0.579623,
		0.464633,
		0,
		0.084603,
		0.68088,
		0.727492,
		0,
		-0.791946,
		-0.003206,
		-0.271189,
		1,
	},
	[0.43333333333333335] = {
		-0.752876,
		-0.421691,
		0.505326,
		0,
		0.650562,
		-0.59315,
		0.474281,
		0,
		0.099734,
		0.685821,
		0.720904,
		0,
		-0.786397,
		0.005639,
		-0.277377,
		1,
	},
	[0.45] = {
		-0.765208,
		-0.398956,
		0.505263,
		0,
		0.634085,
		-0.602772,
		0.484357,
		0,
		0.111321,
		0.691014,
		0.714218,
		0,
		-0.779833,
		0.009738,
		-0.284391,
		1,
	},
	[0.4666666666666667] = {
		-0.778155,
		-0.373821,
		0.504711,
		0,
		0.615669,
		-0.612916,
		0.495264,
		0,
		0.124205,
		0.696126,
		0.707094,
		0,
		-0.771434,
		0.014407,
		-0.292831,
		1,
	},
	[0.48333333333333334] = {
		-0.791423,
		-0.346653,
		0.503469,
		0,
		0.595472,
		-0.623257,
		0.506916,
		0,
		0.138066,
		0.700987,
		0.699682,
		0,
		-0.761355,
		0.019775,
		-0.302596,
		1,
	},
	[0.4] = {
		-0.724924,
		-0.46968,
		0.50387,
		0,
		0.684947,
		-0.56905,
		0.455004,
		0,
		0.073021,
		0.674968,
		0.734225,
		0,
		-0.796486,
		-0.008576,
		-0.266008,
		1,
	},
	[0.5166666666666667] = {
		-0.818146,
		-0.286177,
		0.498738,
		0,
		0.549551,
		-0.64439,
		0.531747,
		0,
		0.169208,
		0.709129,
		0.684474,
		0,
		-0.739656,
		0.033683,
		-0.322761,
		1,
	},
	[0.5333333333333333] = {
		-0.831602,
		-0.250626,
		0.495606,
		0,
		0.522188,
		-0.656704,
		0.544113,
		0,
		0.189098,
		0.711285,
		0.67699,
		0,
		-0.726908,
		0.043821,
		-0.333873,
		1,
	},
	[0.55] = {
		-0.844366,
		-0.212624,
		0.49177,
		0,
		0.492532,
		-0.669286,
		0.556299,
		0,
		0.210852,
		0.711932,
		0.669846,
		0,
		-0.714127,
		0.05553,
		-0.344894,
		1,
	},
	[0.5666666666666667] = {
		-0.855998,
		-0.173237,
		0.487089,
		0,
		0.461371,
		-0.681074,
		0.568573,
		0,
		0.233246,
		0.711426,
		0.662925,
		0,
		-0.701263,
		0.067796,
		-0.355934,
		1,
	},
	[0.5833333333333334] = {
		-0.866327,
		-0.132476,
		0.481589,
		0,
		0.428753,
		-0.691844,
		0.580968,
		0,
		0.25622,
		0.709791,
		0.656162,
		0,
		-0.68828,
		0.080208,
		-0.367005,
		1,
	},
	[0.5] = {
		-0.804719,
		-0.317833,
		0.501408,
		0,
		0.573708,
		-0.633463,
		0.519214,
		0,
		0.1526,
		0.705483,
		0.692103,
		0,
		-0.751035,
		0.025922,
		-0.312425,
		1,
	},
	[0.6166666666666667] = {
		-0.882366,
		-0.049316,
		0.467972,
		0,
		0.360464,
		-0.710106,
		0.604826,
		0,
		0.302482,
		0.702365,
		0.64435,
		0,
		-0.661636,
		0.106045,
		-0.389789,
		1,
	},
	[0.6333333333333333] = {
		-0.888068,
		-0.008219,
		0.459639,
		0,
		0.325448,
		-0.717401,
		0.615971,
		0,
		0.324683,
		0.696612,
		0.639775,
		0,
		-0.647718,
		0.119454,
		-0.401246,
		1,
	},
	[0.65] = {
		-0.892212,
		0.03169,
		0.450504,
		0,
		0.290528,
		-0.723446,
		0.626274,
		0,
		0.345762,
		0.689653,
		0.636261,
		0,
		-0.633765,
		0.132858,
		-0.412404,
		1,
	},
	[0.6666666666666666] = {
		-0.894819,
		0.070601,
		0.440812,
		0,
		0.255743,
		-0.728269,
		0.635782,
		0,
		0.365917,
		0.681645,
		0.633613,
		0,
		-0.620145,
		0.146004,
		-0.423003,
		1,
	},
	[0.6833333333333333] = {
		-0.895861,
		0.108925,
		0.430777,
		0,
		0.220989,
		-0.731855,
		0.644633,
		0,
		0.385483,
		0.672698,
		0.631569,
		0,
		-0.607225,
		0.158791,
		-0.433159,
		1,
	},
	[0.6] = {
		-0.875126,
		-0.090954,
		0.475271,
		0,
		0.39502,
		-0.701567,
		0.593097,
		0,
		0.279489,
		0.706775,
		0.649888,
		0,
		-0.675157,
		0.092882,
		-0.378289,
		1,
	},
	[0.7166666666666667] = {
		-0.893528,
		0.182626,
		0.410191,
		0,
		0.152752,
		-0.735421,
		0.660169,
		0,
		0.422227,
		0.652537,
		0.629222,
		0,
		-0.58307,
		0.183788,
		-0.452579,
		1,
	},
	[0.7333333333333333] = {
		-0.890626,
		0.217436,
		0.399384,
		0,
		0.119469,
		-0.73554,
		0.666865,
		0,
		0.438763,
		0.641641,
		0.629114,
		0,
		-0.571649,
		0.196208,
		-0.461548,
		1,
	},
	[0.75] = {
		-0.886728,
		0.250531,
		0.388519,
		0,
		0.087118,
		-0.734805,
		0.67266,
		0,
		0.454008,
		0.630314,
		0.629747,
		0,
		-0.560759,
		0.208715,
		-0.469825,
		1,
	},
	[0.7666666666666667] = {
		-0.88208,
		0.281207,
		0.377965,
		0,
		0.056362,
		-0.733547,
		0.677297,
		0,
		0.467716,
		0.618733,
		0.631198,
		0,
		-0.550467,
		0.221418,
		-0.477177,
		1,
	},
	[0.7833333333333333] = {
		-0.876985,
		0.308878,
		0.368092,
		0,
		0.027891,
		-0.73202,
		0.680712,
		0,
		0.479707,
		0.60724,
		0.633356,
		0,
		-0.541231,
		0.234335,
		-0.483549,
		1,
	},
	[0.7] = {
		-0.895352,
		0.146364,
		0.420622,
		0,
		0.18663,
		-0.734221,
		0.652755,
		0,
		0.404369,
		0.662946,
		0.63007,
		0,
		-0.594952,
		0.171351,
		-0.443067,
		1,
	},
	[0.8166666666666667] = {
		-0.866306,
		0.354973,
		0.351437,
		0,
		-0.02101,
		-0.72883,
		0.684373,
		0,
		0.499071,
		0.585492,
		0.638848,
		0,
		-0.527865,
		0.260481,
		-0.493827,
		1,
	},
	[0.8333333333333334] = {
		-0.861095,
		0.373861,
		0.344592,
		0,
		-0.04164,
		-0.727315,
		0.685039,
		0,
		0.506736,
		0.575535,
		0.641855,
		0,
		-0.523616,
		0.2736,
		-0.49749,
		1,
	},
	[0.85] = {
		-0.85601,
		0.390699,
		0.338528,
		0,
		-0.060238,
		-0.725768,
		0.685297,
		0,
		0.513438,
		0.566229,
		0.644799,
		0,
		-0.5204,
		0.286672,
		-0.499689,
		1,
	},
	[0.8666666666666667] = {
		-0.851217,
		0.405499,
		0.333167,
		0,
		-0.076809,
		-0.72425,
		0.685247,
		0,
		0.519162,
		0.557704,
		0.647639,
		0,
		-0.518291,
		0.299639,
		-0.50055,
		1,
	},
	[0.8833333333333333] = {
		-0.846869,
		0.418268,
		0.328427,
		0,
		-0.091356,
		-0.722816,
		0.684975,
		0,
		0.523896,
		0.55008,
		0.650342,
		0,
		-0.517363,
		0.311851,
		-0.500425,
		1,
	},
	[0.8] = {
		-0.871642,
		0.333483,
		0.359207,
		0,
		0.002035,
		-0.730392,
		0.683025,
		0,
		0.490139,
		0.596084,
		0.635962,
		0,
		-0.533618,
		0.247374,
		-0.489059,
		1,
	},
	[0.9166666666666666] = {
		-0.840315,
		0.43705,
		0.320715,
		0,
		-0.114317,
		-0.721179,
		0.683252,
		0,
		0.529908,
		0.537484,
		0.65598,
		0,
		-0.519843,
		0.331996,
		-0.499098,
		1,
	},
	[0.9333333333333333] = {
		-0.838732,
		0.442015,
		0.318042,
		0,
		-0.12179,
		-0.721525,
		0.681593,
		0,
		0.53075,
		0.53294,
		0.658999,
		0,
		-0.522026,
		0.339795,
		-0.498625,
		1,
	},
	[0.95] = {
		-0.838186,
		0.444409,
		0.31614,
		0,
		-0.126752,
		-0.722528,
		0.679623,
		0,
		0.53045,
		0.529579,
		0.661943,
		0,
		-0.52355,
		0.346096,
		-0.498375,
		1,
	},
	[0.9666666666666667] = {
		-0.838479,
		0.444716,
		0.314929,
		0,
		-0.12951,
		-0.723989,
		0.677545,
		0,
		0.52932,
		0.527321,
		0.664645,
		0,
		-0.524415,
		0.350934,
		-0.498092,
		1,
	},
	[0.9833333333333333] = {
		-0.839569,
		0.443037,
		0.314392,
		0,
		-0.130088,
		-0.72584,
		0.675451,
		0,
		0.527448,
		0.526189,
		0.667026,
		0,
		-0.525245,
		0.354346,
		-0.497788,
		1,
	},
	[0.9] = {
		-0.843102,
		0.429016,
		0.324228,
		0,
		-0.104027,
		-0.721659,
		0.684388,
		0,
		0.527596,
		0.54328,
		0.653062,
		0,
		-0.517977,
		0.322668,
		-0.49982,
		1,
	},
	[1.0166666666666666] = {
		-0.841571,
		0.439226,
		0.314386,
		0,
		-0.128718,
		-0.728348,
		0.673009,
		0,
		0.524585,
		0.525918,
		0.669493,
		0,
		-0.526623,
		0.357032,
		-0.497166,
		1,
	},
	[1.0333333333333334] = {
		-0.841571,
		0.439226,
		0.314386,
		0,
		-0.128718,
		-0.728348,
		0.673009,
		0,
		0.524585,
		0.525918,
		0.669493,
		0,
		-0.527136,
		0.356591,
		-0.496927,
		1,
	},
	[1.05] = {
		-0.841571,
		0.439226,
		0.314386,
		0,
		-0.128718,
		-0.728348,
		0.673009,
		0,
		0.524585,
		0.525918,
		0.669493,
		0,
		-0.52757,
		0.35549,
		-0.496841,
		1,
	},
	[1.0666666666666667] = {
		-0.841571,
		0.439226,
		0.314386,
		0,
		-0.128718,
		-0.728348,
		0.673009,
		0,
		0.524585,
		0.525918,
		0.669493,
		0,
		-0.527918,
		0.354057,
		-0.496841,
		1,
	},
	[1.0833333333333333] = {
		-0.841571,
		0.439226,
		0.314386,
		0,
		-0.128718,
		-0.728348,
		0.673009,
		0,
		0.524585,
		0.525918,
		0.669493,
		0,
		-0.528174,
		0.352625,
		-0.496841,
		1,
	},
	{
		-0.840915,
		0.440522,
		0.314329,
		0,
		-0.129315,
		-0.727579,
		0.673726,
		0,
		0.52549,
		0.525898,
		0.668798,
		0,
		-0.525996,
		0.356366,
		-0.497475,
		1,
	},
	[1.1166666666666667] = {
		-0.841571,
		0.439226,
		0.314386,
		0,
		-0.128718,
		-0.728348,
		0.673009,
		0,
		0.524585,
		0.525918,
		0.669493,
		0,
		-0.528386,
		0.351083,
		-0.496841,
		1,
	},
	[1.1] = {
		-0.841571,
		0.439226,
		0.314386,
		0,
		-0.128718,
		-0.728348,
		0.673009,
		0,
		0.524585,
		0.525918,
		0.669493,
		0,
		-0.528332,
		0.351524,
		-0.496841,
		1,
	},
}

return spline_matrices
