-- chunkname: @content/characters/player/human/first_person/animations/assault_shield_maul/attack_left.lua

local spline_matrices = {
	[0.016666666666666666] = {
		-0.880207,
		0.471732,
		0.052013,
		0,
		0.290241,
		0.448347,
		0.845426,
		0,
		0.375495,
		0.759246,
		-0.531554,
		0,
		0.382087,
		-0.038007,
		-0.625984,
		1,
	},
	[0.03333333333333333] = {
		-0.627576,
		0.756637,
		0.183436,
		0,
		0.222634,
		-0.051363,
		0.973548,
		0,
		0.746044,
		0.651815,
		-0.136219,
		0,
		0.473472,
		0.037299,
		-0.527261,
		1,
	},
	[0.05] = {
		-0.271276,
		0.821935,
		0.500832,
		0,
		-0.125153,
		-0.546048,
		0.828353,
		0,
		0.95433,
		0.162032,
		0.250997,
		0,
		0.578642,
		0.08989,
		-0.394608,
		1,
	},
	[0.06666666666666667] = {
		-0.059282,
		0.607944,
		0.791764,
		0,
		-0.519637,
		-0.696016,
		0.495519,
		0,
		0.852328,
		-0.382054,
		0.357172,
		0,
		0.652085,
		0.115943,
		-0.281939,
		1,
	},
	[0.08333333333333333] = {
		-0.02196,
		0.403009,
		0.914932,
		0,
		-0.710325,
		-0.650283,
		0.269388,
		0,
		0.703531,
		-0.643984,
		0.300548,
		0,
		0.689623,
		0.142307,
		-0.216191,
		1,
	},
	[0] = {
		-0.979238,
		0.192813,
		0.062586,
		0,
		0.188408,
		0.751732,
		0.631982,
		0,
		0.074806,
		0.630652,
		-0.772452,
		0,
		0.337383,
		-0.092449,
		-0.66537,
		1,
	},
	[0.11666666666666667] = {
		-0.072237,
		0.261046,
		0.96262,
		0,
		-0.757724,
		-0.64196,
		0.117227,
		0,
		0.648565,
		-0.720932,
		0.244174,
		0,
		0.732054,
		0.208718,
		-0.149164,
		1,
	},
	[0.13333333333333333] = {
		-0.108117,
		0.244245,
		0.963668,
		0,
		-0.722614,
		-0.685028,
		0.09255,
		0,
		0.682745,
		-0.686353,
		0.250558,
		0,
		0.750204,
		0.246339,
		-0.123984,
		1,
	},
	[0.15] = {
		-0.144109,
		0.240764,
		0.959826,
		0,
		-0.662214,
		-0.744217,
		0.087255,
		0,
		0.735327,
		-0.623036,
		0.266686,
		0,
		0.764989,
		0.284993,
		-0.102981,
		1,
	},
	[0.16666666666666666] = {
		-0.174893,
		0.238129,
		0.955357,
		0,
		-0.585689,
		-0.805129,
		0.093464,
		0,
		0.791443,
		-0.543195,
		0.280281,
		0,
		0.77547,
		0.32368,
		-0.085566,
		1,
	},
	[0.18333333333333332] = {
		-0.19137,
		0.226188,
		0.9551,
		0,
		-0.509649,
		-0.854522,
		0.100252,
		0,
		0.83883,
		-0.467581,
		0.278806,
		0,
		0.781366,
		0.360677,
		-0.071081,
		1,
	},
	[0.1] = {
		-0.040367,
		0.30677,
		0.950927,
		0,
		-0.759558,
		-0.627758,
		0.170272,
		0,
		0.649186,
		-0.715411,
		0.25835,
		0,
		0.711636,
		0.173207,
		-0.179345,
		1,
	},
	[0.21666666666666667] = {
		-0.12543,
		0.150063,
		0.980688,
		0,
		-0.444966,
		-0.892004,
		0.079581,
		0,
		0.88672,
		-0.426391,
		0.178657,
		0,
		0.756178,
		0.417684,
		-0.051731,
		1,
	},
	[0.23333333333333334] = {
		-0.032845,
		0.095607,
		0.994877,
		0,
		-0.445381,
		-0.892516,
		0.071066,
		0,
		0.894739,
		-0.440765,
		0.071897,
		0,
		0.689253,
		0.434209,
		-0.05207,
		1,
	},
	[0.25] = {
		0.057522,
		0.041704,
		0.997473,
		0,
		-0.438834,
		-0.896372,
		0.062784,
		0,
		0.896725,
		-0.441337,
		-0.03326,
		0,
		0.603615,
		0.452105,
		-0.05582,
		1,
	},
	[0.26666666666666666] = {
		0.109338,
		0.001143,
		0.994004,
		0,
		-0.403929,
		-0.913659,
		0.045482,
		0,
		0.908233,
		-0.40648,
		-0.099436,
		0,
		0.521591,
		0.47986,
		-0.058292,
		1,
	},
	[0.2833333333333333] = {
		0.096014,
		-0.030172,
		0.994923,
		0,
		-0.371489,
		-0.928405,
		0.007696,
		0,
		0.923459,
		-0.370342,
		-0.100349,
		0,
		0.443236,
		0.527834,
		-0.055505,
		1,
	},
	[0.2] = {
		-0.181968,
		0.196667,
		0.963436,
		0,
		-0.459052,
		-0.883461,
		0.093639,
		0,
		0.869574,
		-0.425229,
		0.251042,
		0,
		0.783134,
		0.393812,
		-0.058675,
		1,
	},
	[0.31666666666666665] = {
		-0.057544,
		0.020455,
		0.998133,
		0,
		0.476876,
		-0.877793,
		0.045482,
		0,
		0.877085,
		0.478603,
		0.040757,
		0,
		0.216594,
		0.686362,
		-0.041937,
		1,
	},
	[0.3333333333333333] = {
		-0.165457,
		-0.008895,
		0.986177,
		0,
		0.927238,
		-0.34202,
		0.152483,
		0,
		0.335936,
		0.939651,
		0.064837,
		0,
		0.046886,
		0.722297,
		-0.043588,
		1,
	},
	[0.35] = {
		-0.141466,
		-0.053673,
		0.988487,
		0,
		0.985941,
		-0.097332,
		0.135816,
		0,
		0.088921,
		0.993804,
		0.066687,
		0,
		-0.097962,
		0.677058,
		-0.042282,
		1,
	},
	[0.36666666666666664] = {
		-0.184543,
		-0.053883,
		0.981346,
		0,
		0.962773,
		0.190754,
		0.191524,
		0,
		-0.197516,
		0.980158,
		0.016675,
		0,
		-0.250442,
		0.604041,
		-0.049443,
		1,
	},
	[0.38333333333333336] = {
		-0.160993,
		-0.143218,
		0.976509,
		0,
		0.822965,
		0.526681,
		0.212923,
		0,
		-0.544803,
		0.837912,
		0.033071,
		0,
		-0.386639,
		0.510331,
		-0.053219,
		1,
	},
	[0.3] = {
		0.04938,
		-0.030025,
		0.998329,
		0,
		-0.189497,
		-0.981674,
		-0.020151,
		0,
		0.980639,
		-0.188186,
		-0.054165,
		0,
		0.351315,
		0.594015,
		-0.048862,
		1,
	},
	[0.4166666666666667] = {
		-0.114203,
		-0.268342,
		0.95653,
		0,
		0.434698,
		0.852268,
		0.290993,
		0,
		-0.893306,
		0.449034,
		0.019317,
		0,
		-0.577534,
		0.332362,
		-0.09234,
		1,
	},
	[0.43333333333333335] = {
		-0.119488,
		-0.294535,
		0.948141,
		0,
		0.281683,
		0.905684,
		0.316845,
		0,
		-0.952039,
		0.304934,
		-0.025253,
		0,
		-0.614618,
		0.283632,
		-0.123139,
		1,
	},
	[0.45] = {
		-0.148678,
		-0.305276,
		0.940586,
		0,
		0.214133,
		0.918651,
		0.332004,
		0,
		-0.965423,
		0.250772,
		-0.071214,
		0,
		-0.60454,
		0.259831,
		-0.152745,
		1,
	},
	[0.4666666666666667] = {
		-0.18513,
		-0.312388,
		0.931741,
		0,
		0.167718,
		0.924176,
		0.343176,
		0,
		-0.968296,
		0.219801,
		-0.1187,
		0,
		-0.584118,
		0.236359,
		-0.181588,
		1,
	},
	[0.48333333333333334] = {
		-0.227918,
		-0.31584,
		0.921031,
		0,
		0.140263,
		0.925411,
		0.352052,
		0,
		-0.963525,
		0.209425,
		-0.166617,
		0,
		-0.555174,
		0.213144,
		-0.212773,
		1,
	},
	[0.4] = {
		-0.130637,
		-0.220607,
		0.966575,
		0,
		0.638137,
		0.72742,
		0.252271,
		0,
		-0.758759,
		0.649763,
		0.04575,
		0,
		-0.494024,
		0.414049,
		-0.066633,
		1,
	},
	[0.5166666666666667] = {
		-0.32811,
		-0.397317,
		0.85702,
		0,
		0.085551,
		0.891019,
		0.445833,
		0,
		-0.940758,
		0.219601,
		-0.258361,
		0,
		-0.474552,
		0.166803,
		-0.284502,
		1,
	},
	[0.5333333333333333] = {
		-0.381781,
		-0.472877,
		0.794123,
		0,
		0.040657,
		0.849781,
		0.525566,
		0,
		-0.923358,
		0.232938,
		-0.305204,
		0,
		-0.424825,
		0.141535,
		-0.326732,
		1,
	},
	[0.55] = {
		-0.437631,
		-0.53931,
		0.719461,
		0,
		-0.006252,
		0.801958,
		0.597348,
		0,
		-0.899133,
		0.25692,
		-0.354333,
		0,
		-0.371053,
		0.11657,
		-0.371144,
		1,
	},
	[0.5666666666666667] = {
		-0.494016,
		-0.595231,
		0.633757,
		0,
		-0.058364,
		0.749973,
		0.658888,
		0,
		-0.867491,
		0.288513,
		-0.405239,
		0,
		-0.314711,
		0.092295,
		-0.41659,
		1,
	},
	[0.5833333333333334] = {
		-0.548138,
		-0.640016,
		0.538446,
		0,
		-0.117919,
		0.696481,
		0.707821,
		0,
		-0.828034,
		0.32449,
		-0.457237,
		0,
		-0.257279,
		0.069062,
		-0.46187,
		1,
	},
	[0.5] = {
		-0.276877,
		-0.314467,
		0.907992,
		0,
		0.132182,
		0.923487,
		0.360139,
		0,
		-0.951771,
		0.219734,
		-0.214125,
		0,
		-0.518716,
		0.19197,
		-0.245547,
		1,
	},
	[0.6166666666666667] = {
		-0.63533,
		-0.698895,
		0.328484,
		0,
		-0.261972,
		0.595198,
		0.759678,
		0,
		-0.726448,
		0.396593,
		-0.561238,
		0,
		-0.145339,
		0.027032,
		-0.546965,
		1,
	},
	[0.6333333333333333] = {
		-0.661552,
		-0.716882,
		0.220067,
		0,
		-0.34446,
		0.551169,
		0.759974,
		0,
		-0.666106,
		0.426958,
		-0.611564,
		0,
		-0.094183,
		0.008957,
		-0.584286,
		1,
	},
	[0.65] = {
		-0.672493,
		-0.731244,
		0.114173,
		0,
		-0.431124,
		0.512441,
		0.742655,
		0,
		-0.601569,
		0.450208,
		-0.65987,
		0,
		-0.048671,
		-0.006709,
		-0.616508,
		1,
	},
	[0.6666666666666666] = {
		-0.666467,
		-0.745394,
		0.014511,
		0,
		-0.519308,
		0.47811,
		0.708329,
		0,
		-0.534922,
		0.464542,
		-0.705733,
		0,
		-0.010737,
		-0.019558,
		-0.642479,
		1,
	},
	[0.6833333333333333] = {
		-0.642637,
		-0.762452,
		-0.075397,
		0,
		-0.606385,
		0.445995,
		0.65832,
		0,
		-0.468311,
		0.468781,
		-0.748952,
		0,
		0.017639,
		-0.029085,
		-0.661101,
		1,
	},
	[0.6] = {
		-0.596446,
		-0.674083,
		0.435734,
		0,
		-0.185932,
		0.644134,
		0.741971,
		0,
		-0.780821,
		0.361529,
		-0.509525,
		0,
		-0.200284,
		0.047187,
		-0.505747,
		1,
	},
	[0.7166666666666667] = {
		-0.524782,
		-0.82857,
		-0.195131,
		0,
		-0.75436,
		0.346467,
		0.557585,
		0,
		-0.394392,
		0.43981,
		-0.80686,
		0,
		0.040642,
		-0.0374,
		-0.674249,
		1,
	},
	[0.7333333333333333] = {
		-0.523605,
		-0.829454,
		-0.194532,
		0,
		-0.754838,
		0.345785,
		0.557362,
		0,
		-0.39504,
		0.438678,
		-0.807159,
		0,
		0.040677,
		-0.037818,
		-0.674224,
		1,
	},
	[0.75] = {
		-0.522322,
		-0.830408,
		-0.193913,
		0,
		-0.755359,
		0.345018,
		0.557131,
		0,
		-0.395743,
		0.437476,
		-0.807467,
		0,
		0.040717,
		-0.038246,
		-0.674197,
		1,
	},
	[0.7666666666666667] = {
		-0.520942,
		-0.831419,
		-0.19329,
		0,
		-0.755918,
		0.344167,
		0.556899,
		0,
		-0.396493,
		0.436224,
		-0.807776,
		0,
		0.040763,
		-0.038672,
		-0.67417,
		1,
	},
	[0.7833333333333333] = {
		-0.519479,
		-0.832477,
		-0.192676,
		0,
		-0.75651,
		0.343233,
		0.556672,
		0,
		-0.397283,
		0.434941,
		-0.808079,
		0,
		0.040813,
		-0.039086,
		-0.674143,
		1,
	},
	[0.7] = {
		-0.600727,
		-0.784807,
		-0.152333,
		0,
		-0.690037,
		0.412788,
		0.594521,
		0,
		-0.403703,
		0.46226,
		-0.789519,
		0,
		0.034475,
		-0.034691,
		-0.671329,
		1,
	},
	[0.8166666666666667] = {
		-0.516419,
		-0.834641,
		-0.191533,
		0,
		-0.757741,
		0.341189,
		0.556255,
		0,
		-0.398924,
		0.432393,
		-0.808638,
		0,
		0.040922,
		-0.039837,
		-0.674092,
		1,
	},
	[0.8333333333333334] = {
		-0.514975,
		-0.835648,
		-0.191033,
		0,
		-0.758317,
		0.340198,
		0.556077,
		0,
		-0.399696,
		0.431229,
		-0.808879,
		0,
		0.040973,
		-0.040159,
		-0.67407,
		1,
	},
	[0.85] = {
		-0.513613,
		-0.836585,
		-0.190598,
		0,
		-0.758857,
		0.339237,
		0.555926,
		0,
		-0.400422,
		0.430168,
		-0.809085,
		0,
		0.041021,
		-0.040431,
		-0.674051,
		1,
	},
	[0.8666666666666667] = {
		-0.512333,
		-0.837449,
		-0.190245,
		0,
		-0.759363,
		0.338297,
		0.555809,
		0,
		-0.401102,
		0.429224,
		-0.809249,
		0,
		0.041066,
		-0.040642,
		-0.674036,
		1,
	},
	[0.8833333333333333] = {
		-0.511135,
		-0.838239,
		-0.189988,
		0,
		-0.759834,
		0.337369,
		0.555728,
		0,
		-0.401737,
		0.428411,
		-0.809364,
		0,
		0.041108,
		-0.04078,
		-0.674025,
		1,
	},
	[0.8] = {
		-0.517945,
		-0.833568,
		-0.192086,
		0,
		-0.757128,
		0.34222,
		0.556455,
		0,
		-0.398108,
		0.433647,
		-0.808369,
		0,
		0.040868,
		-0.039477,
		-0.674117,
		1,
	},
	[0.9166666666666666] = {
		-0.508986,
		-0.839694,
		-0.189336,
		0,
		-0.760676,
		0.335832,
		0.555507,
		0,
		-0.402871,
		0.426769,
		-0.809669,
		0,
		0.041185,
		-0.04118,
		-0.673996,
		1,
	},
	[0.9333333333333333] = {
		-0.508034,
		-0.840376,
		-0.188863,
		0,
		-0.761048,
		0.335274,
		0.555335,
		0,
		-0.403369,
		0.425863,
		-0.809897,
		0,
		0.041221,
		-0.041506,
		-0.673974,
		1,
	},
	[0.95] = {
		-0.507165,
		-0.841022,
		-0.188324,
		0,
		-0.761388,
		0.334836,
		0.555133,
		0,
		-0.403821,
		0.424932,
		-0.810161,
		0,
		0.041255,
		-0.04189,
		-0.673948,
		1,
	},
	[0.9666666666666667] = {
		-0.506377,
		-0.841626,
		-0.187742,
		0,
		-0.761697,
		0.334502,
		0.554911,
		0,
		-0.404227,
		0.423997,
		-0.810448,
		0,
		0.041288,
		-0.042313,
		-0.673919,
		1,
	},
	[0.9833333333333333] = {
		-0.505672,
		-0.842184,
		-0.187142,
		0,
		-0.761974,
		0.334257,
		0.554678,
		0,
		-0.404587,
		0.423082,
		-0.810747,
		0,
		0.04132,
		-0.042757,
		-0.673889,
		1,
	},
	[0.9] = {
		-0.510019,
		-0.83898,
		-0.189719,
		0,
		-0.760272,
		0.336525,
		0.555642,
		0,
		-0.402327,
		0.427626,
		-0.809487,
		0,
		0.041148,
		-0.040932,
		-0.674013,
		1,
	},
	[1.0166666666666666] = {
		-0.504509,
		-0.843139,
		-0.185978,
		0,
		-0.762436,
		0.333971,
		0.554216,
		0,
		-0.40517,
		0.421403,
		-0.81133,
		0,
		0.04138,
		-0.043631,
		-0.67383,
		1,
	},
	[1.0333333333333334] = {
		-0.504052,
		-0.843526,
		-0.18546,
		0,
		-0.762617,
		0.333898,
		0.55401,
		0,
		-0.405397,
		0.420685,
		-0.81159,
		0,
		0.041404,
		-0.044023,
		-0.673803,
		1,
	},
	[1.05] = {
		-0.503678,
		-0.843847,
		-0.185016,
		0,
		-0.762765,
		0.333852,
		0.553834,
		0,
		-0.405583,
		0.420077,
		-0.811811,
		0,
		0.041424,
		-0.044359,
		-0.673779,
		1,
	},
	[1.0666666666666667] = {
		-0.503387,
		-0.844096,
		-0.184669,
		0,
		-0.762881,
		0.333817,
		0.553696,
		0,
		-0.405727,
		0.419604,
		-0.811984,
		0,
		0.041439,
		-0.044622,
		-0.673761,
		1,
	},
	[1.0833333333333333] = {
		-0.50318,
		-0.84427,
		-0.184443,
		0,
		-0.762963,
		0.333778,
		0.553607,
		0,
		-0.40583,
		0.419287,
		-0.812096,
		0,
		0.04145,
		-0.044792,
		-0.673749,
		1,
	},
	{
		-0.505049,
		-0.84269,
		-0.186546,
		0,
		-0.762221,
		0.334085,
		0.554442,
		0,
		-0.4049,
		0.42221,
		-0.811045,
		0,
		0.041351,
		-0.043202,
		-0.673859,
		1,
	},
	[1.1] = {
		-0.503055,
		-0.844361,
		-0.184362,
		0,
		-0.763012,
		0.333718,
		0.553575,
		0,
		-0.405892,
		0.419149,
		-0.812136,
		0,
		0.041457,
		-0.04485,
		-0.673745,
		1,
	},
}

return spline_matrices
