-- chunkname: @content/characters/player/human/first_person/animations/assault_shield_maul/attack_push_follow_up.lua

local spline_matrices = {
	[0.0166666666667] = {
		-0.828023,
		0.494747,
		0.263823,
		0,
		0.129749,
		0.626834,
		-0.768274,
		0,
		-0.545474,
		-0.601918,
		-0.583226,
		0,
		0.075755,
		-0.044688,
		-0.507833,
		1,
	},
	[0.0333333333333] = {
		-0.913596,
		0.404182,
		0.044495,
		0,
		0.225159,
		0.593964,
		-0.772341,
		0,
		-0.338594,
		-0.695589,
		-0.633648,
		0,
		0.04823,
		-0.054003,
		-0.461794,
		1,
	},
	[0.05] = {
		-0.939612,
		0.26681,
		-0.214341,
		0,
		0.333874,
		0.576956,
		-0.745419,
		0,
		-0.07522,
		-0.771968,
		-0.631196,
		0,
		0.022734,
		-0.065034,
		-0.416368,
		1,
	},
	[0.0666666666667] = {
		-0.870263,
		0.094811,
		-0.483377,
		0,
		0.443099,
		0.579358,
		-0.684111,
		0,
		0.215187,
		-0.80954,
		-0.546205,
		0,
		-0.002375,
		-0.076293,
		-0.371332,
		1,
	},
	[0.0833333333333] = {
		-0.699635,
		-0.080996,
		-0.709895,
		0,
		0.534755,
		0.599577,
		-0.595436,
		0,
		0.473864,
		-0.796208,
		-0.376172,
		0,
		-0.028948,
		-0.086389,
		-0.326739,
		1,
	},
	[0] = {
		-0.828023,
		0.494747,
		0.263823,
		0,
		0.129749,
		0.626834,
		-0.768274,
		0,
		-0.545474,
		-0.601918,
		-0.583226,
		0,
		0.075755,
		-0.044688,
		-0.507833,
		1,
	},
	[0.116666666667] = {
		-0.262909,
		-0.31963,
		-0.910338,
		0,
		0.644056,
		0.644388,
		-0.412257,
		0,
		0.718381,
		-0.694694,
		0.036444,
		0,
		-0.093578,
		-0.098331,
		-0.240733,
		1,
	},
	[0.133333333333] = {
		-0.126128,
		-0.368297,
		-0.921113,
		0,
		0.688205,
		0.636259,
		-0.348638,
		0,
		0.714469,
		-0.677887,
		0.173213,
		0,
		-0.134513,
		-0.097772,
		-0.20036,
		1,
	},
	[0.15] = {
		-0.096105,
		-0.374476,
		-0.922243,
		0,
		0.746085,
		0.586209,
		-0.315778,
		0,
		0.658878,
		-0.71842,
		0.223053,
		0,
		-0.197766,
		-0.092278,
		-0.15692,
		1,
	},
	[0.166666666667] = {
		-0.142728,
		-0.344525,
		-0.927864,
		0,
		0.814823,
		0.491274,
		-0.307754,
		0,
		0.561864,
		-0.79997,
		0.210608,
		0,
		-0.280106,
		-0.080058,
		-0.112038,
		1,
	},
	[0.183333333333] = {
		-0.210828,
		-0.288162,
		-0.934085,
		0,
		0.882342,
		0.355192,
		-0.308725,
		0,
		0.420743,
		-0.88927,
		0.179373,
		0,
		-0.353627,
		-0.057516,
		-0.075908,
		1,
	},
	[0.1] = {
		-0.473086,
		-0.224957,
		-0.851812,
		0,
		0.599107,
		0.626747,
		-0.498256,
		0,
		0.645957,
		-0.746044,
		-0.161732,
		0,
		-0.058827,
		-0.094109,
		-0.283007,
		1,
	},
	[0.216666666667] = {
		-0.252081,
		-0.1525,
		-0.955615,
		0,
		0.967394,
		-0.064782,
		-0.24485,
		0,
		-0.024567,
		-0.986178,
		0.163858,
		0,
		-0.399246,
		0.036361,
		-0.058385,
		1,
	},
	[0.233333333333] = {
		-0.210107,
		-0.058061,
		-0.975953,
		0,
		0.90619,
		-0.386263,
		-0.172109,
		0,
		-0.366981,
		-0.92056,
		0.133771,
		0,
		-0.4024,
		0.118444,
		-0.060465,
		1,
	},
	[0.25] = {
		-0.122806,
		0.021247,
		-0.992203,
		0,
		0.697581,
		-0.709277,
		-0.101529,
		0,
		-0.705904,
		-0.70461,
		0.072282,
		0,
		-0.391704,
		0.215796,
		-0.063728,
		1,
	},
	[0.266666666667] = {
		-0.019978,
		0.053138,
		-0.998387,
		0,
		0.369079,
		-0.927663,
		-0.056759,
		0,
		-0.929183,
		-0.369618,
		-0.001079,
		0,
		-0.364587,
		0.313892,
		-0.065469,
		1,
	},
	[0.283333333333] = {
		0.052741,
		0.039366,
		-0.997832,
		0,
		0.021987,
		-0.999026,
		-0.038251,
		0,
		-0.998366,
		-0.019922,
		-0.053556,
		0,
		-0.326531,
		0.40053,
		-0.064171,
		1,
	},
	[0.2] = {
		-0.252495,
		-0.225598,
		-0.940931,
		0,
		0.938559,
		0.179347,
		-0.294859,
		0,
		0.235273,
		-0.95757,
		0.166452,
		0,
		-0.390382,
		-0.021384,
		-0.05936,
		1,
	},
	[0.316666666667] = {
		0.061009,
		-0.018425,
		-0.997967,
		0,
		-0.189279,
		-0.981902,
		0.006558,
		0,
		-0.980026,
		0.188494,
		-0.063392,
		0,
		-0.240053,
		0.525549,
		-0.055389,
		1,
	},
	[0.333333333333] = {
		0.018302,
		-0.01654,
		-0.999696,
		0,
		-0.196632,
		-0.980396,
		0.012621,
		0,
		-0.980307,
		0.196341,
		-0.021195,
		0,
		-0.158775,
		0.572735,
		-0.046335,
		1,
	},
	[0.35] = {
		0.041477,
		0.027079,
		-0.998772,
		0,
		-0.500092,
		-0.864843,
		-0.044215,
		0,
		-0.864978,
		0.501312,
		-0.022329,
		0,
		-0.067965,
		0.617239,
		-0.040947,
		1,
	},
	[0.366666666667] = {
		0.074355,
		0.082418,
		-0.99382,
		0,
		-0.812622,
		-0.572643,
		-0.108287,
		0,
		-0.578029,
		0.815652,
		0.024396,
		0,
		0.044866,
		0.630862,
		-0.036647,
		1,
	},
	[0.383333333333] = {
		0.070879,
		0.060245,
		-0.995664,
		0,
		-0.996843,
		-0.031538,
		-0.072872,
		0,
		-0.035791,
		0.997685,
		0.057819,
		0,
		0.280674,
		0.572341,
		-0.035618,
		1,
	},
	[0.3] = {
		0.067348,
		0.008218,
		-0.997696,
		0,
		-0.262402,
		-0.964617,
		-0.025658,
		0,
		-0.962606,
		0.263525,
		-0.062808,
		0,
		-0.284472,
		0.470587,
		-0.060132,
		1,
	},
	[0.416666666667] = {
		0.005072,
		0.047476,
		-0.99886,
		0,
		-0.905078,
		0.42496,
		0.015602,
		0,
		0.425216,
		0.903966,
		0.045125,
		0,
		0.575242,
		0.470599,
		-0.036747,
		1,
	},
	[0.433333333333] = {
		-0.023456,
		0.068205,
		-0.997396,
		0,
		-0.622877,
		0.779363,
		0.067944,
		0,
		0.781968,
		0.622849,
		0.024203,
		0,
		0.654514,
		0.346806,
		-0.043734,
		1,
	},
	[0.45] = {
		-0.047458,
		0.105035,
		-0.993335,
		0,
		-0.15746,
		0.981236,
		0.111279,
		0,
		0.986384,
		0.161692,
		-0.030028,
		0,
		0.69398,
		0.213689,
		-0.051854,
		1,
	},
	[0.466666666667] = {
		-0.062219,
		0.146487,
		-0.987254,
		0,
		0.157112,
		0.978275,
		0.135253,
		0,
		0.985619,
		-0.146694,
		-0.083882,
		0,
		0.708106,
		0.119513,
		-0.056468,
		1,
	},
	[0.483333333333] = {
		-0.077748,
		0.193255,
		-0.978063,
		0,
		0.274987,
		0.947134,
		0.165285,
		0,
		0.958299,
		-0.256104,
		-0.126781,
		0,
		0.720109,
		0.056353,
		-0.068133,
		1,
	},
	[0.4] = {
		0.019924,
		0.039707,
		-0.999013,
		0,
		-0.966952,
		0.254793,
		-0.009157,
		0,
		0.254178,
		0.96618,
		0.043472,
		0,
		0.477606,
		0.530597,
		-0.034058,
		1,
	},
	[0.516666666667] = {
		-0.112629,
		0.308749,
		-0.944452,
		0,
		0.338153,
		0.905675,
		0.255746,
		0,
		0.934327,
		-0.290565,
		-0.20641,
		0,
		0.737828,
		-0.062203,
		-0.135482,
		1,
	},
	[0.533333333333] = {
		-0.140129,
		0.370532,
		-0.918188,
		0,
		0.314879,
		0.895872,
		0.313472,
		0,
		0.938731,
		-0.245191,
		-0.24221,
		0,
		0.738744,
		-0.118139,
		-0.184476,
		1,
	},
	[0.55] = {
		-0.178175,
		0.429768,
		-0.885185,
		0,
		0.270222,
		0.886365,
		0.375949,
		0,
		0.946168,
		-0.172212,
		-0.27406,
		0,
		0.731716,
		-0.169691,
		-0.238189,
		1,
	},
	[0.566666666667] = {
		-0.227322,
		0.482056,
		-0.846136,
		0,
		0.215072,
		0.872281,
		0.43917,
		0,
		0.949773,
		-0.082147,
		-0.301965,
		0,
		0.716508,
		-0.21465,
		-0.291793,
		1,
	},
	[0.583333333333] = {
		-0.284874,
		0.523653,
		-0.802891,
		0,
		0.160729,
		0.851833,
		0.498545,
		0,
		0.944994,
		0.012975,
		-0.326831,
		0,
		0.694953,
		-0.251536,
		-0.340192,
		1,
	},
	[0.5] = {
		-0.093126,
		0.248492,
		-0.964147,
		0,
		0.329184,
		0.921583,
		0.205726,
		0,
		0.939662,
		-0.298224,
		-0.167623,
		0,
		0.730763,
		-0.003781,
		-0.095535,
		1,
	},
	[0.616666666667] = {
		-0.405184,
		0.56991,
		-0.714863,
		0,
		0.099617,
		0.804791,
		0.58514,
		0,
		0.908792,
		0.165876,
		-0.382861,
		0,
		0.645851,
		-0.301761,
		-0.408024,
		1,
	},
	[0.633333333333] = {
		-0.457315,
		0.57856,
		-0.675375,
		0,
		0.114027,
		0.791321,
		0.600674,
		0,
		0.881964,
		0.197686,
		-0.427855,
		0,
		0.624441,
		-0.317952,
		-0.424984,
		1,
	},
	[0.65] = {
		-0.506385,
		0.581159,
		-0.637047,
		0,
		0.153427,
		0.787704,
		0.596642,
		0,
		0.848549,
		0.20439,
		-0.488047,
		0,
		0.604388,
		-0.329382,
		-0.436757,
		1,
	},
	[0.666666666667] = {
		-0.558998,
		0.578147,
		-0.594362,
		0,
		0.201799,
		0.790124,
		0.578776,
		0,
		0.804238,
		0.203593,
		-0.558347,
		0,
		0.582195,
		-0.335919,
		-0.450298,
		1,
	},
	[0.683333333333] = {
		-0.613651,
		0.570865,
		-0.545478,
		0,
		0.256552,
		0.797521,
		0.546023,
		0,
		0.746735,
		0.195124,
		-0.635856,
		0,
		0.557538,
		-0.338021,
		-0.465278,
		1,
	},
	[0.6] = {
		-0.345914,
		0.552685,
		-0.75821,
		0,
		0.118536,
		0.827364,
		0.549015,
		0,
		0.930748,
		0.100037,
		-0.35171,
		0,
		0.670308,
		-0.280206,
		-0.379492,
		1,
	},
	[0.716666666667] = {
		-0.720745,
		0.548792,
		-0.423502,
		0,
		0.371545,
		0.821602,
		0.432348,
		0,
		0.585219,
		0.154262,
		-0.796066,
		0,
		0.499665,
		-0.329714,
		-0.497464,
		1,
	},
	[0.733333333333] = {
		-0.767963,
		0.536644,
		-0.349637,
		0,
		0.423514,
		0.834979,
		0.351348,
		0,
		0.480488,
		0.121746,
		-0.86851,
		0,
		0.466182,
		-0.319565,
		-0.513443,
		1,
	},
	[0.75] = {
		-0.807264,
		0.525668,
		-0.268324,
		0,
		0.466052,
		0.846716,
		0.256646,
		0,
		0.362105,
		0.082128,
		-0.928512,
		0,
		0.429858,
		-0.305427,
		-0.528443,
		1,
	},
	[0.766666666667] = {
		-0.836369,
		0.517113,
		-0.181883,
		0,
		0.495623,
		0.855114,
		0.152113,
		0,
		0.234191,
		0.037077,
		-0.971483,
		0,
		0.391191,
		-0.287372,
		-0.54176,
		1,
	},
	[0.783333333333] = {
		-0.853894,
		0.511964,
		-0.093579,
		0,
		0.510285,
		0.858935,
		0.0429,
		0,
		0.102341,
		-0.01112,
		-0.994687,
		0,
		0.350947,
		-0.265754,
		-0.55275,
		1,
	},
	[0.7] = {
		-0.668381,
		0.560653,
		-0.488809,
		0,
		0.314439,
		0.808526,
		0.497407,
		0,
		0.674088,
		0.178757,
		-0.716695,
		0,
		0.530102,
		-0.335899,
		-0.481183,
		1,
	},
	[0.816666666667] = {
		-0.85511,
		0.513122,
		0.074116,
		0,
		0.496601,
		0.851726,
		-0.167186,
		0,
		-0.148913,
		-0.106156,
		-0.983136,
		0,
		0.268947,
		-0.211957,
		-0.558973,
		1,
	},
	[0.833333333333] = {
		-0.842269,
		0.518533,
		0.14733,
		0,
		0.473238,
		0.842147,
		-0.258523,
		0,
		-0.258126,
		-0.148024,
		-0.954704,
		0,
		0.230957,
		-0.183259,
		-0.555619,
		1,
	},
	[0.85] = {
		-0.823965,
		0.525952,
		0.210847,
		0,
		0.443956,
		0.830435,
		-0.336572,
		0,
		-0.352115,
		-0.183716,
		-0.917749,
		0,
		0.196958,
		-0.156719,
		-0.552217,
		1,
	},
	[0.866666666667] = {
		-0.803032,
		0.534292,
		0.263953,
		0,
		0.412923,
		0.818226,
		-0.4,
		0,
		-0.42969,
		-0.212221,
		-0.877684,
		0,
		0.167409,
		-0.133499,
		-0.549079,
		1,
	},
	[0.883333333333] = {
		-0.782057,
		0.542517,
		0.306694,
		0,
		0.383978,
		0.807081,
		-0.448532,
		0,
		-0.490863,
		-0.233014,
		-0.839498,
		0,
		0.142751,
		-0.114769,
		-0.546423,
		1,
	},
	[0.8] = {
		-0.859728,
		0.510703,
		-0.007092,
		0,
		0.510024,
		0.857677,
		-0.065307,
		0,
		-0.02727,
		-0.059763,
		-0.99784,
		0,
		0.310165,
		-0.241243,
		-0.56092,
		1,
	},
	[0.916666666667] = {
		-0.748234,
		0.555302,
		0.363022,
		0,
		0.343133,
		0.792232,
		-0.504607,
		0,
		-0.567807,
		-0.253,
		-0.783318,
		0,
		0.109449,
		-0.093231,
		-0.543067,
		1,
	},
	[0.933333333333] = {
		-0.737662,
		0.559134,
		0.37845,
		0,
		0.331143,
		0.788092,
		-0.518899,
		0,
		-0.588387,
		-0.257451,
		-0.766498,
		0,
		0.099972,
		-0.08739,
		-0.542317,
		1,
	},
	[0.95] = {
		-0.731237,
		0.561411,
		0.38744,
		0,
		0.324014,
		0.785698,
		-0.526967,
		0,
		-0.600256,
		-0.259801,
		-0.756437,
		0,
		0.094376,
		-0.083843,
		-0.54204,
		1,
	},
	[0.966666666667] = {
		-0.728486,
		0.562349,
		0.391243,
		0,
		0.321139,
		0.784795,
		-0.530063,
		0,
		-0.605126,
		-0.2605,
		-0.752305,
		0,
		0.092054,
		-0.082255,
		-0.542148,
		1,
	},
	[0.983333333333] = {
		-0.728813,
		0.562183,
		0.390872,
		0,
		0.321805,
		0.785116,
		-0.529184,
		0,
		-0.604378,
		-0.259891,
		-0.753116,
		0,
		0.092422,
		-0.08229,
		-0.542559,
		1,
	},
	[0.9] = {
		-0.763209,
		0.549739,
		0.339557,
		0,
		0.360398,
		0.798342,
		-0.482456,
		0,
		-0.536307,
		-0.245839,
		-0.807427,
		0,
		0.123442,
		-0.10169,
		-0.5444,
		1,
	},
	[1.01666666667] = {
		-0.736027,
		0.559514,
		0.381062,
		0,
		0.330672,
		0.78834,
		-0.518822,
		0,
		-0.590694,
		-0.255861,
		-0.765255,
		0,
		0.098925,
		-0.085856,
		-0.544008,
		1,
	},
	[1.03333333333] = {
		-0.741534,
		0.557498,
		0.37326,
		0,
		0.337291,
		0.790701,
		-0.510908,
		0,
		-0.579967,
		-0.252959,
		-0.774371,
		0,
		0.103919,
		-0.0887,
		-0.544906,
		1,
	},
	[1.05] = {
		-0.747403,
		0.555348,
		0.364661,
		0,
		0.344324,
		0.793204,
		-0.502264,
		0,
		-0.568182,
		-0.249832,
		-0.784062,
		0,
		0.109312,
		-0.091792,
		-0.545822,
		1,
	},
	[1.06666666667] = {
		-0.752989,
		0.553296,
		0.35619,
		0,
		0.351018,
		0.795588,
		-0.493788,
		0,
		-0.556592,
		-0.246787,
		-0.793286,
		0,
		0.114526,
		-0.094789,
		-0.546679,
		1,
	},
	[1.08333333333] = {
		-0.757685,
		0.551564,
		0.348842,
		0,
		0.356653,
		0.797598,
		-0.486453,
		0,
		-0.546545,
		-0.244163,
		-0.801045,
		0,
		0.118977,
		-0.097352,
		-0.547395,
		1,
	},
	{
		-0.731557,
		0.561156,
		0.387206,
		0,
		0.325246,
		0.786388,
		-0.525175,
		0,
		-0.5992,
		-0.258259,
		-0.757801,
		0,
		0.094902,
		-0.083605,
		-0.543203,
		1,
	},
	[1.11666666667] = {
		-0.762122,
		0.549921,
		0.341699,
		0,
		0.361982,
		0.799503,
		-0.479337,
		0,
		-0.536787,
		-0.241624,
		-0.80838,
		0,
		0.123244,
		-0.099809,
		-0.548069,
		1,
	},
	[1.13333333333] = {
		-0.762122,
		0.549921,
		0.341699,
		0,
		0.361982,
		0.799503,
		-0.479337,
		0,
		-0.536787,
		-0.241624,
		-0.80838,
		0,
		0.123244,
		-0.099809,
		-0.548069,
		1,
	},
	[1.1] = {
		-0.760917,
		0.550367,
		0.343658,
		0,
		0.360535,
		0.798985,
		-0.481287,
		0,
		-0.539463,
		-0.242319,
		-0.806388,
		0,
		0.12208,
		-0.099138,
		-0.547887,
		1,
	},
}

return spline_matrices
