-- chunkname: @content/characters/player/human/first_person/animations/assault_shield_maul/attack_shield_poke.lua

local spline_matrices = {
	[0.016666666666666666] = {
		-0.702907,
		0.437782,
		0.560597,
		0,
		0.567117,
		0.820638,
		0.070227,
		0,
		-0.429303,
		0.367287,
		-0.825106,
		0,
		-0.610051,
		-0.092395,
		-0.279009,
		1,
	},
	[0.03333333333333333] = {
		-0.705892,
		0.427479,
		0.564781,
		0,
		0.577354,
		0.809165,
		0.109155,
		0,
		-0.41034,
		0.40313,
		-0.81799,
		0,
		-0.610693,
		-0.075923,
		-0.269043,
		1,
	},
	[0.05] = {
		-0.711253,
		0.410594,
		0.570553,
		0,
		0.590214,
		0.789684,
		0.167473,
		0,
		-0.381793,
		0.455864,
		-0.804003,
		0,
		-0.611055,
		-0.052535,
		-0.254524,
		1,
	},
	[0.06666666666666667] = {
		-0.719095,
		0.387312,
		0.576967,
		0,
		0.602218,
		0.761623,
		0.239297,
		0,
		-0.346749,
		0.519538,
		-0.780926,
		0,
		-0.610801,
		-0.025555,
		-0.237178,
		1,
	},
	[0.08333333333333333] = {
		-0.72824,
		0.359888,
		0.583222,
		0,
		0.612535,
		0.723476,
		0.318408,
		0,
		-0.307356,
		0.589121,
		-0.747308,
		0,
		-0.610004,
		0.003453,
		-0.218734,
		1,
	},
	[0] = {
		-0.701997,
		0.441276,
		0.558994,
		0,
		0.563,
		0.82455,
		0.056118,
		0,
		-0.436155,
		0.354109,
		-0.82727,
		0,
		-0.609708,
		-0.098628,
		-0.282705,
		1,
	},
	[0.11666666666666667] = {
		-0.744381,
		0.305906,
		0.593564,
		0,
		0.63107,
		0.612846,
		0.475573,
		0,
		-0.218282,
		0.728588,
		-0.649239,
		0,
		-0.607192,
		0.065623,
		-0.185334,
		1,
	},
	[0.13333333333333333] = {
		-0.750033,
		0.284533,
		0.597069,
		0,
		0.63914,
		0.544035,
		0.543623,
		0,
		-0.170148,
		0.789346,
		-0.589901,
		0,
		-0.605365,
		0.095937,
		-0.173574,
		1,
	},
	[0.15] = {
		-0.753493,
		0.27064,
		0.599168,
		0,
		0.646412,
		0.471301,
		0.600023,
		0,
		-0.119998,
		0.839422,
		-0.530067,
		0,
		-0.603435,
		0.123761,
		-0.165837,
		1,
	},
	[0.16666666666666666] = {
		-0.754396,
		0.267034,
		0.59965,
		0,
		0.652901,
		0.399708,
		0.643393,
		0,
		-0.067877,
		0.876885,
		-0.475884,
		0,
		-0.601544,
		0.147664,
		-0.160842,
		1,
	},
	[0.18333333333333332] = {
		-0.74369,
		0.269441,
		0.611823,
		0,
		0.668474,
		0.31104,
		0.675571,
		0,
		-0.008275,
		0.911403,
		-0.411432,
		0,
		-0.600171,
		0.164391,
		-0.157844,
		1,
	},
	[0.1] = {
		-0.73693,
		0.331948,
		0.58885,
		0,
		0.622199,
		0.673574,
		0.398957,
		0,
		-0.264201,
		0.660385,
		-0.702915,
		0,
		-0.608776,
		0.034297,
		-0.200911,
		1,
	},
	[0.21666666666666667] = {
		-0.686459,
		0.271629,
		0.674531,
		0,
		0.718374,
		0.109487,
		0.686987,
		0,
		0.112754,
		0.956154,
		-0.27029,
		0,
		-0.596741,
		0.200538,
		-0.156137,
		1,
	},
	[0.23333333333333334] = {
		-0.657671,
		0.245682,
		0.712116,
		0,
		0.740983,
		0.040699,
		0.670289,
		0,
		0.135695,
		0.968496,
		-0.208813,
		0,
		-0.593169,
		0.227408,
		-0.156418,
		1,
	},
	[0.25] = {
		-0.628958,
		0.183821,
		0.755395,
		0,
		0.765958,
		-0.01985,
		0.642584,
		0,
		0.133115,
		0.982759,
		-0.128314,
		0,
		-0.587982,
		0.253079,
		-0.15643,
		1,
	},
	[0.26666666666666666] = {
		-0.594264,
		0.108135,
		0.796968,
		0,
		0.794311,
		-0.076554,
		0.602669,
		0,
		0.126181,
		0.991184,
		-0.0404,
		0,
		-0.578448,
		0.282903,
		-0.155878,
		1,
	},
	[0.2833333333333333] = {
		-0.552009,
		0.04168,
		0.832796,
		0,
		0.823071,
		-0.13275,
		0.552207,
		0,
		0.13357,
		0.990273,
		0.038973,
		0,
		-0.554148,
		0.322082,
		-0.154313,
		1,
	},
	[0.2] = {
		-0.718134,
		0.271269,
		0.640856,
		0,
		0.693545,
		0.203212,
		0.691159,
		0,
		0.05726,
		0.940807,
		-0.334071,
		0,
		-0.598942,
		0.178575,
		-0.156354,
		1,
	},
	[0.31666666666666665] = {
		-0.444921,
		0.03426,
		0.894914,
		0,
		0.859339,
		-0.265017,
		0.43738,
		0,
		0.252152,
		0.963635,
		0.088471,
		0,
		-0.482217,
		0.456948,
		-0.140914,
		1,
	},
	[0.3333333333333333] = {
		-0.379637,
		0.095605,
		0.920182,
		0,
		0.856541,
		-0.339534,
		0.388658,
		0,
		0.349591,
		0.935722,
		0.04701,
		0,
		-0.440558,
		0.573168,
		-0.125029,
		1,
	},
	[0.35] = {
		-0.333692,
		0.123416,
		0.934569,
		0,
		0.858279,
		-0.370251,
		0.355346,
		0,
		0.38988,
		0.920697,
		0.017624,
		0,
		-0.389384,
		0.716362,
		-0.112247,
		1,
	},
	[0.36666666666666664] = {
		-0.327173,
		0.035295,
		0.944305,
		0,
		0.916868,
		-0.230012,
		0.326264,
		0,
		0.228717,
		0.972548,
		0.042893,
		0,
		-0.254541,
		0.985765,
		-0.160612,
		1,
	},
	[0.38333333333333336] = {
		-0.184381,
		-0.017271,
		0.982703,
		0,
		0.969266,
		-0.16888,
		0.178892,
		0,
		0.162869,
		0.985485,
		0.047879,
		0,
		-0.259257,
		0.793657,
		-0.117691,
		1,
	},
	[0.3] = {
		-0.504345,
		0.006701,
		0.863476,
		0,
		0.847143,
		-0.189883,
		0.496279,
		0,
		0.167285,
		0.981784,
		0.09009,
		0,
		-0.518934,
		0.375218,
		-0.150955,
		1,
	},
	[0.4166666666666667] = {
		-0.120504,
		-0.01733,
		0.992562,
		0,
		0.979726,
		-0.163279,
		0.116094,
		0,
		0.160052,
		0.986428,
		0.036654,
		0,
		-0.267393,
		0.797002,
		-0.097042,
		1,
	},
	[0.43333333333333335] = {
		-0.14101,
		-0.030791,
		0.989529,
		0,
		0.975958,
		-0.172118,
		0.13372,
		0,
		0.166198,
		0.984595,
		0.054321,
		0,
		-0.274,
		0.798568,
		-0.095551,
		1,
	},
	[0.45] = {
		-0.13886,
		-0.029056,
		0.989886,
		0,
		0.97515,
		-0.178252,
		0.13156,
		0,
		0.172626,
		0.983556,
		0.053086,
		0,
		-0.275248,
		0.796976,
		-0.095431,
		1,
	},
	[0.4666666666666667] = {
		-0.133546,
		-0.022966,
		0.990776,
		0,
		0.974215,
		-0.18649,
		0.126991,
		0,
		0.181853,
		0.982188,
		0.047278,
		0,
		-0.274647,
		0.793907,
		-0.095968,
		1,
	},
	[0.48333333333333334] = {
		-0.125936,
		-0.014099,
		0.991938,
		0,
		0.973005,
		-0.196681,
		0.120736,
		0,
		0.193393,
		0.980366,
		0.038488,
		0,
		-0.272037,
		0.789922,
		-0.09693,
		1,
	},
	[0.4] = {
		-0.099755,
		0.001644,
		0.995011,
		0,
		0.981829,
		-0.162081,
		0.098701,
		0,
		0.161434,
		0.986776,
		0.014554,
		0,
		-0.257256,
		0.794744,
		-0.104831,
		1,
	},
	[0.5166666666666667] = {
		-0.108263,
		0.004961,
		0.99411,
		0,
		0.97024,
		-0.217344,
		0.106748,
		0,
		0.216593,
		0.976083,
		0.018717,
		0,
		-0.264173,
		0.77999,
		-0.099564,
		1,
	},
	[0.5333333333333333] = {
		-0.100812,
		0.011748,
		0.994836,
		0,
		0.969254,
		-0.224436,
		0.10087,
		0,
		0.224462,
		0.974418,
		0.011239,
		0,
		-0.261056,
		0.774278,
		-0.1011,
		1,
	},
	[0.55] = {
		-0.096109,
		0.01447,
		0.995266,
		0,
		0.96903,
		-0.227147,
		0.096878,
		0,
		0.227473,
		0.973753,
		0.007809,
		0,
		-0.259863,
		0.768255,
		-0.10266,
		1,
	},
	[0.5666666666666667] = {
		-0.093794,
		0.01448,
		0.995486,
		0,
		0.969291,
		-0.226981,
		0.094628,
		0,
		0.227327,
		0.973791,
		0.007255,
		0,
		-0.26034,
		0.76227,
		-0.104142,
		1,
	},
	[0.5833333333333334] = {
		-0.092301,
		0.014258,
		0.995629,
		0,
		0.969529,
		-0.226587,
		0.093126,
		0,
		0.226924,
		0.973887,
		0.007091,
		0,
		-0.261592,
		0.756386,
		-0.105446,
		1,
	},
	[0.5] = {
		-0.117083,
		-0.004211,
		0.993113,
		0,
		0.971602,
		-0.207532,
		0.113667,
		0,
		0.205624,
		0.978219,
		0.02839,
		0,
		-0.268186,
		0.785246,
		-0.098154,
		1,
	},
	[0.6166666666666667] = {
		-0.090618,
		0.013191,
		0.995798,
		0,
		0.970006,
		-0.225303,
		0.091255,
		0,
		0.22556,
		0.9742,
		0.007621,
		0,
		-0.266565,
		0.743811,
		-0.107253,
		1,
	},
	[0.6333333333333333] = {
		-0.090374,
		0.012367,
		0.995831,
		0,
		0.970227,
		-0.224516,
		0.090838,
		0,
		0.224703,
		0.974392,
		0.008291,
		0,
		-0.270309,
		0.736566,
		-0.107756,
		1,
	},
	[0.65] = {
		-0.090493,
		0.011435,
		0.995831,
		0,
		0.970425,
		-0.223695,
		0.090753,
		0,
		0.2238,
		0.974592,
		0.009146,
		0,
		-0.274912,
		0.728311,
		-0.108046,
		1,
	},
	[0.6666666666666666] = {
		-0.090952,
		0.010452,
		0.9958,
		0,
		0.970625,
		-0.222729,
		0.09099,
		0,
		0.222745,
		0.974824,
		0.010112,
		0,
		-0.281169,
		0.722484,
		-0.108173,
		1,
	},
	[0.6833333333333333] = {
		-0.091728,
		0.009477,
		0.995739,
		0,
		0.970862,
		-0.221466,
		0.091544,
		0,
		0.22139,
		0.975122,
		0.011114,
		0,
		-0.289616,
		0.720186,
		-0.10862,
		1,
	},
	[0.6] = {
		-0.091251,
		0.01383,
		0.995732,
		0,
		0.96977,
		-0.226009,
		0.092011,
		0,
		0.226317,
		0.974027,
		0.007211,
		0,
		-0.263663,
		0.750324,
		-0.106487,
		1,
	},
	[0.7166666666666667] = {
		-0.093674,
		0.007822,
		0.995572,
		0,
		0.971498,
		-0.217991,
		0.093121,
		0,
		0.217755,
		0.975919,
		0.012821,
		0,
		-0.311649,
		0.711048,
		-0.11319,
		1,
	},
	[0.7333333333333333] = {
		-0.101523,
		0.007322,
		0.994806,
		0,
		0.97169,
		-0.213707,
		0.100737,
		0,
		0.213335,
		0.97687,
		0.014582,
		0,
		-0.323764,
		0.701381,
		-0.119075,
		1,
	},
	[0.75] = {
		-0.120761,
		0.007161,
		0.992656,
		0,
		0.971342,
		-0.205372,
		0.11965,
		0,
		0.204721,
		0.978658,
		0.017845,
		0,
		-0.338749,
		0.691739,
		-0.127717,
		1,
	},
	[0.7666666666666667] = {
		-0.147814,
		0.00738,
		0.988988,
		0,
		0.970102,
		-0.193542,
		0.146436,
		0,
		0.192491,
		0.981064,
		0.021449,
		0,
		-0.361699,
		0.68161,
		-0.138199,
		1,
	},
	[0.7833333333333333] = {
		-0.179101,
		0.008019,
		0.983798,
		0,
		0.967726,
		-0.178756,
		0.177632,
		0,
		0.177284,
		0.983861,
		0.024256,
		0,
		-0.391261,
		0.670467,
		-0.149597,
		1,
	},
	[0.7] = {
		-0.092689,
		0.008577,
		0.995658,
		0,
		0.971148,
		-0.219892,
		0.092301,
		0,
		0.219729,
		0.975487,
		0.012052,
		0,
		-0.299893,
		0.717633,
		-0.110067,
		1,
	},
	[0.8166666666666667] = {
		-0.240302,
		0.010877,
		0.970637,
		0,
		0.960275,
		-0.14348,
		0.239344,
		0,
		0.14187,
		0.989593,
		0.024034,
		0,
		-0.45409,
		0.643463,
		-0.174059,
		1,
	},
	[0.8333333333333334] = {
		-0.263535,
		0.013,
		0.964562,
		0,
		0.956807,
		-0.123724,
		0.263084,
		0,
		0.12276,
		0.992231,
		0.020167,
		0,
		-0.486832,
		0.626501,
		-0.188627,
		1,
	},
	[0.85] = {
		-0.275627,
		0.015237,
		0.961144,
		0,
		0.955733,
		-0.102764,
		0.275705,
		0,
		0.102972,
		0.994589,
		0.013762,
		0,
		-0.520291,
		0.607705,
		-0.205863,
		1,
	},
	[0.8666666666666667] = {
		-0.281011,
		0.017478,
		0.959545,
		0,
		0.95615,
		-0.080877,
		0.28149,
		0,
		0.082525,
		0.996571,
		0.006016,
		0,
		-0.554303,
		0.587653,
		-0.224454,
		1,
	},
	[0.8833333333333333] = {
		-0.290686,
		0.019628,
		0.956617,
		0,
		0.955019,
		-0.055334,
		0.291336,
		0,
		0.058652,
		0.998275,
		-0.00266,
		0,
		-0.588712,
		0.565442,
		-0.242823,
		1,
	},
	[0.8] = {
		-0.211066,
		0.009171,
		0.977429,
		0,
		0.964264,
		-0.161872,
		0.209742,
		0,
		0.160142,
		0.986769,
		0.025322,
		0,
		-0.422198,
		0.6579,
		-0.161338,
		1,
	},
	[0.9166666666666666] = {
		-0.321925,
		0.024002,
		0.946461,
		0,
		0.94676,
		0.011372,
		0.321739,
		0,
		-0.003041,
		0.999647,
		-0.026385,
		0,
		-0.654753,
		0.511088,
		-0.280476,
		1,
	},
	[0.9333333333333333] = {
		-0.337853,
		0.02706,
		0.94081,
		0,
		0.940486,
		0.048609,
		0.336338,
		0,
		-0.03663,
		0.998451,
		-0.041873,
		0,
		-0.680224,
		0.477807,
		-0.300456,
		1,
	},
	[0.95] = {
		-0.354049,
		0.031369,
		0.934701,
		0,
		0.932645,
		0.086056,
		0.350382,
		0,
		-0.069446,
		0.995796,
		-0.059724,
		0,
		-0.700418,
		0.439665,
		-0.321723,
		1,
	},
	[0.9666666666666667] = {
		-0.370553,
		0.037413,
		0.928058,
		0,
		0.92345,
		0.122047,
		0.363793,
		0,
		-0.099656,
		0.991819,
		-0.079774,
		0,
		-0.715948,
		0.397634,
		-0.344654,
		1,
	},
	[0.9833333333333333] = {
		-0.387456,
		0.044839,
		0.920797,
		0,
		0.913267,
		0.154946,
		0.376742,
		0,
		-0.125781,
		0.986905,
		-0.100985,
		0,
		-0.727325,
		0.354806,
		-0.369603,
		1,
	},
	[0.9] = {
		-0.306217,
		0.021709,
		0.951714,
		0,
		0.951505,
		-0.023982,
		0.306697,
		0,
		0.029482,
		0.999477,
		-0.013312,
		0,
		-0.623323,
		0.540146,
		-0.26138,
		1,
	},
	[1.0166666666666666] = {
		-0.422842,
		0.061787,
		0.904095,
		0,
		0.891269,
		0.208735,
		0.402578,
		0,
		-0.163842,
		0.976019,
		-0.14333,
		0,
		-0.739708,
		0.276961,
		-0.424689,
		1,
	},
	[1.0333333333333334] = {
		-0.441424,
		0.071299,
		0.894461,
		0,
		0.87902,
		0.23454,
		0.415108,
		0,
		-0.18019,
		0.969488,
		-0.166204,
		0,
		-0.741772,
		0.247003,
		-0.45059,
		1,
	},
	[1.05] = {
		-0.460806,
		0.081502,
		0.883751,
		0,
		0.865759,
		0.260339,
		0.427416,
		0,
		-0.19524,
		0.962071,
		-0.190527,
		0,
		-0.742093,
		0.222561,
		-0.474583,
		1,
	},
	[1.0666666666666667] = {
		-0.481029,
		0.092389,
		0.871823,
		0,
		0.851517,
		0.285891,
		0.439529,
		0,
		-0.208638,
		0.953798,
		-0.216192,
		0,
		-0.741174,
		0.201028,
		-0.496636,
		1,
	},
	[1.0833333333333333] = {
		-0.501899,
		0.103962,
		0.858655,
		0,
		0.836464,
		0.310919,
		0.451284,
		0,
		-0.220056,
		0.944734,
		-0.24301,
		0,
		-0.739045,
		0.183054,
		-0.516661,
		1,
	},
	{
		-0.404868,
		0.052965,
		0.91284,
		0,
		0.902553,
		0.183167,
		0.389677,
		0,
		-0.146563,
		0.981654,
		-0.121962,
		0,
		-0.735068,
		0.313738,
		-0.396935,
		1,
	},
	[1.1166666666666667] = {
		-0.544797,
		0.129232,
		0.82855,
		0,
		0.804728,
		0.358424,
		0.473228,
		0,
		-0.235816,
		0.924571,
		-0.299265,
		0,
		-0.731316,
		0.160307,
		-0.550285,
		1,
	},
	[1.1333333333333333] = {
		-0.566425,
		0.143022,
		0.811608,
		0,
		0.788487,
		0.380482,
		0.48324,
		0,
		-0.239688,
		0.913662,
		-0.328286,
		0,
		-0.725817,
		0.156749,
		-0.563718,
		1,
	},
	[1.15] = {
		-0.587927,
		0.157464,
		0.79344,
		0,
		0.772267,
		0.401152,
		0.492626,
		0,
		-0.24072,
		0.902376,
		-0.357452,
		0,
		-0.7194,
		0.156943,
		-0.574823,
		1,
	},
	[1.1666666666666667] = {
		-0.609131,
		0.172432,
		0.774098,
		0,
		0.756248,
		0.420256,
		0.501472,
		0,
		-0.23885,
		0.890871,
		-0.386392,
		0,
		-0.712239,
		0.15873,
		-0.583555,
		1,
	},
	[1.1833333333333333] = {
		-0.629875,
		0.187801,
		0.75365,
		0,
		0.74059,
		0.437631,
		0.509907,
		0,
		-0.234059,
		0.879323,
		-0.414737,
		0,
		-0.704421,
		0.161966,
		-0.58984,
		1,
	},
	[1.1] = {
		-0.523223,
		0.116217,
		0.844234,
		0,
		0.820795,
		0.335168,
		0.462557,
		0,
		-0.229203,
		0.934963,
		-0.270758,
		0,
		-0.735743,
		0.169278,
		-0.534572,
		1,
	},
	[1.2166666666666666] = {
		-0.669405,
		0.219246,
		0.709809,
		0,
		0.710858,
		0.466606,
		0.526269,
		0,
		-0.215819,
		0.85686,
		-0.468201,
		0,
		-0.687168,
		0.172228,
		-0.59478,
		1,
	},
	[1.2333333333333334] = {
		-0.687942,
		0.235073,
		0.686641,
		0,
		0.696943,
		0.477949,
		0.534636,
		0,
		-0.202501,
		0.846348,
		-0.492634,
		0,
		-0.677905,
		0.178985,
		-0.594051,
		1,
	},
	[1.25] = {
		-0.705524,
		0.250807,
		0.662821,
		0,
		0.683701,
		0.487041,
		0.543456,
		0,
		-0.186518,
		0.836592,
		-0.515096,
		0,
		-0.668332,
		0.186653,
		-0.592226,
		1,
	},
	[1.2666666666666666] = {
		-0.722125,
		0.266187,
		0.638498,
		0,
		0.670863,
		0.494642,
		0.552514,
		0,
		-0.168756,
		0.827329,
		-0.535768,
		0,
		-0.658576,
		0.194973,
		-0.589421,
		1,
	},
	[1.2833333333333334] = {
		-0.737722,
		0.281013,
		0.613839,
		0,
		0.658206,
		0.501555,
		0.561433,
		0,
		-0.150104,
		0.818214,
		-0.554973,
		0,
		-0.648755,
		0.203753,
		-0.58575,
		1,
	},
	[1.2] = {
		-0.650011,
		0.203447,
		0.732185,
		0,
		0.725427,
		0.453126,
		0.518104,
		0,
		-0.226366,
		0.86792,
		-0.442123,
		0,
		-0.696035,
		0.166512,
		-0.593606,
		1,
	},
	[1.3166666666666667] = {
		-0.765641,
		0.308951,
		0.564219,
		0,
		0.63367,
		0.513185,
		0.578881,
		0,
		-0.110703,
		0.800744,
		-0.588689,
		0,
		-0.62919,
		0.222556,
		-0.576258,
		1,
	},
	[1.3333333333333333] = {
		-0.777865,
		0.322069,
		0.539628,
		0,
		0.621915,
		0.51786,
		0.587403,
		0,
		-0.090267,
		0.792523,
		-0.603125,
		0,
		-0.619571,
		0.232494,
		-0.570658,
		1,
	},
	[1.35] = {
		-0.788885,
		0.334646,
		0.515434,
		0,
		0.610591,
		0.521761,
		0.595771,
		0,
		-0.069561,
		0.784715,
		-0.615942,
		0,
		-0.610134,
		0.242721,
		-0.564638,
		1,
	},
	[1.3666666666666667] = {
		-0.798685,
		0.346712,
		0.491826,
		0,
		0.599771,
		0.524889,
		0.603959,
		0,
		-0.048754,
		0.777356,
		-0.627169,
		0,
		-0.600926,
		0.25318,
		-0.558306,
		1,
	},
	[1.3833333333333333] = {
		-0.807258,
		0.358306,
		0.468989,
		0,
		0.589533,
		0.527248,
		0.611932,
		0,
		-0.028014,
		0.770471,
		-0.636859,
		0,
		-0.591983,
		0.263804,
		-0.551772,
		1,
	},
	[1.3] = {
		-0.752246,
		0.295269,
		0.589018,
		0,
		0.645788,
		0.507745,
		0.570221,
		0,
		-0.130702,
		0.809328,
		-0.57263,
		0,
		-0.638937,
		0.21296,
		-0.581325,
		1,
	},
	[1.4166666666666667] = {
		-0.820799,
		0.380156,
		0.426345,
		0,
		0.57108,
		0.529788,
		0.627051,
		0,
		0.012505,
		0.75816,
		-0.651949,
		0,
		-0.575045,
		0.285187,
		-0.538534,
		1,
	},
	[1.4333333333333333] = {
		-0.825941,
		0.390216,
		0.406881,
		0,
		0.562864,
		0.530203,
		0.634089,
		0,
		0.031703,
		0.752739,
		-0.657555,
		0,
		-0.567198,
		0.295589,
		-0.532047,
		1,
	},
	[1.45] = {
		-0.830132,
		0.399574,
		0.388872,
		0,
		0.555336,
		0.530195,
		0.640699,
		0,
		0.049829,
		0.74782,
		-0.662029,
		0,
		-0.559865,
		0.305569,
		-0.525791,
		1,
	},
	[1.4666666666666666] = {
		-0.833474,
		0.408148,
		0.372473,
		0,
		0.548526,
		0.529861,
		0.646813,
		0,
		0.066637,
		0.743413,
		-0.665505,
		0,
		-0.553115,
		0.314965,
		-0.519874,
		1,
	},
	[1.4833333333333334] = {
		-0.836074,
		0.415858,
		0.35783,
		0,
		0.542471,
		0.529295,
		0.652359,
		0,
		0.081892,
		0.739533,
		-0.66812,
		0,
		-0.54702,
		0.323617,
		-0.514402,
		1,
	},
	[1.4] = {
		-0.814609,
		0.369473,
		0.447104,
		0,
		0.579961,
		0.528851,
		0.619646,
		0,
		-0.007509,
		0.764072,
		-0.645087,
		0,
		-0.583336,
		0.274522,
		-0.545145,
		1,
	},
	[1.5166666666666666] = {
		-0.839471,
		0.428354,
		0.334368,
		0,
		0.532797,
		0.52783,
		0.661455,
		0,
		0.106848,
		0.733422,
		-0.671323,
		0,
		-0.537088,
		0.338054,
		-0.505215,
		1,
	},
	[1.5333333333333334] = {
		-0.840466,
		0.43297,
		0.325814,
		0,
		0.529276,
		0.527104,
		0.664852,
		0,
		0.116123,
		0.731231,
		-0.672174,
		0,
		-0.533401,
		0.343524,
		-0.501712,
		1,
	},
	[1.55] = {
		-0.841106,
		0.436382,
		0.319548,
		0,
		0.5267,
		0.526493,
		0.667377,
		0,
		0.122991,
		0.729641,
		-0.672679,
		0,
		-0.530668,
		0.347622,
		-0.499077,
		1,
	},
	[1.5666666666666667] = {
		-0.841459,
		0.438499,
		0.315697,
		0,
		0.525121,
		0.526073,
		0.668951,
		0,
		0.127254,
		0.728674,
		-0.672934,
		0,
		-0.52897,
		0.350192,
		-0.497418,
		1,
	},
	[1.5833333333333333] = {
		-0.841571,
		0.439226,
		0.314386,
		0,
		0.524585,
		0.525917,
		0.669493,
		0,
		0.128718,
		0.728348,
		-0.673009,
		0,
		-0.528386,
		0.351083,
		-0.496841,
		1,
	},
	[1.5] = {
		-0.838039,
		0.422621,
		0.345083,
		0,
		0.537212,
		0.528588,
		0.657266,
		0,
		0.095368,
		0.736197,
		-0.670015,
		0,
		-0.541653,
		0.331366,
		-0.50948,
		1,
	},
}

return spline_matrices
