-- chunkname: @content/characters/player/human/first_person/animations/assault_shield_maul/attack_left_diagonal_up.lua

local spline_matrices = {
	[0.0166666666667] = {
		-0.876907,
		0.37881,
		0.295867,
		0,
		0.469324,
		0.541903,
		0.697191,
		0,
		0.103772,
		0.750229,
		-0.652983,
		0,
		-0.120827,
		0.107993,
		-0.789461,
		1,
	},
	[0.0333333333333] = {
		-0.796812,
		0.56628,
		0.210755,
		0,
		0.520445,
		0.46602,
		0.715515,
		0,
		0.306966,
		0.679817,
		-0.666048,
		0,
		-0.09769,
		0.117805,
		-0.806009,
		1,
	},
	[0.05] = {
		-0.264671,
		0.931436,
		0.249751,
		0,
		0.598169,
		-0.044571,
		0.800129,
		0,
		0.756401,
		0.361164,
		-0.54536,
		0,
		-0.003587,
		0.139428,
		-0.77985,
		1,
	},
	[0.0666666666667] = {
		0.249038,
		0.892148,
		0.376897,
		0,
		0.397928,
		-0.449049,
		0.800005,
		0,
		0.882968,
		-0.049254,
		-0.466842,
		0,
		0.080363,
		0.15316,
		-0.733381,
		1,
	},
	[0.0833333333333] = {
		0.444282,
		0.761706,
		0.471612,
		0,
		0.236472,
		-0.607455,
		0.75834,
		0,
		0.864115,
		-0.225394,
		-0.450004,
		0,
		0.148824,
		0.186045,
		-0.681135,
		1,
	},
	[0] = {
		-0.875704,
		0.381695,
		0.295722,
		0,
		0.471085,
		0.541016,
		0.696693,
		0,
		0.105934,
		0.749407,
		-0.65358,
		0,
		-0.120634,
		0.10775,
		-0.789523,
		1,
	},
	[0.116666666667] = {
		0.615877,
		0.421909,
		0.665348,
		0,
		-0.097036,
		-0.797467,
		0.595509,
		0,
		0.781844,
		-0.431323,
		-0.450202,
		0,
		0.298091,
		0.26228,
		-0.572318,
		1,
	},
	[0.133333333333] = {
		0.622007,
		0.245229,
		0.743619,
		0,
		-0.237738,
		-0.845713,
		0.477755,
		0,
		0.746048,
		-0.473954,
		-0.467739,
		0,
		0.365967,
		0.304438,
		-0.524131,
		1,
	},
	[0.15] = {
		0.596746,
		0.076734,
		0.798753,
		0,
		-0.345808,
		-0.873648,
		0.342281,
		0,
		0.724093,
		-0.48047,
		-0.494811,
		0,
		0.42633,
		0.350256,
		-0.478393,
		1,
	},
	[0.166666666667] = {
		0.558302,
		-0.076853,
		0.82607,
		0,
		-0.412507,
		-0.889612,
		0.196029,
		0,
		0.719817,
		-0.450204,
		-0.528375,
		0,
		0.47277,
		0.399831,
		-0.43284,
		1,
	},
	[0.183333333333] = {
		0.526348,
		-0.209022,
		0.824177,
		0,
		-0.430369,
		-0.901469,
		0.046224,
		0,
		0.733308,
		-0.37903,
		-0.564443,
		0,
		0.49635,
		0.451135,
		-0.388599,
		1,
	},
	[0.1] = {
		0.561768,
		0.598201,
		0.571464,
		0,
		0.065519,
		-0.720763,
		0.690078,
		0,
		0.824696,
		-0.350223,
		-0.444095,
		0,
		0.224706,
		0.222624,
		-0.625463,
		1,
	},
	[0.216666666667] = {
		0.580057,
		-0.269398,
		0.768738,
		0,
		-0.127837,
		-0.962141,
		-0.240714,
		0,
		0.804482,
		0.041355,
		-0.592535,
		0,
		0.43289,
		0.568509,
		-0.304987,
		1,
	},
	[0.233333333333] = {
		0.618564,
		-0.195938,
		0.760912,
		0,
		0.230833,
		-0.880359,
		-0.414347,
		0,
		0.751062,
		0.431944,
		-0.499329,
		0,
		0.322757,
		0.648021,
		-0.242817,
		1,
	},
	[0.25] = {
		0.662132,
		-0.172231,
		0.729327,
		0,
		0.485332,
		-0.642995,
		-0.592461,
		0,
		0.570993,
		0.746253,
		-0.342159,
		0,
		0.192887,
		0.716238,
		-0.148998,
		1,
	},
	[0.266666666667] = {
		0.704994,
		-0.109881,
		0.700649,
		0,
		0.636164,
		-0.338716,
		-0.693229,
		0,
		0.313494,
		0.93445,
		-0.168891,
		0,
		0.048223,
		0.755057,
		-0.067472,
		1,
	},
	[0.283333333333] = {
		0.669719,
		-0.042999,
		0.741369,
		0,
		0.739948,
		-0.045886,
		-0.671097,
		0,
		0.062875,
		0.998021,
		0.001087,
		0,
		-0.102782,
		0.71978,
		-0.009119,
		1,
	},
	[0.2] = {
		0.520202,
		-0.311808,
		0.795089,
		0,
		-0.396074,
		-0.912881,
		-0.098864,
		0,
		0.756647,
		-0.263485,
		-0.598381,
		0,
		0.490403,
		0.499733,
		-0.348631,
		1,
	},
	[0.316666666667] = {
		0.63542,
		0.015053,
		0.77202,
		0,
		0.687291,
		0.444691,
		-0.574353,
		0,
		-0.351956,
		0.895558,
		0.27222,
		0,
		-0.340899,
		0.503664,
		0.147233,
		1,
	},
	[0.333333333333] = {
		0.666649,
		0.015201,
		0.745217,
		0,
		0.586428,
		0.606436,
		-0.536971,
		0,
		-0.460089,
		0.794987,
		0.395366,
		0,
		-0.404205,
		0.390356,
		0.201,
		1,
	},
	[0.35] = {
		0.62294,
		-0.018347,
		0.782054,
		0,
		0.520391,
		0.75615,
		-0.396775,
		0,
		-0.584071,
		0.654141,
		0.480584,
		0,
		-0.450168,
		0.269367,
		0.20485,
		1,
	},
	[0.366666666667] = {
		0.569656,
		-0.09788,
		0.816034,
		0,
		0.47445,
		0.849904,
		-0.229261,
		0,
		-0.671111,
		0.517767,
		0.530592,
		0,
		-0.469633,
		0.138396,
		0.183681,
		1,
	},
	[0.383333333333] = {
		0.510913,
		-0.199365,
		0.836195,
		0,
		0.440722,
		0.895915,
		-0.055676,
		0,
		-0.73806,
		0.396975,
		0.5456,
		0,
		-0.474002,
		0.015165,
		0.144636,
		1,
	},
	[0.3] = {
		0.657996,
		-0.054638,
		0.751036,
		0,
		0.742422,
		0.213821,
		-0.634894,
		0,
		-0.125898,
		0.975344,
		0.181258,
		0,
		-0.227087,
		0.609502,
		0.08128,
		1,
	},
	[0.416666666667] = {
		0.391042,
		-0.364627,
		0.845064,
		0,
		0.371118,
		0.902691,
		0.217762,
		0,
		-0.842234,
		0.228465,
		0.48831,
		0,
		-0.474861,
		-0.135169,
		0.048923,
		1,
	},
	[0.433333333333] = {
		0.331658,
		-0.404652,
		0.852208,
		0,
		0.327742,
		0.896495,
		0.298131,
		0,
		-0.88464,
		0.180427,
		0.429952,
		0,
		-0.479617,
		-0.157789,
		0.004233,
		1,
	},
	[0.45] = {
		0.265861,
		-0.434136,
		0.860723,
		0,
		0.285367,
		0.888281,
		0.359891,
		0,
		-0.920806,
		0.149941,
		0.360047,
		0,
		-0.480717,
		-0.175203,
		-0.04289,
		1,
	},
	[0.466666666667] = {
		0.193498,
		-0.454539,
		0.869455,
		0,
		0.245389,
		0.880459,
		0.40568,
		0,
		-0.949917,
		0.134856,
		0.281906,
		0,
		-0.478495,
		-0.187883,
		-0.091672,
		1,
	},
	[0.483333333333] = {
		0.114905,
		-0.466873,
		0.876828,
		0,
		0.209113,
		0.874264,
		0.438104,
		0,
		-0.971117,
		0.133015,
		0.198086,
		0,
		-0.473429,
		-0.196168,
		-0.141559,
		1,
	},
	[0.4] = {
		0.449926,
		-0.296606,
		0.842373,
		0,
		0.409166,
		0.906878,
		0.100776,
		0,
		-0.79382,
		0.299328,
		0.529389,
		0,
		-0.472798,
		-0.081994,
		0.09633,
		1,
	},
	[0.516666666667] = {
		-0.056002,
		-0.470135,
		0.880816,
		0,
		0.150833,
		0.868092,
		0.472934,
		0,
		-0.986972,
		0.159341,
		0.022297,
		0,
		-0.456462,
		-0.201558,
		-0.242391,
		1,
	},
	[0.533333333333] = {
		-0.144567,
		-0.462674,
		0.874662,
		0,
		0.129877,
		0.867428,
		0.480314,
		0,
		-0.980934,
		0.183036,
		-0.065311,
		0,
		-0.445227,
		-0.199727,
		-0.291917,
		1,
	},
	[0.55] = {
		-0.232125,
		-0.450652,
		0.861992,
		0,
		0.11454,
		0.867368,
		0.484307,
		0,
		-0.965918,
		0.211153,
		-0.14972,
		0,
		-0.432585,
		-0.195611,
		-0.339887,
		1,
	},
	[0.566666666667] = {
		-0.316238,
		-0.435636,
		0.842742,
		0,
		0.104448,
		0.866943,
		0.48734,
		0,
		-0.942913,
		0.242138,
		-0.228659,
		0,
		-0.418875,
		-0.189814,
		-0.385494,
		1,
	},
	[0.583333333333] = {
		-0.394634,
		-0.419558,
		0.817457,
		0,
		0.098808,
		0.865126,
		0.491725,
		0,
		-0.91351,
		0.274823,
		-0.299952,
		0,
		-0.404467,
		-0.182868,
		-0.427942,
		1,
	},
	[0.5] = {
		0.031188,
		-0.471834,
		0.881136,
		0,
		0.177374,
		0.870185,
		0.459691,
		0,
		-0.983649,
		0.141954,
		0.110831,
		0,
		-0.465971,
		-0.200553,
		-0.192033,
		1,
	},
	[0.616666666667] = {
		-0.527107,
		-0.393394,
		0.75326,
		0,
		0.096036,
		0.853143,
		0.512761,
		0,
		-0.844355,
		0.34262,
		-0.411918,
		0,
		-0.375382,
		-0.167716,
		-0.499767,
		1,
	},
	[0.633333333333] = {
		-0.583424,
		-0.382091,
		0.716675,
		0,
		0.100523,
		0.841665,
		0.530561,
		0,
		-0.805923,
		0.381584,
		-0.452639,
		0,
		-0.360038,
		-0.157827,
		-0.529641,
		1,
	},
	[0.65] = {
		-0.638404,
		-0.364906,
		0.677705,
		0,
		0.112757,
		0.82664,
		0.551318,
		0,
		-0.761398,
		0.42838,
		-0.486584,
		0,
		-0.342349,
		-0.143597,
		-0.558015,
		1,
	},
	[0.666666666667] = {
		-0.691453,
		-0.341036,
		0.636857,
		0,
		0.131359,
		0.80751,
		0.575041,
		0,
		-0.710378,
		0.481271,
		-0.513557,
		0,
		-0.322593,
		-0.125634,
		-0.584859,
		1,
	},
	[0.683333333333] = {
		-0.741762,
		-0.309854,
		0.594794,
		0,
		0.154919,
		0.783727,
		0.601475,
		0,
		-0.652526,
		0.538297,
		-0.533336,
		0,
		-0.301034,
		-0.104629,
		-0.610089,
		1,
	},
	[0.6] = {
		-0.465409,
		-0.404655,
		0.787178,
		0,
		0.096469,
		0.860881,
		0.499578,
		0,
		-0.879823,
		0.308446,
		-0.361625,
		0,
		-0.389798,
		-0.175326,
		-0.46634,
		1,
	},
	[0.716666666667] = {
		-0.829706,
		-0.226197,
		0.510317,
		0,
		0.209481,
		0.721224,
		0.660268,
		0,
		-0.517403,
		0.65473,
		-0.551019,
		0,
		-0.253499,
		-0.05726,
		-0.655118,
		1,
	},
	[0.733333333333] = {
		-0.865238,
		-0.175293,
		0.469718,
		0,
		0.236836,
		0.682858,
		0.691096,
		0,
		-0.441895,
		0.709209,
		-0.54932,
		0,
		-0.228261,
		-0.032811,
		-0.674548,
		1,
	},
	[0.75] = {
		-0.894123,
		-0.120205,
		0.431387,
		0,
		0.262059,
		0.640695,
		0.721689,
		0,
		-0.363138,
		0.758328,
		-0.541359,
		0,
		-0.202741,
		-0.009063,
		-0.691676,
		1,
	},
	[0.766666666667] = {
		-0.916074,
		-0.062807,
		0.39606,
		0,
		0.283882,
		0.596004,
		0.751126,
		0,
		-0.283229,
		0.800521,
		-0.528154,
		0,
		-0.177609,
		0.013171,
		-0.706367,
		1,
	},
	[0.783333333333] = {
		-0.931287,
		-0.005177,
		0.364249,
		0,
		0.301455,
		0.550424,
		0.778562,
		0,
		-0.204522,
		0.834869,
		-0.511042,
		0,
		-0.153611,
		0.03319,
		-0.718542,
		1,
	},
	[0.7] = {
		-0.788219,
		-0.2714,
		0.552316,
		0,
		0.181583,
		0.754968,
		0.63012,
		0,
		-0.587996,
		0.596964,
		-0.545798,
		0,
		-0.2779,
		-0.081513,
		-0.633568,
		1,
	},
	[0.816666666667] = {
		-0.944589,
		0.102425,
		0.311865,
		0,
		0.322674,
		0.46417,
		0.824881,
		0,
		-0.06027,
		0.879804,
		-0.4715,
		0,
		-0.112139,
		0.064383,
		-0.735339,
		1,
	},
	[0.833333333333] = {
		-0.945118,
		0.148634,
		0.290964,
		0,
		0.326728,
		0.427354,
		0.842981,
		0,
		0.000951,
		0.891783,
		-0.452463,
		0,
		-0.09618,
		0.074715,
		-0.740057,
		1,
	},
	[0.85] = {
		-0.94352,
		0.187696,
		0.273021,
		0,
		0.327127,
		0.39714,
		0.857477,
		0,
		0.052517,
		0.89836,
		-0.43611,
		0,
		-0.084343,
		0.081082,
		-0.742409,
		1,
	},
	[0.866666666667] = {
		-0.941291,
		0.218352,
		0.257475,
		0,
		0.324528,
		0.375101,
		0.868321,
		0,
		0.09302,
		0.9009,
		-0.423941,
		0,
		-0.077266,
		0.083154,
		-0.742452,
		1,
	},
	[0.883333333333] = {
		-0.939124,
		0.24096,
		0.244916,
		0,
		0.320855,
		0.360145,
		0.875984,
		0,
		0.122872,
		0.90124,
		-0.415534,
		0,
		-0.073228,
		0.082765,
		-0.741344,
		1,
	},
	[0.8] = {
		-0.940433,
		0.050566,
		0.336197,
		0,
		0.314375,
		0.505828,
		0.80331,
		0,
		-0.129437,
		0.861151,
		-0.491594,
		0,
		-0.131529,
		0.050415,
		-0.72819,
		1,
	},
	[0.916666666667] = {
		-0.935628,
		0.267794,
		0.229972,
		0,
		0.315674,
		0.343237,
		0.884612,
		0,
		0.157958,
		0.900264,
		-0.405678,
		0,
		-0.067645,
		0.081272,
		-0.739148,
		1,
	},
	[0.933333333333] = {
		-0.934769,
		0.273586,
		0.226622,
		0,
		0.31438,
		0.339968,
		0.886333,
		0,
		0.165445,
		0.899762,
		-0.403802,
		0,
		-0.065926,
		0.08042,
		-0.738085,
		1,
	},
	[0.95] = {
		-0.934547,
		0.27527,
		0.225496,
		0,
		0.313913,
		0.339343,
		0.886738,
		0,
		0.167572,
		0.899485,
		-0.403543,
		0,
		-0.064803,
		0.079633,
		-0.737041,
		1,
	},
	[0.966666666667] = {
		-0.934876,
		0.27353,
		0.22625,
		0,
		0.314155,
		0.340794,
		0.886096,
		0,
		0.165269,
		0.899467,
		-0.40453,
		0,
		-0.06419,
		0.078997,
		-0.736007,
		1,
	},
	[0.983333333333] = {
		-0.93562,
		0.269089,
		0.228489,
		0,
		0.314959,
		0.344003,
		0.884569,
		0,
		0.159427,
		0.899585,
		-0.406608,
		0,
		-0.063997,
		0.078398,
		-0.734992,
		1,
	},
	[0.9] = {
		-0.937125,
		0.257171,
		0.235923,
		0,
		0.317844,
		0.349751,
		0.881277,
		0,
		0.144125,
		0.900854,
		-0.409501,
		0,
		-0.070049,
		0.082091,
		-0.740237,
		1,
	},
	[1.01666666667] = {
		-0.937798,
		0.254732,
		0.235894,
		0,
		0.317515,
		0.354466,
		0.87951,
		0,
		0.140423,
		0.899703,
		-0.413299,
		0,
		-0.064532,
		0.076889,
		-0.733033,
		1,
	},
	[1.03333333333] = {
		-0.938956,
		0.246121,
		0.240388,
		0,
		0.318941,
		0.36075,
		0.876433,
		0,
		0.128989,
		0.899602,
		-0.417227,
		0,
		-0.065085,
		0.076045,
		-0.732069,
		1,
	},
	[1.05] = {
		-0.940005,
		0.23748,
		0.244936,
		0,
		0.320292,
		0.367062,
		0.873314,
		0,
		0.117488,
		0.899371,
		-0.421104,
		0,
		-0.065706,
		0.075192,
		-0.731104,
		1,
	},
	[1.06666666667] = {
		-0.940872,
		0.229517,
		0.249164,
		0,
		0.321467,
		0.372887,
		0.87041,
		0,
		0.106864,
		0.899042,
		-0.424621,
		0,
		-0.066303,
		0.074374,
		-0.730134,
		1,
	},
	[1.08333333333] = {
		-0.941515,
		0.222941,
		0.252679,
		0,
		0.322383,
		0.3777,
		0.867993,
		0,
		0.098074,
		0.898688,
		-0.427483,
		0,
		-0.066783,
		0.073637,
		-0.729151,
		1,
	},
	{
		-0.93664,
		0.262617,
		0.231813,
		0,
		0.316138,
		0.348717,
		0.8823,
		0,
		0.150869,
		0.899683,
		-0.409645,
		0,
		-0.064139,
		0.077686,
		-0.734004,
		1,
	},
	[1.11666666667] = {
		-0.942054,
		0.216823,
		0.255972,
		0,
		0.323195,
		0.382183,
		0.865726,
		0,
		0.089881,
		0.89829,
		-0.430113,
		0,
		-0.067025,
		0.07261,
		-0.727144,
		1,
	},
	[1.13333333333] = {
		-0.942054,
		0.216823,
		0.255972,
		0,
		0.323195,
		0.382183,
		0.865726,
		0,
		0.089881,
		0.89829,
		-0.430113,
		0,
		-0.067025,
		0.07261,
		-0.727144,
		1,
	},
	[1.1] = {
		-0.941915,
		0.21847,
		0.255083,
		0,
		0.32298,
		0.380975,
		0.866339,
		0,
		0.092089,
		0.898404,
		-0.429407,
		0,
		-0.067055,
		0.073033,
		-0.728156,
		1,
	},
}

return spline_matrices
