-- chunkname: @content/characters/player/human/first_person/animations/assault_shield_maul/attack_right.lua

local spline_matrices = {
	[0.016666666666666666] = {
		-0.708813,
		0.608074,
		0.357533,
		0,
		0.554021,
		0.793631,
		-0.251417,
		0,
		-0.43663,
		0.019873,
		-0.899422,
		0,
		0.037671,
		-0.021753,
		-0.536036,
		1,
	},
	[0.03333333333333333] = {
		-0.754924,
		0.629061,
		0.185396,
		0,
		0.582153,
		0.772968,
		-0.252229,
		0,
		-0.301973,
		-0.082485,
		-0.949741,
		0,
		0.031193,
		-0.025989,
		-0.522754,
		1,
	},
	[0.05] = {
		-0.76966,
		0.638015,
		-0.023671,
		0,
		0.612778,
		0.727792,
		-0.307932,
		0,
		-0.179237,
		-0.251508,
		-0.951114,
		0,
		0.011162,
		-0.031591,
		-0.482419,
		1,
	},
	[0.06666666666666667] = {
		-0.776211,
		0.579431,
		-0.248506,
		0,
		0.626848,
		0.667061,
		-0.402606,
		0,
		-0.067514,
		-0.468283,
		-0.880996,
		0,
		-0.022716,
		-0.039146,
		-0.428151,
		1,
	},
	[0.08333333333333333] = {
		-0.746153,
		0.483927,
		-0.457242,
		0,
		0.665695,
		0.552894,
		-0.501158,
		0,
		0.010282,
		-0.678324,
		-0.734691,
		0,
		-0.064442,
		-0.04792,
		-0.373174,
		1,
	},
	[0] = {
		-0.725124,
		0.583494,
		0.365689,
		0,
		0.572456,
		0.805941,
		-0.150841,
		0,
		-0.382739,
		0.099963,
		-0.918433,
		0,
		0.038595,
		-0.020082,
		-0.538864,
		1,
	},
	[0.11666666666666667] = {
		-0.637897,
		0.251685,
		-0.727833,
		0,
		0.76368,
		0.328707,
		-0.555647,
		0,
		0.099396,
		-0.910278,
		-0.401889,
		0,
		-0.14732,
		-0.058598,
		-0.263174,
		1,
	},
	[0.13333333333333333] = {
		-0.592381,
		0.162244,
		-0.789152,
		0,
		0.795569,
		0.272328,
		-0.541209,
		0,
		0.1271,
		-0.948427,
		-0.290398,
		0,
		-0.182897,
		-0.060571,
		-0.217234,
		1,
	},
	[0.15] = {
		-0.56527,
		0.107491,
		-0.817873,
		0,
		0.81335,
		0.238004,
		-0.530863,
		0,
		0.137594,
		-0.965298,
		-0.221964,
		0,
		-0.218825,
		-0.060602,
		-0.18595,
		1,
	},
	[0.16666666666666666] = {
		-0.553202,
		0.077434,
		-0.82944,
		0,
		0.818046,
		0.238596,
		-0.523328,
		0,
		0.157377,
		-0.968027,
		-0.195336,
		0,
		-0.254557,
		-0.058473,
		-0.164082,
		1,
	},
	[0.18333333333333332] = {
		-0.549484,
		0.070049,
		-0.832563,
		0,
		0.815905,
		0.259556,
		-0.516652,
		0,
		0.179906,
		-0.963184,
		-0.199775,
		0,
		-0.289537,
		-0.053247,
		-0.146033,
		1,
	},
	[0.1] = {
		-0.693635,
		0.367398,
		-0.619587,
		0,
		0.717976,
		0.422051,
		-0.553518,
		0,
		0.058136,
		-0.828789,
		-0.556533,
		0,
		-0.107987,
		-0.054737,
		-0.318527,
		1,
	},
	[0.21666666666666667] = {
		-0.538344,
		0.143897,
		-0.830349,
		0,
		0.824558,
		0.29343,
		-0.483739,
		0,
		0.174041,
		-0.945089,
		-0.276618,
		0,
		-0.35505,
		-0.03168,
		-0.117322,
		1,
	},
	[0.23333333333333334] = {
		-0.518354,
		0.247833,
		-0.818467,
		0,
		0.847025,
		0.280539,
		-0.451494,
		0,
		0.117716,
		-0.927295,
		-0.355339,
		0,
		-0.383298,
		-0.001734,
		-0.10668,
		1,
	},
	[0.25] = {
		-0.468758,
		0.345739,
		-0.812853,
		0,
		0.882971,
		0.209504,
		-0.420084,
		0,
		0.025057,
		-0.914644,
		-0.403484,
		0,
		-0.406291,
		0.049721,
		-0.096937,
		1,
	},
	[0.26666666666666666] = {
		-0.356271,
		0.396437,
		-0.846114,
		0,
		0.931294,
		0.077093,
		-0.356016,
		0,
		-0.075908,
		-0.914819,
		-0.396665,
		0,
		-0.423523,
		0.112848,
		-0.089458,
		1,
	},
	[0.2833333333333333] = {
		-0.19896,
		0.395186,
		-0.896796,
		0,
		0.965951,
		-0.075357,
		-0.247509,
		0,
		-0.165392,
		-0.915505,
		-0.366737,
		0,
		-0.43843,
		0.197367,
		-0.083653,
		1,
	},
	[0.2] = {
		-0.54721,
		0.090239,
		-0.832117,
		0,
		0.816282,
		0.277344,
		-0.50672,
		0,
		0.185056,
		-0.956524,
		-0.225425,
		0,
		-0.323205,
		-0.043859,
		-0.130049,
		1,
	},
	[0.31666666666666665] = {
		0.063298,
		0.067385,
		-0.995717,
		0,
		0.862841,
		-0.505052,
		0.020672,
		0,
		-0.501496,
		-0.860454,
		-0.090112,
		0,
		-0.381711,
		0.451745,
		-0.078163,
		1,
	},
	[0.3333333333333333] = {
		0.047881,
		-0.043055,
		-0.997925,
		0,
		0.548888,
		-0.833571,
		0.0623,
		0,
		-0.834523,
		-0.550732,
		-0.01628,
		0,
		-0.274347,
		0.585146,
		-0.073024,
		1,
	},
	[0.35] = {
		-0.160283,
		-0.156222,
		-0.97463,
		0,
		-0.408308,
		-0.888465,
		0.209559,
		0,
		-0.898662,
		0.431539,
		0.07862,
		0,
		-0.09052,
		0.664189,
		-0.087247,
		1,
	},
	[0.36666666666666664] = {
		-0.101125,
		0.115753,
		-0.988117,
		0,
		-0.903731,
		-0.425977,
		0.042588,
		0,
		-0.415985,
		0.897299,
		0.147687,
		0,
		0.227359,
		0.662219,
		-0.086186,
		1,
	},
	[0.38333333333333336] = {
		-0.039329,
		0.178369,
		-0.983177,
		0,
		-0.996283,
		0.06847,
		0.052275,
		0,
		0.076643,
		0.981578,
		0.175013,
		0,
		0.427425,
		0.56329,
		-0.068912,
		1,
	},
	[0.3] = {
		-0.03525,
		0.267632,
		-0.962876,
		0,
		0.95376,
		-0.278761,
		-0.112398,
		0,
		-0.298494,
		-0.922315,
		-0.245431,
		0,
		-0.423611,
		0.315287,
		-0.081118,
		1,
	},
	[0.4166666666666667] = {
		-0.044689,
		0.219638,
		-0.974557,
		0,
		-0.810412,
		0.56246,
		0.163925,
		0,
		0.584154,
		0.797118,
		0.152861,
		0,
		0.642542,
		0.349505,
		-0.04146,
		1,
	},
	[0.43333333333333335] = {
		-0.032284,
		0.239729,
		-0.970303,
		0,
		-0.754381,
		0.630991,
		0.180997,
		0,
		0.655643,
		0.737821,
		0.160476,
		0,
		0.714842,
		0.265079,
		-0.051292,
		1,
	},
	[0.45] = {
		-0.0419,
		0.262202,
		-0.964103,
		0,
		-0.73313,
		0.647512,
		0.207963,
		0,
		0.678797,
		0.715526,
		0.165097,
		0,
		0.773412,
		0.196224,
		-0.062709,
		1,
	},
	[0.4666666666666667] = {
		-0.056005,
		0.292617,
		-0.954588,
		0,
		-0.725249,
		0.645181,
		0.240322,
		0,
		0.686205,
		0.705774,
		0.176087,
		0,
		0.815791,
		0.134013,
		-0.079013,
		1,
	},
	[0.48333333333333334] = {
		-0.075274,
		0.333018,
		-0.939911,
		0,
		-0.727964,
		0.62582,
		0.280032,
		0,
		0.681471,
		0.705301,
		0.195317,
		0,
		0.840268,
		0.07583,
		-0.103512,
		1,
	},
	[0.4] = {
		-0.05027,
		0.208613,
		-0.976705,
		0,
		-0.918764,
		0.373781,
		0.127123,
		0,
		0.391594,
		0.903752,
		0.172876,
		0,
		0.5611,
		0.455396,
		-0.04717,
		1,
	},
	[0.5166666666666667] = {
		-0.131314,
		0.428999,
		-0.893709,
		0,
		-0.749783,
		0.546781,
		0.372633,
		0,
		0.648523,
		0.71902,
		0.249856,
		0,
		0.847936,
		-0.024084,
		-0.187775,
		1,
	},
	[0.5333333333333333] = {
		-0.167858,
		0.473698,
		-0.864543,
		0,
		-0.761262,
		0.494913,
		0.418976,
		0,
		0.626341,
		0.728472,
		0.277534,
		0,
		0.840858,
		-0.068972,
		-0.236198,
		1,
	},
	[0.55] = {
		-0.20816,
		0.516717,
		-0.830465,
		0,
		-0.768543,
		0.43877,
		0.465642,
		0,
		0.604988,
		0.735177,
		0.305786,
		0,
		0.827677,
		-0.110906,
		-0.284191,
		1,
	},
	[0.5666666666666667] = {
		-0.25149,
		0.558121,
		-0.79073,
		0,
		-0.768413,
		0.381599,
		0.513736,
		0,
		0.588468,
		0.736806,
		0.332899,
		0,
		0.812436,
		-0.149556,
		-0.333828,
		1,
	},
	[0.5833333333333334] = {
		-0.299976,
		0.591283,
		-0.748598,
		0,
		-0.754243,
		0.333456,
		0.565619,
		0,
		0.584065,
		0.734297,
		0.345942,
		0,
		0.794118,
		-0.184277,
		-0.382825,
		1,
	},
	[0.5] = {
		-0.100322,
		0.380374,
		-0.919376,
		0,
		-0.737476,
		0.591848,
		0.325339,
		0,
		0.667881,
		0.710656,
		0.221141,
		0,
		0.848486,
		0.023516,
		-0.140801,
		1,
	},
	[0.6166666666666667] = {
		-0.416933,
		0.627678,
		-0.65741,
		0,
		-0.653114,
		0.296138,
		0.696954,
		0,
		0.632146,
		0.719947,
		0.286475,
		0,
		0.743811,
		-0.237942,
		-0.472218,
		1,
	},
	[0.6333333333333333] = {
		-0.491094,
		0.627148,
		-0.604576,
		0,
		-0.531265,
		0.334393,
		0.778421,
		0,
		0.690351,
		0.703468,
		0.168964,
		0,
		0.709325,
		-0.253439,
		-0.512441,
		1,
	},
	[0.65] = {
		-0.573863,
		0.620109,
		-0.534926,
		0,
		-0.344814,
		0.409509,
		0.844633,
		0,
		0.742822,
		0.669154,
		-0.02118,
		0,
		0.668381,
		-0.259931,
		-0.545856,
		1,
	},
	[0.6666666666666666] = {
		-0.651114,
		0.614509,
		-0.445454,
		0,
		-0.125531,
		0.491637,
		0.861705,
		0,
		0.748527,
		0.616986,
		-0.242972,
		0,
		0.617769,
		-0.257221,
		-0.570928,
		1,
	},
	[0.6833333333333333] = {
		-0.710129,
		0.612313,
		-0.347549,
		0,
		0.079178,
		0.559947,
		0.824737,
		0,
		0.699606,
		0.558151,
		-0.446116,
		0,
		0.561571,
		-0.247605,
		-0.589374,
		1,
	},
	[0.6] = {
		-0.354843,
		0.614939,
		-0.704228,
		0,
		-0.71886,
		0.302149,
		0.626056,
		0,
		0.597767,
		0.728393,
		0.33484,
		0,
		0.771742,
		-0.214324,
		-0.428848,
		1,
	},
	[0.7166666666666667] = {
		-0.773732,
		0.607632,
		-0.179225,
		0,
		0.326481,
		0.624899,
		0.709163,
		0,
		0.542908,
		0.490188,
		-0.681885,
		0,
		0.473027,
		-0.219326,
		-0.610737,
		1,
	},
	[0.7333333333333333] = {
		-0.787938,
		0.606741,
		-0.104972,
		0,
		0.403396,
		0.63744,
		0.656462,
		0,
		0.465216,
		0.474906,
		-0.74702,
		0,
		0.445502,
		-0.203328,
		-0.614254,
		1,
	},
	[0.75] = {
		-0.793578,
		0.607406,
		-0.035952,
		0,
		0.463583,
		0.641829,
		0.610857,
		0,
		0.394113,
		0.468096,
		-0.790924,
		0,
		0.427203,
		-0.184791,
		-0.61531,
		1,
	},
	[0.7666666666666667] = {
		-0.792308,
		0.609529,
		0.02688,
		0,
		0.511107,
		0.639023,
		0.574821,
		0,
		0.333193,
		0.469174,
		-0.817838,
		0,
		0.416211,
		-0.16538,
		-0.61605,
		1,
	},
	[0.7833333333333333] = {
		-0.785583,
		0.613216,
		0.082616,
		0,
		0.549261,
		0.629628,
		0.549437,
		0,
		0.284906,
		0.477006,
		-0.831441,
		0,
		0.410513,
		-0.146758,
		-0.616596,
		1,
	},
	[0.7] = {
		-0.749485,
		0.609691,
		-0.257969,
		0,
		0.227377,
		0.603035,
		0.764623,
		0,
		0.621749,
		0.514417,
		-0.590596,
		0,
		0.510871,
		-0.233994,
		-0.602623,
		1,
	},
	[0.8166666666666667] = {
		-0.759804,
		0.627442,
		0.170335,
		0,
		0.607959,
		0.592831,
		0.528145,
		0,
		0.230401,
		0.504843,
		-0.831895,
		0,
		0.409803,
		-0.110232,
		-0.614822,
		1,
	},
	[0.8333333333333334] = {
		-0.743294,
		0.637635,
		0.202326,
		0,
		0.631066,
		0.56799,
		0.528339,
		0,
		0.221968,
		0.520393,
		-0.824574,
		0,
		0.410871,
		-0.092924,
		-0.613558,
		1,
	},
	[0.85] = {
		-0.726339,
		0.648588,
		0.227519,
		0,
		0.650514,
		0.541784,
		0.532261,
		0,
		0.221952,
		0.534606,
		-0.815435,
		0,
		0.411657,
		-0.07789,
		-0.612744,
		1,
	},
	[0.8666666666666667] = {
		-0.709998,
		0.659343,
		0.247325,
		0,
		0.666824,
		0.516576,
		0.537118,
		0,
		0.226383,
		0.546274,
		-0.806434,
		0,
		0.409508,
		-0.065369,
		-0.612174,
		1,
	},
	[0.8833333333333333] = {
		-0.693758,
		0.670454,
		0.263042,
		0,
		0.681743,
		0.493575,
		0.54001,
		0,
		0.232222,
		0.553963,
		-0.799499,
		0,
		0.402047,
		-0.056208,
		-0.611512,
		1,
	},
	[0.8] = {
		-0.774421,
		0.619056,
		0.130546,
		0,
		0.580894,
		0.613987,
		0.534399,
		0,
		0.250669,
		0.489683,
		-0.83509,
		0,
		0.409302,
		-0.128585,
		-0.616011,
		1,
	},
	[0.9166666666666666] = {
		-0.662278,
		0.692828,
		0.285268,
		0,
		0.709636,
		0.45784,
		0.535537,
		0,
		0.240428,
		0.557111,
		-0.794872,
		0,
		0.373478,
		-0.053486,
		-0.611292,
		1,
	},
	[0.9333333333333333] = {
		-0.650294,
		0.702293,
		0.289659,
		0,
		0.717906,
		0.443407,
		0.536657,
		0,
		0.248454,
		0.556933,
		-0.792525,
		0,
		0.360232,
		-0.056054,
		-0.612406,
		1,
	},
	[0.95] = {
		-0.640366,
		0.711133,
		0.29021,
		0,
		0.722795,
		0.430138,
		0.540878,
		0,
		0.259806,
		0.556122,
		-0.789449,
		0,
		0.349243,
		-0.0596,
		-0.614209,
		1,
	},
	[0.9666666666666667] = {
		-0.632697,
		0.718837,
		0.288041,
		0,
		0.724589,
		0.41828,
		0.547734,
		0,
		0.27325,
		0.555261,
		-0.785506,
		0,
		0.338766,
		-0.064563,
		-0.616368,
		1,
	},
	[0.9833333333333333] = {
		-0.627515,
		0.724917,
		0.284115,
		0,
		0.723509,
		0.408077,
		0.556783,
		0,
		0.28768,
		0.554949,
		-0.780558,
		0,
		0.330953,
		-0.070897,
		-0.61927,
		1,
	},
	[0.9] = {
		-0.677124,
		0.682151,
		0.275996,
		0,
		0.696881,
		0.473974,
		0.538244,
		0,
		0.236348,
		0.556794,
		-0.796316,
		0,
		0.388992,
		-0.052573,
		-0.611089,
		1,
	},
	[1.0166666666666666] = {
		-0.62177,
		0.732666,
		0.276772,
		0,
		0.719569,
		0.394868,
		0.571227,
		0,
		0.30923,
		0.554328,
		-0.772721,
		0,
		0.328056,
		-0.082034,
		-0.622804,
		1,
	},
	[1.0333333333333334] = {
		-0.619493,
		0.735053,
		0.275546,
		0,
		0.719984,
		0.392158,
		0.572568,
		0,
		0.31281,
		0.553091,
		-0.772166,
		0,
		0.32809,
		-0.083954,
		-0.623236,
		1,
	},
	[1.05] = {
		-0.617941,
		0.736512,
		0.275134,
		0,
		0.720863,
		0.391052,
		0.572219,
		0,
		0.313855,
		0.551932,
		-0.772572,
		0,
		0.328115,
		-0.083924,
		-0.623216,
		1,
	},
	[1.0666666666666667] = {
		-0.617657,
		0.736626,
		0.275466,
		0,
		0.721611,
		0.391565,
		0.570924,
		0,
		0.312695,
		0.551415,
		-0.77341,
		0,
		0.32812,
		-0.083922,
		-0.622906,
		1,
	},
	[1.0833333333333333] = {
		-0.618733,
		0.735391,
		0.276351,
		0,
		0.721853,
		0.393381,
		0.569369,
		0,
		0.309997,
		0.551772,
		-0.774241,
		0,
		0.328105,
		-0.083948,
		-0.622473,
		1,
	},
	{
		-0.624696,
		0.729267,
		0.279151,
		0,
		0.719955,
		0.399482,
		0.56752,
		0,
		0.302358,
		0.555504,
		-0.774594,
		0,
		0.327957,
		-0.077196,
		-0.621774,
		1,
	},
	[1.1166666666666667] = {
		-0.62187,
		0.732118,
		0.277996,
		0,
		0.721185,
		0.397027,
		0.567681,
		0,
		0.305238,
		0.55351,
		-0.774891,
		0,
		0.328058,
		-0.084016,
		-0.621916,
		1,
	},
	[1.1] = {
		-0.620394,
		0.733616,
		0.277344,
		0,
		0.721677,
		0.395525,
		0.568104,
		0,
		0.307074,
		0.552601,
		-0.774815,
		0,
		0.32808,
		-0.083985,
		-0.622086,
		1,
	},
}

return spline_matrices
