-- chunkname: @content/characters/player/human/first_person/animations/assault_shield_maul/attack_stab.lua

local spline_matrices = {
	[0.016666666666666666] = {
		-0.453094,
		0.72835,
		-0.514016,
		0,
		-0.5057,
		0.26485,
		0.82105,
		0,
		0.734148,
		0.631951,
		0.248324,
		0,
		0.404446,
		-0.44081,
		-0.292976,
		1,
	},
	[0.03333333333333333] = {
		-0.447819,
		0.736734,
		-0.506638,
		0,
		-0.495116,
		0.267499,
		0.826622,
		0,
		0.744526,
		0.621022,
		0.244977,
		0,
		0.405439,
		-0.440712,
		-0.29333,
		1,
	},
	[0.05] = {
		-0.43995,
		0.748718,
		-0.495847,
		0,
		-0.479453,
		0.271037,
		0.834664,
		0,
		0.759321,
		0.604946,
		0.239733,
		0,
		0.406822,
		-0.440559,
		-0.293908,
		1,
	},
	[0.06666666666666667] = {
		-0.430267,
		0.762681,
		-0.482895,
		0,
		-0.460353,
		0.274765,
		0.844144,
		0,
		0.776495,
		0.58551,
		0.23288,
		0,
		0.408374,
		-0.440359,
		-0.294703,
		1,
	},
	[0.08333333333333333] = {
		-0.419673,
		0.777101,
		-0.46903,
		0,
		-0.439519,
		0.278134,
		0.854087,
		0,
		0.794165,
		0.564585,
		0.224825,
		0,
		0.409886,
		-0.440122,
		-0.295703,
		1,
	},
	[0] = {
		-0.45503,
		0.725203,
		-0.516748,
		0,
		-0.509591,
		0.26382,
		0.818973,
		0,
		0.73025,
		0.635987,
		0.249511,
		0,
		0.404064,
		-0.440844,
		-0.292856,
		1,
	},
	[0.11666666666666667] = {
		-0.399948,
		0.80202,
		-0.443629,
		0,
		-0.400174,
		0.282649,
		0.871763,
		0,
		0.824562,
		0.526188,
		0.207903,
		0,
		0.412153,
		-0.439602,
		-0.298094,
		1,
	},
	[0.13333333333333333] = {
		-0.392913,
		0.810282,
		-0.434813,
		0,
		-0.386211,
		0.283711,
		0.877695,
		0,
		0.834542,
		0.512788,
		0.201466,
		0,
		0.41286,
		-0.439372,
		-0.299041,
		1,
	},
	[0.15] = {
		-0.389683,
		0.814361,
		-0.430075,
		0,
		-0.378904,
		0.283864,
		0.880825,
		0,
		0.839392,
		0.506199,
		0.197948,
		0,
		0.4133,
		-0.439039,
		-0.299721,
		1,
	},
	[0.16666666666666666] = {
		-0.391897,
		0.813126,
		-0.430398,
		0,
		-0.380355,
		0.28277,
		0.880552,
		0,
		0.837703,
		0.50879,
		0.19846,
		0,
		0.413564,
		-0.438369,
		-0.300148,
		1,
	},
	[0.18333333333333332] = {
		-0.400828,
		0.805252,
		-0.436928,
		0,
		-0.392565,
		0.279954,
		0.876081,
		0,
		0.827786,
		0.522681,
		0.2039,
		0,
		0.41363,
		-0.437238,
		-0.300296,
		1,
	},
	[0.1] = {
		-0.40923,
		0.790611,
		-0.455484,
		0,
		-0.418722,
		0.280804,
		0.863609,
		0,
		0.81068,
		0.544136,
		0.216133,
		0,
		0.411161,
		-0.439862,
		-0.2969,
		1,
	},
	[0.21666666666666667] = {
		-0.441552,
		0.761797,
		-0.474023,
		0,
		-0.456625,
		0.263984,
		0.849592,
		0,
		0.772351,
		0.591589,
		0.231293,
		0,
		0.412862,
		-0.433019,
		-0.299666,
		1,
	},
	[0.23333333333333334] = {
		-0.472265,
		0.720498,
		-0.507788,
		0,
		-0.511139,
		0.245483,
		0.823696,
		0,
		0.718125,
		0.648553,
		0.252342,
		0,
		0.411713,
		-0.429615,
		-0.298832,
		1,
	},
	[0.25] = {
		-0.496536,
		0.64445,
		-0.581494,
		0,
		-0.624736,
		0.199764,
		0.754851,
		0,
		0.602625,
		0.738091,
		0.303422,
		0,
		0.376336,
		-0.279211,
		-0.281667,
		1,
	},
	[0.26666666666666666] = {
		-0.544503,
		0.501705,
		-0.672167,
		0,
		-0.730161,
		0.110852,
		0.674223,
		0,
		0.412772,
		0.857907,
		0.305967,
		0,
		0.313592,
		-0.029955,
		-0.256099,
		1,
	},
	[0.2833333333333333] = {
		-0.665913,
		0.213694,
		-0.714769,
		0,
		-0.733348,
		-0.011601,
		0.679754,
		0,
		0.136967,
		0.976832,
		0.164437,
		0,
		0.246907,
		0.190272,
		-0.239553,
		1,
	},
	[0.2] = {
		-0.417339,
		0.788959,
		-0.450968,
		0,
		-0.417442,
		0.274359,
		0.866297,
		0,
		0.807199,
		0.549792,
		0.214844,
		0,
		0.413437,
		-0.435506,
		-0.300141,
		1,
	},
	[0.31666666666666665] = {
		-0.325286,
		0.155751,
		-0.932701,
		0,
		-0.935672,
		-0.195677,
		0.293646,
		0,
		-0.136772,
		0.968221,
		0.209383,
		0,
		0.155313,
		0.565442,
		-0.154964,
		1,
	},
	[0.3333333333333333] = {
		-0.176496,
		0.161775,
		-0.970916,
		0,
		-0.971871,
		-0.184912,
		0.14586,
		0,
		-0.155938,
		0.969348,
		0.189861,
		0,
		0.130013,
		0.609581,
		-0.091296,
		1,
	},
	[0.35] = {
		-0.14619,
		0.1859,
		-0.971633,
		0,
		-0.97335,
		-0.202453,
		0.107713,
		0,
		-0.176686,
		0.961485,
		0.210542,
		0,
		0.133871,
		0.591592,
		-0.097716,
		1,
	},
	[0.36666666666666664] = {
		-0.137094,
		0.188647,
		-0.972429,
		0,
		-0.974001,
		-0.204414,
		0.09766,
		0,
		-0.180355,
		0.960535,
		0.211766,
		0,
		0.134319,
		0.59187,
		-0.09257,
		1,
	},
	[0.38333333333333336] = {
		-0.141379,
		0.173033,
		-0.974716,
		0,
		-0.97356,
		-0.202755,
		0.105218,
		0,
		-0.179422,
		0.963821,
		0.197123,
		0,
		0.133284,
		0.592556,
		-0.094128,
		1,
	},
	[0.3] = {
		-0.53685,
		0.137724,
		-0.832361,
		0,
		-0.843169,
		-0.121822,
		0.523665,
		0,
		-0.029279,
		0.98295,
		0.181525,
		0,
		0.196918,
		0.391411,
		-0.201596,
		1,
	},
	[0.4166666666666667] = {
		-0.160201,
		0.149816,
		-0.975649,
		0,
		-0.969601,
		-0.20909,
		0.127101,
		0,
		-0.184956,
		0.966352,
		0.178758,
		0,
		0.128183,
		0.595327,
		-0.091571,
		1,
	},
	[0.43333333333333335] = {
		-0.166885,
		0.144092,
		-0.975391,
		0,
		-0.967778,
		-0.213129,
		0.134098,
		0,
		-0.188561,
		0.96634,
		0.175017,
		0,
		0.125291,
		0.597636,
		-0.087224,
		1,
	},
	[0.45] = {
		-0.175973,
		0.139598,
		-0.974446,
		0,
		-0.96538,
		-0.218099,
		0.143091,
		0,
		-0.19255,
		0.965891,
		0.173145,
		0,
		0.123068,
		0.600019,
		-0.083158,
		1,
	},
	[0.4666666666666667] = {
		-0.191039,
		0.134598,
		-0.97231,
		0,
		-0.961698,
		-0.224034,
		0.157941,
		0,
		-0.196572,
		0.965242,
		0.172242,
		0,
		0.12173,
		0.601938,
		-0.080696,
		1,
	},
	[0.48333333333333334] = {
		-0.216119,
		0.127571,
		-0.967997,
		0,
		-0.955653,
		-0.230773,
		0.18295,
		0,
		-0.200049,
		0.964608,
		0.171789,
		0,
		0.121819,
		0.602861,
		-0.080218,
		1,
	},
	[0.4] = {
		-0.152261,
		0.158511,
		-0.975546,
		0,
		-0.971454,
		-0.20568,
		0.118203,
		0,
		-0.181914,
		0.965697,
		0.185303,
		0,
		0.130971,
		0.593569,
		-0.094893,
		1,
	},
	[0.5166666666666667] = {
		-0.307275,
		0.107585,
		-0.94552,
		0,
		-0.929398,
		-0.247399,
		0.273886,
		0,
		-0.204455,
		0.962922,
		0.176008,
		0,
		0.128827,
		0.602106,
		-0.086259,
		1,
	},
	[0.5333333333333333] = {
		-0.357185,
		0.098928,
		-0.92878,
		0,
		-0.910212,
		-0.260009,
		0.322349,
		0,
		-0.209601,
		0.960525,
		0.182917,
		0,
		0.136877,
		0.601126,
		-0.093927,
		1,
	},
	[0.55] = {
		-0.405281,
		0.092703,
		-0.90948,
		0,
		-0.887912,
		-0.276737,
		0.367462,
		0,
		-0.217622,
		0.956464,
		0.194468,
		0,
		0.147732,
		0.599179,
		-0.105508,
		1,
	},
	[0.5666666666666667] = {
		-0.457245,
		0.087066,
		-0.885068,
		0,
		-0.859984,
		-0.296875,
		0.415082,
		0,
		-0.226615,
		0.950939,
		0.21062,
		0,
		0.159432,
		0.595982,
		-0.120188,
		1,
	},
	[0.5833333333333334] = {
		-0.512568,
		0.08101,
		-0.854817,
		0,
		-0.825795,
		-0.319248,
		0.464911,
		0,
		-0.235236,
		0.944202,
		0.230534,
		0,
		0.171465,
		0.591964,
		-0.136531,
		1,
	},
	[0.5] = {
		-0.256529,
		0.117958,
		-0.959312,
		0,
		-0.945174,
		-0.238137,
		0.223467,
		0,
		-0.202088,
		0.964042,
		0.17258,
		0,
		0.124136,
		0.602719,
		-0.081906,
		1,
	},
	[0.6166666666666667] = {
		-0.615237,
		0.067578,
		-0.785441,
		0,
		-0.747666,
		-0.36592,
		0.554164,
		0,
		-0.249959,
		0.92819,
		0.275653,
		0,
		0.200583,
		0.602538,
		-0.172533,
		1,
	},
	[0.6333333333333333] = {
		-0.653624,
		0.061691,
		-0.754301,
		0,
		-0.711909,
		-0.388341,
		0.58513,
		0,
		-0.256828,
		0.919449,
		0.297748,
		0,
		0.219917,
		0.609725,
		-0.191963,
		1,
	},
	[0.65] = {
		-0.679592,
		0.05792,
		-0.7313,
		0,
		-0.684296,
		-0.409308,
		0.603494,
		0,
		-0.264373,
		0.910556,
		0.317797,
		0,
		0.243447,
		0.607795,
		-0.211799,
		1,
	},
	[0.6666666666666666] = {
		-0.690807,
		0.05791,
		-0.720716,
		0,
		-0.669227,
		-0.42856,
		0.607019,
		0,
		-0.273718,
		0.901656,
		0.334807,
		0,
		0.271982,
		0.588856,
		-0.231612,
		1,
	},
	[0.6833333333333333] = {
		-0.676244,
		0.049544,
		-0.73501,
		0,
		-0.669939,
		-0.456326,
		0.585617,
		0,
		-0.306391,
		0.888432,
		0.341779,
		0,
		0.318881,
		0.546245,
		-0.251908,
		1,
	},
	[0.6] = {
		-0.567092,
		0.074287,
		-0.820298,
		0,
		-0.78702,
		-0.342589,
		0.513061,
		0,
		-0.242912,
		0.936544,
		0.252745,
		0,
		0.184667,
		0.594159,
		-0.153914,
		1,
	},
	[0.7166666666666667] = {
		-0.59377,
		0.030617,
		-0.804052,
		0,
		-0.693977,
		-0.525221,
		0.492483,
		0,
		-0.407227,
		0.850415,
		0.333108,
		0,
		0.456198,
		0.409329,
		-0.301519,
		1,
	},
	[0.7333333333333333] = {
		-0.567678,
		0.053836,
		-0.821488,
		0,
		-0.710331,
		-0.536431,
		0.45571,
		0,
		-0.416138,
		0.842225,
		0.342762,
		0,
		0.513338,
		0.330617,
		-0.334115,
		1,
	},
	[0.75] = {
		-0.580543,
		0.118151,
		-0.805612,
		0,
		-0.731131,
		-0.5111,
		0.451912,
		0,
		-0.358354,
		0.851362,
		0.3831,
		0,
		0.540724,
		0.255034,
		-0.373973,
		1,
	},
	[0.7666666666666667] = {
		-0.638963,
		0.264422,
		-0.722362,
		0,
		-0.750433,
		-0.420638,
		0.509818,
		0,
		-0.169046,
		0.867839,
		0.467203,
		0,
		0.52525,
		0.164443,
		-0.438991,
		1,
	},
	[0.7833333333333333] = {
		-0.667139,
		0.484117,
		-0.566177,
		0,
		-0.731552,
		-0.282365,
		0.620565,
		0,
		0.140558,
		0.828191,
		0.542533,
		0,
		0.482418,
		0.055857,
		-0.526718,
		1,
	},
	[0.7] = {
		-0.637586,
		0.034084,
		-0.769625,
		0,
		-0.680403,
		-0.493443,
		0.541818,
		0,
		-0.361299,
		0.86911,
		0.337803,
		0,
		0.385832,
		0.483783,
		-0.274648,
		1,
	},
	[0.8166666666666667] = {
		-0.532951,
		0.798606,
		-0.279627,
		0,
		-0.580114,
		-0.104283,
		0.807832,
		0,
		0.61598,
		0.592751,
		0.51886,
		0,
		0.416485,
		-0.07954,
		-0.643236,
		1,
	},
	[0.8333333333333334] = {
		-0.479625,
		0.848655,
		-0.223036,
		0,
		-0.534916,
		-0.081292,
		0.840986,
		0,
		0.695576,
		0.522663,
		0.492948,
		0,
		0.418551,
		-0.082488,
		-0.645967,
		1,
	},
	[0.85] = {
		-0.43752,
		0.88011,
		-0.184344,
		0,
		-0.500682,
		-0.06815,
		0.862944,
		0,
		0.746923,
		0.469853,
		0.470472,
		0,
		0.41959,
		-0.084551,
		-0.648123,
		1,
	},
	[0.8666666666666667] = {
		-0.408265,
		0.898769,
		-0.159791,
		0,
		-0.47751,
		-0.061077,
		0.876501,
		0,
		0.778013,
		0.434146,
		0.454107,
		0,
		0.420018,
		-0.085852,
		-0.649656,
		1,
	},
	[0.8833333333333333] = {
		-0.391555,
		0.908431,
		-0.146416,
		0,
		-0.46447,
		-0.057767,
		0.883703,
		0,
		0.794325,
		0.414024,
		0.444558,
		0,
		0.420079,
		-0.086518,
		-0.650598,
		1,
	},
	[0.8] = {
		-0.612537,
		0.685667,
		-0.393268,
		0,
		-0.656224,
		-0.163765,
		0.73658,
		0,
		0.440646,
		0.709254,
		0.550263,
		0,
		0.436898,
		-0.037801,
		-0.606506,
		1,
	},
	[0.9166666666666666] = {
		-0.390011,
		0.909317,
		-0.145027,
		0,
		-0.46339,
		-0.057718,
		0.884273,
		0,
		0.795714,
		0.412081,
		0.443879,
		0,
		0.419512,
		-0.086578,
		-0.650996,
		1,
	},
	[0.9333333333333333] = {
		-0.401447,
		0.902835,
		-0.154043,
		0,
		-0.472439,
		-0.060041,
		0.879316,
		0,
		0.784628,
		0.425775,
		0.450638,
		0,
		0.418977,
		-0.086188,
		-0.650615,
		1,
	},
	[0.95] = {
		-0.418295,
		0.892672,
		-0.16783,
		0,
		-0.485881,
		-0.063792,
		0.871694,
		0,
		0.76743,
		0.44617,
		0.460417,
		0,
		0.418292,
		-0.085589,
		-0.64997,
		1,
	},
	[0.9666666666666667] = {
		-0.438448,
		0.87947,
		-0.185193,
		0,
		-0.502182,
		-0.068838,
		0.862018,
		0,
		0.74537,
		0.470951,
		0.471836,
		0,
		0.417468,
		-0.084883,
		-0.64915,
		1,
	},
	[0.9833333333333333] = {
		-0.459836,
		0.864064,
		-0.204802,
		0,
		-0.519797,
		-0.07492,
		0.850998,
		0,
		0.719973,
		0.497775,
		0.483589,
		0,
		0.416529,
		-0.08418,
		-0.648243,
		1,
	},
	[0.9] = {
		-0.386058,
		0.911475,
		-0.142031,
		0,
		-0.460241,
		-0.056879,
		0.88597,
		0,
		0.799461,
		0.407405,
		0.441457,
		0,
		0.419889,
		-0.086711,
		-0.65102,
		1,
	},
	[1.0166666666666666] = {
		-0.49872,
		0.831578,
		-0.244451,
		0,
		-0.552997,
		-0.088097,
		0.828513,
		0,
		0.667438,
		0.548376,
		0.503796,
		0,
		0.414511,
		-0.083243,
		-0.646504,
		1,
	},
	[1.0333333333333334] = {
		-0.512949,
		0.817815,
		-0.260887,
		0,
		-0.565811,
		-0.093555,
		0.81921,
		0,
		0.645555,
		0.567826,
		0.510718,
		0,
		0.413597,
		-0.083248,
		-0.645819,
		1,
	},
	[1.05] = {
		-0.521878,
		0.80833,
		-0.27248,
		0,
		-0.574424,
		-0.096873,
		0.812806,
		0,
		0.630619,
		0.580705,
		0.51488,
		0,
		0.412885,
		-0.083725,
		-0.645344,
		1,
	},
	[1.0666666666666667] = {
		-0.524236,
		0.805162,
		-0.277291,
		0,
		-0.577634,
		-0.096959,
		0.810517,
		0,
		0.625712,
		0.585075,
		0.515919,
		0,
		0.412488,
		-0.084792,
		-0.645138,
		1,
	},
	[1.0833333333333333] = {
		-0.522823,
		0.805796,
		-0.278117,
		0,
		-0.577741,
		-0.095057,
		0.810666,
		0,
		0.626794,
		0.584514,
		0.51524,
		0,
		0.412284,
		-0.086221,
		-0.645078,
		1,
	},
	{
		-0.48051,
		0.847601,
		-0.22513,
		0,
		-0.537215,
		-0.081575,
		0.839491,
		0,
		0.693188,
		0.524327,
		0.494541,
		0,
		0.41552,
		-0.083594,
		-0.647335,
		1,
	},
	[1.1166666666666667] = {
		-0.519849,
		0.807105,
		-0.279892,
		0,
		-0.57802,
		-0.091081,
		0.810923,
		0,
		0.629007,
		0.583341,
		0.513871,
		0,
		0.411905,
		-0.089207,
		-0.644914,
		1,
	},
	[1.1333333333333333] = {
		-0.518392,
		0.807705,
		-0.28086,
		0,
		-0.578242,
		-0.089121,
		0.810983,
		0,
		0.630004,
		0.582812,
		0.513249,
		0,
		0.411795,
		-0.090681,
		-0.64478,
		1,
	},
	[1.15] = {
		-0.517087,
		0.808178,
		-0.281904,
		0,
		-0.578563,
		-0.087303,
		0.810952,
		0,
		0.630782,
		0.582432,
		0.512725,
		0,
		0.411801,
		-0.092052,
		-0.644581,
		1,
	},
	[1.1666666666666667] = {
		-0.515946,
		0.808529,
		-0.282986,
		0,
		-0.578943,
		-0.08564,
		0.810858,
		0,
		0.631367,
		0.582192,
		0.512278,
		0,
		0.411894,
		-0.093311,
		-0.64434,
		1,
	},
	[1.1833333333333333] = {
		-0.514984,
		0.808715,
		-0.284204,
		0,
		-0.579343,
		-0.084005,
		0.810743,
		0,
		0.631786,
		0.582171,
		0.511784,
		0,
		0.412042,
		-0.09456,
		-0.644064,
		1,
	},
	[1.1] = {
		-0.521358,
		0.806444,
		-0.278988,
		0,
		-0.57787,
		-0.093092,
		0.810802,
		0,
		0.627895,
		0.583936,
		0.514554,
		0,
		0.41209,
		-0.087697,
		-0.645003,
		1,
	},
	[1.2166666666666666] = {
		-0.513646,
		0.808664,
		-0.286759,
		0,
		-0.580044,
		-0.081004,
		0.810548,
		0,
		0.632232,
		0.582668,
		0.510668,
		0,
		0.412373,
		-0.096875,
		-0.643508,
		1,
	},
	[1.2333333333333334] = {
		-0.513296,
		0.808567,
		-0.287655,
		0,
		-0.580265,
		-0.080027,
		0.810486,
		0,
		0.632312,
		0.582936,
		0.510261,
		0,
		0.412493,
		-0.097634,
		-0.643316,
		1,
	},
	[1.25] = {
		-0.513177,
		0.808519,
		-0.288003,
		0,
		-0.580348,
		-0.079658,
		0.810463,
		0,
		0.632333,
		0.583053,
		0.510101,
		0,
		0.41254,
		-0.097921,
		-0.643243,
		1,
	},
	[1.2] = {
		-0.514213,
		0.808736,
		-0.285535,
		0,
		-0.579723,
		-0.082395,
		0.810637,
		0,
		0.632065,
		0.582371,
		0.511212,
		0,
		0.412212,
		-0.095799,
		-0.643772,
		1,
	},
}

return spline_matrices
