-- chunkname: @content/characters/player/human/first_person/animations/assault_shield_maul/attack_left_down_offhand_sweep.lua

local spline_matrices = {
	[0.016666666666666666] = {
		-0.980002,
		0.074077,
		0.184687,
		0,
		-0.035261,
		-0.978085,
		0.205198,
		0,
		0.19584,
		0.194582,
		0.961137,
		0,
		-0.518521,
		0.542036,
		-0.477598,
		1,
	},
	[0.03333333333333333] = {
		-0.97405,
		0.107858,
		0.198979,
		0,
		-0.073683,
		-0.982371,
		0.171806,
		0,
		0.214002,
		0.152686,
		0.964826,
		0,
		-0.508121,
		0.538965,
		-0.474063,
		1,
	},
	[0.05] = {
		-0.951847,
		0.226038,
		0.20711,
		0,
		-0.146819,
		-0.929148,
		0.339305,
		0,
		0.269132,
		0.292559,
		0.917593,
		0,
		-0.497852,
		0.533807,
		-0.473016,
		1,
	},
	[0.06666666666666667] = {
		-0.915774,
		0.342728,
		0.209514,
		0,
		-0.215467,
		-0.859302,
		0.463868,
		0,
		0.339017,
		0.379655,
		0.860773,
		0,
		-0.494691,
		0.52646,
		-0.475166,
		1,
	},
	[0.08333333333333333] = {
		-0.896175,
		0.390407,
		0.210839,
		0,
		-0.226393,
		-0.811011,
		0.539451,
		0,
		0.381598,
		0.43571,
		0.815193,
		0,
		-0.500392,
		0.516354,
		-0.478842,
		1,
	},
	[0] = {
		-0.981807,
		0.072296,
		0.175581,
		0,
		-0.017013,
		-0.954456,
		0.297866,
		0,
		0.189119,
		0.28946,
		0.938321,
		0,
		-0.522169,
		0.543373,
		-0.480515,
		1,
	},
	[0.11666666666666667] = {
		-0.882227,
		0.420244,
		0.212299,
		0,
		-0.193494,
		-0.734688,
		0.650226,
		0,
		0.429227,
		0.532568,
		0.729476,
		0,
		-0.526895,
		0.472709,
		-0.485152,
		1,
	},
	[0.13333333333333333] = {
		-0.900752,
		0.37487,
		0.219359,
		0,
		-0.141961,
		-0.73141,
		0.666998,
		0,
		0.410479,
		0.569659,
		0.712036,
		0,
		-0.546229,
		0.439117,
		-0.485563,
		1,
	},
	[0.15] = {
		-0.935404,
		0.267211,
		0.231556,
		0,
		-0.051069,
		-0.750121,
		0.659325,
		0,
		0.349874,
		0.60491,
		0.715312,
		0,
		-0.568503,
		0.401223,
		-0.483207,
		1,
	},
	[0.16666666666666666] = {
		-0.960942,
		0.13338,
		0.242489,
		0,
		0.054729,
		-0.767311,
		0.638936,
		0,
		0.271286,
		0.627251,
		0.730041,
		0,
		-0.594198,
		0.361784,
		-0.476852,
		1,
	},
	[0.18333333333333332] = {
		-0.968325,
		0.003397,
		0.24967,
		0,
		0.155504,
		-0.774122,
		0.61364,
		0,
		0.19536,
		0.633028,
		0.749073,
		0,
		-0.623389,
		0.323572,
		-0.467835,
		1,
	},
	[0.1] = {
		-0.88509,
		0.414928,
		0.21083,
		0,
		-0.215441,
		-0.766794,
		0.604658,
		0,
		0.412553,
		0.489756,
		0.768075,
		0,
		-0.51139,
		0.499256,
		-0.482652,
		1,
	},
	[0.21666666666666667] = {
		-0.940486,
		-0.225857,
		0.253917,
		0,
		0.332921,
		-0.762266,
		0.55508,
		0,
		0.068183,
		0.60658,
		0.792093,
		0,
		-0.687049,
		0.261691,
		-0.449518,
		1,
	},
	[0.23333333333333334] = {
		-0.913075,
		-0.320561,
		0.252063,
		0,
		0.407358,
		-0.745521,
		0.527502,
		0,
		0.018822,
		0.584328,
		0.811299,
		0,
		-0.7192,
		0.242556,
		-0.441242,
		1,
	},
	[0.25] = {
		-0.882452,
		-0.39936,
		0.248577,
		0,
		0.4699,
		-0.723944,
		0.505073,
		0,
		-0.02175,
		0.562509,
		0.826505,
		0,
		-0.749683,
		0.234986,
		-0.434219,
		1,
	},
	[0.26666666666666666] = {
		-0.85311,
		-0.461008,
		0.244285,
		0,
		0.518992,
		-0.701946,
		0.487769,
		0,
		-0.053391,
		0.542902,
		0.838097,
		0,
		-0.776662,
		0.235136,
		-0.430462,
		1,
	},
	[0.2833333333333333] = {
		-0.825942,
		-0.510503,
		0.239179,
		0,
		0.558319,
		-0.681933,
		0.47249,
		0,
		-0.078104,
		0.523787,
		0.848261,
		0,
		-0.798204,
		0.237576,
		-0.430274,
		1,
	},
	[0.2] = {
		-0.960248,
		-0.117246,
		0.25333,
		0,
		0.248556,
		-0.77218,
		0.584772,
		0,
		0.127054,
		0.624493,
		0.770627,
		0,
		-0.654709,
		0.289448,
		-0.458557,
		1,
	},
	[0.31666666666666665] = {
		-0.782484,
		-0.580162,
		0.226121,
		0,
		0.612593,
		-0.652193,
		0.446514,
		0,
		-0.111577,
		0.48791,
		0.865733,
		0,
		-0.819502,
		0.251816,
		-0.434013,
		1,
	},
	[0.3333333333333333] = {
		-0.773584,
		-0.594904,
		0.218305,
		0,
		0.62272,
		-0.649822,
		0.435834,
		0,
		-0.11742,
		0.473098,
		0.87315,
		0,
		-0.820805,
		0.265161,
		-0.436635,
		1,
	},
	[0.35] = {
		-0.775013,
		-0.596053,
		0.209943,
		0,
		0.621197,
		-0.657548,
		0.426316,
		0,
		-0.116059,
		0.460816,
		0.879874,
		0,
		-0.819032,
		0.279884,
		-0.438033,
		1,
	},
	[0.36666666666666664] = {
		-0.785167,
		-0.585728,
		0.201088,
		0,
		0.609672,
		-0.674105,
		0.416992,
		0,
		-0.10869,
		0.450006,
		0.886387,
		0,
		-0.816947,
		0.293244,
		-0.437665,
		1,
	},
	[0.38333333333333336] = {
		-0.799739,
		-0.568904,
		0.191745,
		0,
		0.592291,
		-0.695529,
		0.406732,
		0,
		-0.098027,
		0.438848,
		0.893198,
		0,
		-0.815687,
		0.305596,
		-0.435749,
		1,
	},
	[0.3] = {
		-0.801181,
		-0.551177,
		0.233051,
		0,
		0.590341,
		-0.664181,
		0.458651,
		0,
		-0.09801,
		0.505042,
		0.857512,
		0,
		-0.81243,
		0.242909,
		-0.431604,
		1,
	},
	[0.4166666666666667] = {
		-0.819604,
		-0.541059,
		0.188423,
		0,
		0.56738,
		-0.720853,
		0.398059,
		0,
		-0.079548,
		0.433158,
		0.897801,
		0,
		-0.818531,
		0.312324,
		-0.434631,
		1,
	},
	[0.43333333333333335] = {
		-0.821974,
		-0.536773,
		0.190352,
		0,
		0.564634,
		-0.724341,
		0.395623,
		0,
		-0.07448,
		0.432671,
		0.89847,
		0,
		-0.82191,
		0.31058,
		-0.434264,
		1,
	},
	[0.45] = {
		-0.831112,
		-0.526353,
		0.17946,
		0,
		0.551499,
		-0.738678,
		0.387561,
		0,
		-0.07143,
		0.421078,
		0.904207,
		0,
		-0.818643,
		0.322853,
		-0.435375,
		1,
	},
	[0.4666666666666667] = {
		-0.842102,
		-0.511899,
		0.169778,
		0,
		0.535166,
		-0.754141,
		0.380617,
		0,
		-0.066801,
		0.411378,
		0.909014,
		0,
		-0.81312,
		0.33745,
		-0.436743,
		1,
	},
	[0.48333333333333334] = {
		-0.85132,
		-0.498255,
		0.164306,
		0,
		0.521196,
		-0.767316,
		0.373605,
		0,
		-0.060076,
		0.403693,
		0.91292,
		0,
		-0.80872,
		0.34932,
		-0.436025,
		1,
	},
	[0.4] = {
		-0.813747,
		-0.551132,
		0.184581,
		0,
		0.574586,
		-0.714972,
		0.398328,
		0,
		-0.087561,
		0.430196,
		0.898479,
		0,
		-0.815275,
		0.314888,
		-0.434306,
		1,
	},
	[0.5166666666666667] = {
		-0.866932,
		-0.472779,
		0.157827,
		0,
		0.496043,
		-0.787455,
		0.365863,
		0,
		-0.04869,
		0.395467,
		0.917189,
		0,
		-0.799096,
		0.365444,
		-0.43716,
		1,
	},
	[0.5333333333333333] = {
		-0.873616,
		-0.461078,
		0.155567,
		0,
		0.484636,
		-0.795596,
		0.363532,
		0,
		-0.043848,
		0.392981,
		0.918501,
		0,
		-0.793889,
		0.371063,
		-0.438399,
		1,
	},
	[0.55] = {
		-0.879727,
		-0.449987,
		0.1536,
		0,
		0.47384,
		-0.802884,
		0.361735,
		0,
		-0.039453,
		0.39101,
		0.919541,
		0,
		-0.788415,
		0.375606,
		-0.439904,
		1,
	},
	[0.5666666666666667] = {
		-0.885378,
		-0.439382,
		0.151821,
		0,
		0.463521,
		-0.80952,
		0.360313,
		0,
		-0.035413,
		0.389385,
		0.920394,
		0,
		-0.78266,
		0.379357,
		-0.44163,
		1,
	},
	[0.5833333333333334] = {
		-0.890676,
		-0.429135,
		0.150135,
		0,
		0.453537,
		-0.815689,
		0.359103,
		0,
		-0.03164,
		0.387936,
		0.921143,
		0,
		-0.776607,
		0.382595,
		-0.443525,
		1,
	},
	[0.5] = {
		-0.859546,
		-0.485202,
		0.160501,
		0,
		0.508191,
		-0.77825,
		0.368876,
		0,
		-0.054069,
		0.398631,
		0.915516,
		0,
		-0.804041,
		0.358461,
		-0.436225,
		1,
	},
	[0.6166666666666667] = {
		-0.900522,
		-0.409291,
		0.146766,
		0,
		0.434113,
		-0.827209,
		0.356751,
		0,
		-0.024609,
		0.384975,
		0.922599,
		0,
		-0.763574,
		0.388447,
		-0.447641,
		1,
	},
	[0.6333333333333333] = {
		-0.905046,
		-0.39981,
		0.145063,
		0,
		0.424774,
		-0.832545,
		0.355579,
		0,
		-0.021393,
		0.383434,
		0.92332,
		0,
		-0.756725,
		0.391053,
		-0.449902,
		1,
	},
	[0.65] = {
		-0.909276,
		-0.390732,
		0.143339,
		0,
		0.415786,
		-0.837568,
		0.354404,
		0,
		-0.01842,
		0.381849,
		0.924041,
		0,
		-0.749754,
		0.393402,
		-0.452332,
		1,
	},
	[0.6666666666666666] = {
		-0.913199,
		-0.382127,
		0.141586,
		0,
		0.407211,
		-0.842273,
		0.353207,
		0,
		-0.015716,
		0.380204,
		0.924769,
		0,
		-0.742729,
		0.395486,
		-0.454944,
		1,
	},
	[0.6833333333333333] = {
		-0.916806,
		-0.374065,
		0.139794,
		0,
		0.399112,
		-0.846656,
		0.351972,
		0,
		-0.013303,
		0.378483,
		0.925513,
		0,
		-0.73572,
		0.397292,
		-0.457752,
		1,
	},
	[0.6] = {
		-0.895716,
		-0.419109,
		0.148461,
		0,
		0.443741,
		-0.821568,
		0.357938,
		0,
		-0.028044,
		0.386488,
		0.921868,
		0,
		-0.770234,
		0.385595,
		-0.44553,
		1,
	},
	[0.7166666666666667] = {
		-0.922999,
		-0.359856,
		0.136297,
		0,
		0.384693,
		-0.854434,
		0.349219,
		0,
		-0.009212,
		0.374761,
		0.927076,
		0,
		-0.722129,
		0.400019,
		-0.463826,
		1,
	},
	[0.7333333333333333] = {
		-0.92553,
		-0.353859,
		0.134822,
		0,
		0.378602,
		-0.857819,
		0.347573,
		0,
		-0.007339,
		0.372733,
		0.92791,
		0,
		-0.715809,
		0.400908,
		-0.466933,
		1,
	},
	[0.75] = {
		-0.927669,
		-0.348694,
		0.133577,
		0,
		0.373362,
		-0.860863,
		0.34571,
		0,
		-0.005555,
		0.370577,
		0.928785,
		0,
		-0.709921,
		0.401464,
		-0.470067,
		1,
	},
	[0.7666666666666667] = {
		-0.929403,
		-0.344427,
		0.132588,
		0,
		0.369046,
		-0.863562,
		0.343607,
		0,
		-0.00385,
		0.368281,
		0.929707,
		0,
		-0.704547,
		0.401673,
		-0.473223,
		1,
	},
	[0.7833333333333333] = {
		-0.93072,
		-0.341127,
		0.131882,
		0,
		0.365727,
		-0.865909,
		0.34124,
		0,
		-0.002208,
		0.365832,
		0.930678,
		0,
		-0.699769,
		0.401523,
		-0.476395,
		1,
	},
	[0.7] = {
		-0.920085,
		-0.366615,
		0.137975,
		0,
		0.39156,
		-0.850712,
		0.350672,
		0,
		-0.011184,
		0.376674,
		0.926279,
		0,
		-0.7288,
		0.398809,
		-0.460754,
		1,
	},
	[0.8166666666666667] = {
		-0.932037,
		-0.337688,
		0.13143,
		0,
		0.362362,
		-0.869518,
		0.335608,
		0,
		0.00095,
		0.360424,
		0.932788,
		0,
		-0.692327,
		0.400086,
		-0.482757,
		1,
	},
	[0.8333333333333334] = {
		-0.931998,
		-0.337675,
		0.131739,
		0,
		0.362455,
		-0.870754,
		0.332285,
		0,
		0.002508,
		0.357438,
		0.933933,
		0,
		-0.689825,
		0.398771,
		-0.485934,
		1,
	},
	[0.85] = {
		-0.931711,
		-0.338271,
		0.132242,
		0,
		0.363176,
		-0.872004,
		0.328196,
		0,
		0.004296,
		0.353811,
		0.935307,
		0,
		-0.687938,
		0.396546,
		-0.489113,
		1,
	},
	[0.8666666666666667] = {
		-0.931417,
		-0.338881,
		0.132748,
		0,
		0.363896,
		-0.87361,
		0.323087,
		0,
		0.006482,
		0.349235,
		0.937013,
		0,
		-0.686364,
		0.393038,
		-0.492289,
		1,
	},
	[0.8833333333333333] = {
		-0.931119,
		-0.339502,
		0.133253,
		0,
		0.364606,
		-0.875481,
		0.317168,
		0,
		0.008981,
		0.343906,
		0.938961,
		0,
		-0.685073,
		0.38844,
		-0.495435,
		1,
	},
	[0.8] = {
		-0.931604,
		-0.338859,
		0.131487,
		0,
		0.363475,
		-0.867898,
		0.338583,
		0,
		-0.000615,
		0.363217,
		0.931704,
		0,
		-0.695669,
		0.400998,
		-0.479575,
		1,
	},
	[0.9166666666666666] = {
		-0.930514,
		-0.340766,
		0.134244,
		0,
		0.365965,
		-0.879661,
		0.303752,
		0,
		0.014581,
		0.331774,
		0.943246,
		0,
		-0.683214,
		0.376747,
		-0.501541,
		1,
	},
	[0.9333333333333333] = {
		-0.930212,
		-0.341402,
		0.134721,
		0,
		0.366605,
		-0.881804,
		0.296686,
		0,
		0.017508,
		0.32537,
		0.945425,
		0,
		-0.682587,
		0.370039,
		-0.504457,
		1,
	},
	[0.95] = {
		-0.929912,
		-0.342037,
		0.135181,
		0,
		0.367215,
		-0.88388,
		0.289672,
		0,
		0.020406,
		0.31901,
		0.947532,
		0,
		-0.682123,
		0.363013,
		-0.507254,
		1,
	},
	[0.9666666666666667] = {
		-0.929616,
		-0.342668,
		0.13562,
		0,
		0.367799,
		-0.885819,
		0.282929,
		0,
		0.023184,
		0.312896,
		0.949504,
		0,
		-0.681795,
		0.355865,
		-0.509915,
		1,
	},
	[0.9833333333333333] = {
		-0.929325,
		-0.343296,
		0.136025,
		0,
		0.368363,
		-0.887567,
		0.276646,
		0,
		0.02576,
		0.3072,
		0.951296,
		0,
		-0.681578,
		0.348808,
		-0.512406,
		1,
	},
	[0.9] = {
		-0.930817,
		-0.340132,
		0.133753,
		0,
		0.365298,
		-0.877527,
		0.310651,
		0,
		0.011709,
		0.338019,
		0.941066,
		0,
		-0.684033,
		0.382945,
		-0.498526,
		1,
	},
	[1.0166666666666666] = {
		-0.928754,
		-0.344593,
		0.136646,
		0,
		0.369479,
		-0.890373,
		0.265935,
		0,
		0.030026,
		0.297475,
		0.954257,
		0,
		-0.68142,
		0.335966,
		-0.516631,
		1,
	},
	[1.0333333333333334] = {
		-0.928475,
		-0.345255,
		0.136867,
		0,
		0.370051,
		-0.891313,
		0.26196,
		0,
		0.031548,
		0.293871,
		0.955324,
		0,
		-0.681437,
		0.330569,
		-0.518343,
		1,
	},
	[1.05] = {
		-0.928203,
		-0.345919,
		0.137034,
		0,
		0.370647,
		-0.891867,
		0.259219,
		0,
		0.032548,
		0.291399,
		0.956048,
		0,
		-0.681489,
		0.326107,
		-0.519781,
		1,
	},
	[1.0666666666666667] = {
		-0.927939,
		-0.346581,
		0.137153,
		0,
		0.371274,
		-0.891975,
		0.257946,
		0,
		0.032938,
		0.290279,
		0.956375,
		0,
		-0.681557,
		0.322767,
		-0.520939,
		1,
	},
	[1.0833333333333333] = {
		-0.927679,
		-0.347247,
		0.137228,
		0,
		0.371951,
		-0.891569,
		0.258373,
		0,
		0.032629,
		0.290729,
		0.956249,
		0,
		-0.681626,
		0.320731,
		-0.521813,
		1,
	},
	{
		-0.929037,
		-0.343938,
		0.136367,
		0,
		0.368919,
		-0.889105,
		0.270908,
		0,
		0.028069,
		0.301992,
		0.952897,
		0,
		-0.681461,
		0.342109,
		-0.51465,
		1,
	},
	[1.1166666666666667] = {
		-0.927164,
		-0.348605,
		0.137264,
		0,
		0.373348,
		-0.890267,
		0.260838,
		0,
		0.031273,
		0.293087,
		0.955574,
		0,
		-0.681757,
		0.318233,
		-0.52317,
		1,
	},
	[1.1333333333333333] = {
		-0.926914,
		-0.349281,
		0.137235,
		0,
		0.374023,
		-0.889673,
		0.261894,
		0,
		0.03062,
		0.294082,
		0.95529,
		0,
		-0.68182,
		0.317103,
		-0.523773,
		1,
	},
	[1.15] = {
		-0.926671,
		-0.349946,
		0.137181,
		0,
		0.374675,
		-0.88912,
		0.262839,
		0,
		0.029991,
		0.294963,
		0.955038,
		0,
		-0.681881,
		0.316055,
		-0.524327,
		1,
	},
	[1.1666666666666667] = {
		-0.926438,
		-0.350592,
		0.137106,
		0,
		0.375298,
		-0.888609,
		0.263677,
		0,
		0.02939,
		0.295736,
		0.954818,
		0,
		-0.68194,
		0.315089,
		-0.524832,
		1,
	},
	[1.1833333333333333] = {
		-0.926217,
		-0.351211,
		0.137015,
		0,
		0.375888,
		-0.888141,
		0.264413,
		0,
		0.028824,
		0.296406,
		0.954627,
		0,
		-0.681995,
		0.314209,
		-0.525287,
		1,
	},
	[1.1] = {
		-0.92742,
		-0.347924,
		0.137264,
		0,
		0.372656,
		-0.890899,
		0.259666,
		0,
		0.031944,
		0.291972,
		0.955893,
		0,
		-0.681692,
		0.319443,
		-0.522517,
		1,
	},
	[1.2166666666666666] = {
		-0.925819,
		-0.352341,
		0.136805,
		0,
		0.376943,
		-0.887339,
		0.265599,
		0,
		0.027811,
		0.297464,
		0.954328,
		0,
		-0.682095,
		0.312707,
		-0.526053,
		1,
	},
	[1.2333333333333334] = {
		-0.925646,
		-0.352837,
		0.136695,
		0,
		0.377399,
		-0.887008,
		0.266058,
		0,
		0.027375,
		0.297864,
		0.954216,
		0,
		-0.682138,
		0.31209,
		-0.526364,
		1,
	},
	[1.25] = {
		-0.925494,
		-0.353277,
		0.136589,
		0,
		0.377799,
		-0.886725,
		0.266434,
		0,
		0.026992,
		0.298186,
		0.954126,
		0,
		-0.682176,
		0.311563,
		-0.526627,
		1,
	},
	[1.2666666666666666] = {
		-0.925365,
		-0.353653,
		0.136491,
		0,
		0.378139,
		-0.88649,
		0.266731,
		0,
		0.026668,
		0.298436,
		0.954057,
		0,
		-0.682208,
		0.311129,
		-0.526842,
		1,
	},
	[1.2833333333333334] = {
		-0.92526,
		-0.353959,
		0.136406,
		0,
		0.378413,
		-0.886306,
		0.266954,
		0,
		0.026407,
		0.29862,
		0.954007,
		0,
		-0.682234,
		0.310789,
		-0.527009,
		1,
	},
	[1.2] = {
		-0.92601,
		-0.351797,
		0.136913,
		0,
		0.376438,
		-0.887717,
		0.265052,
		0,
		0.028295,
		0.29698,
		0.954464,
		0,
		-0.682047,
		0.313414,
		-0.525695,
		1,
	},
	[1.3166666666666667] = {
		-0.925135,
		-0.354328,
		0.136296,
		0,
		0.37874,
		-0.886094,
		0.267197,
		0,
		0.026095,
		0.298814,
		0.953954,
		0,
		-0.682265,
		0.310397,
		-0.5272,
		1,
	},
	[1.3333333333333333] = {
		-0.925119,
		-0.354377,
		0.13628,
		0,
		0.378783,
		-0.886067,
		0.267226,
		0,
		0.026054,
		0.298836,
		0.953949,
		0,
		-0.682269,
		0.310347,
		-0.527224,
		1,
	},
	[1.3] = {
		-0.925183,
		-0.354186,
		0.136339,
		0,
		0.378615,
		-0.886174,
		0.267108,
		0,
		0.026214,
		0.298744,
		0.953973,
		0,
		-0.682253,
		0.310544,
		-0.527128,
		1,
	},
}

return spline_matrices
