-- chunkname: @content/characters/player/human/first_person/animations/assault_shield_maul/attack_down.lua

local spline_matrices = {
	[0.0166666666667] = {
		0.117838,
		0.992327,
		0.037424,
		0,
		0.94612,
		-0.100745,
		-0.307746,
		0,
		-0.301615,
		0.071672,
		-0.950732,
		0,
		-0.194593,
		-0.370598,
		-0.222608,
		1,
	},
	[0.0333333333333] = {
		-0.264576,
		0.94063,
		-0.212636,
		0,
		0.889548,
		0.15289,
		-0.430499,
		0,
		-0.37243,
		-0.30305,
		-0.877187,
		0,
		-0.236592,
		-0.379253,
		-0.218767,
		1,
	},
	[0.05] = {
		-0.629145,
		0.692898,
		-0.352233,
		0,
		0.667359,
		0.249193,
		-0.701808,
		0,
		-0.398508,
		-0.676605,
		-0.619191,
		0,
		-0.276841,
		-0.375775,
		-0.189933,
		1,
	},
	[0.0666666666667] = {
		-0.872227,
		0.434812,
		-0.223961,
		0,
		0.318327,
		0.157025,
		-0.934885,
		0,
		-0.371332,
		-0.886725,
		-0.275374,
		0,
		-0.305094,
		-0.351587,
		-0.145925,
		1,
	},
	[0.0833333333333] = {
		-0.952217,
		0.303405,
		0.03504,
		0,
		-0.021945,
		0.046465,
		-0.998679,
		0,
		-0.304632,
		-0.951728,
		-0.037587,
		0,
		-0.302861,
		-0.30793,
		-0.111507,
		1,
	},
	[0] = {
		0.439635,
		0.87229,
		0.214084,
		0,
		0.874682,
		-0.361636,
		-0.322723,
		0,
		-0.204088,
		0.329136,
		-0.921964,
		0,
		-0.164558,
		-0.354804,
		-0.214781,
		1,
	},
	[0.116666666667] = {
		-0.929044,
		0.174713,
		0.326117,
		0,
		-0.334751,
		-0.02162,
		-0.942059,
		0,
		-0.157539,
		-0.984382,
		0.078572,
		0,
		-0.220094,
		-0.25327,
		-0.063477,
		1,
	},
	[0.133333333333] = {
		-0.925347,
		0.09263,
		0.36763,
		0,
		-0.373128,
		-0.050786,
		-0.926389,
		0,
		-0.067141,
		-0.994405,
		0.081558,
		0,
		-0.173243,
		-0.231488,
		-0.033437,
		1,
	},
	[0.15] = {
		-0.9133,
		-0.007857,
		0.407211,
		0,
		-0.406263,
		-0.053285,
		-0.912201,
		0,
		0.028865,
		-0.998548,
		0.045473,
		0,
		-0.135825,
		-0.210245,
		0.004663,
		1,
	},
	[0.166666666667] = {
		-0.865197,
		-0.121721,
		0.486434,
		0,
		-0.488588,
		-0.013519,
		-0.87241,
		0,
		0.112766,
		-0.992472,
		-0.047775,
		0,
		-0.119358,
		-0.189446,
		0.052316,
		1,
	},
	[0.183333333333] = {
		-0.786632,
		-0.222891,
		0.575786,
		0,
		-0.595687,
		0.028718,
		-0.802703,
		0,
		0.16238,
		-0.97442,
		-0.155364,
		0,
		-0.126703,
		-0.16492,
		0.102592,
		1,
	},
	[0.1] = {
		-0.942576,
		0.239117,
		0.233182,
		0,
		-0.239417,
		0.003055,
		-0.970912,
		0,
		-0.232874,
		-0.970986,
		0.054369,
		0,
		-0.270658,
		-0.275376,
		-0.087308,
		1,
	},
	[0.216666666667] = {
		-0.76063,
		-0.246839,
		0.600427,
		0,
		-0.620543,
		0.004755,
		-0.784158,
		0,
		0.190706,
		-0.969045,
		-0.156791,
		0,
		-0.150197,
		-0.095046,
		0.188061,
		1,
	},
	[0.233333333333] = {
		-0.867862,
		-0.197714,
		0.455769,
		0,
		-0.463105,
		-0.010175,
		-0.886245,
		0,
		0.17986,
		-0.980207,
		-0.082732,
		0,
		-0.156334,
		-0.048903,
		0.217028,
		1,
	},
	[0.25] = {
		-0.974401,
		-0.133451,
		0.180921,
		0,
		-0.18498,
		0.018562,
		-0.982567,
		0,
		0.127766,
		-0.990882,
		-0.042773,
		0,
		-0.148548,
		0.006328,
		0.230399,
		1,
	},
	[0.266666666667] = {
		-0.990496,
		-0.03044,
		-0.13413,
		0,
		0.133609,
		0.018537,
		-0.990861,
		0,
		0.032648,
		-0.999365,
		-0.014294,
		0,
		-0.122612,
		0.069544,
		0.231049,
		1,
	},
	[0.283333333333] = {
		-0.950157,
		-0.024979,
		-0.310769,
		0,
		0.311344,
		-0.023859,
		-0.949998,
		0,
		0.016316,
		-0.999403,
		0.030447,
		0,
		-0.0761,
		0.137048,
		0.229389,
		1,
	},
	[0.2] = {
		-0.738491,
		-0.270505,
		0.617623,
		0,
		-0.648834,
		0.035913,
		-0.760082,
		0,
		0.183425,
		-0.962049,
		-0.202034,
		0,
		-0.140291,
		-0.133391,
		0.147948,
		1,
	},
	[0.316666666667] = {
		-0.969128,
		-0.048567,
		-0.241728,
		0,
		0.148327,
		-0.897998,
		-0.414244,
		0,
		-0.196953,
		-0.437311,
		0.877479,
		0,
		-0.026388,
		0.435462,
		0.190796,
		1,
	},
	[0.333333333333] = {
		-0.991869,
		0.081248,
		-0.097951,
		0,
		-0.116321,
		-0.891023,
		0.438802,
		0,
		-0.051625,
		0.446628,
		0.893229,
		0,
		0.002584,
		0.635804,
		0.020891,
		1,
	},
	[0.35] = {
		-0.998756,
		0.031539,
		-0.038613,
		0,
		-0.049771,
		-0.675833,
		0.735373,
		0,
		-0.002903,
		0.73638,
		0.676562,
		0,
		0.012267,
		0.673141,
		-0.116211,
		1,
	},
	[0.366666666667] = {
		-0.998879,
		-0.04062,
		0.024292,
		0,
		0.040047,
		-0.451804,
		0.891218,
		0,
		-0.025226,
		0.891192,
		0.452925,
		0,
		0.017459,
		0.68009,
		-0.243513,
		1,
	},
	[0.383333333333] = {
		-0.997754,
		-0.035848,
		0.056581,
		0,
		0.060685,
		-0.126232,
		0.990143,
		0,
		-0.028352,
		0.991353,
		0.128124,
		0,
		0.034912,
		0.633729,
		-0.379002,
		1,
	},
	[0.3] = {
		-0.918221,
		-0.048126,
		-0.393134,
		0,
		0.391868,
		-0.254579,
		-0.884098,
		0,
		-0.057536,
		-0.965854,
		0.252618,
		0,
		-0.042121,
		0.221444,
		0.240858,
		1,
	},
	[0.416666666667] = {
		-0.924035,
		-0.011956,
		-0.382122,
		0,
		-0.381441,
		0.096149,
		0.919379,
		0,
		0.025749,
		0.995295,
		-0.093406,
		0,
		0.124256,
		0.500083,
		-0.53053,
		1,
	},
	[0.433333333333] = {
		-0.734656,
		-0.020917,
		-0.678117,
		0,
		-0.678367,
		0.037298,
		0.733776,
		0,
		0.009944,
		0.999085,
		-0.04159,
		0,
		0.166463,
		0.452977,
		-0.548372,
		1,
	},
	[0.45] = {
		-0.695578,
		-0.158281,
		-0.700798,
		0,
		-0.718447,
		0.156492,
		0.67775,
		0,
		0.002394,
		0.974914,
		-0.222569,
		0,
		0.16815,
		0.40803,
		-0.587269,
		1,
	},
	[0.466666666667] = {
		-0.745303,
		-0.32418,
		-0.582607,
		0,
		-0.666514,
		0.340237,
		0.663323,
		0,
		-0.016812,
		0.882692,
		-0.469651,
		0,
		0.160239,
		0.360712,
		-0.625387,
		1,
	},
	[0.483333333333] = {
		-0.79108,
		-0.412529,
		-0.451678,
		0,
		-0.609062,
		0.462513,
		0.644302,
		0,
		-0.056886,
		0.784794,
		-0.617141,
		0,
		0.146882,
		0.314518,
		-0.642734,
		1,
	},
	[0.4] = {
		-0.999578,
		-0.017767,
		-0.022999,
		0,
		-0.025046,
		0.125228,
		0.991812,
		0,
		-0.014741,
		0.991969,
		-0.12562,
		0,
		0.06407,
		0.554847,
		-0.486931,
		1,
	},
	[0.516666666667] = {
		-0.816882,
		-0.450416,
		-0.360318,
		0,
		-0.558616,
		0.462137,
		0.68875,
		0,
		-0.143708,
		0.763907,
		-0.629121,
		0,
		0.104724,
		0.105393,
		-0.560497,
		1,
	},
	[0.533333333333] = {
		-0.827846,
		-0.436576,
		-0.35224,
		0,
		-0.530337,
		0.404503,
		0.745064,
		0,
		-0.182795,
		0.803604,
		-0.566398,
		0,
		0.076762,
		-0.057479,
		-0.475567,
		1,
	},
	[0.55] = {
		-0.842874,
		-0.400154,
		-0.359777,
		0,
		-0.497174,
		0.32332,
		0.80516,
		0,
		-0.205865,
		0.85752,
		-0.471464,
		0,
		0.048539,
		-0.229102,
		-0.381179,
		1,
	},
	[0.566666666667] = {
		-0.862815,
		-0.341592,
		-0.372645,
		0,
		-0.461417,
		0.231035,
		0.856573,
		0,
		-0.206505,
		0.911009,
		-0.356957,
		0,
		0.022775,
		-0.388818,
		-0.292221,
		1,
	},
	[0.583333333333] = {
		-0.885659,
		-0.265322,
		-0.381068,
		0,
		-0.426628,
		0.141011,
		0.893367,
		0,
		-0.183295,
		0.953793,
		-0.238081,
		0,
		0.027007,
		-0.408632,
		-0.225511,
		1,
	},
	[0.5] = {
		-0.806329,
		-0.442872,
		-0.392043,
		0,
		-0.583257,
		0.485319,
		0.651365,
		0,
		-0.098206,
		0.753877,
		-0.649635,
		0,
		0.129173,
		0.236946,
		-0.621297,
		1,
	},
	[0.616666666667] = {
		-0.950665,
		-0.132566,
		-0.280468,
		0,
		-0.296444,
		0.121783,
		0.947254,
		0,
		-0.091417,
		0.983664,
		-0.155073,
		0,
		0.029705,
		-0.408459,
		-0.194786,
		1,
	},
	[0.633333333333] = {
		-0.979027,
		-0.091772,
		-0.181892,
		0,
		-0.196081,
		0.182076,
		0.963535,
		0,
		-0.055307,
		0.978992,
		-0.196252,
		0,
		0.027338,
		-0.411387,
		-0.195025,
		1,
	},
	[0.65] = {
		-0.97914,
		-0.091386,
		-0.181474,
		0,
		-0.195678,
		0.183566,
		0.963335,
		0,
		-0.054723,
		0.97875,
		-0.197619,
		0,
		0.027011,
		-0.41168,
		-0.194452,
		1,
	},
	[0.666666666667] = {
		-0.979258,
		-0.09106,
		-0.181004,
		0,
		-0.195257,
		0.185489,
		0.963052,
		0,
		-0.054121,
		0.978418,
		-0.199421,
		0,
		0.026672,
		-0.412059,
		-0.193694,
		1,
	},
	[0.683333333333] = {
		-0.979376,
		-0.0908,
		-0.180495,
		0,
		-0.19483,
		0.187775,
		0.962695,
		0,
		-0.053521,
		0.978006,
		-0.201593,
		0,
		0.026333,
		-0.412509,
		-0.19278,
		1,
	},
	[0.6] = {
		-0.908011,
		-0.179766,
		-0.378419,
		0,
		-0.394835,
		0.065181,
		0.916437,
		0,
		-0.140078,
		0.981548,
		-0.130163,
		0,
		0.031548,
		-0.405054,
		-0.196731,
		1,
	},
	[0.716666666667] = {
		-0.979601,
		-0.090515,
		-0.179411,
		0,
		-0.193998,
		0.193155,
		0.961798,
		0,
		-0.052403,
		0.976984,
		-0.206775,
		0,
		0.02569,
		-0.413565,
		-0.190593,
		1,
	},
	[0.733333333333] = {
		-0.979703,
		-0.090505,
		-0.178861,
		0,
		-0.193613,
		0.196108,
		0.961278,
		0,
		-0.051924,
		0.976397,
		-0.20965,
		0,
		0.025407,
		-0.414141,
		-0.189376,
		1,
	},
	[0.75] = {
		-0.979793,
		-0.090595,
		-0.178321,
		0,
		-0.193264,
		0.199141,
		0.960725,
		0,
		-0.051526,
		0.975774,
		-0.212626,
		0,
		0.025163,
		-0.414731,
		-0.188113,
		1,
	},
	[0.766666666667] = {
		-0.979868,
		-0.090795,
		-0.177804,
		0,
		-0.192961,
		0.202185,
		0.96015,
		0,
		-0.051227,
		0.975129,
		-0.215635,
		0,
		0.024969,
		-0.415321,
		-0.186834,
		1,
	},
	[0.783333333333] = {
		-0.979926,
		-0.091113,
		-0.177322,
		0,
		-0.192714,
		0.20517,
		0.959566,
		0,
		-0.051048,
		0.974476,
		-0.21861,
		0,
		0.024834,
		-0.415897,
		-0.185566,
		1,
	},
	[0.7] = {
		-0.979491,
		-0.090616,
		-0.17996,
		0,
		-0.194407,
		0.190354,
		0.962274,
		0,
		-0.052941,
		0.977524,
		-0.204067,
		0,
		0.026002,
		-0.413016,
		-0.191737,
		1,
	},
	[0.816666666667] = {
		-0.97998,
		-0.092118,
		-0.176503,
		0,
		-0.192425,
		0.210685,
		0.958428,
		0,
		-0.051102,
		0.973204,
		-0.224193,
		0,
		0.024774,
		-0.416957,
		-0.183179,
		1,
	},
	[0.833333333333] = {
		-0.979978,
		-0.092737,
		-0.176189,
		0,
		-0.192385,
		0.213093,
		0.957904,
		0,
		-0.051288,
		0.972621,
		-0.226668,
		0,
		0.024832,
		-0.417418,
		-0.182118,
		1,
	},
	[0.85] = {
		-0.979961,
		-0.093362,
		-0.175954,
		0,
		-0.19241,
		0.215192,
		0.957429,
		0,
		-0.051524,
		0.972099,
		-0.228843,
		0,
		0.024925,
		-0.417819,
		-0.181184,
		1,
	},
	[0.866666666667] = {
		-0.979937,
		-0.093941,
		-0.17578,
		0,
		-0.192466,
		0.216924,
		0.957027,
		0,
		-0.051773,
		0.971658,
		-0.230652,
		0,
		0.025033,
		-0.418149,
		-0.180406,
		1,
	},
	[0.883333333333] = {
		-0.979915,
		-0.094421,
		-0.175647,
		0,
		-0.192518,
		0.218232,
		0.956719,
		0,
		-0.052002,
		0.971319,
		-0.232026,
		0,
		0.025132,
		-0.418398,
		-0.179815,
		1,
	},
	[0.8] = {
		-0.979964,
		-0.091558,
		-0.176884,
		0,
		-0.192533,
		0.208025,
		0.958987,
		0,
		-0.051007,
		0.973829,
		-0.221485,
		0,
		0.024769,
		-0.416447,
		-0.184338,
		1,
	},
	[0.916666666667] = {
		-0.979892,
		-0.094868,
		-0.175533,
		0,
		-0.19257,
		0.219347,
		0.956454,
		0,
		-0.052235,
		0.971024,
		-0.233205,
		0,
		0.025232,
		-0.41861,
		-0.179307,
		1,
	},
	[0.9] = {
		-0.979898,
		-0.094747,
		-0.175563,
		0,
		-0.192555,
		0.219058,
		0.956523,
		0,
		-0.05217,
		0.971101,
		-0.232899,
		0,
		0.025204,
		-0.418555,
		-0.179438,
		1,
	},
}

return spline_matrices
