-- chunkname: @content/characters/player/human/first_person/animations/assault_shield_maul/attack_special_poke.lua

local spline_matrices = {
	[0.0166666666667] = {
		-0.808444,
		-0.416392,
		0.415975,
		0,
		0.491132,
		-0.866739,
		0.086903,
		0,
		0.324356,
		0.274555,
		0.905214,
		0,
		0.162405,
		0.475552,
		-0.271059,
		1,
	},
	[0.0333333333333] = {
		-0.725823,
		-0.441643,
		0.527383,
		0,
		0.572845,
		-0.812522,
		0.107966,
		0,
		0.380828,
		0.380473,
		0.84274,
		0,
		0.092124,
		0.456477,
		-0.247593,
		1,
	},
	[0.05] = {
		-0.672664,
		-0.421215,
		0.608359,
		0,
		0.660596,
		-0.712263,
		0.237266,
		0,
		0.333372,
		0.56148,
		0.757366,
		0,
		0.058254,
		0.420884,
		-0.24089,
		1,
	},
	[0.0666666666667] = {
		-0.645704,
		-0.368831,
		0.668603,
		0,
		0.731309,
		-0.550598,
		0.402529,
		0,
		0.219666,
		0.74887,
		0.625253,
		0,
		0.035556,
		0.377513,
		-0.250932,
		1,
	},
	[0.0833333333333] = {
		-0.640049,
		-0.30962,
		0.703188,
		0,
		0.763937,
		-0.354228,
		0.539373,
		0,
		0.082088,
		0.882416,
		0.463253,
		0,
		0.019397,
		0.34029,
		-0.268843,
		1,
	},
	[0] = {
		-0.882549,
		-0.376657,
		0.28149,
		0,
		0.419423,
		-0.90121,
		0.109112,
		0,
		0.212583,
		0.21436,
		0.953341,
		0,
		0.252575,
		0.489062,
		-0.296044,
		1,
	},
	[0.116666666667] = {
		-0.625863,
		-0.27945,
		0.728151,
		0,
		0.771542,
		-0.085252,
		0.630441,
		0,
		-0.114101,
		0.956368,
		0.268964,
		0,
		-0.009478,
		0.325686,
		-0.298169,
		1,
	},
	[0.133333333333] = {
		-0.614187,
		-0.313569,
		0.724189,
		0,
		0.771324,
		-0.044523,
		0.634884,
		0,
		-0.166837,
		0.948521,
		0.269209,
		0,
		-0.018739,
		0.327569,
		-0.304707,
		1,
	},
	[0.15] = {
		-0.622886,
		-0.344373,
		0.702439,
		0,
		0.758264,
		-0.044843,
		0.650404,
		0,
		-0.192482,
		0.937761,
		0.289057,
		0,
		-0.022138,
		0.329659,
		-0.307601,
		1,
	},
	[0.166666666667] = {
		-0.656791,
		-0.359965,
		0.662609,
		0,
		0.726113,
		-0.064842,
		0.684511,
		0,
		-0.203436,
		0.93071,
		0.303963,
		0,
		-0.022118,
		0.332108,
		-0.308393,
		1,
	},
	[0.183333333333] = {
		-0.703951,
		-0.367271,
		0.607919,
		0,
		0.678243,
		-0.093568,
		0.728856,
		0,
		-0.210806,
		0.925395,
		0.314967,
		0,
		-0.021317,
		0.335434,
		-0.30787,
		1,
	},
	[0.1] = {
		-0.638505,
		-0.27272,
		0.719677,
		0,
		0.768862,
		-0.184592,
		0.612191,
		0,
		-0.03411,
		0.944219,
		0.327547,
		0,
		0.004587,
		0.324588,
		-0.286526,
		1,
	},
	[0.216666666667] = {
		-0.81293,
		-0.350555,
		0.465033,
		0,
		0.54184,
		-0.162641,
		0.824595,
		0,
		-0.213432,
		0.922312,
		0.322161,
		0,
		-0.016379,
		0.346719,
		-0.303286,
		1,
	},
	[0.233333333333] = {
		-0.863079,
		-0.328032,
		0.384043,
		0,
		0.459772,
		-0.195546,
		0.86624,
		0,
		-0.209057,
		0.924206,
		0.319591,
		0,
		-0.012453,
		0.356431,
		-0.298535,
		1,
	},
	[0.25] = {
		-0.90499,
		-0.297858,
		0.303766,
		0,
		0.375079,
		-0.22166,
		0.900101,
		0,
		-0.20077,
		0.928519,
		0.31232,
		0,
		-0.007822,
		0.369541,
		-0.292295,
		1,
	},
	[0.266666666667] = {
		-0.937129,
		-0.26234,
		0.230148,
		0,
		0.293805,
		-0.237185,
		0.925971,
		0,
		-0.188331,
		0.935372,
		0.29935,
		0,
		-0.002768,
		0.386458,
		-0.284965,
		1,
	},
	[0.283333333333] = {
		-0.952602,
		-0.223542,
		0.206343,
		0,
		0.256627,
		-0.226225,
		0.939662,
		0,
		-0.163375,
		0.948078,
		0.272869,
		0,
		0.009926,
		0.426536,
		-0.269125,
		1,
	},
	[0.2] = {
		-0.758118,
		-0.364029,
		0.541054,
		0,
		0.615993,
		-0.127444,
		0.777375,
		0,
		-0.214033,
		0.922627,
		0.320857,
		0,
		-0.019381,
		0.340016,
		-0.306277,
		1,
	},
	[0.316666666667] = {
		-0.954067,
		0.002427,
		-0.299585,
		0,
		-0.291741,
		-0.23499,
		0.927182,
		0,
		-0.06815,
		0.971995,
		0.224905,
		0,
		0.049783,
		0.677631,
		-0.191494,
		1,
	},
	[0.333333333333] = {
		-0.566908,
		0.056317,
		-0.821854,
		0,
		-0.817391,
		-0.162483,
		0.552695,
		0,
		-0.102411,
		0.985103,
		0.138146,
		0,
		0.075216,
		0.75177,
		-0.155274,
		1,
	},
	[0.35] = {
		-0.403328,
		0.064403,
		-0.912786,
		0,
		-0.911065,
		-0.121327,
		0.394007,
		0,
		-0.08537,
		0.990521,
		0.10761,
		0,
		0.077949,
		0.746182,
		-0.154894,
		1,
	},
	[0.366666666667] = {
		-0.345692,
		0.06342,
		-0.936202,
		0,
		-0.933772,
		-0.12166,
		0.336554,
		0,
		-0.092554,
		0.990544,
		0.101277,
		0,
		0.074956,
		0.738745,
		-0.157145,
		1,
	},
	[0.383333333333] = {
		-0.343161,
		0.065645,
		-0.93698,
		0,
		-0.933119,
		-0.137866,
		0.332088,
		0,
		-0.107378,
		0.988273,
		0.108564,
		0,
		0.072772,
		0.732205,
		-0.154516,
		1,
	},
	[0.3] = {
		-0.983036,
		-0.152276,
		0.102238,
		0,
		0.134964,
		-0.223105,
		0.965406,
		0,
		-0.124198,
		0.962827,
		0.239872,
		0,
		0.0278,
		0.50635,
		-0.243042,
		1,
	},
	[0.416666666667] = {
		-0.416641,
		0.08784,
		-0.904817,
		0,
		-0.903379,
		-0.151212,
		0.401299,
		0,
		-0.101569,
		0.984591,
		0.142354,
		0,
		0.085562,
		0.727485,
		-0.133458,
		1,
	},
	[0.433333333333] = {
		-0.470877,
		0.083404,
		-0.878247,
		0,
		-0.87609,
		-0.161164,
		0.454415,
		0,
		-0.103642,
		0.983397,
		0.148957,
		0,
		0.084197,
		0.726371,
		-0.129272,
		1,
	},
	[0.45] = {
		-0.530096,
		0.074918,
		-0.844622,
		0,
		-0.841349,
		-0.17041,
		0.512926,
		0,
		-0.105504,
		0.982521,
		0.153366,
		0,
		0.081449,
		0.725576,
		-0.126333,
		1,
	},
	[0.466666666667] = {
		-0.590119,
		0.064941,
		-0.8047,
		0,
		-0.800333,
		-0.177883,
		0.57256,
		0,
		-0.10596,
		0.981906,
		0.156947,
		0,
		0.07839,
		0.725013,
		-0.123711,
		1,
	},
	[0.483333333333] = {
		-0.647276,
		0.056202,
		-0.760181,
		0,
		-0.755138,
		-0.18325,
		0.629433,
		0,
		-0.103928,
		0.981458,
		0.161053,
		0,
		0.076119,
		0.724602,
		-0.120512,
		1,
	},
	[0.4] = {
		-0.372493,
		0.078239,
		-0.924731,
		0,
		-0.921744,
		-0.14702,
		0.358851,
		0,
		-0.107878,
		0.986034,
		0.126881,
		0,
		0.079087,
		0.72883,
		-0.143761,
		1,
	},
	[0.516666666667] = {
		-0.742226,
		0.043502,
		-0.668736,
		0,
		-0.663235,
		-0.190663,
		0.723718,
		0,
		-0.09602,
		0.980691,
		0.170367,
		0,
		0.072884,
		0.723756,
		-0.113495,
		1,
	},
	[0.533333333333] = {
		-0.776489,
		0.03879,
		-0.628935,
		0,
		-0.623308,
		-0.193757,
		0.757592,
		0,
		-0.092473,
		0.980282,
		0.174628,
		0,
		0.071116,
		0.723024,
		-0.110968,
		1,
	},
	[0.55] = {
		-0.803501,
		0.03491,
		-0.594279,
		0,
		-0.588504,
		-0.197029,
		0.784119,
		0,
		-0.089717,
		0.979776,
		0.178858,
		0,
		0.069387,
		0.721897,
		-0.109327,
		1,
	},
	[0.566666666667] = {
		-0.825829,
		0.031307,
		-0.563051,
		0,
		-0.557026,
		-0.200943,
		0.805819,
		0,
		-0.087914,
		0.979102,
		0.183384,
		0,
		0.067839,
		0.720227,
		-0.108567,
		1,
	},
	[0.583333333333] = {
		-0.84333,
		0.027902,
		-0.536671,
		0,
		-0.530232,
		-0.205727,
		0.822515,
		0,
		-0.087458,
		0.978212,
		0.18829,
		0,
		0.066493,
		0.717895,
		-0.110304,
		1,
	},
	[0.5] = {
		-0.698676,
		0.049384,
		-0.713732,
		0,
		-0.708408,
		-0.187257,
		0.680509,
		0,
		-0.100045,
		0.981069,
		0.165816,
		0,
		0.074555,
		0.724234,
		-0.116808,
		1,
	},
	[0.616666666667] = {
		-0.866083,
		0.020567,
		-0.499476,
		0,
		-0.491531,
		-0.21709,
		0.843368,
		0,
		-0.091086,
		0.975935,
		0.198127,
		0,
		0.065934,
		0.708695,
		-0.125245,
		1,
	},
	[0.633333333333] = {
		-0.876306,
		0.015419,
		-0.481509,
		0,
		-0.472621,
		-0.221228,
		0.853046,
		0,
		-0.09337,
		0.9751,
		0.201151,
		0,
		0.069401,
		0.698115,
		-0.137734,
		1,
	},
	[0.65] = {
		-0.886345,
		0.009728,
		-0.462924,
		0,
		-0.4531,
		-0.224132,
		0.862824,
		0,
		-0.095363,
		0.97451,
		0.203066,
		0,
		0.075395,
		0.683648,
		-0.152729,
		1,
	},
	[0.666666666667] = {
		-0.896003,
		0.004042,
		-0.44403,
		0,
		-0.433357,
		-0.226058,
		0.87241,
		0,
		-0.09685,
		0.974106,
		0.2043,
		0,
		0.083547,
		0.665954,
		-0.169581,
		1,
	},
	[0.683333333333] = {
		-0.905112,
		-0.001134,
		-0.425171,
		0,
		-0.413811,
		-0.227285,
		0.881534,
		0,
		-0.097635,
		0.973828,
		0.205249,
		0,
		0.093493,
		0.645731,
		-0.187679,
		1,
	},
	[0.6] = {
		-0.855899,
		0.024588,
		-0.516558,
		0,
		-0.509472,
		-0.211495,
		0.834091,
		0,
		-0.08874,
		0.97707,
		0.193545,
		0,
		0.065368,
		0.714756,
		-0.115939,
		1,
	},
	[0.716666666667] = {
		-0.921551,
		-0.009366,
		-0.388143,
		0,
		-0.375872,
		-0.228959,
		0.897941,
		0,
		-0.097279,
		0.973391,
		0.207477,
		0,
		0.11641,
		0.600728,
		-0.225763,
		1,
	},
	[0.733333333333] = {
		-0.92866,
		-0.01198,
		-0.370738,
		0,
		-0.358372,
		-0.228909,
		0.90508,
		0,
		-0.095708,
		0.973374,
		0.208285,
		0,
		0.128733,
		0.577259,
		-0.245448,
		1,
	},
	[0.75] = {
		-0.934853,
		-0.013096,
		-0.354793,
		0,
		-0.342716,
		-0.22766,
		0.911436,
		0,
		-0.092708,
		0.973653,
		0.20834,
		0,
		0.14141,
		0.553909,
		-0.265409,
		1,
	},
	[0.766666666667] = {
		-0.94004,
		-0.012326,
		-0.340842,
		0,
		-0.329542,
		-0.224743,
		0.917002,
		0,
		-0.087905,
		0.97434,
		0.207205,
		0,
		0.154263,
		0.531203,
		-0.285478,
		1,
	},
	[0.783333333333] = {
		-0.944141,
		-0.009277,
		-0.329411,
		0,
		-0.319454,
		-0.219663,
		0.92179,
		0,
		-0.080911,
		0.975532,
		0.204429,
		0,
		0.1671,
		0.509616,
		-0.305443,
		1,
	},
	[0.7] = {
		-0.913648,
		-0.005631,
		-0.406468,
		0,
		-0.394568,
		-0.228267,
		0.890062,
		0,
		-0.097795,
		0.973582,
		0.206334,
		0,
		0.10461,
		0.623753,
		-0.206476,
		1,
	},
	[0.816666666667] = {
		-0.948804,
		0.00215,
		-0.315858,
		0,
		-0.309298,
		-0.209172,
		0.927676,
		0,
		-0.064074,
		0.977877,
		0.199128,
		0,
		0.192089,
		0.471293,
		-0.344021,
		1,
	},
	[0.833333333333] = {
		-0.94926,
		0.010399,
		-0.31432,
		0,
		-0.309685,
		-0.204984,
		0.928481,
		0,
		-0.054776,
		0.97871,
		0.197804,
		0,
		0.20354,
		0.45554,
		-0.361807,
		1,
	},
	[0.85] = {
		-0.948959,
		0.022042,
		-0.314628,
		0,
		-0.312572,
		-0.198993,
		0.928817,
		0,
		-0.042136,
		0.979753,
		0.195726,
		0,
		0.214936,
		0.442134,
		-0.380897,
		1,
	},
	[0.866666666667] = {
		-0.948291,
		0.037488,
		-0.31518,
		0,
		-0.31643,
		-0.189289,
		0.929539,
		0,
		-0.024813,
		0.981206,
		0.191363,
		0,
		0.227142,
		0.430318,
		-0.403117,
		1,
	},
	[0.883333333333] = {
		-0.947159,
		0.054998,
		-0.316015,
		0,
		-0.32073,
		-0.17711,
		0.930465,
		0,
		-0.004796,
		0.982653,
		0.185391,
		0,
		0.239473,
		0.420065,
		-0.426786,
		1,
	},
	[0.8] = {
		-0.947089,
		-0.004337,
		-0.320942,
		0,
		-0.31263,
		-0.214009,
		0.925453,
		0,
		-0.072698,
		0.976822,
		0.20133,
		0,
		0.179765,
		0.489532,
		-0.325054,
		1,
	},
	[0.916666666667] = {
		-0.943699,
		0.089858,
		-0.318367,
		0,
		-0.328879,
		-0.151151,
		0.932197,
		0,
		0.035644,
		0.984418,
		0.172193,
		0,
		0.261805,
		0.404218,
		-0.471673,
		1,
	},
	[0.933333333333] = {
		-0.941792,
		0.104401,
		-0.319575,
		0,
		-0.332085,
		-0.140687,
		0.932699,
		0,
		0.052415,
		0.984534,
		0.167168,
		0,
		0.270493,
		0.398676,
		-0.489475,
		1,
	},
	[0.95] = {
		-0.940202,
		0.115421,
		-0.320467,
		0,
		-0.334432,
		-0.134309,
		0.9328,
		0,
		0.064623,
		0.984195,
		0.164878,
		0,
		0.276693,
		0.394804,
		-0.501905,
		1,
	},
	[0.966666666667] = {
		-0.93929,
		0.121909,
		-0.320737,
		0,
		-0.335757,
		-0.133898,
		0.932383,
		0,
		0.07072,
		0.983468,
		0.166701,
		0,
		0.279816,
		0.392686,
		-0.507266,
		1,
	},
	[0.983333333333] = {
		-0.939085,
		0.124238,
		-0.320444,
		0,
		-0.336036,
		-0.136292,
		0.931936,
		0,
		0.072108,
		0.982848,
		0.169739,
		0,
		0.281099,
		0.391705,
		-0.508297,
		1,
	},
	[0.9] = {
		-0.945578,
		0.072949,
		-0.317114,
		0,
		-0.325004,
		-0.163869,
		0.931407,
		0,
		0.01598,
		0.983781,
		0.17866,
		0,
		0.25125,
		0.411361,
		-0.450207,
		1,
	},
	[1.01666666667] = {
		-0.940641,
		0.122647,
		-0.31647,
		0,
		-0.332391,
		-0.144305,
		0.932037,
		0,
		0.068644,
		0.981903,
		0.176506,
		0,
		0.283016,
		0.391002,
		-0.508701,
		1,
	},
	[1.03333333333] = {
		-0.942508,
		0.121086,
		-0.311475,
		0,
		-0.327905,
		-0.155273,
		0.931863,
		0,
		0.064472,
		0.980422,
		0.186051,
		0,
		0.283694,
		0.391243,
		-0.50788,
		1,
	},
	[1.05] = {
		-0.944606,
		0.120099,
		-0.305442,
		0,
		-0.322935,
		-0.174005,
		0.930288,
		0,
		0.058579,
		0.977394,
		0.20315,
		0,
		0.284274,
		0.391857,
		-0.506403,
		1,
	},
	[1.06666666667] = {
		-0.946405,
		0.120112,
		-0.299818,
		0,
		-0.319014,
		-0.202556,
		0.925852,
		0,
		0.050476,
		0.971877,
		0.230017,
		0,
		0.284847,
		0.392818,
		-0.504341,
		1,
	},
	[1.08333333333] = {
		-0.947497,
		0.119895,
		-0.296437,
		0,
		-0.317855,
		-0.251977,
		0.914044,
		0,
		0.034894,
		0.960278,
		0.276856,
		0,
		0.285345,
		0.395032,
		-0.500981,
		1,
	},
	{
		-0.939503,
		0.124101,
		-0.31927,
		0,
		-0.335035,
		-0.138868,
		0.931916,
		0,
		0.071316,
		0.982504,
		0.172045,
		0,
		0.282161,
		0.391153,
		-0.508814,
		1,
	},
	[1.11666666667] = {
		-0.942162,
		0.139137,
		-0.304913,
		0,
		-0.33494,
		-0.358049,
		0.87156,
		0,
		0.012092,
		0.923278,
		0.383942,
		0,
		0.287608,
		0.402932,
		-0.489792,
		1,
	},
	[1.13333333333] = {
		-0.939973,
		0.151711,
		-0.305671,
		0,
		-0.341208,
		-0.403817,
		0.848828,
		0,
		0.005342,
		0.902173,
		0.431342,
		0,
		0.28843,
		0.408198,
		-0.482776,
		1,
	},
	[1.15] = {
		-0.945482,
		0.150721,
		-0.288697,
		0,
		-0.325649,
		-0.448178,
		0.832519,
		0,
		-0.00391,
		0.881147,
		0.472827,
		0,
		0.287526,
		0.414122,
		-0.476132,
		1,
	},
	[1.16666666667] = {
		-0.953147,
		0.146114,
		-0.264881,
		0,
		-0.302334,
		-0.489863,
		0.817697,
		0,
		-0.010278,
		0.859468,
		0.511087,
		0,
		0.286064,
		0.420193,
		-0.46977,
		1,
	},
	[1.18333333333] = {
		-0.961969,
		0.138278,
		-0.235575,
		0,
		-0.272826,
		-0.529001,
		0.803569,
		0,
		-0.013504,
		0.837279,
		0.546609,
		0,
		0.284148,
		0.426363,
		-0.463631,
		1,
	},
	[1.1] = {
		-0.947003,
		0.123192,
		-0.296663,
		0,
		-0.320694,
		-0.309514,
		0.895185,
		0,
		0.018458,
		0.942881,
		0.332617,
		0,
		0.286012,
		0.398614,
		-0.49609,
		1,
	},
	[1.21666666667] = {
		-0.979405,
		0.114693,
		-0.166164,
		0,
		-0.201611,
		-0.599824,
		0.774315,
		0,
		-0.010861,
		0.791869,
		0.610595,
		0,
		0.279364,
		0.43876,
		-0.451769,
		1,
	},
	[1.23333333333] = {
		-0.985108,
		0.108852,
		-0.133095,
		0,
		-0.171909,
		-0.608868,
		0.774421,
		0,
		0.00326,
		0.785768,
		0.618513,
		0,
		0.276436,
		0.445554,
		-0.445953,
		1,
	},
	[1.25] = {
		-0.989819,
		0.101033,
		-0.100255,
		0,
		-0.141421,
		-0.618486,
		0.772965,
		0,
		0.016088,
		0.779273,
		0.626478,
		0,
		0.273551,
		0.452106,
		-0.440082,
		1,
	},
	[1.26666666667] = {
		-0.993383,
		0.091691,
		-0.069152,
		0,
		-0.111612,
		-0.628937,
		0.769403,
		0,
		0.027055,
		0.772031,
		0.635009,
		0,
		0.27081,
		0.458356,
		-0.434123,
		1,
	},
	[1.28333333333] = {
		-0.995834,
		0.081299,
		-0.041283,
		0,
		-0.083936,
		-0.640511,
		0.763348,
		0,
		0.035618,
		0.763633,
		0.644667,
		0,
		0.268319,
		0.464244,
		-0.428051,
		1,
	},
	[1.2] = {
		-0.970994,
		0.127646,
		-0.202179,
		0,
		-0.238715,
		-0.565648,
		0.78934,
		0,
		-0.013606,
		0.814707,
		0.579713,
		0,
		0.28188,
		0.432574,
		-0.457651,
		1,
	},
	[1.31666666667] = {
		-0.998307,
		0.058141,
		0.001725,
		0,
		-0.03763,
		-0.668166,
		0.74306,
		0,
		0.044355,
		0.741737,
		0.669223,
		0,
		0.264224,
		0.475128,
		-0.415326,
		1,
	},
	[1.33333333333] = {
		-0.998832,
		0.043716,
		0.020601,
		0,
		-0.014896,
		-0.684026,
		0.729305,
		0,
		0.045974,
		0.728146,
		0.683878,
		0,
		0.262223,
		0.480835,
		-0.408336,
		1,
	},
	[1.35] = {
		-0.998887,
		0.027295,
		0.038455,
		0,
		0.008315,
		-0.700748,
		0.71336,
		0,
		0.046418,
		0.712886,
		0.699742,
		0,
		0.260185,
		0.48675,
		-0.400967,
		1,
	},
	[1.36666666667] = {
		-0.998432,
		0.009108,
		0.055239,
		0,
		0.031921,
		-0.717964,
		0.695348,
		0,
		0.045992,
		0.69602,
		0.716548,
		0,
		0.258121,
		0.492786,
		-0.393304,
		1,
	},
	[1.38333333333] = {
		-0.997427,
		-0.010596,
		0.070908,
		0,
		0.055828,
		-0.735319,
		0.675418,
		0,
		0.044984,
		0.677639,
		0.734018,
		0,
		0.256041,
		0.498861,
		-0.385434,
		1,
	},
	[1.3] = {
		-0.997357,
		0.070357,
		-0.018123,
		0,
		-0.059813,
		-0.653543,
		0.754522,
		0,
		0.041242,
		0.753612,
		0.656024,
		0,
		0.266179,
		0.469713,
		-0.421852,
		1,
	},
	[1.41666666667] = {
		-0.993669,
		-0.053473,
		0.098806,
		0,
		0.104091,
		-0.769119,
		0.630572,
		0,
		0.042275,
		0.636864,
		0.769816,
		0,
		0.251888,
		0.51078,
		-0.369359,
		1,
	},
	[1.43333333333] = {
		-0.990901,
		-0.076073,
		0.111035,
		0,
		0.128183,
		-0.784976,
		0.60612,
		0,
		0.041051,
		0.614837,
		0.787585,
		0,
		0.249846,
		0.516453,
		-0.361199,
		1,
	},
	[1.45] = {
		-0.987555,
		-0.099049,
		0.122163,
		0,
		0.152049,
		-0.799807,
		0.58068,
		0,
		0.040191,
		0.592028,
		0.804914,
		0,
		0.247848,
		0.521829,
		-0.353063,
		1,
	},
	[1.46666666667] = {
		-0.983667,
		-0.122096,
		0.132259,
		0,
		0.175528,
		-0.81342,
		0.554561,
		0,
		0.039873,
		0.568718,
		0.821565,
		0,
		0.245912,
		0.526829,
		-0.345051,
		1,
	},
	[1.48333333333] = {
		-0.979285,
		-0.144913,
		0.141428,
		0,
		0.198449,
		-0.82567,
		0.528097,
		0,
		0.040245,
		0.545224,
		0.837324,
		0,
		0.244059,
		0.531381,
		-0.337264,
		1,
	},
	[1.4] = {
		-0.995844,
		-0.03155,
		0.085435,
		0,
		0.079926,
		-0.752474,
		0.653754,
		0,
		0.043662,
		0.657866,
		0.751868,
		0,
		0.253959,
		0.504888,
		-0.377446,
		1,
	},
	[1.51666666667] = {
		-0.969371,
		-0.188682,
		0.157221,
		0,
		0.241766,
		-0.845767,
		0.475634,
		0,
		0.043228,
		0.499077,
		0.865479,
		0,
		0.240789,
		0.538854,
		-0.322684,
		1,
	},
	[1.53333333333] = {
		-0.964032,
		-0.209084,
		0.164095,
		0,
		0.261796,
		-0.853576,
		0.450411,
		0,
		0.045894,
		0.47717,
		0.877612,
		0,
		0.239443,
		0.541641,
		-0.316066,
		1,
	},
	[1.55] = {
		-0.95857,
		-0.228159,
		0.170549,
		0,
		0.280544,
		-0.859943,
		0.426373,
		0,
		0.049382,
		0.456554,
		0.888324,
		0,
		0.238314,
		0.543708,
		-0.310024,
		1,
	},
	[1.56666666667] = {
		-0.953091,
		-0.245677,
		0.176804,
		0,
		0.297881,
		-0.864947,
		0.403898,
		0,
		0.053698,
		0.437618,
		0.897556,
		0,
		0.23742,
		0.544994,
		-0.304652,
		1,
	},
	[1.58333333333] = {
		-0.9477,
		-0.261421,
		0.183096,
		0,
		0.313693,
		-0.868696,
		0.383359,
		0,
		0.058837,
		0.420745,
		0.905269,
		0,
		0.236769,
		0.545437,
		-0.300042,
		1,
	},
	[1.5] = {
		-0.974487,
		-0.167203,
		0.149724,
		0,
		0.220598,
		-0.836466,
		0.501658,
		0,
		0.04136,
		0.521888,
		0.852011,
		0,
		0.242335,
		0.535413,
		-0.329782,
		1,
	},
	[1.61666666667] = {
		-0.937387,
		-0.287532,
		0.196547,
		0,
		0.340929,
		-0.87291,
		0.348991,
		0,
		0.071222,
		0.394148,
		0.916283,
		0,
		0.236742,
		0.543316,
		-0.293436,
		1,
	},
	[1.63333333333] = {
		-0.932236,
		-0.299154,
		0.203577,
		0,
		0.353391,
		-0.873636,
		0.334477,
		0,
		0.077792,
		0.383753,
		0.920153,
		0,
		0.237083,
		0.54032,
		-0.291507,
		1,
	},
	[1.65] = {
		-0.927062,
		-0.31008,
		0.210728,
		0,
		0.365275,
		-0.87365,
		0.321418,
		0,
		0.084437,
		0.374948,
		0.923193,
		0,
		0.237559,
		0.536184,
		-0.290539,
		1,
	},
	[1.66666666667] = {
		-0.921891,
		-0.32033,
		0.217958,
		0,
		0.376586,
		-0.873095,
		0.30966,
		0,
		0.091105,
		0.367552,
		0.92553,
		0,
		0.238153,
		0.531103,
		-0.290578,
		1,
	},
	[1.68333333333] = {
		-0.916748,
		-0.329924,
		0.22522,
		0,
		0.387322,
		-0.872096,
		0.299049,
		0,
		0.09775,
		0.361385,
		0.927279,
		0,
		0.238848,
		0.525268,
		-0.291392,
		1,
	},
	[1.6] = {
		-0.942495,
		-0.275188,
		0.189669,
		0,
		0.327881,
		-0.871313,
		0.365114,
		0,
		0.064785,
		0.406307,
		0.911437,
		0,
		0.236555,
		0.544978,
		-0.296287,
		1,
	},
	[1.71666666667] = {
		-0.906664,
		-0.347203,
		0.239606,
		0,
		0.407037,
		-0.869223,
		0.280664,
		0,
		0.110823,
		0.351996,
		0.929418,
		0,
		0.240482,
		0.512108,
		-0.294329,
		1,
	},
	[1.73333333333] = {
		-0.901788,
		-0.354918,
		0.246599,
		0,
		0.415986,
		-0.867554,
		0.272592,
		0,
		0.11719,
		0.348402,
		0.929991,
		0,
		0.241395,
		0.505175,
		-0.296299,
		1,
	},
	[1.75] = {
		-0.897073,
		-0.362032,
		0.253363,
		0,
		0.424299,
		-0.865855,
		0.265074,
		0,
		0.12341,
		0.345293,
		0.930346,
		0,
		0.242359,
		0.498267,
		-0.298504,
		1,
	},
	[1.76666666667] = {
		-0.892558,
		-0.368559,
		0.259818,
		0,
		0.431949,
		-0.864218,
		0.257969,
		0,
		0.129463,
		0.34248,
		0.930563,
		0,
		0.243363,
		0.491583,
		-0.300873,
		1,
	},
	[1.78333333333] = {
		-0.888285,
		-0.374508,
		0.265881,
		0,
		0.438902,
		-0.862726,
		0.251135,
		0,
		0.135331,
		0.339775,
		0.930719,
		0,
		0.2444,
		0.485319,
		-0.303339,
		1,
	},
	[1.7] = {
		-0.911662,
		-0.338876,
		0.232456,
		0,
		0.397477,
		-0.87077,
		0.289433,
		0,
		0.104334,
		0.356261,
		0.928543,
		0,
		0.239628,
		0.518871,
		-0.292668,
		1,
	},
	[1.81666666667] = {
		-0.880651,
		-0.384721,
		0.276485,
		0,
		0.45056,
		-0.860511,
		0.237733,
		0,
		0.146457,
		0.333932,
		0.93115,
		0,
		0.246545,
		0.474847,
		-0.308288,
		1,
	},
	[1.83333333333] = {
		-0.877384,
		-0.389003,
		0.280843,
		0,
		0.455177,
		-0.859943,
		0.230893,
		0,
		0.151691,
		0.330415,
		0.931566,
		0,
		0.247643,
		0.471035,
		-0.31064,
		1,
	},
	[1.85] = {
		-0.874551,
		-0.392745,
		0.28445,
		0,
		0.45892,
		-0.859834,
		0.223779,
		0,
		0.156692,
		0.326246,
		0.932208,
		0,
		0.248751,
		0.468439,
		-0.312823,
		1,
	},
	[1.86666666667] = {
		-0.872201,
		-0.39595,
		0.28721,
		0,
		0.461737,
		-0.860251,
		0.216257,
		0,
		0.161446,
		0.321234,
		0.933136,
		0,
		0.249867,
		0.467256,
		-0.314771,
		1,
	},
	[1.88333333333] = {
		-0.870383,
		-0.398617,
		0.289029,
		0,
		0.46357,
		-0.861255,
		0.208187,
		0,
		0.165941,
		0.315188,
		0.934409,
		0,
		0.250985,
		0.466943,
		-0.316407,
		1,
	},
	[1.8] = {
		-0.8843,
		-0.379893,
		0.271467,
		0,
		0.44512,
		-0.861464,
		0.244435,
		0,
		0.141,
		0.336989,
		0.930891,
		0,
		0.245463,
		0.479674,
		-0.305833,
		1,
	},
	[1.91666666667] = {
		-0.869084,
		-0.401427,
		0.289049,
		0,
		0.463112,
		-0.86564,
		0.190251,
		0,
		0.173841,
		0.299206,
		0.938219,
		0,
		0.253135,
		0.467452,
		-0.318455,
		1,
	},
	[1.93333333333] = {
		-0.870554,
		-0.400017,
		0.28657,
		0,
		0.45923,
		-0.869653,
		0.181138,
		0,
		0.176759,
		0.289292,
		0.94078,
		0,
		0.254056,
		0.468221,
		-0.318829,
		1,
	},
	[1.95] = {
		-0.873223,
		-0.396871,
		0.282798,
		0,
		0.453272,
		-0.874568,
		0.172267,
		0,
		0.178958,
		0.278612,
		0.943583,
		0,
		0.254893,
		0.469197,
		-0.318776,
		1,
	},
	[1.96666666667] = {
		-0.876752,
		-0.392385,
		0.278099,
		0,
		0.445788,
		-0.880038,
		0.163725,
		0,
		0.180494,
		0.26752,
		0.946496,
		0,
		0.255676,
		0.470324,
		-0.318252,
		1,
	},
	[1.98333333333] = {
		-0.880749,
		-0.387025,
		0.272935,
		0,
		0.437408,
		-0.885708,
		0.155551,
		0,
		0.181539,
		0.256385,
		0.949374,
		0,
		0.256404,
		0.471541,
		-0.317436,
		1,
	},
	[1.9] = {
		-0.869145,
		-0.400742,
		0.289815,
		0,
		0.464363,
		-0.862899,
		0.199432,
		0,
		0.17016,
		0.307915,
		0.936074,
		0,
		0.252096,
		0.46698,
		-0.317651,
		1,
	},
	[2.01666666667] = {
		-0.888722,
		-0.375602,
		0.262863,
		0,
		0.420417,
		-0.896373,
		0.140586,
		0,
		0.182819,
		0.235454,
		0.954536,
		0,
		0.257569,
		0.474015,
		-0.315614,
		1,
	},
	[2.03333333333] = {
		-0.892131,
		-0.370451,
		0.258589,
		0,
		0.412927,
		-0.900843,
		0.134064,
		0,
		0.183284,
		0.226381,
		0.956639,
		0,
		0.25798,
		0.475163,
		-0.314649,
		1,
	},
	[2.05] = {
		-0.894813,
		-0.366287,
		0.255231,
		0,
		0.406843,
		-0.904433,
		0.128377,
		0,
		0.183817,
		0.218712,
		0.95832,
		0,
		0.258271,
		0.476174,
		-0.31368,
		1,
	},
	[2.06666666667] = {
		-0.896515,
		-0.363603,
		0.253089,
		0,
		0.402739,
		-0.90692,
		0.123681,
		0,
		0.184561,
		0.212811,
		0.959505,
		0,
		0.258425,
		0.476999,
		-0.312728,
		1,
	},
	[2.08333333333] = {
		-0.897513,
		-0.362004,
		0.251841,
		0,
		0.400098,
		-0.908606,
		0.119817,
		0,
		0.18545,
		0.208298,
		0.960323,
		0,
		0.258473,
		0.477717,
		-0.311784,
		1,
	},
	{
		-0.884838,
		-0.381277,
		0.267749,
		0,
		0.428761,
		-0.891246,
		0.147796,
		0,
		0.18228,
		0.245576,
		0.952085,
		0,
		0.257041,
		0.472789,
		-0.31655,
		1,
	},
	[2.11666666667] = {
		-0.898786,
		-0.359843,
		0.250395,
		0,
		0.39641,
		-0.911006,
		0.113696,
		0,
		0.187198,
		0.201448,
		0.961445,
		0,
		0.258384,
		0.479163,
		-0.309867,
		1,
	},
	[2.13333333333] = {
		-0.899095,
		-0.359242,
		0.250147,
		0,
		0.395296,
		-0.911777,
		0.111373,
		0,
		0.188069,
		0.199017,
		0.961781,
		0,
		0.258257,
		0.479886,
		-0.308903,
		1,
	},
	[2.15] = {
		-0.899208,
		-0.358932,
		0.250186,
		0,
		0.394622,
		-0.912296,
		0.109495,
		0,
		0.188943,
		0.197187,
		0.961986,
		0,
		0.258083,
		0.480604,
		-0.307939,
		1,
	},
	[2.16666666667] = {
		-0.89914,
		-0.35889,
		0.25049,
		0,
		0.394353,
		-0.912588,
		0.108026,
		0,
		0.189825,
		0.195912,
		0.962073,
		0,
		0.257866,
		0.481315,
		-0.306983,
		1,
	},
	[2.18333333333] = {
		-0.898907,
		-0.359091,
		0.251037,
		0,
		0.394454,
		-0.912673,
		0.106933,
		0,
		0.190716,
		0.195145,
		0.962053,
		0,
		0.257612,
		0.482015,
		-0.306037,
		1,
	},
	[2.1] = {
		-0.898264,
		-0.360756,
		0.250952,
		0,
		0.398,
		-0.909958,
		0.1165,
		0,
		0.186327,
		0.204526,
		0.960964,
		0,
		0.258457,
		0.478439,
		-0.31083,
		1,
	},
	[2.21666666667] = {
		-0.898006,
		-0.360122,
		0.252779,
		0,
		0.395619,
		-0.912309,
		0.105726,
		0,
		0.192538,
		0.194947,
		0.96173,
		0,
		0.257013,
		0.483369,
		-0.304196,
		1,
	},
	[2.23333333333] = {
		-0.897368,
		-0.3609,
		0.253934,
		0,
		0.39661,
		-0.9119,
		0.105542,
		0,
		0.193472,
		0.195423,
		0.961446,
		0,
		0.256678,
		0.484017,
		-0.30331,
		1,
	},
	[2.25] = {
		-0.896624,
		-0.361818,
		0.255252,
		0,
		0.397826,
		-0.911365,
		0.105588,
		0,
		0.194424,
		0.196219,
		0.961092,
		0,
		0.256327,
		0.48464,
		-0.302454,
		1,
	},
	[2.2] = {
		-0.898524,
		-0.359511,
		0.251807,
		0,
		0.394888,
		-0.912573,
		0.106178,
		0,
		0.19162,
		0.194839,
		0.961935,
		0,
		0.257326,
		0.482701,
		-0.305106,
		1,
	},
}

return spline_matrices
