-- chunkname: @content/characters/player/human/first_person/animations/assault_shield_maul/attack_left_offhand_sweep.lua

local spline_matrices = {
	[0.016666666666666666] = {
		-0.802953,
		0.557592,
		0.210614,
		0,
		-0.450072,
		-0.798859,
		0.399073,
		0,
		0.39077,
		0.225646,
		0.892403,
		0,
		-0.345419,
		0.442055,
		-0.3641,
		1,
	},
	[0.03333333333333333] = {
		-0.808998,
		0.552986,
		0.199323,
		0,
		-0.457673,
		-0.805356,
		0.376747,
		0,
		0.368861,
		0.213563,
		0.904617,
		0,
		-0.340765,
		0.433672,
		-0.356087,
		1,
	},
	[0.05] = {
		-0.808686,
		0.552107,
		0.202991,
		0,
		-0.464947,
		-0.811317,
		0.354386,
		0,
		0.360349,
		0.192207,
		0.9128,
		0,
		-0.336338,
		0.428708,
		-0.359238,
		1,
	},
	[0.06666666666666667] = {
		-0.804914,
		0.553178,
		0.214726,
		0,
		-0.46752,
		-0.814043,
		0.344614,
		0,
		0.365429,
		0.176996,
		0.913857,
		0,
		-0.335104,
		0.430167,
		-0.368741,
		1,
	},
	[0.08333333333333333] = {
		-0.796974,
		0.556327,
		0.23523,
		0,
		-0.463497,
		-0.813001,
		0.352419,
		0,
		0.387302,
		0.17184,
		0.905797,
		0,
		-0.339351,
		0.435239,
		-0.385058,
		1,
	},
	[0] = {
		-0.797056,
		0.561694,
		0.221816,
		0,
		-0.446813,
		-0.7956,
		0.409119,
		0,
		0.406276,
		0.22698,
		0.88511,
		0,
		-0.347274,
		0.446722,
		-0.372179,
		1,
	},
	[0.11666666666666667] = {
		-0.766701,
		0.567379,
		0.300417,
		0,
		-0.438157,
		-0.804453,
		0.401091,
		0,
		0.469242,
		0.175887,
		0.865376,
		0,
		-0.362681,
		0.450202,
		-0.419633,
		1,
	},
	[0.13333333333333333] = {
		-0.745917,
		0.573297,
		0.339026,
		0,
		-0.41588,
		-0.798496,
		0.435256,
		0,
		0.520242,
		0.18367,
		0.834035,
		0,
		-0.379797,
		0.45718,
		-0.433251,
		1,
	},
	[0.15] = {
		-0.723521,
		0.578173,
		0.377137,
		0,
		-0.387308,
		-0.792247,
		0.471527,
		0,
		0.57141,
		0.195092,
		0.797138,
		0,
		-0.399325,
		0.461805,
		-0.444628,
		1,
	},
	[0.16666666666666666] = {
		-0.70184,
		0.58135,
		0.411648,
		0,
		-0.353641,
		-0.786001,
		0.50709,
		0,
		0.618352,
		0.21032,
		0.757236,
		0,
		-0.420423,
		0.462502,
		-0.453915,
		1,
	},
	[0.18333333333333332] = {
		-0.685412,
		0.578909,
		0.441672,
		0,
		-0.311708,
		-0.781448,
		0.540535,
		0,
		0.658064,
		0.232817,
		0.716064,
		0,
		-0.442787,
		0.457534,
		-0.461187,
		1,
	},
	[0.1] = {
		-0.784097,
		0.561378,
		0.264663,
		0,
		-0.453908,
		-0.809527,
		0.372336,
		0,
		0.423273,
		0.171815,
		0.889561,
		0,
		-0.348867,
		0.442406,
		-0.403617,
		1,
	},
	[0.21666666666666667] = {
		-0.682843,
		0.549315,
		0.481641,
		0,
		-0.205538,
		-0.777093,
		0.594879,
		0,
		0.701055,
		0.307213,
		0.643538,
		0,
		-0.491351,
		0.431291,
		-0.470424,
		1,
	},
	[0.23333333333333334] = {
		-0.696109,
		0.524328,
		0.490421,
		0,
		-0.152569,
		-0.775533,
		0.612594,
		0,
		0.701537,
		0.351609,
		0.619852,
		0,
		-0.516966,
		0.411976,
		-0.472893,
		1,
	},
	[0.25] = {
		-0.713364,
		0.494218,
		0.49685,
		0,
		-0.105304,
		-0.776528,
		0.621221,
		0,
		0.692837,
		0.390836,
		0.605991,
		0,
		-0.543092,
		0.389864,
		-0.474256,
		1,
	},
	[0.26666666666666666] = {
		-0.732931,
		0.459918,
		0.501286,
		0,
		-0.058609,
		-0.776805,
		0.627008,
		0,
		0.677774,
		0.430173,
		0.5963,
		0,
		-0.569457,
		0.365942,
		-0.474777,
		1,
	},
	[0.2833333333333333] = {
		-0.753243,
		0.422549,
		0.504061,
		0,
		-0.006559,
		-0.771137,
		0.636635,
		0,
		0.657709,
		0.476235,
		0.583625,
		0,
		-0.595791,
		0.341167,
		-0.473943,
		1,
	},
	[0.2] = {
		-0.678436,
		0.567897,
		0.466066,
		0,
		-0.260343,
		-0.779073,
		0.570321,
		0,
		0.686984,
		0.265589,
		0.676399,
		0,
		-0.466529,
		0.446804,
		-0.466607,
		1,
	},
	[0.31666666666666665] = {
		-0.78987,
		0.346177,
		0.506229,
		0,
		0.099991,
		-0.741711,
		0.663224,
		0,
		0.605068,
		0.574479,
		0.551241,
		0,
		-0.646525,
		0.294606,
		-0.467707,
		1,
	},
	[0.3333333333333333] = {
		-0.808354,
		0.311887,
		0.499289,
		0,
		0.143116,
		-0.71857,
		0.68057,
		0,
		0.571035,
		0.621598,
		0.536223,
		0,
		-0.669705,
		0.277519,
		-0.462924,
		1,
	},
	[0.35] = {
		-0.833565,
		0.229482,
		0.502501,
		0,
		0.239434,
		-0.669667,
		0.703006,
		0,
		0.497835,
		0.706317,
		0.503265,
		0,
		-0.68317,
		0.245304,
		-0.457371,
		1,
	},
	[0.36666666666666664] = {
		-0.852955,
		0.096759,
		0.512939,
		0,
		0.365988,
		-0.589802,
		0.719852,
		0,
		0.372184,
		0.80173,
		0.467662,
		0,
		-0.690316,
		0.196095,
		-0.451347,
		1,
	},
	[0.38333333333333336] = {
		-0.8552,
		-0.062788,
		0.51448,
		0,
		0.478604,
		-0.476641,
		0.737395,
		0,
		0.198923,
		0.876853,
		0.437674,
		0,
		-0.699425,
		0.13167,
		-0.445032,
		1,
	},
	[0.3] = {
		-0.772914,
		0.383429,
		0.505555,
		0,
		0.047888,
		-0.759241,
		0.649046,
		0,
		0.632701,
		0.525867,
		0.568466,
		0,
		-0.621831,
		0.316495,
		-0.471407,
		1,
	},
	[0.4166666666666667] = {
		-0.826316,
		-0.299062,
		0.477246,
		0,
		0.556334,
		-0.30145,
		0.774351,
		0,
		-0.087714,
		0.905367,
		0.415471,
		0,
		-0.708659,
		0.058704,
		-0.434279,
		1,
	},
	[0.43333333333333335] = {
		-0.820921,
		-0.352234,
		0.449467,
		0,
		0.55001,
		-0.276068,
		0.78821,
		0,
		-0.153551,
		0.894269,
		0.420362,
		0,
		-0.708908,
		0.063823,
		-0.430014,
		1,
	},
	[0.45] = {
		-0.813794,
		-0.397625,
		0.423832,
		0,
		0.542632,
		-0.258791,
		0.79911,
		0,
		-0.208063,
		0.880296,
		0.426367,
		0,
		-0.708681,
		0.070289,
		-0.426637,
		1,
	},
	[0.4666666666666667] = {
		-0.803168,
		-0.43877,
		0.402991,
		0,
		0.538342,
		-0.244805,
		0.806386,
		0,
		-0.255164,
		0.86461,
		0.432828,
		0,
		-0.708441,
		0.074666,
		-0.4243,
		1,
	},
	[0.48333333333333334] = {
		-0.790201,
		-0.476069,
		0.385928,
		0,
		0.536628,
		-0.23335,
		0.810912,
		0,
		-0.295993,
		0.847883,
		0.439866,
		0,
		-0.708368,
		0.076881,
		-0.422568,
		1,
	},
	[0.4] = {
		-0.839993,
		-0.206612,
		0.501721,
		0,
		0.541904,
		-0.366175,
		0.756476,
		0,
		0.027421,
		0.907319,
		0.419548,
		0,
		-0.705974,
		0.078258,
		-0.439244,
		1,
	},
	[0.5166666666666667] = {
		-0.76725,
		-0.533379,
		0.356137,
		0,
		0.533656,
		-0.222949,
		0.815785,
		0,
		-0.355722,
		0.815966,
		0.455699,
		0,
		-0.708475,
		0.081195,
		-0.41891,
		1,
	},
	[0.5333333333333333] = {
		-0.758684,
		-0.553503,
		0.34356,
		0,
		0.532128,
		-0.222297,
		0.81696,
		0,
		-0.375817,
		0.802632,
		0.463188,
		0,
		-0.708467,
		0.083113,
		-0.417349,
		1,
	},
	[0.55] = {
		-0.75276,
		-0.567995,
		0.332768,
		0,
		0.530282,
		-0.223668,
		0.817786,
		0,
		-0.390068,
		0.792057,
		0.469566,
		0,
		-0.708408,
		0.084754,
		-0.416026,
		1,
	},
	[0.5666666666666667] = {
		-0.749869,
		-0.576848,
		0.323948,
		0,
		0.527813,
		-0.226398,
		0.818631,
		0,
		-0.398885,
		0.78485,
		0.474237,
		0,
		-0.70833,
		0.086025,
		-0.414917,
		1,
	},
	[0.5833333333333334] = {
		-0.75032,
		-0.579995,
		0.317216,
		0,
		0.524329,
		-0.229882,
		0.819898,
		0,
		-0.402615,
		0.781512,
		0.476593,
		0,
		-0.70827,
		0.086837,
		-0.413997,
		1,
	},
	[0.5] = {
		-0.77799,
		-0.507586,
		0.370255,
		0,
		0.535046,
		-0.226362,
		0.813932,
		0,
		-0.329329,
		0.831334,
		0.447689,
		0,
		-0.708397,
		0.079088,
		-0.420734,
		1,
	},
	[0.6166666666666667] = {
		-0.756729,
		-0.576006,
		0.309157,
		0,
		0.517153,
		-0.238177,
		0.822085,
		0,
		-0.399892,
		0.781977,
		0.478119,
		0,
		-0.708166,
		0.08716,
		-0.412609,
		1,
	},
	[0.6333333333333333] = {
		-0.761473,
		-0.570676,
		0.307388,
		0,
		0.514248,
		-0.24318,
		0.822443,
		0,
		-0.394598,
		0.784342,
		0.478644,
		0,
		-0.708073,
		0.087023,
		-0.412067,
		1,
	},
	[0.65] = {
		-0.767127,
		-0.563281,
		0.306969,
		0,
		0.511709,
		-0.248728,
		0.822367,
		0,
		-0.386872,
		0.787939,
		0.479042,
		0,
		-0.707951,
		0.086758,
		-0.411583,
		1,
	},
	[0.6666666666666666] = {
		-0.773562,
		-0.553962,
		0.30778,
		0,
		0.50947,
		-0.254786,
		0.821903,
		0,
		-0.376885,
		0.792598,
		0.479319,
		0,
		-0.707803,
		0.086374,
		-0.411137,
		1,
	},
	[0.6833333333333333] = {
		-0.78071,
		-0.542872,
		0.309487,
		0,
		0.507308,
		-0.261432,
		0.821153,
		0,
		-0.364871,
		0.798087,
		0.479506,
		0,
		-0.707631,
		0.085884,
		-0.410729,
		1,
	},
	[0.6] = {
		-0.753013,
		-0.579125,
		0.312388,
		0,
		0.520483,
		-0.23377,
		0.821248,
		0,
		-0.402578,
		0.781003,
		0.477457,
		0,
		-0.708227,
		0.087156,
		-0.413239,
		1,
	},
	[0.7166666666666667] = {
		-0.796778,
		-0.515981,
		0.314498,
		0,
		0.502481,
		-0.27666,
		0.819129,
		0,
		-0.335645,
		0.810693,
		0.479707,
		0,
		-0.707227,
		0.08463,
		-0.410016,
		1,
	},
	[0.7333333333333333] = {
		-0.805414,
		-0.50045,
		0.317581,
		0,
		0.499691,
		-0.285147,
		0.817924,
		0,
		-0.318773,
		0.81746,
		0.479732,
		0,
		-0.707,
		0.08389,
		-0.409707,
		1,
	},
	[0.75] = {
		-0.814269,
		-0.48372,
		0.320906,
		0,
		0.496576,
		-0.294145,
		0.816634,
		0,
		-0.300629,
		0.824314,
		0.479717,
		0,
		-0.706761,
		0.083088,
		-0.409425,
		1,
	},
	[0.7666666666666667] = {
		-0.823213,
		-0.465942,
		0.324376,
		0,
		0.493089,
		-0.303596,
		0.815287,
		0,
		-0.281397,
		0.831101,
		0.479674,
		0,
		-0.70651,
		0.082237,
		-0.409169,
		1,
	},
	[0.7833333333333333] = {
		-0.832122,
		-0.447276,
		0.3279,
		0,
		0.489196,
		-0.313432,
		0.813909,
		0,
		-0.261267,
		0.837678,
		0.479619,
		0,
		-0.706252,
		0.081348,
		-0.408937,
		1,
	},
	[0.7] = {
		-0.788496,
		-0.530167,
		0.311764,
		0,
		0.505,
		-0.268739,
		0.820216,
		0,
		-0.351068,
		0.804178,
		0.479634,
		0,
		-0.707438,
		0.085299,
		-0.410356,
		1,
	},
	[0.8166666666666667] = {
		-0.849429,
		-0.4079,
		0.334796,
		0,
		0.480095,
		-0.334002,
		0.811142,
		0,
		-0.219042,
		0.849741,
		0.479542,
		0,
		-0.705715,
		0.079559,
		-0.408532,
		1,
	},
	[0.8333333333333334] = {
		-0.85769,
		-0.387424,
		0.338039,
		0,
		0.474836,
		-0.344643,
		0.809785,
		0,
		-0.197227,
		0.855058,
		0.47956,
		0,
		-0.70543,
		0.078789,
		-0.408355,
		1,
	},
	[0.85] = {
		-0.865576,
		-0.36667,
		0.341074,
		0,
		0.469124,
		-0.355407,
		0.808461,
		0,
		-0.175218,
		0.85979,
		0.479645,
		0,
		-0.705137,
		0.078124,
		-0.408192,
		1,
	},
	[0.8666666666666667] = {
		-0.873008,
		-0.345852,
		0.343866,
		0,
		0.463005,
		-0.366189,
		0.807175,
		0,
		-0.153243,
		0.863882,
		0.479817,
		0,
		-0.704839,
		0.077565,
		-0.408042,
		1,
	},
	[0.8833333333333333] = {
		-0.879925,
		-0.325191,
		0.346386,
		0,
		0.456543,
		-0.376887,
		0.805931,
		0,
		-0.131533,
		0.867298,
		0.480096,
		0,
		-0.704541,
		0.077111,
		-0.407903,
		1,
	},
	[0.8] = {
		-0.840883,
		-0.427892,
		0.331397,
		0,
		0.484876,
		-0.32358,
		0.812521,
		0,
		-0.240438,
		0.843922,
		0.479568,
		0,
		-0.705988,
		0.080432,
		-0.408725,
		1,
	},
	[0.9166666666666666] = {
		-0.89204,
		-0.285058,
		0.350724,
		0,
		0.44294,
		-0.397155,
		0.803786,
		0,
		-0.089833,
		0.872359,
		0.480541,
		0,
		-0.703959,
		0.076288,
		-0.407693,
		1,
	},
	[0.9333333333333333] = {
		-0.897189,
		-0.266007,
		0.352551,
		0,
		0.436015,
		-0.406422,
		0.802939,
		0,
		-0.070302,
		0.874106,
		0.480621,
		0,
		-0.703682,
		0.075867,
		-0.407628,
		1,
	},
	[0.95] = {
		-0.901724,
		-0.247954,
		0.354138,
		0,
		0.42918,
		-0.414997,
		0.802235,
		0,
		-0.051951,
		0.875384,
		0.48063,
		0,
		-0.703419,
		0.075447,
		-0.407587,
		1,
	},
	[0.9666666666666667] = {
		-0.90565,
		-0.231141,
		0.355487,
		0,
		0.422578,
		-0.422798,
		0.801666,
		0,
		-0.034999,
		0.876251,
		0.480583,
		0,
		-0.703174,
		0.075032,
		-0.407565,
		1,
	},
	[0.9833333333333333] = {
		-0.908986,
		-0.215813,
		0.356609,
		0,
		0.416363,
		-0.42975,
		0.801222,
		0,
		-0.019661,
		0.876778,
		0.480493,
		0,
		-0.702949,
		0.074628,
		-0.40756,
		1,
	},
	[0.9] = {
		-0.886279,
		-0.304865,
		0.348664,
		0,
		0.449821,
		-0.38728,
		0.804782,
		0,
		-0.11032,
		0.870098,
		0.480373,
		0,
		-0.704247,
		0.076704,
		-0.407784,
		1,
	},
	[1.0166666666666666] = {
		-0.913975,
		-0.190575,
		0.358233,
		0,
		0.405736,
		-0.440821,
		0.800659,
		0,
		0.005331,
		0.87713,
		0.480223,
		0,
		-0.70258,
		0.073872,
		-0.407588,
		1,
	},
	[1.0333333333333334] = {
		-0.915677,
		-0.181145,
		0.358778,
		0,
		0.40165,
		-0.444808,
		0.800514,
		0,
		0.014578,
		0.877116,
		0.480057,
		0,
		-0.702445,
		0.073529,
		-0.40761,
		1,
	},
	[1.05] = {
		-0.916879,
		-0.174156,
		0.359169,
		0,
		0.398591,
		-0.447674,
		0.800446,
		0,
		0.021388,
		0.877073,
		0.47988,
		0,
		-0.702348,
		0.073217,
		-0.407634,
		1,
	},
	[1.0666666666666667] = {
		-0.917592,
		-0.169841,
		0.359415,
		0,
		0.396701,
		-0.449354,
		0.800443,
		0,
		0.025557,
		0.87706,
		0.4797,
		0,
		-0.702292,
		0.072941,
		-0.407656,
		1,
	},
	[1.0833333333333333] = {
		-0.917811,
		-0.168428,
		0.35952,
		0,
		0.396106,
		-0.44978,
		0.800499,
		0,
		0.026878,
		0.877115,
		0.479528,
		0,
		-0.702283,
		0.072705,
		-0.407673,
		1,
	},
	{
		-0.911752,
		-0.202211,
		0.357517,
		0,
		0.410694,
		-0.43578,
		0.800891,
		0,
		-0.00615,
		0.877044,
		0.480371,
		0,
		-0.70275,
		0.07424,
		-0.407569,
		1,
	},
	[1.1] = {
		-0.917786,
		-0.168529,
		0.359536,
		0,
		0.396172,
		-0.449645,
		0.800542,
		0,
		0.026749,
		0.877164,
		0.479444,
		0,
		-0.702293,
		0.072563,
		-0.40768,
		1,
	},
}

return spline_matrices
