-- chunkname: @content/characters/player/human/first_person/animations/assault_shield_maul/attack_stab_offhand_sweep.lua

local spline_matrices = {
	[0.016666666666666666] = {
		-0.322555,
		0.019818,
		0.946343,
		0,
		0.039826,
		-0.998611,
		0.034487,
		0,
		0.945712,
		0.048813,
		0.321318,
		0,
		-0.673482,
		0.487155,
		-0.286996,
		1,
	},
	[0.03333333333333333] = {
		-0.330123,
		0.003216,
		0.943932,
		0,
		0.041901,
		-0.998959,
		0.018057,
		0,
		0.943007,
		0.045513,
		0.329644,
		0,
		-0.672319,
		0.498628,
		-0.290035,
		1,
	},
	[0.05] = {
		-0.334599,
		-0.007469,
		0.942331,
		0,
		0.045914,
		-0.99891,
		0.008385,
		0,
		0.941242,
		0.046072,
		0.334577,
		0,
		-0.67102,
		0.512117,
		-0.294278,
		1,
	},
	[0.06666666666666667] = {
		-0.332138,
		-0.003559,
		0.943224,
		0,
		0.051773,
		-0.998554,
		0.014463,
		0,
		0.941809,
		0.053638,
		0.331842,
		0,
		-0.67008,
		0.52301,
		-0.299073,
		1,
	},
	[0.08333333333333333] = {
		-0.32437,
		0.012639,
		0.945846,
		0,
		0.058958,
		-0.997696,
		0.033552,
		0,
		0.944091,
		0.066649,
		0.322878,
		0,
		-0.66996,
		0.529035,
		-0.303785,
		1,
	},
	[0] = {
		-0.318537,
		0.028448,
		0.947483,
		0,
		0.039278,
		-0.998295,
		0.043179,
		0,
		0.947096,
		0.050969,
		0.316877,
		0,
		-0.673987,
		0.482307,
		-0.285833,
		1,
	},
	[0.11666666666666667] = {
		-0.300327,
		0.071284,
		0.951169,
		0,
		0.07608,
		-0.992236,
		0.098384,
		0,
		0.950797,
		0.101912,
		0.292572,
		0,
		-0.669073,
		0.532062,
		-0.309655,
		1,
	},
	[0.13333333333333333] = {
		-0.28834,
		0.108105,
		0.951406,
		0,
		0.085238,
		-0.986764,
		0.137955,
		0,
		0.953727,
		0.120873,
		0.275309,
		0,
		-0.667835,
		0.531165,
		-0.311508,
		1,
	},
	[0.15] = {
		-0.278767,
		0.145753,
		0.949234,
		0,
		0.094255,
		-0.979492,
		0.178079,
		0,
		0.955722,
		0.139113,
		0.259312,
		0,
		-0.66683,
		0.528083,
		-0.313345,
		1,
	},
	[0.16666666666666666] = {
		-0.273182,
		0.18089,
		0.944802,
		0,
		0.102672,
		-0.971068,
		0.215606,
		0,
		0.956468,
		0.155904,
		0.246705,
		0,
		-0.666789,
		0.521588,
		-0.31557,
		1,
	},
	[0.18333333333333332] = {
		-0.272969,
		0.210441,
		0.938724,
		0,
		0.109559,
		-0.962633,
		0.247659,
		0,
		0.955764,
		0.170448,
		0.239713,
		0,
		-0.668367,
		0.512262,
		-0.31862,
		1,
	},
	[0.1] = {
		-0.313054,
		0.0385,
		0.948955,
		0,
		0.067162,
		-0.995779,
		0.062556,
		0,
		0.947358,
		0.083317,
		0.309147,
		0,
		-0.669907,
		0.5317,
		-0.307339,
		1,
	},
	[0.21666666666666667] = {
		-0.296296,
		0.259787,
		0.919086,
		0,
		0.115683,
		-0.945451,
		0.304533,
		0,
		0.948065,
		0.196554,
		0.25008,
		0,
		-0.682872,
		0.487021,
		-0.328297,
		1,
	},
	[0.23333333333333334] = {
		-0.336177,
		0.282131,
		0.898547,
		0,
		0.109891,
		-0.935808,
		0.334944,
		0,
		0.935366,
		0.211343,
		0.283593,
		0,
		-0.687733,
		0.469862,
		-0.334844,
		1,
	},
	[0.25] = {
		-0.391885,
		0.305369,
		0.867857,
		0,
		0.096565,
		-0.924445,
		0.368885,
		0,
		0.914932,
		0.228365,
		0.332789,
		0,
		-0.686846,
		0.450177,
		-0.346127,
		1,
	},
	[0.26666666666666666] = {
		-0.443923,
		0.334101,
		0.83145,
		0,
		0.078038,
		-0.90995,
		0.407311,
		0,
		0.89266,
		0.245699,
		0.377875,
		0,
		-0.678587,
		0.430391,
		-0.36362,
		1,
	},
	[0.2833333333333333] = {
		-0.484761,
		0.369214,
		0.792898,
		0,
		0.059722,
		-0.890447,
		0.451151,
		0,
		0.872605,
		0.266054,
		0.409604,
		0,
		-0.670908,
		0.410826,
		-0.385115,
		1,
	},
	[0.2] = {
		-0.277648,
		0.23587,
		0.931277,
		0,
		0.114816,
		-0.954295,
		0.275931,
		0,
		0.953797,
		0.183538,
		0.237876,
		0,
		-0.674651,
		0.500643,
		-0.322925,
		1,
	},
	[0.31666666666666665] = {
		-0.575266,
		0.439577,
		0.689812,
		0,
		0.025294,
		-0.833363,
		0.552148,
		0,
		0.817575,
		0.33508,
		0.468287,
		0,
		-0.655908,
		0.361078,
		-0.431451,
		1,
	},
	[0.3333333333333333] = {
		-0.642659,
		0.462549,
		0.610768,
		0,
		-0.000832,
		-0.79761,
		0.603173,
		0,
		0.766152,
		0.387126,
		0.512976,
		0,
		-0.629462,
		0.33886,
		-0.453962,
		1,
	},
	[0.35] = {
		-0.716805,
		0.469983,
		0.51508,
		0,
		-0.040121,
		-0.765281,
		0.642444,
		0,
		0.696119,
		0.439841,
		0.567414,
		0,
		-0.591535,
		0.327918,
		-0.470163,
		1,
	},
	[0.36666666666666664] = {
		-0.778514,
		0.471279,
		0.414502,
		0,
		-0.086811,
		-0.734936,
		0.672557,
		0,
		0.621594,
		0.487611,
		0.613071,
		0,
		-0.556509,
		0.322167,
		-0.480979,
		1,
	},
	[0.38333333333333336] = {
		-0.822322,
		0.472689,
		0.316784,
		0,
		-0.134179,
		-0.702097,
		0.699326,
		0,
		0.552976,
		0.532565,
		0.640774,
		0,
		-0.528408,
		0.315412,
		-0.491136,
		1,
	},
	[0.3] = {
		-0.525373,
		0.406382,
		0.747554,
		0,
		0.0429,
		-0.864805,
		0.500271,
		0,
		0.84979,
		0.294899,
		0.436911,
		0,
		-0.666243,
		0.387539,
		-0.40841,
		1,
	},
	[0.4166666666666667] = {
		-0.861726,
		0.473687,
		0.181794,
		0,
		-0.212318,
		-0.662083,
		0.718726,
		0,
		0.460814,
		0.580747,
		0.671107,
		0,
		-0.498546,
		0.309297,
		-0.506023,
		1,
	},
	[0.43333333333333335] = {
		-0.867534,
		0.476088,
		0.143959,
		0,
		-0.241396,
		-0.656087,
		0.715037,
		0,
		0.43487,
		0.585568,
		0.684104,
		0,
		-0.493282,
		0.309533,
		-0.511942,
		1,
	},
	[0.45] = {
		-0.871617,
		0.477838,
		0.109337,
		0,
		-0.268159,
		-0.651524,
		0.709653,
		0,
		0.410335,
		0.589226,
		0.696016,
		0,
		-0.488477,
		0.310646,
		-0.516164,
		1,
	},
	[0.4666666666666667] = {
		-0.874069,
		0.479036,
		0.0808,
		0,
		-0.290155,
		-0.64818,
		0.70404,
		0,
		0.389634,
		0.591935,
		0.705548,
		0,
		-0.484526,
		0.312366,
		-0.51899,
		1,
	},
	[0.48333333333333334] = {
		-0.875229,
		0.479739,
		0.061844,
		0,
		-0.304644,
		-0.646015,
		0.699898,
		0,
		0.37572,
		0.593731,
		0.71156,
		0,
		-0.48212,
		0.31455,
		-0.520363,
		1,
	},
	[0.4] = {
		-0.848995,
		0.47263,
		0.236282,
		0,
		-0.177142,
		-0.675864,
		0.715422,
		0,
		0.497824,
		0.565534,
		0.657528,
		0,
		-0.509005,
		0.310842,
		-0.499008,
		1,
	},
	[0.5166666666666667] = {
		-0.875814,
		0.479205,
		0.057553,
		0,
		-0.307067,
		-0.645227,
		0.699566,
		0,
		0.37237,
		0.595017,
		0.712247,
		0,
		-0.483132,
		0.319603,
		-0.519409,
		1,
	},
	[0.5333333333333333] = {
		-0.876738,
		0.477217,
		0.059954,
		0,
		-0.303735,
		-0.646,
		0.700307,
		0,
		0.372928,
		0.595776,
		0.71132,
		0,
		-0.484968,
		0.321607,
		-0.518399,
		1,
	},
	[0.55] = {
		-0.877895,
		0.474667,
		0.063174,
		0,
		-0.299522,
		-0.647255,
		0.700962,
		0,
		0.373613,
		0.59645,
		0.710395,
		0,
		-0.486952,
		0.323418,
		-0.517407,
		1,
	},
	[0.5666666666666667] = {
		-0.879099,
		0.47186,
		0.067323,
		0,
		-0.294589,
		-0.648924,
		0.701509,
		0,
		0.374702,
		0.596864,
		0.709473,
		0,
		-0.488801,
		0.325099,
		-0.516614,
		1,
	},
	[0.5833333333333334] = {
		-0.880379,
		0.46869,
		0.072547,
		0,
		-0.288799,
		-0.651118,
		0.701884,
		0,
		0.376202,
		0.596972,
		0.708587,
		0,
		-0.490383,
		0.326519,
		-0.51618,
		1,
	},
	[0.5] = {
		-0.875496,
		0.479987,
		0.055853,
		0,
		-0.309102,
		-0.645114,
		0.698773,
		0,
		0.371434,
		0.594508,
		0.71316,
		0,
		-0.481849,
		0.31715,
		-0.520263,
		1,
	},
	[0.6166666666666667] = {
		-0.882851,
		0.461399,
		0.087663,
		0,
		-0.27389,
		-0.657436,
		0.70197,
		0,
		0.381521,
		0.595726,
		0.70679,
		0,
		-0.492455,
		0.328484,
		-0.516538,
		1,
	},
	[0.6333333333333333] = {
		-0.883709,
		0.457323,
		0.099567,
		0,
		-0.263226,
		-0.661528,
		0.702206,
		0,
		0.387001,
		0.594337,
		0.704978,
		0,
		-0.493297,
		0.32927,
		-0.516775,
		1,
	},
	[0.65] = {
		-0.884012,
		0.453014,
		0.115328,
		0,
		-0.249669,
		-0.666126,
		0.70281,
		0,
		0.395206,
		0.592498,
		0.701967,
		0,
		-0.494278,
		0.330418,
		-0.516515,
		1,
	},
	[0.6666666666666666] = {
		-0.883552,
		0.448557,
		0.134659,
		0,
		-0.233654,
		-0.671383,
		0.703314,
		0,
		0.405885,
		0.589951,
		0.698009,
		0,
		-0.495586,
		0.332112,
		-0.515482,
		1,
	},
	[0.6833333333333333] = {
		-0.88212,
		0.444083,
		0.157021,
		0,
		-0.215621,
		-0.67709,
		0.703603,
		0,
		0.418775,
		0.586805,
		0.693028,
		0,
		-0.497406,
		0.334257,
		-0.513573,
		1,
	},
	[0.6] = {
		-0.881671,
		0.46519,
		0.079088,
		0,
		-0.282055,
		-0.653927,
		0.702014,
		0,
		0.378288,
		0.596638,
		0.707758,
		0,
		-0.491556,
		0.327655,
		-0.516208,
		1,
	},
	[0.7166666666666667] = {
		-0.876554,
		0.435112,
		0.205743,
		0,
		-0.176869,
		-0.688764,
		0.70308,
		0,
		0.447627,
		0.579898,
		0.680697,
		0,
		-0.502033,
		0.338799,
		-0.508424,
		1,
	},
	[0.7333333333333333] = {
		-0.872734,
		0.430684,
		0.229883,
		0,
		-0.157899,
		-0.694594,
		0.70186,
		0,
		0.461955,
		0.576239,
		0.6742,
		0,
		-0.50455,
		0.341018,
		-0.505618,
		1,
	},
	[0.75] = {
		-0.868488,
		0.426452,
		0.252719,
		0,
		-0.140202,
		-0.700314,
		0.699931,
		0,
		0.47547,
		0.57245,
		0.668004,
		0,
		-0.507145,
		0.343143,
		-0.502779,
		1,
	},
	[0.7666666666666667] = {
		-0.864123,
		0.422541,
		0.273407,
		0,
		-0.12452,
		-0.705858,
		0.697323,
		0,
		0.487634,
		0.568528,
		0.662563,
		0,
		-0.509776,
		0.345132,
		-0.5,
		1,
	},
	[0.7833333333333333] = {
		-0.860011,
		0.41908,
		0.291125,
		0,
		-0.111581,
		-0.711165,
		0.694114,
		0,
		0.497927,
		0.564461,
		0.658371,
		0,
		-0.5124,
		0.346943,
		-0.497373,
		1,
	},
	[0.7] = {
		-0.879726,
		0.439616,
		0.181162,
		0,
		-0.196361,
		-0.682901,
		0.703625,
		0,
		0.433041,
		0.583424,
		0.68709,
		0,
		-0.499638,
		0.33653,
		-0.511106,
		1,
	},
	[0.8166666666666667] = {
		-0.854219,
		0.414045,
		0.314447,
		0,
		-0.096759,
		-0.720843,
		0.686311,
		0,
		0.510831,
		0.555834,
		0.65582,
		0,
		-0.517458,
		0.349876,
		-0.492846,
		1,
	},
	[0.8333333333333334] = {
		-0.853358,
		0.412749,
		0.318463,
		0,
		-0.096244,
		-0.725101,
		0.681883,
		0,
		0.512365,
		0.55124,
		0.658496,
		0,
		-0.519808,
		0.350917,
		-0.490872,
		1,
	},
	[0.85] = {
		-0.853278,
		0.41214,
		0.319463,
		0,
		-0.098441,
		-0.728935,
		0.677468,
		0,
		0.51208,
		0.54662,
		0.662556,
		0,
		-0.521984,
		0.351623,
		-0.489097,
		1,
	},
	[0.8666666666666667] = {
		-0.853089,
		0.411873,
		0.320313,
		0,
		-0.100715,
		-0.732344,
		0.673445,
		0,
		0.511953,
		0.542248,
		0.666236,
		0,
		-0.523992,
		0.352031,
		-0.487547,
		1,
	},
	[0.8833333333333333] = {
		-0.852837,
		0.411856,
		0.321004,
		0,
		-0.102945,
		-0.735288,
		0.669891,
		0,
		0.511929,
		0.538262,
		0.669479,
		0,
		-0.525866,
		0.35222,
		-0.486229,
		1,
	},
	[0.8] = {
		-0.856568,
		0.416202,
		0.305069,
		0,
		-0.102096,
		-0.716178,
		0.690409,
		0,
		0.505834,
		0.560236,
		0.655948,
		0,
		-0.514974,
		0.348538,
		-0.494993,
		1,
	},
	[0.9166666666666666] = {
		-0.85214,
		0.412584,
		0.32192,
		0,
		-0.107056,
		-0.739585,
		0.664495,
		0,
		0.512247,
		0.531779,
		0.674399,
		0,
		-0.529207,
		0.352029,
		-0.484298,
		1,
	},
	[0.9333333333333333] = {
		-0.851702,
		0.413298,
		0.322162,
		0,
		-0.108853,
		-0.740908,
		0.662727,
		0,
		0.512596,
		0.529378,
		0.676021,
		0,
		-0.530657,
		0.351741,
		-0.483671,
		1,
	},
	[0.95] = {
		-0.851211,
		0.414194,
		0.32231,
		0,
		-0.11042,
		-0.741722,
		0.661555,
		0,
		0.513077,
		0.527533,
		0.677097,
		0,
		-0.531947,
		0.351431,
		-0.483226,
		1,
	},
	[0.9666666666666667] = {
		-0.850669,
		0.415258,
		0.32237,
		0,
		-0.111716,
		-0.742008,
		0.661017,
		0,
		0.513694,
		0.526293,
		0.677594,
		0,
		-0.533068,
		0.351141,
		-0.482959,
		1,
	},
	[0.9833333333333333] = {
		-0.850081,
		0.416477,
		0.322348,
		0,
		-0.112695,
		-0.741743,
		0.661148,
		0,
		0.514453,
		0.525703,
		0.677477,
		0,
		-0.534011,
		0.350914,
		-0.482864,
		1,
	},
	[0.9] = {
		-0.852519,
		0.412093,
		0.321544,
		0,
		-0.105072,
		-0.737717,
		0.666883,
		0,
		0.512026,
		0.534745,
		0.672218,
		0,
		-0.527607,
		0.352213,
		-0.485142,
		1,
	},
	[1.0166666666666666] = {
		-0.848783,
		0.419323,
		0.322081,
		0,
		-0.114507,
		-0.740467,
		0.662266,
		0,
		0.516194,
		0.525239,
		0.676511,
		0,
		-0.535251,
		0.350714,
		-0.483213,
		1,
	},
	[1.0333333333333334] = {
		-0.848079,
		0.420922,
		0.321848,
		0,
		-0.115551,
		-0.739709,
		0.662932,
		0,
		0.517116,
		0.525029,
		0.67597,
		0,
		-0.535432,
		0.350619,
		-0.483716,
		1,
	},
	[1.05] = {
		-0.847346,
		0.422619,
		0.321556,
		0,
		-0.116676,
		-0.738885,
		0.663654,
		0,
		0.518066,
		0.524826,
		0.6754,
		0,
		-0.535354,
		0.350533,
		-0.484412,
		1,
	},
	[1.0666666666666667] = {
		-0.846585,
		0.424402,
		0.321211,
		0,
		-0.117874,
		-0.738004,
		0.664422,
		0,
		0.519037,
		0.524627,
		0.674809,
		0,
		-0.535065,
		0.350483,
		-0.485267,
		1,
	},
	[1.0833333333333333] = {
		-0.845802,
		0.426255,
		0.320821,
		0,
		-0.119135,
		-0.737077,
		0.665225,
		0,
		0.520025,
		0.524427,
		0.674203,
		0,
		-0.534612,
		0.350497,
		-0.48625,
		1,
	},
	{
		-0.849451,
		0.417837,
		0.32225,
		0,
		-0.113552,
		-0.741149,
		0.661668,
		0,
		0.515304,
		0.525463,
		0.677016,
		0,
		-0.534765,
		0.350791,
		-0.482936,
		1,
	},
	[1.1166666666666667] = {
		-0.844184,
		0.430118,
		0.319925,
		0,
		-0.121816,
		-0.735127,
		0.666895,
		0,
		0.522029,
		0.52401,
		0.672978,
		0,
		-0.533404,
		0.350836,
		-0.488465,
		1,
	},
	[1.1333333333333333] = {
		-0.843442,
		0.431985,
		0.319364,
		0,
		-0.123173,
		-0.734142,
		0.66773,
		0,
		0.522909,
		0.523855,
		0.672416,
		0,
		-0.532686,
		0.351147,
		-0.489675,
		1,
	},
	[1.15] = {
		-0.84285,
		0.433646,
		0.318676,
		0,
		-0.124453,
		-0.733187,
		0.668542,
		0,
		0.52356,
		0.523821,
		0.671935,
		0,
		-0.531882,
		0.351442,
		-0.490951,
		1,
	},
	[1.1666666666666667] = {
		-0.842393,
		0.435096,
		0.317908,
		0,
		-0.125623,
		-0.732271,
		0.669326,
		0,
		0.524016,
		0.523899,
		0.671518,
		0,
		-0.531048,
		0.351667,
		-0.492234,
		1,
	},
	[1.1833333333333333] = {
		-0.842054,
		0.436386,
		0.317036,
		0,
		-0.126652,
		-0.731292,
		0.670202,
		0,
		0.524313,
		0.524194,
		0.671057,
		0,
		-0.53024,
		0.351726,
		-0.493524,
		1,
	},
	[1.1] = {
		-0.845,
		0.428165,
		0.320389,
		0,
		-0.120452,
		-0.736115,
		0.666053,
		0,
		0.521024,
		0.524223,
		0.673591,
		0,
		-0.534043,
		0.350606,
		-0.487326,
		1,
	},
	[1.2166666666666666] = {
		-0.84167,
		0.438418,
		0.315247,
		0,
		-0.128158,
		-0.729301,
		0.672083,
		0,
		0.524563,
		0.525271,
		0.670018,
		0,
		-0.528925,
		0.351379,
		-0.495827,
		1,
	},
	[1.2333333333333334] = {
		-0.841593,
		0.439012,
		0.314626,
		0,
		-0.128572,
		-0.728614,
		0.672749,
		0,
		0.524586,
		0.525729,
		0.669641,
		0,
		-0.52853,
		0.351174,
		-0.496564,
		1,
	},
	[1.25] = {
		-0.841571,
		0.439226,
		0.314386,
		0,
		-0.128717,
		-0.728348,
		0.673009,
		0,
		0.524585,
		0.525918,
		0.669493,
		0,
		-0.528386,
		0.351083,
		-0.496841,
		1,
	},
	[1.2] = {
		-0.841819,
		0.437518,
		0.316099,
		0,
		-0.127508,
		-0.730249,
		0.671177,
		0,
		0.524483,
		0.524705,
		0.670524,
		0,
		-0.529513,
		0.351596,
		-0.494768,
		1,
	},
}

return spline_matrices
