-- chunkname: @content/characters/player/human/first_person/animations/assault_shield_maul/attack_left.lua

local spline_matrices = {
	[0.016666666666666666] = {
		-0.799081,
		0.555762,
		0.229345,
		0,
		0.469546,
		0.338637,
		0.815384,
		0,
		0.375495,
		0.759246,
		-0.531554,
		0,
		0.382087,
		-0.038007,
		-0.625984,
		1,
	},
	[0.03333333333333333] = {
		-0.56642,
		0.728734,
		0.384857,
		0,
		0.350123,
		-0.209963,
		0.912869,
		0,
		0.746044,
		0.651815,
		-0.136219,
		0,
		0.473472,
		0.037299,
		-0.527261,
		1,
	},
	[0.05] = {
		-0.291585,
		0.688111,
		0.66444,
		0,
		-0.065054,
		-0.707283,
		0.703931,
		0,
		0.95433,
		0.162032,
		0.250997,
		0,
		0.578642,
		0.08989,
		-0.394608,
		1,
	},
	[0.06666666666666667] = {
		-0.167663,
		0.44728,
		0.878538,
		0,
		-0.495405,
		-0.808687,
		0.317173,
		0,
		0.852328,
		-0.382054,
		0.357172,
		0,
		0.652085,
		0.115943,
		-0.281939,
		1,
	},
	[0.08333333333333333] = {
		-0.171444,
		0.256622,
		0.951185,
		0,
		-0.689675,
		-0.720715,
		0.070134,
		0,
		0.703531,
		-0.643984,
		0.300548,
		0,
		0.689623,
		0.142307,
		-0.216191,
		1,
	},
	[0] = {
		-0.91738,
		0.347188,
		0.194613,
		0,
		0.390919,
		0.694074,
		0.60452,
		0,
		0.074806,
		0.630652,
		-0.772452,
		0,
		0.337383,
		-0.092449,
		-0.66537,
		1,
	},
	[0.11666666666666667] = {
		-0.230596,
		0.119617,
		0.965669,
		0,
		-0.725389,
		-0.682604,
		-0.088665,
		0,
		0.648565,
		-0.720932,
		0.244174,
		0,
		0.732054,
		0.208718,
		-0.149164,
		1,
	},
	[0.13333333333333333] = {
		-0.258253,
		0.0941,
		0.961483,
		0,
		-0.683495,
		-0.721155,
		-0.113007,
		0,
		0.682745,
		-0.686353,
		0.250558,
		0,
		0.750204,
		0.246339,
		-0.123984,
		1,
	},
	[0.15] = {
		-0.280681,
		0.078201,
		0.95661,
		0,
		-0.616857,
		-0.778274,
		-0.117371,
		0,
		0.735326,
		-0.623036,
		0.266686,
		0,
		0.764989,
		0.284993,
		-0.102981,
		1,
	},
	[0.16666666666666666] = {
		-0.294613,
		0.062764,
		0.953553,
		0,
		-0.535557,
		-0.837257,
		-0.110358,
		0,
		0.791443,
		-0.543195,
		0.280281,
		0,
		0.77547,
		0.32368,
		-0.085566,
		1,
	},
	[0.18333333333333332] = {
		-0.294664,
		0.040663,
		0.954735,
		0,
		-0.457753,
		-0.883015,
		-0.10367,
		0,
		0.83883,
		-0.467581,
		0.278806,
		0,
		0.781366,
		0.360677,
		-0.071081,
		1,
	},
	[0.1] = {
		-0.199831,
		0.167308,
		0.965441,
		0,
		-0.733911,
		-0.678377,
		-0.034347,
		0,
		0.649186,
		-0.715411,
		0.25835,
		0,
		0.711636,
		0.173207,
		-0.179345,
		1,
	},
	[0.21666666666666667] = {
		-0.216553,
		-0.04166,
		0.975382,
		0,
		-0.408451,
		-0.903579,
		-0.129277,
		0,
		0.88672,
		-0.426391,
		0.178657,
		0,
		0.756178,
		0.417684,
		-0.051731,
		1,
	},
	[0.23333333333333334] = {
		-0.126143,
		-0.094996,
		0.987453,
		0,
		-0.428405,
		-0.892582,
		-0.140596,
		0,
		0.894738,
		-0.440765,
		0.071897,
		0,
		0.689253,
		0.434209,
		-0.05207,
		1,
	},
	[0.25] = {
		-0.036431,
		-0.148498,
		0.988241,
		0,
		-0.441086,
		-0.884969,
		-0.14924,
		0,
		0.896725,
		-0.441337,
		-0.03326,
		0,
		0.603615,
		0.452105,
		-0.05582,
		1,
	},
	[0.26666666666666666] = {
		0.021587,
		-0.191794,
		0.981198,
		0,
		-0.417908,
		-0.893302,
		-0.165419,
		0,
		0.908233,
		-0.40648,
		-0.099436,
		0,
		0.521591,
		0.47986,
		-0.058292,
		1,
	},
	[0.2833333333333333] = {
		0.015413,
		-0.225516,
		0.974117,
		0,
		-0.383387,
		-0.901104,
		-0.202547,
		0,
		0.923459,
		-0.370342,
		-0.100349,
		0,
		0.443236,
		0.527834,
		-0.055505,
		1,
	},
	[0.2] = {
		-0.27479,
		0.005698,
		0.961487,
		0,
		-0.410282,
		-0.905068,
		-0.111894,
		0,
		0.869574,
		-0.425229,
		0.251042,
		0,
		0.783134,
		0.393812,
		-0.058675,
		1,
	},
	[0.31666666666666665] = {
		0.044442,
		-0.165344,
		0.985234,
		0,
		0.478275,
		-0.862323,
		-0.166291,
		0,
		0.877085,
		0.478603,
		0.040757,
		0,
		0.216594,
		0.686362,
		-0.041937,
		1,
	},
	[0.3333333333333333] = {
		0.034052,
		-0.080909,
		0.99614,
		0,
		0.941269,
		-0.332431,
		-0.059177,
		0,
		0.335936,
		0.939651,
		0.064837,
		0,
		0.046886,
		0.722297,
		-0.043588,
		1,
	},
	[0.35] = {
		0.069897,
		-0.073014,
		0.994879,
		0,
		0.993583,
		-0.083805,
		-0.075956,
		0,
		0.088922,
		0.993804,
		0.066687,
		0,
		-0.097962,
		0.677058,
		-0.042282,
		1,
	},
	[0.36666666666666664] = {
		0.022898,
		-0.012392,
		0.999661,
		0,
		0.980032,
		0.197831,
		-0.019996,
		0,
		-0.197516,
		0.980158,
		0.016675,
		0,
		-0.250442,
		0.604041,
		-0.049443,
		1,
	},
	[0.38333333333333336] = {
		0.016399,
		-0.028785,
		0.999451,
		0,
		0.838404,
		0.545046,
		0.001941,
		0,
		-0.544803,
		0.837912,
		0.033071,
		0,
		-0.386639,
		0.510331,
		-0.053219,
		1,
	},
	[0.3] = {
		0.008256,
		-0.23662,
		0.971567,
		0,
		-0.195651,
		-0.953204,
		-0.230485,
		0,
		0.980639,
		-0.188186,
		-0.054165,
		0,
		0.351315,
		0.594015,
		-0.048862,
		1,
	},
	[0.4166666666666667] = {
		-0.019845,
		-0.082343,
		0.996406,
		0,
		0.449011,
		0.889712,
		0.082469,
		0,
		-0.893306,
		0.449034,
		0.019317,
		0,
		-0.577534,
		0.332362,
		-0.09234,
		1,
	},
	[0.43333333333333335] = {
		-0.057319,
		-0.096667,
		0.993665,
		0,
		0.300562,
		0.947455,
		0.10951,
		0,
		-0.952038,
		0.304935,
		-0.025253,
		0,
		-0.614618,
		0.283632,
		-0.123139,
		1,
	},
	[0.45] = {
		-0.100114,
		-0.104428,
		0.989481,
		0,
		0.240698,
		0.962397,
		0.125923,
		0,
		-0.965423,
		0.250772,
		-0.071214,
		0,
		-0.60454,
		0.259831,
		-0.152745,
		1,
	},
	[0.4666666666666667] = {
		-0.145544,
		-0.110214,
		0.983194,
		0,
		0.203025,
		0.969299,
		0.13871,
		0,
		-0.968296,
		0.219802,
		-0.1187,
		0,
		-0.584118,
		0.236359,
		-0.181588,
		1,
	},
	[0.48333333333333334] = {
		-0.193164,
		-0.113327,
		0.9746,
		0,
		0.185224,
		0.971235,
		0.149647,
		0,
		-0.963525,
		0.209425,
		-0.166617,
		0,
		-0.555174,
		0.213144,
		-0.212773,
		1,
	},
	[0.4] = {
		0.007045,
		-0.062045,
		0.998048,
		0,
		0.651334,
		0.7576,
		0.042499,
		0,
		-0.758759,
		0.649763,
		0.04575,
		0,
		-0.494024,
		0.414049,
		-0.066633,
		1,
	},
	[0.5166666666666667] = {
		-0.302649,
		-0.200229,
		0.931832,
		0,
		0.1529,
		0.954821,
		0.254829,
		0,
		-0.940758,
		0.219601,
		-0.258361,
		0,
		-0.474552,
		0.166803,
		-0.284502,
		1,
	},
	[0.5333333333333333] = {
		-0.36459,
		-0.282792,
		0.887188,
		0,
		0.120351,
		0.930467,
		0.346045,
		0,
		-0.923358,
		0.232938,
		-0.305205,
		0,
		-0.424825,
		0.141535,
		-0.326732,
		1,
	},
	[0.55] = {
		-0.429085,
		-0.357825,
		0.829366,
		0,
		0.086292,
		0.897749,
		0.431973,
		0,
		-0.899133,
		0.25692,
		-0.354333,
		0,
		-0.371053,
		0.11657,
		-0.371144,
		1,
	},
	[0.5666666666666667] = {
		-0.495202,
		-0.423462,
		0.758588,
		0,
		0.04726,
		0.858743,
		0.510222,
		0,
		-0.867491,
		0.288513,
		-0.405239,
		0,
		-0.314711,
		0.092295,
		-0.41659,
		1,
	},
	[0.5833333333333334] = {
		-0.560678,
		-0.478532,
		0.675757,
		0,
		0.000474,
		0.815913,
		0.578175,
		0,
		-0.828034,
		0.32449,
		-0.457237,
		0,
		-0.257279,
		0.069062,
		-0.46187,
		1,
	},
	[0.5] = {
		-0.242726,
		-0.112391,
		0.963562,
		0,
		0.187662,
		0.969064,
		0.160305,
		0,
		-0.951771,
		0.219734,
		-0.214125,
		0,
		-0.518716,
		0.19197,
		-0.245547,
		1,
	},
	[0.6166666666666667] = {
		-0.67632,
		-0.557468,
		0.481478,
		0,
		-0.121921,
		0.729345,
		0.673195,
		0,
		-0.726448,
		0.396593,
		-0.561237,
		0,
		-0.145339,
		0.027032,
		-0.546965,
		1,
	},
	[0.6333333333333333] = {
		-0.719367,
		-0.584346,
		0.375568,
		0,
		-0.197013,
		0.690107,
		0.696375,
		0,
		-0.666106,
		0.426958,
		-0.611564,
		0,
		-0.094183,
		0.008957,
		-0.584286,
		1,
	},
	[0.65] = {
		-0.74836,
		-0.606561,
		0.268404,
		0,
		-0.279414,
		0.655284,
		0.701806,
		0,
		-0.601569,
		0.450208,
		-0.65987,
		0,
		-0.048671,
		-0.006709,
		-0.616508,
		1,
	},
	[0.6666666666666666] = {
		-0.761089,
		-0.62764,
		0.163742,
		0,
		-0.366881,
		0.624715,
		0.689296,
		0,
		-0.534922,
		0.464542,
		-0.705733,
		0,
		-0.010737,
		-0.019558,
		-0.642479,
		1,
	},
	[0.6833333333333333] = {
		-0.756182,
		-0.651095,
		0.065301,
		0,
		-0.457027,
		0.596925,
		0.659398,
		0,
		-0.468311,
		0.468781,
		-0.748952,
		0,
		0.017639,
		-0.029085,
		-0.661101,
		1,
	},
	[0.6] = {
		-0.622257,
		-0.522883,
		0.582571,
		0,
		-0.055805,
		0.771939,
		0.633242,
		0,
		-0.780821,
		0.361529,
		-0.509525,
		0,
		-0.200284,
		0.047187,
		-0.505747,
		1,
	},
	[0.7166666666666667] = {
		-0.672228,
		-0.736736,
		-0.073003,
		0,
		-0.62655,
		0.513602,
		0.586215,
		0,
		-0.394392,
		0.43981,
		-0.80686,
		0,
		0.040642,
		-0.0374,
		-0.674249,
		1,
	},
	[0.7333333333333333] = {
		-0.671179,
		-0.737745,
		-0.072464,
		0,
		-0.627266,
		0.513122,
		0.58587,
		0,
		-0.39504,
		0.438678,
		-0.807159,
		0,
		0.040677,
		-0.037818,
		-0.674224,
		1,
	},
	[0.75] = {
		-0.670034,
		-0.738839,
		-0.071908,
		0,
		-0.628046,
		0.512573,
		0.585514,
		0,
		-0.395743,
		0.437476,
		-0.807467,
		0,
		0.040717,
		-0.038246,
		-0.674197,
		1,
	},
	[0.7666666666666667] = {
		-0.668804,
		-0.740008,
		-0.071348,
		0,
		-0.628884,
		0.511955,
		0.585156,
		0,
		-0.396493,
		0.436224,
		-0.807776,
		0,
		0.040763,
		-0.038672,
		-0.67417,
		1,
	},
	[0.7833333333333333] = {
		-0.667499,
		-0.741238,
		-0.070796,
		0,
		-0.629771,
		0.511266,
		0.584804,
		0,
		-0.397283,
		0.434941,
		-0.808079,
		0,
		0.040813,
		-0.039086,
		-0.674143,
		1,
	},
	[0.7] = {
		-0.73288,
		-0.679957,
		-0.023371,
		0,
		-0.547642,
		0.569187,
		0.613281,
		0,
		-0.403703,
		0.46226,
		-0.789519,
		0,
		0.034475,
		-0.034691,
		-0.671329,
		1,
	},
	[0.8166666666666667] = {
		-0.664767,
		-0.743786,
		-0.069767,
		0,
		-0.63162,
		0.509724,
		0.584155,
		0,
		-0.398924,
		0.432393,
		-0.808638,
		0,
		0.040922,
		-0.039837,
		-0.674092,
		1,
	},
	[0.8333333333333334] = {
		-0.663478,
		-0.744978,
		-0.069315,
		0,
		-0.632488,
		0.508968,
		0.583875,
		0,
		-0.399696,
		0.431229,
		-0.808879,
		0,
		0.040973,
		-0.040159,
		-0.67407,
		1,
	},
	[0.85] = {
		-0.66226,
		-0.746097,
		-0.068922,
		0,
		-0.633304,
		0.508227,
		0.583637,
		0,
		-0.400422,
		0.430168,
		-0.809085,
		0,
		0.041021,
		-0.040431,
		-0.674051,
		1,
	},
	[0.8666666666666667] = {
		-0.661116,
		-0.747141,
		-0.068602,
		0,
		-0.634068,
		0.507491,
		0.583447,
		0,
		-0.401102,
		0.429224,
		-0.809249,
		0,
		0.041066,
		-0.040642,
		-0.674036,
		1,
	},
	[0.8833333333333333] = {
		-0.660045,
		-0.748109,
		-0.068367,
		0,
		-0.634782,
		0.506751,
		0.583314,
		0,
		-0.401738,
		0.428412,
		-0.809364,
		0,
		0.041108,
		-0.04078,
		-0.674025,
		1,
	},
	[0.8] = {
		-0.666129,
		-0.742519,
		-0.070265,
		0,
		-0.6307,
		0.510505,
		0.584468,
		0,
		-0.398108,
		0.433647,
		-0.808369,
		0,
		0.040868,
		-0.039477,
		-0.674117,
		1,
	},
	[0.9166666666666666] = {
		-0.658121,
		-0.749855,
		-0.067777,
		0,
		-0.636059,
		0.505555,
		0.582961,
		0,
		-0.402871,
		0.426769,
		-0.809669,
		0,
		0.041185,
		-0.04118,
		-0.673996,
		1,
	},
	[0.9333333333333333] = {
		-0.65727,
		-0.75064,
		-0.067351,
		0,
		-0.636624,
		0.505153,
		0.582692,
		0,
		-0.403369,
		0.425863,
		-0.809897,
		0,
		0.041221,
		-0.041506,
		-0.673974,
		1,
	},
	[0.95] = {
		-0.656492,
		-0.751364,
		-0.066867,
		0,
		-0.63714,
		0.504862,
		0.582381,
		0,
		-0.403821,
		0.424932,
		-0.810161,
		0,
		0.041255,
		-0.04189,
		-0.673948,
		1,
	},
	[0.9666666666666667] = {
		-0.655787,
		-0.752025,
		-0.066345,
		0,
		-0.637607,
		0.504663,
		0.582041,
		0,
		-0.404228,
		0.423997,
		-0.810448,
		0,
		0.041288,
		-0.042313,
		-0.673919,
		1,
	},
	[0.9833333333333333] = {
		-0.655157,
		-0.752622,
		-0.065807,
		0,
		-0.638027,
		0.504541,
		0.581686,
		0,
		-0.404587,
		0.423083,
		-0.810747,
		0,
		0.04132,
		-0.042757,
		-0.673889,
		1,
	},
	[0.9] = {
		-0.659046,
		-0.749011,
		-0.068123,
		0,
		-0.635445,
		0.506082,
		0.583173,
		0,
		-0.402327,
		0.427626,
		-0.809487,
		0,
		0.041148,
		-0.040932,
		-0.674013,
		1,
	},
	[1.0166666666666666] = {
		-0.654117,
		-0.753615,
		-0.064768,
		0,
		-0.638724,
		0.504463,
		0.580989,
		0,
		-0.40517,
		0.421404,
		-0.81133,
		0,
		0.04138,
		-0.043631,
		-0.67383,
		1,
	},
	[1.0333333333333334] = {
		-0.653708,
		-0.754009,
		-0.064305,
		0,
		-0.638998,
		0.504474,
		0.580678,
		0,
		-0.405397,
		0.420685,
		-0.811589,
		0,
		0.041404,
		-0.044023,
		-0.673803,
		1,
	},
	[1.05] = {
		-0.653374,
		-0.754333,
		-0.063907,
		0,
		-0.639222,
		0.504497,
		0.580412,
		0,
		-0.405583,
		0.420077,
		-0.811811,
		0,
		0.041424,
		-0.044359,
		-0.673779,
		1,
	},
	[1.0666666666666667] = {
		-0.653114,
		-0.754584,
		-0.063597,
		0,
		-0.639396,
		0.504515,
		0.580205,
		0,
		-0.405727,
		0.419604,
		-0.811984,
		0,
		0.041439,
		-0.044622,
		-0.673761,
		1,
	},
	[1.0833333333333333] = {
		-0.652929,
		-0.754762,
		-0.063395,
		0,
		-0.63952,
		0.504513,
		0.58007,
		0,
		-0.40583,
		0.419287,
		-0.812096,
		0,
		0.04145,
		-0.044792,
		-0.673749,
		1,
	},
	{
		-0.6546,
		-0.753152,
		-0.065275,
		0,
		-0.6384,
		0.50448,
		0.581331,
		0,
		-0.404901,
		0.42221,
		-0.811045,
		0,
		0.041351,
		-0.043202,
		-0.673859,
		1,
	},
	[1.1] = {
		-0.652817,
		-0.754864,
		-0.063323,
		0,
		-0.639594,
		0.504474,
		0.580022,
		0,
		-0.405892,
		0.41915,
		-0.812136,
		0,
		0.041457,
		-0.04485,
		-0.673745,
		1,
	},
}

return spline_matrices
