-- chunkname: @content/characters/player/human/first_person/animations/assault_shield_maul/heavy_attack_left_diagonal_down_offhand_sweep.lua

local spline_matrices = {
	[0.016666666666666666] = {
		-0.472727,
		0.856767,
		0.206106,
		0,
		-0.856697,
		-0.501612,
		0.120229,
		0,
		0.206394,
		-0.119735,
		0.971115,
		0,
		-0.134395,
		0.332697,
		-0.502711,
		1,
	},
	[0.03333333333333333] = {
		-0.573853,
		0.779623,
		0.250761,
		0,
		-0.747162,
		-0.62377,
		0.229479,
		0,
		0.335324,
		-0.055672,
		0.940456,
		0,
		-0.182218,
		0.318034,
		-0.498076,
		1,
	},
	[0.05] = {
		-0.690352,
		0.657676,
		0.301456,
		0,
		-0.563146,
		-0.750075,
		0.346777,
		0,
		0.454182,
		0.069634,
		0.888183,
		0,
		-0.243471,
		0.303637,
		-0.489541,
		1,
	},
	[0.06666666666666667] = {
		-0.79173,
		0.510111,
		0.336082,
		0,
		-0.347581,
		-0.828608,
		0.438858,
		0,
		0.502346,
		0.230641,
		0.833338,
		0,
		-0.306862,
		0.292539,
		-0.479819,
		1,
	},
	[0.08333333333333333] = {
		-0.862441,
		0.366247,
		0.349368,
		0,
		-0.167637,
		-0.857964,
		0.485588,
		0,
		0.477591,
		0.360224,
		0.80134,
		0,
		-0.362922,
		0.286626,
		-0.470363,
		1,
	},
	[0] = {
		-0.430078,
		0.882602,
		0.189859,
		0,
		-0.89058,
		-0.449246,
		0.071036,
		0,
		0.14799,
		-0.138533,
		0.979238,
		0,
		-0.115133,
		0.340493,
		-0.503134,
		1,
	},
	[0.11666666666666667] = {
		-0.945217,
		0.006946,
		0.32637,
		0,
		0.158539,
		-0.864186,
		0.477544,
		0,
		0.285361,
		0.503125,
		0.815741,
		0,
		-0.494613,
		0.276736,
		-0.447539,
		1,
	},
	[0.13333333333333333] = {
		-0.936622,
		-0.198424,
		0.288734,
		0,
		0.318502,
		-0.825554,
		0.465851,
		0,
		0.14593,
		0.528289,
		0.83643,
		0,
		-0.569698,
		0.270873,
		-0.433291,
		1,
	},
	[0.15] = {
		-0.894536,
		-0.373976,
		0.244841,
		0,
		0.446735,
		-0.766677,
		0.461124,
		0,
		0.015265,
		0.521871,
		0.852888,
		0,
		-0.636794,
		0.265206,
		-0.418327,
		1,
	},
	[0.16666666666666666] = {
		-0.843459,
		-0.492524,
		0.214468,
		0,
		0.532074,
		-0.710972,
		0.4598,
		0,
		-0.073982,
		0.501935,
		0.861735,
		0,
		-0.688008,
		0.259991,
		-0.399633,
		1,
	},
	[0.18333333333333332] = {
		-0.819016,
		-0.536577,
		0.203219,
		0,
		0.563284,
		-0.68452,
		0.462757,
		0,
		-0.109198,
		0.493475,
		0.862878,
		0,
		-0.709301,
		0.255701,
		-0.384709,
		1,
	},
	[0.1] = {
		-0.914793,
		0.206633,
		0.347068,
		0,
		-0.011401,
		-0.872111,
		0.489175,
		0,
		0.403761,
		0.443537,
		0.800157,
		0,
		-0.422152,
		0.282265,
		-0.46012,
		1,
	},
	[0.21666666666666667] = {
		-0.820253,
		-0.53471,
		0.203151,
		0,
		0.55677,
		-0.664948,
		0.497846,
		0,
		-0.131119,
		0.521468,
		0.843136,
		0,
		-0.705159,
		0.238599,
		-0.384435,
		1,
	},
	[0.23333333333333334] = {
		-0.828048,
		-0.522556,
		0.203155,
		0,
		0.54676,
		-0.672467,
		0.49884,
		0,
		-0.124057,
		0.52414,
		0.842548,
		0,
		-0.701351,
		0.246806,
		-0.376256,
		1,
	},
	[0.25] = {
		-0.834297,
		-0.51301,
		0.201913,
		0,
		0.538362,
		-0.679166,
		0.498899,
		0,
		-0.118808,
		0.524933,
		0.842811,
		0,
		-0.697133,
		0.252565,
		-0.369891,
		1,
	},
	[0.26666666666666666] = {
		-0.837584,
		-0.5069,
		0.203729,
		0,
		0.534186,
		-0.681795,
		0.499801,
		0,
		-0.114447,
		0.527454,
		0.841839,
		0,
		-0.694064,
		0.252975,
		-0.364641,
		1,
	},
	[0.2833333333333333] = {
		-0.84072,
		-0.499714,
		0.208506,
		0,
		0.53053,
		-0.683199,
		0.501774,
		0,
		-0.108293,
		0.53247,
		0.839493,
		0,
		-0.690825,
		0.251915,
		-0.36049,
		1,
	},
	[0.2] = {
		-0.814961,
		-0.540963,
		0.207841,
		0,
		0.56567,
		-0.664642,
		0.488127,
		0,
		-0.125919,
		0.515374,
		0.847664,
		0,
		-0.709493,
		0.237194,
		-0.386923,
		1,
	},
	[0.31666666666666665] = {
		-0.846261,
		-0.48448,
		0.221636,
		0,
		0.524817,
		-0.68646,
		0.503329,
		0,
		-0.091708,
		0.542266,
		0.835187,
		0,
		-0.684033,
		0.248659,
		-0.353091,
		1,
	},
	[0.3333333333333333] = {
		-0.848539,
		-0.47673,
		0.229587,
		0,
		0.522768,
		-0.688209,
		0.503073,
		0,
		-0.081826,
		0.546897,
		0.833191,
		0,
		-0.680574,
		0.246476,
		-0.349753,
		1,
	},
	[0.35] = {
		-0.850418,
		-0.469097,
		0.238196,
		0,
		0.521261,
		-0.689965,
		0.502231,
		0,
		-0.071248,
		0.551268,
		0.83128,
		0,
		-0.677138,
		0.243931,
		-0.346599,
		1,
	},
	[0.36666666666666664] = {
		-0.851856,
		-0.461736,
		0.247268,
		0,
		0.5203,
		-0.691673,
		0.500875,
		0,
		-0.060243,
		0.555327,
		0.829447,
		0,
		-0.673769,
		0.241029,
		-0.343586,
		1,
	},
	[0.38333333333333336] = {
		-0.852818,
		-0.454768,
		0.256687,
		0,
		0.519897,
		-0.693192,
		0.499191,
		0,
		-0.049082,
		0.559169,
		0.827599,
		0,
		-0.670515,
		0.237717,
		-0.340712,
		1,
	},
	[0.3] = {
		-0.843635,
		-0.492191,
		0.214542,
		0,
		0.527405,
		-0.684772,
		0.502923,
		0,
		-0.100621,
		0.537434,
		0.837282,
		0,
		-0.687466,
		0.250474,
		-0.356655,
		1,
	},
	[0.4166666666666667] = {
		-0.853376,
		-0.442141,
		0.276153,
		0,
		0.520588,
		-0.695221,
		0.495637,
		0,
		-0.027155,
		0.566727,
		0.823458,
		0,
		-0.664448,
		0.229851,
		-0.335396,
		1,
	},
	[0.43333333333333335] = {
		-0.853266,
		-0.436108,
		0.285915,
		0,
		0.521216,
		-0.695907,
		0.494012,
		0,
		-0.016473,
		0.570547,
		0.8211,
		0,
		-0.66156,
		0.22574,
		-0.332899,
		1,
	},
	[0.45] = {
		-0.852961,
		-0.430277,
		0.295498,
		0,
		0.521937,
		-0.696334,
		0.492647,
		0,
		-0.006209,
		0.57444,
		0.818523,
		0,
		-0.65879,
		0.2216,
		-0.330482,
		1,
	},
	[0.4666666666666667] = {
		-0.852482,
		-0.424734,
		0.304753,
		0,
		0.522745,
		-0.696426,
		0.491659,
		0,
		0.003414,
		0.578439,
		0.815718,
		0,
		-0.656176,
		0.217438,
		-0.328126,
		1,
	},
	[0.48333333333333334] = {
		-0.851856,
		-0.41957,
		0.313533,
		0,
		0.523635,
		-0.696108,
		0.491163,
		0,
		0.012175,
		0.582577,
		0.812685,
		0,
		-0.653752,
		0.213264,
		-0.325813,
		1,
	},
	[0.4] = {
		-0.853279,
		-0.448293,
		0.266363,
		0,
		0.520066,
		-0.694349,
		0.497403,
		0,
		-0.038034,
		0.56295,
		0.825615,
		0,
		-0.66742,
		0.233921,
		-0.337991,
		1,
	},
	[0.5166666666666667] = {
		-0.850218,
		-0.410269,
		0.329861,
		0,
		0.525714,
		-0.694377,
		0.49139,
		0,
		0.027445,
		0.591202,
		0.806057,
		0,
		-0.649387,
		0.204879,
		-0.321216,
		1,
	},
	[0.5333333333333333] = {
		-0.849104,
		-0.405337,
		0.33871,
		0,
		0.526999,
		-0.693727,
		0.490932,
		0,
		0.035979,
		0.595352,
		0.802659,
		0,
		-0.647048,
		0.200631,
		-0.318853,
		1,
	},
	[0.55] = {
		-0.847758,
		-0.400138,
		0.348132,
		0,
		0.528445,
		-0.693298,
		0.489984,
		0,
		0.045298,
		0.599357,
		0.7992,
		0,
		-0.644571,
		0.196352,
		-0.316459,
		1,
	},
	[0.5666666666666667] = {
		-0.846175,
		-0.394739,
		0.358008,
		0,
		0.530034,
		-0.693051,
		0.488615,
		0,
		0.055243,
		0.60321,
		0.795667,
		0,
		-0.641988,
		0.192061,
		-0.314051,
		1,
	},
	[0.5833333333333334] = {
		-0.844359,
		-0.389207,
		0.368205,
		0,
		0.531741,
		-0.69295,
		0.486901,
		0,
		0.065642,
		0.606909,
		0.792056,
		0,
		-0.639326,
		0.187779,
		-0.311657,
		1,
	},
	[0.5] = {
		-0.851113,
		-0.414877,
		0.321689,
		0,
		0.524607,
		-0.695301,
		0.491268,
		0,
		0.019855,
		0.586885,
		0.809427,
		0,
		-0.651555,
		0.209085,
		-0.323527,
		1,
	},
	[0.6166666666666667] = {
		-0.840087,
		-0.378027,
		0.389037,
		0,
		0.535408,
		-0.693045,
		0.482729,
		0,
		0.087135,
		0.613828,
		0.784616,
		0,
		-0.633879,
		0.179323,
		-0.307007,
		1,
	},
	[0.6333333333333333] = {
		-0.837665,
		-0.37252,
		0.399433,
		0,
		0.537336,
		-0.693172,
		0.480398,
		0,
		0.097918,
		0.617042,
		0.780814,
		0,
		-0.631161,
		0.175187,
		-0.304786,
		1,
	},
	[0.65] = {
		-0.835087,
		-0.367164,
		0.409659,
		0,
		0.539307,
		-0.69331,
		0.477984,
		0,
		0.108522,
		0.62009,
		0.776989,
		0,
		-0.62849,
		0.171139,
		-0.302656,
		1,
	},
	[0.6666666666666666] = {
		-0.832388,
		-0.362036,
		0.419595,
		0,
		0.541311,
		-0.693427,
		0.475544,
		0,
		0.118795,
		0.622968,
		0.773174,
		0,
		-0.6259,
		0.167195,
		-0.300633,
		1,
	},
	[0.6833333333333333] = {
		-0.829612,
		-0.357205,
		0.429126,
		0,
		0.543331,
		-0.693495,
		0.473134,
		0,
		0.128591,
		0.625675,
		0.769412,
		0,
		-0.623425,
		0.163378,
		-0.298735,
		1,
	},
	[0.6] = {
		-0.842325,
		-0.383613,
		0.378588,
		0,
		0.533538,
		-0.692959,
		0.484917,
		0,
		0.076325,
		0.610449,
		0.788369,
		0,
		-0.636612,
		0.183527,
		-0.309303,
		1,
	},
	[0.7166666666666667] = {
		-0.824035,
		-0.348702,
		0.446512,
		0,
		0.547349,
		-0.693402,
		0.468618,
		0,
		0.146204,
		0.630556,
		0.762249,
		0,
		-0.618945,
		0.156226,
		-0.295378,
		1,
	},
	[0.7333333333333333] = {
		-0.82135,
		-0.345164,
		0.454143,
		0,
		0.549312,
		-0.6932,
		0.466615,
		0,
		0.153753,
		0.63272,
		0.758963,
		0,
		-0.617006,
		0.15294,
		-0.293953,
		1,
	},
	[0.75] = {
		-0.818816,
		-0.342194,
		0.460916,
		0,
		0.551225,
		-0.69287,
		0.464847,
		0,
		0.160287,
		0.634693,
		0.755959,
		0,
		-0.615313,
		0.149881,
		-0.29272,
		1,
	},
	[0.7666666666666667] = {
		-0.816495,
		-0.339862,
		0.466722,
		0,
		0.553071,
		-0.692391,
		0.463364,
		0,
		0.165675,
		0.636465,
		0.753302,
		0,
		-0.613898,
		0.147072,
		-0.291695,
		1,
	},
	[0.7833333333333333] = {
		-0.814449,
		-0.338238,
		0.471453,
		0,
		0.554838,
		-0.691747,
		0.462213,
		0,
		0.169788,
		0.638029,
		0.75106,
		0,
		-0.612795,
		0.144536,
		-0.290894,
		1,
	},
	[0.7] = {
		-0.826809,
		-0.352738,
		0.438136,
		0,
		0.545349,
		-0.693494,
		0.470808,
		0,
		0.137773,
		0.628206,
		0.765752,
		0,
		-0.621095,
		0.159713,
		-0.296978,
		1,
	},
	[0.8166666666666667] = {
		-0.811413,
		-0.337401,
		0.477252,
		0,
		0.558075,
		-0.689883,
		0.461101,
		0,
		0.173672,
		0.640486,
		0.748075,
		0,
		-0.611665,
		0.140377,
		-0.290036,
		1,
	},
	[0.8333333333333334] = {
		-0.810526,
		-0.338328,
		0.478103,
		0,
		0.559515,
		-0.688619,
		0.461245,
		0,
		0.173179,
		0.641357,
		0.747443,
		0,
		-0.611707,
		0.138796,
		-0.290012,
		1,
	},
	[0.85] = {
		-0.809876,
		-0.339718,
		0.478219,
		0,
		0.560872,
		-0.687245,
		0.461645,
		0,
		0.171824,
		0.642095,
		0.747121,
		0,
		-0.611964,
		0.137407,
		-0.29013,
		1,
	},
	[0.8666666666666667] = {
		-0.80924,
		-0.341063,
		0.478337,
		0,
		0.562189,
		-0.685906,
		0.462036,
		0,
		0.170511,
		0.642814,
		0.746804,
		0,
		-0.612213,
		0.136056,
		-0.290243,
		1,
	},
	[0.8833333333333333] = {
		-0.808624,
		-0.342352,
		0.478458,
		0,
		0.563456,
		-0.684608,
		0.462416,
		0,
		0.169247,
		0.643511,
		0.746491,
		0,
		-0.612451,
		0.134752,
		-0.290349,
		1,
	},
	[0.8] = {
		-0.812736,
		-0.337394,
		0.475,
		0,
		0.556511,
		-0.690918,
		0.461442,
		0,
		0.172498,
		0.639373,
		0.749297,
		0,
		-0.612039,
		0.142297,
		-0.290336,
		1,
	},
	[0.9166666666666666] = {
		-0.80747,
		-0.344721,
		0.478706,
		0,
		0.565804,
		-0.682175,
		0.463144,
		0,
		0.166906,
		0.644829,
		0.74588,
		0,
		-0.612888,
		0.132318,
		-0.290546,
		1,
	},
	[0.9333333333333333] = {
		-0.806943,
		-0.345779,
		0.478832,
		0,
		0.566867,
		-0.681056,
		0.463491,
		0,
		0.165846,
		0.645445,
		0.745584,
		0,
		-0.613084,
		0.131206,
		-0.290636,
		1,
	},
	[0.95] = {
		-0.806456,
		-0.346739,
		0.478958,
		0,
		0.567843,
		-0.680014,
		0.463826,
		0,
		0.164871,
		0.646029,
		0.745295,
		0,
		-0.613263,
		0.130177,
		-0.290721,
		1,
	},
	[0.9666666666666667] = {
		-0.806015,
		-0.34759,
		0.479084,
		0,
		0.568723,
		-0.679058,
		0.464149,
		0,
		0.163992,
		0.646577,
		0.745013,
		0,
		-0.613424,
		0.129238,
		-0.290801,
		1,
	},
	[0.9833333333333333] = {
		-0.805612,
		-0.34835,
		0.479209,
		0,
		0.569523,
		-0.678175,
		0.464459,
		0,
		0.163193,
		0.647095,
		0.744739,
		0,
		-0.61357,
		0.128376,
		-0.290875,
		1,
	},
	[0.9] = {
		-0.808032,
		-0.343575,
		0.478581,
		0,
		0.564664,
		-0.683362,
		0.462786,
		0,
		0.168043,
		0.644184,
		0.746183,
		0,
		-0.612676,
		0.133503,
		-0.29045,
		1,
	},
	[1.0166666666666666] = {
		-0.804888,
		-0.349686,
		0.479453,
		0,
		0.570952,
		-0.676572,
		0.465041,
		0,
		0.161766,
		0.648051,
		0.744219,
		0,
		-0.613829,
		0.126822,
		-0.29101,
		1,
	},
	[1.0333333333333334] = {
		-0.804565,
		-0.350266,
		0.479571,
		0,
		0.571585,
		-0.675851,
		0.465312,
		0,
		0.161136,
		0.64849,
		0.743973,
		0,
		-0.613943,
		0.126128,
		-0.291071,
		1,
	},
	[1.05] = {
		-0.804268,
		-0.35079,
		0.479686,
		0,
		0.572166,
		-0.675182,
		0.46557,
		0,
		0.160558,
		0.648903,
		0.743738,
		0,
		-0.614048,
		0.125486,
		-0.291128,
		1,
	},
	[1.0666666666666667] = {
		-0.803995,
		-0.351263,
		0.479798,
		0,
		0.572697,
		-0.674564,
		0.465813,
		0,
		0.160031,
		0.64929,
		0.743513,
		0,
		-0.614143,
		0.124896,
		-0.29118,
		1,
	},
	[1.0833333333333333] = {
		-0.803747,
		-0.351686,
		0.479905,
		0,
		0.573179,
		-0.673996,
		0.466043,
		0,
		0.159553,
		0.649651,
		0.743301,
		0,
		-0.61423,
		0.124355,
		-0.291228,
		1,
	},
	{
		-0.805237,
		-0.349048,
		0.479332,
		0,
		0.570266,
		-0.677346,
		0.464757,
		0,
		0.162451,
		0.647586,
		0.744475,
		0,
		-0.613704,
		0.127571,
		-0.290945,
		1,
	},
	[1.1166666666666667] = {
		-0.803319,
		-0.352392,
		0.480103,
		0,
		0.574005,
		-0.673005,
		0.466457,
		0,
		0.158736,
		0.650295,
		0.742913,
		0,
		-0.614379,
		0.12342,
		-0.291313,
		1,
	},
	[1.1333333333333333] = {
		-0.803138,
		-0.352681,
		0.480194,
		0,
		0.574353,
		-0.672581,
		0.466641,
		0,
		0.158394,
		0.650577,
		0.742738,
		0,
		-0.614441,
		0.123021,
		-0.291349,
		1,
	},
	[1.15] = {
		-0.802978,
		-0.35293,
		0.480278,
		0,
		0.574659,
		-0.672202,
		0.466809,
		0,
		0.158092,
		0.650834,
		0.742578,
		0,
		-0.614496,
		0.122668,
		-0.291382,
		1,
	},
	[1.1666666666666667] = {
		-0.802839,
		-0.353143,
		0.480355,
		0,
		0.574926,
		-0.671868,
		0.466962,
		0,
		0.157831,
		0.651063,
		0.742432,
		0,
		-0.614545,
		0.122357,
		-0.291411,
		1,
	},
	[1.1833333333333333] = {
		-0.802719,
		-0.35332,
		0.480424,
		0,
		0.575155,
		-0.671578,
		0.467098,
		0,
		0.157607,
		0.651267,
		0.742302,
		0,
		-0.614586,
		0.122089,
		-0.291437,
		1,
	},
	[1.1] = {
		-0.803521,
		-0.352061,
		0.480006,
		0,
		0.573615,
		-0.673477,
		0.466257,
		0,
		0.159122,
		0.649986,
		0.7431,
		0,
		-0.614308,
		0.123864,
		-0.291272,
		1,
	},
	[1.2166666666666666] = {
		-0.802534,
		-0.353583,
		0.480539,
		0,
		0.575506,
		-0.671123,
		0.467319,
		0,
		0.157265,
		0.651593,
		0.742088,
		0,
		-0.614649,
		0.121671,
		-0.291478,
		1,
	},
	[1.2333333333333334] = {
		-0.802468,
		-0.353673,
		0.480584,
		0,
		0.575631,
		-0.670956,
		0.467404,
		0,
		0.157143,
		0.651716,
		0.742006,
		0,
		-0.614672,
		0.121519,
		-0.291493,
		1,
	},
	[1.25] = {
		-0.802407,
		-0.353734,
		0.480641,
		0,
		0.575737,
		-0.670825,
		0.467462,
		0,
		0.157069,
		0.651817,
		0.741932,
		0,
		-0.614696,
		0.121401,
		-0.291491,
		1,
	},
	[1.2666666666666666] = {
		-0.802339,
		-0.353766,
		0.480731,
		0,
		0.575835,
		-0.670724,
		0.467487,
		0,
		0.157057,
		0.651905,
		0.741858,
		0,
		-0.614728,
		0.121313,
		-0.29146,
		1,
	},
	[1.2833333333333334] = {
		-0.802265,
		-0.353769,
		0.480851,
		0,
		0.575925,
		-0.67065,
		0.467482,
		0,
		0.157102,
		0.651978,
		0.741784,
		0,
		-0.614767,
		0.121253,
		-0.291403,
		1,
	},
	[1.2] = {
		-0.802617,
		-0.353466,
		0.480486,
		0,
		0.575347,
		-0.67133,
		0.467217,
		0,
		0.157419,
		0.651443,
		0.742187,
		0,
		-0.614621,
		0.12186,
		-0.291459,
		1,
	},
	[1.3166666666666667] = {
		-0.802109,
		-0.3537,
		0.481163,
		0,
		0.576078,
		-0.67058,
		0.467393,
		0,
		0.157342,
		0.652088,
		0.741637,
		0,
		-0.614862,
		0.121209,
		-0.291221,
		1,
	},
	[1.3333333333333333] = {
		-0.802027,
		-0.353633,
		0.481349,
		0,
		0.576142,
		-0.670579,
		0.467317,
		0,
		0.157523,
		0.652126,
		0.741565,
		0,
		-0.614916,
		0.12122,
		-0.291103,
		1,
	},
	[1.35] = {
		-0.801944,
		-0.35355,
		0.481549,
		0,
		0.576199,
		-0.670595,
		0.467222,
		0,
		0.157738,
		0.652154,
		0.741495,
		0,
		-0.614973,
		0.121249,
		-0.29097,
		1,
	},
	[1.3666666666666667] = {
		-0.80186,
		-0.353452,
		0.481759,
		0,
		0.576249,
		-0.670628,
		0.467114,
		0,
		0.157979,
		0.652173,
		0.741426,
		0,
		-0.615032,
		0.121293,
		-0.290827,
		1,
	},
	[1.3833333333333333] = {
		-0.801777,
		-0.353342,
		0.481977,
		0,
		0.576292,
		-0.670675,
		0.466993,
		0,
		0.158241,
		0.652184,
		0.74136,
		0,
		-0.615092,
		0.121351,
		-0.290675,
		1,
	},
	[1.3] = {
		-0.802188,
		-0.353746,
		0.480996,
		0,
		0.576005,
		-0.670603,
		0.46745,
		0,
		0.157199,
		0.652039,
		0.74171,
		0,
		-0.614812,
		0.121219,
		-0.291322,
		1,
	},
	[1.4166666666666667] = {
		-0.801617,
		-0.353102,
		0.482421,
		0,
		0.576361,
		-0.670798,
		0.466731,
		0,
		0.158803,
		0.652188,
		0.741237,
		0,
		-0.615213,
		0.121495,
		-0.290359,
		1,
	},
	[1.4333333333333333] = {
		-0.801541,
		-0.352977,
		0.482638,
		0,
		0.576388,
		-0.670869,
		0.466596,
		0,
		0.15909,
		0.652182,
		0.741181,
		0,
		-0.615272,
		0.121576,
		-0.290201,
		1,
	},
	[1.45] = {
		-0.801469,
		-0.352852,
		0.482849,
		0,
		0.576409,
		-0.670944,
		0.466461,
		0,
		0.159373,
		0.652173,
		0.741128,
		0,
		-0.615328,
		0.12166,
		-0.290046,
		1,
	},
	[1.4666666666666666] = {
		-0.801402,
		-0.352731,
		0.483048,
		0,
		0.576427,
		-0.67102,
		0.466331,
		0,
		0.159645,
		0.65216,
		0.74108,
		0,
		-0.615381,
		0.121744,
		-0.289899,
		1,
	},
	[1.4833333333333334] = {
		-0.801341,
		-0.352616,
		0.483233,
		0,
		0.57644,
		-0.671094,
		0.466208,
		0,
		0.159902,
		0.652147,
		0.741037,
		0,
		-0.61543,
		0.121825,
		-0.289761,
		1,
	},
	[1.4] = {
		-0.801696,
		-0.353225,
		0.482199,
		0,
		0.57633,
		-0.670732,
		0.466865,
		0,
		0.158518,
		0.652189,
		0.741297,
		0,
		-0.615153,
		0.121419,
		-0.290518,
		1,
	},
	[1.5166666666666666] = {
		-0.801241,
		-0.352419,
		0.483543,
		0,
		0.576458,
		-0.671225,
		0.465996,
		0,
		0.160341,
		0.652118,
		0.740968,
		0,
		-0.615511,
		0.121968,
		-0.289528,
		1,
	},
	[1.5333333333333334] = {
		-0.801203,
		-0.352341,
		0.483662,
		0,
		0.576463,
		-0.671279,
		0.465914,
		0,
		0.160511,
		0.652105,
		0.740942,
		0,
		-0.615542,
		0.122025,
		-0.289438,
		1,
	},
	[1.55] = {
		-0.801175,
		-0.352283,
		0.483751,
		0,
		0.576466,
		-0.67132,
		0.465851,
		0,
		0.16064,
		0.652094,
		0.740923,
		0,
		-0.615565,
		0.12207,
		-0.28937,
		1,
	},
	[1.5666666666666667] = {
		-0.801158,
		-0.352245,
		0.483807,
		0,
		0.576467,
		-0.671346,
		0.465811,
		0,
		0.160722,
		0.652087,
		0.740912,
		0,
		-0.61558,
		0.122098,
		-0.289327,
		1,
	},
	[1.5833333333333333] = {
		-0.801152,
		-0.352232,
		0.483827,
		0,
		0.576468,
		-0.671355,
		0.465797,
		0,
		0.160751,
		0.652085,
		0.740908,
		0,
		-0.615585,
		0.122108,
		-0.289312,
		1,
	},
	[1.5] = {
		-0.801287,
		-0.352511,
		0.483399,
		0,
		0.576451,
		-0.671163,
		0.466095,
		0,
		0.160136,
		0.652132,
		0.741,
		0,
		-0.615474,
		0.1219,
		-0.289637,
		1,
	},
}

return spline_matrices
