-- chunkname: @content/characters/player/human/first_person/animations/assault_shield_maul/heavy_attack_left.lua

local spline_matrices = {
	[0.0166666666667] = {
		-0.076075,
		0.266724,
		0.960766,
		0,
		-0.940353,
		-0.339622,
		0.019826,
		0,
		0.331585,
		-0.901951,
		0.276652,
		0,
		0.442329,
		0.340481,
		-0.064954,
		1,
	},
	[0.0333333333333] = {
		-0.154982,
		0.295561,
		0.942669,
		0,
		-0.933765,
		-0.355404,
		-0.042086,
		0,
		0.322589,
		-0.886754,
		0.331066,
		0,
		0.415297,
		0.34627,
		-0.070925,
		1,
	},
	[0.05] = {
		-0.199918,
		0.224383,
		0.953774,
		0,
		-0.872312,
		-0.484061,
		-0.068964,
		0,
		0.446211,
		-0.845776,
		0.292505,
		0,
		0.397542,
		0.365524,
		-0.063158,
		1,
	},
	[0.0666666666667] = {
		-0.214607,
		0.081624,
		0.973284,
		0,
		-0.771864,
		-0.624779,
		-0.117798,
		0,
		0.598472,
		-0.776523,
		0.197085,
		0,
		0.378395,
		0.390046,
		-0.053234,
		1,
	},
	[0.0833333333333] = {
		-0.186519,
		-0.067361,
		0.980139,
		0,
		-0.616569,
		-0.768692,
		-0.170161,
		0,
		0.764888,
		-0.636062,
		0.101843,
		0,
		0.353052,
		0.422882,
		-0.045647,
		1,
	},
	[0] = {
		-0.038291,
		0.134359,
		0.990193,
		0,
		-0.964302,
		-0.2648,
		-0.001359,
		0,
		0.26202,
		-0.954897,
		0.139702,
		0,
		0.440891,
		0.325812,
		-0.085381,
		1,
	},
	[0.116666666667] = {
		-0.033828,
		-0.135412,
		0.990212,
		0,
		0.084451,
		-0.987622,
		-0.132173,
		0,
		0.995853,
		0.079154,
		0.044845,
		0,
		0.229184,
		0.556582,
		-0.052509,
		1,
	},
	[0.133333333333] = {
		0.011537,
		-0.055077,
		0.998415,
		0,
		0.568939,
		-0.820744,
		-0.05185,
		0,
		0.822299,
		0.568636,
		0.021867,
		0,
		0.108852,
		0.642953,
		-0.06184,
		1,
	},
	[0.15] = {
		-0.007366,
		-0.030877,
		0.999496,
		0,
		0.86995,
		-0.493061,
		-0.008821,
		0,
		0.493085,
		0.869446,
		0.030493,
		0,
		-0.02764,
		0.684746,
		-0.064823,
		1,
	},
	[0.166666666667] = {
		-0.032102,
		-0.039254,
		0.998713,
		0,
		0.990389,
		-0.135744,
		0.026499,
		0,
		0.134529,
		0.989966,
		0.043234,
		0,
		-0.162132,
		0.688614,
		-0.066752,
		1,
	},
	[0.183333333333] = {
		-0.031226,
		-0.060046,
		0.997707,
		0,
		0.997866,
		0.0554,
		0.034565,
		0,
		-0.057349,
		0.996657,
		0.058187,
		0,
		-0.286357,
		0.636517,
		-0.068355,
		1,
	},
	[0.1] = {
		-0.124551,
		-0.159491,
		0.979311,
		0,
		-0.373273,
		-0.906957,
		-0.195182,
		0,
		0.919323,
		-0.38986,
		0.053429,
		0,
		0.315441,
		0.467309,
		-0.044093,
		1,
	},
	[0.216666666667] = {
		0.043985,
		-0.010854,
		0.998973,
		0,
		0.90187,
		0.430586,
		-0.035031,
		0,
		-0.429764,
		0.902484,
		0.028728,
		0,
		-0.457185,
		0.412079,
		-0.086242,
		1,
	},
	[0.233333333333] = {
		0.06658,
		0.051114,
		0.996471,
		0,
		0.7803,
		0.619749,
		-0.083927,
		0,
		-0.621851,
		0.783134,
		0.001378,
		0,
		-0.475025,
		0.299321,
		-0.104076,
		1,
	},
	[0.25] = {
		0.036528,
		0.050099,
		0.998076,
		0,
		0.659405,
		0.749248,
		-0.061742,
		0,
		-0.7509,
		0.660392,
		-0.005667,
		0,
		-0.462634,
		0.249649,
		-0.122848,
		1,
	},
	[0.266666666667] = {
		-0.008882,
		0.012753,
		0.999879,
		0,
		0.52343,
		0.852046,
		-0.006218,
		0,
		-0.852022,
		0.523311,
		-0.014243,
		0,
		-0.452283,
		0.209695,
		-0.142726,
		1,
	},
	[0.283333333333] = {
		-0.058309,
		-0.04978,
		0.997057,
		0,
		0.382713,
		0.921333,
		0.068381,
		0,
		-0.922025,
		0.385574,
		-0.034671,
		0,
		-0.442588,
		0.178435,
		-0.162976,
		1,
	},
	[0.2] = {
		-0.009632,
		-0.067883,
		0.997647,
		0,
		0.978342,
		0.205664,
		0.023439,
		0,
		-0.206772,
		0.976265,
		0.064432,
		0,
		-0.391971,
		0.547168,
		-0.072972,
		1,
	},
	[0.316666666667] = {
		-0.150158,
		-0.188312,
		0.970562,
		0,
		0.143963,
		0.967065,
		0.209906,
		0,
		-0.978124,
		0.171245,
		-0.118103,
		0,
		-0.419753,
		0.135723,
		-0.202328,
		1,
	},
	[0.333333333333] = {
		-0.195742,
		-0.23119,
		0.953014,
		0,
		0.074479,
		0.965502,
		0.249517,
		0,
		-0.977823,
		0.11982,
		-0.171771,
		0,
		-0.403804,
		0.120198,
		-0.221196,
		1,
	},
	[0.35] = {
		-0.248803,
		-0.253245,
		0.93486,
		0,
		0.040516,
		0.961646,
		0.271284,
		0,
		-0.967706,
		0.105373,
		-0.229,
		0,
		-0.382917,
		0.107254,
		-0.241209,
		1,
	},
	[0.366666666667] = {
		-0.312002,
		-0.266657,
		0.911893,
		0,
		0.029287,
		0.95665,
		0.289765,
		0,
		-0.94963,
		0.117114,
		-0.290667,
		0,
		-0.357268,
		0.097355,
		-0.263851,
		1,
	},
	[0.383333333333] = {
		-0.38425,
		-0.269998,
		0.882866,
		0,
		0.037876,
		0.950866,
		0.307278,
		0,
		-0.922452,
		0.151511,
		-0.355144,
		0,
		-0.327893,
		0.090223,
		-0.288756,
		1,
	},
	[0.3] = {
		-0.105592,
		-0.122397,
		0.986848,
		0,
		0.251246,
		0.956915,
		0.145567,
		0,
		-0.962146,
		0.263312,
		-0.070291,
		0,
		-0.432203,
		0.154422,
		-0.182928,
		1,
	},
	[0.416666666667] = {
		-0.546473,
		-0.239042,
		0.802637,
		0,
		0.103109,
		0.931904,
		0.347742,
		0,
		-0.831105,
		0.27279,
		-0.484613,
		0,
		-0.262181,
		0.083748,
		-0.343842,
		1,
	},
	[0.433333333333] = {
		-0.628986,
		-0.201666,
		0.750804,
		0,
		0.153103,
		0.914722,
		0.373956,
		0,
		-0.762191,
		0.350163,
		-0.544472,
		0,
		-0.227803,
		0.084322,
		-0.373184,
		1,
	},
	[0.45] = {
		-0.706075,
		-0.149274,
		0.692225,
		0,
		0.209188,
		0.889937,
		0.405282,
		0,
		-0.676534,
		0.430964,
		-0.597136,
		0,
		-0.193531,
		0.087366,
		-0.403054,
		1,
	},
	[0.466666666667] = {
		-0.772926,
		-0.083555,
		0.628971,
		0,
		0.266604,
		0.856769,
		0.441439,
		0,
		-0.575767,
		0.508886,
		-0.639943,
		0,
		-0.160055,
		0.092679,
		-0.432829,
		1,
	},
	[0.483333333333] = {
		-0.825795,
		-0.008011,
		0.563913,
		0,
		0.32069,
		0.815841,
		0.481209,
		0,
		-0.463918,
		0.578221,
		-0.671149,
		0,
		-0.128014,
		0.099866,
		-0.461752,
		1,
	},
	[0.4] = {
		-0.46347,
		-0.261409,
		0.846676,
		0,
		0.063497,
		0.943241,
		0.325981,
		0,
		-0.883834,
		0.204844,
		-0.420566,
		0,
		-0.295856,
		0.085707,
		-0.31555,
		1,
	},
	[0.516666666667] = {
		-0.88458,
		0.152377,
		0.440794,
		0,
		0.404812,
		0.720212,
		0.563403,
		0,
		-0.231615,
		0.676813,
		-0.698769,
		0,
		-0.071167,
		0.117163,
		-0.513493,
		1,
	},
	[0.533333333333] = {
		-0.893509,
		0.226529,
		0.38772,
		0,
		0.431424,
		0.67256,
		0.601279,
		0,
		-0.124558,
		0.70452,
		-0.698668,
		0,
		-0.048247,
		0.125496,
		-0.534417,
		1,
	},
	[0.55] = {
		-0.893582,
		0.290602,
		0.342143,
		0,
		0.447813,
		0.630081,
		0.634399,
		0,
		-0.03122,
		0.720103,
		-0.693164,
		0,
		-0.030578,
		0.132307,
		-0.550808,
		1,
	},
	[0.566666666667] = {
		-0.889294,
		0.341371,
		0.304337,
		0,
		0.45518,
		0.596143,
		0.661381,
		0,
		0.044348,
		0.72669,
		-0.685532,
		0,
		-0.019529,
		0.136631,
		-0.56181,
		1,
	},
	[0.583333333333] = {
		-0.884979,
		0.376471,
		0.274011,
		0,
		0.454918,
		0.57355,
		0.681242,
		0,
		0.099309,
		0.727537,
		-0.678843,
		0,
		-0.016522,
		0.137565,
		-0.566624,
		1,
	},
	[0.5] = {
		-0.862857,
		0.072461,
		0.500228,
		0,
		0.367588,
		0.769243,
		0.522633,
		0,
		-0.346926,
		0.634835,
		-0.690382,
		0,
		-0.098104,
		0.108303,
		-0.488954,
		1,
	},
	[0.616666666667] = {
		-0.877391,
		0.42194,
		0.228368,
		0,
		0.447035,
		0.546139,
		0.708444,
		0,
		0.1742,
		0.723671,
		-0.667799,
		0,
		-0.01887,
		0.135337,
		-0.56893,
		1,
	},
	[0.633333333333] = {
		-0.873216,
		0.439345,
		0.210877,
		0,
		0.443135,
		0.53577,
		0.718736,
		0,
		0.202792,
		0.72106,
		-0.662532,
		0,
		-0.01967,
		0.134165,
		-0.56964,
		1,
	},
	[0.65] = {
		-0.869277,
		0.453596,
		0.196489,
		0,
		0.439537,
		0.527361,
		0.727116,
		0,
		0.226196,
		0.71843,
		-0.657795,
		0,
		-0.020286,
		0.133019,
		-0.57008,
		1,
	},
	[0.666666666667] = {
		-0.865801,
		0.464969,
		0.184911,
		0,
		0.436361,
		0.520717,
		0.733787,
		0,
		0.244902,
		0.716001,
		-0.653732,
		0,
		-0.020755,
		0.13196,
		-0.570264,
		1,
	},
	[0.683333333333] = {
		-0.862934,
		0.473723,
		0.175874,
		0,
		0.433685,
		0.51567,
		0.738919,
		0,
		0.25935,
		0.713912,
		-0.650436,
		0,
		-0.021107,
		0.131038,
		-0.570214,
		1,
	},
	[0.6] = {
		-0.881467,
		0.401086,
		0.249291,
		0,
		0.45105,
		0.558668,
		0.69602,
		0,
		0.139893,
		0.725961,
		-0.673358,
		0,
		-0.017841,
		0.136482,
		-0.567931,
		1,
	},
	[0.716666666667] = {
		-0.859299,
		0.484301,
		0.164492,
		0,
		0.429955,
		0.50978,
		0.745159,
		0,
		0.277027,
		0.711039,
		-0.646281,
		0,
		-0.02154,
		0.129817,
		-0.569487,
		1,
	},
	[0.733333333333] = {
		-0.858556,
		0.48654,
		0.161743,
		0,
		0.4289,
		0.508674,
		0.746522,
		0,
		0.280938,
		0.710303,
		-0.645402,
		0,
		-0.021651,
		0.12962,
		-0.568848,
		1,
	},
	[0.75] = {
		-0.858491,
		0.486994,
		0.160721,
		0,
		0.428355,
		0.508637,
		0.746861,
		0,
		0.281968,
		0.710018,
		-0.645266,
		0,
		-0.021706,
		0.129501,
		-0.56805,
		1,
	},
	[0.766666666667] = {
		-0.859045,
		0.485833,
		0.161267,
		0,
		0.428279,
		0.509561,
		0.746274,
		0,
		0.28039,
		0.710151,
		-0.645808,
		0,
		-0.021711,
		0.129228,
		-0.567112,
		1,
	},
	[0.783333333333] = {
		-0.860148,
		0.48322,
		0.163229,
		0,
		0.428618,
		0.511345,
		0.744858,
		0,
		0.276464,
		0.710651,
		-0.646949,
		0,
		-0.021668,
		0.128819,
		-0.566051,
		1,
	},
	[0.7] = {
		-0.860756,
		0.480095,
		0.169139,
		0,
		0.431546,
		0.512071,
		0.742665,
		0,
		0.269939,
		0.712245,
		-0.647951,
		0,
		-0.021363,
		0.130307,
		-0.569949,
		1,
	},
	[0.816666666667] = {
		-0.863656,
		0.47425,
		0.170839,
		0,
		0.430311,
		0.517109,
		0.739886,
		0,
		0.262548,
		0.712521,
		-0.650679,
		0,
		-0.021437,
		0.127674,
		-0.563626,
		1,
	},
	[0.833333333333] = {
		-0.865875,
		0.468194,
		0.176223,
		0,
		0.431551,
		0.520899,
		0.736497,
		0,
		0.253029,
		0.713763,
		-0.653083,
		0,
		-0.021255,
		0.126977,
		-0.562296,
		1,
	},
	[0.85] = {
		-0.86828,
		0.461292,
		0.18248,
		0,
		0.432977,
		0.52517,
		0.732617,
		0,
		0.242117,
		0.715126,
		-0.655724,
		0,
		-0.021034,
		0.126223,
		-0.560909,
		1,
	},
	[0.866666666667] = {
		-0.87078,
		0.453697,
		0.189477,
		0,
		0.434532,
		0.529826,
		0.728331,
		0,
		0.230052,
		0.71655,
		-0.658507,
		0,
		-0.020777,
		0.125431,
		-0.559482,
		1,
	},
	[0.883333333333] = {
		-0.87329,
		0.445565,
		0.197069,
		0,
		0.436165,
		0.534767,
		0.723729,
		0,
		0.217082,
		0.71798,
		-0.661347,
		0,
		-0.020489,
		0.12462,
		-0.558034,
		1,
	},
	[0.8] = {
		-0.861715,
		0.479308,
		0.166465,
		0,
		0.429314,
		0.513893,
		0.742701,
		0,
		0.270438,
		0.711462,
		-0.648603,
		0,
		-0.021575,
		0.128295,
		-0.564883,
		1,
	},
	[0.916666666667] = {
		-0.878047,
		0.428346,
		0.21343,
		0,
		0.43947,
		0.545116,
		0.713943,
		0,
		0.189471,
		0.720672,
		-0.666883,
		0,
		-0.019835,
		0.123011,
		-0.555142,
		1,
	},
	[0.933333333333] = {
		-0.880181,
		0.419601,
		0.221845,
		0,
		0.441048,
		0.550349,
		0.708938,
		0,
		0.175379,
		0.721838,
		-0.669471,
		0,
		-0.019476,
		0.122223,
		-0.553742,
		1,
	},
	[0.95] = {
		-0.882099,
		0.410997,
		0.230181,
		0,
		0.442525,
		0.555492,
		0.703989,
		0,
		0.161474,
		0.722848,
		-0.671875,
		0,
		-0.019104,
		0.121461,
		-0.552398,
		1,
	},
	[0.966666666667] = {
		-0.883775,
		0.402711,
		0.238254,
		0,
		0.443872,
		0.560441,
		0.699202,
		0,
		0.148049,
		0.723692,
		-0.674056,
		0,
		-0.01873,
		0.120738,
		-0.551131,
		1,
	},
	[0.983333333333] = {
		-0.885199,
		0.394925,
		0.245879,
		0,
		0.44507,
		0.565088,
		0.694685,
		0,
		0.135406,
		0.724368,
		-0.675985,
		0,
		-0.018363,
		0.120069,
		-0.54996,
		1,
	},
	[0.9] = {
		-0.875734,
		0.437058,
		0.205111,
		0,
		0.437827,
		0.539893,
		0.718904,
		0,
		0.203465,
		0.719371,
		-0.664159,
		0,
		-0.020174,
		0.123811,
		-0.55658,
		1,
	},
	[1.01666666667] = {
		-0.887298,
		0.381595,
		0.259014,
		0,
		0.446962,
		0.57304,
		0.686913,
		0,
		0.113697,
		0.725266,
		-0.679016,
		0,
		-0.017703,
		0.118944,
		-0.547982,
		1,
	},
	[1.03333333333] = {
		-0.887996,
		0.376425,
		0.264134,
		0,
		0.447642,
		0.576122,
		0.683886,
		0,
		0.105259,
		0.725526,
		-0.680098,
		0,
		-0.017436,
		0.118515,
		-0.547216,
		1,
	},
	[1.05] = {
		-0.888483,
		0.372504,
		0.268029,
		0,
		0.448138,
		0.578459,
		0.681585,
		0,
		0.09885,
		0.72569,
		-0.680884,
		0,
		-0.01723,
		0.118192,
		-0.546622,
		1,
	},
	[1.06666666667] = {
		-0.888771,
		0.370017,
		0.270505,
		0,
		0.448444,
		0.57994,
		0.680123,
		0,
		0.094781,
		0.72578,
		-0.681366,
		0,
		-0.017097,
		0.117988,
		-0.546222,
		1,
	},
	[1.08333333333] = {
		-0.888869,
		0.369148,
		0.271371,
		0,
		0.44855,
		0.580458,
		0.679612,
		0,
		0.093358,
		0.725809,
		-0.681532,
		0,
		-0.01705,
		0.117917,
		-0.546034,
		1,
	},
	{
		-0.886371,
		0.387824,
		0.252863,
		0,
		0.446103,
		0.569325,
		0.690551,
		0,
		0.123851,
		0.724887,
		-0.677642,
		0,
		-0.018017,
		0.119466,
		-0.548904,
		1,
	},
	[1.1] = {
		-0.888869,
		0.369148,
		0.271371,
		0,
		0.44855,
		0.580458,
		0.679612,
		0,
		0.093358,
		0.725809,
		-0.681532,
		0,
		-0.01705,
		0.117917,
		-0.545996,
		1,
	},
}

return spline_matrices
