-- chunkname: @content/characters/player/human/first_person/animations/assault_shield_maul/heavy_attack_left_diagonal_down.lua

local spline_matrices = {
	[0.016666666666666666] = {
		-0.855623,
		0.460874,
		0.235592,
		0,
		-0.347936,
		-0.175144,
		-0.921013,
		0,
		-0.383209,
		-0.870011,
		0.310212,
		0,
		0.380935,
		0.228126,
		0.208705,
		1,
	},
	[0.03333333333333333] = {
		-0.724715,
		0.30551,
		0.617618,
		0,
		-0.676478,
		-0.14503,
		-0.722041,
		0,
		-0.131018,
		-0.941079,
		0.311777,
		0,
		0.433433,
		0.305167,
		0.187495,
		1,
	},
	[0.05] = {
		-0.784203,
		0.012206,
		0.620385,
		0,
		-0.605887,
		-0.230804,
		-0.761335,
		0,
		0.133894,
		-0.972924,
		0.188393,
		0,
		0.428087,
		0.344514,
		0.166735,
		1,
	},
	[0.06666666666666667] = {
		-0.790073,
		-0.24744,
		0.560855,
		0,
		-0.465923,
		-0.352179,
		-0.811718,
		0,
		0.398373,
		-0.902631,
		0.162959,
		0,
		0.421864,
		0.372053,
		0.145386,
		1,
	},
	[0.08333333333333333] = {
		-0.767708,
		-0.367602,
		0.524874,
		0,
		-0.344746,
		-0.453518,
		-0.821871,
		0,
		0.540161,
		-0.811905,
		0.22144,
		0,
		0.417314,
		0.39499,
		0.126602,
		1,
	},
	[0] = {
		-0.857701,
		0.490925,
		-0.152781,
		0,
		0.050801,
		-0.214781,
		-0.97534,
		0,
		-0.511633,
		-0.844312,
		0.159278,
		0,
		0.326251,
		0.174887,
		0.219983,
		1,
	},
	[0.11666666666666667] = {
		-0.685211,
		-0.461467,
		0.563502,
		0,
		-0.143784,
		-0.672744,
		-0.725769,
		0,
		0.714011,
		-0.578328,
		0.39462,
		0,
		0.39342,
		0.524865,
		0.107555,
		1,
	},
	[0.13333333333333333] = {
		-0.552184,
		-0.482234,
		0.680106,
		0,
		0.096732,
		-0.847293,
		-0.522242,
		0,
		0.828092,
		-0.222586,
		0.514509,
		0,
		0.348751,
		0.578694,
		0.087024,
		1,
	},
	[0.15] = {
		-0.301167,
		-0.405792,
		0.86292,
		0,
		0.432254,
		-0.864717,
		-0.255776,
		0,
		0.849974,
		0.295969,
		0.43583,
		0,
		0.251232,
		0.642489,
		0.044005,
		1,
	},
	[0.16666666666666666] = {
		-0.265295,
		-0.240269,
		0.93375,
		0,
		0.783,
		-0.618799,
		0.063237,
		0,
		0.562609,
		0.747903,
		0.352295,
		0,
		0.087212,
		0.668263,
		-0.028837,
		1,
	},
	[0.18333333333333332] = {
		-0.313403,
		-0.154191,
		0.937018,
		0,
		0.935383,
		-0.220348,
		0.276597,
		0,
		0.163821,
		0.963157,
		0.213285,
		0,
		-0.046358,
		0.660513,
		-0.087242,
		1,
	},
	[0.1] = {
		-0.742734,
		-0.410605,
		0.528914,
		0,
		-0.262252,
		-0.548418,
		-0.794016,
		0,
		0.616093,
		-0.728452,
		0.299646,
		0,
		0.409497,
		0.45021,
		0.116565,
		1,
	},
	[0.21666666666666667] = {
		-0.239638,
		-0.224738,
		0.944493,
		0,
		0.932971,
		0.215825,
		0.288069,
		0,
		-0.268585,
		0.950217,
		0.157955,
		0,
		-0.259346,
		0.585625,
		-0.217379,
		1,
	},
	[0.23333333333333334] = {
		-0.099513,
		-0.326503,
		0.939943,
		0,
		0.898803,
		0.375787,
		0.225692,
		0,
		-0.426907,
		0.867283,
		0.256066,
		0,
		-0.360457,
		0.451753,
		-0.30712,
		1,
	},
	[0.25] = {
		-0.046185,
		-0.378728,
		0.924355,
		0,
		0.827834,
		0.503372,
		0.247605,
		0,
		-0.559069,
		0.776648,
		0.290275,
		0,
		-0.397537,
		0.315729,
		-0.388967,
		1,
	},
	[0.26666666666666666] = {
		-0.048531,
		-0.378541,
		0.924311,
		0,
		0.740544,
		0.607349,
		0.287615,
		0,
		-0.670253,
		0.698452,
		0.250851,
		0,
		-0.403901,
		0.258888,
		-0.407323,
		1,
	},
	[0.2833333333333333] = {
		-0.050445,
		-0.366187,
		0.929173,
		0,
		0.671095,
		0.676591,
		0.303079,
		0,
		-0.739654,
		0.638852,
		0.211615,
		0,
		-0.409024,
		0.198987,
		-0.422422,
		1,
	},
	[0.2] = {
		-0.318079,
		-0.154004,
		0.935472,
		0,
		0.944609,
		0.03269,
		0.326567,
		0,
		-0.080874,
		0.987529,
		0.135075,
		0,
		-0.165075,
		0.632695,
		-0.159104,
		1,
	},
	[0.31666666666666665] = {
		-0.0531,
		-0.330566,
		0.942288,
		0,
		0.595928,
		0.746682,
		0.295527,
		0,
		-0.801281,
		0.577228,
		0.157344,
		0,
		-0.416528,
		0.082669,
		-0.444494,
		1,
	},
	[0.3333333333333333] = {
		-0.054121,
		-0.316275,
		0.947123,
		0,
		0.584299,
		0.759137,
		0.286889,
		0,
		-0.809732,
		0.56893,
		0.143714,
		0,
		-0.419021,
		0.035677,
		-0.453588,
		1,
	},
	[0.35] = {
		-0.055241,
		-0.310468,
		0.948977,
		0,
		0.582792,
		0.761705,
		0.283125,
		0,
		-0.810742,
		0.568696,
		0.138861,
		0,
		-0.420649,
		0.002444,
		-0.462859,
		1,
	},
	[0.36666666666666664] = {
		-0.064478,
		-0.31287,
		0.947605,
		0,
		0.584224,
		0.758004,
		0.290022,
		0,
		-0.809027,
		0.572313,
		0.133911,
		0,
		-0.417932,
		-0.021487,
		-0.472903,
		1,
	},
	[0.38333333333333336] = {
		-0.088389,
		-0.319642,
		0.943407,
		0,
		0.58501,
		0.7499,
		0.308889,
		0,
		-0.806195,
		0.579205,
		0.120711,
		0,
		-0.407902,
		-0.042964,
		-0.483426,
		1,
	},
	[0.3] = {
		-0.051936,
		-0.348718,
		0.935787,
		0,
		0.623398,
		0.720735,
		0.303178,
		0,
		-0.780178,
		0.599114,
		0.179958,
		0,
		-0.413201,
		0.138681,
		-0.434463,
		1,
	},
	[0.4166666666666667] = {
		-0.171733,
		-0.343776,
		0.923215,
		0,
		0.579754,
		0.722408,
		0.376846,
		0,
		-0.796488,
		0.599954,
		0.075244,
		0,
		-0.368795,
		-0.073556,
		-0.505159,
		1,
	},
	[0.43333333333333335] = {
		-0.226564,
		-0.360053,
		0.905003,
		0,
		0.571086,
		0.703581,
		0.422887,
		0,
		-0.789005,
		0.612646,
		0.046215,
		0,
		-0.341446,
		-0.082949,
		-0.516116,
		1,
	},
	[0.45] = {
		-0.286708,
		-0.378454,
		0.880097,
		0,
		0.556527,
		0.681966,
		0.474553,
		0,
		-0.779793,
		0.625856,
		0.015095,
		0,
		-0.310229,
		-0.091673,
		-0.527068,
		1,
	},
	[0.4666666666666667] = {
		-0.349413,
		-0.398506,
		0.848,
		0,
		0.535053,
		0.658104,
		0.529732,
		0,
		-0.769174,
		0.638821,
		-0.016728,
		0,
		-0.275992,
		-0.099715,
		-0.537896,
		1,
	},
	[0.48333333333333334] = {
		-0.411969,
		-0.419755,
		0.808757,
		0,
		0.50621,
		0.632577,
		0.586172,
		0,
		-0.75765,
		0.650885,
		-0.048118,
		0,
		-0.239584,
		-0.107061,
		-0.548486,
		1,
	},
	[0.4] = {
		-0.124877,
		-0.330122,
		0.935642,
		0,
		0.583948,
		0.737939,
		0.338304,
		0,
		-0.802128,
		0.588613,
		0.100622,
		0,
		-0.391271,
		-0.060795,
		-0.494238,
		1,
	},
	[0.5166666666666667] = {
		-0.526944,
		-0.464085,
		0.712008,
		0,
		0.427895,
		0.578969,
		0.694047,
		0,
		-0.734327,
		0.670389,
		-0.106505,
		0,
		-0.163659,
		-0.119595,
		-0.568515,
		1,
	},
	[0.5333333333333333] = {
		-0.575571,
		-0.486246,
		0.657482,
		0,
		0.380778,
		0.552167,
		0.7417,
		0,
		-0.723689,
		0.677256,
		-0.13266,
		0,
		-0.125843,
		-0.124774,
		-0.577735,
		1,
	},
	[0.55] = {
		-0.616702,
		-0.507743,
		0.601561,
		0,
		0.330805,
		0.526274,
		0.783329,
		0,
		-0.714315,
		0.68208,
		-0.15659,
		0,
		-0.08926,
		-0.129261,
		-0.586276,
		1,
	},
	[0.5666666666666667] = {
		-0.649929,
		-0.528091,
		0.546546,
		0,
		0.280236,
		0.501945,
		0.818241,
		0,
		-0.706442,
		0.68496,
		-0.178239,
		0,
		-0.054762,
		-0.133076,
		-0.594026,
		1,
	},
	[0.5833333333333334] = {
		-0.675446,
		-0.546805,
		0.49475,
		0,
		0.231451,
		0.479821,
		0.846287,
		0,
		-0.700145,
		0.686132,
		-0.197534,
		0,
		-0.023191,
		-0.136244,
		-0.600875,
		1,
	},
	[0.5] = {
		-0.471862,
		-0.441762,
		0.763015,
		0,
		0.470198,
		0.605992,
		0.641629,
		0,
		-0.745828,
		0.661529,
		-0.078229,
		0,
		-0.201857,
		-0.113694,
		-0.558728,
		1,
	},
	[0.6166666666666667] = {
		-0.706381,
		-0.577378,
		0.409464,
		0,
		0.148574,
		0.444647,
		0.883298,
		0,
		-0.692064,
		0.68478,
		-0.228307,
		0,
		0.027799,
		-0.140765,
		-0.611423,
		1,
	},
	[0.6333333333333333] = {
		-0.713919,
		-0.588269,
		0.379814,
		0,
		0.118803,
		0.432792,
		0.893631,
		0,
		-0.690076,
		0.683104,
		-0.239091,
		0,
		0.045514,
		-0.142201,
		-0.614896,
		1,
	},
	[0.65] = {
		-0.717579,
		-0.595581,
		0.361059,
		0,
		0.09937,
		0.425555,
		0.89946,
		0,
		-0.689352,
		0.681312,
		-0.246187,
		0,
		0.056907,
		-0.143156,
		-0.617016,
		1,
	},
	[0.6666666666666666] = {
		-0.718052,
		-0.598818,
		0.354709,
		0,
		0.091953,
		0.423556,
		0.901191,
		0,
		-0.689889,
		0.679718,
		-0.249072,
		0,
		0.061127,
		-0.143692,
		-0.61767,
		1,
	},
	[0.6833333333333333] = {
		-0.716998,
		-0.599882,
		0.355044,
		0,
		0.091041,
		0.424384,
		0.900894,
		0,
		-0.691105,
		0.678262,
		-0.249668,
		0,
		0.061481,
		-0.144031,
		-0.617556,
		1,
	},
	[0.6] = {
		-0.693931,
		-0.563395,
		0.448381,
		0,
		0.186813,
		0.460521,
		0.867768,
		0,
		-0.695385,
		0.685935,
		-0.21432,
		0,
		0.004613,
		-0.138794,
		-0.606712,
		1,
	},
	[0.7166666666666667] = {
		-0.714739,
		-0.602194,
		0.355684,
		0,
		0.089136,
		0.425982,
		0.90033,
		0,
		-0.693688,
		0.675205,
		-0.250788,
		0,
		0.062211,
		-0.144642,
		-0.61734,
		1,
	},
	[0.7333333333333333] = {
		-0.71355,
		-0.603421,
		0.35599,
		0,
		0.088154,
		0.426751,
		0.900063,
		0,
		-0.695036,
		0.673622,
		-0.251314,
		0,
		0.062583,
		-0.144918,
		-0.617238,
		1,
	},
	[0.75] = {
		-0.712333,
		-0.604682,
		0.356287,
		0,
		0.087161,
		0.427499,
		0.899804,
		0,
		-0.696408,
		0.672015,
		-0.251817,
		0,
		0.062956,
		-0.145175,
		-0.617139,
		1,
	},
	[0.7666666666666667] = {
		-0.711096,
		-0.605966,
		0.356576,
		0,
		0.086161,
		0.428227,
		0.899554,
		0,
		-0.697795,
		0.670393,
		-0.2523,
		0,
		0.06333,
		-0.145416,
		-0.617044,
		1,
	},
	[0.7833333333333333] = {
		-0.709848,
		-0.607263,
		0.356858,
		0,
		0.085162,
		0.428933,
		0.899313,
		0,
		-0.699188,
		0.668766,
		-0.252761,
		0,
		0.063701,
		-0.145641,
		-0.616953,
		1,
	},
	[0.7] = {
		-0.71589,
		-0.601011,
		0.355369,
		0,
		0.090101,
		0.425193,
		0.900607,
		0,
		-0.692375,
		0.676755,
		-0.25024,
		0,
		0.061843,
		-0.144347,
		-0.617446,
		1,
	},
	[0.8166666666666667] = {
		-0.707349,
		-0.609855,
		0.357399,
		0,
		0.083187,
		0.430279,
		0.898855,
		0,
		-0.701953,
		0.665535,
		-0.253626,
		0,
		0.064428,
		-0.146052,
		-0.61678,
		1,
	},
	[0.8333333333333334] = {
		-0.706116,
		-0.611128,
		0.357664,
		0,
		0.082223,
		0.430925,
		0.898634,
		0,
		-0.703306,
		0.663948,
		-0.254034,
		0,
		0.064781,
		-0.146244,
		-0.616698,
		1,
	},
	[0.85] = {
		-0.704905,
		-0.612368,
		0.357929,
		0,
		0.081283,
		0.431558,
		0.898416,
		0,
		-0.704629,
		0.662391,
		-0.254433,
		0,
		0.065124,
		-0.146433,
		-0.616617,
		1,
	},
	[0.8666666666666667] = {
		-0.703726,
		-0.613568,
		0.358195,
		0,
		0.080373,
		0.432177,
		0.8982,
		0,
		-0.705911,
		0.660876,
		-0.25482,
		0,
		0.065454,
		-0.146621,
		-0.616537,
		1,
	},
	[0.8833333333333333] = {
		-0.702587,
		-0.614718,
		0.35846,
		0,
		0.079498,
		0.432781,
		0.897987,
		0,
		-0.707143,
		0.659411,
		-0.255197,
		0,
		0.06577,
		-0.146807,
		-0.616459,
		1,
	},
	[0.8] = {
		-0.708596,
		-0.608563,
		0.357132,
		0,
		0.084168,
		0.429617,
		0.89908,
		0,
		-0.700577,
		0.667143,
		-0.253203,
		0,
		0.064068,
		-0.145852,
		-0.616865,
		1,
	},
	[0.9166666666666666] = {
		-0.700465,
		-0.61683,
		0.358985,
		0,
		0.07788,
		0.433933,
		0.897573,
		0,
		-0.709425,
		0.656676,
		-0.255916,
		0,
		0.066353,
		-0.147177,
		-0.616309,
		1,
	},
	[0.9333333333333333] = {
		-0.699499,
		-0.617774,
		0.359244,
		0,
		0.077148,
		0.434479,
		0.897372,
		0,
		-0.710457,
		0.655426,
		-0.256258,
		0,
		0.066615,
		-0.147362,
		-0.616236,
		1,
	},
	[0.95] = {
		-0.69861,
		-0.618631,
		0.359499,
		0,
		0.076476,
		0.435003,
		0.897176,
		0,
		-0.711404,
		0.654269,
		-0.256587,
		0,
		0.066856,
		-0.147547,
		-0.616166,
		1,
	},
	[0.9666666666666667] = {
		-0.697806,
		-0.619393,
		0.359749,
		0,
		0.07587,
		0.435502,
		0.896985,
		0,
		-0.712257,
		0.653215,
		-0.256903,
		0,
		0.067073,
		-0.147732,
		-0.616098,
		1,
	},
	[0.9833333333333333] = {
		-0.697073,
		-0.620075,
		0.359995,
		0,
		0.075319,
		0.43598,
		0.896799,
		0,
		-0.713033,
		0.652249,
		-0.257206,
		0,
		0.067269,
		-0.147917,
		-0.616032,
		1,
	},
	[0.9] = {
		-0.701497,
		-0.615808,
		0.358724,
		0,
		0.078665,
		0.433366,
		0.897778,
		0,
		-0.708318,
		0.658007,
		-0.255562,
		0,
		0.06607,
		-0.146993,
		-0.616383,
		1,
	},
	[1.0166666666666666] = {
		-0.695761,
		-0.621274,
		0.360467,
		0,
		0.074338,
		0.436872,
		0.896447,
		0,
		-0.714417,
		0.650509,
		-0.257774,
		0,
		0.067618,
		-0.148276,
		-0.615908,
		1,
	},
	[1.0333333333333334] = {
		-0.695178,
		-0.621796,
		0.360691,
		0,
		0.073905,
		0.437287,
		0.89628,
		0,
		-0.715029,
		0.649731,
		-0.258038,
		0,
		0.067771,
		-0.148448,
		-0.615849,
		1,
	},
	[1.05] = {
		-0.694642,
		-0.622269,
		0.360908,
		0,
		0.073509,
		0.43768,
		0.896121,
		0,
		-0.71559,
		0.649013,
		-0.258289,
		0,
		0.067911,
		-0.148615,
		-0.615794,
		1,
	},
	[1.0666666666666667] = {
		-0.694151,
		-0.622695,
		0.361115,
		0,
		0.073148,
		0.438051,
		0.895969,
		0,
		-0.716103,
		0.648353,
		-0.258525,
		0,
		0.068038,
		-0.148776,
		-0.615741,
		1,
	},
	[1.0833333333333333] = {
		-0.693705,
		-0.623078,
		0.361313,
		0,
		0.072821,
		0.4384,
		0.895825,
		0,
		-0.716569,
		0.647749,
		-0.258747,
		0,
		0.068152,
		-0.14893,
		-0.615691,
		1,
	},
	{
		-0.696392,
		-0.620701,
		0.360234,
		0,
		0.074809,
		0.436436,
		0.89662,
		0,
		-0.713752,
		0.651348,
		-0.257497,
		0,
		0.067451,
		-0.148099,
		-0.615969,
		1,
	},
	[1.1166666666666667] = {
		-0.692939,
		-0.623719,
		0.361677,
		0,
		0.072263,
		0.439028,
		0.895563,
		0,
		-0.717366,
		0.646706,
		-0.259148,
		0,
		0.068347,
		-0.149215,
		-0.6156,
		1,
	},
	[1.1333333333333333] = {
		-0.692616,
		-0.623982,
		0.361841,
		0,
		0.07203,
		0.439307,
		0.895445,
		0,
		-0.717701,
		0.646263,
		-0.259326,
		0,
		0.068428,
		-0.149345,
		-0.61556,
		1,
	},
	[1.15] = {
		-0.692332,
		-0.62421,
		0.361992,
		0,
		0.071825,
		0.439561,
		0.895336,
		0,
		-0.717996,
		0.64587,
		-0.259488,
		0,
		0.068499,
		-0.149466,
		-0.615523,
		1,
	},
	[1.1666666666666667] = {
		-0.692084,
		-0.624405,
		0.362131,
		0,
		0.071647,
		0.439791,
		0.895238,
		0,
		-0.718253,
		0.645525,
		-0.259635,
		0,
		0.06856,
		-0.149577,
		-0.615489,
		1,
	},
	[1.1833333333333333] = {
		-0.691871,
		-0.624569,
		0.362255,
		0,
		0.071495,
		0.439995,
		0.89515,
		0,
		-0.718473,
		0.645227,
		-0.259766,
		0,
		0.068612,
		-0.149677,
		-0.615459,
		1,
	},
	[1.1] = {
		-0.693301,
		-0.623418,
		0.361501,
		0,
		0.072526,
		0.438726,
		0.89569,
		0,
		-0.716989,
		0.647201,
		-0.258955,
		0,
		0.068255,
		-0.149077,
		-0.615644,
		1,
	},
	[1.2166666666666666] = {
		-0.691544,
		-0.624812,
		0.362459,
		0,
		0.071263,
		0.440327,
		0.895005,
		0,
		-0.71881,
		0.644766,
		-0.259979,
		0,
		0.068692,
		-0.149844,
		-0.615409,
		1,
	},
	[1.2333333333333334] = {
		-0.691428,
		-0.624895,
		0.362538,
		0,
		0.071181,
		0.440453,
		0.89495,
		0,
		-0.718931,
		0.644598,
		-0.260061,
		0,
		0.06872,
		-0.149908,
		-0.61539,
		1,
	},
	[1.25] = {
		-0.691331,
		-0.624954,
		0.362622,
		0,
		0.07114,
		0.440559,
		0.894901,
		0,
		-0.719028,
		0.644469,
		-0.260112,
		0,
		0.068726,
		-0.149965,
		-0.615376,
		1,
	},
	[1.2666666666666666] = {
		-0.691244,
		-0.624986,
		0.362731,
		0,
		0.07116,
		0.440653,
		0.894853,
		0,
		-0.719109,
		0.644374,
		-0.260125,
		0,
		0.068698,
		-0.150018,
		-0.615366,
		1,
	},
	[1.2833333333333334] = {
		-0.691169,
		-0.624994,
		0.362862,
		0,
		0.071234,
		0.440735,
		0.894807,
		0,
		-0.719174,
		0.644311,
		-0.260101,
		0,
		0.068638,
		-0.150067,
		-0.615361,
		1,
	},
	[1.2] = {
		-0.691692,
		-0.624703,
		0.362365,
		0,
		0.071368,
		0.440174,
		0.895072,
		0,
		-0.718658,
		0.644975,
		-0.259881,
		0,
		0.068656,
		-0.149767,
		-0.615432,
		1,
	},
	[1.3166666666666667] = {
		-0.69105,
		-0.624942,
		0.363178,
		0,
		0.071523,
		0.440866,
		0.894719,
		0,
		-0.71926,
		0.644271,
		-0.259963,
		0,
		0.068439,
		-0.150158,
		-0.615361,
		1,
	},
	[1.3333333333333333] = {
		-0.691005,
		-0.624887,
		0.363357,
		0,
		0.071726,
		0.440918,
		0.894677,
		0,
		-0.719283,
		0.644288,
		-0.259855,
		0,
		0.068306,
		-0.150199,
		-0.615366,
		1,
	},
	[1.35] = {
		-0.690968,
		-0.624818,
		0.363546,
		0,
		0.07196,
		0.44096,
		0.894637,
		0,
		-0.719295,
		0.644327,
		-0.259727,
		0,
		0.068156,
		-0.150236,
		-0.615373,
		1,
	},
	[1.3666666666666667] = {
		-0.690939,
		-0.624736,
		0.363743,
		0,
		0.072219,
		0.440994,
		0.8946,
		0,
		-0.719297,
		0.644383,
		-0.259582,
		0,
		0.067993,
		-0.150271,
		-0.615383,
		1,
	},
	[1.3833333333333333] = {
		-0.690916,
		-0.624644,
		0.363943,
		0,
		0.072496,
		0.441022,
		0.894564,
		0,
		-0.71929,
		0.644453,
		-0.259425,
		0,
		0.067819,
		-0.150303,
		-0.615394,
		1,
	},
	[1.3] = {
		-0.691104,
		-0.624978,
		0.363012,
		0,
		0.071357,
		0.440806,
		0.894762,
		0,
		-0.719224,
		0.644277,
		-0.260046,
		0,
		0.068551,
		-0.150114,
		-0.615359,
		1,
	},
	[1.4166666666666667] = {
		-0.690889,
		-0.62444,
		0.364345,
		0,
		0.073083,
		0.441057,
		0.894498,
		0,
		-0.719257,
		0.644627,
		-0.259086,
		0,
		0.067456,
		-0.150358,
		-0.61542,
		1,
	},
	[1.4333333333333333] = {
		-0.690883,
		-0.624333,
		0.36454,
		0,
		0.07338,
		0.441067,
		0.894469,
		0,
		-0.719233,
		0.644723,
		-0.258912,
		0,
		0.067274,
		-0.150382,
		-0.615435,
		1,
	},
	[1.45] = {
		-0.69088,
		-0.624227,
		0.364727,
		0,
		0.073671,
		0.441073,
		0.894443,
		0,
		-0.719206,
		0.644823,
		-0.258741,
		0,
		0.067095,
		-0.150403,
		-0.615449,
		1,
	},
	[1.4666666666666666] = {
		-0.690881,
		-0.624123,
		0.364903,
		0,
		0.073951,
		0.441075,
		0.894418,
		0,
		-0.719177,
		0.644921,
		-0.258576,
		0,
		0.066925,
		-0.150421,
		-0.615463,
		1,
	},
	[1.4833333333333334] = {
		-0.690884,
		-0.624025,
		0.365066,
		0,
		0.074213,
		0.441074,
		0.894397,
		0,
		-0.719147,
		0.645017,
		-0.25842,
		0,
		0.066765,
		-0.150437,
		-0.615477,
		1,
	},
	[1.4] = {
		-0.6909,
		-0.624544,
		0.364145,
		0,
		0.072786,
		0.441042,
		0.89453,
		0,
		-0.719277,
		0.644536,
		-0.259258,
		0,
		0.067639,
		-0.150332,
		-0.615407,
		1,
	},
	[1.5166666666666666] = {
		-0.690893,
		-0.623855,
		0.365338,
		0,
		0.07466,
		0.441068,
		0.894363,
		0,
		-0.719091,
		0.645186,
		-0.258154,
		0,
		0.066494,
		-0.150461,
		-0.6155,
		1,
	},
	[1.5333333333333334] = {
		-0.690899,
		-0.623788,
		0.365441,
		0,
		0.074833,
		0.441064,
		0.894351,
		0,
		-0.719068,
		0.645253,
		-0.25805,
		0,
		0.06639,
		-0.150469,
		-0.615509,
		1,
	},
	[1.55] = {
		-0.690904,
		-0.623738,
		0.365518,
		0,
		0.074964,
		0.44106,
		0.894342,
		0,
		-0.71905,
		0.645304,
		-0.257972,
		0,
		0.066311,
		-0.150475,
		-0.615516,
		1,
	},
	[1.5666666666666667] = {
		-0.690907,
		-0.623705,
		0.365567,
		0,
		0.075047,
		0.441057,
		0.894336,
		0,
		-0.719038,
		0.645338,
		-0.257922,
		0,
		0.066261,
		-0.150478,
		-0.615521,
		1,
	},
	[1.5833333333333333] = {
		-0.690908,
		-0.623694,
		0.365584,
		0,
		0.075076,
		0.441055,
		0.894334,
		0,
		-0.719034,
		0.645349,
		-0.257904,
		0,
		0.066243,
		-0.150479,
		-0.615523,
		1,
	},
	[1.5] = {
		-0.690888,
		-0.623934,
		0.365212,
		0,
		0.074451,
		0.441072,
		0.894378,
		0,
		-0.719118,
		0.645106,
		-0.258278,
		0,
		0.06662,
		-0.15045,
		-0.615489,
		1,
	},
}

return spline_matrices
