-- chunkname: @content/characters/player/human/first_person/animations/assault_shield_maul/heavy_attack_left_down.lua

local spline_matrices = {
	[0.0166666666667] = {
		-0.831532,
		0.160302,
		-0.531844,
		0,
		0.523212,
		-0.095535,
		-0.846831,
		0,
		-0.186558,
		-0.982434,
		-0.004431,
		0,
		0.104999,
		0.128239,
		0.285986,
		1,
	},
	[0.0333333333333] = {
		-0.849665,
		0.14314,
		-0.507523,
		0,
		0.491837,
		-0.131975,
		-0.860627,
		0,
		-0.190171,
		-0.980864,
		0.041733,
		0,
		0.112916,
		0.132799,
		0.28302,
		1,
	},
	[0.05] = {
		-0.867279,
		0.126522,
		-0.481477,
		0,
		0.45932,
		-0.169589,
		-0.871932,
		0,
		-0.191972,
		-0.97736,
		0.088967,
		0,
		0.121939,
		0.139324,
		0.278912,
		1,
	},
	[0.0666666666667] = {
		-0.88476,
		0.107511,
		-0.453476,
		0,
		0.425743,
		-0.209366,
		-0.880289,
		0,
		-0.189583,
		-0.971909,
		0.139466,
		0,
		0.129839,
		0.148772,
		0.273877,
		1,
	},
	[0.0833333333333] = {
		-0.90239,
		0.083243,
		-0.422804,
		0,
		0.391342,
		-0.252443,
		-0.884943,
		0,
		-0.180399,
		-0.964024,
		0.195226,
		0,
		0.134373,
		0.162094,
		0.268126,
		1,
	},
	[0] = {
		-0.812454,
		0.18098,
		-0.554224,
		0,
		0.553457,
		-0.059473,
		-0.830752,
		0,
		-0.183311,
		-0.981687,
		-0.051846,
		0,
		0.100401,
		0.124691,
		0.287578,
		1,
	},
	[0.116666666667] = {
		-0.939105,
		0.012159,
		-0.343415,
		0,
		0.320755,
		-0.327519,
		-0.888734,
		0,
		-0.123281,
		-0.944766,
		0.303675,
		0,
		0.126602,
		0.202084,
		0.25745,
		1,
	},
	[0.133333333333] = {
		-0.956006,
		-0.032773,
		-0.29151,
		0,
		0.284734,
		-0.342702,
		-0.895255,
		0,
		-0.070561,
		-0.938872,
		0.336957,
		0,
		0.117067,
		0.23054,
		0.253806,
		1,
	},
	[0.15] = {
		-0.967235,
		-0.085933,
		-0.238896,
		0,
		0.253252,
		-0.392783,
		-0.884073,
		0,
		-0.017863,
		-0.915608,
		0.401676,
		0,
		0.106026,
		0.271799,
		0.246326,
		1,
	},
	[0.166666666667] = {
		-0.971962,
		-0.14814,
		-0.182602,
		0,
		0.233764,
		-0.525009,
		-0.818364,
		0,
		0.025365,
		-0.838105,
		0.544919,
		0,
		0.094381,
		0.331584,
		0.229282,
		1,
	},
	[0.183333333333] = {
		-0.97274,
		-0.212634,
		-0.092544,
		0,
		0.225752,
		-0.776998,
		-0.587631,
		0,
		0.053044,
		-0.592504,
		0.803819,
		0,
		0.082442,
		0.424021,
		0.174953,
		1,
	},
	[0.1] = {
		-0.920181,
		0.05098,
		-0.388161,
		0,
		0.356596,
		-0.300058,
		-0.884762,
		0,
		-0.161576,
		-0.952558,
		0.257928,
		0,
		0.133281,
		0.180234,
		0.261874,
		1,
	},
	[0.216666666667] = {
		-0.965707,
		-0.192473,
		0.174255,
		0,
		0.247468,
		-0.885401,
		0.393479,
		0,
		0.078552,
		0.423107,
		0.902668,
		0,
		0.050011,
		0.598249,
		-0.01761,
		1,
	},
	[0.233333333333] = {
		-0.955549,
		-0.139771,
		0.259597,
		0,
		0.286393,
		-0.649196,
		0.704644,
		0,
		0.07004,
		0.747668,
		0.660368,
		0,
		0.024158,
		0.634164,
		-0.095342,
		1,
	},
	[0.25] = {
		-0.929506,
		-0.108561,
		0.352467,
		0,
		0.367996,
		-0.336326,
		0.86687,
		0,
		0.024436,
		0.935467,
		0.352567,
		0,
		-0.027105,
		0.59886,
		-0.224823,
		1,
	},
	[0.266666666667] = {
		-0.902915,
		-0.076048,
		0.423038,
		0,
		0.426721,
		-0.040646,
		0.90347,
		0,
		-0.051512,
		0.996275,
		0.069151,
		0,
		-0.073584,
		0.541768,
		-0.337883,
		1,
	},
	[0.283333333333] = {
		-0.899173,
		-0.053971,
		0.434253,
		0,
		0.423974,
		0.138207,
		0.895067,
		0,
		-0.108324,
		0.988932,
		-0.101389,
		0,
		-0.088871,
		0.515136,
		-0.384736,
		1,
	},
	[0.2] = {
		-0.971016,
		-0.234264,
		0.047411,
		0,
		0.228258,
		-0.967728,
		-0.106776,
		0,
		0.070895,
		-0.092859,
		0.993152,
		0,
		0.068427,
		0.525607,
		0.074376,
		1,
	},
	[0.316666666667] = {
		-0.913393,
		-0.05423,
		0.403452,
		0,
		0.359653,
		0.356763,
		0.862189,
		0,
		-0.190693,
		0.93262,
		-0.30636,
		0,
		-0.087498,
		0.479309,
		-0.410825,
		1,
	},
	[0.333333333333] = {
		-0.923233,
		-0.064474,
		0.378793,
		0,
		0.317006,
		0.429286,
		0.845707,
		0,
		-0.217137,
		0.900864,
		-0.375892,
		0,
		-0.083971,
		0.469907,
		-0.414621,
		1,
	},
	[0.35] = {
		-0.931053,
		-0.074711,
		0.357152,
		0,
		0.278062,
		0.488514,
		0.827064,
		0,
		-0.236264,
		0.869352,
		-0.434058,
		0,
		-0.081032,
		0.461184,
		-0.41893,
		1,
	},
	[0.366666666667] = {
		-0.935153,
		-0.081299,
		0.344789,
		0,
		0.250783,
		0.535487,
		0.80645,
		0,
		-0.250193,
		0.840622,
		-0.480373,
		0,
		-0.079967,
		0.45245,
		-0.424917,
		1,
	},
	[0.383333333333] = {
		-0.936399,
		-0.083867,
		0.340769,
		0,
		0.236382,
		0.566974,
		0.789091,
		0,
		-0.259386,
		0.819455,
		-0.511089,
		0,
		-0.08051,
		0.444355,
		-0.432082,
		1,
	},
	[0.3] = {
		-0.904158,
		-0.048379,
		0.424451,
		0,
		0.398123,
		0.264863,
		0.878263,
		0,
		-0.154911,
		0.963072,
		-0.220217,
		0,
		-0.089977,
		0.492245,
		-0.403874,
		1,
	},
	[0.416666666667] = {
		-0.93615,
		-0.088104,
		0.340384,
		0,
		0.229698,
		0.579705,
		0.781781,
		0,
		-0.266201,
		0.810049,
		-0.522453,
		0,
		-0.083375,
		0.436212,
		-0.441961,
		1,
	},
	[0.433333333333] = {
		-0.935101,
		-0.089742,
		0.342831,
		0,
		0.233946,
		0.570326,
		0.7874,
		0,
		-0.266188,
		0.816502,
		-0.512317,
		0,
		-0.08547,
		0.434921,
		-0.445202,
		1,
	},
	[0.45] = {
		-0.933718,
		-0.091129,
		0.346217,
		0,
		0.240738,
		0.555957,
		0.795586,
		0,
		-0.264982,
		0.826201,
		-0.497169,
		0,
		-0.086845,
		0.433365,
		-0.446726,
		1,
	},
	[0.466666666667] = {
		-0.932219,
		-0.092301,
		0.349926,
		0,
		0.248151,
		0.540779,
		0.803728,
		0,
		-0.263417,
		0.836085,
		-0.48122,
		0,
		-0.087931,
		0.431891,
		-0.447302,
		1,
	},
	[0.483333333333] = {
		-0.930838,
		-0.093257,
		0.353334,
		0,
		0.254255,
		0.529214,
		0.809498,
		0,
		-0.26248,
		0.843348,
		-0.468901,
		0,
		-0.089113,
		0.430738,
		-0.447661,
		1,
	},
	[0.4] = {
		-0.936656,
		-0.086156,
		0.339488,
		0,
		0.229895,
		0.580023,
		0.781487,
		0,
		-0.264241,
		0.810031,
		-0.523475,
		0,
		-0.081668,
		0.439161,
		-0.43766,
		1,
	},
	[0.516666666667] = {
		-0.929123,
		-0.094875,
		0.357392,
		0,
		0.257602,
		0.527313,
		0.80968,
		0,
		-0.265276,
		0.844358,
		-0.465499,
		0,
		-0.091778,
		0.4289,
		-0.448674,
		1,
	},
	[0.533333333333] = {
		-0.928553,
		-0.095415,
		0.358727,
		0,
		0.257839,
		0.529427,
		0.808224,
		0,
		-0.267037,
		0.842973,
		-0.466999,
		0,
		-0.092931,
		0.427798,
		-0.449488,
		1,
	},
	[0.55] = {
		-0.928154,
		-0.095693,
		0.359684,
		0,
		0.257773,
		0.531829,
		0.806667,
		0,
		-0.268483,
		0.841428,
		-0.468952,
		0,
		-0.093827,
		0.426525,
		-0.45051,
		1,
	},
	[0.566666666667] = {
		-0.927969,
		-0.095675,
		0.360166,
		0,
		0.257352,
		0.534476,
		0.80505,
		0,
		-0.269523,
		0.839751,
		-0.471355,
		0,
		-0.094401,
		0.425098,
		-0.451737,
		1,
	},
	[0.583333333333] = {
		-0.927911,
		-0.095361,
		0.3604,
		0,
		0.256789,
		0.537336,
		0.803324,
		0,
		-0.270262,
		0.837959,
		-0.474113,
		0,
		-0.094756,
		0.423536,
		-0.453128,
		1,
	},
	[0.5] = {
		-0.929822,
		-0.094108,
		0.355774,
		0,
		0.257118,
		0.525529,
		0.810993,
		0,
		-0.263291,
		0.845555,
		-0.464452,
		0,
		-0.090438,
		0.42981,
		-0.448074,
		1,
	},
	[0.616666666667] = {
		-0.927833,
		-0.093819,
		0.361003,
		0,
		0.256055,
		0.543558,
		0.799363,
		0,
		-0.271221,
		0.834112,
		-0.480308,
		0,
		-0.095219,
		0.420067,
		-0.45625,
		1,
	},
	[0.633333333333] = {
		-0.927821,
		-0.092538,
		0.361366,
		0,
		0.255937,
		0.546839,
		0.79716,
		0,
		-0.271377,
		0.832108,
		-0.483685,
		0,
		-0.095294,
		0.418198,
		-0.457948,
		1,
	},
	[0.65] = {
		-0.927821,
		-0.091004,
		0.361756,
		0,
		0.255937,
		0.550215,
		0.794833,
		0,
		-0.271376,
		0.830049,
		-0.487209,
		0,
		-0.095293,
		0.416252,
		-0.459717,
		1,
	},
	[0.666666666667] = {
		-0.927826,
		-0.089342,
		0.362157,
		0,
		0.255983,
		0.553687,
		0.792404,
		0,
		-0.271317,
		0.827918,
		-0.490855,
		0,
		-0.095265,
		0.414232,
		-0.461544,
		1,
	},
	[0.683333333333] = {
		-0.927835,
		-0.087572,
		0.362566,
		0,
		0.256068,
		0.55723,
		0.789889,
		0,
		-0.271204,
		0.825728,
		-0.494593,
		0,
		-0.095211,
		0.412154,
		-0.463412,
		1,
	},
	[0.6] = {
		-0.927864,
		-0.094751,
		0.36068,
		0,
		0.256348,
		0.540377,
		0.801423,
		0,
		-0.270839,
		0.836071,
		-0.477107,
		0,
		-0.095034,
		0.421852,
		-0.454638,
		1,
	},
	[0.716666666667] = {
		-0.927864,
		-0.083782,
		0.363386,
		0,
		0.256344,
		0.564419,
		0.784678,
		0,
		-0.270844,
		0.821226,
		-0.502227,
		0,
		-0.095037,
		0.407879,
		-0.467214,
		1,
	},
	[0.733333333333] = {
		-0.927883,
		-0.081801,
		0.363788,
		0,
		0.256525,
		0.568013,
		0.78202,
		0,
		-0.270607,
		0.818944,
		-0.506066,
		0,
		-0.094923,
		0.405714,
		-0.469119,
		1,
	},
	[0.75] = {
		-0.927904,
		-0.079789,
		0.36418,
		0,
		0.256729,
		0.571574,
		0.779355,
		0,
		-0.27034,
		0.816662,
		-0.509882,
		0,
		-0.094794,
		0.40355,
		-0.471008,
		1,
	},
	[0.766666666667] = {
		-0.927928,
		-0.077764,
		0.364559,
		0,
		0.256952,
		0.575075,
		0.776701,
		0,
		-0.270048,
		0.814396,
		-0.513646,
		0,
		-0.094654,
		0.401403,
		-0.472866,
		1,
	},
	[0.783333333333] = {
		-0.927952,
		-0.075747,
		0.36492,
		0,
		0.257189,
		0.578493,
		0.77408,
		0,
		-0.269738,
		0.812163,
		-0.517332,
		0,
		-0.094504,
		0.399291,
		-0.474681,
		1,
	},
	[0.7] = {
		-0.927848,
		-0.085712,
		0.362977,
		0,
		0.25619,
		0.560816,
		0.787307,
		0,
		-0.271045,
		0.823492,
		-0.498393,
		0,
		-0.095134,
		0.410031,
		-0.465307,
		1,
	},
	[0.816666666667] = {
		-0.928004,
		-0.071813,
		0.365585,
		0,
		0.257687,
		0.584979,
		0.769023,
		0,
		-0.269085,
		0.807863,
		-0.524357,
		0,
		-0.09419,
		0.395233,
		-0.478128,
		1,
	},
	[0.833333333333] = {
		-0.928029,
		-0.069935,
		0.365883,
		0,
		0.25794,
		0.588,
		0.766631,
		0,
		-0.268753,
		0.805832,
		-0.527643,
		0,
		-0.09403,
		0.39332,
		-0.479733,
		1,
	},
	[0.85] = {
		-0.928055,
		-0.068142,
		0.366157,
		0,
		0.258189,
		0.590842,
		0.764358,
		0,
		-0.268426,
		0.803904,
		-0.53074,
		0,
		-0.093872,
		0.391508,
		-0.481244,
		1,
	},
	[0.866666666667] = {
		-0.928079,
		-0.066455,
		0.366405,
		0,
		0.258431,
		0.593482,
		0.762228,
		0,
		-0.268109,
		0.802099,
		-0.533624,
		0,
		-0.093719,
		0.389814,
		-0.482647,
		1,
	},
	[0.883333333333] = {
		-0.928102,
		-0.064893,
		0.366627,
		0,
		0.258661,
		0.595897,
		0.760264,
		0,
		-0.267807,
		0.800435,
		-0.536268,
		0,
		-0.093574,
		0.388254,
		-0.483931,
		1,
	},
	[0.8] = {
		-0.927978,
		-0.073757,
		0.365263,
		0,
		0.257435,
		0.581802,
		0.771514,
		0,
		-0.269415,
		0.809979,
		-0.520912,
		0,
		-0.094349,
		0.397228,
		-0.476439,
		1,
	},
	[0.916666666667] = {
		-0.928143,
		-0.062222,
		0.366988,
		0,
		0.259067,
		0.59996,
		0.756923,
		0,
		-0.267275,
		0.797607,
		-0.540728,
		0,
		-0.093318,
		0.385608,
		-0.486091,
		1,
	},
	[0.933333333333] = {
		-0.928159,
		-0.061153,
		0.367126,
		0,
		0.259234,
		0.601563,
		0.755593,
		0,
		-0.267055,
		0.796482,
		-0.542493,
		0,
		-0.093212,
		0.384557,
		-0.486944,
		1,
	},
	[0.9] = {
		-0.928123,
		-0.063475,
		0.366821,
		0,
		0.258874,
		0.598064,
		0.758488,
		0,
		-0.267528,
		0.798931,
		-0.538645,
		0,
		-0.093439,
		0.386846,
		-0.485083,
		1,
	},
}

return spline_matrices
