-- chunkname: @content/characters/player/human/first_person/animations/assault_shield_maul/heavy_attack_right_down_offhand_sweep.lua

local spline_matrices = {
	[0.016666666666666666] = {
		-0.861671,
		-0.391844,
		0.322461,
		0,
		0.490019,
		-0.807661,
		0.327973,
		0,
		0.131925,
		0.440617,
		0.887949,
		0,
		-0.520199,
		0.065654,
		-0.251293,
		1,
	},
	[0.03333333333333333] = {
		-0.860888,
		-0.392242,
		0.324065,
		0,
		0.491504,
		-0.805758,
		0.330421,
		0,
		0.131513,
		0.443735,
		0.886456,
		0,
		-0.520709,
		0.064899,
		-0.250612,
		1,
	},
	[0.05] = {
		-0.859903,
		-0.392707,
		0.32611,
		0,
		0.493288,
		-0.803591,
		0.333028,
		0,
		0.131276,
		0.447238,
		0.884729,
		0,
		-0.521382,
		0.064146,
		-0.249629,
		1,
	},
	[0.06666666666666667] = {
		-0.858983,
		-0.392529,
		0.328739,
		0,
		0.494809,
		-0.801424,
		0.335983,
		0,
		0.131576,
		0.451267,
		0.882636,
		0,
		-0.522077,
		0.063373,
		-0.248578,
		1,
	},
	[0.08333333333333333] = {
		-0.858393,
		-0.390998,
		0.332087,
		0,
		0.495512,
		-0.799514,
		0.339478,
		0,
		0.132773,
		0.455959,
		0.880041,
		0,
		-0.522653,
		0.062549,
		-0.247694,
		1,
	},
	[0] = {
		-0.861991,
		-0.392225,
		0.321141,
		0,
		0.489398,
		-0.809035,
		0.325504,
		0,
		0.132144,
		0.437748,
		0.889334,
		0,
		-0.519997,
		0.066429,
		-0.251433,
		1,
	},
	[0.11666666666666667] = {
		-0.859225,
		-0.381038,
		0.341384,
		0,
		0.492272,
		-0.79745,
		0.348916,
		0,
		0.139286,
		0.467851,
		0.872763,
		0,
		-0.522909,
		0.060583,
		-0.247359,
		1,
	},
	[0.13333333333333333] = {
		-0.861385,
		-0.369784,
		0.348248,
		0,
		0.486265,
		-0.7985,
		0.354887,
		0,
		0.146844,
		0.475035,
		0.867628,
		0,
		-0.522438,
		0.060166,
		-0.247925,
		1,
	},
	[0.15] = {
		-0.862795,
		-0.353483,
		0.361434,
		0,
		0.478873,
		-0.800614,
		0.360136,
		0,
		0.162067,
		0.483805,
		0.860039,
		0,
		-0.521703,
		0.064878,
		-0.249548,
		1,
	},
	[0.16666666666666666] = {
		-0.863359,
		-0.333427,
		0.378732,
		0,
		0.470437,
		-0.803325,
		0.365182,
		0,
		0.182483,
		0.493453,
		0.850414,
		0,
		-0.520092,
		0.076165,
		-0.254753,
		1,
	},
	[0.18333333333333332] = {
		-0.869948,
		-0.303329,
		0.388822,
		0,
		0.450269,
		-0.810129,
		0.37543,
		0,
		0.201117,
		0.501679,
		0.84135,
		0,
		-0.516686,
		0.090343,
		-0.265732,
		1,
	},
	[0.1] = {
		-0.858393,
		-0.387407,
		0.336269,
		0,
		0.494849,
		-0.798111,
		0.343718,
		0,
		0.135221,
		0.461448,
		0.876801,
		0,
		-0.522975,
		0.061635,
		-0.24721,
		1,
	},
	[0.21666666666666667] = {
		-0.911955,
		-0.209185,
		0.352959,
		0,
		0.347009,
		-0.852244,
		0.391491,
		0,
		0.218914,
		0.479502,
		0.849797,
		0,
		-0.496333,
		0.132288,
		-0.307571,
		1,
	},
	[0.23333333333333334] = {
		-0.936282,
		-0.147239,
		0.318898,
		0,
		0.270777,
		-0.880854,
		0.388298,
		0,
		0.22373,
		0.449907,
		0.864597,
		0,
		-0.471711,
		0.166305,
		-0.335099,
		1,
	},
	[0.25] = {
		-0.954868,
		-0.067372,
		0.289288,
		0,
		0.188793,
		-0.889554,
		0.415994,
		0,
		0.229311,
		0.451835,
		0.862126,
		0,
		-0.439379,
		0.191915,
		-0.371269,
		1,
	},
	[0.26666666666666666] = {
		-0.965641,
		0.00457,
		0.259838,
		0,
		0.113638,
		-0.891764,
		0.438,
		0,
		0.233716,
		0.452478,
		0.860604,
		0,
		-0.403627,
		0.216583,
		-0.40768,
		1,
	},
	[0.2833333333333333] = {
		-0.970657,
		0.060227,
		0.232802,
		0,
		0.050674,
		-0.895155,
		0.442865,
		0,
		0.235066,
		0.441667,
		0.865837,
		0,
		-0.369168,
		0.242536,
		-0.438444,
		1,
	},
	[0.2] = {
		-0.887252,
		-0.25807,
		0.382339,
		0,
		0.409162,
		-0.823025,
		0.393974,
		0,
		0.213002,
		0.505994,
		0.835823,
		0,
		-0.510518,
		0.105143,
		-0.284359,
		1,
	},
	[0.31666666666666665] = {
		-0.97143,
		0.137204,
		0.193648,
		0,
		-0.04164,
		-0.90183,
		0.43008,
		0,
		0.233647,
		0.409729,
		0.881777,
		0,
		-0.316272,
		0.285565,
		-0.478443,
		1,
	},
	[0.3333333333333333] = {
		-0.969998,
		0.161769,
		0.18148,
		0,
		-0.070775,
		-0.902049,
		0.425792,
		0,
		0.232584,
		0.400173,
		0.886435,
		0,
		-0.304001,
		0.293121,
		-0.486983,
		1,
	},
	[0.35] = {
		-0.967976,
		0.18406,
		0.170719,
		0,
		-0.095999,
		-0.899739,
		0.425739,
		0,
		0.231964,
		0.395716,
		0.888595,
		0,
		-0.298443,
		0.293539,
		-0.491216,
		1,
	},
	[0.36666666666666664] = {
		-0.96512,
		0.207044,
		0.160238,
		0,
		-0.121704,
		-0.896693,
		0.425595,
		0,
		0.231801,
		0.391248,
		0.890614,
		0,
		-0.293675,
		0.294461,
		-0.494474,
		1,
	},
	[0.38333333333333336] = {
		-0.962211,
		0.226011,
		0.151887,
		0,
		-0.142914,
		-0.893927,
		0.424817,
		0,
		0.23179,
		0.387057,
		0.892446,
		0,
		-0.289686,
		0.295642,
		-0.496909,
		1,
	},
	[0.3] = {
		-0.97205,
		0.103854,
		0.210556,
		0,
		-0.001172,
		-0.898975,
		0.437998,
		0,
		0.234773,
		0.425509,
		0.87397,
		0,
		-0.33899,
		0.266987,
		-0.462256,
		1,
	},
	[0.4166666666666667] = {
		-0.957727,
		0.251129,
		0.140333,
		0,
		-0.171457,
		-0.889989,
		0.422518,
		0,
		0.231001,
		0.380596,
		0.895424,
		0,
		-0.284605,
		0.297386,
		-0.499828,
		1,
	},
	[0.43333333333333335] = {
		-0.956306,
		0.25854,
		0.136516,
		0,
		-0.180131,
		-0.888799,
		0.421414,
		0,
		0.230287,
		0.37841,
		0.896534,
		0,
		-0.28327,
		0.297789,
		-0.500556,
		1,
	},
	[0.45] = {
		-0.955417,
		0.263331,
		0.133546,
		0,
		-0.185968,
		-0.888006,
		0.420549,
		0,
		0.229333,
		0.376964,
		0.897387,
		0,
		-0.282543,
		0.297775,
		-0.500971,
		1,
	},
	[0.4666666666666667] = {
		-0.95499,
		0.266097,
		0.131096,
		0,
		-0.189619,
		-0.887468,
		0.420054,
		0,
		0.228119,
		0.376289,
		0.89798,
		0,
		-0.282281,
		0.297265,
		-0.501202,
		1,
	},
	[0.48333333333333334] = {
		-0.954925,
		0.267426,
		0.128847,
		0,
		-0.19173,
		-0.887014,
		0.420054,
		0,
		0.226622,
		0.376416,
		0.898306,
		0,
		-0.28234,
		0.296181,
		-0.501375,
		1,
	},
	[0.4] = {
		-0.959708,
		0.240494,
		0.145339,
		0,
		-0.15928,
		-0.891682,
		0.423713,
		0,
		0.231496,
		0.383491,
		0.894061,
		0,
		-0.286694,
		0.296644,
		-0.498658,
		1,
	},
	[0.5166666666666667] = {
		-0.955411,
		0.267932,
		0.124106,
		0,
		-0.193886,
		-0.88624,
		0.420698,
		0,
		0.222706,
		0.377877,
		0.898672,
		0,
		-0.28286,
		0.292721,
		-0.501611,
		1,
	},
	[0.5333333333333333] = {
		-0.95571,
		0.268219,
		0.121145,
		0,
		-0.19521,
		-0.885761,
		0.421095,
		0,
		0.220252,
		0.378796,
		0.89889,
		0,
		-0.283042,
		0.290461,
		-0.501762,
		1,
	},
	[0.55] = {
		-0.955872,
		0.269296,
		0.11742,
		0,
		-0.197551,
		-0.88502,
		0.42156,
		0,
		0.217443,
		0.379761,
		0.899166,
		0,
		-0.282986,
		0.287822,
		-0.502057,
		1,
	},
	[0.5666666666666667] = {
		-0.956301,
		0.269251,
		0.113984,
		0,
		-0.198766,
		-0.884576,
		0.421921,
		0,
		0.21443,
		0.380828,
		0.899439,
		0,
		-0.283706,
		0.28478,
		-0.502348,
		1,
	},
	[0.5833333333333334] = {
		-0.957407,
		0.266117,
		0.112042,
		0,
		-0.196596,
		-0.884992,
		0.422065,
		0,
		0.211475,
		0.382061,
		0.899615,
		0,
		-0.286208,
		0.281354,
		-0.502377,
		1,
	},
	[0.5] = {
		-0.955107,
		0.267859,
		0.126581,
		0,
		-0.192939,
		-0.886609,
		0.420356,
		0,
		0.224824,
		0.377062,
		0.898487,
		0,
		-0.28258,
		0.29462,
		-0.501512,
		1,
	},
	[0.6166666666666667] = {
		-0.961105,
		0.252595,
		0.111679,
		0,
		-0.184295,
		-0.88774,
		0.421845,
		0,
		0.205698,
		0.384856,
		0.899763,
		0,
		-0.29555,
		0.2735,
		-0.501548,
		1,
	},
	[0.6333333333333333] = {
		-0.963443,
		0.243236,
		0.112314,
		0,
		-0.17549,
		-0.88971,
		0.421449,
		0,
		0.202438,
		0.386332,
		0.89987,
		0,
		-0.301639,
		0.269146,
		-0.500777,
		1,
	},
	[0.65] = {
		-0.965947,
		0.23283,
		0.112857,
		0,
		-0.1658,
		-0.891851,
		0.420846,
		0,
		0.198637,
		0.387804,
		0.900084,
		0,
		-0.308169,
		0.264554,
		-0.499828,
		1,
	},
	[0.6666666666666666] = {
		-0.968522,
		0.221891,
		0.112827,
		0,
		-0.15589,
		-0.894017,
		0.420038,
		0,
		0.194072,
		0.389228,
		0.900465,
		0,
		-0.314761,
		0.259754,
		-0.498747,
		1,
	},
	[0.6833333333333333] = {
		-0.971093,
		0.210935,
		0.111739,
		0,
		-0.146426,
		-0.896086,
		0.419034,
		0,
		0.188516,
		0.390559,
		0.901069,
		0,
		-0.321034,
		0.254778,
		-0.497584,
		1,
	},
	[0.6] = {
		-0.959051,
		0.260393,
		0.111431,
		0,
		-0.191551,
		-0.886107,
		0.422045,
		0,
		0.208637,
		0.383418,
		0.8997,
		0,
		-0.290281,
		0.277581,
		-0.502096,
		1,
	},
	[0.7166666666666667] = {
		-0.975922,
		0.191487,
		0.104448,
		0,
		-0.13192,
		-0.899516,
		0.416496,
		0,
		0.173707,
		0.392689,
		0.903118,
		0,
		-0.33099,
		0.24458,
		-0.495204,
		1,
	},
	[0.7333333333333333] = {
		-0.978063,
		0.184209,
		0.097259,
		0,
		-0.128378,
		-0.90073,
		0.414976,
		0,
		0.164047,
		0.393387,
		0.904619,
		0,
		-0.33387,
		0.239489,
		-0.494087,
		1,
	},
	[0.75] = {
		-0.979936,
		0.179305,
		0.087038,
		0,
		-0.128254,
		-0.901535,
		0.413261,
		0,
		0.152567,
		0.393807,
		0.906443,
		0,
		-0.334829,
		0.234472,
		-0.493086,
		1,
	},
	[0.7666666666666667] = {
		-0.981536,
		0.176659,
		0.073337,
		0,
		-0.13164,
		-0.902051,
		0.411066,
		0,
		0.138772,
		0.393822,
		0.908651,
		0,
		-0.334362,
		0.229249,
		-0.492039,
		1,
	},
	[0.7833333333333333] = {
		-0.982846,
		0.175587,
		0.056425,
		0,
		-0.137796,
		-0.902464,
		0.408131,
		0,
		0.122584,
		0.393355,
		0.911178,
		0,
		-0.333311,
		0.223637,
		-0.490777,
		1,
	},
	[0.7] = {
		-0.973582,
		0.200583,
		0.109108,
		0,
		-0.138172,
		-0.897948,
		0.417849,
		0,
		0.181787,
		0.391734,
		0.901941,
		0,
		-0.326581,
		0.249693,
		-0.496387,
		1,
	},
	[0.8166666666666667] = {
		-0.98409,
		0.177013,
		0.015255,
		0,
		-0.156244,
		-0.903099,
		0.4,
		0,
		0.084582,
		0.391253,
		0.916388,
		0,
		-0.330007,
		0.212029,
		-0.487782,
		1,
	},
	[0.8333333333333334] = {
		-0.983827,
		0.178949,
		-0.007836,
		0,
		-0.167459,
		-0.903369,
		0.394819,
		0,
		0.063574,
		0.389746,
		0.918726,
		0,
		-0.328031,
		0.206426,
		-0.486148,
		1,
	},
	[0.85] = {
		-0.982907,
		0.181334,
		-0.031807,
		0,
		-0.179297,
		-0.903643,
		0.38895,
		0,
		0.041788,
		0.388005,
		0.920709,
		0,
		-0.326019,
		0.201215,
		-0.484499,
		1,
	},
	[0.8666666666666667] = {
		-0.981346,
		0.183895,
		-0.056065,
		0,
		-0.191244,
		-0.903954,
		0.382482,
		0,
		0.019657,
		0.386069,
		0.92226,
		0,
		-0.324105,
		0.196592,
		-0.482897,
		1,
	},
	[0.8833333333333333] = {
		-0.979216,
		0.186368,
		-0.080023,
		0,
		-0.202807,
		-0.904344,
		0.37554,
		0,
		-0.00238,
		0.383964,
		0.923345,
		0,
		-0.322422,
		0.192749,
		-0.48141,
		1,
	},
	[0.8] = {
		-0.983735,
		0.175799,
		0.036871,
		0,
		-0.146178,
		-0.902805,
		0.404444,
		0,
		0.104388,
		0.392476,
		0.913819,
		0,
		-0.331813,
		0.217831,
		-0.489342,
		1,
	},
	[0.9166666666666666] = {
		-0.973828,
		0.18999,
		-0.124749,
		0,
		-0.222907,
		-0.905566,
		0.360919,
		0,
		-0.044398,
		0.37928,
		0.924216,
		0,
		-0.320257,
		0.188181,
		-0.479071,
		1,
	},
	[0.9] = {
		-0.976649,
		0.188486,
		-0.103105,
		0,
		-0.213512,
		-0.904863,
		0.368287,
		0,
		-0.023879,
		0.381701,
		0.923977,
		0,
		-0.321097,
		0.189881,
		-0.480109,
		1,
	},
}

return spline_matrices
