-- chunkname: @content/characters/player/human/first_person/animations/assault_shield_maul/heavy_attack_right_down.lua

local spline_matrices = {
	[0.016666666666666666] = {
		-0.905588,
		0.216873,
		-0.364523,
		0,
		0.381137,
		0.038935,
		-0.923698,
		0,
		-0.186132,
		-0.975423,
		-0.117918,
		0,
		-0.177079,
		0.026067,
		0.274893,
		1,
	},
	[0.03333333333333333] = {
		-0.900935,
		0.210385,
		-0.379545,
		0,
		0.404998,
		0.093498,
		-0.909525,
		0,
		-0.155863,
		-0.973137,
		-0.169441,
		0,
		-0.176014,
		0.030497,
		0.271413,
		1,
	},
	[0.05] = {
		-0.897133,
		0.195202,
		-0.396293,
		0,
		0.42429,
		0.130956,
		-0.896007,
		0,
		-0.123005,
		-0.971981,
		-0.200307,
		0,
		-0.173815,
		0.040267,
		0.267124,
		1,
	},
	[0.06666666666666667] = {
		-0.892693,
		0.176152,
		-0.414812,
		0,
		0.441594,
		0.158158,
		-0.883165,
		0,
		-0.089965,
		-0.971574,
		-0.218975,
		0,
		-0.171098,
		0.051944,
		0.261768,
		1,
	},
	[0.08333333333333333] = {
		-0.887011,
		0.154414,
		-0.435163,
		0,
		0.457404,
		0.164885,
		-0.873839,
		0,
		-0.063181,
		-0.974151,
		-0.216884,
		0,
		-0.168749,
		0.067882,
		0.257591,
		1,
	},
	[0] = {
		-0.91215,
		0.216424,
		-0.348057,
		0,
		0.35373,
		-0.013244,
		-0.935254,
		0,
		-0.207022,
		-0.97621,
		-0.064475,
		0,
		-0.176503,
		0.026473,
		0.277867,
		1,
	},
	[0.11666666666666667] = {
		-0.879,
		0.095343,
		-0.467192,
		0,
		0.46449,
		-0.050167,
		-0.884156,
		0,
		-0.107736,
		-0.99418,
		-0.000188,
		0,
		-0.170154,
		0.1419,
		0.266671,
		1,
	},
	[0.13333333333333333] = {
		-0.877746,
		0.074424,
		-0.473311,
		0,
		0.438307,
		-0.274267,
		-0.855958,
		0,
		-0.193518,
		-0.958769,
		0.208117,
		0,
		-0.173993,
		0.196904,
		0.279635,
		1,
	},
	[0.15] = {
		-0.876077,
		0.052449,
		-0.47931,
		0,
		0.387256,
		-0.515702,
		-0.764254,
		0,
		-0.287265,
		-0.855161,
		0.431483,
		0,
		-0.176599,
		0.260245,
		0.289087,
		1,
	},
	[0.16666666666666666] = {
		-0.877217,
		0.009324,
		-0.480004,
		0,
		0.32671,
		-0.721005,
		-0.611075,
		0,
		-0.351783,
		-0.692867,
		0.629431,
		0,
		-0.176097,
		0.329288,
		0.288039,
		1,
	},
	[0.18333333333333332] = {
		-0.89365,
		-0.091671,
		-0.439303,
		0,
		0.288577,
		-0.867066,
		-0.406104,
		0,
		-0.343676,
		-0.489687,
		0.801307,
		0,
		-0.160397,
		0.417433,
		0.258636,
		1,
	},
	[0.1] = {
		-0.88187,
		0.124795,
		-0.454678,
		0,
		0.467473,
		0.105769,
		-0.877657,
		0,
		-0.061436,
		-0.986529,
		-0.151613,
		0,
		-0.167897,
		0.097262,
		0.258019,
		1,
	},
	[0.21666666666666667] = {
		-0.918482,
		-0.136436,
		-0.371183,
		0,
		0.027293,
		-0.958233,
		0.284683,
		0,
		-0.394521,
		0.251346,
		0.883843,
		0,
		-0.074614,
		0.657515,
		0.127418,
		1,
	},
	[0.23333333333333334] = {
		-0.94315,
		-0.023556,
		-0.331532,
		0,
		-0.203861,
		-0.746819,
		0.633011,
		0,
		-0.262505,
		0.66461,
		0.69956,
		0,
		-0.010375,
		0.769498,
		0.006058,
		1,
	},
	[0.25] = {
		-0.962573,
		-0.014333,
		-0.270644,
		0,
		-0.232804,
		-0.467559,
		0.852755,
		0,
		-0.138764,
		0.883846,
		0.446723,
		0,
		0.075518,
		0.766813,
		-0.212252,
		1,
	},
	[0.26666666666666666] = {
		-0.948839,
		-0.011384,
		-0.315556,
		0,
		-0.312341,
		-0.112849,
		0.943243,
		0,
		-0.046348,
		0.993547,
		0.103519,
		0,
		0.166842,
		0.665926,
		-0.450366,
		1,
	},
	[0.2833333333333333] = {
		-0.86715,
		-0.057095,
		-0.494764,
		0,
		-0.491894,
		0.253853,
		0.832826,
		0,
		0.078047,
		0.965556,
		-0.248214,
		0,
		0.226652,
		0.483744,
		-0.647182,
		1,
	},
	[0.2] = {
		-0.911437,
		-0.172468,
		-0.373546,
		0,
		0.229875,
		-0.966441,
		-0.114675,
		0,
		-0.341233,
		-0.190388,
		0.920496,
		0,
		-0.130228,
		0.526415,
		0.201642,
		1,
	},
	[0.31666666666666665] = {
		-0.892951,
		-0.074151,
		-0.444005,
		0,
		-0.447522,
		0.252749,
		0.857813,
		0,
		0.048614,
		0.964686,
		-0.258876,
		0,
		0.341871,
		0.190844,
		-0.724754,
		1,
	},
	[0.3333333333333333] = {
		-0.924466,
		-0.065904,
		-0.375525,
		0,
		-0.380823,
		0.207029,
		0.901173,
		0,
		0.018353,
		0.976113,
		-0.216489,
		0,
		0.382063,
		0.094081,
		-0.736423,
		1,
	},
	[0.35] = {
		-0.947255,
		-0.048084,
		-0.316854,
		0,
		-0.319484,
		0.219626,
		0.921789,
		0,
		0.025266,
		0.974398,
		-0.223404,
		0,
		0.40822,
		0.03759,
		-0.728484,
		1,
	},
	[0.36666666666666664] = {
		-0.968236,
		-0.016716,
		-0.249477,
		0,
		-0.24614,
		0.239183,
		0.939259,
		0,
		0.04397,
		0.970831,
		-0.2357,
		0,
		0.4286,
		-0.002004,
		-0.702255,
		1,
	},
	[0.38333333333333336] = {
		-0.983956,
		0.023555,
		-0.17685,
		0,
		-0.16474,
		0.260593,
		0.95129,
		0,
		0.068494,
		0.965161,
		-0.252532,
		0,
		0.442226,
		-0.027467,
		-0.669386,
		1,
	},
	[0.3] = {
		-0.861475,
		-0.077812,
		-0.501803,
		0,
		-0.499057,
		0.312313,
		0.808333,
		0,
		0.093822,
		0.946787,
		-0.307883,
		0,
		0.28625,
		0.330117,
		-0.696896,
		1,
	},
	[0.4166666666666667] = {
		-0.99375,
		0.107429,
		-0.030325,
		0,
		0.00264,
		0.294201,
		0.95574,
		0,
		0.111596,
		0.949687,
		-0.292646,
		0,
		0.446384,
		-0.045077,
		-0.630934,
		1,
	},
	[0.43333333333333335] = {
		-0.993724,
		0.108267,
		-0.028125,
		0,
		0.004753,
		0.292069,
		0.956385,
		0,
		0.111759,
		0.950249,
		-0.290751,
		0,
		0.445104,
		-0.044018,
		-0.631912,
		1,
	},
	[0.45] = {
		-0.99368,
		0.109237,
		-0.025824,
		0,
		0.007093,
		0.290709,
		0.956785,
		0,
		0.112023,
		0.950555,
		-0.289647,
		0,
		0.443697,
		-0.043539,
		-0.632934,
		1,
	},
	[0.4666666666666667] = {
		-0.993618,
		0.110317,
		-0.023541,
		0,
		0.009549,
		0.290206,
		0.956917,
		0,
		0.112396,
		0.950584,
		-0.289407,
		0,
		0.442231,
		-0.043688,
		-0.633949,
		1,
	},
	[0.48333333333333334] = {
		-0.993535,
		0.111489,
		-0.021396,
		0,
		0.012011,
		0.290646,
		0.956755,
		0,
		0.112886,
		0.950313,
		-0.290106,
		0,
		0.440775,
		-0.044513,
		-0.634905,
		1,
	},
	[0.4] = {
		-0.992477,
		0.066708,
		-0.10266,
		0,
		-0.080158,
		0.279754,
		0.95672,
		0,
		0.09254,
		0.957751,
		-0.272302,
		0,
		0.448385,
		-0.040986,
		-0.641641,
		1,
	},
	[0.5166666666666667] = {
		-0.993315,
		0.114052,
		-0.017837,
		0,
		0.016509,
		0.293273,
		0.955886,
		0,
		0.114252,
		0.949201,
		-0.293195,
		0,
		0.438175,
		-0.047443,
		-0.63649,
		1,
	},
	[0.5333333333333333] = {
		-0.99318,
		0.115405,
		-0.0166,
		0,
		0.018324,
		0.295107,
		0.955289,
		0,
		0.115144,
		0.948469,
		-0.295209,
		0,
		0.437172,
		-0.049292,
		-0.637039,
		1,
	},
	[0.55] = {
		-0.993032,
		0.116774,
		-0.015866,
		0,
		0.019702,
		0.29725,
		0.954596,
		0,
		0.116189,
		0.947632,
		-0.297479,
		0,
		0.43646,
		-0.051359,
		-0.637364,
		1,
	},
	[0.5666666666666667] = {
		-0.992873,
		0.118131,
		-0.015741,
		0,
		0.020534,
		0.299676,
		0.95382,
		0,
		0.117393,
		0.946699,
		-0.299966,
		0,
		0.436112,
		-0.053612,
		-0.637417,
		1,
	},
	[0.5833333333333334] = {
		-0.992715,
		0.119422,
		-0.015977,
		0,
		0.021036,
		0.302356,
		0.952963,
		0,
		0.118635,
		0.945684,
		-0.302666,
		0,
		0.435973,
		-0.056009,
		-0.637306,
		1,
	},
	[0.5] = {
		-0.993434,
		0.112738,
		-0.019471,
		0,
		0.014367,
		0.291777,
		0.956379,
		0,
		0.113502,
		0.949819,
		-0.291481,
		0,
		0.4394,
		-0.04584,
		-0.635763,
		1,
	},
	[0.6166666666666667] = {
		-0.992441,
		0.121594,
		-0.016582,
		0,
		0.021892,
		0.308376,
		0.951013,
		0,
		0.120751,
		0.943461,
		-0.308707,
		0,
		0.435734,
		-0.061071,
		-0.637004,
		1,
	},
	[0.6333333333333333] = {
		-0.992335,
		0.122411,
		-0.016948,
		0,
		0.022221,
		0.311661,
		0.949933,
		0,
		0.121564,
		0.942275,
		-0.311992,
		0,
		0.435642,
		-0.063669,
		-0.636813,
		1,
	},
	[0.65] = {
		-0.992255,
		0.123003,
		-0.017353,
		0,
		0.022468,
		0.315093,
		0.948795,
		0,
		0.122172,
		0.941056,
		-0.315416,
		0,
		0.435573,
		-0.066268,
		-0.636595,
		1,
	},
	[0.6666666666666666] = {
		-0.992205,
		0.123339,
		-0.017791,
		0,
		0.022619,
		0.318646,
		0.947604,
		0,
		0.122546,
		0.939815,
		-0.318952,
		0,
		0.43553,
		-0.068835,
		-0.636352,
		1,
	},
	[0.6833333333333333] = {
		-0.992191,
		0.123386,
		-0.01826,
		0,
		0.022662,
		0.322292,
		0.946369,
		0,
		0.122653,
		0.938565,
		-0.322572,
		0,
		0.435518,
		-0.071338,
		-0.636084,
		1,
	},
	[0.6] = {
		-0.99257,
		0.120587,
		-0.016258,
		0,
		0.021493,
		0.305266,
		0.952025,
		0,
		0.119765,
		0.944601,
		-0.305589,
		0,
		0.435846,
		-0.058507,
		-0.637168,
		1,
	},
	[0.7166666666666667] = {
		-0.992227,
		0.122942,
		-0.019246,
		0,
		0.022551,
		0.329748,
		0.9438,
		0,
		0.122379,
		0.93603,
		-0.329958,
		0,
		0.435549,
		-0.076219,
		-0.635496,
		1,
	},
	[0.7333333333333333] = {
		-0.992263,
		0.122572,
		-0.019746,
		0,
		0.022441,
		0.3335,
		0.942483,
		0,
		0.122107,
		0.934748,
		-0.333671,
		0,
		0.43558,
		-0.078614,
		-0.635183,
		1,
	},
	[0.75] = {
		-0.992309,
		0.12212,
		-0.020244,
		0,
		0.022301,
		0.337232,
		0.941157,
		0,
		0.121761,
		0.933467,
		-0.337362,
		0,
		0.43562,
		-0.080961,
		-0.634861,
		1,
	},
	[0.7666666666666667] = {
		-0.992363,
		0.1216,
		-0.020736,
		0,
		0.022136,
		0.340916,
		0.939833,
		0,
		0.121353,
		0.932196,
		-0.341004,
		0,
		0.435666,
		-0.083247,
		-0.634534,
		1,
	},
	[0.7833333333333333] = {
		-0.992423,
		0.121024,
		-0.021217,
		0,
		0.02195,
		0.344525,
		0.938521,
		0,
		0.120893,
		0.930944,
		-0.344571,
		0,
		0.435718,
		-0.08546,
		-0.634204,
		1,
	},
	[0.7] = {
		-0.992203,
		0.123218,
		-0.018749,
		0,
		0.022626,
		0.326003,
		0.945098,
		0,
		0.122565,
		0.937304,
		-0.326249,
		0,
		0.435528,
		-0.07379,
		-0.635798,
		1,
	},
	[0.8166666666666667] = {
		-0.992556,
		0.119761,
		-0.022127,
		0,
		0.021535,
		0.35141,
		0.935974,
		0,
		0.119868,
		0.92853,
		-0.351373,
		0,
		0.435834,
		-0.089615,
		-0.63355,
		1,
	},
	[0.8333333333333334] = {
		-0.992626,
		0.1191,
		-0.022549,
		0,
		0.021316,
		0.354632,
		0.934763,
		0,
		0.119327,
		0.927389,
		-0.354556,
		0,
		0.435895,
		-0.091532,
		-0.633234,
		1,
	},
	[0.85] = {
		-0.992696,
		0.118437,
		-0.022944,
		0,
		0.021095,
		0.357673,
		0.933609,
		0,
		0.118781,
		0.926306,
		-0.357559,
		0,
		0.435957,
		-0.093325,
		-0.63293,
		1,
	},
	[0.8666666666666667] = {
		-0.992765,
		0.117787,
		-0.023309,
		0,
		0.020877,
		0.360505,
		0.932524,
		0,
		0.118243,
		0.92529,
		-0.360356,
		0,
		0.436017,
		-0.094983,
		-0.632642,
		1,
	},
	[0.8833333333333333] = {
		-0.992831,
		0.117163,
		-0.023642,
		0,
		0.020667,
		0.363103,
		0.93152,
		0,
		0.117724,
		0.924354,
		-0.362921,
		0,
		0.436075,
		-0.096492,
		-0.632373,
		1,
	},
	[0.8] = {
		-0.992488,
		0.120407,
		-0.021682,
		0,
		0.021748,
		0.348032,
		0.93723,
		0,
		0.120395,
		0.929718,
		-0.348036,
		0,
		0.435775,
		-0.087586,
		-0.633875,
		1,
	},
	[0.9166666666666666] = {
		-0.992949,
		0.116045,
		-0.024196,
		0,
		0.02029,
		0.367488,
		0.929807,
		0,
		0.116791,
		0.92276,
		-0.367251,
		0,
		0.436179,
		-0.099015,
		-0.631912,
		1,
	},
	[0.9] = {
		-0.992893,
		0.116577,
		-0.023938,
		0,
		0.02047,
		0.365439,
		0.93061,
		0,
		0.117236,
		0.923506,
		-0.365228,
		0,
		0.436129,
		-0.09784,
		-0.632129,
		1,
	},
}

return spline_matrices
