-- chunkname: @content/characters/player/human/first_person/animations/assault_shield_maul/heavy_attack_shield_left.lua

local spline_matrices = {
	[0.016666666666666666] = {
		-0.040768,
		0.838729,
		0.543021,
		0,
		0.263873,
		-0.515141,
		0.815476,
		0,
		0.963696,
		0.176534,
		-0.200316,
		0,
		0.227135,
		0.554095,
		-0.28165,
		1,
	},
	[0.03333333333333333] = {
		-0.044413,
		0.821644,
		0.568269,
		0,
		0.244363,
		-0.542616,
		0.803651,
		0,
		0.968666,
		0.174556,
		-0.17668,
		0,
		0.238309,
		0.559983,
		-0.29097,
		1,
	},
	[0.05] = {
		-0.048578,
		0.799588,
		0.598581,
		0,
		0.234896,
		-0.573335,
		0.784927,
		0,
		0.970806,
		0.178734,
		-0.159968,
		0,
		0.243645,
		0.561595,
		-0.297774,
		1,
	},
	[0.06666666666666667] = {
		-0.050141,
		0.777123,
		0.627348,
		0,
		0.230675,
		-0.602143,
		0.764338,
		0,
		0.971738,
		0.183038,
		-0.149071,
		0,
		0.245111,
		0.561069,
		-0.302849,
		1,
	},
	[0.08333333333333333] = {
		-0.046864,
		0.759782,
		0.648487,
		0,
		0.225304,
		-0.624431,
		0.747879,
		0,
		0.973161,
		0.181155,
		-0.141919,
		0,
		0.245123,
		0.560727,
		-0.306489,
		1,
	},
	[0] = {
		-0.041874,
		0.847127,
		0.529738,
		0,
		0.296373,
		-0.495808,
		0.816295,
		0,
		0.954154,
		0.191182,
		-0.230304,
		0,
		0.208724,
		0.541679,
		-0.268729,
		1,
	},
	[0.11666666666666667] = {
		-0.011321,
		0.759307,
		0.650634,
		0,
		0.20722,
		-0.634769,
		0.744398,
		0,
		0.978229,
		0.143251,
		-0.150157,
		0,
		0.241871,
		0.570778,
		-0.290245,
		1,
	},
	[0.13333333333333333] = {
		0.016413,
		0.766962,
		0.641482,
		0,
		0.21433,
		-0.629354,
		0.746978,
		0,
		0.976623,
		0.125229,
		-0.174713,
		0,
		0.233894,
		0.57416,
		-0.270806,
		1,
	},
	[0.15] = {
		0.028494,
		0.771699,
		0.635349,
		0,
		0.223287,
		-0.624461,
		0.74846,
		0,
		0.974336,
		0.120539,
		-0.190104,
		0,
		0.2216,
		0.568725,
		-0.258218,
		1,
	},
	[0.16666666666666666] = {
		0.035732,
		0.775534,
		0.630293,
		0,
		0.225181,
		-0.620725,
		0.750995,
		0,
		0.973662,
		0.115095,
		-0.196815,
		0,
		0.205929,
		0.560298,
		-0.249433,
		1,
	},
	[0.18333333333333332] = {
		0.040356,
		0.777466,
		0.627629,
		0,
		0.222725,
		-0.619336,
		0.752872,
		0,
		0.974046,
		0.109406,
		-0.198154,
		0,
		0.185267,
		0.554307,
		-0.239337,
		1,
	},
	[0.1] = {
		-0.03775,
		0.753464,
		0.656405,
		0,
		0.214274,
		-0.635491,
		0.74178,
		0,
		0.976044,
		0.168652,
		-0.137458,
		0,
		0.244718,
		0.563531,
		-0.305008,
		1,
	},
	[0.21666666666666667] = {
		-0.099214,
		0.771132,
		0.628897,
		0,
		0.27986,
		-0.58488,
		0.76131,
		0,
		0.954901,
		0.251536,
		-0.15778,
		0,
		0.123488,
		0.506348,
		-0.214683,
		1,
	},
	[0.23333333333333334] = {
		-0.387187,
		0.697682,
		0.602766,
		0,
		0.336421,
		-0.501779,
		0.796893,
		0,
		0.858433,
		0.511329,
		-0.040433,
		0,
		0.055179,
		0.492091,
		-0.226804,
		1,
	},
	[0.25] = {
		-0.707632,
		0.562246,
		0.427944,
		0,
		0.320886,
		-0.283878,
		0.903574,
		0,
		0.629515,
		0.776719,
		0.020464,
		0,
		-0.001522,
		0.506299,
		-0.220136,
		1,
	},
	[0.26666666666666666] = {
		-0.848128,
		0.399963,
		0.34743,
		0,
		0.300026,
		-0.177893,
		0.937197,
		0,
		0.436649,
		0.899102,
		0.030876,
		0,
		-0.145967,
		0.497289,
		-0.216944,
		1,
	},
	[0.2833333333333333] = {
		-0.954151,
		0.014446,
		0.298976,
		0,
		0.296277,
		-0.096595,
		0.950205,
		0,
		0.042607,
		0.995219,
		0.087886,
		0,
		-0.26455,
		0.429787,
		-0.240936,
		1,
	},
	[0.2] = {
		0.014788,
		0.776579,
		0.629847,
		0,
		0.239014,
		-0.6144,
		0.751921,
		0,
		0.970903,
		0.139423,
		-0.194699,
		0,
		0.165651,
		0.540331,
		-0.223967,
		1,
	},
	[0.31666666666666665] = {
		-0.881435,
		-0.418991,
		0.217987,
		0,
		0.255627,
		-0.035116,
		0.966137,
		0,
		-0.397148,
		0.907311,
		0.138058,
		0,
		-0.331883,
		0.267544,
		-0.264798,
		1,
	},
	[0.3333333333333333] = {
		-0.790885,
		-0.588845,
		0.16662,
		0,
		0.240573,
		-0.048813,
		0.969403,
		0,
		-0.562695,
		0.80677,
		0.180266,
		0,
		-0.344493,
		0.182599,
		-0.282223,
		1,
	},
	[0.35] = {
		-0.740557,
		-0.66118,
		0.120069,
		0,
		0.218531,
		-0.067988,
		0.973459,
		0,
		-0.635468,
		0.747141,
		0.194837,
		0,
		-0.349694,
		0.134012,
		-0.28805,
		1,
	},
	[0.36666666666666664] = {
		-0.747117,
		-0.66027,
		0.07655,
		0,
		0.163424,
		-0.070836,
		0.98401,
		0,
		-0.644289,
		0.747681,
		0.160827,
		0,
		-0.359146,
		0.103281,
		-0.28201,
		1,
	},
	[0.38333333333333336] = {
		-0.7481,
		-0.662974,
		0.028491,
		0,
		0.099011,
		-0.069064,
		0.992687,
		0,
		-0.656158,
		0.74545,
		0.117308,
		0,
		-0.370543,
		0.069019,
		-0.282319,
		1,
	},
	[0.3] = {
		-0.930656,
		-0.257328,
		0.260119,
		0,
		0.282396,
		-0.0531,
		0.957827,
		0,
		-0.232664,
		0.964864,
		0.122086,
		0,
		-0.317359,
		0.346301,
		-0.250042,
		1,
	},
	[0.4166666666666667] = {
		-0.742825,
		-0.665813,
		-0.070027,
		0,
		-0.04349,
		-0.056388,
		0.997461,
		0,
		-0.668072,
		0.743984,
		0.01293,
		0,
		-0.397308,
		0.00145,
		-0.295133,
		1,
	},
	[0.43333333333333335] = {
		-0.736445,
		-0.666355,
		-0.116704,
		0,
		-0.11607,
		-0.045494,
		0.992199,
		0,
		-0.666466,
		0.744246,
		-0.04384,
		0,
		-0.412027,
		-0.029598,
		-0.305466,
		1,
	},
	[0.45] = {
		-0.728342,
		-0.666494,
		-0.15907,
		0,
		-0.185591,
		-0.031586,
		0.982119,
		0,
		-0.659601,
		0.744841,
		-0.100689,
		0,
		-0.426978,
		-0.057311,
		-0.316964,
		1,
	},
	[0.4666666666666667] = {
		-0.71969,
		-0.666305,
		-0.195154,
		0,
		-0.249035,
		-0.014641,
		0.968384,
		0,
		-0.648096,
		0.745536,
		-0.155396,
		0,
		-0.441479,
		-0.080544,
		-0.328431,
		1,
	},
	[0.48333333333333334] = {
		-0.711915,
		-0.665862,
		-0.223169,
		0,
		-0.303612,
		0.005279,
		0.952781,
		0,
		-0.633243,
		0.746056,
		-0.205922,
		0,
		-0.454647,
		-0.098141,
		-0.338599,
		1,
	},
	[0.4] = {
		-0.746773,
		-0.664744,
		-0.021106,
		0,
		0.029002,
		-0.064252,
		0.997512,
		0,
		-0.664446,
		0.744303,
		0.067261,
		0,
		-0.383308,
		0.0347,
		-0.287121,
		1,
	},
	[0.5166666666666667] = {
		-0.704717,
		-0.664794,
		-0.247836,
		0,
		-0.376208,
		0.053973,
		0.924962,
		0,
		-0.601532,
		0.745075,
		-0.288137,
		0,
		-0.472606,
		-0.111988,
		-0.349355,
		1,
	},
	[0.5333333333333333] = {
		-0.710808,
		-0.661127,
		-0.240133,
		0,
		-0.389819,
		0.086092,
		0.916859,
		0,
		-0.585486,
		0.745319,
		-0.318914,
		0,
		-0.474939,
		-0.10757,
		-0.349921,
		1,
	},
	[0.55] = {
		-0.726352,
		-0.65173,
		-0.218312,
		0,
		-0.388102,
		0.126756,
		0.912858,
		0,
		-0.567265,
		0.747784,
		-0.345008,
		0,
		-0.472177,
		-0.097304,
		-0.350126,
		1,
	},
	[0.5666666666666667] = {
		-0.748071,
		-0.637686,
		-0.1837,
		0,
		-0.372581,
		0.174513,
		0.911443,
		0,
		-0.549156,
		0.750268,
		-0.368138,
		0,
		-0.464668,
		-0.081732,
		-0.34955,
		1,
	},
	[0.5833333333333334] = {
		-0.772364,
		-0.620087,
		-0.137646,
		0,
		-0.34503,
		0.227634,
		0.910569,
		0,
		-0.533299,
		0.750783,
		-0.389765,
		0,
		-0.452821,
		-0.06147,
		-0.34787,
		1,
	},
	[0.5] = {
		-0.706475,
		-0.66531,
		-0.241363,
		0,
		-0.346782,
		0.028122,
		0.937524,
		0,
		-0.616956,
		0.746038,
		-0.250585,
		0,
		-0.465417,
		-0.108991,
		-0.346085,
		1,
	},
	[0.6166666666666667] = {
		-0.815173,
		-0.578878,
		-0.019838,
		0,
		-0.264179,
		0.341099,
		0.902143,
		0,
		-0.515464,
		0.740643,
		-0.430982,
		0,
		-0.418293,
		-0.010421,
		-0.341127,
		1,
	},
	[0.6333333333333333] = {
		-0.828669,
		-0.557897,
		0.045362,
		0,
		-0.217926,
		0.396216,
		0.89192,
		0,
		-0.515572,
		0.729221,
		-0.449913,
		0,
		-0.397313,
		0.017751,
		-0.336713,
		1,
	},
	[0.65] = {
		-0.835656,
		-0.538308,
		0.109101,
		0,
		-0.173135,
		0.446675,
		0.877785,
		0,
		-0.521251,
		0.714637,
		-0.466467,
		0,
		-0.375628,
		0.045481,
		-0.332329,
		1,
	},
	[0.6666666666666666] = {
		-0.836948,
		-0.521299,
		0.166632,
		0,
		-0.133632,
		0.489913,
		0.861468,
		0,
		-0.530717,
		0.698736,
		-0.479694,
		0,
		-0.355067,
		0.070765,
		-0.328512,
		1,
	},
	[0.6833333333333333] = {
		-0.834515,
		-0.508056,
		0.213222,
		0,
		-0.102659,
		0.52358,
		0.845769,
		0,
		-0.541337,
		0.683918,
		-0.489092,
		0,
		-0.337759,
		0.091387,
		-0.325636,
		1,
	},
	[0.6] = {
		-0.795738,
		-0.600054,
		-0.082083,
		0,
		-0.307832,
		0.284003,
		0.908065,
		0,
		-0.521576,
		0.747849,
		-0.410708,
		0,
		-0.437134,
		-0.037317,
		-0.344996,
		1,
	},
	[0.7166666666666667] = {
		-0.828749,
		-0.497674,
		0.25592,
		0,
		-0.07635,
		0.553586,
		0.829285,
		0,
		-0.554387,
		0.66773,
		-0.496781,
		0,
		-0.321727,
		0.109509,
		-0.323312,
		1,
	},
	[0.7333333333333333] = {
		-0.827744,
		-0.499148,
		0.256304,
		0,
		-0.077419,
		0.554012,
		0.828901,
		0,
		-0.55574,
		0.666275,
		-0.497223,
		0,
		-0.321959,
		0.10864,
		-0.323374,
		1,
	},
	[0.75] = {
		-0.82665,
		-0.500748,
		0.256714,
		0,
		-0.078582,
		0.554462,
		0.828491,
		0,
		-0.557203,
		0.664698,
		-0.497696,
		0,
		-0.322207,
		0.107701,
		-0.323441,
		1,
	},
	[0.7666666666666667] = {
		-0.825477,
		-0.502456,
		0.257148,
		0,
		-0.079829,
		0.554933,
		0.828056,
		0,
		-0.558762,
		0.663013,
		-0.498195,
		0,
		-0.32247,
		0.1067,
		-0.323511,
		1,
	},
	[0.7833333333333333] = {
		-0.824237,
		-0.504256,
		0.257604,
		0,
		-0.081146,
		0.555424,
		0.827599,
		0,
		-0.560401,
		0.661234,
		-0.498719,
		0,
		-0.322744,
		0.105644,
		-0.323584,
		1,
	},
	[0.7] = {
		-0.830964,
		-0.499775,
		0.244386,
		0,
		-0.082811,
		0.54551,
		0.834003,
		0,
		-0.550129,
		0.672789,
		-0.494685,
		0,
		-0.325938,
		0.105047,
		-0.323879,
		1,
	},
	[0.8166666666666667] = {
		-0.821596,
		-0.508047,
		0.25859,
		0,
		-0.083941,
		0.556481,
		0.82661,
		0,
		-0.563857,
		0.657433,
		-0.499848,
		0,
		-0.323315,
		0.103394,
		-0.323741,
		1,
	},
	[0.8333333333333334] = {
		-0.820217,
		-0.510003,
		0.259117,
		0,
		-0.085394,
		0.557042,
		0.826082,
		0,
		-0.565644,
		0.655439,
		-0.500446,
		0,
		-0.323607,
		0.102216,
		-0.323823,
		1,
	},
	[0.85] = {
		-0.818813,
		-0.511979,
		0.25966,
		0,
		-0.086868,
		0.557618,
		0.82554,
		0,
		-0.56745,
		0.653407,
		-0.501059,
		0,
		-0.3239,
		0.101018,
		-0.323906,
		1,
	},
	[0.8666666666666667] = {
		-0.817396,
		-0.513957,
		0.260216,
		0,
		-0.08835,
		0.558202,
		0.824988,
		0,
		-0.569261,
		0.651352,
		-0.50168,
		0,
		-0.324192,
		0.099808,
		-0.323989,
		1,
	},
	[0.8833333333333333] = {
		-0.815978,
		-0.515921,
		0.260778,
		0,
		-0.089828,
		0.558789,
		0.824431,
		0,
		-0.571061,
		0.649292,
		-0.502303,
		0,
		-0.32448,
		0.098598,
		-0.324071,
		1,
	},
	[0.8] = {
		-0.82294,
		-0.506126,
		0.258084,
		0,
		-0.082521,
		0.555939,
		0.827117,
		0,
		-0.562104,
		0.65937,
		-0.49927,
		0,
		-0.323026,
		0.104539,
		-0.323661,
		1,
	},
	[0.9166666666666666] = {
		-0.813184,
		-0.519748,
		0.261906,
		0,
		-0.092721,
		0.55995,
		0.823322,
		0,
		-0.574574,
		0.645228,
		-0.503534,
		0,
		-0.325037,
		0.096215,
		-0.324229,
		1,
	},
	[0.9333333333333333] = {
		-0.811832,
		-0.521578,
		0.262461,
		0,
		-0.094112,
		0.560513,
		0.822781,
		0,
		-0.576257,
		0.643259,
		-0.504129,
		0,
		-0.325301,
		0.095064,
		-0.324304,
		1,
	},
	[0.95] = {
		-0.810526,
		-0.523326,
		0.263016,
		0,
		-0.09545,
		0.561079,
		0.822241,
		0,
		-0.577872,
		0.641343,
		-0.504721,
		0,
		-0.325553,
		0.093945,
		-0.324377,
		1,
	},
	[0.9666666666666667] = {
		-0.80928,
		-0.524971,
		0.263576,
		0,
		-0.096722,
		0.561659,
		0.821696,
		0,
		-0.579406,
		0.639488,
		-0.505315,
		0,
		-0.325791,
		0.092862,
		-0.32445,
		1,
	},
	[0.9833333333333333] = {
		-0.808105,
		-0.526499,
		0.264133,
		0,
		-0.097916,
		0.562243,
		0.821155,
		0,
		-0.580844,
		0.637716,
		-0.505904,
		0,
		-0.326013,
		0.091827,
		-0.324522,
		1,
	},
	[0.9] = {
		-0.81457,
		-0.517857,
		0.261343,
		0,
		-0.091289,
		0.559373,
		0.823874,
		0,
		-0.572837,
		0.647245,
		-0.502923,
		0,
		-0.324763,
		0.097397,
		-0.324152,
		1,
	},
	[1.0166666666666666] = {
		-0.80559,
		-0.529805,
		0.265201,
		0,
		-0.100482,
		0.563306,
		0.820116,
		0,
		-0.58389,
		0.634029,
		-0.50703,
		0,
		-0.326474,
		0.089685,
		-0.324657,
		1,
	},
	[1.0333333333333334] = {
		-0.804229,
		-0.531621,
		0.265695,
		0,
		-0.101876,
		0.563756,
		0.819634,
		0,
		-0.585522,
		0.632106,
		-0.507549,
		0,
		-0.326715,
		0.088575,
		-0.324719,
		1,
	},
	[1.05] = {
		-0.80287,
		-0.533444,
		0.266153,
		0,
		-0.103269,
		0.564148,
		0.81919,
		0,
		-0.587141,
		0.630218,
		-0.508026,
		0,
		-0.326952,
		0.08749,
		-0.324775,
		1,
	},
	[1.0666666666666667] = {
		-0.801567,
		-0.535194,
		0.266565,
		0,
		-0.104603,
		0.564482,
		0.818791,
		0,
		-0.588684,
		0.628433,
		-0.508453,
		0,
		-0.327175,
		0.086466,
		-0.324825,
		1,
	},
	[1.0833333333333333] = {
		-0.800376,
		-0.536797,
		0.266923,
		0,
		-0.105822,
		0.564755,
		0.818446,
		0,
		-0.590085,
		0.626818,
		-0.508821,
		0,
		-0.327375,
		0.085544,
		-0.324867,
		1,
	},
	{
		-0.8069,
		-0.528071,
		0.264677,
		0,
		-0.099143,
		0.562801,
		0.820625,
		0,
		-0.582309,
		0.635921,
		-0.506478,
		0,
		-0.326237,
		0.090782,
		-0.324591,
		1,
	},
	[1.1166666666666667] = {
		-0.79855,
		-0.539255,
		0.267438,
		0,
		-0.107686,
		0.56512,
		0.81795,
		0,
		-0.592218,
		0.624375,
		-0.509347,
		0,
		-0.327677,
		0.084152,
		-0.324927,
		1,
	},
	[1.1333333333333333] = {
		-0.798028,
		-0.539958,
		0.267577,
		0,
		-0.108219,
		0.565212,
		0.817817,
		0,
		-0.592824,
		0.623684,
		-0.509488,
		0,
		-0.327762,
		0.083759,
		-0.324942,
		1,
	},
	[1.15] = {
		-0.797841,
		-0.540209,
		0.267625,
		0,
		-0.108409,
		0.565243,
		0.81777,
		0,
		-0.59304,
		0.623438,
		-0.509537,
		0,
		-0.327792,
		0.08362,
		-0.324948,
		1,
	},
	[1.1] = {
		-0.799351,
		-0.538176,
		0.267217,
		0,
		-0.106869,
		0.564968,
		0.818163,
		0,
		-0.591284,
		0.625442,
		-0.509122,
		0,
		-0.327545,
		0.084759,
		-0.324901,
		1,
	},
}

return spline_matrices
