-- chunkname: @content/characters/player/human/first_person/animations/assault_shield_maul/heavy_attack_shieldslam.lua

local spline_matrices = {
	[0.016666666666666666] = {
		-0.72824,
		0.359888,
		0.583222,
		0,
		0.612535,
		0.723476,
		0.318408,
		0,
		-0.307356,
		0.589121,
		-0.747308,
		0,
		-0.509434,
		-0.176647,
		0.01771,
		1,
	},
	[0.03333333333333333] = {
		-0.73693,
		0.331948,
		0.58885,
		0,
		0.622199,
		0.673574,
		0.398957,
		0,
		-0.264201,
		0.660385,
		-0.702915,
		0,
		-0.517358,
		-0.164361,
		0.024957,
		1,
	},
	[0.05] = {
		-0.744381,
		0.305907,
		0.593564,
		0,
		0.631071,
		0.612846,
		0.475573,
		0,
		-0.218282,
		0.728588,
		-0.649239,
		0,
		-0.52607,
		-0.151851,
		0.027718,
		1,
	},
	[0.06666666666666667] = {
		-0.750033,
		0.284533,
		0.597069,
		0,
		0.63914,
		0.544035,
		0.543623,
		0,
		-0.170148,
		0.789346,
		-0.589901,
		0,
		-0.535896,
		-0.139518,
		0.024945,
		1,
	},
	[0.08333333333333333] = {
		-0.753493,
		0.270641,
		0.599168,
		0,
		0.646413,
		0.4713,
		0.600022,
		0,
		-0.119998,
		0.839422,
		-0.530067,
		0,
		-0.547302,
		-0.12781,
		0.017305,
		1,
	},
	[0] = {
		-0.719095,
		0.387312,
		0.576967,
		0,
		0.602219,
		0.761623,
		0.239297,
		0,
		-0.346749,
		0.519538,
		-0.780926,
		0,
		-0.502163,
		-0.188329,
		0.007491,
		1,
	},
	[0.11666666666666667] = {
		-0.743689,
		0.269442,
		0.611823,
		0,
		0.668474,
		0.31104,
		0.675571,
		0,
		-0.008275,
		0.911403,
		-0.411432,
		0,
		-0.577771,
		-0.113966,
		-0.009138,
		1,
	},
	[0.13333333333333333] = {
		-0.718134,
		0.271269,
		0.640856,
		0,
		0.693545,
		0.203212,
		0.691158,
		0,
		0.05726,
		0.940807,
		-0.334071,
		0,
		-0.596483,
		-0.11216,
		-0.031592,
		1,
	},
	[0.15] = {
		-0.686458,
		0.27163,
		0.674531,
		0,
		0.718374,
		0.109487,
		0.686987,
		0,
		0.112754,
		0.956154,
		-0.27029,
		0,
		-0.611072,
		-0.097736,
		-0.051613,
		1,
	},
	[0.16666666666666666] = {
		-0.65767,
		0.245682,
		0.712117,
		0,
		0.740984,
		0.040699,
		0.670289,
		0,
		0.135696,
		0.968496,
		-0.208813,
		0,
		-0.614095,
		-0.076722,
		-0.07177,
		1,
	},
	[0.18333333333333332] = {
		-0.628958,
		0.183821,
		0.755395,
		0,
		0.765959,
		-0.019851,
		0.642583,
		0,
		0.133115,
		0.982759,
		-0.128314,
		0,
		-0.607395,
		-0.05725,
		-0.097974,
		1,
	},
	[0.1] = {
		-0.754396,
		0.267034,
		0.59965,
		0,
		0.652901,
		0.399708,
		0.643393,
		0,
		-0.067877,
		0.876885,
		-0.475884,
		0,
		-0.560807,
		-0.117257,
		0.007251,
		1,
	},
	[0.21666666666666667] = {
		-0.552008,
		0.041681,
		0.832796,
		0,
		0.823071,
		-0.13275,
		0.552206,
		0,
		0.13357,
		0.990273,
		0.038973,
		0,
		-0.572107,
		0.006225,
		-0.151224,
		1,
	},
	[0.23333333333333334] = {
		-0.504345,
		0.006701,
		0.863476,
		0,
		0.847143,
		-0.189884,
		0.496278,
		0,
		0.167285,
		0.981784,
		0.09009,
		0,
		-0.546853,
		0.060409,
		-0.165606,
		1,
	},
	[0.25] = {
		-0.444921,
		0.03426,
		0.894914,
		0,
		0.85934,
		-0.265017,
		0.43738,
		0,
		0.252153,
		0.963635,
		0.088471,
		0,
		-0.536563,
		0.14567,
		-0.156776,
		1,
	},
	[0.26666666666666666] = {
		-0.379637,
		0.095605,
		0.920182,
		0,
		0.856541,
		-0.339534,
		0.388657,
		0,
		0.349591,
		0.935722,
		0.04701,
		0,
		-0.525728,
		0.268492,
		-0.129251,
		1,
	},
	[0.2833333333333333] = {
		-0.333691,
		0.123416,
		0.934569,
		0,
		0.85828,
		-0.370251,
		0.355346,
		0,
		0.38988,
		0.920697,
		0.017624,
		0,
		-0.487229,
		0.415516,
		-0.108181,
		1,
	},
	[0.2] = {
		-0.594263,
		0.108135,
		0.796968,
		0,
		0.794311,
		-0.076554,
		0.602669,
		0,
		0.126181,
		0.991184,
		-0.0404,
		0,
		-0.594881,
		-0.031665,
		-0.1263,
		1,
	},
	[0.31666666666666665] = {
		-0.18438,
		-0.017271,
		0.982703,
		0,
		0.969266,
		-0.16888,
		0.178891,
		0,
		0.162869,
		0.985485,
		0.047879,
		0,
		-0.282464,
		0.478396,
		-0.128263,
		1,
	},
	[0.3333333333333333] = {
		-0.099754,
		0.001979,
		0.99501,
		0,
		0.981829,
		-0.162047,
		0.098755,
		0,
		0.161434,
		0.986781,
		0.014222,
		0,
		-0.279704,
		0.479231,
		-0.107383,
		1,
	},
	[0.35] = {
		-0.120503,
		-0.01733,
		0.992562,
		0,
		0.979726,
		-0.163279,
		0.116094,
		0,
		0.160052,
		0.986428,
		0.036654,
		0,
		-0.289454,
		0.481614,
		-0.105891,
		1,
	},
	[0.36666666666666664] = {
		-0.141009,
		-0.031948,
		0.989493,
		0,
		0.975958,
		-0.172274,
		0.133518,
		0,
		0.166198,
		0.984531,
		0.055472,
		0,
		-0.298094,
		0.48364,
		-0.10889,
		1,
	},
	[0.38333333333333336] = {
		-0.138859,
		-0.031046,
		0.989825,
		0,
		0.97515,
		-0.178516,
		0.131201,
		0,
		0.172626,
		0.983447,
		0.055063,
		0,
		-0.301392,
		0.482288,
		-0.10804,
		1,
	},
	[0.3] = {
		-0.327173,
		0.035295,
		0.944305,
		0,
		0.916868,
		-0.230012,
		0.326263,
		0,
		0.228717,
		0.972548,
		0.042893,
		0,
		-0.299902,
		0.672774,
		-0.165326,
		1,
	},
	[0.4166666666666667] = {
		-0.125931,
		-0.01703,
		0.991893,
		0,
		0.973143,
		-0.19634,
		0.120179,
		0,
		0.192702,
		0.980388,
		0.041298,
		0,
		-0.30513,
		0.475558,
		-0.104863,
		1,
	},
	[0.43333333333333335] = {
		-0.117091,
		-0.007432,
		0.993093,
		0,
		0.972092,
		-0.20555,
		0.113077,
		0,
		0.20329,
		0.978618,
		0.031293,
		0,
		-0.305965,
		0.470722,
		-0.103085,
		1,
	},
	[0.45] = {
		-0.108318,
		0.001559,
		0.994115,
		0,
		0.971182,
		-0.213396,
		0.106154,
		0,
		0.212305,
		0.976965,
		0.021601,
		0,
		-0.306374,
		0.465221,
		-0.10168,
		1,
	},
	[0.4666666666666667] = {
		-0.100929,
		0.008261,
		0.994859,
		0,
		0.970594,
		-0.218839,
		0.100284,
		0,
		0.218542,
		0.975726,
		0.014069,
		0,
		-0.306517,
		0.459295,
		-0.101079,
		1,
	},
	[0.48333333333333334] = {
		-0.096256,
		0.011021,
		0.995296,
		0,
		0.970542,
		-0.220848,
		0.096308,
		0,
		0.220871,
		0.975246,
		0.010562,
		0,
		-0.306567,
		0.453171,
		-0.101731,
		1,
	},
	[0.4] = {
		-0.133546,
		-0.025505,
		0.990714,
		0,
		0.974215,
		-0.186815,
		0.126512,
		0,
		0.181853,
		0.982064,
		0.049795,
		0,
		-0.303729,
		0.479462,
		-0.106621,
		1,
	},
	[0.5166666666666667] = {
		-0.092444,
		0.010997,
		0.995657,
		0,
		0.971018,
		-0.220341,
		0.09259,
		0,
		0.220403,
		0.975361,
		0.009691,
		0,
		-0.307995,
		0.441268,
		-0.104504,
		1,
	},
	[0.5333333333333333] = {
		-0.091389,
		0.010612,
		0.995759,
		0,
		0.971239,
		-0.219832,
		0.091481,
		0,
		0.219871,
		0.97548,
		0.009784,
		0,
		-0.309796,
		0.435184,
		-0.105646,
		1,
	},
	[0.55] = {
		-0.090751,
		0.010008,
		0.995823,
		0,
		0.971453,
		-0.219195,
		0.090733,
		0,
		0.219188,
		0.97563,
		0.010169,
		0,
		-0.312377,
		0.428638,
		-0.106593,
		1,
	},
	[0.5666666666666667] = {
		-0.090502,
		0.00926,
		0.995853,
		0,
		0.971656,
		-0.218458,
		0.090334,
		0,
		0.218389,
		0.975802,
		0.010773,
		0,
		-0.315773,
		0.421342,
		-0.107368,
		1,
	},
	[0.5833333333333334] = {
		-0.090617,
		0.008435,
		0.99585,
		0,
		0.971843,
		-0.21765,
		0.090276,
		0,
		0.217508,
		0.975991,
		0.011525,
		0,
		-0.320022,
		0.413013,
		-0.107998,
		1,
	},
	[0.5] = {
		-0.093941,
		0.011134,
		0.995516,
		0,
		0.970796,
		-0.22069,
		0.094076,
		0,
		0.220748,
		0.97528,
		0.009923,
		0,
		-0.306942,
		0.44717,
		-0.10316,
		1,
	},
	[0.6166666666666667] = {
		-0.09183,
		0.006855,
		0.995751,
		0,
		0.972083,
		-0.216214,
		0.091136,
		0,
		0.21592,
		0.976322,
		0.013191,
		0,
		-0.333558,
		0.404944,
		-0.109314,
		1,
	},
	[0.6333333333333333] = {
		-0.092774,
		0.006222,
		0.995668,
		0,
		0.972169,
		-0.21549,
		0.091931,
		0,
		0.215129,
		0.976486,
		0.013943,
		0,
		-0.34293,
		0.402555,
		-0.111116,
		1,
	},
	[0.65] = {
		-0.09374,
		0.005766,
		0.99558,
		0,
		0.972285,
		-0.214599,
		0.092789,
		0,
		0.214185,
		0.976685,
		0.01451,
		0,
		-0.353605,
		0.396191,
		-0.114549,
		1,
	},
	[0.6666666666666666] = {
		-0.10157,
		0.005563,
		0.994813,
		0,
		0.972228,
		-0.211385,
		0.100446,
		0,
		0.210847,
		0.977387,
		0.016062,
		0,
		-0.363853,
		0.386696,
		-0.120865,
		1,
	},
	[0.6833333333333333] = {
		-0.120789,
		0.005698,
		0.992662,
		0,
		0.971646,
		-0.204077,
		0.119404,
		0,
		0.20326,
		0.978938,
		0.019114,
		0,
		-0.375699,
		0.37708,
		-0.130081,
		1,
	},
	[0.6] = {
		-0.091068,
		0.007611,
		0.995816,
		0,
		0.971987,
		-0.216894,
		0.090547,
		0,
		0.216675,
		0.976166,
		0.012354,
		0,
		-0.325809,
		0.407161,
		-0.108494,
		1,
	},
	[0.7166666666666667] = {
		-0.179101,
		0.007163,
		0.983805,
		0,
		0.967726,
		-0.178911,
		0.177476,
		0,
		0.177285,
		0.983839,
		0.025111,
		0,
		-0.419072,
		0.355459,
		-0.152474,
		1,
	},
	[0.7333333333333333] = {
		-0.211058,
		0.008581,
		0.977436,
		0,
		0.964214,
		-0.162318,
		0.209628,
		0,
		0.160454,
		0.986701,
		0.025984,
		0,
		-0.444579,
		0.342579,
		-0.163697,
		1,
	},
	[0.75] = {
		-0.24029,
		0.010507,
		0.970644,
		0,
		0.960214,
		-0.144019,
		0.239267,
		0,
		0.142305,
		0.989519,
		0.024517,
		0,
		-0.470774,
		0.327823,
		-0.175221,
		1,
	},
	[0.7666666666666667] = {
		-0.263523,
		0.012794,
		0.964568,
		0,
		0.956756,
		-0.124214,
		0.263036,
		0,
		0.123178,
		0.992173,
		0.020492,
		0,
		-0.497593,
		0.310577,
		-0.187941,
		1,
	},
	[0.7833333333333333] = {
		-0.275617,
		0.015139,
		0.961148,
		0,
		0.955702,
		-0.103119,
		0.275679,
		0,
		0.103287,
		0.994554,
		0.013953,
		0,
		-0.524878,
		0.291575,
		-0.202839,
		1,
	},
	[0.7] = {
		-0.147826,
		0.006224,
		0.988994,
		0,
		0.970218,
		-0.193111,
		0.146235,
		0,
		0.191896,
		0.981157,
		0.022508,
		0,
		-0.394475,
		0.366837,
		-0.141011,
		1,
	},
	[0.8166666666666667] = {
		-0.290684,
		0.019621,
		0.956618,
		0,
		0.955017,
		-0.055391,
		0.291333,
		0,
		0.058705,
		0.998272,
		-0.002637,
		0,
		-0.579425,
		0.249347,
		-0.234223,
		1,
	},
	[0.8333333333333334] = {
		-0.306216,
		0.021709,
		0.951714,
		0,
		0.951505,
		-0.023982,
		0.306696,
		0,
		0.029483,
		0.999477,
		-0.013313,
		0,
		-0.604949,
		0.224541,
		-0.248984,
		1,
	},
	[0.85] = {
		-0.321925,
		0.024002,
		0.946461,
		0,
		0.94676,
		0.011372,
		0.321738,
		0,
		-0.003041,
		0.999647,
		-0.026386,
		0,
		-0.626259,
		0.196448,
		-0.263524,
		1,
	},
	[0.8666666666666667] = {
		-0.337852,
		0.027061,
		0.94081,
		0,
		0.940486,
		0.048609,
		0.336338,
		0,
		-0.03663,
		0.998451,
		-0.041873,
		0,
		-0.641319,
		0.164615,
		-0.278199,
		1,
	},
	[0.8833333333333333] = {
		-0.354048,
		0.031369,
		0.934701,
		0,
		0.932645,
		0.086056,
		0.350382,
		0,
		-0.069445,
		0.995796,
		-0.059725,
		0,
		-0.65139,
		0.128388,
		-0.293433,
		1,
	},
	[0.8] = {
		-0.281005,
		0.017442,
		0.959548,
		0,
		0.956136,
		-0.08107,
		0.281479,
		0,
		0.0827,
		0.996556,
		0.006104,
		0,
		-0.552477,
		0.27144,
		-0.218854,
		1,
	},
	[0.9166666666666666] = {
		-0.387455,
		0.044839,
		0.920797,
		0,
		0.913268,
		0.154946,
		0.376742,
		0,
		-0.125781,
		0.986905,
		-0.100985,
		0,
		-0.661086,
		0.048308,
		-0.327544,
		1,
	},
	[0.9333333333333333] = {
		-0.404867,
		0.052965,
		0.91284,
		0,
		0.902553,
		0.183167,
		0.389677,
		0,
		-0.146563,
		0.981654,
		-0.121962,
		0,
		-0.662581,
		0.009703,
		-0.347889,
		1,
	},
	[0.95] = {
		-0.422841,
		0.061787,
		0.904095,
		0,
		0.891269,
		0.208734,
		0.402578,
		0,
		-0.163842,
		0.976019,
		-0.143331,
		0,
		-0.662094,
		-0.024568,
		-0.368535,
		1,
	},
	[0.9666666666666667] = {
		-0.441424,
		0.071299,
		0.894462,
		0,
		0.87902,
		0.23454,
		0.415108,
		0,
		-0.18019,
		0.969488,
		-0.166205,
		0,
		-0.659354,
		-0.051731,
		-0.386864,
		1,
	},
	[0.9833333333333333] = {
		-0.460806,
		0.081502,
		0.883751,
		0,
		0.865759,
		0.260339,
		0.427416,
		0,
		-0.19524,
		0.962071,
		-0.190527,
		0,
		-0.65531,
		-0.073101,
		-0.402837,
		1,
	},
	[0.9] = {
		-0.370552,
		0.037414,
		0.928058,
		0,
		0.92345,
		0.122047,
		0.363792,
		0,
		-0.099656,
		0.991819,
		-0.079774,
		0,
		-0.657656,
		0.088644,
		-0.309656,
		1,
	},
	[1.0166666666666666] = {
		-0.501899,
		0.103962,
		0.858655,
		0,
		0.836465,
		0.310919,
		0.451283,
		0,
		-0.220056,
		0.944734,
		-0.24301,
		0,
		-0.64528,
		-0.105709,
		-0.427689,
		1,
	},
	[1.0333333333333334] = {
		-0.523222,
		0.116217,
		0.844235,
		0,
		0.820795,
		0.335168,
		0.462556,
		0,
		-0.229203,
		0.934963,
		-0.270758,
		0,
		-0.639543,
		-0.115719,
		-0.436531,
		1,
	},
	[1.05] = {
		-0.544797,
		0.129233,
		0.82855,
		0,
		0.804728,
		0.358424,
		0.473228,
		0,
		-0.235816,
		0.924571,
		-0.299266,
		0,
		-0.633489,
		-0.120757,
		-0.442951,
		1,
	},
	[1.0666666666666667] = {
		-0.566424,
		0.143023,
		0.811608,
		0,
		0.788488,
		0.380482,
		0.483239,
		0,
		-0.239688,
		0.913662,
		-0.328286,
		0,
		-0.627228,
		-0.120252,
		-0.446945,
		1,
	},
	[1.0833333333333333] = {
		-0.587926,
		0.157464,
		0.79344,
		0,
		0.772267,
		0.401152,
		0.492626,
		0,
		-0.240719,
		0.902376,
		-0.357452,
		0,
		-0.620939,
		-0.115915,
		-0.44858,
		1,
	},
	{
		-0.481029,
		0.092389,
		0.871823,
		0,
		0.851517,
		0.28589,
		0.439528,
		0,
		-0.208638,
		0.953798,
		-0.216193,
		0,
		-0.650576,
		-0.091301,
		-0.416453,
		1,
	},
	[1.1166666666666667] = {
		-0.629875,
		0.187802,
		0.75365,
		0,
		0.74059,
		0.437631,
		0.509907,
		0,
		-0.234059,
		0.879323,
		-0.414737,
		0,
		-0.608936,
		-0.102594,
		-0.44502,
		1,
	},
	[1.1333333333333333] = {
		-0.65001,
		0.203448,
		0.732185,
		0,
		0.725428,
		0.453126,
		0.518104,
		0,
		-0.226365,
		0.86792,
		-0.442123,
		0,
		-0.603391,
		-0.094016,
		-0.439901,
		1,
	},
	[1.15] = {
		-0.669404,
		0.219246,
		0.709809,
		0,
		0.710859,
		0.466606,
		0.526268,
		0,
		-0.215819,
		0.85686,
		-0.468201,
		0,
		-0.598245,
		-0.084434,
		-0.432601,
		1,
	},
	[1.1666666666666667] = {
		-0.687942,
		0.235074,
		0.686642,
		0,
		0.696943,
		0.477948,
		0.534636,
		0,
		-0.2025,
		0.846348,
		-0.492634,
		0,
		-0.593558,
		-0.074047,
		-0.423909,
		1,
	},
	[1.1833333333333333] = {
		-0.705524,
		0.250808,
		0.662821,
		0,
		0.683701,
		0.487041,
		0.543456,
		0,
		-0.186518,
		0.836592,
		-0.515096,
		0,
		-0.589383,
		-0.06305,
		-0.414729,
		1,
	},
	[1.1] = {
		-0.60913,
		0.172432,
		0.774098,
		0,
		0.756248,
		0.420256,
		0.501472,
		0,
		-0.23885,
		0.890871,
		-0.386392,
		0,
		-0.614812,
		-0.109962,
		-0.447925,
		1,
	},
	[1.2166666666666666] = {
		-0.737722,
		0.281013,
		0.613839,
		0,
		0.658206,
		0.501555,
		0.561433,
		0,
		-0.150104,
		0.818214,
		-0.554973,
		0,
		-0.581982,
		-0.039759,
		-0.395128,
		1,
	},
	[1.2333333333333334] = {
		-0.752246,
		0.295269,
		0.589018,
		0,
		0.645789,
		0.507745,
		0.570221,
		0,
		-0.130702,
		0.809328,
		-0.57263,
		0,
		-0.578622,
		-0.027582,
		-0.384866,
		1,
	},
	[1.25] = {
		-0.765641,
		0.308951,
		0.564219,
		0,
		0.633671,
		0.513185,
		0.57888,
		0,
		-0.110703,
		0.800744,
		-0.588689,
		0,
		-0.575513,
		-0.015134,
		-0.37447,
		1,
	},
	[1.2666666666666666] = {
		-0.777864,
		0.32207,
		0.539628,
		0,
		0.621916,
		0.51786,
		0.587403,
		0,
		-0.090267,
		0.792523,
		-0.603125,
		0,
		-0.572662,
		-0.00248,
		-0.364058,
		1,
	},
	[1.2833333333333334] = {
		-0.788885,
		0.334647,
		0.515434,
		0,
		0.610592,
		0.521761,
		0.595771,
		0,
		-0.069561,
		0.784715,
		-0.615942,
		0,
		-0.570067,
		0.010312,
		-0.353739,
		1,
	},
	[1.2] = {
		-0.722125,
		0.266187,
		0.638498,
		0,
		0.670863,
		0.494642,
		0.552514,
		0,
		-0.168756,
		0.827329,
		-0.535769,
		0,
		-0.585577,
		-0.051601,
		-0.405128,
		1,
	},
	[1.3166666666666667] = {
		-0.807258,
		0.358307,
		0.468989,
		0,
		0.589533,
		0.527248,
		0.611932,
		0,
		-0.028014,
		0.770471,
		-0.636859,
		0,
		-0.565598,
		0.036025,
		-0.333784,
		1,
	},
	[1.3333333333333333] = {
		-0.814609,
		0.369473,
		0.447104,
		0,
		0.579962,
		0.528851,
		0.619646,
		0,
		-0.007509,
		0.764072,
		-0.645087,
		0,
		-0.563683,
		0.048799,
		-0.324326,
		1,
	},
	[1.35] = {
		-0.820799,
		0.380157,
		0.426345,
		0,
		0.57108,
		0.529788,
		0.627051,
		0,
		0.012505,
		0.75816,
		-0.651949,
		0,
		-0.561949,
		0.061345,
		-0.315325,
		1,
	},
	[1.3666666666666667] = {
		-0.825941,
		0.390217,
		0.406881,
		0,
		0.562864,
		0.530202,
		0.634089,
		0,
		0.031703,
		0.752739,
		-0.657555,
		0,
		-0.560384,
		0.073461,
		-0.306855,
		1,
	},
	[1.3833333333333333] = {
		-0.830132,
		0.399574,
		0.388873,
		0,
		0.555337,
		0.530194,
		0.640699,
		0,
		0.049829,
		0.74782,
		-0.662029,
		0,
		-0.558976,
		0.084984,
		-0.298987,
		1,
	},
	[1.3] = {
		-0.798685,
		0.346713,
		0.491826,
		0,
		0.599772,
		0.524888,
		0.603959,
		0,
		-0.048754,
		0.777356,
		-0.627169,
		0,
		-0.567718,
		0.023172,
		-0.343617,
		1,
	},
	[1.4166666666666667] = {
		-0.836073,
		0.415859,
		0.35783,
		0,
		0.542471,
		0.529294,
		0.652359,
		0,
		0.081892,
		0.739533,
		-0.66812,
		0,
		-0.5566,
		0.105605,
		-0.285321,
		1,
	},
	[1.4333333333333333] = {
		-0.838038,
		0.422622,
		0.345084,
		0,
		0.537212,
		0.528588,
		0.657265,
		0,
		0.095368,
		0.736197,
		-0.670015,
		0,
		-0.555629,
		0.114381,
		-0.279652,
		1,
	},
	[1.45] = {
		-0.83947,
		0.428354,
		0.334368,
		0,
		0.532797,
		0.52783,
		0.661455,
		0,
		0.106848,
		0.733422,
		-0.671323,
		0,
		-0.554808,
		0.121917,
		-0.274846,
		1,
	},
	[1.4666666666666666] = {
		-0.840465,
		0.43297,
		0.325814,
		0,
		0.529276,
		0.527104,
		0.664852,
		0,
		0.116123,
		0.73123,
		-0.672174,
		0,
		-0.554143,
		0.128054,
		-0.270971,
		1,
	},
	[1.4833333333333334] = {
		-0.841106,
		0.436382,
		0.319549,
		0,
		0.526701,
		0.526493,
		0.667377,
		0,
		0.122991,
		0.729641,
		-0.672679,
		0,
		-0.553649,
		0.132632,
		-0.2681,
		1,
	},
	[1.4] = {
		-0.833473,
		0.408149,
		0.372473,
		0,
		0.548527,
		0.52986,
		0.646813,
		0,
		0.066637,
		0.743413,
		-0.665505,
		0,
		-0.557716,
		0.095753,
		-0.291787,
		1,
	},
	[1.5166666666666666] = {
		-0.841571,
		0.439226,
		0.314386,
		0,
		0.524586,
		0.525917,
		0.669493,
		0,
		0.128718,
		0.728348,
		-0.673009,
		0,
		-0.553231,
		0.136482,
		-0.265695,
		1,
	},
	[1.5] = {
		-0.841459,
		0.438499,
		0.315698,
		0,
		0.525122,
		0.526073,
		0.66895,
		0,
		0.127254,
		0.728674,
		-0.672934,
		0,
		-0.553339,
		0.135494,
		-0.266312,
		1,
	},
}

return spline_matrices
