-- chunkname: @content/characters/player/human/first_person/animations/assault_shield_maul/heavy_attack_shieldslam_offhand_sweep.lua

local spline_matrices = {
	[0.016666666666666666] = {
		-0.72824,
		0.359888,
		0.583222,
		0,
		0.307356,
		-0.589121,
		0.747308,
		0,
		0.612535,
		0.723476,
		0.318408,
		0,
		-0.610004,
		0.003453,
		-0.218734,
		1,
	},
	[0.03333333333333333] = {
		-0.73693,
		0.331948,
		0.58885,
		0,
		0.264201,
		-0.660385,
		0.702915,
		0,
		0.622199,
		0.673574,
		0.398957,
		0,
		-0.608776,
		0.034297,
		-0.200911,
		1,
	},
	[0.05] = {
		-0.744381,
		0.305906,
		0.593564,
		0,
		0.218282,
		-0.728588,
		0.649239,
		0,
		0.63107,
		0.612846,
		0.475573,
		0,
		-0.607192,
		0.065623,
		-0.185334,
		1,
	},
	[0.06666666666666667] = {
		-0.750033,
		0.284533,
		0.597069,
		0,
		0.170148,
		-0.789346,
		0.589901,
		0,
		0.63914,
		0.544035,
		0.543623,
		0,
		-0.605365,
		0.095937,
		-0.173574,
		1,
	},
	[0.08333333333333333] = {
		-0.753493,
		0.27064,
		0.599168,
		0,
		0.119998,
		-0.839422,
		0.530067,
		0,
		0.646412,
		0.471301,
		0.600022,
		0,
		-0.603435,
		0.123761,
		-0.165837,
		1,
	},
	[0] = {
		-0.719095,
		0.387312,
		0.576967,
		0,
		0.346749,
		-0.519538,
		0.780926,
		0,
		0.602219,
		0.761623,
		0.239297,
		0,
		-0.610801,
		-0.025555,
		-0.237178,
		1,
	},
	[0.11666666666666667] = {
		-0.74369,
		0.269441,
		0.611823,
		0,
		0.008275,
		-0.911403,
		0.411432,
		0,
		0.668474,
		0.31104,
		0.675571,
		0,
		-0.600171,
		0.164391,
		-0.157844,
		1,
	},
	[0.13333333333333333] = {
		-0.718134,
		0.271269,
		0.640856,
		0,
		-0.05726,
		-0.940807,
		0.334071,
		0,
		0.693545,
		0.203212,
		0.691159,
		0,
		-0.598942,
		0.178575,
		-0.156354,
		1,
	},
	[0.15] = {
		-0.686459,
		0.271629,
		0.674531,
		0,
		-0.112754,
		-0.956154,
		0.27029,
		0,
		0.718374,
		0.109487,
		0.686987,
		0,
		-0.596741,
		0.200538,
		-0.156137,
		1,
	},
	[0.16666666666666666] = {
		-0.657671,
		0.245682,
		0.712116,
		0,
		-0.135695,
		-0.968496,
		0.208813,
		0,
		0.740983,
		0.040699,
		0.670289,
		0,
		-0.593169,
		0.227408,
		-0.156418,
		1,
	},
	[0.18333333333333332] = {
		-0.628958,
		0.183821,
		0.755395,
		0,
		-0.133115,
		-0.982759,
		0.128314,
		0,
		0.765958,
		-0.01985,
		0.642584,
		0,
		-0.587982,
		0.253079,
		-0.15643,
		1,
	},
	[0.1] = {
		-0.754396,
		0.267034,
		0.59965,
		0,
		0.067877,
		-0.876885,
		0.475884,
		0,
		0.652901,
		0.399708,
		0.643393,
		0,
		-0.601544,
		0.147664,
		-0.160842,
		1,
	},
	[0.21666666666666667] = {
		-0.552009,
		0.04168,
		0.832796,
		0,
		-0.13357,
		-0.990273,
		-0.038973,
		0,
		0.823071,
		-0.13275,
		0.552206,
		0,
		-0.554148,
		0.322082,
		-0.154313,
		1,
	},
	[0.23333333333333334] = {
		-0.504345,
		0.006701,
		0.863476,
		0,
		-0.167285,
		-0.981784,
		-0.09009,
		0,
		0.847143,
		-0.189883,
		0.496279,
		0,
		-0.518934,
		0.375218,
		-0.150955,
		1,
	},
	[0.25] = {
		-0.444921,
		0.03426,
		0.894914,
		0,
		-0.252152,
		-0.963635,
		-0.088471,
		0,
		0.859339,
		-0.265017,
		0.43738,
		0,
		-0.482217,
		0.456948,
		-0.140914,
		1,
	},
	[0.26666666666666666] = {
		-0.379637,
		0.095605,
		0.920182,
		0,
		-0.349591,
		-0.935722,
		-0.04701,
		0,
		0.856541,
		-0.339534,
		0.388658,
		0,
		-0.440558,
		0.573168,
		-0.125029,
		1,
	},
	[0.2833333333333333] = {
		-0.333691,
		0.123416,
		0.934569,
		0,
		-0.38988,
		-0.920697,
		-0.017624,
		0,
		0.858279,
		-0.370251,
		0.355346,
		0,
		-0.389384,
		0.716362,
		-0.112247,
		1,
	},
	[0.2] = {
		-0.594264,
		0.108135,
		0.796968,
		0,
		-0.126181,
		-0.991184,
		0.0404,
		0,
		0.79431,
		-0.076554,
		0.602669,
		0,
		-0.578448,
		0.282903,
		-0.155878,
		1,
	},
	[0.31666666666666665] = {
		-0.184381,
		-0.017271,
		0.982703,
		0,
		-0.162869,
		-0.985485,
		-0.047879,
		0,
		0.969266,
		-0.16888,
		0.178891,
		0,
		-0.259257,
		0.793657,
		-0.117691,
		1,
	},
	[0.3333333333333333] = {
		-0.099755,
		0.001979,
		0.99501,
		0,
		-0.161434,
		-0.986781,
		-0.014222,
		0,
		0.981829,
		-0.162047,
		0.098756,
		0,
		-0.257256,
		0.794709,
		-0.105098,
		1,
	},
	[0.35] = {
		-0.120504,
		-0.01733,
		0.992562,
		0,
		-0.160052,
		-0.986428,
		-0.036654,
		0,
		0.979726,
		-0.163279,
		0.116094,
		0,
		-0.267393,
		0.797002,
		-0.097042,
		1,
	},
	[0.36666666666666664] = {
		-0.14101,
		-0.031948,
		0.989493,
		0,
		-0.166198,
		-0.984531,
		-0.055472,
		0,
		0.975958,
		-0.172274,
		0.133519,
		0,
		-0.274,
		0.798679,
		-0.094618,
		1,
	},
	[0.38333333333333336] = {
		-0.13886,
		-0.031046,
		0.989825,
		0,
		-0.172626,
		-0.983447,
		-0.055063,
		0,
		0.97515,
		-0.178516,
		0.131202,
		0,
		-0.275248,
		0.797167,
		-0.093829,
		1,
	},
	[0.3] = {
		-0.327173,
		0.035295,
		0.944305,
		0,
		-0.228717,
		-0.972548,
		-0.042893,
		0,
		0.916868,
		-0.230012,
		0.326264,
		0,
		-0.254541,
		0.985765,
		-0.160612,
		1,
	},
	[0.4166666666666667] = {
		-0.125931,
		-0.017031,
		0.991893,
		0,
		-0.192702,
		-0.980388,
		-0.041299,
		0,
		0.973143,
		-0.19634,
		0.12018,
		0,
		-0.272593,
		0.790004,
		-0.094668,
		1,
	},
	[0.43333333333333335] = {
		-0.117092,
		-0.007432,
		0.993093,
		0,
		-0.20329,
		-0.978618,
		-0.031293,
		0,
		0.972092,
		-0.20555,
		0.113078,
		0,
		-0.270056,
		0.784891,
		-0.095835,
		1,
	},
	[0.45] = {
		-0.108319,
		0.001559,
		0.994115,
		0,
		-0.212305,
		-0.976965,
		-0.021601,
		0,
		0.971182,
		-0.213396,
		0.106155,
		0,
		-0.267591,
		0.779112,
		-0.09728,
		1,
	},
	[0.4666666666666667] = {
		-0.10093,
		0.008261,
		0.994859,
		0,
		-0.218542,
		-0.975726,
		-0.01407,
		0,
		0.970594,
		-0.218839,
		0.100285,
		0,
		-0.265746,
		0.772968,
		-0.098879,
		1,
	},
	[0.48333333333333334] = {
		-0.096257,
		0.011021,
		0.995296,
		0,
		-0.220871,
		-0.975246,
		-0.010562,
		0,
		0.970541,
		-0.220848,
		0.096308,
		0,
		-0.265057,
		0.766763,
		-0.100519,
		1,
	},
	[0.4] = {
		-0.133546,
		-0.025505,
		0.990714,
		0,
		-0.181853,
		-0.982064,
		-0.049795,
		0,
		0.974215,
		-0.186814,
		0.126513,
		0,
		-0.274647,
		0.794151,
		-0.093933,
		1,
	},
	[0.5166666666666667] = {
		-0.092444,
		0.010997,
		0.995657,
		0,
		-0.220402,
		-0.975361,
		-0.009691,
		0,
		0.971018,
		-0.220341,
		0.09259,
		0,
		-0.266641,
		0.754896,
		-0.103455,
		1,
	},
	[0.5333333333333333] = {
		-0.09139,
		0.010612,
		0.995759,
		0,
		-0.219871,
		-0.97548,
		-0.009784,
		0,
		0.971239,
		-0.219832,
		0.091482,
		0,
		-0.268614,
		0.748842,
		-0.104535,
		1,
	},
	[0.55] = {
		-0.090751,
		0.010008,
		0.995823,
		0,
		-0.219188,
		-0.97563,
		-0.01017,
		0,
		0.971453,
		-0.219195,
		0.090733,
		0,
		-0.271415,
		0.742329,
		-0.105336,
		1,
	},
	[0.5666666666666667] = {
		-0.090502,
		0.00926,
		0.995853,
		0,
		-0.218389,
		-0.975802,
		-0.010773,
		0,
		0.971656,
		-0.218458,
		0.090335,
		0,
		-0.275068,
		0.735071,
		-0.105909,
		1,
	},
	[0.5833333333333334] = {
		-0.090618,
		0.008435,
		0.99585,
		0,
		-0.217508,
		-0.975991,
		-0.011525,
		0,
		0.971843,
		-0.217649,
		0.090277,
		0,
		-0.279599,
		0.726783,
		-0.106298,
		1,
	},
	[0.5] = {
		-0.093941,
		0.011134,
		0.995515,
		0,
		-0.220748,
		-0.97528,
		-0.009923,
		0,
		0.970796,
		-0.22069,
		0.094077,
		0,
		-0.265475,
		0.760776,
		-0.102083,
		1,
	},
	[0.6166666666666667] = {
		-0.091831,
		0.006855,
		0.995751,
		0,
		-0.21592,
		-0.976322,
		-0.013191,
		0,
		0.972083,
		-0.216214,
		0.091137,
		0,
		-0.293642,
		0.71878,
		-0.107114,
		1,
	},
	[0.6333333333333333] = {
		-0.092775,
		0.006222,
		0.995668,
		0,
		-0.215129,
		-0.976486,
		-0.013943,
		0,
		0.972169,
		-0.21549,
		0.091932,
		0,
		-0.303266,
		0.716423,
		-0.108702,
		1,
	},
	[0.65] = {
		-0.09374,
		0.005766,
		0.99558,
		0,
		-0.214185,
		-0.976685,
		-0.01451,
		0,
		0.972285,
		-0.214598,
		0.09279,
		0,
		-0.314242,
		0.710098,
		-0.11198,
		1,
	},
	[0.6666666666666666] = {
		-0.101571,
		0.005563,
		0.994813,
		0,
		-0.210847,
		-0.977387,
		-0.016062,
		0,
		0.972228,
		-0.211385,
		0.100447,
		0,
		-0.325545,
		0.700733,
		-0.118027,
		1,
	},
	[0.6833333333333333] = {
		-0.12079,
		0.005698,
		0.992662,
		0,
		-0.20326,
		-0.978938,
		-0.019114,
		0,
		0.971646,
		-0.204077,
		0.119404,
		0,
		-0.339778,
		0.691398,
		-0.126829,
		1,
	},
	[0.6] = {
		-0.091069,
		0.007611,
		0.995816,
		0,
		-0.216675,
		-0.976166,
		-0.012355,
		0,
		0.971987,
		-0.216893,
		0.090547,
		0,
		-0.285653,
		0.720967,
		-0.106541,
		1,
	},
	[0.7166666666666667] = {
		-0.179101,
		0.007163,
		0.983805,
		0,
		-0.177284,
		-0.983839,
		-0.025111,
		0,
		0.967726,
		-0.178911,
		0.177477,
		0,
		-0.391261,
		0.670597,
		-0.149014,
		1,
	},
	[0.7333333333333333] = {
		-0.211058,
		0.008581,
		0.977436,
		0,
		-0.160454,
		-0.986701,
		-0.025984,
		0,
		0.964214,
		-0.162318,
		0.209628,
		0,
		-0.421991,
		0.658141,
		-0.160894,
		1,
	},
	[0.75] = {
		-0.240291,
		0.010507,
		0.970644,
		0,
		-0.142305,
		-0.989519,
		-0.024517,
		0,
		0.960213,
		-0.144018,
		0.239267,
		0,
		-0.453809,
		0.643748,
		-0.17374,
		1,
	},
	[0.7666666666666667] = {
		-0.263523,
		0.012794,
		0.964568,
		0,
		-0.123178,
		-0.992173,
		-0.020492,
		0,
		0.956756,
		-0.124214,
		0.263037,
		0,
		-0.486569,
		0.626768,
		-0.188418,
		1,
	},
	[0.7833333333333333] = {
		-0.275617,
		0.015139,
		0.961148,
		0,
		-0.103286,
		-0.994554,
		-0.013953,
		0,
		0.955702,
		-0.103119,
		0.27568,
		0,
		-0.5201,
		0.607909,
		-0.205743,
		1,
	},
	[0.7] = {
		-0.147827,
		0.006224,
		0.988994,
		0,
		-0.191896,
		-0.981157,
		-0.022508,
		0,
		0.970218,
		-0.193111,
		0.146236,
		0,
		-0.362111,
		0.681539,
		-0.137467,
		1,
	},
	[0.8166666666666667] = {
		-0.290685,
		0.019621,
		0.956618,
		0,
		-0.058704,
		-0.998272,
		0.002637,
		0,
		0.955016,
		-0.055391,
		0.291334,
		0,
		-0.588682,
		0.565479,
		-0.242809,
		1,
	},
	[0.8333333333333334] = {
		-0.306217,
		0.021709,
		0.951714,
		0,
		-0.029482,
		-0.999477,
		0.013312,
		0,
		0.951505,
		-0.023982,
		0.306697,
		0,
		-0.623323,
		0.540146,
		-0.26138,
		1,
	},
	[0.85] = {
		-0.321925,
		0.024002,
		0.946461,
		0,
		0.003041,
		-0.999647,
		0.026385,
		0,
		0.94676,
		0.011372,
		0.321739,
		0,
		-0.654753,
		0.511088,
		-0.280476,
		1,
	},
	[0.8666666666666667] = {
		-0.337853,
		0.02706,
		0.94081,
		0,
		0.03663,
		-0.998451,
		0.041873,
		0,
		0.940486,
		0.048609,
		0.336338,
		0,
		-0.680224,
		0.477807,
		-0.300456,
		1,
	},
	[0.8833333333333333] = {
		-0.354049,
		0.031369,
		0.934701,
		0,
		0.069446,
		-0.995796,
		0.059724,
		0,
		0.932645,
		0.086056,
		0.350382,
		0,
		-0.700418,
		0.439665,
		-0.321723,
		1,
	},
	[0.8] = {
		-0.281005,
		0.017442,
		0.959548,
		0,
		-0.0827,
		-0.996556,
		-0.006105,
		0,
		0.956136,
		-0.08107,
		0.28148,
		0,
		-0.554201,
		0.58777,
		-0.2244,
		1,
	},
	[0.9166666666666666] = {
		-0.387456,
		0.044839,
		0.920797,
		0,
		0.125781,
		-0.986905,
		0.100985,
		0,
		0.913267,
		0.154946,
		0.376742,
		0,
		-0.727325,
		0.354806,
		-0.369603,
		1,
	},
	[0.9333333333333333] = {
		-0.404868,
		0.052965,
		0.91284,
		0,
		0.146563,
		-0.981654,
		0.121962,
		0,
		0.902553,
		0.183167,
		0.389677,
		0,
		-0.735068,
		0.313738,
		-0.396935,
		1,
	},
	[0.95] = {
		-0.422842,
		0.061787,
		0.904095,
		0,
		0.163842,
		-0.976019,
		0.14333,
		0,
		0.891269,
		0.208735,
		0.402578,
		0,
		-0.739708,
		0.276961,
		-0.424689,
		1,
	},
	[0.9666666666666667] = {
		-0.441424,
		0.071299,
		0.894461,
		0,
		0.18019,
		-0.969488,
		0.166205,
		0,
		0.87902,
		0.23454,
		0.415108,
		0,
		-0.741772,
		0.247003,
		-0.45059,
		1,
	},
	[0.9833333333333333] = {
		-0.460806,
		0.081502,
		0.883751,
		0,
		0.19524,
		-0.962071,
		0.190527,
		0,
		0.865759,
		0.260339,
		0.427416,
		0,
		-0.742093,
		0.222561,
		-0.474583,
		1,
	},
	[0.9] = {
		-0.370553,
		0.037413,
		0.928058,
		0,
		0.099656,
		-0.991819,
		0.079774,
		0,
		0.92345,
		0.122047,
		0.363793,
		0,
		-0.715948,
		0.397634,
		-0.344654,
		1,
	},
	[1.0166666666666666] = {
		-0.501899,
		0.103962,
		0.858655,
		0,
		0.220056,
		-0.944734,
		0.24301,
		0,
		0.836464,
		0.310919,
		0.451284,
		0,
		-0.739045,
		0.183054,
		-0.516661,
		1,
	},
	[1.0333333333333334] = {
		-0.523223,
		0.116217,
		0.844234,
		0,
		0.229203,
		-0.934963,
		0.270758,
		0,
		0.820795,
		0.335168,
		0.462557,
		0,
		-0.735743,
		0.169278,
		-0.534572,
		1,
	},
	[1.05] = {
		-0.544797,
		0.129232,
		0.82855,
		0,
		0.235816,
		-0.924571,
		0.299265,
		0,
		0.804728,
		0.358424,
		0.473228,
		0,
		-0.731316,
		0.160307,
		-0.550285,
		1,
	},
	[1.0666666666666667] = {
		-0.566425,
		0.143022,
		0.811608,
		0,
		0.239688,
		-0.913662,
		0.328286,
		0,
		0.788487,
		0.380482,
		0.48324,
		0,
		-0.725817,
		0.156749,
		-0.563718,
		1,
	},
	[1.0833333333333333] = {
		-0.587927,
		0.157464,
		0.79344,
		0,
		0.24072,
		-0.902376,
		0.357452,
		0,
		0.772267,
		0.401152,
		0.492626,
		0,
		-0.7194,
		0.156943,
		-0.574823,
		1,
	},
	{
		-0.481029,
		0.092389,
		0.871823,
		0,
		0.208638,
		-0.953798,
		0.216192,
		0,
		0.851517,
		0.285891,
		0.439529,
		0,
		-0.741174,
		0.201028,
		-0.496636,
		1,
	},
	[1.1166666666666667] = {
		-0.629875,
		0.187801,
		0.75365,
		0,
		0.234059,
		-0.879323,
		0.414737,
		0,
		0.74059,
		0.437631,
		0.509907,
		0,
		-0.704421,
		0.161966,
		-0.58984,
		1,
	},
	[1.1333333333333333] = {
		-0.650011,
		0.203447,
		0.732185,
		0,
		0.226366,
		-0.86792,
		0.442123,
		0,
		0.725427,
		0.453126,
		0.518104,
		0,
		-0.696035,
		0.166512,
		-0.593606,
		1,
	},
	[1.15] = {
		-0.669405,
		0.219246,
		0.709809,
		0,
		0.215819,
		-0.85686,
		0.468201,
		0,
		0.710858,
		0.466606,
		0.526269,
		0,
		-0.687168,
		0.172228,
		-0.59478,
		1,
	},
	[1.1666666666666667] = {
		-0.687942,
		0.235073,
		0.686641,
		0,
		0.202501,
		-0.846348,
		0.492634,
		0,
		0.696943,
		0.477949,
		0.534636,
		0,
		-0.677905,
		0.178985,
		-0.594051,
		1,
	},
	[1.1833333333333333] = {
		-0.705524,
		0.250807,
		0.662821,
		0,
		0.186518,
		-0.836592,
		0.515096,
		0,
		0.683701,
		0.487041,
		0.543456,
		0,
		-0.668332,
		0.186653,
		-0.592226,
		1,
	},
	[1.1] = {
		-0.609131,
		0.172432,
		0.774098,
		0,
		0.23885,
		-0.890871,
		0.386392,
		0,
		0.756248,
		0.420256,
		0.501472,
		0,
		-0.712239,
		0.15873,
		-0.583555,
		1,
	},
	[1.2166666666666666] = {
		-0.737722,
		0.281013,
		0.613839,
		0,
		0.150104,
		-0.818214,
		0.554973,
		0,
		0.658206,
		0.501555,
		0.561433,
		0,
		-0.648755,
		0.203753,
		-0.58575,
		1,
	},
	[1.2333333333333334] = {
		-0.752246,
		0.295269,
		0.589018,
		0,
		0.130702,
		-0.809328,
		0.57263,
		0,
		0.645788,
		0.507745,
		0.570221,
		0,
		-0.638937,
		0.21296,
		-0.581325,
		1,
	},
	[1.25] = {
		-0.765641,
		0.308951,
		0.564219,
		0,
		0.110703,
		-0.800744,
		0.588689,
		0,
		0.63367,
		0.513185,
		0.578881,
		0,
		-0.62919,
		0.222556,
		-0.576258,
		1,
	},
	[1.2666666666666666] = {
		-0.777865,
		0.322069,
		0.539628,
		0,
		0.090267,
		-0.792523,
		0.603125,
		0,
		0.621915,
		0.51786,
		0.587403,
		0,
		-0.619571,
		0.232494,
		-0.570658,
		1,
	},
	[1.2833333333333334] = {
		-0.788885,
		0.334646,
		0.515434,
		0,
		0.069561,
		-0.784715,
		0.615942,
		0,
		0.610591,
		0.521761,
		0.595771,
		0,
		-0.610134,
		0.242721,
		-0.564638,
		1,
	},
	[1.2] = {
		-0.722125,
		0.266187,
		0.638498,
		0,
		0.168756,
		-0.827329,
		0.535768,
		0,
		0.670863,
		0.494642,
		0.552514,
		0,
		-0.658576,
		0.194973,
		-0.589421,
		1,
	},
	[1.3166666666666667] = {
		-0.807258,
		0.358306,
		0.468989,
		0,
		0.028014,
		-0.770471,
		0.636859,
		0,
		0.589533,
		0.527248,
		0.611932,
		0,
		-0.591983,
		0.263804,
		-0.551772,
		1,
	},
	[1.3333333333333333] = {
		-0.814609,
		0.369473,
		0.447104,
		0,
		0.007509,
		-0.764072,
		0.645087,
		0,
		0.579961,
		0.528851,
		0.619646,
		0,
		-0.583336,
		0.274522,
		-0.545145,
		1,
	},
	[1.35] = {
		-0.820799,
		0.380156,
		0.426345,
		0,
		-0.012505,
		-0.75816,
		0.651949,
		0,
		0.57108,
		0.529788,
		0.627051,
		0,
		-0.575045,
		0.285187,
		-0.538534,
		1,
	},
	[1.3666666666666667] = {
		-0.825941,
		0.390216,
		0.406881,
		0,
		-0.031703,
		-0.752739,
		0.657555,
		0,
		0.562864,
		0.530203,
		0.634089,
		0,
		-0.567198,
		0.295589,
		-0.532047,
		1,
	},
	[1.3833333333333333] = {
		-0.830132,
		0.399574,
		0.388872,
		0,
		-0.049829,
		-0.74782,
		0.662029,
		0,
		0.555336,
		0.530195,
		0.640699,
		0,
		-0.559865,
		0.305569,
		-0.525791,
		1,
	},
	[1.3] = {
		-0.798685,
		0.346712,
		0.491826,
		0,
		0.048754,
		-0.777356,
		0.627169,
		0,
		0.599771,
		0.524889,
		0.603959,
		0,
		-0.600926,
		0.25318,
		-0.558306,
		1,
	},
	[1.4166666666666667] = {
		-0.836074,
		0.415858,
		0.35783,
		0,
		-0.081892,
		-0.739533,
		0.66812,
		0,
		0.542471,
		0.529295,
		0.652359,
		0,
		-0.54702,
		0.323617,
		-0.514402,
		1,
	},
	[1.4333333333333333] = {
		-0.838039,
		0.422621,
		0.345083,
		0,
		-0.095368,
		-0.736197,
		0.670015,
		0,
		0.537212,
		0.528588,
		0.657266,
		0,
		-0.541653,
		0.331366,
		-0.50948,
		1,
	},
	[1.45] = {
		-0.839471,
		0.428354,
		0.334368,
		0,
		-0.106848,
		-0.733423,
		0.671323,
		0,
		0.532797,
		0.52783,
		0.661455,
		0,
		-0.537088,
		0.338054,
		-0.505215,
		1,
	},
	[1.4666666666666666] = {
		-0.840466,
		0.43297,
		0.325814,
		0,
		-0.116123,
		-0.731231,
		0.672174,
		0,
		0.529276,
		0.527104,
		0.664852,
		0,
		-0.533401,
		0.343524,
		-0.501712,
		1,
	},
	[1.4833333333333334] = {
		-0.841106,
		0.436382,
		0.319548,
		0,
		-0.122991,
		-0.729641,
		0.672679,
		0,
		0.5267,
		0.526493,
		0.667377,
		0,
		-0.530668,
		0.347622,
		-0.499077,
		1,
	},
	[1.4] = {
		-0.833474,
		0.408149,
		0.372473,
		0,
		-0.066637,
		-0.743413,
		0.665505,
		0,
		0.548526,
		0.529861,
		0.646813,
		0,
		-0.553115,
		0.314965,
		-0.519874,
		1,
	},
	[1.5166666666666666] = {
		-0.841571,
		0.439226,
		0.314386,
		0,
		-0.128718,
		-0.728348,
		0.673009,
		0,
		0.524585,
		0.525918,
		0.669493,
		0,
		-0.528386,
		0.351083,
		-0.496841,
		1,
	},
	[1.5] = {
		-0.841459,
		0.438499,
		0.315697,
		0,
		-0.127254,
		-0.728674,
		0.672934,
		0,
		0.525121,
		0.526073,
		0.66895,
		0,
		-0.52897,
		0.350192,
		-0.497418,
		1,
	},
}

return spline_matrices
