-- chunkname: @content/characters/player/human/first_person/animations/assault_shield_maul/heavy_attack_right_down.lua

local spline_matrices = {
	[0.016666666666666666] = {
		-0.906243,
		0.210536,
		-0.366603,
		0,
		0.378219,
		0.016345,
		-0.925572,
		0,
		-0.188874,
		-0.977449,
		-0.094441,
		0,
		-0.16251,
		0.103346,
		0.245465,
		1,
	},
	[0.03333333333333333] = {
		-0.902358,
		0.199609,
		-0.381976,
		0,
		0.400342,
		0.059977,
		-0.914401,
		0,
		-0.159613,
		-0.978038,
		-0.134033,
		0,
		-0.164363,
		0.109513,
		0.250506,
		1,
	},
	[0.05] = {
		-0.89895,
		0.183961,
		-0.397552,
		0,
		0.419983,
		0.103985,
		-0.901555,
		0,
		-0.124512,
		-0.977418,
		-0.170738,
		0,
		-0.165619,
		0.119929,
		0.256096,
		1,
	},
	[0.06666666666666667] = {
		-0.894717,
		0.164882,
		-0.415085,
		0,
		0.437356,
		0.135002,
		-0.889097,
		0,
		-0.090559,
		-0.97703,
		-0.192901,
		0,
		-0.16602,
		0.134311,
		0.260144,
		1,
	},
	[0.08333333333333333] = {
		-0.88899,
		0.144394,
		-0.434565,
		0,
		0.453104,
		0.140017,
		-0.880393,
		0,
		-0.066277,
		-0.979564,
		-0.189899,
		0,
		-0.165323,
		0.152336,
		0.260738,
		1,
	},
	[0] = {
		-0.91215,
		0.216424,
		-0.348057,
		0,
		0.35373,
		-0.013244,
		-0.935254,
		0,
		-0.207022,
		-0.97621,
		-0.064475,
		0,
		-0.160303,
		0.101712,
		0.243282,
		1,
	},
	[0.11666666666666667] = {
		-0.869859,
		0.12529,
		-0.477124,
		0,
		0.482401,
		0.013856,
		-0.875841,
		0,
		-0.103123,
		-0.992023,
		-0.072493,
		0,
		-0.155642,
		0.198356,
		0.246549,
		1,
	},
	[0.13333333333333333] = {
		-0.851455,
		0.143417,
		-0.504436,
		0,
		0.489056,
		-0.13013,
		-0.862491,
		0,
		-0.189338,
		-0.98107,
		0.04066,
		0,
		-0.140233,
		0.227267,
		0.234661,
		1,
	},
	[0.15] = {
		-0.832724,
		0.147494,
		-0.533682,
		0,
		0.476592,
		-0.299682,
		-0.826469,
		0,
		-0.281834,
		-0.942569,
		0.179258,
		0,
		-0.120578,
		0.259944,
		0.220684,
		1,
	},
	[0.16666666666666666] = {
		-0.830361,
		0.101286,
		-0.547943,
		0,
		0.448769,
		-0.46135,
		-0.765351,
		0,
		-0.330313,
		-0.881418,
		0.337633,
		0,
		-0.101454,
		0.29723,
		0.204031,
		1,
	},
	[0.18333333333333332] = {
		-0.879704,
		-0.046306,
		-0.473262,
		0,
		0.4064,
		-0.589967,
		-0.697695,
		0,
		-0.246902,
		-0.806099,
		0.537815,
		0,
		-0.082326,
		0.353679,
		0.181807,
		1,
	},
	[0.1] = {
		-0.88187,
		0.124794,
		-0.454678,
		0,
		0.467473,
		0.105769,
		-0.877657,
		0,
		-0.061436,
		-0.986529,
		-0.151613,
		0,
		-0.163257,
		0.173606,
		0.255975,
		1,
	},
	[0.21666666666666667] = {
		-0.830481,
		-0.318522,
		-0.456996,
		0,
		0.431825,
		-0.886372,
		-0.166946,
		0,
		-0.351893,
		-0.335988,
		0.873661,
		0,
		-0.028503,
		0.508305,
		0.089999,
		1,
	},
	[0.23333333333333334] = {
		-0.933727,
		-0.137903,
		-0.330359,
		0,
		-0.026968,
		-0.893107,
		0.449036,
		0,
		-0.356969,
		0.428186,
		0.830199,
		0,
		0.067016,
		0.659814,
		-0.079032,
		1,
	},
	[0.25] = {
		-0.949611,
		-0.059425,
		-0.307747,
		0,
		-0.219926,
		-0.573247,
		0.789316,
		0,
		-0.22332,
		0.817225,
		0.531292,
		0,
		0.107084,
		0.624079,
		-0.225965,
		1,
	},
	[0.26666666666666666] = {
		-0.94596,
		-0.044879,
		-0.321164,
		0,
		-0.313635,
		-0.125103,
		0.941266,
		0,
		-0.082422,
		0.991128,
		0.104267,
		0,
		0.16231,
		0.547397,
		-0.346783,
		1,
	},
	[0.2833333333333333] = {
		-0.878855,
		0.406413,
		0.249884,
		0,
		0.326776,
		0.131169,
		0.935955,
		0,
		0.347607,
		0.904225,
		-0.248084,
		0,
		0.126404,
		0.471073,
		-0.419046,
		1,
	},
	[0.2] = {
		-0.898683,
		-0.207096,
		-0.386626,
		0,
		0.403181,
		-0.737102,
		-0.542334,
		0,
		-0.172668,
		-0.643266,
		0.745918,
		0,
		-0.061612,
		0.426059,
		0.145894,
		1,
	},
	[0.31666666666666665] = {
		-0.979782,
		0.141756,
		0.141184,
		0,
		0.159082,
		0.124051,
		0.979441,
		0,
		0.121328,
		0.982098,
		-0.144093,
		0,
		0.373423,
		0.132003,
		-0.588467,
		1,
	},
	[0.3333333333333333] = {
		-0.999217,
		-0.037495,
		-0.012631,
		0,
		-0.015412,
		0.074829,
		0.997077,
		0,
		-0.03644,
		0.996491,
		-0.075348,
		0,
		0.448951,
		0.014615,
		-0.632845,
		1,
	},
	[0.35] = {
		-0.996821,
		-0.065251,
		-0.045711,
		0,
		-0.051661,
		0.092628,
		0.99436,
		0,
		-0.060649,
		0.99356,
		-0.095704,
		0,
		0.452646,
		-0.045555,
		-0.632948,
		1,
	},
	[0.36666666666666664] = {
		-0.997735,
		-0.044116,
		-0.050789,
		0,
		-0.056279,
		0.133739,
		0.989417,
		0,
		-0.036856,
		0.990034,
		-0.135919,
		0,
		0.45147,
		-0.084258,
		-0.627814,
		1,
	},
	[0.38333333333333336] = {
		-0.999105,
		0.005921,
		-0.041875,
		0,
		-0.040015,
		0.188146,
		0.981326,
		0,
		0.013689,
		0.982123,
		-0.187741,
		0,
		0.44715,
		-0.106357,
		-0.620037,
		1,
	},
	[0.3] = {
		-0.877365,
		0.380939,
		0.291747,
		0,
		0.370802,
		0.152393,
		0.916124,
		0,
		0.304527,
		0.911955,
		-0.274957,
		0,
		0.231703,
		0.30689,
		-0.496962,
		1,
	},
	[0.4166666666666667] = {
		-0.99375,
		0.107429,
		-0.030325,
		0,
		0.00264,
		0.294201,
		0.95574,
		0,
		0.111596,
		0.949687,
		-0.292646,
		0,
		0.437637,
		-0.119454,
		-0.607999,
		1,
	},
	[0.43333333333333335] = {
		-0.993724,
		0.108267,
		-0.028125,
		0,
		0.004753,
		0.292069,
		0.956385,
		0,
		0.111759,
		0.950249,
		-0.290751,
		0,
		0.436345,
		-0.118439,
		-0.609125,
		1,
	},
	[0.45] = {
		-0.99368,
		0.109237,
		-0.025824,
		0,
		0.007093,
		0.290709,
		0.956785,
		0,
		0.112023,
		0.950555,
		-0.289647,
		0,
		0.434917,
		-0.117984,
		-0.610234,
		1,
	},
	[0.4666666666666667] = {
		-0.993618,
		0.110317,
		-0.023541,
		0,
		0.009549,
		0.290206,
		0.956917,
		0,
		0.112396,
		0.950584,
		-0.289407,
		0,
		0.433421,
		-0.118135,
		-0.611268,
		1,
	},
	[0.48333333333333334] = {
		-0.993535,
		0.111489,
		-0.021396,
		0,
		0.012011,
		0.290646,
		0.956755,
		0,
		0.112886,
		0.950313,
		-0.290106,
		0,
		0.431927,
		-0.118939,
		-0.612169,
		1,
	},
	[0.4] = {
		-0.99747,
		0.063622,
		-0.031716,
		0,
		-0.015219,
		0.244685,
		0.969483,
		0,
		0.069441,
		0.967513,
		-0.243098,
		0,
		0.441799,
		-0.116323,
		-0.612379,
		1,
	},
	[0.5166666666666667] = {
		-0.993315,
		0.114052,
		-0.017837,
		0,
		0.016509,
		0.293273,
		0.955886,
		0,
		0.114252,
		0.949201,
		-0.293195,
		0,
		0.429221,
		-0.121781,
		-0.613512,
		1,
	},
	[0.5333333333333333] = {
		-0.99318,
		0.115405,
		-0.0166,
		0,
		0.018324,
		0.295107,
		0.955289,
		0,
		0.115144,
		0.948469,
		-0.295209,
		0,
		0.428148,
		-0.123573,
		-0.613903,
		1,
	},
	[0.55] = {
		-0.993032,
		0.116774,
		-0.015866,
		0,
		0.019702,
		0.29725,
		0.954596,
		0,
		0.116189,
		0.947632,
		-0.297479,
		0,
		0.427354,
		-0.125574,
		-0.61405,
		1,
	},
	[0.5666666666666667] = {
		-0.992873,
		0.118131,
		-0.015741,
		0,
		0.020534,
		0.299676,
		0.95382,
		0,
		0.117393,
		0.946699,
		-0.299966,
		0,
		0.426912,
		-0.127754,
		-0.613908,
		1,
	},
	[0.5833333333333334] = {
		-0.992715,
		0.119422,
		-0.015977,
		0,
		0.021036,
		0.302356,
		0.952963,
		0,
		0.118635,
		0.945684,
		-0.302666,
		0,
		0.426675,
		-0.130072,
		-0.613586,
		1,
	},
	[0.5] = {
		-0.993434,
		0.112738,
		-0.019471,
		0,
		0.014367,
		0.291777,
		0.956379,
		0,
		0.113502,
		0.949819,
		-0.291481,
		0,
		0.430504,
		-0.120227,
		-0.612919,
		1,
	},
	[0.6166666666666667] = {
		-0.992441,
		0.121594,
		-0.016582,
		0,
		0.021892,
		0.308376,
		0.951013,
		0,
		0.120751,
		0.943461,
		-0.308707,
		0,
		0.426271,
		-0.134959,
		-0.612811,
		1,
	},
	[0.6333333333333333] = {
		-0.992335,
		0.122411,
		-0.016948,
		0,
		0.022221,
		0.311661,
		0.949933,
		0,
		0.121564,
		0.942275,
		-0.311992,
		0,
		0.426115,
		-0.137465,
		-0.612362,
		1,
	},
	[0.65] = {
		-0.992255,
		0.123003,
		-0.017353,
		0,
		0.022468,
		0.315093,
		0.948795,
		0,
		0.122172,
		0.941056,
		-0.315416,
		0,
		0.425998,
		-0.139968,
		-0.611876,
		1,
	},
	[0.6666666666666666] = {
		-0.992205,
		0.123339,
		-0.017791,
		0,
		0.022619,
		0.318646,
		0.947604,
		0,
		0.122546,
		0.939815,
		-0.318952,
		0,
		0.425926,
		-0.142438,
		-0.611356,
		1,
	},
	[0.6833333333333333] = {
		-0.992191,
		0.123386,
		-0.01826,
		0,
		0.022662,
		0.322292,
		0.946369,
		0,
		0.122653,
		0.938565,
		-0.322572,
		0,
		0.425906,
		-0.144843,
		-0.610805,
		1,
	},
	[0.6] = {
		-0.99257,
		0.120587,
		-0.016258,
		0,
		0.021493,
		0.305266,
		0.952025,
		0,
		0.119765,
		0.944601,
		-0.305589,
		0,
		0.42646,
		-0.132485,
		-0.613219,
		1,
	},
	[0.7166666666666667] = {
		-0.992227,
		0.122942,
		-0.019246,
		0,
		0.022551,
		0.329748,
		0.9438,
		0,
		0.122379,
		0.93603,
		-0.329958,
		0,
		0.425958,
		-0.149526,
		-0.609639,
		1,
	},
	[0.7333333333333333] = {
		-0.992263,
		0.122572,
		-0.019746,
		0,
		0.022441,
		0.3335,
		0.942483,
		0,
		0.122107,
		0.934748,
		-0.333671,
		0,
		0.426011,
		-0.15182,
		-0.609035,
		1,
	},
	[0.75] = {
		-0.992309,
		0.12212,
		-0.020244,
		0,
		0.022301,
		0.337232,
		0.941157,
		0,
		0.121761,
		0.933467,
		-0.337362,
		0,
		0.426077,
		-0.154066,
		-0.608424,
		1,
	},
	[0.7666666666666667] = {
		-0.992363,
		0.1216,
		-0.020736,
		0,
		0.022136,
		0.340916,
		0.939833,
		0,
		0.121353,
		0.932196,
		-0.341004,
		0,
		0.426156,
		-0.156253,
		-0.607811,
		1,
	},
	[0.7833333333333333] = {
		-0.992423,
		0.121024,
		-0.021217,
		0,
		0.02195,
		0.344525,
		0.938521,
		0,
		0.120893,
		0.930944,
		-0.344571,
		0,
		0.426244,
		-0.158367,
		-0.607202,
		1,
	},
	[0.7] = {
		-0.992203,
		0.123218,
		-0.018749,
		0,
		0.022626,
		0.326003,
		0.945098,
		0,
		0.122565,
		0.937304,
		-0.326249,
		0,
		0.425923,
		-0.147196,
		-0.610231,
		1,
	},
	[0.8166666666666667] = {
		-0.992556,
		0.119761,
		-0.022127,
		0,
		0.021535,
		0.35141,
		0.935974,
		0,
		0.119868,
		0.92853,
		-0.351373,
		0,
		0.42644,
		-0.162333,
		-0.606016,
		1,
	},
	[0.8333333333333334] = {
		-0.992626,
		0.1191,
		-0.022549,
		0,
		0.021316,
		0.354632,
		0.934763,
		0,
		0.119327,
		0.927389,
		-0.354556,
		0,
		0.426544,
		-0.164161,
		-0.60545,
		1,
	},
	[0.85] = {
		-0.992696,
		0.118437,
		-0.022944,
		0,
		0.021095,
		0.357673,
		0.933609,
		0,
		0.118781,
		0.926306,
		-0.357559,
		0,
		0.426648,
		-0.16587,
		-0.604911,
		1,
	},
	[0.8666666666666667] = {
		-0.992765,
		0.117787,
		-0.023309,
		0,
		0.020877,
		0.360505,
		0.932524,
		0,
		0.118243,
		0.92529,
		-0.360356,
		0,
		0.42675,
		-0.167448,
		-0.604404,
		1,
	},
	[0.8833333333333333] = {
		-0.992831,
		0.117163,
		-0.023642,
		0,
		0.020667,
		0.363103,
		0.93152,
		0,
		0.117724,
		0.924354,
		-0.362921,
		0,
		0.426849,
		-0.168883,
		-0.603934,
		1,
	},
	[0.8] = {
		-0.992488,
		0.120407,
		-0.021682,
		0,
		0.021748,
		0.348032,
		0.93723,
		0,
		0.120395,
		0.929718,
		-0.348036,
		0,
		0.426339,
		-0.160398,
		-0.606602,
		1,
	},
	[0.9166666666666666] = {
		-0.992949,
		0.116045,
		-0.024196,
		0,
		0.02029,
		0.367488,
		0.929807,
		0,
		0.116791,
		0.92276,
		-0.367251,
		0,
		0.427026,
		-0.171281,
		-0.603133,
		1,
	},
	[0.9] = {
		-0.992893,
		0.116577,
		-0.023938,
		0,
		0.02047,
		0.365439,
		0.93061,
		0,
		0.117236,
		0.923506,
		-0.365228,
		0,
		0.426941,
		-0.170165,
		-0.603509,
		1,
	},
}

return spline_matrices
