local spline_matrices = {
	[0] = {
		-0.819898,
		0.443947,
		0.361495,
		0,
		0.562602,
		0.507813,
		0.652384,
		0,
		0.106052,
		0.738266,
		-0.66612,
		0,
		-0.132164,
		0.067398,
		-0.762919,
		1
	},
	{
		-0.896451,
		0.306637,
		0.319919,
		0,
		0.415615,
		0.331296,
		0.847058,
		0,
		0.153751,
		0.892309,
		-0.424434,
		0,
		-0.085018,
		0.04369,
		-0.75348,
		1
	},
	[0.0333333333333] = {
		-0.734305,
		0.618887,
		0.27888,
		0,
		0.606092,
		0.412738,
		0.679927,
		0,
		0.305694,
		0.668301,
		-0.678178,
		0,
		-0.115129,
		0.084419,
		-0.77974,
		1
	},
	[0.0666666666667] = {
		0.298182,
		0.839123,
		0.454928,
		0,
		0.381435,
		-0.541654,
		0.749079,
		0,
		0.874983,
		-0.049837,
		-0.481582,
		0,
		0.044961,
		0.175887,
		-0.747565,
		1
	},
	[0.133333333333] = {
		0.600481,
		0.149833,
		0.785476,
		0,
		-0.291985,
		-0.873377,
		0.389818,
		0,
		0.744424,
		-0.463426,
		-0.480697,
		0,
		0.359027,
		0.348286,
		-0.524564,
		1
	},
	[0.166666666667] = {
		0.518396,
		-0.174844,
		0.837075,
		0,
		-0.459369,
		-0.882583,
		0.100135,
		0,
		0.721281,
		-0.436436,
		-0.537845,
		0,
		0.472345,
		0.442663,
		-0.421166,
		1
	},
	[0.1] = {
		0.573418,
		0.515212,
		0.636984,
		0,
		0.017,
		-0.784824,
		0.619486,
		0,
		0.819086,
		-0.344396,
		-0.458791,
		0,
		0.204564,
		0.26099,
		-0.635124,
		1
	},
	[0.233333333333] = {
		0.646676,
		-0.284752,
		0.70762,
		0,
		0.174339,
		-0.847969,
		-0.500555,
		0,
		0.742574,
		0.447063,
		-0.498718,
		0,
		0.298971,
		0.667357,
		-0.209668,
		1
	},
	[0.266666666667] = {
		0.771309,
		-0.136145,
		0.62173,
		0,
		0.562171,
		-0.312271,
		-0.765801,
		0,
		0.298408,
		0.940187,
		-0.164321,
		0,
		0.021779,
		0.742385,
		-0.034161,
		1
	},
	[0.2] = {
		0.482602,
		-0.409367,
		0.774283,
		0,
		-0.438487,
		-0.878206,
		-0.191008,
		0,
		0.758172,
		-0.247332,
		-0.603326,
		0,
		0.488251,
		0.53729,
		-0.324705,
		1
	},
	[0.333333333333] = {
		0.720511,
		0.086884,
		0.687979,
		0,
		0.506127,
		0.612306,
		-0.607386,
		0,
		-0.474026,
		0.785833,
		0.397198,
		0,
		-0.409176,
		0.34836,
		0.214492,
		1
	},
	[0.366666666667] = {
		0.610198,
		-0.002455,
		0.792245,
		0,
		0.402157,
		0.86254,
		-0.307074,
		0,
		-0.682589,
		0.505983,
		0.527308,
		0,
		-0.465779,
		0.09417,
		0.183178,
		1
	},
	[0.3] = {
		0.73161,
		-0.021611,
		0.68138,
		0,
		0.666747,
		0.23103,
		-0.708571,
		0,
		-0.142106,
		0.972707,
		0.183433,
		0,
		-0.246271,
		0.576499,
		0.102969,
		1
	},
	[0.433333333333] = {
		0.355982,
		-0.305793,
		0.883044,
		0,
		0.278555,
		0.936711,
		0.212083,
		0,
		-0.892011,
		0.170479,
		0.418633,
		0,
		-0.466533,
		-0.1969,
		-0.012229,
		1
	},
	[0.466666666667] = {
		0.209269,
		-0.35753,
		0.910153,
		0,
		0.210408,
		0.925423,
		0.31515,
		0,
		-0.954953,
		0.125553,
		0.26889,
		0,
		-0.461591,
		-0.225517,
		-0.108071,
		1
	},
	[0.4] = {
		0.483064,
		-0.196121,
		0.853338,
		0,
		0.348238,
		0.937228,
		0.018269,
		0,
		-0.803356,
		0.288339,
		0.521038,
		0,
		-0.464208,
		-0.123853,
		0.084269,
		1
	},
	[0.533333333333] = {
		-0.139397,
		-0.366536,
		0.919902,
		0,
		0.130939,
		0.913992,
		0.384023,
		0,
		-0.981541,
		0.173982,
		-0.079414,
		0,
		-0.425474,
		-0.238184,
		-0.302003,
		1
	},
	[0.566666666667] = {
		-0.312423,
		-0.339137,
		0.887343,
		0,
		0.124362,
		0.91146,
		0.392141,
		0,
		-0.941768,
		0.232865,
		-0.242585,
		0,
		-0.400246,
		-0.229612,
		-0.391818,
		1
	},
	[0.5] = {
		0.040361,
		-0.375746,
		0.925843,
		0,
		0.159511,
		0.917138,
		0.365259,
		0,
		-0.986371,
		0.13294,
		0.096952,
		0,
		-0.446763,
		-0.238105,
		-0.205881,
		1
	},
	[0.633333333333] = {
		-0.577202,
		-0.287233,
		0.764418,
		0,
		0.150646,
		0.882576,
		0.445383,
		0,
		-0.802586,
		0.372232,
		-0.466154,
		0,
		-0.346432,
		-0.199988,
		-0.532507,
		1
	},
	[0.666666666667] = {
		-0.680444,
		-0.24907,
		0.689174,
		0,
		0.194064,
		0.845641,
		0.497223,
		0,
		-0.706637,
		0.472076,
		-0.527075,
		0,
		-0.313207,
		-0.168895,
		-0.58823,
		1
	},
	[0.6] = {
		-0.46099,
		-0.308337,
		0.832116,
		0,
		0.133098,
		0.903064,
		0.408363,
		0,
		-0.877367,
		0.299004,
		-0.375264,
		0,
		-0.373422,
		-0.216427,
		-0.470015,
		1
	},
	[0.733333333333] = {
		-0.839518,
		-0.095269,
		0.534915,
		0,
		0.321041,
		0.707286,
		0.629825,
		0,
		-0.438341,
		0.700479,
		-0.563194,
		0,
		-0.230612,
		-0.076487,
		-0.682157,
		1
	},
	[0.766666666667] = {
		-0.88357,
		0.008267,
		0.468226,
		0,
		0.375388,
		0.610272,
		0.697605,
		0,
		-0.279978,
		0.792149,
		-0.542321,
		0,
		-0.186033,
		-0.029073,
		-0.717112,
		1
	},
	[0.7] = {
		-0.770177,
		-0.184278,
		0.61063,
		0,
		0.255935,
		0.787617,
		0.560497,
		0,
		-0.58423,
		0.587964,
		-0.559441,
		0,
		-0.274048,
		-0.125455,
		-0.638589,
		1
	},
	[0.833333333333] = {
		-0.905196,
		0.201543,
		0.374167,
		0,
		0.424978,
		0.421448,
		0.801109,
		0,
		0.003766,
		0.884173,
		-0.467145,
		0,
		-0.113628,
		0.037423,
		-0.756667,
		1
	},
	[0.866666666667] = {
		-0.900742,
		0.265426,
		0.343821,
		0,
		0.423652,
		0.362235,
		0.830244,
		0,
		0.095824,
		0.893496,
		-0.438729,
		0,
		-0.096983,
		0.047916,
		-0.760905,
		1
	},
	[0.8] = {
		-0.903093,
		0.112039,
		0.414572,
		0,
		0.410403,
		0.509438,
		0.756335,
		0,
		-0.12646,
		0.853182,
		-0.506051,
		0,
		-0.14515,
		0.010516,
		-0.742102,
		1
	},
	[0.933333333333] = {
		-0.894637,
		0.31662,
		0.31524,
		0,
		0.413869,
		0.321437,
		0.851698,
		0,
		0.168335,
		0.892429,
		-0.418609,
		0,
		-0.087107,
		0.046801,
		-0.757886,
		1
	},
	[0.966666666667] = {
		-0.894769,
		0.316649,
		0.314838,
		0,
		0.413655,
		0.32226,
		0.851492,
		0,
		0.168164,
		0.892122,
		-0.419331,
		0,
		-0.085359,
		0.045355,
		-0.755784,
		1
	},
	[0.9] = {
		-0.896817,
		0.301344,
		0.323899,
		0,
		0.417269,
		0.332918,
		0.845608,
		0,
		0.146987,
		0.893509,
		-0.424308,
		0,
		-0.090819,
		0.047995,
		-0.759655,
		1
	},
	[1.03333333333] = {
		-0.898667,
		0.291507,
		0.327752,
		0,
		0.418346,
		0.345007,
		0.840212,
		0,
		0.131851,
		0.892185,
		-0.431997,
		0,
		-0.085515,
		0.041521,
		-0.751088,
		1
	},
	[1.06666666667] = {
		-0.900516,
		0.276276,
		0.335771,
		0,
		0.420755,
		0.358826,
		0.833192,
		0,
		0.109708,
		0.89158,
		-0.439373,
		0,
		-0.086265,
		0.03933,
		-0.748694,
		1
	},
	[1.13333333333] = {
		-0.901672,
		0.26463,
		0.341992,
		0,
		0.422365,
		0.369402,
		0.827738,
		0,
		0.092712,
		0.890793,
		-0.44485,
		0,
		-0.086619,
		0.037177,
		-0.745354,
		1
	},
	[1.1] = {
		-0.901535,
		0.266141,
		0.341179,
		0,
		0.422166,
		0.368028,
		0.828451,
		0,
		0.094922,
		0.890912,
		-0.444146,
		0,
		-0.086696,
		0.037651,
		-0.746412,
		1
	}
}

return spline_matrices
