-- chunkname: @content/characters/player/human/first_person/animations/power_maul/attack_right_down.lua

local spline_matrices = {
	[0.016666666666666666] = {
		-0.463206,
		0.040438,
		-0.885327,
		0,
		0.801982,
		-0.406022,
		-0.438145,
		0,
		-0.37718,
		-0.912968,
		0.155642,
		0,
		-0.371434,
		-0.110895,
		-0.177984,
		1,
	},
	[0.03333333333333333] = {
		-0.497784,
		0.030317,
		-0.866771,
		0,
		0.761929,
		-0.462154,
		-0.453738,
		0,
		-0.414337,
		-0.886282,
		0.206954,
		0,
		-0.365149,
		-0.101338,
		-0.15741,
		1,
	},
	[0.05] = {
		-0.534389,
		0.021606,
		-0.844962,
		0,
		0.715167,
		-0.521272,
		-0.46563,
		0,
		-0.450516,
		-0.853117,
		0.263111,
		0,
		-0.35482,
		-0.08871,
		-0.129254,
		1,
	},
	[0.06666666666666667] = {
		-0.571019,
		0.015289,
		-0.820794,
		0,
		0.663629,
		-0.579962,
		-0.472484,
		0,
		-0.483253,
		-0.8145,
		0.321023,
		0,
		-0.341516,
		-0.07393,
		-0.096324,
		1,
	},
	[0.08333333333333333] = {
		-0.605717,
		0.011785,
		-0.795593,
		0,
		0.610062,
		-0.635036,
		-0.473871,
		0,
		-0.510814,
		-0.772393,
		0.377462,
		0,
		-0.326414,
		-0.058017,
		-0.061387,
		1,
	},
	[0] = {
		-0.432568,
		0.050556,
		-0.900183,
		0,
		0.834227,
		-0.356264,
		-0.420882,
		0,
		-0.341981,
		-0.933017,
		0.111933,
		0,
		-0.372685,
		-0.116531,
		-0.188167,
		1,
	},
	[0.11666666666666667] = {
		-0.662564,
		0.01186,
		-0.748911,
		0,
		0.510729,
		-0.724222,
		-0.463312,
		0,
		-0.547873,
		-0.689465,
		0.473786,
		0,
		-0.296095,
		-0.027353,
		0.003843,
		1,
	},
	[0.13333333333333333] = {
		-0.68216,
		0.013711,
		-0.731074,
		0,
		0.472482,
		-0.754793,
		-0.455025,
		0,
		-0.558049,
		-0.655819,
		0.508411,
		0,
		-0.28375,
		-0.01508,
		0.028991,
		1,
	},
	[0.15] = {
		-0.694637,
		0.01517,
		-0.7192,
		0,
		0.446752,
		-0.774507,
		-0.44783,
		0,
		-0.563819,
		-0.632383,
		0.531225,
		0,
		-0.275267,
		-0.006595,
		0.045817,
		1,
	},
	[0.16666666666666666] = {
		-0.699082,
		0.014833,
		-0.714888,
		0,
		0.436982,
		-0.782499,
		-0.443557,
		0,
		-0.565978,
		-0.622476,
		0.540549,
		0,
		-0.27212,
		-0.003215,
		0.051878,
		1,
	},
	[0.18333333333333332] = {
		-0.699158,
		0.013336,
		-0.714843,
		0,
		0.436413,
		-0.783999,
		-0.441463,
		0,
		-0.566324,
		-0.620619,
		0.542318,
		0,
		-0.272116,
		-0.00289,
		0.051733,
		1,
	},
	[0.1] = {
		-0.636718,
		0.010894,
		-0.771019,
		0,
		0.557849,
		-0.683801,
		-0.470341,
		0,
		-0.532348,
		-0.729588,
		0.429311,
		0,
		-0.310807,
		-0.04209,
		-0.027133,
		1,
	},
	[0.21666666666666667] = {
		-0.827101,
		0.130774,
		-0.546628,
		0,
		0.3311,
		-0.672524,
		-0.66188,
		0,
		-0.454177,
		-0.72843,
		0.512946,
		0,
		-0.267539,
		-0.020241,
		0.130625,
		1,
	},
	[0.23333333333333334] = {
		-0.965314,
		0.181117,
		-0.188055,
		0,
		0.152512,
		-0.193454,
		-0.969183,
		0,
		-0.211916,
		-0.964247,
		0.159121,
		0,
		-0.245996,
		-0.062838,
		0.199473,
		1,
	},
	[0.25] = {
		-0.961311,
		0.197737,
		-0.191786,
		0,
		0.211521,
		0.083856,
		-0.97377,
		0,
		-0.176468,
		-0.976662,
		-0.122437,
		0,
		-0.253581,
		-0.035153,
		0.219713,
		1,
	},
	[0.26666666666666666] = {
		-0.890927,
		0.24305,
		-0.383634,
		0,
		0.397162,
		0.007296,
		-0.91772,
		0,
		-0.220252,
		-0.969986,
		-0.10303,
		0,
		-0.263495,
		0.046764,
		0.219931,
		1,
	},
	[0.2833333333333333] = {
		-0.847574,
		0.25604,
		-0.464824,
		0,
		0.455404,
		-0.098749,
		-0.884792,
		0,
		-0.272443,
		-0.961609,
		-0.032904,
		0,
		-0.245965,
		0.138898,
		0.221942,
		1,
	},
	[0.2] = {
		-0.699245,
		0.01201,
		-0.714782,
		0,
		0.436167,
		-0.785027,
		-0.439876,
		0,
		-0.566405,
		-0.619346,
		0.543687,
		0,
		-0.27211,
		-0.002714,
		0.051593,
		1,
	},
	[0.31666666666666665] = {
		-0.848878,
		0.079343,
		-0.5226,
		0,
		0.092417,
		-0.951165,
		-0.294525,
		0,
		-0.520447,
		-0.298313,
		0.80009,
		0,
		-0.130299,
		0.467103,
		0.165245,
		1,
	},
	[0.3333333333333333] = {
		-0.910397,
		-0.050584,
		-0.410633,
		0,
		-0.207548,
		-0.802749,
		0.559033,
		0,
		-0.357913,
		0.594168,
		0.720321,
		0,
		-0.008838,
		0.637891,
		-0.014078,
		1,
	},
	[0.35] = {
		-0.916152,
		-0.036153,
		-0.399197,
		0,
		-0.316821,
		-0.544768,
		0.776436,
		0,
		-0.245541,
		0.837807,
		0.487636,
		0,
		0.045386,
		0.643189,
		-0.107688,
		1,
	},
	[0.36666666666666664] = {
		-0.903622,
		-0.012157,
		-0.428159,
		0,
		-0.394786,
		-0.364149,
		0.843528,
		0,
		-0.166168,
		0.931261,
		0.324254,
		0,
		0.082533,
		0.638357,
		-0.179965,
		1,
	},
	[0.38333333333333336] = {
		-0.904425,
		-0.006395,
		-0.426586,
		0,
		-0.409328,
		-0.268885,
		0.871867,
		0,
		-0.120278,
		0.963151,
		0.240569,
		0,
		0.124487,
		0.616668,
		-0.262682,
		1,
	},
	[0.3] = {
		-0.851432,
		0.216092,
		-0.477878,
		0,
		0.389102,
		-0.350681,
		-0.851835,
		0,
		-0.351657,
		-0.911223,
		0.214499,
		0,
		-0.213659,
		0.240726,
		0.2371,
		1,
	},
	[0.4166666666666667] = {
		-0.901756,
		0.035992,
		-0.430745,
		0,
		-0.432246,
		-0.07459,
		0.898666,
		0,
		0.000215,
		0.996565,
		0.082819,
		0,
		0.202618,
		0.51427,
		-0.4426,
		1,
	},
	[0.43333333333333335] = {
		-0.923406,
		0.02379,
		-0.383086,
		0,
		-0.379967,
		0.08448,
		0.921134,
		0,
		0.054277,
		0.996141,
		-0.06897,
		0,
		0.232441,
		0.453624,
		-0.53827,
		1,
	},
	[0.45] = {
		-0.965845,
		-0.045303,
		-0.255131,
		0,
		-0.25759,
		0.274741,
		0.926372,
		0,
		0.028127,
		0.96045,
		-0.277027,
		0,
		0.227898,
		0.401757,
		-0.603475,
		1,
	},
	[0.4666666666666667] = {
		-0.987837,
		-0.104683,
		-0.114972,
		0,
		-0.150808,
		0.464948,
		0.872399,
		0,
		-0.037869,
		0.879128,
		-0.47508,
		0,
		0.203926,
		0.347982,
		-0.641041,
		1,
	},
	[0.48333333333333334] = {
		-0.993633,
		-0.112539,
		0.005375,
		0,
		-0.059743,
		0.566727,
		0.821736,
		0,
		-0.095524,
		0.816183,
		-0.569842,
		0,
		0.190536,
		0.313966,
		-0.672267,
		1,
	},
	[0.4] = {
		-0.90597,
		-0.000356,
		-0.423343,
		0,
		-0.414397,
		-0.203749,
		0.886996,
		0,
		-0.086572,
		0.979023,
		0.184443,
		0,
		0.16231,
		0.576893,
		-0.347279,
		1,
	},
	[0.5166666666666667] = {
		-0.978827,
		-0.010271,
		0.204432,
		0,
		0.159893,
		0.585192,
		0.794974,
		0,
		-0.127797,
		0.81083,
		-0.57116,
		0,
		0.202227,
		0.236861,
		-0.713121,
		1,
	},
	[0.5333333333333333] = {
		-0.94921,
		0.074758,
		0.305632,
		0,
		0.292974,
		0.564232,
		0.771886,
		0,
		-0.114743,
		0.822225,
		-0.557477,
		0,
		0.20595,
		0.172002,
		-0.730033,
		1,
	},
	[0.55] = {
		-0.885833,
		0.20222,
		0.41762,
		0,
		0.455017,
		0.554859,
		0.696484,
		0,
		-0.090877,
		0.806993,
		-0.583527,
		0,
		0.200301,
		0.046272,
		-0.727,
		1,
	},
	[0.5666666666666667] = {
		-0.786049,
		0.346004,
		0.512257,
		0,
		0.614545,
		0.526933,
		0.587091,
		0,
		-0.066789,
		0.776288,
		-0.626831,
		0,
		0.19257,
		-0.078184,
		-0.724745,
		1,
	},
	[0.5833333333333334] = {
		-0.683672,
		0.459957,
		0.566597,
		0,
		0.729032,
		0.465807,
		0.501534,
		0,
		-0.033241,
		0.755952,
		-0.653783,
		0,
		0.189172,
		-0.160888,
		-0.723692,
		1,
	},
	[0.5] = {
		-0.991866,
		-0.070474,
		0.105993,
		0,
		0.043874,
		0.592399,
		0.80445,
		0,
		-0.119483,
		0.802557,
		-0.584488,
		0,
		0.194945,
		0.274236,
		-0.692516,
		1,
	},
	[0.6166666666666667] = {
		-0.525662,
		0.643423,
		0.556495,
		0,
		0.848192,
		0.346286,
		0.400819,
		0,
		0.065189,
		0.68271,
		-0.727775,
		0,
		0.198681,
		-0.155504,
		-0.733803,
		1,
	},
	[0.6333333333333333] = {
		-0.465427,
		0.718754,
		0.516497,
		0,
		0.880754,
		0.318444,
		0.350522,
		0,
		0.087463,
		0.618049,
		-0.781259,
		0,
		0.20238,
		-0.141197,
		-0.73287,
		1,
	},
	[0.65] = {
		-0.425953,
		0.768654,
		0.477216,
		0,
		0.899659,
		0.303995,
		0.313371,
		0,
		0.095802,
		0.562813,
		-0.821014,
		0,
		0.205232,
		-0.131504,
		-0.733476,
		1,
	},
	[0.6666666666666666] = {
		-0.400997,
		0.803614,
		0.439778,
		0,
		0.910277,
		0.295593,
		0.289864,
		0,
		0.102943,
		0.516555,
		-0.850043,
		0,
		0.208318,
		-0.121186,
		-0.733178,
		1,
	},
	[0.6833333333333333] = {
		-0.388606,
		0.827109,
		0.406049,
		0,
		0.91477,
		0.293538,
		0.277545,
		0,
		0.110369,
		0.479297,
		-0.870685,
		0,
		0.211658,
		-0.110332,
		-0.732171,
		1,
	},
	[0.6] = {
		-0.6167,
		0.525639,
		0.585991,
		0,
		0.786833,
		0.388936,
		0.479189,
		0,
		0.023967,
		0.756593,
		-0.653447,
		0,
		0.193808,
		-0.173795,
		-0.727397,
		1,
	},
	[0.7166666666666667] = {
		-0.3937,
		0.848984,
		0.352457,
		0,
		0.91018,
		0.306328,
		0.278812,
		0,
		0.128739,
		0.430567,
		-0.89333,
		0,
		0.219078,
		-0.087355,
		-0.728665,
		1,
	},
	[0.7333333333333333] = {
		-0.407605,
		0.850404,
		0.332673,
		0,
		0.902364,
		0.319255,
		0.28951,
		0,
		0.139993,
		0.418198,
		-0.897504,
		0,
		0.223105,
		-0.075395,
		-0.726421,
		1,
	},
	[0.75] = {
		-0.426953,
		0.846836,
		0.317144,
		0,
		0.891337,
		0.335001,
		0.305439,
		0,
		0.152413,
		0.41309,
		-0.897846,
		0,
		0.227281,
		-0.063237,
		-0.723983,
		1,
	},
	[0.7666666666666667] = {
		-0.450319,
		0.839029,
		0.305358,
		0,
		0.877366,
		0.352367,
		0.325679,
		0,
		0.165656,
		0.414571,
		-0.894812,
		0,
		0.231545,
		-0.050979,
		-0.721432,
		1,
	},
	[0.7833333333333333] = {
		-0.476395,
		0.827653,
		0.296713,
		0,
		0.860752,
		0.370198,
		0.349369,
		0,
		0.179314,
		0.421834,
		-0.888765,
		0,
		0.235824,
		-0.038736,
		-0.718835,
		1,
	},
	[0.7] = {
		-0.386796,
		0.841641,
		0.376867,
		0,
		0.914473,
		0.297399,
		0.274397,
		0,
		0.118864,
		0.450771,
		-0.884691,
		0,
		0.215251,
		-0.099028,
		-0.73062,
		1,
	},
	[0.8166666666666667] = {
		-0.531889,
		0.796996,
		0.286165,
		0,
		0.821307,
		0.403205,
		0.403585,
		0,
		0.206273,
		0.449692,
		-0.869039,
		0,
		0.244099,
		-0.014879,
		-0.713744,
		1,
	},
	[0.8333333333333334] = {
		-0.559014,
		0.779417,
		0.282864,
		0,
		0.79971,
		0.416706,
		0.432227,
		0,
		0.219014,
		0.46783,
		-0.856252,
		0,
		0.247929,
		-0.003674,
		-0.711367,
		1,
	},
	[0.85] = {
		-0.584436,
		0.761615,
		0.279959,
		0,
		0.77785,
		0.427604,
		0.460547,
		0,
		0.231048,
		0.486927,
		-0.842329,
		0,
		0.251455,
		0.006762,
		-0.709193,
		1,
	},
	[0.8666666666666667] = {
		-0.60736,
		0.744743,
		0.276534,
		0,
		0.756561,
		0.436052,
		0.487313,
		0,
		0.24234,
		0.505189,
		-0.828284,
		0,
		0.254595,
		0.01594,
		-0.707319,
		1,
	},
	[0.8833333333333333] = {
		-0.627125,
		0.730047,
		0.27156,
		0,
		0.736694,
		0.442686,
		0.511186,
		0,
		0.252974,
		0.520634,
		-0.815441,
		0,
		0.257273,
		0.023215,
		-0.705878,
		1,
	},
	[0.8] = {
		-0.50398,
		0.81338,
		0.290546,
		0,
		0.841884,
		0.387459,
		0.375642,
		0,
		0.192965,
		0.433922,
		-0.880043,
		0,
		0.240037,
		-0.026641,
		-0.716254,
		1,
	},
	[0.9166666666666666] = {
		-0.655195,
		0.711907,
		0.252799,
		0,
		0.704352,
		0.454664,
		0.545132,
		0,
		0.273145,
		0.535227,
		-0.799327,
		0,
		0.261065,
		0.029411,
		-0.704936,
		1,
	},
	[0.9] = {
		-0.643206,
		0.71874,
		0.264005,
		0,
		0.71905,
		0.448485,
		0.530875,
		0,
		0.263159,
		0.531295,
		-0.805278,
		0,
		0.259443,
		0.027927,
		-0.705027,
		1,
	},
}

return spline_matrices
