-- chunkname: @content/characters/player/human/first_person/animations/power_maul/attack_up_right.lua

local spline_matrices = {
	[0.0166666666667] = {
		0.704784,
		-0.25057,
		-0.663697,
		0,
		0.317976,
		-0.724732,
		0.611274,
		0,
		-0.634169,
		-0.641856,
		-0.431104,
		0,
		-0.088251,
		0.045759,
		-0.654241,
		1,
	},
	[0.0333333333333] = {
		0.704525,
		-0.250266,
		-0.664087,
		0,
		0.317846,
		-0.725384,
		0.610567,
		0,
		-0.634522,
		-0.641237,
		-0.431506,
		0,
		-0.112166,
		0.048574,
		-0.647549,
		1,
	},
	[0.05] = {
		0.699971,
		-0.253214,
		-0.667774,
		0,
		0.317228,
		-0.727489,
		0.60838,
		0,
		-0.639849,
		-0.637685,
		-0.428895,
		0,
		-0.122411,
		0.053766,
		-0.633943,
		1,
	},
	[0.0666666666667] = {
		0.690355,
		-0.260187,
		-0.675065,
		0,
		0.316098,
		-0.73084,
		0.604942,
		0,
		-0.650763,
		-0.631011,
		-0.422294,
		0,
		-0.13541,
		0.05815,
		-0.614311,
		1,
	},
	[0.0833333333333] = {
		0.680365,
		-0.266694,
		-0.682625,
		0,
		0.314794,
		-0.734788,
		0.600825,
		0,
		-0.661822,
		-0.623667,
		-0.415971,
		0,
		-0.150797,
		0.063125,
		-0.591852,
		1,
	},
	[0] = {
		0.704784,
		-0.25057,
		-0.663697,
		0,
		0.317976,
		-0.724732,
		0.611274,
		0,
		-0.634169,
		-0.641856,
		-0.431104,
		0,
		-0.053949,
		0.042041,
		-0.678306,
		1,
	},
	[0.116666666667] = {
		0.679187,
		-0.261374,
		-0.685848,
		0,
		0.313112,
		-0.741965,
		0.592831,
		0,
		-0.663826,
		-0.61739,
		-0.422094,
		0,
		-0.187358,
		0.08069,
		-0.551204,
		1,
	},
	[0.133333333333] = {
		0.697712,
		-0.241147,
		-0.674571,
		0,
		0.313439,
		-0.743965,
		0.590146,
		0,
		-0.644169,
		-0.623188,
		-0.443489,
		0,
		-0.196658,
		0.096202,
		-0.535802,
		1,
	},
	[0.15] = {
		0.740583,
		-0.210645,
		-0.638096,
		0,
		0.329223,
		-0.714074,
		0.617827,
		0,
		-0.58579,
		-0.667628,
		-0.459482,
		0,
		-0.188617,
		0.134519,
		-0.519153,
		1,
	},
	[0.166666666667] = {
		0.796961,
		-0.16483,
		-0.581105,
		0,
		0.348728,
		-0.659959,
		0.665464,
		0,
		-0.493195,
		-0.732997,
		-0.468481,
		0,
		-0.171184,
		0.203271,
		-0.49848,
		1,
	},
	[0.183333333333] = {
		0.84493,
		-0.097546,
		-0.525908,
		0,
		0.348363,
		-0.645741,
		0.679457,
		0,
		-0.405878,
		-0.7573,
		-0.511624,
		0,
		-0.148727,
		0.287963,
		-0.474305,
		1,
	},
	[0.1] = {
		0.674957,
		-0.268465,
		-0.687284,
		0,
		0.313675,
		-0.738701,
		0.596597,
		0,
		-0.667863,
		-0.618261,
		-0.414381,
		0,
		-0.168225,
		0.070133,
		-0.569758,
		1,
	},
	[0.216666666667] = {
		0.893274,
		0.115388,
		-0.434451,
		0,
		0.234004,
		-0.944575,
		0.23026,
		0,
		-0.383803,
		-0.307349,
		-0.870765,
		0,
		-0.102945,
		0.467846,
		-0.403726,
		1,
	},
	[0.233333333333] = {
		0.918897,
		0.198113,
		-0.341144,
		0,
		0.11082,
		-0.959567,
		-0.258748,
		0,
		-0.378611,
		0.199957,
		-0.903698,
		0,
		-0.070599,
		0.535297,
		-0.331127,
		1,
	},
	[0.25] = {
		0.942549,
		0.179019,
		-0.282053,
		0,
		-0.00034,
		-0.843784,
		-0.536684,
		0,
		-0.334069,
		0.505946,
		-0.795246,
		0,
		-0.040107,
		0.567144,
		-0.257253,
		1,
	},
	[0.266666666667] = {
		0.960132,
		0.139148,
		-0.242456,
		0,
		-0.092791,
		-0.659506,
		-0.74595,
		0,
		-0.263699,
		0.738708,
		-0.620301,
		0,
		-0.009915,
		0.574827,
		-0.171549,
		1,
	},
	[0.283333333333] = {
		0.980022,
		0.110442,
		-0.165408,
		0,
		-0.116132,
		-0.357402,
		-0.926702,
		0,
		-0.161465,
		0.927398,
		-0.337436,
		0,
		0.020959,
		0.563363,
		-0.063003,
		1,
	},
	[0.2] = {
		0.874877,
		-0.01247,
		-0.484184,
		0,
		0.321033,
		-0.733602,
		0.598971,
		0,
		-0.362668,
		-0.679465,
		-0.637808,
		0,
		-0.126253,
		0.373804,
		-0.447313,
		1,
	},
	[0.316666666667] = {
		0.954876,
		0.106836,
		-0.277124,
		0,
		-0.292904,
		0.184238,
		-0.938224,
		0,
		-0.04918,
		0.977058,
		0.207217,
		0,
		0.100489,
		0.489519,
		0.133728,
		1,
	},
	[0.333333333333] = {
		0.953766,
		0.118703,
		-0.276114,
		0,
		-0.300344,
		0.342548,
		-0.890199,
		0,
		-0.011087,
		0.931971,
		0.362363,
		0,
		0.134999,
		0.406303,
		0.208047,
		1,
	},
	[0.35] = {
		0.962637,
		0.12253,
		-0.241488,
		0,
		-0.270512,
		0.475905,
		-0.836862,
		0,
		0.012384,
		0.87092,
		0.491269,
		0,
		0.167203,
		0.329287,
		0.27422,
		1,
	},
	[0.366666666667] = {
		0.96253,
		0.124393,
		-0.240962,
		0,
		-0.264388,
		0.628045,
		-0.731887,
		0,
		0.060294,
		0.768171,
		0.6374,
		0,
		0.203571,
		0.265043,
		0.327488,
		1,
	},
	[0.383333333333] = {
		0.960097,
		0.128765,
		-0.248259,
		0,
		-0.254477,
		0.770418,
		-0.584549,
		0,
		0.115994,
		0.624401,
		0.772444,
		0,
		0.24121,
		0.20363,
		0.362789,
		1,
	},
	[0.3] = {
		0.986313,
		0.086539,
		-0.140346,
		0,
		-0.138875,
		-0.022823,
		-0.990047,
		0,
		-0.088881,
		0.995987,
		-0.010493,
		0,
		0.049542,
		0.54113,
		0.044943,
		1,
	},
	[0.416666666667] = {
		0.954551,
		0.180497,
		-0.237177,
		0,
		-0.268303,
		0.866921,
		-0.420074,
		0,
		0.129791,
		0.464617,
		0.875948,
		0,
		0.307296,
		0.146076,
		0.353484,
		1,
	},
	[0.433333333333] = {
		0.894995,
		0.378618,
		-0.235863,
		0,
		-0.443124,
		0.815346,
		-0.372628,
		0,
		0.051226,
		0.438017,
		0.897506,
		0,
		0.358154,
		0.111558,
		0.334668,
		1,
	},
	[0.45] = {
		0.722335,
		0.644496,
		-0.250714,
		0,
		-0.690674,
		0.654179,
		-0.308251,
		0,
		-0.034654,
		0.395822,
		0.917673,
		0,
		0.416873,
		0.07821,
		0.312976,
		1,
	},
	[0.466666666667] = {
		0.419011,
		0.868769,
		-0.263951,
		0,
		-0.905199,
		0.376949,
		-0.196274,
		0,
		-0.071021,
		0.321169,
		0.944355,
		0,
		0.474553,
		0.042619,
		0.289477,
		1,
	},
	[0.483333333333] = {
		0.072295,
		0.973149,
		-0.21853,
		0,
		-0.997263,
		0.067122,
		-0.031014,
		0,
		-0.015513,
		0.220174,
		0.975337,
		0,
		0.524932,
		-0.000424,
		0.266887,
		1,
	},
	[0.4] = {
		0.956773,
		0.145398,
		-0.251884,
		0,
		-0.251235,
		0.849491,
		-0.463947,
		0,
		0.146516,
		0.507174,
		0.849299,
		0,
		0.278291,
		0.165559,
		0.37411,
		1,
	},
	[0.516666666667] = {
		-0.30448,
		0.94889,
		0.083063,
		0,
		-0.904991,
		-0.315388,
		0.285521,
		0,
		0.297125,
		0.011764,
		0.954766,
		0,
		0.619162,
		-0.126092,
		0.141998,
		1,
	},
	[0.533333333333] = {
		-0.250647,
		0.944599,
		0.211916,
		0,
		-0.846657,
		-0.320037,
		0.425145,
		0,
		0.469413,
		-0.072858,
		0.879968,
		0,
		0.663185,
		-0.195029,
		0.033045,
		1,
	},
	[0.55] = {
		0.010653,
		0.991265,
		0.131456,
		0,
		-0.794918,
		-0.071358,
		0.602505,
		0,
		0.606623,
		-0.110915,
		0.787214,
		0,
		0.693995,
		-0.242726,
		-0.081195,
		1,
	},
	[0.566666666667] = {
		0.30279,
		0.925358,
		-0.228102,
		0,
		-0.600675,
		0.371108,
		0.708144,
		0,
		0.739938,
		-0.077404,
		0.668207,
		0,
		0.703908,
		-0.269409,
		-0.187868,
		1,
	},
	[0.583333333333] = {
		0.346748,
		0.73417,
		-0.583747,
		0,
		-0.335778,
		0.678275,
		0.653603,
		0,
		0.875796,
		-0.030627,
		0.481708,
		0,
		0.700348,
		-0.291558,
		-0.290593,
		1,
	},
	[0.5] = {
		-0.191471,
		0.977736,
		-0.085861,
		0,
		-0.973723,
		-0.178237,
		0.141758,
		0,
		0.123298,
		0.110747,
		0.986171,
		0,
		0.571737,
		-0.05776,
		0.223268,
		1,
	},
	[0.616666666667] = {
		0.011541,
		0.530244,
		-0.847766,
		0,
		-0.068999,
		0.846224,
		0.52834,
		0,
		0.99755,
		0.052397,
		0.046353,
		0,
		0.683362,
		-0.313966,
		-0.487232,
		1,
	},
	[0.633333333333] = {
		-0.169517,
		0.482798,
		-0.859168,
		0,
		-0.026953,
		0.869188,
		0.493746,
		0,
		0.985159,
		0.106855,
		-0.13433,
		0,
		0.668235,
		-0.308624,
		-0.534315,
		1,
	},
	[0.65] = {
		-0.325844,
		0.47983,
		-0.81461,
		0,
		0.002458,
		0.862062,
		0.506797,
		0,
		0.94542,
		0.163134,
		-0.282077,
		0,
		0.650144,
		-0.314668,
		-0.559171,
		1,
	},
	[0.666666666667] = {
		-0.470631,
		0.495752,
		-0.729888,
		0,
		0.039698,
		0.838288,
		0.543781,
		0,
		0.881437,
		0.226945,
		-0.414205,
		0,
		0.624455,
		-0.313113,
		-0.585945,
		1,
	},
	[0.683333333333] = {
		-0.594246,
		0.52311,
		-0.610923,
		0,
		0.096498,
		0.800473,
		0.59155,
		0,
		0.798473,
		0.292574,
		-0.526157,
		0,
		0.591742,
		-0.304899,
		-0.612803,
		1,
	},
	[0.6] = {
		0.204122,
		0.614358,
		-0.762167,
		0,
		-0.16343,
		0.789019,
		0.592233,
		0,
		0.965207,
		0.003673,
		0.26146,
		0,
		0.694567,
		-0.316778,
		-0.400575,
		1,
	},
	[0.716666666667] = {
		-0.746957,
		0.588126,
		-0.310101,
		0,
		0.278106,
		0.700021,
		0.657744,
		0,
		0.603914,
		0.405066,
		-0.686447,
		0,
		0.509506,
		-0.272531,
		-0.660334,
		1,
	},
	[0.733333333333] = {
		-0.770232,
		0.618211,
		-0.156709,
		0,
		0.38971,
		0.650732,
		0.65167,
		0,
		0.504845,
		0.440865,
		-0.742138,
		0,
		0.462609,
		-0.250464,
		-0.678887,
		1,
	},
	[0.75] = {
		-0.764325,
		0.644456,
		-0.02197,
		0,
		0.499073,
		0.61279,
		0.612711,
		0,
		0.408329,
		0.457346,
		-0.790002,
		0,
		0.413404,
		-0.225792,
		-0.693276,
		1,
	},
	[0.766666666667] = {
		-0.7416,
		0.665826,
		0.081879,
		0,
		0.593338,
		0.594066,
		0.543172,
		0,
		0.313017,
		0.451399,
		-0.835619,
		0,
		0.362625,
		-0.199408,
		-0.703198,
		1,
	},
	[0.783333333333] = {
		-0.718499,
		0.679623,
		0.147891,
		0,
		0.661192,
		0.601428,
		0.448453,
		0,
		0.215833,
		0.419997,
		-0.881487,
		0,
		0.310722,
		-0.172205,
		-0.708171,
		1,
	},
	[0.7] = {
		-0.688204,
		0.555488,
		-0.466699,
		0,
		0.177129,
		0.752441,
		0.634395,
		0,
		0.703563,
		0.353927,
		-0.616227,
		0,
		0.552995,
		-0.291022,
		-0.638035,
		1,
	},
	[0.816666666667] = {
		-0.707791,
		0.685977,
		0.168725,
		0,
		0.705898,
		0.677596,
		0.20633,
		0,
		0.027211,
		0.265141,
		-0.963826,
		0,
		0.204977,
		-0.117179,
		-0.699842,
		1,
	},
	[0.833333333333] = {
		-0.727051,
		0.671729,
		0.142045,
		0,
		0.684421,
		0.725487,
		0.072362,
		0,
		-0.054444,
		0.14983,
		-0.987212,
		0,
		0.154332,
		-0.09135,
		-0.68799,
		1,
	},
	[0.85] = {
		-0.761401,
		0.639611,
		0.105676,
		0,
		0.637102,
		0.768404,
		-0.060467,
		0,
		-0.119877,
		0.021286,
		-0.992561,
		0,
		0.108051,
		-0.068206,
		-0.672955,
		1,
	},
	[0.866666666667] = {
		-0.804596,
		0.589818,
		0.068846,
		0,
		0.570736,
		0.800113,
		-0.184606,
		0,
		-0.163968,
		-0.109241,
		-0.980398,
		0,
		0.068186,
		-0.048736,
		-0.656587,
		1,
	},
	[0.883333333333] = {
		-0.848897,
		0.527255,
		0.037106,
		0,
		0.495111,
		0.817792,
		-0.293396,
		0,
		-0.18504,
		-0.230691,
		-0.955271,
		0,
		0.036474,
		-0.033961,
		-0.641033,
		1,
	},
	[0.8] = {
		-0.705943,
		0.686443,
		0.174473,
		0,
		0.69823,
		0.633163,
		0.334036,
		0,
		0.118826,
		0.357632,
		-0.926272,
		0,
		0.257801,
		-0.144565,
		-0.707,
		1,
	},
	[0.916666666667] = {
		-0.917833,
		0.39686,
		-0.00919,
		0,
		0.358128,
		0.817826,
		-0.450449,
		0,
		-0.17125,
		-0.416729,
		-0.892755,
		0,
		0.001438,
		-0.022058,
		-0.621567,
		1,
	},
	[0.933333333333] = {
		-0.917328,
		0.397961,
		0.011672,
		0,
		0.347086,
		0.813731,
		-0.466233,
		0,
		-0.19504,
		-0.423638,
		-0.884585,
		0,
		-0.009259,
		-0.017123,
		-0.620157,
		1,
	},
	[0.95] = {
		-0.916763,
		0.398722,
		0.0238,
		0,
		0.340425,
		0.811114,
		-0.47561,
		0,
		-0.20894,
		-0.42792,
		-0.879334,
		0,
		-0.015603,
		-0.014394,
		-0.619318,
		1,
	},
	[0.966666666667] = {
		-0.916458,
		0.399102,
		0.028686,
		0,
		0.337633,
		0.809794,
		-0.479832,
		0,
		-0.214731,
		-0.43006,
		-0.876892,
		0,
		-0.018276,
		-0.013541,
		-0.618963,
		1,
	},
	[0.983333333333] = {
		-0.916477,
		0.399129,
		0.027678,
		0,
		0.338075,
		0.809565,
		-0.479906,
		0,
		-0.213951,
		-0.430466,
		-0.876883,
		0,
		-0.017939,
		-0.01423,
		-0.619007,
		1,
	},
	[0.9] = {
		-0.887616,
		0.460434,
		0.011737,
		0,
		0.421528,
		0.822356,
		-0.382158,
		0,
		-0.18561,
		-0.334262,
		-0.924022,
		0,
		0.014291,
		-0.025135,
		-0.628596,
		1,
	},
	[1.01666666667] = {
		-0.917118,
		0.398404,
		0.012987,
		0,
		0.345854,
		0.811503,
		-0.471008,
		0,
		-0.19819,
		-0.427478,
		-0.882034,
		0,
		-0.010792,
		-0.018865,
		-0.619942,
		1,
	},
	[1.03333333333] = {
		-0.917458,
		0.397829,
		0.001752,
		0,
		0.351741,
		0.813214,
		-0.463638,
		0,
		-0.185873,
		-0.424752,
		-0.886023,
		0,
		-0.005253,
		-0.022124,
		-0.620661,
		1,
	},
	[1.05] = {
		-0.917661,
		0.397228,
		-0.010415,
		0,
		0.358008,
		0.815115,
		-0.455431,
		0,
		-0.17242,
		-0.42166,
		-0.89021,
		0,
		0.000746,
		-0.025552,
		-0.621435,
		1,
	},
	[1.06666666667] = {
		-0.917691,
		0.396674,
		-0.022223,
		0,
		0.363972,
		0.816978,
		-0.447294,
		0,
		-0.159274,
		-0.418566,
		-0.894111,
		0,
		0.006557,
		-0.028807,
		-0.622179,
		1,
	},
	[1.08333333333] = {
		-0.917583,
		0.396226,
		-0.03234,
		0,
		0.368989,
		0.818578,
		-0.440202,
		0,
		-0.147946,
		-0.415855,
		-0.897316,
		0,
		0.011526,
		-0.031551,
		-0.622811,
		1,
	},
	{
		-0.916744,
		0.398867,
		0.022037,
		0,
		0.341057,
		0.81021,
		-0.476697,
		0,
		-0.207993,
		-0.429493,
		-0.878791,
		0,
		-0.015232,
		-0.01612,
		-0.619362,
		1,
	},
	[1.11666666667] = {
		-0.917365,
		0.395819,
		-0.042068,
		0,
		0.373729,
		0.820118,
		-0.433282,
		0,
		-0.137001,
		-0.413199,
		-0.900276,
		0,
		0.016296,
		-0.034151,
		-0.623414,
		1,
	},
	[1.13333333333] = {
		-0.917365,
		0.395819,
		-0.042068,
		0,
		0.373729,
		0.820118,
		-0.433282,
		0,
		-0.137001,
		-0.413199,
		-0.900276,
		0,
		0.016296,
		-0.034151,
		-0.623414,
		1,
	},
	[1.1] = {
		-0.917436,
		0.395928,
		-0.03941,
		0,
		0.372442,
		0.819697,
		-0.435183,
		0,
		-0.139997,
		-0.41393,
		-0.899479,
		0,
		0.014994,
		-0.033445,
		-0.62325,
		1,
	},
}

return spline_matrices
