local spline_matrices = {
	[0] = {
		-0.868808,
		-0.074703,
		0.489482,
		0,
		0.323083,
		0.663591,
		0.674732,
		0,
		-0.375221,
		0.744356,
		-0.552398,
		0,
		-0.021589,
		0.044873,
		-0.616604,
		1
	},
	{
		-0.868468,
		-0.049178,
		0.493301,
		0,
		0.345586,
		0.653378,
		0.673548,
		0,
		-0.355436,
		0.755432,
		-0.550443,
		0,
		-0.020308,
		0.046989,
		-0.616154,
		1
	},
	[0.0333333333333] = {
		-0.758448,
		0.518122,
		0.395356,
		0,
		0.368574,
		-0.159308,
		0.915846,
		0,
		0.537503,
		0.84034,
		-0.07014,
		0,
		0.241358,
		0.15052,
		-0.452789,
		1
	},
	[0.0666666666667] = {
		-0.081616,
		0.672565,
		0.735524,
		0,
		-0.528998,
		-0.654688,
		0.539949,
		0,
		0.844689,
		-0.345022,
		0.409218,
		0,
		0.647322,
		0.163103,
		-0.153041,
		1
	},
	[0.133333333333] = {
		-0.041574,
		0.497412,
		0.866518,
		0,
		-0.742599,
		-0.595605,
		0.30627,
		0,
		0.668444,
		-0.630743,
		0.394139,
		0,
		0.677818,
		0.259083,
		-0.081233,
		1
	},
	[0.166666666667] = {
		-0.173574,
		0.531863,
		0.828851,
		0,
		-0.574702,
		-0.738163,
		0.353318,
		0,
		0.799743,
		-0.415016,
		0.433788,
		0,
		0.635514,
		0.35247,
		-0.081603,
		1
	},
	[0.1] = {
		0.038143,
		0.487469,
		0.872307,
		0,
		-0.789837,
		-0.520035,
		0.325148,
		0,
		0.61213,
		-0.701382,
		0.365185,
		0,
		0.704351,
		0.18361,
		-0.088057,
		1
	},
	[0.233333333333] = {
		-0.055622,
		0.368856,
		0.927821,
		0,
		-0.474592,
		-0.827338,
		0.300457,
		0,
		0.878447,
		-0.423624,
		0.221074,
		0,
		0.581239,
		0.465776,
		-0.091974,
		1
	},
	[0.266666666667] = {
		0.099985,
		0.165785,
		0.98108,
		0,
		-0.427935,
		-0.883001,
		0.192823,
		0,
		0.898262,
		-0.439118,
		-0.017342,
		0,
		0.526611,
		0.515176,
		-0.101307,
		1
	},
	[0.2] = {
		-0.229059,
		0.493819,
		0.838853,
		0,
		-0.42323,
		-0.826571,
		0.371021,
		0,
		0.876589,
		-0.270042,
		0.398332,
		0,
		0.592361,
		0.431083,
		-0.085358,
		1
	},
	[0.333333333333] = {
		0.294445,
		-0.26729,
		0.917528,
		0,
		0.742839,
		-0.540012,
		-0.395699,
		0,
		0.601243,
		0.798087,
		0.03955,
		0,
		0.055592,
		0.72354,
		-0.05743,
		1
	},
	[0.366666666667] = {
		0.194265,
		-0.151115,
		0.96924,
		0,
		0.942819,
		-0.244041,
		-0.227018,
		0,
		0.27084,
		0.957919,
		0.095065,
		0,
		-0.21704,
		0.622432,
		-0.08622,
		1
	},
	[0.3] = {
		0.202077,
		-0.169983,
		0.964505,
		0,
		0.165827,
		-0.964664,
		-0.204754,
		0,
		0.965228,
		0.201318,
		-0.166749,
		0,
		0.326846,
		0.654679,
		-0.085002,
		1
	},
	[0.433333333333] = {
		-0.267808,
		-0.480374,
		0.835176,
		0,
		0.856383,
		0.2785,
		0.434795,
		0,
		-0.441461,
		0.831672,
		0.3368,
		0,
		-0.508876,
		0.346604,
		-0.222307,
		1
	},
	[0.466666666667] = {
		-0.387257,
		-0.576546,
		0.719463,
		0,
		0.733311,
		0.280375,
		0.619391,
		0,
		-0.558827,
		0.767453,
		0.31421,
		0,
		-0.485528,
		0.301842,
		-0.290113,
		1
	},
	[0.4] = {
		0.001321,
		-0.096706,
		0.995312,
		0,
		0.985683,
		0.167938,
		0.015009,
		0,
		-0.168602,
		0.981043,
		0.095543,
		0,
		-0.394426,
		0.493539,
		-0.075315,
		1
	},
	[0.533333333333] = {
		-0.5521,
		-0.549054,
		0.627476,
		0,
		0.548637,
		0.327459,
		0.769264,
		0,
		-0.62784,
		0.768968,
		0.120441,
		0,
		-0.353748,
		0.208977,
		-0.419257,
		1
	},
	[0.566666666667] = {
		-0.629722,
		-0.460893,
		0.625322,
		0,
		0.495712,
		0.381358,
		0.780279,
		0,
		-0.598097,
		0.801339,
		-0.011679,
		0,
		-0.266532,
		0.165616,
		-0.477099,
		1
	},
	[0.5] = {
		-0.473163,
		-0.592278,
		0.652168,
		0,
		0.626952,
		0.293684,
		0.721582,
		0,
		-0.618909,
		0.750304,
		0.232369,
		0,
		-0.430288,
		0.254556,
		-0.356592,
		1
	},
	[0.633333333333] = {
		-0.766468,
		-0.212233,
		0.606205,
		0,
		0.438753,
		0.516277,
		0.735496,
		0,
		-0.469066,
		0.829708,
		-0.302592,
		0,
		-0.101687,
		0.092328,
		-0.57001,
		1
	},
	[0.666666666667] = {
		-0.820906,
		-0.099333,
		0.562358,
		0,
		0.411309,
		0.580292,
		0.702913,
		0,
		-0.396154,
		0.808328,
		-0.435508,
		0,
		-0.04481,
		0.067452,
		-0.600041,
		1
	},
	[0.6] = {
		-0.702576,
		-0.341808,
		0.624143,
		0,
		0.462268,
		0.447598,
		0.765483,
		0,
		-0.541014,
		0.826331,
		-0.156465,
		0,
		-0.179066,
		0.125951,
		-0.528149,
		1
	},
	[0.733333333333] = {
		-0.869565,
		-0.034429,
		0.492616,
		0,
		0.359751,
		0.639202,
		0.679706,
		0,
		-0.338283,
		0.768268,
		-0.543442,
		0,
		-0.018985,
		0.053181,
		-0.615693,
		1
	},
	[0.766666666667] = {
		-0.869424,
		-0.036509,
		0.492716,
		0,
		0.357726,
		0.64135,
		0.678751,
		0,
		-0.340784,
		0.76638,
		-0.544544,
		0,
		-0.019188,
		0.052221,
		-0.615769,
		1
	},
	[0.7] = {
		-0.869683,
		-0.03275,
		0.492522,
		0,
		0.361442,
		0.637292,
		0.680602,
		0,
		-0.33617,
		0.769926,
		-0.542405,
		0,
		-0.018805,
		0.054078,
		-0.61562,
		1
	},
	[0.833333333333] = {
		-0.869091,
		-0.041452,
		0.492912,
		0,
		0.353177,
		0.645693,
		0.677013,
		0,
		-0.346334,
		0.762471,
		-0.546527,
		0,
		-0.019623,
		0.050454,
		-0.615902,
		1
	},
	[0.866666666667] = {
		-0.86893,
		-0.043759,
		0.492997,
		0,
		0.351163,
		0.647425,
		0.676406,
		0,
		-0.348777,
		0.760872,
		-0.5472,
		0,
		-0.019815,
		0.049832,
		-0.615947,
		1
	},
	[0.8] = {
		-0.869261,
		-0.038954,
		0.492816,
		0,
		0.355441,
		0.643596,
		0.677824,
		0,
		-0.343579,
		0.764373,
		-0.545607,
		0,
		-0.019408,
		0.051281,
		-0.615841,
		1
	},
	[0.933333333333] = {
		-0.868654,
		-0.047441,
		0.493143,
		0,
		0.347882,
		0.650302,
		0.675342,
		0,
		-0.35273,
		0.758193,
		-0.548383,
		0,
		-0.02012,
		0.048746,
		-0.616024,
		1
	},
	[0.966666666667] = {
		-0.868548,
		-0.048506,
		0.493226,
		0,
		0.346611,
		0.651877,
		0.674475,
		0,
		-0.354239,
		0.756771,
		-0.549374,
		0,
		-0.02023,
		0.047894,
		-0.616087,
		1
	},
	[0.9] = {
		-0.868783,
		-0.045871,
		0.493064,
		0,
		0.349398,
		0.648801,
		0.676002,
		0,
		-0.350909,
		0.759574,
		-0.54764,
		0,
		-0.019981,
		0.049408,
		-0.615976,
		1
	},
	[1.03333333333] = {
		-0.86841,
		-0.049569,
		0.493362,
		0,
		0.344811,
		0.654655,
		0.672706,
		0,
		-0.356327,
		0.754301,
		-0.551417,
		0,
		-0.020362,
		0.046171,
		-0.616214,
		1
	},
	[1.06666666667] = {
		-0.868371,
		-0.04979,
		0.493409,
		0,
		0.344294,
		0.655557,
		0.672091,
		0,
		-0.356921,
		0.753502,
		-0.552125,
		0,
		-0.020398,
		0.045576,
		-0.616257,
		1
	},
	[1.1] = {
		-0.868352,
		-0.049952,
		0.493427,
		0,
		0.344036,
		0.655936,
		0.671853,
		0,
		-0.357217,
		0.753162,
		-0.552398,
		0,
		-0.020416,
		0.045345,
		-0.616274,
		1
	}
}

return spline_matrices
