-- chunkname: @content/characters/player/human/first_person/animations/power_maul/attack_left_diagonal_down.lua

local spline_matrices = {
	[0.0166666666667] = {
		-0.031158,
		0.705652,
		0.707874,
		0,
		0.063066,
		-0.705418,
		0.70598,
		0,
		0.997523,
		0.06664,
		-0.022524,
		0,
		0.408099,
		-0.111799,
		-0.54833,
		1,
	},
	[0.0333333333333] = {
		-0.191102,
		0.732014,
		0.653939,
		0,
		0.029445,
		-0.661642,
		0.749241,
		0,
		0.981129,
		0.162437,
		0.104886,
		0,
		0.419214,
		-0.1056,
		-0.499023,
		1,
	},
	[0.05] = {
		-0.335163,
		0.700554,
		0.629992,
		0,
		-0.116015,
		-0.694266,
		0.710306,
		0,
		0.93499,
		0.16498,
		0.313967,
		0,
		0.439583,
		-0.105355,
		-0.41725,
		1,
	},
	[0.0666666666667] = {
		-0.469656,
		0.634663,
		0.613699,
		0,
		-0.334243,
		-0.771214,
		0.541767,
		0,
		0.817132,
		0.049319,
		0.574336,
		0,
		0.461688,
		-0.11374,
		-0.309266,
		1,
	},
	[0.0833333333333] = {
		-0.595336,
		0.553773,
		0.58216,
		0,
		-0.551729,
		-0.808478,
		0.204838,
		0,
		0.584097,
		-0.199247,
		0.786849,
		0,
		0.476479,
		-0.13507,
		-0.187591,
		1,
	},
	[0] = {
		0.134103,
		0.572184,
		0.809087,
		0,
		-0.061387,
		-0.810097,
		0.583073,
		0,
		0.989064,
		-0.127859,
		-0.073512,
		0,
		0.410459,
		-0.126504,
		-0.560231,
		1,
	},
	[0.116666666667] = {
		-0.766772,
		0.435951,
		0.471177,
		0,
		-0.64105,
		-0.481838,
		-0.5974,
		0,
		-0.033406,
		-0.760118,
		0.648926,
		0,
		0.478468,
		-0.1977,
		0.024613,
		1,
	},
	[0.133333333333] = {
		-0.800955,
		0.406399,
		0.43967,
		0,
		-0.555143,
		-0.229054,
		-0.799594,
		0,
		-0.224246,
		-0.884519,
		0.409072,
		0,
		0.479651,
		-0.218097,
		0.104564,
		1,
	},
	[0.15] = {
		-0.811643,
		0.380421,
		0.443301,
		0,
		-0.492682,
		-0.038079,
		-0.869376,
		0,
		-0.313848,
		-0.924029,
		0.218334,
		0,
		0.48412,
		-0.228403,
		0.174713,
		1,
	},
	[0.166666666667] = {
		-0.80129,
		0.352999,
		0.483039,
		0,
		-0.497398,
		0.055599,
		-0.865739,
		0,
		-0.332462,
		-0.93397,
		0.13103,
		0,
		0.488737,
		-0.232297,
		0.237014,
		1,
	},
	[0.183333333333] = {
		-0.72569,
		0.287561,
		0.625046,
		0,
		-0.643017,
		0.039706,
		-0.764822,
		0,
		-0.244751,
		-0.956939,
		0.156092,
		0,
		0.509524,
		-0.233571,
		0.296356,
		1,
	},
	[0.1] = {
		-0.699046,
		0.482625,
		0.527643,
		0,
		-0.664941,
		-0.710151,
		-0.231382,
		0,
		0.263036,
		-0.512599,
		0.817346,
		0,
		0.479969,
		-0.166997,
		-0.071915,
		1,
	},
	[0.216666666667] = {
		-0.261255,
		0.206716,
		0.942875,
		0,
		-0.947208,
		-0.242976,
		-0.209186,
		0,
		0.185854,
		-0.94775,
		0.259282,
		0,
		0.571203,
		-0.162568,
		0.357981,
		1,
	},
	[0.233333333333] = {
		-0.145993,
		0.276254,
		0.949932,
		0,
		-0.941511,
		-0.33359,
		-0.047686,
		0,
		0.303714,
		-0.901333,
		0.308798,
		0,
		0.554407,
		-0.05689,
		0.341329,
		1,
	},
	[0.25] = {
		-0.305548,
		0.41698,
		0.856019,
		0,
		-0.944852,
		-0.244074,
		-0.218364,
		0,
		0.117878,
		-0.875532,
		0.468561,
		0,
		0.460269,
		0.153819,
		0.271321,
		1,
	},
	[0.266666666667] = {
		-0.518412,
		0.510993,
		0.685665,
		0,
		-0.854307,
		-0.344688,
		-0.389038,
		0,
		0.037545,
		-0.78745,
		0.615234,
		0,
		0.350079,
		0.392515,
		0.171882,
		1,
	},
	[0.283333333333] = {
		-0.723984,
		0.188004,
		0.663703,
		0,
		-0.290957,
		-0.955596,
		-0.046696,
		0,
		0.625452,
		-0.226917,
		0.746537,
		0,
		0.289293,
		0.603113,
		0.087753,
		1,
	},
	[0.2] = {
		-0.519286,
		0.209262,
		0.828584,
		0,
		-0.853703,
		-0.082613,
		-0.514165,
		0,
		-0.039144,
		-0.974364,
		0.221548,
		0,
		0.547272,
		-0.217372,
		0.342507,
		1,
	},
	[0.316666666667] = {
		-0.605326,
		-0.170341,
		0.777538,
		0,
		0.753012,
		-0.439146,
		0.490025,
		0,
		0.257982,
		0.882119,
		0.394095,
		0,
		0.031586,
		0.728448,
		-0.092307,
		1,
	},
	[0.333333333333] = {
		-0.665551,
		-0.21185,
		0.715654,
		0,
		0.745453,
		-0.141637,
		0.651336,
		0,
		-0.036622,
		0.966984,
		0.252191,
		0,
		-0.103375,
		0.713508,
		-0.176988,
		1,
	},
	[0.35] = {
		-0.596433,
		-0.314933,
		0.738298,
		0,
		0.709037,
		0.224399,
		0.668515,
		0,
		-0.37621,
		0.922205,
		0.08946,
		0,
		-0.269982,
		0.628069,
		-0.287159,
		1,
	},
	[0.366666666667] = {
		-0.498534,
		-0.376101,
		0.781032,
		0,
		0.60133,
		0.498922,
		0.624083,
		0,
		-0.624392,
		0.780785,
		-0.022568,
		0,
		-0.393087,
		0.482262,
		-0.372152,
		1,
	},
	[0.383333333333] = {
		-0.463973,
		-0.368258,
		0.805677,
		0,
		0.534082,
		0.609321,
		0.586075,
		0,
		-0.706743,
		0.702221,
		-0.086029,
		0,
		-0.438165,
		0.312714,
		-0.409147,
		1,
	},
	[0.3] = {
		-0.584582,
		-0.137399,
		0.799615,
		0,
		0.585143,
		-0.754109,
		0.298206,
		0,
		0.562024,
		0.642215,
		0.521237,
		0,
		0.162026,
		0.724427,
		-0.012964,
		1,
	},
	[0.416666666667] = {
		-0.457352,
		-0.319673,
		0.829842,
		0,
		0.500661,
		0.678659,
		0.537364,
		0,
		-0.734961,
		0.661234,
		-0.150338,
		0,
		-0.481565,
		-0.038424,
		-0.446975,
		1,
	},
	[0.433333333333] = {
		-0.446367,
		-0.35303,
		0.822269,
		0,
		0.454493,
		0.702108,
		0.548161,
		0,
		-0.770839,
		0.618396,
		-0.152948,
		0,
		-0.487869,
		-0.121713,
		-0.451726,
		1,
	},
	[0.45] = {
		-0.407436,
		-0.455919,
		0.791286,
		0,
		0.353008,
		0.720489,
		0.596892,
		0,
		-0.842248,
		0.522526,
		-0.13261,
		0,
		-0.48702,
		-0.148687,
		-0.451992,
		1,
	},
	[0.466666666667] = {
		-0.330207,
		-0.602806,
		0.726353,
		0,
		0.214622,
		0.701411,
		0.679676,
		0,
		-0.919185,
		0.380325,
		-0.102235,
		0,
		-0.479035,
		-0.174991,
		-0.452596,
		1,
	},
	[0.483333333333] = {
		-0.208086,
		-0.752774,
		0.624525,
		0,
		0.061328,
		0.627203,
		0.776437,
		0,
		-0.976186,
		0.199867,
		-0.084346,
		0,
		-0.463755,
		-0.198883,
		-0.455076,
		1,
	},
	[0.4] = {
		-0.457751,
		-0.336401,
		0.822981,
		0,
		0.513929,
		0.655221,
		0.553681,
		0,
		-0.725493,
		0.676402,
		-0.127042,
		0,
		-0.465578,
		0.124298,
		-0.43317,
		1,
	},
	[0.516666666667] = {
		0.096709,
		-0.922358,
		0.374037,
		0,
		-0.179598,
		0.353458,
		0.918048,
		0,
		-0.978975,
		-0.155959,
		-0.131471,
		0,
		-0.417972,
		-0.229866,
		-0.465929,
		1,
	},
	[0.533333333333] = {
		0.214242,
		-0.936373,
		0.278038,
		0,
		-0.244432,
		0.224196,
		0.943392,
		0,
		-0.945702,
		-0.270076,
		-0.180848,
		0,
		-0.39406,
		-0.235364,
		-0.471847,
		1,
	},
	[0.55] = {
		0.275503,
		-0.934056,
		0.227238,
		0,
		-0.284222,
		0.14667,
		0.947473,
		0,
		-0.918322,
		-0.325618,
		-0.225071,
		0,
		-0.373845,
		-0.235904,
		-0.476532,
		1,
	},
	[0.566666666667] = {
		0.293144,
		-0.932851,
		0.20942,
		0,
		-0.314286,
		0.112845,
		0.942598,
		0,
		-0.902935,
		-0.342134,
		-0.260102,
		0,
		-0.356297,
		-0.23322,
		-0.480253,
		1,
	},
	[0.583333333333] = {
		0.291465,
		-0.934677,
		0.203534,
		0,
		-0.34165,
		0.097023,
		0.934806,
		0,
		-0.893489,
		-0.342001,
		-0.291053,
		0,
		-0.338667,
		-0.228112,
		-0.483704,
		1,
	},
	[0.5] = {
		-0.055052,
		-0.865255,
		0.498301,
		0,
		-0.077182,
		0.501252,
		0.861852,
		0,
		-0.995496,
		0.008987,
		-0.094377,
		0,
		-0.442418,
		-0.217774,
		-0.45984,
		1,
	},
	[0.616666666667] = {
		0.235281,
		-0.946307,
		0.221689,
		0,
		-0.390775,
		0.11674,
		0.913053,
		0,
		-0.889909,
		-0.301454,
		-0.342327,
		0,
		-0.303224,
		-0.211999,
		-0.490032,
		1,
	},
	[0.633333333333] = {
		0.182126,
		-0.952581,
		0.24376,
		0,
		-0.411247,
		0.151387,
		0.898865,
		0,
		-0.893144,
		-0.263953,
		-0.364175,
		0,
		-0.285459,
		-0.201462,
		-0.493003,
		1,
	},
	[0.65] = {
		0.112968,
		-0.955226,
		0.273462,
		0,
		-0.426635,
		0.201927,
		0.881594,
		0,
		-0.897341,
		-0.21626,
		-0.384721,
		0,
		-0.267742,
		-0.189498,
		-0.495871,
		1,
	},
	[0.666666666667] = {
		0.028752,
		-0.950318,
		0.309949,
		0,
		-0.434244,
		0.267414,
		0.860187,
		0,
		-0.900336,
		-0.159325,
		-0.404981,
		0,
		-0.250146,
		-0.176236,
		-0.498642,
		1,
	},
	[0.683333333333] = {
		-0.068749,
		-0.933439,
		0.352087,
		0,
		-0.430968,
		0.34608,
		0.833364,
		0,
		-0.899745,
		-0.094445,
		-0.426075,
		0,
		-0.232696,
		-0.161791,
		-0.501348,
		1,
	},
	[0.6] = {
		0.271897,
		-0.939579,
		0.208,
		0,
		-0.367208,
		0.098489,
		0.92491,
		0,
		-0.889511,
		-0.32786,
		-0.318241,
		0,
		-0.320969,
		-0.22095,
		-0.486947,
		1,
	},
	[0.716666666667] = {
		-0.290047,
		-0.846615,
		0.446225,
		0,
		-0.379385,
		0.529784,
		0.758549,
		0,
		-0.878601,
		0.050724,
		-0.474855,
		0,
		-0.198231,
		-0.129864,
		-0.506702,
		1,
	},
	[0.733333333333] = {
		-0.403482,
		-0.770632,
		0.493283,
		0,
		-0.326753,
		0.624922,
		0.709017,
		0,
		-0.854655,
		0.124894,
		-0.503951,
		0,
		-0.181174,
		-0.112712,
		-0.509429,
		1,
	},
	[0.75] = {
		-0.510161,
		-0.672286,
		0.53644,
		0,
		-0.255935,
		0.714119,
		0.651561,
		0,
		-0.821117,
		0.195107,
		-0.536377,
		0,
		-0.164202,
		-0.095071,
		-0.512234,
		1,
	},
	[0.766666666667] = {
		-0.603635,
		-0.554445,
		0.572901,
		0,
		-0.169327,
		0.79135,
		0.587446,
		0,
		-0.779072,
		0.257595,
		-0.571569,
		0,
		-0.14732,
		-0.077239,
		-0.515135,
		1,
	},
	[0.783333333333] = {
		-0.678826,
		-0.422524,
		0.600557,
		0,
		-0.071313,
		0.851933,
		0.518773,
		0,
		-0.730828,
		0.309329,
		-0.608446,
		0,
		-0.130581,
		-0.059555,
		-0.518126,
		1,
	},
	[0.7] = {
		-0.176514,
		-0.900134,
		0.398249,
		0,
		-0.413596,
		0.434978,
		0.799833,
		0,
		-0.893186,
		-0.023532,
		-0.449071,
		0,
		-0.215395,
		-0.146286,
		-0.504022,
		1,
	},
	[0.816666666667] = {
		-0.765877,
		-0.145003,
		0.626424,
		0,
		0.135976,
		0.91568,
		0.378206,
		0,
		-0.628445,
		0.374838,
		-0.681581,
		0,
		-0.098047,
		-0.026027,
		-0.524201,
		1,
	},
	[0.833333333333] = {
		-0.779809,
		-0.013401,
		0.625874,
		0,
		0.234003,
		0.921059,
		0.311278,
		0,
		-0.580638,
		0.389194,
		-0.715114,
		0,
		-0.082634,
		-0.01083,
		-0.527143,
		1,
	},
	[0.85] = {
		-0.778577,
		0.106253,
		0.618489,
		0,
		0.322487,
		0.913217,
		0.249072,
		0,
		-0.53835,
		0.393376,
		-0.745275,
		0,
		-0.068091,
		0.002957,
		-0.529906,
		1,
	},
	[0.866666666667] = {
		-0.766775,
		0.210788,
		0.606321,
		0,
		0.398818,
		0.896562,
		0.192669,
		0,
		-0.502992,
		0.389545,
		-0.771527,
		0,
		-0.054648,
		0.015108,
		-0.532402,
		1,
	},
	[0.883333333333] = {
		-0.74905,
		0.298619,
		0.591397,
		0,
		0.461633,
		0.875534,
		0.142603,
		0,
		-0.475204,
		0.379825,
		-0.793671,
		0,
		-0.042519,
		0.025421,
		-0.534549,
		1,
	},
	[0.8] = {
		-0.732953,
		-0.283571,
		0.618358,
		0,
		0.032439,
		0.893374,
		0.448141,
		0,
		-0.679505,
		0.348525,
		-0.645603,
		0,
		-0.1141,
		-0.042371,
		-0.521168,
		1,
	},
	[0.916666666667] = {
		-0.712246,
		0.422925,
		0.560214,
		0,
		0.545166,
		0.836035,
		0.061962,
		0,
		-0.442153,
		0.349542,
		-0.826027,
		0,
		-0.022933,
		0.039766,
		-0.537523,
		1,
	},
	[0.933333333333] = {
		-0.698386,
		0.461429,
		0.54712,
		0,
		0.567418,
		0.822872,
		0.030302,
		0,
		-0.436227,
		0.331608,
		-0.836506,
		0,
		-0.016534,
		0.043391,
		-0.538098,
		1,
	},
	[0.95] = {
		-0.687849,
		0.488429,
		0.536937,
		0,
		0.580223,
		0.814454,
		0.002427,
		0,
		-0.436125,
		0.313213,
		-0.843619,
		0,
		-0.01313,
		0.04479,
		-0.537938,
		1,
	},
	[0.966666666667] = {
		-0.680687,
		0.506393,
		0.529369,
		0,
		0.585481,
		0.810377,
		-0.022365,
		0,
		-0.440315,
		0.294712,
		-0.848097,
		0,
		-0.012163,
		0.044377,
		-0.537188,
		1,
	},
	[0.983333333333] = {
		-0.676555,
		0.517399,
		0.523996,
		0,
		0.584841,
		0.80992,
		-0.04461,
		0,
		-0.447476,
		0.276273,
		-0.850552,
		0,
		-0.013079,
		0.042554,
		-0.535993,
		1,
	},
	[0.9] = {
		-0.729656,
		0.369288,
		0.575524,
		0,
		0.510436,
		0.854193,
		0.099039,
		0,
		-0.455035,
		0.366032,
		-0.811766,
		0,
		-0.031893,
		0.033706,
		-0.536276,
		1,
	},
	[1.01666666667] = {
		-0.674886,
		0.525767,
		0.517783,
		0,
		0.571941,
		0.816067,
		-0.083174,
		0,
		-0.466275,
		0.240008,
		-0.85146,
		0,
		-0.018377,
		0.036303,
		-0.532849,
		1,
	},
	[1.03333333333] = {
		-0.675803,
		0.526531,
		0.515805,
		0,
		0.562733,
		0.82053,
		-0.100306,
		0,
		-0.476048,
		0.222473,
		-0.850814,
		0,
		-0.021697,
		0.032703,
		-0.531184,
		1,
	},
	[1.05] = {
		-0.676761,
		0.527291,
		0.513769,
		0,
		0.553838,
		0.824423,
		-0.116579,
		0,
		-0.485034,
		0.205649,
		-0.849971,
		0,
		-0.024782,
		0.029355,
		-0.529643,
		1,
	},
	[1.06666666667] = {
		-0.676873,
		0.529795,
		0.511038,
		0,
		0.546977,
		0.826601,
		-0.132466,
		0,
		-0.492604,
		0.189864,
		-0.84929,
		0,
		-0.027135,
		0.026699,
		-0.528361,
		1,
	},
	[1.08333333333] = {
		-0.675225,
		0.535827,
		0.506912,
		0,
		0.543901,
		0.825902,
		-0.148516,
		0,
		-0.498239,
		0.175429,
		-0.849107,
		0,
		-0.028272,
		0.025141,
		-0.527469,
		1,
	},
	{
		-0.674865,
		0.523285,
		0.520317,
		0,
		0.579827,
		0.812163,
		-0.064745,
		0,
		-0.456462,
		0.258,
		-0.851515,
		0,
		-0.015329,
		0.039726,
		-0.534499,
		1,
	},
	[1.1] = {
		-0.672484,
		0.543896,
		0.501938,
		0,
		0.543269,
		0.823327,
		-0.164291,
		0,
		-0.502617,
		0.162204,
		-0.849156,
		0,
		-0.028621,
		0.024297,
		-0.526869,
		1,
	},
}

return spline_matrices
