-- chunkname: @content/characters/player/human/first_person/animations/power_maul/attack_up_left.lua

local spline_matrices = {
	[0.0166666666667] = {
		0.690924,
		-0.252178,
		0.677518,
		0,
		-0.722927,
		-0.242004,
		0.647156,
		0,
		0.000763,
		-0.936931,
		-0.349513,
		0,
		0.466503,
		-0.08356,
		-0.631655,
		1,
	},
	[0.0333333333333] = {
		0.590692,
		-0.314178,
		0.743219,
		0,
		-0.806406,
		-0.197712,
		0.557333,
		0,
		-0.028158,
		-0.928548,
		-0.370142,
		0,
		0.505541,
		-0.021483,
		-0.619286,
		1,
	},
	[0.05] = {
		0.486638,
		-0.361376,
		0.795356,
		0,
		-0.872826,
		-0.162717,
		0.460106,
		0,
		-0.036853,
		-0.918112,
		-0.394603,
		0,
		0.541591,
		0.05288,
		-0.603512,
		1,
	},
	[0.0666666666667] = {
		0.388564,
		-0.396317,
		0.831836,
		0,
		-0.92113,
		-0.144361,
		0.361496,
		0,
		-0.023182,
		-0.906693,
		-0.421153,
		0,
		0.569634,
		0.131347,
		-0.580746,
		1,
	},
	[0.0833333333333] = {
		0.307048,
		-0.422147,
		0.852944,
		0,
		-0.951573,
		-0.150465,
		0.268084,
		0,
		0.015167,
		-0.893953,
		-0.447904,
		0,
		0.573772,
		0.195859,
		-0.538823,
		1,
	},
	[0] = {
		0.778831,
		-0.173935,
		0.602635,
		0,
		-0.625394,
		-0.288878,
		0.724867,
		0,
		0.048009,
		-0.941433,
		-0.333765,
		0,
		0.427104,
		-0.126701,
		-0.641372,
		1,
	},
	[0.116666666667] = {
		0.735059,
		-0.075844,
		0.673748,
		0,
		-0.328168,
		-0.909364,
		0.255664,
		0,
		0.593291,
		-0.40903,
		-0.693325,
		0,
		0.394065,
		0.42959,
		-0.531355,
		1,
	},
	[0.133333333333] = {
		0.772508,
		0.056114,
		0.632521,
		0,
		-0.084199,
		-0.978241,
		0.189618,
		0,
		0.629398,
		-0.199739,
		-0.750974,
		0,
		0.339597,
		0.500909,
		-0.494764,
		1,
	},
	[0.15] = {
		0.780544,
		0.150142,
		0.606802,
		0,
		0.076345,
		-0.986356,
		0.145852,
		0,
		0.620421,
		-0.067517,
		-0.781357,
		0,
		0.304073,
		0.558158,
		-0.448825,
		1,
	},
	[0.166666666667] = {
		0.78316,
		0.196101,
		0.590088,
		0,
		0.184572,
		-0.979512,
		0.080555,
		0,
		0.593796,
		0.045826,
		-0.80331,
		0,
		0.274579,
		0.607388,
		-0.393885,
		1,
	},
	[0.183333333333] = {
		0.793578,
		0.187116,
		0.578983,
		0,
		0.270024,
		-0.961012,
		-0.059526,
		0,
		0.545271,
		0.203578,
		-0.813164,
		0,
		0.233213,
		0.64836,
		-0.326125,
		1,
	},
	[0.1] = {
		0.554123,
		-0.312525,
		0.771541,
		0,
		-0.748361,
		-0.592933,
		0.297298,
		0,
		0.364559,
		-0.742131,
		-0.56244,
		0,
		0.511406,
		0.320527,
		-0.549005,
		1,
	},
	[0.216666666667] = {
		0.859556,
		-0.056467,
		0.507913,
		0,
		0.447008,
		-0.398625,
		-0.800801,
		0,
		0.247686,
		0.915374,
		-0.317399,
		0,
		0.032125,
		0.708339,
		-0.072781,
		1,
	},
	[0.233333333333] = {
		0.851766,
		-0.055669,
		0.520957,
		0,
		0.522548,
		0.018264,
		-0.852414,
		0,
		0.037939,
		0.998282,
		0.044646,
		0,
		-0.084217,
		0.672659,
		0.099939,
		1,
	},
	[0.25] = {
		0.826727,
		-0.043925,
		0.560886,
		0,
		0.562574,
		0.074618,
		-0.823373,
		0,
		-0.005686,
		0.996244,
		0.0864,
		0,
		-0.173001,
		0.586548,
		0.201106,
		1,
	},
	[0.266666666667] = {
		0.889406,
		-0.068331,
		0.451983,
		0,
		0.446753,
		0.339309,
		-0.827817,
		0,
		-0.096796,
		0.93819,
		0.33231,
		0,
		-0.251685,
		0.491232,
		0.314624,
		1,
	},
	[0.283333333333] = {
		0.932315,
		-0.015303,
		0.361324,
		0,
		0.306107,
		0.565426,
		-0.765893,
		0,
		-0.192581,
		0.824657,
		0.53184,
		0,
		-0.325926,
		0.346205,
		0.379648,
		1,
	},
	[0.2] = {
		0.796053,
		0.187811,
		0.575349,
		0,
		0.455146,
		-0.812366,
		-0.364561,
		0,
		0.398925,
		0.552077,
		-0.732168,
		0,
		0.15417,
		0.696726,
		-0.234009,
		1,
	},
	[0.316666666667] = {
		0.917459,
		-0.093936,
		0.386582,
		0,
		0.31264,
		0.771159,
		-0.55459,
		0,
		-0.246021,
		0.629674,
		0.736875,
		0,
		-0.291078,
		-0.047993,
		0.456985,
		1,
	},
	[0.333333333333] = {
		0.888294,
		-0.181726,
		0.421793,
		0,
		0.372436,
		0.822422,
		-0.430016,
		0,
		-0.268747,
		0.539072,
		0.798234,
		0,
		-0.276219,
		-0.297442,
		0.450583,
		1,
	},
	[0.35] = {
		0.844393,
		-0.28651,
		0.452672,
		0,
		0.447372,
		0.841957,
		-0.301606,
		0,
		-0.294718,
		0.457187,
		0.83912,
		0,
		-0.252654,
		-0.447837,
		0.420098,
		1,
	},
	[0.366666666667] = {
		0.790519,
		-0.392991,
		0.469721,
		0,
		0.52053,
		0.83525,
		-0.177217,
		0,
		-0.322691,
		0.384597,
		0.864845,
		0,
		-0.219777,
		-0.495413,
		0.347145,
		1,
	},
	[0.383333333333] = {
		0.737413,
		-0.486302,
		0.468757,
		0,
		0.578214,
		0.813215,
		-0.06595,
		0,
		-0.349128,
		0.319674,
		0.880862,
		0,
		-0.185524,
		-0.552426,
		0.205268,
		1,
	},
	[0.3] = {
		0.931946,
		-0.035955,
		0.360809,
		0,
		0.285435,
		0.686408,
		-0.668858,
		0,
		-0.223614,
		0.726327,
		0.649958,
		0,
		-0.32868,
		0.180504,
		0.423682,
		1,
	},
	[0.416666666667] = {
		0.690883,
		-0.587381,
		0.421502,
		0,
		0.627204,
		0.776936,
		0.054646,
		0,
		-0.359578,
		0.226613,
		0.90518,
		0,
		-0.132759,
		-0.62424,
		-0.072298,
		1,
	},
	[0.433333333333] = {
		0.673167,
		-0.609862,
		0.418228,
		0,
		0.643216,
		0.761929,
		0.075747,
		0,
		-0.364855,
		0.218021,
		0.905178,
		0,
		-0.116303,
		-0.635576,
		-0.139063,
		1,
	},
	[0.45] = {
		0.652179,
		-0.63179,
		0.418932,
		0,
		0.659755,
		0.745222,
		0.096783,
		0,
		-0.373344,
		0.213273,
		0.902845,
		0,
		-0.102617,
		-0.643501,
		-0.20306,
		1,
	},
	[0.466666666667] = {
		0.627821,
		-0.653115,
		0.423417,
		0,
		0.676597,
		0.726849,
		0.117932,
		0,
		-0.384783,
		0.212442,
		0.898226,
		0,
		-0.091753,
		-0.64807,
		-0.264652,
		1,
	},
	[0.483333333333] = {
		0.599961,
		-0.673731,
		0.431432,
		0,
		0.693505,
		0.706837,
		0.1394,
		0,
		-0.39887,
		0.215565,
		0.89131,
		0,
		-0.083817,
		-0.649091,
		-0.324176,
		1,
	},
	[0.4] = {
		0.699925,
		-0.554368,
		0.450313,
		0,
		0.61117,
		0.791135,
		0.023999,
		0,
		-0.369563,
		0.25842,
		0.892548,
		0,
		-0.157403,
		-0.598761,
		0.041742,
		1,
	},
	[0.516666666667] = {
		0.53313,
		-0.712038,
		0.456919,
		0,
		0.72651,
		0.662056,
		0.184026,
		0,
		-0.43354,
		0.233846,
		0.870264,
		0,
		-0.074344,
		-0.609729,
		-0.410697,
		1,
	},
	[0.533333333333] = {
		0.493845,
		-0.729183,
		0.473718,
		0,
		0.742063,
		0.637395,
		0.207534,
		0,
		-0.453276,
		0.249039,
		0.855874,
		0,
		-0.070871,
		-0.582918,
		-0.441281,
		1,
	},
	[0.55] = {
		0.450473,
		-0.744535,
		0.492689,
		0,
		0.756592,
		0.611327,
		0.232053,
		0,
		-0.473965,
		0.268231,
		0.838695,
		0,
		-0.069107,
		-0.557211,
		-0.469149,
		1,
	},
	[0.566666666667] = {
		0.402934,
		-0.757693,
		0.513367,
		0,
		0.769784,
		0.58397,
		0.257705,
		0,
		-0.495052,
		0.291344,
		0.818561,
		0,
		-0.068566,
		-0.532493,
		-0.495019,
		1,
	},
	[0.583333333333] = {
		0.351209,
		-0.768226,
		0.535239,
		0,
		0.781318,
		0.555474,
		0.28459,
		0,
		-0.515941,
		0.318241,
		0.795316,
		0,
		-0.068829,
		-0.508611,
		-0.519384,
		1,
	},
	[0.5] = {
		0.568451,
		-0.693453,
		0.442703,
		0,
		0.710231,
		0.685224,
		0.16137,
		0,
		-0.415253,
		0.222691,
		0.882028,
		0,
		-0.080091,
		-0.637665,
		-0.3764,
		1,
	},
	[0.616666666667] = {
		0.235567,
		-0.779624,
		0.580254,
		0,
		0.798117,
		0.495869,
		0.342232,
		0,
		-0.554542,
		0.382492,
		0.739042,
		0,
		-0.070426,
		-0.462784,
		-0.564678,
		1,
	},
	[0.633333333333] = {
		0.171747,
		-0.779567,
		0.602311,
		0,
		0.802932,
		0.465014,
		0.372911,
		0,
		-0.570792,
		0.419568,
		0.705804,
		0,
		-0.071276,
		-0.440549,
		-0.58583,
		1,
	},
	[0.65] = {
		0.104632,
		-0.775144,
		0.62306,
		0,
		0.804859,
		0.434002,
		0.404777,
		0,
		-0.58417,
		0.459123,
		0.669292,
		0,
		-0.071939,
		-0.41869,
		-0.605978,
		1,
	},
	[0.666666666667] = {
		0.034749,
		-0.766045,
		0.641848,
		0,
		0.803675,
		0.403171,
		0.437675,
		0,
		-0.594052,
		0.500629,
		0.629661,
		0,
		-0.072412,
		-0.396468,
		-0.625354,
		1,
	},
	[0.683333333333] = {
		-0.037267,
		-0.75205,
		0.658052,
		0,
		0.799215,
		0.372876,
		0.4714,
		0,
		-0.599888,
		0.543493,
		0.587154,
		0,
		-0.072741,
		-0.373238,
		-0.644115,
		1,
	},
	[0.6] = {
		0.295366,
		-0.775687,
		0.557736,
		0,
		0.790869,
		0.526029,
		0.312762,
		0,
		-0.53599,
		0.348717,
		0.768837,
		0,
		-0.069543,
		-0.485419,
		-0.542549,
		1,
	},
	[0.716666666667] = {
		-0.18468,
		-0.709055,
		0.68054,
		0,
		0.780164,
		0.315348,
		0.540277,
		0,
		-0.597693,
		0.630711,
		0.494941,
		0,
		-0.072854,
		-0.324191,
		-0.679211,
		1,
	},
	[0.733333333333] = {
		-0.258412,
		-0.680218,
		0.68595,
		0,
		0.765626,
		0.2888,
		0.574814,
		0,
		-0.589101,
		0.67372,
		0.446163,
		0,
		-0.072577,
		-0.298658,
		-0.69532,
		1,
	},
	[0.75] = {
		-0.331015,
		-0.646805,
		0.687075,
		0,
		0.747913,
		0.264137,
		0.608981,
		0,
		-0.575374,
		0.715454,
		0.396321,
		0,
		-0.072039,
		-0.272674,
		-0.710354,
		1,
	},
	[0.766666666667] = {
		-0.40165,
		-0.609207,
		0.683772,
		0,
		0.727249,
		0.241604,
		0.642445,
		0,
		-0.556584,
		0.755311,
		0.346005,
		0,
		-0.071216,
		-0.246422,
		-0.724246,
		1,
	},
	[0.783333333333] = {
		-0.469548,
		-0.567906,
		0.676023,
		0,
		0.703918,
		0.221382,
		0.674899,
		0,
		-0.532939,
		0.792762,
		0.29581,
		0,
		-0.070095,
		-0.220087,
		-0.736938,
		1,
	},
	[0.7] = {
		-0.11068,
		-0.733047,
		0.671113,
		0,
		0.791384,
		0.343484,
		0.505698,
		0,
		-0.601217,
		0.587079,
		0.542105,
		0,
		-0.072899,
		-0.349101,
		-0.662109,
		1,
	},
	[0.816666666667] = {
		-0.5944,
		-0.476607,
		0.647714,
		0,
		0.650575,
		0.188447,
		0.73569,
		0,
		-0.472695,
		0.858681,
		0.198056,
		0,
		-0.06696,
		-0.167954,
		-0.758543,
		1,
	},
	[0.833333333333] = {
		-0.650332,
		-0.427911,
		0.627662,
		0,
		0.621295,
		0.175814,
		0.763598,
		0,
		-0.437104,
		0.886556,
		0.151522,
		0,
		-0.065024,
		-0.142532,
		-0.767385,
		1,
	},
	[0.85] = {
		-0.701496,
		-0.378042,
		0.604141,
		0,
		0.590779,
		0.165661,
		0.789643,
		0,
		-0.398601,
		0.910846,
		0.107129,
		0,
		-0.062954,
		-0.117776,
		-0.774893,
		1,
	},
	[0.866666666667] = {
		-0.747725,
		-0.327616,
		0.57756,
		0,
		0.559378,
		0.157875,
		0.813739,
		0,
		-0.357776,
		0.931527,
		0.065214,
		0,
		-0.060874,
		-0.093844,
		-0.78106,
		1,
	},
	[0.883333333333] = {
		-0.788972,
		-0.277193,
		0.548349,
		0,
		0.52742,
		0.152293,
		0.835844,
		0,
		-0.3152,
		0.948668,
		0.026042,
		0,
		-0.058933,
		-0.070867,
		-0.785895,
		1,
	},
	[0.8] = {
		-0.533996,
		-0.523489,
		0.663933,
		0,
		0.678241,
		0.203633,
		0.706061,
		0,
		-0.504814,
		0.827341,
		0.246312,
		0,
		-0.06867,
		-0.193867,
		-0.748384,
		1,
	},
	[0.916666666667] = {
		-0.856856,
		-0.178291,
		0.483747,
		0,
		0.462918,
		0.146974,
		0.874131,
		0,
		-0.226948,
		0.972939,
		-0.043402,
		0,
		-0.055883,
		-0.027833,
		-0.791408,
		1,
	},
	[0.933333333333] = {
		-0.883855,
		-0.130603,
		0.449159,
		0,
		0.430803,
		0.146813,
		0.890424,
		0,
		-0.182234,
		0.980504,
		-0.073497,
		0,
		-0.054921,
		-0.007343,
		-0.791709,
		1,
	},
	[0.95] = {
		-0.90656,
		-0.084503,
		0.413531,
		0,
		0.398989,
		0.148027,
		0.904928,
		0,
		-0.137683,
		0.985367,
		-0.10048,
		0,
		-0.054958,
		0.012242,
		-0.790687,
		1,
	},
	[0.966666666667] = {
		-0.925269,
		-0.04021,
		0.377173,
		0,
		0.367573,
		0.150406,
		0.917752,
		0,
		-0.093632,
		0.987806,
		-0.124386,
		0,
		-0.053935,
		0.032271,
		-0.78945,
		1,
	},
	[0.983333333333] = {
		-0.940298,
		0.002112,
		0.340346,
		0,
		0.336605,
		0.15374,
		0.929011,
		0,
		-0.050362,
		0.988109,
		-0.145273,
		0,
		-0.049769,
		0.051637,
		-0.770893,
		1,
	},
	[0.9] = {
		-0.8253,
		-0.227273,
		0.516939,
		0,
		0.495187,
		0.148728,
		0.855961,
		0,
		-0.27142,
		0.962407,
		-0.010202,
		0,
		-0.057304,
		-0.048959,
		-0.789427,
		1,
	},
	[1.01666666667] = {
		-0.960578,
		0.080456,
		0.266114,
		0,
		0.276048,
		0.162518,
		0.947304,
		0,
		0.032968,
		0.98342,
		-0.178321,
		0,
		-0.04372,
		0.081827,
		-0.734633,
		1,
	},
	[1.03333333333] = {
		-0.966442,
		0.116389,
		0.229004,
		0,
		0.246377,
		0.167615,
		0.95457,
		0,
		0.072717,
		0.978958,
		-0.190666,
		0,
		-0.040941,
		0.092027,
		-0.721658,
		1,
	},
	[1.05] = {
		-0.969833,
		0.15016,
		0.192032,
		0,
		0.217009,
		0.172976,
		0.960722,
		0,
		0.111045,
		0.973412,
		-0.200343,
		0,
		-0.037459,
		0.098562,
		-0.713658,
		1,
	},
	[1.06666666667] = {
		-0.971005,
		0.181797,
		0.15524,
		0,
		0.187828,
		0.178458,
		0.965854,
		0,
		0.147886,
		0.967007,
		-0.20743,
		0,
		-0.032755,
		0.101163,
		-0.711745,
		1,
	},
	[1.08333333333] = {
		-0.970992,
		0.182084,
		0.154984,
		0,
		0.187606,
		0.17827,
		0.965932,
		0,
		0.148251,
		0.966988,
		-0.207258,
		0,
		-0.032815,
		0.101148,
		-0.711605,
		1,
	},
	{
		-0.951963,
		0.042355,
		0.30327,
		0,
		0.306106,
		0.157837,
		0.938822,
		0,
		-0.008104,
		0.986556,
		-0.16322,
		0,
		-0.046439,
		0.068246,
		-0.751445,
		1,
	},
}

return spline_matrices
