-- chunkname: @content/characters/player/human/first_person/animations/power_maul/attack_left_down.lua

local spline_matrices = {
	[0.0166666666667] = {
		-0.939158,
		0.178822,
		0.293266,
		0,
		-0.309996,
		-0.073549,
		-0.947889,
		0,
		-0.147934,
		-0.981129,
		0.124508,
		0,
		0.287477,
		-0.117276,
		-0.120112,
		1,
	},
	[0.0333333333333] = {
		-0.946176,
		0.149491,
		0.287062,
		0,
		-0.30733,
		-0.136856,
		-0.941711,
		0,
		-0.101491,
		-0.979246,
		0.175433,
		0,
		0.285192,
		-0.127494,
		-0.092829,
		1,
	},
	[0.05] = {
		-0.951769,
		0.118798,
		0.282882,
		0,
		-0.302038,
		-0.200737,
		-0.931921,
		0,
		-0.053926,
		-0.972415,
		0.226937,
		0,
		0.281805,
		-0.139595,
		-0.05684,
		1,
	},
	[0.0666666666667] = {
		-0.955899,
		0.08708,
		0.280489,
		0,
		-0.293638,
		-0.264436,
		-0.918613,
		0,
		-0.005822,
		-0.960464,
		0.278344,
		0,
		0.279416,
		-0.148465,
		-0.017917,
		1,
	},
	[0.0833333333333] = {
		-0.958559,
		0.054711,
		0.279591,
		0,
		-0.281762,
		-0.327173,
		-0.90198,
		0,
		0.042126,
		-0.943379,
		0.32903,
		0,
		0.279937,
		-0.14905,
		0.018065,
		1,
	},
	[0] = {
		-0.930776,
		0.206507,
		0.301681,
		0,
		-0.310618,
		-0.011519,
		-0.950465,
		0,
		-0.192803,
		-0.978377,
		0.074866,
		0,
		0.286452,
		-0.114079,
		-0.132974,
		1,
	},
	[0.116666666667] = {
		-0.95969,
		-0.011012,
		0.280844,
		0,
		-0.246383,
		-0.447853,
		-0.85949,
		0,
		0.135242,
		-0.894039,
		0.427087,
		0,
		0.285629,
		-0.11454,
		0.093034,
		1,
	},
	[0.133333333333] = {
		-0.958112,
		-0.043219,
		0.283113,
		0,
		-0.223662,
		-0.504508,
		-0.833935,
		0,
		0.178874,
		-0.862325,
		0.473709,
		0,
		0.288208,
		-0.08872,
		0.127694,
		1,
	},
	[0.15] = {
		-0.954984,
		-0.074091,
		0.287257,
		0,
		-0.199066,
		-0.557889,
		-0.805688,
		0,
		0.219952,
		-0.826602,
		0.518025,
		0,
		0.292295,
		-0.051037,
		0.155749,
		1,
	},
	[0.166666666667] = {
		-0.95045,
		-0.103754,
		0.293053,
		0,
		-0.172641,
		-0.607786,
		-0.775107,
		0,
		0.258534,
		-0.787294,
		0.559758,
		0,
		0.296111,
		-0.0233,
		0.169487,
		1,
	},
	[0.183333333333] = {
		-0.913548,
		-0.18424,
		0.36261,
		0,
		-0.127633,
		-0.716634,
		-0.685671,
		0,
		0.386187,
		-0.672675,
		0.631164,
		0,
		0.302995,
		0.030387,
		0.18054,
		1,
	},
	[0.1] = {
		-0.959798,
		0.021939,
		0.279834,
		0,
		-0.266093,
		-0.388457,
		-0.882211,
		0,
		0.089349,
		-0.921206,
		0.378677,
		0,
		0.282727,
		-0.13679,
		0.05419,
		1,
	},
	[0.216666666667] = {
		-0.799888,
		-0.300828,
		0.519309,
		0,
		0.015239,
		-0.875201,
		-0.483519,
		0,
		0.599955,
		-0.378848,
		0.704647,
		0,
		0.301455,
		0.267036,
		0.217984,
		1,
	},
	[0.233333333333] = {
		-0.773557,
		-0.277536,
		0.569723,
		0,
		0.079605,
		-0.934437,
		-0.347117,
		0,
		0.628708,
		-0.223162,
		0.744933,
		0,
		0.288389,
		0.372561,
		0.2244,
		1,
	},
	[0.25] = {
		-0.809028,
		-0.153592,
		0.567347,
		0,
		0.08709,
		-0.985924,
		-0.142719,
		0,
		0.581282,
		-0.066054,
		0.811017,
		0,
		0.263009,
		0.457606,
		0.218074,
		1,
	},
	[0.266666666667] = {
		-0.873755,
		0.032011,
		0.485313,
		0,
		0.027124,
		-0.993072,
		0.114338,
		0,
		0.48561,
		0.113067,
		0.866833,
		0,
		0.227848,
		0.539087,
		0.200244,
		1,
	},
	[0.283333333333] = {
		-0.926604,
		0.088918,
		0.365374,
		0,
		0.143302,
		-0.814824,
		0.561718,
		0,
		0.347662,
		0.572849,
		0.742277,
		0,
		0.133418,
		0.656826,
		0.081415,
		1,
	},
	[0.2] = {
		-0.857102,
		-0.261538,
		0.443817,
		0,
		-0.060452,
		-0.804519,
		-0.590842,
		0,
		0.511588,
		-0.533241,
		0.673745,
		0,
		0.305731,
		0.140043,
		0.200012,
		1,
	},
	[0.316666666667] = {
		-0.977339,
		-0.031021,
		0.209394,
		0,
		0.204629,
		-0.391631,
		0.89708,
		0,
		0.054177,
		0.919599,
		0.389104,
		0,
		-0.012845,
		0.715858,
		-0.169147,
		1,
	},
	[0.333333333333] = {
		-0.978438,
		-0.058569,
		0.198064,
		0,
		0.206535,
		-0.269399,
		0.940621,
		0,
		-0.001733,
		0.961246,
		0.275686,
		0,
		-0.048874,
		0.704235,
		-0.256403,
		1,
	},
	[0.35] = {
		-0.970144,
		-0.118258,
		0.211742,
		0,
		0.210634,
		0.021941,
		0.977319,
		0,
		-0.120222,
		0.99274,
		0.003624,
		0,
		-0.110555,
		0.660826,
		-0.351069,
		1,
	},
	[0.366666666667] = {
		-0.942336,
		-0.196853,
		0.270652,
		0,
		0.204404,
		0.301814,
		0.931197,
		0,
		-0.264996,
		0.932822,
		-0.244173,
		0,
		-0.174025,
		0.580833,
		-0.50049,
		1,
	},
	[0.383333333333] = {
		-0.90512,
		-0.204198,
		0.372909,
		0,
		0.279306,
		0.375698,
		0.883651,
		0,
		-0.320541,
		0.903966,
		-0.283018,
		0,
		-0.213618,
		0.492614,
		-0.627069,
		1,
	},
	[0.3] = {
		-0.965398,
		0.015388,
		0.260328,
		0,
		0.212889,
		-0.530052,
		0.820807,
		0,
		0.150618,
		0.847826,
		0.508435,
		0,
		0.031953,
		0.726507,
		-0.05319,
		1,
	},
	[0.416666666667] = {
		-0.854729,
		-0.191541,
		0.482442,
		0,
		0.345223,
		0.484313,
		0.803904,
		0,
		-0.387633,
		0.853671,
		-0.347832,
		0,
		-0.224643,
		0.392858,
		-0.739882,
		1,
	},
	[0.433333333333] = {
		-0.856418,
		-0.217577,
		0.468197,
		0,
		0.287836,
		0.551627,
		0.782852,
		0,
		-0.428601,
		0.805213,
		-0.409797,
		0,
		-0.1999,
		0.362722,
		-0.758377,
		1,
	},
	[0.45] = {
		-0.847186,
		-0.334692,
		0.412622,
		0,
		0.151688,
		0.591936,
		0.791582,
		0,
		-0.509182,
		0.733207,
		-0.450712,
		0,
		-0.166738,
		0.328207,
		-0.764125,
		1,
	},
	[0.466666666667] = {
		-0.772769,
		-0.543301,
		0.328105,
		0,
		-0.049846,
		0.56731,
		0.821994,
		0,
		-0.632727,
		0.618857,
		-0.465481,
		0,
		-0.133242,
		0.290343,
		-0.759495,
		1,
	},
	[0.483333333333] = {
		-0.558606,
		-0.801918,
		0.211866,
		0,
		-0.272653,
		0.418774,
		0.866192,
		0,
		-0.783339,
		0.426094,
		-0.452575,
		0,
		-0.106918,
		0.249331,
		-0.747372,
		1,
	},
	[0.4] = {
		-0.866673,
		-0.205993,
		0.454362,
		0,
		0.343367,
		0.414405,
		0.842833,
		0,
		-0.361908,
		0.886474,
		-0.288422,
		0,
		-0.234025,
		0.423014,
		-0.71043,
		1,
	},
	[0.516666666667] = {
		0.290051,
		-0.944437,
		-0.154627,
		0,
		-0.360783,
		-0.257561,
		0.896381,
		0,
		-0.886401,
		-0.204209,
		-0.415442,
		0,
		-0.087787,
		0.159987,
		-0.714337,
		1,
	},
	[0.533333333333] = {
		0.634202,
		-0.700745,
		-0.326718,
		0,
		-0.161785,
		-0.533492,
		0.830188,
		0,
		-0.756051,
		-0.473649,
		-0.451711,
		0,
		-0.079045,
		0.11793,
		-0.699165,
		1,
	},
	[0.55] = {
		0.800266,
		-0.413595,
		-0.434182,
		0,
		0.063015,
		-0.662051,
		0.746805,
		0,
		-0.596325,
		-0.625003,
		-0.503754,
		0,
		-0.070381,
		0.082963,
		-0.686382,
		1,
	},
	[0.566666666667] = {
		0.850187,
		-0.191469,
		-0.490429,
		0,
		0.234856,
		-0.695777,
		0.678776,
		0,
		-0.471194,
		-0.692267,
		-0.546574,
		0,
		-0.06415,
		0.056594,
		-0.676714,
		1,
	},
	[0.583333333333] = {
		0.85359,
		-0.05916,
		-0.517576,
		0,
		0.338435,
		-0.692335,
		0.637286,
		0,
		-0.396038,
		-0.719147,
		-0.570948,
		0,
		-0.061491,
		0.039795,
		-0.671304,
		1,
	},
	[0.5] = {
		-0.169111,
		-0.984451,
		0.047507,
		0,
		-0.409642,
		0.114046,
		0.905089,
		0,
		-0.896434,
		0.1336,
		-0.422559,
		0,
		-0.093937,
		0.205258,
		-0.731127,
		1,
	},
	[0.616666666667] = {
		0.83763,
		0.060978,
		-0.542823,
		0,
		0.436416,
		-0.672347,
		0.597905,
		0,
		-0.328507,
		-0.73772,
		-0.58979,
		0,
		-0.060978,
		0.021418,
		-0.666955,
		1,
	},
	[0.633333333333] = {
		0.830397,
		0.088712,
		-0.550065,
		0,
		0.460142,
		-0.665883,
		0.587256,
		0,
		-0.314182,
		-0.740764,
		-0.593767,
		0,
		-0.061057,
		0.015381,
		-0.665709,
		1,
	},
	[0.65] = {
		0.825851,
		0.101472,
		-0.554684,
		0,
		0.471914,
		-0.662805,
		0.581366,
		0,
		-0.308654,
		-0.741885,
		-0.595264,
		0,
		-0.061133,
		0.011078,
		-0.665029,
		1,
	},
	[0.666666666667] = {
		0.824028,
		0.10247,
		-0.557206,
		0,
		0.474275,
		-0.66275,
		0.579505,
		0,
		-0.309906,
		-0.741796,
		-0.594724,
		0,
		-0.061284,
		0.008261,
		-0.664843,
		1,
	},
	[0.683333333333] = {
		0.824449,
		0.094202,
		-0.558042,
		0,
		0.469278,
		-0.66494,
		0.581062,
		0,
		-0.316327,
		-0.740933,
		-0.592415,
		0,
		-0.06164,
		0.006687,
		-0.66507,
		1,
	},
	[0.6] = {
		0.846385,
		0.01379,
		-0.532393,
		0,
		0.397424,
		-0.681812,
		0.614155,
		0,
		-0.354522,
		-0.731398,
		-0.582556,
		0,
		-0.061063,
		0.029454,
		-0.668809,
		1,
	},
	[0.716666666667] = {
		0.829894,
		0.057965,
		-0.554902,
		0,
		0.443396,
		-0.672203,
		0.592911,
		0,
		-0.338639,
		-0.738094,
		-0.583559,
		0,
		-0.062668,
		0.00631,
		-0.666469,
		1,
	},
	[0.733333333333] = {
		0.833792,
		0.033543,
		-0.551058,
		0,
		0.425286,
		-0.675484,
		0.602372,
		0,
		-0.352026,
		-0.736611,
		-0.577479,
		0,
		-0.063215,
		0.007047,
		-0.667482,
		1,
	},
	[0.75] = {
		0.837821,
		0.007319,
		-0.545895,
		0,
		0.405645,
		-0.67756,
		0.613486,
		0,
		-0.365386,
		-0.735432,
		-0.570643,
		0,
		-0.063714,
		0.008103,
		-0.668587,
		1,
	},
	[0.766666666667] = {
		0.841633,
		-0.018749,
		-0.539724,
		0,
		0.386051,
		-0.677976,
		0.62555,
		0,
		-0.377648,
		-0.734845,
		-0.563369,
		0,
		-0.064125,
		0.009268,
		-0.669691,
		1,
	},
	[0.783333333333] = {
		0.845016,
		-0.042545,
		-0.533046,
		0,
		0.368214,
		-0.676565,
		0.637714,
		0,
		-0.387772,
		-0.735153,
		-0.556042,
		0,
		-0.064417,
		0.010341,
		-0.670696,
		1,
	},
	[0.7] = {
		0.826596,
		0.078767,
		-0.557257,
		0,
		0.45852,
		-0.668404,
		0.585658,
		0,
		-0.326342,
		-0.739616,
		-0.588616,
		0,
		-0.062123,
		0.006115,
		-0.665637,
		1,
	},
	[0.816666666667] = {
		0.85013,
		-0.074372,
		-0.521294,
		0,
		0.345129,
		-0.668991,
		0.658284,
		0,
		-0.397699,
		-0.73954,
		-0.543061,
		0,
		-0.064562,
		0.011479,
		-0.672011,
		1,
	},
	[0.833333333333] = {
		0.851662,
		-0.078038,
		-0.518249,
		0,
		0.343539,
		-0.663656,
		0.664486,
		0,
		-0.395794,
		-0.743956,
		-0.538402,
		0,
		-0.064393,
		0.011212,
		-0.672118,
		1,
	},
	[0.8] = {
		0.847868,
		-0.061836,
		-0.52659,
		0,
		0.353953,
		-0.673449,
		0.648986,
		0,
		-0.394762,
		-0.736643,
		-0.549109,
		0,
		-0.064568,
		0.011135,
		-0.671503,
		1,
	},
}

return spline_matrices
