local spline_matrices = {
	[0] = {
		-0.956876,
		-0.08558,
		0.277605,
		0,
		-0.178904,
		-0.579288,
		-0.795248,
		0,
		0.228871,
		-0.810618,
		0.538996,
		0,
		0.293009,
		-0.036691,
		0.17248,
		1
	},
	[0.0333333333333] = {
		-0.956013,
		-0.087285,
		0.280037,
		0,
		-0.179314,
		-0.58163,
		-0.793444,
		0,
		0.232134,
		-0.808757,
		0.540395,
		0,
		0.2935,
		-0.035553,
		0.171884,
		1
	},
	[0.0666666666667] = {
		-0.954097,
		-0.091523,
		0.285172,
		0,
		-0.179501,
		-0.587463,
		-0.789092,
		0,
		0.239748,
		-0.804059,
		0.544068,
		0,
		0.294537,
		-0.032707,
		0.170671,
		1
	},
	[0.133333333333] = {
		-0.951113,
		-0.102111,
		0.291475,
		0,
		-0.174041,
		-0.602434,
		-0.778963,
		0,
		0.255135,
		-0.79161,
		0.555212,
		0,
		0.295853,
		-0.025397,
		0.169635,
		1
	},
	[0.166666666667] = {
		-0.95045,
		-0.103754,
		0.293053,
		0,
		-0.172641,
		-0.607786,
		-0.775107,
		0,
		0.258534,
		-0.787294,
		0.559758,
		0,
		0.296111,
		-0.0233,
		0.169487,
		1
	},
	[0.1] = {
		-0.952164,
		-0.09702,
		0.289777,
		0,
		-0.177907,
		-0.595001,
		-0.783788,
		0,
		0.24846,
		-0.797848,
		0.549278,
		0,
		0.295478,
		-0.028999,
		0.169711,
		1
	},
	[0.233333333333] = {
		-0.773557,
		-0.277536,
		0.569723,
		0,
		0.079605,
		-0.934437,
		-0.347117,
		0,
		0.628708,
		-0.223162,
		0.744933,
		0,
		0.288389,
		0.372561,
		0.2244,
		1
	},
	[0.266666666667] = {
		-0.873755,
		0.032011,
		0.485313,
		0,
		0.027124,
		-0.993072,
		0.114338,
		0,
		0.48561,
		0.113067,
		0.866833,
		0,
		0.227848,
		0.539087,
		0.200244,
		1
	},
	[0.2] = {
		-0.857102,
		-0.261538,
		0.443817,
		0,
		-0.060452,
		-0.804519,
		-0.590842,
		0,
		0.511588,
		-0.533241,
		0.673745,
		0,
		0.305731,
		0.140043,
		0.200012,
		1
	},
	[0.333333333333] = {
		-0.978438,
		-0.058569,
		0.198064,
		0,
		0.206535,
		-0.269399,
		0.940621,
		0,
		-0.001733,
		0.961246,
		0.275686,
		0,
		-0.048874,
		0.704235,
		-0.256403,
		1
	},
	[0.366666666667] = {
		-0.942336,
		-0.196853,
		0.270652,
		0,
		0.204404,
		0.301814,
		0.931197,
		0,
		-0.264996,
		0.932822,
		-0.244173,
		0,
		-0.174025,
		0.580833,
		-0.50049,
		1
	},
	[0.3] = {
		-0.965398,
		0.015388,
		0.260328,
		0,
		0.212889,
		-0.530052,
		0.820807,
		0,
		0.150618,
		0.847826,
		0.508435,
		0,
		0.031953,
		0.726507,
		-0.05319,
		1
	},
	[0.433333333333] = {
		-0.963025,
		-0.074609,
		0.258873,
		0,
		0.214218,
		0.370652,
		0.90373,
		0,
		-0.163378,
		0.92577,
		-0.340965,
		0,
		-0.193178,
		0.504806,
		-0.587218,
		1
	},
	[0.466666666667] = {
		-0.962922,
		-0.069964,
		0.260551,
		0,
		0.21772,
		0.368786,
		0.903657,
		0,
		-0.159311,
		0.926878,
		-0.339879,
		0,
		-0.191683,
		0.506282,
		-0.586436,
		1
	},
	[0.4] = {
		-0.962379,
		-0.08429,
		0.258306,
		0,
		0.209644,
		0.374411,
		0.903253,
		0,
		-0.172848,
		0.923424,
		-0.342654,
		0,
		-0.19804,
		0.501754,
		-0.588213,
		1
	},
	[0.533333333333] = {
		-0.960881,
		-0.073312,
		0.267082,
		0,
		0.222201,
		0.371593,
		0.901413,
		0,
		-0.165331,
		0.925497,
		-0.340767,
		0,
		-0.197624,
		0.504248,
		-0.586217,
		1
	},
	[0.566666666667] = {
		-0.959492,
		-0.075931,
		0.271311,
		0,
		0.224358,
		0.37654,
		0.898822,
		0,
		-0.170408,
		0.923283,
		-0.344251,
		0,
		-0.202009,
		0.500805,
		-0.587671,
		1
	},
	[0.5] = {
		-0.962111,
		-0.071081,
		0.263232,
		0,
		0.219855,
		0.368768,
		0.903147,
		0,
		-0.161268,
		0.9268,
		-0.339168,
		0,
		-0.193876,
		0.506238,
		-0.585753,
		1
	},
	[0.633333333333] = {
		-0.95737,
		-0.079516,
		0.277705,
		0,
		0.226515,
		0.38994,
		0.892546,
		0,
		-0.17926,
		0.917401,
		-0.355305,
		0,
		-0.209035,
		0.491547,
		-0.593006,
		1
	},
	[0.666666666667] = {
		-0.957152,
		-0.079162,
		0.278555,
		0,
		0.226045,
		0.397002,
		0.889546,
		0,
		-0.181005,
		0.914397,
		-0.362097,
		0,
		-0.210075,
		0.486728,
		-0.596603,
		1
	},
	[0.6] = {
		-0.958221,
		-0.078226,
		0.275124,
		0,
		0.225926,
		0.382891,
		0.895741,
		0,
		-0.175413,
		0.920476,
		-0.349221,
		0,
		-0.206116,
		0.496406,
		-0.589973,
		1
	},
	[0.733333333333] = {
		-0.957205,
		-0.074545,
		0.279646,
		0,
		0.22635,
		0.409289,
		0.883882,
		0,
		-0.180346,
		0.909354,
		-0.3749,
		0,
		-0.20973,
		0.478454,
		-0.603376,
		1
	},
	[0.766666666667] = {
		-0.957294,
		-0.071815,
		0.280055,
		0,
		0.226875,
		0.413828,
		0.881631,
		0,
		-0.179209,
		0.907518,
		-0.379862,
		0,
		-0.209133,
		0.47541,
		-0.605976,
		1
	},
	[0.7] = {
		-0.957144,
		-0.077216,
		0.279128,
		0,
		0.226,
		0.403559,
		0.886603,
		0,
		-0.181104,
		0.91169,
		-0.368813,
		0,
		-0.210127,
		0.482303,
		-0.600167,
		1
	},
	[0.833333333333] = {
		-0.957408,
		-0.068833,
		0.280414,
		0,
		0.227561,
		0.417891,
		0.879536,
		0,
		-0.177724,
		0.905886,
		-0.384429,
		0,
		-0.208345,
		0.472684,
		-0.60835,
		1
	},
	[0.8] = {
		-0.957374,
		-0.069689,
		0.28032,
		0,
		0.227353,
		0.416815,
		0.8801,
		0,
		-0.178175,
		0.906316,
		-0.383204,
		0,
		-0.208585,
		0.473406,
		-0.607715,
		1
	}
}

return spline_matrices
