-- chunkname: @content/characters/player/human/first_person/animations/power_maul/attack_up_left.lua

local spline_matrices = {
	[0.0333333333333] = {
		-0.585852,
		0.798921,
		0.136025,
		0,
		0.682491,
		0.395865,
		0.614408,
		0,
		0.437016,
		0.452788,
		-0.777175,
		0,
		-0.004792,
		0.034608,
		-0.749229,
		1,
	},
	[0.0666666666667] = {
		0.140731,
		0.98326,
		0.115732,
		0,
		0.663805,
		-0.180438,
		0.725814,
		0,
		0.734546,
		-0.025321,
		-0.678086,
		0,
		0.113908,
		0.03004,
		-0.730647,
		1,
	},
	[0] = {
		-0.907515,
		0.364057,
		0.209476,
		0,
		0.417675,
		0.729572,
		0.541546,
		0,
		0.044325,
		0.578954,
		-0.814155,
		0,
		-0.057848,
		0.013409,
		-0.752111,
		1,
	},
	[0.133333333333] = {
		0.922373,
		0.131163,
		0.363352,
		0,
		-0.205404,
		-0.630084,
		0.748868,
		0,
		0.327166,
		-0.765369,
		-0.554231,
		0,
		0.318039,
		-0.047156,
		-0.664014,
		1,
	},
	[0.166666666667] = {
		0.857463,
		-0.111047,
		0.502419,
		0,
		-0.464744,
		-0.586222,
		0.663594,
		0,
		0.22084,
		-0.802504,
		-0.554272,
		0,
		0.395409,
		-0.057847,
		-0.629781,
		1,
	},
	[0.1] = {
		0.785212,
		0.575893,
		0.227573,
		0,
		0.201164,
		-0.584812,
		0.785829,
		0,
		0.585641,
		-0.571263,
		-0.57505,
		0,
		0.236344,
		-0.013006,
		-0.696804,
		1,
	},
	[0.233333333333] = {
		0.498923,
		-0.39865,
		0.769516,
		0,
		-0.846181,
		-0.415903,
		0.33317,
		0,
		0.187226,
		-0.817376,
		-0.544833,
		0,
		0.572643,
		-0.029648,
		-0.543539,
		1,
	},
	[0.266666666667] = {
		0.32534,
		-0.458203,
		0.827166,
		0,
		-0.908134,
		-0.395188,
		0.138275,
		0,
		0.263528,
		-0.796164,
		-0.54468,
		0,
		0.632799,
		0.033111,
		-0.508192,
		1,
	},
	[0.2] = {
		0.700217,
		-0.287659,
		0.653413,
		0,
		-0.691861,
		-0.499214,
		0.521645,
		0,
		0.176137,
		-0.817336,
		-0.548578,
		0,
		0.487339,
		-0.054275,
		-0.587122,
		1,
	},
	[0.333333333333] = {
		0.485858,
		-0.435834,
		0.757622,
		0,
		-0.636863,
		-0.770198,
		-0.034653,
		0,
		0.598622,
		-0.465664,
		-0.651773,
		0,
		0.560355,
		0.365821,
		-0.482668,
		1,
	},
	[0.366666666667] = {
		0.791064,
		-0.004371,
		0.611718,
		0,
		0.140951,
		-0.971766,
		-0.189218,
		0,
		0.595274,
		0.235906,
		-0.768113,
		0,
		0.241309,
		0.691801,
		-0.319871,
		1,
	},
	[0.3] = {
		0.265106,
		-0.48503,
		0.833345,
		0,
		-0.867862,
		-0.496636,
		-0.012969,
		0,
		0.42016,
		-0.719791,
		-0.5526,
		0,
		0.652678,
		0.150227,
		-0.482343,
		1,
	},
	[0.433333333333] = {
		0.84618,
		-0.085111,
		0.526056,
		0,
		0.52792,
		0.268484,
		-0.80574,
		0,
		-0.07266,
		0.959517,
		0.272117,
		0,
		-0.259618,
		0.560269,
		0.218593,
		1,
	},
	[0.466666666667] = {
		0.868296,
		-0.319423,
		0.379515,
		0,
		0.489249,
		0.677686,
		-0.548978,
		0,
		-0.081836,
		0.662353,
		0.744709,
		0,
		-0.388066,
		0.297973,
		0.381257,
		1,
	},
	[0.4] = {
		0.860478,
		-0.008483,
		0.509417,
		0,
		0.504078,
		-0.131139,
		-0.853644,
		0,
		0.074045,
		0.991328,
		-0.108566,
		0,
		-0.017776,
		0.74111,
		-0.037839,
		1,
	},
	[0.533333333333] = {
		0.722514,
		-0.432237,
		0.539578,
		0,
		0.468914,
		0.879885,
		0.076952,
		0,
		-0.508028,
		0.197417,
		0.838412,
		0,
		-0.333004,
		-0.493232,
		0.37634,
		1,
	},
	[0.566666666667] = {
		0.735602,
		-0.49216,
		0.465477,
		0,
		0.488944,
		0.861328,
		0.138014,
		0,
		-0.468853,
		0.126069,
		0.874233,
		0,
		-0.247876,
		-0.584181,
		0.164875,
		1,
	},
	[0.5] = {
		0.756187,
		-0.538586,
		0.371628,
		0,
		0.612461,
		0.782499,
		-0.112189,
		0,
		-0.230375,
		0.312443,
		0.921578,
		0,
		-0.371696,
		-0.10704,
		0.430259,
		1,
	},
	[0.633333333333] = {
		0.691703,
		-0.612931,
		0.381919,
		0,
		0.556321,
		0.789445,
		0.259391,
		0,
		-0.460493,
		0.033048,
		0.887048,
		0,
		-0.16076,
		-0.668194,
		-0.245861,
		1,
	},
	[0.666666666667] = {
		0.641932,
		-0.656307,
		0.396465,
		0,
		0.585861,
		0.753401,
		0.298587,
		0,
		-0.494662,
		0.040601,
		0.868137,
		0,
		-0.142169,
		-0.672111,
		-0.368399,
		1,
	},
	[0.6] = {
		0.728546,
		-0.568026,
		0.382841,
		0,
		0.526033,
		0.821927,
		0.218463,
		0,
		-0.43876,
		0.042227,
		0.897612,
		0,
		-0.190288,
		-0.650855,
		-0.113513,
		1,
	},
	[0.733333333333] = {
		0.49831,
		-0.732811,
		0.463331,
		0,
		0.637159,
		0.671951,
		0.377505,
		0,
		-0.587975,
		0.107101,
		0.801757,
		0,
		-0.125676,
		-0.578811,
		-0.516691,
		1,
	},
	[0.766666666667] = {
		0.401967,
		-0.760713,
		0.509646,
		0,
		0.65593,
		0.627581,
		0.419402,
		0,
		-0.638888,
		0.165707,
		0.751241,
		0,
		-0.124252,
		-0.528984,
		-0.567416,
		1,
	},
	[0.7] = {
		0.577947,
		-0.696995,
		0.424471,
		0,
		0.613288,
		0.714102,
		0.337544,
		0,
		-0.538382,
		0.06524,
		0.840172,
		0,
		-0.131813,
		-0.632822,
		-0.457348,
		1,
	},
	[0.833333333333] = {
		0.159668,
		-0.778279,
		0.60728,
		0,
		0.672442,
		0.536124,
		0.510287,
		0,
		-0.722723,
		0.326884,
		0.608949,
		0,
		-0.124417,
		-0.4377,
		-0.653782,
		1,
	},
	[0.866666666667] = {
		0.01849,
		-0.761181,
		0.648275,
		0,
		0.667716,
		0.492004,
		0.558648,
		0,
		-0.744187,
		0.422534,
		0.51735,
		0,
		-0.123528,
		-0.392147,
		-0.691122,
		1,
	},
	[0.8] = {
		0.288834,
		-0.777107,
		0.559178,
		0,
		0.668033,
		0.581972,
		0.463724,
		0,
		-0.685789,
		0.239611,
		0.687226,
		0,
		-0.124465,
		-0.482279,
		-0.612806,
		1,
	},
	[0.933333333333] = {
		-0.277732,
		-0.667677,
		0.690705,
		0,
		0.630205,
		0.416028,
		0.655563,
		0,
		-0.725056,
		0.617356,
		0.305229,
		0,
		-0.119403,
		-0.292543,
		-0.754299,
		1,
	},
	[0.966666666667] = {
		-0.419519,
		-0.593883,
		0.686518,
		0,
		0.599118,
		0.387021,
		0.700909,
		0,
		-0.681954,
		0.705349,
		0.193443,
		0,
		-0.115905,
		-0.240956,
		-0.778763,
		1,
	},
	[0.9] = {
		-0.129474,
		-0.724211,
		0.677315,
		0,
		0.653486,
		0.451422,
		0.607597,
		0,
		-0.745783,
		0.521284,
		0.414814,
		0,
		-0.121906,
		-0.343389,
		-0.724912,
		1,
	},
	[1.03333333333] = {
		-0.661153,
		-0.411581,
		0.627278,
		0,
		0.520693,
		0.35022,
		0.778604,
		0,
		-0.540144,
		0.841396,
		-0.017241,
		0,
		-0.106242,
		-0.141312,
		-0.811805,
		1,
	},
	[1.06666666667] = {
		-0.754483,
		-0.313056,
		0.576846,
		0,
		0.47721,
		0.341732,
		0.809623,
		0,
		-0.450585,
		0.886124,
		-0.108437,
		0,
		-0.101246,
		-0.095881,
		-0.820198,
		1,
	},
	{
		-0.548776,
		-0.506848,
		0.664793,
		0,
		0.561961,
		0.365084,
		0.742235,
		0,
		-0.618906,
		0.780909,
		0.08448,
		0,
		-0.111405,
		-0.190075,
		-0.797989,
		1,
	},
	[1.13333333333] = {
		-0.884408,
		-0.122459,
		0.450361,
		0,
		0.389088,
		0.339445,
		0.856381,
		0,
		-0.257745,
		0.93262,
		-0.252561,
		0,
		-0.095492,
		-0.01566,
		-0.819615,
		1,
	},
	[1.16666666667] = {
		-0.924226,
		-0.035898,
		0.380154,
		0,
		0.345859,
		0.343218,
		0.87326,
		0,
		-0.161824,
		0.938569,
		-0.304796,
		0,
		-0.094683,
		0.021814,
		-0.813865,
		1,
	},
	[1.1] = {
		-0.828508,
		-0.215582,
		0.516816,
		0,
		0.433017,
		0.338549,
		0.835392,
		0,
		-0.355064,
		0.915919,
		-0.18714,
		0,
		-0.097326,
		-0.05431,
		-0.823061,
		1,
	},
	[1.23333333333] = {
		-0.96521,
		0.113257,
		0.235674,
		0,
		0.260858,
		0.355176,
		0.897665,
		0,
		0.017961,
		0.927913,
		-0.372363,
		0,
		-0.082452,
		0.067476,
		-0.755222,
		1,
	},
	[1.26666666667] = {
		-0.969085,
		0.145606,
		0.199183,
		0,
		0.239311,
		0.358244,
		0.902436,
		0,
		0.060044,
		0.922204,
		-0.382014,
		0,
		-0.07779,
		0.069844,
		-0.752918,
		1,
	},
	[1.2] = {
		-0.950366,
		0.042844,
		0.308171,
		0,
		0.303276,
		0.348774,
		0.886781,
		0,
		-0.069489,
		0.936227,
		-0.344457,
		0,
		-0.088688,
		0.051297,
		-0.776832,
		1,
	},
}

return spline_matrices
