local spline_matrices = {
	[0] = {
		-0.344892,
		0.839926,
		0.419016,
		0,
		0.938572,
		0.303115,
		0.164938,
		0,
		0.011526,
		0.450162,
		-0.892872,
		0,
		0.095496,
		-0.09674,
		-0.405439,
		1
	},
	{
		-0.389241,
		-0.441619,
		0.808371,
		0,
		0.920196,
		-0.226053,
		0.319592,
		0,
		0.041597,
		0.868259,
		0.494365,
		0,
		-0.009803,
		-0.482229,
		-0.2996,
		1
	},
	[0.0333333333333] = {
		0.026441,
		0.980012,
		-0.197174,
		0,
		0.983312,
		0.010017,
		0.181652,
		0,
		0.179996,
		-0.198686,
		-0.963392,
		0,
		-0.059033,
		-0.030191,
		-0.373486,
		1
	},
	[0.0666666666667] = {
		0.440435,
		0.529875,
		-0.724741,
		0,
		0.896715,
		-0.220237,
		0.383925,
		0,
		0.043818,
		-0.81898,
		-0.572147,
		0,
		-0.191481,
		0.036137,
		-0.361808,
		1
	},
	[0.133333333333] = {
		0.538414,
		-0.149114,
		-0.829383,
		0,
		0.810205,
		-0.178998,
		0.558146,
		0,
		-0.231685,
		-0.972484,
		0.024438,
		0,
		-0.356414,
		0.065237,
		-0.30222,
		1
	},
	[0.166666666667] = {
		0.478812,
		-0.220322,
		-0.849822,
		0,
		0.854933,
		-0.103029,
		0.508403,
		0,
		-0.199569,
		-0.969971,
		0.139029,
		0,
		-0.411225,
		0.048967,
		-0.247318,
		1
	},
	[0.1] = {
		0.557197,
		0.031701,
		-0.829775,
		0,
		0.809843,
		-0.241611,
		0.534582,
		0,
		-0.183536,
		-0.969855,
		-0.160298,
		0,
		-0.287002,
		0.06637,
		-0.343372,
		1
	},
	[0.233333333333] = {
		0.240794,
		-0.208932,
		-0.947822,
		0,
		0.970428,
		0.068908,
		0.231347,
		0,
		0.016977,
		-0.975499,
		0.219346,
		0,
		-0.478441,
		-0.002394,
		-0.110602,
		1
	},
	[0.266666666667] = {
		0.053681,
		-0.178095,
		-0.982548,
		0,
		0.987632,
		0.15463,
		0.025931,
		0,
		0.147313,
		-0.971788,
		0.184193,
		0,
		-0.490984,
		-0.025032,
		-0.036001,
		1
	},
	[0.2] = {
		0.382692,
		-0.230713,
		-0.894605,
		0,
		0.917352,
		-0.019985,
		0.397576,
		0,
		-0.109604,
		-0.972817,
		0.203997,
		0,
		-0.451848,
		0.024421,
		-0.182419,
		1
	},
	[0.333333333333] = {
		-0.509071,
		-0.073473,
		-0.857583,
		0,
		0.772577,
		0.40022,
		-0.492899,
		0,
		0.379437,
		-0.913469,
		-0.146977,
		0,
		-0.417647,
		0.036023,
		0.119932,
		1
	},
	[0.366666666667] = {
		-0.702888,
		-0.008582,
		-0.711249,
		0,
		0.674621,
		0.30891,
		-0.670418,
		0,
		0.225465,
		-0.951053,
		-0.21134,
		0,
		-0.302856,
		0.245393,
		0.166031,
		1
	},
	[0.3] = {
		-0.15398,
		-0.155748,
		-0.975722,
		0,
		0.95884,
		0.21488,
		-0.185615,
		0,
		0.238572,
		-0.964142,
		0.11625,
		0,
		-0.490798,
		-0.035885,
		0.035773,
		1
	},
	[0.433333333333] = {
		-0.671386,
		-0.275695,
		-0.687919,
		0,
		-0.269552,
		-0.773816,
		0.573193,
		0,
		-0.690349,
		0.570264,
		0.445215,
		0,
		0.219595,
		0.71999,
		-0.17461,
		1
	},
	[0.466666666667] = {
		-0.763168,
		-0.101798,
		-0.638131,
		0,
		-0.622342,
		-0.150068,
		0.768225,
		0,
		-0.173967,
		0.983421,
		0.051174,
		0,
		0.502851,
		0.507972,
		-0.32255,
		1
	},
	[0.4] = {
		-0.357282,
		-0.197102,
		-0.912963,
		0,
		0.534818,
		-0.844537,
		-0.026968,
		0,
		-0.765715,
		-0.497904,
		0.407151,
		0,
		-0.182248,
		0.645597,
		0.071568,
		1
	},
	[0.533333333333] = {
		-0.70757,
		0.274294,
		-0.651235,
		0,
		-0.585059,
		0.289444,
		0.75758,
		0,
		0.396296,
		0.917052,
		-0.044324,
		0,
		0.671401,
		0.227749,
		-0.413698,
		1
	},
	[0.566666666667] = {
		-0.659407,
		0.323439,
		-0.678652,
		0,
		-0.502077,
		0.48243,
		0.717761,
		0,
		0.559554,
		0.814032,
		-0.155727,
		0,
		0.674275,
		0.169678,
		-0.432804,
		1
	},
	[0.5] = {
		-0.758615,
		0.1581,
		-0.632066,
		0,
		-0.628587,
		0.077627,
		0.773856,
		0,
		0.171412,
		0.984367,
		0.040491,
		0,
		0.638961,
		0.334828,
		-0.381316,
		1
	},
	[0.633333333333] = {
		-0.646024,
		0.345972,
		-0.680409,
		0,
		-0.194985,
		0.787015,
		0.58531,
		0,
		0.737993,
		0.510794,
		-0.440972,
		0,
		0.64987,
		0.068372,
		-0.46178,
		1
	},
	[0.666666666667] = {
		-0.686854,
		0.342288,
		-0.641148,
		0,
		0.05867,
		0.905391,
		0.420506,
		0,
		0.724423,
		0.251211,
		-0.641953,
		0,
		0.613742,
		0.003847,
		-0.478981,
		1
	},
	[0.6] = {
		-0.636774,
		0.336588,
		-0.693706,
		0,
		-0.377169,
		0.648729,
		0.66098,
		0,
		0.672505,
		0.682539,
		-0.286143,
		0,
		0.666193,
		0.124716,
		-0.446762,
		1
	},
	[0.733333333333] = {
		-0.782795,
		0.407086,
		-0.470651,
		0,
		0.4722,
		0.881186,
		-0.023197,
		0,
		0.405288,
		-0.2404,
		-0.882014,
		0,
		0.500548,
		-0.130668,
		-0.50833,
		1
	},
	[0.766666666667] = {
		-0.797075,
		0.492745,
		-0.349104,
		0,
		0.559269,
		0.820407,
		-0.118957,
		0,
		0.227792,
		-0.290061,
		-0.929503,
		0,
		0.443415,
		-0.198709,
		-0.515701,
		1
	},
	[0.7] = {
		-0.74136,
		0.355741,
		-0.569064,
		0,
		0.305017,
		0.933916,
		0.186456,
		0,
		0.597788,
		-0.035343,
		-0.800875,
		0,
		0.56127,
		-0.062764,
		-0.495229,
		1
	},
	[0.833333333333] = {
		-0.731793,
		0.655116,
		0.187887,
		0,
		0.679679,
		0.721814,
		0.130463,
		0,
		-0.050151,
		0.223175,
		-0.973488,
		0,
		0.318578,
		-0.356975,
		-0.527177,
		1
	},
	[0.866666666667] = {
		-0.623735,
		0.506913,
		0.594973,
		0,
		0.771643,
		0.520665,
		0.365343,
		0,
		-0.124584,
		0.686984,
		-0.715913,
		0,
		0.226046,
		-0.410487,
		-0.48406,
		1
	},
	[0.8] = {
		-0.785592,
		0.600297,
		-0.149965,
		0,
		0.613238,
		0.787649,
		-0.059561,
		0,
		0.082366,
		-0.138754,
		-0.986896,
		0,
		0.388768,
		-0.272782,
		-0.522392,
		1
	},
	[0.933333333333] = {
		-0.438049,
		-0.19206,
		0.878195,
		0,
		0.89843,
		-0.060276,
		0.43496,
		0,
		-0.030605,
		0.97953,
		0.198957,
		0,
		0.062978,
		-0.455935,
		-0.364852,
		1
	},
	[0.966666666667] = {
		-0.403082,
		-0.384859,
		0.830306,
		0,
		0.91487,
		-0.192431,
		0.354941,
		0,
		0.023174,
		0.902692,
		0.429662,
		0,
		0.010742,
		-0.473212,
		-0.317055,
		1
	},
	[0.9] = {
		-0.507989,
		0.149281,
		0.848329,
		0,
		0.855357,
		0.203528,
		0.476383,
		0,
		-0.101544,
		0.967622,
		-0.231078,
		0,
		0.13688,
		-0.438128,
		-0.426958,
		1
	},
	[1.03333333333] = {
		-0.392876,
		-0.42573,
		0.815109,
		0,
		0.918836,
		-0.217665,
		0.329185,
		0,
		0.037277,
		0.87828,
		0.476691,
		0,
		-0.004546,
		-0.479746,
		-0.304398,
		1
	},
	[1.06666666667] = {
		-0.401184,
		-0.390948,
		0.828379,
		0,
		0.915598,
		-0.197841,
		0.350055,
		0,
		0.027034,
		0.898898,
		0.437322,
		0,
		0.007325,
		-0.474443,
		-0.314752,
		1
	},
	[1.1] = {
		-0.402921,
		-0.383785,
		0.830882,
		0,
		0.914893,
		-0.193685,
		0.354198,
		0,
		0.024993,
		0.902882,
		0.429161,
		0,
		0.009704,
		-0.473396,
		-0.316813,
		1
	}
}

return spline_matrices
