local spline_matrices = {
	[0] = {
		0.118017,
		0.015915,
		0.992884,
		0,
		-0.679279,
		-0.728038,
		0.092411,
		0,
		0.724328,
		-0.685352,
		-0.07511,
		0,
		0.608536,
		-0.323789,
		-0.045917,
		1
	},
	{
		-0.674865,
		0.523285,
		0.520317,
		0,
		0.579827,
		0.812163,
		-0.064745,
		0,
		-0.456462,
		0.258,
		-0.851515,
		0,
		-0.015329,
		0.039726,
		-0.534499,
		1
	},
	[0.0333333333333] = {
		0.111615,
		0.029752,
		0.993306,
		0,
		-0.722285,
		-0.684084,
		0.101651,
		0,
		0.682529,
		-0.728796,
		-0.054864,
		0,
		0.623379,
		-0.351643,
		0.003438,
		1
	},
	[0.0666666666667] = {
		0.130208,
		0.032824,
		0.990943,
		0,
		-0.76345,
		-0.634368,
		0.121329,
		0,
		0.632605,
		-0.772334,
		-0.057541,
		0,
		0.646936,
		-0.385702,
		0.080969,
		1
	},
	[0.133333333333] = {
		0.157599,
		0.052288,
		0.986118,
		0,
		-0.836815,
		-0.523131,
		0.161476,
		0,
		0.524313,
		-0.850646,
		-0.03869,
		0,
		0.625602,
		-0.358493,
		0.212334,
		1
	},
	[0.166666666667] = {
		0.124791,
		0.089624,
		0.988127,
		0,
		-0.874777,
		-0.460001,
		0.152198,
		0,
		0.46818,
		-0.883384,
		0.020998,
		0,
		0.61174,
		-0.314267,
		0.269457,
		1
	},
	[0.1] = {
		0.152606,
		0.036549,
		0.987611,
		0,
		-0.801029,
		-0.580732,
		0.145266,
		0,
		0.578847,
		-0.813274,
		-0.059347,
		0,
		0.644015,
		-0.386256,
		0.153746,
		1
	},
	[0.233333333333] = {
		-0.145993,
		0.276254,
		0.949932,
		0,
		-0.941511,
		-0.33359,
		-0.047686,
		0,
		0.303714,
		-0.901333,
		0.308798,
		0,
		0.554407,
		-0.05689,
		0.34133,
		1
	},
	[0.266666666667] = {
		-0.518412,
		0.510993,
		0.685665,
		0,
		-0.854307,
		-0.344688,
		-0.389038,
		0,
		0.037545,
		-0.78745,
		0.615234,
		0,
		0.350079,
		0.392515,
		0.171882,
		1
	},
	[0.2] = {
		0.031514,
		0.159886,
		0.986632,
		0,
		-0.914842,
		-0.39298,
		0.092904,
		0,
		0.402581,
		-0.90554,
		0.133886,
		0,
		0.602961,
		-0.233631,
		0.329,
		1
	},
	[0.333333333333] = {
		-0.665551,
		-0.21185,
		0.715654,
		0,
		0.745453,
		-0.141637,
		0.651336,
		0,
		-0.036622,
		0.966984,
		0.252191,
		0,
		-0.103375,
		0.713508,
		-0.176988,
		1
	},
	[0.366666666667] = {
		-0.498534,
		-0.376101,
		0.781032,
		0,
		0.60133,
		0.498922,
		0.624083,
		0,
		-0.624392,
		0.780785,
		-0.022568,
		0,
		-0.393087,
		0.482262,
		-0.372152,
		1
	},
	[0.3] = {
		-0.584582,
		-0.137399,
		0.799615,
		0,
		0.585143,
		-0.754109,
		0.298206,
		0,
		0.562024,
		0.642215,
		0.521237,
		0,
		0.162026,
		0.724427,
		-0.012964,
		1
	},
	[0.433333333333] = {
		-0.446367,
		-0.35303,
		0.822269,
		0,
		0.454493,
		0.702108,
		0.548161,
		0,
		-0.770839,
		0.618396,
		-0.152948,
		0,
		-0.487869,
		-0.121713,
		-0.451726,
		1
	},
	[0.466666666667] = {
		-0.330207,
		-0.602806,
		0.726353,
		0,
		0.214622,
		0.701411,
		0.679676,
		0,
		-0.919185,
		0.380325,
		-0.102235,
		0,
		-0.479035,
		-0.174991,
		-0.452596,
		1
	},
	[0.4] = {
		-0.457751,
		-0.336401,
		0.822981,
		0,
		0.513929,
		0.655221,
		0.553681,
		0,
		-0.725493,
		0.676402,
		-0.127042,
		0,
		-0.465578,
		0.124298,
		-0.43317,
		1
	},
	[0.533333333333] = {
		0.214242,
		-0.936373,
		0.278038,
		0,
		-0.244432,
		0.224196,
		0.943392,
		0,
		-0.945702,
		-0.270076,
		-0.180848,
		0,
		-0.39406,
		-0.235364,
		-0.471847,
		1
	},
	[0.566666666667] = {
		0.293144,
		-0.932851,
		0.20942,
		0,
		-0.314286,
		0.112845,
		0.942598,
		0,
		-0.902935,
		-0.342134,
		-0.260102,
		0,
		-0.356297,
		-0.23322,
		-0.480253,
		1
	},
	[0.5] = {
		-0.055052,
		-0.865255,
		0.498301,
		0,
		-0.077182,
		0.501252,
		0.861852,
		0,
		-0.995496,
		0.008987,
		-0.094377,
		0,
		-0.442418,
		-0.217774,
		-0.45984,
		1
	},
	[0.633333333333] = {
		0.182126,
		-0.952581,
		0.24376,
		0,
		-0.411247,
		0.151387,
		0.898865,
		0,
		-0.893144,
		-0.263953,
		-0.364175,
		0,
		-0.285459,
		-0.201462,
		-0.493003,
		1
	},
	[0.666666666667] = {
		0.028752,
		-0.950318,
		0.309949,
		0,
		-0.434244,
		0.267414,
		0.860187,
		0,
		-0.900336,
		-0.159325,
		-0.404981,
		0,
		-0.250146,
		-0.176236,
		-0.498642,
		1
	},
	[0.6] = {
		0.271897,
		-0.939579,
		0.208,
		0,
		-0.367208,
		0.098489,
		0.92491,
		0,
		-0.889511,
		-0.32786,
		-0.318241,
		0,
		-0.320969,
		-0.22095,
		-0.486947,
		1
	},
	[0.733333333333] = {
		-0.403482,
		-0.770632,
		0.493283,
		0,
		-0.326753,
		0.624922,
		0.709017,
		0,
		-0.854655,
		0.124894,
		-0.503951,
		0,
		-0.181174,
		-0.112712,
		-0.509429,
		1
	},
	[0.766666666667] = {
		-0.603635,
		-0.554445,
		0.572901,
		0,
		-0.169327,
		0.79135,
		0.587446,
		0,
		-0.779072,
		0.257595,
		-0.571569,
		0,
		-0.14732,
		-0.077239,
		-0.515135,
		1
	},
	[0.7] = {
		-0.176514,
		-0.900134,
		0.398249,
		0,
		-0.413596,
		0.434978,
		0.799833,
		0,
		-0.893186,
		-0.023532,
		-0.449071,
		0,
		-0.215395,
		-0.146286,
		-0.504022,
		1
	},
	[0.833333333333] = {
		-0.779809,
		-0.013401,
		0.625874,
		0,
		0.234003,
		0.921059,
		0.311278,
		0,
		-0.580638,
		0.389194,
		-0.715114,
		0,
		-0.082634,
		-0.01083,
		-0.527143,
		1
	},
	[0.866666666667] = {
		-0.766775,
		0.210788,
		0.606321,
		0,
		0.398818,
		0.896562,
		0.192669,
		0,
		-0.502992,
		0.389545,
		-0.771527,
		0,
		-0.054648,
		0.015108,
		-0.532402,
		1
	},
	[0.8] = {
		-0.732953,
		-0.283571,
		0.618358,
		0,
		0.032439,
		0.893374,
		0.448141,
		0,
		-0.679505,
		0.348525,
		-0.645603,
		0,
		-0.1141,
		-0.042371,
		-0.521168,
		1
	},
	[0.933333333333] = {
		-0.698386,
		0.461429,
		0.54712,
		0,
		0.567418,
		0.822872,
		0.030302,
		0,
		-0.436227,
		0.331608,
		-0.836506,
		0,
		-0.016534,
		0.043391,
		-0.538098,
		1
	},
	[0.966666666667] = {
		-0.680687,
		0.506393,
		0.529369,
		0,
		0.585481,
		0.810377,
		-0.022365,
		0,
		-0.440315,
		0.294712,
		-0.848097,
		0,
		-0.012163,
		0.044377,
		-0.537188,
		1
	},
	[0.9] = {
		-0.729656,
		0.369288,
		0.575524,
		0,
		0.510436,
		0.854193,
		0.099039,
		0,
		-0.455035,
		0.366032,
		-0.811766,
		0,
		-0.031893,
		0.033706,
		-0.536276,
		1
	},
	[1.03333333333] = {
		-0.675803,
		0.526531,
		0.515805,
		0,
		0.562733,
		0.82053,
		-0.100306,
		0,
		-0.476048,
		0.222473,
		-0.850814,
		0,
		-0.021697,
		0.032703,
		-0.531184,
		1
	},
	[1.06666666667] = {
		-0.676873,
		0.529795,
		0.511038,
		0,
		0.546977,
		0.826601,
		-0.132466,
		0,
		-0.492604,
		0.189864,
		-0.84929,
		0,
		-0.027135,
		0.026699,
		-0.528361,
		1
	},
	[1.1] = {
		-0.672484,
		0.543896,
		0.501938,
		0,
		0.543269,
		0.823327,
		-0.164291,
		0,
		-0.502617,
		0.162204,
		-0.849156,
		0,
		-0.028621,
		0.024297,
		-0.526869,
		1
	}
}

return spline_matrices
