-- chunkname: @content/characters/player/human/first_person/animations/power_maul/attack_right.lua

local spline_matrices = {
	[0.0166666666667] = {
		-0.725124,
		0.583495,
		0.365689,
		0,
		0.572456,
		0.805941,
		-0.150841,
		0,
		-0.382739,
		0.099962,
		-0.918432,
		0,
		0.038582,
		-0.020091,
		-0.538892,
		1,
	},
	[0.0333333333333] = {
		-0.844066,
		0.516737,
		0.143303,
		0,
		0.532175,
		0.77436,
		0.342281,
		0,
		0.065901,
		0.36517,
		-0.928605,
		0,
		0.000659,
		-0.00929,
		-0.538528,
		1,
	},
	[0.05] = {
		-0.814907,
		0.577966,
		-0.043387,
		0,
		0.567454,
		0.810843,
		0.143281,
		0,
		0.117992,
		0.09214,
		-0.988731,
		0,
		-0.028236,
		-0.026801,
		-0.480755,
		1,
	},
	[0.0666666666667] = {
		-0.771507,
		0.581539,
		-0.258048,
		0,
		0.616423,
		0.783648,
		-0.076931,
		0,
		0.157481,
		-0.218419,
		-0.963064,
		0,
		-0.057896,
		-0.0424,
		-0.420066,
		1,
	},
	[0.0833333333333] = {
		-0.718668,
		0.515113,
		-0.467092,
		0,
		0.673074,
		0.684003,
		-0.281268,
		0,
		0.174608,
		-0.516526,
		-0.83828,
		0,
		-0.088516,
		-0.053711,
		-0.360012,
		1,
	},
	[0] = {
		-0.725124,
		0.583495,
		0.365689,
		0,
		0.572456,
		0.805941,
		-0.150841,
		0,
		-0.382739,
		0.099962,
		-0.918432,
		0,
		0.038582,
		-0.020091,
		-0.538892,
		1,
	},
	[0.116666666667] = {
		-0.623018,
		0.26357,
		-0.736464,
		0,
		0.768707,
		0.380476,
		-0.514128,
		0,
		0.144699,
		-0.886436,
		-0.439652,
		0,
		-0.151846,
		-0.060905,
		-0.258671,
		1,
	},
	[0.133333333333] = {
		-0.592616,
		0.161704,
		-0.789086,
		0,
		0.79635,
		0.264741,
		-0.543819,
		0,
		0.120965,
		-0.950665,
		-0.285663,
		0,
		-0.184134,
		-0.058501,
		-0.223695,
		1,
	},
	[0.15] = {
		-0.574606,
		0.100159,
		-0.812279,
		0,
		0.809784,
		0.213467,
		-0.546519,
		0,
		0.118656,
		-0.971802,
		-0.203767,
		0,
		-0.220053,
		-0.055654,
		-0.197511,
		1,
	},
	[0.166666666667] = {
		-0.564025,
		0.065706,
		-0.823139,
		0,
		0.813505,
		0.2153,
		-0.540237,
		0,
		0.141725,
		-0.974335,
		-0.174887,
		0,
		-0.261027,
		-0.05366,
		-0.175559,
		1,
	},
	[0.183333333333] = {
		-0.556267,
		0.053116,
		-0.829305,
		0,
		0.812319,
		0.245187,
		-0.52917,
		0,
		0.175228,
		-0.96802,
		-0.179536,
		0,
		-0.304223,
		-0.050482,
		-0.156906,
		1,
	},
	[0.1] = {
		-0.666178,
		0.395376,
		-0.632365,
		0,
		0.726777,
		0.534416,
		-0.431504,
		0,
		0.16734,
		-0.747046,
		-0.643366,
		0,
		-0.119932,
		-0.05969,
		-0.304942,
		1,
	},
	[0.216666666667] = {
		-0.53685,
		0.073714,
		-0.840452,
		0,
		0.815881,
		0.298965,
		-0.494933,
		0,
		0.214782,
		-0.951413,
		-0.220641,
		0,
		-0.386022,
		-0.032844,
		-0.126564,
		1,
	},
	[0.233333333333] = {
		-0.517052,
		0.097835,
		-0.850344,
		0,
		0.834558,
		0.278356,
		-0.475427,
		0,
		0.190185,
		-0.955482,
		-0.225574,
		0,
		-0.407699,
		-0.014825,
		-0.113544,
		1,
	},
	[0.25] = {
		-0.481794,
		0.123162,
		-0.867586,
		0,
		0.869415,
		0.190911,
		-0.455708,
		0,
		0.109506,
		-0.97385,
		-0.199059,
		0,
		-0.415126,
		0.011714,
		-0.101806,
		1,
	},
	[0.266666666667] = {
		-0.404902,
		0.141422,
		-0.903357,
		0,
		0.913307,
		0.01515,
		-0.40699,
		0,
		-0.043871,
		-0.989834,
		-0.135296,
		0,
		-0.429647,
		0.071193,
		-0.09078,
		1,
	},
	[0.283333333333] = {
		-0.289815,
		0.139915,
		-0.9468,
		0,
		0.922757,
		-0.221713,
		-0.315219,
		0,
		-0.254022,
		-0.965022,
		-0.064852,
		0,
		-0.446759,
		0.175297,
		-0.079692,
		1,
	},
	[0.2] = {
		-0.54831,
		0.057285,
		-0.834311,
		0,
		0.810898,
		0.280326,
		-0.513675,
		0,
		0.204453,
		-0.958194,
		-0.200158,
		0,
		-0.346802,
		-0.044159,
		-0.140825,
		1,
	},
	[0.316666666667] = {
		-0.0785,
		0.077362,
		-0.993908,
		0,
		0.66973,
		-0.734404,
		-0.110059,
		0,
		-0.738444,
		-0.674289,
		0.005839,
		0,
		-0.384411,
		0.426598,
		-0.059976,
		1,
	},
	[0.333333333333] = {
		-0.017609,
		0.043991,
		-0.998877,
		0,
		0.317359,
		-0.947125,
		-0.047306,
		0,
		-0.948142,
		-0.317836,
		0.002717,
		0,
		-0.298074,
		0.533161,
		-0.047333,
		1,
	},
	[0.35] = {
		0.019261,
		0.044878,
		-0.998807,
		0,
		-0.481859,
		-0.8749,
		-0.048603,
		0,
		-0.876037,
		0.48222,
		0.004773,
		0,
		-0.079956,
		0.596382,
		-0.034423,
		1,
	},
	[0.366666666667] = {
		0.049251,
		0.042456,
		-0.997884,
		0,
		-0.976486,
		-0.207897,
		-0.05704,
		0,
		-0.209879,
		0.977229,
		0.031219,
		0,
		0.184088,
		0.584903,
		-0.029665,
		1,
	},
	[0.383333333333] = {
		0.054986,
		0.03577,
		-0.997846,
		0,
		-0.959824,
		0.277298,
		-0.04295,
		0,
		0.275164,
		0.960118,
		0.04958,
		0,
		0.382622,
		0.494545,
		-0.03641,
		1,
	},
	[0.3] = {
		-0.172745,
		0.114938,
		-0.978237,
		0,
		0.852273,
		-0.48042,
		-0.206948,
		0,
		-0.493751,
		-0.869475,
		-0.014969,
		0,
		-0.432237,
		0.301048,
		-0.069999,
		1,
	},
	[0.416666666667] = {
		0.063121,
		0.016786,
		-0.997865,
		0,
		-0.820867,
		0.569547,
		-0.042344,
		0,
		0.56762,
		0.821787,
		0.049729,
		0,
		0.638134,
		0.301768,
		-0.040882,
		1,
	},
	[0.433333333333] = {
		0.060119,
		0.00378,
		-0.998184,
		0,
		-0.749282,
		0.660877,
		-0.042626,
		0,
		0.659516,
		0.750484,
		0.042564,
		0,
		0.685973,
		0.230651,
		-0.03908,
		1,
	},
	[0.45] = {
		0.045493,
		0.028807,
		-0.998549,
		0,
		-0.731456,
		0.681752,
		-0.013657,
		0,
		0.680369,
		0.731016,
		0.052086,
		0,
		0.713835,
		0.175426,
		-0.045823,
		1,
	},
	[0.466666666667] = {
		0.029872,
		0.068387,
		-0.997212,
		0,
		-0.727285,
		0.685871,
		0.025249,
		0,
		0.685686,
		0.724502,
		0.070225,
		0,
		0.733298,
		0.121427,
		-0.065872,
		1,
	},
	[0.483333333333] = {
		0.011839,
		0.118939,
		-0.992831,
		0,
		-0.734064,
		0.675238,
		0.072139,
		0,
		0.678977,
		0.727947,
		0.095303,
		0,
		0.745324,
		0.0689,
		-0.096884,
		1,
	},
	[0.4] = {
		0.056345,
		0.037277,
		-0.997715,
		0,
		-0.87237,
		0.487859,
		-0.031038,
		0,
		0.485588,
		0.872126,
		0.060007,
		0,
		0.542175,
		0.383078,
		-0.042801,
		1,
	},
	[0.516666666667] = {
		-0.037182,
		0.238146,
		-0.970517,
		0,
		-0.766313,
		0.616547,
		0.180647,
		0,
		0.64139,
		0.750437,
		0.15957,
		0,
		0.750156,
		-0.030713,
		-0.182324,
		1,
	},
	[0.533333333333] = {
		-0.069799,
		0.299343,
		-0.951589,
		0,
		-0.784305,
		0.572998,
		0.237778,
		0,
		0.616436,
		0.762933,
		0.194782,
		0,
		0.744215,
		-0.077258,
		-0.232012,
		1,
	},
	[0.55] = {
		-0.107817,
		0.356962,
		-0.927876,
		0,
		-0.799506,
		0.523601,
		0.294335,
		0,
		0.590903,
		0.773576,
		0.228941,
		0,
		0.733559,
		-0.120629,
		-0.283077,
		1,
	},
	[0.566666666667] = {
		-0.15062,
		0.408078,
		-0.900437,
		0,
		-0.809764,
		0.471558,
		0.349163,
		0,
		0.567094,
		0.781733,
		0.259421,
		0,
		0.719059,
		-0.159735,
		-0.33302,
		1,
	},
	[0.583333333333] = {
		-0.197147,
		0.450548,
		-0.870712,
		0,
		-0.813087,
		0.421071,
		0.401982,
		0,
		0.547744,
		0.787214,
		0.283322,
		0,
		0.701585,
		-0.194002,
		-0.379482,
		1,
	},
	[0.5] = {
		-0.010129,
		0.176783,
		-0.984198,
		0,
		-0.748333,
		0.651492,
		0.124723,
		0,
		0.663246,
		0.737771,
		0.125693,
		0,
		0.750718,
		0.018099,
		-0.136492,
		1,
	},
	[0.616666666667] = {
		-0.296616,
		0.504896,
		-0.810616,
		0,
		-0.79309,
		0.342621,
		0.503606,
		0,
		0.532003,
		0.79227,
		0.298801,
		0,
		0.661316,
		-0.245686,
		-0.452651,
		1,
	},
	[0.633333333333] = {
		-0.347696,
		0.515974,
		-0.782865,
		0,
		-0.766913,
		0.323842,
		0.55405,
		0,
		0.5394,
		0.793031,
		0.283108,
		0,
		0.640537,
		-0.261982,
		-0.474886,
		1,
	},
	[0.65] = {
		-0.402849,
		0.517864,
		-0.754672,
		0,
		-0.728146,
		0.318236,
		0.607066,
		0,
		0.554541,
		0.794067,
		0.24888,
		0,
		0.616814,
		-0.270715,
		-0.49094,
		1,
	},
	[0.666666666667] = {
		-0.464893,
		0.512959,
		-0.721628,
		0,
		-0.6761,
		0.320555,
		0.663425,
		0,
		0.571632,
		0.796315,
		0.197788,
		0,
		0.587344,
		-0.27192,
		-0.506569,
		1,
	},
	[0.683333333333] = {
		-0.532196,
		0.502494,
		-0.681372,
		0,
		-0.609774,
		0.330809,
		0.720237,
		0,
		0.587318,
		0.79879,
		0.130352,
		0,
		0.552682,
		-0.266456,
		-0.521545,
		1,
	},
	[0.6] = {
		-0.24618,
		0.483034,
		-0.840282,
		0,
		-0.807965,
		0.37658,
		0.453188,
		0,
		0.535339,
		0.790484,
		0.297568,
		0,
		0.682033,
		-0.222851,
		-0.420132,
		1,
	},
	[0.716666666667] = {
		-0.672924,
		0.470452,
		-0.570831,
		0,
		-0.433494,
		0.374487,
		0.81966,
		0,
		0.59938,
		0.799021,
		-0.048063,
		0,
		0.470776,
		-0.239229,
		-0.548801,
		1,
	},
	[0.733333333333] = {
		-0.739879,
		0.452134,
		-0.498151,
		0,
		-0.326094,
		0.406641,
		0.853409,
		0,
		0.588424,
		0.793863,
		-0.153427,
		0,
		0.425147,
		-0.219289,
		-0.560392,
		1,
	},
	[0.75] = {
		-0.799624,
		0.434657,
		-0.414336,
		0,
		-0.21009,
		0.443887,
		0.871107,
		0,
		0.562551,
		0.783606,
		-0.263626,
		0,
		0.377601,
		-0.196301,
		-0.570273,
		1,
	},
	[0.766666666667] = {
		-0.848762,
		0.419681,
		-0.32167,
		0,
		-0.09042,
		0.484176,
		0.870286,
		0,
		0.520988,
		0.767751,
		-0.373003,
		0,
		0.329147,
		-0.171105,
		-0.578275,
		1,
	},
	[0.783333333333] = {
		-0.884903,
		0.408478,
		-0.223815,
		0,
		0.027267,
		0.525127,
		0.850587,
		0,
		0.464977,
		0.746584,
		-0.475824,
		0,
		0.280851,
		-0.144522,
		-0.584344,
		1,
	},
	[0.7] = {
		-0.602519,
		0.487813,
		-0.631672,
		0,
		-0.528717,
		0.348915,
		0.773768,
		0,
		0.597854,
		0.800185,
		0.047687,
		0,
		0.513567,
		-0.255251,
		-0.535728,
		1,
	},
	[0.816666666667] = {
		-0.916265,
		0.399413,
		-0.030467,
		0,
		0.236098,
		0.599926,
		0.764425,
		0,
		0.323599,
		0.693223,
		-0.643992,
		0,
		0.188985,
		-0.090481,
		-0.591122,
		1,
	},
	[0.833333333333] = {
		-0.914336,
		0.400964,
		0.056717,
		0,
		0.320318,
		0.630418,
		0.707085,
		0,
		0.24776,
		0.664681,
		-0.70485,
		0,
		0.147355,
		-0.064729,
		-0.592344,
		1,
	},
	[0.85] = {
		-0.904329,
		0.405384,
		0.133611,
		0,
		0.389344,
		0.655156,
		0.647442,
		0,
		0.174927,
		0.637521,
		-0.750311,
		0,
		0.1097,
		-0.041024,
		-0.592567,
		1,
	},
	[0.866666666667] = {
		-0.889499,
		0.411506,
		0.19863,
		0,
		0.443706,
		0.674023,
		0.590608,
		0,
		0.109158,
		0.613479,
		-0.78213,
		0,
		0.07676,
		-0.020309,
		-0.592121,
		1,
	},
	[0.883333333333] = {
		-0.87296,
		0.418172,
		0.251144,
		0,
		0.484839,
		0.687262,
		0.540927,
		0,
		0.053599,
		0.593972,
		-0.802698,
		0,
		0.049213,
		-0.003556,
		-0.591298,
		1,
	},
	[0.8] = {
		-0.907157,
		0.401721,
		-0.125244,
		0,
		0.137544,
		0.564373,
		0.813981,
		0,
		0.397677,
		0.721182,
		-0.567229,
		0,
		0.233788,
		-0.117368,
		-0.588557,
		1,
	},
	[0.916666666667] = {
		-0.844852,
		0.429259,
		0.319315,
		0,
		0.534625,
		0.699746,
		0.473849,
		0,
		-0.020035,
		0.571045,
		-0.820674,
		0,
		0.012211,
		0.015938,
		-0.589548,
		1,
	},
	[0.933333333333] = {
		-0.835921,
		0.432605,
		0.337769,
		0,
		0.547342,
		0.70265,
		0.454643,
		0,
		-0.040653,
		0.564921,
		-0.824143,
		0,
		0.001763,
		0.021152,
		-0.589017,
		1,
	},
	[0.95] = {
		-0.830582,
		0.434512,
		0.348327,
		0,
		0.554391,
		0.704392,
		0.443263,
		0,
		-0.052756,
		0.561276,
		-0.825946,
		0,
		-0.004338,
		0.024207,
		-0.588736,
		1,
	},
	[0.966666666667] = {
		-0.828496,
		0.435153,
		0.352473,
		0,
		0.557012,
		0.705255,
		0.438582,
		0,
		-0.057733,
		0.559695,
		-0.826685,
		0,
		-0.00677,
		0.025423,
		-0.588669,
		1,
	},
	[0.983333333333] = {
		-0.829148,
		0.434736,
		0.351451,
		0,
		0.556127,
		0.705426,
		0.439429,
		0,
		-0.056887,
		0.559803,
		-0.826671,
		0,
		-0.006188,
		0.025125,
		-0.588778,
		1,
	},
	[0.9] = {
		-0.857413,
		0.424368,
		0.291125,
		0,
		0.51452,
		0.695252,
		0.50189,
		0,
		0.010581,
		0.580117,
		-0.814464,
		0,
		0.027709,
		0.008256,
		-0.59035,
		1,
	},
	[1.01666666667] = {
		-0.836214,
		0.431662,
		0.338251,
		0,
		0.546739,
		0.704217,
		0.45294,
		0,
		-0.042685,
		0.56369,
		-0.824882,
		0,
		0.001431,
		0.021306,
		-0.58935,
		1,
	},
	[1.03333333333] = {
		-0.841339,
		0.429488,
		0.328159,
		0,
		0.539573,
		0.703063,
		0.46321,
		0,
		-0.031773,
		0.566782,
		-0.823255,
		0,
		0.00718,
		0.018445,
		-0.58973,
		1,
	},
	[1.05] = {
		-0.846694,
		0.427212,
		0.317173,
		0,
		0.531705,
		0.701711,
		0.474228,
		0,
		-0.019968,
		0.570168,
		-0.821285,
		0,
		0.013362,
		0.015384,
		-0.590119,
		1,
	},
	[1.06666666667] = {
		-0.85171,
		0.425065,
		0.306447,
		0,
		0.523944,
		0.700317,
		0.484809,
		0,
		-0.008535,
		0.573478,
		-0.819177,
		0,
		0.019321,
		0.012448,
		-0.590479,
		1,
	},
	[1.08333333333] = {
		-0.85587,
		0.423269,
		0.297203,
		0,
		0.51719,
		0.699063,
		0.493787,
		0,
		0.001241,
		0.576328,
		-0.817218,
		0,
		0.024399,
		0.009956,
		-0.590776,
		1,
	},
	{
		-0.831936,
		0.433492,
		0.346363,
		0,
		0.55248,
		0.705042,
		0.444614,
		0,
		-0.051464,
		0.561249,
		-0.826046,
		0,
		-0.00324,
		0.023642,
		-0.589019,
		1,
	},
	[1.11666666667] = {
		-0.85975,
		0.421581,
		0.28827,
		0,
		0.510605,
		0.697808,
		0.502341,
		0,
		0.010621,
		0.579079,
		-0.815202,
		0,
		0.029259,
		0.007581,
		-0.591051,
		1,
	},
	[1.13333333333] = {
		-0.85975,
		0.421581,
		0.28827,
		0,
		0.510605,
		0.697808,
		0.502341,
		0,
		0.010621,
		0.579079,
		-0.815202,
		0,
		0.029259,
		0.007581,
		-0.591051,
		1,
	},
	[1.1] = {
		-0.858702,
		0.422038,
		0.290715,
		0,
		0.512413,
		0.698156,
		0.500011,
		0,
		0.00806,
		0.578327,
		-0.815766,
		0,
		0.027934,
		0.008228,
		-0.590977,
		1,
	},
}

return spline_matrices
