-- chunkname: @content/characters/player/human/first_person/animations/power_maul/attack_down.lua

local spline_matrices = {
	[0.0333333333333] = {
		-0.264576,
		0.94063,
		-0.212636,
		0,
		0.889548,
		0.15289,
		-0.430499,
		0,
		-0.37243,
		-0.30305,
		-0.877187,
		0,
		-0.247585,
		-0.397528,
		-0.217649,
		1,
	},
	[0.0666666666667] = {
		-0.872227,
		0.434812,
		-0.22396,
		0,
		0.318327,
		0.157025,
		-0.934885,
		0,
		-0.371332,
		-0.886725,
		-0.275374,
		0,
		-0.316261,
		-0.374688,
		-0.145418,
		1,
	},
	[0] = {
		0.439635,
		0.87229,
		0.214084,
		0,
		0.874682,
		-0.361636,
		-0.322723,
		0,
		-0.204088,
		0.329136,
		-0.921964,
		0,
		-0.175602,
		-0.370562,
		-0.213304,
		1,
	},
	[0.133333333333] = {
		-0.925347,
		0.09263,
		0.36763,
		0,
		-0.373128,
		-0.050786,
		-0.926389,
		0,
		-0.067141,
		-0.994405,
		0.081558,
		0,
		-0.225737,
		-0.267732,
		-0.029539,
		1,
	},
	[0.166666666667] = {
		-0.865197,
		-0.121721,
		0.486434,
		0,
		-0.488588,
		-0.013519,
		-0.87241,
		0,
		0.112766,
		-0.992472,
		-0.047775,
		0,
		-0.164243,
		-0.225082,
		0.056202,
		1,
	},
	[0.1] = {
		-0.942576,
		0.239116,
		0.233181,
		0,
		-0.239416,
		0.003055,
		-0.970912,
		0,
		-0.232874,
		-0.970986,
		0.054368,
		0,
		-0.299082,
		-0.311777,
		-0.08382,
		1,
	},
	[0.233333333333] = {
		-0.867862,
		-0.197714,
		0.455769,
		0,
		-0.463105,
		-0.010175,
		-0.886245,
		0,
		0.17986,
		-0.980207,
		-0.082732,
		0,
		-0.163953,
		-0.079751,
		0.218486,
		1,
	},
	[0.266666666667] = {
		-0.990496,
		-0.03044,
		-0.13413,
		0,
		0.13361,
		0.018537,
		-0.990861,
		0,
		0.032648,
		-0.999365,
		-0.014294,
		0,
		-0.129474,
		0.042402,
		0.232072,
		1,
	},
	[0.2] = {
		-0.738491,
		-0.270505,
		0.617623,
		0,
		-0.648834,
		0.035913,
		-0.760082,
		0,
		0.183425,
		-0.962048,
		-0.202034,
		0,
		-0.147755,
		-0.16671,
		0.150636,
		1,
	},
	[0.333333333333] = {
		-0.991869,
		0.081248,
		-0.097951,
		0,
		-0.116321,
		-0.891023,
		0.438802,
		0,
		-0.051625,
		0.446628,
		0.893229,
		0,
		0.002584,
		0.635804,
		0.020891,
		1,
	},
	[0.366666666667] = {
		-0.998879,
		-0.04062,
		0.024292,
		0,
		0.040047,
		-0.451804,
		0.891218,
		0,
		-0.025226,
		0.891192,
		0.452925,
		0,
		0.01746,
		0.68009,
		-0.243513,
		1,
	},
	[0.3] = {
		-0.918221,
		-0.048126,
		-0.393134,
		0,
		0.391868,
		-0.254579,
		-0.884098,
		0,
		-0.057536,
		-0.965854,
		0.252618,
		0,
		-0.044806,
		0.210778,
		0.24123,
		1,
	},
	[0.433333333333] = {
		-0.734656,
		-0.020917,
		-0.678117,
		0,
		-0.678367,
		0.037298,
		0.733776,
		0,
		0.009944,
		0.999085,
		-0.04159,
		0,
		0.166463,
		0.452977,
		-0.548372,
		1,
	},
	[0.466666666667] = {
		-0.745303,
		-0.32418,
		-0.582607,
		0,
		-0.666514,
		0.340237,
		0.663323,
		0,
		-0.016812,
		0.882692,
		-0.469651,
		0,
		0.160239,
		0.360712,
		-0.625387,
		1,
	},
	[0.4] = {
		-0.999578,
		-0.017767,
		-0.022999,
		0,
		-0.025046,
		0.125228,
		0.991812,
		0,
		-0.014741,
		0.991969,
		-0.12562,
		0,
		0.06407,
		0.554848,
		-0.486931,
		1,
	},
	[0.533333333333] = {
		-0.827846,
		-0.436576,
		-0.35224,
		0,
		-0.530337,
		0.404503,
		0.745064,
		0,
		-0.182795,
		0.803604,
		-0.566398,
		0,
		0.076762,
		-0.057478,
		-0.475567,
		1,
	},
	[0.566666666667] = {
		-0.862815,
		-0.341592,
		-0.372645,
		0,
		-0.461417,
		0.231035,
		0.856573,
		0,
		-0.206505,
		0.911009,
		-0.356957,
		0,
		0.022775,
		-0.388818,
		-0.292221,
		1,
	},
	[0.5] = {
		-0.806329,
		-0.442872,
		-0.392043,
		0,
		-0.583257,
		0.485319,
		0.651365,
		0,
		-0.098206,
		0.753877,
		-0.649635,
		0,
		0.129173,
		0.236946,
		-0.621297,
		1,
	},
	[0.633333333333] = {
		-0.979027,
		-0.091772,
		-0.181892,
		0,
		-0.196081,
		0.182076,
		0.963535,
		0,
		-0.055307,
		0.978992,
		-0.196252,
		0,
		0.027338,
		-0.411389,
		-0.195025,
		1,
	},
	[0.666666666667] = {
		-0.979258,
		-0.09106,
		-0.181004,
		0,
		-0.195257,
		0.185489,
		0.963052,
		0,
		-0.054121,
		0.978418,
		-0.199421,
		0,
		0.026672,
		-0.412061,
		-0.193694,
		1,
	},
	[0.6] = {
		-0.908011,
		-0.179766,
		-0.378419,
		0,
		-0.394835,
		0.065181,
		0.916437,
		0,
		-0.140078,
		0.981548,
		-0.130163,
		0,
		0.031548,
		-0.405056,
		-0.196731,
		1,
	},
	[0.733333333333] = {
		-0.979703,
		-0.090505,
		-0.178861,
		0,
		-0.193613,
		0.196108,
		0.961278,
		0,
		-0.051924,
		0.976397,
		-0.20965,
		0,
		0.025406,
		-0.414143,
		-0.189375,
		1,
	},
	[0.766666666667] = {
		-0.979868,
		-0.090795,
		-0.177804,
		0,
		-0.192961,
		0.202185,
		0.96015,
		0,
		-0.051227,
		0.975129,
		-0.215635,
		0,
		0.024969,
		-0.415322,
		-0.186833,
		1,
	},
	[0.7] = {
		-0.979491,
		-0.090616,
		-0.17996,
		0,
		-0.194407,
		0.190354,
		0.962274,
		0,
		-0.052941,
		0.977524,
		-0.204067,
		0,
		0.026001,
		-0.413018,
		-0.191737,
		1,
	},
	[0.833333333333] = {
		-0.979978,
		-0.092737,
		-0.176189,
		0,
		-0.192385,
		0.213093,
		0.957904,
		0,
		-0.051288,
		0.972621,
		-0.226668,
		0,
		0.024831,
		-0.41742,
		-0.182118,
		1,
	},
	[0.866666666667] = {
		-0.979937,
		-0.093941,
		-0.17578,
		0,
		-0.192466,
		0.216924,
		0.957027,
		0,
		-0.051773,
		0.971658,
		-0.230652,
		0,
		0.025033,
		-0.418151,
		-0.180406,
		1,
	},
	[0.8] = {
		-0.979964,
		-0.091558,
		-0.176884,
		0,
		-0.192533,
		0.208025,
		0.958987,
		0,
		-0.051007,
		0.973829,
		-0.221485,
		0,
		0.024769,
		-0.416448,
		-0.184338,
		1,
	},
	[0.9] = {
		-0.979898,
		-0.094747,
		-0.175563,
		0,
		-0.192555,
		0.219058,
		0.956523,
		0,
		-0.05217,
		0.971101,
		-0.232899,
		0,
		0.025203,
		-0.418557,
		-0.179438,
		1,
	},
}

return spline_matrices
