local spline_matrices = {
	[0] = {
		-0.882549,
		-0.376657,
		0.28149,
		0,
		0.419423,
		-0.90121,
		0.109112,
		0,
		0.212583,
		0.21436,
		0.953341,
		0,
		0.252575,
		0.489066,
		-0.296044,
		1
	},
	{
		-0.997089,
		-0.069836,
		-0.030613,
		0,
		0.020489,
		-0.6321,
		0.774616,
		0,
		-0.073447,
		0.771733,
		0.631691,
		0,
		0.298361,
		0.475435,
		-0.576291,
		1
	},
	[0.0333333333333] = {
		-0.976177,
		-0.211294,
		0.049328,
		0,
		0.208163,
		-0.847868,
		0.487635,
		0,
		-0.061211,
		0.486286,
		0.871653,
		0,
		0.314585,
		0.414964,
		-0.319334,
		1
	},
	[0.0666666666667] = {
		-0.961571,
		-0.100625,
		-0.255453,
		0,
		-0.129853,
		-0.653105,
		0.746051,
		0,
		-0.241909,
		0.750552,
		0.61494,
		0,
		0.383233,
		0.334475,
		-0.339437,
		1
	},
	[0.133333333333] = {
		-0.708074,
		-0.063291,
		-0.703296,
		0,
		-0.658497,
		-0.300451,
		0.690008,
		0,
		-0.254978,
		0.951695,
		0.171065,
		0,
		0.415779,
		0.174791,
		-0.356626,
		1
	},
	[0.166666666667] = {
		-0.569497,
		-0.050418,
		-0.820446,
		0,
		-0.790375,
		-0.240577,
		0.563409,
		0,
		-0.225787,
		0.96932,
		0.097159,
		0,
		0.373692,
		0.132072,
		-0.359363,
		1
	},
	[0.1] = {
		-0.85003,
		-0.070279,
		-0.522024,
		0,
		-0.447038,
		-0.427894,
		0.785534,
		0,
		-0.278577,
		0.901093,
		0.332306,
		0,
		0.423513,
		0.255872,
		-0.350333,
		1
	},
	[0.233333333333] = {
		-0.429823,
		0.002544,
		-0.90291,
		0,
		-0.876052,
		-0.243276,
		0.416352,
		0,
		-0.218597,
		0.969954,
		0.106794,
		0,
		0.238131,
		0.250705,
		-0.309821,
		1
	},
	[0.266666666667] = {
		-0.100603,
		0.111795,
		-0.988626,
		0,
		-0.980804,
		-0.177975,
		0.079681,
		0,
		-0.167043,
		0.977664,
		0.127554,
		0,
		0.113464,
		0.696825,
		-0.111144,
		1
	},
	[0.2] = {
		-0.514841,
		-0.037719,
		-0.856456,
		0,
		-0.828314,
		-0.235638,
		0.508302,
		0,
		-0.220986,
		0.971109,
		0.090073,
		0,
		0.307661,
		0.15102,
		-0.355125,
		1
	},
	[0.333333333333] = {
		0.000766,
		0.128701,
		-0.991683,
		0,
		-0.992255,
		-0.123083,
		-0.01674,
		0,
		-0.124214,
		0.984016,
		0.12761,
		0,
		0.095139,
		0.703246,
		-0.11032,
		1
	},
	[0.366666666667] = {
		0.008867,
		0.12908,
		-0.991595,
		0,
		-0.993422,
		-0.112081,
		-0.023473,
		0,
		-0.114168,
		0.98528,
		0.127237,
		0,
		0.092475,
		0.706068,
		-0.112022,
		1
	},
	[0.3] = {
		-0.024183,
		0.09979,
		-0.994715,
		0,
		-0.990158,
		-0.139594,
		0.010068,
		0,
		-0.137852,
		0.985168,
		0.102184,
		0,
		0.099569,
		0.699984,
		-0.111262,
		1
	},
	[0.433333333333] = {
		-0.017516,
		0.111487,
		-0.993612,
		0,
		-0.99225,
		-0.124208,
		0.003555,
		0,
		-0.123018,
		0.985973,
		0.112798,
		0,
		0.086517,
		0.710818,
		-0.118542,
		1
	},
	[0.466666666667] = {
		-0.057593,
		0.104036,
		-0.992905,
		0,
		-0.990257,
		-0.132255,
		0.043582,
		0,
		-0.126782,
		0.985741,
		0.11064,
		0,
		0.084657,
		0.712135,
		-0.123277,
		1
	},
	[0.4] = {
		0.00363,
		0.121593,
		-0.992573,
		0,
		-0.993205,
		-0.115017,
		-0.017722,
		0,
		-0.116318,
		0.985894,
		0.12035,
		0,
		0.089367,
		0.708721,
		-0.114769,
		1
	},
	[0.533333333333] = {
		-0.208687,
		0.110239,
		-0.971749,
		0,
		-0.971293,
		-0.139384,
		0.192777,
		0,
		-0.114195,
		0.984083,
		0.136162,
		0,
		0.090382,
		0.669434,
		-0.156209,
		1
	},
	[0.566666666667] = {
		-0.315552,
		0.116413,
		-0.94174,
		0,
		-0.941464,
		-0.162481,
		0.295374,
		0,
		-0.118629,
		0.97982,
		0.16087,
		0,
		0.104132,
		0.574738,
		-0.211955,
		1
	},
	[0.5] = {
		-0.120093,
		0.105511,
		-0.98714,
		0,
		-0.985526,
		-0.132508,
		0.105733,
		0,
		-0.119648,
		0.98555,
		0.119897,
		0,
		0.084537,
		0.712564,
		-0.128961,
		1
	},
	[0.633333333333] = {
		-0.523786,
		0.122235,
		-0.843034,
		0,
		-0.84206,
		-0.2239,
		0.490717,
		0,
		-0.128772,
		0.966916,
		0.220205,
		0,
		0.143129,
		0.43817,
		-0.333171,
		1
	},
	[0.666666666667] = {
		-0.613694,
		0.121523,
		-0.780136,
		0,
		-0.779067,
		-0.253637,
		0.573344,
		0,
		-0.128196,
		0.959636,
		0.25033,
		0,
		0.167599,
		0.44032,
		-0.382667,
		1
	},
	[0.6] = {
		-0.425061,
		0.120709,
		-0.89708,
		0,
		-0.896431,
		-0.193482,
		0.398719,
		0,
		-0.12544,
		0.97365,
		0.190449,
		0,
		0.12271,
		0.480339,
		-0.27718,
		1
	},
	[0.733333333333] = {
		-0.779164,
		0.109733,
		-0.61714,
		0,
		-0.615385,
		-0.321114,
		0.719852,
		0,
		-0.11918,
		0.940662,
		0.317729,
		0,
		0.230402,
		0.448257,
		-0.49238,
		1
	},
	[0.766666666667] = {
		-0.846072,
		0.098077,
		-0.523969,
		0,
		-0.521665,
		-0.354557,
		0.775986,
		0,
		-0.10967,
		0.929876,
		0.351144,
		0,
		0.261517,
		0.453051,
		-0.542834,
		1
	},
	[0.7] = {
		-0.700427,
		0.117576,
		-0.703973,
		0,
		-0.70264,
		-0.286744,
		0.65121,
		0,
		-0.125293,
		0.950765,
		0.283457,
		0,
		0.197894,
		0.443852,
		-0.43738,
		1
	},
	[0.833333333333] = {
		-0.937458,
		0.067377,
		-0.341516,
		0,
		-0.33798,
		-0.411008,
		0.846665,
		0,
		-0.08332,
		0.909139,
		0.408075,
		0,
		0.304985,
		0.462044,
		-0.611249,
		1
	},
	[0.866666666667] = {
		-0.96309,
		0.048735,
		-0.264731,
		0,
		-0.258727,
		-0.438998,
		0.860431,
		0,
		-0.074283,
		0.897165,
		0.435404,
		0,
		0.310064,
		0.465298,
		-0.62,
		1
	},
	[0.8] = {
		-0.898938,
		0.083459,
		-0.430052,
		0,
		-0.427129,
		-0.385059,
		0.818101,
		0,
		-0.097318,
		0.91911,
		0.381792,
		0,
		0.287608,
		0.457785,
		-0.584009,
		1
	},
	[0.933333333333] = {
		-0.990524,
		-0.002767,
		-0.137315,
		0,
		-0.11559,
		-0.523168,
		0.844355,
		0,
		-0.074175,
		0.852225,
		0.51789,
		0,
		0.304855,
		0.470412,
		-0.60621,
		1
	},
	[0.966666666667] = {
		-0.996074,
		-0.034809,
		-0.081395,
		0,
		-0.046561,
		-0.576005,
		0.816119,
		0,
		-0.075292,
		0.816705,
		0.572123,
		0,
		0.301757,
		0.472941,
		-0.592945,
		1
	},
	[0.9] = {
		-0.979785,
		0.025391,
		-0.198436,
		0,
		-0.186355,
		-0.47657,
		0.859158,
		0,
		-0.072754,
		0.87877,
		0.471668,
		0,
		0.30763,
		0.467861,
		-0.615449,
		1
	},
	[1.03333333333] = {
		-0.994147,
		-0.106969,
		0.015167,
		0,
		0.085056,
		-0.688347,
		0.720378,
		0,
		-0.066618,
		0.717451,
		0.693416,
		0,
		0.294695,
		0.477826,
		-0.556674,
		1
	},
	[1.06666666667] = {
		-0.987789,
		-0.145333,
		0.056142,
		0,
		0.146337,
		-0.741786,
		0.654476,
		0,
		-0.053472,
		0.6547,
		0.753995,
		0,
		0.290796,
		0.480054,
		-0.534535,
		1
	},
	[1.13333333333] = {
		-0.96696,
		-0.222366,
		0.124669,
		0,
		0.254845,
		-0.830649,
		0.495052,
		0,
		-0.006527,
		0.510467,
		0.859873,
		0,
		0.28249,
		0.483971,
		-0.485181,
		1
	},
	[1.16666666667] = {
		-0.953594,
		-0.25942,
		0.152838,
		0,
		0.299941,
		-0.862853,
		0.406841,
		0,
		0.026334,
		0.433804,
		0.900622,
		0,
		0.278199,
		0.485622,
		-0.459191,
		1
	},
	[1.1] = {
		-0.978546,
		-0.184074,
		0.092548,
		0,
		0.203304,
		-0.789879,
		0.578583,
		0,
		-0.0334,
		0.584985,
		0.810356,
		0,
		0.28671,
		0.482107,
		-0.510498,
		1
	},
	[1.23333333333] = {
		-0.923893,
		-0.326882,
		0.198923,
		0,
		0.368264,
		-0.900776,
		0.230185,
		0,
		0.103941,
		0.285922,
		0.952599,
		0,
		0.269689,
		0.48817,
		-0.407597,
		1
	},
	[1.26666666667] = {
		-0.908782,
		-0.355938,
		0.217771,
		0,
		0.391367,
		-0.908097,
		0.148969,
		0,
		0.144733,
		0.220609,
		0.964564,
		0,
		0.26563,
		0.488993,
		-0.383186,
		1
	},
	[1.2] = {
		-0.939036,
		-0.294492,
		0.177442,
		0,
		0.337853,
		-0.886085,
		0.317346,
		0,
		0.063773,
		0.357949,
		0.931561,
		0,
		0.273906,
		0.487033,
		-0.433131,
		1
	},
	[1.33333333333] = {
		-0.890902,
		-0.371449,
		0.261379,
		0,
		0.411436,
		-0.903766,
		0.118013,
		0,
		0.19239,
		0.212679,
		0.957995,
		0,
		0.256958,
		0.490663,
		-0.338146,
		1
	},
	[1.36666666667] = {
		-0.882549,
		-0.377983,
		0.279708,
		0,
		0.419423,
		-0.901715,
		0.104855,
		0,
		0.212583,
		0.209855,
		0.954342,
		0,
		0.253547,
		0.490583,
		-0.320009,
		1
	},
	[1.3] = {
		-0.899706,
		-0.364091,
		0.240762,
		0,
		0.402126,
		-0.905909,
		0.132753,
		0,
		0.169775,
		0.216256,
		0.961462,
		0,
		0.261022,
		0.49011,
		-0.359423,
		1
	},
	[1.43333333333] = {
		-0.872521,
		-0.385182,
		0.30057,
		0,
		0.4281,
		-0.899199,
		0.090398,
		0,
		0.235453,
		0.207548,
		0.949466,
		0,
		0.249364,
		0.489896,
		-0.29613,
		1
	},
	[1.46666666667] = {
		-0.871468,
		-0.385742,
		0.302897,
		0,
		0.42896,
		-0.898886,
		0.089426,
		0,
		0.237775,
		0.207862,
		0.948818,
		0,
		0.248814,
		0.489657,
		-0.2917,
		1
	},
	[1.4] = {
		-0.876059,
		-0.382758,
		0.293288,
		0,
		0.425142,
		-0.900103,
		0.095225,
		0,
		0.227541,
		0.208112,
		0.95127,
		0,
		0.250965,
		0.490201,
		-0.305765,
		1
	},
	[1.53333333333] = {
		-0.874401,
		-0.383191,
		0.297636,
		0,
		0.426541,
		-0.899454,
		0.095103,
		0,
		0.231267,
		0.210112,
		0.949931,
		0,
		0.249786,
		0.489323,
		-0.291381,
		1
	},
	[1.56666666667] = {
		-0.877087,
		-0.381032,
		0.292459,
		0,
		0.424262,
		-0.900028,
		0.099759,
		0,
		0.22521,
		0.211577,
		0.95106,
		0,
		0.25069,
		0.48921,
		-0.292653,
		1
	},
	[1.5] = {
		-0.87231,
		-0.384918,
		0.301517,
		0,
		0.428273,
		-0.899023,
		0.091325,
		0,
		0.235917,
		0.208795,
		0.949077,
		0,
		0.249091,
		0.48947,
		-0.290893,
		1
	},
	[1.63333333333] = {
		-0.88175,
		-0.377299,
		0.28313,
		0,
		0.420149,
		-0.901036,
		0.107747,
		0,
		0.214458,
		0.213962,
		0.95301,
		0,
		0.252295,
		0.489082,
		-0.295496,
		1
	},
	[1.66666666667] = {
		-0.882549,
		-0.376657,
		0.28149,
		0,
		0.419423,
		-0.90121,
		0.109112,
		0,
		0.212583,
		0.21436,
		0.953341,
		0,
		0.252575,
		0.489066,
		-0.296044,
		1
	},
	[1.6] = {
		-0.879737,
		-0.378912,
		0.287208,
		0,
		0.42195,
		-0.9006,
		0.104302,
		0,
		0.219138,
		0.212946,
		0.952173,
		0,
		0.251597,
		0.48913,
		-0.294196,
		1
	}
}

return spline_matrices
