-- chunkname: @content/characters/player/human/first_person/animations/power_maul/attack_up_right.lua

local spline_matrices = {
	[0.0166666666667] = {
		0.704784,
		-0.25057,
		-0.663697,
		0,
		0.317976,
		-0.724732,
		0.611274,
		0,
		-0.634169,
		-0.641856,
		-0.431104,
		0,
		0.069121,
		0.045759,
		-0.603553,
		1,
	},
	[0.0333333333333] = {
		0.704525,
		-0.250266,
		-0.664087,
		0,
		0.317846,
		-0.725384,
		0.610567,
		0,
		-0.634522,
		-0.641237,
		-0.431506,
		0,
		0.021416,
		0.048486,
		-0.604559,
		1,
	},
	[0.05] = {
		0.699971,
		-0.253214,
		-0.667774,
		0,
		0.317228,
		-0.727489,
		0.60838,
		0,
		-0.639849,
		-0.637685,
		-0.428895,
		0,
		-0.021353,
		0.053515,
		-0.601494,
		1,
	},
	[0.0666666666667] = {
		0.690355,
		-0.260187,
		-0.675065,
		0,
		0.316098,
		-0.73084,
		0.604941,
		0,
		-0.650763,
		-0.631011,
		-0.422295,
		0,
		-0.0698,
		0.05781,
		-0.593314,
		1,
	},
	[0.0833333333333] = {
		0.680365,
		-0.266694,
		-0.682625,
		0,
		0.314794,
		-0.734788,
		0.600825,
		0,
		-0.661822,
		-0.623667,
		-0.415971,
		0,
		-0.117738,
		0.062844,
		-0.581314,
		1,
	},
	[0] = {
		0.704784,
		-0.25057,
		-0.663697,
		0,
		0.317976,
		-0.724732,
		0.611274,
		0,
		-0.634169,
		-0.641856,
		-0.431104,
		0,
		0.112651,
		0.042041,
		-0.624645,
		1,
	},
	[0.116666666667] = {
		0.679187,
		-0.261374,
		-0.685848,
		0,
		0.313112,
		-0.741965,
		0.592831,
		0,
		-0.663826,
		-0.61739,
		-0.422094,
		0,
		-0.187358,
		0.08069,
		-0.551204,
		1,
	},
	[0.133333333333] = {
		0.697712,
		-0.241147,
		-0.674571,
		0,
		0.313439,
		-0.743965,
		0.590146,
		0,
		-0.644169,
		-0.623188,
		-0.443489,
		0,
		-0.196658,
		0.096202,
		-0.535802,
		1,
	},
	[0.15] = {
		0.740583,
		-0.210644,
		-0.638096,
		0,
		0.329223,
		-0.714074,
		0.617827,
		0,
		-0.58579,
		-0.667628,
		-0.459482,
		0,
		-0.188617,
		0.134519,
		-0.519153,
		1,
	},
	[0.166666666667] = {
		0.796961,
		-0.16483,
		-0.581105,
		0,
		0.348729,
		-0.65996,
		0.665464,
		0,
		-0.493195,
		-0.732997,
		-0.468481,
		0,
		-0.171184,
		0.203271,
		-0.49848,
		1,
	},
	[0.183333333333] = {
		0.844929,
		-0.097546,
		-0.525908,
		0,
		0.348363,
		-0.645741,
		0.679457,
		0,
		-0.405878,
		-0.7573,
		-0.511624,
		0,
		-0.148727,
		0.287963,
		-0.474305,
		1,
	},
	[0.1] = {
		0.674957,
		-0.268464,
		-0.687284,
		0,
		0.313675,
		-0.738702,
		0.596597,
		0,
		-0.667863,
		-0.618261,
		-0.414381,
		0,
		-0.158985,
		0.07002,
		-0.566825,
		1,
	},
	[0.216666666667] = {
		0.893274,
		0.115388,
		-0.434451,
		0,
		0.234004,
		-0.944575,
		0.23026,
		0,
		-0.383803,
		-0.307349,
		-0.870765,
		0,
		-0.102945,
		0.467846,
		-0.403726,
		1,
	},
	[0.233333333333] = {
		0.918897,
		0.198113,
		-0.341143,
		0,
		0.11082,
		-0.959567,
		-0.258748,
		0,
		-0.378611,
		0.199957,
		-0.903698,
		0,
		-0.070599,
		0.535297,
		-0.331127,
		1,
	},
	[0.25] = {
		0.942549,
		0.179019,
		-0.282053,
		0,
		-0.000339,
		-0.843783,
		-0.536684,
		0,
		-0.334069,
		0.505946,
		-0.795246,
		0,
		-0.040107,
		0.567144,
		-0.257253,
		1,
	},
	[0.266666666667] = {
		0.960132,
		0.139148,
		-0.242456,
		0,
		-0.092791,
		-0.659506,
		-0.74595,
		0,
		-0.263699,
		0.738708,
		-0.620301,
		0,
		-0.009915,
		0.574827,
		-0.171549,
		1,
	},
	[0.283333333333] = {
		0.980022,
		0.110443,
		-0.165408,
		0,
		-0.116132,
		-0.357402,
		-0.926702,
		0,
		-0.161465,
		0.927398,
		-0.337435,
		0,
		0.020959,
		0.563363,
		-0.063003,
		1,
	},
	[0.2] = {
		0.874877,
		-0.01247,
		-0.484184,
		0,
		0.321033,
		-0.733602,
		0.598971,
		0,
		-0.362668,
		-0.679465,
		-0.637808,
		0,
		-0.126253,
		0.373804,
		-0.447313,
		1,
	},
	[0.316666666667] = {
		0.954876,
		0.106836,
		-0.277124,
		0,
		-0.292904,
		0.184238,
		-0.938224,
		0,
		-0.04918,
		0.977058,
		0.207217,
		0,
		0.100489,
		0.489519,
		0.133728,
		1,
	},
	[0.333333333333] = {
		0.953766,
		0.118703,
		-0.276114,
		0,
		-0.300344,
		0.342548,
		-0.890199,
		0,
		-0.011087,
		0.931971,
		0.362363,
		0,
		0.134999,
		0.406303,
		0.208047,
		1,
	},
	[0.35] = {
		0.962637,
		0.12253,
		-0.241488,
		0,
		-0.270512,
		0.475905,
		-0.836862,
		0,
		0.012384,
		0.87092,
		0.491269,
		0,
		0.167203,
		0.329287,
		0.27422,
		1,
	},
	[0.366666666667] = {
		0.96253,
		0.124393,
		-0.240962,
		0,
		-0.264388,
		0.628045,
		-0.731887,
		0,
		0.060294,
		0.768171,
		0.6374,
		0,
		0.203571,
		0.265043,
		0.327488,
		1,
	},
	[0.383333333333] = {
		0.960097,
		0.128765,
		-0.248259,
		0,
		-0.254477,
		0.770418,
		-0.584549,
		0,
		0.115994,
		0.624401,
		0.772444,
		0,
		0.24121,
		0.20363,
		0.362789,
		1,
	},
	[0.3] = {
		0.986313,
		0.086539,
		-0.140346,
		0,
		-0.138874,
		-0.022823,
		-0.990047,
		0,
		-0.088881,
		0.995987,
		-0.010493,
		0,
		0.049542,
		0.54113,
		0.044943,
		1,
	},
	[0.416666666667] = {
		0.954551,
		0.180497,
		-0.237177,
		0,
		-0.268303,
		0.866921,
		-0.420074,
		0,
		0.129791,
		0.464617,
		0.875948,
		0,
		0.317292,
		0.15371,
		0.375257,
		1,
	},
	[0.433333333333] = {
		0.950464,
		0.229021,
		-0.210159,
		0,
		-0.299932,
		0.853225,
		-0.426671,
		0,
		0.081597,
		0.468569,
		0.879651,
		0,
		0.357751,
		0.151258,
		0.372646,
		1,
	},
	[0.45] = {
		0.940931,
		0.280673,
		-0.189399,
		0,
		-0.337361,
		0.824891,
		-0.453587,
		0,
		0.028924,
		0.49069,
		0.870854,
		0,
		0.396223,
		0.151571,
		0.366199,
		1,
	},
	[0.466666666667] = {
		0.926619,
		0.324305,
		-0.190271,
		0,
		-0.376,
		0.798617,
		-0.46993,
		0,
		-0.000447,
		0.506988,
		0.861953,
		0,
		0.430721,
		0.148874,
		0.357885,
		1,
	},
	[0.483333333333] = {
		0.909272,
		0.349622,
		-0.225809,
		0,
		-0.415511,
		0.793812,
		-0.444087,
		0,
		0.023988,
		0.497622,
		0.867063,
		0,
		0.460825,
		0.137858,
		0.34969,
		1,
	},
	[0.4] = {
		0.956773,
		0.145398,
		-0.251884,
		0,
		-0.251235,
		0.849491,
		-0.463947,
		0,
		0.146516,
		0.507174,
		0.849299,
		0,
		0.278291,
		0.165559,
		0.37411,
		1,
	},
	[0.516666666667] = {
		0.834579,
		0.373208,
		-0.405207,
		0,
		-0.490539,
		0.838195,
		-0.238328,
		0,
		0.250697,
		0.397673,
		0.882614,
		0,
		0.549841,
		0.076723,
		0.28672,
		1,
	},
	[0.533333333333] = {
		0.755882,
		0.39148,
		-0.524772,
		0,
		-0.499903,
		0.862697,
		-0.07649,
		0,
		0.422775,
		0.320152,
		0.847799,
		0,
		0.58844,
		0.016932,
		0.176946,
		1,
	},
	[0.55] = {
		0.642958,
		0.420482,
		-0.640156,
		0,
		-0.468484,
		0.877138,
		0.105607,
		0,
		0.605911,
		0.232002,
		0.760952,
		0,
		0.623414,
		-0.04996,
		0.04399,
		1,
	},
	[0.566666666667] = {
		0.502907,
		0.460246,
		-0.731614,
		0,
		-0.391279,
		0.87597,
		0.282095,
		0,
		0.770704,
		0.144398,
		0.620616,
		0,
		0.651392,
		-0.117935,
		-0.098981,
		1,
	},
	[0.583333333333] = {
		0.351996,
		0.505974,
		-0.787457,
		0,
		-0.278471,
		0.859814,
		0.427989,
		0,
		0.893618,
		0.068633,
		0.44355,
		0,
		0.670314,
		-0.181457,
		-0.237889,
		1,
	},
	[0.5] = {
		0.882565,
		0.361285,
		-0.300918,
		0,
		-0.456333,
		0.812388,
		-0.363023,
		0,
		0.113307,
		0.45771,
		0.881852,
		0,
		0.499932,
		0.116055,
		0.336564,
		1,
	},
	[0.616666666667] = {
		0.083396,
		0.586393,
		-0.805722,
		0,
		-0.027941,
		0.809597,
		0.586321,
		0,
		0.996125,
		-0.026384,
		0.083902,
		0,
		0.679478,
		-0.276333,
		-0.448938,
		1,
	},
	[0.633333333333] = {
		-0.01744,
		0.609267,
		-0.792774,
		0,
		0.073965,
		0.791508,
		0.606667,
		0,
		0.997108,
		-0.048057,
		-0.058868,
		0,
		0.670206,
		-0.299346,
		-0.49626,
		1,
	},
	[0.65] = {
		-0.104707,
		0.619978,
		-0.777601,
		0,
		0.159827,
		0.782226,
		0.602144,
		0,
		0.981576,
		-0.061233,
		-0.180994,
		0,
		0.651864,
		-0.307845,
		-0.517202,
		1,
	},
	[0.666666666667] = {
		-0.189791,
		0.622901,
		-0.758929,
		0,
		0.240105,
		0.778954,
		0.579292,
		0,
		0.952013,
		-0.072278,
		-0.2974,
		0,
		0.62528,
		-0.308351,
		-0.535844,
		1,
	},
	[0.683333333333] = {
		-0.273599,
		0.61899,
		-0.736203,
		0,
		0.313649,
		0.780986,
		0.540079,
		0,
		0.909268,
		-0.083144,
		-0.407823,
		0,
		0.591548,
		-0.301918,
		-0.552223,
		1,
	},
	[0.6] = {
		0.20809,
		0.550306,
		-0.808617,
		0,
		-0.150419,
		0.834884,
		0.529474,
		0,
		0.966474,
		0.011453,
		0.256507,
		0,
		0.679598,
		-0.235686,
		-0.358843,
		1,
	},
	[0.716666666667] = {
		-0.437958,
		0.593902,
		-0.674888,
		0,
		0.435208,
		0.796946,
		0.418892,
		0,
		0.78663,
		-0.110259,
		-0.6075,
		0,
		0.507075,
		-0.272317,
		-0.578153,
		1,
	},
	[0.733333333333] = {
		-0.517312,
		0.57438,
		-0.634409,
		0,
		0.480265,
		0.808417,
		0.340304,
		0,
		0.708331,
		-0.128642,
		-0.694059,
		0,
		0.458625,
		-0.251116,
		-0.587652,
		1,
	},
	[0.75] = {
		-0.593121,
		0.551503,
		-0.58656,
		0,
		0.512981,
		0.820382,
		0.252632,
		0,
		0.620531,
		-0.151053,
		-0.769496,
		0,
		0.407623,
		-0.226909,
		-0.594837,
		1,
	},
	[0.766666666667] = {
		-0.663693,
		0.526449,
		-0.531378,
		0,
		0.532421,
		0.83146,
		0.158753,
		0,
		0.525395,
		-0.177553,
		-0.832127,
		0,
		0.355301,
		-0.200603,
		-0.599767,
		1,
	},
	[0.783333333333] = {
		-0.727256,
		0.500548,
		-0.469629,
		0,
		0.538365,
		0.840424,
		0.062056,
		0,
		0.425749,
		-0.207701,
		-0.88068,
		0,
		0.3029,
		-0.173075,
		-0.602581,
		1,
	},
	[0.7] = {
		-0.356426,
		0.60906,
		-0.708525,
		0,
		0.379167,
		0.787367,
		0.486092,
		0,
		0.853928,
		-0.095393,
		-0.511573,
		0,
		0.551771,
		-0.289574,
		-0.566334,
		1,
	},
	[0.816666666667] = {
		-0.827536,
		0.451757,
		-0.333316,
		0,
		0.513736,
		0.848781,
		-0.125082,
		0,
		0.226405,
		-0.274747,
		-0.934481,
		0,
		0.202702,
		-0.11779,
		-0.602851,
		1,
	},
	[0.833333333333] = {
		-0.862743,
		0.431418,
		-0.26373,
		0,
		0.487685,
		0.847723,
		-0.208635,
		0,
		0.133561,
		-0.308615,
		-0.941763,
		0,
		0.157178,
		-0.091752,
		-0.600998,
		1,
	},
	[0.85] = {
		-0.888178,
		0.415114,
		-0.197027,
		0,
		0.456857,
		0.843691,
		-0.2819,
		0,
		0.049209,
		-0.340391,
		-0.938995,
		0,
		0.116085,
		-0.067956,
		-0.598359,
		1,
	},
	[0.866666666667] = {
		-0.904818,
		0.403489,
		-0.136017,
		0,
		0.42509,
		0.837575,
		-0.343172,
		0,
		-0.024542,
		-0.368328,
		-0.929372,
		0,
		0.080359,
		-0.047298,
		-0.595346,
		1,
	},
	[0.883333333333] = {
		-0.914081,
		0.396913,
		-0.08316,
		0,
		0.396234,
		0.830485,
		-0.391526,
		0,
		-0.086339,
		-0.390837,
		-0.916402,
		0,
		0.050875,
		-0.030683,
		-0.592342,
		1,
	},
	[0.8] = {
		-0.782235,
		0.475198,
		-0.40286,
		0,
		0.531544,
		0.846357,
		-0.033772,
		0,
		0.324914,
		-0.240556,
		-0.914638,
		0,
		0.251642,
		-0.145186,
		-0.603505,
		1,
	},
	[0.916666666667] = {
		-0.917833,
		0.39686,
		-0.009189,
		0,
		0.358128,
		0.817826,
		-0.450449,
		0,
		-0.17125,
		-0.416729,
		-0.892755,
		0,
		0.012707,
		-0.011574,
		-0.587626,
		1,
	},
	[0.933333333333] = {
		-0.917328,
		0.397961,
		0.011672,
		0,
		0.347086,
		0.813731,
		-0.466233,
		0,
		-0.19504,
		-0.423638,
		-0.884585,
		0,
		0.002016,
		-0.006619,
		-0.586225,
		1,
	},
	[0.95] = {
		-0.916763,
		0.398722,
		0.0238,
		0,
		0.340425,
		0.811114,
		-0.47561,
		0,
		-0.20894,
		-0.42792,
		-0.879334,
		0,
		-0.00432,
		-0.003867,
		-0.585394,
		1,
	},
	[0.966666666667] = {
		-0.916458,
		0.399102,
		0.028686,
		0,
		0.337632,
		0.809794,
		-0.479832,
		0,
		-0.214731,
		-0.43006,
		-0.876892,
		0,
		-0.006988,
		-0.002991,
		-0.58505,
		1,
	},
	[0.983333333333] = {
		-0.916477,
		0.399129,
		0.027678,
		0,
		0.338075,
		0.809565,
		-0.479906,
		0,
		-0.213951,
		-0.430466,
		-0.876883,
		0,
		-0.006645,
		-0.003654,
		-0.585103,
		1,
	},
	[0.9] = {
		-0.917546,
		0.395566,
		-0.040459,
		0,
		0.37385,
		0.823537,
		-0.426642,
		0,
		-0.135446,
		-0.406589,
		-0.903515,
		0,
		0.028479,
		-0.019046,
		-0.589678,
		1,
	},
	[1.01666666667] = {
		-0.917118,
		0.398404,
		0.012987,
		0,
		0.345854,
		0.811503,
		-0.471008,
		0,
		-0.19819,
		-0.427478,
		-0.882034,
		0,
		0.000512,
		-0.00824,
		-0.586056,
		1,
	},
	[1.03333333333] = {
		-0.917458,
		0.397829,
		0.001752,
		0,
		0.351741,
		0.813215,
		-0.463638,
		0,
		-0.185873,
		-0.424752,
		-0.886023,
		0,
		0.006055,
		-0.011475,
		-0.586784,
		1,
	},
	[1.05] = {
		-0.917661,
		0.397228,
		-0.010415,
		0,
		0.358008,
		0.815115,
		-0.455431,
		0,
		-0.17242,
		-0.42166,
		-0.89021,
		0,
		0.012057,
		-0.014882,
		-0.587566,
		1,
	},
	[1.06666666667] = {
		-0.917691,
		0.396674,
		-0.022223,
		0,
		0.363972,
		0.816978,
		-0.447294,
		0,
		-0.159274,
		-0.418566,
		-0.894111,
		0,
		0.017871,
		-0.01812,
		-0.588316,
		1,
	},
	[1.08333333333] = {
		-0.917583,
		0.396226,
		-0.03234,
		0,
		0.368988,
		0.818578,
		-0.440202,
		0,
		-0.147946,
		-0.415855,
		-0.897316,
		0,
		0.022842,
		-0.020851,
		-0.588953,
		1,
	},
	{
		-0.916744,
		0.398867,
		0.022037,
		0,
		0.341056,
		0.81021,
		-0.476697,
		0,
		-0.207994,
		-0.429493,
		-0.878791,
		0,
		-0.003933,
		-0.005518,
		-0.585467,
		1,
	},
	[1.11666666667] = {
		-0.917365,
		0.395819,
		-0.042067,
		0,
		0.373728,
		0.820118,
		-0.433282,
		0,
		-0.137001,
		-0.413199,
		-0.900276,
		0,
		0.027613,
		-0.023439,
		-0.589561,
		1,
	},
	[1.13333333333] = {
		-0.917365,
		0.395819,
		-0.042067,
		0,
		0.373728,
		0.820118,
		-0.433282,
		0,
		-0.137001,
		-0.413199,
		-0.900276,
		0,
		0.027613,
		-0.023439,
		-0.589561,
		1,
	},
	[1.1] = {
		-0.917436,
		0.395927,
		-0.03941,
		0,
		0.372441,
		0.819697,
		-0.435183,
		0,
		-0.139997,
		-0.41393,
		-0.899479,
		0,
		0.02631,
		-0.022736,
		-0.589395,
		1,
	},
}

return spline_matrices
