-- chunkname: @content/characters/player/human/first_person/animations/power_maul/attack_right_diagonal_down.lua

local spline_matrices = {
	[0.016666666666666666] = {
		-0.189877,
		0.971795,
		0.13986,
		0,
		0.974318,
		0.168944,
		0.148873,
		0,
		0.121045,
		0.164536,
		-0.978916,
		0,
		0.017724,
		-0.066129,
		-0.387062,
		1,
	},
	[0.03333333333333333] = {
		0.026441,
		0.980012,
		-0.197174,
		0,
		0.983312,
		0.010017,
		0.181652,
		0,
		0.179996,
		-0.198686,
		-0.963392,
		0,
		-0.059033,
		-0.030191,
		-0.373486,
		1,
	},
	[0.05] = {
		0.259755,
		0.817008,
		-0.514807,
		0,
		0.953743,
		-0.133504,
		0.269354,
		0,
		0.151336,
		-0.560959,
		-0.813893,
		0,
		-0.129737,
		0.006135,
		-0.365878,
		1,
	},
	[0.06666666666666667] = {
		0.440435,
		0.529875,
		-0.724741,
		0,
		0.896715,
		-0.220237,
		0.383925,
		0,
		0.043818,
		-0.81898,
		-0.572147,
		0,
		-0.191481,
		0.036137,
		-0.361808,
		1,
	},
	[0.08333333333333333] = {
		0.534002,
		0.23745,
		-0.811455,
		0,
		0.841106,
		-0.246737,
		0.481313,
		0,
		-0.085928,
		-0.939542,
		-0.331478,
		0,
		-0.243941,
		0.056105,
		-0.355858,
		1,
	},
	[0] = {
		-0.344892,
		0.839926,
		0.419016,
		0,
		0.938572,
		0.303115,
		0.164938,
		0,
		0.011526,
		0.450162,
		-0.892872,
		0,
		0.095496,
		-0.09674,
		-0.405439,
		1,
	},
	[0.11666666666666667] = {
		0.554646,
		-0.076896,
		-0.828526,
		0,
		0.80261,
		-0.213236,
		0.557088,
		0,
		-0.219509,
		-0.97397,
		-0.056553,
		0,
		-0.323549,
		0.068232,
		-0.324823,
		1,
	},
	[0.13333333333333333] = {
		0.538414,
		-0.149114,
		-0.829383,
		0,
		0.810205,
		-0.178998,
		0.558146,
		0,
		-0.231685,
		-0.972484,
		0.024438,
		0,
		-0.356414,
		0.065237,
		-0.30222,
		1,
	},
	[0.15] = {
		0.512772,
		-0.194639,
		-0.83617,
		0,
		0.828776,
		-0.141943,
		0.541279,
		0,
		-0.224043,
		-0.97055,
		0.088527,
		0,
		-0.385627,
		0.05852,
		-0.276209,
		1,
	},
	[0.16666666666666666] = {
		0.478812,
		-0.220322,
		-0.849822,
		0,
		0.854933,
		-0.103029,
		0.508403,
		0,
		-0.199569,
		-0.969971,
		0.139029,
		0,
		-0.411225,
		0.048967,
		-0.247318,
		1,
	},
	[0.18333333333333332] = {
		0.435907,
		-0.231088,
		-0.869818,
		0,
		0.885538,
		-0.062389,
		0.460359,
		0,
		-0.16065,
		-0.97093,
		0.177442,
		0,
		-0.433283,
		0.037352,
		-0.215942,
		1,
	},
	[0.1] = {
		0.557197,
		0.031701,
		-0.829775,
		0,
		0.809843,
		-0.241611,
		0.534582,
		0,
		-0.183536,
		-0.969855,
		-0.160298,
		0,
		-0.287002,
		0.06637,
		-0.343372,
		1,
	},
	[0.21666666666666667] = {
		0.317879,
		-0.222362,
		-0.921687,
		0,
		0.946854,
		0.024014,
		0.320766,
		0,
		-0.049193,
		-0.974668,
		0.218178,
		0,
		-0.466909,
		0.010914,
		-0.147151,
		1,
	},
	[0.23333333333333334] = {
		0.240794,
		-0.208932,
		-0.947822,
		0,
		0.970428,
		0.068908,
		0.231347,
		0,
		0.016977,
		-0.975499,
		0.219346,
		0,
		-0.478441,
		-0.002394,
		-0.110602,
		1,
	},
	[0.25] = {
		0.151982,
		-0.193305,
		-0.969296,
		0,
		0.984783,
		0.113249,
		0.131826,
		0,
		0.084289,
		-0.974581,
		0.207575,
		0,
		-0.48644,
		-0.01468,
		-0.07333,
		1,
	},
	[0.26666666666666666] = {
		0.053681,
		-0.178095,
		-0.982548,
		0,
		0.987632,
		0.15463,
		0.025931,
		0,
		0.147313,
		-0.971788,
		0.184193,
		0,
		-0.490984,
		-0.025032,
		-0.036001,
		1,
	},
	[0.2833333333333333] = {
		-0.050095,
		-0.165217,
		-0.984984,
		0,
		0.978431,
		0.189777,
		-0.081594,
		0,
		0.200408,
		-0.967826,
		0.152147,
		0,
		-0.492298,
		-0.032446,
		0.00063,
		1,
	},
	[0.2] = {
		0.382692,
		-0.230713,
		-0.894605,
		0,
		0.917352,
		-0.019985,
		0.397576,
		0,
		-0.109604,
		-0.972817,
		0.203997,
		0,
		-0.451848,
		0.024421,
		-0.182419,
		1,
	},
	[0.31666666666666665] = {
		-0.310992,
		-0.119557,
		-0.942863,
		0,
		0.897784,
		0.288588,
		-0.332717,
		0,
		0.311878,
		-0.949959,
		0.017587,
		0,
		-0.469003,
		-0.018137,
		0.07687,
		1,
	},
	[0.3333333333333333] = {
		-0.509071,
		-0.073473,
		-0.857583,
		0,
		0.772577,
		0.40022,
		-0.492899,
		0,
		0.379437,
		-0.913469,
		-0.146977,
		0,
		-0.417647,
		0.036023,
		0.119932,
		1,
	},
	[0.35] = {
		-0.656324,
		-0.043467,
		-0.753226,
		0,
		0.66316,
		0.442861,
		-0.603401,
		0,
		0.359802,
		-0.895536,
		-0.261834,
		0,
		-0.355302,
		0.12465,
		0.152066,
		1,
	},
	[0.36666666666666664] = {
		-0.702888,
		-0.008582,
		-0.711249,
		0,
		0.674621,
		0.30891,
		-0.670418,
		0,
		0.225465,
		-0.951053,
		-0.21134,
		0,
		-0.302856,
		0.245393,
		0.166031,
		1,
	},
	[0.38333333333333336] = {
		-0.526579,
		-0.003085,
		-0.850121,
		0,
		0.816972,
		-0.278381,
		-0.505036,
		0,
		-0.2351,
		-0.960466,
		0.149109,
		0,
		-0.278073,
		0.445431,
		0.144563,
		1,
	},
	[0.3] = {
		-0.15398,
		-0.155748,
		-0.975722,
		0,
		0.95884,
		0.21488,
		-0.185615,
		0,
		0.238572,
		-0.964142,
		0.11625,
		0,
		-0.490798,
		-0.035885,
		0.035773,
		1,
	},
	[0.4166666666666667] = {
		-0.529902,
		-0.315625,
		-0.787137,
		0,
		-0.025465,
		-0.921823,
		0.386774,
		0,
		-0.847676,
		0.224997,
		0.480438,
		0,
		0.05318,
		0.743692,
		-0.053951,
		1,
	},
	[0.43333333333333335] = {
		-0.671386,
		-0.275695,
		-0.687919,
		0,
		-0.269552,
		-0.773816,
		0.573193,
		0,
		-0.690349,
		0.570264,
		0.445215,
		0,
		0.219595,
		0.71999,
		-0.17461,
		1,
	},
	[0.45] = {
		-0.711476,
		-0.18059,
		-0.679109,
		0,
		-0.581216,
		-0.39194,
		0.713142,
		0,
		-0.394956,
		0.902092,
		0.173894,
		0,
		0.387958,
		0.618478,
		-0.275202,
		1,
	},
	[0.4666666666666667] = {
		-0.763168,
		-0.101798,
		-0.638131,
		0,
		-0.622342,
		-0.150068,
		0.768225,
		0,
		-0.173967,
		0.983421,
		0.051174,
		0,
		0.502851,
		0.507972,
		-0.32255,
		1,
	},
	[0.48333333333333334] = {
		-0.772447,
		0.06606,
		-0.631634,
		0,
		-0.63441,
		-0.034615,
		0.772221,
		0,
		0.029149,
		0.997215,
		0.068647,
		0,
		0.587065,
		0.40883,
		-0.352144,
		1,
	},
	[0.4] = {
		-0.357282,
		-0.197102,
		-0.912963,
		0,
		0.534818,
		-0.844537,
		-0.026968,
		0,
		-0.765715,
		-0.497904,
		0.407151,
		0,
		-0.182248,
		0.645597,
		0.071568,
		1,
	},
	[0.5166666666666667] = {
		-0.734992,
		0.226043,
		-0.63929,
		0,
		-0.611823,
		0.185386,
		0.768963,
		0,
		0.292334,
		0.956314,
		0.002041,
		0,
		0.661056,
		0.272824,
		-0.399906,
		1,
	},
	[0.5333333333333333] = {
		-0.70757,
		0.274294,
		-0.651235,
		0,
		-0.585059,
		0.289444,
		0.75758,
		0,
		0.396296,
		0.917052,
		-0.044324,
		0,
		0.671401,
		0.227749,
		-0.413698,
		1,
	},
	[0.55] = {
		-0.681246,
		0.305596,
		-0.665218,
		0,
		-0.5485,
		0.388729,
		0.740295,
		0,
		0.484821,
		0.869195,
		-0.097201,
		0,
		0.674881,
		0.195049,
		-0.424296,
		1,
	},
	[0.5666666666666667] = {
		-0.659407,
		0.323439,
		-0.678652,
		0,
		-0.502077,
		0.48243,
		0.717761,
		0,
		0.559554,
		0.814032,
		-0.155727,
		0,
		0.674275,
		0.169678,
		-0.432804,
		1,
	},
	[0.5833333333333334] = {
		-0.644208,
		0.332083,
		-0.688997,
		0,
		-0.445305,
		0.56956,
		0.690873,
		0,
		0.621852,
		0.75188,
		-0.219037,
		0,
		0.671105,
		0.147362,
		-0.440047,
		1,
	},
	[0.5] = {
		-0.758615,
		0.1581,
		-0.632066,
		0,
		-0.628587,
		0.077627,
		0.773856,
		0,
		0.171412,
		0.984367,
		0.040491,
		0,
		0.638961,
		0.334828,
		-0.381316,
		1,
	},
	[0.6166666666666667] = {
		-0.637261,
		0.342247,
		-0.690482,
		0,
		-0.296037,
		0.718517,
		0.629361,
		0,
		0.71152,
		0.605475,
		-0.356565,
		0,
		0.659881,
		0.098531,
		-0.453765,
		1,
	},
	[0.6333333333333333] = {
		-0.646024,
		0.345972,
		-0.680409,
		0,
		-0.194985,
		0.787015,
		0.58531,
		0,
		0.737993,
		0.510794,
		-0.440972,
		0,
		0.64987,
		0.068372,
		-0.46178,
		1,
	},
	[0.65] = {
		-0.663142,
		0.344276,
		-0.664618,
		0,
		-0.073351,
		0.853775,
		0.515449,
		0,
		0.744891,
		0.390566,
		-0.540922,
		0,
		0.634271,
		0.03654,
		-0.470376,
		1,
	},
	[0.6666666666666666] = {
		-0.686854,
		0.342288,
		-0.641148,
		0,
		0.05867,
		0.905391,
		0.420506,
		0,
		0.724423,
		0.251211,
		-0.641953,
		0,
		0.613742,
		0.003847,
		-0.478981,
		1,
	},
	[0.6833333333333333] = {
		-0.714158,
		0.344913,
		-0.609109,
		0,
		0.188665,
		0.932817,
		0.307014,
		0,
		0.67408,
		0.104339,
		-0.731252,
		0,
		0.589095,
		-0.029301,
		-0.487332,
		1,
	},
	[0.6] = {
		-0.636774,
		0.336588,
		-0.693706,
		0,
		-0.377169,
		0.648729,
		0.66098,
		0,
		0.672505,
		0.682539,
		-0.286143,
		0,
		0.666193,
		0.124716,
		-0.446762,
		1,
	},
	[0.7166666666666667] = {
		-0.765035,
		0.376475,
		-0.522483,
		0,
		0.400209,
		0.913569,
		0.072274,
		0,
		0.504533,
		-0.15381,
		-0.849581,
		0,
		0.531328,
		-0.096563,
		-0.50237,
		1,
	},
	[0.7333333333333333] = {
		-0.782795,
		0.407086,
		-0.470651,
		0,
		0.4722,
		0.881186,
		-0.023197,
		0,
		0.405288,
		-0.2404,
		-0.882014,
		0,
		0.500548,
		-0.130668,
		-0.50833,
		1,
	},
	[0.75] = {
		-0.793506,
		0.446434,
		-0.413575,
		0,
		0.523534,
		0.847247,
		-0.089917,
		0,
		0.310258,
		-0.28787,
		-0.906019,
		0,
		0.470561,
		-0.164858,
		-0.51276,
		1,
	},
	[0.7666666666666667] = {
		-0.797075,
		0.492745,
		-0.349104,
		0,
		0.559269,
		0.820407,
		-0.118957,
		0,
		0.227792,
		-0.290061,
		-0.929503,
		0,
		0.443415,
		-0.198709,
		-0.515701,
		1,
	},
	[0.7833333333333333] = {
		-0.794866,
		0.545652,
		-0.265428,
		0,
		0.586772,
		0.802627,
		-0.107183,
		0,
		0.154555,
		-0.240942,
		-0.958154,
		0,
		0.417487,
		-0.233997,
		-0.518698,
		1,
	},
	[0.7] = {
		-0.74136,
		0.355741,
		-0.569064,
		0,
		0.305017,
		0.933916,
		0.186456,
		0,
		0.597788,
		-0.035343,
		-0.800875,
		0,
		0.56127,
		-0.062764,
		-0.495229,
		1,
	},
	[0.8166666666666667] = {
		-0.765627,
		0.643283,
		0.001588,
		0,
		0.643159,
		0.765427,
		0.021637,
		0,
		0.012703,
		0.017587,
		-0.999765,
		0,
		0.356124,
		-0.31435,
		-0.525723,
		1,
	},
	[0.8333333333333334] = {
		-0.731793,
		0.655116,
		0.187887,
		0,
		0.679679,
		0.721814,
		0.130463,
		0,
		-0.050151,
		0.223175,
		-0.973488,
		0,
		0.318578,
		-0.356975,
		-0.527177,
		1,
	},
	[0.85] = {
		-0.683206,
		0.614033,
		0.395213,
		0,
		0.723529,
		0.642357,
		0.252752,
		0,
		-0.098669,
		0.45863,
		-0.883133,
		0,
		0.273107,
		-0.388247,
		-0.508989,
		1,
	},
	[0.8666666666666667] = {
		-0.623735,
		0.506913,
		0.594973,
		0,
		0.771643,
		0.520665,
		0.365343,
		0,
		-0.124584,
		0.686984,
		-0.715913,
		0,
		0.226046,
		-0.410487,
		-0.48406,
		1,
	},
	[0.8833333333333333] = {
		-0.56213,
		0.342066,
		0.752995,
		0,
		0.817684,
		0.366492,
		0.443934,
		0,
		-0.124112,
		0.86526,
		-0.485718,
		0,
		0.180141,
		-0.426556,
		-0.456869,
		1,
	},
	[0.8] = {
		-0.785592,
		0.600297,
		-0.149965,
		0,
		0.613238,
		0.787649,
		-0.059561,
		0,
		0.082366,
		-0.138754,
		-0.986896,
		0,
		0.388768,
		-0.272782,
		-0.522392,
		1,
	},
	[0.9166666666666666] = {
		-0.466706,
		-0.036647,
		0.883653,
		0,
		0.881874,
		0.056365,
		0.468104,
		0,
		-0.066962,
		0.997737,
		0.006012,
		0,
		0.097528,
		-0.447373,
		-0.395485,
		1,
	},
	[0.9333333333333333] = {
		-0.438049,
		-0.19206,
		0.878195,
		0,
		0.89843,
		-0.060276,
		0.43496,
		0,
		-0.030605,
		0.97953,
		0.198957,
		0,
		0.062978,
		-0.455935,
		-0.364852,
		1,
	},
	[0.95] = {
		-0.418345,
		-0.308045,
		0.854456,
		0,
		0.908288,
		-0.142532,
		0.393316,
		0,
		0.000629,
		0.940634,
		0.339421,
		0,
		0.033867,
		-0.464529,
		-0.33785,
		1,
	},
	[0.9666666666666667] = {
		-0.403082,
		-0.384859,
		0.830306,
		0,
		0.91487,
		-0.192431,
		0.354941,
		0,
		0.023174,
		0.902692,
		0.429662,
		0,
		0.010742,
		-0.473212,
		-0.317055,
		1,
	},
	[0.9833333333333333] = {
		-0.392943,
		-0.426307,
		0.814775,
		0,
		0.918848,
		-0.216941,
		0.329627,
		0,
		0.036236,
		0.878179,
		0.476957,
		0,
		-0.003953,
		-0.479665,
		-0.304534,
		1,
	},
	[0.9] = {
		-0.507989,
		0.149281,
		0.848329,
		0,
		0.855357,
		0.203528,
		0.476383,
		0,
		-0.101544,
		0.967622,
		-0.231078,
		0,
		0.13688,
		-0.438128,
		-0.426958,
		1,
	},
	[1.0166666666666666] = {
		-0.389735,
		-0.43922,
		0.80944,
		0,
		0.920002,
		-0.225073,
		0.32084,
		0,
		0.041263,
		0.869729,
		0.491802,
		0,
		-0.009214,
		-0.481892,
		-0.30025,
		1,
	},
	[1.0333333333333334] = {
		-0.392876,
		-0.42573,
		0.815109,
		0,
		0.918836,
		-0.217665,
		0.329185,
		0,
		0.037277,
		0.87828,
		0.476691,
		0,
		-0.004546,
		-0.479746,
		-0.304398,
		1,
	},
	[1.05] = {
		-0.397229,
		-0.407394,
		0.822337,
		0,
		0.917168,
		-0.20729,
		0.340343,
		0,
		0.031808,
		0.889416,
		0.455991,
		0,
		0.00178,
		-0.476904,
		-0.309929,
		1,
	},
	[1.0666666666666667] = {
		-0.401184,
		-0.390948,
		0.828379,
		0,
		0.915598,
		-0.197841,
		0.350055,
		0,
		0.027034,
		0.898898,
		0.437322,
		0,
		0.007325,
		-0.474443,
		-0.314752,
		1,
	},
	[1.0833333333333333] = {
		-0.402921,
		-0.383785,
		0.830882,
		0,
		0.914893,
		-0.193685,
		0.354198,
		0,
		0.024993,
		0.902882,
		0.429161,
		0,
		0.009704,
		-0.473396,
		-0.316813,
		1,
	},
	{
		-0.389241,
		-0.441619,
		0.808371,
		0,
		0.920196,
		-0.226053,
		0.319592,
		0,
		0.041597,
		0.868259,
		0.494365,
		0,
		-0.009803,
		-0.482229,
		-0.2996,
		1,
	},
	[1.1] = {
		-0.402921,
		-0.383785,
		0.830882,
		0,
		0.914893,
		-0.193685,
		0.354198,
		0,
		0.024993,
		0.902882,
		0.429161,
		0,
		0.009704,
		-0.473396,
		-0.316813,
		1,
	},
}

return spline_matrices
