local spline_matrices = {
	[0] = {
		-0.828023,
		0.494747,
		0.263823,
		0,
		0.129749,
		0.626834,
		-0.768274,
		0,
		-0.545474,
		-0.601918,
		-0.583226,
		0,
		0.075755,
		-0.044688,
		-0.507833,
		1
	},
	{
		-0.731557,
		0.561156,
		0.387206,
		0,
		0.325246,
		0.786388,
		-0.525175,
		0,
		-0.5992,
		-0.258259,
		-0.757801,
		0,
		0.094902,
		-0.083605,
		-0.543203,
		1
	},
	[0.0333333333333] = {
		-0.913596,
		0.404182,
		0.044495,
		0,
		0.225159,
		0.593964,
		-0.772341,
		0,
		-0.338594,
		-0.695589,
		-0.633648,
		0,
		0.04823,
		-0.054003,
		-0.461794,
		1
	},
	[0.0666666666667] = {
		-0.870263,
		0.094811,
		-0.483377,
		0,
		0.443099,
		0.579358,
		-0.684111,
		0,
		0.215187,
		-0.80954,
		-0.546205,
		0,
		-0.002375,
		-0.076293,
		-0.371332,
		1
	},
	[0.133333333333] = {
		-0.126128,
		-0.368297,
		-0.921113,
		0,
		0.688205,
		0.636259,
		-0.348638,
		0,
		0.714469,
		-0.677887,
		0.173213,
		0,
		-0.134513,
		-0.097772,
		-0.20036,
		1
	},
	[0.166666666667] = {
		-0.142728,
		-0.344525,
		-0.927864,
		0,
		0.814823,
		0.491274,
		-0.307754,
		0,
		0.561864,
		-0.79997,
		0.210608,
		0,
		-0.280106,
		-0.080058,
		-0.112038,
		1
	},
	[0.1] = {
		-0.473086,
		-0.224957,
		-0.851812,
		0,
		0.599107,
		0.626747,
		-0.498256,
		0,
		0.645957,
		-0.746044,
		-0.161732,
		0,
		-0.058827,
		-0.094109,
		-0.283007,
		1
	},
	[0.233333333333] = {
		-0.210107,
		-0.058061,
		-0.975953,
		0,
		0.90619,
		-0.386263,
		-0.172109,
		0,
		-0.366981,
		-0.92056,
		0.133771,
		0,
		-0.4024,
		0.118444,
		-0.060465,
		1
	},
	[0.266666666667] = {
		-0.019978,
		0.053138,
		-0.998387,
		0,
		0.369079,
		-0.927663,
		-0.056759,
		0,
		-0.929183,
		-0.369618,
		-0.001079,
		0,
		-0.364587,
		0.313892,
		-0.065469,
		1
	},
	[0.2] = {
		-0.252495,
		-0.225598,
		-0.940931,
		0,
		0.938559,
		0.179347,
		-0.294859,
		0,
		0.235273,
		-0.95757,
		0.166452,
		0,
		-0.390382,
		-0.021384,
		-0.05936,
		1
	},
	[0.333333333333] = {
		0.018302,
		-0.01654,
		-0.999696,
		0,
		-0.196632,
		-0.980396,
		0.012621,
		0,
		-0.980307,
		0.196341,
		-0.021195,
		0,
		-0.158775,
		0.572735,
		-0.046335,
		1
	},
	[0.366666666667] = {
		0.074355,
		0.082418,
		-0.99382,
		0,
		-0.812622,
		-0.572643,
		-0.108287,
		0,
		-0.578029,
		0.815652,
		0.024396,
		0,
		0.044866,
		0.630862,
		-0.036647,
		1
	},
	[0.3] = {
		0.067348,
		0.008218,
		-0.997696,
		0,
		-0.262402,
		-0.964617,
		-0.025658,
		0,
		-0.962606,
		0.263525,
		-0.062808,
		0,
		-0.284472,
		0.470587,
		-0.060132,
		1
	},
	[0.433333333333] = {
		-0.023456,
		0.068205,
		-0.997396,
		0,
		-0.622877,
		0.779363,
		0.067944,
		0,
		0.781968,
		0.622849,
		0.024203,
		0,
		0.654514,
		0.346806,
		-0.043734,
		1
	},
	[0.466666666667] = {
		-0.062219,
		0.146487,
		-0.987254,
		0,
		0.157112,
		0.978275,
		0.135253,
		0,
		0.985619,
		-0.146694,
		-0.083882,
		0,
		0.708106,
		0.119513,
		-0.056468,
		1
	},
	[0.4] = {
		0.019924,
		0.039707,
		-0.999013,
		0,
		-0.966952,
		0.254793,
		-0.009157,
		0,
		0.254178,
		0.96618,
		0.043472,
		0,
		0.477606,
		0.530597,
		-0.034058,
		1
	},
	[0.533333333333] = {
		-0.140129,
		0.370532,
		-0.918188,
		0,
		0.314879,
		0.895872,
		0.313472,
		0,
		0.938731,
		-0.245191,
		-0.24221,
		0,
		0.738744,
		-0.118139,
		-0.184476,
		1
	},
	[0.566666666667] = {
		-0.227322,
		0.482056,
		-0.846136,
		0,
		0.215072,
		0.872281,
		0.43917,
		0,
		0.949773,
		-0.082147,
		-0.301965,
		0,
		0.716508,
		-0.21465,
		-0.291793,
		1
	},
	[0.5] = {
		-0.093126,
		0.248492,
		-0.964147,
		0,
		0.329184,
		0.921583,
		0.205726,
		0,
		0.939662,
		-0.298224,
		-0.167623,
		0,
		0.730763,
		-0.003781,
		-0.095535,
		1
	},
	[0.633333333333] = {
		-0.457315,
		0.57856,
		-0.675375,
		0,
		0.114027,
		0.791321,
		0.600674,
		0,
		0.881964,
		0.197686,
		-0.427855,
		0,
		0.624441,
		-0.317952,
		-0.424984,
		1
	},
	[0.666666666667] = {
		-0.558998,
		0.578147,
		-0.594362,
		0,
		0.201799,
		0.790124,
		0.578776,
		0,
		0.804238,
		0.203593,
		-0.558347,
		0,
		0.582195,
		-0.335919,
		-0.450298,
		1
	},
	[0.6] = {
		-0.345914,
		0.552685,
		-0.75821,
		0,
		0.118536,
		0.827364,
		0.549015,
		0,
		0.930748,
		0.100037,
		-0.35171,
		0,
		0.670308,
		-0.280206,
		-0.379492,
		1
	},
	[0.733333333333] = {
		-0.767963,
		0.536644,
		-0.349637,
		0,
		0.423514,
		0.834979,
		0.351348,
		0,
		0.480488,
		0.121746,
		-0.86851,
		0,
		0.466182,
		-0.319565,
		-0.513443,
		1
	},
	[0.766666666667] = {
		-0.836369,
		0.517113,
		-0.181883,
		0,
		0.495623,
		0.855114,
		0.152113,
		0,
		0.234191,
		0.037077,
		-0.971483,
		0,
		0.391191,
		-0.287372,
		-0.54176,
		1
	},
	[0.7] = {
		-0.668381,
		0.560653,
		-0.488809,
		0,
		0.314439,
		0.808526,
		0.497407,
		0,
		0.674088,
		0.178757,
		-0.716695,
		0,
		0.530102,
		-0.335899,
		-0.481183,
		1
	},
	[0.833333333333] = {
		-0.842269,
		0.518533,
		0.14733,
		0,
		0.473238,
		0.842147,
		-0.258523,
		0,
		-0.258126,
		-0.148024,
		-0.954704,
		0,
		0.230957,
		-0.183259,
		-0.555619,
		1
	},
	[0.866666666667] = {
		-0.803032,
		0.534292,
		0.263953,
		0,
		0.412923,
		0.818226,
		-0.4,
		0,
		-0.42969,
		-0.212221,
		-0.877684,
		0,
		0.167409,
		-0.133499,
		-0.549079,
		1
	},
	[0.8] = {
		-0.859728,
		0.510703,
		-0.007092,
		0,
		0.510024,
		0.857677,
		-0.065307,
		0,
		-0.02727,
		-0.059763,
		-0.99784,
		0,
		0.310165,
		-0.241243,
		-0.56092,
		1
	},
	[0.933333333333] = {
		-0.737662,
		0.559134,
		0.37845,
		0,
		0.331143,
		0.788092,
		-0.518899,
		0,
		-0.588387,
		-0.257451,
		-0.766498,
		0,
		0.099972,
		-0.08739,
		-0.542317,
		1
	},
	[0.966666666667] = {
		-0.728486,
		0.562349,
		0.391243,
		0,
		0.321139,
		0.784795,
		-0.530063,
		0,
		-0.605126,
		-0.2605,
		-0.752305,
		0,
		0.092054,
		-0.082255,
		-0.542148,
		1
	},
	[0.9] = {
		-0.763209,
		0.549739,
		0.339557,
		0,
		0.360398,
		0.798342,
		-0.482456,
		0,
		-0.536307,
		-0.245839,
		-0.807427,
		0,
		0.123442,
		-0.10169,
		-0.5444,
		1
	},
	[1.03333333333] = {
		-0.741534,
		0.557498,
		0.37326,
		0,
		0.337291,
		0.790701,
		-0.510908,
		0,
		-0.579967,
		-0.252959,
		-0.774371,
		0,
		0.103919,
		-0.0887,
		-0.544906,
		1
	},
	[1.06666666667] = {
		-0.752989,
		0.553296,
		0.35619,
		0,
		0.351018,
		0.795588,
		-0.493788,
		0,
		-0.556592,
		-0.246787,
		-0.793286,
		0,
		0.114526,
		-0.094789,
		-0.546679,
		1
	},
	[1.13333333333] = {
		-0.762122,
		0.549921,
		0.341699,
		0,
		0.361982,
		0.799503,
		-0.479337,
		0,
		-0.536787,
		-0.241624,
		-0.80838,
		0,
		0.123244,
		-0.099809,
		-0.548069,
		1
	},
	[1.1] = {
		-0.760917,
		0.550367,
		0.343658,
		0,
		0.360535,
		0.798985,
		-0.481287,
		0,
		-0.539463,
		-0.242319,
		-0.806388,
		0,
		0.12208,
		-0.099138,
		-0.547887,
		1
	}
}

return spline_matrices
