-- chunkname: @content/characters/player/human/first_person/animations/power_maul/attack_right_diagonal_up.lua

local spline_matrices = {
	[0.0333333333333] = {
		-0.6392,
		0.111386,
		0.760931,
		0,
		0.683552,
		0.53568,
		0.495787,
		0,
		-0.352392,
		0.837043,
		-0.418544,
		0,
		-0.037793,
		-0.091285,
		-0.731582,
		1
	},
	[0.0666666666667] = {
		-0.6916,
		-0.597895,
		0.405229,
		0,
		0.279026,
		0.296323,
		0.913421,
		0,
		-0.666208,
		0.744791,
		-0.038109,
		0,
		-0.055912,
		-0.047652,
		-0.725006,
		1
	},
	[0] = {
		-0.570127,
		0.484409,
		0.663554,
		0,
		0.790625,
		0.543043,
		0.282873,
		0,
		-0.223313,
		0.685895,
		-0.692589,
		0,
		-0.035385,
		-0.095877,
		-0.716204,
		1
	},
	[0.133333333333] = {
		-0.020019,
		-0.73269,
		-0.680268,
		0,
		-0.055347,
		-0.678549,
		0.732467,
		0,
		-0.998266,
		0.052314,
		-0.026968,
		0,
		-0.162796,
		0.088953,
		-0.582466,
		1
	},
	[0.166666666667] = {
		0.147931,
		-0.470697,
		-0.869805,
		0,
		0.183062,
		-0.851252,
		0.491791,
		0,
		-0.971908,
		-0.231979,
		-0.03976,
		0,
		-0.241833,
		0.138636,
		-0.502831,
		1
	},
	[0.1] = {
		-0.345682,
		-0.883068,
		-0.317325,
		0,
		-0.110172,
		-0.297639,
		0.9483,
		0,
		-0.931861,
		0.362771,
		0.005599,
		0,
		-0.095147,
		0.029158,
		-0.661195,
		1
	},
	[0.233333333333] = {
		0.111435,
		0.169015,
		-0.979294,
		0,
		0.708986,
		-0.704039,
		-0.040833,
		0,
		-0.696363,
		-0.689755,
		-0.198284,
		0,
		-0.398075,
		0.240286,
		-0.346292,
		1
	},
	[0.266666666667] = {
		0.007542,
		0.380274,
		-0.924843,
		0,
		0.814007,
		-0.53952,
		-0.2152,
		0,
		-0.580807,
		-0.751205,
		-0.313614,
		0,
		-0.445673,
		0.286219,
		-0.28912,
		1
	},
	[0.2] = {
		0.186608,
		-0.142618,
		-0.972028,
		0,
		0.476464,
		-0.852122,
		0.216495,
		0,
		-0.859162,
		-0.503536,
		-0.09106,
		0,
		-0.323093,
		0.189159,
		-0.423883,
		1
	},
	[0.333333333333] = {
		0.508831,
		0.103122,
		-0.854667,
		0,
		-0.001972,
		-0.992657,
		-0.120945,
		0,
		-0.860864,
		0.063226,
		-0.504892,
		0,
		-0.243188,
		0.521211,
		-0.151969,
		1
	},
	[0.366666666667] = {
		0.29947,
		-0.145715,
		-0.942913,
		0,
		-0.775409,
		-0.613007,
		-0.151538,
		0,
		-0.55593,
		0.776524,
		-0.296566,
		0,
		-0.030111,
		0.623653,
		-0.035532,
		1
	},
	[0.3] = {
		0.301061,
		0.378467,
		-0.875286,
		0,
		0.517683,
		-0.835708,
		-0.183293,
		0,
		-0.800854,
		-0.397938,
		-0.447525,
		0,
		-0.395727,
		0.394693,
		-0.234852,
		1
	},
	[0.433333333333] = {
		0.620007,
		0.049825,
		-0.783012,
		0,
		-0.734956,
		0.386222,
		-0.557379,
		0,
		0.274645,
		0.921059,
		0.27608,
		0,
		0.659822,
		0.208245,
		0.183653,
		1
	},
	[0.466666666667] = {
		0.45321,
		-0.223461,
		-0.86294,
		0,
		-0.326648,
		0.859099,
		-0.394019,
		0,
		0.829399,
		0.460451,
		0.316359,
		0,
		0.759089,
		0.011239,
		0.124174,
		1
	},
	[0.4] = {
		0.48744,
		0.15463,
		-0.859356,
		0,
		-0.863062,
		-0.063902,
		-0.50104,
		0,
		-0.13239,
		0.985904,
		0.102307,
		0,
		0.3272,
		0.657089,
		0.09238,
		1
	},
	[0.533333333333] = {
		0.096058,
		0.366262,
		-0.925541,
		0,
		0.132852,
		0.916804,
		0.376592,
		0,
		0.98647,
		-0.159134,
		0.039408,
		0,
		0.83259,
		-0.346963,
		-0.172135,
		1
	},
	[0.566666666667] = {
		-0.02424,
		0.600686,
		-0.799118,
		0,
		0.275894,
		0.772329,
		0.57218,
		0,
		0.960882,
		-0.206602,
		-0.184447,
		0,
		0.788454,
		-0.36915,
		-0.247333,
		1
	},
	[0.5] = {
		0.206934,
		-0.004798,
		-0.978343,
		0,
		0.001141,
		0.999988,
		-0.004663,
		0,
		0.978354,
		-0.000151,
		0.206937,
		0,
		0.847137,
		-0.224381,
		-0.040564,
		1
	},
	[0.633333333333] = {
		-0.26352,
		0.888628,
		-0.375362,
		0,
		0.59621,
		0.455932,
		0.660803,
		0,
		0.758348,
		-0.04966,
		-0.649956,
		0,
		0.7092,
		-0.408827,
		-0.348566,
		1
	},
	[0.666666666667] = {
		-0.33898,
		0.934137,
		-0.111717,
		0,
		0.748146,
		0.339657,
		0.570009,
		0,
		0.570412,
		0.109641,
		-0.814008,
		0,
		0.674971,
		-0.439183,
		-0.391558,
		1
	},
	[0.6] = {
		-0.151043,
		0.776959,
		-0.611163,
		0,
		0.43244,
		0.607893,
		0.665929,
		0,
		0.888922,
		-0.163707,
		-0.427806,
		0,
		0.747167,
		-0.386764,
		-0.303834,
		1
	},
	[0.733333333333] = {
		-0.329089,
		0.862601,
		0.384213,
		0,
		0.937967,
		0.251563,
		0.238607,
		0,
		0.109169,
		0.438902,
		-0.891879,
		0,
		0.571626,
		-0.513226,
		-0.499851,
		1
	},
	[0.766666666667] = {
		-0.251746,
		0.787183,
		0.562997,
		0,
		0.962566,
		0.264042,
		0.06123,
		0,
		-0.100455,
		0.557337,
		-0.824187,
		0,
		0.458437,
		-0.525408,
		-0.540335,
		1
	},
	[0.7] = {
		-0.361981,
		0.91977,
		0.151632,
		0,
		0.86655,
		0.272056,
		0.418421,
		0,
		0.343598,
		0.282857,
		-0.895506,
		0,
		0.642108,
		-0.478694,
		-0.444216,
		1
	},
	[0.833333333333] = {
		-0.046325,
		0.674885,
		0.736467,
		0,
		0.92675,
		0.304189,
		-0.220459,
		0,
		-0.37281,
		0.672308,
		-0.639542,
		0,
		0.301433,
		-0.53114,
		-0.570516,
		1
	},
	[0.866666666667] = {
		0.046829,
		0.646367,
		0.761589,
		0,
		0.895364,
		0.310862,
		-0.318885,
		0,
		-0.442866,
		0.696832,
		-0.564176,
		0,
		0.275655,
		-0.522835,
		-0.565185,
		1
	},
	[0.8] = {
		-0.150524,
		0.718907,
		0.678613,
		0,
		0.952948,
		0.288208,
		-0.093945,
		0,
		-0.263119,
		0.632542,
		-0.728463,
		0,
		0.365839,
		-0.531867,
		-0.564846,
		1
	},
	[0.933333333333] = {
		0.168616,
		0.623975,
		0.763036,
		0,
		0.849585,
		0.300503,
		-0.433479,
		0,
		-0.499775,
		0.721355,
		-0.47945,
		0,
		0.265539,
		-0.496557,
		-0.550509,
		1
	},
	[0.966666666667] = {
		0.20037,
		0.624242,
		0.755099,
		0,
		0.839526,
		0.287893,
		-0.460775,
		0,
		-0.505023,
		0.726251,
		-0.466382,
		0,
		0.258865,
		-0.483084,
		-0.547924,
		1
	},
	[0.9] = {
		0.119249,
		0.630438,
		0.767025,
		0,
		0.868321,
		0.308393,
		-0.388474,
		0,
		-0.481454,
		0.71235,
		-0.510647,
		0,
		0.271363,
		-0.51009,
		-0.556274,
		1
	},
	[1.03333333333] = {
		0.231068,
		0.635491,
		0.736722,
		0,
		0.837562,
		0.255378,
		-0.482983,
		0,
		-0.495074,
		0.728652,
		-0.473253,
		0,
		0.243505,
		-0.458327,
		-0.542364,
		1
	},
	[1.06666666667] = {
		0.239239,
		0.642118,
		0.728319,
		0,
		0.839552,
		0.240016,
		-0.487385,
		0,
		-0.487767,
		0.728064,
		-0.481671,
		0,
		0.229454,
		-0.444888,
		-0.520435,
		1
	},
	{
		0.21961,
		0.628816,
		0.745897,
		0,
		0.836446,
		0.27215,
		-0.475702,
		0,
		-0.502125,
		0.728372,
		-0.466203,
		0,
		0.252327,
		-0.470615,
		-0.548114,
		1
	},
	[1.13333333333] = {
		0.261725,
		0.647407,
		0.715796,
		0,
		0.832894,
		0.22321,
		-0.506424,
		0,
		-0.487636,
		0.728726,
		-0.480802,
		0,
		0.220567,
		-0.433298,
		-0.500936,
		1
	},
	[1.1] = {
		0.248483,
		0.646547,
		0.721272,
		0,
		0.838849,
		0.228698,
		-0.493994,
		0,
		-0.484344,
		0.727787,
		-0.485528,
		0,
		0.221517,
		-0.435971,
		-0.505916,
		1
	}
}

return spline_matrices
