-- chunkname: @content/characters/player/human/first_person/animations/power_maul/heavy_attack_down.lua

local spline_matrices = {
	[0.0333333333333] = {
		-0.98052,
		0.19431,
		0.028701,
		0,
		0.139212,
		0.790573,
		-0.596334,
		0,
		-0.138564,
		-0.580722,
		-0.802223,
		0,
		0.028665,
		0.045366,
		0.386605,
		1
	},
	[0.0666666666667] = {
		-0.982474,
		0.18374,
		0.031388,
		0,
		0.118608,
		0.746128,
		-0.655152,
		0,
		-0.143797,
		-0.639947,
		-0.754845,
		0,
		0.063205,
		0.063998,
		0.470121,
		1
	},
	[0] = {
		-0.984405,
		0.171659,
		0.038462,
		0,
		0.116033,
		0.797937,
		-0.591466,
		0,
		-0.132221,
		-0.57778,
		-0.805412,
		0,
		0.020794,
		0.036314,
		0.315063,
		1
	},
	[0.133333333333] = {
		-0.985047,
		-0.022216,
		-0.170846,
		0,
		0.16129,
		-0.467489,
		-0.86916,
		0,
		-0.060559,
		-0.88372,
		0.464082,
		0,
		0.070669,
		0.370404,
		0.259603,
		1
	},
	[0.166666666667] = {
		-0.971563,
		-0.231847,
		-0.048089,
		0,
		0.226864,
		-0.969631,
		0.091372,
		0,
		-0.067813,
		0.077864,
		0.994655,
		0,
		0.033368,
		0.514836,
		-0.06221,
		1
	},
	[0.1] = {
		-0.987102,
		0.159779,
		-0.009996,
		0,
		0.096172,
		0.541908,
		-0.834917,
		0,
		-0.127986,
		-0.82511,
		-0.550285,
		0,
		0.090743,
		0.137691,
		0.485734,
		1
	},
	[0.233333333333] = {
		-0.99936,
		-0.033994,
		0.011154,
		0,
		0.012066,
		-0.02673,
		0.99957,
		0,
		-0.033681,
		0.999065,
		0.027123,
		0,
		0.037981,
		0.413157,
		-0.593618,
		1
	},
	[0.266666666667] = {
		-0.996495,
		-0.043159,
		0.071659,
		0,
		0.060249,
		0.22399,
		0.972727,
		0,
		-0.058032,
		0.973635,
		-0.220605,
		0,
		0.031933,
		0.225051,
		-0.732471,
		1
	},
	[0.2] = {
		-0.998708,
		-0.048758,
		0.014341,
		0,
		0.035586,
		-0.469405,
		0.882266,
		0,
		-0.036286,
		0.881636,
		0.470533,
		0,
		0.013843,
		0.554668,
		-0.380422,
		1
	},
	[0.333333333333] = {
		-0.986814,
		-0.028742,
		0.159286,
		0,
		0.128799,
		0.456554,
		0.880323,
		0,
		-0.098025,
		0.889231,
		-0.446832,
		0,
		0.044315,
		0.012983,
		-0.78904,
		1
	},
	[0.366666666667] = {
		-0.982615,
		-0.015731,
		0.18499,
		0,
		0.149413,
		0.524432,
		0.83824,
		0,
		-0.110201,
		0.851307,
		-0.512964,
		0,
		0.056876,
		-0.055549,
		-0.781221,
		1
	},
	[0.3] = {
		-0.990658,
		-0.041839,
		0.129791,
		0,
		0.10557,
		0.367165,
		0.924145,
		0,
		-0.08632,
		0.929214,
		-0.359318,
		0,
		0.040445,
		0.094704,
		-0.793007,
		1
	},
	[0.433333333333] = {
		-0.973787,
		0.011018,
		0.227194,
		0,
		0.186898,
		0.608052,
		0.771584,
		0,
		-0.129645,
		0.793821,
		-0.594172,
		0,
		0.074612,
		-0.141832,
		-0.763901,
		1
	},
	[0.466666666667] = {
		-0.96922,
		0.025855,
		0.244833,
		0,
		0.206191,
		0.628645,
		0.74986,
		0,
		-0.134525,
		0.777262,
		-0.614627,
		0,
		0.077674,
		-0.16776,
		-0.757144,
		1
	},
	[0.4] = {
		-0.978285,
		-0.003026,
		0.207242,
		0,
		0.16799,
		0.57408,
		0.801381,
		0,
		-0.121399,
		0.818793,
		-0.561106,
		0,
		0.067518,
		-0.10585,
		-0.771887,
		1
	},
	[0.533333333333] = {
		-0.960589,
		0.054927,
		0.272492,
		0,
		0.243965,
		0.636425,
		0.73174,
		0,
		-0.133229,
		0.76938,
		-0.624743,
		0,
		0.077501,
		-0.197463,
		-0.74896,
		1
	},
	[0.566666666667] = {
		-0.956975,
		0.068434,
		0.281987,
		0,
		0.261089,
		0.627124,
		0.733859,
		0,
		-0.126619,
		0.775907,
		-0.618009,
		0,
		0.0765,
		-0.204668,
		-0.74692,
		1
	},
	[0.5] = {
		-0.964743,
		0.040725,
		0.260024,
		0,
		0.225444,
		0.637683,
		0.73657,
		0,
		-0.135816,
		0.769222,
		-0.624381,
		0,
		0.078193,
		-0.185803,
		-0.752195,
		1
	},
	[0.633333333333] = {
		-0.950908,
		0.093722,
		0.294942,
		0,
		0.291793,
		0.589057,
		0.753571,
		0,
		-0.103112,
		0.802638,
		-0.587486,
		0,
		0.073014,
		-0.211366,
		-0.745302,
		1
	},
	[0.666666666667] = {
		-0.947925,
		0.10549,
		0.300517,
		0,
		0.306289,
		0.56064,
		0.769331,
		0,
		-0.087325,
		0.821313,
		-0.563755,
		0,
		0.069865,
		-0.211103,
		-0.745738,
		1
	},
	[0.6] = {
		-0.953932,
		0.081314,
		0.288793,
		0,
		0.276601,
		0.611207,
		0.741564,
		0,
		-0.116213,
		0.787282,
		-0.605542,
		0,
		0.075277,
		-0.209226,
		-0.745703,
		1
	},
	[0.733333333333] = {
		-0.941923,
		0.126715,
		0.311006,
		0,
		0.33232,
		0.485234,
		0.808772,
		0,
		-0.048427,
		0.865154,
		-0.499163,
		0,
		0.061349,
		-0.203056,
		-0.749315,
		1
	},
	[0.766666666667] = {
		-0.938768,
		0.135994,
		0.316574,
		0,
		0.343575,
		0.438517,
		0.830457,
		0,
		-0.025886,
		0.888374,
		-0.45839,
		0,
		0.056082,
		-0.194922,
		-0.752545,
		1
	},
	[0.7] = {
		-0.944943,
		0.116524,
		0.305784,
		0,
		0.319873,
		0.525998,
		0.78804,
		0,
		-0.069016,
		0.842466,
		-0.534311,
		0,
		0.065953,
		-0.208382,
		-0.747057,
		1
	},
	[0.833333333333] = {
		-0.932204,
		0.15093,
		0.32896,
		0,
		0.361173,
		0.329083,
		0.872501,
		0,
		0.023431,
		0.932161,
		-0.361284,
		0,
		0.044158,
		-0.16928,
		-0.761807,
		1
	},
	[0.866666666667] = {
		-0.928612,
		0.156913,
		0.336242,
		0,
		0.367785,
		0.269233,
		0.890083,
		0,
		0.049138,
		0.950206,
		-0.307723,
		0,
		0.037674,
		-0.152682,
		-0.767261,
		1
	},
	[0.8] = {
		-0.935596,
		0.144064,
		0.322344,
		0,
		0.353069,
		0.386321,
		0.852114,
		0,
		-0.001769,
		0.911044,
		-0.412305,
		0,
		0.05036,
		-0.183754,
		-0.756744,
		1
	},
	[0.933333333333] = {
		-0.920699,
		0.167958,
		0.352282,
		0,
		0.377367,
		0.152921,
		0.913351,
		0,
		0.099533,
		0.973861,
		-0.204176,
		0,
		0.026929,
		-0.123593,
		-0.773689,
		1
	},
	[0.966666666667] = {
		-0.916269,
		0.173246,
		0.36116,
		0,
		0.381179,
		0.100028,
		0.919074,
		0,
		0.123099,
		0.979786,
		-0.157691,
		0,
		0.026637,
		-0.111265,
		-0.781648,
		1
	},
	[0.9] = {
		-0.924793,
		0.162554,
		0.343997,
		0,
		0.373066,
		0.20991,
		0.903748,
		0,
		0.074699,
		0.964113,
		-0.254766,
		0,
		0.031117,
		-0.13564,
		-0.772582,
		1
	},
	[1.03333333333] = {
		-0.906143,
		0.184109,
		0.380801,
		0,
		0.389696,
		0.013372,
		0.920846,
		0,
		0.164444,
		0.982815,
		-0.083864,
		0,
		0.022988,
		-0.091915,
		-0.787977,
		1
	},
	[1.06666666667] = {
		-0.900273,
		0.190107,
		0.391622,
		0,
		0.395762,
		-0.017302,
		0.91819,
		0,
		0.18133,
		0.981611,
		-0.059661,
		0,
		0.02157,
		-0.086645,
		-0.789336,
		1
	},
	{
		-0.911443,
		0.178565,
		0.370655,
		0,
		0.38507,
		0.052977,
		0.921366,
		0,
		0.144887,
		0.982501,
		-0.117046,
		0,
		0.024723,
		-0.100418,
		-0.785343,
		1
	}
}

return spline_matrices
