-- chunkname: @content/characters/player/human/first_person/animations/power_maul/heavy_attack_left_diagonal_down.lua

local spline_matrices = {
	[0.0333333333333] = {
		-0.973968,
		-0.030486,
		0.224625,
		0,
		-0.142003,
		-0.690337,
		-0.709415,
		0,
		0.176694,
		-0.722846,
		0.668037,
		0,
		0.367447,
		0.259664,
		0.16554,
		1
	},
	[0.0666666666667] = {
		-0.886459,
		-0.039127,
		0.46115,
		0,
		-0.308875,
		-0.692021,
		-0.652459,
		0,
		0.344654,
		-0.720816,
		0.601363,
		0,
		0.407941,
		0.320554,
		0.154546,
		1
	},
	[0] = {
		-0.998651,
		-0.025696,
		-0.04511,
		0,
		0.050475,
		-0.683812,
		-0.727911,
		0,
		-0.012143,
		-0.729206,
		0.684186,
		0,
		0.327232,
		0.218813,
		0.164465,
		1
	},
	[0.133333333333] = {
		-0.584405,
		-0.14391,
		0.798599,
		0,
		-0.053581,
		-0.975157,
		-0.214936,
		0,
		0.809691,
		-0.1684,
		0.562176,
		0,
		0.259348,
		0.452801,
		0.066721,
		1
	},
	[0.166666666667] = {
		-0.510698,
		-0.087282,
		0.855318,
		0,
		0.717819,
		-0.590836,
		0.368306,
		0,
		0.473206,
		0.802056,
		0.364391,
		0,
		0.033576,
		0.47375,
		-0.061432,
		1
	},
	[0.1] = {
		-0.763707,
		-0.112212,
		0.635736,
		0,
		-0.353961,
		-0.750767,
		-0.557728,
		0,
		0.539873,
		-0.650966,
		0.533647,
		0,
		0.358315,
		0.397384,
		0.135085,
		1
	},
	[0.233333333333] = {
		-0.4484,
		-0.337513,
		0.827661,
		0,
		0.799647,
		0.262261,
		0.54017,
		0,
		-0.399378,
		0.904049,
		0.152294,
		0,
		-0.431389,
		0.299155,
		-0.393096,
		1
	},
	[0.266666666667] = {
		-0.244009,
		-0.224547,
		0.943418,
		0,
		0.748391,
		0.57508,
		0.330444,
		0,
		-0.616742,
		0.786677,
		0.027724,
		0,
		-0.526762,
		0.088954,
		-0.451995,
		1
	},
	[0.2] = {
		-0.364062,
		-0.125074,
		0.922938,
		0,
		0.92953,
		-0.111121,
		0.351604,
		0,
		0.058581,
		0.985905,
		0.156716,
		0,
		-0.262216,
		0.415402,
		-0.210241,
		1
	},
	[0.333333333333] = {
		-0.10496,
		-0.032685,
		0.993939,
		0,
		0.619092,
		0.780025,
		0.091027,
		0,
		-0.778273,
		0.624894,
		-0.061636,
		0,
		-0.463897,
		-0.072826,
		-0.513081,
		1
	},
	[0.366666666667] = {
		-0.121317,
		0.009303,
		0.99257,
		0,
		0.587627,
		0.806576,
		0.064264,
		0,
		-0.799985,
		0.591057,
		-0.103318,
		0,
		-0.401929,
		-0.088421,
		-0.579766,
		1
	},
	[0.3] = {
		-0.118135,
		-0.095804,
		0.988365,
		0,
		0.669416,
		0.727477,
		0.150528,
		0,
		-0.733434,
		0.67941,
		-0.021808,
		0,
		-0.506615,
		-0.023696,
		-0.462113,
		1
	},
	[0.433333333333] = {
		-0.179016,
		0.048035,
		0.982673,
		0,
		0.564529,
		0.823035,
		0.06261,
		0,
		-0.805767,
		0.565956,
		-0.174453,
		0,
		-0.314052,
		-0.152822,
		-0.628644,
		1
	},
	[0.466666666667] = {
		-0.228866,
		0.047024,
		0.972322,
		0,
		0.572908,
		0.814039,
		0.095482,
		0,
		-0.787018,
		0.578903,
		-0.213246,
		0,
		-0.280088,
		-0.167878,
		-0.649938,
		1
	},
	[0.4] = {
		-0.14336,
		0.036164,
		0.98901,
		0,
		0.568658,
		0.820902,
		0.052411,
		0,
		-0.809985,
		0.569922,
		-0.138249,
		0,
		-0.352824,
		-0.12358,
		-0.608412,
		1
	},
	[0.533333333333] = {
		-0.362313,
		0.020409,
		0.931833,
		0,
		0.608098,
		0.762846,
		0.219731,
		0,
		-0.706361,
		0.646258,
		-0.2888,
		0,
		-0.209715,
		-0.16071,
		-0.689691,
		1
	},
	[0.566666666667] = {
		-0.440557,
		0.002482,
		0.897721,
		0,
		0.624198,
		0.719553,
		0.304336,
		0,
		-0.645203,
		0.694433,
		-0.318553,
		0,
		-0.167753,
		-0.147102,
		-0.702401,
		1
	},
	[0.5] = {
		-0.290743,
		0.036569,
		0.956102,
		0,
		0.589187,
		0.794178,
		0.148791,
		0,
		-0.753875,
		0.606583,
		-0.252447,
		0,
		-0.246761,
		-0.169516,
		-0.671308,
		1
	},
	[0.633333333333] = {
		-0.600982,
		-0.025114,
		0.798868,
		0,
		0.629089,
		0.601674,
		0.492173,
		0,
		-0.493019,
		0.798347,
		-0.345796,
		0,
		-0.083945,
		-0.122445,
		-0.712968,
		1
	},
	[0.666666666667] = {
		-0.674531,
		-0.030306,
		0.737624,
		0,
		0.61331,
		0.533149,
		0.582755,
		0,
		-0.410924,
		0.845479,
		-0.341038,
		0,
		-0.04951,
		-0.112333,
		-0.71536,
		1
	},
	[0.6] = {
		-0.521561,
		-0.013617,
		0.853105,
		0,
		0.632389,
		0.665046,
		0.397238,
		0,
		-0.572764,
		0.746678,
		-0.338251,
		0,
		-0.124287,
		-0.133782,
		-0.709424,
		1
	},
	[0.733333333333] = {
		-0.790974,
		-0.0225,
		0.611435,
		0,
		0.553235,
		0.400516,
		0.730423,
		0,
		-0.261324,
		0.916013,
		-0.304351,
		0,
		-0.000435,
		-0.09289,
		-0.720316,
		1
	},
	[0.766666666667] = {
		-0.831038,
		-0.013017,
		0.556063,
		0,
		0.517885,
		0.346587,
		0.782095,
		0,
		-0.202904,
		0.937927,
		-0.281286,
		0,
		0.014935,
		-0.084168,
		-0.723242,
		1
	},
	[0.7] = {
		-0.738587,
		-0.029014,
		0.673534,
		0,
		0.586742,
		0.464342,
		0.663416,
		0,
		-0.331998,
		0.885181,
		-0.325933,
		0,
		-0.021784,
		-0.102507,
		-0.71774,
		1
	},
	[0.833333333333] = {
		-0.876663,
		0.004891,
		0.481081,
		0,
		0.462302,
		0.285392,
		0.839541,
		0,
		-0.13319,
		0.958398,
		-0.252454,
		0,
		0.02812,
		-0.074534,
		-0.728726,
		1
	},
	[0.866666666667] = {
		-0.885638,
		0.008945,
		0.464291,
		0,
		0.44832,
		0.277108,
		0.849835,
		0,
		-0.121057,
		0.960797,
		-0.249428,
		0,
		0.0286,
		-0.073897,
		-0.730661,
		1
	},
	[0.8] = {
		-0.859278,
		-0.003101,
		0.5115,
		0,
		0.485995,
		0.306933,
		0.818291,
		0,
		-0.159534,
		0.951726,
		-0.262234,
		0,
		0.024496,
		-0.077577,
		-0.726159,
		1
	},
	[0.933333333333] = {
		-0.889369,
		0.006318,
		0.457146,
		0,
		0.441117,
		0.274651,
		0.85439,
		0,
		-0.120158,
		0.961523,
		-0.247053,
		0,
		0.029144,
		-0.073635,
		-0.732758,
		1
	},
	[0.966666666667] = {
		-0.886891,
		0.001854,
		0.461975,
		0,
		0.444243,
		0.277843,
		0.851734,
		0,
		-0.126778,
		0.960625,
		-0.24724,
		0,
		0.029291,
		-0.073876,
		-0.733293,
		1
	},
	[0.9] = {
		-0.889362,
		0.009065,
		0.457113,
		0,
		0.441848,
		0.273979,
		0.854228,
		0,
		-0.117496,
		0.961693,
		-0.247672,
		0,
		0.02893,
		-0.073619,
		-0.731946,
		1
	},
	[1.03333333333] = {
		-0.879224,
		-0.007584,
		0.476348,
		0,
		0.454469,
		0.286583,
		0.843403,
		0,
		-0.14291,
		0.958025,
		-0.248523,
		0,
		0.029596,
		-0.074759,
		-0.734337,
		1
	},
	[1.06666666667] = {
		-0.876615,
		-0.010318,
		0.481081,
		0,
		0.457897,
		0.289416,
		0.840577,
		0,
		-0.147906,
		0.957148,
		-0.248982,
		0,
		0.029854,
		-0.075263,
		-0.735205,
		1
	},
	{
		-0.883097,
		-0.00316,
		0.469179,
		0,
		0.449315,
		0.282265,
		0.84761,
		0,
		-0.135111,
		0.959331,
		-0.247847,
		0,
		0.029424,
		-0.074274,
		-0.733758,
		1
	}
}

return spline_matrices
