-- chunkname: @content/characters/player/human/first_person/animations/power_maul/heavy_attack_left.lua

local spline_matrices = {
	[0.0333333333333] = {
		-0.154982,
		0.295561,
		0.942669,
		0,
		-0.933765,
		-0.355404,
		-0.042086,
		0,
		0.322589,
		-0.886754,
		0.331066,
		0,
		0.415297,
		0.34627,
		-0.070925,
		1,
	},
	[0.0666666666667] = {
		-0.214607,
		0.081624,
		0.973284,
		0,
		-0.771864,
		-0.624779,
		-0.117798,
		0,
		0.598472,
		-0.776523,
		0.197085,
		0,
		0.378395,
		0.390046,
		-0.053234,
		1,
	},
	[0] = {
		-0.038291,
		0.134359,
		0.990193,
		0,
		-0.964302,
		-0.2648,
		-0.001359,
		0,
		0.26202,
		-0.954897,
		0.139702,
		0,
		0.440891,
		0.325812,
		-0.085381,
		1,
	},
	[0.133333333333] = {
		0.011537,
		-0.055077,
		0.998415,
		0,
		0.568939,
		-0.820744,
		-0.05185,
		0,
		0.822299,
		0.568636,
		0.021867,
		0,
		0.108852,
		0.642953,
		-0.06184,
		1,
	},
	[0.166666666667] = {
		-0.032102,
		-0.039254,
		0.998713,
		0,
		0.990389,
		-0.135744,
		0.026499,
		0,
		0.134529,
		0.989966,
		0.043234,
		0,
		-0.162132,
		0.688614,
		-0.066752,
		1,
	},
	[0.1] = {
		-0.124551,
		-0.159491,
		0.979311,
		0,
		-0.373273,
		-0.906957,
		-0.195182,
		0,
		0.919323,
		-0.38986,
		0.053429,
		0,
		0.315441,
		0.467309,
		-0.044093,
		1,
	},
	[0.233333333333] = {
		0.06658,
		0.051114,
		0.996471,
		0,
		0.7803,
		0.619749,
		-0.083927,
		0,
		-0.621851,
		0.783134,
		0.001378,
		0,
		-0.475025,
		0.299321,
		-0.104076,
		1,
	},
	[0.266666666667] = {
		-0.008882,
		0.012753,
		0.999879,
		0,
		0.52343,
		0.852046,
		-0.006218,
		0,
		-0.852022,
		0.523311,
		-0.014243,
		0,
		-0.452283,
		0.209695,
		-0.142726,
		1,
	},
	[0.2] = {
		-0.009632,
		-0.067883,
		0.997647,
		0,
		0.978342,
		0.205664,
		0.023439,
		0,
		-0.206772,
		0.976265,
		0.064432,
		0,
		-0.391971,
		0.547168,
		-0.072972,
		1,
	},
	[0.333333333333] = {
		-0.195742,
		-0.23119,
		0.953014,
		0,
		0.074479,
		0.965502,
		0.249517,
		0,
		-0.977823,
		0.11982,
		-0.171771,
		0,
		-0.403804,
		0.120198,
		-0.221196,
		1,
	},
	[0.366666666667] = {
		-0.312002,
		-0.266657,
		0.911893,
		0,
		0.029287,
		0.95665,
		0.289765,
		0,
		-0.94963,
		0.117114,
		-0.290667,
		0,
		-0.357268,
		0.097355,
		-0.263851,
		1,
	},
	[0.3] = {
		-0.105592,
		-0.122397,
		0.986848,
		0,
		0.251246,
		0.956915,
		0.145567,
		0,
		-0.962146,
		0.263312,
		-0.070291,
		0,
		-0.432203,
		0.154422,
		-0.182928,
		1,
	},
	[0.433333333333] = {
		-0.628986,
		-0.201666,
		0.750804,
		0,
		0.153103,
		0.914722,
		0.373956,
		0,
		-0.762191,
		0.350163,
		-0.544472,
		0,
		-0.227803,
		0.084322,
		-0.373184,
		1,
	},
	[0.466666666667] = {
		-0.772926,
		-0.083555,
		0.628971,
		0,
		0.266604,
		0.856769,
		0.441439,
		0,
		-0.575767,
		0.508886,
		-0.639943,
		0,
		-0.160055,
		0.092679,
		-0.432829,
		1,
	},
	[0.4] = {
		-0.46347,
		-0.261409,
		0.846676,
		0,
		0.063497,
		0.943241,
		0.325981,
		0,
		-0.883834,
		0.204844,
		-0.420566,
		0,
		-0.295856,
		0.085707,
		-0.31555,
		1,
	},
	[0.533333333333] = {
		-0.893509,
		0.226529,
		0.38772,
		0,
		0.431424,
		0.67256,
		0.601279,
		0,
		-0.124558,
		0.70452,
		-0.698668,
		0,
		-0.048247,
		0.125496,
		-0.534417,
		1,
	},
	[0.566666666667] = {
		-0.889294,
		0.341371,
		0.304337,
		0,
		0.45518,
		0.596143,
		0.661381,
		0,
		0.044348,
		0.72669,
		-0.685532,
		0,
		-0.019529,
		0.136631,
		-0.56181,
		1,
	},
	[0.5] = {
		-0.862857,
		0.072461,
		0.500228,
		0,
		0.367588,
		0.769243,
		0.522633,
		0,
		-0.346926,
		0.634835,
		-0.690382,
		0,
		-0.098104,
		0.108303,
		-0.488954,
		1,
	},
	[0.633333333333] = {
		-0.873216,
		0.439345,
		0.210877,
		0,
		0.443135,
		0.53577,
		0.718736,
		0,
		0.202792,
		0.72106,
		-0.662532,
		0,
		-0.01967,
		0.134165,
		-0.56964,
		1,
	},
	[0.666666666667] = {
		-0.865801,
		0.464969,
		0.184911,
		0,
		0.436361,
		0.520717,
		0.733787,
		0,
		0.244902,
		0.716001,
		-0.653732,
		0,
		-0.020755,
		0.13196,
		-0.570264,
		1,
	},
	[0.6] = {
		-0.881467,
		0.401086,
		0.249291,
		0,
		0.45105,
		0.558668,
		0.69602,
		0,
		0.139893,
		0.725961,
		-0.673358,
		0,
		-0.017841,
		0.136482,
		-0.567931,
		1,
	},
	[0.733333333333] = {
		-0.858556,
		0.48654,
		0.161743,
		0,
		0.4289,
		0.508674,
		0.746522,
		0,
		0.280938,
		0.710303,
		-0.645402,
		0,
		-0.021651,
		0.12962,
		-0.568848,
		1,
	},
	[0.766666666667] = {
		-0.859045,
		0.485833,
		0.161267,
		0,
		0.428279,
		0.509561,
		0.746274,
		0,
		0.28039,
		0.710151,
		-0.645808,
		0,
		-0.021711,
		0.129228,
		-0.567112,
		1,
	},
	[0.7] = {
		-0.860756,
		0.480095,
		0.169139,
		0,
		0.431546,
		0.512071,
		0.742665,
		0,
		0.269939,
		0.712245,
		-0.647951,
		0,
		-0.021363,
		0.130307,
		-0.569949,
		1,
	},
	[0.833333333333] = {
		-0.865875,
		0.468194,
		0.176223,
		0,
		0.431551,
		0.520899,
		0.736497,
		0,
		0.253029,
		0.713763,
		-0.653083,
		0,
		-0.021255,
		0.126977,
		-0.562296,
		1,
	},
	[0.866666666667] = {
		-0.87078,
		0.453697,
		0.189477,
		0,
		0.434532,
		0.529826,
		0.728331,
		0,
		0.230052,
		0.71655,
		-0.658507,
		0,
		-0.020777,
		0.125431,
		-0.559482,
		1,
	},
	[0.8] = {
		-0.861715,
		0.479308,
		0.166465,
		0,
		0.429314,
		0.513893,
		0.742701,
		0,
		0.270438,
		0.711462,
		-0.648603,
		0,
		-0.021575,
		0.128295,
		-0.564883,
		1,
	},
	[0.933333333333] = {
		-0.880181,
		0.419601,
		0.221845,
		0,
		0.441048,
		0.550349,
		0.708938,
		0,
		0.175379,
		0.721838,
		-0.669471,
		0,
		-0.019476,
		0.122223,
		-0.553742,
		1,
	},
	[0.966666666667] = {
		-0.883775,
		0.402711,
		0.238254,
		0,
		0.443872,
		0.560441,
		0.699202,
		0,
		0.148049,
		0.723692,
		-0.674056,
		0,
		-0.01873,
		0.120738,
		-0.551131,
		1,
	},
	[0.9] = {
		-0.875734,
		0.437058,
		0.205111,
		0,
		0.437827,
		0.539893,
		0.718904,
		0,
		0.203465,
		0.719371,
		-0.664159,
		0,
		-0.020174,
		0.123811,
		-0.55658,
		1,
	},
	[1.03333333333] = {
		-0.887996,
		0.376425,
		0.264134,
		0,
		0.447642,
		0.576122,
		0.683886,
		0,
		0.105259,
		0.725526,
		-0.680098,
		0,
		-0.017436,
		0.118515,
		-0.547216,
		1,
	},
	[1.06666666667] = {
		-0.888771,
		0.370017,
		0.270505,
		0,
		0.448444,
		0.57994,
		0.680123,
		0,
		0.094781,
		0.72578,
		-0.681366,
		0,
		-0.017097,
		0.117988,
		-0.546222,
		1,
	},
	{
		-0.886371,
		0.387824,
		0.252863,
		0,
		0.446103,
		0.569325,
		0.690551,
		0,
		0.123851,
		0.724887,
		-0.677642,
		0,
		-0.018017,
		0.119466,
		-0.548904,
		1,
	},
	[1.1] = {
		-0.888869,
		0.369148,
		0.271371,
		0,
		0.44855,
		0.580458,
		0.679612,
		0,
		0.093358,
		0.725809,
		-0.681532,
		0,
		-0.01705,
		0.117917,
		-0.545996,
		1,
	},
}

return spline_matrices
