local spline_matrices = {
	[0] = {
		-0.984405,
		0.171659,
		0.038462,
		0,
		0.116033,
		0.797937,
		-0.591466,
		0,
		-0.132221,
		-0.57778,
		-0.805412,
		0,
		0.020794,
		0.036314,
		0.315063,
		1
	},
	{
		-0.911443,
		0.178565,
		0.370655,
		0,
		0.38507,
		0.052977,
		0.921366,
		0,
		0.144887,
		0.982501,
		-0.117046,
		0,
		0.024723,
		-0.100418,
		-0.785343,
		1
	},
	[0.0166666666667] = {
		-0.981427,
		0.189713,
		0.028467,
		0,
		0.136433,
		0.794575,
		-0.591639,
		0,
		-0.134861,
		-0.576766,
		-0.8057,
		0,
		0.019346,
		0.042282,
		0.344418,
		1
	},
	[0.0333333333333] = {
		-0.98052,
		0.19431,
		0.028701,
		0,
		0.139212,
		0.790573,
		-0.596334,
		0,
		-0.138564,
		-0.580722,
		-0.802223,
		0,
		0.0195,
		0.045374,
		0.386627,
		1
	},
	[0.05] = {
		-0.981085,
		0.190923,
		0.031951,
		0,
		0.131359,
		0.777853,
		-0.614565,
		0,
		-0.142187,
		-0.598743,
		-0.788219,
		0,
		0.020712,
		0.050857,
		0.431933,
		1
	},
	[0.0666666666667] = {
		-0.982474,
		0.18374,
		0.031388,
		0,
		0.118608,
		0.746128,
		-0.655152,
		0,
		-0.143797,
		-0.639947,
		-0.754845,
		0,
		0.022343,
		0.06406,
		0.470425,
		1
	},
	[0.0833333333333] = {
		-0.984471,
		0.17438,
		0.020197,
		0,
		0.105295,
		0.678641,
		-0.726883,
		0,
		-0.14046,
		-0.713469,
		-0.686464,
		0,
		0.023629,
		0.090614,
		0.492083,
		1
	},
	[0.116666666667] = {
		-0.998342,
		0.039907,
		-0.041487,
		0,
		0.046082,
		0.12212,
		-0.991445,
		0,
		-0.034499,
		-0.991713,
		-0.123757,
		0,
		0.0162,
		0.231295,
		0.433025,
		1
	},
	[0.133333333333] = {
		-0.995467,
		-0.081439,
		-0.049133,
		0,
		0.090784,
		-0.659515,
		-0.74619,
		0,
		0.028365,
		-0.747267,
		0.663918,
		0,
		0.002462,
		0.389588,
		0.241307,
		1
	},
	[0.15] = {
		-0.990138,
		-0.137898,
		0.024705,
		0,
		0.139048,
		-0.988853,
		0.053241,
		0,
		0.017087,
		0.056151,
		0.998276,
		0,
		-0.006665,
		0.492012,
		0.008614,
		1
	},
	[0.166666666667] = {
		-0.990605,
		-0.118932,
		0.067508,
		0,
		0.136665,
		-0.878894,
		0.45702,
		0,
		0.004979,
		0.461953,
		0.886891,
		0,
		-0.008216,
		0.506142,
		-0.084797,
		1
	},
	[0.183333333333] = {
		-0.996406,
		-0.05502,
		0.064409,
		0,
		0.083442,
		-0.506471,
		0.85821,
		0,
		-0.014597,
		0.8605,
		0.509241,
		0,
		-0.004494,
		0.522773,
		-0.217667,
		1
	},
	[0.1] = {
		-0.992805,
		0.119202,
		-0.011386,
		0,
		0.067674,
		0.480101,
		-0.874599,
		0,
		-0.098788,
		-0.869076,
		-0.484714,
		0,
		0.022801,
		0.146386,
		0.486604,
		1
	},
	[0.216666666667] = {
		-0.999222,
		-0.035479,
		0.017217,
		0,
		0.006545,
		0.281326,
		0.95959,
		0,
		-0.038889,
		0.958956,
		-0.280875,
		0,
		0.031508,
		0.496314,
		-0.462356,
		1
	},
	[0.233333333333] = {
		-0.998489,
		-0.043989,
		0.032923,
		0,
		0.01527,
		0.353437,
		0.935334,
		0,
		-0.052781,
		0.934423,
		-0.352231,
		0,
		0.030827,
		0.396553,
		-0.57149,
		1
	},
	[0.25] = {
		-0.997233,
		-0.048574,
		0.056276,
		0,
		0.034734,
		0.364848,
		0.930419,
		0,
		-0.065726,
		0.929799,
		-0.362152,
		0,
		0.028926,
		0.303717,
		-0.658009,
		1
	},
	[0.266666666667] = {
		-0.995308,
		-0.049044,
		0.083411,
		0,
		0.060907,
		0.352269,
		0.933915,
		0,
		-0.075186,
		0.934613,
		-0.347628,
		0,
		0.030221,
		0.220051,
		-0.723839,
		1
	},
	[0.283333333333] = {
		-0.992884,
		-0.046835,
		0.109489,
		0,
		0.086976,
		0.342816,
		0.935367,
		0,
		-0.081342,
		0.938234,
		-0.336303,
		0,
		0.033652,
		0.151124,
		-0.775574,
		1
	},
	[0.2] = {
		-0.999341,
		-0.029213,
		0.021533,
		0,
		0.020298,
		0.041946,
		0.998914,
		0,
		-0.030085,
		0.998693,
		-0.041326,
		0,
		0.001639,
		0.525697,
		-0.365458,
		1
	},
	[0.316666666667] = {
		-0.988798,
		-0.035334,
		0.145015,
		0,
		0.11751,
		0.41476,
		0.902311,
		0,
		-0.092029,
		0.909244,
		-0.405962,
		0,
		0.042655,
		0.050787,
		-0.792181,
		1
	},
	[0.333333333333] = {
		-0.986814,
		-0.028742,
		0.159286,
		0,
		0.128799,
		0.456554,
		0.880323,
		0,
		-0.098025,
		0.889231,
		-0.446832,
		0,
		0.044315,
		0.012983,
		-0.78904,
		1
	},
	[0.35] = {
		-0.984742,
		-0.022179,
		0.172604,
		0,
		0.139427,
		0.492966,
		0.858804,
		0,
		-0.104135,
		0.869766,
		-0.482352,
		0,
		0.05035,
		-0.023621,
		-0.785556,
		1
	},
	[0.366666666667] = {
		-0.982615,
		-0.015731,
		0.18499,
		0,
		0.149413,
		0.524432,
		0.83824,
		0,
		-0.110201,
		0.851307,
		-0.512964,
		0,
		0.056876,
		-0.055549,
		-0.781221,
		1
	},
	[0.383333333333] = {
		-0.980464,
		-0.009459,
		0.196469,
		0,
		0.158797,
		0.551365,
		0.819011,
		0,
		-0.116074,
		0.83421,
		-0.539092,
		0,
		0.062606,
		-0.08273,
		-0.776456,
		1
	},
	[0.3] = {
		-0.990658,
		-0.041839,
		0.129791,
		0,
		0.10557,
		0.367165,
		0.924145,
		0,
		-0.08632,
		0.929214,
		-0.359318,
		0,
		0.040445,
		0.094704,
		-0.793007,
		1
	},
	[0.416666666667] = {
		-0.976053,
		0.003842,
		0.217499,
		0,
		0.177375,
		0.592871,
		0.78552,
		0,
		-0.125931,
		0.805288,
		-0.579355,
		0,
		0.071934,
		-0.125337,
		-0.7679,
		1
	},
	[0.433333333333] = {
		-0.973787,
		0.011018,
		0.227194,
		0,
		0.186898,
		0.608052,
		0.771584,
		0,
		-0.129645,
		0.793821,
		-0.594172,
		0,
		0.074612,
		-0.141832,
		-0.763901,
		1
	},
	[0.45] = {
		-0.971505,
		0.018387,
		0.236303,
		0,
		0.196512,
		0.619891,
		0.759683,
		0,
		-0.132514,
		0.784472,
		-0.605841,
		0,
		0.076533,
		-0.15588,
		-0.760299,
		1
	},
	[0.466666666667] = {
		-0.96922,
		0.025855,
		0.244833,
		0,
		0.206191,
		0.628645,
		0.74986,
		0,
		-0.134525,
		0.777262,
		-0.614627,
		0,
		0.077674,
		-0.16776,
		-0.757144,
		1
	},
	[0.483333333333] = {
		-0.966957,
		0.03333,
		0.25275,
		0,
		0.21586,
		0.634519,
		0.742152,
		0,
		-0.135639,
		0.772188,
		-0.620748,
		0,
		0.078191,
		-0.177698,
		-0.754441,
		1
	},
	[0.4] = {
		-0.978285,
		-0.003026,
		0.207242,
		0,
		0.16799,
		0.57408,
		0.801381,
		0,
		-0.121399,
		0.818793,
		-0.561106,
		0,
		0.067518,
		-0.10585,
		-0.771887,
		1
	},
	[0.516666666667] = {
		-0.962608,
		0.047962,
		0.266618,
		0,
		0.234855,
		0.638276,
		0.733108,
		0,
		-0.135015,
		0.768312,
		-0.625674,
		0,
		0.077945,
		-0.192414,
		-0.750368,
		1
	},
	[0.533333333333] = {
		-0.960589,
		0.054927,
		0.272492,
		0,
		0.243965,
		0.636425,
		0.73174,
		0,
		-0.133229,
		0.76938,
		-0.624743,
		0,
		0.077501,
		-0.197463,
		-0.74896,
		1
	},
	[0.55] = {
		-0.958721,
		0.061675,
		0.277578,
		0,
		0.252669,
		0.632556,
		0.732142,
		0,
		-0.130428,
		0.772055,
		-0.622028,
		0,
		0.076994,
		-0.201392,
		-0.747857,
		1
	},
	[0.566666666667] = {
		-0.956975,
		0.068434,
		0.281987,
		0,
		0.261089,
		0.627124,
		0.733859,
		0,
		-0.126619,
		0.775907,
		-0.618009,
		0,
		0.0765,
		-0.204668,
		-0.74692,
		1
	},
	[0.583333333333] = {
		-0.955472,
		0.074892,
		0.285419,
		0,
		0.268803,
		0.619919,
		0.737187,
		0,
		-0.121727,
		0.781084,
		-0.612447,
		0,
		0.076069,
		-0.207247,
		-0.746218,
		1
	},
	[0.5] = {
		-0.964743,
		0.040725,
		0.260024,
		0,
		0.225444,
		0.637683,
		0.73657,
		0,
		-0.135816,
		0.769222,
		-0.624381,
		0,
		0.078193,
		-0.185803,
		-0.752195,
		1
	},
	[0.616666666667] = {
		-0.952412,
		0.087591,
		0.291956,
		0,
		0.28427,
		0.600918,
		0.747053,
		0,
		-0.110007,
		0.794497,
		-0.597221,
		0,
		0.073951,
		-0.210678,
		-0.745345,
		1
	},
	[0.633333333333] = {
		-0.950908,
		0.093722,
		0.294942,
		0,
		0.291793,
		0.589057,
		0.753571,
		0,
		-0.103112,
		0.802638,
		-0.587486,
		0,
		0.073014,
		-0.211366,
		-0.745302,
		1
	},
	[0.65] = {
		-0.949414,
		0.099692,
		0.297783,
		0,
		0.29914,
		0.57563,
		0.761029,
		0,
		-0.095544,
		0.811611,
		-0.576333,
		0,
		0.07153,
		-0.21154,
		-0.745411,
		1
	},
	[0.666666666667] = {
		-0.947925,
		0.10549,
		0.300517,
		0,
		0.306289,
		0.56064,
		0.769331,
		0,
		-0.087325,
		0.821313,
		-0.563755,
		0,
		0.069865,
		-0.211103,
		-0.745738,
		1
	},
	[0.683333333333] = {
		-0.946437,
		0.111105,
		0.303172,
		0,
		0.313208,
		0.544094,
		0.778372,
		0,
		-0.078473,
		0.831635,
		-0.54975,
		0,
		0.068001,
		-0.21005,
		-0.746286,
		1
	},
	[0.6] = {
		-0.953932,
		0.081314,
		0.288793,
		0,
		0.276601,
		0.611207,
		0.741564,
		0,
		-0.116213,
		0.787282,
		-0.605542,
		0,
		0.075277,
		-0.209226,
		-0.745703,
		1
	},
	[0.716666666667] = {
		-0.943437,
		0.121737,
		0.308395,
		0,
		0.326263,
		0.506372,
		0.79821,
		0,
		-0.058991,
		0.853679,
		-0.517448,
		0,
		0.063728,
		-0.20605,
		-0.748066,
		1
	},
	[0.733333333333] = {
		-0.941923,
		0.126715,
		0.311006,
		0,
		0.33232,
		0.485234,
		0.808772,
		0,
		-0.048427,
		0.865154,
		-0.499163,
		0,
		0.061349,
		-0.203056,
		-0.749315,
		1
	},
	[0.75] = {
		-0.940384,
		0.131457,
		0.313683,
		0,
		0.338055,
		0.462613,
		0.819578,
		0,
		-0.037375,
		0.87676,
		-0.479473,
		0,
		0.05881,
		-0.199353,
		-0.75081,
		1
	},
	[0.766666666667] = {
		-0.938768,
		0.135994,
		0.316574,
		0,
		0.343575,
		0.438517,
		0.830457,
		0,
		-0.025886,
		0.888374,
		-0.45839,
		0,
		0.056082,
		-0.194922,
		-0.752545,
		1
	},
	[0.783333333333] = {
		-0.937226,
		0.14015,
		0.319321,
		0,
		0.348442,
		0.413101,
		0.841389,
		0,
		-0.013991,
		0.899836,
		-0.436003,
		0,
		0.053304,
		-0.189736,
		-0.75453,
		1
	},
	[0.7] = {
		-0.944943,
		0.116524,
		0.305784,
		0,
		0.319873,
		0.525998,
		0.78804,
		0,
		-0.069016,
		0.842466,
		-0.534311,
		0,
		0.065953,
		-0.208382,
		-0.747057,
		1
	},
	[0.816666666667] = {
		-0.933924,
		0.147663,
		0.325547,
		0,
		0.35731,
		0.358287,
		0.862531,
		0,
		0.010725,
		0.92186,
		-0.387375,
		0,
		0.047303,
		-0.176953,
		-0.759174,
		1
	},
	[0.833333333333] = {
		-0.932204,
		0.15093,
		0.32896,
		0,
		0.361173,
		0.329083,
		0.872501,
		0,
		0.023431,
		0.932161,
		-0.361284,
		0,
		0.044158,
		-0.16928,
		-0.761807,
		1
	},
	[0.85] = {
		-0.930436,
		0.15397,
		0.33254,
		0,
		0.364656,
		0.299208,
		0.88176,
		0,
		0.036266,
		0.941684,
		-0.334539,
		0,
		0.040937,
		-0.161073,
		-0.764534,
		1
	},
	[0.866666666667] = {
		-0.928612,
		0.156913,
		0.336242,
		0,
		0.367785,
		0.269233,
		0.890083,
		0,
		0.049138,
		0.950206,
		-0.307723,
		0,
		0.037674,
		-0.152682,
		-0.767261,
		1
	},
	[0.883333333333] = {
		-0.926735,
		0.15977,
		0.340054,
		0,
		0.37057,
		0.239398,
		0.897422,
		0,
		0.061973,
		0.957686,
		-0.281064,
		0,
		0.034385,
		-0.144191,
		-0.76995,
		1
	},
	[0.8] = {
		-0.935596,
		0.144064,
		0.322344,
		0,
		0.353069,
		0.386321,
		0.852114,
		0,
		-0.001769,
		0.911044,
		-0.412305,
		0,
		0.05036,
		-0.183754,
		-0.756744,
		1
	},
	[0.916666666667] = {
		-0.922782,
		0.165276,
		0.348076,
		0,
		0.375315,
		0.181001,
		0.909053,
		0,
		0.087242,
		0.969496,
		-0.229055,
		0,
		0.028276,
		-0.130503,
		-0.77114,
		1
	},
	[0.933333333333] = {
		-0.920699,
		0.167958,
		0.352282,
		0,
		0.377367,
		0.152921,
		0.913351,
		0,
		0.099533,
		0.973861,
		-0.204176,
		0,
		0.026929,
		-0.123593,
		-0.773689,
		1
	},
	[0.95] = {
		-0.918529,
		0.170608,
		0.356647,
		0,
		0.379302,
		0.125852,
		0.916674,
		0,
		0.111507,
		0.977269,
		-0.180311,
		0,
		0.027582,
		-0.11731,
		-0.77945,
		1
	},
	[0.966666666667] = {
		-0.916269,
		0.173246,
		0.36116,
		0,
		0.381179,
		0.100028,
		0.919074,
		0,
		0.123099,
		0.979786,
		-0.157691,
		0,
		0.026637,
		-0.111265,
		-0.781648,
		1
	},
	[0.983333333333] = {
		-0.91391,
		0.175889,
		0.365829,
		0,
		0.383075,
		0.07567,
		0.920613,
		0,
		0.134244,
		0.981497,
		-0.136535,
		0,
		0.025671,
		-0.105602,
		-0.783616,
		1
	},
	[0.9] = {
		-0.924793,
		0.162554,
		0.343997,
		0,
		0.373066,
		0.20991,
		0.903748,
		0,
		0.074699,
		0.964113,
		-0.254766,
		0,
		0.031117,
		-0.13564,
		-0.772582,
		1
	},
	[1.01666666667] = {
		-0.908859,
		0.181296,
		0.375643,
		0,
		0.387246,
		0.032147,
		0.921416,
		0,
		0.154973,
		0.982903,
		-0.099423,
		0,
		0.023823,
		-0.095818,
		-0.786805,
		1
	},
	[1.03333333333] = {
		-0.906143,
		0.184109,
		0.380801,
		0,
		0.389696,
		0.013372,
		0.920846,
		0,
		0.164444,
		0.982815,
		-0.083864,
		0,
		0.022988,
		-0.091915,
		-0.787977,
		1
	},
	[1.05] = {
		-0.903286,
		0.187035,
		0.386126,
		0,
		0.392505,
		-0.003171,
		0.919745,
		0,
		0.173249,
		0.982348,
		-0.070548,
		0,
		0.022234,
		-0.088821,
		-0.78883,
		1
	},
	[1.06666666667] = {
		-0.900273,
		0.190107,
		0.391622,
		0,
		0.395762,
		-0.017302,
		0.91819,
		0,
		0.18133,
		0.981611,
		-0.059661,
		0,
		0.02157,
		-0.086645,
		-0.789336,
		1
	},
	[1.08333333333] = {
		-0.897092,
		0.193363,
		0.397287,
		0,
		0.399555,
		-0.028851,
		0.916255,
		0,
		0.188632,
		0.980703,
		-0.051377,
		0,
		0.021003,
		-0.08549,
		-0.789464,
		1
	}
}

return spline_matrices
