-- chunkname: @content/characters/player/human/first_person/animations/power_maul/heavy_attack_down_right.lua

local spline_matrices = {
	[0.0333333333333] = {
		-0.863755,
		0.144034,
		-0.482888,
		0,
		0.46744,
		-0.128916,
		-0.874575,
		0,
		-0.18822,
		-0.98114,
		0.044025,
		0,
		-0.062436,
		0.128126,
		0.259267,
		1
	},
	[0.0666666666667] = {
		-0.909876,
		0.113822,
		-0.398962,
		0,
		0.371639,
		-0.20385,
		-0.90572,
		0,
		-0.184419,
		-0.972363,
		0.143177,
		0,
		-0.063941,
		0.137375,
		0.258397,
		1
	},
	[0] = {
		-0.810384,
		0.181375,
		-0.557118,
		0,
		0.556184,
		-0.060828,
		-0.82883,
		0,
		-0.184218,
		-0.981531,
		-0.051584,
		0,
		-0.06327,
		0.121783,
		0.259302,
		1
	},
	[0.133333333333] = {
		-0.825586,
		-0.078824,
		-0.558744,
		0,
		0.544143,
		-0.373358,
		-0.75134,
		0,
		-0.149388,
		-0.924333,
		0.35113,
		0,
		-0.062213,
		0.198958,
		0.239306,
		1
	},
	[0.166666666667] = {
		-0.711309,
		-0.241425,
		-0.660117,
		0,
		0.668658,
		-0.521902,
		-0.529636,
		0,
		-0.216649,
		-0.818127,
		0.532664,
		0,
		-0.053058,
		0.302312,
		0.201682,
		1
	},
	[0.1] = {
		-0.918603,
		0.060661,
		-0.390499,
		0,
		0.355513,
		-0.30465,
		-0.883628,
		0,
		-0.172568,
		-0.950531,
		0.258287,
		0,
		-0.060643,
		0.154208,
		0.252739,
		1
	},
	[0.233333333333] = {
		-0.955011,
		-0.124788,
		-0.269039,
		0,
		-0.009995,
		-0.893108,
		0.449731,
		0,
		-0.296402,
		0.432187,
		0.851681,
		0,
		0.037271,
		0.657745,
		-0.085674,
		1
	},
	[0.266666666667] = {
		-0.950559,
		-0.033535,
		-0.308728,
		0,
		-0.301501,
		-0.138512,
		0.943351,
		0,
		-0.074397,
		0.989793,
		0.121553,
		0,
		0.156912,
		0.551776,
		-0.348436,
		1
	},
	[0.2] = {
		-0.836342,
		-0.303179,
		-0.456744,
		0,
		0.40427,
		-0.903812,
		-0.140321,
		0,
		-0.370268,
		-0.302004,
		0.878462,
		0,
		-0.018941,
		0.509852,
		0.077435,
		1
	},
	[0.333333333333] = {
		-0.041329,
		0.798524,
		0.600542,
		0,
		0.937529,
		-0.176814,
		0.299626,
		0,
		0.345443,
		0.575409,
		-0.741332,
		0,
		0.113829,
		0.285725,
		-0.535052,
		1
	},
	[0.366666666667] = {
		-0.901246,
		0.433306,
		0.001332,
		0,
		0.241745,
		0.500258,
		0.831445,
		0,
		0.359604,
		0.749659,
		-0.555605,
		0,
		0.164828,
		0.208397,
		-0.595359,
		1
	},
	[0.3] = {
		-0.312963,
		0.734794,
		0.601775,
		0,
		0.850142,
		-0.065764,
		0.522431,
		0,
		0.423454,
		0.675095,
		-0.604097,
		0,
		0.101119,
		0.418145,
		-0.450425,
		1
	},
	[0.433333333333] = {
		-0.90038,
		0.434935,
		0.012128,
		0,
		0.24751,
		0.48906,
		0.836397,
		0,
		0.357847,
		0.756077,
		-0.54799,
		0,
		0.161794,
		0.215736,
		-0.593574,
		1
	},
	[0.466666666667] = {
		-0.899439,
		0.436719,
		0.01693,
		0,
		0.252173,
		0.48694,
		0.83624,
		0,
		0.356958,
		0.756417,
		-0.548102,
		0,
		0.159616,
		0.21656,
		-0.593863,
		1
	},
	[0.4] = {
		-0.90101,
		0.433747,
		0.006597,
		0,
		0.243789,
		0.493719,
		0.83475,
		0,
		0.358814,
		0.753727,
		-0.550589,
		0,
		0.163665,
		0.212888,
		-0.594089,
		1
	},
	[0.533333333333] = {
		-0.896998,
		0.441513,
		0.021453,
		0,
		0.261046,
		0.489937,
		0.831755,
		0,
		0.35672,
		0.751683,
		-0.554728,
		0,
		0.156229,
		0.21264,
		-0.596176,
		1
	},
	[0.566666666667] = {
		-0.895717,
		0.444147,
		0.020594,
		0,
		0.263626,
		0.493219,
		0.828997,
		0,
		0.358039,
		0.747977,
		-0.558873,
		0,
		0.155968,
		0.209308,
		-0.597422,
		1
	},
	[0.5] = {
		-0.898277,
		0.438972,
		0.020049,
		0,
		0.256957,
		0.487708,
		0.834335,
		0,
		0.356472,
		0.754615,
		-0.550894,
		0,
		0.157603,
		0.215174,
		-0.594904,
		1
	},
	[0.633333333333] = {
		-0.893694,
		0.448418,
		0.015217,
		0,
		0.266141,
		0.502503,
		0.822593,
		0,
		0.361219,
		0.739197,
		-0.568427,
		0,
		0.156703,
		0.201001,
		-0.600077,
		1
	},
	[0.666666666667] = {
		-0.893215,
		0.44947,
		0.011959,
		0,
		0.266733,
		0.508282,
		0.818842,
		0,
		0.361967,
		0.734592,
		-0.573894,
		0,
		0.156876,
		0.196396,
		-0.601555,
		1
	},
	[0.6] = {
		-0.89457,
		0.446561,
		0.018128,
		0,
		0.265056,
		0.497441,
		0.826013,
		0,
		0.359848,
		0.743731,
		-0.56336,
		0,
		0.156386,
		0.205364,
		-0.59868,
		1
	},
	[0.733333333333] = {
		-0.893429,
		0.449177,
		0.00488,
		0,
		0.266469,
		0.521207,
		0.810763,
		0,
		0.361633,
		0.72566,
		-0.585354,
		0,
		0.156799,
		0.186998,
		-0.604562,
		1
	},
	[0.766666666667] = {
		-0.893797,
		0.448469,
		0.001325,
		0,
		0.266014,
		0.527782,
		0.806649,
		0,
		0.361058,
		0.721334,
		-0.591029,
		0,
		0.156666,
		0.18237,
		-0.606009,
		1
	},
	[0.7] = {
		-0.893206,
		0.449568,
		0.008465,
		0,
		0.266745,
		0.514627,
		0.814866,
		0,
		0.361981,
		0.730101,
		-0.579588,
		0,
		0.156879,
		0.19171,
		-0.603064,
		1
	},
	[0.833333333333] = {
		-0.894782,
		0.446472,
		-0.005252,
		0,
		0.264792,
		0.540073,
		0.798878,
		0,
		0.359514,
		0.713431,
		-0.60147,
		0,
		0.156309,
		0.173858,
		-0.608597,
		1
	},
	[0.866666666667] = {
		-0.895307,
		0.445377,
		-0.008062,
		0,
		0.264138,
		0.545377,
		0.795484,
		0,
		0.358687,
		0.710073,
		-0.605921,
		0,
		0.156118,
		0.170226,
		-0.609672,
		1
	},
	[0.8] = {
		-0.894264,
		0.447536,
		-0.002089,
		0,
		0.265436,
		0.534139,
		0.802645,
		0,
		0.360328,
		0.717222,
		-0.596454,
		0,
		0.156497,
		0.177947,
		-0.607365,
		1
	},
	[0.9] = {
		-0.895793,
		0.444349,
		-0.010417,
		0,
		0.263531,
		0.549852,
		0.7926,
		0,
		0.357919,
		0.70726,
		-0.609653,
		0,
		0.15594,
		0.16718,
		-0.610559,
		1
	}
}

return spline_matrices
