-- chunkname: @content/characters/player/human/first_person/animations/power_maul/heavy_attack_down_left.lua

local spline_matrices = {
	[0.0333333333333] = {
		-0.849665,
		0.14314,
		-0.507523,
		0,
		0.491837,
		-0.131975,
		-0.860627,
		0,
		-0.190171,
		-0.980864,
		0.041733,
		0,
		0.112916,
		0.132799,
		0.28302,
		1
	},
	[0.0666666666667] = {
		-0.88476,
		0.107511,
		-0.453476,
		0,
		0.425743,
		-0.209366,
		-0.880289,
		0,
		-0.189583,
		-0.971909,
		0.139466,
		0,
		0.129839,
		0.148772,
		0.273877,
		1
	},
	[0] = {
		-0.812454,
		0.18098,
		-0.554224,
		0,
		0.553457,
		-0.059473,
		-0.830752,
		0,
		-0.183311,
		-0.981687,
		-0.051846,
		0,
		0.100401,
		0.124691,
		0.287578,
		1
	},
	[0.133333333333] = {
		-0.956006,
		-0.032773,
		-0.29151,
		0,
		0.284734,
		-0.342702,
		-0.895255,
		0,
		-0.070561,
		-0.938872,
		0.336957,
		0,
		0.117067,
		0.23054,
		0.253806,
		1
	},
	[0.166666666667] = {
		-0.971962,
		-0.14814,
		-0.182602,
		0,
		0.233764,
		-0.525009,
		-0.818364,
		0,
		0.025365,
		-0.838105,
		0.544919,
		0,
		0.094381,
		0.331584,
		0.229282,
		1
	},
	[0.1] = {
		-0.920181,
		0.05098,
		-0.388161,
		0,
		0.356596,
		-0.300058,
		-0.884762,
		0,
		-0.161576,
		-0.952558,
		0.257928,
		0,
		0.133281,
		0.180234,
		0.261874,
		1
	},
	[0.233333333333] = {
		-0.955549,
		-0.139771,
		0.259597,
		0,
		0.286393,
		-0.649196,
		0.704644,
		0,
		0.07004,
		0.747668,
		0.660368,
		0,
		0.024158,
		0.634164,
		-0.095342,
		1
	},
	[0.266666666667] = {
		-0.902915,
		-0.076048,
		0.423038,
		0,
		0.426721,
		-0.040646,
		0.90347,
		0,
		-0.051512,
		0.996275,
		0.069151,
		0,
		-0.073584,
		0.541768,
		-0.337884,
		1
	},
	[0.2] = {
		-0.971016,
		-0.234264,
		0.047411,
		0,
		0.228258,
		-0.967728,
		-0.106776,
		0,
		0.070895,
		-0.092859,
		0.993152,
		0,
		0.068427,
		0.525607,
		0.074376,
		1
	},
	[0.333333333333] = {
		-0.921036,
		-0.064958,
		0.384022,
		0,
		0.331796,
		0.385505,
		0.860986,
		0,
		-0.203971,
		0.920416,
		-0.333511,
		0,
		-0.08669,
		0.481941,
		-0.4106,
		1
	},
	[0.366666666667] = {
		-0.935153,
		-0.081299,
		0.344789,
		0,
		0.250783,
		0.535487,
		0.80645,
		0,
		-0.250193,
		0.840622,
		-0.480373,
		0,
		-0.08121,
		0.454367,
		-0.426006,
		1
	},
	[0.3] = {
		-0.902956,
		-0.049371,
		0.426888,
		0,
		0.403789,
		0.242465,
		0.882137,
		0,
		-0.147057,
		0.968903,
		-0.198999,
		0,
		-0.093875,
		0.503021,
		-0.40356,
		1
	},
	[0.433333333333] = {
		-0.933062,
		-0.088615,
		0.348629,
		0,
		0.25379,
		0.524666,
		0.812598,
		0,
		-0.254922,
		0.846684,
		-0.467057,
		0,
		-0.084668,
		0.46014,
		-0.419079,
		1
	},
	[0.466666666667] = {
		-0.931435,
		-0.091919,
		0.352109,
		0,
		0.255624,
		0.523402,
		0.812839,
		0,
		-0.25901,
		0.847113,
		-0.464018,
		0,
		-0.087546,
		0.46091,
		-0.41764,
		1
	},
	[0.4] = {
		-0.93439,
		-0.084831,
		0.346004,
		0,
		0.252057,
		0.528936,
		0.810366,
		0,
		-0.251758,
		0.844411,
		-0.472851,
		0,
		-0.082396,
		0.457838,
		-0.422043,
		1
	},
	[0.533333333333] = {
		-0.928553,
		-0.095415,
		0.358727,
		0,
		0.257839,
		0.529427,
		0.808224,
		0,
		-0.267037,
		0.842973,
		-0.466999,
		0,
		-0.092996,
		0.458047,
		-0.419607,
		1
	},
	[0.566666666667] = {
		-0.927969,
		-0.095675,
		0.360166,
		0,
		0.257352,
		0.534476,
		0.80505,
		0,
		-0.269523,
		0.839751,
		-0.471355,
		0,
		-0.094509,
		0.455511,
		-0.422022,
		1
	},
	[0.5] = {
		-0.929822,
		-0.094108,
		0.355774,
		0,
		0.257118,
		0.525529,
		0.810993,
		0,
		-0.263291,
		0.845555,
		-0.464452,
		0,
		-0.090498,
		0.459943,
		-0.418076,
		1
	},
	[0.633333333333] = {
		-0.927821,
		-0.092538,
		0.361366,
		0,
		0.255937,
		0.546839,
		0.79716,
		0,
		-0.271377,
		0.832108,
		-0.483685,
		0,
		-0.095479,
		0.449043,
		-0.428683,
		1
	},
	[0.666666666667] = {
		-0.927826,
		-0.089342,
		0.362157,
		0,
		0.255983,
		0.553687,
		0.792404,
		0,
		-0.271317,
		0.827918,
		-0.490855,
		0,
		-0.095448,
		0.445329,
		-0.432547,
		1
	},
	[0.6] = {
		-0.927864,
		-0.094751,
		0.36068,
		0,
		0.256348,
		0.540377,
		0.801423,
		0,
		-0.270839,
		0.836071,
		-0.477107,
		0,
		-0.095198,
		0.452466,
		-0.425131,
		1
	},
	[0.733333333333] = {
		-0.927883,
		-0.081801,
		0.363788,
		0,
		0.256525,
		0.568013,
		0.78202,
		0,
		-0.270607,
		0.818944,
		-0.506066,
		0,
		-0.095076,
		0.437342,
		-0.440702,
		1
	},
	[0.766666666667] = {
		-0.927928,
		-0.077764,
		0.364559,
		0,
		0.256952,
		0.575075,
		0.776701,
		0,
		-0.270048,
		0.814396,
		-0.513646,
		0,
		-0.094784,
		0.433294,
		-0.444744,
		1
	},
	[0.7] = {
		-0.927848,
		-0.085712,
		0.362977,
		0,
		0.25619,
		0.560816,
		0.787307,
		0,
		-0.271045,
		0.823492,
		-0.498393,
		0,
		-0.095306,
		0.441392,
		-0.436595,
		1
	},
	[0.833333333333] = {
		-0.928029,
		-0.069935,
		0.365883,
		0,
		0.25794,
		0.588,
		0.766631,
		0,
		-0.268753,
		0.805832,
		-0.527643,
		0,
		-0.094106,
		0.425693,
		-0.452167,
		1
	},
	[0.866666666667] = {
		-0.928079,
		-0.066455,
		0.366405,
		0,
		0.258431,
		0.593482,
		0.762228,
		0,
		-0.268109,
		0.802099,
		-0.533624,
		0,
		-0.093769,
		0.422391,
		-0.455323,
		1
	},
	[0.8] = {
		-0.927978,
		-0.073757,
		0.365263,
		0,
		0.257435,
		0.581802,
		0.771514,
		0,
		-0.269415,
		0.809979,
		-0.520912,
		0,
		-0.094453,
		0.42937,
		-0.448604,
		1
	},
	[0.933333333333] = {
		-0.928159,
		-0.061153,
		0.367126,
		0,
		0.259234,
		0.601563,
		0.755593,
		0,
		-0.267055,
		0.796482,
		-0.542493,
		0,
		-0.093218,
		0.417435,
		-0.459982,
		1
	},
	[0.9] = {
		-0.928123,
		-0.063475,
		0.366821,
		0,
		0.258874,
		0.598064,
		0.758488,
		0,
		-0.267528,
		0.798931,
		-0.538645,
		0,
		-0.093465,
		0.419594,
		-0.457963,
		1
	}
}

return spline_matrices
