-- chunkname: @content/characters/player/human/first_person/animations/2h_power_sword/attack_left.lua

local spline_matrices = {
	[0.0166666666667] = {
		-0.017697,
		0.10894,
		0.993891,
		0,
		-0.889408,
		-0.455838,
		0.034127,
		0,
		0.456771,
		-0.883371,
		0.104959,
		0,
		0.35189,
		-0.068819,
		-0.224122,
		1,
	},
	[0.0333333333333] = {
		-0.039937,
		0.068794,
		0.996831,
		0,
		-0.933029,
		-0.359581,
		-0.012565,
		0,
		0.357577,
		-0.930575,
		0.078548,
		0,
		0.341314,
		-0.064739,
		-0.229434,
		1,
	},
	[0.05] = {
		-0.071216,
		0.017057,
		0.997315,
		0,
		-0.973653,
		-0.218336,
		-0.065792,
		0,
		0.216628,
		-0.975725,
		0.032157,
		0,
		0.326267,
		-0.057858,
		-0.236618,
		1,
	},
	[0.0666666666667] = {
		-0.105688,
		-0.03462,
		0.993797,
		0,
		-0.992599,
		-0.056445,
		-0.107527,
		0,
		0.059818,
		-0.997805,
		-0.028398,
		0,
		0.309008,
		-0.048276,
		-0.244101,
		1,
	},
	[0.0833333333333] = {
		-0.135836,
		-0.077217,
		0.987718,
		0,
		-0.987188,
		0.094789,
		-0.128353,
		0,
		-0.083714,
		-0.992498,
		-0.089103,
		0,
		0.291881,
		-0.036516,
		-0.250079,
		1,
	},
	[0] = {
		-0.009217,
		0.124975,
		0.992117,
		0,
		-0.869409,
		-0.491156,
		0.053793,
		0,
		0.494007,
		-0.86206,
		0.113181,
		0,
		0.355878,
		-0.070176,
		-0.22205,
		1,
	},
	[0.116666666667] = {
		-0.139965,
		-0.115077,
		0.983447,
		0,
		-0.961301,
		0.253827,
		-0.107112,
		0,
		-0.237299,
		-0.96038,
		-0.14615,
		0,
		0.262404,
		-0.008284,
		-0.244956,
		1,
	},
	[0.133333333333] = {
		-0.104233,
		-0.114857,
		0.987898,
		0,
		-0.961282,
		0.26641,
		-0.070451,
		0,
		-0.255094,
		-0.956992,
		-0.138179,
		0,
		0.246198,
		0.01024,
		-0.227766,
		1,
	},
	[0.15] = {
		-0.069164,
		-0.113532,
		0.991124,
		0,
		-0.960858,
		0.274748,
		-0.03558,
		0,
		-0.26827,
		-0.95479,
		-0.128091,
		0,
		0.232455,
		0.030996,
		-0.210583,
		1,
	},
	[0.166666666667] = {
		-0.03711,
		-0.111796,
		0.993038,
		0,
		-0.961008,
		0.276481,
		-0.004787,
		0,
		-0.274021,
		-0.954495,
		-0.117697,
		0,
		0.22599,
		0.052724,
		-0.202409,
		1,
	},
	[0.183333333333] = {
		-0.026891,
		-0.111024,
		0.993454,
		0,
		-0.972971,
		0.230925,
		-0.000529,
		0,
		-0.229355,
		-0.966616,
		-0.114233,
		0,
		0.235623,
		0.084393,
		-0.207255,
		1,
	},
	[0.1] = {
		-0.15288,
		-0.105016,
		0.982649,
		0,
		-0.970257,
		0.204801,
		-0.129065,
		0,
		-0.187694,
		-0.973154,
		-0.133202,
		0,
		0.277155,
		-0.023529,
		-0.252656,
		1,
	},
	[0.216666666667] = {
		-0.069398,
		-0.032596,
		0.997056,
		0,
		-0.997437,
		-0.015173,
		-0.069921,
		0,
		0.017408,
		-0.999353,
		-0.031459,
		0,
		0.277407,
		0.173724,
		-0.16784,
		1,
	},
	[0.233333333333] = {
		-0.108481,
		0.021086,
		0.993875,
		0,
		-0.979558,
		-0.172639,
		-0.103255,
		0,
		0.169404,
		-0.984759,
		0.039383,
		0,
		0.297504,
		0.220473,
		-0.138168,
		1,
	},
	[0.25] = {
		-0.147489,
		0.044722,
		0.988052,
		0,
		-0.928613,
		-0.350152,
		-0.122768,
		0,
		0.340478,
		-0.935625,
		0.093173,
		0,
		0.308437,
		0.270221,
		-0.118531,
		1,
	},
	[0.266666666667] = {
		-0.211779,
		-0.141981,
		0.966949,
		0,
		-0.740462,
		-0.62243,
		-0.253568,
		0,
		0.63786,
		-0.76969,
		0.026686,
		0,
		0.311254,
		0.345504,
		-0.116457,
		1,
	},
	[0.283333333333] = {
		-0.147597,
		-0.068746,
		0.986656,
		0,
		-0.37068,
		-0.921025,
		-0.119624,
		0,
		0.916958,
		-0.38339,
		0.110457,
		0,
		0.304798,
		0.425275,
		-0.104063,
		1,
	},
	[0.2] = {
		-0.039128,
		-0.086445,
		0.995488,
		0,
		-0.992049,
		0.12262,
		-0.028345,
		0,
		-0.119616,
		-0.988682,
		-0.090556,
		0,
		0.254712,
		0.128516,
		-0.194994,
		1,
	},
	[0.316666666667] = {
		-0.068082,
		-0.177452,
		0.981772,
		0,
		0.512903,
		-0.850282,
		-0.118118,
		0,
		0.855743,
		0.495511,
		0.148905,
		0,
		0.221125,
		0.678829,
		-0.09863,
		1,
	},
	[0.333333333333] = {
		-0.025167,
		-0.107593,
		0.993876,
		0,
		0.873156,
		-0.486483,
		-0.030555,
		0,
		0.486791,
		0.86704,
		0.106189,
		0,
		0.105312,
		0.732757,
		-0.077242,
		1,
	},
	[0.35] = {
		-0.015325,
		-0.099784,
		0.994891,
		0,
		0.998511,
		-0.053634,
		0.010002,
		0,
		0.052362,
		0.993563,
		0.100458,
		0,
		-0.032621,
		0.743147,
		-0.070296,
		1,
	},
	[0.366666666667] = {
		-0.071056,
		-0.130833,
		0.988855,
		0,
		0.979963,
		0.175778,
		0.093674,
		0,
		-0.186075,
		0.975697,
		0.115722,
		0,
		-0.163769,
		0.723012,
		-0.082893,
		1,
	},
	[0.383333333333] = {
		-0.125952,
		-0.200382,
		0.971588,
		0,
		0.891126,
		0.407513,
		0.199567,
		0,
		-0.435924,
		0.890944,
		0.127238,
		0,
		-0.30614,
		0.669142,
		-0.115038,
		1,
	},
	[0.3] = {
		-0.120896,
		-0.313987,
		0.941699,
		0,
		0.089599,
		-0.948236,
		-0.304664,
		0,
		0.988613,
		0.047542,
		0.14277,
		0,
		0.272691,
		0.557991,
		-0.102085,
		1,
	},
	[0.416666666667] = {
		-0.105133,
		-0.188084,
		0.97651,
		0,
		0.696482,
		0.686978,
		0.207302,
		0,
		-0.709831,
		0.701916,
		0.058774,
		0,
		-0.485345,
		0.483871,
		-0.176502,
		1,
	},
	[0.433333333333] = {
		-0.11275,
		-0.156841,
		0.981167,
		0,
		0.563953,
		0.802901,
		0.193151,
		0,
		-0.818074,
		0.57511,
		-0.002076,
		0,
		-0.550173,
		0.401761,
		-0.223412,
		1,
	},
	[0.45] = {
		-0.137922,
		-0.118703,
		0.983304,
		0,
		0.401632,
		0.900801,
		0.165077,
		0,
		-0.905356,
		0.417694,
		-0.076565,
		0,
		-0.622814,
		0.322547,
		-0.275049,
		1,
	},
	[0.466666666667] = {
		-0.166924,
		-0.080774,
		0.982655,
		0,
		0.255561,
		0.959033,
		0.122245,
		0,
		-0.952274,
		0.271534,
		-0.139443,
		0,
		-0.68262,
		0.250321,
		-0.320849,
		1,
	},
	[0.483333333333] = {
		-0.17963,
		-0.055782,
		0.982151,
		0,
		0.173269,
		0.980988,
		0.087406,
		0,
		-0.968355,
		0.185877,
		-0.16655,
		0,
		-0.709197,
		0.188437,
		-0.35067,
		1,
	},
	[0.4] = {
		-0.207283,
		-0.274302,
		0.939038,
		0,
		0.769038,
		0.547601,
		0.329717,
		0,
		-0.60466,
		0.790501,
		0.09744,
		0,
		-0.43078,
		0.596366,
		-0.14408,
		1,
	},
	[0.516666666667] = {
		-0.165279,
		-0.059059,
		0.984477,
		0,
		0.108418,
		0.991068,
		0.077657,
		0,
		-0.980269,
		0.11957,
		-0.1574,
		0,
		-0.686624,
		0.063652,
		-0.3852,
		1,
	},
	[0.533333333333] = {
		-0.151817,
		-0.071013,
		0.985854,
		0,
		0.08357,
		0.992922,
		0.084392,
		0,
		-0.984869,
		0.0952,
		-0.144808,
		0,
		-0.658215,
		-0.005276,
		-0.400314,
		1,
	},
	[0.55] = {
		-0.135333,
		-0.085803,
		0.987078,
		0,
		0.063918,
		0.993412,
		0.095117,
		0,
		-0.988736,
		0.075965,
		-0.128957,
		0,
		-0.622243,
		-0.075355,
		-0.41404,
		1,
	},
	[0.566666666667] = {
		-0.117041,
		-0.102274,
		0.987847,
		0,
		0.049163,
		0.992867,
		0.108618,
		0,
		-0.991909,
		0.061278,
		-0.111178,
		0,
		-0.581582,
		-0.144119,
		-0.426367,
		1,
	},
	[0.583333333333] = {
		-0.098167,
		-0.119267,
		0.987997,
		0,
		0.038873,
		0.991575,
		0.123561,
		0,
		-0.99441,
		0.050536,
		-0.092704,
		0,
		-0.539113,
		-0.209081,
		-0.437231,
		1,
	},
	[0.5] = {
		-0.174511,
		-0.051081,
		0.983329,
		0,
		0.138695,
		0.987422,
		0.075908,
		0,
		-0.974838,
		0.149629,
		-0.165231,
		0,
		-0.70459,
		0.129005,
		-0.36867,
		1,
	},
	[0.616666666667] = {
		-0.063613,
		-0.150237,
		0.986601,
		0,
		0.029137,
		0.987903,
		0.152314,
		0,
		-0.997549,
		0.038436,
		-0.058466,
		0,
		-0.460388,
		-0.317654,
		-0.454063,
		1,
	},
	[0.633333333333] = {
		-0.050396,
		-0.161968,
		0.985508,
		0,
		0.028014,
		0.986145,
		0.163505,
		0,
		-0.998336,
		0.035848,
		-0.045161,
		0,
		-0.430024,
		-0.356333,
		-0.459671,
		1,
	},
	[0.65] = {
		-0.041451,
		-0.169792,
		0.984608,
		0,
		0.027639,
		0.984883,
		0.171003,
		0,
		-0.998758,
		0.034302,
		-0.036131,
		0,
		-0.409454,
		-0.381513,
		-0.463148,
		1,
	},
	[0.666666666667] = {
		-0.037723,
		-0.172672,
		0.984257,
		0,
		0.026631,
		0.984434,
		0.173724,
		0,
		-0.998933,
		0.032765,
		-0.032538,
		0,
		-0.401598,
		-0.39091,
		-0.46423,
		1,
	},
	[0.683333333333] = {
		-0.03695,
		-0.172716,
		0.984278,
		0,
		0.024693,
		0.984492,
		0.173681,
		0,
		-0.999012,
		0.030722,
		-0.032112,
		0,
		-0.400997,
		-0.391746,
		-0.464046,
		1,
	},
	[0.6] = {
		-0.079946,
		-0.135632,
		0.987529,
		0,
		0.032454,
		0.98982,
		0.138574,
		0,
		-0.996271,
		0.043128,
		-0.07473,
		0,
		-0.497738,
		-0.267751,
		-0.446517,
		1,
	},
	[0.716666666667] = {
		-0.035715,
		-0.172756,
		0.984317,
		0,
		0.01925,
		0.984644,
		0.173512,
		0,
		-0.999177,
		0.025145,
		-0.031841,
		0,
		-0.398933,
		-0.394053,
		-0.463871,
		1,
	},
	[0.733333333333] = {
		-0.0352,
		-0.172721,
		0.984342,
		0,
		0.016055,
		0.984727,
		0.173363,
		0,
		-0.999251,
		0.021906,
		-0.031889,
		0,
		-0.397635,
		-0.395413,
		-0.463828,
		1,
	},
	[0.75] = {
		-0.034718,
		-0.172629,
		0.984375,
		0,
		0.012752,
		0.984812,
		0.173155,
		0,
		-0.999316,
		0.018565,
		-0.031989,
		0,
		-0.396269,
		-0.396836,
		-0.463782,
		1,
	},
	[0.766666666667] = {
		-0.034523,
		-0.172463,
		0.984411,
		0,
		0.009456,
		0.984898,
		0.17288,
		0,
		-0.999359,
		0.015277,
		-0.03237,
		0,
		-0.39479,
		-0.398266,
		-0.463818,
		1,
	},
	[0.783333333333] = {
		-0.03483,
		-0.17221,
		0.984444,
		0,
		0.006286,
		0.984985,
		0.172527,
		0,
		-0.999373,
		0.012197,
		-0.033224,
		0,
		-0.393171,
		-0.399644,
		-0.464007,
		1,
	},
	[0.7] = {
		-0.03629,
		-0.172749,
		0.984297,
		0,
		0.022181,
		0.984564,
		0.173614,
		0,
		-0.999095,
		0.028133,
		-0.031898,
		0,
		-0.400081,
		-0.392812,
		-0.463935,
		1,
	},
	[0.816666666667] = {
		-0.036366,
		-0.171463,
		0.984519,
		0,
		-0.000666,
		0.985175,
		0.171553,
		0,
		-0.999338,
		0.005583,
		-0.035941,
		0,
		-0.389272,
		-0.402683,
		-0.464668,
		1,
	},
	[0.833333333333] = {
		-0.037345,
		-0.170805,
		0.984597,
		0,
		-0.004648,
		0.985303,
		0.170751,
		0,
		-0.999292,
		0.0018,
		-0.03759,
		0,
		-0.38699,
		-0.404517,
		-0.46498,
		1,
	},
	[0.85] = {
		-0.038334,
		-0.169772,
		0.984738,
		0,
		-0.008853,
		0.985481,
		0.169555,
		0,
		-0.999226,
		-0.002218,
		-0.03928,
		0,
		-0.384592,
		-0.406609,
		-0.465145,
		1,
	},
	[0.866666666667] = {
		-0.039233,
		-0.168419,
		0.984934,
		0,
		-0.013194,
		0.985695,
		0.168024,
		0,
		-0.999143,
		-0.006403,
		-0.040894,
		0,
		-0.382154,
		-0.408906,
		-0.465141,
		1,
	},
	[0.883333333333] = {
		-0.039946,
		-0.166803,
		0.985181,
		0,
		-0.017585,
		0.985932,
		0.166217,
		0,
		-0.999047,
		-0.010685,
		-0.042318,
		0,
		-0.379758,
		-0.411351,
		-0.464947,
		1,
	},
	[0.8] = {
		-0.035495,
		-0.171874,
		0.984479,
		0,
		0.003007,
		0.985077,
		0.172086,
		0,
		-0.999365,
		0.009069,
		-0.034448,
		0,
		-0.391358,
		-0.401076,
		-0.464305,
		1,
	},
	[0.916666666667] = {
		-0.040643,
		-0.163005,
		0.985788,
		0,
		-0.026204,
		0.986438,
		0.162032,
		0,
		-0.99883,
		-0.019246,
		-0.044363,
		0,
		-0.375306,
		-0.416468,
		-0.464007,
		1,
	},
	[0.933333333333] = {
		-0.040935,
		-0.160935,
		0.986116,
		0,
		-0.030332,
		0.986688,
		0.159769,
		0,
		-0.998701,
		-0.023371,
		-0.045272,
		0,
		-0.373179,
		-0.419026,
		-0.463419,
		1,
	},
	[0.95] = {
		-0.041242,
		-0.158827,
		0.986445,
		0,
		-0.034251,
		0.986929,
		0.157473,
		0,
		-0.998562,
		-0.027293,
		-0.046143,
		0,
		-0.371141,
		-0.421512,
		-0.4628,
		1,
	},
	[0.966666666667] = {
		-0.041557,
		-0.156738,
		0.986766,
		0,
		-0.037888,
		0.987156,
		0.155204,
		0,
		-0.998417,
		-0.030937,
		-0.046962,
		0,
		-0.369233,
		-0.423872,
		-0.46217,
		1,
	},
	[0.983333333333] = {
		-0.041872,
		-0.154724,
		0.98707,
		0,
		-0.04117,
		0.987365,
		0.153023,
		0,
		-0.998274,
		-0.03423,
		-0.047713,
		0,
		-0.367495,
		-0.426054,
		-0.461549,
		1,
	},
	[0.9] = {
		-0.040375,
		-0.16498,
		0.98547,
		0,
		-0.02194,
		0.986183,
		0.1642,
		0,
		-0.998944,
		-0.014991,
		-0.043437,
		0,
		-0.377482,
		-0.413891,
		-0.464547,
		1,
	},
	[1.01666666667] = {
		-0.042468,
		-0.151152,
		0.987598,
		0,
		-0.046374,
		0.987722,
		0.149177,
		0,
		-0.998021,
		-0.039464,
		-0.048956,
		0,
		-0.364692,
		-0.429673,
		-0.460417,
		1,
	},
	[1.03333333333] = {
		-0.042734,
		-0.149709,
		0.987806,
		0,
		-0.048152,
		0.987869,
		0.147636,
		0,
		-0.997925,
		-0.041255,
		-0.049424,
		0,
		-0.363707,
		-0.431005,
		-0.459949,
		1,
	},
	[1.05] = {
		-0.042967,
		-0.148514,
		0.987976,
		0,
		-0.049281,
		0.988001,
		0.146374,
		0,
		-0.99786,
		-0.042399,
		-0.049771,
		0,
		-0.363056,
		-0.431977,
		-0.459552,
		1,
	},
	[1.06666666667] = {
		-0.043161,
		-0.147513,
		0.988118,
		0,
		-0.049691,
		0.988132,
		0.145345,
		0,
		-0.997832,
		-0.042827,
		-0.049979,
		0,
		-0.362777,
		-0.432587,
		-0.459199,
		1,
	},
	[1.08333333333] = {
		-0.043263,
		-0.146699,
		0.988235,
		0,
		-0.049601,
		0.988256,
		0.144531,
		0,
		-0.997832,
		-0.042765,
		-0.050031,
		0,
		-0.362781,
		-0.432926,
		-0.458876,
		1,
	},
	{
		-0.042178,
		-0.152843,
		0.98735,
		0,
		-0.044023,
		0.987554,
		0.150994,
		0,
		-0.99814,
		-0.037097,
		-0.048382,
		0,
		-0.365968,
		-0.428005,
		-0.460957,
		1,
	},
	[1.11666666667] = {
		-0.042969,
		-0.145601,
		0.98841,
		0,
		-0.048962,
		0.988442,
		0.143477,
		0,
		-0.997876,
		-0.042229,
		-0.049601,
		0,
		-0.363214,
		-0.433209,
		-0.458266,
		1,
	},
	[1.13333333333] = {
		-0.042699,
		-0.145287,
		0.988468,
		0,
		-0.048585,
		0.988502,
		0.143193,
		0,
		-0.997906,
		-0.041911,
		-0.049266,
		0,
		-0.363506,
		-0.433226,
		-0.458018,
		1,
	},
	[1.15] = {
		-0.042469,
		-0.145109,
		0.988504,
		0,
		-0.048292,
		0.988538,
		0.14304,
		0,
		-0.99793,
		-0.041662,
		-0.048989,
		0,
		-0.363742,
		-0.43321,
		-0.457846,
		1,
	},
	[1.16666666667] = {
		-0.042371,
		-0.145054,
		0.988516,
		0,
		-0.048174,
		0.98855,
		0.142994,
		0,
		-0.99794,
		-0.041562,
		-0.048874,
		0,
		-0.363838,
		-0.433196,
		-0.457783,
		1,
	},
	[1.1] = {
		-0.043188,
		-0.146066,
		0.988332,
		0,
		-0.049331,
		0.98836,
		0.143915,
		0,
		-0.997848,
		-0.04254,
		-0.049891,
		0,
		-0.362945,
		-0.433121,
		-0.458562,
		1,
	},
}

return spline_matrices
