-- chunkname: @content/characters/player/human/first_person/animations/2h_power_sword/attack_left_diagonal_down.lua

local spline_matrices = {
	[0.0166666666667] = {
		-0.944532,
		0.022751,
		0.327631,
		0,
		-0.315685,
		0.21221,
		-0.92483,
		0,
		-0.090567,
		-0.976959,
		-0.193257,
		0,
		0.302093,
		-0.253393,
		-0.494884,
		1,
	},
	[0.0333333333333] = {
		-0.923371,
		0.017503,
		0.38351,
		0,
		-0.380006,
		0.100416,
		-0.919517,
		0,
		-0.054605,
		-0.994792,
		-0.08607,
		0,
		0.33324,
		-0.229666,
		-0.491039,
		1,
	},
	[0.05] = {
		-0.91051,
		0.019248,
		0.413038,
		0,
		-0.412034,
		0.041415,
		-0.910227,
		0,
		-0.034626,
		-0.998957,
		-0.029778,
		0,
		0.351738,
		-0.183105,
		-0.472222,
		1,
	},
	[0.0666666666667] = {
		-0.918316,
		0.023024,
		0.395178,
		0,
		-0.392602,
		0.074623,
		-0.916676,
		0,
		-0.050595,
		-0.996946,
		-0.059488,
		0,
		0.350329,
		-0.096165,
		-0.429725,
		1,
	},
	[0.0833333333333] = {
		-0.934135,
		0.032959,
		0.355396,
		0,
		-0.345564,
		0.16566,
		-0.923657,
		0,
		-0.089317,
		-0.985632,
		-0.143359,
		0,
		0.336032,
		0.016607,
		-0.372506,
		1,
	},
	[0] = {
		-0.9539,
		0.033003,
		0.298305,
		0,
		-0.272403,
		0.32202,
		-0.906697,
		0,
		-0.125984,
		-0.946158,
		-0.298184,
		0,
		0.270551,
		-0.276554,
		-0.498872,
		1,
	},
	[0.116666666667] = {
		-0.955234,
		0.018224,
		0.29529,
		0,
		-0.276037,
		0.304234,
		-0.911727,
		0,
		-0.106452,
		-0.952423,
		-0.285584,
		0,
		0.305552,
		0.213918,
		-0.259253,
		1,
	},
	[0.133333333333] = {
		-0.954664,
		-0.067927,
		0.289831,
		0,
		-0.297061,
		0.280363,
		-0.912771,
		0,
		-0.019257,
		-0.957488,
		-0.287831,
		0,
		0.302768,
		0.247739,
		-0.220599,
		1,
	},
	[0.15] = {
		-0.944581,
		-0.164629,
		0.284015,
		0,
		-0.312875,
		0.189551,
		-0.930688,
		0,
		0.099383,
		-0.967971,
		-0.230554,
		0,
		0.303957,
		0.264941,
		-0.184851,
		1,
	},
	[0.166666666667] = {
		-0.926962,
		-0.225025,
		0.300176,
		0,
		-0.310262,
		0.010016,
		-0.950598,
		0,
		0.210902,
		-0.974301,
		-0.079102,
		0,
		0.306758,
		0.292845,
		-0.142891,
		1,
	},
	[0.183333333333] = {
		-0.905277,
		-0.254573,
		0.340096,
		0,
		-0.295686,
		-0.197235,
		-0.934702,
		0,
		0.305029,
		-0.946726,
		0.103279,
		0,
		0.310378,
		0.331804,
		-0.10314,
		1,
	},
	[0.1] = {
		-0.948284,
		0.039636,
		0.31494,
		0,
		-0.294672,
		0.258942,
		-0.919846,
		0,
		-0.11801,
		-0.965079,
		-0.233871,
		0,
		0.318007,
		0.128894,
		-0.31193,
		1,
	},
	[0.216666666667] = {
		-0.842035,
		-0.18803,
		0.505591,
		0,
		-0.290595,
		-0.631527,
		-0.718838,
		0,
		0.454457,
		-0.752209,
		0.477127,
		0,
		0.308084,
		0.471155,
		-0.051399,
		1,
	},
	[0.233333333333] = {
		-0.693104,
		-0.092207,
		0.714916,
		0,
		-0.232504,
		-0.910181,
		-0.342802,
		0,
		0.682311,
		-0.403818,
		0.609412,
		0,
		0.292726,
		0.531594,
		-0.035651,
		1,
	},
	[0.25] = {
		-0.624096,
		-0.064346,
		0.778694,
		0,
		0.199446,
		-0.976708,
		0.079141,
		0,
		0.755464,
		0.204698,
		0.622393,
		0,
		0.262133,
		0.600062,
		-0.029038,
		1,
	},
	[0.266666666667] = {
		-0.502139,
		-0.183212,
		0.845157,
		0,
		0.560474,
		-0.81321,
		0.156711,
		0,
		0.658578,
		0.552379,
		0.51103,
		0,
		0.19261,
		0.692214,
		-0.046461,
		1,
	},
	[0.283333333333] = {
		-0.395951,
		-0.223638,
		0.890623,
		0,
		0.785495,
		-0.584849,
		0.202357,
		0,
		0.475626,
		0.779703,
		0.407238,
		0,
		0.100198,
		0.774114,
		-0.082342,
		1,
	},
	[0.2] = {
		-0.887848,
		-0.219427,
		0.404448,
		0,
		-0.305699,
		-0.375666,
		-0.874885,
		0,
		0.343911,
		-0.900404,
		0.266456,
		0,
		0.313176,
		0.399377,
		-0.074407,
		1,
	},
	[0.316666666667] = {
		-0.536733,
		-0.125925,
		0.834303,
		0,
		0.83525,
		0.060723,
		0.546507,
		0,
		-0.11948,
		0.99018,
		0.072587,
		0,
		-0.123986,
		0.755399,
		-0.192527,
		1,
	},
	[0.333333333333] = {
		-0.531138,
		-0.130908,
		0.837112,
		0,
		0.782242,
		0.303863,
		0.543842,
		0,
		-0.32556,
		0.943679,
		-0.058992,
		0,
		-0.228465,
		0.686029,
		-0.242004,
		1,
	},
	[0.35] = {
		-0.600246,
		-0.209619,
		0.771858,
		0,
		0.629481,
		0.471535,
		0.617583,
		0,
		-0.493415,
		0.856571,
		-0.151085,
		0,
		-0.30554,
		0.570771,
		-0.300431,
		1,
	},
	[0.366666666667] = {
		-0.566519,
		-0.203398,
		0.798552,
		0,
		0.538775,
		0.641818,
		0.545702,
		0,
		-0.62352,
		0.739391,
		-0.254017,
		0,
		-0.387461,
		0.44564,
		-0.34985,
		1,
	},
	[0.383333333333] = {
		-0.534821,
		-0.181581,
		0.825224,
		0,
		0.414858,
		0.794391,
		0.443662,
		0,
		-0.736111,
		0.579631,
		-0.349527,
		0,
		-0.452087,
		0.320913,
		-0.388603,
		1,
	},
	[0.3] = {
		-0.544076,
		-0.109789,
		0.831822,
		0,
		0.833608,
		-0.183319,
		0.521049,
		0,
		0.095284,
		0.976903,
		0.191261,
		0,
		-0.013787,
		0.774204,
		-0.13602,
		1,
	},
	[0.416666666667] = {
		-0.629253,
		-0.098713,
		0.770907,
		0,
		-0.026226,
		0.994033,
		0.105877,
		0,
		-0.776758,
		0.046406,
		-0.628087,
		0,
		-0.506311,
		0.06732,
		-0.430548,
		1,
	},
	[0.433333333333] = {
		-0.703337,
		-0.078637,
		0.706494,
		0,
		-0.148458,
		0.988196,
		-0.037802,
		0,
		-0.695181,
		-0.131473,
		-0.706709,
		0,
		-0.499785,
		-0.032075,
		-0.454751,
		1,
	},
	[0.45] = {
		-0.773528,
		-0.067758,
		0.63013,
		0,
		-0.136422,
		0.988762,
		-0.061146,
		0,
		-0.618905,
		-0.133262,
		-0.774079,
		0,
		-0.461044,
		-0.101119,
		-0.494039,
		1,
	},
	[0.466666666667] = {
		-0.842874,
		-0.06332,
		0.534372,
		0,
		-0.06641,
		0.997701,
		0.013472,
		0,
		-0.533997,
		-0.024132,
		-0.845142,
		0,
		-0.39806,
		-0.153427,
		-0.542124,
		1,
	},
	[0.483333333333] = {
		-0.902588,
		-0.067458,
		0.425188,
		0,
		-0.00314,
		0.988653,
		0.150188,
		0,
		-0.430495,
		0.134222,
		-0.892557,
		0,
		-0.324893,
		-0.189818,
		-0.592641,
		1,
	},
	[0.4] = {
		-0.561383,
		-0.143206,
		0.815071,
		0,
		0.200414,
		0.932069,
		0.301798,
		0,
		-0.802922,
		0.332776,
		-0.494547,
		0,
		-0.487312,
		0.193509,
		-0.41301,
		1,
	},
	[0.516666666667] = {
		-0.969769,
		-0.160398,
		0.183905,
		0,
		-0.083033,
		0.925555,
		0.369397,
		0,
		-0.229465,
		0.342959,
		-0.910892,
		0,
		-0.207184,
		-0.218509,
		-0.678427,
		1,
	},
	[0.533333333333] = {
		-0.94485,
		-0.323496,
		0.051085,
		0,
		-0.285114,
		0.889236,
		0.357729,
		0,
		-0.16115,
		0.323435,
		-0.932427,
		0,
		-0.180761,
		-0.205975,
		-0.708046,
		1,
	},
	[0.55] = {
		-0.859479,
		-0.509211,
		-0.044714,
		0,
		-0.500768,
		0.821204,
		0.273598,
		0,
		-0.1026,
		0.257543,
		-0.960804,
		0,
		-0.166788,
		-0.173276,
		-0.732161,
		1,
	},
	[0.566666666667] = {
		-0.750805,
		-0.656256,
		-0.074964,
		0,
		-0.658967,
		0.73641,
		0.153177,
		0,
		-0.045319,
		0.164404,
		-0.985351,
		0,
		-0.15957,
		-0.129466,
		-0.753238,
		1,
	},
	[0.583333333333] = {
		-0.691947,
		-0.719707,
		-0.056848,
		0,
		-0.721807,
		0.691222,
		0.034746,
		0,
		0.014288,
		0.065076,
		-0.997778,
		0,
		-0.153579,
		-0.083504,
		-0.773776,
		1,
	},
	[0.5] = {
		-0.946988,
		-0.080886,
		0.310919,
		0,
		0.012793,
		0.957525,
		0.288067,
		0,
		-0.321014,
		0.276774,
		-0.90573,
		0,
		-0.256282,
		-0.211204,
		-0.639682,
		1,
	},
	[0.616666666667] = {
		-0.683706,
		-0.728785,
		-0.037672,
		0,
		-0.725547,
		0.684392,
		-0.07204,
		0,
		0.078284,
		-0.021921,
		-0.99669,
		0,
		-0.140151,
		-0.046392,
		-0.79592,
		1,
	},
	[0.633333333333] = {
		-0.682191,
		-0.73028,
		-0.036137,
		0,
		-0.726976,
		0.682734,
		-0.073345,
		0,
		0.078235,
		-0.023764,
		-0.996652,
		0,
		-0.14013,
		-0.048286,
		-0.795811,
		1,
	},
	[0.65] = {
		-0.680562,
		-0.731877,
		-0.034523,
		0,
		-0.728488,
		0.680947,
		-0.074945,
		0,
		0.078359,
		-0.025855,
		-0.99659,
		0,
		-0.139965,
		-0.050405,
		-0.795708,
		1,
	},
	[0.666666666667] = {
		-0.678873,
		-0.733521,
		-0.032843,
		0,
		-0.730045,
		0.679088,
		-0.076644,
		0,
		0.078523,
		-0.028055,
		-0.996518,
		0,
		-0.139766,
		-0.052628,
		-0.7956,
		1,
	},
	[0.683333333333] = {
		-0.677175,
		-0.73516,
		-0.031205,
		0,
		-0.731598,
		0.67722,
		-0.078349,
		0,
		0.078731,
		-0.030227,
		-0.996438,
		0,
		-0.139529,
		-0.054828,
		-0.795492,
		1,
	},
	[0.6] = {
		-0.685054,
		-0.727443,
		-0.039098,
		0,
		-0.724238,
		0.685863,
		-0.071207,
		0,
		0.078615,
		-0.020464,
		-0.996695,
		0,
		-0.139941,
		-0.044849,
		-0.796045,
		1,
	},
	[0.716666666667] = {
		-0.673963,
		-0.738214,
		-0.028521,
		0,
		-0.734493,
		0.673712,
		-0.081437,
		0,
		0.079332,
		-0.033937,
		-0.99627,
		0,
		-0.138914,
		-0.058669,
		-0.795326,
		1,
	},
	[0.733333333333] = {
		-0.672553,
		-0.739534,
		-0.027589,
		0,
		-0.735736,
		0.672188,
		-0.082801,
		0,
		0.079779,
		-0.03539,
		-0.996184,
		0,
		-0.138497,
		-0.060212,
		-0.795284,
		1,
	},
	[0.75] = {
		-0.671345,
		-0.74066,
		-0.026815,
		0,
		-0.736779,
		0.670875,
		-0.084159,
		0,
		0.080322,
		-0.036743,
		-0.996091,
		0,
		-0.138011,
		-0.061618,
		-0.79526,
		1,
	},
	[0.766666666667] = {
		-0.670297,
		-0.741631,
		-0.026193,
		0,
		-0.737664,
		0.669732,
		-0.08551,
		0,
		0.080959,
		-0.037996,
		-0.995993,
		0,
		-0.137458,
		-0.0629,
		-0.795256,
		1,
	},
	[0.783333333333] = {
		-0.669329,
		-0.742521,
		-0.025717,
		0,
		-0.738462,
		0.668678,
		-0.086853,
		0,
		0.081687,
		-0.039142,
		-0.995889,
		0,
		-0.136835,
		-0.064074,
		-0.795269,
		1,
	},
	[0.7] = {
		-0.675521,
		-0.736741,
		-0.029721,
		0,
		-0.733097,
		0.675406,
		-0.07997,
		0,
		0.078991,
		-0.032233,
		-0.996354,
		0,
		-0.139253,
		-0.056884,
		-0.795397,
		1,
	},
	[0.816666666667] = {
		-0.66762,
		-0.744076,
		-0.025179,
		0,
		-0.739817,
		0.666827,
		-0.089518,
		0,
		0.083398,
		-0.041136,
		-0.995667,
		0,
		-0.135394,
		-0.06612,
		-0.795349,
		1,
	},
	[0.833333333333] = {
		-0.666872,
		-0.744749,
		-0.025102,
		0,
		-0.74038,
		0.666022,
		-0.090837,
		0,
		0.08437,
		-0.041992,
		-0.995549,
		0,
		-0.134585,
		-0.067,
		-0.795412,
		1,
	},
	[0.85] = {
		-0.666192,
		-0.745356,
		-0.025143,
		0,
		-0.740873,
		0.665294,
		-0.092148,
		0,
		0.08541,
		-0.042761,
		-0.995428,
		0,
		-0.133724,
		-0.067792,
		-0.79549,
		1,
	},
	[0.866666666667] = {
		-0.665575,
		-0.745902,
		-0.025294,
		0,
		-0.741299,
		0.664637,
		-0.093449,
		0,
		0.086515,
		-0.043447,
		-0.995303,
		0,
		-0.132814,
		-0.068501,
		-0.795582,
		1,
	},
	[0.883333333333] = {
		-0.665019,
		-0.74639,
		-0.025548,
		0,
		-0.741662,
		0.664049,
		-0.09474,
		0,
		0.087678,
		-0.044056,
		-0.995174,
		0,
		-0.131861,
		-0.06913,
		-0.795686,
		1,
	},
	[0.8] = {
		-0.668438,
		-0.743335,
		-0.025382,
		0,
		-0.739178,
		0.667711,
		-0.088189,
		0,
		0.082502,
		-0.040187,
		-0.99578,
		0,
		-0.136145,
		-0.065146,
		-0.795301,
		1,
	},
	[0.916666666667] = {
		-0.664073,
		-0.747204,
		-0.026313,
		0,
		-0.742216,
		0.663065,
		-0.097258,
		0,
		0.090119,
		-0.045057,
		-0.994911,
		0,
		-0.129869,
		-0.070169,
		-0.795923,
		1,
	},
	[0.933333333333] = {
		-0.66368,
		-0.747538,
		-0.026758,
		0,
		-0.742423,
		0.662662,
		-0.098429,
		0,
		0.091311,
		-0.045459,
		-0.994784,
		0,
		-0.128898,
		-0.070589,
		-0.796043,
		1,
	},
	[0.95] = {
		-0.663335,
		-0.747827,
		-0.027229,
		0,
		-0.742588,
		0.662312,
		-0.09953,
		0,
		0.092465,
		-0.045802,
		-0.994662,
		0,
		-0.12796,
		-0.070949,
		-0.796163,
		1,
	},
	[0.966666666667] = {
		-0.663036,
		-0.748074,
		-0.027716,
		0,
		-0.742716,
		0.662012,
		-0.100562,
		0,
		0.093576,
		-0.046091,
		-0.994545,
		0,
		-0.127058,
		-0.071252,
		-0.79628,
		1,
	},
	[0.983333333333] = {
		-0.662779,
		-0.748283,
		-0.028214,
		0,
		-0.742811,
		0.661759,
		-0.101523,
		0,
		0.094639,
		-0.04633,
		-0.994433,
		0,
		-0.126197,
		-0.071505,
		-0.796394,
		1,
	},
	[0.9] = {
		-0.664519,
		-0.746823,
		-0.025899,
		0,
		-0.741965,
		0.663527,
		-0.096019,
		0,
		0.088894,
		-0.044591,
		-0.995042,
		0,
		-0.130867,
		-0.069684,
		-0.795802,
		1,
	},
	[1.01666666667] = {
		-0.662379,
		-0.748599,
		-0.029212,
		0,
		-0.742915,
		0.661378,
		-0.103231,
		0,
		0.096599,
		-0.046676,
		-0.994228,
		0,
		-0.124611,
		-0.071875,
		-0.796611,
		1,
	},
	[1.03333333333] = {
		-0.662229,
		-0.748713,
		-0.029698,
		0,
		-0.742933,
		0.661241,
		-0.103977,
		0,
		0.097486,
		-0.046793,
		-0.994136,
		0,
		-0.123894,
		-0.072002,
		-0.796711,
		1,
	},
	[1.05] = {
		-0.662109,
		-0.748801,
		-0.030165,
		0,
		-0.742932,
		0.661135,
		-0.10465,
		0,
		0.098305,
		-0.046879,
		-0.994052,
		0,
		-0.123234,
		-0.072097,
		-0.796805,
		1,
	},
	[1.06666666667] = {
		-0.662014,
		-0.748866,
		-0.030607,
		0,
		-0.742917,
		0.661057,
		-0.105249,
		0,
		0.09905,
		-0.046938,
		-0.993975,
		0,
		-0.122633,
		-0.072164,
		-0.796892,
		1,
	},
	[1.08333333333] = {
		-0.661943,
		-0.748913,
		-0.031015,
		0,
		-0.742892,
		0.661002,
		-0.105774,
		0,
		0.099717,
		-0.046976,
		-0.993906,
		0,
		-0.122096,
		-0.072208,
		-0.79697,
		1,
	},
	{
		-0.662561,
		-0.748457,
		-0.028715,
		0,
		-0.742876,
		0.661549,
		-0.102413,
		0,
		0.095648,
		-0.046523,
		-0.994327,
		0,
		-0.12538,
		-0.071711,
		-0.796505,
		1,
	},
	[1.11666666667] = {
		-0.661855,
		-0.748962,
		-0.031703,
		0,
		-0.742825,
		0.660944,
		-0.106599,
		0,
		0.100793,
		-0.047003,
		-0.993797,
		0,
		-0.121231,
		-0.072245,
		-0.797099,
		1,
	},
	[1.13333333333] = {
		-0.661832,
		-0.748971,
		-0.031968,
		0,
		-0.742791,
		0.660934,
		-0.106898,
		0,
		0.101192,
		-0.047003,
		-0.993756,
		0,
		-0.12091,
		-0.072247,
		-0.797147,
		1,
	},
	[1.15] = {
		-0.661818,
		-0.748974,
		-0.03217,
		0,
		-0.742762,
		0.660931,
		-0.10712,
		0,
		0.101492,
		-0.046999,
		-0.993725,
		0,
		-0.120669,
		-0.072245,
		-0.797184,
		1,
	},
	[1.16666666667] = {
		-0.661812,
		-0.748974,
		-0.032302,
		0,
		-0.742741,
		0.660931,
		-0.107265,
		0,
		0.101689,
		-0.046997,
		-0.993706,
		0,
		-0.120512,
		-0.072243,
		-0.797208,
		1,
	},
	[1.1] = {
		-0.66189,
		-0.748943,
		-0.031383,
		0,
		-0.74286,
		0.660965,
		-0.106224,
		0,
		0.100299,
		-0.046996,
		-0.993847,
		0,
		-0.121628,
		-0.072233,
		-0.797039,
		1,
	},
}

return spline_matrices
