-- chunkname: @content/characters/player/human/first_person/animations/2h_power_sword/attack_down.lua

local spline_matrices = {
	[0.0166666666667] = {
		-0.976217,
		0.181392,
		-0.118731,
		0,
		0.144012,
		0.133207,
		-0.98057,
		0,
		-0.162052,
		-0.974347,
		-0.156161,
		0,
		-0.196049,
		-0.38407,
		0.251003,
		1,
	},
	[0.0333333333333] = {
		-0.970663,
		0.198458,
		-0.135747,
		0,
		0.17041,
		0.169527,
		-0.970681,
		0,
		-0.169627,
		-0.965337,
		-0.198373,
		0,
		-0.185221,
		-0.328492,
		0.263706,
		1,
	},
	[0.05] = {
		-0.96256,
		0.220445,
		-0.157739,
		0,
		0.205641,
		0.21473,
		-0.954779,
		0,
		-0.176605,
		-0.95147,
		-0.252023,
		0,
		-0.169461,
		-0.251121,
		0.282686,
		1,
	},
	[0.0666666666667] = {
		-0.953476,
		0.241956,
		-0.179836,
		0,
		0.241653,
		0.256757,
		-0.935778,
		0,
		-0.180243,
		-0.935699,
		-0.303281,
		0,
		-0.150662,
		-0.164353,
		0.305601,
		1,
	},
	[0.0833333333333] = {
		-0.945832,
		0.257851,
		-0.197266,
		0,
		0.269709,
		0.285849,
		-0.919536,
		0,
		-0.180715,
		-0.922932,
		-0.33991,
		0,
		-0.13075,
		-0.080954,
		0.329431,
		1,
	},
	[0] = {
		-0.978272,
		0.174541,
		-0.111894,
		0,
		0.133653,
		0.118323,
		-0.983939,
		0,
		-0.158498,
		-0.977515,
		-0.13908,
		0,
		-0.200073,
		-0.405377,
		0.246403,
		1,
	},
	[0.116666666667] = {
		-0.950522,
		0.251817,
		-0.181922,
		0,
		0.224706,
		0.152952,
		-0.962348,
		0,
		-0.214511,
		-0.955612,
		-0.201969,
		0,
		-0.085517,
		0.051293,
		0.382237,
		1,
	},
	[0.133333333333] = {
		-0.965057,
		0.223482,
		-0.136824,
		0,
		0.103551,
		-0.154401,
		-0.982567,
		0,
		-0.240712,
		-0.962401,
		0.125864,
		0,
		-0.055118,
		0.127233,
		0.419443,
		1,
	},
	[0.15] = {
		-0.976536,
		0.182718,
		-0.113985,
		0,
		0.022835,
		-0.438452,
		-0.898465,
		0,
		-0.214142,
		-0.879986,
		0.423991,
		0,
		-0.040237,
		0.194208,
		0.43887,
		1,
	},
	[0.166666666667] = {
		-0.984747,
		0.119061,
		-0.126876,
		0,
		0.024675,
		-0.626275,
		-0.779212,
		0,
		-0.172233,
		-0.770457,
		0.613785,
		0,
		-0.044692,
		0.245066,
		0.440387,
		1,
	},
	[0.183333333333] = {
		-0.987941,
		0.03812,
		-0.150062,
		0,
		0.065718,
		-0.774332,
		-0.629358,
		0,
		-0.140189,
		-0.631631,
		0.762489,
		0,
		-0.0546,
		0.291278,
		0.438589,
		1,
	},
	[0.1] = {
		-0.942618,
		0.263324,
		-0.205261,
		0,
		0.280985,
		0.293615,
		-0.913694,
		0,
		-0.18033,
		-0.91894,
		-0.350757,
		0,
		-0.111665,
		-0.013992,
		0.351298,
		1,
	},
	[0.216666666667] = {
		-0.981137,
		-0.060988,
		-0.183439,
		0,
		0.102531,
		-0.968634,
		-0.226354,
		0,
		-0.163881,
		-0.240893,
		0.956616,
		0,
		-0.071229,
		0.379293,
		0.418781,
		1,
	},
	[0.233333333333] = {
		-0.983662,
		-0.040124,
		-0.175498,
		0,
		0.036417,
		-0.999041,
		0.024289,
		0,
		-0.176305,
		0.017501,
		0.98418,
		0,
		-0.066425,
		0.421976,
		0.386929,
		1,
	},
	[0.25] = {
		-0.986906,
		0.016629,
		-0.160438,
		0,
		-0.058264,
		-0.964264,
		0.258459,
		0,
		-0.150406,
		0.264422,
		0.952606,
		0,
		-0.056125,
		0.461025,
		0.330291,
		1,
	},
	[0.266666666667] = {
		-0.984099,
		0.084921,
		-0.156006,
		0,
		-0.148257,
		-0.876426,
		0.458145,
		0,
		-0.097821,
		0.473989,
		0.87508,
		0,
		-0.044935,
		0.498315,
		0.257364,
		1,
	},
	[0.283333333333] = {
		-0.979472,
		0.121853,
		-0.160583,
		0,
		-0.197479,
		-0.73992,
		0.643055,
		0,
		-0.040461,
		0.661566,
		0.748794,
		0,
		-0.033117,
		0.53624,
		0.176687,
		1,
	},
	[0.2] = {
		-0.984564,
		-0.031524,
		-0.172163,
		0,
		0.106546,
		-0.888341,
		-0.446653,
		0,
		-0.138859,
		-0.458102,
		0.877987,
		0,
		-0.065248,
		0.335297,
		0.431957,
		1,
	},
	[0.316666666667] = {
		-0.997068,
		0.029766,
		-0.070488,
		0,
		-0.07123,
		-0.024652,
		0.997155,
		0,
		0.027944,
		0.999253,
		0.0267,
		0,
		-0.00548,
		0.614105,
		-0.100172,
		1,
	},
	[0.333333333333] = {
		-0.9947,
		0.011588,
		-0.102166,
		0,
		-0.102814,
		-0.123962,
		0.986946,
		0,
		-0.001228,
		0.992219,
		0.124496,
		0,
		0.004475,
		0.535909,
		-0.214913,
		1,
	},
	[0.35] = {
		-0.992167,
		0.013098,
		-0.12423,
		0,
		-0.12262,
		0.087787,
		0.988564,
		0,
		0.023853,
		0.996053,
		-0.085493,
		0,
		0.015742,
		0.410258,
		-0.311686,
		1,
	},
	[0.366666666667] = {
		-0.987538,
		-0.013272,
		-0.156818,
		0,
		-0.155377,
		0.24065,
		0.958095,
		0,
		0.025022,
		0.970521,
		-0.239713,
		0,
		0.03163,
		0.358103,
		-0.35196,
		1,
	},
	[0.383333333333] = {
		-0.987544,
		-0.020394,
		-0.156018,
		0,
		-0.153762,
		0.335495,
		0.929409,
		0,
		0.033389,
		0.941821,
		-0.334451,
		0,
		0.034908,
		0.297908,
		-0.369874,
		1,
	},
	[0.3] = {
		-0.983448,
		0.099715,
		-0.151284,
		0,
		-0.181032,
		-0.505849,
		0.843412,
		0,
		0.007574,
		0.856839,
		0.515528,
		0,
		-0.019581,
		0.583975,
		0.057199,
		1,
	},
	[0.416666666667] = {
		-0.996828,
		0.029467,
		-0.073932,
		0,
		-0.05501,
		0.416217,
		0.9076,
		0,
		0.057516,
		0.908788,
		-0.413275,
		0,
		0.020947,
		0.242337,
		-0.397615,
		1,
	},
	[0.433333333333] = {
		-0.997864,
		0.046701,
		-0.045684,
		0,
		-0.021176,
		0.430303,
		0.902436,
		0,
		0.061803,
		0.901476,
		-0.428395,
		0,
		0.010185,
		0.21965,
		-0.409986,
		1,
	},
	[0.45] = {
		-0.98524,
		-0.011134,
		-0.170818,
		0,
		-0.157596,
		0.448574,
		0.879741,
		0,
		0.066829,
		0.893676,
		-0.443707,
		0,
		-0.000937,
		0.190217,
		-0.425615,
		1,
	},
	[0.466666666667] = {
		-0.910364,
		-0.127643,
		-0.393629,
		0,
		-0.407029,
		0.447679,
		0.796185,
		0,
		0.074592,
		0.885037,
		-0.459506,
		0,
		-0.012912,
		0.166765,
		-0.438593,
		1,
	},
	[0.483333333333] = {
		-0.835607,
		-0.228921,
		-0.499356,
		0,
		-0.545698,
		0.450253,
		0.706743,
		0,
		0.063048,
		0.863057,
		-0.501156,
		0,
		-0.023669,
		0.139774,
		-0.451118,
		1,
	},
	[0.4] = {
		-0.992253,
		-0.003278,
		-0.124194,
		0,
		-0.115417,
		0.394249,
		0.911727,
		0,
		0.045975,
		0.918998,
		-0.391573,
		0,
		0.030569,
		0.266796,
		-0.384473,
		1,
	},
	[0.516666666667] = {
		-0.810519,
		-0.38538,
		-0.441069,
		0,
		-0.583679,
		0.468744,
		0.663022,
		0,
		-0.048767,
		0.794834,
		-0.604864,
		0,
		-0.045779,
		0.06421,
		-0.477979,
		1,
	},
	[0.533333333333] = {
		-0.79646,
		-0.463781,
		-0.38802,
		0,
		-0.593102,
		0.474123,
		0.650721,
		0,
		-0.117823,
		0.748408,
		-0.652689,
		0,
		-0.057338,
		0.020368,
		-0.49214,
		1,
	},
	[0.55] = {
		-0.778148,
		-0.532947,
		-0.332345,
		0,
		-0.600018,
		0.474377,
		0.644162,
		0,
		-0.185648,
		0.700666,
		-0.688913,
		0,
		-0.06796,
		-0.02145,
		-0.504952,
		1,
	},
	[0.566666666667] = {
		-0.757965,
		-0.587492,
		-0.283448,
		0,
		-0.604995,
		0.470706,
		0.642197,
		0,
		-0.243865,
		0.658247,
		-0.712208,
		0,
		-0.076681,
		-0.056798,
		-0.515294,
		1,
	},
	[0.583333333333] = {
		-0.741292,
		-0.623292,
		-0.248986,
		0,
		-0.607921,
		0.46629,
		0.642655,
		0,
		-0.284462,
		0.627758,
		-0.724569,
		0,
		-0.082559,
		-0.081456,
		-0.52215,
		1,
	},
	[0.5] = {
		-0.82191,
		-0.304544,
		-0.481369,
		0,
		-0.569453,
		0.45959,
		0.681543,
		0,
		0.013673,
		0.834284,
		-0.551165,
		0,
		-0.034244,
		0.105506,
		-0.463802,
		1,
	},
	[0.616666666667] = {
		-0.734016,
		-0.637341,
		-0.234556,
		0,
		-0.609192,
		0.465252,
		0.642203,
		0,
		-0.300175,
		0.614277,
		-0.729766,
		0,
		-0.084606,
		-0.091969,
		-0.524429,
		1,
	},
	[0.633333333333] = {
		-0.733713,
		-0.638124,
		-0.233374,
		0,
		-0.609433,
		0.466191,
		0.641294,
		0,
		-0.300428,
		0.612751,
		-0.730944,
		0,
		-0.084543,
		-0.093004,
		-0.524257,
		1,
	},
	[0.65] = {
		-0.73345,
		-0.638916,
		-0.232028,
		0,
		-0.609644,
		0.467329,
		0.640264,
		0,
		-0.300641,
		0.611056,
		-0.732274,
		0,
		-0.084484,
		-0.094167,
		-0.524059,
		1,
	},
	[0.666666666667] = {
		-0.733233,
		-0.639686,
		-0.230587,
		0,
		-0.609821,
		0.468602,
		0.639163,
		0,
		-0.30081,
		0.609273,
		-0.733689,
		0,
		-0.084433,
		-0.095399,
		-0.523844,
		1,
	},
	[0.683333333333] = {
		-0.733069,
		-0.640423,
		-0.229061,
		0,
		-0.609961,
		0.470006,
		0.637999,
		0,
		-0.300929,
		0.607415,
		-0.73518,
		0,
		-0.084389,
		-0.096692,
		-0.523614,
		1,
	},
	[0.6] = {
		-0.734353,
		-0.636605,
		-0.235499,
		0,
		-0.608927,
		0.464585,
		0.642938,
		0,
		-0.299888,
		0.615545,
		-0.728815,
		0,
		-0.084675,
		-0.091125,
		-0.524565,
		1,
	},
	[0.716666666667] = {
		-0.732921,
		-0.641754,
		-0.225785,
		0,
		-0.610105,
		0.473192,
		0.6355,
		0,
		-0.300995,
		0.603524,
		-0.73835,
		0,
		-0.084328,
		-0.09943,
		-0.523111,
		1,
	},
	[0.733333333333] = {
		-0.732943,
		-0.642335,
		-0.224054,
		0,
		-0.610108,
		0.474961,
		0.634177,
		0,
		-0.300938,
		0.601513,
		-0.740013,
		0,
		-0.084313,
		-0.100859,
		-0.522839,
		1,
	},
	[0.75] = {
		-0.733019,
		-0.642866,
		-0.222275,
		0,
		-0.61007,
		0.476825,
		0.632813,
		0,
		-0.300828,
		0.599467,
		-0.741716,
		0,
		-0.084305,
		-0.102319,
		-0.522557,
		1,
	},
	[0.766666666667] = {
		-0.733145,
		-0.643348,
		-0.220457,
		0,
		-0.609997,
		0.478772,
		0.631412,
		0,
		-0.300668,
		0.597395,
		-0.74345,
		0,
		-0.084304,
		-0.103804,
		-0.522264,
		1,
	},
	[0.783333333333] = {
		-0.733317,
		-0.643782,
		-0.218611,
		0,
		-0.609891,
		0.480789,
		0.62998,
		0,
		-0.300464,
		0.595304,
		-0.745208,
		0,
		-0.084308,
		-0.105307,
		-0.521963,
		1,
	},
	[0.7] = {
		-0.732963,
		-0.641116,
		-0.227457,
		0,
		-0.610057,
		0.471537,
		0.636776,
		0,
		-0.300993,
		0.605494,
		-0.736736,
		0,
		-0.084353,
		-0.098039,
		-0.523369,
		1,
	},
	[0.816666666667] = {
		-0.733779,
		-0.644514,
		-0.214872,
		0,
		-0.609597,
		0.484978,
		0.627047,
		0,
		-0.299932,
		0.591099,
		-0.748761,
		0,
		-0.08433,
		-0.108338,
		-0.521338,
		1,
	},
	[0.833333333333] = {
		-0.734061,
		-0.644815,
		-0.212999,
		0,
		-0.609416,
		0.487124,
		0.625558,
		0,
		-0.299612,
		0.589002,
		-0.750539,
		0,
		-0.084346,
		-0.109853,
		-0.521019,
		1,
	},
	[0.85] = {
		-0.734369,
		-0.645076,
		-0.211136,
		0,
		-0.609216,
		0.489288,
		0.624062,
		0,
		-0.299261,
		0.586919,
		-0.752309,
		0,
		-0.084363,
		-0.111358,
		-0.520696,
		1,
	},
	[0.866666666667] = {
		-0.734701,
		-0.645299,
		-0.209293,
		0,
		-0.609002,
		0.491455,
		0.622566,
		0,
		-0.298883,
		0.58486,
		-0.754061,
		0,
		-0.084381,
		-0.112848,
		-0.520373,
		1,
	},
	[0.883333333333] = {
		-0.73505,
		-0.645486,
		-0.207481,
		0,
		-0.608777,
		0.493613,
		0.621076,
		0,
		-0.298481,
		0.582832,
		-0.755788,
		0,
		-0.084399,
		-0.114314,
		-0.520049,
		1,
	},
	[0.8] = {
		-0.73353,
		-0.64417,
		-0.216746,
		0,
		-0.609757,
		0.482862,
		0.628523,
		0,
		-0.300217,
		0.593203,
		-0.746981,
		0,
		-0.084317,
		-0.10682,
		-0.521653,
		1,
	},
	[0.916666666667] = {
		-0.735786,
		-0.645763,
		-0.203983,
		0,
		-0.60831,
		0.497853,
		0.618144,
		0,
		-0.29762,
		0.578907,
		-0.759137,
		0,
		-0.084429,
		-0.117153,
		-0.519412,
		1,
	},
	[0.933333333333] = {
		-0.736163,
		-0.645857,
		-0.202318,
		0,
		-0.608074,
		0.499909,
		0.616715,
		0,
		-0.297169,
		0.577027,
		-0.760743,
		0,
		-0.08444,
		-0.118511,
		-0.519103,
		1,
	},
	[0.95] = {
		-0.736536,
		-0.645925,
		-0.20074,
		0,
		-0.607858,
		0.501906,
		0.615304,
		0,
		-0.296687,
		0.575214,
		-0.762302,
		0,
		-0.084432,
		-0.11982,
		-0.518803,
		1,
	},
	[0.966666666667] = {
		-0.736895,
		-0.645969,
		-0.199274,
		0,
		-0.607679,
		0.503832,
		0.613906,
		0,
		-0.296164,
		0.573478,
		-0.763812,
		0,
		-0.084394,
		-0.121073,
		-0.518518,
		1,
	},
	[0.983333333333] = {
		-0.737238,
		-0.645993,
		-0.197921,
		0,
		-0.607531,
		0.505673,
		0.612536,
		0,
		-0.295611,
		0.571828,
		-0.765263,
		0,
		-0.084332,
		-0.122263,
		-0.518249,
		1,
	},
	[0.9] = {
		-0.735414,
		-0.64564,
		-0.205708,
		0,
		-0.608545,
		0.49575,
		0.6196,
		0,
		-0.298059,
		0.580845,
		-0.757483,
		0,
		-0.084415,
		-0.115751,
		-0.519729,
		1,
	},
	[1.01666666667] = {
		-0.737869,
		-0.645993,
		-0.195557,
		0,
		-0.607321,
		0.509055,
		0.609938,
		0,
		-0.294466,
		0.56882,
		-0.767941,
		0,
		-0.084152,
		-0.12443,
		-0.517762,
		1,
	},
	[1.03333333333] = {
		-0.738152,
		-0.645974,
		-0.194548,
		0,
		-0.607251,
		0.510571,
		0.608739,
		0,
		-0.293899,
		0.567482,
		-0.769147,
		0,
		-0.084045,
		-0.125393,
		-0.517547,
		1,
	},
	[1.05] = {
		-0.73841,
		-0.645947,
		-0.193655,
		0,
		-0.607202,
		0.511953,
		0.607627,
		0,
		-0.293353,
		0.566265,
		-0.770252,
		0,
		-0.083931,
		-0.126268,
		-0.517353,
		1,
	},
	[1.06666666667] = {
		-0.738641,
		-0.645915,
		-0.192879,
		0,
		-0.607169,
		0.51319,
		0.606615,
		0,
		-0.292839,
		0.565181,
		-0.771243,
		0,
		-0.083818,
		-0.127047,
		-0.517181,
		1,
	},
	[1.08333333333] = {
		-0.738843,
		-0.645881,
		-0.19222,
		0,
		-0.60715,
		0.51427,
		0.605719,
		0,
		-0.29237,
		0.564238,
		-0.772111,
		0,
		-0.083708,
		-0.127724,
		-0.517032,
		1,
	},
	{
		-0.737564,
		-0.646,
		-0.196681,
		0,
		-0.607413,
		0.507419,
		0.611209,
		0,
		-0.295041,
		0.570272,
		-0.766642,
		0,
		-0.08425,
		-0.123384,
		-0.517997,
		1,
	},
	[1.11666666667] = {
		-0.739149,
		-0.645816,
		-0.191258,
		0,
		-0.60714,
		0.51591,
		0.604333,
		0,
		-0.291616,
		0.562813,
		-0.773435,
		0,
		-0.083521,
		-0.128748,
		-0.516808,
		1,
	},
	[1.13333333333] = {
		-0.739249,
		-0.645791,
		-0.190957,
		0,
		-0.607143,
		0.516446,
		0.603872,
		0,
		-0.291357,
		0.56235,
		-0.77387,
		0,
		-0.083453,
		-0.12908,
		-0.516736,
		1,
	},
	[1.15] = {
		-0.739311,
		-0.645774,
		-0.190775,
		0,
		-0.607147,
		0.516777,
		0.603585,
		0,
		-0.291192,
		0.562065,
		-0.774138,
		0,
		-0.083409,
		-0.129285,
		-0.516692,
		1,
	},
	[1.16666666667] = {
		-0.739332,
		-0.645768,
		-0.190714,
		0,
		-0.607149,
		0.51689,
		0.603486,
		0,
		-0.291134,
		0.561969,
		-0.77423,
		0,
		-0.083393,
		-0.129354,
		-0.516677,
		1,
	},
	[1.1] = {
		-0.739013,
		-0.645847,
		-0.19168,
		0,
		-0.607141,
		0.51518,
		0.604954,
		0,
		-0.291958,
		0.563445,
		-0.772845,
		0,
		-0.083608,
		-0.128294,
		-0.516907,
		1,
	},
}

return spline_matrices
