-- chunkname: @content/characters/player/human/first_person/animations/2h_power_sword/attack_right_diagonal_down.lua

local spline_matrices = {
	[0.0166666666667] = {
		-0.994204,
		-0.097771,
		-0.044719,
		0,
		0.042961,
		0.020014,
		-0.998876,
		0,
		0.098556,
		-0.995008,
		-0.015697,
		0,
		-0.139435,
		-0.208606,
		-0.037238,
		1,
	},
	[0.0333333333333] = {
		-0.995473,
		-0.084588,
		-0.043335,
		0,
		0.03885,
		0.053973,
		-0.997786,
		0,
		0.08674,
		-0.994953,
		-0.050442,
		0,
		-0.152067,
		-0.185192,
		-0.078468,
		1,
	},
	[0.05] = {
		-0.99701,
		-0.064207,
		-0.042991,
		0,
		0.036216,
		0.103181,
		-0.994003,
		0,
		0.068257,
		-0.992588,
		-0.100547,
		0,
		-0.169755,
		-0.150799,
		-0.131945,
		1,
	},
	[0.0666666666667] = {
		-0.998371,
		-0.035975,
		-0.044282,
		0,
		0.038006,
		0.159518,
		-0.986463,
		0,
		0.042551,
		-0.986539,
		-0.157891,
		0,
		-0.19016,
		-0.108848,
		-0.184654,
		1,
	},
	[0.0833333333333] = {
		-0.998857,
		0.000743,
		-0.047791,
		0,
		0.046836,
		0.214717,
		-0.975553,
		0,
		0.009536,
		-0.976676,
		-0.214506,
		0,
		-0.210864,
		-0.062715,
		-0.223565,
		1,
	},
	[0] = {
		-0.993445,
		-0.10441,
		-0.046535,
		0,
		0.04582,
		0.009236,
		-0.998907,
		0,
		0.104725,
		-0.994491,
		-0.004391,
		0,
		-0.134151,
		-0.217513,
		-0.021227,
		1,
	},
	[0.116666666667] = {
		-0.937002,
		0.071877,
		-0.34185,
		0,
		0.343858,
		0.362225,
		-0.866345,
		0,
		0.061556,
		-0.929315,
		-0.364121,
		0,
		-0.256845,
		0.112319,
		-0.246945,
		1,
	},
	[0.133333333333] = {
		-0.761095,
		0.295929,
		-0.5772,
		0,
		0.646646,
		0.415895,
		-0.639438,
		0,
		0.050827,
		-0.859917,
		-0.507897,
		0,
		-0.308056,
		0.25061,
		-0.258997,
		1,
	},
	[0.15] = {
		-0.911616,
		0.198875,
		-0.359728,
		0,
		0.41103,
		0.434448,
		-0.801442,
		0,
		-0.003104,
		-0.878467,
		-0.477793,
		0,
		-0.303197,
		0.270649,
		-0.216878,
		1,
	},
	[0.166666666667] = {
		-0.98977,
		0.098681,
		-0.103041,
		0,
		0.130591,
		0.335763,
		-0.93285,
		0,
		-0.057457,
		-0.936763,
		-0.345215,
		0,
		-0.301663,
		0.281063,
		-0.148797,
		1,
	},
	[0.183333333333] = {
		-0.979618,
		0.119743,
		-0.161278,
		0,
		0.181127,
		0.17945,
		-0.966949,
		0,
		-0.086844,
		-0.976452,
		-0.197481,
		0,
		-0.303283,
		0.330779,
		-0.119526,
		1,
	},
	[0.1] = {
		-0.988525,
		0.021859,
		-0.149465,
		0,
		0.149488,
		0.283712,
		-0.947186,
		0,
		0.021701,
		-0.95866,
		-0.283724,
		0,
		-0.230853,
		0.010491,
		-0.239332,
		1,
	},
	[0.216666666667] = {
		-0.876389,
		0.349721,
		-0.331115,
		0,
		0.200335,
		-0.360494,
		-0.910994,
		0,
		-0.437958,
		-0.864719,
		0.245872,
		0,
		-0.302116,
		0.467084,
		-0.074829,
		1,
	},
	[0.233333333333] = {
		-0.71898,
		0.343001,
		-0.604498,
		0,
		0.083094,
		-0.821085,
		-0.564726,
		0,
		-0.690046,
		-0.456257,
		0.561842,
		0,
		-0.274724,
		0.551805,
		-0.057038,
		1,
	},
	[0.25] = {
		-0.515947,
		0.33159,
		-0.78984,
		0,
		-0.326851,
		-0.928488,
		-0.176289,
		0,
		-0.791813,
		0.167204,
		0.587431,
		0,
		-0.238334,
		0.639288,
		-0.046972,
		1,
	},
	[0.266666666667] = {
		-0.522248,
		0.157366,
		-0.838149,
		0,
		-0.552932,
		-0.810729,
		0.192313,
		0,
		-0.649248,
		0.563874,
		0.510414,
		0,
		-0.178136,
		0.704286,
		-0.050023,
		1,
	},
	[0.283333333333] = {
		-0.558386,
		0.085501,
		-0.825163,
		0,
		-0.709935,
		-0.563842,
		0.421988,
		0,
		-0.429182,
		0.821445,
		0.375542,
		0,
		-0.094757,
		0.777441,
		-0.075677,
		1,
	},
	[0.2] = {
		-0.91189,
		0.37788,
		-0.1602,
		0,
		0.159559,
		-0.03323,
		-0.986629,
		0,
		-0.37815,
		-0.925258,
		-0.029992,
		0,
		-0.318721,
		0.393076,
		-0.091483,
		1,
	},
	[0.316666666667] = {
		-0.52884,
		0.100307,
		-0.842773,
		0,
		-0.845775,
		0.020393,
		0.53315,
		0,
		0.070666,
		0.994747,
		0.074053,
		0,
		0.106312,
		0.763026,
		-0.175097,
		1,
	},
	[0.333333333333] = {
		-0.556716,
		0.093572,
		-0.825416,
		0,
		-0.797164,
		0.219309,
		0.562523,
		0,
		0.233658,
		0.971158,
		-0.047501,
		0,
		0.219773,
		0.717961,
		-0.206174,
		1,
	},
	[0.35] = {
		-0.44754,
		0.08394,
		-0.890316,
		0,
		-0.820628,
		0.35707,
		0.446175,
		0,
		0.355356,
		0.930299,
		-0.090919,
		0,
		0.317467,
		0.644058,
		-0.248318,
		1,
	},
	[0.366666666667] = {
		-0.423447,
		0.077708,
		-0.902582,
		0,
		-0.786182,
		0.463515,
		0.408744,
		0,
		0.450123,
		0.882675,
		-0.135181,
		0,
		0.391488,
		0.571613,
		-0.286102,
		1,
	},
	[0.383333333333] = {
		-0.374234,
		0.074802,
		-0.924312,
		0,
		-0.735865,
		0.582598,
		0.345084,
		0,
		0.564315,
		0.809311,
		-0.162984,
		0,
		0.449601,
		0.500386,
		-0.332051,
		1,
	},
	[0.3] = {
		-0.458971,
		0.115334,
		-0.880934,
		0,
		-0.883678,
		-0.16191,
		0.439203,
		0,
		-0.091977,
		0.980042,
		0.17623,
		0,
		0.022354,
		0.771097,
		-0.125154,
		1,
	},
	[0.416666666667] = {
		-0.326215,
		0.090648,
		-0.940939,
		0,
		-0.43298,
		0.870508,
		0.233974,
		0,
		0.840304,
		0.483734,
		-0.244724,
		0,
		0.507905,
		0.243033,
		-0.479551,
		1,
	},
	[0.433333333333] = {
		-0.316157,
		0.097239,
		-0.94371,
		0,
		-0.287946,
		0.937973,
		0.193114,
		0,
		0.903953,
		0.332792,
		-0.268547,
		0,
		0.52111,
		0.13592,
		-0.54162,
		1,
	},
	[0.45] = {
		-0.313494,
		0.097068,
		-0.944616,
		0,
		-0.227739,
		0.958044,
		0.174029,
		0,
		0.921877,
		0.269683,
		-0.278234,
		0,
		0.523809,
		0.074028,
		-0.581161,
		1,
	},
	[0.466666666667] = {
		-0.318066,
		0.093214,
		-0.943475,
		0,
		-0.220374,
		0.960628,
		0.169201,
		0,
		0.9221,
		0.261735,
		-0.285001,
		0,
		0.517278,
		0.036815,
		-0.608757,
		1,
	},
	[0.483333333333] = {
		-0.33125,
		0.08866,
		-0.939369,
		0,
		-0.23626,
		0.956066,
		0.173548,
		0,
		0.913485,
		0.279423,
		-0.29575,
		0,
		0.506064,
		0.018802,
		-0.627756,
		1,
	},
	[0.4] = {
		-0.345335,
		0.080704,
		-0.935003,
		0,
		-0.609996,
		0.737831,
		0.288982,
		0,
		0.713196,
		0.670144,
		-0.205569,
		0,
		0.484486,
		0.380314,
		-0.402058,
		1,
	},
	[0.516666666667] = {
		-0.390112,
		0.092228,
		-0.916137,
		0,
		-0.255537,
		0.945042,
		0.203951,
		0,
		0.884598,
		0.313671,
		-0.345104,
		0,
		0.48357,
		0.017822,
		-0.653269,
		1,
	},
	[0.533333333333] = {
		-0.437281,
		0.108119,
		-0.892802,
		0,
		-0.289037,
		0.923182,
		0.253364,
		0,
		0.851612,
		0.368844,
		-0.37244,
		0,
		0.470118,
		0.025295,
		-0.664153,
		1,
	},
	[0.55] = {
		-0.490845,
		0.131528,
		-0.861261,
		0,
		-0.333402,
		0.88494,
		0.325154,
		0,
		0.804931,
		0.446746,
		-0.390517,
		0,
		0.455163,
		0.035772,
		-0.673839,
		1,
	},
	[0.566666666667] = {
		-0.545895,
		0.1599,
		-0.822454,
		0,
		-0.377623,
		0.829312,
		0.411876,
		0,
		0.74793,
		0.535419,
		-0.392335,
		0,
		0.439518,
		0.048042,
		-0.68207,
		1,
	},
	[0.583333333333] = {
		-0.598022,
		0.190698,
		-0.778462,
		0,
		-0.413856,
		0.758302,
		0.503688,
		0,
		0.686362,
		0.623388,
		-0.37456,
		0,
		0.424057,
		0.060903,
		-0.688695,
		1,
	},
	[0.5] = {
		-0.354345,
		0.086414,
		-0.931114,
		0,
		-0.245007,
		0.952357,
		0.181626,
		0,
		0.902448,
		0.292487,
		-0.31629,
		0,
		0.494755,
		0.014538,
		-0.641468,
		1,
	},
	[0.616666666667] = {
		-0.680566,
		0.24929,
		-0.688973,
		0,
		-0.452264,
		0.596881,
		0.662714,
		0,
		0.576444,
		0.762619,
		-0.293472,
		0,
		0.397257,
		0.083557,
		-0.697281,
		1,
	},
	[0.633333333333] = {
		-0.707306,
		0.271834,
		-0.652553,
		0,
		-0.457973,
		0.526984,
		0.715925,
		0,
		0.538498,
		0.805229,
		-0.248246,
		0,
		0.387598,
		0.090876,
		-0.699657,
		1,
	},
	[0.65] = {
		-0.723401,
		0.286887,
		-0.628002,
		0,
		-0.459336,
		0.479103,
		0.747978,
		0,
		0.515462,
		0.829552,
		-0.214806,
		0,
		0.381446,
		0.094492,
		-0.701052,
		1,
	},
	[0.666666666667] = {
		-0.728379,
		0.292162,
		-0.619762,
		0,
		-0.459037,
		0.463446,
		0.757959,
		0,
		0.508674,
		0.836576,
		-0.203451,
		0,
		0.379554,
		0.093756,
		-0.701604,
		1,
	},
	[0.683333333333] = {
		-0.727483,
		0.291682,
		-0.621039,
		0,
		-0.458329,
		0.466986,
		0.756213,
		0,
		0.510591,
		0.834773,
		-0.206038,
		0,
		0.380045,
		0.090574,
		-0.701756,
		1,
	},
	[0.6] = {
		-0.64371,
		0.221413,
		-0.732539,
		0,
		-0.43857,
		0.677708,
		0.590228,
		0,
		0.627132,
		0.701205,
		-0.339142,
		0,
		0.409679,
		0.073196,
		-0.69371,
		1,
	},
	[0.716666666667] = {
		-0.725843,
		0.290767,
		-0.623383,
		0,
		-0.456954,
		0.473567,
		0.752946,
		0,
		0.514146,
		0.831378,
		-0.210868,
		0,
		0.380912,
		0.084638,
		-0.702027,
		1,
	},
	[0.733333333333] = {
		-0.725179,
		0.290624,
		-0.624222,
		0,
		-0.456275,
		0.476126,
		0.751743,
		0,
		0.515683,
		0.829965,
		-0.212673,
		0,
		0.381222,
		0.08233,
		-0.702133,
		1,
	},
	[0.75] = {
		-0.724629,
		0.290886,
		-0.624739,
		0,
		-0.455648,
		0.477881,
		0.751009,
		0,
		0.517009,
		0.828864,
		-0.213745,
		0,
		0.381458,
		0.08076,
		-0.702187,
		1,
	},
	[0.766666666667] = {
		-0.724169,
		0.291311,
		-0.625074,
		0,
		-0.455144,
		0.479062,
		0.750562,
		0,
		0.518097,
		0.828032,
		-0.214334,
		0,
		0.38166,
		0.079712,
		-0.702198,
		1,
	},
	[0.783333333333] = {
		-0.723814,
		0.291532,
		-0.625382,
		0,
		-0.454787,
		0.480046,
		0.75015,
		0,
		0.518905,
		0.827384,
		-0.21488,
		0,
		0.381824,
		0.078832,
		-0.702207,
		1,
	},
	[0.7] = {
		-0.726624,
		0.291169,
		-0.622284,
		0,
		-0.457637,
		0.47044,
		0.75449,
		0,
		0.512431,
		0.833011,
		-0.208584,
		0,
		0.380509,
		0.08746,
		-0.7019,
		1,
	},
	[0.816666666667] = {
		-0.723277,
		0.29172,
		-0.625915,
		0,
		-0.454272,
		0.481665,
		0.749424,
		0,
		0.520104,
		0.826376,
		-0.215857,
		0,
		0.382079,
		0.077377,
		-0.70223,
		1,
	},
	[0.833333333333] = {
		-0.723048,
		0.291799,
		-0.626143,
		0,
		-0.454037,
		0.482377,
		0.749108,
		0,
		0.520626,
		0.825933,
		-0.216294,
		0,
		0.382183,
		0.076736,
		-0.702245,
		1,
	},
	[0.85] = {
		-0.722845,
		0.291869,
		-0.626345,
		0,
		-0.453816,
		0.483031,
		0.748821,
		0,
		0.521101,
		0.825527,
		-0.216702,
		0,
		0.382271,
		0.076148,
		-0.702261,
		1,
	},
	[0.866666666667] = {
		-0.722665,
		0.29193,
		-0.626524,
		0,
		-0.453606,
		0.48363,
		0.748561,
		0,
		0.521533,
		0.825154,
		-0.217081,
		0,
		0.382344,
		0.075608,
		-0.702279,
		1,
	},
	[0.883333333333] = {
		-0.722507,
		0.291984,
		-0.626681,
		0,
		-0.453406,
		0.484179,
		0.748327,
		0,
		0.521925,
		0.824813,
		-0.217435,
		0,
		0.382404,
		0.075113,
		-0.7023,
		1,
	},
	[0.8] = {
		-0.723532,
		0.291631,
		-0.625662,
		0,
		-0.454521,
		0.48089,
		0.74977,
		0,
		0.519531,
		0.826859,
		-0.215386,
		0,
		0.38196,
		0.078075,
		-0.702218,
		1,
	},
	[0.916666666667] = {
		-0.722252,
		0.292075,
		-0.626932,
		0,
		-0.453029,
		0.485147,
		0.747929,
		0,
		0.522605,
		0.824212,
		-0.21808,
		0,
		0.382483,
		0.07424,
		-0.70235,
		1,
	},
	[0.933333333333] = {
		-0.722158,
		0.292113,
		-0.627023,
		0,
		-0.452842,
		0.485574,
		0.747765,
		0,
		0.522898,
		0.823947,
		-0.21838,
		0,
		0.382497,
		0.073854,
		-0.702382,
		1,
	},
	[0.95] = {
		-0.72209,
		0.292147,
		-0.627085,
		0,
		-0.452646,
		0.485969,
		0.747627,
		0,
		0.523161,
		0.823701,
		-0.218674,
		0,
		0.382489,
		0.073497,
		-0.702424,
		1,
	},
	[0.966666666667] = {
		-0.722044,
		0.292179,
		-0.627123,
		0,
		-0.452443,
		0.486337,
		0.747511,
		0,
		0.5234,
		0.823473,
		-0.218963,
		0,
		0.382462,
		0.073164,
		-0.702474,
		1,
	},
	[0.983333333333] = {
		-0.722017,
		0.292209,
		-0.627141,
		0,
		-0.452234,
		0.486682,
		0.747413,
		0,
		0.523619,
		0.823259,
		-0.219246,
		0,
		0.382419,
		0.072853,
		-0.70253,
		1,
	},
	[0.9] = {
		-0.72237,
		0.292032,
		-0.626816,
		0,
		-0.453215,
		0.484683,
		0.748117,
		0,
		0.522281,
		0.824499,
		-0.217767,
		0,
		0.382449,
		0.074658,
		-0.702323,
		1,
	},
	[1.01666666667] = {
		-0.722,
		0.292267,
		-0.627133,
		0,
		-0.451803,
		0.487321,
		0.747257,
		0,
		0.524014,
		0.82286,
		-0.219798,
		0,
		0.382301,
		0.072275,
		-0.702654,
		1,
	},
	[1.03333333333] = {
		-0.722002,
		0.292297,
		-0.627116,
		0,
		-0.451584,
		0.487624,
		0.747191,
		0,
		0.524199,
		0.82267,
		-0.220069,
		0,
		0.382232,
		0.072001,
		-0.702719,
		1,
	},
	[1.05] = {
		-0.722007,
		0.292329,
		-0.627096,
		0,
		-0.451365,
		0.487921,
		0.74713,
		0,
		0.524381,
		0.822482,
		-0.220336,
		0,
		0.382161,
		0.071732,
		-0.702785,
		1,
	},
	[1.06666666667] = {
		-0.72201,
		0.292363,
		-0.627077,
		0,
		-0.451146,
		0.488218,
		0.747068,
		0,
		0.524566,
		0.822294,
		-0.2206,
		0,
		0.382092,
		0.071464,
		-0.70285,
		1,
	},
	[1.08333333333] = {
		-0.722006,
		0.292401,
		-0.627063,
		0,
		-0.45093,
		0.488519,
		0.747002,
		0,
		0.524756,
		0.822102,
		-0.220861,
		0,
		0.382028,
		0.071192,
		-0.702912,
		1,
	},
	{
		-0.722003,
		0.292238,
		-0.627143,
		0,
		-0.45202,
		0.487008,
		0.747329,
		0,
		0.523822,
		0.823055,
		-0.219524,
		0,
		0.382364,
		0.072557,
		-0.70259,
		1,
	},
	[1.11666666667] = {
		-0.721965,
		0.292491,
		-0.627069,
		0,
		-0.450508,
		0.489148,
		0.746844,
		0,
		0.525175,
		0.821695,
		-0.221379,
		0,
		0.38193,
		0.070623,
		-0.703023,
		1,
	},
	[1.13333333333] = {
		-0.72192,
		0.292544,
		-0.627096,
		0,
		-0.450306,
		0.489486,
		0.746745,
		0,
		0.525411,
		0.821475,
		-0.221635,
		0,
		0.381902,
		0.070318,
		-0.703069,
		1,
	},
	[1.15] = {
		-0.721852,
		0.292605,
		-0.627146,
		0,
		-0.450111,
		0.489845,
		0.746627,
		0,
		0.525671,
		0.821239,
		-0.221891,
		0,
		0.381894,
		0.069994,
		-0.703106,
		1,
	},
	[1.16666666667] = {
		-0.721757,
		0.292673,
		-0.627223,
		0,
		-0.449925,
		0.49023,
		0.746487,
		0,
		0.52596,
		0.820985,
		-0.222147,
		0,
		0.381907,
		0.069646,
		-0.703133,
		1,
	},
	[1.1] = {
		-0.721993,
		0.292443,
		-0.627059,
		0,
		-0.450717,
		0.488827,
		0.746929,
		0,
		0.524958,
		0.821903,
		-0.221121,
		0,
		0.381973,
		0.070913,
		-0.70297,
		1,
	},
}

return spline_matrices
