-- chunkname: @content/characters/player/human/first_person/animations/2h_power_sword/attack_right_down.lua

local spline_matrices = {
	[0.0166666666667] = {
		-0.993678,
		-0.108404,
		-0.029197,
		0,
		0.028784,
		0.005378,
		-0.999571,
		0,
		0.108515,
		-0.994092,
		-0.002224,
		0,
		-0.140515,
		-0.202834,
		-0.007457,
		1,
	},
	[0.0333333333333] = {
		-0.988814,
		-0.149154,
		0.000245,
		0,
		-0.002696,
		0.01623,
		-0.999865,
		0,
		0.14913,
		-0.988681,
		-0.01645,
		0,
		-0.147584,
		-0.168639,
		0.020798,
		1,
	},
	[0.05] = {
		-0.979143,
		-0.199902,
		0.036305,
		0,
		-0.043546,
		0.031944,
		-0.998541,
		0,
		0.19845,
		-0.979295,
		-0.039982,
		0,
		-0.154033,
		-0.120964,
		0.056042,
		1,
	},
	[0.0666666666667] = {
		-0.967496,
		-0.242567,
		0.071503,
		0,
		-0.08557,
		0.047947,
		-0.995178,
		0,
		0.237969,
		-0.968949,
		-0.067145,
		0,
		-0.157672,
		-0.0673,
		0.08964,
		1,
	},
	[0.0833333333333] = {
		-0.960541,
		-0.259872,
		0.099131,
		0,
		-0.118545,
		0.06009,
		-0.991129,
		0,
		0.251609,
		-0.963772,
		-0.088526,
		0,
		-0.157214,
		-0.015497,
		0.113199,
		1,
	},
	[0] = {
		-0.994354,
		-0.096254,
		-0.044658,
		0,
		0.044484,
		0.003959,
		-0.999002,
		0,
		0.096335,
		-0.995349,
		0.000345,
		0,
		-0.136009,
		-0.216475,
		-0.019975,
		1,
	},
	[0.116666666667] = {
		-0.981227,
		-0.116817,
		0.153452,
		0,
		-0.161428,
		0.062138,
		-0.984926,
		0,
		0.105521,
		-0.991208,
		-0.079829,
		0,
		-0.154666,
		0.08211,
		0.139027,
		1,
	},
	[0.133333333333] = {
		-0.991709,
		0.0196,
		0.127002,
		0,
		-0.126202,
		0.037725,
		-0.991287,
		0,
		-0.02422,
		-0.999096,
		-0.034938,
		0,
		-0.153202,
		0.135926,
		0.147426,
		1,
	},
	[0.15] = {
		-0.988155,
		0.146638,
		0.045242,
		0,
		-0.052662,
		-0.047118,
		-0.9975,
		0,
		-0.14414,
		-0.988067,
		0.054282,
		0,
		-0.14913,
		0.196544,
		0.152861,
		1,
	},
	[0.166666666667] = {
		-0.975343,
		0.220672,
		-0.003148,
		0,
		-0.040047,
		-0.190995,
		-0.980774,
		0,
		-0.21703,
		-0.956465,
		0.195123,
		0,
		-0.140446,
		0.266333,
		0.155233,
		1,
	},
	[0.183333333333] = {
		-0.961995,
		0.259716,
		-0.084336,
		0,
		-0.034761,
		-0.422811,
		-0.905551,
		0,
		-0.270844,
		-0.868204,
		0.41577,
		0,
		-0.120703,
		0.365404,
		0.149353,
		1,
	},
	[0.1] = {
		-0.967732,
		-0.219015,
		0.124612,
		0,
		-0.141921,
		0.065101,
		-0.987735,
		0,
		0.208216,
		-0.973547,
		-0.094083,
		0,
		-0.155434,
		0.032552,
		0.127609,
		1,
	},
	[0.216666666667] = {
		-0.839481,
		0.42115,
		-0.343373,
		0,
		-0.22692,
		-0.845877,
		-0.4827,
		0,
		-0.49374,
		-0.3273,
		0.805665,
		0,
		-0.063429,
		0.592345,
		0.076766,
		1,
	},
	[0.233333333333] = {
		-0.82769,
		0.397166,
		-0.396469,
		0,
		-0.384526,
		-0.915948,
		-0.114801,
		0,
		-0.40874,
		0.057433,
		0.910842,
		0,
		-0.025114,
		0.671472,
		-0.009605,
		1,
	},
	[0.25] = {
		-0.837246,
		0.267018,
		-0.477201,
		0,
		-0.444029,
		-0.841304,
		0.308295,
		0,
		-0.319151,
		0.47001,
		0.822942,
		0,
		0.021386,
		0.73428,
		-0.127692,
		1,
	},
	[0.266666666667] = {
		-0.838823,
		0.177579,
		-0.514627,
		0,
		-0.492322,
		-0.650923,
		0.577857,
		0,
		-0.232368,
		0.738082,
		0.633435,
		0,
		0.066966,
		0.763006,
		-0.246368,
		1,
	},
	[0.283333333333] = {
		-0.862085,
		0.124316,
		-0.49128,
		0,
		-0.484749,
		-0.484931,
		0.727915,
		0,
		-0.147746,
		0.865672,
		0.478314,
		0,
		0.110902,
		0.765966,
		-0.3667,
		1,
	},
	[0.2] = {
		-0.910924,
		0.335059,
		-0.240734,
		0,
		-0.060228,
		-0.685236,
		-0.725827,
		0,
		-0.408154,
		-0.646674,
		0.644378,
		0,
		-0.093093,
		0.487325,
		0.125242,
		1,
	},
	[0.316666666667] = {
		-0.776991,
		0.098571,
		-0.621746,
		0,
		-0.626405,
		-0.219056,
		0.748085,
		0,
		-0.062458,
		0.97072,
		0.23195,
		0,
		0.190435,
		0.766699,
		-0.604802,
		1,
	},
	[0.333333333333] = {
		-0.667481,
		0.097118,
		-0.738266,
		0,
		-0.74461,
		-0.093684,
		0.660893,
		0,
		-0.004979,
		0.990854,
		0.134847,
		0,
		0.213038,
		0.764038,
		-0.688695,
		1,
	},
	[0.35] = {
		-0.656091,
		0.047433,
		-0.75319,
		0,
		-0.752608,
		0.032816,
		0.657651,
		0,
		0.055911,
		0.998335,
		0.014168,
		0,
		0.217999,
		0.755515,
		-0.730504,
		1,
	},
	[0.366666666667] = {
		-0.705319,
		0.012875,
		-0.708773,
		0,
		-0.691821,
		0.20558,
		0.692185,
		0,
		0.154622,
		0.978556,
		-0.136093,
		0,
		0.207704,
		0.738696,
		-0.751819,
		1,
	},
	[0.383333333333] = {
		-0.778514,
		-0.006388,
		-0.627595,
		0,
		-0.577821,
		0.397678,
		0.712724,
		0,
		0.245027,
		0.917503,
		-0.313289,
		0,
		0.190125,
		0.71669,
		-0.766,
		1,
	},
	[0.3] = {
		-0.872034,
		0.077487,
		-0.483272,
		0,
		-0.477832,
		-0.348595,
		0.806324,
		0,
		-0.105986,
		0.934065,
		0.341012,
		0,
		0.154549,
		0.766879,
		-0.492665,
		1,
	},
	[0.416666666667] = {
		-0.894685,
		0.021302,
		-0.44619,
		0,
		-0.329605,
		0.642695,
		0.691595,
		0,
		0.301496,
		0.765826,
		-0.567989,
		0,
		0.157419,
		0.651472,
		-0.785625,
		1,
	},
	[0.433333333333] = {
		-0.921843,
		0.055002,
		-0.383641,
		0,
		-0.258438,
		0.650434,
		0.714245,
		0,
		0.288818,
		0.757569,
		-0.585383,
		0,
		0.152134,
		0.604577,
		-0.794966,
		1,
	},
	[0.45] = {
		-0.938783,
		0.089045,
		-0.332803,
		0,
		-0.214549,
		0.604708,
		0.767005,
		0,
		0.269546,
		0.791454,
		-0.548585,
		0,
		0.151842,
		0.549251,
		-0.801957,
		1,
	},
	[0.466666666667] = {
		-0.948157,
		0.114739,
		-0.296368,
		0,
		-0.194108,
		0.52931,
		0.825926,
		0,
		0.251636,
		0.840634,
		-0.479597,
		0,
		0.154202,
		0.490468,
		-0.807445,
		1,
	},
	[0.483333333333] = {
		-0.953326,
		0.133016,
		-0.271064,
		0,
		-0.185294,
		0.451089,
		0.873032,
		0,
		0.238401,
		0.882511,
		-0.405388,
		0,
		0.156684,
		0.433213,
		-0.812478,
		1,
	},
	[0.4] = {
		-0.847658,
		-0.002073,
		-0.530539,
		0,
		-0.442029,
		0.555782,
		0.704072,
		0,
		0.293404,
		0.831326,
		-0.472029,
		0,
		0.171072,
		0.688071,
		-0.775996,
		1,
	},
	[0.516666666667] = {
		-0.960736,
		0.151911,
		-0.232186,
		0,
		-0.159549,
		0.382166,
		0.910216,
		0,
		0.227005,
		0.911522,
		-0.342924,
		0,
		0.154374,
		0.339351,
		-0.824685,
		1,
	},
	[0.533333333333] = {
		-0.963342,
		0.155758,
		-0.218428,
		0,
		-0.147623,
		0.372075,
		0.916388,
		0,
		0.224006,
		0.915041,
		-0.335442,
		0,
		0.151167,
		0.298944,
		-0.83108,
		1,
	},
	[0.55] = {
		-0.965439,
		0.157425,
		-0.207713,
		0,
		-0.137476,
		0.369481,
		0.919012,
		0,
		0.221421,
		0.915806,
		-0.33507,
		0,
		0.147243,
		0.261086,
		-0.837401,
		1,
	},
	[0.566666666667] = {
		-0.967203,
		0.157337,
		-0.199408,
		0,
		-0.128722,
		0.373171,
		0.918789,
		0,
		0.218973,
		0.914324,
		-0.34068,
		0,
		0.142706,
		0.224879,
		-0.843762,
		1,
	},
	[0.583333333333] = {
		-0.968755,
		0.155936,
		-0.192869,
		0,
		-0.120952,
		0.381869,
		0.916268,
		0,
		0.21653,
		0.910967,
		-0.351076,
		0,
		0.137668,
		0.189434,
		-0.850214,
		1,
	},
	[0.5] = {
		-0.957357,
		0.145354,
		-0.249679,
		0,
		-0.173615,
		0.401319,
		0.899334,
		0,
		0.230923,
		0.904331,
		-0.35897,
		0,
		0.156771,
		0.382811,
		-0.818216,
		1,
	},
	[0.616666666667] = {
		-0.971525,
		0.151487,
		-0.182182,
		0,
		-0.106557,
		0.407411,
		0.907007,
		0,
		0.211623,
		0.900593,
		-0.379668,
		0,
		0.126572,
		0.118856,
		-0.863108,
		1,
	},
	[0.633333333333] = {
		-0.972823,
		0.149795,
		-0.176572,
		0,
		-0.098857,
		0.420887,
		0.90171,
		0,
		0.209388,
		0.89466,
		-0.39464,
		0,
		0.120754,
		0.082725,
		-0.869441,
		1,
	},
	[0.65] = {
		-0.974118,
		0.149165,
		-0.169835,
		0,
		-0.090153,
		0.432619,
		0.897058,
		0,
		0.207283,
		0.889152,
		-0.407974,
		0,
		0.11488,
		0.045404,
		-0.875638,
		1,
	},
	[0.666666666667] = {
		-0.97543,
		0.150096,
		-0.161269,
		0,
		-0.079939,
		0.440989,
		0.893946,
		0,
		0.205296,
		0.884873,
		-0.418155,
		0,
		0.109044,
		0.006431,
		-0.881662,
		1,
	},
	[0.683333333333] = {
		-0.975162,
		0.15128,
		-0.161785,
		0,
		-0.079016,
		0.444766,
		0.892155,
		0,
		0.206922,
		0.882778,
		-0.421765,
		0,
		0.108966,
		0.002644,
		-0.881691,
		1,
	},
	[0.6] = {
		-0.970181,
		0.153754,
		-0.187372,
		0,
		-0.11374,
		0.393847,
		0.912112,
		0,
		0.214037,
		0.906225,
		-0.364615,
		0,
		0.132246,
		0.154262,
		-0.856683,
		1,
	},
	[0.716666666667] = {
		-0.974526,
		0.154323,
		-0.162736,
		0,
		-0.076707,
		0.452499,
		0.88846,
		0,
		0.210748,
		0.87831,
		-0.429135,
		0,
		0.108674,
		-0.005157,
		-0.881716,
		1,
	},
	[0.733333333333] = {
		-0.974173,
		0.156106,
		-0.163153,
		0,
		-0.075382,
		0.456257,
		0.886649,
		0,
		0.212851,
		0.876048,
		-0.432706,
		0,
		0.108469,
		-0.008973,
		-0.881711,
		1,
	},
	[0.75] = {
		-0.973804,
		0.158013,
		-0.163516,
		0,
		-0.073982,
		0.459812,
		0.884929,
		0,
		0.215017,
		0.873845,
		-0.436077,
		0,
		0.10823,
		-0.0126,
		-0.881696,
		1,
	},
	[0.766666666667] = {
		-0.973429,
		0.160009,
		-0.163809,
		0,
		-0.072538,
		0.463049,
		0.883359,
		0,
		0.217197,
		0.87177,
		-0.439139,
		0,
		0.107963,
		-0.01592,
		-0.881675,
		1,
	},
	[0.783333333333] = {
		-0.973055,
		0.162045,
		-0.164028,
		0,
		-0.07108,
		0.465932,
		0.881961,
		0,
		0.219344,
		0.869856,
		-0.441859,
		0,
		0.10767,
		-0.018893,
		-0.881652,
		1,
	},
	[0.7] = {
		-0.974858,
		0.152702,
		-0.162277,
		0,
		-0.077929,
		0.448636,
		0.890311,
		0,
		0.208755,
		0.880572,
		-0.425457,
		0,
		0.108841,
		-0.001252,
		-0.88171,
		1,
	},
	[0.816666666667] = {
		-0.972399,
		0.165701,
		-0.164267,
		0,
		-0.068392,
		0.470684,
		0.879647,
		0,
		0.223076,
		0.866603,
		-0.44636,
		0,
		0.107041,
		-0.023823,
		-0.881609,
		1,
	},
	[0.833333333333] = {
		-0.972133,
		0.16723,
		-0.164294,
		0,
		-0.067209,
		0.472592,
		0.878715,
		0,
		0.224592,
		0.865269,
		-0.448183,
		0,
		0.106712,
		-0.025811,
		-0.881593,
		1,
	},
	[0.85] = {
		-0.971905,
		0.168575,
		-0.164264,
		0,
		-0.066126,
		0.474219,
		0.87792,
		0,
		0.225893,
		0.864117,
		-0.449749,
		0,
		0.106378,
		-0.02751,
		-0.881582,
		1,
	},
	[0.866666666667] = {
		-0.971715,
		0.169747,
		-0.164181,
		0,
		-0.065142,
		0.475587,
		0.877254,
		0,
		0.226993,
		0.863136,
		-0.451077,
		0,
		0.106039,
		-0.028943,
		-0.881577,
		1,
	},
	[0.883333333333] = {
		-0.971561,
		0.170755,
		-0.164051,
		0,
		-0.06425,
		0.476717,
		0.876706,
		0,
		0.227908,
		0.862313,
		-0.452189,
		0,
		0.1057,
		-0.03013,
		-0.881578,
		1,
	},
	[0.8] = {
		-0.972706,
		0.163976,
		-0.16418,
		0,
		-0.069681,
		0.468471,
		0.880727,
		0,
		0.221332,
		0.868128,
		-0.444259,
		0,
		0.107361,
		-0.021524,
		-0.881629,
		1,
	},
	[0.916666666667] = {
		-0.971348,
		0.172324,
		-0.163669,
		0,
		-0.062728,
		0.478352,
		0.875925,
		0,
		0.229235,
		0.861094,
		-0.453837,
		0,
		0.105025,
		-0.031854,
		-0.881598,
		1,
	},
	[0.933333333333] = {
		-0.971285,
		0.172906,
		-0.16343,
		0,
		-0.062089,
		0.4789,
		0.875671,
		0,
		0.229675,
		0.860673,
		-0.454413,
		0,
		0.104695,
		-0.032435,
		-0.881616,
		1,
	},
	[0.95] = {
		-0.971247,
		0.173367,
		-0.163166,
		0,
		-0.061526,
		0.479296,
		0.875494,
		0,
		0.229986,
		0.86036,
		-0.454848,
		0,
		0.104373,
		-0.032856,
		-0.881639,
		1,
	},
	[0.966666666667] = {
		-0.971232,
		0.173716,
		-0.162885,
		0,
		-0.061035,
		0.479562,
		0.875383,
		0,
		0.230182,
		0.860141,
		-0.455163,
		0,
		0.104061,
		-0.033141,
		-0.881665,
		1,
	},
	[0.983333333333] = {
		-0.971236,
		0.173966,
		-0.162592,
		0,
		-0.060611,
		0.479718,
		0.875327,
		0,
		0.230275,
		0.860004,
		-0.455375,
		0,
		0.103761,
		-0.03331,
		-0.881694,
		1,
	},
	[0.9] = {
		-0.971439,
		0.171611,
		-0.163878,
		0,
		-0.063446,
		0.477632,
		0.876266,
		0,
		0.22865,
		0.861637,
		-0.453102,
		0,
		0.105361,
		-0.031093,
		-0.881585,
		1,
	},
	[1.01666666667] = {
		-0.971292,
		0.174204,
		-0.162002,
		0,
		-0.059947,
		0.479784,
		0.875336,
		0,
		0.230213,
		0.859919,
		-0.455568,
		0,
		0.103208,
		-0.033388,
		-0.881756,
		1,
	},
	[1.03333333333] = {
		-0.971338,
		0.174214,
		-0.161718,
		0,
		-0.059699,
		0.479737,
		0.875379,
		0,
		0.230086,
		0.859943,
		-0.455586,
		0,
		0.102958,
		-0.03334,
		-0.881787,
		1,
	},
	[1.05] = {
		-0.971391,
		0.174165,
		-0.161451,
		0,
		-0.059501,
		0.479663,
		0.875433,
		0,
		0.229912,
		0.859994,
		-0.455577,
		0,
		0.10273,
		-0.033264,
		-0.881816,
		1,
	},
	[1.06666666667] = {
		-0.971449,
		0.174068,
		-0.161207,
		0,
		-0.059348,
		0.479585,
		0.875486,
		0,
		0.229707,
		0.860057,
		-0.455561,
		0,
		0.102526,
		-0.033179,
		-0.881843,
		1,
	},
	[1.08333333333] = {
		-0.971508,
		0.173934,
		-0.160994,
		0,
		-0.059237,
		0.479521,
		0.875528,
		0,
		0.229484,
		0.86012,
		-0.455556,
		0,
		0.102347,
		-0.03311,
		-0.881867,
		1,
	},
	{
		-0.971257,
		0.174125,
		-0.162296,
		0,
		-0.060249,
		0.479785,
		0.875315,
		0,
		0.230281,
		0.859934,
		-0.455504,
		0,
		0.103476,
		-0.033385,
		-0.881724,
		1,
	},
	[1.11666666667] = {
		-0.97162,
		0.173593,
		-0.160687,
		0,
		-0.059123,
		0.479526,
		0.875534,
		0,
		0.22904,
		0.860186,
		-0.455654,
		0,
		0.102076,
		-0.033099,
		-0.881898,
		1,
	},
	[1.13333333333] = {
		-0.971666,
		0.173408,
		-0.160608,
		0,
		-0.05911,
		0.479635,
		0.875475,
		0,
		0.228848,
		0.860163,
		-0.455795,
		0,
		0.101988,
		-0.033202,
		-0.881905,
		1,
	},
	[1.15] = {
		-0.971702,
		0.173228,
		-0.160586,
		0,
		-0.059122,
		0.479843,
		0.87536,
		0,
		0.228693,
		0.860083,
		-0.456023,
		0,
		0.101934,
		-0.033406,
		-0.881903,
		1,
	},
	[1.16666666667] = {
		-0.971724,
		0.173062,
		-0.160631,
		0,
		-0.059153,
		0.480171,
		0.875178,
		0,
		0.228591,
		0.859933,
		-0.456357,
		0,
		0.101918,
		-0.033732,
		-0.881893,
		1,
	},
	[1.1] = {
		-0.971566,
		0.173772,
		-0.160818,
		0,
		-0.059164,
		0.479495,
		0.875548,
		0,
		0.229257,
		0.860167,
		-0.45558,
		0,
		0.102196,
		-0.033076,
		-0.881885,
		1,
	},
}

return spline_matrices
