-- chunkname: @content/characters/player/human/first_person/animations/2h_power_sword/attack_left_diagonal_up.lua

local spline_matrices = {
	[0.0166666666667] = {
		-0.645197,
		0.619694,
		0.446879,
		0,
		0.680382,
		0.199949,
		0.705053,
		0,
		0.347564,
		0.758946,
		-0.550636,
		0,
		0.277131,
		0.097838,
		-0.62041,
		1,
	},
	[0.0333333333333] = {
		-0.488329,
		0.86257,
		0.132319,
		0,
		0.396333,
		0.084132,
		0.914244,
		0,
		0.777467,
		0.498894,
		-0.382949,
		0,
		0.285082,
		0.079855,
		-0.594319,
		1,
	},
	[0.05] = {
		-0.145257,
		0.975129,
		-0.167401,
		0,
		0.058259,
		0.177332,
		0.982425,
		0,
		0.987677,
		0.132951,
		-0.082568,
		0,
		0.301959,
		0.063472,
		-0.549605,
		1,
	},
	[0.0666666666667] = {
		0.075786,
		0.741906,
		-0.666208,
		0,
		-0.012634,
		0.66879,
		0.743344,
		0,
		0.997044,
		-0.047918,
		0.060058,
		0,
		0.336152,
		0.055771,
		-0.48726,
		1,
	},
	[0.0833333333333] = {
		0.345609,
		0.918151,
		0.193787,
		0,
		-0.082591,
		-0.175948,
		0.980929,
		0,
		0.934737,
		-0.355022,
		0.015022,
		0,
		0.379987,
		0.048171,
		-0.418186,
		1,
	},
	[0] = {
		-0.646019,
		0.488138,
		0.58684,
		0,
		0.755143,
		0.296462,
		0.584696,
		0,
		0.111437,
		0.820872,
		-0.560134,
		0,
		0.272406,
		0.104443,
		-0.630362,
		1,
	},
	[0.116666666667] = {
		0.176086,
		-0.268318,
		0.9471,
		0,
		-0.923513,
		-0.378092,
		0.064586,
		0,
		0.340761,
		-0.886032,
		-0.314371,
		0,
		0.448362,
		0.055911,
		-0.312005,
		1,
	},
	[0.133333333333] = {
		0.163863,
		-0.291135,
		0.942544,
		0,
		-0.931623,
		-0.359857,
		0.05081,
		0,
		0.324388,
		-0.886421,
		-0.330196,
		0,
		0.462542,
		0.071127,
		-0.276931,
		1,
	},
	[0.15] = {
		0.152267,
		-0.30565,
		0.93989,
		0,
		-0.931639,
		-0.361861,
		0.033254,
		0,
		0.329946,
		-0.880701,
		-0.339855,
		0,
		0.461149,
		0.086301,
		-0.256254,
		1,
	},
	[0.166666666667] = {
		0.139136,
		-0.316355,
		0.938382,
		0,
		-0.929602,
		-0.368312,
		0.013666,
		0,
		0.341294,
		-0.874223,
		-0.345329,
		0,
		0.457395,
		0.101746,
		-0.242906,
		1,
	},
	[0.183333333333] = {
		0.125975,
		-0.323538,
		0.937792,
		0,
		-0.923311,
		-0.38396,
		-0.008436,
		0,
		0.362804,
		-0.864811,
		-0.347096,
		0,
		0.450651,
		0.118683,
		-0.234235,
		1,
	},
	[0.1] = {
		0.190823,
		-0.236513,
		0.952706,
		0,
		-0.901985,
		-0.425185,
		0.07511,
		0,
		0.387312,
		-0.873659,
		-0.294466,
		0,
		0.412252,
		0.041587,
		-0.360886,
		1,
	},
	[0.216666666667] = {
		0.106064,
		-0.329979,
		0.938011,
		0,
		-0.886277,
		-0.459084,
		-0.061285,
		0,
		0.450848,
		-0.824837,
		-0.341145,
		0,
		0.42528,
		0.16604,
		-0.220424,
		1,
	},
	[0.233333333333] = {
		0.102714,
		-0.330182,
		0.938312,
		0,
		-0.846837,
		-0.523895,
		-0.091652,
		0,
		0.521839,
		-0.785184,
		-0.333422,
		0,
		0.404948,
		0.205548,
		-0.210154,
		1,
	},
	[0.25] = {
		0.15933,
		-0.326729,
		0.931591,
		0,
		-0.681613,
		-0.719037,
		-0.135605,
		0,
		0.714155,
		-0.613379,
		-0.337267,
		0,
		0.370693,
		0.264538,
		-0.197388,
		1,
	},
	[0.266666666667] = {
		0.280582,
		-0.318578,
		0.905418,
		0,
		-0.300537,
		-0.925037,
		-0.232347,
		0,
		0.911565,
		-0.206919,
		-0.355293,
		0,
		0.317399,
		0.345639,
		-0.184182,
		1,
	},
	[0.283333333333] = {
		0.393037,
		-0.309039,
		0.866035,
		0,
		0.09724,
		-0.922581,
		-0.373348,
		0,
		0.914366,
		0.230953,
		-0.332558,
		0,
		0.254304,
		0.434375,
		-0.169311,
		1,
	},
	[0.2] = {
		0.114386,
		-0.327853,
		0.937778,
		0,
		-0.910051,
		-0.413145,
		-0.033434,
		0,
		0.3984,
		-0.849602,
		-0.345622,
		0,
		0.440229,
		0.138327,
		-0.227611,
		1,
	},
	[0.316666666667] = {
		0.459582,
		-0.125026,
		0.879291,
		0,
		0.693332,
		-0.568226,
		-0.443182,
		0,
		0.555046,
		0.813319,
		-0.174462,
		0,
		0.051611,
		0.635611,
		-0.11485,
		1,
	},
	[0.333333333333] = {
		0.496863,
		-0.076462,
		0.864454,
		0,
		0.851689,
		-0.148252,
		-0.50264,
		0,
		0.16659,
		0.985989,
		-0.008539,
		0,
		-0.086278,
		0.680903,
		-0.025439,
		1,
	},
	[0.35] = {
		0.479842,
		-0.074835,
		0.874158,
		0,
		0.877255,
		0.02588,
		-0.479326,
		0,
		0.013247,
		0.99686,
		0.078067,
		0,
		-0.142213,
		0.665783,
		-0.001038,
		1,
	},
	[0.366666666667] = {
		0.466079,
		-0.072599,
		0.881759,
		0,
		0.879954,
		0.141595,
		-0.453467,
		0,
		-0.091932,
		0.987259,
		0.129878,
		0,
		-0.182864,
		0.639436,
		0.012496,
		1,
	},
	[0.383333333333] = {
		0.482802,
		-0.066759,
		0.873181,
		0,
		0.853447,
		0.259363,
		-0.452061,
		0,
		-0.196292,
		0.96347,
		0.182196,
		0,
		-0.224264,
		0.6204,
		0.030912,
		1,
	},
	[0.3] = {
		0.464608,
		-0.288865,
		0.837076,
		0,
		0.327433,
		-0.822258,
		-0.465488,
		0,
		0.822756,
		0.490356,
		-0.287444,
		0,
		0.165374,
		0.553434,
		-0.148784,
		1,
	},
	[0.416666666667] = {
		0.479576,
		-0.067856,
		0.874873,
		0,
		0.807263,
		0.424961,
		-0.409554,
		0,
		-0.343996,
		0.902665,
		0.258579,
		0,
		-0.292406,
		0.56252,
		0.068432,
		1,
	},
	[0.433333333333] = {
		0.460146,
		-0.076759,
		0.884519,
		0,
		0.78998,
		0.490089,
		-0.368435,
		0,
		-0.405212,
		0.868286,
		0.28615,
		0,
		-0.325301,
		0.523511,
		0.08495,
		1,
	},
	[0.45] = {
		0.462732,
		-0.082129,
		0.882685,
		0,
		0.742643,
		0.579655,
		-0.335384,
		0,
		-0.484108,
		0.810713,
		0.329217,
		0,
		-0.366289,
		0.490474,
		0.090558,
		1,
	},
	[0.466666666667] = {
		0.466019,
		-0.084828,
		0.880699,
		0,
		0.691924,
		0.655306,
		-0.303011,
		0,
		-0.551424,
		0.750585,
		0.364079,
		0,
		-0.412546,
		0.454901,
		0.093329,
		1,
	},
	[0.483333333333] = {
		0.465197,
		-0.082173,
		0.881385,
		0,
		0.653348,
		0.70368,
		-0.279234,
		0,
		-0.597267,
		0.70575,
		0.381037,
		0,
		-0.472559,
		0.412421,
		0.097669,
		1,
	},
	[0.4] = {
		0.498542,
		-0.061113,
		0.864708,
		0,
		0.820425,
		0.355378,
		-0.447895,
		0,
		-0.279926,
		0.932723,
		0.22731,
		0,
		-0.26135,
		0.598123,
		0.048261,
		1,
	},
	[0.516666666667] = {
		0.462245,
		-0.068849,
		0.884076,
		0,
		0.580879,
		0.776803,
		-0.243221,
		0,
		-0.670007,
		0.625969,
		0.399066,
		0,
		-0.597383,
		0.323306,
		0.10725,
		1,
	},
	[0.533333333333] = {
		0.461567,
		-0.06611,
		0.884639,
		0,
		0.554521,
		0.799884,
		-0.229549,
		0,
		-0.692432,
		0.596503,
		0.405859,
		0,
		-0.622427,
		0.280417,
		0.111881,
		1,
	},
	[0.55] = {
		0.461474,
		-0.066698,
		0.884643,
		0,
		0.536466,
		0.815176,
		-0.218387,
		0,
		-0.706574,
		0.575361,
		0.411963,
		0,
		-0.595969,
		0.234064,
		0.116126,
		1,
	},
	[0.566666666667] = {
		0.461258,
		-0.067313,
		0.884709,
		0,
		0.524049,
		0.825283,
		-0.210431,
		0,
		-0.71597,
		0.560694,
		0.415944,
		0,
		-0.529007,
		0.183466,
		0.119798,
		1,
	},
	[0.583333333333] = {
		0.460929,
		-0.068012,
		0.884827,
		0,
		0.516487,
		0.831357,
		-0.205149,
		0,
		-0.721654,
		0.551561,
		0.418324,
		0,
		-0.448176,
		0.137011,
		0.122674,
		1,
	},
	[0.5] = {
		0.463703,
		-0.075566,
		0.882763,
		0,
		0.615143,
		0.744523,
		-0.259394,
		0,
		-0.637635,
		0.663307,
		0.391721,
		0,
		-0.540802,
		0.367919,
		0.10243,
		1,
	},
	[0.616666666667] = {
		0.460022,
		-0.069588,
		0.885176,
		0,
		0.511666,
		0.835528,
		-0.200226,
		0,
		-0.725657,
		0.545023,
		0.419967,
		0,
		-0.351614,
		0.089654,
		0.125137,
		1,
	},
	[0.633333333333] = {
		0.45949,
		-0.070425,
		0.885387,
		0,
		0.511517,
		0.835919,
		-0.198973,
		0,
		-0.726099,
		0.544316,
		0.420119,
		0,
		-0.351721,
		0.089399,
		0.125016,
		1,
	},
	[0.65] = {
		0.458936,
		-0.071268,
		0.885607,
		0,
		0.511272,
		0.836384,
		-0.197643,
		0,
		-0.726622,
		0.543491,
		0.420284,
		0,
		-0.351844,
		0.089093,
		0.124889,
		1,
	},
	[0.666666666667] = {
		0.458383,
		-0.072097,
		0.885826,
		0,
		0.510909,
		0.836932,
		-0.196259,
		0,
		-0.727226,
		0.542538,
		0.42047,
		0,
		-0.351981,
		0.088729,
		0.124763,
		1,
	},
	[0.683333333333] = {
		0.457854,
		-0.072893,
		0.886034,
		0,
		0.510408,
		0.837567,
		-0.194845,
		0,
		-0.72791,
		0.541449,
		0.420689,
		0,
		-0.352129,
		0.088304,
		0.124645,
		1,
	},
	[0.6] = {
		0.46051,
		-0.068777,
		0.884986,
		0,
		0.512733,
		0.834457,
		-0.201954,
		0,
		-0.724593,
		0.546764,
		0.41954,
		0,
		-0.380152,
		0.102984,
		0.124534,
		1,
	},
	[0.716666666667] = {
		0.456962,
		-0.074304,
		0.886377,
		0,
		0.508909,
		0.839131,
		-0.192019,
		0,
		-0.729519,
		0.53883,
		0.421265,
		0,
		-0.352457,
		0.087248,
		0.124464,
		1,
	},
	[0.733333333333] = {
		0.456643,
		-0.074886,
		0.886493,
		0,
		0.507882,
		0.840064,
		-0.190652,
		0,
		-0.730434,
		0.537293,
		0.421643,
		0,
		-0.352631,
		0.086611,
		0.124414,
		1,
	},
	[0.75] = {
		0.456435,
		-0.075379,
		0.886558,
		0,
		0.506678,
		0.841086,
		-0.189346,
		0,
		-0.731399,
		0.535623,
		0.422094,
		0,
		-0.352807,
		0.085911,
		0.124401,
		1,
	},
	[0.766666666667] = {
		0.456359,
		-0.075777,
		0.886563,
		0,
		0.505307,
		0.842184,
		-0.188123,
		0,
		-0.732394,
		0.533838,
		0.422629,
		0,
		-0.352979,
		0.085155,
		0.124433,
		1,
	},
	[0.783333333333] = {
		0.456434,
		-0.076079,
		0.886499,
		0,
		0.503779,
		0.843348,
		-0.187006,
		0,
		-0.7334,
		0.531955,
		0.423259,
		0,
		-0.353143,
		0.084349,
		0.124516,
		1,
	},
	[0.7] = {
		0.457373,
		-0.073636,
		0.886221,
		0,
		0.509748,
		0.838298,
		-0.193424,
		0,
		-0.728675,
		0.540217,
		0.420951,
		0,
		-0.352289,
		0.087812,
		0.124543,
		1,
	},
	[0.816666666667] = {
		0.456815,
		-0.076374,
		0.886277,
		0,
		0.500348,
		0.845827,
		-0.185007,
		0,
		-0.735508,
		0.527961,
		0.4246,
		0,
		-0.353471,
		0.08262,
		0.124746,
		1,
	},
	[0.833333333333] = {
		0.45705,
		-0.076359,
		0.886157,
		0,
		0.498488,
		0.847121,
		-0.184108,
		0,
		-0.736624,
		0.525885,
		0.425241,
		0,
		-0.35364,
		0.08171,
		0.124865,
		1,
	},
	[0.85] = {
		0.45731,
		-0.076232,
		0.886034,
		0,
		0.49655,
		0.848436,
		-0.183288,
		0,
		-0.737771,
		0.52378,
		0.425851,
		0,
		-0.353812,
		0.080781,
		0.124983,
		1,
	},
	[0.866666666667] = {
		0.457591,
		-0.075988,
		0.88591,
		0,
		0.494549,
		0.849761,
		-0.182557,
		0,
		-0.738939,
		0.521662,
		0.426423,
		0,
		-0.353985,
		0.07984,
		0.125099,
		1,
	},
	[0.883333333333] = {
		0.45789,
		-0.075625,
		0.885786,
		0,
		0.492499,
		0.851086,
		-0.181926,
		0,
		-0.740123,
		0.519551,
		0.426949,
		0,
		-0.354157,
		0.078894,
		0.125211,
		1,
	},
	[0.8] = {
		0.456608,
		-0.076279,
		0.886392,
		0,
		0.502117,
		0.844566,
		-0.185976,
		0,
		-0.73443,
		0.52999,
		0.423936,
		0,
		-0.353305,
		0.083502,
		0.124629,
		1,
	},
	[0.916666666667] = {
		0.458526,
		-0.074523,
		0.885551,
		0,
		0.488312,
		0.853692,
		-0.180999,
		0,
		-0.7425,
		0.515418,
		0.42783,
		0,
		-0.354496,
		0.077018,
		0.125419,
		1,
	},
	[0.933333333333] = {
		0.458856,
		-0.073778,
		0.885442,
		0,
		0.486204,
		0.854953,
		-0.180725,
		0,
		-0.743678,
		0.513432,
		0.428171,
		0,
		-0.354661,
		0.076103,
		0.125511,
		1,
	},
	[0.95] = {
		0.459189,
		-0.072898,
		0.885342,
		0,
		0.484106,
		0.856171,
		-0.180589,
		0,
		-0.74484,
		0.511524,
		0.428435,
		0,
		-0.354822,
		0.075214,
		0.125593,
		1,
	},
	[0.966666666667] = {
		0.459523,
		-0.07188,
		0.885252,
		0,
		0.482034,
		0.857337,
		-0.180604,
		0,
		-0.745977,
		0.509713,
		0.428615,
		0,
		-0.354977,
		0.074359,
		0.125664,
		1,
	},
	[0.983333333333] = {
		0.459854,
		-0.070791,
		0.885168,
		0,
		0.480001,
		0.858454,
		-0.180711,
		0,
		-0.747083,
		0.507982,
		0.428743,
		0,
		-0.355126,
		0.073534,
		0.125728,
		1,
	},
	[0.9] = {
		0.458203,
		-0.075137,
		0.885666,
		0,
		0.490415,
		0.8524,
		-0.181403,
		0,
		-0.741312,
		0.517463,
		0.427421,
		0,
		-0.354328,
		0.077951,
		0.125318,
		1,
	},
	[1.01666666667] = {
		0.460494,
		-0.068639,
		0.885005,
		0,
		0.476117,
		0.860554,
		-0.180995,
		0,
		-0.749171,
		0.504713,
		0.428961,
		0,
		-0.355402,
		0.071972,
		0.125852,
		1,
	},
	[1.03333333333] = {
		0.460798,
		-0.0676,
		0.884927,
		0,
		0.474296,
		0.861524,
		-0.181162,
		0,
		-0.750139,
		0.503196,
		0.429051,
		0,
		-0.355527,
		0.071245,
		0.125911,
		1,
	},
	[1.05] = {
		0.461086,
		-0.066603,
		0.884852,
		0,
		0.472575,
		0.862432,
		-0.181338,
		0,
		-0.751047,
		0.501772,
		0.429131,
		0,
		-0.355644,
		0.070562,
		0.125966,
		1,
	},
	[1.06666666667] = {
		0.461356,
		-0.065659,
		0.884782,
		0,
		0.470971,
		0.863272,
		-0.181518,
		0,
		-0.751889,
		0.500451,
		0.429199,
		0,
		-0.355751,
		0.069928,
		0.126018,
		1,
	},
	[1.08333333333] = {
		0.461606,
		-0.06478,
		0.884717,
		0,
		0.469497,
		0.864036,
		-0.181697,
		0,
		-0.752657,
		0.499245,
		0.429258,
		0,
		-0.355847,
		0.069348,
		0.126066,
		1,
	},
	{
		0.460179,
		-0.069707,
		0.885086,
		0,
		0.478024,
		0.859528,
		-0.180843,
		0,
		-0.74815,
		0.506312,
		0.428858,
		0,
		-0.355268,
		0.072737,
		0.125791,
		1,
	},
	[1.11666666667] = {
		0.46203,
		-0.063268,
		0.884605,
		0,
		0.467007,
		0.865315,
		-0.182029,
		0,
		-0.753945,
		0.497219,
		0.429348,
		0,
		-0.356007,
		0.068374,
		0.126148,
		1,
	},
	[1.13333333333] = {
		0.462199,
		-0.062659,
		0.88456,
		0,
		0.46602,
		0.865817,
		-0.182172,
		0,
		-0.754452,
		0.496422,
		0.42938,
		0,
		-0.356069,
		0.067989,
		0.12618,
		1,
	},
	[1.15] = {
		0.462336,
		-0.062165,
		0.884523,
		0,
		0.465226,
		0.866218,
		-0.182293,
		0,
		-0.754858,
		0.495784,
		0.429404,
		0,
		-0.356118,
		0.067681,
		0.126207,
		1,
	},
	[1.16666666667] = {
		0.462437,
		-0.061796,
		0.884496,
		0,
		0.46464,
		0.866513,
		-0.182386,
		0,
		-0.755157,
		0.495314,
		0.429421,
		0,
		-0.356155,
		0.067454,
		0.126226,
		1,
	},
	[1.18333333333] = {
		0.4625,
		-0.061566,
		0.884479,
		0,
		0.464277,
		0.866695,
		-0.182446,
		0,
		-0.755341,
		0.495025,
		0.42943,
		0,
		-0.356177,
		0.067314,
		0.126238,
		1,
	},
	[1.1] = {
		0.461831,
		-0.063979,
		0.884657,
		0,
		0.468171,
		0.864719,
		-0.181869,
		0,
		-0.753344,
		0.498164,
		0.429307,
		0,
		-0.355933,
		0.068828,
		0.12611,
		1,
	},
	[1.2] = {
		0.462522,
		-0.061487,
		0.884473,
		0,
		0.464153,
		0.866757,
		-0.182467,
		0,
		-0.755404,
		0.494926,
		0.429433,
		0,
		-0.356184,
		0.067266,
		0.126243,
		1,
	},
}

return spline_matrices
