-- chunkname: @content/characters/player/human/first_person/animations/2h_power_sword/attack_stab_01.lua

local spline_matrices = {
	[0.0166666666667] = {
		-0.23504,
		-0.259245,
		-0.936776,
		0,
		-0.883494,
		-0.344806,
		0.317093,
		0,
		-0.405211,
		0.902165,
		-0.147998,
		0,
		0.233889,
		0.17476,
		-0.367189,
		1,
	},
	[0.0333333333333] = {
		-0.197726,
		-0.154288,
		-0.968039,
		0,
		-0.969355,
		-0.116099,
		0.216499,
		0,
		-0.145792,
		0.981181,
		-0.126604,
		0,
		0.290298,
		-0.012261,
		-0.477074,
		1,
	},
	[0.05] = {
		-0.364365,
		-0.158808,
		-0.917615,
		0,
		-0.92614,
		-0.041348,
		0.374906,
		0,
		-0.09748,
		0.986443,
		-0.132013,
		0,
		0.290563,
		-0.047889,
		-0.505601,
		1,
	},
	[0.0666666666667] = {
		-0.558312,
		-0.205392,
		-0.803805,
		0,
		-0.818547,
		-0.021473,
		0.574039,
		0,
		-0.135162,
		0.978444,
		-0.156134,
		0,
		0.283928,
		-0.113942,
		-0.521637,
		1,
	},
	[0.0833333333333] = {
		-0.591893,
		-0.253701,
		-0.765048,
		0,
		-0.768505,
		-0.108561,
		0.630567,
		0,
		-0.24303,
		0.961171,
		-0.130714,
		0,
		0.254326,
		-0.289825,
		-0.577052,
		1,
	},
	[0] = {
		-0.239832,
		-0.335975,
		-0.910825,
		0,
		-0.774678,
		-0.499226,
		0.388132,
		0,
		-0.58511,
		0.798683,
		-0.140542,
		0,
		0.179575,
		0.40868,
		-0.281757,
		1,
	},
	[0.116666666667] = {
		-0.893763,
		-0.152477,
		-0.421827,
		0,
		-0.408562,
		-0.111363,
		0.905911,
		0,
		-0.185107,
		0.982013,
		0.037236,
		0,
		0.245703,
		-0.458986,
		-0.559237,
		1,
	},
	[0.133333333333] = {
		-0.990041,
		-0.040888,
		-0.134712,
		0,
		-0.13291,
		-0.043992,
		0.990151,
		0,
		-0.046411,
		0.998195,
		0.038119,
		0,
		0.251748,
		-0.442223,
		-0.503562,
		1,
	},
	[0.15] = {
		-0.992837,
		-0.053685,
		-0.106736,
		0,
		-0.101432,
		-0.093361,
		0.990452,
		0,
		-0.063138,
		0.994184,
		0.087247,
		0,
		0.251398,
		-0.383269,
		-0.433439,
		1,
	},
	[0.166666666667] = {
		-0.996183,
		-0.068135,
		-0.054559,
		0,
		-0.046048,
		-0.120776,
		0.991611,
		0,
		-0.074153,
		0.990339,
		0.117178,
		0,
		0.24752,
		-0.251514,
		-0.371429,
		1,
	},
	[0.183333333333] = {
		-0.996029,
		-0.085819,
		0.023676,
		0,
		0.034985,
		-0.132782,
		0.990528,
		0,
		-0.081862,
		0.987423,
		0.135257,
		0,
		0.2291,
		0.020359,
		-0.323712,
		1,
	},
	[0.1] = {
		-0.650079,
		-0.278198,
		-0.707109,
		0,
		-0.681915,
		-0.196969,
		0.704411,
		0,
		-0.335244,
		0.940111,
		-0.061662,
		0,
		0.235478,
		-0.439385,
		-0.599454,
		1,
	},
	[0.216666666667] = {
		-0.966452,
		-0.111552,
		0.231358,
		0,
		0.245817,
		-0.140577,
		0.959069,
		0,
		-0.074463,
		0.983765,
		0.163282,
		0,
		0.090699,
		0.761403,
		-0.241644,
		1,
	},
	[0.233333333333] = {
		-0.939436,
		-0.106913,
		0.325621,
		0,
		0.338399,
		-0.1389,
		0.930695,
		0,
		-0.054274,
		0.984518,
		0.166667,
		0,
		0.047125,
		0.934169,
		-0.208317,
		1,
	},
	[0.25] = {
		-0.929741,
		-0.105782,
		0.352692,
		0,
		0.36528,
		-0.144292,
		0.919647,
		0,
		-0.046391,
		0.983865,
		0.172795,
		0,
		0.043876,
		0.762155,
		-0.189168,
		1,
	},
	[0.266666666667] = {
		-0.939533,
		-0.100522,
		0.327373,
		0,
		0.339026,
		-0.13802,
		0.930598,
		0,
		-0.048361,
		0.985315,
		0.163754,
		0,
		0.04986,
		0.751983,
		-0.181035,
		1,
	},
	[0.283333333333] = {
		-0.944888,
		-0.092882,
		0.313943,
		0,
		0.324095,
		-0.129567,
		0.93711,
		0,
		-0.046364,
		0.987211,
		0.152529,
		0,
		0.051109,
		0.747387,
		-0.173689,
		1,
	},
	[0.2] = {
		-0.987307,
		-0.100748,
		0.12278,
		0,
		0.136168,
		-0.139032,
		0.980881,
		0,
		-0.081751,
		0.98515,
		0.150986,
		0,
		0.164814,
		0.405981,
		-0.279355,
		1,
	},
	[0.316666666667] = {
		-0.950186,
		-0.080774,
		0.301036,
		0,
		0.308874,
		-0.114627,
		0.94417,
		0,
		-0.041757,
		0.990119,
		0.133866,
		0,
		0.050699,
		0.741992,
		-0.164252,
		1,
	},
	[0.333333333333] = {
		-0.948639,
		-0.078461,
		0.306476,
		0,
		0.313786,
		-0.110031,
		0.943097,
		0,
		-0.040274,
		0.990826,
		0.129,
		0,
		0.049835,
		0.737341,
		-0.162846,
		1,
	},
	[0.35] = {
		-0.947206,
		-0.076781,
		0.311296,
		0,
		0.3182,
		-0.105943,
		0.942085,
		0,
		-0.039354,
		0.991403,
		0.124781,
		0,
		0.049123,
		0.732826,
		-0.161492,
		1,
	},
	[0.366666666667] = {
		-0.945952,
		-0.075703,
		0.315348,
		0,
		0.32197,
		-0.10268,
		0.941165,
		0,
		-0.038869,
		0.99183,
		0.121504,
		0,
		0.048621,
		0.728479,
		-0.160023,
		1,
	},
	[0.383333333333] = {
		-0.94449,
		-0.075077,
		0.319848,
		0,
		0.326265,
		-0.099949,
		0.939979,
		0,
		-0.038603,
		0.992156,
		0.118896,
		0,
		0.048114,
		0.724238,
		-0.158797,
		1,
	},
	[0.3] = {
		-0.949185,
		-0.085517,
		0.302877,
		0,
		0.311636,
		-0.121048,
		0.94246,
		0,
		-0.043933,
		0.988956,
		0.141547,
		0,
		0.051248,
		0.745144,
		-0.167634,
		1,
	},
	[0.416666666667] = {
		-0.94096,
		-0.074769,
		0.330158,
		0,
		0.33632,
		-0.095502,
		0.936893,
		0,
		-0.03852,
		0.992617,
		0.115009,
		0,
		0.047072,
		0.715933,
		-0.157762,
		1,
	},
	[0.433333333333] = {
		-0.938899,
		-0.07501,
		0.33592,
		0,
		0.342022,
		-0.093887,
		0.93499,
		0,
		-0.038595,
		0.992753,
		0.113805,
		0,
		0.046536,
		0.711867,
		-0.157988,
		1,
	},
	[0.45] = {
		-0.936818,
		-0.075467,
		0.341581,
		0,
		0.347668,
		-0.092747,
		0.933019,
		0,
		-0.038732,
		0.992826,
		0.113125,
		0,
		0.046067,
		0.707858,
		-0.15871,
		1,
	},
	[0.466666666667] = {
		-0.935002,
		-0.07611,
		0.346379,
		0,
		0.352461,
		-0.091248,
		0.931367,
		0,
		-0.03928,
		0.992915,
		0.112143,
		0,
		0.045815,
		0.703836,
		-0.158947,
		1,
	},
	[0.483333333333] = {
		-0.933324,
		-0.076923,
		0.350698,
		0,
		0.356728,
		-0.088105,
		0.930045,
		0,
		-0.040644,
		0.993137,
		0.109671,
		0,
		0.045769,
		0.700541,
		-0.15838,
		1,
	},
	[0.4] = {
		-0.942824,
		-0.074779,
		0.324792,
		0,
		0.331058,
		-0.097539,
		0.938556,
		0,
		-0.038504,
		0.992418,
		0.116719,
		0,
		0.047598,
		0.720056,
		-0.158037,
		1,
	},
	[0.516666666667] = {
		-0.930192,
		-0.07926,
		0.358415,
		0,
		0.364402,
		-0.081796,
		0.927643,
		0,
		-0.044208,
		0.993493,
		0.104968,
		0,
		0.04721,
		0.695145,
		-0.159604,
		1,
	},
	[0.533333333333] = {
		-0.929109,
		-0.080975,
		0.36083,
		0,
		0.367047,
		-0.082995,
		0.926492,
		0,
		-0.045076,
		0.993255,
		0.106834,
		0,
		0.049434,
		0.69079,
		-0.163571,
		1,
	},
	[0.55] = {
		-0.928612,
		-0.083213,
		0.361601,
		0,
		0.36838,
		-0.089996,
		0.925309,
		0,
		-0.044455,
		0.99246,
		0.114226,
		0,
		0.053146,
		0.683833,
		-0.171224,
		1,
	},
	[0.566666666667] = {
		-0.932721,
		-0.087876,
		0.349728,
		0,
		0.357699,
		-0.102719,
		0.92817,
		0,
		-0.04564,
		0.990821,
		0.127242,
		0,
		0.058001,
		0.674621,
		-0.183312,
		1,
	},
	[0.583333333333] = {
		-0.943571,
		-0.091931,
		0.318154,
		0,
		0.327607,
		-0.118563,
		0.937345,
		0,
		-0.04845,
		0.988682,
		0.14199,
		0,
		0.063394,
		0.664275,
		-0.199654,
		1,
	},
	[0.5] = {
		-0.931659,
		-0.077952,
		0.354874,
		0,
		0.360839,
		-0.084223,
		0.928817,
		0,
		-0.042515,
		0.993393,
		0.106595,
		0,
		0.046103,
		0.698021,
		-0.158237,
		1,
	},
	[0.616666666667] = {
		-0.971776,
		-0.093224,
		0.216703,
		0,
		0.229073,
		-0.153447,
		0.961238,
		0,
		-0.056358,
		0.98375,
		0.170472,
		0,
		0.075438,
		0.640475,
		-0.243282,
		1,
	},
	[0.633333333333] = {
		-0.983277,
		-0.09097,
		0.157771,
		0,
		0.17135,
		-0.168644,
		0.970669,
		0,
		-0.061695,
		0.98147,
		0.181412,
		0,
		0.08195,
		0.625515,
		-0.26768,
		1,
	},
	[0.65] = {
		-0.991224,
		-0.084812,
		0.1014,
		0,
		0.115189,
		-0.177801,
		0.977302,
		0,
		-0.064857,
		0.980405,
		0.18601,
		0,
		0.08884,
		0.606425,
		-0.291122,
		1,
	},
	[0.666666666667] = {
		-0.996767,
		-0.070687,
		0.038198,
		0,
		0.050613,
		-0.183164,
		0.981779,
		0,
		-0.062402,
		0.980538,
		0.18615,
		0,
		0.096132,
		0.580272,
		-0.314897,
		1,
	},
	[0.683333333333] = {
		-0.998107,
		-0.049877,
		-0.035983,
		0,
		-0.025993,
		-0.188137,
		0.981799,
		0,
		-0.055739,
		0.980875,
		0.186485,
		0,
		0.103699,
		0.546942,
		-0.339956,
		1,
	},
	[0.6] = {
		-0.957765,
		-0.093088,
		0.272068,
		0,
		0.282918,
		-0.135866,
		0.949472,
		0,
		-0.05142,
		0.986344,
		0.156464,
		0,
		0.069257,
		0.652833,
		-0.219899,
		1,
	},
	[0.716666666667] = {
		-0.985736,
		-0.010028,
		-0.168002,
		0,
		-0.162943,
		-0.193006,
		0.967573,
		0,
		-0.042128,
		0.981146,
		0.188619,
		0,
		0.119106,
		0.473496,
		-0.39029,
		1,
	},
	[0.733333333333] = {
		-0.975602,
		0.002311,
		-0.219535,
		0,
		-0.215973,
		-0.189777,
		0.957779,
		0,
		-0.039449,
		0.981825,
		0.185646,
		0,
		0.126991,
		0.433436,
		-0.416024,
		1,
	},
	[0.75] = {
		-0.970337,
		0.007858,
		-0.241628,
		0,
		-0.239164,
		-0.17716,
		0.954681,
		0,
		-0.035305,
		0.984151,
		0.173784,
		0,
		0.134212,
		0.391264,
		-0.441446,
		1,
	},
	[0.766666666667] = {
		-0.9707,
		0.011736,
		-0.240008,
		0,
		-0.23891,
		-0.154209,
		0.958719,
		0,
		-0.02576,
		0.987969,
		0.152495,
		0,
		0.141114,
		0.343314,
		-0.464946,
		1,
	},
	[0.783333333333] = {
		-0.971838,
		0.011257,
		-0.235381,
		0,
		-0.234813,
		-0.130385,
		0.963256,
		0,
		-0.019846,
		0.991399,
		0.129357,
		0,
		0.148656,
		0.290125,
		-0.485921,
		1,
	},
	[0.7] = {
		-0.993861,
		-0.029306,
		-0.106681,
		0,
		-0.099146,
		-0.191937,
		0.976386,
		0,
		-0.04909,
		0.98097,
		0.187853,
		0,
		0.111264,
		0.511135,
		-0.365136,
		1,
	},
	[0.816666666667] = {
		-0.975424,
		0.005918,
		-0.220258,
		0,
		-0.22003,
		-0.078995,
		0.972289,
		0,
		-0.011645,
		0.996857,
		0.078356,
		0,
		0.16311,
		0.18647,
		-0.521276,
		1,
	},
	[0.833333333333] = {
		-0.977378,
		0.003387,
		-0.211474,
		0,
		-0.21137,
		-0.050822,
		0.976084,
		0,
		-0.007442,
		0.998702,
		0.050388,
		0,
		0.168808,
		0.145265,
		-0.536138,
		1,
	},
	[0.85] = {
		-0.979167,
		0.002507,
		-0.20304,
		0,
		-0.203048,
		-0.020598,
		0.978952,
		0,
		-0.001728,
		0.999785,
		0.020678,
		0,
		0.172715,
		0.117347,
		-0.549482,
		1,
	},
	[0.866666666667] = {
		-0.980625,
		0.004285,
		-0.195849,
		0,
		-0.195786,
		0.011966,
		0.980574,
		0,
		0.006545,
		0.999919,
		-0.010895,
		0,
		0.17427,
		0.107387,
		-0.561626,
		1,
	},
	[0.883333333333] = {
		-0.981866,
		0.004291,
		-0.18953,
		0,
		-0.18915,
		0.045004,
		0.980916,
		0,
		0.012739,
		0.998978,
		-0.043376,
		0,
		0.173803,
		0.107826,
		-0.568817,
		1,
	},
	[0.8] = {
		-0.973499,
		0.008932,
		-0.228519,
		0,
		-0.228171,
		-0.105416,
		0.967898,
		0,
		-0.015445,
		0.994388,
		0.10466,
		0,
		0.156196,
		0.236304,
		-0.504619,
		1,
	},
	[0.916666666667] = {
		-0.984426,
		0.001571,
		-0.175795,
		0,
		-0.174633,
		0.106371,
		0.978871,
		0,
		0.020237,
		0.994325,
		-0.10444,
		0,
		0.16972,
		0.108531,
		-0.57143,
		1,
	},
	[0.933333333333] = {
		-0.985704,
		-0.001019,
		-0.168485,
		0,
		-0.167082,
		0.134829,
		0.976681,
		0,
		0.021721,
		0.990868,
		-0.133071,
		0,
		0.166324,
		0.108968,
		-0.572038,
		1,
	},
	[0.95] = {
		-0.986934,
		-0.004321,
		-0.161069,
		0,
		-0.159636,
		0.161899,
		0.97381,
		0,
		0.021869,
		0.986798,
		-0.160473,
		0,
		0.162223,
		0.109407,
		-0.572448,
		1,
	},
	[0.966666666667] = {
		-0.988081,
		-0.00825,
		-0.153711,
		0,
		-0.152515,
		0.187659,
		0.970321,
		0,
		0.02084,
		0.982199,
		-0.186681,
		0,
		0.157578,
		0.109796,
		-0.572665,
		1,
	},
	[0.983333333333] = {
		-0.989136,
		-0.012729,
		-0.14645,
		0,
		-0.145798,
		0.21219,
		0.966291,
		0,
		0.018775,
		0.977145,
		-0.211741,
		0,
		0.152477,
		0.110085,
		-0.572714,
		1,
	},
	[0.9] = {
		-0.983139,
		0.003366,
		-0.182827,
		0,
		-0.18204,
		0.076452,
		0.980314,
		0,
		0.017277,
		0.997068,
		-0.074551,
		0,
		0.172246,
		0.108147,
		-0.570626,
		1,
	},
	[1.01666666667] = {
		-0.990934,
		-0.022993,
		-0.132367,
		0,
		-0.133801,
		0.257763,
		0.956899,
		0,
		0.012117,
		0.965935,
		-0.258502,
		0,
		0.141257,
		0.110236,
		-0.57241,
		1,
	},
	[1.03333333333] = {
		-0.991666,
		-0.028576,
		-0.125627,
		0,
		-0.128599,
		0.278647,
		0.951745,
		0,
		0.007808,
		0.959968,
		-0.28,
		0,
		0.135312,
		0.11019,
		-0.572075,
		1,
	},
	[1.05] = {
		-0.992294,
		-0.03434,
		-0.119048,
		0,
		-0.123865,
		0.298213,
		0.946428,
		0,
		0.003001,
		0.953881,
		-0.300169,
		0,
		0.129202,
		0.110098,
		-0.571652,
		1,
	},
	[1.06666666667] = {
		-0.99283,
		-0.040201,
		-0.112576,
		0,
		-0.119518,
		0.316449,
		0.94105,
		0,
		-0.002207,
		0.947757,
		-0.318985,
		0,
		0.122955,
		0.109971,
		-0.571167,
		1,
	},
	[1.08333333333] = {
		-0.993271,
		-0.046075,
		-0.106253,
		0,
		-0.115557,
		0.333348,
		0.935695,
		0,
		-0.007693,
		0.941677,
		-0.336429,
		0,
		0.116656,
		0.109816,
		-0.570636,
		1,
	},
	{
		-0.990089,
		-0.017676,
		-0.139322,
		0,
		-0.139545,
		0.235573,
		0.961786,
		0,
		0.01582,
		0.971696,
		-0.235705,
		0,
		0.147008,
		0.110223,
		-0.572625,
		1,
	},
	[1.11666666667] = {
		-0.993886,
		-0.057528,
		-0.094245,
		0,
		-0.108766,
		0.363117,
		0.925373,
		0,
		-0.019013,
		0.929966,
		-0.367154,
		0,
		0.104235,
		0.109459,
		-0.569489,
		1,
	},
	[1.13333333333] = {
		-0.994071,
		-0.062948,
		-0.088658,
		0,
		-0.10591,
		0.375984,
		0.920554,
		0,
		-0.024613,
		0.924486,
		-0.380422,
		0,
		0.098279,
		0.109271,
		-0.568901,
		1,
	},
	[1.15] = {
		-0.994196,
		-0.067944,
		-0.083417,
		0,
		-0.103343,
		0.387518,
		0.916051,
		0,
		-0.029914,
		0.919355,
		-0.39229,
		0,
		0.092617,
		0.109073,
		-0.568321,
		1,
	},
	[1.16666666667] = {
		-0.994275,
		-0.072406,
		-0.078578,
		0,
		-0.101033,
		0.397723,
		0.911926,
		0,
		-0.034777,
		0.914644,
		-0.402762,
		0,
		0.087334,
		0.108869,
		-0.567763,
		1,
	},
	[1.18333333333] = {
		-0.994314,
		-0.076387,
		-0.0742,
		0,
		-0.099011,
		0.406588,
		0.908231,
		0,
		-0.039208,
		0.910413,
		-0.411839,
		0,
		0.082502,
		0.108677,
		-0.567238,
		1,
	},
	[1.1] = {
		-0.993621,
		-0.051878,
		-0.100127,
		0,
		-0.111977,
		0.348905,
		0.930444,
		0,
		-0.013334,
		0.935721,
		-0.352488,
		0,
		0.110388,
		0.109643,
		-0.570072,
		1,
	},
	[1.21666666667] = {
		-0.994282,
		-0.083112,
		-0.067055,
		0,
		-0.095982,
		0.420248,
		0.902319,
		0,
		-0.046814,
		0.903595,
		-0.425823,
		0,
		0.074467,
		0.108375,
		-0.566341,
		1,
	},
	[1.23333333333] = {
		-0.994215,
		-0.085963,
		-0.064403,
		0,
		-0.095061,
		0.425019,
		0.900179,
		0,
		-0.05001,
		0.901093,
		-0.430732,
		0,
		0.0714,
		0.108285,
		-0.565994,
		1,
	},
	[1.25] = {
		-0.994131,
		-0.088342,
		-0.06244,
		0,
		-0.094512,
		0.428415,
		0.898625,
		0,
		-0.052636,
		0.899253,
		-0.434251,
		0,
		0.069081,
		0.108234,
		-0.56573,
		1,
	},
	[1.26666666667] = {
		-0.994065,
		-0.089925,
		-0.061222,
		0,
		-0.094225,
		0.430453,
		0.897681,
		0,
		-0.054371,
		0.898122,
		-0.436372,
		0,
		0.067617,
		0.108207,
		-0.565563,
		1,
	},
	[1.28333333333] = {
		-0.994039,
		-0.0905,
		-0.060804,
		0,
		-0.094142,
		0.431133,
		0.897364,
		0,
		-0.054997,
		0.897738,
		-0.437082,
		0,
		0.067108,
		0.108199,
		-0.565504,
		1,
	},
	[1.2] = {
		-0.994315,
		-0.079938,
		-0.070339,
		0,
		-0.097314,
		0.4141,
		0.905014,
		0,
		-0.043217,
		0.906714,
		-0.419525,
		0,
		0.07819,
		0.108508,
		-0.56676,
		1,
	},
}

return spline_matrices
