-- chunkname: @content/characters/player/human/first_person/animations/2h_power_sword/attack_left_down.lua

local spline_matrices = {
	[0.0166666666667] = {
		-0.973902,
		0.0318,
		0.224729,
		0,
		-0.214557,
		0.193937,
		-0.957264,
		0,
		-0.074025,
		-0.980498,
		-0.182052,
		0,
		0.164802,
		-0.187812,
		-0.023948,
		1,
	},
	[0.0333333333333] = {
		-0.823261,
		0.096938,
		0.559326,
		0,
		-0.532264,
		0.210686,
		-0.819943,
		0,
		-0.197326,
		-0.972736,
		-0.121853,
		0,
		0.213921,
		-0.126259,
		-0.020048,
		1,
	},
	[0.05] = {
		-0.698251,
		0.135451,
		0.702921,
		0,
		-0.668473,
		0.227922,
		-0.707952,
		0,
		-0.256104,
		-0.964212,
		-0.068602,
		0,
		0.242973,
		-0.067582,
		-0.014734,
		1,
	},
	[0.0666666666667] = {
		-0.709904,
		0.0852,
		0.699126,
		0,
		-0.665831,
		0.242385,
		-0.705634,
		0,
		-0.229578,
		-0.966432,
		-0.115341,
		0,
		0.226018,
		-0.030057,
		0.004144,
		1,
	},
	[0.0833333333333] = {
		-0.72836,
		0.021065,
		0.684871,
		0,
		-0.659742,
		0.248339,
		-0.709273,
		0,
		-0.185021,
		-0.968444,
		-0.166983,
		0,
		0.199996,
		0.009467,
		0.033027,
		1,
	},
	[0] = {
		-0.99966,
		0.004561,
		0.02568,
		0,
		-0.024371,
		0.18744,
		-0.981974,
		0,
		-0.009292,
		-0.982265,
		-0.187265,
		0,
		0.137545,
		-0.216755,
		-0.025034,
		1,
	},
	[0.116666666667] = {
		-0.924376,
		-0.024112,
		0.380719,
		0,
		-0.375666,
		0.231143,
		-0.897468,
		0,
		-0.066361,
		-0.972621,
		-0.222721,
		0,
		0.18196,
		0.106151,
		0.095161,
		1,
	},
	[0.133333333333] = {
		-0.9923,
		-0.044252,
		0.115687,
		0,
		-0.122158,
		0.195257,
		-0.973115,
		0,
		0.020474,
		-0.979753,
		-0.199159,
		0,
		0.175633,
		0.156919,
		0.127715,
		1,
	},
	[0.15] = {
		-0.991915,
		-0.065831,
		-0.108491,
		0,
		0.100061,
		0.120087,
		-0.987708,
		0,
		0.07805,
		-0.990578,
		-0.112529,
		0,
		0.167094,
		0.212207,
		0.152852,
		1,
	},
	[0.166666666667] = {
		-0.975408,
		-0.094708,
		-0.199022,
		0,
		0.201231,
		-0.014278,
		-0.97944,
		0,
		0.089919,
		-0.995403,
		0.032985,
		0,
		0.153872,
		0.274477,
		0.163568,
		1,
	},
	[0.183333333333] = {
		-0.979754,
		-0.182805,
		-0.081634,
		0,
		0.133306,
		-0.291457,
		-0.94725,
		0,
		0.14937,
		-0.938954,
		0.309925,
		0,
		0.134342,
		0.358388,
		0.155138,
		1,
	},
	[0.1] = {
		-0.807188,
		-0.003137,
		0.590287,
		0,
		-0.572968,
		0.244672,
		-0.782204,
		0,
		-0.141973,
		-0.969601,
		-0.199294,
		0,
		0.189209,
		0.057719,
		0.061647,
		1,
	},
	[0.216666666667] = {
		-0.864802,
		-0.39143,
		0.314484,
		0,
		0.198748,
		-0.842018,
		-0.501502,
		0,
		0.461104,
		-0.371197,
		0.805975,
		0,
		0.085329,
		0.559836,
		0.075236,
		1,
	},
	[0.233333333333] = {
		-0.840787,
		-0.357568,
		0.406475,
		0,
		0.328555,
		-0.933777,
		-0.141814,
		0,
		0.430265,
		0.014314,
		0.902589,
		0,
		0.051766,
		0.653388,
		-0.002384,
		1,
	},
	[0.25] = {
		-0.839089,
		-0.269541,
		0.472521,
		0,
		0.431974,
		-0.858101,
		0.277599,
		0,
		0.330647,
		0.437047,
		0.836458,
		0,
		0.012557,
		0.740865,
		-0.104919,
		1,
	},
	[0.266666666667] = {
		-0.846276,
		-0.182502,
		0.50051,
		0,
		0.495775,
		-0.613669,
		0.614506,
		0,
		0.194999,
		0.768182,
		0.609813,
		0,
		-0.026764,
		0.783982,
		-0.214854,
		1,
	},
	[0.283333333333] = {
		-0.868386,
		-0.136766,
		0.476656,
		0,
		0.486362,
		-0.422408,
		0.764868,
		0,
		0.096736,
		0.896028,
		0.433331,
		0,
		-0.055208,
		0.781985,
		-0.320213,
		1,
	},
	[0.2] = {
		-0.937616,
		-0.315424,
		0.146235,
		0,
		0.090975,
		-0.628541,
		-0.772437,
		0,
		0.33556,
		-0.710945,
		0.618026,
		0,
		0.111627,
		0.462179,
		0.125717,
		1,
	},
	[0.316666666667] = {
		-0.849043,
		-0.105987,
		0.517583,
		0,
		0.527802,
		-0.12665,
		0.839872,
		0,
		-0.023463,
		0.986269,
		0.163472,
		0,
		-0.104093,
		0.752489,
		-0.514841,
		1,
	},
	[0.333333333333] = {
		-0.827941,
		-0.095945,
		0.552547,
		0,
		0.554068,
		0.012426,
		0.832378,
		0,
		-0.086729,
		0.995309,
		0.042872,
		0,
		-0.130882,
		0.737638,
		-0.591155,
		1,
	},
	[0.35] = {
		-0.815636,
		-0.082684,
		0.572626,
		0,
		0.559201,
		0.141254,
		0.81691,
		0,
		-0.148432,
		0.986514,
		-0.068975,
		0,
		-0.154456,
		0.720098,
		-0.620313,
		1,
	},
	[0.366666666667] = {
		-0.819942,
		-0.058173,
		0.569483,
		0,
		0.539682,
		0.253181,
		0.802896,
		0,
		-0.19089,
		0.965668,
		-0.176199,
		0,
		-0.171107,
		0.698154,
		-0.615879,
		1,
	},
	[0.383333333333] = {
		-0.83434,
		-0.025755,
		0.550649,
		0,
		0.508347,
		0.350416,
		0.786633,
		0,
		-0.213216,
		0.93624,
		-0.279274,
		0,
		-0.181614,
		0.672502,
		-0.609688,
		1,
	},
	[0.3] = {
		-0.866118,
		-0.118128,
		0.48568,
		0,
		0.498583,
		-0.273033,
		0.82272,
		0,
		0.035421,
		0.954724,
		0.295375,
		0,
		-0.078099,
		0.767069,
		-0.416096,
		1,
	},
	[0.416666666667] = {
		-0.86834,
		0.016721,
		0.495687,
		0,
		0.424779,
		0.540991,
		0.725873,
		0,
		-0.256025,
		0.840862,
		-0.476867,
		0,
		-0.191104,
		0.610861,
		-0.603679,
		1,
	},
	[0.433333333333] = {
		-0.882967,
		0.006141,
		0.469396,
		0,
		0.356794,
		0.658589,
		0.662539,
		0,
		-0.30507,
		0.752478,
		-0.583704,
		0,
		-0.193712,
		0.575102,
		-0.606957,
		1,
	},
	[0.45] = {
		-0.897497,
		-0.023523,
		0.440393,
		0,
		0.259797,
		0.778725,
		0.571045,
		0,
		-0.356378,
		0.626924,
		-0.692792,
		0,
		-0.19584,
		0.536941,
		-0.610883,
		1,
	},
	[0.466666666667] = {
		-0.910483,
		-0.061243,
		0.408985,
		0,
		0.151328,
		0.871041,
		0.46732,
		0,
		-0.384863,
		0.487378,
		-0.7838,
		0,
		-0.197049,
		0.496203,
		-0.614884,
		1,
	},
	[0.483333333333] = {
		-0.921634,
		-0.095934,
		0.376016,
		0,
		0.058282,
		0.923752,
		0.37853,
		0,
		-0.383659,
		0.370781,
		-0.84577,
		0,
		-0.197272,
		0.453014,
		-0.61873,
		1,
	},
	[0.4] = {
		-0.852146,
		0.002931,
		0.523295,
		0,
		0.470237,
		0.443064,
		0.763264,
		0,
		-0.229616,
		0.896485,
		-0.378934,
		0,
		-0.187676,
		0.643543,
		-0.604438,
		1,
	},
	[0.516666666667] = {
		-0.94311,
		-0.12558,
		0.307852,
		0,
		-0.01672,
		0.942667,
		0.333315,
		0,
		-0.33206,
		0.309205,
		-0.891139,
		0,
		-0.196836,
		0.355967,
		-0.626203,
		1,
	},
	[0.533333333333] = {
		-0.954563,
		-0.132195,
		0.267085,
		0,
		-0.039105,
		0.944043,
		0.327497,
		0,
		-0.295433,
		0.302172,
		-0.906318,
		0,
		-0.196286,
		0.295824,
		-0.630938,
		1,
	},
	[0.55] = {
		-0.965176,
		-0.136899,
		0.22292,
		0,
		-0.059961,
		0.945225,
		0.320866,
		0,
		-0.254635,
		0.296326,
		-0.920517,
		0,
		-0.195539,
		0.230522,
		-0.636159,
		1,
	},
	[0.566666666667] = {
		-0.974115,
		-0.139948,
		0.177524,
		0,
		-0.0789,
		0.94642,
		0.313153,
		0,
		-0.211837,
		0.29104,
		-0.932963,
		0,
		-0.194658,
		0.162988,
		-0.641644,
		1,
	},
	[0.583333333333] = {
		-0.980916,
		-0.141689,
		0.13315,
		0,
		-0.095598,
		0.947773,
		0.304281,
		0,
		-0.169309,
		0.285745,
		-0.943231,
		0,
		-0.193703,
		0.096171,
		-0.647041,
		1,
	},
	[0.5] = {
		-0.931973,
		-0.116681,
		0.343238,
		0,
		0.006755,
		0.941036,
		0.338239,
		0,
		-0.362465,
		0.317548,
		-0.876232,
		0,
		-0.197114,
		0.407659,
		-0.62229,
		1,
	},
	[0.616666666667] = {
		-0.988087,
		-0.143214,
		0.056341,
		0,
		-0.12151,
		0.950652,
		0.285477,
		0,
		-0.094445,
		0.27523,
		-0.956728,
		0,
		-0.191805,
		-0.021997,
		-0.655832,
		1,
	},
	[0.633333333333] = {
		-0.98916,
		-0.144084,
		0.02833,
		0,
		-0.13074,
		0.951982,
		0.276833,
		0,
		-0.066857,
		0.270129,
		-0.9605,
		0,
		-0.190938,
		-0.066725,
		-0.658614,
		1,
	},
	[0.65] = {
		-0.989333,
		-0.145319,
		0.010175,
		0,
		-0.137235,
		0.953166,
		0.26952,
		0,
		-0.048865,
		0.265248,
		-0.962941,
		0,
		-0.190206,
		-0.097397,
		-0.660098,
		1,
	},
	[0.666666666667] = {
		-0.989131,
		-0.146981,
		0.004044,
		0,
		-0.140708,
		0.954186,
		0.264065,
		0,
		-0.042671,
		0.260626,
		-0.964496,
		0,
		-0.189745,
		-0.110632,
		-0.660256,
		1,
	},
	[0.683333333333] = {
		-0.988827,
		-0.148996,
		0.004624,
		0,
		-0.1427,
		0.955104,
		0.25964,
		0,
		-0.043102,
		0.256079,
		-0.965694,
		0,
		-0.189445,
		-0.114071,
		-0.659757,
		1,
	},
	[0.6] = {
		-0.985498,
		-0.142574,
		0.092016,
		0,
		-0.109796,
		0.949217,
		0.294842,
		0,
		-0.12938,
		0.280463,
		-0.951105,
		0,
		-0.192735,
		0.033409,
		-0.651891,
		1,
	},
	[0.716666666667] = {
		-0.98812,
		-0.15358,
		0.005631,
		0,
		-0.147271,
		0.956734,
		0.250939,
		0,
		-0.043927,
		0.247129,
		-0.967986,
		0,
		-0.188654,
		-0.12092,
		-0.658763,
		1,
	},
	[0.733333333333] = {
		-0.987742,
		-0.15598,
		0.006028,
		0,
		-0.149681,
		0.957398,
		0.24695,
		0,
		-0.044291,
		0.243021,
		-0.969009,
		0,
		-0.188192,
		-0.124102,
		-0.658303,
		1,
	},
	[0.75] = {
		-0.987364,
		-0.15834,
		0.006334,
		0,
		-0.15206,
		0.957942,
		0.243362,
		0,
		-0.044602,
		0.239324,
		-0.969915,
		0,
		-0.187705,
		-0.126993,
		-0.657891,
		1,
	},
	[0.766666666667] = {
		-0.987002,
		-0.160575,
		0.00655,
		0,
		-0.154325,
		0.958384,
		0.240176,
		0,
		-0.044844,
		0.236043,
		-0.970707,
		0,
		-0.187208,
		-0.129576,
		-0.657529,
		1,
	},
	[0.783333333333] = {
		-0.986666,
		-0.162624,
		0.006682,
		0,
		-0.156414,
		0.958744,
		0.23737,
		0,
		-0.045008,
		0.233159,
		-0.971396,
		0,
		-0.186712,
		-0.131856,
		-0.657216,
		1,
	},
	[0.7] = {
		-0.988486,
		-0.151224,
		0.005158,
		0,
		-0.144916,
		0.955962,
		0.255217,
		0,
		-0.043525,
		0.251531,
		-0.96687,
		0,
		-0.189076,
		-0.117539,
		-0.659253,
		1,
	},
	[0.816666666667] = {
		-0.986073,
		-0.166176,
		0.006706,
		0,
		-0.160074,
		0.959259,
		0.232805,
		0,
		-0.04512,
		0.228489,
		-0.9725,
		0,
		-0.185735,
		-0.135578,
		-0.656735,
		1,
	},
	[0.833333333333] = {
		-0.985817,
		-0.167695,
		0.006609,
		0,
		-0.161658,
		0.959429,
		0.231002,
		0,
		-0.045079,
		0.226657,
		-0.972931,
		0,
		-0.185257,
		-0.137056,
		-0.656564,
		1,
	},
	[0.85] = {
		-0.985586,
		-0.169053,
		0.006446,
		0,
		-0.163087,
		0.959551,
		0.229489,
		0,
		-0.044981,
		0.225129,
		-0.97329,
		0,
		-0.184788,
		-0.138302,
		-0.656434,
		1,
	},
	[0.866666666667] = {
		-0.98538,
		-0.170259,
		0.006224,
		0,
		-0.164368,
		0.95963,
		0.228242,
		0,
		-0.044833,
		0.223882,
		-0.973585,
		0,
		-0.184331,
		-0.139333,
		-0.656345,
		1,
	},
	[0.883333333333] = {
		-0.985198,
		-0.17132,
		0.005948,
		0,
		-0.165509,
		0.959671,
		0.227239,
		0,
		-0.044639,
		0.222891,
		-0.973821,
		0,
		-0.183886,
		-0.140167,
		-0.656292,
		1,
	},
	[0.8] = {
		-0.986356,
		-0.164488,
		0.006732,
		0,
		-0.158328,
		0.959033,
		0.23492,
		0,
		-0.045098,
		0.230649,
		-0.971991,
		0,
		-0.18622,
		-0.133851,
		-0.656952,
		1,
	},
	[0.916666666667] = {
		-0.984901,
		-0.173036,
		0.005266,
		0,
		-0.167394,
		0.959666,
		0.225876,
		0,
		-0.044139,
		0.221584,
		-0.974142,
		0,
		-0.183041,
		-0.141317,
		-0.656282,
		1,
	},
	[0.933333333333] = {
		-0.984785,
		-0.173707,
		0.004875,
		0,
		-0.168153,
		0.959629,
		0.22547,
		0,
		-0.043844,
		0.22122,
		-0.974238,
		0,
		-0.182644,
		-0.141666,
		-0.656317,
		1,
	},
	[0.95] = {
		-0.984689,
		-0.174263,
		0.00446,
		0,
		-0.168798,
		0.959575,
		0.225219,
		0,
		-0.043527,
		0.221018,
		-0.974298,
		0,
		-0.182266,
		-0.141889,
		-0.656374,
		1,
	},
	[0.966666666667] = {
		-0.984611,
		-0.174712,
		0.004029,
		0,
		-0.169337,
		0.959508,
		0.225099,
		0,
		-0.043194,
		0.220952,
		-0.974328,
		0,
		-0.181908,
		-0.142003,
		-0.656449,
		1,
	},
	[0.983333333333] = {
		-0.984551,
		-0.175062,
		0.003591,
		0,
		-0.169775,
		0.959433,
		0.225087,
		0,
		-0.04285,
		0.221,
		-0.974332,
		0,
		-0.181574,
		-0.142025,
		-0.656537,
		1,
	},
	[0.9] = {
		-0.985038,
		-0.172243,
		0.005627,
		0,
		-0.166515,
		0.959682,
		0.226458,
		0,
		-0.044406,
		0.222133,
		-0.974005,
		0,
		-0.183455,
		-0.140823,
		-0.656272,
		1,
	},
	[1.01666666667] = {
		-0.984477,
		-0.175494,
		0.002725,
		0,
		-0.170378,
		0.959276,
		0.225301,
		0,
		-0.042153,
		0.221339,
		-0.974285,
		0,
		-0.180977,
		-0.141863,
		-0.656736,
		1,
	},
	[1.03333333333] = {
		-0.98446,
		-0.175592,
		0.002314,
		0,
		-0.170557,
		0.959202,
		0.225481,
		0,
		-0.041812,
		0.221582,
		-0.974245,
		0,
		-0.180718,
		-0.141715,
		-0.65684,
		1,
	},
	[1.05] = {
		-0.984456,
		-0.175622,
		0.001928,
		0,
		-0.170663,
		0.959137,
		0.225679,
		0,
		-0.041484,
		0.221842,
		-0.9742,
		0,
		-0.180488,
		-0.141544,
		-0.65694,
		1,
	},
	[1.06666666667] = {
		-0.984462,
		-0.175591,
		0.001576,
		0,
		-0.170703,
		0.959084,
		0.225873,
		0,
		-0.041173,
		0.222094,
		-0.974155,
		0,
		-0.180288,
		-0.141369,
		-0.657032,
		1,
	},
	[1.08333333333] = {
		-0.984477,
		-0.175507,
		0.001267,
		0,
		-0.170683,
		0.959048,
		0.226041,
		0,
		-0.040886,
		0.222316,
		-0.974117,
		0,
		-0.180119,
		-0.141207,
		-0.657113,
		1,
	},
	{
		-0.984506,
		-0.17532,
		0.003154,
		0,
		-0.17012,
		0.959355,
		0.225162,
		0,
		-0.042501,
		0.221137,
		-0.974316,
		0,
		-0.181262,
		-0.141973,
		-0.656634,
		1,
	},
	[1.11666666667] = {
		-0.98453,
		-0.175214,
		0.000807,
		0,
		-0.170493,
		0.959043,
		0.226205,
		0,
		-0.040408,
		0.222568,
		-0.974079,
		0,
		-0.179883,
		-0.140991,
		-0.657224,
		1,
	},
	[1.13333333333] = {
		-0.984565,
		-0.17502,
		0.000674,
		0,
		-0.170335,
		0.959082,
		0.226156,
		0,
		-0.040228,
		0.222551,
		-0.974091,
		0,
		-0.179819,
		-0.140972,
		-0.657246,
		1,
	},
	[1.15] = {
		-0.984603,
		-0.174805,
		0.000616,
		0,
		-0.170146,
		0.959155,
		0.225991,
		0,
		-0.040095,
		0.222406,
		-0.974129,
		0,
		-0.179793,
		-0.141037,
		-0.657239,
		1,
	},
	[1.16666666667] = {
		-0.984643,
		-0.174577,
		0.000641,
		0,
		-0.169931,
		0.959265,
		0.225684,
		0,
		-0.040014,
		0.22211,
		-0.9742,
		0,
		-0.179806,
		-0.141201,
		-0.6572,
		1,
	},
	[1.1] = {
		-0.984501,
		-0.175379,
		0.001007,
		0,
		-0.170611,
		0.959033,
		0.226159,
		0,
		-0.04063,
		0.222482,
		-0.97409,
		0,
		-0.179984,
		-0.141075,
		-0.657179,
		1,
	},
}

return spline_matrices
