-- chunkname: @content/characters/player/human/first_person/animations/2h_power_sword/heavy_attack_left.lua

local spline_matrices = {
	[0.0166666666667] = {
		-0.39883,
		-0.036143,
		0.916312,
		0,
		-0.90836,
		-0.121467,
		-0.40016,
		0,
		0.125764,
		-0.991937,
		0.015614,
		0,
		0.415194,
		-0.030269,
		-0.099725,
		1,
	},
	[0.0333333333333] = {
		-0.39883,
		-0.036143,
		0.916312,
		0,
		-0.90836,
		-0.121467,
		-0.40016,
		0,
		0.125764,
		-0.991937,
		0.015614,
		0,
		0.415194,
		-0.030269,
		-0.099725,
		1,
	},
	[0.05] = {
		-0.39883,
		-0.036143,
		0.916312,
		0,
		-0.90836,
		-0.121467,
		-0.40016,
		0,
		0.125764,
		-0.991937,
		0.015614,
		0,
		0.415194,
		-0.030269,
		-0.099725,
		1,
	},
	[0.0666666666667] = {
		-0.384914,
		-0.033072,
		0.92236,
		0,
		-0.917429,
		-0.095459,
		-0.386279,
		0,
		0.100823,
		-0.994884,
		0.006403,
		0,
		0.402591,
		-0.03048,
		-0.100933,
		1,
	},
	[0.0833333333333] = {
		-0.347977,
		-0.025173,
		0.937165,
		0,
		-0.936656,
		-0.033152,
		-0.348678,
		0,
		0.039846,
		-0.999133,
		-0.012042,
		0,
		0.372489,
		-0.029878,
		-0.103993,
		1,
	},
	[0] = {
		-0.39883,
		-0.036143,
		0.916312,
		0,
		-0.90836,
		-0.121467,
		-0.40016,
		0,
		0.125764,
		-0.991937,
		0.015614,
		0,
		0.415194,
		-0.030269,
		-0.099725,
		1,
	},
	[0.116666666667] = {
		-0.249008,
		-0.007708,
		0.968471,
		0,
		-0.963398,
		0.104488,
		-0.246872,
		0,
		-0.099291,
		-0.994496,
		-0.033444,
		0,
		0.306074,
		-0.018883,
		-0.111675,
		1,
	},
	[0.133333333333] = {
		-0.216788,
		-0.003198,
		0.976213,
		0,
		-0.967902,
		0.130954,
		-0.214513,
		0,
		-0.127153,
		-0.991383,
		-0.031484,
		0,
		0.29285,
		-0.004878,
		-0.113454,
		1,
	},
	[0.15] = {
		-0.201833,
		0.001037,
		0.979419,
		0,
		-0.97205,
		0.122234,
		-0.200444,
		0,
		-0.119926,
		-0.992501,
		-0.023663,
		0,
		0.309318,
		0.041865,
		-0.113855,
		1,
	},
	[0.166666666667] = {
		-0.189052,
		0.009894,
		0.981917,
		0,
		-0.98028,
		0.056696,
		-0.189308,
		0,
		-0.057544,
		-0.998342,
		-0.00102,
		0,
		0.341228,
		0.130646,
		-0.113631,
		1,
	},
	[0.183333333333] = {
		-0.171925,
		0.029791,
		0.98466,
		0,
		-0.978094,
		-0.124241,
		-0.167019,
		0,
		0.117359,
		-0.991805,
		0.050499,
		0,
		0.360006,
		0.238128,
		-0.111314,
		1,
	},
	[0.1] = {
		-0.297825,
		-0.015594,
		0.954493,
		0,
		-0.953975,
		0.041635,
		-0.296983,
		0,
		-0.035109,
		-0.999011,
		-0.027276,
		0,
		0.33646,
		-0.026618,
		-0.107988,
		1,
	},
	[0.216666666667] = {
		-0.185766,
		-0.010269,
		0.98254,
		0,
		-0.076693,
		-0.996743,
		-0.024917,
		0,
		0.979596,
		-0.079983,
		0.184373,
		0,
		0.327683,
		0.564658,
		-0.094551,
		1,
	},
	[0.233333333333] = {
		-0.079532,
		-0.098434,
		0.99196,
		0,
		0.699849,
		-0.714138,
		-0.014754,
		0,
		0.709849,
		0.693049,
		0.125686,
		0,
		0.183798,
		0.696312,
		-0.078421,
		1,
	},
	[0.25] = {
		-0.214106,
		-0.038833,
		0.976038,
		0,
		0.972102,
		-0.106463,
		0.209007,
		0,
		0.095795,
		0.993558,
		0.060544,
		0,
		-0.026556,
		0.755535,
		-0.067481,
		1,
	},
	[0.266666666667] = {
		-0.23385,
		-0.162815,
		0.958543,
		0,
		0.918244,
		0.287085,
		0.272782,
		0,
		-0.319597,
		0.943967,
		0.082369,
		0,
		-0.255061,
		0.737838,
		-0.119816,
		1,
	},
	[0.283333333333] = {
		-0.275955,
		-0.26246,
		0.924642,
		0,
		0.768639,
		0.517334,
		0.376243,
		0,
		-0.577098,
		0.814543,
		0.058976,
		0,
		-0.474458,
		0.690019,
		-0.156069,
		1,
	},
	[0.2] = {
		-0.160419,
		0.024709,
		0.98674,
		0,
		-0.801261,
		-0.587049,
		-0.115564,
		0,
		0.576409,
		-0.809175,
		0.113972,
		0,
		0.359979,
		0.386915,
		-0.105214,
		1,
	},
	[0.316666666667] = {
		-0.284926,
		-0.304676,
		0.90884,
		0,
		0.650479,
		0.634953,
		0.416788,
		0,
		-0.704056,
		0.709935,
		0.017271,
		0,
		-0.681053,
		0.544995,
		-0.161955,
		1,
	},
	[0.333333333333] = {
		-0.217288,
		-0.257414,
		0.941554,
		0,
		0.552396,
		0.762848,
		0.336037,
		0,
		-0.804764,
		0.593128,
		-0.023563,
		0,
		-0.671218,
		0.38093,
		-0.151247,
		1,
	},
	[0.35] = {
		-0.130073,
		-0.200411,
		0.971039,
		0,
		0.385151,
		0.892236,
		0.23574,
		0,
		-0.913641,
		0.40466,
		-0.038868,
		0,
		-0.650569,
		0.213429,
		-0.132014,
		1,
	},
	[0.366666666667] = {
		-0.057929,
		-0.144735,
		0.987773,
		0,
		0.174326,
		0.972767,
		0.152759,
		0,
		-0.982983,
		0.181043,
		-0.03112,
		0,
		-0.598448,
		0.089995,
		-0.118387,
		1,
	},
	[0.383333333333] = {
		-0.011721,
		-0.095118,
		0.995397,
		0,
		0.000803,
		0.995464,
		0.095134,
		0,
		-0.999931,
		0.001914,
		-0.011592,
		0,
		-0.524906,
		0.009186,
		-0.109326,
		1,
	},
	[0.3] = {
		-0.320492,
		-0.321214,
		0.891126,
		0,
		0.668104,
		0.590246,
		0.453042,
		0,
		-0.671507,
		0.740561,
		0.025435,
		0,
		-0.621243,
		0.618845,
		-0.167876,
		1,
	},
	[0.416666666667] = {
		0.01181,
		-0.052594,
		0.998546,
		0,
		-0.064035,
		0.996526,
		0.053245,
		0,
		-0.997878,
		-0.064571,
		0.008401,
		0,
		-0.385116,
		-0.068962,
		-0.104153,
		1,
	},
	[0.433333333333] = {
		0.012875,
		-0.041788,
		0.999044,
		0,
		-0.060438,
		0.997267,
		0.042493,
		0,
		-0.998089,
		-0.060927,
		0.010314,
		0,
		-0.356829,
		-0.08614,
		-0.104421,
		1,
	},
	[0.45] = {
		0.013468,
		-0.034537,
		0.999313,
		0,
		-0.056562,
		0.997777,
		0.035246,
		0,
		-0.998308,
		-0.056998,
		0.011485,
		0,
		-0.361724,
		-0.095335,
		-0.104021,
		1,
	},
	[0.466666666667] = {
		0.013785,
		-0.031763,
		0.9994,
		0,
		-0.052674,
		0.998084,
		0.032447,
		0,
		-0.998517,
		-0.05309,
		0.012085,
		0,
		-0.380029,
		-0.102857,
		-0.103408,
		1,
	},
	[0.483333333333] = {
		0.056672,
		-0.016223,
		0.998261,
		0,
		-0.086618,
		0.996018,
		0.021104,
		0,
		-0.994628,
		-0.087663,
		0.055041,
		0,
		-0.408828,
		-0.116717,
		-0.093841,
		1,
	},
	[0.4] = {
		0.01005,
		-0.06605,
		0.997766,
		0,
		-0.067106,
		0.995522,
		0.066577,
		0,
		-0.997695,
		-0.067625,
		0.005573,
		0,
		-0.44844,
		-0.039287,
		-0.103481,
		1,
	},
	[0.516666666667] = {
		0.136005,
		0.11341,
		0.984196,
		0,
		-0.218317,
		0.972436,
		-0.081886,
		0,
		-0.966354,
		-0.20373,
		0.157015,
		0,
		-0.484465,
		-0.160745,
		-0.106592,
		1,
	},
	[0.533333333333] = {
		0.12015,
		0.185137,
		0.97534,
		0,
		-0.224173,
		0.962142,
		-0.155017,
		0,
		-0.967114,
		-0.20002,
		0.157104,
		0,
		-0.514946,
		-0.183307,
		-0.141446,
		1,
	},
	[0.55] = {
		0.066909,
		0.229801,
		0.970935,
		0,
		-0.154211,
		0.963804,
		-0.217486,
		0,
		-0.98577,
		-0.135177,
		0.099925,
		0,
		-0.528369,
		-0.203888,
		-0.188937,
		1,
	},
	[0.566666666667] = {
		0.025029,
		0.242036,
		0.969944,
		0,
		-0.012087,
		0.970251,
		-0.241801,
		0,
		-0.999614,
		-0.005671,
		0.02721,
		0,
		-0.528531,
		-0.213023,
		-0.228774,
		1,
	},
	[0.583333333333] = {
		0.015751,
		0.186652,
		0.9823,
		0,
		0.163101,
		0.968784,
		-0.186699,
		0,
		-0.986484,
		0.163154,
		-0.015184,
		0,
		-0.526327,
		-0.208321,
		-0.247998,
		1,
	},
	[0.5] = {
		0.1163,
		0.035872,
		0.992566,
		0,
		-0.159872,
		0.986992,
		-0.016939,
		0,
		-0.980263,
		-0.156713,
		0.120522,
		0,
		-0.446095,
		-0.137936,
		-0.089048,
		1,
	},
	[0.616666666667] = {
		-0.051033,
		-0.058643,
		0.996974,
		0,
		0.411824,
		0.908213,
		0.074502,
		0,
		-0.909833,
		0.41438,
		-0.022198,
		0,
		-0.522615,
		-0.192157,
		-0.250677,
		1,
	},
	[0.633333333333] = {
		-0.076743,
		-0.113971,
		0.990516,
		0,
		0.440433,
		0.88739,
		0.136228,
		0,
		-0.894499,
		0.44671,
		-0.017904,
		0,
		-0.522897,
		-0.190607,
		-0.24942,
		1,
	},
	[0.65] = {
		-0.077196,
		-0.11407,
		0.990469,
		0,
		0.437279,
		0.888913,
		0.136455,
		0,
		-0.896006,
		0.443646,
		-0.01874,
		0,
		-0.52203,
		-0.192436,
		-0.249834,
		1,
	},
	[0.666666666667] = {
		-0.077799,
		-0.114353,
		0.990389,
		0,
		0.433877,
		0.89051,
		0.136904,
		0,
		-0.897607,
		0.440358,
		-0.019666,
		0,
		-0.521063,
		-0.194348,
		-0.250371,
		1,
	},
	[0.683333333333] = {
		-0.078621,
		-0.114809,
		0.990271,
		0,
		0.430228,
		0.892173,
		0.137593,
		0,
		-0.89929,
		0.43686,
		-0.02075,
		0,
		-0.51998,
		-0.196338,
		-0.251068,
		1,
	},
	[0.6] = {
		-0.007111,
		0.066257,
		0.997777,
		0,
		0.3172,
		0.946421,
		-0.060586,
		0,
		-0.948332,
		0.316064,
		-0.027747,
		0,
		-0.523311,
		-0.198953,
		-0.252529,
		1,
	},
	[0.716666666667] = {
		-0.080962,
		-0.116087,
		0.989934,
		0,
		0.422238,
		0.895676,
		0.139566,
		0,
		-0.902862,
		0.429288,
		-0.023499,
		0,
		-0.517467,
		-0.200551,
		-0.252925,
		1,
	},
	[0.733333333333] = {
		-0.082385,
		-0.116866,
		0.989725,
		0,
		0.417936,
		0.897505,
		0.140765,
		0,
		-0.904733,
		0.425238,
		-0.025098,
		0,
		-0.516063,
		-0.202766,
		-0.254025,
		1,
	},
	[0.75] = {
		-0.083913,
		-0.117708,
		0.989497,
		0,
		0.413453,
		0.899376,
		0.14205,
		0,
		-0.90665,
		0.421031,
		-0.026803,
		0,
		-0.514579,
		-0.20505,
		-0.255199,
		1,
	},
	[0.766666666667] = {
		-0.0855,
		-0.118593,
		0.989255,
		0,
		0.408811,
		0.901286,
		0.14338,
		0,
		-0.908605,
		0.416677,
		-0.028578,
		0,
		-0.513029,
		-0.207398,
		-0.256418,
		1,
	},
	[0.783333333333] = {
		-0.087099,
		-0.119499,
		0.989006,
		0,
		0.404028,
		0.903227,
		0.144716,
		0,
		-0.91059,
		0.412191,
		-0.030389,
		0,
		-0.511429,
		-0.209808,
		-0.257652,
		1,
	},
	[0.7] = {
		-0.079691,
		-0.115394,
		0.990118,
		0,
		0.426342,
		0.893897,
		0.138495,
		0,
		-0.901045,
		0.433166,
		-0.022038,
		0,
		-0.518777,
		-0.198407,
		-0.251929,
		1,
	},
	[0.816666666667] = {
		-0.090142,
		-0.121286,
		0.988516,
		0,
		0.394123,
		0.907186,
		0.147246,
		0,
		-0.914626,
		0.40287,
		-0.033974,
		0,
		-0.508134,
		-0.214801,
		-0.260045,
		1,
	},
	[0.833333333333] = {
		-0.091493,
		-0.122124,
		0.988289,
		0,
		0.389042,
		0.909194,
		0.148366,
		0,
		-0.916666,
		0.39806,
		-0.035673,
		0,
		-0.506471,
		-0.217378,
		-0.261146,
		1,
	},
	[0.85] = {
		-0.092667,
		-0.122897,
		0.988084,
		0,
		0.383903,
		0.911217,
		0.14934,
		0,
		-0.918712,
		0.393167,
		-0.037259,
		0,
		-0.504818,
		-0.220006,
		-0.262144,
		1,
	},
	[0.866666666667] = {
		-0.093618,
		-0.123583,
		0.987908,
		0,
		0.378727,
		0.91325,
		0.150133,
		0,
		-0.920761,
		0.388203,
		-0.038693,
		0,
		-0.503192,
		-0.222681,
		-0.26301,
		1,
	},
	[0.883333333333] = {
		-0.094299,
		-0.12416,
		0.987771,
		0,
		0.373537,
		0.915291,
		0.15071,
		0,
		-0.92281,
		0.383181,
		-0.039933,
		0,
		-0.501609,
		-0.225402,
		-0.263715,
		1,
	},
	[0.8] = {
		-0.088662,
		-0.120403,
		0.988758,
		0,
		0.399125,
		0.905195,
		0.146017,
		0,
		-0.9126,
		0.407584,
		-0.0322,
		0,
		-0.509792,
		-0.212277,
		-0.258871,
		1,
	},
	[0.916666666667] = {
		-0.094703,
		-0.124844,
		0.987646,
		0,
		0.363504,
		0.919264,
		0.151056,
		0,
		-0.926767,
		0.373319,
		-0.041676,
		0,
		-0.498717,
		-0.230815,
		-0.264516,
		1,
	},
	[0.933333333333] = {
		-0.094405,
		-0.124896,
		0.987668,
		0,
		0.359287,
		0.920962,
		0.150803,
		0,
		-0.92844,
		0.369093,
		-0.04207,
		0,
		-0.497592,
		-0.233177,
		-0.264563,
		1,
	},
	[0.95] = {
		-0.093936,
		-0.124774,
		0.987728,
		0,
		0.355643,
		0.922449,
		0.15035,
		0,
		-0.929889,
		0.365402,
		-0.042277,
		0,
		-0.496661,
		-0.235273,
		-0.264458,
		1,
	},
	[0.966666666667] = {
		-0.093499,
		-0.124497,
		0.987805,
		0,
		0.352509,
		0.923743,
		0.149789,
		0,
		-0.931126,
		0.362215,
		-0.042483,
		0,
		-0.495862,
		-0.237118,
		-0.264309,
		1,
	},
	[0.983333333333] = {
		-0.093093,
		-0.124087,
		0.987895,
		0,
		0.349848,
		0.924859,
		0.149137,
		0,
		-0.93217,
		0.359496,
		-0.042686,
		0,
		-0.495188,
		-0.23873,
		-0.264122,
		1,
	},
	[0.9] = {
		-0.094664,
		-0.124595,
		0.987682,
		0,
		0.368353,
		0.917337,
		0.151026,
		0,
		-0.924854,
		0.378112,
		-0.040944,
		0,
		-0.500086,
		-0.228171,
		-0.264226,
		1,
	},
	[1.01666666667] = {
		-0.092374,
		-0.122954,
		0.988104,
		0,
		0.3458,
		0.926621,
		0.147631,
		0,
		-0.93375,
		0.355324,
		-0.043078,
		0,
		-0.494178,
		-0.241319,
		-0.26366,
		1,
	},
	[1.03333333333] = {
		-0.092061,
		-0.122272,
		0.988218,
		0,
		0.34434,
		0.927295,
		0.146812,
		0,
		-0.93432,
		0.353799,
		-0.043264,
		0,
		-0.493824,
		-0.242327,
		-0.263398,
		1,
	},
	[1.05] = {
		-0.091778,
		-0.121541,
		0.988334,
		0,
		0.343205,
		0.927848,
		0.145973,
		0,
		-0.934766,
		0.352599,
		-0.043442,
		0,
		-0.493557,
		-0.243167,
		-0.263124,
		1,
	},
	[1.06666666667] = {
		-0.091524,
		-0.120782,
		0.988451,
		0,
		0.342359,
		0.928293,
		0.145131,
		0,
		-0.935101,
		0.351688,
		-0.04361,
		0,
		-0.493367,
		-0.243853,
		-0.262846,
		1,
	},
	[1.08333333333] = {
		-0.0913,
		-0.120015,
		0.988565,
		0,
		0.341763,
		0.928641,
		0.144304,
		0,
		-0.935341,
		0.35103,
		-0.043768,
		0,
		-0.493243,
		-0.244401,
		-0.26257,
		1,
	},
	{
		-0.092718,
		-0.123566,
		0.987995,
		0,
		0.347624,
		0.925814,
		0.148412,
		0,
		-0.933039,
		0.357211,
		-0.042885,
		0,
		-0.49463,
		-0.240125,
		-0.263903,
		1,
	},
	[1.11666666667] = {
		-0.090936,
		-0.11854,
		0.988776,
		0,
		0.34117,
		0.929097,
		0.142763,
		0,
		-0.935593,
		0.350324,
		-0.044046,
		0,
		-0.493151,
		-0.245145,
		-0.262048,
		1,
	},
	[1.13333333333] = {
		-0.090796,
		-0.117874,
		0.988869,
		0,
		0.341098,
		0.929228,
		0.142084,
		0,
		-0.935633,
		0.350202,
		-0.044163,
		0,
		-0.493161,
		-0.245372,
		-0.261817,
		1,
	},
	[1.15] = {
		-0.090682,
		-0.117283,
		0.98895,
		0,
		0.341124,
		0.929309,
		0.14149,
		0,
		-0.935634,
		0.350185,
		-0.044264,
		0,
		-0.493194,
		-0.245523,
		-0.261613,
		1,
	},
	[1.16666666667] = {
		-0.090595,
		-0.116787,
		0.989016,
		0,
		0.341211,
		0.929352,
		0.140997,
		0,
		-0.935611,
		0.350237,
		-0.044346,
		0,
		-0.493239,
		-0.245613,
		-0.261444,
		1,
	},
	[1.18333333333] = {
		-0.090534,
		-0.116408,
		0.989067,
		0,
		0.34132,
		0.929368,
		0.140624,
		0,
		-0.935577,
		0.350319,
		-0.044407,
		0,
		-0.493284,
		-0.245659,
		-0.261315,
		1,
	},
	[1.1] = {
		-0.091104,
		-0.119261,
		0.988674,
		0,
		0.341379,
		0.928906,
		0.143508,
		0,
		-0.9355,
		0.350587,
		-0.043914,
		0,
		-0.493175,
		-0.244826,
		-0.262302,
		1,
	},
	[1.21666666667] = {
		-0.090485,
		-0.116079,
		0.98911,
		0,
		0.341453,
		0.929368,
		0.140305,
		0,
		-0.935533,
		0.350429,
		-0.044458,
		0,
		-0.493334,
		-0.245677,
		-0.261204,
		1,
	},
	[1.2] = {
		-0.090497,
		-0.116165,
		0.989099,
		0,
		0.341413,
		0.92937,
		0.140387,
		0,
		-0.935547,
		0.350396,
		-0.044445,
		0,
		-0.49332,
		-0.245675,
		-0.261233,
		1,
	},
}

return spline_matrices
