-- chunkname: @content/characters/player/human/first_person/animations/2h_power_sword/heavy_attack_right_down.lua

local spline_matrices = {
	[0.0166666666667] = {
		-0.953045,
		-0.03608,
		-0.300673,
		0,
		0.267657,
		0.36407,
		-0.892083,
		0,
		0.141652,
		-0.930672,
		-0.337318,
		0,
		-0.252089,
		-0.109762,
		0.109776,
		1,
	},
	[0.0333333333333] = {
		-0.953045,
		-0.03608,
		-0.300673,
		0,
		0.267657,
		0.36407,
		-0.892083,
		0,
		0.141652,
		-0.930672,
		-0.337318,
		0,
		-0.252089,
		-0.109762,
		0.109776,
		1,
	},
	[0.05] = {
		-0.953045,
		-0.03608,
		-0.300673,
		0,
		0.267657,
		0.36407,
		-0.892083,
		0,
		0.141652,
		-0.930672,
		-0.337318,
		0,
		-0.252089,
		-0.109762,
		0.109776,
		1,
	},
	[0.0666666666667] = {
		-0.953045,
		-0.03608,
		-0.300673,
		0,
		0.267657,
		0.36407,
		-0.892083,
		0,
		0.141652,
		-0.930672,
		-0.337318,
		0,
		-0.252089,
		-0.109762,
		0.109776,
		1,
	},
	[0.0833333333333] = {
		-0.963126,
		0.02108,
		-0.268224,
		0,
		0.25857,
		0.348073,
		-0.901103,
		0,
		0.074366,
		-0.93723,
		-0.340689,
		0,
		-0.251965,
		-0.098438,
		0.110172,
		1,
	},
	[0] = {
		-0.953045,
		-0.03608,
		-0.300673,
		0,
		0.267657,
		0.36407,
		-0.892083,
		0,
		0.141652,
		-0.930672,
		-0.337318,
		0,
		-0.252089,
		-0.109762,
		0.109776,
		1,
	},
	[0.116666666667] = {
		-0.959083,
		0.268888,
		-0.088656,
		0,
		0.15507,
		0.236889,
		-0.959081,
		0,
		-0.236884,
		-0.933586,
		-0.268893,
		0,
		-0.245572,
		-0.014376,
		0.106272,
		1,
	},
	[0.133333333333] = {
		-0.946539,
		0.322499,
		-0.00759,
		0,
		0.066068,
		0.170773,
		-0.983093,
		0,
		-0.31575,
		-0.931038,
		-0.18295,
		0,
		-0.235518,
		0.052699,
		0.095759,
		1,
	},
	[0.15] = {
		-0.953636,
		0.299498,
		0.029653,
		0,
		-0.015252,
		0.050307,
		-0.998617,
		0,
		-0.300576,
		-0.95277,
		-0.043407,
		0,
		-0.220104,
		0.132098,
		0.076193,
		1,
	},
	[0.166666666667] = {
		-0.958746,
		0.275006,
		-0.071954,
		0,
		-0.037681,
		-0.373838,
		-0.926728,
		0,
		-0.281755,
		-0.885786,
		0.368778,
		0,
		-0.174213,
		0.257232,
		0.053709,
		1,
	},
	[0.183333333333] = {
		-0.930737,
		0.260972,
		-0.256168,
		0,
		-0.018293,
		-0.732859,
		-0.680135,
		0,
		-0.365231,
		-0.628341,
		0.686873,
		0,
		-0.122913,
		0.412771,
		0.008356,
		1,
	},
	[0.1] = {
		-0.971421,
		0.146237,
		-0.186967,
		0,
		0.223843,
		0.302326,
		-0.926549,
		0,
		-0.078971,
		-0.94192,
		-0.32642,
		0,
		-0.250421,
		-0.065844,
		0.109879,
		1,
	},
	[0.216666666667] = {
		-0.827872,
		0.30554,
		-0.470397,
		0,
		-0.479181,
		-0.821166,
		0.309954,
		0,
		-0.291571,
		0.482008,
		0.826229,
		0,
		8.6e-05,
		0.656594,
		-0.127023,
		1,
	},
	[0.233333333333] = {
		-0.939777,
		0.035972,
		-0.339891,
		0,
		-0.322212,
		-0.424966,
		0.845921,
		0,
		-0.114012,
		0.904494,
		0.410964,
		0,
		0.05667,
		0.71138,
		-0.236282,
		1,
	},
	[0.25] = {
		-0.939514,
		0.043611,
		-0.339722,
		0,
		-0.342497,
		-0.111276,
		0.932906,
		0,
		0.002882,
		0.992832,
		0.119482,
		0,
		0.103229,
		0.726793,
		-0.391268,
		1,
	},
	[0.266666666667] = {
		-0.691512,
		-0.00871,
		-0.722313,
		0,
		-0.71598,
		0.140921,
		0.68375,
		0,
		0.095833,
		0.989982,
		-0.103685,
		0,
		0.126091,
		0.729216,
		-0.550209,
		1,
	},
	[0.283333333333] = {
		-0.72083,
		-0.055181,
		-0.690911,
		0,
		-0.676174,
		0.275008,
		0.683491,
		0,
		0.15229,
		0.959857,
		-0.235546,
		0,
		0.145778,
		0.719257,
		-0.615217,
		1,
	},
	[0.2] = {
		-0.880732,
		0.274784,
		-0.385752,
		0,
		-0.169205,
		-0.943289,
		-0.285615,
		0,
		-0.442358,
		-0.186279,
		0.87728,
		0,
		-0.065934,
		0.556558,
		-0.051789,
		1,
	},
	[0.316666666667] = {
		-0.905205,
		-0.053047,
		-0.421652,
		0,
		-0.37339,
		0.573073,
		0.729498,
		0,
		0.202939,
		0.817786,
		-0.538555,
		0,
		0.141418,
		0.67446,
		-0.664796,
		1,
	},
	[0.333333333333] = {
		-0.905367,
		-0.063345,
		-0.419878,
		0,
		-0.374989,
		0.583212,
		0.720588,
		0,
		0.199232,
		0.809846,
		-0.551775,
		0,
		0.144628,
		0.633299,
		-0.674116,
		1,
	},
	[0.35] = {
		-0.906586,
		-0.078462,
		-0.414663,
		0,
		-0.373807,
		0.605356,
		0.702718,
		0,
		0.195881,
		0.792078,
		-0.578137,
		0,
		0.143156,
		0.574781,
		-0.669897,
		1,
	},
	[0.366666666667] = {
		-0.910359,
		-0.093627,
		-0.40309,
		0,
		-0.367295,
		0.631537,
		0.682829,
		0,
		0.190635,
		0.769672,
		-0.609314,
		0,
		0.12848,
		0.51272,
		-0.662278,
		1,
	},
	[0.383333333333] = {
		-0.91563,
		-0.107454,
		-0.387396,
		0,
		-0.357066,
		0.660152,
		0.660835,
		0,
		0.184731,
		0.743406,
		-0.642823,
		0,
		0.097087,
		0.449427,
		-0.656994,
		1,
	},
	[0.3] = {
		-0.859097,
		-0.06472,
		-0.507704,
		0,
		-0.478518,
		0.453504,
		0.7519,
		0,
		0.181583,
		0.888901,
		-0.420574,
		0,
		0.14021,
		0.703123,
		-0.645852,
		1,
	},
	[0.416666666667] = {
		-0.919297,
		-0.124808,
		-0.373251,
		0,
		-0.339725,
		0.730454,
		0.592473,
		0,
		0.198697,
		0.671461,
		-0.713904,
		0,
		0.082019,
		0.330249,
		-0.666788,
		1,
	},
	[0.433333333333] = {
		-0.915104,
		-0.126078,
		-0.383,
		0,
		-0.332048,
		0.774508,
		0.538407,
		0,
		0.228755,
		0.619873,
		-0.750619,
		0,
		0.083585,
		0.292234,
		-0.674789,
		1,
	},
	[0.45] = {
		-0.909731,
		-0.127445,
		-0.395154,
		0,
		-0.321566,
		0.818321,
		0.476389,
		0,
		0.26265,
		0.560454,
		-0.785434,
		0,
		0.085636,
		0.255952,
		-0.682176,
		1,
	},
	[0.466666666667] = {
		-0.905769,
		-0.124029,
		-0.405216,
		0,
		-0.306949,
		0.851286,
		0.425552,
		0,
		0.292174,
		0.509833,
		-0.809139,
		0,
		0.087677,
		0.223846,
		-0.690009,
		1,
	},
	[0.483333333333] = {
		-0.905588,
		-0.11184,
		-0.409149,
		0,
		-0.290477,
		0.86644,
		0.406086,
		0,
		0.309086,
		0.486594,
		-0.817124,
		0,
		0.089215,
		0.198206,
		-0.699546,
		1,
	},
	[0.4] = {
		-0.919353,
		-0.117809,
		-0.375381,
		0,
		-0.347768,
		0.689498,
		0.635335,
		0,
		0.183976,
		0.714643,
		-0.674862,
		0,
		0.082563,
		0.387931,
		-0.658302,
		1,
	},
	[0.516666666667] = {
		-0.928292,
		-0.047983,
		-0.368742,
		0,
		-0.216679,
		0.875689,
		0.43153,
		0,
		0.302198,
		0.480485,
		-0.823293,
		0,
		0.08638,
		0.152483,
		-0.726319,
		1,
	},
	[0.533333333333] = {
		-0.945798,
		-0.000233,
		-0.324756,
		0,
		-0.155265,
		0.878631,
		0.451554,
		0,
		0.285235,
		0.477502,
		-0.831043,
		0,
		0.082304,
		0.128873,
		-0.742269,
		1,
	},
	[0.55] = {
		-0.961341,
		0.053149,
		-0.270183,
		0,
		-0.083513,
		0.878704,
		0.470004,
		0,
		0.262391,
		0.474398,
		-0.840296,
		0,
		0.077193,
		0.105772,
		-0.75879,
		1,
	},
	[0.566666666667] = {
		-0.971743,
		0.108317,
		-0.209723,
		0,
		-0.00675,
		0.87538,
		0.483388,
		0,
		0.235946,
		0.471145,
		-0.849913,
		0,
		0.071488,
		0.083942,
		-0.775043,
		1,
	},
	[0.583333333333] = {
		-0.975624,
		0.161418,
		-0.14867,
		0,
		0.0691,
		0.868968,
		0.49002,
		0,
		0.208288,
		0.467802,
		-0.85894,
		0,
		0.065625,
		0.064145,
		-0.790194,
		1,
	},
	[0.5] = {
		-0.913242,
		-0.086367,
		-0.398157,
		0,
		-0.263163,
		0.871096,
		0.414653,
		0,
		0.311021,
		0.483458,
		-0.818251,
		0,
		0.088942,
		0.175845,
		-0.711785,
		1,
	},
	[0.616666666667] = {
		-0.967982,
		0.246652,
		-0.046623,
		0,
		0.193724,
		0.852153,
		0.486114,
		0,
		0.159631,
		0.461517,
		-0.872651,
		0,
		0.055342,
		0.033726,
		-0.813867,
		1,
	},
	[0.633333333333] = {
		-0.962209,
		0.271858,
		-0.015682,
		0,
		0.231129,
		0.84579,
		0.480852,
		0,
		0.143988,
		0.459055,
		-0.876662,
		0,
		0.051888,
		0.02465,
		-0.820756,
		1,
	},
	[0.65] = {
		-0.959698,
		0.281004,
		-0.004159,
		0,
		0.24497,
		0.843702,
		0.477658,
		0,
		0.137733,
		0.457388,
		-0.878536,
		0,
		0.050209,
		0.020701,
		-0.823274,
		1,
	},
	[0.666666666667] = {
		-0.959702,
		0.280992,
		-0.003824,
		0,
		0.245336,
		0.844402,
		0.476231,
		0,
		0.137047,
		0.456102,
		-0.879312,
		0,
		0.049569,
		0.019495,
		-0.823342,
		1,
	},
	[0.683333333333] = {
		-0.959699,
		0.281007,
		-0.003525,
		0,
		0.245736,
		0.845196,
		0.474612,
		0,
		0.136348,
		0.454619,
		-0.880188,
		0,
		0.048907,
		0.018109,
		-0.823413,
		1,
	},
	[0.6] = {
		-0.973588,
		0.208713,
		-0.092548,
		0,
		0.137894,
		0.860616,
		0.490229,
		0,
		0.181966,
		0.46452,
		-0.866666,
		0,
		0.060083,
		0.04715,
		-0.803409,
		1,
	},
	[0.716666666667] = {
		-0.959661,
		0.281142,
		-0.003091,
		0,
		0.24665,
		0.847099,
		0.47073,
		0,
		0.13496,
		0.450979,
		-0.882272,
		0,
		0.047547,
		0.01472,
		-0.82356,
		1,
	},
	[0.733333333333] = {
		-0.959622,
		0.281277,
		-0.002969,
		0,
		0.247167,
		0.848193,
		0.468484,
		0,
		0.134292,
		0.448833,
		-0.883467,
		0,
		0.046863,
		0.01273,
		-0.823633,
		1,
	},
	[0.75] = {
		-0.959567,
		0.281466,
		-0.002913,
		0,
		0.247725,
		0.849361,
		0.466067,
		0,
		0.133656,
		0.446501,
		-0.884745,
		0,
		0.046188,
		0.010573,
		-0.823701,
		1,
	},
	[0.766666666667] = {
		-0.959494,
		0.281716,
		-0.002924,
		0,
		0.248327,
		0.850587,
		0.463503,
		0,
		0.133063,
		0.444002,
		-0.88609,
		0,
		0.045527,
		0.008269,
		-0.823764,
		1,
	},
	[0.783333333333] = {
		-0.9594,
		0.282032,
		-0.003004,
		0,
		0.248975,
		0.851856,
		0.460818,
		0,
		0.132524,
		0.441361,
		-0.88749,
		0,
		0.04489,
		0.005842,
		-0.82382,
		1,
	},
	[0.7] = {
		-0.959686,
		0.281054,
		-0.003276,
		0,
		0.246174,
		0.846095,
		0.472781,
		0,
		0.135649,
		0.452914,
		-0.881174,
		0,
		0.04823,
		0.01652,
		-0.823486,
		1,
	},
	[0.816666666667] = {
		-0.959146,
		0.282893,
		-0.003378,
		0,
		0.250414,
		0.854462,
		0.455179,
		0,
		0.131653,
		0.435737,
		-0.890394,
		0,
		0.043713,
		0.000702,
		-0.823904,
		1,
	},
	[0.833333333333] = {
		-0.95898,
		0.283449,
		-0.003676,
		0,
		0.251208,
		0.855769,
		0.452276,
		0,
		0.131343,
		0.4328,
		-0.891871,
		0,
		0.043188,
		-0.001968,
		-0.82393,
		1,
	},
	[0.85] = {
		-0.958798,
		0.28406,
		-0.004053,
		0,
		0.252022,
		0.85707,
		0.44935,
		0,
		0.131116,
		0.429815,
		-0.893347,
		0,
		0.042717,
		-0.004672,
		-0.823943,
		1,
	},
	[0.866666666667] = {
		-0.95861,
		0.284687,
		-0.004511,
		0,
		0.252815,
		0.858362,
		0.446429,
		0,
		0.130965,
		0.42681,
		-0.894808,
		0,
		0.04231,
		-0.007388,
		-0.823944,
		1,
	},
	[0.883333333333] = {
		-0.958418,
		0.285323,
		-0.005052,
		0,
		0.253577,
		0.859636,
		0.443537,
		0,
		0.130895,
		0.423812,
		-0.896242,
		0,
		0.041973,
		-0.010094,
		-0.823933,
		1,
	},
	[0.8] = {
		-0.959285,
		0.282423,
		-0.003155,
		0,
		0.24967,
		0.853153,
		0.458035,
		0,
		0.132051,
		0.438598,
		-0.888929,
		0,
		0.044282,
		0.003312,
		-0.823867,
		1,
	},
	[0.916666666667] = {
		-0.958031,
		0.286592,
		-0.006391,
		0,
		0.254969,
		0.862088,
		0.437945,
		0,
		0.131021,
		0.417935,
		-0.898979,
		0,
		0.041546,
		-0.015381,
		-0.823873,
		1,
	},
	[0.933333333333] = {
		-0.957841,
		0.28721,
		-0.007191,
		0,
		0.255578,
		0.863248,
		0.435297,
		0,
		0.131229,
		0.415107,
		-0.900258,
		0,
		0.041471,
		-0.017919,
		-0.823825,
		1,
	},
	[0.95] = {
		-0.957655,
		0.287806,
		-0.008041,
		0,
		0.256132,
		0.864352,
		0.432772,
		0,
		0.131504,
		0.412387,
		-0.901468,
		0,
		0.041466,
		-0.020356,
		-0.823769,
		1,
	},
	[0.966666666667] = {
		-0.957477,
		0.288373,
		-0.008894,
		0,
		0.256642,
		0.865393,
		0.430383,
		0,
		0.131808,
		0.409799,
		-0.902602,
		0,
		0.041498,
		-0.02267,
		-0.823707,
		1,
	},
	[0.983333333333] = {
		-0.957308,
		0.288904,
		-0.009737,
		0,
		0.257103,
		0.866362,
		0.428154,
		0,
		0.132131,
		0.407372,
		-0.903653,
		0,
		0.041563,
		-0.024838,
		-0.823641,
		1,
	},
	[0.9] = {
		-0.958225,
		0.28596,
		-0.005679,
		0,
		0.254299,
		0.860881,
		0.4407,
		0,
		0.130912,
		0.420846,
		-0.897636,
		0,
		0.041716,
		-0.012765,
		-0.823909,
		1,
	},
	[1.01666666667] = {
		-0.95701,
		0.289833,
		-0.01134,
		0,
		0.257863,
		0.868049,
		0.424261,
		0,
		0.132808,
		0.403097,
		-0.905469,
		0,
		0.041776,
		-0.028649,
		-0.823507,
		1,
	},
	[1.03333333333] = {
		-0.956876,
		0.290245,
		-0.012077,
		0,
		0.258181,
		0.868752,
		0.422625,
		0,
		0.133157,
		0.401282,
		-0.906224,
		0,
		0.041913,
		-0.030264,
		-0.823442,
		1,
	},
	[1.05] = {
		-0.956743,
		0.290654,
		-0.012768,
		0,
		0.258487,
		0.869361,
		0.421185,
		0,
		0.133519,
		0.399665,
		-0.906885,
		0,
		0.042065,
		-0.031697,
		-0.82338,
		1,
	},
	[1.06666666667] = {
		-0.956613,
		0.291054,
		-0.01341,
		0,
		0.258779,
		0.869882,
		0.419927,
		0,
		0.133887,
		0.398237,
		-0.907459,
		0,
		0.042225,
		-0.032958,
		-0.823322,
		1,
	},
	[1.08333333333] = {
		-0.956486,
		0.291441,
		-0.014002,
		0,
		0.259055,
		0.870323,
		0.418842,
		0,
		0.134253,
		0.396989,
		-0.907951,
		0,
		0.042391,
		-0.034056,
		-0.823269,
		1,
	},
	{
		-0.957152,
		0.289393,
		-0.010557,
		0,
		0.257511,
		0.86725,
		0.426105,
		0,
		0.132468,
		0.405129,
		-0.904612,
		0,
		0.041657,
		-0.026839,
		-0.823574,
		1,
	},
	[1.11666666667] = {
		-0.956254,
		0.292151,
		-0.015022,
		0,
		0.259549,
		0.87099,
		0.417145,
		0,
		0.134954,
		0.394998,
		-0.908716,
		0,
		0.042721,
		-0.0358,
		-0.823178,
		1,
	},
	[1.13333333333] = {
		-0.956151,
		0.292466,
		-0.015448,
		0,
		0.259761,
		0.87123,
		0.416511,
		0,
		0.135274,
		0.394235,
		-0.908999,
		0,
		0.042876,
		-0.036463,
		-0.823141,
		1,
	},
	[1.15] = {
		-0.956059,
		0.292746,
		-0.015813,
		0,
		0.259948,
		0.871416,
		0.416006,
		0,
		0.135564,
		0.393616,
		-0.909224,
		0,
		0.043019,
		-0.037,
		-0.82311,
		1,
	},
	[1.16666666667] = {
		-0.95598,
		0.292987,
		-0.016116,
		0,
		0.260106,
		0.871554,
		0.415618,
		0,
		0.135817,
		0.39313,
		-0.909397,
		0,
		0.043146,
		-0.037419,
		-0.823084,
		1,
	},
	[1.18333333333] = {
		-0.955916,
		0.293184,
		-0.016356,
		0,
		0.260233,
		0.871651,
		0.415335,
		0,
		0.136026,
		0.392769,
		-0.909521,
		0,
		0.043252,
		-0.037729,
		-0.823064,
		1,
	},
	[1.1] = {
		-0.956366,
		0.291808,
		-0.01454,
		0,
		0.259313,
		0.87069,
		0.417918,
		0,
		0.134611,
		0.395913,
		-0.908368,
		0,
		0.042558,
		-0.035001,
		-0.823221,
		1,
	},
	[1.21666666667] = {
		-0.955838,
		0.293423,
		-0.016635,
		0,
		0.260385,
		0.871745,
		0.415043,
		0,
		0.136285,
		0.392382,
		-0.90965,
		0,
		0.043385,
		-0.038058,
		-0.823042,
		1,
	},
	[1.23333333333] = {
		-0.955828,
		0.293455,
		-0.016671,
		0,
		0.260405,
		0.871754,
		0.41501,
		0,
		0.13632,
		0.392337,
		-0.909664,
		0,
		0.043404,
		-0.038096,
		-0.823039,
		1,
	},
	[1.2] = {
		-0.955868,
		0.293331,
		-0.01653,
		0,
		0.260327,
		0.871713,
		0.415147,
		0,
		0.136185,
		0.392523,
		-0.909604,
		0,
		0.043334,
		-0.037939,
		-0.82305,
		1,
	},
}

return spline_matrices
