-- chunkname: @content/characters/player/human/first_person/animations/2h_power_sword/heavy_attack_down.lua

local spline_matrices = {
	[0.0166666666667] = {
		-0.998734,
		0.027425,
		-0.04218,
		0,
		0.044072,
		0.072523,
		-0.996393,
		0,
		-0.024267,
		-0.99699,
		-0.07364,
		0,
		0.004469,
		0.090672,
		0.404934,
		1,
	},
	[0.0333333333333] = {
		-0.998734,
		0.027425,
		-0.04218,
		0,
		0.044072,
		0.072523,
		-0.996393,
		0,
		-0.024267,
		-0.99699,
		-0.07364,
		0,
		0.004469,
		0.090672,
		0.404934,
		1,
	},
	[0.05] = {
		-0.998734,
		0.027425,
		-0.04218,
		0,
		0.044072,
		0.072523,
		-0.996393,
		0,
		-0.024267,
		-0.99699,
		-0.07364,
		0,
		0.004469,
		0.090672,
		0.404934,
		1,
	},
	[0.0666666666667] = {
		-0.998839,
		0.025554,
		-0.040829,
		0,
		0.042544,
		0.07062,
		-0.996596,
		0,
		-0.022584,
		-0.997176,
		-0.071625,
		0,
		0.005272,
		0.091091,
		0.408987,
		1,
	},
	[0.0833333333333] = {
		-0.999123,
		0.020947,
		-0.036249,
		0,
		0.037395,
		0.057236,
		-0.99766,
		0,
		-0.018823,
		-0.998141,
		-0.057969,
		0,
		0.007187,
		0.092637,
		0.412352,
		1,
	},
	[0] = {
		-0.998734,
		0.027425,
		-0.04218,
		0,
		0.044072,
		0.072523,
		-0.996393,
		0,
		-0.024267,
		-0.99699,
		-0.07364,
		0,
		0.004469,
		0.090672,
		0.404934,
		1,
	},
	[0.116666666667] = {
		-0.999853,
		0.009529,
		-0.014241,
		0,
		0.013746,
		-0.050177,
		-0.998646,
		0,
		-0.010231,
		-0.998695,
		0.050038,
		0,
		0.012088,
		0.104022,
		0.418448,
		1,
	},
	[0.133333333333] = {
		-0.999745,
		0.006543,
		0.021593,
		0,
		-0.022381,
		-0.166547,
		-0.985779,
		0,
		-0.002854,
		-0.986012,
		0.166651,
		0,
		0.014052,
		0.116599,
		0.421931,
		1,
	},
	[0.15] = {
		-0.997449,
		0.006977,
		0.071038,
		0,
		-0.069254,
		-0.335665,
		-0.939432,
		0,
		0.017291,
		-0.941956,
		0.335292,
		0,
		0.015258,
		0.136123,
		0.426099,
		1,
	},
	[0.166666666667] = {
		-0.99449,
		0.013273,
		0.103991,
		0,
		-0.083488,
		-0.700203,
		-0.709046,
		0,
		0.063403,
		-0.713821,
		0.697452,
		0,
		0.014797,
		0.205096,
		0.431767,
		1,
	},
	[0.183333333333] = {
		-0.992804,
		0.022769,
		0.117569,
		0,
		-0.036335,
		-0.992751,
		-0.114565,
		0,
		0.114109,
		-0.118013,
		0.986434,
		0,
		0.011499,
		0.335257,
		0.415364,
		1,
	},
	[0.1] = {
		-0.999504,
		0.015109,
		-0.027648,
		0,
		0.02796,
		0.020817,
		-0.999392,
		0,
		-0.014524,
		-0.999669,
		-0.021229,
		0,
		0.009645,
		0.096519,
		0.415383,
		1,
	},
	[0.216666666667] = {
		-0.998359,
		0.014466,
		0.055416,
		0,
		0.035137,
		-0.609372,
		0.792105,
		0,
		0.045228,
		0.792752,
		0.607864,
		0,
		-0.001678,
		0.568801,
		0.170709,
		1,
	},
	[0.233333333333] = {
		-0.99962,
		-0.016281,
		0.022225,
		0,
		0.026035,
		-0.294395,
		0.955329,
		0,
		-0.009011,
		0.955545,
		0.294707,
		0,
		-0.004389,
		0.62947,
		0.013772,
		1,
	},
	[0.25] = {
		-0.997625,
		-0.020502,
		0.065759,
		0,
		0.065394,
		0.017999,
		0.997697,
		0,
		-0.021639,
		0.999628,
		-0.016616,
		0,
		-0.004028,
		0.650278,
		-0.09875,
		1,
	},
	[0.266666666667] = {
		-0.997714,
		-0.002261,
		0.067537,
		0,
		0.066407,
		0.152173,
		0.98612,
		0,
		-0.012507,
		0.988351,
		-0.151675,
		0,
		-0.002635,
		0.647489,
		-0.16022,
		1,
	},
	[0.283333333333] = {
		-0.998463,
		0.020401,
		0.051527,
		0,
		0.054459,
		0.188876,
		0.98049,
		0,
		0.01027,
		0.981789,
		-0.189697,
		0,
		-0.00447,
		0.635052,
		-0.20667,
		1,
	},
	[0.2] = {
		-0.993149,
		0.027219,
		0.113643,
		0,
		0.029624,
		-0.882084,
		0.47016,
		0,
		0.11304,
		0.470305,
		0.875234,
		0,
		0.005049,
		0.470255,
		0.330045,
		1,
	},
	[0.316666666667] = {
		-0.998176,
		0.025142,
		0.054894,
		0,
		0.059867,
		0.294163,
		0.953878,
		0,
		0.007835,
		0.955424,
		-0.295132,
		0,
		-0.004786,
		0.578117,
		-0.313571,
		1,
	},
	[0.333333333333] = {
		-0.998289,
		0.029064,
		0.050743,
		0,
		0.057991,
		0.380339,
		0.923027,
		0,
		0.007527,
		0.92439,
		-0.381373,
		0,
		-0.002488,
		0.544743,
		-0.339546,
		1,
	},
	[0.35] = {
		-0.998362,
		0.041455,
		0.039442,
		0,
		0.054299,
		0.468891,
		0.881585,
		0,
		0.018052,
		0.882282,
		-0.470374,
		0,
		-0.000666,
		0.506216,
		-0.359033,
		1,
	},
	[0.366666666667] = {
		-0.997659,
		0.058893,
		0.034754,
		0,
		0.061684,
		0.555656,
		0.829121,
		0,
		0.029518,
		0.829324,
		-0.557988,
		0,
		0.00049,
		0.461785,
		-0.381805,
		1,
	},
	[0.383333333333] = {
		-0.99635,
		0.079454,
		0.031206,
		0,
		0.074814,
		0.636745,
		0.767437,
		0,
		0.041105,
		0.76697,
		-0.640365,
		0,
		0.001289,
		0.414035,
		-0.408018,
		1,
	},
	[0.3] = {
		-0.997631,
		0.024729,
		0.064201,
		0,
		0.068132,
		0.225578,
		0.97184,
		0,
		0.00955,
		0.973911,
		-0.226729,
		0,
		-0.007656,
		0.610951,
		-0.260747,
		1,
	},
	[0.416666666667] = {
		-0.991972,
		0.121101,
		0.036403,
		0,
		0.118207,
		0.785761,
		0.60713,
		0,
		0.044921,
		0.60656,
		-0.793768,
		0,
		-0.004434,
		0.306034,
		-0.475872,
		1,
	},
	[0.433333333333] = {
		-0.990186,
		0.135344,
		0.03483,
		0,
		0.133013,
		0.836223,
		0.532013,
		0,
		0.042879,
		0.531425,
		-0.84602,
		0,
		-0.005633,
		0.258368,
		-0.506866,
		1,
	},
	[0.45] = {
		-0.989387,
		0.14144,
		0.033277,
		0,
		0.140711,
		0.875555,
		0.462173,
		0,
		0.036234,
		0.461951,
		-0.886165,
		0,
		-0.007192,
		0.216747,
		-0.534692,
		1,
	},
	[0.466666666667] = {
		-0.989323,
		0.142165,
		0.032087,
		0,
		0.143036,
		0.904915,
		0.400837,
		0,
		0.027949,
		0.401147,
		-0.915587,
		0,
		-0.008987,
		0.183304,
		-0.557299,
		1,
	},
	[0.483333333333] = {
		-0.989603,
		0.140264,
		0.031793,
		0,
		0.142342,
		0.923542,
		0.356102,
		0,
		0.020586,
		0.356925,
		-0.933906,
		0,
		-0.010894,
		0.16028,
		-0.57257,
		1,
	},
	[0.4] = {
		-0.994478,
		0.101181,
		0.027845,
		0,
		0.091716,
		0.709033,
		0.699186,
		0,
		0.051001,
		0.697879,
		-0.714398,
		0,
		0.002167,
		0.3653,
		-0.437211,
		1,
	},
	[0.516666666667] = {
		-0.989843,
		0.13746,
		0.036264,
		0,
		0.141597,
		0.930535,
		0.33772,
		0,
		0.012678,
		0.339424,
		-0.940548,
		0,
		-0.014645,
		0.151356,
		-0.578155,
		1,
	},
	[0.533333333333] = {
		-0.989874,
		0.136516,
		0.038902,
		0,
		0.141614,
		0.93085,
		0.336844,
		0,
		0.009773,
		0.338942,
		-0.940756,
		0,
		-0.016375,
		0.151038,
		-0.578192,
		1,
	},
	[0.55] = {
		-0.989904,
		0.135604,
		0.041244,
		0,
		0.14156,
		0.931329,
		0.335539,
		0,
		0.007089,
		0.33799,
		-0.941123,
		0,
		-0.017969,
		0.150431,
		-0.578302,
		1,
	},
	[0.566666666667] = {
		-0.989937,
		0.134749,
		0.043225,
		0,
		0.141435,
		0.932025,
		0.333655,
		0,
		0.004673,
		0.336411,
		-0.941704,
		0,
		-0.0194,
		0.14944,
		-0.578513,
		1,
	},
	[0.583333333333] = {
		-0.989972,
		0.133976,
		0.044781,
		0,
		0.141239,
		0.932986,
		0.331042,
		0,
		0.002572,
		0.334048,
		-0.942553,
		0,
		-0.020639,
		0.147969,
		-0.578848,
		1,
	},
	[0.5] = {
		-0.989811,
		0.138412,
		0.033396,
		0,
		0.14151,
		0.930333,
		0.338314,
		0,
		0.015758,
		0.339593,
		-0.940441,
		0,
		-0.012807,
		0.151482,
		-0.578166,
		1,
	},
	[0.616666666667] = {
		-0.990062,
		0.132859,
		0.046104,
		0,
		0.14063,
		0.936515,
		0.32119,
		0,
		-0.000504,
		0.324481,
		-0.945892,
		0,
		-0.022436,
		0.142062,
		-0.58026,
		1,
	},
	[0.633333333333] = {
		-0.99012,
		0.132533,
		0.045803,
		0,
		0.140218,
		0.938988,
		0.314071,
		0,
		-0.001384,
		0.31739,
		-0.948294,
		0,
		-0.022937,
		0.137699,
		-0.581291,
		1,
	},
	[0.65] = {
		-0.990188,
		0.132338,
		0.044887,
		0,
		0.139732,
		0.941697,
		0.306076,
		0,
		-0.001765,
		0.309345,
		-0.950948,
		0,
		-0.023137,
		0.132756,
		-0.582432,
		1,
	},
	[0.666666666667] = {
		-0.990258,
		0.132228,
		0.043643,
		0,
		0.139232,
		0.94448,
		0.297611,
		0,
		-0.001868,
		0.300788,
		-0.953689,
		0,
		-0.023171,
		0.127506,
		-0.583602,
		1,
	},
	[0.683333333333] = {
		-0.990321,
		0.132162,
		0.042389,
		0,
		0.13878,
		0.947191,
		0.289084,
		0,
		-0.001944,
		0.292169,
		-0.956365,
		0,
		-0.023192,
		0.122224,
		-0.58473,
		1,
	},
	[0.6] = {
		-0.990013,
		0.133336,
		0.04577,
		0,
		0.14097,
		0.934453,
		0.326993,
		0,
		0.00083,
		0.330179,
		-0.943918,
		0,
		-0.021661,
		0.145575,
		-0.579418,
		1,
	},
	[0.716666666667] = {
		-0.990422,
		0.132125,
		0.040087,
		0,
		0.138057,
		0.951881,
		0.273611,
		0,
		-0.002007,
		0.276525,
		-0.961005,
		0,
		-0.02319,
		0.112651,
		-0.58665,
		1,
	},
	[0.733333333333] = {
		-0.990457,
		0.132156,
		0.039102,
		0,
		0.137805,
		0.953751,
		0.267151,
		0,
		-0.001988,
		0.26999,
		-0.962861,
		0,
		-0.023165,
		0.108658,
		-0.587404,
		1,
	},
	[0.75] = {
		-0.990481,
		0.132239,
		0.038215,
		0,
		0.137637,
		0.955347,
		0.261472,
		0,
		-0.001931,
		0.264243,
		-0.964454,
		0,
		-0.023122,
		0.105149,
		-0.588044,
		1,
	},
	[0.766666666667] = {
		-0.990491,
		0.13239,
		0.03741,
		0,
		0.137562,
		0.95671,
		0.256482,
		0,
		-0.001835,
		0.25919,
		-0.965825,
		0,
		-0.023061,
		0.102068,
		-0.588589,
		1,
	},
	[0.783333333333] = {
		-0.99049,
		0.132611,
		0.036673,
		0,
		0.137578,
		0.957875,
		0.252087,
		0,
		-0.001698,
		0.254735,
		-0.967009,
		0,
		-0.02298,
		0.099355,
		-0.589056,
		1,
	},
	[0.7] = {
		-0.990376,
		0.13213,
		0.041184,
		0,
		0.138385,
		0.949695,
		0.280943,
		0,
		-0.001992,
		0.283938,
		-0.958841,
		0,
		-0.023199,
		0.117185,
		-0.585761,
		1,
	},
	[0.816666666667] = {
		-0.990454,
		0.133238,
		0.035338,
		0,
		0.137838,
		0.95975,
		0.244706,
		0,
		-0.001311,
		0.247241,
		-0.968953,
		0,
		-0.022764,
		0.094799,
		-0.589814,
		1,
	},
	[0.833333333333] = {
		-0.990422,
		0.13364,
		0.034705,
		0,
		0.138069,
		0.96053,
		0.241494,
		0,
		-0.001062,
		0.243973,
		-0.969781,
		0,
		-0.022629,
		0.092817,
		-0.590135,
		1,
	},
	[0.85] = {
		-0.990382,
		0.134098,
		0.034079,
		0,
		0.138358,
		0.961239,
		0.238487,
		0,
		-0.000777,
		0.240908,
		-0.970548,
		0,
		-0.022475,
		0.09096,
		-0.59043,
		1,
	},
	[0.866666666667] = {
		-0.990335,
		0.134603,
		0.033456,
		0,
		0.138698,
		0.961883,
		0.235679,
		0,
		-0.000457,
		0.238041,
		-0.971255,
		0,
		-0.022303,
		0.089225,
		-0.590701,
		1,
	},
	[0.883333333333] = {
		-0.990281,
		0.135151,
		0.032834,
		0,
		0.139083,
		0.962464,
		0.233065,
		0,
		-0.000103,
		0.235366,
		-0.971907,
		0,
		-0.022113,
		0.087608,
		-0.59095,
		1,
	},
	[0.8] = {
		-0.990477,
		0.132894,
		0.035987,
		0,
		0.137672,
		0.958878,
		0.248194,
		0,
		-0.001523,
		0.250784,
		-0.968042,
		0,
		-0.022881,
		0.096952,
		-0.58946,
		1,
	},
	[0.916666666667] = {
		-0.990157,
		0.136348,
		0.03159,
		0,
		0.139958,
		0.963455,
		0.228398,
		0,
		0.000706,
		0.230572,
		-0.973055,
		0,
		-0.02168,
		0.084717,
		-0.591388,
		1,
	},
	[0.933333333333] = {
		-0.990089,
		0.136985,
		0.030964,
		0,
		0.140436,
		0.963872,
		0.226335,
		0,
		0.001159,
		0.228441,
		-0.973557,
		0,
		-0.021436,
		0.083434,
		-0.591579,
		1,
	},
	[0.95] = {
		-0.990018,
		0.137637,
		0.030333,
		0,
		0.140931,
		0.964242,
		0.224445,
		0,
		0.001643,
		0.226479,
		-0.974015,
		0,
		-0.021175,
		0.082256,
		-0.591753,
		1,
	},
	[0.966666666667] = {
		-0.989945,
		0.1383,
		0.029696,
		0,
		0.141436,
		0.964568,
		0.222721,
		0,
		0.002158,
		0.224682,
		-0.97443,
		0,
		-0.020896,
		0.081178,
		-0.591912,
		1,
	},
	[0.983333333333] = {
		-0.989871,
		0.138967,
		0.029052,
		0,
		0.141945,
		0.964852,
		0.221159,
		0,
		0.002703,
		0.223043,
		-0.974805,
		0,
		-0.0206,
		0.080196,
		-0.592056,
		1,
	},
	[0.9] = {
		-0.990221,
		0.135735,
		0.032213,
		0,
		0.139505,
		0.962987,
		0.23064,
		0,
		0.000285,
		0.232878,
		-0.972506,
		0,
		-0.021905,
		0.086107,
		-0.591179,
		1,
	},
	[1.01666666667] = {
		-0.989731,
		0.140288,
		0.027422,
		0,
		0.142881,
		0.96531,
		0.218544,
		0,
		0.004188,
		0.220217,
		-0.975442,
		0,
		-0.019767,
		0.078508,
		-0.592311,
		1,
	},
	[1.03333333333] = {
		-0.989667,
		0.140929,
		0.026408,
		0,
		0.143289,
		0.965489,
		0.217482,
		0,
		0.005153,
		0.219019,
		-0.975707,
		0,
		-0.019215,
		0.077794,
		-0.592423,
		1,
	},
	[1.05] = {
		-0.989608,
		0.141547,
		0.025307,
		0,
		0.143657,
		0.96564,
		0.216571,
		0,
		0.006218,
		0.217956,
		-0.975939,
		0,
		-0.018601,
		0.077162,
		-0.592525,
		1,
	},
	[1.06666666667] = {
		-0.989552,
		0.142137,
		0.024151,
		0,
		0.143987,
		0.965763,
		0.215799,
		0,
		0.007349,
		0.217022,
		-0.976139,
		0,
		-0.017946,
		0.076608,
		-0.592617,
		1,
	},
	[1.08333333333] = {
		-0.989501,
		0.142691,
		0.022975,
		0,
		0.144278,
		0.965863,
		0.215156,
		0,
		0.008511,
		0.216211,
		-0.97631,
		0,
		-0.017271,
		0.076128,
		-0.592699,
		1,
	},
	{
		-0.989799,
		0.139631,
		0.028315,
		0,
		0.142434,
		0.965099,
		0.219766,
		0,
		0.00336,
		0.221557,
		-0.975142,
		0,
		-0.020235,
		0.079307,
		-0.592188,
		1,
	},
	[1.11666666667] = {
		-0.989409,
		0.143669,
		0.020695,
		0,
		0.14475,
		0.966003,
		0.21421,
		0,
		0.010784,
		0.214937,
		-0.976568,
		0,
		-0.015943,
		0.075376,
		-0.592833,
		1,
	},
	[1.13333333333] = {
		-0.989371,
		0.144079,
		0.019658,
		0,
		0.144932,
		0.966047,
		0.213885,
		0,
		0.011826,
		0.214461,
		-0.976661,
		0,
		-0.015333,
		0.075096,
		-0.592884,
		1,
	},
	[1.15] = {
		-0.989338,
		0.144429,
		0.018735,
		0,
		0.14508,
		0.966078,
		0.213645,
		0,
		0.012757,
		0.214085,
		-0.976732,
		0,
		-0.014787,
		0.074875,
		-0.592926,
		1,
	},
	[1.16666666667] = {
		-0.989311,
		0.144713,
		0.017959,
		0,
		0.145193,
		0.966099,
		0.213478,
		0,
		0.013543,
		0.213803,
		-0.976783,
		0,
		-0.014326,
		0.074711,
		-0.592958,
		1,
	},
	[1.18333333333] = {
		-0.989291,
		0.144923,
		0.017364,
		0,
		0.145272,
		0.96611,
		0.213372,
		0,
		0.014147,
		0.213609,
		-0.976817,
		0,
		-0.01397,
		0.074598,
		-0.592981,
		1,
	},
	[1.1] = {
		-0.989453,
		0.143204,
		0.021811,
		0,
		0.144533,
		0.965942,
		0.21463,
		0,
		0.009667,
		0.215518,
		-0.976452,
		0,
		-0.016596,
		0.075718,
		-0.592771,
		1,
	},
	[1.21666666667] = {
		-0.989274,
		0.145099,
		0.016847,
		0,
		0.145335,
		0.966116,
		0.213301,
		0,
		0.014674,
		0.213461,
		-0.976841,
		0,
		-0.01366,
		0.074512,
		-0.592999,
		1,
	},
	[1.2] = {
		-0.989278,
		0.145054,
		0.016982,
		0,
		0.14532,
		0.966115,
		0.213317,
		0,
		0.014536,
		0.213497,
		-0.976836,
		0,
		-0.013741,
		0.074532,
		-0.592994,
		1,
	},
}

return spline_matrices
