-- chunkname: @content/characters/player/human/first_person/animations/2h_power_sword/heavy_attack_stab.lua

local spline_matrices = {
	[0.0166666666667] = {
		-0.966881,
		-0.018174,
		-0.254581,
		0,
		-0.253853,
		-0.034958,
		0.966611,
		0,
		-0.026467,
		0.999224,
		0.029187,
		0,
		0.181954,
		-0.715682,
		-0.282821,
		1,
	},
	[0.0333333333333] = {
		-0.966956,
		-0.015978,
		-0.254442,
		0,
		-0.253745,
		-0.036324,
		0.966589,
		0,
		-0.024686,
		0.999212,
		0.031069,
		0,
		0.182011,
		-0.715661,
		-0.282821,
		1,
	},
	[0.05] = {
		-0.967033,
		-0.01302,
		-0.254319,
		0,
		-0.253673,
		-0.038268,
		0.966533,
		0,
		-0.022316,
		0.999183,
		0.033704,
		0,
		0.182155,
		-0.715603,
		-0.282852,
		1,
	},
	[0.0666666666667] = {
		-0.965326,
		-0.036546,
		-0.258475,
		0,
		-0.255876,
		-0.063606,
		0.964615,
		0,
		-0.051694,
		0.997306,
		0.05205,
		0,
		0.183557,
		-0.455238,
		-0.261713,
		1,
	},
	[0.0833333333333] = {
		-0.961883,
		-0.060332,
		-0.266725,
		0,
		-0.260729,
		-0.09184,
		0.961034,
		0,
		-0.082477,
		0.993944,
		0.072609,
		0,
		0.16051,
		0.106224,
		-0.204439,
		1,
	},
	[0] = {
		-0.966847,
		-0.019034,
		-0.254647,
		0,
		-0.253908,
		-0.034442,
		0.966615,
		0,
		-0.027169,
		0.999225,
		0.028468,
		0,
		0.181943,
		-0.715685,
		-0.282827,
		1,
	},
	[0.116666666667] = {
		-0.959891,
		-0.089535,
		-0.265693,
		0,
		-0.254246,
		-0.121491,
		0.959478,
		0,
		-0.118186,
		0.988546,
		0.093854,
		0,
		0.131552,
		0.921476,
		-0.117374,
		1,
	},
	[0.133333333333] = {
		-0.94884,
		-0.099922,
		-0.299529,
		0,
		-0.288844,
		-0.108551,
		0.951202,
		0,
		-0.12756,
		0.989056,
		0.074135,
		0,
		0.139184,
		0.694505,
		-0.107739,
		1,
	},
	[0.15] = {
		-0.944004,
		-0.102323,
		-0.313665,
		0,
		-0.30222,
		-0.113211,
		0.946492,
		0,
		-0.132358,
		0.988288,
		0.075948,
		0,
		0.138111,
		0.705746,
		-0.100304,
		1,
	},
	[0.166666666667] = {
		-0.937999,
		-0.102107,
		-0.331257,
		0,
		-0.318605,
		-0.122513,
		0.939937,
		0,
		-0.136557,
		0.9872,
		0.082386,
		0,
		0.135806,
		0.726149,
		-0.093074,
		1,
	},
	[0.183333333333] = {
		-0.937861,
		-0.098871,
		-0.332628,
		0,
		-0.319541,
		-0.127721,
		0.938926,
		0,
		-0.135316,
		0.98687,
		0.088192,
		0,
		0.135202,
		0.737073,
		-0.089951,
		1,
	},
	[0.1] = {
		-0.960491,
		-0.082298,
		-0.265865,
		0,
		-0.255813,
		-0.115205,
		0.959837,
		0,
		-0.109622,
		0.989927,
		0.089601,
		0,
		0.138267,
		0.667056,
		-0.148997,
		1,
	},
	[0.216666666667] = {
		-0.946954,
		-0.095333,
		-0.306903,
		0,
		-0.294286,
		-0.12648,
		0.947311,
		0,
		-0.129127,
		0.987378,
		0.091715,
		0,
		0.136399,
		0.735435,
		-0.09158,
		1,
	},
	[0.233333333333] = {
		-0.947416,
		-0.093295,
		-0.306102,
		0,
		-0.2939,
		-0.12472,
		0.947664,
		0,
		-0.126589,
		0.987796,
		0.090743,
		0,
		0.138378,
		0.732962,
		-0.092016,
		1,
	},
	[0.25] = {
		-0.947979,
		-0.092222,
		-0.304683,
		0,
		-0.292877,
		-0.122377,
		0.948286,
		0,
		-0.124739,
		0.98819,
		0.089001,
		0,
		0.140005,
		0.727897,
		-0.092821,
		1,
	},
	[0.266666666667] = {
		-0.948294,
		-0.092079,
		-0.303744,
		0,
		-0.292244,
		-0.120033,
		0.948781,
		0,
		-0.123822,
		0.98849,
		0.086917,
		0,
		0.141045,
		0.721978,
		-0.094038,
		1,
	},
	[0.283333333333] = {
		-0.948545,
		-0.092532,
		-0.302822,
		0,
		-0.291543,
		-0.117955,
		0.949257,
		0,
		-0.123556,
		0.988698,
		0.084908,
		0,
		0.141675,
		0.717148,
		-0.095589,
		1,
	},
	[0.2] = {
		-0.943885,
		-0.097484,
		-0.315558,
		0,
		-0.302619,
		-0.127442,
		0.944553,
		0,
		-0.132294,
		0.987044,
		0.09079,
		0,
		0.135215,
		0.736749,
		-0.090774,
		1,
	},
	[0.316666666667] = {
		-0.945147,
		-0.092668,
		-0.313226,
		0,
		-0.302175,
		-0.116119,
		0.946154,
		0,
		-0.124049,
		0.988903,
		0.081747,
		0,
		0.141961,
		0.708363,
		-0.099481,
		1,
	},
	[0.333333333333] = {
		-0.944576,
		-0.093289,
		-0.314758,
		0,
		-0.303852,
		-0.11457,
		0.945805,
		0,
		-0.124295,
		0.989025,
		0.079874,
		0,
		0.141877,
		0.704734,
		-0.101668,
		1,
	},
	[0.35] = {
		-0.942052,
		-0.093421,
		-0.322196,
		0,
		-0.311281,
		-0.114634,
		0.943378,
		0,
		-0.125066,
		0.989005,
		0.078911,
		0,
		0.141823,
		0.70125,
		-0.104026,
		1,
	},
	[0.366666666667] = {
		-0.93973,
		-0.094043,
		-0.32873,
		0,
		-0.31749,
		-0.116872,
		0.941032,
		0,
		-0.126917,
		0.988684,
		0.079971,
		0,
		0.141928,
		0.697452,
		-0.106619,
		1,
	},
	[0.383333333333] = {
		-0.937849,
		-0.095429,
		-0.333666,
		0,
		-0.321597,
		-0.122401,
		0.938932,
		0,
		-0.130442,
		0.987882,
		0.084104,
		0,
		0.142371,
		0.692881,
		-0.10945,
		1,
	},
	[0.3] = {
		-0.94697,
		-0.092607,
		-0.307688,
		0,
		-0.296519,
		-0.117056,
		0.947826,
		0,
		-0.123792,
		0.988798,
		0.083389,
		0,
		0.141946,
		0.712595,
		-0.097421,
		1,
	},
	[0.416666666667] = {
		-0.94188,
		-0.099487,
		-0.320881,
		0,
		-0.306781,
		-0.13458,
		0.942217,
		0,
		-0.136923,
		0.985896,
		0.096238,
		0,
		0.145514,
		0.688597,
		-0.124901,
		1,
	},
	[0.433333333333] = {
		-0.948948,
		-0.102177,
		-0.298423,
		0,
		-0.283124,
		-0.141175,
		0.948636,
		0,
		-0.139059,
		0.984698,
		0.105039,
		0,
		0.146858,
		0.687587,
		-0.139299,
		1,
	},
	[0.45] = {
		-0.958852,
		-0.106048,
		-0.263355,
		0,
		-0.24636,
		-0.150221,
		0.957466,
		0,
		-0.141099,
		0.982948,
		0.117914,
		0,
		0.146597,
		0.684403,
		-0.157706,
		1,
	},
	[0.466666666667] = {
		-0.976137,
		-0.111549,
		-0.186316,
		0,
		-0.167023,
		-0.162655,
		0.972444,
		0,
		-0.13878,
		0.980357,
		0.140142,
		0,
		0.143791,
		0.676896,
		-0.179494,
		1,
	},
	[0.483333333333] = {
		-0.981921,
		-0.118129,
		-0.14791,
		0,
		-0.12547,
		-0.178905,
		0.975833,
		0,
		-0.141736,
		0.976749,
		0.160849,
		0,
		0.145835,
		0.642756,
		-0.197315,
		1,
	},
	[0.4] = {
		-0.938104,
		-0.097346,
		-0.332393,
		0,
		-0.319283,
		-0.128898,
		0.938852,
		0,
		-0.134239,
		0.986868,
		0.089839,
		0,
		0.143662,
		0.689623,
		-0.114859,
		1,
	},
	[0.516666666667] = {
		-0.984569,
		-0.133098,
		-0.113615,
		0,
		-0.08257,
		-0.219091,
		0.972204,
		0,
		-0.15429,
		0.966584,
		0.20472,
		0,
		0.155078,
		0.559185,
		-0.228599,
		1,
	},
	[0.533333333333] = {
		-0.98519,
		-0.139456,
		-0.09976,
		0,
		-0.064739,
		-0.236215,
		0.969542,
		0,
		-0.158774,
		0.961641,
		0.223689,
		0,
		0.161476,
		0.51719,
		-0.24392,
		1,
	},
	[0.55] = {
		-0.986692,
		-0.143796,
		-0.075906,
		0,
		-0.038529,
		-0.246765,
		0.968309,
		0,
		-0.15797,
		0.958347,
		0.237941,
		0,
		0.170404,
		0.47998,
		-0.260343,
		1,
	},
	[0.566666666667] = {
		-0.989188,
		-0.140908,
		-0.040647,
		0,
		-0.006425,
		-0.23526,
		0.971911,
		0,
		-0.146513,
		0.961664,
		0.231811,
		0,
		0.181937,
		0.44805,
		-0.278949,
		1,
	},
	[0.583333333333] = {
		-0.991791,
		-0.127868,
		0.000404,
		0,
		0.025687,
		-0.19614,
		0.980239,
		0,
		-0.125262,
		0.972203,
		0.197814,
		0,
		0.194584,
		0.418319,
		-0.29961,
		1,
	},
	[0.5] = {
		-0.983962,
		-0.125629,
		-0.126632,
		0,
		-0.10009,
		-0.198771,
		0.974921,
		0,
		-0.147649,
		0.971961,
		0.183009,
		0,
		0.149755,
		0.60056,
		-0.213342,
		1,
	},
	[0.616666666667] = {
		-0.9923,
		-0.08161,
		0.093174,
		0,
		0.099848,
		-0.081923,
		0.991624,
		0,
		-0.073293,
		0.993292,
		0.089441,
		0,
		0.22123,
		0.365535,
		-0.343084,
		1,
	},
	[0.633333333333] = {
		-0.988619,
		-0.053735,
		0.140519,
		0,
		0.142396,
		-0.032849,
		0.989264,
		0,
		-0.048543,
		0.998015,
		0.040127,
		0,
		0.234312,
		0.342886,
		-0.363416,
		1,
	},
	[0.65] = {
		-0.981348,
		-0.017864,
		0.191405,
		0,
		0.191241,
		0.010514,
		0.981487,
		0,
		-0.019546,
		0.999785,
		-0.006902,
		0,
		0.248472,
		0.321706,
		-0.383731,
		1,
	},
	[0.666666666667] = {
		-0.968566,
		0.028587,
		0.247109,
		0,
		0.248399,
		0.057878,
		0.966927,
		0,
		0.013339,
		0.997914,
		-0.06316,
		0,
		0.264127,
		0.301162,
		-0.405204,
		1,
	},
	[0.683333333333] = {
		-0.950188,
		0.078007,
		0.301757,
		0,
		0.308775,
		0.103791,
		0.945455,
		0,
		0.042433,
		0.991535,
		-0.122707,
		0,
		0.279488,
		0.282027,
		-0.426275,
		1,
	},
	[0.6] = {
		-0.993182,
		-0.107245,
		0.045703,
		0,
		0.060683,
		-0.140863,
		0.988168,
		0,
		-0.099539,
		0.984203,
		0.146411,
		0,
		0.207835,
		0.39078,
		-0.321381,
		1,
	},
	[0.716666666667] = {
		-0.908329,
		0.154859,
		0.388533,
		0,
		0.411854,
		0.169229,
		0.895398,
		0,
		0.072909,
		0.973335,
		-0.217495,
		0,
		0.302802,
		0.252085,
		-0.460266,
		1,
	},
	[0.733333333333] = {
		-0.888437,
		0.172842,
		0.425212,
		0,
		0.452589,
		0.175612,
		0.874256,
		0,
		0.076436,
		0.969168,
		-0.234247,
		0,
		0.307988,
		0.243063,
		-0.46953,
		1,
	},
	[0.75] = {
		-0.866607,
		0.187947,
		0.462242,
		0,
		0.491789,
		0.164888,
		0.854959,
		0,
		0.084469,
		0.96824,
		-0.235324,
		0,
		0.310462,
		0.236301,
		-0.474676,
		1,
	},
	[0.766666666667] = {
		-0.848374,
		0.210559,
		0.485723,
		0,
		0.518738,
		0.147447,
		0.842122,
		0,
		0.105698,
		0.966397,
		-0.234316,
		0,
		0.313207,
		0.229257,
		-0.478618,
		1,
	},
	[0.783333333333] = {
		-0.836075,
		0.236774,
		0.494891,
		0,
		0.531338,
		0.124866,
		0.837907,
		0,
		0.136599,
		0.963507,
		-0.230204,
		0,
		0.316166,
		0.222025,
		-0.481765,
		1,
	},
	[0.7] = {
		-0.928611,
		0.122612,
		0.350212,
		0,
		0.365697,
		0.142592,
		0.919746,
		0,
		0.062834,
		0.982158,
		-0.177251,
		0,
		0.29287,
		0.265326,
		-0.445216,
		1,
	},
	[0.816666666667] = {
		-0.810942,
		0.291628,
		0.507274,
		0,
		0.546879,
		0.069456,
		0.834326,
		0,
		0.20808,
		0.954007,
		-0.21581,
		0,
		0.322364,
		0.207515,
		-0.487223,
		1,
	},
	[0.833333333333] = {
		-0.798106,
		0.319999,
		0.510517,
		0,
		0.549492,
		0.039005,
		0.834588,
		0,
		0.247155,
		0.946614,
		-0.206968,
		0,
		0.32568,
		0.200205,
		-0.489379,
		1,
	},
	[0.85] = {
		-0.785028,
		0.348659,
		0.512023,
		0,
		0.548921,
		0.008471,
		0.835831,
		0,
		0.287083,
		0.937211,
		-0.198036,
		0,
		0.329019,
		0.1929,
		-0.491143,
		1,
	},
	[0.866666666667] = {
		-0.771546,
		0.37732,
		0.512198,
		0,
		0.545867,
		-0.020838,
		0.837613,
		0,
		0.326721,
		0.925849,
		-0.189889,
		0,
		0.332136,
		0.185658,
		-0.49261,
		1,
	},
	[0.883333333333] = {
		-0.75743,
		0.405874,
		0.511436,
		0,
		0.541248,
		-0.047788,
		0.839504,
		0,
		0.365173,
		0.912679,
		-0.183482,
		0,
		0.334823,
		0.178471,
		-0.493886,
		1,
	},
	[0.8] = {
		-0.823603,
		0.263846,
		0.502059,
		0,
		0.540785,
		0.098483,
		0.835376,
		0,
		0.170966,
		0.959524,
		-0.223795,
		0,
		0.319211,
		0.21478,
		-0.484657,
		1,
	},
	[0.916666666667] = {
		-0.727509,
		0.462275,
		0.506983,
		0,
		0.530036,
		-0.090522,
		0.843129,
		0,
		0.435651,
		0.882104,
		-0.179167,
		0,
		0.33918,
		0.164226,
		-0.495563,
		1,
	},
	[0.933333333333] = {
		-0.711858,
		0.489933,
		0.503213,
		0,
		0.525113,
		-0.10451,
		0.844591,
		0,
		0.466384,
		0.865473,
		-0.182874,
		0,
		0.341022,
		0.157159,
		-0.495792,
		1,
	},
	[0.95] = {
		-0.695744,
		0.517102,
		0.498544,
		0,
		0.522129,
		-0.112558,
		0.845406,
		0,
		0.493276,
		0.848491,
		-0.191682,
		0,
		0.342643,
		0.150124,
		-0.495577,
		1,
	},
	[0.966666666667] = {
		-0.679171,
		0.543692,
		0.493079,
		0,
		0.522271,
		-0.114035,
		0.845121,
		0,
		0.515713,
		0.831502,
		-0.206505,
		0,
		0.344046,
		0.143117,
		-0.494891,
		1,
	},
	[0.983333333333] = {
		-0.665551,
		0.570498,
		0.481221,
		0,
		0.518703,
		-0.110039,
		0.847844,
		0,
		0.536646,
		0.813894,
		-0.222682,
		0,
		0.345357,
		0.136027,
		-0.4933,
		1,
	},
	[0.9] = {
		-0.742697,
		0.434223,
		0.509756,
		0,
		0.535762,
		-0.071332,
		0.84135,
		0,
		0.401696,
		0.897977,
		-0.179662,
		0,
		0.337114,
		0.171329,
		-0.494918,
		1,
	},
	[1.01666666667] = {
		-0.652821,
		0.625473,
		0.427327,
		0,
		0.482092,
		-0.092085,
		0.871268,
		0,
		0.584305,
		0.774793,
		-0.24142,
		0,
		0.348087,
		0.121506,
		-0.486718,
		1,
	},
	[1.03333333333] = {
		-0.650332,
		0.652407,
		0.389145,
		0,
		0.451804,
		-0.079636,
		0.888556,
		0,
		0.610689,
		0.753674,
		-0.24297,
		0,
		0.349505,
		0.114229,
		-0.482115,
		1,
	},
	[1.05] = {
		-0.648254,
		0.678227,
		0.346085,
		0,
		0.415372,
		-0.065939,
		0.907258,
		0,
		0.638148,
		0.731888,
		-0.238971,
		0,
		0.350948,
		0.107042,
		-0.476907,
		1,
	},
	[1.06666666667] = {
		-0.645287,
		0.702489,
		0.30019,
		0,
		0.374333,
		-0.051785,
		0.925847,
		0,
		0.665943,
		0.709808,
		-0.229548,
		0,
		0.352401,
		0.100018,
		-0.47131,
		1,
	},
	[1.08333333333] = {
		-0.64055,
		0.724851,
		0.253548,
		0,
		0.330392,
		-0.037916,
		0.943082,
		0,
		0.693207,
		0.687862,
		-0.215198,
		0,
		0.353846,
		0.09323,
		-0.465549,
		1,
	},
	{
		-0.657319,
		0.597967,
		0.458657,
		0,
		0.504838,
		-0.10248,
		0.857109,
		0,
		0.559527,
		0.794942,
		-0.234514,
		0,
		0.346703,
		0.128797,
		-0.490512,
		1,
	},
	[1.11666666667] = {
		-0.624618,
		0.763093,
		0.165957,
		0,
		0.241408,
		-0.013426,
		0.970331,
		0,
		0.742681,
		0.646149,
		-0.175831,
		0,
		0.356644,
		0.080513,
		-0.454513,
		1,
	},
	[1.13333333333] = {
		-0.613922,
		0.77887,
		0.128302,
		0,
		0.200422,
		-0.003408,
		0.979704,
		0,
		0.763499,
		0.627176,
		-0.15401,
		0,
		0.357982,
		0.074435,
		-0.449777,
		1,
	},
	[1.15] = {
		-0.602457,
		0.79227,
		0.096714,
		0,
		0.164546,
		0.004717,
		0.986358,
		0,
		0.781006,
		0.610152,
		-0.133207,
		0,
		0.359265,
		0.068579,
		-0.445914,
		1,
	},
	[1.16666666667] = {
		-0.591332,
		0.803169,
		0.072429,
		0,
		0.135843,
		0.010677,
		0.990673,
		0,
		0.794905,
		0.595655,
		-0.115418,
		0,
		0.360487,
		0.063007,
		-0.443183,
		1,
	},
	[1.18333333333] = {
		-0.581717,
		0.811425,
		0.05652,
		0,
		0.11633,
		0.014223,
		0.993109,
		0,
		0.80503,
		0.584283,
		-0.102667,
		0,
		0.361647,
		0.057781,
		-0.44185,
		1,
	},
	[1.1] = {
		-0.633651,
		0.745072,
		0.208216,
		0,
		0.28542,
		-0.025005,
		0.958076,
		0,
		0.719042,
		0.666515,
		-0.196814,
		0,
		0.355263,
		0.086752,
		-0.459861,
		1,
	},
	[1.21666666667] = {
		-0.570917,
		0.819227,
		0.054035,
		0,
		0.112717,
		0.013019,
		0.993542,
		0,
		0.813233,
		0.573321,
		-0.099774,
		0,
		0.363768,
		0.048618,
		-0.444409,
		1,
	},
	[1.2] = {
		-0.574665,
		0.81686,
		0.050011,
		0,
		0.107977,
		0.015104,
		0.994039,
		0,
		0.811235,
		0.576639,
		-0.096882,
		0,
		0.362743,
		0.052964,
		-0.442174,
		1,
	},
}

return spline_matrices
