-- chunkname: @content/characters/player/human/first_person/animations/2h_power_sword/heavy_attack_right.lua

local spline_matrices = {
	[0.0166666666667] = {
		-0.413453,
		0.060063,
		-0.908542,
		0,
		0.908152,
		0.099197,
		-0.406718,
		0,
		0.065696,
		-0.993253,
		-0.09556,
		0,
		-0.309552,
		-0.214827,
		-0.218535,
		1,
	},
	[0.0333333333333] = {
		-0.413453,
		0.060063,
		-0.908542,
		0,
		0.908152,
		0.099197,
		-0.406718,
		0,
		0.065696,
		-0.993253,
		-0.09556,
		0,
		-0.309552,
		-0.214827,
		-0.218535,
		1,
	},
	[0.05] = {
		-0.413453,
		0.060063,
		-0.908542,
		0,
		0.908152,
		0.099197,
		-0.406718,
		0,
		0.065696,
		-0.993253,
		-0.09556,
		0,
		-0.309552,
		-0.214827,
		-0.218535,
		1,
	},
	[0.0666666666667] = {
		-0.413819,
		0.058591,
		-0.908472,
		0,
		0.906511,
		0.118178,
		-0.405304,
		0,
		0.083614,
		-0.991262,
		-0.102018,
		0,
		-0.30559,
		-0.214541,
		-0.218368,
		1,
	},
	[0.0833333333333] = {
		-0.414635,
		0.055014,
		-0.908323,
		0,
		0.901173,
		0.163422,
		-0.401473,
		0,
		0.126353,
		-0.985021,
		-0.117338,
		0,
		-0.295959,
		-0.210487,
		-0.218045,
		1,
	},
	[0] = {
		-0.413453,
		0.060063,
		-0.908542,
		0,
		0.908152,
		0.099197,
		-0.406718,
		0,
		0.065696,
		-0.993253,
		-0.09556,
		0,
		-0.309552,
		-0.214827,
		-0.218535,
		1,
	},
	[0.116666666667] = {
		-0.415933,
		0.046567,
		-0.908202,
		0,
		0.882273,
		0.262748,
		-0.390586,
		0,
		0.22044,
		-0.96374,
		-0.150371,
		0,
		-0.273299,
		-0.172014,
		-0.218269,
		1,
	},
	[0.133333333333] = {
		-0.414087,
		0.044187,
		-0.909164,
		0,
		0.877916,
		0.283191,
		-0.386091,
		0,
		0.240407,
		-0.958045,
		-0.156058,
		0,
		-0.266834,
		-0.128284,
		-0.219834,
		1,
	},
	[0.15] = {
		-0.422549,
		0.068086,
		-0.903779,
		0,
		0.884769,
		0.247247,
		-0.395035,
		0,
		0.19656,
		-0.966558,
		-0.164714,
		0,
		-0.280732,
		-0.032192,
		-0.211006,
		1,
	},
	[0.166666666667] = {
		-0.438612,
		0.126503,
		-0.889728,
		0,
		0.89685,
		0.124704,
		-0.424392,
		0,
		0.057265,
		-0.984096,
		-0.168151,
		0,
		-0.310811,
		0.114896,
		-0.188376,
		1,
	},
	[0.183333333333] = {
		-0.438369,
		0.19615,
		-0.87713,
		0,
		0.881658,
		-0.095813,
		-0.462059,
		0,
		-0.174674,
		-0.975882,
		-0.130936,
		0,
		-0.329277,
		0.264533,
		-0.164109,
		1,
	},
	[0.1] = {
		-0.41548,
		0.050589,
		-0.908194,
		0,
		0.892144,
		0.217344,
		-0.396031,
		0,
		0.177356,
		-0.974783,
		-0.135434,
		0,
		-0.284053,
		-0.197879,
		-0.217894,
		1,
	},
	[0.216666666667] = {
		-0.104498,
		0.092228,
		-0.990239,
		0,
		-0.117153,
		-0.9899,
		-0.079834,
		0,
		-0.987601,
		0.107667,
		0.114248,
		0,
		-0.299493,
		0.570307,
		-0.108274,
		1,
	},
	[0.233333333333] = {
		-0.115253,
		0.01488,
		-0.993225,
		0,
		-0.75086,
		-0.655922,
		0.077303,
		0,
		-0.650327,
		0.754682,
		0.08677,
		0,
		-0.184891,
		0.686882,
		-0.077293,
		1,
	},
	[0.25] = {
		-0.137917,
		0.057736,
		-0.98876,
		0,
		-0.986172,
		-0.100621,
		0.131681,
		0,
		-0.091887,
		0.993248,
		0.070815,
		0,
		-0.003966,
		0.73955,
		-0.063518,
		1,
	},
	[0.266666666667] = {
		-0.10439,
		0.121324,
		-0.987108,
		0,
		-0.968299,
		0.21408,
		0.128713,
		0,
		0.226936,
		0.969252,
		0.09513,
		0,
		0.241231,
		0.715485,
		-0.108632,
		1,
	},
	[0.283333333333] = {
		-0.112402,
		0.204448,
		-0.972403,
		0,
		-0.813265,
		0.543353,
		0.208247,
		0,
		0.570934,
		0.814228,
		0.105196,
		0,
		0.447829,
		0.661851,
		-0.158296,
		1,
	},
	[0.2] = {
		-0.198955,
		0.307953,
		-0.930367,
		0,
		0.615661,
		-0.699349,
		-0.363142,
		0,
		-0.762482,
		-0.645039,
		-0.050455,
		0,
		-0.330865,
		0.418044,
		-0.139366,
		1,
	},
	[0.316666666667] = {
		-0.365013,
		0.617892,
		-0.696402,
		0,
		-0.500192,
		0.500732,
		0.706452,
		0,
		0.785222,
		0.606199,
		0.126291,
		0,
		0.614877,
		0.542901,
		-0.230951,
		1,
	},
	[0.333333333333] = {
		-0.362049,
		0.570567,
		-0.737139,
		0,
		-0.448975,
		0.586279,
		0.674313,
		0,
		0.81691,
		0.575091,
		0.043908,
		0,
		0.639211,
		0.470326,
		-0.214944,
		1,
	},
	[0.35] = {
		-0.327394,
		0.461552,
		-0.824489,
		0,
		-0.38314,
		0.732778,
		0.562352,
		0,
		0.863722,
		0.500006,
		-0.063068,
		0,
		0.668502,
		0.388033,
		-0.191653,
		1,
	},
	[0.366666666667] = {
		-0.255043,
		0.328486,
		-0.909423,
		0,
		-0.279996,
		0.875141,
		0.394627,
		0,
		0.925503,
		0.355282,
		-0.131224,
		0,
		0.703937,
		0.289608,
		-0.168623,
		1,
	},
	[0.383333333333] = {
		-0.173651,
		0.194905,
		-0.965328,
		0,
		-0.19082,
		0.954984,
		0.227143,
		0,
		0.966143,
		0.223647,
		-0.128642,
		0,
		0.72828,
		0.209754,
		-0.146458,
		1,
	},
	[0.3] = {
		-0.235253,
		0.429836,
		-0.871721,
		0,
		-0.669868,
		0.578147,
		0.465857,
		0,
		0.704225,
		0.693532,
		0.151923,
		0,
		0.559583,
		0.599626,
		-0.210703,
		1,
	},
	[0.416666666667] = {
		-0.079131,
		0.047547,
		-0.99573,
		0,
		-0.184951,
		0.980819,
		0.061534,
		0,
		0.979557,
		0.18903,
		-0.068819,
		0,
		0.737528,
		0.10434,
		-0.139073,
		1,
	},
	[0.433333333333] = {
		-0.055534,
		0.0092,
		-0.998414,
		0,
		-0.226798,
		0.973703,
		0.021587,
		0,
		0.972357,
		0.227637,
		-0.051987,
		0,
		0.71903,
		0.066605,
		-0.160521,
		1,
	},
	[0.45] = {
		-0.040305,
		-0.016779,
		-0.999047,
		0,
		-0.276437,
		0.961019,
		-0.004988,
		0,
		0.960186,
		0.275972,
		-0.043372,
		0,
		0.691161,
		0.037225,
		-0.193706,
		1,
	},
	[0.466666666667] = {
		-0.032488,
		-0.032657,
		-0.998938,
		0,
		-0.324154,
		0.945785,
		-0.020377,
		0,
		0.945446,
		0.323148,
		-0.041313,
		0,
		0.659444,
		0.016019,
		-0.234432,
		1,
	},
	[0.483333333333] = {
		-0.02973,
		-0.040693,
		-0.998729,
		0,
		-0.360109,
		0.932512,
		-0.027275,
		0,
		0.932437,
		0.35884,
		-0.042377,
		0,
		0.629643,
		0.002851,
		-0.277565,
		1,
	},
	[0.4] = {
		-0.111564,
		0.100787,
		-0.988633,
		0,
		-0.157919,
		0.980404,
		0.117768,
		0,
		0.98113,
		0.169262,
		-0.093461,
		0,
		0.741306,
		0.149176,
		-0.133369,
		1,
	},
	[0.516666666667] = {
		-0.047862,
		-0.018347,
		-0.998685,
		0,
		-0.355073,
		0.934839,
		-0.000157,
		0,
		0.933613,
		0.354598,
		-0.051258,
		0,
		0.592521,
		-0.003481,
		-0.360781,
		1,
	},
	[0.533333333333] = {
		-0.096775,
		0.047691,
		-0.994163,
		0,
		-0.297532,
		0.951791,
		0.074621,
		0,
		0.949794,
		0.303017,
		-0.07792,
		0,
		0.57865,
		-0.004314,
		-0.412269,
		1,
	},
	[0.55] = {
		-0.164245,
		0.140792,
		-0.97632,
		0,
		-0.203753,
		0.963575,
		0.173231,
		0,
		0.965147,
		0.22738,
		-0.129576,
		0,
		0.566134,
		-0.004949,
		-0.468261,
		1,
	},
	[0.566666666667] = {
		-0.236804,
		0.245945,
		-0.939912,
		0,
		-0.080477,
		0.959138,
		0.271251,
		0,
		0.968219,
		0.139874,
		-0.207335,
		0,
		0.554897,
		-0.005434,
		-0.524584,
		1,
	},
	[0.583333333333] = {
		-0.30149,
		0.348337,
		-0.887561,
		0,
		0.056261,
		0.935753,
		0.34814,
		0,
		0.951808,
		0.055025,
		-0.301718,
		0,
		0.544972,
		-0.005768,
		-0.576783,
		1,
	},
	[0.5] = {
		-0.029221,
		-0.043127,
		-0.998642,
		0,
		-0.374607,
		0.926728,
		-0.02906,
		0,
		0.926723,
		0.373249,
		-0.043236,
		0,
		0.607784,
		-0.002368,
		-0.31783,
		1,
	},
	[0.616666666667] = {
		-0.377726,
		0.493445,
		-0.783476,
		0,
		0.275146,
		0.867757,
		0.413875,
		0,
		0.884092,
		-0.059239,
		-0.463544,
		0,
		0.530669,
		-0.006257,
		-0.649957,
		1,
	},
	[0.633333333333] = {
		-0.387458,
		0.515372,
		-0.764374,
		0,
		0.311078,
		0.853601,
		0.417847,
		0,
		0.867817,
		-0.075882,
		-0.491056,
		0,
		0.527809,
		-0.006758,
		-0.661447,
		1,
	},
	[0.65] = {
		-0.38811,
		0.515601,
		-0.763889,
		0,
		0.312716,
		0.853363,
		0.417111,
		0,
		0.866937,
		-0.076996,
		-0.492435,
		0,
		0.526733,
		-0.007534,
		-0.662296,
		1,
	},
	[0.666666666667] = {
		-0.388789,
		0.515906,
		-0.763338,
		0,
		0.314655,
		0.853055,
		0.41628,
		0,
		0.865931,
		-0.078343,
		-0.49399,
		0,
		0.525514,
		-0.008462,
		-0.663252,
		1,
	},
	[0.683333333333] = {
		-0.389482,
		0.51629,
		-0.762724,
		0,
		0.316889,
		0.852676,
		0.415361,
		0,
		0.864803,
		-0.079923,
		-0.495709,
		0,
		0.524161,
		-0.009541,
		-0.664308,
		1,
	},
	[0.6] = {
		-0.349418,
		0.434566,
		-0.830096,
		0,
		0.183051,
		0.900529,
		0.394386,
		0,
		0.918912,
		-0.014145,
		-0.394209,
		0,
		0.536679,
		-0.006002,
		-0.620164,
		1,
	},
	[0.716666666667] = {
		-0.390861,
		0.517302,
		-0.761332,
		0,
		0.322215,
		0.851692,
		0.413277,
		0,
		0.862209,
		-0.083779,
		-0.499576,
		0,
		0.52109,
		-0.012144,
		-0.666677,
		1,
	},
	[0.733333333333] = {
		-0.391522,
		0.517933,
		-0.760563,
		0,
		0.325293,
		0.851082,
		0.412121,
		0,
		0.860753,
		-0.086051,
		-0.501697,
		0,
		0.51939,
		-0.013665,
		-0.667973,
		1,
	},
	[0.75] = {
		-0.392145,
		0.518649,
		-0.759754,
		0,
		0.328638,
		0.850389,
		0.410896,
		0,
		0.859197,
		-0.088553,
		-0.503923,
		0,
		0.517591,
		-0.01533,
		-0.669332,
		1,
	},
	[0.766666666667] = {
		-0.392718,
		0.519452,
		-0.758909,
		0,
		0.332242,
		0.84961,
		0.409607,
		0,
		0.857548,
		-0.091282,
		-0.506241,
		0,
		0.515703,
		-0.017136,
		-0.670744,
		1,
	},
	[0.783333333333] = {
		-0.393148,
		0.520366,
		-0.75806,
		0,
		0.33612,
		0.848723,
		0.408281,
		0,
		0.855838,
		-0.094284,
		-0.508578,
		0,
		0.513778,
		-0.019112,
		-0.672166,
		1,
	},
	[0.7] = {
		-0.390177,
		0.516755,
		-0.762054,
		0,
		0.319411,
		0.852223,
		0.414358,
		0,
		0.863561,
		-0.081735,
		-0.497575,
		0,
		0.522683,
		-0.010769,
		-0.665452,
		1,
	},
	[0.816666666667] = {
		-0.393339,
		0.522555,
		-0.756452,
		0,
		0.344634,
		0.846584,
		0.405615,
		0,
		0.852357,
		-0.101155,
		-0.513085,
		0,
		0.50999,
		-0.02359,
		-0.674903,
		1,
	},
	[0.833333333333] = {
		-0.393112,
		0.523801,
		-0.755708,
		0,
		0.349192,
		0.84535,
		0.404288,
		0,
		0.850604,
		-0.104957,
		-0.515224,
		0,
		0.508147,
		-0.026052,
		-0.676201,
		1,
	},
	[0.85] = {
		-0.392676,
		0.525129,
		-0.755013,
		0,
		0.3539,
		0.844018,
		0.402974,
		0,
		0.848858,
		-0.108961,
		-0.517269,
		0,
		0.506354,
		-0.028637,
		-0.677441,
		1,
	},
	[0.866666666667] = {
		-0.392037,
		0.526525,
		-0.754373,
		0,
		0.35872,
		0.842598,
		0.401681,
		0,
		0.847129,
		-0.113134,
		-0.519205,
		0,
		0.50462,
		-0.031323,
		-0.678615,
		1,
	},
	[0.883333333333] = {
		-0.391203,
		0.527974,
		-0.753793,
		0,
		0.363612,
		0.841101,
		0.400419,
		0,
		0.845427,
		-0.117443,
		-0.521019,
		0,
		0.502958,
		-0.03409,
		-0.679714,
		1,
	},
	[0.8] = {
		-0.393353,
		0.521405,
		-0.757239,
		0,
		0.340263,
		0.847711,
		0.406948,
		0,
		0.854104,
		-0.097586,
		-0.510865,
		0,
		0.51187,
		-0.02127,
		-0.673555,
		1,
	},
	[0.916666666667] = {
		-0.38897,
		0.530979,
		-0.752837,
		0,
		0.373466,
		0.837914,
		0.398025,
		0,
		0.842155,
		-0.126339,
		-0.524226,
		0,
		0.499898,
		-0.039789,
		-0.681659,
		1,
	},
	[0.933333333333] = {
		-0.387585,
		0.532508,
		-0.752471,
		0,
		0.378352,
		0.836248,
		0.396913,
		0,
		0.840612,
		-0.130861,
		-0.525593,
		0,
		0.498524,
		-0.042679,
		-0.68249,
		1,
	},
	[0.95] = {
		-0.386032,
		0.534039,
		-0.752185,
		0,
		0.383161,
		0.834549,
		0.395873,
		0,
		0.839147,
		-0.135389,
		-0.526785,
		0,
		0.497272,
		-0.04557,
		-0.683216,
		1,
	},
	[0.966666666667] = {
		-0.384317,
		0.535558,
		-0.751983,
		0,
		0.387856,
		0.832832,
		0.394915,
		0,
		0.837776,
		-0.139889,
		-0.527791,
		0,
		0.496154,
		-0.048441,
		-0.683831,
		1,
	},
	[0.983333333333] = {
		-0.382448,
		0.537053,
		-0.751869,
		0,
		0.392402,
		0.831109,
		0.394053,
		0,
		0.836513,
		-0.14433,
		-0.528597,
		0,
		0.495185,
		-0.051272,
		-0.684327,
		1,
	},
	[0.9] = {
		-0.390178,
		0.529463,
		-0.753279,
		0,
		0.36854,
		0.839535,
		0.399197,
		0,
		0.843765,
		-0.121856,
		-0.522697,
		0,
		0.50138,
		-0.036919,
		-0.680731,
		1,
	},
	[1.01666666667] = {
		-0.378347,
		0.539929,
		-0.751885,
		0,
		0.400931,
		0.827706,
		0.392628,
		0,
		0.834331,
		-0.152904,
		-0.529635,
		0,
		0.49369,
		-0.056731,
		-0.684976,
		1,
	},
	[1.03333333333] = {
		-0.376273,
		0.541287,
		-0.751949,
		0,
		0.404917,
		0.826056,
		0.392013,
		0,
		0.833344,
		-0.156973,
		-0.529998,
		0,
		0.493064,
		-0.05932,
		-0.685208,
		1,
	},
	[1.05] = {
		-0.374237,
		0.542577,
		-0.752035,
		0,
		0.40869,
		0.824461,
		0.391453,
		0,
		0.832417,
		-0.160853,
		-0.53029,
		0,
		0.492499,
		-0.061787,
		-0.685396,
		1,
	},
	[1.06666666667] = {
		-0.372268,
		0.54379,
		-0.752136,
		0,
		0.412227,
		0.822938,
		0.390949,
		0,
		0.831556,
		-0.164513,
		-0.530518,
		0,
		0.491993,
		-0.064113,
		-0.685545,
		1,
	},
	[1.08333333333] = {
		-0.370391,
		0.544916,
		-0.752248,
		0,
		0.4155,
		0.821504,
		0.390501,
		0,
		0.830765,
		-0.167921,
		-0.53069,
		0,
		0.491546,
		-0.066279,
		-0.68566,
		1,
	},
	{
		-0.380434,
		0.538514,
		-0.751846,
		0,
		0.396761,
		0.829396,
		0.393298,
		0,
		0.835375,
		-0.148679,
		-0.529192,
		0,
		0.494378,
		-0.054042,
		-0.684697,
		1,
	},
	[1.11666666667] = {
		-0.367023,
		0.546868,
		-0.752482,
		0,
		0.421154,
		0.818968,
		0.389769,
		0,
		0.829411,
		-0.173856,
		-0.530896,
		0,
		0.490821,
		-0.070048,
		-0.685805,
		1,
	},
	[1.13333333333] = {
		-0.365587,
		0.547676,
		-0.752594,
		0,
		0.423483,
		0.817901,
		0.389486,
		0,
		0.828859,
		-0.17632,
		-0.530946,
		0,
		0.490541,
		-0.071612,
		-0.685844,
		1,
	},
	[1.15] = {
		-0.364351,
		0.548358,
		-0.752696,
		0,
		0.425447,
		0.816991,
		0.389256,
		0,
		0.828398,
		-0.178407,
		-0.530969,
		0,
		0.490315,
		-0.072936,
		-0.685866,
		1,
	},
	[1.16666666667] = {
		-0.363344,
		0.548906,
		-0.752784,
		0,
		0.42702,
		0.816255,
		0.389078,
		0,
		0.828031,
		-0.180084,
		-0.530975,
		0,
		0.490142,
		-0.074001,
		-0.685875,
		1,
	},
	[1.18333333333] = {
		-0.362592,
		0.54931,
		-0.752852,
		0,
		0.428175,
		0.815709,
		0.388953,
		0,
		0.827764,
		-0.181322,
		-0.53097,
		0,
		0.490021,
		-0.074785,
		-0.685877,
		1,
	},
	[1.1] = {
		-0.368634,
		0.545945,
		-0.752365,
		0,
		0.418484,
		0.820175,
		0.390108,
		0,
		0.830048,
		-0.171046,
		-0.530814,
		0,
		0.491155,
		-0.068264,
		-0.685746,
		1,
	},
	[1.21666666667] = {
		-0.361958,
		0.549645,
		-0.752912,
		0,
		0.429131,
		0.815254,
		0.388854,
		0,
		0.827546,
		-0.182349,
		-0.530958,
		0,
		0.489926,
		-0.075437,
		-0.685873,
		1,
	},
	[1.2] = {
		-0.362121,
		0.549559,
		-0.752896,
		0,
		0.428888,
		0.81537,
		0.388879,
		0,
		0.827601,
		-0.182087,
		-0.530962,
		0,
		0.489949,
		-0.075271,
		-0.685875,
		1,
	},
}

return spline_matrices
