-- chunkname: @content/characters/player/human/first_person/animations/2h_power_sword/heavy_attack_left_down.lua

local spline_matrices = {
	[0.0166666666667] = {
		-0.999526,
		-0.018918,
		0.024279,
		0,
		-0.027295,
		0.180259,
		-0.98324,
		0,
		0.014224,
		-0.983437,
		-0.18069,
		0,
		0.30377,
		-0.035106,
		0.097509,
		1,
	},
	[0.0333333333333] = {
		-0.999526,
		-0.018918,
		0.024279,
		0,
		-0.027295,
		0.180259,
		-0.98324,
		0,
		0.014224,
		-0.983437,
		-0.18069,
		0,
		0.30377,
		-0.035106,
		0.097509,
		1,
	},
	[0.05] = {
		-0.999526,
		-0.018918,
		0.024279,
		0,
		-0.027295,
		0.180259,
		-0.98324,
		0,
		0.014224,
		-0.983437,
		-0.18069,
		0,
		0.30377,
		-0.035106,
		0.097509,
		1,
	},
	[0.0666666666667] = {
		-0.996202,
		-0.033892,
		0.080208,
		0,
		-0.08431,
		0.145194,
		-0.985804,
		0,
		0.021765,
		-0.988823,
		-0.1475,
		0,
		0.299796,
		-0.024025,
		0.098112,
		1,
	},
	[0.0833333333333] = {
		-0.974917,
		-0.068036,
		0.211915,
		0,
		-0.215596,
		0.052208,
		-0.975086,
		0,
		0.055278,
		-0.996316,
		-0.065567,
		0,
		0.289342,
		0.005617,
		0.098853,
		1,
	},
	[0] = {
		-0.999526,
		-0.018918,
		0.024279,
		0,
		-0.027295,
		0.180259,
		-0.98324,
		0,
		0.014224,
		-0.983437,
		-0.18069,
		0,
		0.30377,
		-0.035106,
		0.097509,
		1,
	},
	[0.116666666667] = {
		-0.867116,
		-0.135587,
		0.479297,
		0,
		-0.443721,
		-0.226943,
		-0.866954,
		0,
		0.226321,
		-0.964424,
		0.136624,
		0,
		0.256928,
		0.098994,
		0.094438,
		1,
	},
	[0.133333333333] = {
		-0.840328,
		-0.145998,
		0.522047,
		0,
		-0.441734,
		-0.373765,
		-0.81558,
		0,
		0.314196,
		-0.915961,
		0.249593,
		0,
		0.237151,
		0.151447,
		0.08823,
		1,
	},
	[0.15] = {
		-0.885399,
		-0.085845,
		0.456835,
		0,
		-0.33567,
		-0.561775,
		-0.756132,
		0,
		0.321549,
		-0.822824,
		0.468579,
		0,
		0.205907,
		0.227022,
		0.065138,
		1,
	},
	[0.166666666667] = {
		-0.931721,
		-0.026368,
		0.362216,
		0,
		-0.20041,
		-0.794427,
		-0.573342,
		0,
		0.302873,
		-0.606787,
		0.7349,
		0,
		0.165351,
		0.32589,
		0.028477,
		1,
	},
	[0.183333333333] = {
		-0.929061,
		-0.16211,
		0.332514,
		0,
		0.12971,
		-0.984555,
		-0.117584,
		0,
		0.34644,
		-0.066112,
		0.93574,
		0,
		0.124795,
		0.443297,
		-0.017338,
		1,
	},
	[0.1] = {
		-0.925891,
		-0.106077,
		0.362593,
		0,
		-0.355673,
		-0.078821,
		-0.931281,
		0,
		0.127367,
		-0.991229,
		0.035251,
		0,
		0.274559,
		0.048464,
		0.098011,
		1,
	},
	[0.216666666667] = {
		-0.955101,
		-0.062918,
		0.289524,
		0,
		0.29573,
		-0.262072,
		0.91862,
		0,
		0.018078,
		0.962995,
		0.268912,
		0,
		-0.007637,
		0.714693,
		-0.228883,
		1,
	},
	[0.233333333333] = {
		-0.927897,
		-0.078106,
		0.364563,
		0,
		0.369036,
		-0.053171,
		0.927893,
		0,
		-0.05309,
		0.995526,
		0.078161,
		0,
		-0.074586,
		0.702266,
		-0.38917,
		1,
	},
	[0.25] = {
		-0.731278,
		0.028533,
		0.681482,
		0,
		0.678248,
		0.136159,
		0.722108,
		0,
		-0.072186,
		0.990276,
		-0.118923,
		0,
		-0.118844,
		0.662311,
		-0.554221,
		1,
	},
	[0.266666666667] = {
		-0.969606,
		0.063966,
		0.236161,
		0,
		0.242418,
		0.381828,
		0.891875,
		0,
		-0.033123,
		0.922017,
		-0.385729,
		0,
		-0.163363,
		0.623178,
		-0.637542,
		1,
	},
	[0.283333333333] = {
		-0.95932,
		0.084416,
		0.269406,
		0,
		0.278911,
		0.431256,
		0.858037,
		0,
		-0.043751,
		0.898272,
		-0.437257,
		0,
		-0.205106,
		0.614057,
		-0.640343,
		1,
	},
	[0.2] = {
		-0.902188,
		-0.143125,
		0.406906,
		0,
		0.38997,
		-0.67379,
		0.627638,
		0,
		0.184339,
		0.724929,
		0.6637,
		0,
		0.073157,
		0.582359,
		-0.085467,
		1,
	},
	[0.316666666667] = {
		-0.931034,
		0.106316,
		0.349103,
		0,
		0.357637,
		0.456146,
		0.814878,
		0,
		-0.072607,
		0.883531,
		-0.46271,
		0,
		-0.235279,
		0.596747,
		-0.627984,
		1,
	},
	[0.333333333333] = {
		-0.921849,
		0.09155,
		0.376582,
		0,
		0.372099,
		0.480724,
		0.794007,
		0,
		-0.10834,
		0.87208,
		-0.47722,
		0,
		-0.240961,
		0.564809,
		-0.62548,
		1,
	},
	[0.35] = {
		-0.915338,
		0.063757,
		0.397606,
		0,
		0.372776,
		0.507589,
		0.776783,
		0,
		-0.152295,
		0.859237,
		-0.488382,
		0,
		-0.245159,
		0.523808,
		-0.627475,
		1,
	},
	[0.366666666667] = {
		-0.91286,
		0.031804,
		0.407032,
		0,
		0.359885,
		0.533464,
		0.765441,
		0,
		-0.192793,
		0.845225,
		-0.498423,
		0,
		-0.243961,
		0.479902,
		-0.631761,
		1,
	},
	[0.383333333333] = {
		-0.911496,
		0.005284,
		0.411275,
		0,
		0.343231,
		0.56076,
		0.753486,
		0,
		-0.226645,
		0.827962,
		-0.512944,
		0,
		-0.242395,
		0.435224,
		-0.636433,
		1,
	},
	[0.3] = {
		-0.943627,
		0.101816,
		0.314963,
		0,
		0.326403,
		0.444426,
		0.834234,
		0,
		-0.055039,
		0.890011,
		-0.452605,
		0,
		-0.228483,
		0.610895,
		-0.634257,
		1,
	},
	[0.416666666667] = {
		-0.865619,
		-0.039842,
		0.499115,
		0,
		0.350541,
		0.663561,
		0.660914,
		0,
		-0.357526,
		0.74706,
		-0.560425,
		0,
		-0.279119,
		0.322881,
		-0.630148,
		1,
	},
	[0.433333333333] = {
		-0.808058,
		-0.064326,
		0.585581,
		0,
		0.359075,
		0.734243,
		0.576153,
		0,
		-0.46702,
		0.675832,
		-0.570213,
		0,
		-0.315359,
		0.254681,
		-0.615034,
		1,
	},
	[0.45] = {
		-0.729235,
		-0.082117,
		0.679318,
		0,
		0.358707,
		0.79955,
		0.481716,
		0,
		-0.582706,
		0.59496,
		-0.553603,
		0,
		-0.354888,
		0.187437,
		-0.594243,
		1,
	},
	[0.466666666667] = {
		-0.637113,
		-0.092218,
		0.765234,
		0,
		0.349218,
		0.850531,
		0.393247,
		0,
		-0.68712,
		0.517776,
		-0.50968,
		0,
		-0.392005,
		0.128739,
		-0.570175,
		1,
	},
	[0.483333333333] = {
		-0.544999,
		-0.110734,
		0.831092,
		0,
		0.343763,
		0.874582,
		0.341955,
		0,
		-0.764725,
		0.472064,
		-0.43858,
		0,
		-0.421289,
		0.106537,
		-0.543449,
		1,
	},
	[0.4] = {
		-0.899361,
		-0.016403,
		0.4369,
		0,
		0.340104,
		0.601698,
		0.722695,
		0,
		-0.274736,
		0.798555,
		-0.535565,
		0,
		-0.252715,
		0.384488,
		-0.637233,
		1,
	},
	[0.516666666667] = {
		-0.369423,
		-0.128806,
		0.920291,
		0,
		0.265266,
		0.934522,
		0.23728,
		0,
		-0.890596,
		0.331778,
		-0.311066,
		0,
		-0.46451,
		0.045483,
		-0.478361,
		1,
	},
	[0.533333333333] = {
		-0.290921,
		-0.139781,
		0.946481,
		0,
		0.2069,
		0.956669,
		0.204881,
		0,
		-0.934108,
		0.255431,
		-0.249394,
		0,
		-0.482302,
		0.019662,
		-0.437882,
		1,
	},
	[0.55] = {
		-0.224963,
		-0.150629,
		0.962654,
		0,
		0.148005,
		0.971231,
		0.186559,
		0,
		-0.963061,
		0.184446,
		-0.196198,
		0,
		-0.497429,
		-0.002648,
		-0.395946,
		1,
	},
	[0.566666666667] = {
		-0.174297,
		-0.161958,
		0.971283,
		0,
		0.094805,
		0.979039,
		0.180264,
		0,
		-0.980119,
		0.123502,
		-0.155289,
		0,
		-0.509884,
		-0.021229,
		-0.355387,
		1,
	},
	[0.583333333333] = {
		-0.13938,
		-0.173969,
		0.974837,
		0,
		0.05072,
		0.9819,
		0.182482,
		0,
		-0.988939,
		0.074878,
		-0.128033,
		0,
		-0.519653,
		-0.03593,
		-0.319013,
		1,
	},
	[0.5] = {
		-0.455914,
		-0.118196,
		0.882141,
		0,
		0.314269,
		0.90592,
		0.283804,
		0,
		-0.832693,
		0.406619,
		-0.375876,
		0,
		-0.444119,
		0.074541,
		-0.514508,
		1,
	},
	[0.616666666667] = {
		-0.108091,
		-0.194043,
		0.97502,
		0,
		-0.004204,
		0.980847,
		0.194736,
		0,
		-0.994132,
		0.01695,
		-0.106837,
		0,
		-0.531029,
		-0.053301,
		-0.269799,
		1,
	},
	[0.633333333333] = {
		-0.104797,
		-0.196649,
		0.974857,
		0,
		-0.012005,
		0.980434,
		0.196483,
		0,
		-0.994421,
		0.008888,
		-0.105108,
		0,
		-0.532582,
		-0.055814,
		-0.262329,
		1,
	},
	[0.65] = {
		-0.104087,
		-0.19533,
		0.975199,
		0,
		-0.012043,
		0.9807,
		0.195147,
		0,
		-0.994495,
		0.008568,
		-0.10443,
		0,
		-0.532754,
		-0.056268,
		-0.261883,
		1,
	},
	[0.666666666667] = {
		-0.10326,
		-0.193676,
		0.975616,
		0,
		-0.012106,
		0.981032,
		0.19347,
		0,
		-0.994581,
		0.008167,
		-0.103646,
		0,
		-0.532951,
		-0.056837,
		-0.261358,
		1,
	},
	[0.683333333333] = {
		-0.102334,
		-0.191597,
		0.976124,
		0,
		-0.012191,
		0.981444,
		0.191363,
		0,
		-0.994675,
		0.007683,
		-0.102771,
		0,
		-0.53317,
		-0.05754,
		-0.260756,
		1,
	},
	[0.6] = {
		-0.118435,
		-0.185496,
		0.975482,
		0,
		0.017327,
		0.98186,
		0.188813,
		0,
		-0.992811,
		0.039264,
		-0.113072,
		0,
		-0.526709,
		-0.046647,
		-0.289586,
		1,
	},
	[0.716666666667] = {
		-0.10025,
		-0.186428,
		0.97734,
		0,
		-0.012414,
		0.982447,
		0.186129,
		0,
		-0.994885,
		0.006527,
		-0.100805,
		0,
		-0.533658,
		-0.059261,
		-0.259369,
		1,
	},
	[0.733333333333] = {
		-0.099125,
		-0.18347,
		0.978015,
		0,
		-0.012545,
		0.983008,
		0.183135,
		0,
		-0.994996,
		0.005884,
		-0.099742,
		0,
		-0.53392,
		-0.060233,
		-0.258606,
		1,
	},
	[0.75] = {
		-0.097966,
		-0.180351,
		0.978712,
		0,
		-0.012684,
		0.983589,
		0.17998,
		0,
		-0.995109,
		0.005218,
		-0.098646,
		0,
		-0.534187,
		-0.061252,
		-0.257812,
		1,
	},
	[0.766666666667] = {
		-0.096791,
		-0.177136,
		0.979415,
		0,
		-0.012828,
		0.984176,
		0.176729,
		0,
		-0.995222,
		0.004541,
		-0.097532,
		0,
		-0.534458,
		-0.062294,
		-0.257,
		1,
	},
	[0.783333333333] = {
		-0.095616,
		-0.173893,
		0.980112,
		0,
		-0.012975,
		0.984757,
		0.173451,
		0,
		-0.995334,
		0.003868,
		-0.096414,
		0,
		-0.534728,
		-0.06334,
		-0.256182,
		1,
	},
	[0.7] = {
		-0.101325,
		-0.189159,
		0.976705,
		0,
		-0.012295,
		0.98192,
		0.188894,
		0,
		-0.994777,
		0.007131,
		-0.101819,
		0,
		-0.533407,
		-0.058356,
		-0.26009,
		1,
	},
	[0.816666666667] = {
		-0.093329,
		-0.167518,
		0.981442,
		0,
		-0.013261,
		0.985866,
		0.167012,
		0,
		-0.995547,
		0.002572,
		-0.094231,
		0,
		-0.53525,
		-0.065377,
		-0.254575,
		1,
	},
	[0.833333333333] = {
		-0.092251,
		-0.164341,
		0.98208,
		0,
		-0.013401,
		0.986402,
		0.163805,
		0,
		-0.995646,
		0.00195,
		-0.093199,
		0,
		-0.535495,
		-0.066377,
		-0.253801,
		1,
	},
	[0.85] = {
		-0.091237,
		-0.161169,
		0.982701,
		0,
		-0.013541,
		0.986926,
		0.160605,
		0,
		-0.995737,
		0.001346,
		-0.092226,
		0,
		-0.535723,
		-0.067365,
		-0.253057,
		1,
	},
	[0.866666666667] = {
		-0.090303,
		-0.158014,
		0.983299,
		0,
		-0.013684,
		0.987437,
		0.157422,
		0,
		-0.99582,
		0.000761,
		-0.091331,
		0,
		-0.535932,
		-0.068338,
		-0.252354,
		1,
	},
	[0.883333333333] = {
		-0.089465,
		-0.154887,
		0.983873,
		0,
		-0.01383,
		0.987932,
		0.154269,
		0,
		-0.995894,
		0.000195,
		-0.090528,
		0,
		-0.536116,
		-0.069293,
		-0.2517,
		1,
	},
	[0.8] = {
		-0.094456,
		-0.170688,
		0.980787,
		0,
		-0.013119,
		0.98532,
		0.170213,
		0,
		-0.995443,
		0.00321,
		-0.095309,
		0,
		-0.534993,
		-0.064368,
		-0.255371,
		1,
	},
	[0.916666666667] = {
		-0.088143,
		-0.148764,
		0.984937,
		0,
		-0.01414,
		0.988872,
		0.148093,
		0,
		-0.996007,
		-0.000873,
		-0.089266,
		0,
		-0.536398,
		-0.071139,
		-0.250582,
		1,
	},
	[0.933333333333] = {
		-0.087691,
		-0.14579,
		0.985422,
		0,
		-0.014307,
		0.989315,
		0.145093,
		0,
		-0.996045,
		-0.001375,
		-0.08884,
		0,
		-0.536488,
		-0.072024,
		-0.250137,
		1,
	},
	[0.95] = {
		-0.087398,
		-0.142891,
		0.985872,
		0,
		-0.014485,
		0.989737,
		0.142167,
		0,
		-0.996068,
		-0.001855,
		-0.088571,
		0,
		-0.536538,
		-0.072881,
		-0.24978,
		1,
	},
	[0.966666666667] = {
		-0.087282,
		-0.140078,
		0.986286,
		0,
		-0.014675,
		0.990138,
		0.139326,
		0,
		-0.996076,
		-0.002314,
		-0.088477,
		0,
		-0.536546,
		-0.073708,
		-0.249522,
		1,
	},
	[0.983333333333] = {
		-0.087302,
		-0.137362,
		0.986666,
		0,
		-0.014873,
		0.990517,
		0.136583,
		0,
		-0.996071,
		-0.002751,
		-0.088518,
		0,
		-0.536519,
		-0.074502,
		-0.249343,
		1,
	},
	[0.9] = {
		-0.08874,
		-0.1518,
		0.98442,
		0,
		-0.013981,
		0.988411,
		0.151155,
		0,
		-0.995957,
		-0.00035,
		-0.089834,
		0,
		-0.536273,
		-0.070227,
		-0.251107,
		1,
	},
	[1.01666666667] = {
		-0.087569,
		-0.132272,
		0.987338,
		0,
		-0.015269,
		0.991207,
		0.131436,
		0,
		-0.996041,
		-0.003566,
		-0.088818,
		0,
		-0.536413,
		-0.075987,
		-0.249123,
		1,
	},
	[1.03333333333] = {
		-0.08779,
		-0.12992,
		0.98763,
		0,
		-0.015464,
		0.991517,
		0.129056,
		0,
		-0.996019,
		-0.003943,
		-0.089055,
		0,
		-0.536339,
		-0.076672,
		-0.249072,
		1,
	},
	[1.05] = {
		-0.088055,
		-0.127712,
		0.987895,
		0,
		-0.015655,
		0.991802,
		0.126822,
		0,
		-0.995993,
		-0.004299,
		-0.089332,
		0,
		-0.536255,
		-0.077315,
		-0.249054,
		1,
	},
	[1.06666666667] = {
		-0.088351,
		-0.12566,
		0.988131,
		0,
		-0.015833,
		0.992063,
		0.124744,
		0,
		-0.995964,
		-0.004624,
		-0.08964,
		0,
		-0.536165,
		-0.07791,
		-0.249062,
		1,
	},
	[1.08333333333] = {
		-0.088669,
		-0.123774,
		0.988341,
		0,
		-0.01599,
		0.992298,
		0.122835,
		0,
		-0.995933,
		-0.004912,
		-0.089965,
		0,
		-0.536073,
		-0.078451,
		-0.249092,
		1,
	},
	{
		-0.087402,
		-0.134757,
		0.987016,
		0,
		-0.015072,
		0.990874,
		0.133949,
		0,
		-0.996059,
		-0.003169,
		-0.088635,
		0,
		-0.536474,
		-0.075263,
		-0.249211,
		1,
	},
	[1.11666666667] = {
		-0.089317,
		-0.120548,
		0.988681,
		0,
		-0.016243,
		0.992693,
		0.119569,
		0,
		-0.995871,
		-0.00538,
		-0.090622,
		0,
		-0.535891,
		-0.07936,
		-0.249196,
		1,
	},
	[1.13333333333] = {
		-0.089623,
		-0.119231,
		0.988813,
		0,
		-0.01634,
		0.992851,
		0.118237,
		0,
		-0.995842,
		-0.005561,
		-0.09093,
		0,
		-0.535807,
		-0.079725,
		-0.249259,
		1,
	},
	[1.15] = {
		-0.089901,
		-0.118127,
		0.988921,
		0,
		-0.016418,
		0.992982,
		0.11712,
		0,
		-0.995815,
		-0.005707,
		-0.091209,
		0,
		-0.535732,
		-0.080028,
		-0.249323,
		1,
	},
	[1.16666666667] = {
		-0.090138,
		-0.117249,
		0.989003,
		0,
		-0.016478,
		0.993086,
		0.116231,
		0,
		-0.995793,
		-0.00582,
		-0.091447,
		0,
		-0.535669,
		-0.080268,
		-0.249382,
		1,
	},
	[1.18333333333] = {
		-0.090323,
		-0.116607,
		0.989063,
		0,
		-0.01652,
		0.993161,
		0.115581,
		0,
		-0.995776,
		-0.0059,
		-0.091631,
		0,
		-0.53562,
		-0.080441,
		-0.249431,
		1,
	},
	[1.1] = {
		-0.088995,
		-0.122066,
		0.988524,
		0,
		-0.016127,
		0.992509,
		0.121106,
		0,
		-0.995902,
		-0.005164,
		-0.090296,
		0,
		-0.53598,
		-0.078934,
		-0.249138,
		1,
	},
	[1.21666666667] = {
		-0.090485,
		-0.116079,
		0.98911,
		0,
		-0.016553,
		0.993222,
		0.115047,
		0,
		-0.99576,
		-0.005963,
		-0.091793,
		0,
		-0.535577,
		-0.080582,
		-0.249477,
		1,
	},
	[1.2] = {
		-0.090442,
		-0.116213,
		0.989098,
		0,
		-0.016545,
		0.993207,
		0.115183,
		0,
		-0.995764,
		-0.005947,
		-0.091751,
		0,
		-0.535588,
		-0.080546,
		-0.249465,
		1,
	},
}

return spline_matrices
