-- chunkname: @content/characters/player/human/first_person/animations/crowbar/attack_left_diagonal_up.lua

local spline_matrices = {
	[0.016666666666666666] = {
		0.717789,
		-0.696148,
		0.012525,
		0,
		-0.438521,
		-0.465979,
		-0.76848,
		0,
		0.540812,
		0.546114,
		-0.639751,
		0,
		-0.018925,
		0.059309,
		-0.615859,
		1,
	},
	[0.03333333333333333] = {
		0.420454,
		-0.90307,
		-0.087656,
		0,
		-0.691707,
		-0.25652,
		-0.675084,
		0,
		0.587162,
		0.344474,
		-0.732515,
		0,
		0.034282,
		0.109106,
		-0.609549,
		1,
	},
	[0.05] = {
		0.029708,
		-0.96897,
		-0.245388,
		0,
		-0.845431,
		0.106612,
		-0.523335,
		0,
		0.533257,
		0.223006,
		-0.81603,
		0,
		0.106082,
		0.146097,
		-0.600661,
		1,
	},
	[0.06666666666666667] = {
		-0.33623,
		-0.844634,
		-0.416585,
		0,
		-0.789825,
		0.49382,
		-0.363755,
		0,
		0.512958,
		0.206724,
		-0.83315,
		0,
		0.189269,
		0.165214,
		-0.583696,
		1,
	},
	[0.08333333333333333] = {
		-0.551554,
		-0.627898,
		-0.54912,
		0,
		-0.588381,
		0.75949,
		-0.277459,
		0,
		0.591267,
		0.170058,
		-0.788343,
		0,
		0.275369,
		0.177134,
		-0.554184,
		1,
	},
	[0] = {
		0.906065,
		-0.420546,
		0.046768,
		0,
		-0.231527,
		-0.585244,
		-0.777101,
		0,
		0.354178,
		0.693275,
		-0.627636,
		0,
		-0.060124,
		0.008182,
		-0.628388,
		1,
	},
	[0.11666666666666667] = {
		-0.548003,
		-0.121632,
		-0.827586,
		0,
		0.023234,
		0.986776,
		-0.160414,
		0,
		0.836154,
		-0.107135,
		-0.53793,
		0,
		0.531483,
		0.202164,
		-0.443014,
		1,
	},
	[0.13333333333333333] = {
		-0.422338,
		0.063009,
		-0.904246,
		0,
		0.310045,
		0.947452,
		-0.07879,
		0,
		0.851765,
		-0.313633,
		-0.41968,
		0,
		0.59164,
		0.213159,
		-0.381665,
		1,
	},
	[0.15] = {
		-0.348633,
		0.11197,
		-0.930547,
		0,
		0.462396,
		0.88415,
		-0.066852,
		0,
		0.815257,
		-0.453588,
		-0.360019,
		0,
		0.586937,
		0.236869,
		-0.330915,
		1,
	},
	[0.16666666666666666] = {
		-0.318482,
		0.095729,
		-0.943083,
		0,
		0.527984,
		0.84419,
		-0.092611,
		0,
		0.787275,
		-0.527428,
		-0.319402,
		0,
		0.57525,
		0.273661,
		-0.291288,
		1,
	},
	[0.18333333333333332] = {
		-0.324921,
		0.099204,
		-0.940524,
		0,
		0.548787,
		0.829707,
		-0.102073,
		0,
		0.770233,
		-0.549312,
		-0.324031,
		0,
		0.55077,
		0.317592,
		-0.272339,
		1,
	},
	[0.1] = {
		-0.617804,
		-0.386939,
		-0.684541,
		0,
		-0.311353,
		0.919773,
		-0.238907,
		0,
		0.722065,
		0.065537,
		-0.688714,
		0,
		0.397411,
		0.191633,
		-0.505888,
		1,
	},
	[0.21666666666666667] = {
		-0.510671,
		0.218296,
		-0.831602,
		0,
		0.392566,
		0.919724,
		0.000361,
		0,
		0.764923,
		-0.326274,
		-0.555372,
		0,
		0.425064,
		0.448615,
		-0.302606,
		1,
	},
	[0.23333333333333334] = {
		-0.573842,
		0.189266,
		-0.796796,
		0,
		-0.065318,
		0.959253,
		0.274896,
		0,
		0.816357,
		0.209793,
		-0.538097,
		0,
		0.320173,
		0.544582,
		-0.251523,
		1,
	},
	[0.25] = {
		-0.627699,
		0.162048,
		-0.761403,
		0,
		-0.442301,
		0.730637,
		0.520133,
		0,
		0.640596,
		0.663257,
		-0.386946,
		0,
		0.186841,
		0.62698,
		-0.163106,
		1,
	},
	[0.26666666666666666] = {
		-0.604072,
		0.116037,
		-0.788437,
		0,
		-0.706743,
		0.379165,
		0.597284,
		0,
		0.368255,
		0.918025,
		-0.147035,
		0,
		0.039054,
		0.672151,
		-0.0812,
		1,
	},
	[0.2833333333333333] = {
		-0.502622,
		0.117765,
		-0.856447,
		0,
		-0.861151,
		0.018996,
		0.507995,
		0,
		0.076093,
		0.99286,
		0.091866,
		0,
		-0.112843,
		0.629601,
		0.003916,
		1,
	},
	[0.2] = {
		-0.40463,
		0.15935,
		-0.90049,
		0,
		0.542029,
		0.834879,
		-0.095818,
		0,
		0.736532,
		-0.526862,
		-0.42419,
		0,
		0.4973,
		0.362503,
		-0.284841,
		1,
	},
	[0.31666666666666665] = {
		-0.493215,
		0.095322,
		-0.864669,
		0,
		-0.79314,
		-0.457543,
		0.401974,
		0,
		-0.357306,
		0.884063,
		0.301271,
		0,
		-0.345039,
		0.404764,
		0.164342,
		1,
	},
	[0.3333333333333333] = {
		-0.53458,
		0.034737,
		-0.844404,
		0,
		-0.576081,
		-0.74603,
		0.334019,
		0,
		-0.618348,
		0.665005,
		0.418824,
		0,
		-0.412849,
		0.268091,
		0.182152,
		1,
	},
	[0.35] = {
		-0.555775,
		-0.063728,
		-0.828886,
		0,
		-0.184378,
		-0.962777,
		0.197649,
		0,
		-0.810628,
		0.262677,
		0.523338,
		0,
		-0.457677,
		0.127842,
		0.176585,
		1,
	},
	[0.36666666666666664] = {
		-0.521371,
		-0.106684,
		-0.846635,
		0,
		0.147762,
		-0.988453,
		0.033561,
		0,
		-0.84044,
		-0.107603,
		0.531114,
		0,
		-0.478432,
		0.02512,
		0.151226,
		1,
	},
	[0.38333333333333336] = {
		-0.466343,
		-0.060679,
		-0.882521,
		0,
		0.315817,
		-0.943319,
		-0.102025,
		0,
		-0.826308,
		-0.326293,
		0.459073,
		0,
		-0.481986,
		-0.042032,
		0.120214,
		1,
	},
	[0.3] = {
		-0.545781,
		0.090189,
		-0.83306,
		0,
		-0.82042,
		-0.259689,
		0.509385,
		0,
		-0.170396,
		0.961471,
		0.215727,
		0,
		-0.23952,
		0.529219,
		0.086321,
		1,
	},
	[0.4166666666666667] = {
		-0.321951,
		0.135894,
		-0.936952,
		0,
		0.469659,
		-0.836366,
		-0.282688,
		0,
		-0.822051,
		-0.53106,
		0.205445,
		0,
		-0.459039,
		-0.159357,
		0.042479,
		1,
	},
	[0.43333333333333335] = {
		-0.238338,
		0.218042,
		-0.946389,
		0,
		0.531095,
		-0.786593,
		-0.314977,
		0,
		-0.813101,
		-0.577693,
		0.071674,
		0,
		-0.447667,
		-0.213795,
		-0.003481,
		1,
	},
	[0.45] = {
		-0.139006,
		0.260711,
		-0.955357,
		0,
		0.586398,
		-0.755732,
		-0.291557,
		0,
		-0.798006,
		-0.600748,
		-0.047829,
		0,
		-0.440312,
		-0.242627,
		-0.058511,
		1,
	},
	[0.4666666666666667] = {
		-0.019864,
		0.279619,
		-0.959905,
		0,
		0.617915,
		-0.751344,
		-0.231653,
		0,
		-0.785994,
		-0.597741,
		-0.157856,
		0,
		-0.433326,
		-0.251654,
		-0.120032,
		1,
	},
	[0.48333333333333334] = {
		0.092298,
		0.287398,
		-0.953354,
		0,
		0.632467,
		-0.756416,
		-0.166797,
		0,
		-0.769069,
		-0.587569,
		-0.251585,
		0,
		-0.425267,
		-0.256269,
		-0.176211,
		1,
	},
	[0.4] = {
		-0.399876,
		0.030941,
		-0.916047,
		0,
		0.40791,
		-0.888993,
		-0.208089,
		0,
		-0.820798,
		-0.456874,
		0.342866,
		0,
		-0.472848,
		-0.09973,
		0.083902,
		1,
	},
	[0.5166666666666667] = {
		0.278169,
		0.273044,
		-0.920907,
		0,
		0.625631,
		-0.778989,
		-0.041988,
		0,
		-0.72884,
		-0.564468,
		-0.387515,
		0,
		-0.405566,
		-0.263014,
		-0.266215,
		1,
	},
	[0.5333333333333333] = {
		0.361224,
		0.254124,
		-0.897184,
		0,
		0.603557,
		-0.797134,
		0.017219,
		0,
		-0.7108,
		-0.547721,
		-0.441322,
		0,
		-0.395092,
		-0.261477,
		-0.305747,
		1,
	},
	[0.55] = {
		0.436558,
		0.237001,
		-0.867899,
		0,
		0.572866,
		-0.817065,
		0.065035,
		0,
		-0.693716,
		-0.525581,
		-0.492466,
		0,
		-0.384415,
		-0.257982,
		-0.342605,
		1,
	},
	[0.5666666666666667] = {
		0.505328,
		0.222566,
		-0.833731,
		0,
		0.536176,
		-0.838009,
		0.10127,
		0,
		-0.676135,
		-0.498201,
		-0.542805,
		0,
		-0.373588,
		-0.253087,
		-0.37775,
		1,
	},
	[0.5833333333333334] = {
		0.568801,
		0.206298,
		-0.796183,
		0,
		0.494016,
		-0.859651,
		0.130187,
		0,
		-0.657582,
		-0.467378,
		-0.590884,
		0,
		-0.362564,
		-0.246718,
		-0.411523,
		1,
	},
	[0.5] = {
		0.188245,
		0.286468,
		-0.939415,
		0,
		0.635877,
		-0.764517,
		-0.105714,
		0,
		-0.748482,
		-0.577452,
		-0.326075,
		0,
		-0.415727,
		-0.261565,
		-0.223293,
		1,
	},
	[0.6166666666666667] = {
		0.678955,
		0.166544,
		-0.71504,
		0,
		0.396177,
		-0.903072,
		0.165844,
		0,
		-0.618113,
		-0.395883,
		-0.679127,
		0,
		-0.339541,
		-0.229555,
		-0.474133,
		1,
	},
	[0.6333333333333333] = {
		0.725468,
		0.142323,
		-0.67338,
		0,
		0.341711,
		-0.923763,
		0.172901,
		0,
		-0.597436,
		-0.355535,
		-0.718794,
		0,
		-0.327361,
		-0.218814,
		-0.502527,
		1,
	},
	[0.65] = {
		0.766279,
		0.114732,
		-0.632182,
		0,
		0.284138,
		-0.942997,
		0.173268,
		0,
		-0.576266,
		-0.312399,
		-0.755198,
		0,
		-0.314631,
		-0.206723,
		-0.528657,
		1,
	},
	[0.6666666666666666] = {
		0.801435,
		0.083389,
		-0.59224,
		0,
		0.223613,
		-0.960195,
		0.167401,
		0,
		-0.554706,
		-0.266593,
		-0.788181,
		0,
		-0.301306,
		-0.193317,
		-0.552284,
		1,
	},
	[0.6833333333333333] = {
		0.831519,
		0.04677,
		-0.553524,
		0,
		0.157394,
		-0.975451,
		0.154022,
		0,
		-0.532732,
		-0.215194,
		-0.818467,
		0,
		-0.28689,
		-0.177604,
		-0.573923,
		1,
	},
	[0.6] = {
		0.626718,
		0.187742,
		-0.756292,
		0,
		0.447138,
		-0.881506,
		0.151706,
		0,
		-0.638195,
		-0.433244,
		-0.636402,
		0,
		-0.351244,
		-0.238883,
		-0.443717,
		1,
	},
	[0.7166666666666667] = {
		0.875805,
		-0.044103,
		-0.480647,
		0,
		0.006063,
		-0.994733,
		0.102321,
		0,
		-0.482628,
		-0.092527,
		-0.870924,
		0,
		-0.254279,
		-0.138137,
		-0.612823,
		1,
	},
	[0.7333333333333333] = {
		0.888784,
		-0.096034,
		-0.448151,
		0,
		-0.074027,
		-0.995042,
		0.066415,
		0,
		-0.452308,
		-0.025854,
		-0.891487,
		0,
		-0.236717,
		-0.115794,
		-0.629782,
		1,
	},
	[0.75] = {
		0.895406,
		-0.150027,
		-0.419214,
		0,
		-0.153286,
		-0.987837,
		0.026119,
		0,
		-0.418033,
		0.040873,
		-0.907512,
		0,
		-0.218793,
		-0.092771,
		-0.644899,
		1,
	},
	[0.7666666666666667] = {
		0.896088,
		-0.204033,
		-0.394205,
		0,
		-0.228841,
		-0.973325,
		-0.016416,
		0,
		-0.38034,
		0.10492,
		-0.918876,
		0,
		-0.200926,
		-0.069941,
		-0.658077,
		1,
	},
	[0.7833333333333333] = {
		0.891778,
		-0.255951,
		-0.373123,
		0,
		-0.298081,
		-0.952723,
		-0.058885,
		0,
		-0.340411,
		0.163733,
		-0.925911,
		0,
		-0.183604,
		-0.048217,
		-0.669279,
		1,
	},
	[0.7] = {
		0.856553,
		0.003965,
		-0.516043,
		0,
		0.084096,
		-0.987676,
		0.131998,
		0,
		-0.50916,
		-0.15646,
		-0.846331,
		0,
		-0.271112,
		-0.158987,
		-0.594153,
		1,
	},
	[0.8166666666666667] = {
		0.874154,
		-0.346005,
		-0.340787,
		0,
		-0.409645,
		-0.902242,
		-0.134723,
		0,
		-0.260858,
		0.25737,
		-0.930437,
		0,
		-0.152806,
		-0.011791,
		-0.685862,
		1,
	},
	[0.8333333333333334] = {
		0.864473,
		-0.381129,
		-0.327761,
		0,
		-0.449391,
		-0.878121,
		-0.164169,
		0,
		-0.225244,
		0.289212,
		-0.930388,
		0,
		-0.140475,
		0.001092,
		-0.691276,
		1,
	},
	[0.85] = {
		0.856455,
		-0.407605,
		-0.316768,
		0,
		-0.477491,
		-0.858713,
		-0.186047,
		0,
		-0.196179,
		0.310595,
		-0.930078,
		0,
		-0.131382,
		0.00868,
		-0.691669,
		1,
	},
	[0.8666666666666667] = {
		0.850553,
		-0.426023,
		-0.308326,
		0,
		-0.49603,
		-0.844656,
		-0.201271,
		0,
		-0.174683,
		0.32413,
		-0.929745,
		0,
		-0.125827,
		0.011321,
		-0.686747,
		1,
	},
	[0.8833333333333333] = {
		0.846571,
		-0.43836,
		-0.301923,
		0,
		-0.507832,
		-0.835104,
		-0.211441,
		0,
		-0.15945,
		0.332327,
		-0.929588,
		0,
		-0.122545,
		0.010931,
		-0.678952,
		1,
	},
	[0.8] = {
		0.883888,
		-0.303832,
		-0.355569,
		0,
		-0.358869,
		-0.928121,
		-0.099016,
		0,
		-0.299927,
		0.215122,
		-0.92939,
		0,
		-0.167371,
		-0.028527,
		-0.678526,
		1,
	},
	[0.9166666666666666] = {
		0.842143,
		-0.451953,
		-0.294165,
		0,
		-0.520213,
		-0.824565,
		-0.222423,
		0,
		-0.142033,
		0.340341,
		-0.929513,
		0,
		-0.117564,
		0.00837,
		-0.664246,
		1,
	},
	[0.9333333333333333] = {
		0.841137,
		-0.454834,
		-0.292599,
		0,
		-0.522818,
		-0.822288,
		-0.224732,
		0,
		-0.138385,
		0.342006,
		-0.929452,
		0,
		-0.114571,
		0.008026,
		-0.659731,
		1,
	},
	[0.95] = {
		0.841405,
		-0.454455,
		-0.292418,
		0,
		-0.522322,
		-0.822712,
		-0.224331,
		0,
		-0.138628,
		0.34149,
		-0.929606,
		0,
		-0.112075,
		0.007189,
		-0.655479,
		1,
	},
	[0.9666666666666667] = {
		0.842711,
		-0.451395,
		-0.293397,
		0,
		-0.519281,
		-0.825346,
		-0.221701,
		0,
		-0.14208,
		0.339185,
		-0.929929,
		0,
		-0.109995,
		0.005954,
		-0.651443,
		1,
	},
	[0.9833333333333333] = {
		0.844787,
		-0.446226,
		-0.295326,
		0,
		-0.514216,
		-0.829669,
		-0.217327,
		0,
		-0.148046,
		0.335457,
		-0.93035,
		0,
		-0.108248,
		0.004419,
		-0.647571,
		1,
	},
	[0.9] = {
		0.843988,
		-0.446456,
		-0.297257,
		0,
		-0.515236,
		-0.828857,
		-0.21801,
		0,
		-0.149052,
		0.337155,
		-0.929575,
		0,
		-0.120231,
		0.009342,
		-0.670667,
		1,
	},
	[1.0166666666666666] = {
		0.85017,
		-0.431852,
		-0.301188,
		0,
		-0.50008,
		-0.841285,
		-0.205328,
		0,
		-0.164714,
		0.325182,
		-0.931196,
		0,
		-0.105402,
		0.000836,
		-0.640124,
		1,
	},
	[1.0333333333333334] = {
		0.85299,
		-0.423801,
		-0.304634,
		0,
		-0.492075,
		-0.847571,
		-0.198711,
		0,
		-0.173985,
		0.319401,
		-0.931511,
		0,
		-0.104104,
		-0.001018,
		-0.636458,
		1,
	},
	[1.05] = {
		0.855614,
		-0.415948,
		-0.308078,
		0,
		-0.484203,
		-0.853552,
		-0.192345,
		0,
		-0.182955,
		0.313745,
		-0.931714,
		0,
		-0.102764,
		-0.002783,
		-0.632771,
		1,
	},
	[1.0666666666666667] = {
		0.857869,
		-0.408883,
		-0.311247,
		0,
		-0.477071,
		-0.858802,
		-0.186717,
		0,
		-0.190954,
		0.308666,
		-0.931806,
		0,
		-0.101296,
		-0.00436,
		-0.629023,
		1,
	},
	[1.0833333333333333] = {
		0.85961,
		-0.403194,
		-0.313856,
		0,
		-0.471309,
		-0.862921,
		-0.182306,
		0,
		-0.197328,
		0.304635,
		-0.931804,
		0,
		-0.099617,
		-0.005652,
		-0.625171,
		1,
	},
	{
		0.847359,
		-0.43952,
		-0.298001,
		0,
		-0.507642,
		-0.835154,
		-0.211703,
		0,
		-0.155829,
		0.330666,
		-0.930794,
		0,
		-0.106749,
		0.002681,
		-0.643813,
		1,
	},
}

return spline_matrices
