-- chunkname: @content/characters/player/human/first_person/animations/crowbar/attack_right_diagonal_down.lua

local spline_matrices = {
	[0.016666666666666666] = {
		-0.170545,
		0.721153,
		0.671456,
		0,
		0.568785,
		0.628495,
		-0.530545,
		0,
		-0.804611,
		0.291432,
		-0.517367,
		0,
		-0.002626,
		0.113573,
		-0.633242,
		1,
	},
	[0.03333333333333333] = {
		-0.165136,
		0.78351,
		0.599035,
		0,
		0.535346,
		0.581319,
		-0.612759,
		0,
		-0.828332,
		0.219503,
		-0.515446,
		0,
		-0.022303,
		0.11677,
		-0.644698,
		1,
	},
	[0.05] = {
		-0.143967,
		0.838721,
		0.525186,
		0,
		0.481652,
		0.522999,
		-0.703195,
		0,
		-0.864456,
		0.151721,
		-0.479267,
		0,
		-0.044354,
		0.110393,
		-0.644555,
		1,
	},
	[0.06666666666666667] = {
		-0.190318,
		0.791665,
		0.580556,
		0,
		0.362297,
		0.60626,
		-0.707948,
		0,
		-0.912425,
		0.075599,
		-0.4022,
		0,
		-0.074943,
		0.104341,
		-0.635935,
		1,
	},
	[0.08333333333333333] = {
		-0.21536,
		0.728899,
		0.649866,
		0,
		0.215025,
		0.684544,
		-0.696537,
		0,
		-0.952567,
		-0.010269,
		-0.304155,
		0,
		-0.105853,
		0.09271,
		-0.617467,
		1,
	},
	[0] = {
		0.127557,
		0.875939,
		0.465253,
		0,
		0.687696,
		0.25991,
		-0.67788,
		0,
		-0.714705,
		0.406421,
		-0.569226,
		0,
		0.039136,
		0.07798,
		-0.607176,
		1,
	},
	[0.11666666666666667] = {
		-0.185234,
		0.571978,
		0.79908,
		0,
		-0.125705,
		0.792681,
		-0.596537,
		0,
		-0.974621,
		-0.210947,
		-0.074931,
		0,
		-0.166342,
		0.056541,
		-0.555488,
		1,
	},
	[0.13333333333333333] = {
		-0.131396,
		0.490841,
		0.861284,
		0,
		-0.290739,
		0.811531,
		-0.506841,
		0,
		-0.947737,
		-0.317006,
		0.036075,
		0,
		-0.194956,
		0.034558,
		-0.514925,
		1,
	},
	[0.15] = {
		-0.060518,
		0.417309,
		0.906747,
		0,
		-0.43368,
		0.807199,
		-0.400439,
		0,
		-0.899032,
		-0.417472,
		0.132128,
		0,
		-0.222359,
		0.012091,
		-0.470227,
		1,
	},
	[0.16666666666666666] = {
		0.017054,
		0.356221,
		0.934246,
		0,
		-0.546622,
		0.785705,
		-0.289606,
		0,
		-0.837206,
		-0.505741,
		0.208118,
		0,
		-0.248977,
		-0.009132,
		-0.423015,
		1,
	},
	[0.18333333333333332] = {
		0.091126,
		0.309564,
		0.946502,
		0,
		-0.62808,
		0.755443,
		-0.186607,
		0,
		-0.772795,
		-0.577474,
		0.263271,
		0,
		-0.275534,
		-0.027448,
		-0.374688,
		1,
	},
	[0.1] = {
		-0.214252,
		0.653757,
		0.725739,
		0,
		0.048006,
		0.749142,
		-0.660667,
		0,
		-0.975598,
		-0.10671,
		-0.19189,
		0,
		-0.136515,
		0.076398,
		-0.590204,
		1,
	},
	[0.21666666666666667] = {
		0.197532,
		0.269941,
		0.942397,
		0,
		-0.73401,
		0.67794,
		-0.040337,
		0,
		-0.649777,
		-0.683761,
		0.332055,
		0,
		-0.343184,
		-0.064061,
		-0.258809,
		1,
	},
	[0.23333333333333334] = {
		0.241142,
		0.265618,
		0.933433,
		0,
		-0.769358,
		0.638591,
		0.017038,
		0,
		-0.591556,
		-0.722253,
		0.358346,
		0,
		-0.38191,
		-0.082641,
		-0.191122,
		1,
	},
	[0.25] = {
		0.285771,
		0.264841,
		0.920974,
		0,
		-0.795757,
		0.601069,
		0.07407,
		0,
		-0.533953,
		-0.754039,
		0.382518,
		0,
		-0.418498,
		-0.0996,
		-0.121278,
		1,
	},
	[0.26666666666666666] = {
		0.335388,
		0.26012,
		0.905457,
		0,
		-0.815308,
		0.561689,
		0.140634,
		0,
		-0.472003,
		-0.785394,
		0.400462,
		0,
		-0.448779,
		-0.113645,
		-0.052646,
		1,
	},
	[0.2833333333333333] = {
		0.395659,
		0.24629,
		0.884757,
		0,
		-0.82509,
		0.518414,
		0.224665,
		0,
		-0.403337,
		-0.818895,
		0.408327,
		0,
		-0.468507,
		-0.1235,
		0.011343,
		1,
	},
	[0.2] = {
		0.149295,
		0.282637,
		0.947537,
		0,
		-0.688206,
		0.717779,
		-0.105669,
		0,
		-0.709988,
		-0.636325,
		0.301674,
		0,
		-0.306406,
		-0.045193,
		-0.321054,
		1,
	},
	[0.31666666666666665] = {
		0.600362,
		0.195987,
		0.775342,
		0,
		-0.774954,
		0.382017,
		0.503497,
		0,
		-0.197514,
		-0.903135,
		0.381229,
		0,
		-0.420375,
		-0.096746,
		0.097557,
		1,
	},
	[0.3333333333333333] = {
		0.744937,
		0.186694,
		0.64048,
		0,
		-0.666144,
		0.260472,
		0.698861,
		0,
		-0.036354,
		-0.947259,
		0.3184,
		0,
		-0.379759,
		-0.043737,
		0.134586,
		1,
	},
	[0.35] = {
		0.845239,
		0.175,
		0.504922,
		0,
		-0.53335,
		0.21737,
		0.817489,
		0,
		0.033305,
		-0.960274,
		0.277066,
		0,
		-0.335975,
		0.041358,
		0.164083,
		1,
	},
	[0.36666666666666664] = {
		0.889833,
		0.09739,
		0.445771,
		0,
		-0.44999,
		0.349042,
		0.821997,
		0,
		-0.075539,
		-0.932033,
		0.354413,
		0,
		-0.290294,
		0.15962,
		0.175662,
		1,
	},
	[0.38333333333333336] = {
		0.76375,
		-0.102048,
		0.637395,
		0,
		-0.32266,
		0.794868,
		0.513882,
		0,
		-0.559086,
		-0.598139,
		0.574153,
		0,
		-0.286355,
		0.356967,
		0.171292,
		1,
	},
	[0.3] = {
		0.473308,
		0.223058,
		0.852188,
		0,
		-0.816381,
		0.474481,
		0.329227,
		0,
		-0.33091,
		-0.851536,
		0.406676,
		0,
		-0.460501,
		-0.123193,
		0.061492,
		1,
	},
	[0.4166666666666667] = {
		0.483832,
		-0.005679,
		0.875143,
		0,
		0.689921,
		0.617708,
		-0.377421,
		0,
		-0.538439,
		0.786387,
		0.302785,
		0,
		0.023772,
		0.709575,
		-0.013786,
		1,
	},
	[0.43333333333333335] = {
		0.540383,
		0.00485,
		0.841405,
		0,
		0.80862,
		0.273484,
		-0.520904,
		0,
		-0.232637,
		0.961864,
		0.143864,
		0,
		0.202732,
		0.696235,
		-0.138335,
		1,
	},
	[0.45] = {
		0.476258,
		0.048041,
		0.877992,
		0,
		0.864557,
		-0.207698,
		-0.457605,
		0,
		0.160374,
		0.977013,
		-0.140452,
		0,
		0.365443,
		0.620131,
		-0.243869,
		1,
	},
	[0.4666666666666667] = {
		0.509528,
		0.057441,
		0.858534,
		0,
		0.789291,
		-0.428518,
		-0.439763,
		0,
		0.342637,
		0.901705,
		-0.26368,
		0,
		0.4758,
		0.531203,
		-0.292724,
		1,
	},
	[0.48333333333333334] = {
		0.515691,
		-0.05931,
		0.854719,
		0,
		0.68931,
		-0.563751,
		-0.455012,
		0,
		0.508836,
		0.823812,
		-0.249839,
		0,
		0.569386,
		0.439821,
		-0.325523,
		1,
	},
	[0.4] = {
		0.504893,
		-0.098523,
		0.857541,
		0,
		0.168259,
		0.985641,
		0.014175,
		0,
		-0.846624,
		0.137132,
		0.51422,
		0,
		-0.215982,
		0.577704,
		0.11171,
		1,
	},
	[0.5166666666666667] = {
		0.478596,
		-0.136805,
		0.867312,
		0,
		0.508892,
		-0.761744,
		-0.400968,
		0,
		0.715524,
		0.63327,
		-0.294948,
		0,
		0.683779,
		0.301565,
		-0.398627,
		1,
	},
	[0.5333333333333333] = {
		0.450483,
		-0.147363,
		0.880539,
		0,
		0.413442,
		-0.839719,
		-0.352048,
		0,
		0.791284,
		0.522643,
		-0.317353,
		0,
		0.703295,
		0.247352,
		-0.424494,
		1,
	},
	[0.55] = {
		0.425831,
		-0.141269,
		0.893706,
		0,
		0.320565,
		-0.900111,
		-0.295023,
		0,
		0.846112,
		0.412121,
		-0.33801,
		0,
		0.712767,
		0.20886,
		-0.446125,
		1,
	},
	[0.5666666666666667] = {
		0.410563,
		-0.122469,
		0.90357,
		0,
		0.232562,
		-0.944103,
		-0.233634,
		0,
		0.881676,
		0.306057,
		-0.359133,
		0,
		0.716935,
		0.17886,
		-0.463751,
		1,
	},
	[0.5833333333333334] = {
		0.411005,
		-0.094685,
		0.906703,
		0,
		0.154422,
		-0.972988,
		-0.171606,
		0,
		0.898459,
		0.210545,
		-0.385281,
		0,
		0.717712,
		0.152885,
		-0.477857,
		1,
	},
	[0.5] = {
		0.502456,
		-0.107776,
		0.857859,
		0,
		0.601791,
		-0.668816,
		-0.4365,
		0,
		0.620794,
		0.735574,
		-0.271192,
		0,
		0.638652,
		0.367719,
		-0.364617,
		1,
	},
	[0.6166666666666667] = {
		0.457904,
		-0.037162,
		0.888225,
		0,
		0.013894,
		-0.998705,
		-0.048948,
		0,
		0.888893,
		0.034754,
		-0.456794,
		0,
		0.713692,
		0.097615,
		-0.502705,
		1,
	},
	[0.6333333333333333] = {
		0.504793,
		-0.007904,
		0.863204,
		0,
		-0.060027,
		-0.997859,
		0.025966,
		0,
		0.861151,
		-0.064923,
		-0.504187,
		0,
		0.706687,
		0.06387,
		-0.51702,
		1,
	},
	[0.65] = {
		0.568976,
		0.026751,
		0.821919,
		0,
		-0.135534,
		-0.982753,
		0.125809,
		0,
		0.811108,
		-0.18298,
		-0.555537,
		0,
		0.692702,
		0.027235,
		-0.533051,
		1,
	},
	[0.6666666666666666] = {
		0.644772,
		0.056353,
		0.762295,
		0,
		-0.20256,
		-0.949027,
		0.241488,
		0,
		0.737047,
		-0.310115,
		-0.600492,
		0,
		0.67155,
		-0.011859,
		-0.549387,
		1,
	},
	[0.6833333333333333] = {
		0.724118,
		0.072314,
		0.685874,
		0,
		-0.252189,
		-0.897854,
		0.360914,
		0,
		0.641914,
		-0.434314,
		-0.631916,
		0,
		0.644084,
		-0.052477,
		-0.564841,
		1,
	},
	[0.6] = {
		0.427712,
		-0.064085,
		0.90164,
		0,
		0.083712,
		-0.990389,
		-0.110104,
		0,
		0.90003,
		0.122571,
		-0.418237,
		0,
		0.716466,
		0.126983,
		-0.490165,
		1,
	},
	[0.7166666666666667] = {
		0.861501,
		0.049547,
		0.505333,
		0,
		-0.285507,
		-0.775724,
		0.562795,
		0,
		0.419884,
		-0.629124,
		-0.654141,
		0,
		0.576366,
		-0.134276,
		-0.590284,
		1,
	},
	[0.7333333333333333] = {
		0.909627,
		0.014495,
		0.415172,
		0,
		-0.275269,
		-0.727469,
		0.628503,
		0,
		0.311135,
		-0.685987,
		-0.657736,
		0,
		0.539465,
		-0.174163,
		-0.599435,
		1,
	},
	[0.75] = {
		0.942717,
		-0.029675,
		0.332271,
		0,
		-0.25634,
		-0.70185,
		0.664602,
		0,
		0.213482,
		-0.711706,
		-0.669253,
		0,
		0.503441,
		-0.212509,
		-0.605964,
		1,
	},
	[0.7666666666666667] = {
		0.962695,
		-0.077497,
		0.259254,
		0,
		-0.236469,
		-0.706687,
		0.66684,
		0,
		0.131533,
		-0.703269,
		-0.69865,
		0,
		0.47098,
		-0.248484,
		-0.610161,
		1,
	},
	[0.7833333333333333] = {
		0.97394,
		-0.127467,
		0.187595,
		0,
		-0.218893,
		-0.744826,
		0.630334,
		0,
		0.059379,
		-0.654971,
		-0.753318,
		0,
		0.440304,
		-0.283743,
		-0.613828,
		1,
	},
	[0.7] = {
		0.798546,
		0.070049,
		0.597843,
		0,
		-0.279562,
		-0.836427,
		0.471418,
		0,
		0.533075,
		-0.543584,
		-0.648343,
		0,
		0.611863,
		-0.093513,
		-0.578637,
		1,
	},
	[0.8166666666666667] = {
		0.975315,
		-0.220767,
		0.004674,
		0,
		-0.202098,
		-0.883908,
		0.421739,
		0,
		-0.088974,
		-0.412273,
		-0.906705,
		0,
		0.364177,
		-0.353464,
		-0.606747,
		1,
	},
	[0.8333333333333334] = {
		0.962801,
		-0.246002,
		-0.111788,
		0,
		-0.214504,
		-0.947422,
		0.237445,
		0,
		-0.164323,
		-0.204634,
		-0.964947,
		0,
		0.315584,
		-0.377775,
		-0.580726,
		1,
	},
	[0.85] = {
		0.940672,
		-0.241197,
		-0.238665,
		0,
		-0.247073,
		-0.968981,
		0.005447,
		0,
		-0.232576,
		0.053844,
		-0.971087,
		0,
		0.266539,
		-0.396462,
		-0.550618,
		1,
	},
	[0.8666666666666667] = {
		0.911109,
		-0.19853,
		-0.361202,
		0,
		-0.298919,
		-0.921641,
		-0.247436,
		0,
		-0.283775,
		0.333411,
		-0.89906,
		0,
		0.218414,
		-0.409822,
		-0.515737,
		1,
	},
	[0.8833333333333333] = {
		0.878997,
		-0.121633,
		-0.461053,
		0,
		-0.362262,
		-0.799073,
		-0.479843,
		0,
		-0.31005,
		0.588802,
		-0.746445,
		0,
		0.172672,
		-0.419652,
		-0.476067,
		1,
	},
	[0.8] = {
		0.978547,
		-0.177703,
		0.104246,
		0,
		-0.205572,
		-0.808711,
		0.551114,
		0,
		-0.013629,
		-0.560721,
		-0.827893,
		0,
		0.406537,
		-0.32064,
		-0.617427,
		1,
	},
	[0.9166666666666666] = {
		0.826923,
		0.069429,
		-0.558013,
		0,
		-0.47908,
		-0.432584,
		-0.763775,
		0,
		-0.294415,
		0.898916,
		-0.324452,
		0,
		0.092781,
		-0.437923,
		-0.390311,
		1,
	},
	[0.9333333333333333] = {
		0.810395,
		0.151078,
		-0.56607,
		0,
		-0.519836,
		-0.260243,
		-0.813661,
		0,
		-0.270242,
		0.95365,
		-0.132364,
		0,
		0.059828,
		-0.448698,
		-0.350591,
		1,
	},
	[0.95] = {
		0.798372,
		0.213626,
		-0.562997,
		0,
		-0.549097,
		-0.125502,
		-0.826282,
		0,
		-0.247173,
		0.968821,
		0.017104,
		0,
		0.032028,
		-0.460102,
		-0.31709,
		1,
	},
	[0.9666666666666667] = {
		0.788365,
		0.256887,
		-0.559008,
		0,
		-0.570263,
		-0.035786,
		-0.820683,
		0,
		-0.230827,
		0.965779,
		0.118281,
		0,
		0.009803,
		-0.471204,
		-0.292132,
		1,
	},
	[0.9833333333333333] = {
		0.781415,
		0.281165,
		-0.557078,
		0,
		-0.583285,
		0.011876,
		-0.812181,
		0,
		-0.221741,
		0.959586,
		0.17328,
		0,
		-0.004461,
		-0.479161,
		-0.277393,
		1,
	},
	[0.9] = {
		0.84984,
		-0.02597,
		-0.526401,
		0,
		-0.42542,
		-0.623382,
		-0.656059,
		0,
		-0.311111,
		0.781486,
		-0.540822,
		0,
		0.130539,
		-0.428402,
		-0.433256,
		1,
	},
	[1.0166666666666666] = {
		0.7792,
		0.28782,
		-0.556783,
		0,
		-0.587895,
		0.027612,
		-0.808466,
		0,
		-0.217319,
		0.957286,
		0.190723,
		0,
		-0.009965,
		-0.481964,
		-0.272271,
		1,
	},
	[1.0333333333333334] = {
		0.781374,
		0.27913,
		-0.558158,
		0,
		-0.58416,
		0.012462,
		-0.811543,
		0,
		-0.21957,
		0.960172,
		0.172794,
		0,
		-0.005757,
		-0.479361,
		-0.277023,
		1,
	},
	{
		0.778848,
		0.289851,
		-0.556221,
		0,
		-0.588263,
		0.029935,
		-0.808116,
		0,
		-0.217583,
		0.956603,
		0.193823,
		0,
		-0.010285,
		-0.482346,
		-0.271591,
		1,
	},
}

return spline_matrices
