-- chunkname: @content/characters/player/human/first_person/animations/crowbar/attack_right_down_sticky.lua

local spline_matrices = {
	[0.016666666666666666] = {
		-0.469108,
		0.846924,
		0.250315,
		0,
		0.874441,
		0.485126,
		-0.002628,
		0,
		-0.12366,
		0.217653,
		-0.968161,
		0,
		-0.038962,
		0.00949,
		-0.566968,
		1,
	},
	[0.03333333333333333] = {
		-0.290933,
		0.945149,
		-0.148495,
		0,
		0.955922,
		0.28073,
		-0.086047,
		0,
		-0.03964,
		-0.166984,
		-0.985163,
		0,
		-0.102863,
		-0.00234,
		-0.524934,
		1,
	},
	[0.05] = {
		-0.045429,
		0.805533,
		-0.590806,
		0,
		0.99794,
		0.009772,
		-0.063411,
		0,
		-0.045306,
		-0.59247,
		-0.804318,
		0,
		-0.186658,
		-0.015408,
		-0.464625,
		1,
	},
	[0.06666666666666667] = {
		0.158713,
		0.439593,
		-0.884063,
		0,
		0.975003,
		-0.210805,
		0.070218,
		0,
		-0.155498,
		-0.873109,
		-0.462062,
		0,
		-0.270961,
		-0.026425,
		-0.394663,
		1,
	},
	[0.08333333333333333] = {
		0.242413,
		0.068069,
		-0.967782,
		0,
		0.927774,
		-0.307942,
		0.210732,
		0,
		-0.283677,
		-0.948967,
		-0.137802,
		0,
		-0.336161,
		-0.033775,
		-0.323544,
		1,
	},
	[0] = {
		-0.557005,
		0.64574,
		0.52227,
		0,
		0.797476,
		0.591451,
		0.119238,
		0,
		-0.231901,
		0.482914,
		-0.844403,
		0,
		-0.013829,
		0.016597,
		-0.582974,
		1,
	},
	[0.11666666666666667] = {
		0.145998,
		-0.19593,
		-0.969689,
		0,
		0.935877,
		-0.290354,
		0.199574,
		0,
		-0.320656,
		-0.936646,
		0.140975,
		0,
		-0.361574,
		-0.036784,
		-0.194009,
		1,
	},
	[0.13333333333333333] = {
		0.001375,
		-0.166497,
		-0.986041,
		0,
		0.973103,
		-0.22693,
		0.039675,
		0,
		-0.230368,
		-0.959574,
		0.161707,
		0,
		-0.353962,
		-0.035006,
		-0.122123,
		1,
	},
	[0.15] = {
		-0.198531,
		-0.088397,
		-0.9761,
		0,
		0.974971,
		-0.119515,
		-0.187478,
		0,
		-0.100087,
		-0.988889,
		0.109912,
		0,
		-0.339305,
		-0.032036,
		-0.04738,
		1,
	},
	[0.16666666666666666] = {
		-0.42586,
		0.001266,
		-0.904788,
		0,
		0.90434,
		0.03213,
		-0.425603,
		0,
		0.028532,
		-0.999483,
		-0.014828,
		0,
		-0.317925,
		-0.027436,
		0.024261,
		1,
	},
	[0.18333333333333332] = {
		-0.628234,
		0.06966,
		-0.7749,
		0,
		0.769941,
		0.198864,
		-0.606336,
		0,
		0.111862,
		-0.977548,
		-0.178567,
		0,
		-0.29316,
		-0.019295,
		0.087356,
		1,
	},
	[0.1] = {
		0.228648,
		-0.141936,
		-0.963107,
		0,
		0.910179,
		-0.319831,
		0.263217,
		0,
		-0.345391,
		-0.936783,
		0.056059,
		0,
		-0.36305,
		-0.036859,
		-0.258548,
		1,
	},
	[0.21666666666666667] = {
		-0.822888,
		0.14007,
		-0.550669,
		0,
		0.554709,
		0.407998,
		-0.725145,
		0,
		0.1231,
		-0.902174,
		-0.413435,
		0,
		-0.254441,
		0.014217,
		0.181844,
		1,
	},
	[0.23333333333333334] = {
		-0.838624,
		0.164787,
		-0.519188,
		0,
		0.52844,
		0.477352,
		-0.702059,
		0,
		0.132145,
		-0.863122,
		-0.487399,
		0,
		-0.242451,
		0.040765,
		0.206804,
		1,
	},
	[0.25] = {
		-0.821291,
		0.216152,
		-0.527977,
		0,
		0.551416,
		0.538176,
		-0.637423,
		0,
		0.146364,
		-0.814644,
		-0.561188,
		0,
		-0.23351,
		0.077451,
		0.213337,
		1,
	},
	[0.26666666666666666] = {
		-0.791702,
		0.258082,
		-0.553716,
		0,
		0.594657,
		0.533226,
		-0.601708,
		0,
		0.139966,
		-0.805645,
		-0.575626,
		0,
		-0.224511,
		0.123743,
		0.214025,
		1,
	},
	[0.2833333333333333] = {
		-0.772438,
		0.247163,
		-0.585022,
		0,
		0.63094,
		0.403796,
		-0.662468,
		0,
		0.072491,
		-0.880829,
		-0.467852,
		0,
		-0.213131,
		0.179395,
		0.221373,
		1,
	},
	[0.2] = {
		-0.763623,
		0.109627,
		-0.636287,
		0,
		0.631002,
		0.335525,
		-0.699472,
		0,
		0.13681,
		-0.935631,
		-0.325389,
		0,
		-0.270435,
		-0.005656,
		0.13972,
		1,
	},
	[0.31666666666666665] = {
		-0.848374,
		-0.025335,
		-0.528792,
		0,
		0.430978,
		-0.613125,
		-0.662069,
		0,
		-0.307442,
		-0.78958,
		0.531078,
		0,
		-0.146368,
		0.401909,
		0.228374,
		1,
	},
	[0.3333333333333333] = {
		-0.8766,
		-0.07199,
		-0.475806,
		0,
		0.269926,
		-0.892112,
		-0.36232,
		0,
		-0.398389,
		-0.446042,
		0.801457,
		0,
		-0.107817,
		0.490748,
		0.176696,
		1,
	},
	[0.35] = {
		-0.896622,
		-0.091291,
		-0.433284,
		0,
		0.089924,
		-0.995667,
		0.023695,
		0,
		-0.43357,
		-0.017717,
		0.900946,
		0,
		-0.069507,
		0.567228,
		0.107577,
		1,
	},
	[0.36666666666666664] = {
		-0.913643,
		-0.09402,
		-0.395496,
		0,
		-0.081953,
		-0.910313,
		0.405727,
		0,
		-0.398172,
		0.403102,
		0.823996,
		0,
		-0.028557,
		0.629099,
		0.028032,
		1,
	},
	[0.38333333333333336] = {
		-0.933788,
		-0.078078,
		-0.349205,
		0,
		-0.20258,
		-0.689097,
		0.695778,
		0,
		-0.294961,
		0.720451,
		0.627653,
		0,
		0.019209,
		0.677251,
		-0.053849,
		1,
	},
	[0.3] = {
		-0.796843,
		0.108445,
		-0.594375,
		0,
		0.589595,
		-0.075331,
		-0.804179,
		0,
		-0.131984,
		-0.991244,
		-0.003912,
		0,
		-0.187515,
		0.280327,
		0.242308,
		1,
	},
	[0.4166666666666667] = {
		-0.969035,
		-0.056307,
		-0.240418,
		0,
		-0.226684,
		-0.183192,
		0.956585,
		0,
		-0.097905,
		0.981463,
		0.164755,
		0,
		0.119815,
		0.681798,
		-0.314625,
		1,
	},
	[0.43333333333333335] = {
		-0.974586,
		-0.055665,
		-0.21699,
		0,
		-0.218358,
		0.019733,
		0.975669,
		0,
		-0.050028,
		0.998254,
		-0.031387,
		0,
		0.154346,
		0.630726,
		-0.43415,
		1,
	},
	[0.45] = {
		-0.979473,
		-0.048411,
		-0.195676,
		0,
		-0.201402,
		0.194676,
		0.959968,
		0,
		-0.00838,
		0.979672,
		-0.20043,
		0,
		0.169055,
		0.559829,
		-0.515144,
		1,
	},
	[0.4666666666666667] = {
		-0.983824,
		-0.038078,
		-0.175047,
		0,
		-0.177309,
		0.346338,
		0.921201,
		0,
		0.025548,
		0.937337,
		-0.347487,
		0,
		0.178749,
		0.486086,
		-0.585643,
		1,
	},
	[0.48333333333333334] = {
		-0.988751,
		-0.021055,
		-0.148081,
		0,
		-0.141679,
		0.449166,
		0.882143,
		0,
		0.04794,
		0.8932,
		-0.447097,
		0,
		0.181855,
		0.421592,
		-0.62806,
		1,
	},
	[0.4] = {
		-0.959423,
		-0.060769,
		-0.275344,
		0,
		-0.22615,
		-0.417407,
		0.880129,
		0,
		-0.168415,
		0.906685,
		0.386727,
		0,
		0.073398,
		0.698272,
		-0.177373,
		1,
	},
	[0.5166666666666667] = {
		-0.996551,
		0.010986,
		-0.082258,
		0,
		-0.062283,
		0.556033,
		0.828824,
		0,
		0.054844,
		0.831088,
		-0.553431,
		0,
		0.179744,
		0.297994,
		-0.665628,
		1,
	},
	[0.5333333333333333] = {
		-0.998391,
		0.040711,
		-0.039481,
		0,
		-0.009198,
		0.570707,
		0.821102,
		0,
		0.05596,
		0.820144,
		-0.569414,
		0,
		0.177545,
		0.233886,
		-0.679249,
		1,
	},
	[0.55] = {
		-0.997124,
		0.075351,
		0.008214,
		0,
		0.049687,
		0.567943,
		0.821567,
		0,
		0.057241,
		0.819611,
		-0.570054,
		0,
		0.174839,
		0.171949,
		-0.68986,
		1,
	},
	[0.5666666666666667] = {
		-0.991927,
		0.112039,
		0.0594,
		0,
		0.111904,
		0.553002,
		0.825631,
		0,
		0.059655,
		0.825613,
		-0.561075,
		0,
		0.171803,
		0.114961,
		-0.69766,
		1,
	},
	[0.5833333333333334] = {
		-0.982588,
		0.148207,
		0.112058,
		0,
		0.174685,
		0.531384,
		0.828925,
		0,
		0.063307,
		0.834066,
		-0.548021,
		0,
		0.168567,
		0.065712,
		-0.702883,
		1,
	},
	[0.5] = {
		-0.992841,
		-0.010701,
		-0.118962,
		0,
		-0.107263,
		0.518037,
		0.848606,
		0,
		0.052546,
		0.855291,
		-0.515476,
		0,
		0.181234,
		0.361498,
		-0.648732,
		1,
	},
	[0.6166666666666667] = {
		-0.954195,
		0.212755,
		0.210352,
		0,
		0.290862,
		0.494953,
		0.818793,
		0,
		0.070088,
		0.842471,
		-0.534163,
		0,
		0.161901,
		0.000198,
		-0.70697,
		1,
	},
	[0.6333333333333333] = {
		-0.938192,
		0.240124,
		0.249273,
		0,
		0.339181,
		0.494386,
		0.800337,
		0,
		0.068943,
		0.835417,
		-0.545275,
		0,
		0.158629,
		-0.01089,
		-0.706635,
		1,
	},
	[0.65] = {
		-0.921922,
		0.265781,
		0.281817,
		0,
		0.382066,
		0.503828,
		0.774715,
		0,
		0.063917,
		0.821899,
		-0.566036,
		0,
		0.154141,
		-0.012978,
		-0.704785,
		1,
	},
	[0.6666666666666666] = {
		-0.904366,
		0.29127,
		0.311906,
		0,
		0.422951,
		0.514312,
		0.746054,
		0,
		0.056886,
		0.806626,
		-0.588318,
		0,
		0.147328,
		-0.014269,
		-0.701169,
		1,
	},
	[0.6833333333333333] = {
		-0.885688,
		0.316645,
		0.339548,
		0,
		0.46181,
		0.525475,
		0.714568,
		0,
		0.04784,
		0.789691,
		-0.611637,
		0,
		0.138517,
		-0.014792,
		-0.696004,
		1,
	},
	[0.6] = {
		-0.969605,
		0.182065,
		0.163462,
		0,
		0.23522,
		0.50964,
		0.82761,
		0,
		0.067372,
		0.840904,
		-0.536974,
		0,
		0.165239,
		0.026648,
		-0.705863,
		1,
	},
	[0.7166666666666667] = {
		-0.845551,
		0.367106,
		0.387656,
		0,
		0.533363,
		0.548423,
		0.644015,
		0,
		0.023823,
		0.751309,
		-0.659521,
		0,
		0.116208,
		-0.013672,
		-0.68191,
		1,
	},
	[0.7333333333333333] = {
		-0.824345,
		0.392147,
		0.408261,
		0,
		0.566018,
		0.559536,
		0.605429,
		0,
		0.00898,
		0.730165,
		-0.683212,
		0,
		0.103363,
		-0.012116,
		-0.673421,
		1,
	},
	[0.75] = {
		-0.802524,
		0.416993,
		0.426699,
		0,
		0.596572,
		0.569998,
		0.564982,
		0,
		-0.007624,
		0.707968,
		-0.706204,
		0,
		0.089823,
		-0.009967,
		-0.664265,
		1,
	},
	[0.7666666666666667] = {
		-0.780181,
		0.441575,
		0.443092,
		0,
		0.62502,
		0.579539,
		0.522957,
		0,
		-0.025865,
		0.684942,
		-0.728138,
		0,
		0.075911,
		-0.007296,
		-0.654664,
		1,
	},
	[0.7833333333333333] = {
		-0.757391,
		0.465808,
		0.457582,
		0,
		0.651368,
		0.587924,
		0.479652,
		0,
		-0.045598,
		0.661338,
		-0.748701,
		0,
		0.061946,
		-0.004182,
		-0.644837,
		1,
	},
	[0.7] = {
		-0.866039,
		0.341927,
		0.364778,
		0,
		0.498621,
		0.536961,
		0.680478,
		0,
		0.036802,
		0.771206,
		-0.635521,
		0,
		0.128034,
		-0.01458,
		-0.689511,
		1,
	},
	[0.8166666666666667] = {
		-0.710656,
		0.512946,
		0.481513,
		0,
		0.697911,
		0.600395,
		0.390445,
		0,
		-0.088821,
		0.613525,
		-0.784664,
		0,
		0.035128,
		0.003006,
		-0.625376,
		1,
	},
	[0.8333333333333334] = {
		-0.686641,
		0.535843,
		0.491321,
		0,
		0.71835,
		0.604006,
		0.345183,
		0,
		-0.111797,
		0.589956,
		-0.799658,
		0,
		0.022911,
		0.006874,
		-0.616176,
		1,
	},
	[0.85] = {
		-0.662126,
		0.558227,
		0.499972,
		0,
		0.737064,
		0.605626,
		0.299922,
		0,
		-0.135372,
		0.567098,
		-0.81245,
		0,
		0.011912,
		0.010804,
		-0.60762,
		1,
	},
	[0.8666666666666667] = {
		-0.637025,
		0.580198,
		0.507513,
		0,
		0.754192,
		0.605226,
		0.254748,
		0,
		-0.159356,
		0.545043,
		-0.823124,
		0,
		0.002433,
		0.0145,
		-0.599929,
		1,
	},
	[0.8833333333333333] = {
		-0.611224,
		0.601967,
		0.51385,
		0,
		0.769875,
		0.602792,
		0.209605,
		0,
		-0.183569,
		0.523716,
		-0.83188,
		0,
		-0.005227,
		0.017555,
		-0.593333,
		1,
	},
	[0.8] = {
		-0.734219,
		0.489604,
		0.470331,
		0,
		0.675633,
		0.594953,
		0.435375,
		0,
		-0.066663,
		0.637431,
		-0.767618,
		0,
		0.048246,
		-0.000714,
		-0.635001,
		1,
	},
	[0.9166666666666666] = {
		-0.557005,
		0.64574,
		0.52227,
		0,
		0.797476,
		0.591451,
		0.119238,
		0,
		-0.231901,
		0.482914,
		-0.844403,
		0,
		-0.013824,
		0.020194,
		-0.584385,
		1,
	},
	[0.9] = {
		-0.5846,
		0.623744,
		0.518831,
		0,
		0.784255,
		0.598247,
		0.16445,
		0,
		-0.207814,
		0.503034,
		-0.83891,
		0,
		-0.010752,
		0.019581,
		-0.588071,
		1,
	},
}

return spline_matrices
