-- chunkname: @content/characters/player/human/first_person/animations/crowbar/attack_right_down.lua

local spline_matrices = {
	[0.016666666666666666] = {
		-0.771254,
		-0.607787,
		0.189111,
		0,
		-0.494751,
		0.759327,
		0.422664,
		0,
		-0.400487,
		0.232418,
		-0.886336,
		0,
		-0.153147,
		-0.282373,
		-0.168214,
		1,
	},
	[0.03333333333333333] = {
		-0.67797,
		-0.63293,
		0.37384,
		0,
		-0.541209,
		0.773935,
		0.328812,
		0,
		-0.497443,
		0.020599,
		-0.867252,
		0,
		-0.184231,
		-0.26857,
		-0.157044,
		1,
	},
	[0.05] = {
		-0.365599,
		-0.613344,
		0.700105,
		0,
		-0.716929,
		0.665258,
		0.208431,
		0,
		-0.593591,
		-0.425723,
		-0.682942,
		0,
		-0.222061,
		-0.24823,
		-0.140194,
		1,
	},
	[0.06666666666666667] = {
		0.238565,
		-0.385214,
		0.891458,
		0,
		-0.831868,
		0.392589,
		0.392263,
		0,
		-0.501081,
		-0.835155,
		-0.226789,
		0,
		-0.255198,
		-0.223554,
		-0.119106,
		1,
	},
	[0.08333333333333333] = {
		0.77745,
		-0.131639,
		0.615014,
		0,
		-0.581451,
		0.222337,
		0.782612,
		0,
		-0.239762,
		-0.966042,
		0.096314,
		0,
		-0.27221,
		-0.196825,
		-0.095163,
		1,
	},
	[0] = {
		-0.784371,
		-0.606926,
		0.128078,
		0,
		-0.504034,
		0.743974,
		0.438695,
		0,
		-0.361541,
		0.279544,
		-0.889462,
		0,
		-0.140245,
		-0.287465,
		-0.172253,
		1,
	},
	[0.11666666666666667] = {
		0.977283,
		-0.022057,
		0.21079,
		0,
		-0.2015,
		0.211616,
		0.956356,
		0,
		-0.065701,
		-0.977104,
		0.202365,
		0,
		-0.233992,
		-0.145058,
		-0.041095,
		1,
	},
	[0.13333333333333333] = {
		0.972204,
		0.030424,
		0.232148,
		0,
		-0.232504,
		0.242227,
		0.941949,
		0,
		-0.027575,
		-0.969742,
		0.242568,
		0,
		-0.207372,
		-0.120104,
		-0.006983,
		1,
	},
	[0.15] = {
		0.956325,
		0.071102,
		0.283527,
		0,
		-0.292149,
		0.200674,
		0.935082,
		0,
		0.00959,
		-0.977074,
		0.212682,
		0,
		-0.182187,
		-0.09629,
		0.032907,
		1,
	},
	[0.16666666666666666] = {
		0.955447,
		0.085604,
		0.282475,
		0,
		-0.289774,
		0.09003,
		0.952851,
		0,
		0.056137,
		-0.992253,
		0.110825,
		0,
		-0.158816,
		-0.074303,
		0.078892,
		1,
	},
	[0.18333333333333332] = {
		0.966466,
		0.082386,
		0.243218,
		0,
		-0.240381,
		-0.042919,
		0.969729,
		0,
		0.090331,
		-0.995676,
		-0.021676,
		0,
		-0.148089,
		-0.05223,
		0.126292,
		1,
	},
	[0.1] = {
		0.955376,
		-0.052228,
		0.290737,
		0,
		-0.276888,
		0.184529,
		0.943017,
		0,
		-0.102901,
		-0.981438,
		0.161834,
		0,
		-0.26168,
		-0.170443,
		-0.06967,
		1,
	},
	[0.21666666666666667] = {
		0.96475,
		0.011251,
		0.262928,
		0,
		-0.254921,
		-0.208206,
		0.94428,
		0,
		0.065367,
		-0.97802,
		-0.197998,
		0,
		-0.177765,
		-0.001089,
		0.205107,
		1,
	},
	[0.23333333333333334] = {
		0.949284,
		-0.017622,
		0.313927,
		0,
		-0.312851,
		-0.152575,
		0.937467,
		0,
		0.031377,
		-0.988135,
		-0.15035,
		0,
		-0.206853,
		0.036661,
		0.228949,
		1,
	},
	[0.25] = {
		0.933636,
		-0.019943,
		0.357667,
		0,
		-0.357091,
		0.027507,
		0.933665,
		0,
		-0.028458,
		-0.999423,
		0.01856,
		0,
		-0.23246,
		0.089614,
		0.239914,
		1,
	},
	[0.26666666666666666] = {
		0.927874,
		-0.005406,
		0.372855,
		0,
		-0.356494,
		0.280412,
		0.891225,
		0,
		-0.109371,
		-0.959864,
		0.25826,
		0,
		-0.239513,
		0.150851,
		0.243528,
		1,
	},
	[0.2833333333333333] = {
		0.931898,
		-0.000172,
		0.362721,
		0,
		-0.30714,
		0.53159,
		0.789352,
		0,
		-0.192954,
		-0.847002,
		0.495335,
		0,
		-0.22724,
		0.215557,
		0.242077,
		1,
	},
	[0.2] = {
		0.97078,
		0.05075,
		0.234545,
		0,
		-0.22463,
		-0.151693,
		0.962565,
		0,
		0.084428,
		-0.987124,
		-0.13586,
		0,
		-0.156461,
		-0.027784,
		0.168979,
		1,
	},
	[0.31666666666666665] = {
		0.946535,
		-0.063012,
		0.316388,
		0,
		-0.064597,
		0.923856,
		0.377251,
		0,
		-0.316068,
		-0.377519,
		0.870391,
		0,
		-0.163552,
		0.384709,
		0.203651,
		1,
	},
	[0.3333333333333333] = {
		0.948557,
		-0.082027,
		0.305797,
		0,
		0.068751,
		0.996174,
		0.053953,
		0,
		-0.309053,
		-0.030154,
		0.950567,
		0,
		-0.124759,
		0.471462,
		0.165469,
		1,
	},
	[0.35] = {
		0.941697,
		-0.040566,
		0.334009,
		0,
		0.166557,
		0.918744,
		-0.358005,
		0,
		-0.292346,
		0.392764,
		0.871935,
		0,
		-0.088403,
		0.547895,
		0.110296,
		1,
	},
	[0.36666666666666664] = {
		0.929021,
		-0.002007,
		0.370021,
		0,
		0.26428,
		0.70351,
		-0.65972,
		0,
		-0.258989,
		0.710683,
		0.654106,
		0,
		-0.048539,
		0.609765,
		0.030946,
		1,
	},
	[0.38333333333333336] = {
		0.92365,
		-0.011115,
		0.383076,
		0,
		0.314439,
		0.593411,
		-0.740939,
		0,
		-0.219085,
		0.804823,
		0.551599,
		0,
		0.003126,
		0.650461,
		-0.084004,
		1,
	},
	[0.3] = {
		0.939935,
		-0.023212,
		0.340564,
		0,
		-0.208377,
		0.75121,
		0.626309,
		0,
		-0.270373,
		-0.659655,
		0.701251,
		0,
		-0.200628,
		0.29345,
		0.230099,
		1,
	},
	[0.4166666666666667] = {
		0.929561,
		-0.012688,
		0.36845,
		0,
		0.363678,
		0.19544,
		-0.910792,
		0,
		-0.060454,
		0.980634,
		0.186288,
		0,
		0.088603,
		0.645345,
		-0.335015,
		1,
	},
	[0.43333333333333335] = {
		0.943562,
		0.003573,
		0.331176,
		0,
		0.327043,
		-0.167894,
		-0.929976,
		0,
		0.05228,
		0.985799,
		-0.159587,
		0,
		0.127358,
		0.583348,
		-0.476947,
		1,
	},
	[0.45] = {
		0.960563,
		0.015255,
		0.277642,
		0,
		0.249927,
		-0.485023,
		-0.838027,
		0,
		0.121879,
		0.874368,
		-0.469708,
		0,
		0.160778,
		0.507986,
		-0.592497,
		1,
	},
	[0.4666666666666667] = {
		0.976962,
		0.020958,
		0.212383,
		0,
		0.172917,
		-0.661,
		-0.730191,
		0,
		0.125082,
		0.750093,
		-0.649396,
		0,
		0.174567,
		0.447166,
		-0.640102,
		1,
	},
	[0.48333333333333334] = {
		0.991137,
		0.006356,
		0.132688,
		0,
		0.09343,
		-0.743405,
		-0.662283,
		0,
		0.094431,
		0.668811,
		-0.737411,
		0,
		0.169385,
		0.399356,
		-0.638903,
		1,
	},
	[0.4] = {
		0.922767,
		-0.020823,
		0.384796,
		0,
		0.346768,
		0.480417,
		-0.805575,
		0,
		-0.168088,
		0.876793,
		0.450534,
		0,
		0.051215,
		0.668815,
		-0.207176,
		1,
	},
	[0.5166666666666667] = {
		0.999094,
		-0.029533,
		0.030646,
		0,
		-0.001178,
		-0.738973,
		-0.673734,
		0,
		0.042544,
		0.673087,
		-0.738338,
		0,
		0.136484,
		0.174052,
		-0.549446,
		1,
	},
	[0.5333333333333333] = {
		0.999654,
		-0.024424,
		0.009804,
		0,
		-0.008657,
		-0.656962,
		-0.753874,
		0,
		0.024853,
		0.753528,
		-0.656946,
		0,
		0.113354,
		0.002724,
		-0.463578,
		1,
	},
	[0.55] = {
		0.999909,
		-0.009748,
		-0.009306,
		0,
		-0.013102,
		-0.541297,
		-0.840729,
		0,
		0.003158,
		0.840775,
		-0.541376,
		0,
		0.088036,
		-0.176786,
		-0.369934,
		1,
	},
	[0.5666666666666667] = {
		0.999369,
		0.003698,
		-0.035332,
		0,
		-0.030542,
		-0.4185,
		-0.907703,
		0,
		-0.018143,
		0.908209,
		-0.418123,
		0,
		0.06217,
		-0.341265,
		-0.283269,
		1,
	},
	[0.5833333333333334] = {
		0.997253,
		0.003382,
		-0.073987,
		0,
		-0.068798,
		-0.327657,
		-0.942289,
		0,
		-0.027429,
		0.944791,
		-0.326524,
		0,
		0.037459,
		-0.467521,
		-0.218403,
		1,
	},
	[0.5] = {
		0.997647,
		-0.018784,
		0.065936,
		0,
		0.02733,
		-0.773062,
		-0.633742,
		0,
		0.062877,
		0.634053,
		-0.770729,
		0,
		0.155728,
		0.31399,
		-0.612813,
		1,
	},
	[0.6166666666666667] = {
		0.98204,
		-0.060128,
		-0.178837,
		0,
		-0.188618,
		-0.336072,
		-0.922756,
		0,
		-0.004618,
		0.939915,
		-0.341378,
		0,
		0.000119,
		-0.553281,
		-0.185423,
		1,
	},
	[0.6333333333333333] = {
		0.977778,
		-0.074905,
		-0.195804,
		0,
		-0.209641,
		-0.345547,
		-0.914684,
		0,
		0.000855,
		0.935407,
		-0.353572,
		0,
		-0.00609,
		-0.560927,
		-0.182984,
		1,
	},
	[0.65] = {
		0.977726,
		-0.076624,
		-0.1954,
		0,
		-0.209875,
		-0.34733,
		-0.913955,
		0,
		0.002163,
		0.934607,
		-0.355675,
		0,
		-0.00678,
		-0.561329,
		-0.181723,
		1,
	},
	[0.6666666666666666] = {
		0.977671,
		-0.078459,
		-0.194945,
		0,
		-0.210112,
		-0.34946,
		-0.913089,
		0,
		0.003515,
		0.933661,
		-0.358142,
		0,
		-0.007492,
		-0.561797,
		-0.180242,
		1,
	},
	[0.6833333333333333] = {
		0.977615,
		-0.080347,
		-0.194454,
		0,
		-0.210343,
		-0.351842,
		-0.91212,
		0,
		0.004869,
		0.932605,
		-0.360867,
		0,
		-0.008202,
		-0.562311,
		-0.178602,
		1,
	},
	[0.6] = {
		0.991318,
		-0.023709,
		-0.129334,
		0,
		-0.130264,
		-0.311037,
		-0.941428,
		0,
		-0.017907,
		0.950102,
		-0.311425,
		0,
		0.015757,
		-0.532488,
		-0.189977,
		1,
	},
	[0.7166666666666667] = {
		0.977513,
		-0.084027,
		-0.193411,
		0,
		-0.210745,
		-0.356994,
		-0.910023,
		0,
		0.00742,
		0.93032,
		-0.366674,
		0,
		-0.009529,
		-0.563392,
		-0.175095,
		1,
	},
	[0.7333333333333333] = {
		0.977471,
		-0.085693,
		-0.19289,
		0,
		-0.210896,
		-0.359577,
		-0.90897,
		0,
		0.008534,
		0.929172,
		-0.369548,
		0,
		-0.010099,
		-0.56392,
		-0.173354,
		1,
	},
	[0.75] = {
		0.97744,
		-0.08716,
		-0.192391,
		0,
		-0.211,
		-0.362042,
		-0.907967,
		0,
		0.009485,
		0.928078,
		-0.372265,
		0,
		-0.010576,
		-0.564415,
		-0.171705,
		1,
	},
	[0.7666666666666667] = {
		0.977422,
		-0.088365,
		-0.191932,
		0,
		-0.211048,
		-0.364297,
		-0.907054,
		0,
		0.010231,
		0.927081,
		-0.374721,
		0,
		-0.010938,
		-0.564861,
		-0.170211,
		1,
	},
	[0.7833333333333333] = {
		0.977421,
		-0.089245,
		-0.191531,
		0,
		-0.21103,
		-0.366251,
		-0.906271,
		0,
		0.010732,
		0.926227,
		-0.376815,
		0,
		-0.011162,
		-0.565239,
		-0.168935,
		1,
	},
	[0.7] = {
		0.977562,
		-0.082224,
		-0.193938,
		0,
		-0.210557,
		-0.354385,
		-0.911086,
		0,
		0.006185,
		0.931478,
		-0.363746,
		0,
		-0.008889,
		-0.562849,
		-0.176865,
		1,
	},
	[0.8166666666666667] = {
		0.977469,
		-0.089895,
		-0.190978,
		0,
		-0.210794,
		-0.368869,
		-0.905263,
		0,
		0.010932,
		0.925124,
		-0.379507,
		0,
		-0.011165,
		-0.565728,
		-0.167292,
		1,
	},
	[0.8333333333333334] = {
		0.9775,
		-0.089807,
		-0.190861,
		0,
		-0.210657,
		-0.369292,
		-0.905123,
		0,
		0.010803,
		0.924964,
		-0.379901,
		0,
		-0.011054,
		-0.565801,
		-0.167051,
		1,
	},
	[0.85] = {
		0.977521,
		-0.089494,
		-0.190901,
		0,
		-0.210571,
		-0.368951,
		-0.905282,
		0,
		0.010585,
		0.92513,
		-0.379502,
		0,
		-0.010921,
		-0.565732,
		-0.167295,
		1,
	},
	[0.8666666666666667] = {
		0.977544,
		-0.089039,
		-0.190997,
		0,
		-0.210477,
		-0.368036,
		-0.905676,
		0,
		0.010347,
		0.925539,
		-0.378512,
		0,
		-0.010776,
		-0.565555,
		-0.167901,
		1,
	},
	[0.8833333333333333] = {
		0.977565,
		-0.088563,
		-0.191112,
		0,
		-0.210391,
		-0.366919,
		-0.906149,
		0,
		0.010128,
		0.926027,
		-0.37732,
		0,
		-0.010642,
		-0.565341,
		-0.168628,
		1,
	},
	[0.8] = {
		0.977439,
		-0.08974,
		-0.191207,
		0,
		-0.210935,
		-0.367813,
		-0.90566,
		0,
		0.010946,
		0.925559,
		-0.378444,
		0,
		-0.011225,
		-0.565534,
		-0.167941,
		1,
	},
	[0.9166666666666666] = {
		0.977586,
		-0.088035,
		-0.191248,
		0,
		-0.210304,
		-0.365577,
		-0.906711,
		0,
		0.009906,
		0.926608,
		-0.375897,
		0,
		-0.010507,
		-0.565084,
		-0.169497,
		1,
	},
	[0.9] = {
		0.97758,
		-0.088187,
		-0.191208,
		0,
		-0.210328,
		-0.365975,
		-0.906545,
		0,
		0.009968,
		0.926437,
		-0.376318,
		0,
		-0.010545,
		-0.56516,
		-0.16924,
		1,
	},
}

return spline_matrices
