-- chunkname: @content/characters/player/human/first_person/animations/crowbar/attack_right_followup.lua

local spline_matrices = {
	[0.016666666666666666] = {
		-0.557632,
		0.542824,
		-0.628004,
		0,
		0.144391,
		-0.681586,
		-0.71735,
		0,
		-0.817434,
		-0.490695,
		0.301695,
		0,
		0.025775,
		0.092541,
		-0.448439,
		1,
	},
	[0.03333333333333333] = {
		-0.88414,
		0.442226,
		-0.150775,
		0,
		-0.059727,
		-0.427035,
		-0.90226,
		0,
		-0.463389,
		-0.788719,
		0.403972,
		0,
		-0.040399,
		0.046058,
		-0.39741,
		1,
	},
	[0.05] = {
		-0.850037,
		0.369571,
		0.375306,
		0,
		-0.436687,
		-0.096057,
		-0.894471,
		0,
		-0.294519,
		-0.924224,
		0.243039,
		0,
		-0.094484,
		0.007714,
		-0.354354,
		1,
	},
	[0.06666666666666667] = {
		-0.556357,
		0.298682,
		0.775407,
		0,
		-0.741124,
		0.24363,
		-0.625604,
		0,
		-0.375769,
		-0.922731,
		0.085815,
		0,
		-0.146531,
		-0.027271,
		-0.31308,
		1,
	},
	[0.08333333333333333] = {
		-0.358811,
		0.265437,
		0.894873,
		0,
		-0.805471,
		0.396405,
		-0.440545,
		0,
		-0.471669,
		-0.878866,
		0.071568,
		0,
		-0.192955,
		-0.04137,
		-0.275503,
		1,
	},
	[0] = {
		-0.232659,
		0.609414,
		-0.757948,
		0,
		0.149658,
		-0.747618,
		-0.647047,
		0,
		-0.960975,
		-0.263974,
		0.082737,
		0,
		0.066142,
		0.122594,
		-0.479114,
		1,
	},
	[0.11666666666666667] = {
		-0.355371,
		0.587895,
		0.726699,
		0,
		-0.76799,
		0.25953,
		-0.585522,
		0,
		-0.532825,
		-0.766175,
		0.359268,
		0,
		-0.252521,
		-0.02809,
		-0.222141,
		1,
	},
	[0.13333333333333333] = {
		-0.36152,
		0.661594,
		0.65696,
		0,
		-0.741465,
		0.223189,
		-0.632785,
		0,
		-0.565273,
		-0.715877,
		0.409862,
		0,
		-0.276545,
		-0.020443,
		-0.206958,
		1,
	},
	[0.15] = {
		-0.376285,
		0.68662,
		0.622063,
		0,
		-0.718158,
		0.208048,
		-0.664052,
		0,
		-0.585371,
		-0.696612,
		0.414816,
		0,
		-0.297714,
		-0.013275,
		-0.195694,
		1,
	},
	[0.16666666666666666] = {
		-0.384094,
		0.686003,
		0.617958,
		0,
		-0.712675,
		0.205236,
		-0.6708,
		0,
		-0.586998,
		-0.698054,
		0.410067,
		0,
		-0.314048,
		-0.009315,
		-0.185799,
		1,
	},
	[0.18333333333333332] = {
		-0.389089,
		0.682017,
		0.619244,
		0,
		-0.711778,
		0.204155,
		-0.672081,
		0,
		-0.584792,
		-0.702263,
		0.40601,
		0,
		-0.330951,
		-0.003243,
		-0.175627,
		1,
	},
	[0.1] = {
		-0.362866,
		0.406497,
		0.838504,
		0,
		-0.790515,
		0.342138,
		-0.507964,
		0,
		-0.49337,
		-0.847173,
		0.197192,
		0,
		-0.226761,
		-0.035962,
		-0.245044,
		1,
	},
	[0.21666666666666667] = {
		-0.612511,
		0.572339,
		0.545214,
		0,
		-0.628026,
		0.066493,
		-0.775346,
		0,
		-0.480014,
		-0.817317,
		0.318716,
		0,
		-0.36095,
		0.012178,
		-0.146086,
		1,
	},
	[0.23333333333333334] = {
		-0.879907,
		0.420589,
		0.221061,
		0,
		-0.340986,
		-0.234953,
		-0.910234,
		0,
		-0.330895,
		-0.8763,
		0.350152,
		0,
		-0.373013,
		0.025926,
		-0.122882,
		1,
	},
	[0.25] = {
		-0.938273,
		0.341626,
		-0.054185,
		0,
		-0.090451,
		-0.393527,
		-0.914853,
		0,
		-0.333861,
		-0.85348,
		0.400136,
		0,
		-0.382918,
		0.069915,
		-0.096226,
		1,
	},
	[0.26666666666666666] = {
		-0.844527,
		0.525451,
		-0.103323,
		0,
		-0.089931,
		-0.329361,
		-0.939911,
		0,
		-0.527908,
		-0.784488,
		0.325409,
		0,
		-0.388203,
		0.166072,
		-0.070457,
		1,
	},
	[0.2833333333333333] = {
		-0.552019,
		0.828896,
		-0.090589,
		0,
		-0.131531,
		-0.193844,
		-0.972175,
		0,
		-0.823392,
		-0.524744,
		0.216031,
		0,
		-0.377168,
		0.296402,
		-0.051938,
		1,
	},
	[0.2] = {
		-0.407164,
		0.661108,
		0.630201,
		0,
		-0.710021,
		0.204921,
		-0.673705,
		0,
		-0.574533,
		-0.721764,
		0.385964,
		0,
		-0.347378,
		0.003473,
		-0.164134,
		1,
	},
	[0.31666666666666665] = {
		-0.12858,
		0.991001,
		-0.037207,
		0,
		-0.117096,
		-0.052428,
		-0.991736,
		0,
		-0.984762,
		-0.123161,
		0.122784,
		0,
		-0.323361,
		0.425601,
		-0.038472,
		1,
	},
	[0.3333333333333333] = {
		0.3258,
		0.945393,
		-0.009266,
		0,
		-0.059878,
		0.010852,
		-0.998147,
		0,
		-0.94354,
		0.325752,
		0.060144,
		0,
		-0.226441,
		0.552375,
		-0.026192,
		1,
	},
	[0.35] = {
		0.735361,
		0.672229,
		0.08575,
		0,
		0.036254,
		0.087331,
		-0.995519,
		0,
		-0.676706,
		0.735175,
		0.039849,
		0,
		-0.051728,
		0.641255,
		-0.02798,
		1,
	},
	[0.36666666666666664] = {
		0.976147,
		0.176055,
		0.127053,
		0,
		0.117816,
		0.062004,
		-0.991098,
		0,
		-0.182365,
		0.982426,
		0.039783,
		0,
		0.184634,
		0.621517,
		-0.037507,
		1,
	},
	[0.38333333333333336] = {
		0.969889,
		-0.201223,
		0.137204,
		0,
		0.147299,
		0.036009,
		-0.988436,
		0,
		0.193956,
		0.978883,
		0.064564,
		0,
		0.320286,
		0.595521,
		-0.054142,
		1,
	},
	[0.3] = {
		-0.35004,
		0.93331,
		-0.080027,
		0,
		-0.121891,
		-0.130087,
		-0.983982,
		0,
		-0.928771,
		-0.334678,
		0.159298,
		0,
		-0.357299,
		0.361376,
		-0.044739,
		1,
	},
	[0.4166666666666667] = {
		0.576635,
		-0.811096,
		0.098054,
		0,
		0.180447,
		0.009385,
		-0.98354,
		0,
		0.796825,
		0.584837,
		0.151772,
		0,
		0.605735,
		0.448101,
		-0.091676,
		1,
	},
	[0.43333333333333335] = {
		0.415461,
		-0.906855,
		0.07076,
		0,
		0.149169,
		-0.008812,
		-0.988772,
		0,
		0.897296,
		0.421352,
		0.131614,
		0,
		0.677309,
		0.346468,
		-0.099936,
		1,
	},
	[0.45] = {
		0.435719,
		-0.896756,
		0.077318,
		0,
		0.140678,
		-0.016997,
		-0.989909,
		0,
		0.889021,
		0.442199,
		0.118748,
		0,
		0.717059,
		0.264044,
		-0.11592,
		1,
	},
	[0.4666666666666667] = {
		0.478698,
		-0.873205,
		0.091436,
		0,
		0.135109,
		-0.029638,
		-0.990387,
		0,
		0.867521,
		0.486451,
		0.10379,
		0,
		0.751463,
		0.184885,
		-0.133665,
		1,
	},
	[0.48333333333333334] = {
		0.534184,
		-0.838062,
		0.110902,
		0,
		0.133425,
		-0.045962,
		-0.989993,
		0,
		0.834773,
		0.543635,
		0.087267,
		0,
		0.78471,
		0.107269,
		-0.15181,
		1,
	},
	[0.4] = {
		0.841541,
		-0.524839,
		0.127876,
		0,
		0.159929,
		0.015955,
		-0.987,
		0,
		0.515975,
		0.851052,
		0.097364,
		0,
		0.442667,
		0.55694,
		-0.073078,
		1,
	},
	[0.5166666666666667] = {
		0.645633,
		-0.748333,
		0.15217,
		0,
		0.141257,
		-0.078797,
		-0.986832,
		0,
		0.75047,
		0.658626,
		0.054833,
		0,
		0.836571,
		-0.030329,
		-0.189171,
		1,
	},
	[0.5333333333333333] = {
		0.687075,
		-0.707396,
		0.165889,
		0,
		0.147268,
		-0.087993,
		-0.985175,
		0,
		0.711506,
		0.701319,
		0.043719,
		0,
		0.846166,
		-0.07522,
		-0.209401,
		1,
	},
	[0.55] = {
		0.70717,
		-0.689395,
		0.156984,
		0,
		0.134691,
		-0.08661,
		-0.987095,
		0,
		0.694095,
		0.719189,
		0.031607,
		0,
		0.84427,
		-0.093612,
		-0.232151,
		1,
	},
	[0.5666666666666667] = {
		0.72331,
		-0.679213,
		0.124469,
		0,
		0.096721,
		-0.078822,
		-0.992186,
		0,
		0.683716,
		0.729697,
		0.008682,
		0,
		0.83704,
		-0.108061,
		-0.255422,
		1,
	},
	[0.5833333333333334] = {
		0.734819,
		-0.674102,
		0.075009,
		0,
		0.039527,
		-0.067842,
		-0.996913,
		0,
		0.67711,
		0.735516,
		-0.023206,
		0,
		0.825453,
		-0.119751,
		-0.27893,
		1,
	},
	[0.5] = {
		0.592609,
		-0.794531,
		0.132421,
		0,
		0.135852,
		-0.063455,
		-0.988695,
		0,
		0.793952,
		0.603899,
		0.070335,
		0,
		0.815396,
		0.033091,
		-0.170201,
		1,
	},
	[0.6166666666666667] = {
		0.741269,
		-0.670036,
		-0.03965,
		0,
		-0.094067,
		-0.045215,
		-0.994539,
		0,
		0.664584,
		0.74095,
		-0.096545,
		0,
		0.793175,
		-0.139119,
		-0.325492,
		1,
	},
	[0.6333333333333333] = {
		0.735812,
		-0.669486,
		-0.10183,
		0,
		-0.170377,
		-0.037487,
		-0.984666,
		0,
		0.655403,
		0.741878,
		-0.141648,
		0,
		0.772475,
		-0.147128,
		-0.348192,
		1,
	},
	[0.65] = {
		0.724271,
		-0.669554,
		-0.16471,
		0,
		-0.248627,
		-0.03079,
		-0.96811,
		0,
		0.64313,
		0.742125,
		-0.188769,
		0,
		0.747734,
		-0.152993,
		-0.370673,
		1,
	},
	[0.6666666666666666] = {
		0.70651,
		-0.670216,
		-0.227274,
		0,
		-0.326568,
		-0.023841,
		-0.944873,
		0,
		0.627851,
		0.741783,
		-0.235715,
		0,
		0.72046,
		-0.157613,
		-0.393025,
		1,
	},
	[0.6833333333333333] = {
		0.682623,
		-0.671425,
		-0.288467,
		0,
		-0.40204,
		-0.015418,
		-0.915492,
		0,
		0.610237,
		0.740912,
		-0.280465,
		0,
		0.692158,
		-0.161897,
		-0.415343,
		1,
	},
	[0.6] = {
		0.740865,
		-0.671361,
		0.019835,
		0,
		-0.023792,
		-0.055745,
		-0.998162,
		0,
		0.671232,
		0.739031,
		-0.057273,
		0,
		0.810501,
		-0.129749,
		-0.302382,
		1,
	},
	[0.7166666666666667] = {
		0.620372,
		-0.676097,
		-0.397532,
		0,
		-0.532249,
		0.009366,
		-0.846536,
		0,
		0.576064,
		0.736753,
		-0.354042,
		0,
		0.637895,
		-0.172648,
		-0.458561,
		1,
	},
	[0.7333333333333333] = {
		0.582052,
		-0.68089,
		-0.444527,
		0,
		-0.586439,
		0.027204,
		-0.809536,
		0,
		0.563299,
		0.73188,
		-0.383466,
		0,
		0.610108,
		-0.178483,
		-0.479354,
		1,
	},
	[0.75] = {
		0.525047,
		-0.688201,
		-0.500705,
		0,
		-0.652284,
		0.0525,
		-0.756154,
		0,
		0.546673,
		0.723618,
		-0.421338,
		0,
		0.576717,
		-0.184156,
		-0.504746,
		1,
	},
	[0.7666666666666667] = {
		0.41525,
		-0.701809,
		-0.578819,
		0,
		-0.749765,
		0.096306,
		-0.654659,
		0,
		0.515189,
		0.705825,
		-0.4862,
		0,
		0.527141,
		-0.189652,
		-0.544009,
		1,
	},
	[0.7833333333333333] = {
		0.286692,
		-0.716906,
		-0.635495,
		0,
		-0.831762,
		0.142888,
		-0.536428,
		0,
		0.475373,
		0.68237,
		-0.55533,
		0,
		0.476395,
		-0.194514,
		-0.58395,
		1,
	},
	[0.7] = {
		0.652847,
		-0.673221,
		-0.347222,
		0,
		-0.473064,
		-0.004352,
		-0.881017,
		0,
		0.591608,
		0.739428,
		-0.321318,
		0,
		0.664307,
		-0.166875,
		-0.437714,
		1,
	},
	[0.8166666666666667] = {
		0.191469,
		-0.730518,
		-0.655502,
		0,
		-0.867851,
		0.185942,
		-0.460717,
		0,
		0.458447,
		0.657091,
		-0.598379,
		0,
		0.440891,
		-0.200623,
		-0.604845,
		1,
	},
	[0.8333333333333334] = {
		0.162517,
		-0.736053,
		-0.657125,
		0,
		-0.872306,
		0.204085,
		-0.444332,
		0,
		0.461162,
		0.645426,
		-0.608897,
		0,
		0.428693,
		-0.204121,
		-0.607782,
		1,
	},
	[0.85] = {
		0.140976,
		-0.741417,
		-0.656069,
		0,
		-0.871876,
		0.220956,
		-0.437049,
		0,
		0.468998,
		0.633624,
		-0.615274,
		0,
		0.420855,
		-0.207971,
		-0.607343,
		1,
	},
	[0.8666666666666667] = {
		0.11887,
		-0.747175,
		-0.653911,
		0,
		-0.870703,
		0.238095,
		-0.430334,
		0,
		0.477228,
		0.620516,
		-0.622265,
		0,
		0.417857,
		-0.212012,
		-0.606043,
		1,
	},
	[0.8833333333333333] = {
		0.096418,
		-0.753109,
		-0.650792,
		0,
		-0.868853,
		0.255301,
		-0.424164,
		0,
		0.48559,
		0.606339,
		-0.629726,
		0,
		0.418162,
		-0.216207,
		-0.604008,
		1,
	},
	[0.8] = {
		0.233938,
		-0.724108,
		-0.648799,
		0,
		-0.854423,
		0.16531,
		-0.492579,
		0,
		0.463933,
		0.669582,
		-0.580023,
		0,
		0.456956,
		-0.197483,
		-0.596634,
		1,
	},
	[0.9166666666666666] = {
		0.051416,
		-0.764754,
		-0.642268,
		0,
		-0.863439,
		0.289121,
		-0.41338,
		0,
		0.501827,
		0.575813,
		-0.645452,
		0,
		0.422481,
		-0.224855,
		-0.598222,
		1,
	},
	[0.9333333333333333] = {
		0.029377,
		-0.770158,
		-0.637177,
		0,
		-0.860059,
		0.30535,
		-0.408731,
		0,
		0.509349,
		0.560016,
		-0.65341,
		0,
		0.426073,
		-0.229181,
		-0.594712,
		1,
	},
	[0.95] = {
		0.008003,
		-0.775131,
		-0.63175,
		0,
		-0.856374,
		0.320877,
		-0.404551,
		0,
		0.516294,
		0.544252,
		-0.661234,
		0,
		0.430333,
		-0.233421,
		-0.590955,
		1,
	},
	[0.9666666666666667] = {
		-0.012426,
		-0.779597,
		-0.626158,
		0,
		-0.852505,
		0.335523,
		-0.400824,
		0,
		0.522572,
		0.528822,
		-0.668779,
		0,
		0.435042,
		-0.23751,
		-0.587076,
		1,
	},
	[0.9833333333333333] = {
		-0.031617,
		-0.78351,
		-0.620574,
		0,
		-0.848577,
		0.349112,
		-0.39754,
		0,
		0.528126,
		0.514036,
		-0.675907,
		0,
		0.439987,
		-0.241383,
		-0.583196,
		1,
	},
	[0.9] = {
		0.073851,
		-0.759025,
		-0.64686,
		0,
		-0.866403,
		0.272375,
		-0.418519,
		0,
		0.493855,
		0.591349,
		-0.637506,
		0,
		0.419774,
		-0.220509,
		-0.601361,
		1,
	},
	[1.0166666666666666] = {
		-0.06506,
		-0.789626,
		-0.61013,
		0,
		-0.841084,
		0.372412,
		-0.392285,
		0,
		0.536978,
		0.487648,
		-0.68837,
		0,
		0.449735,
		-0.248206,
		-0.575923,
		1,
	},
	[1.0333333333333334] = {
		-0.078647,
		-0.791855,
		-0.605624,
		0,
		-0.837817,
		0.381731,
		-0.390313,
		0,
		0.540257,
		0.476705,
		-0.693451,
		0,
		0.454128,
		-0.250995,
		-0.572774,
		1,
	},
	[1.05] = {
		-0.089731,
		-0.793567,
		-0.601831,
		0,
		-0.835058,
		0.389268,
		-0.388779,
		0,
		0.542795,
		0.467678,
		-0.697604,
		0,
		0.457919,
		-0.253276,
		-0.570113,
		1,
	},
	[1.0666666666666667] = {
		-0.098012,
		-0.794789,
		-0.59892,
		0,
		-0.832939,
		0.394859,
		-0.387684,
		0,
		0.544615,
		0.460866,
		-0.700711,
		0,
		0.460892,
		-0.254984,
		-0.568061,
		1,
	},
	[1.0833333333333333] = {
		-0.103192,
		-0.795533,
		-0.597058,
		0,
		-0.831585,
		0.398339,
		-0.387029,
		0,
		0.545726,
		0.456567,
		-0.702659,
		0,
		0.462833,
		-0.256057,
		-0.566741,
		1,
	},
	{
		-0.049272,
		-0.786852,
		-0.615172,
		0,
		-0.844721,
		0.361474,
		-0.394694,
		0,
		0.532934,
		0.500201,
		-0.682481,
		0,
		0.444953,
		-0.244975,
		-0.579438,
		1,
	},
	[1.1] = {
		-0.104982,
		-0.79579,
		-0.596404,
		0,
		-0.831111,
		0.399538,
		-0.386812,
		0,
		0.546107,
		0.45507,
		-0.703334,
		0,
		0.463528,
		-0.256428,
		-0.566274,
		1,
	},
}

return spline_matrices
