-- chunkname: @content/characters/player/human/first_person/animations/crowbar/attack_down_folded.lua

local spline_matrices = {
	[0.0166666666667] = {
		0.564761,
		-0.740952,
		-0.363366,
		0,
		-0.139095,
		0.348543,
		-0.926914,
		0,
		0.813448,
		0.574028,
		0.093781,
		0,
		0.42371,
		-0.255531,
		-0.256325,
		1,
	},
	[0.0333333333333] = {
		0.512547,
		-0.454457,
		-0.728536,
		0,
		-0.09735,
		0.812232,
		-0.575154,
		0,
		0.853123,
		0.365717,
		0.372065,
		0,
		0.416853,
		-0.25471,
		-0.206279,
		1,
	},
	[0.05] = {
		0.554543,
		-0.182556,
		-0.811884,
		0,
		-0.039231,
		0.96882,
		-0.244641,
		0,
		0.83123,
		0.167515,
		0.53009,
		0,
		0.415453,
		-0.245743,
		-0.134956,
		1,
	},
	[0.0666666666667] = {
		0.599792,
		0.102336,
		-0.793585,
		0,
		-0.042309,
		0.994456,
		0.096263,
		0,
		0.799036,
		-0.024162,
		0.600797,
		0,
		0.418812,
		-0.227552,
		-0.046837,
		1,
	},
	[0.0833333333333] = {
		0.637905,
		0.359517,
		-0.681047,
		0,
		-0.067915,
		0.907161,
		0.415267,
		0,
		0.767115,
		-0.218648,
		0.603099,
		0,
		0.419714,
		-0.202767,
		0.043209,
		1,
	},
	[0] = {
		0.663696,
		-0.747117,
		0.036392,
		0,
		-0.091952,
		-0.129774,
		-0.987271,
		0,
		0.74233,
		0.651901,
		-0.154829,
		0,
		0.432703,
		-0.250879,
		-0.287082,
		1,
	},
	[0.116666666667] = {
		0.748076,
		0.630535,
		-0.206899,
		0,
		-0.15923,
		0.473219,
		0.866435,
		0,
		0.644226,
		-0.615215,
		0.454404,
		0,
		0.383237,
		-0.137425,
		0.178508,
		1,
	},
	[0.133333333333] = {
		0.790981,
		0.60973,
		0.050773,
		0,
		-0.250667,
		0.247243,
		0.935968,
		0,
		0.558135,
		-0.75306,
		0.348404,
		0,
		0.338489,
		-0.086625,
		0.218332,
		1,
	},
	[0.15] = {
		0.805643,
		0.543421,
		0.235868,
		0,
		-0.367226,
		0.145693,
		0.91865,
		0,
		0.464849,
		-0.826721,
		0.316935,
		0,
		0.283897,
		-0.018186,
		0.239456,
		1,
	},
	[0.166666666667] = {
		0.778766,
		0.520293,
		0.350454,
		0,
		-0.500318,
		0.178139,
		0.847319,
		0,
		0.378425,
		-0.835201,
		0.39904,
		0,
		0.228747,
		0.067971,
		0.247267,
		1,
	},
	[0.183333333333] = {
		0.580604,
		0.631922,
		0.513394,
		0,
		-0.766191,
		0.21077,
		0.607064,
		0,
		0.275409,
		-0.745822,
		0.606547,
		0,
		0.172903,
		0.163783,
		0.235074,
		1,
	},
	[0.1] = {
		0.688218,
		0.549065,
		-0.47422,
		0,
		-0.101066,
		0.719825,
		0.686759,
		0,
		0.71843,
		-0.424712,
		0.550888,
		0,
		0.410587,
		-0.174297,
		0.120428,
		1,
	},
	[0.216666666667] = {
		0.217681,
		0.854335,
		0.47194,
		0,
		-0.974551,
		0.163735,
		0.153106,
		0,
		0.053531,
		-0.493257,
		0.868235,
		0,
		0.090586,
		0.357045,
		0.198226,
		1,
	},
	[0.233333333333] = {
		0.178604,
		0.927851,
		0.327403,
		0,
		-0.98305,
		0.154281,
		0.099044,
		0,
		0.041386,
		-0.339544,
		0.939679,
		0,
		0.066882,
		0.440649,
		0.171951,
		1,
	},
	[0.25] = {
		0.101175,
		0.963246,
		-0.248839,
		0,
		-0.99449,
		0.104824,
		0.00142,
		0,
		0.027452,
		0.247324,
		0.968544,
		0,
		0.041078,
		0.592171,
		0.034063,
		1,
	},
	[0.266666666667] = {
		-0.047017,
		0.594905,
		-0.802419,
		0,
		-0.998581,
		-0.048096,
		0.022853,
		0,
		-0.024997,
		0.802356,
		0.596323,
		0,
		0.019358,
		0.704268,
		-0.077594,
		1,
	},
	[0.283333333333] = {
		-0.097047,
		0.223614,
		-0.969834,
		0,
		-0.992498,
		-0.094545,
		0.077516,
		0,
		-0.074359,
		0.970082,
		0.231111,
		0,
		0.002656,
		0.639372,
		-0.211661,
		1,
	},
	[0.2] = {
		0.306172,
		0.785882,
		0.53726,
		0,
		-0.945775,
		0.186798,
		0.265735,
		0,
		0.108477,
		-0.589488,
		0.80046,
		0,
		0.122714,
		0.262181,
		0.211109,
		1,
	},
	[0.316666666667] = {
		-0.087615,
		-0.179525,
		-0.979844,
		0,
		-0.990403,
		-0.089844,
		0.105021,
		0,
		-0.106887,
		0.979642,
		-0.169931,
		0,
		0.023559,
		0.496183,
		-0.605821,
		1,
	},
	[0.333333333333] = {
		-0.120054,
		-0.175717,
		-0.977093,
		0,
		-0.979348,
		-0.140313,
		0.145565,
		0,
		-0.162677,
		0.97439,
		-0.155243,
		0,
		0.048178,
		0.468841,
		-0.696538,
		1,
	},
	[0.35] = {
		-0.067426,
		-0.313314,
		-0.947253,
		0,
		-0.985569,
		-0.126834,
		0.112104,
		0,
		-0.155268,
		0.941142,
		-0.30024,
		0,
		0.039486,
		0.387765,
		-0.683447,
		1,
	},
	[0.366666666667] = {
		-0.029063,
		-0.489391,
		-0.87158,
		0,
		-0.990435,
		-0.103561,
		0.091176,
		0,
		-0.134882,
		0.865894,
		-0.4817,
		0,
		0.029777,
		0.30905,
		-0.671611,
		1,
	},
	[0.383333333333] = {
		-0.023339,
		-0.562597,
		-0.826402,
		0,
		-0.991066,
		-0.095557,
		0.093043,
		0,
		-0.131315,
		0.82119,
		-0.555341,
		0,
		0.030606,
		0.281257,
		-0.671523,
		1,
	},
	[0.3] = {
		-0.072072,
		-0.060321,
		-0.995574,
		0,
		-0.994979,
		-0.065147,
		0.075976,
		0,
		-0.069442,
		0.996051,
		-0.055323,
		0,
		-0.001443,
		0.543088,
		-0.433287,
		1,
	},
	[0.416666666667] = {
		-0.041162,
		-0.674656,
		-0.736984,
		0,
		-0.991431,
		-0.063945,
		0.113911,
		0,
		-0.123977,
		0.735357,
		-0.666242,
		0,
		0.030463,
		0.22664,
		-0.672292,
		1,
	},
	[0.433333333333] = {
		-0.054068,
		-0.700862,
		-0.711244,
		0,
		-0.991446,
		-0.047056,
		0.121737,
		0,
		-0.118789,
		0.711743,
		-0.692323,
		0,
		0.029384,
		0.200135,
		-0.672174,
		1,
	},
	[0.45] = {
		-0.062213,
		-0.701316,
		-0.710131,
		0,
		-0.992247,
		-0.033236,
		0.119753,
		0,
		-0.107586,
		0.712076,
		-0.693811,
		0,
		0.027997,
		0.173634,
		-0.671465,
		1,
	},
	[0.466666666667] = {
		-0.065702,
		-0.686542,
		-0.724115,
		0,
		-0.993603,
		-0.021788,
		0.11081,
		0,
		-0.091853,
		0.726763,
		-0.680719,
		0,
		0.026664,
		0.146504,
		-0.67007,
		1,
	},
	[0.483333333333] = {
		-0.068512,
		-0.670564,
		-0.738681,
		0,
		-0.99472,
		-0.010796,
		0.10206,
		0,
		-0.076413,
		0.741773,
		-0.666284,
		0,
		0.025742,
		0.118114,
		-0.667895,
		1,
	},
	[0.4] = {
		-0.029126,
		-0.626717,
		-0.778702,
		0,
		-0.991418,
		-0.081213,
		0.102444,
		0,
		-0.127445,
		0.775003,
		-0.618973,
		0,
		0.030872,
		0.253785,
		-0.671916,
		1,
	},
	[0.516666666667] = {
		-0.071377,
		-0.636173,
		-0.768238,
		0,
		-0.99628,
		0.008179,
		0.085791,
		0,
		-0.048295,
		0.771503,
		-0.63439,
		0,
		0.026523,
		0.055031,
		-0.660823,
		1,
	},
	[0.533333333333] = {
		-0.071248,
		-0.61845,
		-0.782588,
		0,
		-0.996787,
		0.01536,
		0.07861,
		0,
		-0.036596,
		0.785674,
		-0.617557,
		0,
		0.028901,
		0.019079,
		-0.655725,
		1,
	},
	[0.55] = {
		-0.070557,
		-0.59698,
		-0.799147,
		0,
		-0.997175,
		0.021508,
		0.071974,
		0,
		-0.025779,
		0.801968,
		-0.596811,
		0,
		0.033001,
		-0.024435,
		-0.644962,
		1,
	},
	[0.566666666667] = {
		-0.069597,
		-0.569024,
		-0.819371,
		0,
		-0.997464,
		0.027425,
		0.065678,
		0,
		-0.014901,
		0.821864,
		-0.569489,
		0,
		0.038604,
		-0.077295,
		-0.625499,
		1,
	},
	[0.583333333333] = {
		-0.068139,
		-0.536238,
		-0.841312,
		0,
		-0.997666,
		0.03294,
		0.059807,
		0,
		-0.004358,
		0.843424,
		-0.537231,
		0,
		0.045255,
		-0.136196,
		-0.599567,
		1,
	},
	[0.5] = {
		-0.070446,
		-0.653666,
		-0.753498,
		0,
		-0.995604,
		-0.000672,
		0.093664,
		0,
		-0.061732,
		0.756783,
		-0.650744,
		0,
		0.02558,
		0.087833,
		-0.664845,
		1,
	},
	[0.616666666667] = {
		-0.063554,
		-0.463823,
		-0.883645,
		0,
		-0.997877,
		0.042142,
		0.04965,
		0,
		0.01421,
		0.884925,
		-0.465517,
		0,
		0.059863,
		-0.258983,
		-0.537344,
		1,
	},
	[0.633333333333] = {
		-0.060726,
		-0.428555,
		-0.901473,
		0,
		-0.99792,
		0.045662,
		0.045515,
		0,
		0.021657,
		0.902361,
		-0.430436,
		0,
		0.066894,
		-0.316347,
		-0.505646,
		1,
	},
	[0.65] = {
		-0.057926,
		-0.397111,
		-0.915941,
		0,
		-0.997939,
		0.048422,
		0.042118,
		0,
		0.027626,
		0.916492,
		-0.399097,
		0,
		0.073128,
		-0.366708,
		-0.476664,
		1,
	},
	[0.666666666667] = {
		-0.055519,
		-0.372016,
		-0.926564,
		0,
		-0.997944,
		0.050436,
		0.039546,
		0,
		0.032021,
		0.926855,
		-0.374051,
		0,
		0.07811,
		-0.406852,
		-0.452763,
		1,
	},
	[0.683333333333] = {
		-0.053875,
		-0.355812,
		-0.933003,
		0,
		-0.997942,
		0.051735,
		0.037895,
		0,
		0.034786,
		0.933125,
		-0.357867,
		0,
		0.081388,
		-0.433583,
		-0.436334,
		1,
	},
	[0.6] = {
		-0.066097,
		-0.500478,
		-0.863222,
		0,
		-0.997798,
		0.037881,
		0.054439,
		0,
		0.005454,
		0.86492,
		-0.50188,
		0,
		0.052496,
		-0.197849,
		-0.569421,
		1,
	},
	[0.716666666667] = {
		-0.053396,
		-0.352615,
		-0.934244,
		0,
		-0.997922,
		0.052622,
		0.037174,
		0,
		0.036054,
		0.934288,
		-0.354692,
		0,
		0.082423,
		-0.444492,
		-0.429009,
		1,
	},
	[0.733333333333] = {
		-0.053485,
		-0.35418,
		-0.933647,
		0,
		-0.997909,
		0.052929,
		0.037088,
		0,
		0.036281,
		0.933678,
		-0.35627,
		0,
		0.082313,
		-0.445237,
		-0.428258,
		1,
	},
	[0.75] = {
		-0.053582,
		-0.355668,
		-0.933075,
		0,
		-0.997895,
		0.053255,
		0.037005,
		0,
		0.03653,
		0.933094,
		-0.357773,
		0,
		0.082193,
		-0.445947,
		-0.427541,
		1,
	},
	[0.766666666667] = {
		-0.053685,
		-0.357067,
		-0.932535,
		0,
		-0.99788,
		0.053592,
		0.036926,
		0,
		0.036791,
		0.93254,
		-0.359187,
		0,
		0.082067,
		-0.446618,
		-0.426864,
		1,
	},
	[0.783333333333] = {
		-0.053789,
		-0.358367,
		-0.93203,
		0,
		-0.997864,
		0.05393,
		0.036852,
		0,
		0.037058,
		0.932022,
		-0.360503,
		0,
		0.081938,
		-0.447244,
		-0.426234,
		1,
	},
	[0.7] = {
		-0.053318,
		-0.350984,
		-0.934862,
		0,
		-0.997934,
		0.052342,
		0.037263,
		0,
		0.035854,
		0.934917,
		-0.35305,
		0,
		0.08252,
		-0.44372,
		-0.429789,
		1,
	},
	[0.816666666667] = {
		-0.053992,
		-0.360624,
		-0.931147,
		0,
		-0.997834,
		0.054577,
		0.036722,
		0,
		0.037576,
		0.931113,
		-0.36279,
		0,
		0.081687,
		-0.448334,
		-0.425135,
		1,
	},
	[0.833333333333] = {
		-0.054084,
		-0.361558,
		-0.93078,
		0,
		-0.99782,
		0.054868,
		0.036667,
		0,
		0.037813,
		0.930734,
		-0.363737,
		0,
		0.081573,
		-0.448788,
		-0.424678,
		1,
	},
	[0.85] = {
		-0.054167,
		-0.362347,
		-0.930468,
		0,
		-0.997808,
		0.055125,
		0.03662,
		0,
		0.038023,
		0.930412,
		-0.364539,
		0,
		0.081471,
		-0.449172,
		-0.424292,
		1,
	},
	[0.866666666667] = {
		-0.054236,
		-0.362981,
		-0.930217,
		0,
		-0.997797,
		0.05534,
		0.036582,
		0,
		0.0382,
		0.930152,
		-0.365183,
		0,
		0.081385,
		-0.449481,
		-0.423981,
		1,
	},
	[0.883333333333] = {
		-0.054289,
		-0.363447,
		-0.930032,
		0,
		-0.997789,
		0.055505,
		0.036554,
		0,
		0.038336,
		0.92996,
		-0.365657,
		0,
		0.081319,
		-0.449709,
		-0.423751,
		1,
	},
	[0.8] = {
		-0.053892,
		-0.359557,
		-0.931566,
		0,
		-0.997849,
		0.054262,
		0.036784,
		0,
		0.037322,
		0.931544,
		-0.361708,
		0,
		0.08181,
		-0.447818,
		-0.425655,
		1,
	},
	[0.916666666667] = {
		-0.054335,
		-0.363834,
		-0.929878,
		0,
		-0.997782,
		0.055647,
		0.03653,
		0,
		0.038454,
		0.9298,
		-0.366051,
		0,
		0.081262,
		-0.449899,
		-0.423561,
		1,
	},
	[0.9] = {
		-0.054323,
		-0.363736,
		-0.929917,
		0,
		-0.997784,
		0.05561,
		0.036536,
		0,
		0.038424,
		0.929841,
		-0.365951,
		0,
		0.081277,
		-0.44985,
		-0.423609,
		1,
	},
}

return spline_matrices
