-- chunkname: @content/characters/player/human/first_person/animations/crowbar/attack_left_diagonal_down.lua

local spline_matrices = {
	[0.016666666666666666] = {
		-0.48593,
		0.553807,
		-0.676143,
		0,
		0.721444,
		-0.182523,
		-0.667985,
		0,
		-0.493347,
		-0.812393,
		-0.310848,
		0,
		0.494608,
		-0.292063,
		-0.54182,
		1,
	},
	[0.03333333333333333] = {
		-0.451581,
		0.518689,
		-0.725973,
		0,
		0.784391,
		-0.156976,
		-0.600075,
		0,
		-0.425212,
		-0.840429,
		-0.335967,
		0,
		0.517014,
		-0.313846,
		-0.462973,
		1,
	},
	[0.05] = {
		-0.422441,
		0.458244,
		-0.78202,
		0,
		0.843618,
		-0.116711,
		-0.524106,
		0,
		-0.331438,
		-0.881131,
		-0.33728,
		0,
		0.545634,
		-0.339844,
		-0.354115,
		1,
	},
	[0.06666666666666667] = {
		-0.393018,
		0.380352,
		-0.837179,
		0,
		0.892684,
		-0.06057,
		-0.446594,
		0,
		-0.220571,
		-0.922856,
		-0.315729,
		0,
		0.577226,
		-0.365458,
		-0.226399,
		1,
	},
	[0.08333333333333333] = {
		-0.360149,
		0.294945,
		-0.885043,
		0,
		0.927106,
		0.007637,
		-0.374721,
		0,
		-0.103762,
		-0.955484,
		-0.276196,
		0,
		0.608469,
		-0.386973,
		-0.091153,
		1,
	},
	[0] = {
		-0.531776,
		0.556819,
		-0.638096,
		0,
		0.661654,
		-0.197132,
		-0.723431,
		0,
		-0.52861,
		-0.806903,
		-0.263591,
		0,
		0.481546,
		-0.279447,
		-0.579932,
		1,
	},
	[0.11666666666666667] = {
		-0.285467,
		0.145663,
		-0.947254,
		0,
		0.953462,
		0.143247,
		-0.265311,
		0,
		0.097045,
		-0.978909,
		-0.179776,
		0,
		0.639938,
		-0.392229,
		0.146567,
		1,
	},
	[0.13333333333333333] = {
		-0.247878,
		0.101294,
		-0.963481,
		0,
		0.955735,
		0.188293,
		-0.226089,
		0,
		0.158515,
		-0.976875,
		-0.143484,
		0,
		0.620266,
		-0.360804,
		0.209809,
		1,
	},
	[0.15] = {
		-0.210835,
		0.087357,
		-0.973611,
		0,
		0.960412,
		0.204046,
		-0.189669,
		0,
		0.182093,
		-0.975056,
		-0.126919,
		0,
		0.607846,
		-0.333068,
		0.248747,
		1,
	},
	[0.16666666666666666] = {
		-0.165747,
		0.086675,
		-0.982352,
		0,
		0.968603,
		0.201479,
		-0.14565,
		0,
		0.185299,
		-0.97565,
		-0.117348,
		0,
		0.600721,
		-0.304361,
		0.27743,
		1,
	},
	[0.18333333333333332] = {
		-0.10448,
		0.075844,
		-0.991631,
		0,
		0.97606,
		0.199075,
		-0.087613,
		0,
		0.190764,
		-0.977045,
		-0.094827,
		0,
		0.595081,
		-0.267092,
		0.306302,
		1,
	},
	[0.1] = {
		-0.323644,
		0.213145,
		-0.921859,
		0,
		0.946159,
		0.079286,
		-0.313843,
		0,
		0.006196,
		-0.973798,
		-0.227329,
		0,
		0.636174,
		-0.401499,
		0.040432,
		1,
	},
	[0.21666666666666667] = {
		0.077898,
		0.014897,
		-0.99685,
		0,
		0.976387,
		0.200945,
		0.079302,
		0,
		0.201493,
		-0.979489,
		0.001108,
		0,
		0.585884,
		-0.141949,
		0.362563,
		1,
	},
	[0.23333333333333334] = {
		0.203435,
		-0.038916,
		-0.978315,
		0,
		0.95881,
		0.210231,
		0.191016,
		0,
		0.198239,
		-0.976877,
		0.080082,
		0,
		0.541823,
		-0.032231,
		0.342421,
		1,
	},
	[0.25] = {
		0.428459,
		-0.164585,
		-0.888445,
		0,
		0.902861,
		0.116687,
		0.413795,
		0,
		0.035565,
		-0.979436,
		0.198593,
		0,
		0.448071,
		0.168873,
		0.266563,
		1,
	},
	[0.26666666666666666] = {
		0.629783,
		-0.26589,
		-0.729846,
		0,
		0.772302,
		0.314984,
		0.551666,
		0,
		0.083207,
		-0.911091,
		0.403719,
		0,
		0.341288,
		0.420576,
		0.159637,
		1,
	},
	[0.2833333333333333] = {
		0.683163,
		-0.032055,
		-0.729562,
		0,
		0.063821,
		0.997834,
		0.015919,
		0,
		0.727472,
		-0.057437,
		0.683729,
		0,
		0.247039,
		0.607455,
		0.064177,
		1,
	},
	[0.2] = {
		-0.024186,
		0.05264,
		-0.998321,
		0,
		0.980058,
		0.198265,
		-0.013289,
		0,
		0.197233,
		-0.978734,
		-0.056386,
		0,
		0.5907,
		-0.215931,
		0.335255,
		1,
	},
	[0.31666666666666665] = {
		0.391808,
		0.152369,
		-0.907343,
		0,
		-0.879672,
		0.350982,
		-0.320919,
		0,
		0.269563,
		0.923902,
		0.271552,
		0,
		0.017545,
		0.726258,
		-0.090942,
		1,
	},
	[0.3333333333333333] = {
		0.533099,
		0.129552,
		-0.836075,
		0,
		-0.843174,
		-9.8e-05,
		-0.53764,
		0,
		-0.069735,
		0.991573,
		0.109183,
		0,
		-0.118768,
		0.666197,
		-0.178848,
		1,
	},
	[0.35] = {
		0.528821,
		0.175179,
		-0.830458,
		0,
		-0.776361,
		-0.295526,
		-0.556712,
		0,
		-0.342946,
		0.939136,
		-0.020279,
		0,
		-0.284927,
		0.594762,
		-0.281257,
		1,
	},
	[0.36666666666666664] = {
		0.487408,
		0.111189,
		-0.866066,
		0,
		-0.70384,
		-0.536972,
		-0.465048,
		0,
		-0.516761,
		0.836241,
		-0.183465,
		0,
		-0.377685,
		0.448627,
		-0.360535,
		1,
	},
	[0.38333333333333336] = {
		0.560345,
		-0.102055,
		-0.821948,
		0,
		-0.57189,
		-0.76552,
		-0.294825,
		0,
		-0.599129,
		0.635267,
		-0.487319,
		0,
		-0.46108,
		0.222346,
		-0.380908,
		1,
	},
	[0.3] = {
		0.487674,
		0.12503,
		-0.864026,
		0,
		-0.569845,
		0.795374,
		-0.206536,
		0,
		0.661401,
		0.593083,
		0.459131,
		0,
		0.132841,
		0.699304,
		-0.022337,
		1,
	},
	[0.4166666666666667] = {
		0.538953,
		-0.0263,
		-0.841925,
		0,
		-0.601414,
		-0.711836,
		-0.362755,
		0,
		-0.589772,
		0.701853,
		-0.399463,
		0,
		-0.466584,
		-0.070686,
		-0.426908,
		1,
	},
	[0.43333333333333335] = {
		0.522358,
		0.092003,
		-0.847749,
		0,
		-0.601394,
		-0.665063,
		-0.442738,
		0,
		-0.60454,
		0.741098,
		-0.292071,
		0,
		-0.468259,
		-0.142151,
		-0.437076,
		1,
	},
	[0.45] = {
		0.512335,
		0.238419,
		-0.825027,
		0,
		-0.528258,
		-0.669946,
		-0.521647,
		0,
		-0.677094,
		0.703085,
		-0.21729,
		0,
		-0.464791,
		-0.164894,
		-0.437797,
		1,
	},
	[0.4666666666666667] = {
		0.474057,
		0.427236,
		-0.769896,
		0,
		-0.409653,
		-0.666971,
		-0.622361,
		0,
		-0.779393,
		0.610425,
		-0.141164,
		0,
		-0.454905,
		-0.187315,
		-0.439784,
		1,
	},
	[0.48333333333333334] = {
		0.390787,
		0.622861,
		-0.677739,
		0,
		-0.262502,
		-0.630302,
		-0.730624,
		0,
		-0.882257,
		0.463426,
		-0.082812,
		0,
		-0.438586,
		-0.207474,
		-0.443763,
		1,
	},
	[0.4] = {
		0.565076,
		-0.108386,
		-0.817889,
		0,
		-0.564278,
		-0.773987,
		-0.287289,
		0,
		-0.601897,
		0.623856,
		-0.498521,
		0,
		-0.46262,
		0.067596,
		-0.40416,
		1,
	},
	[0.5166666666666667] = {
		0.128342,
		0.88843,
		-0.440705,
		0,
		0.006722,
		-0.445149,
		-0.895431,
		0,
		-0.991707,
		0.111959,
		-0.063103,
		0,
		-0.393079,
		-0.23253,
		-0.455676,
		1,
	},
	[0.5333333333333333] = {
		0.012158,
		0.938921,
		-0.343919,
		0,
		0.088161,
		-0.343611,
		-0.934965,
		0,
		-0.996032,
		-0.018953,
		-0.086953,
		0,
		-0.370105,
		-0.236465,
		-0.461183,
		1,
	},
	[0.55] = {
		-0.053368,
		0.957338,
		-0.283999,
		0,
		0.129985,
		-0.275325,
		-0.952523,
		0,
		-0.990079,
		-0.087749,
		-0.109746,
		0,
		-0.351211,
		-0.236343,
		-0.465296,
		1,
	},
	[0.5666666666666667] = {
		-0.076206,
		0.964731,
		-0.251964,
		0,
		0.149721,
		-0.238763,
		-0.959467,
		0,
		-0.985787,
		-0.110841,
		-0.126245,
		0,
		-0.335231,
		-0.233572,
		-0.468493,
		1,
	},
	[0.5833333333333334] = {
		-0.079989,
		0.969411,
		-0.232042,
		0,
		0.163878,
		-0.216831,
		-0.962356,
		0,
		-0.983232,
		-0.115005,
		-0.141521,
		0,
		-0.319234,
		-0.228731,
		-0.471499,
		1,
	},
	[0.5] = {
		0.266429,
		0.784552,
		-0.559906,
		0,
		-0.11462,
		-0.550991,
		-0.826602,
		0,
		-0.957015,
		0.284407,
		-0.056874,
		0,
		-0.417052,
		-0.223008,
		-0.449454,
		1,
	},
	[0.6166666666666667] = {
		-0.035243,
		0.974125,
		-0.223246,
		0,
		0.180618,
		-0.213498,
		-0.960102,
		0,
		-0.982922,
		-0.07416,
		-0.168421,
		0,
		-0.28727,
		-0.21371,
		-0.477173,
		1,
	},
	[0.6333333333333333] = {
		0.011563,
		0.972559,
		-0.232367,
		0,
		0.183581,
		-0.230498,
		-0.955599,
		0,
		-0.982937,
		-0.031609,
		-0.181208,
		0,
		-0.271377,
		-0.203783,
		-0.479922,
		1,
	},
	[0.65] = {
		0.073562,
		0.965611,
		-0.249369,
		0,
		0.18197,
		-0.258845,
		-0.948623,
		0,
		-0.980548,
		0.024405,
		-0.194754,
		0,
		-0.255633,
		-0.192336,
		-0.48263,
		1,
	},
	[0.6666666666666666] = {
		0.149533,
		0.950226,
		-0.273332,
		0,
		0.174413,
		-0.297455,
		-0.93867,
		0,
		-0.973252,
		0.09269,
		-0.210211,
		0,
		-0.240085,
		-0.179404,
		-0.485313,
		1,
	},
	[0.6833333333333333] = {
		0.237511,
		0.922894,
		-0.303076,
		0,
		0.159252,
		-0.344777,
		-0.925077,
		0,
		-0.958242,
		0.17145,
		-0.228861,
		0,
		-0.224732,
		-0.165018,
		-0.488009,
		1,
	},
	[0.6] = {
		-0.066016,
		0.972618,
		-0.222837,
		0,
		0.173986,
		-0.208683,
		-0.962383,
		0,
		-0.982533,
		-0.102303,
		-0.155446,
		0,
		-0.303236,
		-0.222059,
		-0.474377,
		1,
	},
	[0.7166666666666667] = {
		0.436072,
		0.818954,
		-0.373037,
		0,
		0.099671,
		-0.455928,
		-0.884418,
		0,
		-0.894375,
		0.348489,
		-0.280443,
		0,
		-0.19436,
		-0.132136,
		-0.493668,
		1,
	},
	[0.7333333333333333] = {
		0.536981,
		0.737995,
		-0.408674,
		0,
		0.053279,
		-0.513146,
		-0.856646,
		0,
		-0.84191,
		0.438229,
		-0.314869,
		0,
		-0.179113,
		-0.113926,
		-0.496777,
		1,
	},
	[0.75] = {
		0.631226,
		0.637843,
		-0.441261,
		0,
		-0.003879,
		-0.566325,
		-0.824173,
		0,
		-0.775589,
		0.521951,
		-0.355005,
		0,
		-0.163664,
		-0.094885,
		-0.500165,
		1,
	},
	[0.7666666666666667] = {
		0.713188,
		0.52153,
		-0.468369,
		0,
		-0.069996,
		-0.611845,
		-0.787875,
		0,
		-0.697469,
		0.594687,
		-0.399855,
		0,
		-0.147939,
		-0.0754,
		-0.503871,
		1,
	},
	[0.7833333333333333] = {
		0.778596,
		0.394233,
		-0.48823,
		0,
		-0.14212,
		-0.647029,
		-0.749103,
		0,
		-0.61122,
		0.652636,
		-0.447746,
		0,
		-0.13195,
		-0.055932,
		-0.507895,
		1,
	},
	[0.7] = {
		0.33445,
		0.880097,
		-0.337006,
		0,
		0.134789,
		-0.398594,
		-0.907168,
		0,
		-0.932724,
		0.257978,
		-0.251937,
		0,
		-0.209525,
		-0.149228,
		-0.49077,
		1,
	},
	[0.8166666666666667] = {
		0.853434,
		0.132772,
		-0.504006,
		0,
		-0.289764,
		-0.682922,
		-0.670563,
		0,
		-0.433228,
		0.718324,
		-0.544356,
		0,
		-0.099767,
		-0.018955,
		-0.51664,
		1,
	},
	[0.8333333333333334] = {
		0.865254,
		0.011043,
		-0.501212,
		0,
		-0.358354,
		-0.685535,
		-0.633739,
		0,
		-0.350597,
		0.727956,
		-0.589204,
		0,
		-0.084089,
		-0.002289,
		-0.521135,
		1,
	},
	[0.85] = {
		0.864292,
		-0.098446,
		-0.493263,
		0,
		-0.419968,
		-0.680933,
		-0.599964,
		0,
		-0.276815,
		0.725699,
		-0.629869,
		0,
		-0.06911,
		0.012725,
		-0.525528,
		1,
	},
	[0.8666666666666667] = {
		0.854675,
		-0.192995,
		-0.481959,
		0,
		-0.473062,
		-0.671949,
		-0.569823,
		0,
		-0.213879,
		0.715009,
		-0.665596,
		0,
		-0.055155,
		0.025856,
		-0.529677,
		1,
	},
	[0.8833333333333333] = {
		0.84049,
		-0.271267,
		-0.469032,
		0,
		-0.516805,
		-0.661385,
		-0.543583,
		0,
		-0.162755,
		0.699274,
		-0.69608,
		0,
		-0.042522,
		0.036922,
		-0.533456,
		1,
	},
	[0.8] = {
		0.825284,
		0.262431,
		-0.500036,
		0,
		-0.216612,
		-0.670623,
		-0.709467,
		0,
		-0.521522,
		0.693826,
		-0.496609,
		0,
		-0.115819,
		-0.036965,
		-0.512184,
		1,
	},
	[0.9166666666666666] = {
		0.812499,
		-0.377732,
		-0.444031,
		0,
		-0.574917,
		-0.645305,
		-0.503043,
		0,
		-0.09652,
		0.664003,
		-0.741474,
		0,
		-0.022208,
		0.052255,
		-0.539479,
		1,
	},
	[0.9333333333333333] = {
		0.803,
		-0.407742,
		-0.434669,
		0,
		-0.590512,
		-0.642897,
		-0.487831,
		0,
		-0.080538,
		0.648406,
		-0.757023,
		0,
		-0.015657,
		0.056203,
		-0.541421,
		1,
	},
	[0.95] = {
		0.796523,
		-0.426527,
		-0.428516,
		0,
		-0.600103,
		-0.64409,
		-0.474368,
		0,
		-0.073672,
		0.634999,
		-0.768992,
		0,
		-0.012233,
		0.057853,
		-0.542516,
		1,
	},
	[0.9666666666666667] = {
		0.792904,
		-0.436551,
		-0.425119,
		0,
		-0.604847,
		-0.648485,
		-0.462198,
		0,
		-0.07391,
		0.623611,
		-0.778233,
		0,
		-0.011364,
		0.057635,
		-0.542904,
		1,
	},
	[0.9833333333333333] = {
		0.791671,
		-0.43993,
		-0.423932,
		0,
		-0.605753,
		-0.655512,
		-0.450963,
		0,
		-0.0795,
		0.613812,
		-0.785439,
		0,
		-0.012474,
		0.055962,
		-0.542731,
		1,
	},
	[0.9] = {
		0.825405,
		-0.332842,
		-0.455985,
		0,
		-0.550826,
		-0.651779,
		-0.521321,
		0,
		-0.123684,
		0.681469,
		-0.72132,
		0,
		-0.031468,
		0.045772,
		-0.536754,
		1,
	},
	[1.0166666666666666] = {
		0.793775,
		-0.434346,
		-0.425752,
		0,
		-0.59986,
		-0.674682,
		-0.430083,
		0,
		-0.100443,
		0.596781,
		-0.796093,
		0,
		-0.018349,
		0.049885,
		-0.541282,
		1,
	},
	[1.0333333333333334] = {
		0.795695,
		-0.429075,
		-0.427509,
		0,
		-0.595092,
		-0.685299,
		-0.419798,
		0,
		-0.112846,
		0.588439,
		-0.800628,
		0,
		-0.022006,
		0.046308,
		-0.540296,
		1,
	},
	[1.05] = {
		0.79728,
		-0.424671,
		-0.428951,
		0,
		-0.590611,
		-0.695536,
		-0.409157,
		0,
		-0.124593,
		0.579555,
		-0.805352,
		0,
		-0.025402,
		0.04294,
		-0.539326,
		1,
	},
	[1.0666666666666667] = {
		0.797869,
		-0.423092,
		-0.429417,
		0,
		-0.587689,
		-0.704566,
		-0.397754,
		0,
		-0.134265,
		0.569719,
		-0.810798,
		0,
		-0.028002,
		0.040217,
		-0.538512,
		1,
	},
	[1.0833333333333333] = {
		0.796795,
		-0.426339,
		-0.428198,
		0,
		-0.587684,
		-0.711573,
		-0.385085,
		0,
		-0.140517,
		0.558479,
		-0.817531,
		0,
		-0.029281,
		0.038534,
		-0.537994,
		1,
	},
	{
		0.792194,
		-0.438581,
		-0.424353,
		0,
		-0.603767,
		-0.664493,
		-0.440358,
		0,
		-0.088847,
		0.605059,
		-0.791208,
		0,
		-0.014992,
		0.053242,
		-0.542142,
		1,
	},
	[1.1] = {
		0.794616,
		-0.432807,
		-0.42575,
		0,
		-0.589645,
		-0.717187,
		-0.371433,
		0,
		-0.144583,
		0.546188,
		-0.825091,
		0,
		-0.029688,
		0.037533,
		-0.537658,
		1,
	},
}

return spline_matrices
