-- chunkname: @content/characters/player/human/first_person/animations/crowbar/attack_down_sticky.lua

local spline_matrices = {
	[0.016666666666666666] = {
		-0.807306,
		0.194267,
		0.55724,
		0,
		-0.112635,
		-0.977628,
		0.177643,
		0,
		0.579284,
		0.080647,
		0.811126,
		0,
		0.379916,
		0.042724,
		-0.315561,
		1,
	},
	[0.03333333333333333] = {
		-0.917646,
		0.147829,
		0.368881,
		0,
		-0.286872,
		-0.888778,
		-0.357459,
		0,
		0.275011,
		-0.433843,
		0.857992,
		0,
		0.331141,
		0.069393,
		-0.232863,
		1,
	},
	[0.05] = {
		-0.949597,
		0.184361,
		0.25353,
		0,
		-0.297587,
		-0.275964,
		-0.91394,
		0,
		-0.09853,
		-0.943321,
		0.316918,
		0,
		0.316463,
		0.06133,
		-0.178915,
		1,
	},
	[0.06666666666666667] = {
		-0.956806,
		0.178392,
		0.22956,
		0,
		-0.131743,
		0.437836,
		-0.88935,
		0,
		-0.259162,
		-0.881179,
		-0.395422,
		0,
		0.291611,
		0.043903,
		-0.18687,
		1,
	},
	[0.08333333333333333] = {
		-0.965544,
		0.090775,
		0.243895,
		0,
		-0.138387,
		0.614604,
		-0.776602,
		0,
		-0.220395,
		-0.783595,
		-0.580865,
		0,
		0.27954,
		0.066542,
		-0.180435,
		1,
	},
	[0] = {
		-0.634908,
		0.377962,
		0.673822,
		0,
		0.160243,
		-0.788773,
		0.59343,
		0,
		0.755787,
		0.484749,
		0.440233,
		0,
		0.411243,
		0.011508,
		-0.366043,
		1,
	},
	[0.11666666666666667] = {
		-0.964236,
		-0.07437,
		0.254397,
		0,
		-0.256529,
		0.503221,
		-0.825204,
		0,
		-0.066648,
		-0.860952,
		-0.504302,
		0,
		0.27133,
		0.146536,
		0.030895,
		1,
	},
	[0.13333333333333333] = {
		-0.970923,
		-0.073234,
		0.227915,
		0,
		-0.239281,
		0.267965,
		-0.933241,
		0,
		0.007272,
		-0.960641,
		-0.277696,
		0,
		0.266331,
		0.195813,
		0.107515,
		1,
	},
	[0.15] = {
		-0.975813,
		-0.073135,
		0.206009,
		0,
		-0.204519,
		-0.027384,
		-0.978479,
		0,
		0.077203,
		-0.996946,
		0.011764,
		0,
		0.259424,
		0.249559,
		0.164394,
		1,
	},
	[0.16666666666666666] = {
		-0.975013,
		-0.114916,
		0.190117,
		0,
		-0.165305,
		-0.196416,
		-0.966486,
		0,
		0.148406,
		-0.973763,
		0.172512,
		0,
		0.249266,
		0.298585,
		0.192016,
		1,
	},
	[0.18333333333333332] = {
		-0.968697,
		-0.16041,
		0.189458,
		0,
		-0.130961,
		-0.318131,
		-0.938958,
		0,
		0.210891,
		-0.934378,
		0.287165,
		0,
		0.232762,
		0.345291,
		0.202832,
		1,
	},
	[0.1] = {
		-0.965367,
		-0.013475,
		0.260546,
		0,
		-0.215761,
		0.602678,
		-0.768262,
		0,
		-0.146673,
		-0.797871,
		-0.584713,
		0,
		0.274102,
		0.103016,
		-0.088083,
		1,
	},
	[0.21666666666666667] = {
		-0.951499,
		-0.205899,
		0.228595,
		0,
		-0.122942,
		-0.42665,
		-0.896022,
		0,
		0.28202,
		-0.880667,
		0.380643,
		0,
		0.19282,
		0.434293,
		0.195528,
		1,
	},
	[0.23333333333333334] = {
		-0.943191,
		-0.203902,
		0.262327,
		0,
		-0.099297,
		-0.580466,
		-0.808208,
		0,
		0.317067,
		-0.788342,
		0.527243,
		0,
		0.159916,
		0.498793,
		0.181145,
		1,
	},
	[0.25] = {
		-0.93905,
		-0.145977,
		0.311248,
		0,
		-0.010403,
		-0.89289,
		-0.450156,
		0,
		0.343622,
		-0.425957,
		0.83695,
		0,
		0.118386,
		0.586037,
		0.140204,
		1,
	},
	[0.26666666666666666] = {
		-0.948492,
		-0.069252,
		0.30914,
		0,
		0.096994,
		-0.992434,
		0.075275,
		0,
		0.301588,
		0.101382,
		0.948033,
		0,
		0.071316,
		0.666412,
		0.064075,
		1,
	},
	[0.2833333333333333] = {
		-0.965351,
		-0.064847,
		0.25277,
		0,
		0.178378,
		-0.870978,
		0.457798,
		0,
		0.190471,
		0.487024,
		0.852366,
		0,
		0.033749,
		0.720913,
		-0.042242,
		1,
	},
	[0.2] = {
		-0.960501,
		-0.188269,
		0.204923,
		0,
		-0.120992,
		-0.380614,
		-0.916785,
		0,
		0.250598,
		-0.905366,
		0.342801,
		0,
		0.213913,
		0.389249,
		0.201681,
		1,
	},
	[0.31666666666666665] = {
		-0.989326,
		-0.068924,
		0.128391,
		0,
		0.145198,
		-0.391652,
		0.908585,
		0,
		-0.012338,
		0.917528,
		0.397479,
		0,
		-0.024529,
		0.706928,
		-0.425401,
		1,
	},
	[0.3333333333333333] = {
		-0.995835,
		-0.063975,
		0.06496,
		0,
		0.073945,
		-0.149906,
		0.985931,
		0,
		-0.053337,
		0.986628,
		0.154012,
		0,
		-0.021245,
		0.646696,
		-0.519316,
		1,
	},
	[0.35] = {
		-0.993646,
		-0.108876,
		0.02852,
		0,
		0.019546,
		0.082613,
		0.99639,
		0,
		-0.110839,
		0.990617,
		-0.079959,
		0,
		-0.019658,
		0.563498,
		-0.593101,
		1,
	},
	[0.36666666666666664] = {
		-0.983541,
		-0.179295,
		0.022369,
		0,
		-0.035907,
		0.315285,
		0.948317,
		0,
		-0.177081,
		0.931906,
		-0.316534,
		0,
		-0.022807,
		0.457152,
		-0.665845,
		1,
	},
	[0.38333333333333336] = {
		-0.96943,
		-0.244402,
		0.021727,
		0,
		-0.105723,
		0.495974,
		0.861878,
		0,
		-0.221421,
		0.833233,
		-0.506651,
		0,
		-0.013538,
		0.360317,
		-0.716594,
		1,
	},
	[0.3] = {
		-0.978004,
		-0.085484,
		0.190266,
		0,
		0.199947,
		-0.644021,
		0.738416,
		0,
		0.059412,
		0.760216,
		0.646948,
		0,
		-0.01429,
		0.738312,
		-0.285025,
		1,
	},
	[0.4166666666666667] = {
		-0.959042,
		-0.283013,
		0.011892,
		0,
		-0.180872,
		0.644147,
		0.743209,
		0,
		-0.217998,
		0.710619,
		-0.668953,
		0,
		0.0146,
		0.281437,
		-0.728709,
		1,
	},
	[0.43333333333333335] = {
		-0.962824,
		-0.269969,
		0.009276,
		0,
		-0.18248,
		0.675353,
		0.714563,
		0,
		-0.199174,
		0.686306,
		-0.69951,
		0,
		0.029422,
		0.257671,
		-0.724368,
		1,
	},
	[0.45] = {
		-0.972259,
		-0.232994,
		0.020659,
		0,
		-0.152137,
		0.696986,
		0.70076,
		0,
		-0.177672,
		0.678177,
		-0.713098,
		0,
		0.04375,
		0.232247,
		-0.718825,
		1,
	},
	[0.4666666666666667] = {
		-0.983452,
		-0.176317,
		0.041634,
		0,
		-0.097437,
		0.708516,
		0.698935,
		0,
		-0.152733,
		0.683313,
		-0.713972,
		0,
		0.057968,
		0.205359,
		-0.712541,
		1,
	},
	[0.48333333333333334] = {
		-0.991996,
		-0.105369,
		0.069574,
		0,
		-0.025473,
		0.706687,
		0.707067,
		0,
		-0.12367,
		0.699636,
		-0.703715,
		0,
		0.071895,
		0.178593,
		-0.705664,
		1,
	},
	[0.4] = {
		-0.960388,
		-0.277888,
		0.020808,
		0,
		-0.155247,
		0.595556,
		0.78817,
		0,
		-0.231415,
		0.753719,
		-0.615106,
		0,
		-0.000208,
		0.306604,
		-0.732089,
		1,
	},
	[0.5166666666666667] = {
		-0.988505,
		0.053725,
		0.141321,
		0,
		0.1416,
		0.656575,
		0.74085,
		0,
		-0.052985,
		0.752345,
		-0.656635,
		0,
		0.097308,
		0.12762,
		-0.692581,
		1,
	},
	[0.5333333333333333] = {
		-0.97493,
		0.128724,
		0.181497,
		0,
		0.222154,
		0.609296,
		0.761187,
		0,
		-0.012602,
		0.782425,
		-0.622617,
		0,
		0.108326,
		0.104688,
		-0.687502,
		1,
	},
	[0.55] = {
		-0.956031,
		0.193362,
		0.220489,
		0,
		0.291776,
		0.551493,
		0.781487,
		0,
		0.029512,
		0.811459,
		-0.583663,
		0,
		0.118103,
		0.084285,
		-0.683946,
		1,
	},
	[0.5666666666666667] = {
		-0.935902,
		0.24428,
		0.253802,
		0,
		0.344851,
		0.488357,
		0.801614,
		0,
		0.071872,
		0.837756,
		-0.541295,
		0,
		0.126726,
		0.067285,
		-0.682019,
		1,
	},
	[0.5833333333333334] = {
		-0.919434,
		0.280255,
		0.27586,
		0,
		0.376659,
		0.426039,
		0.822568,
		0,
		0.113002,
		0.860202,
		-0.497275,
		0,
		0.134435,
		0.054619,
		-0.681602,
		1,
	},
	[0.5] = {
		-0.9943,
		-0.026442,
		0.103285,
		0,
		0.056662,
		0.689565,
		0.722004,
		0,
		-0.090313,
		0.723741,
		-0.684137,
		0,
		0.085103,
		0.152464,
		-0.698813,
		1,
	},
	[0.6166666666666667] = {
		-0.889738,
		0.33588,
		0.309115,
		0,
		0.415469,
		0.315367,
		0.853188,
		0,
		0.189084,
		0.887541,
		-0.420142,
		0,
		0.146326,
		0.037478,
		-0.680461,
		1,
	},
	[0.6333333333333333] = {
		-0.872476,
		0.362602,
		0.327575,
		0,
		0.43531,
		0.272165,
		0.858156,
		0,
		0.222014,
		0.891317,
		-0.395302,
		0,
		0.149747,
		0.031136,
		-0.678485,
		1,
	},
	[0.65] = {
		-0.853933,
		0.389051,
		0.345597,
		0,
		0.456673,
		0.24185,
		0.85613,
		0,
		0.249496,
		0.888903,
		-0.384193,
		0,
		0.151114,
		0.026101,
		-0.675452,
		1,
	},
	[0.6666666666666666] = {
		-0.834372,
		0.415891,
		0.361744,
		0,
		0.480662,
		0.227755,
		0.846813,
		0,
		0.269793,
		0.880433,
		-0.389935,
		0,
		0.150142,
		0.022259,
		-0.671268,
		1,
	},
	[0.6833333333333333] = {
		-0.812621,
		0.443872,
		0.377655,
		0,
		0.50911,
		0.225285,
		0.830695,
		0,
		0.283643,
		0.867309,
		-0.409051,
		0,
		0.146138,
		0.018936,
		-0.665612,
		1,
	},
	[0.6] = {
		-0.905467,
		0.308477,
		0.291499,
		0,
		0.396162,
		0.367893,
		0.841256,
		0,
		0.152267,
		0.87721,
		-0.455321,
		0,
		0.141132,
		0.045259,
		-0.681464,
		1,
	},
	[0.7166666666666667] = {
		-0.758295,
		0.503705,
		0.413847,
		0,
		0.580129,
		0.231799,
		0.780846,
		0,
		0.297387,
		0.832196,
		-0.467986,
		0,
		0.129056,
		0.012293,
		-0.649775,
		1,
	},
	[0.7333333333333333] = {
		-0.725736,
		0.53532,
		0.432133,
		0,
		0.620678,
		0.238524,
		0.746904,
		0,
		0.296759,
		0.810271,
		-0.505367,
		0,
		0.117035,
		0.009167,
		-0.640019,
		1,
	},
	[0.75] = {
		-0.689748,
		0.567809,
		0.449267,
		0,
		0.663058,
		0.24608,
		0.706964,
		0,
		0.290865,
		0.785517,
		-0.546224,
		0,
		0.103409,
		0.006292,
		-0.629336,
		1,
	},
	[0.7666666666666667] = {
		-0.650605,
		0.600884,
		0.464383,
		0,
		0.706048,
		0.253424,
		0.661266,
		0,
		0.279658,
		0.7581,
		-0.589132,
		0,
		0.088717,
		0.00375,
		-0.617968,
		1,
	},
	[0.7833333333333333] = {
		-0.608711,
		0.634186,
		0.476738,
		0,
		0.748438,
		0.259605,
		0.610284,
		0,
		0.26327,
		0.728295,
		-0.632673,
		0,
		0.073493,
		0.00161,
		-0.606175,
		1,
	},
	[0.7] = {
		-0.787272,
		0.473175,
		0.395357,
		0,
		0.542581,
		0.227009,
		0.808747,
		0,
		0.292929,
		0.851218,
		-0.435454,
		0,
		0.138935,
		0.015582,
		-0.658378,
		1,
	},
	[0.8166666666666667] = {
		-0.518817,
		0.699787,
		0.491047,
		0,
		0.827013,
		0.265369,
		0.495609,
		0,
		0.216512,
		0.663233,
		-0.716411,
		0,
		0.043537,
		-0.001274,
		-0.582415,
		1,
	},
	[0.8333333333333334] = {
		-0.472067,
		0.731196,
		0.492448,
		0,
		0.861407,
		0.263828,
		0.434019,
		0,
		0.187431,
		0.629085,
		-0.754402,
		0,
		0.02981,
		-0.001964,
		-0.57103,
		1,
	},
	[0.85] = {
		-0.424983,
		0.761111,
		0.49,
		0,
		0.891711,
		0.258902,
		0.371243,
		0,
		0.155695,
		0.594711,
		-0.788719,
		0,
		0.017555,
		-0.002146,
		-0.560369,
		1,
	},
	[0.8666666666666667] = {
		-0.378174,
		0.789167,
		0.483942,
		0,
		0.917619,
		0.250487,
		0.308597,
		0,
		0.122313,
		0.560778,
		-0.818882,
		0,
		0.007228,
		-0.001833,
		-0.550729,
		1,
	},
	[0.8833333333333333] = {
		-0.33217,
		0.815072,
		0.47468,
		0,
		0.939072,
		0.238637,
		0.247377,
		0,
		0.088353,
		0.52793,
		-0.84468,
		0,
		-0.000736,
		-0.001049,
		-0.542394,
		1,
	},
	[0.8] = {
		-0.564581,
		0.667302,
		0.485753,
		0,
		0.789091,
		0.263804,
		0.554745,
		0,
		0.242039,
		0.696503,
		-0.675501,
		0,
		0.058263,
		-7.7e-05,
		-0.594228,
		1,
	},
	[0.9166666666666666] = {
		-0.244137,
		0.859653,
		0.44877,
		0,
		0.969468,
		0.20538,
		0.133983,
		0,
		0.023011,
		0.467778,
		-0.883546,
		0,
		-0.0079,
		0.001811,
		-0.530736,
		1,
	},
	[0.9] = {
		-0.287392,
		0.838612,
		0.462748,
		0,
		0.956238,
		0.223521,
		0.188803,
		0,
		0.054899,
		0.496758,
		-0.866151,
		0,
		-0.005915,
		0.000176,
		-0.535642,
		1,
	},
}

return spline_matrices
