-- chunkname: @content/characters/player/human/first_person/animations/crowbar/heavy_attack_right_diagonal_down.lua

local spline_matrices = {
	[0.016666666666666666] = {
		0.702977,
		0.088147,
		0.705729,
		0,
		-0.616529,
		0.570216,
		0.542904,
		0,
		-0.354562,
		-0.816752,
		0.455194,
		0,
		-0.266393,
		0.286329,
		0.019543,
		1,
	},
	[0.03333333333333333] = {
		0.683038,
		0.067016,
		0.727302,
		0,
		-0.579172,
		0.656386,
		0.483443,
		0,
		-0.444993,
		-0.751443,
		0.48715,
		0,
		-0.263222,
		0.309616,
		0.014867,
		1,
	},
	[0.05] = {
		0.667088,
		0.041786,
		0.743806,
		0,
		-0.525386,
		0.734244,
		0.429948,
		0,
		-0.528169,
		-0.677598,
		0.511759,
		0,
		-0.260577,
		0.335016,
		0.012379,
		1,
	},
	[0.06666666666666667] = {
		0.662333,
		0.031307,
		0.748555,
		0,
		-0.483164,
		0.781449,
		0.394828,
		0,
		-0.572597,
		-0.623183,
		0.532706,
		0,
		-0.260269,
		0.352943,
		0.013697,
		1,
	},
	[0.08333333333333333] = {
		0.690281,
		0.052136,
		0.721661,
		0,
		-0.476477,
		0.783349,
		0.399166,
		0,
		-0.544502,
		-0.619391,
		0.565573,
		0,
		-0.259974,
		0.364508,
		0.016713,
		1,
	},
	[0] = {
		0.72539,
		0.084283,
		0.683158,
		0,
		-0.621653,
		0.506367,
		0.597612,
		0,
		-0.295561,
		-0.858189,
		0.419709,
		0,
		-0.268854,
		0.275617,
		0.024802,
		1,
	},
	[0.11666666666666667] = {
		0.639606,
		-0.000748,
		0.768703,
		0,
		-0.43544,
		0.823736,
		0.363114,
		0,
		-0.633479,
		-0.566974,
		0.52654,
		0,
		-0.229102,
		0.406353,
		0.014869,
		1,
	},
	[0.13333333333333333] = {
		0.548184,
		-0.078695,
		0.832647,
		0,
		-0.36114,
		0.875695,
		0.320525,
		0,
		-0.754369,
		-0.476408,
		0.451622,
		0,
		-0.198389,
		0.434119,
		0.009753,
		1,
	},
	[0.15] = {
		0.507898,
		-0.253564,
		0.823253,
		0,
		-0.197899,
		0.895787,
		0.397996,
		0,
		-0.838377,
		-0.365062,
		0.404789,
		0,
		-0.170369,
		0.45373,
		0.009203,
		1,
	},
	[0.16666666666666666] = {
		0.428102,
		-0.282451,
		0.858458,
		0,
		-0.046701,
		0.941722,
		0.333135,
		0,
		-0.902523,
		-0.182707,
		0.389962,
		0,
		-0.126416,
		0.476426,
		-0.008453,
		1,
	},
	[0.18333333333333332] = {
		0.371838,
		-0.158155,
		0.914726,
		0,
		0.585323,
		0.804759,
		-0.098794,
		0,
		-0.720509,
		0.572146,
		0.391812,
		0,
		0.025162,
		0.515443,
		-0.085002,
		1,
	},
	[0.1] = {
		0.705105,
		0.055398,
		0.706935,
		0,
		-0.468663,
		0.784567,
		0.405968,
		0,
		-0.532148,
		-0.617564,
		0.579165,
		0,
		-0.251664,
		0.380267,
		0.017749,
		1,
	},
	[0.21666666666666667] = {
		0.325426,
		-0.039409,
		0.944746,
		0,
		0.915478,
		0.263177,
		-0.304366,
		0,
		-0.236641,
		0.963942,
		0.121722,
		0,
		0.262175,
		0.514263,
		-0.154772,
		1,
	},
	[0.23333333333333334] = {
		0.345472,
		-0.008658,
		0.938389,
		0,
		0.937235,
		0.053608,
		-0.344553,
		0,
		-0.047322,
		0.998525,
		0.026635,
		0,
		0.357414,
		0.462636,
		-0.182236,
		1,
	},
	[0.25] = {
		0.442029,
		-0.104379,
		0.890907,
		0,
		0.725591,
		-0.542333,
		-0.423547,
		0,
		0.527378,
		0.833654,
		-0.163991,
		0,
		0.408312,
		0.400312,
		-0.184466,
		1,
	},
	[0.26666666666666666] = {
		0.395951,
		-0.334887,
		0.855028,
		0,
		0.241512,
		-0.860368,
		-0.448819,
		0,
		0.885943,
		0.38421,
		-0.259784,
		0,
		0.449105,
		0.340294,
		-0.18582,
		1,
	},
	[0.2833333333333333] = {
		0.316472,
		-0.424336,
		0.848401,
		0,
		0.087647,
		-0.877464,
		-0.471567,
		0,
		0.944544,
		0.223597,
		-0.240501,
		0,
		0.520383,
		0.228552,
		-0.205475,
		1,
	},
	[0.2] = {
		0.361112,
		-0.069581,
		0.929923,
		0,
		0.835088,
		0.46792,
		-0.289274,
		0,
		-0.415001,
		0.881028,
		0.227078,
		0,
		0.146141,
		0.548983,
		-0.12016,
		1,
	},
	[0.31666666666666665] = {
		0.197877,
		-0.256236,
		0.946144,
		0,
		0.210687,
		-0.931552,
		-0.296348,
		0,
		0.957317,
		0.257981,
		-0.130347,
		0,
		0.61177,
		-0.03893,
		-0.245491,
		1,
	},
	[0.3333333333333333] = {
		0.181621,
		-0.215315,
		0.959507,
		0,
		0.263592,
		-0.929368,
		-0.258446,
		0,
		0.947382,
		0.299857,
		-0.112038,
		0,
		0.608758,
		-0.082465,
		-0.258537,
		1,
	},
	[0.35] = {
		0.188828,
		-0.216423,
		0.957865,
		0,
		0.259527,
		-0.929734,
		-0.261228,
		0,
		0.947095,
		0.297919,
		-0.119393,
		0,
		0.606017,
		-0.081846,
		-0.273301,
		1,
	},
	[0.36666666666666664] = {
		0.207439,
		-0.220431,
		0.953089,
		0,
		0.247148,
		-0.930866,
		-0.269083,
		0,
		0.946513,
		0.291372,
		-0.138619,
		0,
		0.601588,
		-0.081725,
		-0.288966,
		1,
	},
	[0.38333333333333336] = {
		0.235484,
		-0.227143,
		0.944962,
		0,
		0.227517,
		-0.932403,
		-0.280821,
		0,
		0.944872,
		0.281123,
		-0.167887,
		0,
		0.595532,
		-0.081986,
		-0.305448,
		1,
	},
	[0.3] = {
		0.241221,
		-0.343357,
		0.907699,
		0,
		0.120376,
		-0.91751,
		-0.379058,
		0,
		0.962976,
		0.200702,
		-0.179991,
		0,
		0.601937,
		0.082612,
		-0.229573,
		1,
	},
	[0.4166666666666667] = {
		0.311462,
		-0.248077,
		0.917305,
		0,
		0.170436,
		-0.935085,
		-0.310755,
		0,
		0.934849,
		0.25313,
		-0.248962,
		0,
		0.579736,
		-0.083514,
		-0.34056,
		1,
	},
	[0.43333333333333335] = {
		0.355047,
		-0.261864,
		0.897423,
		0,
		0.135192,
		-0.935493,
		-0.326458,
		0,
		0.925021,
		0.237233,
		-0.296743,
		0,
		0.570417,
		-0.084709,
		-0.358901,
		1,
	},
	[0.45] = {
		0.399525,
		-0.277384,
		0.873749,
		0,
		0.097243,
		-0.934922,
		-0.341269,
		0,
		0.91155,
		0.221312,
		-0.346551,
		0,
		0.559711,
		-0.086001,
		-0.377184,
		1,
	},
	[0.4666666666666667] = {
		0.442954,
		-0.294119,
		0.846927,
		0,
		0.058107,
		-0.933253,
		-0.354489,
		0,
		0.894659,
		0.206235,
		-0.396298,
		0,
		0.54816,
		-0.087368,
		-0.395134,
		1,
	},
	[0.48333333333333334] = {
		0.483663,
		-0.311432,
		0.817973,
		0,
		0.019402,
		-0.93051,
		-0.365752,
		0,
		0.875039,
		0.192771,
		-0.444011,
		0,
		0.536143,
		-0.088742,
		-0.412339,
		1,
	},
	[0.4] = {
		0.270881,
		-0.236414,
		0.93313,
		0,
		0.201608,
		-0.93394,
		-0.295145,
		0,
		0.941264,
		0.268076,
		-0.205324,
		0,
		0.58812,
		-0.082582,
		-0.322671,
		1,
	},
	[0.5166666666666667] = {
		0.551932,
		-0.344618,
		0.759348,
		0,
		-0.050153,
		-0.92268,
		-0.38229,
		0,
		0.83238,
		0.172914,
		-0.52654,
		0,
		0.503391,
		-0.08949,
		-0.436996,
		1,
	},
	[0.5333333333333333] = {
		0.577848,
		-0.358914,
		0.732989,
		0,
		-0.077822,
		-0.91825,
		-0.388278,
		0,
		0.812426,
		0.167323,
		-0.55854,
		0,
		0.486623,
		-0.089203,
		-0.444362,
		1,
	},
	[0.55] = {
		0.600108,
		-0.372134,
		0.708087,
		0,
		-0.10218,
		-0.913608,
		-0.393548,
		0,
		0.793366,
		0.163819,
		-0.586288,
		0,
		0.471388,
		-0.088946,
		-0.450683,
		1,
	},
	[0.5666666666666667] = {
		0.621132,
		-0.385443,
		0.68237,
		0,
		-0.126211,
		-0.908528,
		-0.398306,
		0,
		0.773476,
		0.161278,
		-0.612963,
		0,
		0.45567,
		-0.088604,
		-0.456868,
		1,
	},
	[0.5833333333333334] = {
		0.640981,
		-0.398793,
		0.655826,
		0,
		-0.149948,
		-0.90303,
		-0.402557,
		0,
		0.752768,
		0.159692,
		-0.638623,
		0,
		0.439488,
		-0.088178,
		-0.462961,
		1,
	},
	[0.5] = {
		0.520316,
		-0.32854,
		0.788247,
		0,
		-0.017225,
		-0.926884,
		-0.374953,
		0,
		0.8538,
		0.181517,
		-0.487931,
		0,
		0.523174,
		-0.089903,
		-0.427794,
		1,
	},
	[0.6166666666666667] = {
		0.6771,
		-0.425429,
		0.600455,
		0,
		-0.19651,
		-0.890855,
		-0.409586,
		0,
		0.709168,
		0.159335,
		-0.686799,
		0,
		0.405997,
		-0.087067,
		-0.47484,
		1,
	},
	[0.6333333333333333] = {
		0.693356,
		-0.438624,
		0.571722,
		0,
		-0.219324,
		-0.884216,
		-0.412383,
		0,
		0.686407,
		0.160536,
		-0.709277,
		0,
		0.388817,
		-0.086383,
		-0.48061,
		1,
	},
	[0.65] = {
		0.708405,
		-0.451679,
		0.542355,
		0,
		-0.241819,
		-0.877233,
		-0.414713,
		0,
		0.663088,
		0.162632,
		-0.73066,
		0,
		0.371435,
		-0.085611,
		-0.486258,
		1,
	},
	[0.6666666666666666] = {
		0.722248,
		-0.464549,
		0.512399,
		0,
		-0.263991,
		-0.869925,
		-0.416581,
		0,
		0.639271,
		0.165606,
		-0.750938,
		0,
		0.353916,
		-0.084754,
		-0.491776,
		1,
	},
	[0.6833333333333333] = {
		0.734887,
		-0.477194,
		0.481899,
		0,
		-0.285837,
		-0.86231,
		-0.417994,
		0,
		0.615011,
		0.169434,
		-0.7701,
		0,
		0.336325,
		-0.08381,
		-0.497154,
		1,
	},
	[0.6] = {
		0.65964,
		-0.412137,
		0.628505,
		0,
		-0.173383,
		-0.897133,
		-0.406314,
		0,
		0.73131,
		0.159049,
		-0.663242,
		0,
		0.422909,
		-0.087665,
		-0.468954,
		1,
	},
	[0.7166666666666667] = {
		0.756583,
		-0.501644,
		0.419447,
		0,
		-0.328534,
		-0.846234,
		-0.419469,
		0,
		0.565374,
		0.17956,
		-0.805053,
		0,
		0.301184,
		-0.081668,
		-0.507463,
		1,
	},
	[0.7333333333333333] = {
		0.765658,
		-0.513372,
		0.38758,
		0,
		-0.349379,
		-0.83781,
		-0.419535,
		0,
		0.540095,
		0.185808,
		-0.820836,
		0,
		0.283765,
		-0.080473,
		-0.512376,
		1,
	},
	[0.75] = {
		0.773565,
		-0.524718,
		0.355342,
		0,
		-0.369883,
		-0.829154,
		-0.419154,
		0,
		0.514571,
		0.192808,
		-0.835489,
		0,
		0.266532,
		-0.079196,
		-0.517117,
		1,
	},
	[0.7666666666666667] = {
		0.78032,
		-0.535647,
		0.322773,
		0,
		-0.390044,
		-0.820286,
		-0.418327,
		0,
		0.488841,
		0.200533,
		-0.849011,
		0,
		0.24955,
		-0.077841,
		-0.521676,
		1,
	},
	[0.7833333333333333] = {
		0.785937,
		-0.546126,
		0.289912,
		0,
		-0.409859,
		-0.811225,
		-0.41705,
		0,
		0.462946,
		0.208952,
		-0.861406,
		0,
		0.232884,
		-0.076411,
		-0.526043,
		1,
	},
	[0.7] = {
		0.746329,
		-0.489572,
		0.450901,
		0,
		-0.307352,
		-0.854407,
		-0.418956,
		0,
		0.590362,
		0.174094,
		-0.78814,
		0,
		0.318726,
		-0.082781,
		-0.502386,
		1,
	},
	[0.8166666666666667] = {
		0.822876,
		-0.511365,
		0.247751,
		0,
		-0.378119,
		-0.818248,
		-0.433009,
		0,
		0.424147,
		0.262634,
		-0.866673,
		0,
		0.209005,
		-0.06165,
		-0.540466,
		1,
	},
	[0.8333333333333334] = {
		0.843243,
		-0.486897,
		0.227755,
		0,
		-0.354536,
		-0.822258,
		-0.445192,
		0,
		0.404036,
		0.294658,
		-0.865986,
		0,
		0.198208,
		-0.052756,
		-0.548359,
		1,
	},
	[0.85] = {
		0.864221,
		-0.458102,
		0.207999,
		0,
		-0.326757,
		-0.825436,
		-0.460309,
		0,
		0.382559,
		0.329844,
		-0.863048,
		0,
		0.188077,
		-0.042944,
		-0.556649,
		1,
	},
	[0.8666666666666667] = {
		0.885296,
		-0.425233,
		0.188223,
		0,
		-0.295511,
		-0.826959,
		-0.478343,
		0,
		0.35906,
		0.367853,
		-0.857764,
		0,
		0.178542,
		-0.032281,
		-0.565287,
		1,
	},
	[0.8833333333333333] = {
		0.90593,
		-0.38856,
		0.168262,
		0,
		-0.261606,
		-0.826086,
		-0.499144,
		0,
		0.332947,
		0.408171,
		-0.850025,
		0,
		0.169532,
		-0.02088,
		-0.574221,
		1,
	},
	[0.8] = {
		0.803627,
		-0.531204,
		0.26834,
		0,
		-0.396784,
		-0.814289,
		-0.42367,
		0,
		0.443561,
		0.234,
		-0.865157,
		0,
		0.220538,
		-0.069566,
		-0.533013,
		1,
	},
	[0.9166666666666666] = {
		0.943752,
		-0.305135,
		0.127377,
		0,
		-0.189418,
		-0.814664,
		-0.548127,
		0,
		0.271022,
		0.493168,
		-0.826639,
		0,
		0.152806,
		0.003675,
		-0.592779,
		1,
	},
	[0.9333333333333333] = {
		0.959953,
		-0.259188,
		0.106357,
		0,
		-0.153081,
		-0.803201,
		-0.575703,
		0,
		0.234642,
		0.536367,
		-0.810712,
		0,
		0.144946,
		0.016594,
		-0.60231,
		1,
	},
	[0.95] = {
		0.973778,
		-0.211049,
		0.084944,
		0,
		-0.11793,
		-0.787564,
		-0.604843,
		0,
		0.194551,
		0.578965,
		-0.791801,
		0,
		0.137325,
		0.029777,
		-0.611951,
		1,
	},
	[0.9666666666666667] = {
		0.984891,
		-0.161256,
		0.063144,
		0,
		-0.084981,
		-0.767728,
		-0.635116,
		0,
		0.150894,
		0.620153,
		-0.769832,
		0,
		0.129863,
		0.0431,
		-0.621665,
		1,
	},
	[0.9833333333333333] = {
		0.993043,
		-0.110387,
		0.040983,
		0,
		-0.055199,
		-0.743856,
		-0.666057,
		0,
		0.104009,
		0.659161,
		-0.744774,
		0,
		0.122479,
		0.056435,
		-0.631416,
		1,
	},
	[0.9] = {
		0.925587,
		-0.348403,
		0.148004,
		0,
		-0.225925,
		-0.822165,
		-0.522497,
		0,
		0.303723,
		0.450178,
		-0.839698,
		0,
		0.160978,
		-0.008856,
		-0.583401,
		1,
	},
	[1.0166666666666666] = {
		0.999959,
		-0.008011,
		-0.004318,
		0,
		-0.008635,
		-0.685405,
		-0.72811,
		0,
		0.002873,
		0.728118,
		-0.685446,
		0,
		0.107636,
		0.082728,
		-0.650892,
		1,
	},
	[1.0333333333333334] = {
		0.998739,
		0.042071,
		-0.02739,
		0,
		0.006656,
		-0.65175,
		-0.758405,
		0,
		-0.049758,
		0.757266,
		-0.651208,
		0,
		0.100032,
		0.095607,
		-0.660526,
		1,
	},
	[1.05] = {
		0.994601,
		0.090551,
		-0.050683,
		0,
		0.015949,
		-0.616005,
		-0.787581,
		0,
		-0.102538,
		0.78252,
		-0.614124,
		0,
		0.092211,
		0.108208,
		-0.670033,
		1,
	},
	[1.0666666666666667] = {
		0.987815,
		0.13682,
		-0.074169,
		0,
		0.018977,
		-0.578908,
		-0.815172,
		0,
		-0.154469,
		0.803832,
		-0.574451,
		0,
		0.084097,
		0.12045,
		-0.679369,
		1,
	},
	[1.0833333333333333] = {
		0.978733,
		0.180304,
		-0.097841,
		0,
		0.015659,
		-0.541221,
		-0.840735,
		0,
		-0.204541,
		0.821323,
		-0.532534,
		0,
		0.07562,
		0.132255,
		-0.688489,
		1,
	},
	{
		0.998083,
		-0.059056,
		0.018488,
		0,
		-0.029468,
		-0.716292,
		-0.697178,
		0,
		0.054415,
		0.695297,
		-0.71666,
		0,
		0.115094,
		0.06965,
		-0.641174,
		1,
	},
}

return spline_matrices
