-- chunkname: @content/characters/player/human/first_person/animations/crowbar/heavy_attack_left_diagonal_up.lua

local spline_matrices = {
	[0.016666666666666666] = {
		-0.77249,
		-0.589611,
		0.235833,
		0,
		-0.454687,
		0.254303,
		-0.853575,
		0,
		0.443304,
		-0.766608,
		-0.464535,
		0,
		0.414673,
		0.119198,
		-0.339676,
		1,
	},
	[0.03333333333333333] = {
		-0.745317,
		-0.650675,
		0.145344,
		0,
		-0.425874,
		0.296904,
		-0.854681,
		0,
		0.512966,
		-0.698907,
		-0.498393,
		0,
		0.417791,
		0.200062,
		-0.32416,
		1,
	},
	[0.05] = {
		-0.697897,
		-0.713636,
		0.060518,
		0,
		-0.405725,
		0.324312,
		-0.854523,
		0,
		0.590192,
		-0.620923,
		-0.515877,
		0,
		0.412429,
		0.26896,
		-0.305392,
		1,
	},
	[0.06666666666666667] = {
		-0.636784,
		-0.770527,
		-0.028165,
		0,
		-0.37392,
		0.340551,
		-0.862675,
		0,
		0.674306,
		-0.538806,
		-0.504974,
		0,
		0.3925,
		0.321969,
		-0.281033,
		1,
	},
	[0.08333333333333333] = {
		-0.550334,
		-0.820407,
		-0.155127,
		0,
		-0.338833,
		0.389252,
		-0.856548,
		0,
		0.763102,
		-0.418825,
		-0.4922,
		0,
		0.366373,
		0.377142,
		-0.25306,
		1,
	},
	[0] = {
		-0.778826,
		-0.560112,
		0.28232,
		0,
		-0.472992,
		0.228832,
		-0.850832,
		0,
		0.411957,
		-0.796185,
		-0.443149,
		0,
		0.410987,
		0.078802,
		-0.345873,
		1,
	},
	[0.11666666666666667] = {
		-0.334754,
		-0.809467,
		-0.482394,
		0,
		-0.382669,
		0.584595,
		-0.715411,
		0,
		0.861106,
		-0.05489,
		-0.505453,
		0,
		0.317642,
		0.470144,
		-0.215665,
		1,
	},
	[0.13333333333333333] = {
		0.026948,
		-0.865528,
		-0.500135,
		0,
		-0.537295,
		0.409361,
		-0.737386,
		0,
		0.842964,
		0.288591,
		-0.454013,
		0,
		0.272575,
		0.514359,
		-0.195939,
		1,
	},
	[0.15] = {
		0.419858,
		-0.767184,
		-0.48492,
		0,
		-0.532099,
		0.224765,
		-0.816303,
		0,
		0.735248,
		0.600757,
		-0.313848,
		0,
		0.146629,
		0.605988,
		-0.134843,
		1,
	},
	[0.16666666666666666] = {
		0.627394,
		-0.599908,
		-0.496475,
		0,
		-0.513757,
		0.160227,
		-0.842841,
		0,
		0.585176,
		0.783861,
		-0.207682,
		0,
		0.014482,
		0.646914,
		-0.065709,
		1,
	},
	[0.18333333333333332] = {
		0.750613,
		-0.017757,
		-0.660503,
		0,
		-0.654958,
		0.111981,
		-0.747322,
		0,
		0.087234,
		0.993552,
		0.072424,
		0,
		-0.114534,
		0.666982,
		0.011894,
		1,
	},
	[0.1] = {
		-0.451572,
		-0.833414,
		-0.318598,
		0,
		-0.33176,
		0.488315,
		-0.807146,
		0,
		0.828262,
		-0.258787,
		-0.497002,
		0,
		0.342028,
		0.427221,
		-0.230694,
		1,
	},
	[0.21666666666666667] = {
		0.779484,
		0.471221,
		-0.412741,
		0,
		-0.520046,
		0.119466,
		-0.845742,
		0,
		-0.349223,
		0.873887,
		0.338179,
		0,
		-0.347134,
		0.560256,
		0.118395,
		1,
	},
	[0.23333333333333334] = {
		0.719853,
		0.642816,
		-0.261914,
		0,
		-0.449598,
		0.144315,
		-0.881496,
		0,
		-0.528841,
		0.752304,
		0.392894,
		0,
		-0.460479,
		0.4781,
		0.135205,
		1,
	},
	[0.25] = {
		0.654931,
		0.742043,
		-0.142962,
		0,
		-0.404719,
		0.18466,
		-0.895602,
		0,
		-0.638176,
		0.644417,
		0.421258,
		0,
		-0.534415,
		0.397538,
		0.138402,
		1,
	},
	[0.26666666666666666] = {
		0.630703,
		0.773757,
		-0.059273,
		0,
		-0.4097,
		0.267137,
		-0.872229,
		0,
		-0.65906,
		0.574402,
		0.485492,
		0,
		-0.552795,
		0.325467,
		0.139885,
		1,
	},
	[0.2833333333333333] = {
		0.621339,
		0.783468,
		0.010734,
		0,
		-0.432625,
		0.354456,
		-0.828973,
		0,
		-0.653279,
		0.51043,
		0.559185,
		0,
		-0.560939,
		0.253751,
		0.141426,
		1,
	},
	[0.2] = {
		0.790614,
		0.268191,
		-0.550456,
		0,
		-0.593292,
		0.113191,
		-0.79699,
		0,
		-0.151439,
		0.956693,
		0.248606,
		0,
		-0.234899,
		0.631289,
		0.07755,
		1,
	},
	[0.31666666666666665] = {
		0.611208,
		0.787538,
		0.078796,
		0,
		-0.398688,
		0.392358,
		-0.828917,
		0,
		-0.68372,
		0.475226,
		0.553794,
		0,
		-0.562149,
		0.162145,
		0.132259,
		1,
	},
	[0.3333333333333333] = {
		0.60857,
		0.788352,
		0.090244,
		0,
		-0.384495,
		0.392458,
		-0.835548,
		0,
		-0.694123,
		0.473791,
		0.541955,
		0,
		-0.556303,
		0.125025,
		0.110976,
		1,
	},
	[0.35] = {
		0.607074,
		0.788779,
		0.096377,
		0,
		-0.377247,
		0.392817,
		-0.838678,
		0,
		-0.69939,
		0.472781,
		0.536033,
		0,
		-0.547102,
		0.090196,
		0.078466,
		1,
	},
	[0.36666666666666664] = {
		0.60571,
		0.789099,
		0.102169,
		0,
		-0.370105,
		0.393076,
		-0.841733,
		0,
		-0.70437,
		0.472033,
		0.530139,
		0,
		-0.535535,
		0.059358,
		0.036168,
		1,
	},
	[0.38333333333333336] = {
		0.603242,
		0.789608,
		0.112326,
		0,
		-0.356197,
		0.39274,
		-0.847867,
		0,
		-0.713598,
		0.471459,
		0.518174,
		0,
		-0.522619,
		0.034246,
		-0.014424,
		1,
	},
	[0.3] = {
		0.61551,
		0.786076,
		0.056845,
		0,
		-0.426568,
		0.392921,
		-0.814649,
		0,
		-0.662712,
		0.477176,
		0.577161,
		0,
		-0.56363,
		0.199881,
		0.141038,
		1,
	},
	[0.4166666666666667] = {
		0.587424,
		0.792461,
		0.164127,
		0,
		-0.278452,
		0.388341,
		-0.878439,
		0,
		-0.759867,
		0.470315,
		0.448783,
		0,
		-0.497015,
		0.00813,
		-0.13478,
		1,
	},
	[0.43333333333333335] = {
		0.602893,
		0.759861,
		0.24317,
		0,
		-0.139065,
		0.400214,
		-0.905809,
		0,
		-0.785609,
		0.512289,
		0.346956,
		0,
		-0.487574,
		0.011986,
		-0.221754,
		1,
	},
	[0.45] = {
		0.632798,
		0.670366,
		0.387525,
		0,
		0.108563,
		0.418719,
		-0.901603,
		0,
		-0.766668,
		0.612604,
		0.192188,
		0,
		-0.479907,
		0.025872,
		-0.337544,
		1,
	},
	[0.4666666666666667] = {
		0.621096,
		0.548967,
		0.559352,
		0,
		0.381735,
		0.41142,
		-0.827655,
		0,
		-0.684484,
		0.727577,
		0.045971,
		0,
		-0.470071,
		0.043281,
		-0.459844,
		1,
	},
	[0.48333333333333334] = {
		0.559021,
		0.438027,
		0.704008,
		0,
		0.599794,
		0.372609,
		-0.708103,
		0,
		-0.572488,
		0.818104,
		-0.05443,
		0,
		-0.454102,
		0.057585,
		-0.566386,
		1,
	},
	[0.4] = {
		0.598016,
		0.790618,
		0.131525,
		0,
		-0.32826,
		0.391314,
		-0.85972,
		0,
		-0.731178,
		0.470952,
		0.49354,
		0,
		-0.509416,
		0.016594,
		-0.071887,
		1,
	},
	[0.5166666666666667] = {
		0.418602,
		0.412364,
		0.809152,
		0,
		0.791478,
		0.271265,
		-0.547702,
		0,
		-0.445348,
		0.869696,
		-0.212825,
		0,
		-0.389889,
		0.058875,
		-0.673007,
		1,
	},
	[0.5333333333333333] = {
		0.350009,
		0.460479,
		0.815753,
		0,
		0.848697,
		0.212713,
		-0.484217,
		0,
		-0.396493,
		0.861807,
		-0.316356,
		0,
		-0.342538,
		0.054851,
		-0.703496,
		1,
	},
	[0.55] = {
		0.282879,
		0.526938,
		0.801446,
		0,
		0.896558,
		0.15165,
		-0.416157,
		0,
		-0.340828,
		0.836265,
		-0.429531,
		0,
		-0.289077,
		0.050332,
		-0.727247,
		1,
	},
	[0.5666666666666667] = {
		0.22082,
		0.602402,
		0.76704,
		0,
		0.93506,
		0.09285,
		-0.342112,
		0,
		-0.277309,
		0.792774,
		-0.542779,
		0,
		-0.232619,
		0.045648,
		-0.745101,
		1,
	},
	[0.5833333333333334] = {
		0.16703,
		0.678103,
		0.715736,
		0,
		0.963757,
		0.04087,
		-0.263632,
		0,
		-0.208022,
		0.73383,
		-0.6467,
		0,
		-0.176279,
		0.041128,
		-0.757899,
		1,
	},
	[0.5] = {
		0.484768,
		0.391685,
		0.782038,
		0,
		0.723565,
		0.322732,
		-0.610162,
		0,
		-0.49138,
		0.861642,
		-0.126959,
		0,
		-0.428015,
		0.062073,
		-0.634934,
		1,
	},
	[0.6166666666666667] = {
		0.091686,
		0.803104,
		0.588742,
		0,
		0.993134,
		-0.030611,
		-0.112907,
		0,
		-0.072654,
		0.595052,
		-0.800397,
		0,
		-0.076425,
		0.033845,
		-0.771685,
		1,
	},
	[0.6333333333333333] = {
		0.07015,
		0.8444,
		0.531101,
		0,
		0.997344,
		-0.048913,
		-0.053966,
		0,
		-0.019591,
		0.533476,
		-0.845588,
		0,
		-0.039151,
		0.031678,
		-0.774347,
		1,
	},
	[0.65] = {
		0.057425,
		0.869507,
		0.490571,
		0,
		0.998231,
		-0.057589,
		-0.014779,
		0,
		0.015401,
		0.490552,
		-0.871276,
		0,
		-0.014476,
		0.030853,
		-0.775305,
		1,
	},
	[0.6666666666666666] = {
		0.051891,
		0.877677,
		0.476435,
		0,
		0.998279,
		-0.058631,
		-0.000719,
		0,
		0.027302,
		0.475652,
		-0.87921,
		0,
		-0.005528,
		0.031593,
		-0.775396,
		1,
	},
	[0.6833333333333333] = {
		0.049601,
		0.876829,
		0.478238,
		0,
		0.998424,
		-0.05611,
		-0.000678,
		0,
		0.026239,
		0.477518,
		-0.87823,
		0,
		-0.005487,
		0.033165,
		-0.77533,
		1,
	},
	[0.6] = {
		0.123732,
		0.746724,
		0.653524,
		0,
		0.982716,
		-0.000822,
		-0.185119,
		0,
		-0.137695,
		0.665133,
		-0.73392,
		0,
		-0.123175,
		0.037091,
		-0.766481,
		1,
	},
	[0.7166666666666667] = {
		0.044645,
		0.875198,
		0.4817,
		0,
		0.998716,
		-0.050647,
		-0.000544,
		0,
		0.02392,
		0.481106,
		-0.876336,
		0,
		-0.005409,
		0.036185,
		-0.775196,
		1,
	},
	[0.7333333333333333] = {
		0.04203,
		0.874429,
		0.48333,
		0,
		0.998859,
		-0.047761,
		-0.000452,
		0,
		0.022689,
		0.482797,
		-0.875438,
		0,
		-0.005373,
		0.037607,
		-0.775128,
		1,
	},
	[0.75] = {
		0.039356,
		0.873699,
		0.484872,
		0,
		0.998996,
		-0.044809,
		-0.000345,
		0,
		0.021425,
		0.484399,
		-0.874585,
		0,
		-0.00534,
		0.038952,
		-0.775062,
		1,
	},
	[0.7666666666666667] = {
		0.03665,
		0.873015,
		0.486314,
		0,
		0.999125,
		-0.041819,
		-0.000225,
		0,
		0.020141,
		0.485897,
		-0.873784,
		0,
		-0.00531,
		0.040209,
		-0.774998,
		1,
	},
	[0.7833333333333333] = {
		0.033937,
		0.872385,
		0.48764,
		0,
		0.999246,
		-0.03882,
		-9.4e-05,
		0,
		0.018848,
		0.487275,
		-0.873045,
		0,
		-0.005284,
		0.041364,
		-0.774938,
		1,
	},
	[0.7] = {
		0.047178,
		0.876,
		0.479998,
		0,
		0.998571,
		-0.053439,
		-0.00062,
		0,
		0.025108,
		0.479341,
		-0.87727,
		0,
		-0.005447,
		0.0347,
		-0.775263,
		1,
	},
	[0.8166666666666667] = {
		0.028591,
		0.871318,
		0.489886,
		0,
		0.999459,
		-0.032903,
		0.000191,
		0,
		0.016285,
		0.489615,
		-0.871787,
		0,
		-0.005243,
		0.043319,
		-0.774831,
		1,
	},
	[0.8333333333333334] = {
		0.02601,
		0.870896,
		0.490778,
		0,
		0.999549,
		-0.030042,
		0.000338,
		0,
		0.015039,
		0.490548,
		-0.871284,
		0,
		-0.005229,
		0.044093,
		-0.774787,
		1,
	},
	[0.85] = {
		0.023523,
		0.870561,
		0.491498,
		0,
		0.999628,
		-0.027283,
		0.000484,
		0,
		0.013831,
		0.491303,
		-0.870879,
		0,
		-0.00522,
		0.044715,
		-0.774752,
		1,
	},
	[0.8666666666666667] = {
		0.021156,
		0.870321,
		0.49203,
		0,
		0.999696,
		-0.024654,
		0.000625,
		0,
		0.012674,
		0.491867,
		-0.870578,
		0,
		-0.005217,
		0.045172,
		-0.774725,
		1,
	},
	[0.8833333333333333] = {
		0.018935,
		0.870185,
		0.492361,
		0,
		0.999754,
		-0.022183,
		0.000758,
		0,
		0.011581,
		0.492225,
		-0.870391,
		0,
		-0.005219,
		0.045451,
		-0.774709,
		1,
	},
	[0.8] = {
		0.031242,
		0.871817,
		0.488835,
		0,
		0.999358,
		-0.035839,
		4.6e-05,
		0,
		0.017559,
		0.488519,
		-0.872376,
		0,
		-0.005261,
		0.042405,
		-0.774881,
		1,
	},
	[0.9166666666666666] = {
		0.015031,
		0.870223,
		0.492428,
		0,
		0.999841,
		-0.017825,
		0.00098,
		0,
		0.009631,
		0.492335,
		-0.870353,
		0,
		-0.005244,
		0.045485,
		-0.774707,
		1,
	},
	[0.9333333333333333] = {
		0.013398,
		0.870326,
		0.492293,
		0,
		0.999872,
		-0.015995,
		0.001064,
		0,
		0.0088,
		0.492216,
		-0.870429,
		0,
		-0.005264,
		0.045354,
		-0.774714,
		1,
	},
	[0.95] = {
		0.012008,
		0.87046,
		0.492092,
		0,
		0.999895,
		-0.014434,
		0.001133,
		0,
		0.008089,
		0.492027,
		-0.870542,
		0,
		-0.005284,
		0.045167,
		-0.774725,
		1,
	},
	[0.9666666666666667] = {
		0.010884,
		0.870614,
		0.491847,
		0,
		0.999913,
		-0.013171,
		0.001188,
		0,
		0.007512,
		0.491791,
		-0.870681,
		0,
		-0.005301,
		0.044941,
		-0.774738,
		1,
	},
	[0.9833333333333333] = {
		0.01005,
		0.870776,
		0.491577,
		0,
		0.999924,
		-0.012235,
		0.001229,
		0,
		0.007085,
		0.491528,
		-0.870833,
		0,
		-0.005314,
		0.044696,
		-0.774752,
		1,
	},
	[0.9] = {
		0.016885,
		0.870162,
		0.492476,
		0,
		0.999802,
		-0.019897,
		0.000878,
		0,
		0.010562,
		0.492363,
		-0.870326,
		0,
		-0.005228,
		0.04554,
		-0.774704,
		1,
	},
	[1.0166666666666666] = {
		0.009347,
		0.871081,
		0.49105,
		0,
		0.999934,
		-0.011451,
		0.001281,
		0,
		0.006739,
		0.491005,
		-0.871131,
		0,
		-0.005315,
		0.044222,
		-0.77478,
		1,
	},
	[1.0333333333333334] = {
		0.009456,
		0.871202,
		0.490834,
		0,
		0.999932,
		-0.011583,
		0.001294,
		0,
		0.006813,
		0.490788,
		-0.871252,
		0,
		-0.005301,
		0.044031,
		-0.774791,
		1,
	},
	[1.05] = {
		0.009706,
		0.87131,
		0.490636,
		0,
		0.999929,
		-0.011872,
		0.001302,
		0,
		0.006959,
		0.490589,
		-0.871363,
		0,
		-0.005284,
		0.043856,
		-0.774801,
		1,
	},
	[1.0666666666666667] = {
		0.009957,
		0.871402,
		0.490468,
		0,
		0.999925,
		-0.012161,
		0.001307,
		0,
		0.007103,
		0.490419,
		-0.871458,
		0,
		-0.00527,
		0.043709,
		-0.774809,
		1,
	},
	[1.0833333333333333] = {
		0.010071,
		0.871441,
		0.490397,
		0,
		0.999924,
		-0.012292,
		0.001308,
		0,
		0.007168,
		0.490347,
		-0.871498,
		0,
		-0.005264,
		0.043646,
		-0.774813,
		1,
	},
	{
		0.00953,
		0.870936,
		0.491305,
		0,
		0.999931,
		-0.011652,
		0.00126,
		0,
		0.006822,
		0.491259,
		-0.870987,
		0,
		-0.005319,
		0.04445,
		-0.774766,
		1,
	},
}

return spline_matrices
