-- chunkname: @content/characters/player/human/first_person/animations/crowbar/heavy_attack_left_diagonal_down_sticky.lua

local spline_matrices = {
	[0.016666666666666666] = {
		-0.944422,
		-0.199626,
		0.261185,
		0,
		-0.226028,
		-0.182593,
		-0.956855,
		0,
		0.238703,
		-0.962709,
		0.127324,
		0,
		0.368546,
		0.174428,
		0.139665,
		1,
	},
	[0.03333333333333333] = {
		-0.867254,
		-0.131826,
		0.480097,
		0,
		-0.443044,
		-0.235555,
		-0.865,
		0,
		0.227119,
		-0.962879,
		0.145881,
		0,
		0.366175,
		0.200491,
		0.135158,
		1,
	},
	[0.05] = {
		-0.799507,
		-0.097779,
		0.592645,
		0,
		-0.546846,
		-0.289693,
		-0.785517,
		0,
		0.248492,
		-0.952112,
		0.178142,
		0,
		0.359698,
		0.230525,
		0.127818,
		1,
	},
	[0.06666666666666667] = {
		-0.780487,
		-0.127592,
		0.612013,
		0,
		-0.531436,
		-0.380186,
		-0.75699,
		0,
		0.329265,
		-0.916067,
		0.228923,
		0,
		0.349932,
		0.271638,
		0.115292,
		1,
	},
	[0.08333333333333333] = {
		-0.762332,
		-0.174775,
		0.62314,
		0,
		-0.48161,
		-0.489981,
		-0.726616,
		0,
		0.432321,
		-0.854033,
		0.289355,
		0,
		0.337339,
		0.319012,
		0.09715,
		1,
	},
	[0] = {
		-0.979022,
		-0.154881,
		0.132397,
		0,
		-0.117382,
		-0.102406,
		-0.987793,
		0,
		0.166548,
		-0.982611,
		0.082077,
		0,
		0.374979,
		0.131944,
		0.145096,
		1,
	},
	[0.11666666666666667] = {
		-0.759938,
		-0.356229,
		0.543686,
		0,
		-0.215802,
		-0.650725,
		-0.728001,
		0,
		0.613126,
		-0.670565,
		0.417636,
		0,
		0.286834,
		0.416581,
		0.054204,
		1,
	},
	[0.13333333333333333] = {
		-0.732874,
		-0.410344,
		0.542691,
		0,
		-0.06914,
		-0.7486,
		-0.659407,
		0,
		0.676843,
		-0.520784,
		0.520258,
		0,
		0.247393,
		0.459951,
		0.023427,
		1,
	},
	[0.15] = {
		-0.698055,
		-0.352745,
		0.62313,
		0,
		0.048512,
		-0.891538,
		-0.450341,
		0,
		0.714399,
		-0.284134,
		0.639454,
		0,
		0.184875,
		0.502305,
		-0.020142,
		1,
	},
	[0.16666666666666666] = {
		-0.668144,
		-0.213599,
		0.712712,
		0,
		0.16896,
		-0.976438,
		-0.134243,
		0,
		0.724593,
		0.030727,
		0.688491,
		0,
		0.097143,
		0.535597,
		-0.072437,
		1,
	},
	[0.18333333333333332] = {
		-0.648108,
		-0.112158,
		0.753244,
		0,
		0.342871,
		-0.926151,
		0.157111,
		0,
		0.679996,
		0.360091,
		0.638702,
		0,
		0.000628,
		0.540811,
		-0.119056,
		1,
	},
	[0.1] = {
		-0.764914,
		-0.257977,
		0.590215,
		0,
		-0.367285,
		-0.578059,
		-0.728663,
		0,
		0.529157,
		-0.774142,
		0.347414,
		0,
		0.316631,
		0.368119,
		0.077138,
		1,
	},
	[0.21666666666666667] = {
		-0.582798,
		-0.152912,
		0.798101,
		0,
		0.779381,
		-0.383192,
		0.49571,
		0,
		0.230026,
		0.910924,
		0.3425,
		0,
		-0.179834,
		0.471878,
		-0.189349,
		1,
	},
	[0.23333333333333334] = {
		-0.493554,
		-0.149201,
		0.856822,
		0,
		0.863784,
		0.030763,
		0.502922,
		0,
		-0.101394,
		0.988328,
		0.113694,
		0,
		-0.245019,
		0.388389,
		-0.220352,
		1,
	},
	[0.25] = {
		-0.364437,
		-0.062037,
		0.929159,
		0,
		0.851741,
		0.381159,
		0.35952,
		0,
		-0.376461,
		0.922426,
		-0.086069,
		0,
		-0.291259,
		0.291227,
		-0.241654,
		1,
	},
	[0.26666666666666666] = {
		-0.138548,
		0.187799,
		0.972387,
		0,
		0.868568,
		0.494767,
		0.0282,
		0,
		-0.475809,
		0.848491,
		-0.231665,
		0,
		-0.330382,
		0.185792,
		-0.251207,
		1,
	},
	[0.2833333333333333] = {
		0.069015,
		0.420009,
		0.904892,
		0,
		0.841758,
		0.462303,
		-0.27878,
		0,
		-0.535425,
		0.78094,
		-0.32164,
		0,
		-0.349384,
		0.103991,
		-0.264397,
		1,
	},
	[0.2] = {
		-0.632949,
		-0.121433,
		0.764611,
		0,
		0.585154,
		-0.721708,
		0.369774,
		0,
		0.506923,
		0.681463,
		0.527861,
		0,
		-0.094548,
		0.518711,
		-0.155544,
		1,
	},
	[0.31666666666666665] = {
		0.078698,
		0.53782,
		0.839378,
		0,
		0.76992,
		0.502075,
		-0.393883,
		0,
		-0.633269,
		0.677252,
		-0.374567,
		0,
		-0.352813,
		0.044048,
		-0.318762,
		1,
	},
	[0.3333333333333333] = {
		0.047764,
		0.552095,
		0.832412,
		0,
		0.754874,
		0.525798,
		-0.392048,
		0,
		-0.654128,
		0.647092,
		-0.391648,
		0,
		-0.352959,
		0.031468,
		-0.341508,
		1,
	},
	[0.35] = {
		0.033768,
		0.571396,
		0.819979,
		0,
		0.746148,
		0.531433,
		-0.401052,
		0,
		-0.664924,
		0.625368,
		-0.408401,
		0,
		-0.349854,
		0.020577,
		-0.359455,
		1,
	},
	[0.36666666666666664] = {
		0.018834,
		0.584218,
		0.811378,
		0,
		0.74388,
		0.534043,
		-0.401796,
		0,
		-0.668047,
		0.611135,
		-0.424531,
		0,
		-0.342089,
		0.009448,
		-0.378884,
		1,
	},
	[0.38333333333333336] = {
		0.003364,
		0.591991,
		0.805938,
		0,
		0.746907,
		0.534403,
		-0.395656,
		0,
		-0.66492,
		0.603291,
		-0.440364,
		0,
		-0.33091,
		-0.001596,
		-0.399048,
		1,
	},
	[0.3] = {
		0.106372,
		0.509527,
		0.853854,
		0,
		0.795988,
		0.470993,
		-0.380222,
		0,
		-0.595893,
		0.720103,
		-0.355477,
		0,
		-0.351609,
		0.065527,
		-0.290059,
		1,
	},
	[0.4166666666666667] = {
		-0.028448,
		0.597481,
		0.801378,
		0,
		0.763694,
		0.53026,
		-0.368234,
		0,
		-0.644951,
		0.601532,
		-0.471378,
		0,
		-0.303137,
		-0.022106,
		-0.438572,
		1,
	},
	[0.43333333333333335] = {
		-0.044659,
		0.597441,
		0.800669,
		0,
		0.774827,
		0.52662,
		-0.349735,
		0,
		-0.630594,
		0.604761,
		-0.486431,
		0,
		-0.288841,
		-0.030906,
		-0.456339,
		1,
	},
	[0.45] = {
		-0.061049,
		0.596859,
		0.80002,
		0,
		0.786094,
		0.522671,
		-0.329955,
		0,
		-0.615084,
		0.608748,
		-0.501096,
		0,
		-0.275777,
		-0.038277,
		-0.471666,
		1,
	},
	[0.4666666666666667] = {
		-0.077494,
		0.596738,
		0.798685,
		0,
		0.796421,
		0.518962,
		-0.310469,
		0,
		-0.599756,
		0.612031,
		-0.515471,
		0,
		-0.265115,
		-0.043885,
		-0.483728,
		1,
	},
	[0.48333333333333334] = {
		-0.093825,
		0.598034,
		0.79596,
		0,
		0.804865,
		0.516132,
		-0.292915,
		0,
		-0.585994,
		0.613158,
		-0.529763,
		0,
		-0.258086,
		-0.047411,
		-0.491743,
		1,
	},
	[0.4] = {
		-0.012435,
		0.596012,
		0.802879,
		0,
		0.753947,
		0.533016,
		-0.384004,
		0,
		-0.656818,
		0.600553,
		-0.455989,
		0,
		-0.317537,
		-0.012223,
		-0.419204,
		1,
	},
	[0.5166666666666667] = {
		-0.110661,
		0.601417,
		0.791234,
		0,
		0.810149,
		0.515735,
		-0.278704,
		0,
		-0.575685,
		0.610176,
		-0.544309,
		0,
		-0.25577,
		-0.048732,
		-0.495023,
		1,
	},
	[0.5333333333333333] = {
		-0.111541,
		0.601201,
		0.791275,
		0,
		0.809618,
		0.516701,
		-0.278457,
		0,
		-0.576261,
		0.609571,
		-0.544377,
		0,
		-0.255598,
		-0.048972,
		-0.495089,
		1,
	},
	[0.55] = {
		-0.112488,
		0.600998,
		0.791295,
		0,
		0.809012,
		0.517765,
		-0.278243,
		0,
		-0.576929,
		0.608868,
		-0.544457,
		0,
		-0.255427,
		-0.049265,
		-0.495148,
		1,
	},
	[0.5666666666666667] = {
		-0.11349,
		0.600804,
		0.791299,
		0,
		0.808334,
		0.518919,
		-0.278063,
		0,
		-0.577682,
		0.608077,
		-0.544542,
		0,
		-0.255261,
		-0.049604,
		-0.495199,
		1,
	},
	[0.5833333333333334] = {
		-0.114536,
		0.600613,
		0.791293,
		0,
		0.807589,
		0.520155,
		-0.277918,
		0,
		-0.578516,
		0.607208,
		-0.544625,
		0,
		-0.255103,
		-0.049982,
		-0.495243,
		1,
	},
	[0.5] = {
		-0.109857,
		0.601652,
		0.791168,
		0,
		0.810599,
		0.514875,
		-0.278986,
		0,
		-0.575205,
		0.610671,
		-0.544261,
		0,
		-0.255942,
		-0.048551,
		-0.494952,
		1,
	},
	[0.6166666666666667] = {
		-0.116719,
		0.600225,
		0.791269,
		0,
		0.805917,
		0.522843,
		-0.277728,
		0,
		-0.580408,
		0.605282,
		-0.544757,
		0,
		-0.25482,
		-0.050828,
		-0.495303,
		1,
	},
	[0.6333333333333333] = {
		-0.117847,
		0.60014,
		0.791166,
		0,
		0.805005,
		0.524234,
		-0.277751,
		0,
		-0.581446,
		0.604161,
		-0.544895,
		0,
		-0.254692,
		-0.05136,
		-0.495313,
		1,
	},
	[0.65] = {
		-0.119005,
		0.600281,
		0.790886,
		0,
		0.804056,
		0.525591,
		-0.277935,
		0,
		-0.582522,
		0.602841,
		-0.545208,
		0,
		-0.254564,
		-0.052054,
		-0.495307,
		1,
	},
	[0.6666666666666666] = {
		-0.120187,
		0.60063,
		0.790442,
		0,
		0.803076,
		0.526909,
		-0.278272,
		0,
		-0.583629,
		0.601341,
		-0.545679,
		0,
		-0.254436,
		-0.052896,
		-0.495283,
		1,
	},
	[0.6833333333333333] = {
		-0.121386,
		0.601171,
		0.789848,
		0,
		0.802073,
		0.528185,
		-0.278749,
		0,
		-0.584761,
		0.599679,
		-0.546296,
		0,
		-0.254309,
		-0.053872,
		-0.495244,
		1,
	},
	[0.6] = {
		-0.115616,
		0.600422,
		0.791282,
		0,
		0.806782,
		0.521466,
		-0.277806,
		0,
		-0.579427,
		0.606273,
		-0.544699,
		0,
		-0.254955,
		-0.050392,
		-0.495278,
		1,
	},
	[0.7166666666666667] = {
		-0.123802,
		0.602762,
		0.788258,
		0,
		0.800018,
		0.530591,
		-0.280081,
		0,
		-0.587064,
		0.595946,
		-0.547909,
		0,
		-0.254057,
		-0.056169,
		-0.495118,
		1,
	},
	[0.7333333333333333] = {
		-0.125006,
		0.603781,
		0.787288,
		0,
		0.79898,
		0.531713,
		-0.280915,
		0,
		-0.588222,
		0.593911,
		-0.548876,
		0,
		-0.253934,
		-0.057462,
		-0.495032,
		1,
	},
	[0.75] = {
		-0.126198,
		0.604926,
		0.786218,
		0,
		0.797943,
		0.532776,
		-0.281845,
		0,
		-0.589373,
		0.591789,
		-0.549932,
		0,
		-0.253814,
		-0.058833,
		-0.494933,
		1,
	},
	[0.7666666666666667] = {
		-0.12737,
		0.606181,
		0.785061,
		0,
		0.796915,
		0.533776,
		-0.28286,
		0,
		-0.590512,
		0.589599,
		-0.551062,
		0,
		-0.253697,
		-0.060268,
		-0.49482,
		1,
	},
	[0.7833333333333333] = {
		-0.128515,
		0.607531,
		0.78383,
		0,
		0.795901,
		0.534709,
		-0.283949,
		0,
		-0.591629,
		0.58736,
		-0.552253,
		0,
		-0.253584,
		-0.061752,
		-0.494695,
		1,
	},
	[0.7] = {
		-0.122593,
		0.601887,
		0.789115,
		0,
		0.801051,
		0.529413,
		-0.279355,
		0,
		-0.585908,
		0.597875,
		-0.547044,
		0,
		-0.254182,
		-0.054967,
		-0.495188,
		1,
	},
	[0.8166666666666667] = {
		-0.130698,
		0.610452,
		0.781196,
		0,
		0.793947,
		0.53636,
		-0.286298,
		0,
		-0.593773,
		0.582809,
		-0.554767,
		0,
		-0.253372,
		-0.064816,
		-0.494411,
		1,
	},
	[0.8333333333333334] = {
		-0.131721,
		0.611991,
		0.779819,
		0,
		0.793019,
		0.53707,
		-0.287534,
		0,
		-0.594786,
		0.580537,
		-0.556064,
		0,
		-0.253275,
		-0.066366,
		-0.494256,
		1,
	},
	[0.85] = {
		-0.132689,
		0.613561,
		0.778419,
		0,
		0.792134,
		0.537699,
		-0.288795,
		0,
		-0.595749,
		0.578292,
		-0.55737,
		0,
		-0.253184,
		-0.067911,
		-0.494092,
		1,
	},
	[0.8666666666666667] = {
		-0.133595,
		0.615148,
		0.77701,
		0,
		0.791299,
		0.538244,
		-0.290068,
		0,
		-0.596656,
		0.576095,
		-0.558673,
		0,
		-0.2531,
		-0.069436,
		-0.493923,
		1,
	},
	[0.8833333333333333] = {
		-0.134433,
		0.616737,
		0.775605,
		0,
		0.79052,
		0.538701,
		-0.291341,
		0,
		-0.5975,
		0.573966,
		-0.559962,
		0,
		-0.253024,
		-0.070927,
		-0.49375,
		1,
	},
	[0.8] = {
		-0.129627,
		0.60896,
		0.782537,
		0,
		0.79491,
		0.535572,
		-0.285098,
		0,
		-0.592718,
		0.58509,
		-0.553493,
		0,
		-0.253476,
		-0.063273,
		-0.494558,
		1,
	},
	[0.9166666666666666] = {
		-0.135872,
		0.619859,
		0.772861,
		0,
		0.78916,
		0.539342,
		-0.293832,
		0,
		-0.59897,
		0.569987,
		-0.562449,
		0,
		-0.2529,
		-0.073753,
		-0.4934,
		1,
	},
	[0.9333333333333333] = {
		-0.136459,
		0.621363,
		0.771549,
		0,
		0.788593,
		0.539519,
		-0.295025,
		0,
		-0.599583,
		0.568179,
		-0.563625,
		0,
		-0.252853,
		-0.07506,
		-0.493227,
		1,
	},
	[0.95] = {
		-0.13695,
		0.622808,
		0.770295,
		0,
		0.788111,
		0.539599,
		-0.296165,
		0,
		-0.600105,
		0.566518,
		-0.56474,
		0,
		-0.252816,
		-0.076277,
		-0.493059,
		1,
	},
	[0.9666666666666667] = {
		-0.137336,
		0.624182,
		0.769114,
		0,
		0.787721,
		0.539577,
		-0.29724,
		0,
		-0.600528,
		0.565025,
		-0.565785,
		0,
		-0.252792,
		-0.077393,
		-0.492898,
		1,
	},
	[0.9833333333333333] = {
		-0.137611,
		0.625469,
		0.768018,
		0,
		0.78743,
		0.539452,
		-0.298236,
		0,
		-0.600847,
		0.56372,
		-0.566748,
		0,
		-0.252779,
		-0.078391,
		-0.492746,
		1,
	},
	[0.9] = {
		-0.135194,
		0.618312,
		0.774218,
		0,
		0.789804,
		0.539068,
		-0.2926,
		0,
		-0.598274,
		0.571923,
		-0.561224,
		0,
		-0.252957,
		-0.07237,
		-0.493575,
		1,
	},
	[1.0166666666666666] = {
		-0.137799,
		0.627724,
		0.766143,
		0,
		0.787173,
		0.538882,
		-0.29994,
		0,
		-0.60114,
		0.561755,
		-0.568385,
		0,
		-0.252795,
		-0.079983,
		-0.492482,
		1,
	},
	[1.0333333333333334] = {
		-0.137568,
		0.628691,
		0.76539,
		0,
		0.787332,
		0.538269,
		-0.300623,
		0,
		-0.600985,
		0.561261,
		-0.569037,
		0,
		-0.252841,
		-0.080497,
		-0.492375,
		1,
	},
	[1.05] = {
		-0.137063,
		0.629543,
		0.764781,
		0,
		0.787731,
		0.537377,
		-0.301175,
		0,
		-0.600578,
		0.561161,
		-0.569565,
		0,
		-0.252919,
		-0.080785,
		-0.492287,
		1,
	},
	[1.0666666666666667] = {
		-0.136472,
		0.630221,
		0.764328,
		0,
		0.78821,
		0.536443,
		-0.301584,
		0,
		-0.600083,
		0.561293,
		-0.569956,
		0,
		-0.253005,
		-0.080912,
		-0.492222,
		1,
	},
	[1.0833333333333333] = {
		-0.135982,
		0.630669,
		0.764046,
		0,
		0.788613,
		0.535708,
		-0.301837,
		0,
		-0.599665,
		0.561492,
		-0.5702,
		0,
		-0.253074,
		-0.080942,
		-0.492182,
		1,
	},
	{
		-0.137768,
		0.626654,
		0.767023,
		0,
		0.787245,
		0.539221,
		-0.299141,
		0,
		-0.601053,
		0.562623,
		-0.567618,
		0,
		-0.25278,
		-0.079259,
		-0.492607,
		1,
	},
}

return spline_matrices
