-- chunkname: @content/characters/player/human/first_person/animations/crowbar/heavy_attack_down_sticky.lua

local spline_matrices = {
	[0.016666666666666666] = {
		-0.995371,
		0.056424,
		-0.077793,
		0,
		0.094584,
		0.718444,
		-0.689123,
		0,
		0.017007,
		-0.693292,
		-0.720456,
		0,
		-0.003388,
		-0.142973,
		0.206652,
		1,
	},
	[0.03333333333333333] = {
		-0.995312,
		0.053433,
		-0.080616,
		0,
		0.094886,
		0.700866,
		-0.706953,
		0,
		0.018726,
		-0.711288,
		-0.702651,
		0,
		-0.002869,
		-0.134451,
		0.240848,
		1,
	},
	[0.05] = {
		-0.995511,
		0.047195,
		-0.082039,
		0,
		0.092888,
		0.653458,
		-0.751242,
		0,
		0.018154,
		-0.75549,
		-0.654908,
		0,
		-0.002029,
		-0.113837,
		0.283018,
		1,
	},
	[0.06666666666666667] = {
		-0.996146,
		0.036855,
		-0.079589,
		0,
		0.086622,
		0.555712,
		-0.826849,
		0,
		0.013755,
		-0.830557,
		-0.556763,
		0,
		-0.001038,
		-0.076079,
		0.320931,
		1,
	},
	[0.08333333333333333] = {
		-0.998133,
		0.020195,
		-0.057644,
		0,
		0.059418,
		0.102434,
		-0.992963,
		0,
		-0.014148,
		-0.994534,
		-0.103443,
		0,
		-0.00155,
		0.014306,
		0.361008,
		1,
	},
	[0] = {
		-0.995448,
		0.057183,
		-0.076247,
		0,
		0.093995,
		0.721342,
		-0.686171,
		0,
		0.015763,
		-0.690214,
		-0.723433,
		0,
		-0.003562,
		-0.144647,
		0.19257,
		1,
	},
	[0.11666666666666667] = {
		-0.999309,
		-0.037143,
		-0.000694,
		0,
		0.026722,
		-0.705728,
		-0.707978,
		0,
		0.025807,
		-0.707508,
		0.706234,
		0,
		-0.006532,
		0.366379,
		0.312539,
		1,
	},
	[0.13333333333333333] = {
		-0.999808,
		-0.01656,
		-0.010453,
		0,
		0.018955,
		-0.952467,
		-0.304051,
		0,
		-0.004921,
		-0.304191,
		0.952598,
		0,
		-0.007434,
		0.51716,
		0.178304,
		1,
	},
	[0.15] = {
		-0.999713,
		-0.002712,
		-0.023784,
		0,
		-0.001302,
		-0.985929,
		0.167159,
		0,
		-0.023903,
		0.167142,
		0.985643,
		0,
		-0.005295,
		0.624605,
		-0.002544,
		1,
	},
	[0.16666666666666666] = {
		-0.999623,
		-0.014649,
		-0.023227,
		0,
		-0.001119,
		-0.823391,
		0.567472,
		0,
		-0.027437,
		0.567284,
		0.823065,
		0,
		-0.002463,
		0.642273,
		-0.197871,
		1,
	},
	[0.18333333333333332] = {
		-0.999207,
		-0.030906,
		-0.025093,
		0,
		-0.001221,
		-0.606219,
		0.795296,
		0,
		-0.039791,
		0.794696,
		0.605701,
		0,
		0.001913,
		0.602582,
		-0.339037,
		1,
	},
	[0.1] = {
		-0.999435,
		-0.002166,
		-0.033521,
		0,
		0.029164,
		-0.551101,
		-0.833928,
		0,
		-0.016668,
		-0.834435,
		0.550853,
		0,
		-0.00352,
		0.154355,
		0.38097,
		1,
	},
	[0.21666666666666667] = {
		-0.995874,
		-0.054911,
		-0.07224,
		0,
		-0.068002,
		-0.075482,
		0.994825,
		0,
		-0.060079,
		0.995634,
		0.071436,
		0,
		0.017846,
		0.473299,
		-0.511647,
		1,
	},
	[0.23333333333333334] = {
		-0.988323,
		-0.06286,
		-0.138802,
		0,
		-0.144566,
		0.098997,
		0.98453,
		0,
		-0.048146,
		0.9931,
		-0.106928,
		0,
		0.028207,
		0.406632,
		-0.615662,
		1,
	},
	[0.25] = {
		-0.980305,
		-0.067467,
		-0.185606,
		0,
		-0.195867,
		0.212001,
		0.95744,
		0,
		-0.025247,
		0.974937,
		-0.221041,
		0,
		0.038109,
		0.354036,
		-0.682386,
		1,
	},
	[0.26666666666666666] = {
		-0.981203,
		-0.07556,
		-0.17757,
		0,
		-0.192282,
		0.304742,
		0.932823,
		0,
		-0.016371,
		0.949432,
		-0.313543,
		0,
		0.04604,
		0.311312,
		-0.689004,
		1,
	},
	[0.2833333333333333] = {
		-0.984361,
		-0.08641,
		-0.15351,
		0,
		-0.175059,
		0.382624,
		0.907167,
		0,
		-0.019652,
		0.919854,
		-0.391768,
		0,
		0.053229,
		0.257824,
		-0.697628,
		1,
	},
	[0.2] = {
		-0.998218,
		-0.043179,
		-0.041179,
		0,
		-0.024103,
		-0.339518,
		0.94029,
		0,
		-0.054582,
		0.939607,
		0.337873,
		0,
		0.00899,
		0.542086,
		-0.430349,
		1,
	},
	[0.31666666666666665] = {
		-0.99099,
		-0.110116,
		-0.076244,
		0,
		-0.121321,
		0.496823,
		0.85933,
		0,
		-0.056746,
		0.860837,
		-0.505706,
		0,
		0.064934,
		0.147099,
		-0.711766,
		1,
	},
	[0.3333333333333333] = {
		-0.992053,
		-0.121722,
		-0.031842,
		0,
		-0.093022,
		0.539183,
		0.837035,
		0,
		-0.084717,
		0.833345,
		-0.546221,
		0,
		0.069319,
		0.095599,
		-0.717156,
		1,
	},
	[0.35] = {
		-0.991187,
		-0.132068,
		0.010286,
		0,
		-0.067274,
		0.568749,
		0.819755,
		0,
		-0.114114,
		0.811839,
		-0.572621,
		0,
		0.072701,
		0.05052,
		-0.721354,
		1,
	},
	[0.36666666666666664] = {
		-0.989032,
		-0.140453,
		0.045696,
		0,
		-0.04614,
		0.587706,
		0.807758,
		0,
		-0.140308,
		0.79679,
		-0.587741,
		0,
		0.075098,
		0.014751,
		-0.724332,
		1,
	},
	[0.38333333333333336] = {
		-0.986774,
		-0.146182,
		0.070046,
		0,
		-0.031723,
		0.597921,
		0.800926,
		0,
		-0.158963,
		0.788111,
		-0.594651,
		0,
		0.076542,
		-0.008808,
		-0.726091,
		1,
	},
	[0.3] = {
		-0.98812,
		-0.098094,
		-0.118302,
		0,
		-0.149862,
		0.444496,
		0.883156,
		0,
		-0.034047,
		0.890393,
		-0.453916,
		0,
		0.059556,
		0.202132,
		-0.705235,
		1,
	},
	[0.4166666666666667] = {
		-0.98562,
		-0.148529,
		0.080566,
		0,
		-0.025263,
		0.600966,
		0.798875,
		0,
		-0.167074,
		0.785352,
		-0.596077,
		0,
		0.07595,
		-0.017246,
		-0.72678,
		1,
	},
	[0.43333333333333335] = {
		-0.985456,
		-0.148682,
		0.082274,
		0,
		-0.024077,
		0.60146,
		0.798539,
		0,
		-0.168213,
		0.784945,
		-0.596293,
		0,
		0.074762,
		-0.017686,
		-0.726893,
		1,
	},
	[0.45] = {
		-0.985251,
		-0.14878,
		0.084526,
		0,
		-0.022606,
		0.602818,
		0.797558,
		0,
		-0.169614,
		0.783884,
		-0.59729,
		0,
		0.073293,
		-0.018909,
		-0.727012,
		1,
	},
	[0.4666666666666667] = {
		-0.985019,
		-0.148811,
		0.087131,
		0,
		-0.020958,
		0.604837,
		0.796073,
		0,
		-0.171165,
		0.782321,
		-0.598895,
		0,
		0.071654,
		-0.020738,
		-0.727125,
		1,
	},
	[0.48333333333333334] = {
		-0.984777,
		-0.148767,
		0.089901,
		0,
		-0.01924,
		0.607319,
		0.794225,
		0,
		-0.172753,
		0.780405,
		-0.600936,
		0,
		0.069957,
		-0.022995,
		-0.727223,
		1,
	},
	[0.4] = {
		-0.985729,
		-0.148388,
		0.079487,
		0,
		-0.026053,
		0.600983,
		0.798837,
		0,
		-0.166308,
		0.785366,
		-0.596273,
		0,
		0.076745,
		-0.01727,
		-0.726696,
		1,
	},
	[0.5166666666666667] = {
		-0.984331,
		-0.148436,
		0.095177,
		0,
		-0.016031,
		0.61287,
		0.790021,
		0,
		-0.175599,
		0.776116,
		-0.605647,
		0,
		0.066838,
		-0.028075,
		-0.727338,
		1,
	},
	[0.5333333333333333] = {
		-0.984162,
		-0.148176,
		0.097302,
		0,
		-0.014773,
		0.615545,
		0.787963,
		0,
		-0.176651,
		0.774046,
		-0.607986,
		0,
		0.065642,
		-0.030538,
		-0.727347,
		1,
	},
	[0.55] = {
		-0.984051,
		-0.147907,
		0.09883,
		0,
		-0.013919,
		0.617894,
		0.786138,
		0,
		-0.177342,
		0.772224,
		-0.610098,
		0,
		0.06484,
		-0.032708,
		-0.727325,
		1,
	},
	[0.5666666666666667] = {
		-0.984014,
		-0.147654,
		0.099571,
		0,
		-0.013588,
		0.619723,
		0.784702,
		0,
		-0.177571,
		0.770805,
		-0.611823,
		0,
		0.064546,
		-0.034403,
		-0.727273,
		1,
	},
	[0.5833333333333334] = {
		-0.984021,
		-0.147408,
		0.099859,
		0,
		-0.013553,
		0.621241,
		0.783502,
		0,
		-0.177531,
		0.76963,
		-0.613313,
		0,
		0.064542,
		-0.035813,
		-0.727205,
		1,
	},
	[0.5] = {
		-0.984541,
		-0.148642,
		0.092647,
		0,
		-0.017561,
		0.610062,
		0.792159,
		0,
		-0.174268,
		0.778286,
		-0.603242,
		0,
		0.068315,
		-0.025501,
		-0.727295,
		1,
	},
	[0.6166666666666667] = {
		-0.984042,
		-0.146872,
		0.100444,
		0,
		-0.01346,
		0.624329,
		0.781045,
		0,
		-0.177424,
		0.76723,
		-0.616343,
		0,
		0.064533,
		-0.038691,
		-0.727059,
		1,
	},
	[0.6333333333333333] = {
		-0.984055,
		-0.146584,
		0.10074,
		0,
		-0.013402,
		0.625887,
		0.779798,
		0,
		-0.177357,
		0.766014,
		-0.617872,
		0,
		0.064528,
		-0.040147,
		-0.72698,
		1,
	},
	[0.65] = {
		-0.984069,
		-0.146285,
		0.101036,
		0,
		-0.013338,
		0.627446,
		0.778545,
		0,
		-0.177284,
		0.764795,
		-0.619402,
		0,
		0.064521,
		-0.041607,
		-0.726899,
		1,
	},
	[0.6666666666666666] = {
		-0.984084,
		-0.145977,
		0.10133,
		0,
		-0.013268,
		0.629,
		0.777291,
		0,
		-0.177203,
		0.763576,
		-0.620927,
		0,
		0.064515,
		-0.043064,
		-0.726814,
		1,
	},
	[0.6833333333333333] = {
		-0.984101,
		-0.145662,
		0.101623,
		0,
		-0.013192,
		0.630543,
		0.776041,
		0,
		-0.177117,
		0.762363,
		-0.62244,
		0,
		0.064507,
		-0.044514,
		-0.726728,
		1,
	},
	[0.6] = {
		-0.984031,
		-0.147147,
		0.10015,
		0,
		-0.01351,
		0.622778,
		0.782281,
		0,
		-0.177482,
		0.768436,
		-0.614821,
		0,
		0.064538,
		-0.037244,
		-0.727134,
		1,
	},
	[0.7166666666666667] = {
		-0.984137,
		-0.145016,
		0.102196,
		0,
		-0.013029,
		0.633572,
		0.773574,
		0,
		-0.176929,
		0.759971,
		-0.625411,
		0,
		0.064492,
		-0.047367,
		-0.726549,
		1,
	},
	[0.7333333333333333] = {
		-0.984156,
		-0.14469,
		0.102474,
		0,
		-0.012942,
		0.635045,
		0.772366,
		0,
		-0.17683,
		0.758803,
		-0.626856,
		0,
		0.064483,
		-0.048759,
		-0.726457,
		1,
	},
	[0.75] = {
		-0.984176,
		-0.144364,
		0.102746,
		0,
		-0.012853,
		0.636483,
		0.771183,
		0,
		-0.176727,
		0.757659,
		-0.628267,
		0,
		0.064474,
		-0.05012,
		-0.726365,
		1,
	},
	[0.7666666666666667] = {
		-0.984196,
		-0.144039,
		0.103009,
		0,
		-0.012761,
		0.637879,
		0.77003,
		0,
		-0.176622,
		0.756546,
		-0.629637,
		0,
		0.064466,
		-0.051443,
		-0.726274,
		1,
	},
	[0.7833333333333333] = {
		-0.984216,
		-0.143718,
		0.103263,
		0,
		-0.012668,
		0.639229,
		0.768912,
		0,
		-0.176516,
		0.755467,
		-0.630961,
		0,
		0.064457,
		-0.052725,
		-0.726183,
		1,
	},
	[0.7] = {
		-0.984119,
		-0.145341,
		0.101912,
		0,
		-0.013113,
		0.632069,
		0.774801,
		0,
		-0.177025,
		0.761159,
		-0.623937,
		0,
		0.0645,
		-0.045951,
		-0.726639,
		1,
	},
	[0.8166666666666667] = {
		-0.984257,
		-0.143094,
		0.10374,
		0,
		-0.012482,
		0.641764,
		0.7668,
		0,
		-0.176301,
		0.753434,
		-0.633447,
		0,
		0.064438,
		-0.055137,
		-0.726005,
		1,
	},
	[0.8333333333333334] = {
		-0.984277,
		-0.142795,
		0.10396,
		0,
		-0.012389,
		0.642937,
		0.765818,
		0,
		-0.176195,
		0.75249,
		-0.634598,
		0,
		0.064429,
		-0.056256,
		-0.72592,
		1,
	},
	[0.85] = {
		-0.984297,
		-0.142507,
		0.104166,
		0,
		-0.012298,
		0.64404,
		0.764893,
		0,
		-0.17609,
		0.7516,
		-0.635679,
		0,
		0.064421,
		-0.057309,
		-0.725838,
		1,
	},
	[0.8666666666666667] = {
		-0.984316,
		-0.142232,
		0.104358,
		0,
		-0.012208,
		0.645067,
		0.764028,
		0,
		-0.175987,
		0.750772,
		-0.636686,
		0,
		0.064412,
		-0.058291,
		-0.725761,
		1,
	},
	[0.8833333333333333] = {
		-0.984335,
		-0.141971,
		0.104534,
		0,
		-0.012121,
		0.646012,
		0.763231,
		0,
		-0.175887,
		0.750008,
		-0.637613,
		0,
		0.064403,
		-0.059196,
		-0.725688,
		1,
	},
	[0.8] = {
		-0.984236,
		-0.143403,
		0.103507,
		0,
		-0.012575,
		0.640526,
		0.767833,
		0,
		-0.176408,
		0.754428,
		-0.632232,
		0,
		0.064447,
		-0.053958,
		-0.726093,
		1,
	},
	[0.9166666666666666] = {
		-0.984371,
		-0.141502,
		0.104836,
		0,
		-0.011958,
		0.647632,
		0.761859,
		0,
		-0.1757,
		0.748698,
		-0.639203,
		0,
		0.064388,
		-0.060752,
		-0.725561,
		1,
	},
	[0.9333333333333333] = {
		-0.984387,
		-0.141297,
		0.10496,
		0,
		-0.011883,
		0.648297,
		0.761295,
		0,
		-0.175613,
		0.748161,
		-0.639854,
		0,
		0.06438,
		-0.061391,
		-0.725508,
		1,
	},
	[0.95] = {
		-0.984402,
		-0.141114,
		0.105063,
		0,
		-0.011813,
		0.648856,
		0.760819,
		0,
		-0.175533,
		0.747711,
		-0.640403,
		0,
		0.064373,
		-0.06193,
		-0.725463,
		1,
	},
	[0.9666666666666667] = {
		-0.984416,
		-0.140955,
		0.105146,
		0,
		-0.011748,
		0.649301,
		0.760441,
		0,
		-0.175459,
		0.747355,
		-0.640839,
		0,
		0.064367,
		-0.062359,
		-0.725427,
		1,
	},
	[0.9833333333333333] = {
		-0.984429,
		-0.140822,
		0.105208,
		0,
		-0.011691,
		0.649635,
		0.760156,
		0,
		-0.175393,
		0.74709,
		-0.641166,
		0,
		0.064362,
		-0.062683,
		-0.725399,
		1,
	},
	[0.9] = {
		-0.984353,
		-0.141728,
		0.104694,
		0,
		-0.012038,
		0.646869,
		0.762506,
		0,
		-0.175791,
		0.749315,
		-0.638454,
		0,
		0.064395,
		-0.060018,
		-0.725622,
		1,
	},
	[1.0166666666666666] = {
		-0.984449,
		-0.140625,
		0.105281,
		0,
		-0.011597,
		0.650035,
		0.759816,
		0,
		-0.175285,
		0.746779,
		-0.641557,
		0,
		0.064352,
		-0.063072,
		-0.725366,
		1,
	},
	[1.0333333333333334] = {
		-0.984456,
		-0.140559,
		0.105299,
		0,
		-0.011562,
		0.650132,
		0.759733,
		0,
		-0.175246,
		0.746706,
		-0.641653,
		0,
		0.064349,
		-0.063168,
		-0.725358,
		1,
	},
	[1.05] = {
		-0.984462,
		-0.140514,
		0.105308,
		0,
		-0.011537,
		0.650183,
		0.75969,
		0,
		-0.175217,
		0.746671,
		-0.641702,
		0,
		0.064347,
		-0.063218,
		-0.725354,
		1,
	},
	[1.0666666666666667] = {
		-0.984465,
		-0.140487,
		0.105312,
		0,
		-0.011521,
		0.650201,
		0.759674,
		0,
		-0.175199,
		0.74666,
		-0.64172,
		0,
		0.064345,
		-0.063237,
		-0.725353,
		1,
	},
	[1.0833333333333333] = {
		-0.984467,
		-0.140479,
		0.105312,
		0,
		-0.011516,
		0.650204,
		0.759672,
		0,
		-0.175192,
		0.746659,
		-0.641722,
		0,
		0.064345,
		-0.06324,
		-0.725352,
		1,
	},
	{
		-0.98444,
		-0.140712,
		0.105252,
		0,
		-0.01164,
		0.649874,
		0.759952,
		0,
		-0.175335,
		0.746902,
		-0.6414,
		0,
		0.064357,
		-0.062915,
		-0.72538,
		1,
	},
}

return spline_matrices
