local spline_matrices = {
	[0] = {
		0.838055,
		-0.247494,
		-0.486221,
		0,
		-0.520952,
		-0.627767,
		-0.578375,
		0,
		-0.162089,
		0.738008,
		-0.655036,
		0,
		-0.087448,
		0.037314,
		-0.71253,
		1
	},
	{
		0.435212,
		0.245922,
		-0.866091,
		0,
		-0.442458,
		-0.779371,
		-0.443634,
		0,
		-0.784106,
		0.576284,
		-0.230382,
		0,
		-0.070338,
		-0.224249,
		-0.777905,
		1
	},
	[0.0333333333333] = {
		0.621247,
		-0.666598,
		-0.411945,
		0,
		-0.709635,
		-0.255609,
		-0.656569,
		0,
		0.332371,
		0.700222,
		-0.631837,
		0,
		-0.027578,
		0.070984,
		-0.711797,
		1
	},
	[0.0666666666667] = {
		0.019529,
		-0.927283,
		-0.373852,
		0,
		-0.576723,
		0.294996,
		-0.761819,
		0,
		0.816706,
		0.230487,
		-0.529025,
		0,
		0.107301,
		0.07115,
		-0.693598,
		1
	},
	[0.133333333333] = {
		-0.758982,
		-0.296207,
		-0.579834,
		0,
		0.342915,
		0.575171,
		-0.742689,
		0,
		0.553494,
		-0.762522,
		-0.334971,
		0,
		0.316427,
		-0.032933,
		-0.617838,
		1
	},
	[0.166666666667] = {
		-0.703173,
		-0.083752,
		-0.706069,
		0,
		0.582082,
		0.502474,
		-0.639297,
		0,
		0.408324,
		-0.860526,
		-0.304576,
		0,
		0.379193,
		-0.05042,
		-0.578913,
		1
	},
	[0.1] = {
		-0.592045,
		-0.663372,
		-0.457624,
		0,
		-0.053656,
		0.599025,
		-0.798931,
		0,
		0.804117,
		-0.448449,
		-0.390244,
		0,
		0.240929,
		0.015067,
		-0.65563,
		1
	},
	[0.233333333333] = {
		-0.334918,
		0.16902,
		-0.926964,
		0,
		0.911317,
		0.3081,
		-0.273086,
		0,
		0.23944,
		-0.936219,
		-0.257219,
		0,
		0.51857,
		-0.02584,
		-0.487099,
		1
	},
	[0.266666666667] = {
		-0.141786,
		0.232202,
		-0.962278,
		0,
		0.955496,
		0.28615,
		-0.071737,
		0,
		0.258698,
		-0.929624,
		-0.26244,
		0,
		0.562536,
		0.036225,
		-0.453222,
		1
	},
	[0.2] = {
		-0.544664,
		0.070413,
		-0.835693,
		0,
		0.783323,
		0.398664,
		-0.476941,
		0,
		0.299578,
		-0.91439,
		-0.272294,
		0,
		0.452474,
		-0.049907,
		-0.532231,
		1
	},
	[0.333333333333] = {
		-0.226655,
		0.33937,
		-0.912938,
		0,
		0.722897,
		0.686783,
		0.075827,
		0,
		0.652723,
		-0.642773,
		-0.400992,
		0,
		0.488725,
		0.355337,
		-0.435175,
		1
	},
	[0.366666666667] = {
		-0.587974,
		0.143886,
		-0.79598,
		0,
		-0.016497,
		0.981714,
		0.189646,
		0,
		0.808712,
		0.124638,
		-0.574849,
		0,
		0.19769,
		0.670377,
		-0.284324,
		1
	},
	[0.3] = {
		-0.04388,
		0.291138,
		-0.955674,
		0,
		0.917278,
		0.390748,
		0.076921,
		0,
		0.395822,
		-0.873244,
		-0.284201,
		0,
		0.573133,
		0.149136,
		-0.430865,
		1
	},
	[0.433333333333] = {
		-0.943711,
		-0.155017,
		-0.292196,
		0,
		-0.135048,
		-0.625826,
		0.768182,
		0,
		-0.301945,
		0.764403,
		0.569665,
		0,
		-0.231408,
		0.530245,
		0.238598,
		1
	},
	[0.466666666667] = {
		-0.952209,
		-0.010992,
		-0.305248,
		0,
		-0.088787,
		-0.94624,
		0.311043,
		0,
		-0.292257,
		0.32328,
		0.900042,
		0,
		-0.341384,
		0.270255,
		0.379722,
		1
	},
	[0.4] = {
		-0.914122,
		0.133162,
		-0.382949,
		0,
		-0.325007,
		0.324007,
		0.888476,
		0,
		0.242389,
		0.936636,
		-0.252903,
		0,
		-0.029116,
		0.729677,
		-0.05298,
		1
	},
	[0.533333333333] = {
		-0.740619,
		0.117812,
		-0.661516,
		0,
		0.033322,
		-0.976857,
		-0.21128,
		0,
		-0.671099,
		-0.178521,
		0.719553,
		0,
		-0.256191,
		-0.50623,
		0.369108,
		1
	},
	[0.566666666667] = {
		-0.763799,
		0.194275,
		-0.615523,
		0,
		0.002571,
		-0.952704,
		-0.303889,
		0,
		-0.645449,
		-0.233692,
		0.727175,
		0,
		-0.167203,
		-0.594123,
		0.153127,
		1
	},
	[0.5] = {
		-0.860865,
		0.223074,
		-0.457328,
		0,
		-0.178089,
		-0.974022,
		-0.139874,
		0,
		-0.47665,
		-0.038968,
		0.878229,
		0,
		-0.310025,
		-0.129017,
		0.419078,
		1
	},
	[0.633333333333] = {
		-0.742691,
		0.344596,
		-0.574164,
		0,
		-0.072825,
		-0.893908,
		-0.442296,
		0,
		-0.665663,
		-0.286676,
		0.688992,
		0,
		-0.078978,
		-0.673897,
		-0.261187,
		1
	},
	[0.666666666667] = {
		-0.699124,
		0.395306,
		-0.595785,
		0,
		-0.102501,
		-0.880069,
		-0.46365,
		0,
		-0.707615,
		-0.26308,
		0.655797,
		0,
		-0.060482,
		-0.678042,
		-0.382269,
		1
	},
	[0.6] = {
		-0.772029,
		0.290801,
		-0.56516,
		0,
		-0.042372,
		-0.910764,
		-0.410748,
		0,
		-0.634173,
		-0.293162,
		0.715458,
		0,
		-0.108601,
		-0.656931,
		-0.129298,
		1
	},
	[0.733333333333] = {
		-0.564822,
		0.481133,
		-0.670438,
		0,
		-0.161105,
		-0.861101,
		-0.482235,
		0,
		-0.809333,
		-0.164366,
		0.563882,
		0,
		-0.044427,
		-0.594015,
		-0.530608,
		1
	},
	[0.766666666667] = {
		-0.472297,
		0.510933,
		-0.71825,
		0,
		-0.191347,
		-0.854859,
		-0.482288,
		0,
		-0.860419,
		-0.090349,
		0.501513,
		0,
		-0.044361,
		-0.547322,
		-0.57851,
		1
	},
	[0.7] = {
		-0.640213,
		0.441576,
		-0.6286,
		0,
		-0.131726,
		-0.869263,
		-0.476476,
		0,
		-0.75682,
		-0.222243,
		0.61468,
		0,
		-0.050111,
		-0.645162,
		-0.473259,
		1
	},
	[0.833333333333] = {
		-0.238322,
		0.527372,
		-0.815525,
		0,
		-0.257407,
		-0.843989,
		-0.470557,
		0,
		-0.936453,
		0.097778,
		0.336891,
		0,
		-0.050535,
		-0.46281,
		-0.656966,
		1
	},
	[0.866666666667] = {
		-0.102449,
		0.507977,
		-0.855257,
		0,
		-0.293678,
		-0.836902,
		-0.461896,
		0,
		-0.950398,
		0.20385,
		0.234921,
		0,
		-0.054414,
		-0.420462,
		-0.689566,
		1
	},
	[0.8] = {
		-0.363003,
		0.527498,
		-0.768098,
		0,
		-0.223096,
		-0.849553,
		-0.478004,
		0,
		-0.904686,
		-0.002157,
		0.426073,
		0,
		-0.046981,
		-0.503956,
		-0.620285,
		1
	},
	[0.933333333333] = {
		0.18023,
		0.409165,
		-0.894484,
		0,
		-0.369635,
		-0.814549,
		-0.447079,
		0,
		-0.91153,
		0.41121,
		0.004435,
		0,
		-0.062911,
		-0.325424,
		-0.742907,
		1
	},
	[0.966666666667] = {
		0.314069,
		0.333589,
		-0.888864,
		0,
		-0.407101,
		-0.798478,
		-0.443512,
		0,
		-0.857688,
		0.50115,
		-0.114973,
		0,
		-0.066896,
		-0.274913,
		-0.762772,
		1
	},
	[0.9] = {
		0.039221,
		0.468263,
		-0.882718,
		0,
		-0.331406,
		-0.827301,
		-0.45359,
		0,
		-0.942673,
		0.310329,
		0.122738,
		0,
		-0.058634,
		-0.374356,
		-0.718415,
		1
	},
	[1.03333333333] = {
		0.539867,
		0.151229,
		-0.828054,
		0,
		-0.4745,
		-0.75786,
		-0.44777,
		0,
		-0.695265,
		0.634648,
		-0.337385,
		0,
		-0.073289,
		-0.174898,
		-0.788287,
		1
	},
	[1.06666666667] = {
		0.626251,
		0.05442,
		-0.777719,
		0,
		-0.5023,
		-0.734754,
		-0.455886,
		0,
		-0.596242,
		0.676148,
		-0.432805,
		0,
		-0.07627,
		-0.128208,
		-0.79399,
		1
	},
	[1.13333333333] = {
		0.745662,
		-0.130142,
		-0.653492,
		0,
		-0.543094,
		-0.686923,
		-0.482893,
		0,
		-0.386054,
		0.714982,
		-0.582892,
		0,
		-0.085109,
		-0.044031,
		-0.79024,
		1
	},
	[1.16666666667] = {
		0.782203,
		-0.212923,
		-0.58551,
		0,
		-0.555667,
		-0.663449,
		-0.501069,
		0,
		-0.281767,
		0.717286,
		-0.637266,
		0,
		-0.087274,
		-0.00316,
		-0.772942,
		1
	},
	[1.1] = {
		0.694394,
		-0.040384,
		-0.718461,
		0,
		-0.525267,
		-0.710872,
		-0.467714,
		0,
		-0.491846,
		0.702161,
		-0.514837,
		0,
		-0.079934,
		-0.084858,
		-0.794921,
		1
	},
	[1.23333333333] = {
		0.820902,
		-0.354275,
		-0.447894,
		0,
		-0.564853,
		-0.619129,
		-0.545546,
		0,
		-0.08403,
		0.700834,
		-0.708357,
		0,
		-0.084358,
		0.047102,
		-0.716416,
		1
	},
	[1.2] = {
		0.806474,
		-0.287729,
		-0.516538,
		0,
		-0.562948,
		-0.640793,
		-0.521991,
		0,
		-0.180802,
		0.711756,
		-0.67876,
		0,
		-0.086387,
		0.028531,
		-0.736714,
		1
	}
}

return spline_matrices
