-- chunkname: @content/characters/player/human/first_person/animations/axe/attack_stab.lua

local spline_matrices = {
	[0.0333333333333] = {
		0.996066,
		0.088567,
		0.002779,
		0,
		-0.005031,
		0.087838,
		-0.996122,
		0,
		-0.088468,
		0.99219,
		0.087938,
		0,
		0.391689,
		-0.525565,
		-0.261646,
		1
	},
	[0.0666666666667] = {
		0.995625,
		0.093315,
		0.004774,
		0,
		-0.003662,
		0.090021,
		-0.995933,
		0,
		-0.093365,
		0.991559,
		0.089969,
		0,
		0.394665,
		-0.523107,
		-0.262098,
		1
	},
	[0] = {
		0.996247,
		0.08654,
		0.001934,
		0,
		-0.005615,
		0.086906,
		-0.996201,
		0,
		-0.086379,
		0.992451,
		0.087066,
		0,
		0.390417,
		-0.526609,
		-0.261448,
		1
	},
	[0.133333333333] = {
		0.994642,
		0.102991,
		0.008912,
		0,
		-0.000863,
		0.094477,
		-0.995527,
		0,
		-0.103372,
		0.990185,
		0.09406,
		0,
		0.400718,
		-0.518048,
		-0.262962,
		1
	},
	[0.166666666667] = {
		0.994387,
		0.105338,
		0.00993,
		0,
		-0.000182,
		0.09556,
		-0.995424,
		0,
		-0.105805,
		0.989834,
		0.095042,
		0,
		0.402184,
		-0.51681,
		-0.26316,
		1
	},
	[0.1] = {
		0.995084,
		0.098784,
		0.0071,
		0,
		-0.002082,
		0.092538,
		-0.995707,
		0,
		-0.099017,
		0.990797,
		0.092289,
		0,
		0.398088,
		-0.520256,
		-0.262596,
		1
	},
	[0.233333333333] = {
		0.994198,
		0.107039,
		0.010672,
		0,
		0.000312,
		0.096345,
		-0.995348,
		0,
		-0.107569,
		0.989576,
		0.095752,
		0,
		0.403246,
		-0.51591,
		-0.263301,
		1
	},
	[0.266666666667] = {
		0.861462,
		0.089649,
		0.499847,
		0,
		0.483892,
		0.153685,
		-0.861528,
		0,
		-0.154054,
		0.984045,
		0.089013,
		0,
		0.312287,
		-0.093154,
		-0.150952,
		1
	},
	[0.2] = {
		0.994242,
		0.106638,
		0.010497,
		0,
		0.000195,
		0.09616,
		-0.995366,
		0,
		-0.107153,
		0.989637,
		0.095585,
		0,
		0.402996,
		-0.516122,
		-0.263268,
		1
	},
	[0.333333333333] = {
		0.450676,
		-0.015663,
		0.89255,
		0,
		0.885128,
		0.137684,
		-0.444512,
		0,
		-0.115927,
		0.990352,
		0.075915,
		0,
		0.090511,
		0.689167,
		-0.066661,
		1
	},
	[0.366666666667] = {
		0.452836,
		-0.026952,
		0.891186,
		0,
		0.881645,
		0.162436,
		-0.443076,
		0,
		-0.132819,
		0.986351,
		0.097319,
		0,
		0.093608,
		0.66866,
		-0.076771,
		1
	},
	[0.3] = {
		0.618114,
		0.030859,
		0.785483,
		0,
		0.774605,
		0.146264,
		-0.6153,
		0,
		-0.133875,
		0.988764,
		0.066505,
		0,
		0.174671,
		0.396817,
		-0.093814,
		1
	},
	[0.433333333333] = {
		0.452773,
		-0.005898,
		0.891606,
		0,
		0.880865,
		0.157848,
		-0.446274,
		0,
		-0.138107,
		0.987446,
		0.076664,
		0,
		0.082619,
		0.668258,
		-0.060213,
		1
	},
	[0.466666666667] = {
		0.453848,
		0.006057,
		0.891059,
		0,
		0.879579,
		0.157091,
		-0.449069,
		0,
		-0.142697,
		0.987566,
		0.065967,
		0,
		0.081042,
		0.670478,
		-0.053844,
		1
	},
	[0.4] = {
		0.453791,
		-0.026571,
		0.890712,
		0,
		0.880219,
		0.169147,
		-0.4434,
		0,
		-0.13888,
		0.985233,
		0.100146,
		0,
		0.09058,
		0.66908,
		-0.075768,
		1
	},
	[0.533333333333] = {
		0.457889,
		0.022756,
		0.888718,
		0,
		0.874933,
		0.165656,
		-0.455028,
		0,
		-0.157576,
		0.985921,
		0.055942,
		0,
		0.091471,
		0.67955,
		-0.047422,
		1
	},
	[0.566666666667] = {
		0.459931,
		0.030175,
		0.887442,
		0,
		0.872512,
		0.170225,
		-0.457981,
		0,
		-0.164884,
		0.984943,
		0.051963,
		0,
		0.097493,
		0.684418,
		-0.044335,
		1
	},
	[0.5] = {
		0.455788,
		0.014635,
		0.889968,
		0,
		0.877387,
		0.160923,
		-0.451991,
		0,
		-0.149831,
		0.986859,
		0.060506,
		0,
		0.085115,
		0.674645,
		-0.050558,
		1
	},
	[0.633333333333] = {
		0.464826,
		0.038796,
		0.884552,
		0,
		0.869382,
		0.169187,
		-0.464275,
		0,
		-0.167667,
		0.98482,
		0.044914,
		0,
		0.101668,
		0.690898,
		-0.043113,
		1
	},
	[0.666666666667] = {
		0.470471,
		0.033252,
		0.881789,
		0,
		0.869618,
		0.152103,
		-0.469713,
		0,
		-0.149742,
		0.987805,
		0.042643,
		0,
		0.109955,
		0.691292,
		-0.04567,
		1
	},
	[0.6] = {
		0.461722,
		0.037133,
		0.886247,
		0,
		0.870443,
		0.173315,
		-0.46075,
		0,
		-0.170709,
		0.984166,
		0.047701,
		0,
		0.100577,
		0.68843,
		-0.041579,
		1
	},
	[0.733333333333] = {
		0.471468,
		0.046964,
		0.880632,
		0,
		0.869843,
		0.139684,
		-0.473141,
		0,
		-0.145231,
		0.989082,
		0.025005,
		0,
		0.134737,
		0.690309,
		-0.038169,
		1
	},
	[0.766666666667] = {
		0.460613,
		0.057952,
		0.885707,
		0,
		0.871304,
		0.160818,
		-0.463645,
		0,
		-0.169307,
		0.985281,
		0.023581,
		0,
		0.128533,
		0.678758,
		-0.042837,
		1
	},
	[0.7] = {
		0.473465,
		0.039839,
		0.879911,
		0,
		0.869645,
		0.137429,
		-0.474164,
		0,
		-0.139816,
		0.98971,
		0.030422,
		0,
		0.124671,
		0.690834,
		-0.038806,
		1
	},
	[0.833333333333] = {
		0.434917,
		0.102946,
		0.894567,
		0,
		0.870347,
		0.206752,
		-0.446934,
		0,
		-0.230964,
		0.972962,
		0.000321,
		0,
		0.283852,
		0.44052,
		-0.020155,
		1
	},
	[0.866666666667] = {
		0.426712,
		0.122593,
		0.89604,
		0,
		0.868775,
		0.219729,
		-0.44379,
		0,
		-0.251292,
		0.967828,
		-0.012744,
		0,
		0.45386,
		0.188809,
		0.002578,
		1
	},
	[0.8] = {
		0.446991,
		0.074217,
		0.891454,
		0,
		0.871961,
		0.186335,
		-0.45273,
		0,
		-0.199709,
		0.979679,
		0.018576,
		0,
		0.148195,
		0.628444,
		-0.043706,
		1
	},
	[0.933333333333] = {
		0.45637,
		-0.013773,
		0.889684,
		0,
		0.877984,
		0.169309,
		-0.447748,
		0,
		-0.144464,
		0.985467,
		0.08936,
		0,
		0.624503,
		-0.201535,
		-0.029258,
		1
	},
	[0.966666666667] = {
		0.840049,
		-0.241359,
		0.485863,
		0,
		0.490928,
		-0.04295,
		-0.870141,
		0,
		0.230884,
		0.969485,
		0.082409,
		0,
		0.562093,
		-0.208282,
		-0.219414,
		1
	},
	[0.9] = {
		0.432737,
		0.095474,
		0.89645,
		0,
		0.871118,
		0.211773,
		-0.443063,
		0,
		-0.232145,
		0.972644,
		0.008473,
		0,
		0.569016,
		-0.054967,
		0.000294,
		1
	},
	[1.03333333333] = {
		0.83764,
		-0.451574,
		-0.307311,
		0,
		-0.478706,
		-0.335949,
		-0.811159,
		0,
		0.263058,
		0.826571,
		-0.497576,
		0,
		0.418349,
		-0.240149,
		-0.503144,
		1
	},
	[1.06666666667] = {
		0.927325,
		-0.268505,
		-0.260717,
		0,
		-0.316542,
		-0.191037,
		-0.929142,
		0,
		0.199673,
		0.944145,
		-0.262147,
		0,
		0.405571,
		-0.34437,
		-0.416322,
		1
	},
	{
		0.871943,
		-0.446102,
		-0.201763,
		0,
		-0.363077,
		-0.312686,
		-0.877726,
		0,
		0.328466,
		0.838582,
		-0.434614,
		0,
		0.457539,
		-0.212366,
		-0.470333,
		1
	},
	[1.13333333333] = {
		0.995277,
		0.096926,
		0.005468,
		0,
		-0.003046,
		0.087483,
		-0.996161,
		0,
		-0.097032,
		0.991439,
		0.087365,
		0,
		0.3968,
		-0.52234,
		-0.260401,
		1
	},
	[1.16666666667] = {
		0.995713,
		0.092414,
		0.003917,
		0,
		-0.004163,
		0.087077,
		-0.996193,
		0,
		-0.092403,
		0.991906,
		0.087089,
		0,
		0.394032,
		-0.524243,
		-0.260779,
		1
	},
	[1.1] = {
		0.994416,
		-0.021823,
		-0.10325,
		0,
		-0.103364,
		-0.004132,
		-0.994635,
		0,
		0.02128,
		0.999753,
		-0.006364,
		0,
		0.399872,
		-0.464037,
		-0.311279,
		1
	},
	[1.23333333333] = {
		0.996222,
		0.086821,
		0.002029,
		0,
		-0.005545,
		0.086907,
		-0.996201,
		0,
		-0.086667,
		0.992426,
		0.08706,
		0,
		0.390591,
		-0.526498,
		-0.261412,
		1
	},
	[1.2] = {
		0.99604,
		0.088861,
		0.002712,
		0,
		-0.005041,
		0.086911,
		-0.996203,
		0,
		-0.08876,
		0.992245,
		0.087015,
		0,
		0.391847,
		-0.525693,
		-0.261152,
		1
	}
}

return spline_matrices
