local spline_matrices = {
	[0] = {
		-0.879283,
		0.452148,
		0.149746,
		0,
		0.388852,
		0.49989,
		0.773889,
		0,
		0.275056,
		0.738696,
		-0.615364,
		0,
		-0.07036,
		0.06213,
		-0.77382,
		1
	},
	{
		-0.863319,
		0.434553,
		0.256601,
		0,
		0.479781,
		0.549069,
		0.684349,
		0,
		0.156495,
		0.713923,
		-0.682512,
		0,
		-0.132706,
		0.027892,
		-0.759897,
		1
	},
	[0.0333333333333] = {
		-0.775279,
		0.62897,
		0.057788,
		0,
		0.422805,
		0.448825,
		0.787269,
		0,
		0.469231,
		0.634786,
		-0.613896,
		0,
		-0.03876,
		0.071596,
		-0.766582,
		1
	},
	[0.0666666666667] = {
		0.345007,
		0.908725,
		0.234925,
		0,
		0.316253,
		-0.348204,
		0.882462,
		0,
		0.883716,
		-0.23016,
		-0.407519,
		0,
		0.137193,
		0.141176,
		-0.695596,
		1
	},
	[0.133333333333] = {
		0.731109,
		0.248575,
		0.635366,
		0,
		-0.269584,
		-0.75023,
		0.603721,
		0,
		0.626741,
		-0.61267,
		-0.481489,
		0,
		0.443688,
		0.314847,
		-0.481778,
		1
	},
	[0.166666666667] = {
		0.674732,
		-0.058741,
		0.735721,
		0,
		-0.442724,
		-0.829789,
		0.339772,
		0,
		0.590535,
		-0.554977,
		-0.585892,
		0,
		0.555663,
		0.415961,
		-0.383719,
		1
	},
	[0.1] = {
		0.66497,
		0.599777,
		0.445064,
		0,
		0.017076,
		-0.607959,
		0.793785,
		0,
		0.746675,
		-0.520243,
		-0.414517,
		0,
		0.292138,
		0.224502,
		-0.587219,
		1
	},
	[0.233333333333] = {
		0.655284,
		-0.218222,
		0.723175,
		0,
		0.022294,
		-0.951358,
		-0.307279,
		0,
		0.755054,
		0.217478,
		-0.618544,
		0,
		0.409101,
		0.654204,
		-0.187597,
		1
	},
	[0.266666666667] = {
		0.584242,
		-0.178391,
		0.791731,
		0,
		0.667817,
		-0.448672,
		-0.593897,
		0,
		0.461174,
		0.875711,
		-0.143,
		0,
		0.094358,
		0.754293,
		-0.034959,
		1
	},
	[0.2] = {
		0.641531,
		-0.263875,
		0.720283,
		0,
		-0.429564,
		-0.901519,
		0.052327,
		0,
		0.635541,
		-0.342977,
		-0.691704,
		0,
		0.570134,
		0.520185,
		-0.290762,
		1
	},
	[0.333333333333] = {
		0.646397,
		0.177432,
		0.742084,
		0,
		0.333033,
		0.80944,
		-0.483627,
		0,
		-0.686484,
		0.559754,
		0.464129,
		0,
		-0.438237,
		0.327558,
		0.230169,
		1
	},
	[0.366666666667] = {
		0.505247,
		0.048517,
		0.86161,
		0,
		0.179346,
		0.970716,
		-0.159829,
		0,
		-0.844133,
		0.235279,
		0.48175,
		0,
		-0.493427,
		0.07316,
		0.186346,
		1
	},
	[0.3] = {
		0.72713,
		-0.135065,
		0.673082,
		0,
		0.678305,
		0.292395,
		-0.674098,
		0,
		-0.105759,
		0.946711,
		0.304225,
		0,
		-0.188257,
		0.625391,
		0.115487,
		1
	},
	[0.433333333333] = {
		0.222436,
		-0.293763,
		0.929637,
		0,
		0.009029,
		0.954106,
		0.299334,
		0,
		-0.974905,
		-0.05819,
		0.21488,
		0,
		-0.478111,
		-0.20483,
		-0.025141,
		1
	},
	[0.466666666667] = {
		0.068024,
		-0.34704,
		0.93538,
		0,
		-0.067692,
		0.933786,
		0.351371,
		0,
		-0.995385,
		-0.08722,
		0.040028,
		0,
		-0.471871,
		-0.231124,
		-0.117706,
		1
	},
	[0.4] = {
		0.360966,
		-0.172116,
		0.916559,
		0,
		0.096923,
		0.984423,
		0.146689,
		0,
		-0.927529,
		0.035886,
		0.372025,
		0,
		-0.4885,
		-0.141355,
		0.076441,
		1
	},
	[0.533333333333] = {
		-0.280984,
		-0.338445,
		0.898055,
		0,
		-0.136405,
		0.940338,
		0.311702,
		0,
		-0.949969,
		-0.034916,
		-0.310386,
		0,
		-0.447823,
		-0.252965,
		-0.303313,
		1
	},
	[0.566666666667] = {
		-0.446358,
		-0.297941,
		0.843799,
		0,
		-0.124451,
		0.95445,
		0.271178,
		0,
		-0.886158,
		0.01603,
		-0.463105,
		0,
		-0.425283,
		-0.247804,
		-0.390099,
		1
	},
	[0.5] = {
		-0.10379,
		-0.358862,
		0.927602,
		0,
		-0.11796,
		0.930498,
		0.346783,
		0,
		-0.987579,
		-0.073428,
		-0.138907,
		0,
		-0.461947,
		-0.246924,
		-0.210698,
		1
	},
	[0.633333333333] = {
		-0.687892,
		-0.220341,
		0.691559,
		0,
		-0.049829,
		0.964895,
		0.257864,
		0,
		-0.7241,
		0.142923,
		-0.674724,
		0,
		-0.375194,
		-0.224614,
		-0.527289,
		1
	},
	[0.666666666667] = {
		-0.775898,
		-0.16725,
		0.608285,
		0,
		0.022531,
		0.956255,
		0.291666,
		0,
		-0.630456,
		0.240008,
		-0.738188,
		0,
		-0.344515,
		-0.196596,
		-0.583172,
		1
	},
	[0.6] = {
		-0.583898,
		-0.254149,
		0.77102,
		0,
		-0.092101,
		0.96434,
		0.248124,
		0,
		-0.806586,
		0.073868,
		-0.586484,
		0,
		-0.400266,
		-0.23776,
		-0.465893,
		1
	},
	[0.733333333333] = {
		-0.893744,
		0.016114,
		0.448287,
		0,
		0.224674,
		0.88105,
		0.416261,
		0,
		-0.388256,
		0.472749,
		-0.791054,
		0,
		-0.268424,
		-0.106506,
		-0.680678,
		1
	},
	[0.766666666667] = {
		-0.914049,
		0.130062,
		0.384185,
		0,
		0.322058,
		0.808519,
		0.49252,
		0,
		-0.246563,
		0.573918,
		-0.780913,
		0,
		-0.227095,
		-0.057579,
		-0.718128,
		1
	},
	[0.7] = {
		-0.846628,
		-0.086821,
		0.525056,
		0,
		0.119277,
		0.930548,
		0.346199,
		0,
		-0.518647,
		0.355728,
		-0.777472,
		0,
		-0.308477,
		-0.155192,
		-0.63489,
		1
	},
	[0.833333333333] = {
		-0.89386,
		0.331695,
		0.30165,
		0,
		0.448171,
		0.642243,
		0.621825,
		0,
		0.012524,
		0.691015,
		-0.722732,
		0,
		-0.159459,
		0.014778,
		-0.761609,
		1
	},
	[0.866666666667] = {
		-0.876007,
		0.395219,
		0.276429,
		0,
		0.471861,
		0.583716,
		0.660775,
		0,
		0.099795,
		0.70928,
		-0.697828,
		0,
		-0.144028,
		0.02825,
		-0.766864,
		1
	},
	[0.8] = {
		-0.910844,
		0.239975,
		0.33582,
		0,
		0.398491,
		0.723287,
		0.563968,
		0,
		-0.107556,
		0.647508,
		-0.75443,
		0,
		-0.188962,
		-0.015317,
		-0.745357,
		1
	},
	[0.933333333333] = {
		-0.859397,
		0.444566,
		0.252581,
		0,
		0.482011,
		0.539592,
		0.690293,
		0,
		0.17059,
		0.714983,
		-0.67801,
		0,
		-0.134957,
		0.030795,
		-0.764498,
		1
	},
	[0.966666666667] = {
		-0.859553,
		0.444407,
		0.252331,
		0,
		0.481764,
		0.539905,
		0.690222,
		0,
		0.170505,
		0.714846,
		-0.678176,
		0,
		-0.133204,
		0.029757,
		-0.762366,
		1
	},
	[0.9] = {
		-0.864665,
		0.430039,
		0.259655,
		0,
		0.479538,
		0.552605,
		0.681668,
		0,
		0.149657,
		0.713929,
		-0.684038,
		0,
		-0.138442,
		0.03059,
		-0.766095,
		1
	},
	[1.03333333333] = {
		-0.868703,
		0.419602,
		0.263227,
		0,
		0.476517,
		0.562858,
		0.675368,
		0,
		0.135226,
		0.712127,
		-0.688904,
		0,
		-0.132958,
		0.025431,
		-0.757253,
		1
	},
	[1.06666666667] = {
		-0.873762,
		0.404481,
		0.270064,
		0,
		0.47286,
		0.576625,
		0.666264,
		0,
		0.113765,
		0.709859,
		-0.695096,
		0,
		-0.133453,
		0.022951,
		-0.754606,
		1
	},
	[1.1] = {
		-0.876927,
		0.39438,
		0.274705,
		0,
		0.47022,
		0.585719,
		0.660172,
		0,
		0.099459,
		0.708094,
		-0.699078,
		0,
		-0.133709,
		0.021083,
		-0.752155,
		1
	}
}

return spline_matrices
