-- chunkname: @content/characters/player/human/first_person/animations/axe/attack_left.lua

local spline_matrices = {
	[0.0166666666667] = {
		0.841828,
		0.019038,
		-0.53941,
		0,
		-0.526788,
		0.246648,
		-0.813424,
		0,
		0.117559,
		0.968918,
		0.217664,
		0,
		0.185644,
		-0.531577,
		-0.36475,
		1,
	},
	[0.0333333333333] = {
		0.805277,
		-0.460634,
		-0.373288,
		0,
		-0.176411,
		0.414933,
		-0.892586,
		0,
		0.566046,
		0.784631,
		0.252875,
		0,
		0.36939,
		-0.423637,
		-0.377813,
		1,
	},
	[0.05] = {
		0.584823,
		-0.67767,
		-0.445808,
		0,
		0.115893,
		0.61376,
		-0.78094,
		0,
		0.802839,
		0.405046,
		0.437478,
		0,
		0.513577,
		-0.262951,
		-0.323004,
		1,
	},
	[0.0666666666667] = {
		0.286614,
		-0.503137,
		-0.815294,
		0,
		0.327683,
		0.851155,
		-0.410072,
		0,
		0.900264,
		-0.149626,
		0.408823,
		0,
		0.636378,
		-0.085749,
		-0.233916,
		1,
	},
	[0.0833333333333] = {
		0.04229,
		-0.041253,
		-0.998253,
		0,
		0.403854,
		0.91459,
		-0.020687,
		0,
		0.913846,
		-0.402274,
		0.055338,
		0,
		0.686112,
		0.056888,
		-0.133394,
		1,
	},
	[0] = {
		0.647215,
		0.239125,
		-0.723831,
		0,
		-0.677093,
		-0.255911,
		-0.689967,
		0,
		-0.350225,
		0.936658,
		-0.003719,
		0,
		0.00017,
		-0.573336,
		-0.374783,
		1,
	},
	[0.116666666667] = {
		0.111347,
		0.131228,
		-0.985079,
		0,
		0.43113,
		0.886727,
		0.166858,
		0,
		0.895393,
		-0.443276,
		0.042158,
		0,
		0.666486,
		0.178598,
		-0.050779,
		1,
	},
	[0.133333333333] = {
		0.190421,
		0.078379,
		-0.978569,
		0,
		0.429376,
		0.889757,
		0.154819,
		0,
		0.882823,
		-0.449655,
		0.135774,
		0,
		0.656999,
		0.214836,
		-0.044219,
		1,
	},
	[0.15] = {
		0.190671,
		0.066475,
		-0.979401,
		0,
		0.418518,
		0.896982,
		0.142359,
		0,
		0.887968,
		-0.437041,
		0.143208,
		0,
		0.652863,
		0.238724,
		-0.029148,
		1,
	},
	[0.166666666667] = {
		0.191091,
		0.038671,
		-0.98081,
		0,
		0.391477,
		0.913312,
		0.112281,
		0,
		0.900128,
		-0.405421,
		0.159387,
		0,
		0.650757,
		0.257221,
		-0.018612,
		1,
	},
	[0.183333333333] = {
		0.190841,
		0.005557,
		-0.981605,
		0,
		0.352685,
		0.932823,
		0.073849,
		0,
		0.916075,
		-0.360291,
		0.176061,
		0,
		0.648874,
		0.274878,
		-0.01193,
		1,
	},
	[0.1] = {
		-0.004022,
		0.170333,
		-0.985378,
		0,
		0.416692,
		0.896047,
		0.153191,
		0,
		0.909039,
		-0.409983,
		-0.074581,
		0,
		0.678242,
		0.135654,
		-0.068897,
		1,
	},
	[0.216666666667] = {
		0.185772,
		-0.034139,
		-0.982,
		0,
		0.258773,
		0.965816,
		0.015378,
		0,
		0.947906,
		-0.256971,
		0.188256,
		0,
		0.638447,
		0.325839,
		-0.007443,
		1,
	},
	[0.233333333333] = {
		0.178519,
		-0.03111,
		-0.983444,
		0,
		0.223008,
		0.974769,
		0.009646,
		0,
		0.958331,
		-0.221038,
		0.180953,
		0,
		0.610858,
		0.366585,
		-0.012265,
		1,
	},
	[0.25] = {
		0.168107,
		-0.022063,
		-0.985522,
		0,
		0.190905,
		0.981551,
		0.01059,
		0,
		0.967107,
		-0.189922,
		0.169217,
		0,
		0.557004,
		0.415836,
		-0.023652,
		1,
	},
	[0.266666666667] = {
		0.15784,
		-0.008367,
		-0.987429,
		0,
		0.132981,
		0.991035,
		0.012859,
		0,
		0.97847,
		-0.133339,
		0.157538,
		0,
		0.492428,
		0.469877,
		-0.037125,
		1,
	},
	[0.283333333333] = {
		0.15104,
		0.008805,
		-0.988488,
		0,
		0.018583,
		0.999758,
		0.011745,
		0,
		0.988353,
		-0.020143,
		0.15084,
		0,
		0.432679,
		0.525033,
		-0.048198,
		1,
	},
	[0.2] = {
		0.189243,
		-0.022237,
		-0.981679,
		0,
		0.306751,
		0.951047,
		0.037591,
		0,
		0.932787,
		-0.308245,
		0.1868,
		0,
		0.645385,
		0.296238,
		-0.008429,
		1,
	},
	[0.316666666667] = {
		0.159726,
		0.081517,
		-0.98379,
		0,
		-0.607113,
		0.793939,
		-0.032784,
		0,
		0.778397,
		0.602508,
		0.176303,
		0,
		0.327152,
		0.652711,
		-0.058168,
		1,
	},
	[0.333333333333] = {
		0.076153,
		0.120802,
		-0.989751,
		0,
		-0.82975,
		0.558119,
		0.004278,
		0,
		0.552916,
		0.82092,
		0.142737,
		0,
		0.169363,
		0.694025,
		-0.06711,
		1,
	},
	[0.35] = {
		-0.004423,
		0.149144,
		-0.988806,
		0,
		-0.966344,
		0.253703,
		0.04259,
		0,
		0.257215,
		0.955715,
		0.143002,
		0,
		-0.025999,
		0.710431,
		-0.075692,
		1,
	},
	[0.366666666667] = {
		0.070576,
		0.142872,
		-0.987222,
		0,
		-0.978567,
		-0.182027,
		-0.0963,
		0,
		-0.19346,
		0.972859,
		0.126963,
		0,
		-0.265224,
		0.577926,
		-0.07778,
		1,
	},
	[0.383333333333] = {
		-0.020563,
		0.109645,
		-0.993758,
		0,
		-0.839941,
		-0.541026,
		-0.042313,
		0,
		-0.542289,
		0.833828,
		0.10322,
		0,
		-0.398709,
		0.489419,
		-0.089747,
		1,
	},
	[0.3] = {
		0.155569,
		0.040265,
		-0.987004,
		0,
		-0.268867,
		0.963172,
		-0.003085,
		0,
		0.950531,
		0.265853,
		0.160666,
		0,
		0.395677,
		0.591415,
		-0.053568,
		1,
	},
	[0.416666666667] = {
		-0.0556,
		0.023132,
		-0.998185,
		0,
		-0.451978,
		-0.892018,
		0.004504,
		0,
		-0.890295,
		0.451408,
		0.060051,
		0,
		-0.568741,
		0.350145,
		-0.12639,
		1,
	},
	[0.433333333333] = {
		-0.055922,
		0.047412,
		-0.997309,
		0,
		-0.41425,
		-0.909942,
		-0.02003,
		0,
		-0.908443,
		0.412015,
		0.070526,
		0,
		-0.564524,
		0.315809,
		-0.140996,
		1,
	},
	[0.45] = {
		-0.052853,
		0.1072,
		-0.992832,
		0,
		-0.400176,
		-0.913173,
		-0.077296,
		0,
		-0.914913,
		0.393222,
		0.091163,
		0,
		-0.559364,
		0.284897,
		-0.150929,
		1,
	},
	[0.466666666667] = {
		-0.04494,
		0.189708,
		-0.980811,
		0,
		-0.397812,
		-0.903999,
		-0.156624,
		0,
		-0.916365,
		0.38314,
		0.116094,
		0,
		-0.553231,
		0.254002,
		-0.158931,
		1,
	},
	[0.483333333333] = {
		-0.031952,
		0.281965,
		-0.958893,
		0,
		-0.398609,
		-0.88338,
		-0.246478,
		0,
		-0.916564,
		0.374347,
		0.140619,
		0,
		-0.544488,
		0.222421,
		-0.167741,
		1,
	},
	[0.4] = {
		-0.048008,
		0.056218,
		-0.997264,
		0,
		-0.621304,
		-0.78344,
		-0.014255,
		0,
		-0.782097,
		0.61892,
		0.07254,
		0,
		-0.510608,
		0.409321,
		-0.107508,
		1,
	},
	[0.516666666667] = {
		0.010202,
		0.44647,
		-0.89474,
		0,
		-0.383121,
		-0.824761,
		-0.415919,
		0,
		-0.923642,
		0.347037,
		0.162638,
		0,
		-0.511195,
		0.159505,
		-0.19896,
		1,
	},
	[0.533333333333] = {
		0.039513,
		0.497575,
		-0.866521,
		0,
		-0.350001,
		-0.805366,
		-0.478419,
		0,
		-0.935916,
		0.322187,
		0.142329,
		0,
		-0.483874,
		0.126677,
		-0.227494,
		1,
	},
	[0.55] = {
		0.075341,
		0.516216,
		-0.853138,
		0,
		-0.290493,
		-0.807097,
		-0.514012,
		0,
		-0.953907,
		0.286556,
		0.08915,
		0,
		-0.447631,
		0.091959,
		-0.268575,
		1,
	},
	[0.566666666667] = {
		0.567734,
		0.263768,
		-0.779811,
		0,
		-0.012877,
		-0.944316,
		-0.328787,
		0,
		-0.823111,
		0.196705,
		-0.532724,
		0,
		-0.333383,
		0.044707,
		-0.390961,
		1,
	},
	[0.583333333333] = {
		0.975745,
		-0.218908,
		-0.000733,
		0,
		-0.218906,
		-0.975704,
		-0.009006,
		0,
		0.001256,
		0.008948,
		-0.999959,
		0,
		-0.151092,
		-0.01041,
		-0.56747,
		1,
	},
	[0.5] = {
		-0.013551,
		0.37138,
		-0.928382,
		0,
		-0.396615,
		-0.854301,
		-0.335956,
		0,
		-0.917885,
		0.363657,
		0.158871,
		0,
		-0.530931,
		0.191173,
		-0.180079,
		1,
	},
	[0.616666666667] = {
		0.867556,
		-0.368303,
		0.334215,
		0,
		-0.341527,
		-0.929689,
		-0.137977,
		0,
		0.361533,
		0.005559,
		-0.932343,
		0,
		0.0201,
		-0.064825,
		-0.656486,
		1,
	},
	[0.633333333333] = {
		0.919439,
		-0.297492,
		0.257159,
		0,
		-0.27128,
		-0.953285,
		-0.132875,
		0,
		0.284675,
		0.052409,
		-0.95719,
		0,
		0.076805,
		-0.08572,
		-0.655647,
		1,
	},
	[0.65] = {
		0.958421,
		-0.225372,
		0.175032,
		0,
		-0.204742,
		-0.970365,
		-0.128342,
		0,
		0.19877,
		0.087169,
		-0.976162,
		0,
		0.133547,
		-0.106627,
		-0.654744,
		1,
	},
	[0.666666666667] = {
		0.981565,
		-0.162994,
		0.099813,
		0,
		-0.150216,
		-0.980795,
		-0.124402,
		0,
		0.118173,
		0.107115,
		-0.987199,
		0,
		0.183097,
		-0.124862,
		-0.653858,
		1,
	},
	[0.683333333333] = {
		0.991796,
		-0.119677,
		0.044924,
		0,
		-0.113501,
		-0.986115,
		-0.121218,
		0,
		0.058808,
		0.115125,
		-0.991609,
		0,
		0.218213,
		-0.137769,
		-0.653077,
		1,
	},
	[0.6] = {
		0.812351,
		-0.427297,
		0.396867,
		0,
		-0.405037,
		-0.903019,
		-0.143186,
		0,
		0.419561,
		-0.044428,
		-0.906639,
		0,
		-0.029342,
		-0.046646,
		-0.657183,
		1,
	},
	[0.716666666667] = {
		0.994607,
		-0.100926,
		0.023874,
		0,
		-0.097448,
		-0.988228,
		-0.117936,
		0,
		0.035496,
		0.114974,
		-0.992734,
		0,
		0.231771,
		-0.142768,
		-0.65205,
		1,
	},
	[0.733333333333] = {
		0.994786,
		-0.099112,
		0.02403,
		0,
		-0.095719,
		-0.988699,
		-0.115378,
		0,
		0.035194,
		0.112477,
		-0.993031,
		0,
		0.231867,
		-0.142575,
		-0.651604,
		1,
	},
	[0.75] = {
		0.994969,
		-0.097204,
		0.024264,
		0,
		-0.09392,
		-0.989278,
		-0.111838,
		0,
		0.034874,
		0.108996,
		-0.99343,
		0,
		0.231928,
		-0.142171,
		-0.651163,
		1,
	},
	[0.766666666667] = {
		0.995154,
		-0.095214,
		0.024564,
		0,
		-0.092063,
		-0.989941,
		-0.107427,
		0,
		0.034546,
		0.104645,
		-0.993909,
		0,
		0.231955,
		-0.141569,
		-0.650729,
		1,
	},
	[0.783333333333] = {
		0.99534,
		-0.093156,
		0.024923,
		0,
		-0.090158,
		-0.990664,
		-0.102259,
		0,
		0.034217,
		0.099536,
		-0.994446,
		0,
		0.231951,
		-0.140781,
		-0.650308,
		1,
	},
	[0.7] = {
		0.994435,
		-0.102632,
		0.023803,
		0,
		-0.099099,
		-0.987888,
		-0.119398,
		0,
		0.035769,
		0.116375,
		-0.992561,
		0,
		0.231636,
		-0.142739,
		-0.652496,
		1,
	},
	[0.816666666667] = {
		0.9957,
		-0.088975,
		0.025781,
		0,
		-0.086328,
		-0.992184,
		-0.090104,
		0,
		0.033596,
		0.087491,
		-0.995599,
		0,
		0.231847,
		-0.138713,
		-0.649513,
		1,
	},
	[0.833333333333] = {
		0.995859,
		-0.087032,
		0.026261,
		0,
		-0.084578,
		-0.992925,
		-0.083343,
		0,
		0.033328,
		0.080777,
		-0.996175,
		0,
		0.23173,
		-0.137493,
		-0.649147,
		1,
	},
	[0.85] = {
		0.996003,
		-0.085216,
		0.026764,
		0,
		-0.082963,
		-0.993629,
		-0.076279,
		0,
		0.033093,
		0.073753,
		-0.996727,
		0,
		0.231573,
		-0.136168,
		-0.648805,
		1,
	},
	[0.866666666667] = {
		0.996132,
		-0.083525,
		0.027282,
		0,
		-0.081479,
		-0.994282,
		-0.069025,
		0,
		0.032892,
		0.066535,
		-0.997242,
		0,
		0.231383,
		-0.134744,
		-0.64849,
		1,
	},
	[0.883333333333] = {
		0.996248,
		-0.081959,
		0.027809,
		0,
		-0.080124,
		-0.994874,
		-0.061696,
		0,
		0.032723,
		0.059237,
		-0.997708,
		0,
		0.231165,
		-0.133232,
		-0.648205,
		1,
	},
	[0.8] = {
		0.995525,
		-0.091045,
		0.025332,
		0,
		-0.088215,
		-0.991421,
		-0.096447,
		0,
		0.033895,
		0.093781,
		-0.995016,
		0,
		0.231918,
		-0.139819,
		-0.649901,
		1,
	},
	[0.916666666667] = {
		0.996441,
		-0.07918,
		0.028898,
		0,
		-0.077781,
		-0.995876,
		-0.0467,
		0,
		0.032476,
		0.044286,
		-0.998491,
		0,
		0.230671,
		-0.130349,
		-0.647657,
		1,
	},
	[0.933333333333] = {
		0.996521,
		-0.077961,
		0.029453,
		0,
		-0.076785,
		-0.996279,
		-0.039134,
		0,
		0.032395,
		0.036737,
		-0.9988,
		0,
		0.230408,
		-0.129076,
		-0.647384,
		1,
	},
	[0.95] = {
		0.996591,
		-0.076854,
		0.030003,
		0,
		-0.075901,
		-0.996612,
		-0.031692,
		0,
		0.032337,
		0.029307,
		-0.999047,
		0,
		0.230143,
		-0.127917,
		-0.647118,
		1,
	},
	[0.966666666667] = {
		0.996651,
		-0.075858,
		0.030539,
		0,
		-0.075124,
		-0.996873,
		-0.024499,
		0,
		0.032302,
		0.022123,
		-0.999233,
		0,
		0.229882,
		-0.126873,
		-0.646863,
		1,
	},
	[0.983333333333] = {
		0.996702,
		-0.074971,
		0.03105,
		0,
		-0.074448,
		-0.997068,
		-0.017682,
		0,
		0.032285,
		0.015312,
		-0.999361,
		0,
		0.229631,
		-0.125946,
		-0.646623,
		1,
	},
	[0.9] = {
		0.99635,
		-0.080512,
		0.028346,
		0,
		-0.078892,
		-0.995405,
		-0.054262,
		0,
		0.032585,
		0.051828,
		-0.998124,
		0,
		0.230926,
		-0.131734,
		-0.647932,
		1,
	},
	[1.01666666667] = {
		0.996781,
		-0.073523,
		0.031962,
		0,
		-0.073379,
		-0.997288,
		-0.005676,
		0,
		0.032293,
		0.003313,
		-0.999473,
		0,
		0.229189,
		-0.124443,
		-0.646204,
		1,
	},
	[1.03333333333] = {
		0.996811,
		-0.072959,
		0.032337,
		0,
		-0.072974,
		-0.997334,
		-0.00074,
		0,
		0.032305,
		-0.001622,
		-0.999477,
		0,
		0.229005,
		-0.12387,
		-0.646034,
		1,
	},
	[1.05] = {
		0.996834,
		-0.072501,
		0.032646,
		0,
		-0.072647,
		-0.997352,
		0.003318,
		0,
		0.032319,
		-0.005679,
		-0.999461,
		0,
		0.228854,
		-0.123418,
		-0.645895,
		1,
	},
	[1.06666666667] = {
		0.996852,
		-0.072146,
		0.032878,
		0,
		-0.072393,
		-0.997356,
		0.006372,
		0,
		0.032331,
		-0.008732,
		-0.999439,
		0,
		0.228742,
		-0.123087,
		-0.645791,
		1,
	},
	[1.08333333333] = {
		0.996865,
		-0.071895,
		0.033024,
		0,
		-0.072206,
		-0.997355,
		0.008297,
		0,
		0.03234,
		-0.010655,
		-0.99942,
		0,
		0.228675,
		-0.122878,
		-0.645726,
		1,
	},
	{
		0.996745,
		-0.074194,
		0.031529,
		0,
		-0.073868,
		-0.997203,
		-0.011365,
		0,
		0.032284,
		0.008999,
		-0.999438,
		0,
		0.229399,
		-0.125136,
		-0.646402,
		1,
	},
	[1.1] = {
		0.996874,
		-0.071747,
		0.033075,
		0,
		-0.072079,
		-0.997359,
		0.008966,
		0,
		0.032344,
		-0.011322,
		-0.999413,
		0,
		0.22866,
		-0.122793,
		-0.645704,
		1,
	},
}

return spline_matrices
