local spline_matrices = {
	[0] = {
		0.647215,
		0.239125,
		-0.723831,
		0,
		-0.677093,
		-0.255911,
		-0.689967,
		0,
		-0.350225,
		0.936658,
		-0.003719,
		0,
		0.00017,
		-0.573336,
		-0.374783,
		1
	},
	{
		0.595631,
		0.06524,
		-0.800605,
		0,
		-0.777854,
		-0.201835,
		-0.595152,
		0,
		-0.200418,
		0.977244,
		-0.069472,
		0,
		0.060138,
		-0.375122,
		-0.395762,
		1
	},
	[0.0333333333333] = {
		0.805277,
		-0.460634,
		-0.373288,
		0,
		-0.176411,
		0.414933,
		-0.892586,
		0,
		0.566046,
		0.784631,
		0.252875,
		0,
		0.36939,
		-0.423637,
		-0.377813,
		1
	},
	[0.0666666666667] = {
		0.286614,
		-0.503137,
		-0.815294,
		0,
		0.327683,
		0.851155,
		-0.410072,
		0,
		0.900264,
		-0.149626,
		0.408823,
		0,
		0.636378,
		-0.085749,
		-0.233916,
		1
	},
	[0.133333333333] = {
		0.190421,
		0.078379,
		-0.978569,
		0,
		0.429376,
		0.889757,
		0.154819,
		0,
		0.882823,
		-0.449655,
		0.135774,
		0,
		0.656999,
		0.214836,
		-0.044219,
		1
	},
	[0.166666666667] = {
		0.191091,
		0.038671,
		-0.98081,
		0,
		0.391477,
		0.913312,
		0.112281,
		0,
		0.900128,
		-0.405421,
		0.159387,
		0,
		0.650757,
		0.257221,
		-0.018612,
		1
	},
	[0.1] = {
		-0.004022,
		0.170333,
		-0.985378,
		0,
		0.416692,
		0.896047,
		0.153191,
		0,
		0.909039,
		-0.409983,
		-0.074581,
		0,
		0.678242,
		0.135654,
		-0.068897,
		1
	},
	[0.233333333333] = {
		0.178519,
		-0.03111,
		-0.983444,
		0,
		0.223008,
		0.974769,
		0.009646,
		0,
		0.958331,
		-0.221038,
		0.180953,
		0,
		0.610858,
		0.366585,
		-0.012265,
		1
	},
	[0.266666666667] = {
		0.15784,
		-0.008367,
		-0.987429,
		0,
		0.132981,
		0.991035,
		0.012859,
		0,
		0.97847,
		-0.133339,
		0.157538,
		0,
		0.492428,
		0.469877,
		-0.037125,
		1
	},
	[0.2] = {
		0.189243,
		-0.022237,
		-0.981679,
		0,
		0.306751,
		0.951047,
		0.037591,
		0,
		0.932787,
		-0.308245,
		0.1868,
		0,
		0.645385,
		0.296238,
		-0.008429,
		1
	},
	[0.333333333333] = {
		0.076153,
		0.120802,
		-0.989751,
		0,
		-0.82975,
		0.558119,
		0.004278,
		0,
		0.552916,
		0.82092,
		0.142737,
		0,
		0.169363,
		0.694025,
		-0.06711,
		1
	},
	[0.366666666667] = {
		0.070576,
		0.142872,
		-0.987222,
		0,
		-0.978567,
		-0.182027,
		-0.0963,
		0,
		-0.19346,
		0.972859,
		0.126963,
		0,
		-0.265224,
		0.577926,
		-0.07778,
		1
	},
	[0.3] = {
		0.155569,
		0.040265,
		-0.987004,
		0,
		-0.268867,
		0.963172,
		-0.003085,
		0,
		0.950531,
		0.265853,
		0.160666,
		0,
		0.395677,
		0.591415,
		-0.053568,
		1
	},
	[0.433333333333] = {
		-0.056107,
		0.047455,
		-0.997296,
		0,
		-0.408803,
		-0.912394,
		-0.020417,
		0,
		-0.910896,
		0.406553,
		0.070591,
		0,
		-0.563452,
		0.313985,
		-0.143337,
		1
	},
	[0.466666666667] = {
		-0.046139,
		0.189936,
		-0.980712,
		0,
		-0.362255,
		-0.918109,
		-0.160769,
		0,
		-0.930936,
		0.34785,
		0.111166,
		0,
		-0.546536,
		0.242187,
		-0.174,
		1
	},
	[0.4] = {
		-0.048008,
		0.056218,
		-0.997264,
		0,
		-0.621304,
		-0.78344,
		-0.014255,
		0,
		-0.782097,
		0.61892,
		0.07254,
		0,
		-0.510608,
		0.409321,
		-0.107508,
		1
	},
	[0.533333333333] = {
		0.038194,
		0.497768,
		-0.866469,
		0,
		-0.310498,
		-0.818268,
		-0.483765,
		0,
		-0.949806,
		0.287514,
		0.123303,
		0,
		-0.47674,
		0.11379,
		-0.243954,
		1
	},
	[0.566666666667] = {
		0.136552,
		0.483164,
		-0.864815,
		0,
		-0.263575,
		-0.823805,
		-0.50187,
		0,
		-0.954925,
		0.296475,
		0.014858,
		0,
		-0.407563,
		0.074623,
		-0.300532,
		1
	},
	[0.5] = {
		-0.015558,
		0.371717,
		-0.928216,
		0,
		-0.336967,
		-0.875972,
		-0.345147,
		0,
		-0.941388,
		0.307408,
		0.138885,
		0,
		-0.519895,
		0.171459,
		-0.205229,
		1
	},
	[0.633333333333] = {
		0.451424,
		0.207911,
		-0.867749,
		0,
		-0.607413,
		-0.64078,
		-0.469521,
		0,
		-0.653655,
		0.739036,
		-0.162975,
		0,
		-0.131529,
		-0.164679,
		-0.387101,
		1
	},
	[0.666666666667] = {
		0.559335,
		0.101125,
		-0.82275,
		0,
		-0.758677,
		-0.337458,
		-0.557253,
		0,
		-0.333996,
		0.935893,
		-0.112031,
		0,
		-0.003562,
		-0.30831,
		-0.398332,
		1
	},
	[0.6] = {
		0.298535,
		0.346175,
		-0.889404,
		0,
		-0.359579,
		-0.822432,
		-0.440804,
		0,
		-0.88407,
		0.451406,
		-0.121047,
		0,
		-0.28278,
		-0.012946,
		-0.357327,
		1
	},
	[0.733333333333] = {
		0.59729,
		0.059432,
		-0.79982,
		0,
		-0.781892,
		-0.178896,
		-0.597195,
		0,
		-0.178577,
		0.982071,
		-0.060383,
		0,
		0.051946,
		-0.372657,
		-0.399236,
		1
	},
	[0.766666666667] = {
		0.597054,
		0.060187,
		-0.79994,
		0,
		-0.781343,
		-0.182285,
		-0.596888,
		0,
		-0.181742,
		0.981402,
		-0.061807,
		0,
		0.053124,
		-0.37307,
		-0.398695,
		1
	},
	[0.7] = {
		0.597494,
		0.058912,
		-0.799706,
		0,
		-0.78234,
		-0.175957,
		-0.597481,
		0,
		-0.175913,
		0.982633,
		-0.059044,
		0,
		0.050959,
		-0.372248,
		-0.399745,
		1
	},
	[0.833333333333] = {
		0.596527,
		0.062361,
		-0.800167,
		0,
		-0.780072,
		-0.189469,
		-0.596313,
		0,
		-0.188793,
		0.979904,
		-0.064377,
		0,
		0.055764,
		-0.373731,
		-0.397714,
		1
	},
	[0.866666666667] = {
		0.596285,
		0.063524,
		-0.800255,
		0,
		-0.779498,
		-0.192483,
		-0.596098,
		0,
		-0.191902,
		0.979242,
		-0.065258,
		0,
		0.056928,
		-0.373914,
		-0.397377,
		1
	},
	[0.8] = {
		0.596791,
		0.061213,
		-0.800058,
		0,
		-0.78071,
		-0.18595,
		-0.596586,
		0,
		-0.18529,
		0.980651,
		-0.063183,
		0,
		0.054452,
		-0.373439,
		-0.39817,
		1
	},
	[0.933333333333] = {
		0.595887,
		0.065313,
		-0.800408,
		0,
		-0.778545,
		-0.197441,
		-0.595722,
		0,
		-0.196942,
		0.978137,
		-0.066803,
		0,
		0.058819,
		-0.37425,
		-0.396785,
		1
	},
	[0.966666666667] = {
		0.595739,
		0.065434,
		-0.800508,
		0,
		-0.778167,
		-0.199764,
		-0.595442,
		0,
		-0.198875,
		0.977657,
		-0.068088,
		0,
		0.059549,
		-0.374656,
		-0.396293,
		1
	},
	[0.9] = {
		0.59607,
		0.064696,
		-0.800321,
		0,
		-0.778989,
		-0.194999,
		-0.595946,
		0,
		-0.194618,
		0.978667,
		-0.065836,
		0,
		0.057946,
		-0.373993,
		-0.397156,
		1
	},
	[1.03333333333] = {
		0.595556,
		0.064912,
		-0.800687,
		0,
		-0.777613,
		-0.203522,
		-0.594893,
		0,
		-0.201573,
		0.976916,
		-0.070732,
		0,
		0.060583,
		-0.375561,
		-0.395278,
		1
	},
	[1.06666666667] = {
		0.595505,
		0.06463,
		-0.800747,
		0,
		-0.777452,
		-0.204692,
		-0.594702,
		0,
		-0.202342,
		0.97669,
		-0.071649,
		0,
		0.060879,
		-0.375884,
		-0.394925,
		1
	},
	[1.1] = {
		0.59548,
		0.064573,
		-0.800771,
		0,
		-0.777371,
		-0.205214,
		-0.594627,
		0,
		-0.202726,
		0.976585,
		-0.072003,
		0,
		0.061027,
		-0.376003,
		-0.394789,
		1
	}
}

return spline_matrices
