-- chunkname: @content/characters/player/human/first_person/animations/axe/attack_right_down.lua

local spline_matrices = {
	[0.0333333333333] = {
		-0.664054,
		-0.656503,
		0.357822,
		0,
		-0.547293,
		0.752861,
		0.365609,
		0,
		-0.509414,
		0.046951,
		-0.85924,
		0,
		-0.184328,
		-0.268276,
		-0.157223,
		1
	},
	[0.0666666666667] = {
		0.262542,
		-0.403027,
		0.876722,
		0,
		-0.808311,
		0.404355,
		0.427937,
		0,
		-0.526977,
		-0.821015,
		-0.21961,
		0,
		-0.255433,
		-0.222608,
		-0.119555,
		1
	},
	[0] = {
		-0.770833,
		-0.627781,
		0.108201,
		0,
		-0.517636,
		0.716252,
		0.468013,
		0,
		-0.371309,
		0.304751,
		-0.877073,
		0,
		-0.140245,
		-0.287465,
		-0.172253,
		1
	},
	[0.133333333333] = {
		0.979582,
		0.016019,
		0.200404,
		0,
		-0.19718,
		0.271017,
		0.942162,
		0,
		-0.039221,
		-0.962441,
		0.268642,
		0,
		-0.207389,
		-0.118082,
		-0.008243,
		1
	},
	[0.166666666667] = {
		0.965563,
		0.075691,
		0.248915,
		0,
		-0.256696,
		0.121355,
		0.958843,
		0,
		0.042368,
		-0.989719,
		0.136605,
		0,
		-0.158416,
		-0.071917,
		0.077104,
		1
	},
	[0.1] = {
		0.963652,
		-0.064824,
		0.259178,
		0,
		-0.240601,
		0.211118,
		0.947386,
		0,
		-0.11613,
		-0.975309,
		0.187848,
		0,
		-0.261908,
		-0.16883,
		-0.070447,
		1
	},
	[0.233333333333] = {
		0.960361,
		-0.019996,
		0.278042,
		0,
		-0.278327,
		-0.124348,
		0.952403,
		0,
		0.01553,
		-0.992037,
		-0.124985,
		0,
		-0.205465,
		0.039757,
		0.226816,
		1
	},
	[0.266666666667] = {
		0.939952,
		-0.020329,
		0.340701,
		0,
		-0.319028,
		0.30241,
		0.898203,
		0,
		-0.121291,
		-0.952961,
		0.277765,
		0,
		-0.237647,
		0.154103,
		0.241761,
		1
	},
	[0.2] = {
		0.978932,
		0.048349,
		0.198381,
		0,
		-0.191382,
		-0.121389,
		0.97398,
		0,
		0.071172,
		-0.991427,
		-0.109578,
		0,
		-0.155524,
		-0.025034,
		0.166852,
		1
	},
	[0.333333333333] = {
		0.949139,
		-0.113676,
		0.293621,
		0,
		0.083363,
		0.989999,
		0.113805,
		0,
		-0.303622,
		-0.08354,
		0.949123,
		0,
		-0.11963,
		0.473204,
		0.16797,
		1
	},
	[0.366666666667] = {
		0.923001,
		-0.029392,
		0.383673,
		0,
		0.272659,
		0.753526,
		-0.59821,
		0,
		-0.271525,
		0.656761,
		0.703519,
		0,
		-0.043545,
		0.60882,
		0.036485,
		1
	},
	[0.3] = {
		0.947693,
		-0.048117,
		0.315535,
		0,
		-0.17736,
		0.742516,
		0.64592,
		0,
		-0.26537,
		-0.668098,
		0.695144,
		0,
		-0.197112,
		0.296096,
		0.230299,
		1
	},
	[0.433333333333] = {
		0.929106,
		0.001664,
		0.369809,
		0,
		0.368296,
		-0.094649,
		-0.924878,
		0,
		0.033463,
		0.995509,
		-0.088552,
		0,
		0.136552,
		0.575589,
		-0.464033,
		1
	},
	[0.466666666667] = {
		0.967954,
		0.036267,
		0.248494,
		0,
		0.219493,
		-0.602958,
		-0.766984,
		0,
		0.122015,
		0.796948,
		-0.591596,
		0,
		0.185143,
		0.439339,
		-0.626827,
		1
	},
	[0.4] = {
		0.910523,
		-0.042289,
		0.41129,
		0,
		0.366543,
		0.542806,
		-0.755651,
		0,
		-0.191295,
		0.838793,
		0.509738,
		0,
		0.057049,
		0.663481,
		-0.197308,
		1
	},
	[0.533333333333] = {
		0.998888,
		-0.00926,
		0.046238,
		0,
		0.031437,
		-0.600097,
		-0.799309,
		0,
		0.035149,
		0.799874,
		-0.599138,
		0,
		0.121915,
		-0.005132,
		-0.450978,
		1
	},
	[0.566666666667] = {
		0.999941,
		0.010216,
		0.003651,
		0,
		0.006997,
		-0.350101,
		-0.936686,
		0,
		-0.008291,
		0.936656,
		-0.350152,
		0,
		0.069058,
		-0.349114,
		-0.271123,
		1
	},
	[0.5] = {
		0.995003,
		0.000899,
		0.099837,
		0,
		0.069468,
		-0.724453,
		-0.685814,
		0,
		0.07171,
		0.689323,
		-0.720896,
		0,
		0.165843,
		0.306135,
		-0.599782,
		1
	},
	[0.633333333333] = {
		0.984777,
		-0.07078,
		-0.158756,
		0,
		-0.172321,
		-0.277875,
		-0.945035,
		0,
		0.022775,
		0.958006,
		-0.285842,
		0,
		-0.000265,
		-0.568743,
		-0.171308,
		1
	},
	[0.666666666667] = {
		0.98449,
		-0.074148,
		-0.159002,
		0,
		-0.173633,
		-0.282026,
		-0.943564,
		0,
		0.025121,
		0.956537,
		-0.290526,
		0,
		-0.001867,
		-0.569569,
		-0.168531,
		1
	},
	[0.6] = {
		0.995654,
		-0.02085,
		-0.090768,
		0,
		-0.093116,
		-0.240759,
		-0.966108,
		0,
		-0.00171,
		0.970361,
		-0.241654,
		0,
		0.021795,
		-0.54033,
		-0.178183,
		1
	},
	[0.733333333333] = {
		0.983915,
		-0.080957,
		-0.159236,
		0,
		-0.176185,
		-0.292685,
		-0.939837,
		0,
		0.029481,
		0.952776,
		-0.302241,
		0,
		-0.004884,
		-0.571572,
		-0.161545,
		1
	},
	[0.766666666667] = {
		0.983702,
		-0.08345,
		-0.159267,
		0,
		-0.177133,
		-0.297632,
		-0.938104,
		0,
		0.030881,
		0.951026,
		-0.307563,
		0,
		-0.005897,
		-0.572455,
		-0.158353,
		1
	},
	[0.7] = {
		0.984191,
		-0.077699,
		-0.159158,
		0,
		-0.17497,
		-0.287224,
		-0.941747,
		0,
		0.027458,
		0.954707,
		-0.296278,
		0,
		-0.003474,
		-0.570563,
		-0.165108,
		1
	},
	[0.833333333333] = {
		0.983577,
		-0.084717,
		-0.15937,
		0,
		-0.177795,
		-0.302814,
		-0.936319,
		0,
		0.031062,
		0.949277,
		-0.312903,
		0,
		-0.006206,
		-0.573331,
		-0.155141,
		1
	},
	[0.866666666667] = {
		0.983614,
		-0.083993,
		-0.159527,
		0,
		-0.177674,
		-0.301495,
		-0.936767,
		0,
		0.030585,
		0.949761,
		-0.311478,
		0,
		-0.005929,
		-0.5731,
		-0.156002,
		1
	},
	[0.8] = {
		0.983591,
		-0.0847,
		-0.159297,
		0,
		-0.177669,
		-0.301293,
		-0.936833,
		0,
		0.031355,
		0.949762,
		-0.311398,
		0,
		-0.00631,
		-0.573084,
		-0.156047,
		1
	},
	[0.9] = {
		0.983648,
		-0.083213,
		-0.159725,
		0,
		-0.177552,
		-0.299347,
		-0.937479,
		0,
		0.030197,
		0.950509,
		-0.309227,
		0,
		-0.005695,
		-0.572731,
		-0.157359,
		1
	}
}

return spline_matrices
