local spline_matrices = {
	[0] = {
		0.821743,
		-0.421804,
		-0.383172,
		0,
		-0.517315,
		-0.270151,
		-0.812037,
		0,
		0.239006,
		0.865506,
		-0.4402,
		0,
		-0.094785,
		0.028546,
		-0.729156,
		1
	},
	{
		0.992053,
		-0.125817,
		-0.000721,
		0,
		-0.116363,
		-0.915303,
		-0.38559,
		0,
		0.047854,
		0.38261,
		-0.92267,
		0,
		0.304756,
		-0.462817,
		-0.668191,
		1
	},
	[0.0333333333333] = {
		0.879151,
		-0.109492,
		-0.463794,
		0,
		-0.470909,
		-0.050402,
		-0.880741,
		0,
		0.073057,
		0.992709,
		-0.095872,
		0,
		-0.118311,
		0.04214,
		-0.700341,
		1
	},
	[0.0666666666667] = {
		0.865481,
		0.493981,
		-0.083225,
		0,
		-0.288893,
		0.356459,
		-0.888525,
		0,
		-0.409248,
		0.793045,
		0.451216,
		0,
		-0.188228,
		0.04647,
		-0.64105,
		1
	},
	[0.133333333333] = {
		0.204825,
		0.461163,
		0.863351,
		0,
		-0.447179,
		0.828706,
		-0.336566,
		0,
		-0.870676,
		-0.317135,
		0.375963,
		0,
		-0.31458,
		0.04878,
		-0.54504,
		1
	},
	[0.166666666667] = {
		0.119445,
		0.223014,
		0.96747,
		0,
		-0.685155,
		0.72374,
		-0.082241,
		0,
		-0.718537,
		-0.653043,
		0.239246,
		0,
		-0.36494,
		0.061627,
		-0.490158,
		1
	},
	[0.1] = {
		0.476245,
		0.654401,
		0.587325,
		0,
		-0.246544,
		0.74052,
		-0.625176,
		0,
		-0.844042,
		0.152936,
		0.514008,
		0,
		-0.260074,
		0.041846,
		-0.593528,
		1
	},
	[0.233333333333] = {
		0.264719,
		-0.230101,
		0.936471,
		0,
		-0.943035,
		0.141165,
		0.30126,
		0,
		-0.201517,
		-0.962874,
		-0.179624,
		0,
		-0.453913,
		0.130835,
		-0.38789,
		1
	},
	[0.266666666667] = {
		0.370167,
		-0.363088,
		0.855069,
		0,
		-0.927644,
		-0.095391,
		0.361079,
		0,
		-0.049538,
		-0.926859,
		-0.372127,
		0,
		-0.486487,
		0.183536,
		-0.350787,
		1
	},
	[0.2] = {
		0.154276,
		-0.025527,
		0.987698,
		0,
		-0.8723,
		0.465941,
		0.148293,
		0,
		-0.463995,
		-0.884447,
		0.049616,
		0,
		-0.410363,
		0.087147,
		-0.438276,
		1
	},
	[0.333333333333] = {
		-0.296038,
		-0.419052,
		0.858345,
		0,
		-0.609087,
		0.775038,
		0.16831,
		0,
		-0.735781,
		-0.472981,
		-0.48468,
		0,
		-0.349606,
		0.492757,
		-0.226211,
		1
	},
	[0.366666666667] = {
		-0.417075,
		-0.323286,
		0.849432,
		0,
		0.097809,
		0.913207,
		0.395583,
		0,
		-0.903594,
		0.24807,
		-0.349256,
		0,
		-0.14084,
		0.682336,
		-0.112757,
		1
	},
	[0.3] = {
		0.04957,
		-0.530543,
		0.846207,
		0,
		-0.914484,
		0.316542,
		0.25203,
		0,
		-0.401573,
		-0.786337,
		-0.469482,
		0,
		-0.472899,
		0.322636,
		-0.308151,
		1
	},
	[0.433333333333] = {
		-0.882812,
		0.119795,
		0.454195,
		0,
		0.277261,
		-0.647629,
		0.709721,
		0,
		0.379171,
		0.75248,
		0.53852,
		0,
		0.760786,
		0.257878,
		0.186078,
		1
	},
	[0.466666666667] = {
		-0.626285,
		0.621782,
		0.47027,
		0,
		-0.220074,
		-0.719697,
		0.658486,
		0,
		0.747887,
		0.308906,
		0.587573,
		0,
		0.833512,
		0.019792,
		0.131216,
		1
	},
	[0.4] = {
		-0.649018,
		-0.078832,
		0.756678,
		0,
		0.723016,
		-0.37336,
		0.581248,
		0,
		0.236693,
		0.924331,
		0.299314,
		0,
		0.389352,
		0.71296,
		0.053095,
		1
	},
	[0.533333333333] = {
		-0.185029,
		0.454433,
		0.871352,
		0,
		-0.449959,
		-0.827437,
		0.335982,
		0,
		0.873671,
		-0.329906,
		0.357576,
		0,
		0.89641,
		-0.374851,
		-0.160103,
		1
	},
	[0.566666666667] = {
		-0.040378,
		0.315443,
		0.948085,
		0,
		-0.452459,
		-0.851773,
		0.264129,
		0,
		0.890871,
		-0.418305,
		0.177118,
		0,
		0.849301,
		-0.411667,
		-0.239373,
		1
	},
	[0.5] = {
		-0.30607,
		0.650204,
		0.695382,
		0,
		-0.413696,
		-0.748704,
		0.517974,
		0,
		0.857424,
		-0.129141,
		0.498143,
		0,
		0.916149,
		-0.23705,
		-0.029953,
		1
	},
	[0.633333333333] = {
		0.318787,
		0.047791,
		0.946621,
		0,
		-0.355456,
		-0.919809,
		0.166142,
		0,
		0.87865,
		-0.389446,
		-0.276236,
		0,
		0.771649,
		-0.463184,
		-0.36731,
		1
	},
	[0.666666666667] = {
		0.508966,
		-0.055633,
		0.858987,
		0,
		-0.274746,
		-0.956212,
		0.100863,
		0,
		0.815762,
		-0.287339,
		-0.501964,
		0,
		0.738191,
		-0.488321,
		-0.428852,
		1
	},
	[0.6] = {
		0.130126,
		0.175864,
		0.975776,
		0,
		-0.418584,
		-0.882397,
		0.214856,
		0,
		0.898807,
		-0.436403,
		-0.041208,
		0,
		0.807867,
		-0.438848,
		-0.306529,
		1
	},
	[0.733333333333] = {
		0.814843,
		-0.155098,
		0.558548,
		0,
		-0.125552,
		-0.98789,
		-0.091155,
		0,
		0.565922,
		0.00415,
		-0.824448,
		0,
		0.659421,
		-0.547899,
		-0.571405,
		1
	},
	[0.766666666667] = {
		0.906309,
		-0.156113,
		0.392724,
		0,
		-0.084127,
		-0.977317,
		-0.194354,
		0,
		0.414157,
		0.143106,
		-0.898885,
		0,
		0.541238,
		-0.54897,
		-0.627231,
		1
	},
	[0.7] = {
		0.680019,
		-0.124059,
		0.722623,
		0,
		-0.192605,
		-0.981193,
		0.012799,
		0,
		0.707444,
		-0.147884,
		-0.691124,
		0,
		0.702758,
		-0.516554,
		-0.498249,
		1
	},
	[0.833333333333] = {
		0.982353,
		-0.127735,
		0.136622,
		0,
		-0.076772,
		-0.941476,
		-0.328221,
		0,
		0.170552,
		0.311941,
		-0.934668,
		0,
		0.362971,
		-0.535808,
		-0.673522,
		1
	},
	[0.866666666667] = {
		0.991254,
		-0.11982,
		0.055296,
		0,
		-0.092107,
		-0.928272,
		-0.360317,
		0,
		0.094503,
		0.352072,
		-0.93119,
		0,
		0.329922,
		-0.522295,
		-0.672805,
		1
	},
	[0.8] = {
		0.958389,
		-0.141739,
		0.247792,
		0,
		-0.069949,
		-0.958166,
		-0.277534,
		0,
		0.276763,
		0.248653,
		-0.92821,
		0,
		0.437085,
		-0.544056,
		-0.661455,
		1
	},
	[0.933333333333] = {
		0.992842,
		-0.118568,
		-0.014333,
		0,
		-0.114863,
		-0.915093,
		-0.386537,
		0,
		0.032715,
		0.385417,
		-0.922162,
		0,
		0.314577,
		-0.490401,
		-0.664954,
		1
	},
	[0.966666666667] = {
		0.992491,
		-0.121475,
		-0.014362,
		0,
		-0.117488,
		-0.914012,
		-0.388301,
		0,
		0.034042,
		0.387073,
		-0.92142,
		0,
		0.308924,
		-0.475711,
		-0.665335,
		1
	},
	[0.9] = {
		0.992998,
		-0.117966,
		0.006289,
		0,
		-0.106845,
		-0.919548,
		-0.378175,
		0,
		0.050395,
		0.374855,
		-0.925713,
		0,
		0.321538,
		-0.506136,
		-0.667522,
		1
	},
	[1.03333333333] = {
		0.99125,
		-0.130486,
		0.019914,
		0,
		-0.11319,
		-0.917906,
		-0.380312,
		0,
		0.067904,
		0.37473,
		-0.924644,
		0,
		0.291328,
		-0.44784,
		-0.651836,
		1
	},
	[1.06666666667] = {
		0.990088,
		-0.134419,
		0.040711,
		0,
		-0.109603,
		-0.920724,
		-0.374505,
		0,
		0.087824,
		0.366331,
		-0.926331,
		0,
		0.278532,
		-0.435082,
		-0.632764,
		1
	},
	[1.1] = {
		0.989102,
		-0.136745,
		0.054576,
		0,
		-0.107119,
		-0.922657,
		-0.370446,
		0,
		0.101012,
		0.360563,
		-0.927249,
		0,
		0.270902,
		-0.426849,
		-0.620155,
		1
	}
}

return spline_matrices
