-- chunkname: @content/characters/player/human/first_person/animations/axe/attack_left_diagonal_down.lua

local spline_matrices = {
	[0.0166666666667] = {
		-0.511522,
		0.553546,
		-0.657215,
		0,
		0.719868,
		-0.141567,
		-0.679521,
		0,
		-0.469186,
		-0.820699,
		-0.326065,
		0,
		0.494608,
		-0.292063,
		-0.54182,
		1,
	},
	[0.0333333333333] = {
		-0.478673,
		0.517457,
		-0.709303,
		0,
		0.781861,
		-0.116329,
		-0.612504,
		0,
		-0.399457,
		-0.847765,
		-0.348896,
		0,
		0.517014,
		-0.313846,
		-0.462973,
		1,
	},
	[0.05] = {
		-0.450735,
		0.455508,
		-0.767691,
		0,
		0.839235,
		-0.076813,
		-0.538317,
		0,
		-0.304177,
		-0.886911,
		-0.347656,
		0,
		0.545634,
		-0.339844,
		-0.354115,
		1,
	},
	[0.0666666666667] = {
		-0.422079,
		0.375623,
		-0.82508,
		0,
		0.88597,
		-0.021951,
		-0.463222,
		0,
		-0.192108,
		-0.926513,
		-0.323525,
		0,
		0.577226,
		-0.365458,
		-0.226399,
		1,
	},
	[0.0833333333333] = {
		-0.389483,
		0.287913,
		-0.874877,
		0,
		0.918012,
		0.044469,
		-0.394052,
		0,
		-0.074548,
		-0.956624,
		-0.281627,
		0,
		0.608469,
		-0.386973,
		-0.091153,
		1,
	},
	[0] = {
		-0.555734,
		0.557047,
		-0.617137,
		0,
		0.659718,
		-0.156227,
		-0.735095,
		0,
		-0.505896,
		-0.815654,
		-0.280674,
		0,
		0.481546,
		-0.279447,
		-0.579932,
		1,
	},
	[0.116666666667] = {
		-0.314262,
		0.134331,
		-0.939784,
		0,
		0.940872,
		0.175968,
		-0.289473,
		0,
		0.126486,
		-0.975187,
		-0.181688,
		0,
		0.639938,
		-0.392229,
		0.146567,
		1,
	},
	[0.133333333333] = {
		-0.276335,
		0.0886,
		-0.956969,
		0,
		0.94254,
		0.219528,
		-0.251844,
		0,
		0.187768,
		-0.971575,
		-0.144173,
		0,
		0.620266,
		-0.360804,
		0.209809,
		1,
	},
	[0.15] = {
		-0.239291,
		0.074193,
		-0.968109,
		0,
		0.947689,
		0.234779,
		-0.216251,
		0,
		0.211247,
		-0.969213,
		-0.126493,
		0,
		0.607846,
		-0.333068,
		0.248747,
		1,
	},
	[0.166666666667] = {
		-0.194458,
		0.073587,
		-0.978147,
		0,
		0.957189,
		0.23221,
		-0.172823,
		0,
		0.214418,
		-0.969878,
		-0.115592,
		0,
		0.600721,
		-0.304361,
		0.27743,
		1,
	},
	[0.183333333333] = {
		-0.133416,
		0.062827,
		-0.989067,
		0,
		0.966396,
		0.22951,
		-0.115779,
		0,
		0.219727,
		-0.971276,
		-0.091336,
		0,
		0.595081,
		-0.267092,
		0.306302,
		1,
	},
	[0.1] = {
		-0.352824,
		0.203801,
		-0.913225,
		0,
		0.935009,
		0.114026,
		-0.335793,
		0,
		0.035696,
		-0.972349,
		-0.230787,
		0,
		0.636174,
		-0.401499,
		0.040432,
		1,
	},
	[0.216666666667] = {
		0.048934,
		0.001836,
		-0.9988,
		0,
		0.972111,
		0.229544,
		0.048048,
		0,
		0.229357,
		-0.973296,
		0.009448,
		0,
		0.585884,
		-0.141949,
		0.362563,
		1,
	},
	[0.233333333333] = {
		0.17493,
		-0.052221,
		-0.983195,
		0,
		0.958566,
		0.237065,
		0.157957,
		0,
		0.224833,
		-0.970089,
		0.091527,
		0,
		0.541823,
		-0.032231,
		0.342421,
		1,
	},
	[0.25] = {
		0.400447,
		-0.174938,
		-0.899466,
		0,
		0.914403,
		0.139753,
		0.379917,
		0,
		0.059241,
		-0.974611,
		0.215927,
		0,
		0.448071,
		0.168873,
		0.266563,
		1,
	},
	[0.266666666667] = {
		0.606055,
		-0.281876,
		-0.743803,
		0,
		0.788876,
		0.332729,
		0.516688,
		0,
		0.101843,
		-0.89991,
		0.424017,
		0,
		0.341288,
		0.420576,
		0.159637,
		1,
	},
	[0.283333333333] = {
		0.685894,
		-0.063431,
		-0.724932,
		0,
		0.06408,
		0.997589,
		-0.026658,
		0,
		0.724874,
		-0.028169,
		0.688305,
		0,
		0.247039,
		0.607455,
		0.064177,
		1,
	},
	[0.2] = {
		-0.053242,
		0.039648,
		-0.997794,
		0,
		0.972712,
		0.228025,
		-0.042843,
		0,
		0.225823,
		-0.972848,
		-0.050707,
		0,
		0.5907,
		-0.215931,
		0.335256,
		1,
	},
	[0.316666666667] = {
		0.420806,
		0.147816,
		-0.895027,
		0,
		-0.874424,
		0.328716,
		-0.356831,
		0,
		0.241465,
		0.932789,
		0.26758,
		0,
		0.017545,
		0.726258,
		-0.090942,
		1,
	},
	[0.333333333333] = {
		0.558532,
		0.136386,
		-0.818193,
		0,
		-0.823735,
		-0.024715,
		-0.566435,
		0,
		-0.097476,
		0.990347,
		0.098542,
		0,
		-0.118768,
		0.666197,
		-0.178848,
		1,
	},
	[0.35] = {
		0.550281,
		0.1908,
		-0.812887,
		0,
		-0.749218,
		-0.316934,
		-0.581571,
		0,
		-0.368595,
		0.929058,
		-0.031451,
		0,
		-0.284927,
		0.594762,
		-0.281258,
		1,
	},
	[0.366666666667] = {
		0.505428,
		0.133627,
		-0.852459,
		0,
		-0.673033,
		-0.557185,
		-0.486386,
		0,
		-0.539972,
		0.819566,
		-0.191682,
		0,
		-0.377685,
		0.448627,
		-0.360535,
		1,
	},
	[0.383333333333] = {
		0.573657,
		-0.073808,
		-0.815764,
		0,
		-0.536541,
		-0.78638,
		-0.306154,
		0,
		-0.618904,
		0.613318,
		-0.490713,
		0,
		-0.46108,
		0.222346,
		-0.380908,
		1,
	},
	[0.3] = {
		0.509726,
		0.104388,
		-0.85398,
		0,
		-0.57321,
		0.781415,
		-0.246622,
		0,
		0.641568,
		0.615219,
		0.458144,
		0,
		0.132841,
		0.699304,
		-0.022337,
		1,
	},
	[0.416666666667] = {
		0.553258,
		0.000704,
		-0.83301,
		0,
		-0.566977,
		-0.732302,
		-0.377187,
		0,
		-0.61028,
		0.680979,
		-0.404753,
		0,
		-0.466584,
		-0.070686,
		-0.426908,
		1,
	},
	[0.433333333333] = {
		0.536567,
		0.117768,
		-0.835599,
		0,
		-0.567049,
		-0.68301,
		-0.460384,
		0,
		-0.624941,
		0.720853,
		-0.299701,
		0,
		-0.468259,
		-0.142151,
		-0.437076,
		1,
	},
	[0.45] = {
		0.523773,
		0.263997,
		-0.809918,
		0,
		-0.492196,
		-0.682214,
		-0.540674,
		0,
		-0.695273,
		0.681829,
		-0.227387,
		0,
		-0.464791,
		-0.164894,
		-0.437797,
		1,
	},
	[0.466666666667] = {
		0.48112,
		0.451981,
		-0.751157,
		0,
		-0.371937,
		-0.670663,
		-0.641774,
		0,
		-0.793843,
		0.588153,
		-0.154561,
		0,
		-0.454905,
		-0.187315,
		-0.439784,
		1,
	},
	[0.483333333333] = {
		0.392606,
		0.645345,
		-0.655279,
		0,
		-0.224548,
		-0.623665,
		-0.748746,
		0,
		-0.891874,
		0.441104,
		-0.099944,
		0,
		-0.438586,
		-0.207474,
		-0.443763,
		1,
	},
	[0.4] = {
		0.578129,
		-0.079953,
		-0.812018,
		0,
		-0.528709,
		-0.794707,
		-0.298174,
		0,
		-0.621477,
		0.601704,
		-0.501715,
		0,
		-0.46262,
		0.067596,
		-0.40416,
		1,
	},
	[0.516666666667] = {
		0.12117,
		0.902584,
		-0.413109,
		0,
		0.039396,
		-0.42022,
		-0.906566,
		0,
		-0.99185,
		0.093574,
		-0.086476,
		0,
		-0.393079,
		-0.23253,
		-0.455677,
		1,
	},
	[0.533333333333] = {
		0.002486,
		0.948986,
		-0.31531,
		0,
		0.117255,
		-0.313412,
		-0.94235,
		0,
		-0.993099,
		-0.034629,
		-0.112052,
		0,
		-0.370105,
		-0.236465,
		-0.461183,
		1,
	},
	[0.55] = {
		-0.064264,
		0.964794,
		-0.255034,
		0,
		0.156821,
		-0.242623,
		-0.957362,
		0,
		-0.985534,
		-0.101519,
		-0.135708,
		0,
		-0.351211,
		-0.236343,
		-0.465296,
		1,
	},
	[0.566666666667] = {
		-0.087674,
		0.970888,
		-0.222914,
		0,
		0.175702,
		-0.205195,
		-0.962821,
		0,
		-0.980532,
		-0.123581,
		-0.152597,
		0,
		-0.335231,
		-0.233572,
		-0.468493,
		1,
	},
	[0.583333333333] = {
		-0.091877,
		0.974855,
		-0.203018,
		0,
		0.189653,
		-0.183017,
		-0.964643,
		0,
		-0.977543,
		-0.127132,
		-0.16807,
		0,
		-0.319234,
		-0.228731,
		-0.471499,
		1,
	},
	[0.5] = {
		0.263197,
		0.803246,
		-0.534344,
		0,
		-0.078525,
		-0.534198,
		-0.841705,
		0,
		-0.961541,
		0.263494,
		-0.077525,
		0,
		-0.417052,
		-0.223008,
		-0.449454,
		1,
	},
	[0.616666666667] = {
		-0.047672,
		0.979747,
		-0.194484,
		0,
		0.207768,
		-0.18072,
		-0.961339,
		0,
		-0.977016,
		-0.086236,
		-0.194945,
		0,
		-0.28727,
		-0.21371,
		-0.477173,
		1,
	},
	[0.633333333333] = {
		-0.000981,
		0.979006,
		-0.203829,
		0,
		0.212191,
		-0.198984,
		-0.956755,
		0,
		-0.977228,
		-0.04419,
		-0.207541,
		0,
		-0.271377,
		-0.203783,
		-0.479922,
		1,
	},
	[0.65] = {
		0.061056,
		0.973331,
		-0.221133,
		0,
		0.21246,
		-0.229142,
		-0.949924,
		0,
		-0.97526,
		0.011017,
		-0.220784,
		0,
		-0.255629,
		-0.192336,
		-0.482633,
		1,
	},
	[0.666666666667] = {
		0.137272,
		0.959628,
		-0.2455,
		0,
		0.207066,
		-0.270172,
		-0.940282,
		0,
		-0.968648,
		0.07824,
		-0.235794,
		0,
		-0.240084,
		-0.179404,
		-0.485314,
		1,
	},
	[0.683333333333] = {
		0.225778,
		0.934328,
		-0.275782,
		0,
		0.194228,
		-0.320582,
		-0.927094,
		0,
		-0.95462,
		0.155753,
		-0.253853,
		0,
		-0.224733,
		-0.165018,
		-0.488008,
		1,
	},
	[0.6] = {
		-0.07822,
		0.977895,
		-0.193914,
		0,
		0.200169,
		-0.175144,
		-0.96398,
		0,
		-0.976634,
		-0.114218,
		-0.182045,
		0,
		-0.303236,
		-0.222059,
		-0.474377,
		1,
	},
	[0.716666666667] = {
		0.426535,
		0.835123,
		-0.347329,
		0,
		0.139063,
		-0.439999,
		-0.887166,
		0,
		-0.893717,
		0.330106,
		-0.303809,
		0,
		-0.19436,
		-0.132136,
		-0.493668,
		1,
	},
	[0.733333333333] = {
		0.529199,
		0.756607,
		-0.38405,
		0,
		0.094349,
		-0.502288,
		-0.859537,
		0,
		-0.843236,
		0.418631,
		-0.337195,
		0,
		-0.179113,
		-0.113926,
		-0.496777,
		1,
	},
	[0.75] = {
		0.625632,
		0.658739,
		-0.417908,
		0,
		0.038271,
		-0.560969,
		-0.826951,
		0,
		-0.779179,
		0.501374,
		-0.376171,
		0,
		-0.163664,
		-0.094885,
		-0.500165,
		1,
	},
	[0.766666666667] = {
		0.71015,
		0.544405,
		-0.446442,
		0,
		-0.027484,
		-0.612185,
		-0.790237,
		0,
		-0.703514,
		0.573456,
		-0.41978,
		0,
		-0.147939,
		-0.0754,
		-0.503871,
		1,
	},
	[0.783333333333] = {
		0.778364,
		0.418669,
		-0.46783,
		0,
		-0.099992,
		-0.652991,
		-0.750736,
		0,
		-0.619799,
		0.631126,
		-0.466401,
		0,
		-0.13195,
		-0.055932,
		-0.507895,
		1,
	},
	[0.7] = {
		0.323607,
		0.893825,
		-0.310411,
		0,
		0.172082,
		-0.378189,
		-0.909594,
		0,
		-0.930412,
		0.240935,
		-0.276196,
		0,
		-0.209525,
		-0.149228,
		-0.49077,
		1,
	},
	[0.816666666667] = {
		0.858989,
		0.158912,
		-0.486709,
		0,
		-0.250309,
		-0.69892,
		-0.669968,
		0,
		-0.446636,
		0.697322,
		-0.560587,
		0,
		-0.099767,
		-0.018954,
		-0.51664,
		1,
	},
	[0.833333333333] = {
		0.873507,
		0.037393,
		-0.485373,
		0,
		-0.320856,
		-0.705613,
		-0.631793,
		0,
		-0.36611,
		0.70761,
		-0.60436,
		0,
		-0.084089,
		-0.002289,
		-0.521135,
		1,
	},
	[0.85] = {
		0.874973,
		-0.072199,
		-0.478759,
		0,
		-0.384578,
		-0.704371,
		-0.596625,
		0,
		-0.294148,
		0.706151,
		-0.644072,
		0,
		-0.06911,
		0.012725,
		-0.525528,
		1,
	},
	[0.866666666667] = {
		0.867447,
		-0.167054,
		-0.468646,
		0,
		-0.439743,
		-0.698041,
		-0.565125,
		0,
		-0.232727,
		0.696299,
		-0.678974,
		0,
		-0.055155,
		0.025856,
		-0.529677,
		1,
	},
	[0.883333333333] = {
		0.854984,
		-0.245723,
		-0.456752,
		0,
		-0.485367,
		-0.689478,
		-0.537624,
		0,
		-0.182814,
		0.681352,
		-0.708758,
		0,
		-0.042522,
		0.036922,
		-0.533456,
		1,
	},
	[0.8] = {
		0.827967,
		0.287953,
		-0.481201,
		0,
		-0.17555,
		-0.681873,
		-0.710093,
		0,
		-0.532591,
		0.672408,
		-0.514018,
		0,
		-0.115819,
		-0.036965,
		-0.512184,
		1,
	},
	[0.916666666667] = {
		0.829273,
		-0.35288,
		-0.433339,
		0,
		-0.546216,
		-0.675719,
		-0.495027,
		0,
		-0.11813,
		0.647209,
		-0.753104,
		0,
		-0.022208,
		0.052255,
		-0.539479,
		1,
	},
	[0.933333333333] = {
		0.820374,
		-0.383058,
		-0.424562,
		0,
		-0.562556,
		-0.6738,
		-0.479087,
		0,
		-0.102552,
		0.631871,
		-0.768259,
		0,
		-0.015657,
		0.056203,
		-0.541421,
		1,
	},
	[0.95] = {
		0.814246,
		-0.401889,
		-0.418913,
		0,
		-0.572539,
		-0.675191,
		-0.465098,
		0,
		-0.095929,
		0.618548,
		-0.779869,
		0,
		-0.012233,
		0.057853,
		-0.542516,
		1,
	},
	[0.966666666667] = {
		0.810775,
		-0.411851,
		-0.41596,
		0,
		-0.577385,
		-0.679567,
		-0.452565,
		0,
		-0.096283,
		0.607098,
		-0.788772,
		0,
		-0.011364,
		0.057635,
		-0.542904,
		1,
	},
	[0.983333333333] = {
		0.809532,
		-0.415078,
		-0.415173,
		0,
		-0.578167,
		-0.68641,
		-0.441095,
		0,
		-0.10189,
		0.59712,
		-0.795655,
		0,
		-0.012474,
		0.055962,
		-0.542731,
		1,
	},
	[0.9] = {
		0.841235,
		-0.30769,
		-0.444579,
		0,
		-0.520958,
		-0.681289,
		-0.514245,
		0,
		-0.144659,
		0.664208,
		-0.733418,
		0,
		-0.031468,
		0.045772,
		-0.536754,
		1,
	},
	[1.01666666667] = {
		0.811306,
		-0.40902,
		-0.417715,
		0,
		-0.571609,
		-0.704896,
		-0.419983,
		0,
		-0.122664,
		0.579504,
		-0.805685,
		0,
		-0.018349,
		0.049885,
		-0.541282,
		1,
	},
	[1.03333333333] = {
		0.813002,
		-0.40348,
		-0.419799,
		0,
		-0.566415,
		-0.715097,
		-0.409647,
		0,
		-0.134912,
		0.570824,
		-0.809912,
		0,
		-0.02199,
		0.046308,
		-0.540297,
		1,
	},
	[1.05] = {
		0.814378,
		-0.398822,
		-0.42158,
		0,
		-0.561537,
		-0.72493,
		-0.39894,
		0,
		-0.14651,
		0.561621,
		-0.81432,
		0,
		-0.025371,
		0.04294,
		-0.539327,
		1,
	},
	[1.06666666667] = {
		0.814816,
		-0.397032,
		-0.422422,
		0,
		-0.558313,
		-0.733618,
		-0.387416,
		0,
		-0.15608,
		0.551516,
		-0.819432,
		0,
		-0.027961,
		0.040217,
		-0.538514,
		1,
	},
	[1.08333333333] = {
		0.8137,
		-0.40013,
		-0.421649,
		0,
		-0.558162,
		-0.740389,
		-0.374539,
		0,
		-0.16232,
		0.540111,
		-0.825792,
		0,
		-0.029239,
		0.038544,
		-0.537996,
		1,
	},
	{
		0.809928,
		-0.413511,
		-0.415963,
		0,
		-0.575896,
		-0.695087,
		-0.430346,
		0,
		-0.111177,
		0.588101,
		-0.80111,
		0,
		-0.014992,
		0.053241,
		-0.542142,
		1,
	},
	[1.1] = {
		0.811547,
		-0.406502,
		-0.419699,
		0,
		-0.560078,
		-0.74584,
		-0.360603,
		0,
		-0.166443,
		0.527711,
		-0.832957,
		0,
		-0.029655,
		0.037548,
		-0.537659,
		1,
	},
}

return spline_matrices
