-- chunkname: @content/characters/player/human/first_person/animations/axe/attack_down.lua

local spline_matrices = {
	[0.0166666666667] = {
		0.60037,
		-0.766049,
		-0.229619,
		0,
		-0.12528,
		0.193488,
		-0.973071,
		0,
		0.789849,
		0.612969,
		0.020194,
		0,
		0.426605,
		-0.25223,
		-0.265141,
		1,
	},
	[0.0333333333333] = {
		0.558585,
		-0.656899,
		-0.506425,
		0,
		-0.097023,
		0.554619,
		-0.826428,
		0,
		0.823753,
		0.510765,
		0.246068,
		0,
		0.42175,
		-0.248512,
		-0.22607,
		1,
	},
	[0.05] = {
		0.554394,
		-0.418305,
		-0.719492,
		0,
		-0.01617,
		0.858932,
		-0.511833,
		0,
		0.832097,
		0.295392,
		0.469423,
		0,
		0.417576,
		-0.239877,
		-0.173837,
		1,
	},
	[0.0666666666667] = {
		0.59919,
		-0.214633,
		-0.7713,
		0,
		0.073258,
		0.974051,
		-0.214143,
		0,
		0.797248,
		0.071809,
		0.599366,
		0,
		0.415484,
		-0.197442,
		-0.102276,
		1,
	},
	[0.0833333333333] = {
		0.645041,
		-0.028125,
		-0.76363,
		0,
		0.133249,
		0.988152,
		0.076162,
		0,
		0.752441,
		-0.150881,
		0.641146,
		0,
		0.414646,
		-0.112399,
		-0.013955,
		1,
	},
	[0] = {
		0.663696,
		-0.747117,
		0.036392,
		0,
		-0.091951,
		-0.129774,
		-0.987271,
		0,
		0.74233,
		0.651901,
		-0.154829,
		0,
		0.432703,
		-0.250879,
		-0.287082,
		1,
	},
	[0.116666666667] = {
		0.733378,
		0.239831,
		-0.636112,
		0,
		0.237353,
		0.786489,
		0.570174,
		0,
		0.637041,
		-0.569136,
		0.519869,
		0,
		0.400081,
		0.06329,
		0.146521,
		1,
	},
	[0.133333333333] = {
		0.785965,
		0.304048,
		-0.538344,
		0,
		0.276921,
		0.605384,
		0.746207,
		0,
		0.552787,
		-0.735571,
		0.391614,
		0,
		0.381507,
		0.115485,
		0.198704,
		1,
	},
	[0.15] = {
		0.834801,
		0.319394,
		-0.448436,
		0,
		0.295399,
		0.427498,
		0.854391,
		0,
		0.464593,
		-0.845714,
		0.262527,
		0,
		0.357154,
		0.158714,
		0.235906,
		1,
	},
	[0.166666666667] = {
		0.87782,
		0.279283,
		-0.389143,
		0,
		0.296127,
		0.322133,
		0.899188,
		0,
		0.376484,
		-0.904561,
		0.200072,
		0,
		0.327909,
		0.203476,
		0.258501,
		1,
	},
	[0.183333333333] = {
		0.912713,
		0.202647,
		-0.35481,
		0,
		0.280227,
		0.321519,
		0.904488,
		0,
		0.29737,
		-0.924965,
		0.236667,
		0,
		0.295747,
		0.257832,
		0.270678,
		1,
	},
	[0.1] = {
		0.68663,
		0.126156,
		-0.715977,
		0,
		0.185294,
		0.921937,
		0.340145,
		0,
		0.702997,
		-0.36622,
		0.609654,
		0,
		0.410942,
		-0.015218,
		0.074379,
		1,
	},
	[0.216666666667] = {
		0.958873,
		0.048995,
		-0.279576,
		0,
		0.203907,
		0.566286,
		0.798588,
		0,
		0.197447,
		-0.822752,
		0.533005,
		0,
		0.226755,
		0.378065,
		0.260112,
		1,
	},
	[0.233333333333] = {
		0.972042,
		0.030221,
		-0.232853,
		0,
		0.139771,
		0.722374,
		0.677229,
		0,
		0.188674,
		-0.690842,
		0.697954,
		0,
		0.192096,
		0.434649,
		0.242634,
		1,
	},
	[0.25] = {
		0.97617,
		0.09648,
		-0.194379,
		0,
		0.023359,
		0.843808,
		0.536137,
		0,
		0.215745,
		-0.527901,
		0.821446,
		0,
		0.153629,
		0.478959,
		0.221235,
		1,
	},
	[0.266666666667] = {
		0.974991,
		0.164256,
		-0.149706,
		0,
		-0.099908,
		0.925653,
		0.364945,
		0,
		0.198521,
		-0.340861,
		0.918914,
		0,
		0.114324,
		0.529444,
		0.18992,
		1,
	},
	[0.283333333333] = {
		0.99592,
		0.072867,
		-0.053226,
		0,
		-0.066439,
		0.991269,
		0.113894,
		0,
		0.061061,
		-0.109893,
		0.992066,
		0,
		0.076283,
		0.621693,
		0.153755,
		1,
	},
	[0.2] = {
		0.939565,
		0.116005,
		-0.322118,
		0,
		0.249245,
		0.413264,
		0.875837,
		0,
		0.234721,
		-0.903192,
		0.359375,
		0,
		0.261672,
		0.318343,
		0.271161,
		1,
	},
	[0.316666666667] = {
		0.998487,
		0.034237,
		0.043022,
		0,
		-0.000293,
		0.785772,
		-0.618516,
		0,
		-0.054982,
		0.617568,
		0.784594,
		0,
		0.019175,
		0.682824,
		-0.051204,
		1,
	},
	[0.333333333333] = {
		0.999392,
		0.013285,
		0.032233,
		0,
		0.023604,
		0.422577,
		-0.90602,
		0,
		-0.025657,
		0.90623,
		0.422007,
		0,
		0.007246,
		0.680706,
		-0.207628,
		1,
	},
	[0.35] = {
		0.998748,
		-0.019779,
		-0.045956,
		0,
		-0.046987,
		-0.055321,
		-0.997362,
		0,
		0.017184,
		0.998273,
		-0.056181,
		0,
		0.011295,
		0.68368,
		-0.333638,
		1,
	},
	[0.366666666667] = {
		0.992273,
		0.004459,
		-0.123995,
		0,
		-0.114449,
		-0.353059,
		-0.928575,
		0,
		-0.047918,
		0.93559,
		-0.349821,
		0,
		0.020891,
		0.646794,
		-0.449128,
		1,
	},
	[0.383333333333] = {
		0.995438,
		0.047989,
		-0.08246,
		0,
		-0.059378,
		-0.364898,
		-0.929152,
		0,
		-0.074679,
		0.92981,
		-0.360384,
		0,
		0.02346,
		0.505052,
		-0.585324,
		1,
	},
	[0.3] = {
		0.999475,
		-0.000538,
		0.032392,
		0,
		0.007723,
		0.97499,
		-0.222113,
		0,
		-0.031462,
		0.222247,
		0.974483,
		0,
		0.041797,
		0.684532,
		0.087527,
		1,
	},
	[0.416666666667] = {
		0.995673,
		0.078221,
		-0.050169,
		0,
		-0.019983,
		-0.347022,
		-0.937644,
		0,
		-0.090753,
		0.934589,
		-0.343958,
		0,
		0.027825,
		0.356031,
		-0.66604,
		1,
	},
	[0.433333333333] = {
		0.995526,
		0.080517,
		-0.049441,
		0,
		-0.018562,
		-0.346412,
		-0.937899,
		0,
		-0.092643,
		0.934621,
		-0.343368,
		0,
		0.029224,
		0.329119,
		-0.667204,
		1,
	},
	[0.45] = {
		0.995333,
		0.082947,
		-0.049315,
		0,
		-0.01766,
		-0.345833,
		-0.93813,
		0,
		-0.09487,
		0.934622,
		-0.342754,
		0,
		0.029977,
		0.304287,
		-0.668253,
		1,
	},
	[0.466666666667] = {
		0.995103,
		0.085479,
		-0.049627,
		0,
		-0.017196,
		-0.344716,
		-0.938549,
		0,
		-0.097333,
		0.934807,
		-0.341559,
		0,
		0.030223,
		0.281491,
		-0.668989,
		1,
	},
	[0.483333333333] = {
		0.994837,
		0.088069,
		-0.050432,
		0,
		-0.017208,
		-0.343354,
		-0.939048,
		0,
		-0.100017,
		0.935068,
		-0.340066,
		0,
		0.029992,
		0.260075,
		-0.669508,
		1,
	},
	[0.4] = {
		0.995762,
		0.076094,
		-0.05166,
		0,
		-0.022007,
		-0.348235,
		-0.937149,
		0,
		-0.089301,
		0.934314,
		-0.345084,
		0,
		0.025635,
		0.385069,
		-0.665013,
		1,
	},
	[0.516666666667] = {
		0.994205,
		0.093202,
		-0.053562,
		0,
		-0.01861,
		-0.341504,
		-0.939696,
		0,
		-0.105873,
		0.935248,
		-0.337791,
		0,
		0.028378,
		0.218431,
		-0.670192,
		1,
	},
	[0.533333333333] = {
		0.993864,
		0.095632,
		-0.055581,
		0,
		-0.019778,
		-0.340745,
		-0.939948,
		0,
		-0.108828,
		0.935279,
		-0.336762,
		0,
		0.027305,
		0.1975,
		-0.670175,
		1,
	},
	[0.55] = {
		0.993523,
		0.097894,
		-0.057697,
		0,
		-0.021109,
		-0.339914,
		-0.94022,
		0,
		-0.111654,
		0.935348,
		-0.335646,
		0,
		0.026257,
		0.176027,
		-0.669807,
		1,
	},
	[0.566666666667] = {
		0.993198,
		0.099934,
		-0.059755,
		0,
		-0.022491,
		-0.338875,
		-0.940562,
		0,
		-0.114244,
		0.935509,
		-0.334323,
		0,
		0.025388,
		0.153664,
		-0.669008,
		1,
	},
	[0.583333333333] = {
		0.992906,
		0.101699,
		-0.061597,
		0,
		-0.023811,
		-0.337493,
		-0.941027,
		0,
		-0.11649,
		0.935818,
		-0.332677,
		0,
		0.024847,
		0.130064,
		-0.667699,
		1,
	},
	[0.5] = {
		0.994534,
		0.090662,
		-0.051794,
		0,
		-0.017717,
		-0.342329,
		-0.939413,
		0,
		-0.1029,
		0.935196,
		-0.338851,
		0,
		0.029325,
		0.239172,
		-0.66994,
		1,
	},
	[0.616666666667] = {
		0.992495,
		0.104203,
		-0.064,
		0,
		-0.0258,
		-0.333147,
		-0.942522,
		0,
		-0.119534,
		0.937099,
		-0.327958,
		0,
		0.025345,
		0.077771,
		-0.663241,
		1,
	},
	[0.633333333333] = {
		0.992411,
		0.10485,
		-0.064238,
		0,
		-0.026227,
		-0.329906,
		-0.943649,
		0,
		-0.120134,
		0.938173,
		-0.324653,
		0,
		0.026671,
		0.048389,
		-0.659933,
		1,
	},
	[0.65] = {
		0.992431,
		0.105038,
		-0.063619,
		0,
		-0.026105,
		-0.325767,
		-0.94509,
		0,
		-0.119996,
		0.939597,
		-0.320559,
		0,
		0.028902,
		0.016394,
		-0.655797,
		1,
	},
	[0.666666666667] = {
		0.99272,
		0.103892,
		-0.060937,
		0,
		-0.025217,
		-0.31544,
		-0.94861,
		0,
		-0.117775,
		0.943241,
		-0.310524,
		0,
		0.032411,
		-0.022192,
		-0.646768,
		1,
	},
	[0.683333333333] = {
		0.993362,
		0.100754,
		-0.05551,
		0,
		-0.02344,
		-0.295147,
		-0.955164,
		0,
		-0.11262,
		0.950125,
		-0.290826,
		0,
		0.037247,
		-0.069329,
		-0.62994,
		1,
	},
	[0.6] = {
		0.992666,
		0.103137,
		-0.063065,
		0,
		-0.024953,
		-0.335629,
		-0.941664,
		0,
		-0.118287,
		0.936331,
		-0.330594,
		0,
		0.024784,
		0.104881,
		-0.665803,
		1,
	},
	[0.716666666667] = {
		0.995173,
		0.090083,
		-0.038928,
		0,
		-0.016929,
		-0.233146,
		-0.972294,
		0,
		-0.096663,
		0.96826,
		-0.230496,
		0,
		0.049408,
		-0.17865,
		-0.579722,
		1,
	},
	[0.733333333333] = {
		0.996085,
		0.083489,
		-0.029039,
		0,
		-0.01217,
		-0.195854,
		-0.980558,
		0,
		-0.087553,
		0.977073,
		-0.194071,
		0,
		0.055993,
		-0.235614,
		-0.549888,
		1,
	},
	[0.75] = {
		0.996877,
		0.076671,
		-0.018934,
		0,
		-0.006644,
		-0.157483,
		-0.987499,
		0,
		-0.078694,
		0.984541,
		-0.156482,
		0,
		0.062439,
		-0.290693,
		-0.51936,
		1,
	},
	[0.766666666667] = {
		0.997498,
		0.070084,
		-0.009253,
		0,
		-0.000743,
		-0.120488,
		-0.992714,
		0,
		-0.070688,
		0.990238,
		-0.120135,
		0,
		0.068409,
		-0.341356,
		-0.490037,
		1,
	},
	[0.783333333333] = {
		0.997938,
		0.06418,
		-0.000629,
		0,
		0.004991,
		-0.087372,
		-0.996163,
		0,
		-0.063988,
		0.994106,
		-0.087512,
		0,
		0.073581,
		-0.385099,
		-0.46385,
		1,
	},
	[0.7] = {
		0.994226,
		0.095993,
		-0.047964,
		0,
		-0.020702,
		-0.266996,
		-0.963475,
		0,
		-0.105293,
		0.958905,
		-0.263467,
		0,
		0.043038,
		-0.122357,
		-0.607008,
		1,
	},
	[0.816666666667] = {
		0.998359,
		0.056213,
		0.010923,
		0,
		0.013341,
		-0.042809,
		-0.998994,
		0,
		-0.055689,
		0.997501,
		-0.043488,
		0,
		0.080308,
		-0.441862,
		-0.428673,
		1,
	},
	[0.833333333333] = {
		0.998404,
		0.055047,
		0.012601,
		0,
		0.014614,
		-0.036319,
		-0.999233,
		0,
		-0.054547,
		0.997823,
		-0.037066,
		0,
		0.081262,
		-0.449899,
		-0.423561,
		1,
	},
	[0.8] = {
		0.998214,
		0.059407,
		0.006305,
		0,
		0.009913,
		-0.060648,
		-0.99811,
		0,
		-0.058912,
		0.99639,
		-0.061129,
		0,
		0.077648,
		-0.41943,
		-0.442746,
		1,
	},
}

return spline_matrices
