-- chunkname: @content/characters/player/human/first_person/animations/axe/attack_push_follow_up.lua

local spline_matrices = {
	[0.0333333333333] = {
		0.827665,
		0.434489,
		-0.355232,
		0,
		0.49812,
		-0.860316,
		0.10832,
		0,
		-0.258548,
		-0.266601,
		-0.928481,
		0,
		0.028763,
		-0.069588,
		-0.518784,
		1
	},
	[0.0666666666667] = {
		0.85753,
		0.506881,
		0.087836,
		0,
		0.397333,
		-0.761054,
		0.512761,
		0,
		0.326757,
		-0.404808,
		-0.854026,
		0,
		0.012339,
		-0.101136,
		-0.420512,
		1
	},
	[0] = {
		0.742777,
		0.452344,
		-0.493627,
		0,
		0.470505,
		-0.877178,
		-0.095833,
		0,
		-0.476348,
		-0.161071,
		-0.864378,
		0,
		0.043396,
		-0.053467,
		-0.560991,
		1
	},
	[0.133333333333] = {
		0.271519,
		0.601778,
		0.751093,
		0,
		-0.159259,
		-0.741558,
		0.651711,
		0,
		0.949165,
		-0.296571,
		-0.105509,
		0,
		-0.075727,
		-0.117594,
		-0.197879,
		1
	},
	[0.166666666667] = {
		0.209674,
		0.403115,
		0.890806,
		0,
		-0.328215,
		-0.829178,
		0.452481,
		0,
		0.921039,
		-0.387249,
		-0.041548,
		0,
		-0.189237,
		-0.112683,
		-0.116295,
		1
	},
	[0.1] = {
		0.57749,
		0.625728,
		0.524375,
		0,
		0.100507,
		-0.691908,
		0.714956,
		0,
		0.810187,
		-0.360177,
		-0.46246,
		0,
		-0.014032,
		-0.117045,
		-0.30396,
		1
	},
	[0.233333333333] = {
		-0.043595,
		-0.040124,
		0.998243,
		0,
		-0.933039,
		-0.355541,
		-0.055038,
		0,
		0.357124,
		-0.933799,
		-0.021938,
		0,
		-0.382759,
		-0.013863,
		-0.03701,
		1
	},
	[0.266666666667] = {
		-0.307807,
		0.338947,
		0.889028,
		0,
		-0.734462,
		0.509343,
		-0.448482,
		0,
		-0.604831,
		-0.791003,
		0.092164,
		0,
		-0.419757,
		0.210132,
		-0.037206,
		1
	},
	[0.2] = {
		0.202854,
		0.110935,
		0.972905,
		0,
		-0.577852,
		-0.788555,
		0.210398,
		0,
		0.79053,
		-0.604875,
		-0.095857,
		0,
		-0.31256,
		-0.092692,
		-0.059561,
		1
	},
	[0.333333333333] = {
		-0.015345,
		0.896146,
		0.443494,
		0,
		0.025091,
		0.443751,
		-0.895799,
		0,
		-0.999567,
		-0.002618,
		-0.029294,
		0,
		-0.22155,
		0.547257,
		-0.032326,
		1
	},
	[0.366666666667] = {
		0.854918,
		0.496233,
		0.151221,
		0,
		0.105038,
		0.119881,
		-0.987216,
		0,
		-0.508018,
		0.859873,
		0.050365,
		0,
		0.009785,
		0.667455,
		-0.022975,
		1
	},
	[0.3] = {
		-0.256818,
		0.710441,
		0.655223,
		0,
		-0.281071,
		0.593754,
		-0.753959,
		0,
		-0.924685,
		-0.377795,
		0.047198,
		0,
		-0.378101,
		0.402444,
		-0.039797,
		1
	},
	[0.433333333333] = {
		0.589994,
		-0.778057,
		-0.21572,
		0,
		-0.136054,
		0.167551,
		-0.97643,
		0,
		0.795862,
		0.605438,
		-0.007004,
		0,
		0.712882,
		0.356358,
		-0.046317,
		1
	},
	[0.466666666667] = {
		-0.133775,
		-0.926335,
		-0.352148,
		0,
		0.02654,
		0.351865,
		-0.935674,
		0,
		0.990656,
		-0.134516,
		-0.022486,
		0,
		0.765941,
		0.125835,
		-0.054805,
		1
	},
	[0.4] = {
		0.951256,
		-0.29899,
		-0.075612,
		0,
		-0.05709,
		0.070219,
		-0.995897,
		0,
		0.303073,
		0.951669,
		0.049727,
		0,
		0.479037,
		0.596024,
		-0.02985,
		1
	},
	[0.533333333333] = {
		-0.394573,
		-0.612539,
		-0.684915,
		0,
		0.173164,
		0.682467,
		-0.710108,
		0,
		0.9024,
		-0.398792,
		-0.163214,
		0,
		0.780084,
		-0.143265,
		-0.194821,
		1
	},
	[0.566666666667] = {
		-0.307683,
		-0.498709,
		-0.810321,
		0,
		0.040105,
		0.84408,
		-0.534715,
		0,
		0.950643,
		-0.197021,
		-0.239708,
		0,
		0.761807,
		-0.219794,
		-0.307603,
		1
	},
	[0.5] = {
		-0.401427,
		-0.750772,
		-0.524593,
		0,
		0.162292,
		0.505397,
		-0.847488,
		0,
		0.901398,
		-0.425342,
		-0.081035,
		0,
		0.777102,
		-0.031629,
		-0.100133,
		1
	},
	[0.633333333333] = {
		-0.297358,
		-0.347638,
		-0.889228,
		0,
		-0.289969,
		0.920247,
		-0.262799,
		0,
		0.909668,
		0.179703,
		-0.374448,
		0,
		0.671358,
		-0.289783,
		-0.454383,
		1
	},
	[0.666666666667] = {
		-0.42965,
		-0.346557,
		-0.833846,
		0,
		-0.331481,
		0.919484,
		-0.211349,
		0,
		0.839953,
		0.185598,
		-0.509934,
		0,
		0.6248,
		-0.307457,
		-0.487468,
		1
	},
	[0.6] = {
		-0.253931,
		-0.396806,
		-0.882079,
		0,
		-0.162074,
		0.916534,
		-0.365648,
		0,
		0.953547,
		0.050113,
		-0.297048,
		0,
		0.718948,
		-0.262871,
		-0.40188,
		1
	},
	[0.733333333333] = {
		-0.744488,
		-0.410648,
		-0.526408,
		0,
		-0.400914,
		0.905457,
		-0.139337,
		0,
		0.533859,
		0.107309,
		-0.838737,
		0,
		0.491148,
		-0.295597,
		-0.568361,
		1
	},
	[0.766666666667] = {
		-0.854098,
		-0.44227,
		-0.273703,
		0,
		-0.429314,
		0.89655,
		-0.109027,
		0,
		0.293607,
		0.024385,
		-0.955615,
		0,
		0.402387,
		-0.268154,
		-0.603009,
		1
	},
	[0.7] = {
		-0.589627,
		-0.372668,
		-0.71656,
		0,
		-0.368143,
		0.913674,
		-0.172253,
		0,
		0.718896,
		0.162231,
		-0.675922,
		0,
		0.565667,
		-0.308793,
		-0.527248,
		1
	},
	[0.833333333333] = {
		-0.862742,
		-0.439736,
		0.249616,
		0,
		-0.465325,
		0.883632,
		-0.051643,
		0,
		-0.19786,
		-0.160707,
		-0.966967,
		0,
		0.213747,
		-0.174729,
		-0.616731,
		1
	},
	[0.866666666667] = {
		-0.799369,
		-0.414306,
		0.435154,
		0,
		-0.471299,
		0.881577,
		-0.026426,
		0,
		-0.372674,
		-0.226212,
		-0.899968,
		0,
		0.140025,
		-0.128776,
		-0.605749,
		1
	},
	[0.8] = {
		-0.891684,
		-0.452655,
		0.001895,
		0,
		-0.451354,
		0.888788,
		-0.079598,
		0,
		0.034346,
		-0.071831,
		-0.996825,
		0,
		0.306418,
		-0.227566,
		-0.624182,
		1
	},
	[0.933333333333] = {
		-0.703269,
		-0.377835,
		0.602207,
		0,
		-0.466292,
		0.884569,
		0.01045,
		0,
		-0.536642,
		-0.273455,
		-0.798272,
		0,
		0.063132,
		-0.085377,
		-0.591529,
		1
	},
	[0.966666666667] = {
		-0.69075,
		-0.373485,
		0.619172,
		0,
		-0.464583,
		0.885389,
		0.015778,
		0,
		-0.554101,
		-0.276758,
		-0.785097,
		0,
		0.054222,
		-0.080423,
		-0.58985,
		1
	},
	[0.9] = {
		-0.739036,
		-0.390933,
		0.548631,
		0,
		-0.470086,
		0.88261,
		-0.004318,
		0,
		-0.482539,
		-0.261095,
		-0.836053,
		0,
		0.089694,
		-0.098981,
		-0.59662,
		1
	},
	[1.03333333333] = {
		-0.710109,
		-0.380689,
		0.592302,
		0,
		-0.465926,
		0.884766,
		0.010066,
		0,
		-0.527881,
		-0.268821,
		-0.805653,
		0,
		0.067601,
		-0.086406,
		-0.592622,
		1
	},
	[1.06666666667] = {
		-0.72666,
		-0.386754,
		0.567792,
		0,
		-0.467298,
		0.88409,
		0.004153,
		0,
		-0.503585,
		-0.26231,
		-0.823162,
		0,
		0.079604,
		-0.092122,
		-0.595032,
		1
	},
	{
		-0.695563,
		-0.375356,
		0.612618,
		0,
		-0.464734,
		0.885327,
		0.01479,
		0,
		-0.547918,
		-0.274417,
		-0.790241,
		0,
		0.057431,
		-0.081634,
		-0.590552,
		1
	},
	[1.1] = {
		-0.738081,
		-0.390965,
		0.549894,
		0,
		-0.468203,
		0.883621,
		-0.000195,
		0,
		-0.485821,
		-0.257606,
		-0.835235,
		0,
		0.088179,
		-0.096201,
		-0.596739,
		1
	}
}

return spline_matrices
