local spline_matrices = {
	[0] = {
		-0.31842,
		-0.060363,
		-0.946026,
		0,
		0.896384,
		0.305491,
		-0.321203,
		0,
		0.308391,
		-0.95028,
		-0.043166,
		0,
		0.60899,
		-0.340407,
		-0.043138,
		1
	},
	{
		0.809928,
		-0.413511,
		-0.415963,
		0,
		-0.575896,
		-0.695087,
		-0.430346,
		0,
		-0.111177,
		0.588101,
		-0.80111,
		0,
		-0.014992,
		0.053241,
		-0.542142,
		1
	},
	[0.0333333333333] = {
		-0.306272,
		-0.045267,
		-0.950867,
		0,
		0.912961,
		0.268952,
		-0.306866,
		0,
		0.269629,
		-0.962089,
		-0.041046,
		0,
		0.621635,
		-0.366077,
		0.007091,
		1
	},
	[0.0666666666667] = {
		-0.307767,
		-0.00784,
		-0.951429,
		0,
		0.920875,
		0.249055,
		-0.299935,
		0,
		0.239309,
		-0.968458,
		-0.069431,
		0,
		0.642476,
		-0.396029,
		0.085752,
		1
	},
	[0.133333333333] = {
		-0.27061,
		0.06676,
		-0.960371,
		0,
		0.939337,
		0.236701,
		-0.248229,
		0,
		0.210749,
		-0.969286,
		-0.126764,
		0,
		0.616311,
		-0.356229,
		0.219899,
		1
	},
	[0.166666666667] = {
		-0.194458,
		0.073587,
		-0.978147,
		0,
		0.957189,
		0.23221,
		-0.172823,
		0,
		0.214418,
		-0.969878,
		-0.115592,
		0,
		0.600721,
		-0.304361,
		0.27743,
		1
	},
	[0.1] = {
		-0.302324,
		0.034932,
		-0.952565,
		0,
		0.927681,
		0.240494,
		-0.285607,
		0,
		0.219109,
		-0.970022,
		-0.105113,
		0,
		0.636931,
		-0.390884,
		0.159964,
		1
	},
	[0.233333333333] = {
		0.17493,
		-0.052221,
		-0.983195,
		0,
		0.958566,
		0.237065,
		0.157957,
		0,
		0.224833,
		-0.970089,
		0.091527,
		0,
		0.541823,
		-0.032231,
		0.342421,
		1
	},
	[0.266666666667] = {
		0.606055,
		-0.281876,
		-0.743803,
		0,
		0.788876,
		0.332729,
		0.516688,
		0,
		0.101843,
		-0.89991,
		0.424017,
		0,
		0.341288,
		0.420576,
		0.159637,
		1
	},
	[0.2] = {
		-0.053242,
		0.039648,
		-0.997794,
		0,
		0.972712,
		0.228025,
		-0.042843,
		0,
		0.225823,
		-0.972848,
		-0.050707,
		0,
		0.5907,
		-0.215931,
		0.335256,
		1
	},
	[0.333333333333] = {
		0.558532,
		0.136386,
		-0.818193,
		0,
		-0.823735,
		-0.024715,
		-0.566435,
		0,
		-0.097476,
		0.990347,
		0.098542,
		0,
		-0.118768,
		0.666197,
		-0.178848,
		1
	},
	[0.366666666667] = {
		0.505428,
		0.133627,
		-0.852459,
		0,
		-0.673033,
		-0.557185,
		-0.486386,
		0,
		-0.539972,
		0.819566,
		-0.191682,
		0,
		-0.377685,
		0.448627,
		-0.360535,
		1
	},
	[0.3] = {
		0.509726,
		0.104388,
		-0.85398,
		0,
		-0.57321,
		0.781415,
		-0.246622,
		0,
		0.641568,
		0.615219,
		0.458144,
		0,
		0.132841,
		0.699304,
		-0.022337,
		1
	},
	[0.433333333333] = {
		0.536567,
		0.117768,
		-0.835599,
		0,
		-0.567049,
		-0.68301,
		-0.460384,
		0,
		-0.624941,
		0.720853,
		-0.299701,
		0,
		-0.468259,
		-0.142151,
		-0.437076,
		1
	},
	[0.466666666667] = {
		0.48112,
		0.451981,
		-0.751157,
		0,
		-0.371937,
		-0.670663,
		-0.641774,
		0,
		-0.793843,
		0.588153,
		-0.154561,
		0,
		-0.454905,
		-0.187315,
		-0.439784,
		1
	},
	[0.4] = {
		0.578129,
		-0.079953,
		-0.812018,
		0,
		-0.528709,
		-0.794707,
		-0.298174,
		0,
		-0.621477,
		0.601704,
		-0.501715,
		0,
		-0.46262,
		0.067596,
		-0.40416,
		1
	},
	[0.533333333333] = {
		0.002486,
		0.948986,
		-0.31531,
		0,
		0.117255,
		-0.313412,
		-0.94235,
		0,
		-0.993099,
		-0.034629,
		-0.112052,
		0,
		-0.370105,
		-0.236465,
		-0.461183,
		1
	},
	[0.566666666667] = {
		-0.087674,
		0.970888,
		-0.222914,
		0,
		0.175702,
		-0.205195,
		-0.962821,
		0,
		-0.980532,
		-0.123581,
		-0.152597,
		0,
		-0.335231,
		-0.233572,
		-0.468493,
		1
	},
	[0.5] = {
		0.263197,
		0.803246,
		-0.534344,
		0,
		-0.078525,
		-0.534198,
		-0.841705,
		0,
		-0.961541,
		0.263494,
		-0.077525,
		0,
		-0.417052,
		-0.223008,
		-0.449454,
		1
	},
	[0.633333333333] = {
		-0.000981,
		0.979006,
		-0.203829,
		0,
		0.212191,
		-0.198984,
		-0.956755,
		0,
		-0.977228,
		-0.04419,
		-0.207541,
		0,
		-0.271377,
		-0.203783,
		-0.479922,
		1
	},
	[0.666666666667] = {
		0.137272,
		0.959628,
		-0.2455,
		0,
		0.207066,
		-0.270172,
		-0.940282,
		0,
		-0.968648,
		0.07824,
		-0.235794,
		0,
		-0.240084,
		-0.179404,
		-0.485314,
		1
	},
	[0.6] = {
		-0.07822,
		0.977895,
		-0.193914,
		0,
		0.200169,
		-0.175144,
		-0.96398,
		0,
		-0.976634,
		-0.114218,
		-0.182045,
		0,
		-0.303236,
		-0.222059,
		-0.474377,
		1
	},
	[0.733333333333] = {
		0.529199,
		0.756607,
		-0.38405,
		0,
		0.094349,
		-0.502288,
		-0.859537,
		0,
		-0.843236,
		0.418631,
		-0.337195,
		0,
		-0.179113,
		-0.113926,
		-0.496777,
		1
	},
	[0.766666666667] = {
		0.71015,
		0.544405,
		-0.446442,
		0,
		-0.027484,
		-0.612185,
		-0.790237,
		0,
		-0.703514,
		0.573456,
		-0.419781,
		0,
		-0.147939,
		-0.0754,
		-0.503871,
		1
	},
	[0.7] = {
		0.323607,
		0.893825,
		-0.310411,
		0,
		0.172082,
		-0.378189,
		-0.909594,
		0,
		-0.930412,
		0.240935,
		-0.276196,
		0,
		-0.209525,
		-0.149228,
		-0.49077,
		1
	},
	[0.833333333333] = {
		0.873507,
		0.037393,
		-0.485373,
		0,
		-0.320856,
		-0.705613,
		-0.631793,
		0,
		-0.36611,
		0.70761,
		-0.60436,
		0,
		-0.084089,
		-0.002289,
		-0.521135,
		1
	},
	[0.866666666667] = {
		0.867447,
		-0.167054,
		-0.468646,
		0,
		-0.439743,
		-0.698041,
		-0.565125,
		0,
		-0.232727,
		0.696299,
		-0.678974,
		0,
		-0.055155,
		0.025856,
		-0.529677,
		1
	},
	[0.8] = {
		0.827967,
		0.287953,
		-0.481201,
		0,
		-0.17555,
		-0.681873,
		-0.710093,
		0,
		-0.532591,
		0.672408,
		-0.514018,
		0,
		-0.115819,
		-0.036965,
		-0.512184,
		1
	},
	[0.933333333333] = {
		0.820374,
		-0.383058,
		-0.424562,
		0,
		-0.562556,
		-0.6738,
		-0.479087,
		0,
		-0.102552,
		0.631871,
		-0.768259,
		0,
		-0.015657,
		0.056203,
		-0.541421,
		1
	},
	[0.966666666667] = {
		0.810775,
		-0.411851,
		-0.41596,
		0,
		-0.577385,
		-0.679567,
		-0.452565,
		0,
		-0.096283,
		0.607098,
		-0.788772,
		0,
		-0.011364,
		0.057635,
		-0.542904,
		1
	},
	[0.9] = {
		0.841235,
		-0.30769,
		-0.444579,
		0,
		-0.520958,
		-0.681289,
		-0.514245,
		0,
		-0.144659,
		0.664208,
		-0.733418,
		0,
		-0.031468,
		0.045772,
		-0.536754,
		1
	},
	[1.03333333333] = {
		0.813002,
		-0.40348,
		-0.419799,
		0,
		-0.566415,
		-0.715097,
		-0.409647,
		0,
		-0.134912,
		0.570824,
		-0.809912,
		0,
		-0.02199,
		0.046308,
		-0.540297,
		1
	},
	[1.06666666667] = {
		0.814816,
		-0.397032,
		-0.422422,
		0,
		-0.558313,
		-0.733618,
		-0.387416,
		0,
		-0.15608,
		0.551516,
		-0.819432,
		0,
		-0.027961,
		0.040217,
		-0.538514,
		1
	},
	[1.1] = {
		0.811547,
		-0.406502,
		-0.419699,
		0,
		-0.560078,
		-0.74584,
		-0.360603,
		0,
		-0.166443,
		0.527711,
		-0.832957,
		0,
		-0.029655,
		0.037548,
		-0.537659,
		1
	}
}

return spline_matrices
