-- chunkname: @content/characters/player/human/first_person/animations/axe/attack_left_down.lua

local spline_matrices = {
	[0.0333333333333] = {
		0.559926,
		-0.655751,
		-0.506431,
		0,
		-0.098162,
		0.554424,
		-0.826425,
		0,
		0.822707,
		0.51245,
		0.246067,
		0,
		0.422257,
		-0.247647,
		-0.226073,
		1,
	},
	[0.0666666666667] = {
		0.600668,
		-0.210291,
		-0.771347,
		0,
		0.066257,
		0.974563,
		-0.214097,
		0,
		0.796749,
		0.077494,
		0.599322,
		0,
		0.415224,
		-0.194466,
		-0.102299,
		1,
	},
	[0] = {
		0.663696,
		-0.747117,
		0.036392,
		0,
		-0.091951,
		-0.129774,
		-0.987271,
		0,
		0.74233,
		0.651901,
		-0.154829,
		0,
		0.432703,
		-0.250879,
		-0.287082,
		1,
	},
	[0.133333333333] = {
		0.779456,
		0.319856,
		-0.538647,
		0,
		0.2651,
		0.610636,
		0.746221,
		0,
		0.5676,
		-0.724442,
		0.39117,
		0,
		0.390152,
		0.121553,
		0.198455,
		1,
	},
	[0.166666666667] = {
		0.871103,
		0.298917,
		-0.38965,
		0,
		0.289471,
		0.328413,
		0.899084,
		0,
		0.396718,
		-0.895987,
		0.199554,
		0,
		0.363312,
		0.206471,
		0.257958,
		1,
	},
	[0.1] = {
		0.684656,
		0.135759,
		-0.716111,
		0,
		0.172589,
		0.924362,
		0.340246,
		0,
		0.708137,
		-0.356545,
		0.60944,
		0,
		0.406153,
		-0.009622,
		0.074341,
		1,
	},
	[0.233333333333] = {
		0.971134,
		0.04929,
		-0.233385,
		0,
		0.125992,
		0.724803,
		0.677338,
		0,
		0.202544,
		-0.687191,
		0.697671,
		0,
		0.257924,
		0.505896,
		0.225652,
		1,
	},
	[0.266666666667] = {
		0.978736,
		0.061836,
		-0.195581,
		0,
		-0.008893,
		0.965374,
		0.260719,
		0,
		0.20493,
		-0.253435,
		0.945396,
		0,
		0.201024,
		0.594617,
		0.192547,
		1,
	},
	[0.2] = {
		0.936968,
		0.139648,
		-0.320297,
		0,
		0.23846,
		0.414459,
		0.878271,
		0,
		0.255399,
		-0.89929,
		0.355034,
		0,
		0.318778,
		0.344148,
		0.265693,
		1,
	},
	[0.333333333333] = {
		0.954713,
		0.121731,
		-0.271486,
		0,
		-0.297529,
		0.389939,
		-0.87145,
		0,
		-0.00022,
		0.912759,
		0.408498,
		0,
		0.001439,
		0.660416,
		-0.178328,
		1,
	},
	[0.366666666667] = {
		0.963428,
		0.142625,
		-0.226857,
		0,
		-0.155609,
		-0.391445,
		-0.906949,
		0,
		-0.218155,
		0.909082,
		-0.354935,
		0,
		-0.049645,
		0.647035,
		-0.441144,
		1,
	},
	[0.3] = {
		0.980055,
		0.109252,
		-0.166003,
		0,
		-0.167612,
		0.903208,
		-0.395123,
		0,
		0.106767,
		0.415066,
		0.903505,
		0,
		0.112224,
		0.625953,
		0.087928,
		1,
	},
	[0.433333333333] = {
		0.970305,
		0.169996,
		-0.172073,
		0,
		-0.113569,
		-0.307921,
		-0.944609,
		0,
		-0.213565,
		0.936101,
		-0.279471,
		0,
		-0.074443,
		0.329314,
		-0.659253,
		1,
	},
	[0.466666666667] = {
		0.9754,
		0.155187,
		-0.156562,
		0,
		-0.102966,
		-0.307251,
		-0.946042,
		0,
		-0.194917,
		0.93889,
		-0.283713,
		0,
		-0.062744,
		0.281931,
		-0.660844,
		1,
	},
	[0.4] = {
		0.964543,
		0.187873,
		-0.185366,
		0,
		-0.120802,
		-0.310188,
		-0.942969,
		0,
		-0.234656,
		0.931927,
		-0.276495,
		0,
		-0.081976,
		0.384422,
		-0.657177,
		1,
	},
	[0.533333333333] = {
		0.983198,
		0.135231,
		-0.12261,
		0,
		-0.07549,
		-0.310334,
		-0.947625,
		0,
		-0.166199,
		0.94096,
		-0.294912,
		0,
		-0.031229,
		0.197371,
		-0.662381,
		1,
	},
	[0.566666666667] = {
		0.986364,
		0.126294,
		-0.105529,
		0,
		-0.06109,
		-0.31444,
		-0.94731,
		0,
		-0.152822,
		0.940839,
		-0.302436,
		0,
		-0.013069,
		0.153384,
		-0.662282,
		1,
	},
	[0.5] = {
		0.97955,
		0.144842,
		-0.139651,
		0,
		-0.089559,
		-0.307645,
		-0.947277,
		0,
		-0.180168,
		0.940412,
		-0.288382,
		0,
		-0.048182,
		0.239335,
		-0.661767,
		1,
	},
	[0.633333333333] = {
		0.991343,
		0.109923,
		-0.071804,
		0,
		-0.032592,
		-0.323747,
		-0.945582,
		0,
		-0.127188,
		0.939737,
		-0.317361,
		0,
		0.021627,
		0.048324,
		-0.658084,
		1,
	},
	[0.666666666667] = {
		0.993304,
		0.101559,
		-0.055069,
		0,
		-0.019689,
		-0.320888,
		-0.946913,
		0,
		-0.113838,
		0.941656,
		-0.316739,
		0,
		0.035821,
		-0.0221,
		-0.648404,
		1,
	},
	[0.6] = {
		0.989069,
		0.117915,
		-0.088538,
		0,
		-0.046684,
		-0.319153,
		-0.946553,
		0,
		-0.13987,
		0.940339,
		-0.310159,
		0,
		0.005013,
		0.104642,
		-0.661025,
		1,
	},
	[0.733333333333] = {
		0.99678,
		0.078067,
		-0.018333,
		0,
		-0.001875,
		-0.205864,
		-0.978579,
		0,
		-0.080168,
		0.975462,
		-0.205054,
		0,
		0.062237,
		-0.235521,
		-0.552834,
		1,
	},
	[0.766666666667] = {
		0.997771,
		0.066687,
		-0.002543,
		0,
		0.005945,
		-0.126777,
		-0.991913,
		0,
		-0.06647,
		0.989687,
		-0.12689,
		0,
		0.072323,
		-0.341311,
		-0.491871,
		1,
	},
	[0.7] = {
		0.995234,
		0.090374,
		-0.036637,
		0,
		-0.010162,
		-0.277535,
		-0.960662,
		0,
		-0.096987,
		0.956455,
		-0.275294,
		0,
		0.049641,
		-0.122231,
		-0.610149,
		1,
	},
	[0.833333333333] = {
		0.998404,
		0.055047,
		0.012601,
		0,
		0.014614,
		-0.036319,
		-0.999233,
		0,
		-0.054547,
		0.997823,
		-0.037066,
		0,
		0.081262,
		-0.449899,
		-0.423561,
		1,
	},
	[0.8] = {
		0.998262,
		0.058312,
		0.008472,
		0,
		0.012131,
		-0.062677,
		-0.99796,
		0,
		-0.057662,
		0.996329,
		-0.063276,
		0,
		0.078912,
		-0.419418,
		-0.443335,
		1,
	},
}

return spline_matrices
