-- chunkname: @content/characters/player/human/first_person/animations/axe/attack_up.lua

local spline_matrices = {
	[0.0166666666667] = {
		0.959969,
		-0.154564,
		-0.233602,
		0,
		-0.273636,
		-0.695702,
		-0.66417,
		0,
		-0.059861,
		0.701504,
		-0.710147,
		0,
		-0.115517,
		0.032704,
		-0.762142,
		1
	},
	[0.0333333333333] = {
		0.987088,
		0.158616,
		-0.022334,
		0,
		0.095813,
		-0.696401,
		-0.711228,
		0,
		-0.128365,
		0.699904,
		-0.702607,
		0,
		-0.110031,
		0.044062,
		-0.767329,
		1
	},
	[0.05] = {
		0.855137,
		0.475143,
		0.207317,
		0,
		0.474867,
		-0.557537,
		-0.680921,
		0,
		-0.207948,
		0.680729,
		-0.7024,
		0,
		-0.09647,
		0.061583,
		-0.770049,
		1
	},
	[0.0666666666667] = {
		0.567304,
		0.713475,
		0.411241,
		0,
		0.7719,
		-0.286699,
		-0.567427,
		0,
		-0.286943,
		0.639341,
		-0.713377,
		0,
		-0.079472,
		0.087311,
		-0.768558,
		1
	},
	[0.0833333333333] = {
		0.191908,
		0.813167,
		0.549482,
		0,
		0.916294,
		0.05209,
		-0.397104,
		0,
		-0.351535,
		0.579695,
		-0.735104,
		0,
		-0.064539,
		0.120084,
		-0.762728,
		1
	},
	[0] = {
		0.820091,
		-0.408136,
		-0.401092,
		0,
		-0.572193,
		-0.593162,
		-0.566352,
		0,
		-0.006764,
		0.693962,
		-0.71998,
		0,
		-0.111096,
		0.024082,
		-0.756679,
		1
	},
	[0.116666666667] = {
		-0.475784,
		0.634415,
		0.609219,
		0,
		0.775192,
		0.629716,
		-0.050355,
		0,
		-0.415581,
		0.448303,
		-0.791402,
		0,
		-0.05053,
		0.192074,
		-0.74425,
		1
	},
	[0.133333333333] = {
		-0.68406,
		0.452926,
		0.57177,
		0,
		0.594905,
		0.800001,
		0.07802,
		0,
		-0.422079,
		0.393519,
		-0.816696,
		0,
		-0.049574,
		0.225638,
		-0.734559,
		1
	},
	[0.15] = {
		-0.812366,
		0.266219,
		0.518835,
		0,
		0.404639,
		0.898004,
		0.172788,
		0,
		-0.419916,
		0.350308,
		-0.83723,
		0,
		-0.050051,
		0.256496,
		-0.725282,
		1
	},
	[0.166666666667] = {
		-0.881047,
		0.095442,
		0.463301,
		0,
		0.229018,
		0.943055,
		0.241243,
		0,
		-0.413893,
		0.31865,
		-0.852733,
		0,
		-0.050583,
		0.285092,
		-0.716235,
		1
	},
	[0.183333333333] = {
		-0.909964,
		-0.050432,
		0.411609,
		0,
		0.079047,
		0.953283,
		0.291553,
		0,
		-0.407083,
		0.297839,
		-0.863467,
		0,
		-0.050436,
		0.312163,
		-0.707013,
		1
	},
	[0.1] = {
		-0.177357,
		0.77212,
		0.610226,
		0,
		0.901813,
		0.375776,
		-0.213366,
		0,
		-0.394053,
		0.512468,
		-0.762954,
		0,
		-0.054903,
		0.156222,
		-0.754021,
		1
	},
	[0.216666666667] = {
		-0.90791,
		-0.261002,
		0.327989,
		0,
		-0.133514,
		0.921799,
		0.363952,
		0,
		-0.397332,
		0.286644,
		-0.871758,
		0,
		-0.047239,
		0.364632,
		-0.686223,
		1
	},
	[0.233333333333] = {
		-0.897055,
		-0.32775,
		0.296434,
		0,
		-0.197134,
		0.897129,
		0.395344,
		0,
		-0.395514,
		0.296208,
		-0.869385,
		0,
		-0.044259,
		0.391233,
		-0.673796,
		1
	},
	[0.25] = {
		-0.888293,
		-0.370569,
		0.271318,
		0,
		-0.233631,
		0.873198,
		0.427717,
		0,
		-0.395413,
		0.31655,
		-0.862232,
		0,
		-0.040496,
		0.418698,
		-0.659497,
		1
	},
	[0.266666666667] = {
		-0.885408,
		-0.390014,
		0.252866,
		0,
		-0.243152,
		0.852279,
		0.463138,
		0,
		-0.396142,
		0.348582,
		-0.849448,
		0,
		-0.036208,
		0.447352,
		-0.642969,
		1
	},
	[0.283333333333] = {
		-0.89042,
		-0.385619,
		0.241765,
		0,
		-0.224939,
		0.834626,
		0.502793,
		0,
		-0.39567,
		0.393315,
		-0.829909,
		0,
		-0.03145,
		0.477379,
		-0.623909,
		1
	},
	[0.2] = {
		-0.915007,
		-0.169051,
		0.36631,
		0,
		-0.041809,
		0.942819,
		0.330673,
		0,
		-0.401265,
		0.287253,
		-0.869754,
		0,
		-0.049328,
		0.338457,
		-0.697158,
		1
	},
	[0.316666666667] = {
		-0.921825,
		-0.298957,
		0.246705,
		0,
		-0.099769,
		0.798047,
		0.594279,
		0,
		-0.374546,
		0.523208,
		-0.765486,
		0,
		-0.019138,
		0.54168,
		-0.577,
		1
	},
	[0.333333333333] = {
		-0.940415,
		-0.280533,
		0.19215,
		0,
		-0.073972,
		0.72035,
		0.689655,
		0,
		-0.331886,
		0.634348,
		-0.69818,
		0,
		-0.036685,
		0.622796,
		-0.432453,
		1
	},
	[0.35] = {
		-0.974663,
		-0.133594,
		0.179398,
		0,
		0.060697,
		0.613983,
		0.786982,
		0,
		-0.215284,
		0.777931,
		-0.590318,
		0,
		0.010203,
		0.724737,
		-0.269993,
		1
	},
	[0.366666666667] = {
		-0.974455,
		-0.087418,
		0.206869,
		0,
		0.182457,
		0.228911,
		0.956195,
		0,
		-0.130943,
		0.969514,
		-0.207114,
		0,
		0.059761,
		0.782039,
		0.020825,
		1
	},
	[0.383333333333] = {
		-0.974161,
		-0.128302,
		0.185876,
		0,
		0.197202,
		-0.081985,
		0.976929,
		0,
		-0.110103,
		0.988341,
		0.105168,
		0,
		0.093777,
		0.740398,
		0.171254,
		1
	},
	[0.3] = {
		-0.903409,
		-0.355956,
		0.239054,
		0,
		-0.177615,
		0.818107,
		0.54695,
		0,
		-0.390262,
		0.45166,
		-0.802309,
		0,
		-0.025897,
		0.508925,
		-0.601962,
		1
	},
	[0.416666666667] = {
		-0.92234,
		-0.340834,
		0.181991,
		0,
		0.362046,
		-0.597867,
		0.715177,
		0,
		-0.13495,
		0.725525,
		0.674835,
		0,
		0.129699,
		0.42256,
		0.417739,
		1
	},
	[0.433333333333] = {
		-0.945318,
		0.234764,
		0.226407,
		0,
		-0.084967,
		-0.847474,
		0.523993,
		0,
		0.314888,
		0.476103,
		0.82108,
		0,
		0.588413,
		0.2513,
		0.358545,
		1
	},
	[0.45] = {
		-0.593218,
		0.628184,
		0.503465,
		0,
		-0.503995,
		-0.777464,
		0.376216,
		0,
		0.627759,
		-0.030566,
		0.777808,
		0,
		0.915325,
		0.005258,
		0.166975,
		1
	},
	[0.466666666667] = {
		-0.47472,
		0.660062,
		0.582202,
		0,
		-0.498642,
		-0.746788,
		0.440073,
		0,
		0.725257,
		-0.081399,
		0.68365,
		0,
		0.984226,
		-0.08825,
		0.088337,
		1
	},
	[0.483333333333] = {
		-0.339359,
		0.681407,
		0.648475,
		0,
		-0.480706,
		-0.718196,
		0.503107,
		0,
		0.808553,
		-0.140992,
		0.571282,
		0,
		1.019558,
		-0.169392,
		0.010795,
		1
	},
	[0.4] = {
		-0.962649,
		-0.200452,
		0.182005,
		0,
		0.251998,
		-0.4175,
		0.873035,
		0,
		-0.099015,
		0.886292,
		0.452419,
		0,
		0.131318,
		0.566939,
		0.338015,
		1
	},
	[0.516666666667] = {
		-0.038602,
		0.684939,
		0.727577,
		0,
		-0.409279,
		-0.675081,
		0.613805,
		0,
		0.911592,
		-0.274088,
		0.306391,
		0,
		1.024138,
		-0.297473,
		-0.127845,
		1
	},
	[0.533333333333] = {
		0.113162,
		0.666633,
		0.736746,
		0,
		-0.360264,
		-0.663518,
		0.655709,
		0,
		0.925961,
		-0.339624,
		0.165079,
		0,
		1.006126,
		-0.346997,
		-0.185297,
		1
	},
	[0.55] = {
		0.256802,
		0.63695,
		0.726875,
		0,
		-0.306905,
		-0.659424,
		0.686272,
		0,
		0.91644,
		-0.399318,
		0.026142,
		0,
		0.980981,
		-0.388353,
		-0.234053,
		1
	},
	[0.566666666667] = {
		0.387224,
		0.598642,
		0.701203,
		0,
		-0.252831,
		-0.662434,
		0.705165,
		0,
		0.886642,
		-0.450343,
		-0.105155,
		0,
		0.95218,
		-0.422573,
		-0.274435,
		1
	},
	[0.583333333333] = {
		0.5014,
		0.554812,
		0.663914,
		0,
		-0.201154,
		-0.671564,
		0.713119,
		0,
		0.841508,
		-0.491107,
		-0.225119,
		0,
		0.922337,
		-0.45067,
		-0.307175,
		1
	},
	[0.5] = {
		-0.191835,
		0.690027,
		0.697899,
		0,
		-0.450379,
		-0.693703,
		0.562081,
		0,
		0.871985,
		-0.206492,
		0.44385,
		0,
		1.030491,
		-0.238687,
		-0.062059,
		1
	},
	[0.616666666667] = {
		0.678215,
		0.461646,
		0.571758,
		0,
		-0.11354,
		-0.702875,
		0.702193,
		0,
		0.726039,
		-0.541155,
		-0.424285,
		0,
		0.86663,
		-0.492304,
		-0.353071,
		1
	},
	[0.633333333333] = {
		0.742947,
		0.416332,
		0.524116,
		0,
		-0.079653,
		-0.722466,
		0.686803,
		0,
		0.664594,
		-0.552005,
		-0.503592,
		0,
		0.842891,
		-0.507502,
		-0.368075,
		1
	},
	[0.65] = {
		0.79452,
		0.373498,
		0.478788,
		0,
		-0.052531,
		-0.743236,
		0.666963,
		0,
		0.604962,
		-0.555067,
		-0.570896,
		0,
		0.822562,
		-0.519835,
		-0.378973,
		1
	},
	[0.666666666667] = {
		0.835129,
		0.333714,
		0.437259,
		0,
		-0.031733,
		-0.764383,
		0.643981,
		0,
		0.549139,
		-0.551682,
		-0.627769,
		0,
		0.805751,
		-0.529782,
		-0.38651,
		1
	},
	[0.683333333333] = {
		0.86684,
		0.29716,
		0.400354,
		0,
		-0.016615,
		-0.785317,
		0.618871,
		0,
		0.498309,
		-0.543115,
		-0.675807,
		0,
		0.792328,
		-0.53771,
		-0.391307,
		1
	},
	[0.6] = {
		0.598233,
		0.508367,
		0.619419,
		0,
		-0.154234,
		-0.685495,
		0.711554,
		0,
		0.786339,
		-0.521211,
		-0.331678,
		0,
		0.893376,
		-0.473619,
		-0.333092,
		1
	},
	[0.716666666667] = {
		0.910499,
		0.233291,
		0.341418,
		0,
		-0.0005,
		-0.825036,
		0.56508,
		0,
		0.41351,
		-0.514675,
		-0.751078,
		0,
		0.774351,
		-0.5484,
		-0.394657,
		1
	},
	[0.733333333333] = {
		0.925172,
		0.205442,
		0.319141,
		0,
		0.00193,
		-0.843379,
		0.537315,
		0,
		0.379544,
		-0.496493,
		-0.780667,
		0,
		0.768865,
		-0.551391,
		-0.394035,
		1
	},
	[0.75] = {
		0.936442,
		0.179877,
		0.301198,
		0,
		0.001471,
		-0.860556,
		0.509354,
		0,
		0.350818,
		-0.476537,
		-0.806126,
		0,
		0.764952,
		-0.552863,
		-0.392385,
		1
	},
	[0.766666666667] = {
		0.945062,
		0.156263,
		0.287124,
		0,
		-0.001318,
		-0.876518,
		0.481367,
		0,
		0.326889,
		-0.4553,
		-0.828158,
		0,
		0.761953,
		-0.55281,
		-0.390094,
		1
	},
	[0.783333333333] = {
		0.951611,
		0.134288,
		0.27641,
		0,
		-0.005948,
		-0.89125,
		0.453473,
		0,
		0.307246,
		-0.433175,
		-0.847325,
		0,
		0.759158,
		-0.551216,
		-0.387583,
		1
	},
	[0.7] = {
		0.891462,
		0.263762,
		0.36841,
		0,
		-0.00645,
		-0.805625,
		0.592391,
		0,
		0.45305,
		-0.53047,
		-0.716483,
		0,
		0.782001,
		-0.543865,
		-0.393877,
		1
	},
	[0.816666666667] = {
		0.960206,
		0.09418,
		0.262935,
		0,
		-0.019112,
		-0.917066,
		0.398277,
		0,
		0.278638,
		-0.387453,
		-0.878772,
		0,
		0.751104,
		-0.543404,
		-0.383808,
		1
	},
	[0.833333333333] = {
		0.962884,
		0.075606,
		0.259109,
		0,
		-0.026978,
		-0.928202,
		0.371097,
		0,
		0.268563,
		-0.364314,
		-0.891712,
		0,
		0.744229,
		-0.537268,
		-0.383576,
		1
	},
	[0.85] = {
		0.964808,
		0.05779,
		0.256528,
		0,
		-0.03534,
		-0.938205,
		0.344271,
		0,
		0.260571,
		-0.341221,
		-0.903145,
		0,
		0.734362,
		-0.529781,
		-0.385126,
		1
	},
	[0.866666666667] = {
		0.966172,
		0.040607,
		0.254682,
		0,
		-0.043982,
		-0.947117,
		0.31786,
		0,
		0.254121,
		-0.318309,
		-0.913292,
		0,
		0.720709,
		-0.521125,
		-0.388878,
		1
	},
	[0.883333333333] = {
		0.96715,
		0.023966,
		0.253074,
		0,
		-0.052725,
		-0.954985,
		0.291931,
		0,
		0.248679,
		-0.295684,
		-0.92235,
		0,
		0.702556,
		-0.511544,
		-0.395099,
		1
	},
	[0.8] = {
		0.956542,
		0.113674,
		0.268525,
		0,
		-0.012,
		-0.904759,
		0.425755,
		0,
		0.291348,
		-0.410475,
		-0.864076,
		0,
		0.755807,
		-0.548074,
		-0.385319,
		1
	},
	[0.916666666667] = {
		0.968563,
		-0.007894,
		0.248643,
		0,
		-0.069968,
		-0.967794,
		0.241825,
		0,
		0.238726,
		-0.251619,
		-0.937922,
		0,
		0.650731,
		-0.490917,
		-0.414818,
		1
	},
	[0.933333333333] = {
		0.969278,
		-0.023152,
		0.244875,
		0,
		-0.078267,
		-0.972845,
		0.217822,
		0,
		0.233182,
		-0.230295,
		-0.94477,
		0,
		0.616737,
		-0.48064,
		-0.427565,
		1
	},
	[0.95] = {
		0.970167,
		-0.037949,
		0.239451,
		0,
		-0.08626,
		-0.977073,
		0.194646,
		0,
		0.226574,
		-0.209494,
		-0.951197,
		0,
		0.577764,
		-0.470931,
		-0.441332,
		1
	},
	[0.966666666667] = {
		0.971334,
		-0.052244,
		0.231907,
		0,
		-0.093906,
		-0.980536,
		0.172426,
		0,
		0.218385,
		-0.18926,
		-0.957334,
		0,
		0.534632,
		-0.462193,
		-0.455275,
		1
	},
	[0.983333333333] = {
		0.972864,
		-0.066,
		0.221764,
		0,
		-0.10118,
		-0.983308,
		0.151222,
		0,
		0.208082,
		-0.169557,
		-0.963303,
		0,
		0.488521,
		-0.454751,
		-0.468613,
		1
	},
	[0.9] = {
		0.967898,
		0.00781,
		0.25122,
		0,
		-0.061425,
		-0.96186,
		0.266558,
		0,
		0.24372,
		-0.273432,
		-0.930503,
		0,
		0.679339,
		-0.501353,
		-0.403825,
		1
	},
	[1.01666666667] = {
		0.977164,
		-0.091706,
		0.191678,
		0,
		-0.11459,
		-0.987089,
		0.111912,
		0,
		0.178941,
		-0.131321,
		-0.975056,
		0,
		0.393113,
		-0.44465,
		-0.491206,
		1
	},
	[1.03333333333] = {
		0.979872,
		-0.103514,
		0.170692,
		0,
		-0.120744,
		-0.988238,
		0.093838,
		0,
		0.158971,
		-0.11256,
		-0.980846,
		0,
		0.346784,
		-0.442296,
		-0.49981,
		1
	},
	[1.05] = {
		0.982782,
		-0.114491,
		0.145022,
		0,
		-0.126553,
		-0.988978,
		0.07685,
		0,
		0.134625,
		-0.09388,
		-0.986439,
		0,
		0.303172,
		-0.441869,
		-0.506463,
		1
	},
	[1.06666666667] = {
		0.985636,
		-0.1245,
		0.11411,
		0,
		-0.132031,
		-0.989368,
		0.060979,
		0,
		0.105305,
		-0.07517,
		-0.991595,
		0,
		0.263389,
		-0.443431,
		-0.511178,
		1
	},
	[1.08333333333] = {
		0.988039,
		-0.133372,
		0.077406,
		0,
		-0.137189,
		-0.989464,
		0.046262,
		0,
		0.07042,
		-0.056328,
		-0.995926,
		0,
		0.228335,
		-0.447024,
		-0.514005,
		1
	},
	{
		0.974807,
		-0.079174,
		0.208526,
		0,
		-0.108073,
		-0.985468,
		0.131046,
		0,
		0.19512,
		-0.150281,
		-0.969198,
		0,
		0.440845,
		-0.448844,
		-0.480731,
		1
	},
	[1.1] = {
		0.989427,
		-0.140898,
		0.03438,
		0,
		-0.142021,
		-0.989322,
		0.032739,
		0,
		0.0294,
		-0.037276,
		-0.998872,
		0,
		0.198701,
		-0.452679,
		-0.515001,
		1
	}
}

return spline_matrices
