local spline_matrices = {
	[0] = {
		0.450275,
		-0.06746,
		0.890338,
		0,
		-0.892872,
		-0.040234,
		0.448509,
		0,
		0.005565,
		-0.99691,
		-0.07835,
		0,
		-0.402203,
		0.125106,
		-0.070128,
		1
	},
	{
		0.531894,
		0.606958,
		0.5905,
		0,
		0.786068,
		-0.09455,
		-0.610867,
		0,
		-0.314939,
		0.78909,
		-0.5274,
		0,
		0.085286,
		0.079772,
		-0.423643,
		1
	},
	[0.0166666666667] = {
		0.391131,
		-0.185957,
		0.901353,
		0,
		-0.90443,
		0.103626,
		0.413845,
		0,
		-0.170361,
		-0.977078,
		-0.127654,
		0,
		-0.399006,
		0.147693,
		-0.084602,
		1
	},
	[0.0333333333333] = {
		0.277169,
		-0.324575,
		0.904339,
		0,
		-0.896495,
		0.251235,
		0.364935,
		0,
		-0.345651,
		-0.911884,
		-0.221346,
		0,
		-0.394239,
		0.184279,
		-0.119127,
		1
	},
	[0.05] = {
		0.105931,
		-0.448701,
		0.887382,
		0,
		-0.860802,
		0.405366,
		0.30773,
		0,
		-0.497793,
		-0.796458,
		-0.343302,
		0,
		-0.383782,
		0.230109,
		-0.165215,
		1
	},
	[0.0666666666667] = {
		-0.103114,
		-0.525374,
		0.8446,
		0,
		-0.788929,
		0.560331,
		0.25223,
		0,
		-0.605771,
		-0.640322,
		-0.472261,
		0,
		-0.364328,
		0.280255,
		-0.214151,
		1
	},
	[0.0833333333333] = {
		-0.313767,
		-0.535841,
		0.783852,
		0,
		-0.68026,
		0.7028,
		0.208134,
		0,
		-0.662418,
		-0.467917,
		-0.585026,
		0,
		-0.33381,
		0.328868,
		-0.258174,
		1
	},
	[0.116666666667] = {
		-0.632003,
		-0.387465,
		0.67115,
		0,
		-0.385756,
		0.908412,
		0.161184,
		0,
		-0.672134,
		-0.157031,
		-0.723586,
		0,
		-0.195828,
		0.44604,
		-0.296588,
		1
	},
	[0.133333333333] = {
		-0.721495,
		-0.292483,
		0.627614,
		0,
		-0.226571,
		0.956232,
		0.185164,
		0,
		-0.654301,
		-0.008604,
		-0.756185,
		0,
		-0.112897,
		0.515748,
		-0.286873,
		1
	},
	[0.15] = {
		-0.764557,
		-0.260097,
		0.589748,
		0,
		-0.096975,
		0.95097,
		0.293687,
		0,
		-0.63722,
		0.16735,
		-0.752293,
		0,
		-0.055213,
		0.598874,
		-0.247688,
		1
	},
	[0.166666666667] = {
		-0.782343,
		-0.241857,
		0.573972,
		0,
		0.065074,
		0.884747,
		0.461507,
		0,
		-0.619439,
		0.398407,
		-0.676437,
		0,
		-0.009741,
		0.66395,
		-0.17546,
		1
	},
	[0.183333333333] = {
		-0.830602,
		-0.159935,
		0.533406,
		0,
		0.334999,
		0.621651,
		0.708044,
		0,
		-0.444833,
		0.766793,
		-0.462766,
		0,
		0.056254,
		0.653607,
		-0.054815,
		1
	},
	[0.1] = {
		-0.490732,
		-0.483623,
		0.724769,
		0,
		-0.541068,
		0.821142,
		0.18158,
		0,
		-0.682955,
		-0.303043,
		-0.664634,
		0,
		-0.27695,
		0.381439,
		-0.288498,
		1
	},
	[0.216666666667] = {
		-0.873438,
		-0.092621,
		0.478045,
		0,
		0.461671,
		0.154596,
		0.873476,
		0,
		-0.154806,
		0.983627,
		-0.09227,
		0,
		0.157835,
		0.572421,
		0.119116,
		1
	},
	[0.233333333333] = {
		-0.892497,
		-0.113007,
		0.436668,
		0,
		0.439524,
		-0.000401,
		0.898231,
		0,
		-0.101332,
		0.993594,
		0.050028,
		0,
		0.201102,
		0.49789,
		0.165676,
		1
	},
	[0.25] = {
		-0.906058,
		-0.103879,
		0.410204,
		0,
		0.421762,
		-0.300233,
		0.855556,
		0,
		0.034283,
		0.948193,
		0.315841,
		0,
		0.242238,
		0.432167,
		0.195549,
		1
	},
	[0.266666666667] = {
		-0.905635,
		-0.09018,
		0.414358,
		0,
		0.389377,
		-0.56386,
		0.728318,
		0,
		0.16796,
		0.820932,
		0.545766,
		0,
		0.263703,
		0.35114,
		0.193108,
		1
	},
	[0.283333333333] = {
		-0.876413,
		-0.027356,
		0.480782,
		0,
		0.364698,
		-0.689685,
		0.625563,
		0,
		0.314475,
		0.723592,
		0.614426,
		0,
		0.282485,
		0.229592,
		0.162166,
		1
	},
	[0.2] = {
		-0.852923,
		-0.107743,
		0.510798,
		0,
		0.458105,
		0.314715,
		0.831321,
		0,
		-0.250325,
		0.943051,
		-0.21907,
		0,
		0.112616,
		0.626148,
		0.06025,
		1
	},
	[0.316666666667] = {
		-0.693287,
		0.11187,
		0.711925,
		0,
		0.309961,
		-0.845546,
		0.434714,
		0,
		0.650597,
		0.52205,
		0.551531,
		0,
		0.374709,
		-0.073925,
		0.039321,
		1
	},
	[0.333333333333] = {
		-0.552652,
		0.140351,
		0.821509,
		0,
		0.27451,
		-0.900057,
		0.338441,
		0,
		0.786906,
		0.412552,
		0.45889,
		0,
		0.413385,
		-0.207984,
		-0.020634,
		1
	},
	[0.35] = {
		-0.417628,
		0.125642,
		0.89989,
		0,
		0.230871,
		-0.943216,
		0.238836,
		0,
		0.878798,
		0.307503,
		0.364906,
		0,
		0.425025,
		-0.298458,
		-0.059406,
		1
	},
	[0.366666666667] = {
		-0.375218,
		0.152348,
		0.914331,
		0,
		0.194536,
		-0.95149,
		0.238373,
		0,
		0.906293,
		0.267312,
		0.32738,
		0,
		0.421679,
		-0.331329,
		-0.072582,
		1
	},
	[0.383333333333] = {
		-0.187313,
		0.099492,
		0.977249,
		0,
		0.330795,
		-0.930361,
		0.158123,
		0,
		0.924926,
		0.352888,
		0.141357,
		0,
		0.422879,
		-0.327813,
		-0.087399,
		1
	},
	[0.3] = {
		-0.806631,
		0.048971,
		0.589023,
		0,
		0.339134,
		-0.777848,
		0.529093,
		0,
		0.484081,
		0.626541,
		0.610829,
		0,
		0.325384,
		0.08006,
		0.105501,
		1
	},
	[0.416666666667] = {
		0.521755,
		0.052206,
		0.851496,
		0,
		0.669145,
		-0.644172,
		-0.370524,
		0,
		0.529166,
		0.763097,
		-0.371033,
		0,
		0.419356,
		-0.305431,
		-0.131773,
		1
	},
	[0.433333333333] = {
		0.694754,
		0.113779,
		0.710191,
		0,
		0.654285,
		-0.510058,
		-0.558347,
		0,
		0.29871,
		0.852581,
		-0.428809,
		0,
		0.40921,
		-0.293183,
		-0.150894,
		1
	},
	[0.45] = {
		0.777453,
		0.169209,
		0.605752,
		0,
		0.612434,
		-0.422888,
		-0.6679,
		0,
		0.143151,
		0.890244,
		-0.432405,
		0,
		0.397047,
		-0.281221,
		-0.167699,
		1
	},
	[0.466666666667] = {
		0.818191,
		0.21053,
		0.535015,
		0,
		0.573389,
		-0.367246,
		-0.732363,
		0,
		0.042298,
		0.905984,
		-0.421193,
		0,
		0.383793,
		-0.268811,
		-0.183434,
		1
	},
	[0.483333333333] = {
		0.839697,
		0.240205,
		0.487043,
		0,
		0.542502,
		-0.33055,
		-0.772288,
		0,
		-0.024515,
		0.912709,
		-0.407873,
		0,
		0.369576,
		-0.255606,
		-0.198758,
		1
	},
	[0.4] = {
		0.199369,
		0.029482,
		0.979481,
		0,
		0.57386,
		-0.813734,
		-0.092314,
		0,
		0.794315,
		0.580489,
		-0.179152,
		0,
		0.424613,
		-0.317969,
		-0.109396,
		1
	},
	[0.516666666667] = {
		0.859245,
		0.277319,
		0.429875,
		0,
		0.501087,
		-0.287062,
		-0.816399,
		0,
		-0.103002,
		0.916891,
		-0.385618,
		0,
		0.338376,
		-0.226394,
		-0.229142,
		1
	},
	[0.533333333333] = {
		0.863935,
		0.289008,
		0.41242,
		0,
		0.487347,
		-0.273395,
		-0.829306,
		0,
		-0.126922,
		0.917458,
		-0.377043,
		0,
		0.321531,
		-0.210422,
		-0.244325,
		1
	},
	[0.55] = {
		0.867063,
		0.297821,
		0.39938,
		0,
		0.476652,
		-0.262705,
		-0.838921,
		0,
		-0.144929,
		0.917763,
		-0.369739,
		0,
		0.303999,
		-0.193637,
		-0.25948,
		1
	},
	[0.566666666667] = {
		0.86923,
		0.304549,
		0.389472,
		0,
		0.468217,
		-0.254079,
		-0.846296,
		0,
		-0.158782,
		0.917984,
		-0.363448,
		0,
		0.285914,
		-0.176168,
		-0.274532,
		1
	},
	[0.583333333333] = {
		0.870779,
		0.309753,
		0.381835,
		0,
		0.461485,
		-0.246962,
		-0.852081,
		0,
		-0.169636,
		0.918185,
		-0.357995,
		0,
		0.26742,
		-0.158165,
		-0.289399,
		1
	},
	[0.5] = {
		0.851886,
		0.261621,
		0.453702,
		0,
		0.518977,
		-0.305265,
		-0.798421,
		0,
		-0.070385,
		0.915624,
		-0.395826,
		0,
		0.35442,
		-0.241471,
		-0.213959,
		1
	},
	[0.616666666667] = {
		0.87275,
		0.316961,
		0.371272,
		0,
		0.451661,
		-0.235711,
		-0.86049,
		0,
		-0.185229,
		0.918682,
		-0.348875,
		0,
		0.229821,
		-0.121128,
		-0.318273,
		1
	},
	[0.633333333333] = {
		0.873373,
		0.319431,
		0.367675,
		0,
		0.448082,
		-0.231082,
		-0.863611,
		0,
		-0.190901,
		0.919002,
		-0.344952,
		0,
		0.211036,
		-0.102391,
		-0.332123,
		1
	},
	[0.65] = {
		0.873824,
		0.321364,
		0.364906,
		0,
		0.445177,
		-0.226905,
		-0.866217,
		0,
		-0.195572,
		0.919369,
		-0.341339,
		0,
		0.192475,
		-0.083715,
		-0.345476,
		1
	},
	[0.666666666667] = {
		0.874131,
		0.322884,
		0.362823,
		0,
		0.442844,
		-0.223072,
		-0.868405,
		0,
		-0.199459,
		0.919774,
		-0.337981,
		0,
		0.174304,
		-0.065263,
		-0.358253,
		1
	},
	[0.683333333333] = {
		0.874304,
		0.324094,
		0.361323,
		0,
		0.441013,
		-0.219505,
		-0.870244,
		0,
		-0.202729,
		0.920207,
		-0.334844,
		0,
		0.156686,
		-0.047197,
		-0.370376,
		1
	},
	[0.6] = {
		0.871911,
		0.313801,
		0.3759,
		0,
		0.456061,
		-0.240936,
		-0.856714,
		0,
		-0.17827,
		0.918411,
		-0.353187,
		0,
		0.24867,
		-0.13977,
		-0.304005,
		1
	},
	[0.716666666667] = {
		0.874228,
		0.325956,
		0.35983,
		0,
		0.438732,
		-0.212949,
		-0.873022,
		0,
		-0.207941,
		0.921089,
		-0.329174,
		0,
		0.123776,
		-0.012902,
		-0.392357,
		1
	},
	[0.733333333333] = {
		0.87393,
		0.326799,
		0.35979,
		0,
		0.438296,
		-0.209884,
		-0.873982,
		0,
		-0.210102,
		0.921494,
		-0.326659,
		0,
		0.108818,
		0.00298,
		-0.402069,
		1
	},
	[0.75] = {
		0.873389,
		0.327737,
		0.36025,
		0,
		0.438409,
		-0.206922,
		-0.874632,
		0,
		-0.212106,
		0.921831,
		-0.324407,
		0,
		0.095086,
		0.01778,
		-0.410832,
		1
	},
	[0.766666666667] = {
		0.872503,
		0.328941,
		0.361297,
		0,
		0.439216,
		-0.204041,
		-0.874904,
		0,
		-0.214073,
		0.922044,
		-0.322503,
		0,
		0.082758,
		0.031315,
		-0.418579,
		1
	},
	[0.783333333333] = {
		0.871085,
		0.330682,
		0.363125,
		0,
		0.441001,
		-0.201214,
		-0.874661,
		0,
		-0.216168,
		0.922043,
		-0.321106,
		0,
		0.072023,
		0.043396,
		-0.425239,
		1
	},
	[0.7] = {
		0.874342,
		0.325088,
		0.360339,
		0,
		0.439646,
		-0.216145,
		-0.871776,
		0,
		-0.205518,
		0.920651,
		-0.331908,
		0,
		0.139788,
		-0.029686,
		-0.381769,
		1
	},
	[0.816666666667] = {
		0.864687,
		0.338332,
		0.371279,
		0,
		0.450533,
		-0.195531,
		-0.871084,
		0,
		-0.222119,
		0.920489,
		-0.321503,
		0,
		0.056289,
		0.062392,
		-0.434999,
		1
	},
	[0.833333333333] = {
		0.856403,
		0.348262,
		0.381165,
		0,
		0.463247,
		-0.192317,
		-0.865111,
		0,
		-0.227981,
		0.917457,
		-0.326033,
		0,
		0.052122,
		0.068835,
		-0.437877,
		1
	},
	[0.85] = {
		0.832841,
		0.375594,
		0.406576,
		0,
		0.497815,
		-0.18715,
		-0.84685,
		0,
		-0.241982,
		0.907692,
		-0.342842,
		0,
		0.05238,
		0.072711,
		-0.438926,
		1
	},
	[0.866666666667] = {
		0.528298,
		0.618284,
		0.581915,
		0,
		0.7866,
		-0.098402,
		-0.609572,
		0,
		-0.319627,
		0.77977,
		-0.538328,
		0,
		0.084876,
		0.074348,
		-0.425194,
		1
	},
	[0.883333333333] = {
		0.528848,
		0.616616,
		0.583185,
		0,
		0.78652,
		-0.097868,
		-0.60976,
		0,
		-0.318912,
		0.781157,
		-0.536738,
		0,
		0.084949,
		0.075141,
		-0.424966,
		1
	},
	[0.8] = {
		0.868764,
		0.333454,
		0.36614,
		0,
		0.444337,
		-0.198406,
		-0.873613,
		0,
		-0.218666,
		0.921653,
		-0.320533,
		0,
		0.063102,
		0.053826,
		-0.430741,
		1
	},
	[0.916666666667] = {
		0.529876,
		0.613435,
		0.585601,
		0,
		0.78637,
		-0.096817,
		-0.610122,
		0,
		-0.317574,
		0.783789,
		-0.533687,
		0,
		0.085076,
		0.076659,
		-0.424531,
		1
	},
	[0.933333333333] = {
		0.530349,
		0.611946,
		0.58673,
		0,
		0.7863,
		-0.09631,
		-0.610292,
		0,
		-0.316958,
		0.785013,
		-0.532252,
		0,
		0.085131,
		0.077372,
		-0.424328,
		1
	},
	[0.95] = {
		0.53079,
		0.610542,
		0.587793,
		0,
		0.786234,
		-0.095825,
		-0.610453,
		0,
		-0.316382,
		0.786165,
		-0.530892,
		0,
		0.085179,
		0.078046,
		-0.424135,
		1
	},
	[0.966666666667] = {
		0.531196,
		0.609235,
		0.588781,
		0,
		0.786173,
		-0.095366,
		-0.610604,
		0,
		-0.315851,
		0.787235,
		-0.529622,
		0,
		0.085221,
		0.078674,
		-0.423956,
		1
	},
	[0.983333333333] = {
		0.531565,
		0.608036,
		0.589687,
		0,
		0.786117,
		-0.094939,
		-0.610742,
		0,
		-0.315369,
		0.788212,
		-0.528454,
		0,
		0.085257,
		0.079252,
		-0.423791,
		1
	},
	[0.9] = {
		0.529375,
		0.614995,
		0.584417,
		0,
		0.786444,
		-0.097338,
		-0.609944,
		0,
		-0.318227,
		0.7825,
		-0.535187,
		0,
		0.085016,
		0.075914,
		-0.424745,
		1
	},
	[1.01666666667] = {
		0.53218,
		0.606013,
		0.591213,
		0,
		0.786024,
		-0.094204,
		-0.610976,
		0,
		-0.314565,
		0.789857,
		-0.526474,
		0,
		0.085309,
		0.080229,
		-0.423514,
		1
	},
	[1.03333333333] = {
		0.532419,
		0.605213,
		0.591816,
		0,
		0.785987,
		-0.093907,
		-0.611069,
		0,
		-0.314251,
		0.790505,
		-0.525688,
		0,
		0.085326,
		0.080617,
		-0.423403,
		1
	},
	[1.05] = {
		0.53261,
		0.604571,
		0.592301,
		0,
		0.785958,
		-0.093666,
		-0.611144,
		0,
		-0.314002,
		0.791025,
		-0.525055,
		0,
		0.085335,
		0.080929,
		-0.423315,
		1
	},
	[1.06666666667] = {
		0.532748,
		0.604098,
		0.592659,
		0,
		0.785937,
		-0.093484,
		-0.611199,
		0,
		-0.31382,
		0.791408,
		-0.524587,
		0,
		0.085338,
		0.08116,
		-0.42325,
		1
	},
	[1.08333333333] = {
		0.532832,
		0.603807,
		0.59288,
		0,
		0.785924,
		-0.093369,
		-0.611233,
		0,
		-0.31371,
		0.791643,
		-0.524297,
		0,
		0.085335,
		0.081303,
		-0.42321,
		1
	},
	[1.11666666667] = {
		0.532854,
		0.603714,
		0.592956,
		0,
		0.78592,
		-0.093321,
		-0.611245,
		0,
		-0.313682,
		0.79172,
		-0.524197,
		0,
		0.085311,
		0.081353,
		-0.423196,
		1
	},
	[1.1] = {
		0.532858,
		0.60371,
		0.592956,
		0,
		0.78592,
		-0.093326,
		-0.611245,
		0,
		-0.313676,
		0.791722,
		-0.524197,
		0,
		0.085324,
		0.081353,
		-0.423196,
		1
	}
}

return spline_matrices
