local spline_matrices = {
	[0] = {
		0.104486,
		-0.135016,
		-0.985319,
		0,
		0.718316,
		0.695455,
		-0.019124,
		0,
		0.687827,
		-0.705772,
		0.16965,
		0,
		0.390036,
		0.322793,
		-0.090366,
		1
	},
	{
		0.858347,
		-0.409653,
		-0.30891,
		0,
		-0.492032,
		-0.827875,
		-0.26931,
		0,
		-0.145415,
		0.383155,
		-0.912166,
		0,
		0.005843,
		0.138454,
		-0.506515,
		1
	},
	[0.0166666666667] = {
		0.046366,
		-0.207617,
		-0.977111,
		0,
		0.585555,
		0.798134,
		-0.141802,
		0,
		0.809305,
		-0.565577,
		0.158577,
		0,
		0.40996,
		0.345507,
		-0.072597,
		1
	},
	[0.0333333333333] = {
		0.009563,
		-0.185077,
		-0.982677,
		0,
		0.552822,
		0.819864,
		-0.149033,
		0,
		0.833244,
		-0.541821,
		0.110155,
		0,
		0.399391,
		0.363731,
		-0.09921,
		1
	},
	[0.05] = {
		-0.034084,
		-0.106138,
		-0.993767,
		0,
		0.524674,
		0.844402,
		-0.108181,
		0,
		0.850621,
		-0.525091,
		0.026907,
		0,
		0.370671,
		0.384548,
		-0.142048,
		1
	},
	[0.0666666666667] = {
		-0.10759,
		-0.016656,
		-0.994056,
		0,
		0.389217,
		0.919348,
		-0.05753,
		0,
		0.914841,
		-0.393093,
		-0.09243,
		0,
		0.336566,
		0.412819,
		-0.171893,
		1
	},
	[0.0833333333333] = {
		-0.274348,
		0.060529,
		-0.959724,
		0,
		-0.005244,
		0.997908,
		0.064437,
		0,
		0.961616,
		0.022711,
		-0.273457,
		0,
		0.284917,
		0.450519,
		-0.183919,
		1
	},
	[0.116666666667] = {
		-0.460095,
		0.065189,
		-0.885474,
		0,
		-0.568867,
		0.744067,
		0.350363,
		0,
		0.681692,
		0.664917,
		-0.305258,
		0,
		0.169875,
		0.548788,
		-0.175547,
		1
	},
	[0.133333333333] = {
		-0.468479,
		0.08661,
		-0.879219,
		0,
		-0.682543,
		0.596394,
		0.422432,
		0,
		0.560947,
		0.798006,
		-0.220283,
		0,
		0.100026,
		0.603764,
		-0.145826,
		1
	},
	[0.15] = {
		-0.570645,
		0.115005,
		-0.813104,
		0,
		-0.729261,
		0.384253,
		0.566152,
		0,
		0.377548,
		0.916037,
		-0.135403,
		0,
		0.001568,
		0.659748,
		-0.090437,
		1
	},
	[0.166666666667] = {
		-0.642493,
		0.120801,
		-0.75671,
		0,
		-0.740236,
		0.157473,
		0.653646,
		0,
		0.198122,
		0.980107,
		-0.011754,
		0,
		-0.097781,
		0.68776,
		-0.031553,
		1
	},
	[0.183333333333] = {
		-0.564195,
		0.115551,
		-0.817515,
		0,
		-0.824806,
		-0.034345,
		0.564372,
		0,
		0.037137,
		0.992708,
		0.114685,
		0,
		-0.189695,
		0.647691,
		0.013549,
		1
	},
	[0.1] = {
		-0.43711,
		0.067419,
		-0.896878,
		0,
		-0.393265,
		0.882483,
		0.258003,
		0,
		0.808874,
		0.465487,
		-0.359229,
		0,
		0.224635,
		0.493677,
		-0.187518,
		1
	},
	[0.216666666667] = {
		-0.459924,
		0.19272,
		-0.866792,
		0,
		-0.80224,
		-0.508627,
		0.312586,
		0,
		-0.380632,
		0.839141,
		0.388537,
		0,
		-0.342521,
		0.41709,
		0.074851,
		1
	},
	[0.233333333333] = {
		-0.480178,
		0.215788,
		-0.850214,
		0,
		-0.661744,
		-0.72535,
		0.189638,
		0,
		-0.575782,
		0.653684,
		0.491093,
		0,
		-0.377554,
		0.296585,
		0.083555,
		1
	},
	[0.25] = {
		-0.433552,
		0.189069,
		-0.88107,
		0,
		-0.509164,
		-0.858104,
		0.066405,
		0,
		-0.743495,
		0.477399,
		0.4683,
		0,
		-0.38479,
		0.25503,
		0.064109,
		1
	},
	[0.266666666667] = {
		-0.341698,
		0.15356,
		-0.927179,
		0,
		-0.315815,
		-0.947951,
		-0.040611,
		0,
		-0.885157,
		0.278941,
		0.37241,
		0,
		-0.388302,
		0.22835,
		0.02254,
		1
	},
	[0.283333333333] = {
		-0.211434,
		0.127315,
		-0.969065,
		0,
		-0.099553,
		-0.989129,
		-0.10823,
		0,
		-0.972309,
		0.07359,
		0.22181,
		0,
		-0.389958,
		0.211922,
		-0.031491,
		1
	},
	[0.2] = {
		-0.456212,
		0.136007,
		-0.879416,
		0,
		-0.876533,
		-0.239146,
		0.417731,
		0,
		-0.153494,
		0.961411,
		0.228316,
		0,
		-0.274895,
		0.563093,
		0.048945,
		1
	},
	[0.316666666667] = {
		0.073262,
		0.133015,
		-0.988403,
		0,
		0.267747,
		-0.957305,
		-0.108984,
		0,
		-0.9607,
		-0.256658,
		-0.105749,
		0,
		-0.389146,
		0.190146,
		-0.142634,
		1
	},
	[0.333333333333] = {
		0.178442,
		0.152822,
		-0.97201,
		0,
		0.361971,
		-0.928787,
		-0.079575,
		0,
		-0.914951,
		-0.337639,
		-0.221051,
		0,
		-0.382474,
		0.178769,
		-0.182973,
		1
	},
	[0.35] = {
		0.261372,
		0.169321,
		-0.950271,
		0,
		0.402726,
		-0.913839,
		-0.05206,
		0,
		-0.87721,
		-0.369091,
		-0.307042,
		0,
		-0.368414,
		0.166834,
		-0.213624,
		1
	},
	[0.366666666667] = {
		0.34267,
		0.179416,
		-0.922164,
		0,
		0.412664,
		-0.910572,
		-0.023817,
		0,
		-0.84397,
		-0.372383,
		-0.386064,
		0,
		-0.347286,
		0.156406,
		-0.243887,
		1
	},
	[0.383333333333] = {
		0.423287,
		0.180872,
		-0.887758,
		0,
		0.396089,
		-0.91821,
		0.001781,
		0,
		-0.814826,
		-0.352385,
		-0.460307,
		0,
		-0.320276,
		0.14758,
		-0.273606,
		1
	},
	[0.3] = {
		-0.063947,
		0.120772,
		-0.990618,
		0,
		0.106631,
		-0.98614,
		-0.127109,
		0,
		-0.99224,
		-0.113759,
		0.050182,
		0,
		-0.390663,
		0.200491,
		-0.089286,
		1
	},
	[0.416666666667] = {
		0.580832,
		0.150269,
		-0.800033,
		0,
		0.294796,
		-0.954931,
		0.034662,
		0,
		-0.758768,
		-0.255979,
		-0.598954,
		0,
		-0.25387,
		0.134952,
		-0.330795,
		1
	},
	[0.433333333333] = {
		0.654173,
		0.115523,
		-0.747471,
		0,
		0.215364,
		-0.975807,
		0.037671,
		0,
		-0.725036,
		-0.185622,
		-0.663226,
		0,
		-0.217153,
		0.131207,
		-0.357945,
		1
	},
	[0.45] = {
		0.720083,
		0.067396,
		-0.690607,
		0,
		0.121369,
		-0.992162,
		0.029725,
		0,
		-0.683191,
		-0.105223,
		-0.722619,
		0,
		-0.179795,
		0.129219,
		-0.383888,
		1
	},
	[0.466666666667] = {
		0.775411,
		0.007257,
		-0.631416,
		0,
		0.017817,
		-0.999787,
		0.010389,
		0,
		-0.631206,
		-0.019305,
		-0.775375,
		0,
		-0.142943,
		0.129002,
		-0.408389,
		1
	},
	[0.483333333333] = {
		0.817627,
		-0.061996,
		-0.5724,
		0,
		-0.089128,
		-0.99583,
		-0.019455,
		0,
		-0.568807,
		0.066924,
		-0.819744,
		0,
		-0.107656,
		0.130451,
		-0.431145,
		1
	},
	[0.4] = {
		0.503097,
		0.1717,
		-0.847002,
		0,
		0.355959,
		-0.934242,
		0.022046,
		0,
		-0.787519,
		-0.312589,
		-0.531132,
		0,
		-0.288687,
		0.140423,
		-0.302626,
		1
	},
	[0.516666666667] = {
		0.860043,
		-0.210204,
		-0.464909,
		0,
		-0.287074,
		-0.952639,
		-0.100338,
		0,
		-0.421799,
		0.219759,
		-0.879654,
		0,
		-0.045861,
		0.137011,
		-0.469867,
		1
	},
	[0.533333333333] = {
		0.863539,
		-0.279182,
		-0.41995,
		0,
		-0.367154,
		-0.918935,
		-0.144068,
		0,
		-0.345686,
		0.278595,
		-0.896039,
		0,
		-0.021508,
		0.141029,
		-0.484933,
		1
	},
	[0.55] = {
		0.860001,
		-0.338785,
		-0.381606,
		0,
		-0.43011,
		-0.883657,
		-0.184812,
		0,
		-0.274598,
		0.323071,
		-0.905661,
		0,
		-0.003116,
		0.144594,
		-0.496523,
		1
	},
	[0.566666666667] = {
		0.853962,
		-0.385676,
		-0.34929,
		0,
		-0.474639,
		-0.852459,
		-0.21916,
		0,
		-0.213231,
		0.352941,
		-0.911025,
		0,
		0.007982,
		0.146918,
		-0.504219,
		1
	},
	[0.583333333333] = {
		0.849852,
		-0.417332,
		-0.321848,
		0,
		-0.500397,
		-0.830623,
		-0.244272,
		0,
		-0.165392,
		0.368647,
		-0.914738,
		0,
		0.01039,
		0.147213,
		-0.507647,
		1
	},
	[0.5] = {
		0.845596,
		-0.136148,
		-0.51617,
		0,
		-0.192811,
		-0.97955,
		-0.057493,
		0,
		-0.497787,
		0.148139,
		-0.854554,
		0,
		-0.07495,
		0.133276,
		-0.451783,
		1
	},
	[0.616666666667] = {
		0.844716,
		-0.456812,
		-0.278885,
		0,
		-0.526462,
		-0.803036,
		-0.279235,
		0,
		-0.096397,
		0.382697,
		-0.918831,
		0,
		0.006332,
		0.145551,
		-0.509665,
		1
	},
	[0.633333333333] = {
		0.841726,
		-0.471647,
		-0.262769,
		0,
		-0.535387,
		-0.79199,
		-0.293449,
		0,
		-0.069706,
		0.387686,
		-0.919152,
		0,
		0.004792,
		0.144933,
		-0.510426,
		1
	},
	[0.65] = {
		0.838907,
		-0.483595,
		-0.249742,
		0,
		-0.542178,
		-0.782744,
		-0.30554,
		0,
		-0.047726,
		0.391724,
		-0.918844,
		0,
		0.00352,
		0.144462,
		-0.51103,
		1
	},
	[0.666666666667] = {
		0.836469,
		-0.492923,
		-0.239471,
		0,
		-0.547187,
		-0.775238,
		-0.315583,
		0,
		-0.030088,
		0.395011,
		-0.918184,
		0,
		0.002483,
		0.144147,
		-0.511491,
		1
	},
	[0.683333333333] = {
		0.834542,
		-0.499877,
		-0.23165,
		0,
		-0.550699,
		-0.769397,
		-0.323664,
		0,
		-0.016438,
		0.397681,
		-0.917376,
		0,
		0.001652,
		0.143997,
		-0.511821,
		1
	},
	[0.6] = {
		0.84757,
		-0.438807,
		-0.298451,
		0,
		-0.514972,
		-0.815913,
		-0.262847,
		0,
		-0.128171,
		0.376476,
		-0.917517,
		0,
		0.008181,
		0.146311,
		-0.508741,
		1
	},
	[0.716666666667] = {
		0.832451,
		-0.507557,
		-0.222287,
		0,
		-0.554099,
		-0.762374,
		-0.334306,
		0,
		0.000214,
		0.401463,
		-0.915875,
		0,
		0.000515,
		0.144245,
		-0.512149,
		1
	},
	[0.733333333333] = {
		0.832295,
		-0.508689,
		-0.220272,
		0,
		-0.554319,
		-0.761004,
		-0.337051,
		0,
		0.003826,
		0.402627,
		-0.915356,
		0,
		0.000175,
		0.14467,
		-0.512179,
		1
	},
	[0.75] = {
		0.832689,
		-0.508268,
		-0.219757,
		0,
		-0.553722,
		-0.760931,
		-0.338196,
		0,
		0.004674,
		0.403296,
		-0.915058,
		0,
		-3.5e-05,
		0.145052,
		-0.512142,
		1
	},
	[0.766666666667] = {
		0.833571,
		-0.506472,
		-0.220557,
		0,
		-0.552404,
		-0.762053,
		-0.337825,
		0,
		0.003023,
		0.403438,
		-0.915002,
		0,
		-0.000125,
		0.14512,
		-0.512057,
		1
	},
	[0.783333333333] = {
		0.834891,
		-0.503407,
		-0.222571,
		0,
		-0.550414,
		-0.764234,
		-0.33614,
		0,
		-0.000881,
		0.403147,
		-0.915135,
		0,
		-0.000106,
		0.144939,
		-0.51192,
		1
	},
	[0.7] = {
		0.833195,
		-0.504685,
		-0.226005,
		0,
		-0.552941,
		-0.76514,
		-0.329875,
		0,
		-0.006443,
		0.399817,
		-0.916572,
		0,
		0.001002,
		0.144025,
		-0.512035,
		1
	},
	[0.816666666667] = {
		0.838574,
		-0.493876,
		-0.229957,
		0,
		-0.544595,
		-0.77117,
		-0.329716,
		0,
		-0.014497,
		0.401725,
		-0.915646,
		0,
		0.000221,
		0.144149,
		-0.511456,
		1
	},
	[0.833333333333] = {
		0.840755,
		-0.487702,
		-0.235111,
		0,
		-0.540895,
		-0.775647,
		-0.325275,
		0,
		-0.023726,
		0.400647,
		-0.915925,
		0,
		0.000513,
		0.143606,
		-0.511137,
		1
	},
	[0.85] = {
		0.843044,
		-0.480783,
		-0.241091,
		0,
		-0.536754,
		-0.780613,
		-0.320216,
		0,
		-0.034244,
		0.399363,
		-0.916153,
		0,
		0.000881,
		0.143009,
		-0.510767,
		1
	},
	[0.866666666667] = {
		0.845353,
		-0.473267,
		-0.247784,
		0,
		-0.53224,
		-0.785932,
		-0.314692,
		0,
		-0.045808,
		0.397906,
		-0.916282,
		0,
		0.001318,
		0.142391,
		-0.510351,
		1
	},
	[0.883333333333] = {
		0.847604,
		-0.465304,
		-0.255068,
		0,
		-0.527432,
		-0.791469,
		-0.308856,
		0,
		-0.058166,
		0.396319,
		-0.916269,
		0,
		0.001813,
		0.141785,
		-0.509892,
		1
	},
	[0.8] = {
		0.836589,
		-0.49916,
		-0.225741,
		0,
		-0.547789,
		-0.76732,
		-0.333387,
		0,
		-0.006802,
		0.402567,
		-0.915365,
		0,
		1.2e-05,
		0.144604,
		-0.511719,
		1
	},
	[0.916666666667] = {
		0.851683,
		-0.448637,
		-0.270852,
		0,
		-0.517241,
		-0.802719,
		-0.296823,
		0,
		-0.084253,
		0.392895,
		-0.915716,
		0,
		0.002937,
		0.140699,
		-0.508882,
		1
	},
	[0.933333333333] = {
		0.853457,
		-0.440206,
		-0.278979,
		0,
		-0.511964,
		-0.808287,
		-0.2908,
		0,
		-0.097483,
		0.391013,
		-0.915208,
		0,
		0.003536,
		0.140189,
		-0.508366,
		1
	},
	[0.95] = {
		0.855021,
		-0.431921,
		-0.287025,
		0,
		-0.506687,
		-0.813689,
		-0.284919,
		0,
		-0.110487,
		0.389043,
		-0.91457,
		0,
		0.004141,
		0.139702,
		-0.50786,
		1
	},
	[0.966666666667] = {
		0.856358,
		-0.423951,
		-0.294817,
		0,
		-0.501522,
		-0.818821,
		-0.279298,
		0,
		-0.122993,
		0.387036,
		-0.913825,
		0,
		0.004738,
		0.139245,
		-0.507376,
		1
	},
	[0.983333333333] = {
		0.857464,
		-0.41647,
		-0.302173,
		0,
		-0.496592,
		-0.823583,
		-0.274057,
		0,
		-0.134728,
		0.38505,
		-0.913009,
		0,
		0.005311,
		0.138827,
		-0.506924,
		1
	},
	[0.9] = {
		0.849726,
		-0.457049,
		-0.262816,
		0,
		-0.522414,
		-0.797092,
		-0.302867,
		0,
		-0.071063,
		0.394653,
		-0.916078,
		0,
		0.002357,
		0.141223,
		-0.509397,
		1
	},
	[1.01666666667] = {
		0.859023,
		-0.403677,
		-0.314841,
		0,
		-0.48798,
		-0.8316,
		-0.265174,
		0,
		-0.154777,
		0.381427,
		-0.911349,
		0,
		0.006317,
		0.138133,
		-0.506158,
		1
	},
	[1.03333333333] = {
		0.859513,
		-0.398722,
		-0.319777,
		0,
		-0.484581,
		-0.834663,
		-0.261762,
		0,
		-0.162536,
		0.379946,
		-0.910617,
		0,
		0.006716,
		0.137872,
		-0.505863,
		1
	},
	[1.05] = {
		0.859843,
		-0.394965,
		-0.323532,
		0,
		-0.481981,
		-0.836969,
		-0.259185,
		0,
		-0.168417,
		0.378794,
		-0.910028,
		0,
		0.007022,
		0.137677,
		-0.50564,
		1
	},
	[1.06666666667] = {
		0.860032,
		-0.392583,
		-0.325918,
		0,
		-0.480323,
		-0.838424,
		-0.257556,
		0,
		-0.172146,
		0.378052,
		-0.909639,
		0,
		0.007218,
		0.137555,
		-0.505499,
		1
	},
	[1.08333333333] = {
		0.860095,
		-0.391751,
		-0.326753,
		0,
		-0.479742,
		-0.838931,
		-0.256987,
		0,
		-0.173448,
		0.377791,
		-0.9095,
		0,
		0.007287,
		0.137513,
		-0.505449,
		1
	}
}

return spline_matrices
