-- chunkname: @content/characters/player/human/first_person/animations/axe/heavy_attack_down_right.lua

local spline_matrices = {
	[0.0333333333333] = {
		0.981558,
		-0.18345,
		-0.053767,
		0,
		0.035367,
		-0.102136,
		0.994142,
		0,
		-0.187866,
		-0.977709,
		-0.093764,
		0,
		-0.08009,
		0.035326,
		0.259925,
		1,
	},
	[0.0666666666667] = {
		0.980841,
		-0.162555,
		-0.107364,
		0,
		0.109511,
		0.004283,
		0.993976,
		0,
		-0.161116,
		-0.98669,
		0.022002,
		0,
		-0.075902,
		0.084689,
		0.266265,
		1,
	},
	[0] = {
		0.981082,
		-0.193085,
		0.013989,
		0,
		-0.051097,
		-0.188576,
		0.980728,
		0,
		-0.186726,
		-0.96289,
		-0.194875,
		0,
		-0.082553,
		0.010307,
		0.247976,
		1,
	},
	[0.133333333333] = {
		0.991795,
		-0.051077,
		0.117187,
		0,
		-0.090197,
		0.370006,
		0.924641,
		0,
		-0.090588,
		-0.927624,
		0.362363,
		0,
		-0.06462,
		0.193008,
		0.234777,
		1,
	},
	[0.166666666667] = {
		0.951328,
		0.025978,
		0.307083,
		0,
		-0.259423,
		0.605388,
		0.752466,
		0,
		-0.166356,
		-0.795507,
		0.582662,
		0,
		-0.056454,
		0.284046,
		0.196939,
		1,
	},
	[0.1] = {
		0.987379,
		-0.135034,
		-0.08276,
		0,
		0.103807,
		0.157128,
		0.982107,
		0,
		-0.119614,
		-0.978303,
		0.169162,
		0,
		-0.067852,
		0.13557,
		0.258552,
		1,
	},
	[0.233333333333] = {
		0.966078,
		0.024145,
		0.257119,
		0,
		0.114149,
		0.853158,
		-0.50901,
		0,
		-0.231653,
		0.521094,
		0.821461,
		0,
		0.012321,
		0.646671,
		-0.045115,
		1,
	},
	[0.266666666667] = {
		0.894492,
		-0.006736,
		0.447033,
		0,
		0.446643,
		-0.030929,
		-0.894178,
		0,
		0.019849,
		0.999499,
		-0.024657,
		0,
		0.119048,
		0.563012,
		-0.329435,
		1,
	},
	[0.2] = {
		0.938136,
		-0.137309,
		0.31788,
		0,
		-0.115056,
		0.74225,
		0.660172,
		0,
		-0.326594,
		-0.655905,
		0.680533,
		0,
		-0.052599,
		0.430139,
		0.164558,
		1,
	},
	[0.333333333333] = {
		0.923645,
		-0.17324,
		0.341859,
		0,
		0.10601,
		-0.74171,
		-0.66229,
		0,
		0.368295,
		0.647961,
		-0.666712,
		0,
		0.162608,
		0.240653,
		-0.599007,
		1,
	},
	[0.366666666667] = {
		0.88856,
		-0.199132,
		0.413288,
		0,
		0.120707,
		-0.767655,
		-0.629393,
		0,
		0.442595,
		0.60914,
		-0.658072,
		0,
		0.163034,
		0.237872,
		-0.587934,
		1,
	},
	[0.3] = {
		0.975982,
		-0.10855,
		0.188882,
		0,
		0.062047,
		-0.692606,
		-0.718642,
		0,
		0.208829,
		0.713102,
		-0.669236,
		0,
		0.157402,
		0.309789,
		-0.546516,
		1,
	},
	[0.433333333333] = {
		0.890542,
		-0.206095,
		0.405536,
		0,
		0.115583,
		-0.759713,
		-0.639904,
		0,
		0.439972,
		0.616734,
		-0.652735,
		0,
		0.160101,
		0.245117,
		-0.585761,
		1,
	},
	[0.466666666667] = {
		0.8919,
		-0.208669,
		0.401214,
		0,
		0.111234,
		-0.758703,
		-0.64187,
		0,
		0.43834,
		0.617112,
		-0.653475,
		0,
		0.158017,
		0.245929,
		-0.585986,
		1,
	},
	[0.4] = {
		0.889336,
		-0.202765,
		0.409839,
		0,
		0.118953,
		-0.762851,
		-0.635538,
		0,
		0.441511,
		0.613958,
		-0.654311,
		0,
		0.161903,
		0.242306,
		-0.586435,
		1,
	},
	[0.533333333333] = {
		0.893821,
		-0.211263,
		0.39554,
		0,
		0.102406,
		-0.762592,
		-0.638723,
		0,
		0.436574,
		0.61141,
		-0.659986,
		0,
		0.154842,
		0.242057,
		-0.588441,
		1,
	},
	[0.566666666667] = {
		0.893791,
		-0.211872,
		0.395282,
		0,
		0.099333,
		-0.765962,
		-0.635166,
		0,
		0.437345,
		0.60697,
		-0.663564,
		0,
		0.154675,
		0.238766,
		-0.589828,
		1,
	},
	[0.5] = {
		0.893093,
		-0.210208,
		0.39774,
		0,
		0.106607,
		-0.760045,
		-0.641067,
		0,
		0.437058,
		0.614934,
		-0.656381,
		0,
		0.15611,
		0.244559,
		-0.587069,
		1,
	},
	[0.633333333333] = {
		0.892963,
		-0.210878,
		0.397678,
		0,
		0.09565,
		-0.774403,
		-0.625421,
		0,
		0.43985,
		0.596516,
		-0.671343,
		0,
		0.155546,
		0.230559,
		-0.592856,
		1,
	},
	[0.666666666667] = {
		0.892765,
		-0.208886,
		0.39917,
		0,
		0.094782,
		-0.779103,
		-0.619689,
		0,
		0.440439,
		0.591071,
		-0.675758,
		0,
		0.155751,
		0.226007,
		-0.594552,
		1,
	},
	[0.6] = {
		0.893323,
		-0.211823,
		0.396366,
		0,
		0.097239,
		-0.769963,
		-0.630636,
		0,
		0.43877,
		0.601904,
		-0.667228,
		0,
		0.155171,
		0.23487,
		-0.59126,
		1,
	},
	[0.733333333333] = {
		0.892854,
		-0.202166,
		0.402419,
		0,
		0.095169,
		-0.788695,
		-0.607374,
		0,
		0.440176,
		0.580594,
		-0.684949,
		0,
		0.155659,
		0.216716,
		-0.598026,
		1,
	},
	[0.766666666667] = {
		0.893005,
		-0.198264,
		0.40402,
		0,
		0.095836,
		-0.793366,
		-0.601154,
		0,
		0.439723,
		0.575554,
		-0.689479,
		0,
		0.155502,
		0.212136,
		-0.599706,
		1,
	},
	[0.7] = {
		0.892761,
		-0.205795,
		0.400781,
		0,
		0.094765,
		-0.783899,
		-0.613613,
		0,
		0.44045,
		0.58579,
		-0.680333,
		0,
		0.155755,
		0.221375,
		-0.596292,
		1,
	},
	[0.833333333333] = {
		0.89341,
		-0.190386,
		0.406906,
		0,
		0.097626,
		-0.801835,
		-0.589517,
		0,
		0.438507,
		0.566405,
		-0.69778,
		0,
		0.155079,
		0.20371,
		-0.602729,
		1,
	},
	[0.866666666667] = {
		0.893624,
		-0.186781,
		0.408104,
		0,
		0.098584,
		-0.805396,
		-0.584482,
		0,
		0.437856,
		0.562539,
		-0.701307,
		0,
		0.154853,
		0.200114,
		-0.603991,
		1,
	},
	[0.8] = {
		0.893197,
		-0.194276,
		0.405532,
		0,
		0.096683,
		-0.797786,
		-0.595139,
		0,
		0.439148,
		0.570784,
		-0.693797,
		0,
		0.155302,
		0.20776,
		-0.601288,
		1,
	},
	[0.9] = {
		0.893822,
		-0.18365,
		0.409091,
		0,
		0.099472,
		-0.808358,
		-0.580227,
		0,
		0.43725,
		0.559313,
		-0.70426,
		0,
		0.154643,
		0.197096,
		-0.605036,
		1,
	},
}

return spline_matrices
