-- chunkname: @content/characters/player/human/first_person/animations/axe/heavy_attack_right_diagonal_up.lua

local spline_matrices = {
	[0.0166666666667] = {
		0.446112,
		-0.09634,
		0.889777,
		0,
		-0.889801,
		0.059022,
		0.452515,
		0,
		-0.096112,
		-0.993597,
		-0.059393,
		0,
		-0.408598,
		0.180124,
		-0.083827,
		1
	},
	[0.0333333333333] = {
		0.435309,
		-0.148857,
		0.887889,
		0,
		-0.87701,
		0.152672,
		0.455571,
		0,
		-0.203371,
		-0.977002,
		-0.06409,
		0,
		-0.406473,
		0.265726,
		-0.119681,
		1
	},
	[0.05] = {
		0.398854,
		-0.228023,
		0.888212,
		0,
		-0.852092,
		0.265807,
		0.450872,
		0,
		-0.338902,
		-0.936671,
		-0.088278,
		0,
		-0.368506,
		0.33636,
		-0.155393,
		1
	},
	[0.0666666666667] = {
		0.309755,
		-0.326378,
		0.893045,
		0,
		-0.797322,
		0.422537,
		0.430976,
		0,
		-0.518005,
		-0.845541,
		-0.129345,
		0,
		-0.318135,
		0.407102,
		-0.166768,
		1
	},
	[0.0833333333333] = {
		0.064025,
		-0.423695,
		0.903539,
		0,
		-0.651887,
		0.667775,
		0.359332,
		0,
		-0.755608,
		-0.612012,
		-0.233447,
		0,
		-0.273413,
		0.477408,
		-0.161903,
		1
	},
	[0] = {
		0.450275,
		-0.06746,
		0.890338,
		0,
		-0.892872,
		-0.040234,
		0.448509,
		0,
		0.005565,
		-0.99691,
		-0.07835,
		0,
		-0.402203,
		0.125106,
		-0.070128,
		1
	},
	[0.116666666667] = {
		-0.404193,
		-0.322719,
		0.855851,
		0,
		-0.184664,
		0.945213,
		0.269204,
		0,
		-0.895839,
		-0.049234,
		-0.441643,
		0,
		-0.121432,
		0.61873,
		-0.120489,
		1
	},
	[0.133333333333] = {
		-0.468483,
		-0.257037,
		0.845255,
		0,
		0.060722,
		0.945111,
		0.321058,
		0,
		-0.881383,
		0.201736,
		-0.42716,
		0,
		-0.014851,
		0.673119,
		-0.085032,
		1
	},
	[0.15] = {
		-0.505152,
		-0.235548,
		0.830264,
		0,
		0.40897,
		0.781824,
		0.470632,
		0,
		-0.759977,
		0.577294,
		-0.298608,
		0,
		0.112162,
		0.672406,
		-0.017015,
		1
	},
	[0.166666666667] = {
		-0.566267,
		-0.216076,
		0.795394,
		0,
		0.662151,
		0.455399,
		0.59512,
		0,
		-0.490813,
		0.863668,
		-0.114803,
		0,
		0.237035,
		0.6422,
		0.056357,
		1
	},
	[0.183333333333] = {
		-0.546768,
		-0.18922,
		0.815623,
		0,
		0.808734,
		0.132861,
		0.572973,
		0,
		-0.216782,
		0.972905,
		0.080385,
		0,
		0.344079,
		0.579931,
		0.09726,
		1
	},
	[0.1] = {
		-0.241614,
		-0.395593,
		0.886075,
		0,
		-0.401814,
		0.871953,
		0.279722,
		0,
		-0.883272,
		-0.288452,
		-0.36963,
		0,
		-0.209726,
		0.543674,
		-0.147815,
		1
	},
	[0.216666666667] = {
		-0.550004,
		-0.178722,
		0.815815,
		0,
		0.762079,
		-0.507017,
		0.402703,
		0,
		0.34166,
		0.843204,
		0.415061,
		0,
		0.493963,
		0.340857,
		0.085906,
		1
	},
	[0.233333333333] = {
		-0.565703,
		-0.21228,
		0.796817,
		0,
		0.633029,
		-0.73104,
		0.254665,
		0,
		0.528445,
		0.648473,
		0.547931,
		0,
		0.508427,
		0.213577,
		0.050065,
		1
	},
	[0.25] = {
		-0.570689,
		-0.124187,
		0.811722,
		0,
		0.536031,
		-0.805183,
		0.253674,
		0,
		0.622082,
		0.579877,
		0.526077,
		0,
		0.496593,
		0.110077,
		0.029866,
		1
	},
	[0.266666666667] = {
		-0.552058,
		-0.045831,
		0.832545,
		0,
		0.445251,
		-0.860411,
		0.24788,
		0,
		0.70497,
		0.507535,
		0.495403,
		0,
		0.484616,
		-0.006473,
		0.006546,
		1
	},
	[0.283333333333] = {
		-0.516497,
		0.02065,
		0.85604,
		0,
		0.36355,
		-0.899846,
		0.241057,
		0,
		0.775282,
		0.435718,
		0.45726,
		0,
		0.47195,
		-0.122419,
		-0.017484,
		1
	},
	[0.2] = {
		-0.535556,
		-0.185077,
		0.82397,
		0,
		0.841177,
		-0.203376,
		0.501059,
		0,
		0.074841,
		0.961449,
		0.264602,
		0,
		0.432869,
		0.479078,
		0.110598,
		1
	},
	[0.316666666667] = {
		-0.42274,
		0.11164,
		0.899348,
		0,
		0.248937,
		-0.939904,
		0.233687,
		0,
		0.87139,
		0.32267,
		0.369544,
		0,
		0.44475,
		-0.292415,
		-0.059398,
		1
	},
	[0.333333333333] = {
		-0.378665,
		0.139639,
		0.914939,
		0,
		0.221081,
		-0.94629,
		0.235922,
		0,
		0.898741,
		0.291611,
		0.327456,
		0,
		0.430676,
		-0.3193,
		-0.07366,
		1
	},
	[0.35] = {
		-0.186582,
		0.095472,
		0.977789,
		0,
		0.361783,
		-0.91865,
		0.158733,
		0,
		0.9134,
		0.383364,
		0.136864,
		0,
		0.421138,
		-0.316613,
		-0.089403,
		1
	},
	[0.366666666667] = {
		0.202323,
		0.039244,
		0.978532,
		0,
		0.602897,
		-0.792395,
		-0.092877,
		0,
		0.771739,
		0.608745,
		-0.183979,
		0,
		0.413324,
		-0.307392,
		-0.112495,
		1
	},
	[0.383333333333] = {
		0.521906,
		0.071426,
		0.850008,
		0,
		0.691543,
		-0.618813,
		-0.37261,
		0,
		0.499382,
		0.782284,
		-0.372356,
		0,
		0.399683,
		-0.295426,
		-0.135951,
		1
	},
	[0.3] = {
		-0.47098,
		0.072724,
		0.879141,
		0,
		0.297223,
		-0.925242,
		0.235768,
		0,
		0.830564,
		0.372342,
		0.414155,
		0,
		0.458574,
		-0.222252,
		-0.040102,
		1
	},
	[0.416666666667] = {
		0.771924,
		0.192692,
		0.605808,
		0,
		0.625769,
		-0.398229,
		-0.670691,
		0,
		0.112014,
		0.896818,
		-0.427983,
		0,
		0.364536,
		-0.272005,
		-0.173471,
		1
	},
	[0.433333333333] = {
		0.811362,
		0.233656,
		0.535813,
		0,
		0.584416,
		-0.343371,
		-0.735224,
		0,
		0.012193,
		0.909671,
		-0.41515,
		0,
		0.346621,
		-0.259927,
		-0.189718,
		1
	},
	[0.45] = {
		0.832158,
		0.262609,
		0.488415,
		0,
		0.551953,
		-0.307292,
		-0.77519,
		0,
		-0.053486,
		0.914663,
		-0.400664,
		0,
		0.328789,
		-0.247043,
		-0.205385,
		1
	},
	[0.466666666667] = {
		0.843985,
		0.283199,
		0.455508,
		0,
		0.52729,
		-0.282508,
		-0.801345,
		0,
		-0.098256,
		0.916508,
		-0.38776,
		0,
		0.310988,
		-0.233221,
		-0.220772,
		1
	},
	[0.483333333333] = {
		0.851195,
		0.298059,
		0.432004,
		0,
		0.508538,
		-0.26476,
		-0.819324,
		0,
		-0.129829,
		0.917095,
		-0.376936,
		0,
		0.293197,
		-0.218454,
		-0.235998,
		1
	},
	[0.4] = {
		0.691489,
		0.136529,
		0.709368,
		0,
		0.671161,
		-0.484616,
		-0.560973,
		0,
		0.267182,
		0.864007,
		-0.426739,
		0,
		0.382482,
		-0.283628,
		-0.155968,
		1
	},
	[0.516666666667] = {
		0.85908,
		0.316961,
		0.401892,
		0,
		0.48286,
		-0.241405,
		-0.841766,
		0,
		-0.169788,
		0.917202,
		-0.360434,
		0,
		0.257734,
		-0.186332,
		-0.266041,
		1
	},
	[0.533333333333] = {
		0.861392,
		0.322924,
		0.392078,
		0,
		0.473951,
		-0.233358,
		-0.849067,
		0,
		-0.182689,
		0.917204,
		-0.354063,
		0,
		0.240171,
		-0.169186,
		-0.280797,
		1
	},
	[0.55] = {
		0.863132,
		0.327358,
		0.384499,
		0,
		0.466806,
		-0.226837,
		-0.854773,
		0,
		-0.192598,
		0.917269,
		-0.348603,
		0,
		0.222817,
		-0.151496,
		-0.2953,
		1
	},
	[0.566666666667] = {
		0.864494,
		0.330632,
		0.378594,
		0,
		0.461016,
		-0.221429,
		-0.859322,
		0,
		-0.200288,
		0.917416,
		-0.34385,
		0,
		0.205755,
		-0.133403,
		-0.309488,
		1
	},
	[0.583333333333] = {
		0.86559,
		0.333013,
		0.373973,
		0,
		0.456285,
		-0.21685,
		-0.863007,
		0,
		-0.206297,
		0.917648,
		-0.339652,
		0,
		0.189074,
		-0.115054,
		-0.323296,
		1
	},
	[0.5] = {
		0.855872,
		0.308931,
		0.414782,
		0,
		0.494115,
		-0.251563,
		-0.832206,
		0,
		-0.152751,
		0.917212,
		-0.367954,
		0,
		0.275431,
		-0.202794,
		-0.251092,
		1
	},
	[0.616666666667] = {
		0.86724,
		0.335848,
		0.367561,
		0,
		0.449211,
		-0.209425,
		-0.868534,
		0,
		-0.214719,
		0.918339,
		-0.332488,
		0,
		0.157217,
		-0.078204,
		-0.349498,
		1
	},
	[0.633333333333] = {
		0.867857,
		0.336579,
		0.365429,
		0,
		0.44661,
		-0.206326,
		-0.870614,
		0,
		-0.217633,
		0.918773,
		-0.329381,
		0,
		0.142225,
		-0.060022,
		-0.361756,
		1
	},
	[0.65] = {
		0.868351,
		0.336998,
		0.363868,
		0,
		0.444523,
		-0.20352,
		-0.872341,
		0,
		-0.219923,
		0.919245,
		-0.32653,
		0,
		0.12798,
		-0.042223,
		-0.373361,
		1
	},
	[0.666666666667] = {
		0.868716,
		0.337199,
		0.362808,
		0,
		0.442912,
		-0.200945,
		-0.873757,
		0,
		-0.221725,
		0.919738,
		-0.323913,
		0,
		0.114574,
		-0.024975,
		-0.384247,
		1
	},
	[0.683333333333] = {
		0.868934,
		0.337275,
		0.362214,
		0,
		0.441763,
		-0.198554,
		-0.874884,
		0,
		-0.223157,
		0.920229,
		-0.321526,
		0,
		0.102099,
		-0.008452,
		-0.394349,
		1
	},
	[0.6] = {
		0.866492,
		0.334701,
		0.370361,
		0,
		0.4524,
		-0.212897,
		-0.86603,
		0,
		-0.211012,
		0.91796,
		-0.335892,
		0,
		0.172864,
		-0.096601,
		-0.336655,
		1
	},
	[0.716666666667] = {
		0.868763,
		0.337477,
		0.362436,
		0,
		0.440992,
		-0.194183,
		-0.876253,
		0,
		-0.225336,
		0.921088,
		-0.317523,
		0,
		0.080315,
		0.021715,
		-0.411944,
		1
	},
	[0.733333333333] = {
		0.868208,
		0.337897,
		0.363375,
		0,
		0.441585,
		-0.192143,
		-0.876404,
		0,
		-0.226314,
		0.921362,
		-0.31603,
		0,
		0.071201,
		0.034994,
		-0.419312,
		1
	},
	[0.75] = {
		0.867113,
		0.338857,
		0.36509,
		0,
		0.443161,
		-0.190159,
		-0.876041,
		0,
		-0.227427,
		0.92142,
		-0.315058,
		0,
		0.063419,
		0.04682,
		-0.425643,
		1
	},
	[0.766666666667] = {
		0.865103,
		0.340851,
		0.367992,
		0,
		0.446295,
		-0.188188,
		-0.874875,
		0,
		-0.22895,
		0.92109,
		-0.314922,
		0,
		0.057107,
		0.056996,
		-0.430871,
		1
	},
	[0.783333333333] = {
		0.861317,
		0.344944,
		0.373023,
		0,
		0.452293,
		-0.186134,
		-0.87223,
		0,
		-0.231438,
		0.919982,
		-0.316337,
		0,
		0.052481,
		0.065311,
		-0.434917,
		1
	},
	[0.7] = {
		0.86897,
		0.337326,
		0.362079,
		0,
		0.4411,
		-0.196311,
		-0.875724,
		0,
		-0.224325,
		0.920692,
		-0.319383,
		0,
		0.090648,
		0.007172,
		-0.403602,
		1
	},
	[0.816666666667] = {
		0.829842,
		0.380429,
		0.408211,
		0,
		0.499181,
		-0.179204,
		-0.847764,
		0,
		-0.249361,
		0.907282,
		-0.338614,
		0,
		0.051358,
		0.075155,
		-0.438622,
		1
	},
	[0.833333333333] = {
		0.523943,
		0.61962,
		0.584426,
		0,
		0.787204,
		-0.090248,
		-0.610053,
		0,
		-0.325258,
		0.779696,
		-0.535052,
		0,
		0.084289,
		0.076718,
		-0.42489,
		1
	},
	[0.85] = {
		0.525016,
		0.61778,
		0.585411,
		0,
		0.78706,
		-0.09067,
		-0.610177,
		0,
		-0.323876,
		0.781106,
		-0.533833,
		0,
		0.084432,
		0.077239,
		-0.424693,
		1
	},
	[0.866666666667] = {
		0.526044,
		0.615998,
		0.586366,
		0,
		0.786918,
		-0.091062,
		-0.610301,
		0,
		-0.322548,
		0.782467,
		-0.532643,
		0,
		0.084566,
		0.077747,
		-0.424503,
		1
	},
	[0.883333333333] = {
		0.527022,
		0.614286,
		0.587282,
		0,
		0.786782,
		-0.091424,
		-0.610423,
		0,
		-0.321283,
		0.783769,
		-0.531491,
		0,
		0.084691,
		0.078239,
		-0.42432,
		1
	},
	[0.8] = {
		0.853282,
		0.35406,
		0.382819,
		0,
		0.464814,
		-0.183703,
		-0.866142,
		0,
		-0.236342,
		0.917003,
		-0.321322,
		0,
		0.049998,
		0.071509,
		-0.437648,
		1
	},
	[0.916666666667] = {
		0.528805,
		0.611124,
		0.588976,
		0,
		0.786527,
		-0.092055,
		-0.610657,
		0,
		-0.318969,
		0.786164,
		-0.529345,
		0,
		0.084912,
		0.079155,
		-0.423983,
		1
	},
	[0.933333333333] = {
		0.529599,
		0.609699,
		0.589739,
		0,
		0.786411,
		-0.092324,
		-0.610765,
		0,
		-0.317936,
		0.787238,
		-0.528369,
		0,
		0.085006,
		0.079571,
		-0.423832,
		1
	},
	[0.95] = {
		0.53032,
		0.608395,
		0.590438,
		0,
		0.786304,
		-0.092562,
		-0.610866,
		0,
		-0.316996,
		0.788218,
		-0.527471,
		0,
		0.085089,
		0.079954,
		-0.423693,
		1
	},
	[0.966666666667] = {
		0.530962,
		0.607224,
		0.591065,
		0,
		0.786208,
		-0.092768,
		-0.610959,
		0,
		-0.316157,
		0.789096,
		-0.526661,
		0,
		0.085161,
		0.0803,
		-0.423569,
		1
	},
	[0.983333333333] = {
		0.531521,
		0.6062,
		0.591614,
		0,
		0.786124,
		-0.092942,
		-0.611041,
		0,
		-0.315427,
		0.789863,
		-0.525949,
		0,
		0.085221,
		0.080603,
		-0.42346,
		1
	},
	[0.9] = {
		0.527944,
		0.612657,
		0.588155,
		0,
		0.786651,
		-0.091755,
		-0.610542,
		0,
		-0.320087,
		0.785004,
		-0.530389,
		0,
		0.084806,
		0.078709,
		-0.424147,
		1
	},
	[1.01666666667] = {
		0.532364,
		0.604639,
		0.592452,
		0,
		0.785996,
		-0.093193,
		-0.611168,
		0,
		-0.314323,
		0.791029,
		-0.524857,
		0,
		0.085302,
		0.08107,
		-0.423295,
		1
	},
	[1.03333333333] = {
		0.532637,
		0.604129,
		0.592727,
		0,
		0.785954,
		-0.093271,
		-0.61121,
		0,
		-0.313966,
		0.791409,
		-0.524497,
		0,
		0.085324,
		0.081224,
		-0.423241,
		1
	},
	[1.05] = {
		0.532804,
		0.603815,
		0.592898,
		0,
		0.785928,
		-0.093315,
		-0.611236,
		0,
		-0.313747,
		0.791644,
		-0.524274,
		0,
		0.085331,
		0.08132,
		-0.423207,
		1
	},
	[1.06666666667] = {
		0.532858,
		0.60371,
		0.592956,
		0,
		0.78592,
		-0.093326,
		-0.611245,
		0,
		-0.313676,
		0.791722,
		-0.524197,
		0,
		0.085324,
		0.081353,
		-0.423196,
		1
	},
	[1.08333333333] = {
		0.532854,
		0.603714,
		0.592956,
		0,
		0.78592,
		-0.093321,
		-0.611245,
		0,
		-0.313682,
		0.79172,
		-0.524197,
		0,
		0.085311,
		0.081353,
		-0.423196,
		1
	},
	{
		0.53199,
		0.605334,
		0.592079,
		0,
		0.786053,
		-0.093084,
		-0.611111,
		0,
		-0.314813,
		0.79051,
		-0.525344,
		0,
		0.085268,
		0.080862,
		-0.423368,
		1
	}
}

return spline_matrices
