local spline_matrices = {
	[0] = {
		0.963009,
		0.25729,
		-0.080095,
		0,
		-0.044946,
		0.446435,
		0.893687,
		0,
		0.265694,
		-0.857028,
		0.441485,
		0,
		0.284432,
		0.19984,
		0.183482,
		1
	},
	{
		0.724011,
		-0.283973,
		-0.628624,
		0,
		-0.68648,
		-0.385786,
		-0.616372,
		0,
		-0.067481,
		0.877798,
		-0.474255,
		0,
		-0.024912,
		0.038928,
		-0.717426,
		1
	},
	[0.0333333333333] = {
		0.963622,
		0.208407,
		-0.16733,
		0,
		0.063399,
		0.429964,
		0.900618,
		0,
		0.259641,
		-0.878463,
		0.40111,
		0,
		0.284485,
		0.249595,
		0.189417,
		1
	},
	[0.0666666666667] = {
		0.950604,
		0.163759,
		-0.263695,
		0,
		0.182636,
		0.39183,
		0.901728,
		0,
		0.25099,
		-0.905346,
		0.342567,
		0,
		0.289793,
		0.320305,
		0.182025,
		1
	},
	[0.133333333333] = {
		0.725551,
		0.351688,
		-0.591516,
		0,
		0.131479,
		0.772875,
		0.620788,
		0,
		0.675491,
		-0.528186,
		0.51452,
		0,
		0.200773,
		0.466008,
		0.057107,
		1
	},
	[0.166666666667] = {
		0.374381,
		0.279283,
		-0.884217,
		0,
		-0.556485,
		0.83043,
		0.026676,
		0,
		0.74173,
		0.482066,
		0.466314,
		0,
		-0.002834,
		0.510657,
		-0.064519,
		1
	},
	[0.1] = {
		0.904965,
		0.195133,
		-0.378103,
		0,
		0.26125,
		0.446577,
		0.855755,
		0,
		0.335838,
		-0.873208,
		0.353158,
		0,
		0.262939,
		0.401756,
		0.141324,
		1
	},
	[0.233333333333] = {
		0.274783,
		0.035144,
		-0.960864,
		0,
		-0.849237,
		-0.459744,
		-0.259676,
		0,
		-0.450878,
		0.887356,
		-0.096484,
		0,
		-0.525704,
		0.402896,
		-0.261524,
		1
	},
	[0.266666666667] = {
		0.145449,
		-0.136894,
		-0.979849,
		0,
		-0.701368,
		-0.712785,
		-0.004528,
		0,
		-0.697802,
		0.687893,
		-0.199688,
		0,
		-0.639027,
		0.181719,
		-0.329486,
		1
	},
	[0.2] = {
		0.411819,
		0.15283,
		-0.898358,
		0,
		-0.909437,
		0.131353,
		-0.394552,
		0,
		0.057702,
		0.979484,
		0.193083,
		0,
		-0.250508,
		0.545228,
		-0.157381,
		1
	},
	[0.333333333333] = {
		0.091104,
		-0.344071,
		-0.934513,
		0,
		-0.508218,
		-0.823076,
		0.253497,
		0,
		-0.856396,
		0.451842,
		-0.249848,
		0,
		-0.582796,
		-0.000375,
		-0.405876,
		1
	},
	[0.366666666667] = {
		0.120273,
		-0.382344,
		-0.916159,
		0,
		-0.481644,
		-0.829442,
		0.282924,
		0,
		-0.868075,
		0.407234,
		-0.283913,
		0,
		-0.493273,
		-0.009886,
		-0.463256,
		1
	},
	[0.3] = {
		0.078569,
		-0.280999,
		-0.956487,
		0,
		-0.565489,
		-0.80272,
		0.189373,
		0,
		-0.821005,
		0.526004,
		-0.221971,
		0,
		-0.630853,
		0.053124,
		-0.35166,
		1
	},
	[0.433333333333] = {
		0.181308,
		-0.414714,
		-0.891706,
		0,
		-0.479719,
		-0.828833,
		0.287933,
		0,
		-0.858485,
		0.375564,
		-0.34922,
		0,
		-0.386975,
		-0.073968,
		-0.514525,
		1
	},
	[0.466666666667] = {
		0.220745,
		-0.412188,
		-0.883953,
		0,
		-0.507121,
		-0.822675,
		0.256973,
		0,
		-0.833127,
		0.391545,
		-0.390631,
		0,
		-0.345864,
		-0.087737,
		-0.538757,
		1
	},
	[0.4] = {
		0.148245,
		-0.405521,
		-0.901985,
		0,
		-0.470517,
		-0.831142,
		0.296339,
		0,
		-0.869849,
		0.380468,
		-0.314017,
		0,
		-0.433924,
		-0.044929,
		-0.49234,
		1
	},
	[0.533333333333] = {
		0.316609,
		-0.383278,
		-0.867673,
		0,
		-0.595121,
		-0.792563,
		0.132944,
		0,
		-0.73864,
		0.47428,
		-0.47903,
		0,
		-0.272221,
		-0.078283,
		-0.602105,
		1
	},
	[0.566666666667] = {
		0.371477,
		-0.362414,
		-0.854787,
		0,
		-0.643571,
		-0.764105,
		0.044281,
		0,
		-0.669195,
		0.533667,
		-0.517086,
		0,
		-0.23417,
		-0.062241,
		-0.639999,
		1
	},
	[0.5] = {
		0.266027,
		-0.400795,
		-0.876694,
		0,
		-0.547537,
		-0.81134,
		0.204771,
		0,
		-0.793368,
		0.425548,
		-0.435288,
		0,
		-0.308577,
		-0.088135,
		-0.56764,
		1
	},
	[0.633333333333] = {
		0.48652,
		-0.321413,
		-0.812399,
		0,
		-0.719519,
		-0.674855,
		-0.163901,
		0,
		-0.495572,
		0.664277,
		-0.559593,
		0,
		-0.149008,
		-0.026621,
		-0.694545,
		1
	},
	[0.666666666667] = {
		0.54186,
		-0.305642,
		-0.782925,
		0,
		-0.738844,
		-0.617254,
		-0.270385,
		0,
		-0.400622,
		0.724969,
		-0.560287,
		0,
		-0.106758,
		-0.011655,
		-0.700804,
		1
	},
	[0.6] = {
		0.428856,
		-0.340965,
		-0.836555,
		0,
		-0.68675,
		-0.724679,
		-0.056693,
		0,
		-0.586904,
		0.598818,
		-0.544941,
		0,
		-0.194353,
		-0.043907,
		-0.676551,
		1
	},
	[0.733333333333] = {
		0.635418,
		-0.288521,
		-0.71624,
		0,
		-0.738745,
		-0.497094,
		-0.45514,
		0,
		-0.224722,
		0.818323,
		-0.529006,
		0,
		-0.04767,
		0.015491,
		-0.708484,
		1
	},
	[0.766666666667] = {
		0.67035,
		-0.286519,
		-0.684498,
		0,
		-0.725734,
		-0.445494,
		-0.524257,
		0,
		-0.15473,
		0.8482,
		-0.506573,
		0,
		-0.029979,
		0.026919,
		-0.711194,
		1
	},
	[0.7] = {
		0.592179,
		-0.294661,
		-0.75,
		0,
		-0.744483,
		-0.556203,
		-0.369301,
		0,
		-0.308333,
		0.777055,
		-0.548741,
		0,
		-0.073104,
		0.002357,
		-0.705238,
		1
	},
	[0.833333333333] = {
		0.713853,
		-0.290559,
		-0.637173,
		0,
		-0.69688,
		-0.384493,
		-0.605412,
		0,
		-0.06908,
		0.876208,
		-0.476957,
		0,
		-0.017112,
		0.039233,
		-0.715531,
		1
	},
	[0.866666666667] = {
		0.723626,
		-0.292813,
		-0.625001,
		0,
		-0.68814,
		-0.375875,
		-0.62063,
		0,
		-0.053194,
		0.879192,
		-0.473489,
		0,
		-0.018486,
		0.040063,
		-0.716971,
		1
	},
	[0.8] = {
		0.696507,
		-0.287559,
		-0.65741,
		0,
		-0.710268,
		-0.406494,
		-0.574702,
		0,
		-0.101972,
		0.867221,
		-0.487369,
		0,
		-0.019771,
		0.035318,
		-0.713511,
		1
	},
	[0.933333333333] = {
		0.728986,
		-0.290498,
		-0.619831,
		0,
		-0.682673,
		-0.375152,
		-0.627072,
		0,
		-0.050368,
		0.880268,
		-0.471796,
		0,
		-0.021856,
		0.04007,
		-0.717751,
		1
	},
	[0.966666666667] = {
		0.727207,
		-0.287377,
		-0.623365,
		0,
		-0.68398,
		-0.379845,
		-0.622807,
		0,
		-0.057801,
		0.879279,
		-0.472787,
		0,
		-0.023515,
		0.039561,
		-0.717594,
		1
	},
	[0.9] = {
		0.728193,
		-0.292563,
		-0.619791,
		0,
		-0.683695,
		-0.373301,
		-0.627063,
		0,
		-0.047913,
		0.880371,
		-0.471859,
		0,
		-0.020121,
		0.040292,
		-0.71763,
		1
	},
	[1.03333333333] = {
		0.720601,
		-0.281022,
		-0.633846,
		0,
		-0.689098,
		-0.391362,
		-0.609901,
		0,
		-0.076668,
		0.876277,
		-0.475668,
		0,
		-0.025866,
		0.038337,
		-0.717492,
		1
	},
	[1.06666666667] = {
		0.718261,
		-0.27922,
		-0.637289,
		0,
		-0.690854,
		-0.394941,
		-0.605593,
		0,
		-0.082598,
		0.875247,
		-0.476571,
		0,
		-0.026202,
		0.037948,
		-0.718032,
		1
	}
}

return spline_matrices
