local spline_matrices = {
	[0] = {
		0.831186,
		0.428032,
		-0.354849,
		0,
		-0.495956,
		0.85927,
		-0.125227,
		0,
		0.25131,
		0.280077,
		0.926499,
		0,
		0.276558,
		0.463788,
		-0.232959,
		1
	},
	{
		-0.986898,
		0.004501,
		-0.161283,
		0,
		-0.15693,
		0.205477,
		0.965998,
		0,
		0.037488,
		0.978652,
		-0.202078,
		0,
		0.35688,
		0.385179,
		-0.623557,
		1
	},
	[0.0166666666667] = {
		0.786686,
		0.433206,
		-0.439838,
		0,
		-0.533883,
		0.835137,
		-0.132347,
		0,
		0.309992,
		0.338938,
		0.888272,
		0,
		0.273737,
		0.461877,
		-0.238304,
		1
	},
	[0.0333333333333] = {
		0.726336,
		0.433621,
		-0.5333,
		0,
		-0.575887,
		0.807481,
		-0.127784,
		0,
		0.37522,
		0.399934,
		0.836219,
		0,
		0.267905,
		0.457247,
		-0.250739,
		1
	},
	[0.05] = {
		0.652966,
		0.42707,
		-0.625497,
		0,
		-0.618224,
		0.777627,
		-0.114434,
		0,
		0.437532,
		0.461419,
		0.771789,
		0,
		0.259471,
		0.450484,
		-0.268786,
		1
	},
	[0.0666666666667] = {
		0.572929,
		0.412932,
		-0.707983,
		0,
		-0.657808,
		0.746958,
		-0.09666,
		0,
		0.488919,
		0.521096,
		0.699584,
		0,
		0.248821,
		0.442166,
		-0.291,
		1
	},
	[0.0833333333333] = {
		0.495498,
		0.392327,
		-0.774959,
		0,
		-0.692814,
		0.716646,
		-0.080169,
		0,
		0.523919,
		0.576626,
		0.626907,
		0,
		0.236299,
		0.432844,
		-0.315963,
		1
	},
	[0.116666666667] = {
		0.454343,
		0.285125,
		-0.843965,
		0,
		-0.711303,
		0.686472,
		-0.151007,
		0,
		0.536302,
		0.668924,
		0.514704,
		0,
		0.206853,
		0.413199,
		-0.368566,
		1
	},
	[0.133333333333] = {
		0.607163,
		0.106914,
		-0.787352,
		0,
		-0.607125,
		0.701671,
		-0.372903,
		0,
		0.512593,
		0.704434,
		0.490939,
		0,
		0.19057,
		0.403793,
		-0.393477,
		1
	},
	[0.15] = {
		0.810951,
		-0.13229,
		-0.569963,
		0,
		-0.355785,
		0.661845,
		-0.659832,
		0,
		0.464517,
		0.737875,
		0.489657,
		0,
		0.172426,
		0.395309,
		-0.430107,
		1
	},
	[0.166666666667] = {
		0.91744,
		-0.365746,
		-0.15663,
		0,
		0.062728,
		0.521707,
		-0.850815,
		0,
		0.392898,
		0.770747,
		0.501578,
		0,
		0.151953,
		0.387819,
		-0.457904,
		1
	},
	[0.183333333333] = {
		0.779736,
		-0.522087,
		0.345596,
		0,
		0.547715,
		0.301352,
		-0.78051,
		0,
		0.303347,
		0.79788,
		0.52093,
		0,
		0.130245,
		0.381677,
		-0.464136,
		1
	},
	[0.1] = {
		0.431422,
		0.367868,
		-0.82374,
		0,
		-0.722746,
		0.687401,
		-0.071546,
		0,
		0.53992,
		0.626221,
		0.562435,
		0,
		0.222211,
		0.42303,
		-0.342279,
		1
	},
	[0.216666666667] = {
		-0.133323,
		-0.555345,
		0.820864,
		0,
		0.98698,
		-0.149592,
		0.059099,
		0,
		0.089974,
		0.818055,
		0.568058,
		0,
		0.085464,
		0.377362,
		-0.469044,
		1
	},
	[0.233333333333] = {
		-0.561364,
		-0.5049,
		0.655703,
		0,
		0.827115,
		-0.316055,
		0.464748,
		0,
		-0.027413,
		0.803234,
		0.595032,
		0,
		0.062766,
		0.379795,
		-0.462302,
		1
	},
	[0.25] = {
		-0.819202,
		-0.466261,
		0.333929,
		0,
		0.541393,
		-0.436618,
		0.718512,
		0,
		-0.189215,
		0.769393,
		0.610108,
		0,
		0.037644,
		0.385226,
		-0.44603,
		1
	},
	[0.266666666667] = {
		-0.880151,
		-0.474635,
		-0.007396,
		0,
		0.272529,
		-0.518005,
		0.810802,
		0,
		-0.388666,
		0.711613,
		0.585274,
		0,
		0.009623,
		0.394215,
		-0.417263,
		1
	},
	[0.283333333333] = {
		-0.820429,
		-0.501656,
		-0.274296,
		0,
		0.10167,
		-0.600108,
		0.793432,
		0,
		-0.562637,
		0.623067,
		0.543349,
		0,
		-0.020954,
		0.407513,
		-0.374354,
		1
	},
	[0.2] = {
		0.379754,
		-0.576394,
		0.723572,
		0,
		0.902985,
		0.061005,
		-0.42532,
		0,
		0.20101,
		0.814892,
		0.543642,
		0,
		0.107973,
		0.378031,
		-0.468753,
		1
	},
	[0.316666666667] = {
		-0.667358,
		-0.44377,
		-0.598081,
		0,
		0.167867,
		-0.872045,
		0.459737,
		0,
		-0.725571,
		0.206411,
		0.656461,
		0,
		-0.094924,
		0.443518,
		-0.239812,
		1
	},
	[0.333333333333] = {
		-0.646576,
		-0.336866,
		-0.684442,
		0,
		0.415192,
		-0.908087,
		0.054717,
		0,
		-0.639965,
		-0.248796,
		0.727011,
		0,
		-0.139448,
		0.453929,
		-0.139855,
		1
	},
	[0.35] = {
		-0.679769,
		-0.225142,
		-0.698015,
		0,
		0.587504,
		-0.736863,
		-0.334474,
		0,
		-0.439037,
		-0.637452,
		0.633168,
		0,
		-0.174931,
		0.454434,
		-0.043213,
		1
	},
	[0.366666666667] = {
		-0.722836,
		-0.160173,
		-0.6722,
		0,
		0.61877,
		-0.58308,
		-0.526443,
		0,
		-0.307624,
		-0.796469,
		0.520581,
		0,
		-0.19985,
		0.462046,
		0.030872,
		1
	},
	[0.383333333333] = {
		-0.756569,
		-0.127123,
		-0.641438,
		0,
		0.582106,
		-0.577831,
		-0.57207,
		0,
		-0.29792,
		-0.806195,
		0.511168,
		0,
		-0.215344,
		0.489528,
		0.079792,
		1
	},
	[0.3] = {
		-0.733211,
		-0.494152,
		-0.467135,
		0,
		0.042636,
		-0.719019,
		0.693682,
		0,
		-0.678663,
		0.488698,
		0.548261,
		0,
		-0.054436,
		0.424659,
		-0.3183,
		1
	},
	[0.416666666667] = {
		-0.820067,
		-0.090121,
		-0.565127,
		0,
		0.4105,
		-0.780686,
		-0.471188,
		0,
		-0.398723,
		-0.618391,
		0.67721,
		0,
		-0.199292,
		0.585448,
		0.086945,
		1
	},
	[0.433333333333] = {
		-0.84774,
		-0.071485,
		-0.525573,
		0,
		0.276409,
		-0.905236,
		-0.322718,
		0,
		-0.452698,
		-0.418854,
		0.787163,
		0,
		-0.15804,
		0.637379,
		0.061862,
		1
	},
	[0.45] = {
		-0.871502,
		-0.049113,
		-0.487926,
		0,
		0.122149,
		-0.985353,
		-0.118993,
		0,
		-0.474935,
		-0.163303,
		0.864737,
		0,
		-0.103496,
		0.680733,
		0.019588,
		1
	},
	[0.466666666667] = {
		-0.891183,
		-0.023935,
		-0.453011,
		0,
		-0.030981,
		-0.993065,
		0.113416,
		0,
		-0.452584,
		0.115109,
		0.884261,
		0,
		-0.045775,
		0.707694,
		-0.040787,
		1
	},
	[0.483333333333] = {
		-0.914892,
		0.001611,
		-0.403695,
		0,
		-0.199532,
		-0.871111,
		0.448723,
		0,
		-0.350941,
		0.491083,
		0.797294,
		0,
		0.02882,
		0.713543,
		-0.161214,
		1
	},
	[0.4] = {
		-0.789389,
		-0.106802,
		-0.604532,
		0,
		0.512734,
		-0.656238,
		-0.553585,
		0,
		-0.337593,
		-0.746958,
		0.572788,
		0,
		-0.217883,
		0.533419,
		0.097076,
		1
	},
	[0.516666666667] = {
		-0.908888,
		0.023728,
		-0.416364,
		0,
		-0.392026,
		-0.38918,
		0.83358,
		0,
		-0.142261,
		0.920856,
		0.363023,
		0,
		0.19903,
		0.599123,
		-0.45578,
		1
	},
	[0.533333333333] = {
		-0.88889,
		-0.002883,
		-0.458112,
		0,
		-0.448589,
		-0.197446,
		0.871655,
		0,
		-0.092965,
		0.980309,
		0.174215,
		0,
		0.267961,
		0.461236,
		-0.571754,
		1
	},
	[0.55] = {
		-0.882204,
		-0.026093,
		-0.470143,
		0,
		-0.470847,
		0.03982,
		0.881316,
		0,
		-0.004275,
		0.998866,
		-0.047415,
		0,
		0.303233,
		0.374237,
		-0.639574,
		1
	},
	[0.566666666667] = {
		-0.88156,
		-0.046519,
		-0.469775,
		0,
		-0.462398,
		0.285524,
		0.839443,
		0,
		0.095082,
		0.957242,
		-0.273217,
		0,
		0.327683,
		0.293607,
		-0.689407,
		1
	},
	[0.583333333333] = {
		-0.884636,
		-0.056353,
		-0.462864,
		0,
		-0.429864,
		0.48316,
		0.762741,
		0,
		0.180654,
		0.873717,
		-0.451645,
		0,
		0.341121,
		0.236336,
		-0.71591,
		1
	},
	[0.5] = {
		-0.925302,
		0.029712,
		-0.378065,
		0,
		-0.319035,
		-0.599946,
		0.733677,
		0,
		-0.205019,
		0.799489,
		0.56461,
		0,
		0.11286,
		0.702093,
		-0.313209,
		1
	},
	[0.616666666667] = {
		-0.891937,
		-0.068313,
		-0.44697,
		0,
		-0.367479,
		0.685487,
		0.628543,
		0,
		0.263455,
		0.724873,
		-0.636515,
		0,
		0.34305,
		0.17937,
		-0.719669,
		1
	},
	[0.633333333333] = {
		-0.895665,
		-0.074056,
		-0.438521,
		0,
		-0.343968,
		0.740385,
		0.577509,
		0,
		0.281906,
		0.668091,
		-0.68861,
		0,
		0.341776,
		0.158541,
		-0.717746,
		1
	},
	[0.65] = {
		-0.89955,
		-0.078629,
		-0.429683,
		0,
		-0.324524,
		0.778735,
		0.536894,
		0,
		0.292394,
		0.622406,
		-0.726028,
		0,
		0.34066,
		0.140444,
		-0.716326,
		1
	},
	[0.666666666667] = {
		-0.903529,
		-0.082081,
		-0.420591,
		0,
		-0.30908,
		0.804662,
		0.506941,
		0,
		0.296824,
		0.588032,
		-0.752405,
		0,
		0.339722,
		0.124863,
		-0.715429,
		1
	},
	[0.683333333333] = {
		-0.907574,
		-0.084422,
		-0.411318,
		0,
		-0.297181,
		0.821178,
		0.487186,
		0,
		0.296636,
		0.564394,
		-0.770368,
		0,
		0.338951,
		0.111638,
		-0.715025,
		1
	},
	[0.6] = {
		-0.888479,
		-0.061322,
		-0.454803,
		0,
		-0.394419,
		0.608663,
		0.688449,
		0,
		0.234605,
		0.791055,
		-0.564971,
		0,
		0.344406,
		0.203201,
		-0.721992,
		1
	},
	[0.716666666667] = {
		-0.915816,
		-0.085698,
		-0.392349,
		0,
		-0.28142,
		0.833922,
		0.474738,
		0,
		0.286504,
		0.545187,
		-0.787836,
		0,
		0.337781,
		0.091839,
		-0.715466,
		1
	},
	[0.733333333333] = {
		-0.919993,
		-0.084737,
		-0.382666,
		0,
		-0.276237,
		0.832813,
		0.479704,
		0,
		0.27804,
		0.547031,
		-0.789589,
		0,
		0.337295,
		0.085061,
		-0.71618,
		1
	},
	[0.75] = {
		-0.924207,
		-0.08266,
		-0.37284,
		0,
		-0.271869,
		0.828044,
		0.490337,
		0,
		0.268196,
		0.554537,
		-0.787756,
		0,
		0.336825,
		0.08017,
		-0.717129,
		1
	},
	[0.766666666667] = {
		-0.928457,
		-0.079356,
		-0.362863,
		0,
		-0.26757,
		0.820476,
		0.505198,
		0,
		0.257631,
		0.566146,
		-0.78301,
		0,
		0.336337,
		0.077021,
		-0.718236,
		1
	},
	[0.783333333333] = {
		-0.932737,
		-0.074671,
		-0.352742,
		0,
		-0.26263,
		0.811003,
		0.52278,
		0,
		0.247038,
		0.580257,
		-0.776063,
		0,
		0.335802,
		0.075463,
		-0.719418,
		1
	},
	[0.7] = {
		-0.911673,
		-0.085614,
		-0.401898,
		0,
		-0.288178,
		0.830427,
		0.476807,
		0,
		0.292926,
		0.55051,
		-0.78175,
		0,
		0.338318,
		0.100656,
		-0.715059,
		1
	},
	[0.816666666667] = {
		-0.941347,
		-0.061079,
		-0.331866,
		0,
		-0.249885,
		0.7871,
		0.563942,
		0,
		0.226767,
		0.613793,
		-0.756197,
		0,
		0.334877,
		0.079173,
		-0.720874,
		1
	},
	[0.833333333333] = {
		-0.94574,
		-0.0534,
		-0.320506,
		0,
		-0.244266,
		0.767312,
		0.592931,
		0,
		0.214266,
		0.639047,
		-0.738721,
		0,
		0.33518,
		0.089167,
		-0.71947,
		1
	},
	[0.85] = {
		-0.950188,
		-0.045548,
		-0.308332,
		0,
		-0.239141,
		0.740984,
		0.627498,
		0,
		0.199888,
		0.669976,
		-0.714967,
		0,
		0.336035,
		0.104689,
		-0.716444,
		1
	},
	[0.866666666667] = {
		-0.954667,
		-0.037703,
		-0.29528,
		0,
		-0.234098,
		0.707812,
		0.666484,
		0,
		0.183874,
		0.705394,
		-0.684551,
		0,
		0.33737,
		0.125105,
		-0.711848,
		1
	},
	[0.883333333333] = {
		-0.959146,
		-0.030049,
		-0.281311,
		0,
		-0.228733,
		0.667537,
		0.708573,
		0,
		0.166494,
		0.74397,
		-0.647139,
		0,
		0.339118,
		0.149777,
		-0.705726,
		1
	},
	[0.8] = {
		-0.937025,
		-0.068416,
		-0.342496,
		0,
		-0.256396,
		0.800625,
		0.541536,
		0,
		0.237161,
		0.595247,
		-0.767747,
		0,
		0.335194,
		0.07534,
		-0.720594,
		1
	},
	[0.916666666667] = {
		-0.967953,
		-0.016059,
		-0.250618,
		0,
		-0.215526,
		0.565355,
		0.796192,
		0,
		0.128902,
		0.824691,
		-0.550698,
		0,
		0.343559,
		0.209275,
		-0.689048,
		1
	},
	[0.933333333333] = {
		-0.97219,
		-0.010069,
		-0.233976,
		0,
		-0.207048,
		0.503836,
		0.838618,
		0,
		0.109442,
		0.86374,
		-0.49191,
		0,
		0.346107,
		0.24276,
		-0.678566,
		1
	},
	[0.95] = {
		-0.976251,
		-0.004941,
		-0.216587,
		0,
		-0.197014,
		0.436078,
		0.878078,
		0,
		0.090111,
		0.899895,
		-0.426695,
		0,
		0.348779,
		0.277813,
		-0.666712,
		1
	},
	[0.966666666667] = {
		-0.980085,
		-0.000775,
		-0.198578,
		0,
		-0.185311,
		0.36297,
		0.913188,
		0,
		0.07137,
		0.931801,
		-0.355885,
		0,
		0.351508,
		0.31372,
		-0.653543,
		1
	},
	[0.983333333333] = {
		-0.983647,
		0.002373,
		-0.180092,
		0,
		-0.171922,
		0.285657,
		0.942785,
		0,
		0.053682,
		0.958329,
		-0.280578,
		0,
		0.354231,
		0.349757,
		-0.63913,
		1
	},
	[0.9] = {
		-0.963589,
		-0.022774,
		-0.266416,
		0,
		-0.222659,
		0.620029,
		0.752321,
		0,
		0.148052,
		0.784248,
		-0.602524,
		0,
		0.341205,
		0.178055,
		-0.698114,
		1
	},
	[1.01666666667] = {
		-0.989786,
		0.008258,
		-0.142325,
		0,
		-0.140131,
		0.12732,
		0.981913,
		0,
		0.026229,
		0.991827,
		-0.124862,
		0,
		0.359393,
		0.420425,
		-0.607994,
		1
	},
	[1.03333333333] = {
		-0.992339,
		0.01537,
		-0.122585,
		0,
		-0.121577,
		0.054911,
		0.991062,
		0,
		0.021963,
		0.998373,
		-0.052622,
		0,
		0.359224,
		0.4483,
		-0.587025,
		1
	},
	[1.05] = {
		-0.994551,
		0.024405,
		-0.101352,
		0,
		-0.101674,
		-0.012331,
		0.994741,
		0,
		0.023027,
		0.999626,
		0.014746,
		0,
		0.358073,
		0.473021,
		-0.565252,
		1
	},
	[1.06666666667] = {
		-0.996345,
		0.033901,
		-0.078401,
		0,
		-0.080768,
		-0.075267,
		0.993887,
		0,
		0.027793,
		0.996587,
		0.07773,
		0,
		0.35678,
		0.49629,
		-0.544174,
		1
	},
	[1.08333333333] = {
		-0.998888,
		0.038753,
		-0.026855,
		0,
		-0.031899,
		-0.136059,
		0.990187,
		0,
		0.034719,
		0.989942,
		0.137144,
		0,
		0.355916,
		0.518674,
		-0.521353,
		1
	},
	[1.11666666667] = {
		-0.976849,
		-0.005218,
		0.213867,
		0,
		0.208123,
		-0.25453,
		0.944404,
		0,
		0.049507,
		0.967051,
		0.249723,
		0,
		0.356843,
		0.558943,
		-0.465408,
		1
	},
	[1.13333333333] = {
		-0.92423,
		-0.067326,
		0.375853,
		0,
		0.377858,
		-0.302971,
		0.87489,
		0,
		0.05497,
		0.950619,
		0.305454,
		0,
		0.358833,
		0.573802,
		-0.434001,
		1
	},
	[1.15] = {
		-0.827735,
		-0.168118,
		0.535342,
		0,
		0.559091,
		-0.328162,
		0.761398,
		0,
		0.047674,
		0.929541,
		0.365624,
		0,
		0.361257,
		0.586507,
		-0.400546,
		1
	},
	[1.16666666667] = {
		-0.681153,
		-0.301781,
		0.667053,
		0,
		0.731752,
		-0.310312,
		0.606832,
		0,
		0.023864,
		0.901463,
		0.432199,
		0,
		0.36294,
		0.599126,
		-0.364961,
		1
	},
	[1.18333333333] = {
		-0.48506,
		-0.441903,
		0.754612,
		0,
		0.874456,
		-0.238619,
		0.422359,
		0,
		-0.006577,
		0.864744,
		0.502169,
		0,
		0.36104,
		0.602803,
		-0.326631,
		1
	},
	[1.1] = {
		-0.99683,
		0.028388,
		0.074329,
		0,
		0.067338,
		-0.196611,
		0.978166,
		0,
		0.042382,
		0.98007,
		0.194076,
		0,
		0.355918,
		0.540084,
		-0.494855,
		1
	},
	[1.21666666667] = {
		0.004219,
		-0.636962,
		0.770884,
		0,
		0.998819,
		0.039993,
		0.027578,
		0,
		-0.048396,
		0.769857,
		0.636378,
		0,
		0.350497,
		0.597342,
		-0.255882,
		1
	},
	[1.23333333333] = {
		0.254647,
		-0.662885,
		0.704087,
		0,
		0.966165,
		0.205259,
		-0.156186,
		0,
		-0.040987,
		0.720037,
		0.692725,
		0,
		0.343708,
		0.593133,
		-0.228644,
		1
	},
	[1.25] = {
		0.481271,
		-0.644803,
		0.593808,
		0,
		0.87651,
		0.362037,
		-0.317268,
		0,
		-0.010405,
		0.67317,
		0.739414,
		0,
		0.336336,
		0.587065,
		-0.209589,
		1
	},
	[1.26666666667] = {
		0.667579,
		-0.591477,
		0.452209,
		0,
		0.743864,
		0.504001,
		-0.438919,
		0,
		0.031697,
		0.629395,
		0.776439,
		0,
		0.32885,
		0.578191,
		-0.201112,
		1
	},
	[1.28333333333] = {
		0.803361,
		-0.514373,
		0.300052,
		0,
		0.59059,
		0.623695,
		-0.512062,
		0,
		0.07625,
		0.588579,
		0.804836,
		0,
		0.320825,
		0.566696,
		-0.201152,
		1
	},
	[1.2] = {
		-0.250118,
		-0.560682,
		0.789352,
		0,
		0.967623,
		-0.116246,
		0.224035,
		0,
		-0.033854,
		0.819831,
		0.571604,
		0,
		0.356433,
		0.600739,
		-0.289211,
		1
	},
	[1.31666666667] = {
		0.940474,
		-0.33706,
		0.043582,
		0,
		0.307489,
		0.789231,
		-0.531569,
		0,
		0.144774,
		0.513327,
		0.845893,
		0,
		0.302608,
		0.539316,
		-0.212027,
		1
	},
	[1.33333333333] = {
		0.969636,
		-0.241324,
		-0.039593,
		0,
		0.189364,
		0.843363,
		-0.502872,
		0,
		0.154746,
		0.480106,
		0.863453,
		0,
		0.294579,
		0.526107,
		-0.219929,
		1
	},
	[1.35] = {
		0.984493,
		-0.147677,
		-0.09468,
		0,
		0.087289,
		0.880565,
		-0.465818,
		0,
		0.152163,
		0.45033,
		0.879801,
		0,
		0.291359,
		0.513888,
		-0.227136,
		1
	},
	[1.36666666667] = {
		0.988912,
		-0.062989,
		-0.134484,
		0,
		-0.00079,
		0.903345,
		-0.428914,
		0,
		0.148503,
		0.424264,
		0.893279,
		0,
		0.291059,
		0.503676,
		-0.233391,
		1
	},
	[1.38333333333] = {
		0.986653,
		0.008769,
		-0.162602,
		0,
		-0.073213,
		0.91582,
		-0.394859,
		0,
		0.145452,
		0.401494,
		0.904238,
		0,
		0.290133,
		0.495325,
		-0.239251,
		1
	},
	[1.3] = {
		0.889732,
		-0.427834,
		0.159168,
		0,
		0.441417,
		0.717532,
		-0.538794,
		0,
		0.116307,
		0.549642,
		0.827265,
		0,
		0.311778,
		0.553257,
		-0.205247,
		1
	},
	[1.41666666667] = {
		0.974516,
		0.105524,
		-0.197948,
		0,
		-0.1692,
		0.925154,
		-0.339797,
		0,
		0.147275,
		0.36463,
		0.919432,
		0,
		0.289427,
		0.479484,
		-0.249579,
		1
	},
	[1.43333333333] = {
		0.96886,
		0.129082,
		-0.211301,
		0,
		-0.193284,
		0.927645,
		-0.319555,
		0,
		0.154764,
		0.350445,
		0.923708,
		0,
		0.289514,
		0.472076,
		-0.253495,
		1
	},
	[1.45] = {
		0.96271,
		0.142885,
		-0.229726,
		0,
		-0.21069,
		0.928642,
		-0.305343,
		0,
		0.169704,
		0.342357,
		0.924117,
		0,
		0.289818,
		0.464028,
		-0.257623,
		1
	},
	[1.46666666667] = {
		0.95413,
		0.155194,
		-0.256029,
		0,
		-0.230239,
		0.926985,
		-0.296121,
		0,
		0.191379,
		0.341486,
		0.920196,
		0,
		0.290229,
		0.455685,
		-0.262246,
		1
	},
	[1.48333333333] = {
		0.943338,
		0.167626,
		-0.286382,
		0,
		-0.251794,
		0.923703,
		-0.288743,
		0,
		0.216131,
		0.344492,
		0.913572,
		0,
		0.290576,
		0.44911,
		-0.26582,
		1
	},
	[1.4] = {
		0.981007,
		0.065257,
		-0.182666,
		0,
		-0.129287,
		0.922006,
		-0.364951,
		0,
		0.144604,
		0.381636,
		0.912931,
		0,
		0.289611,
		0.487249,
		-0.24474,
		1
	},
	[1.51666666667] = {
		0.917722,
		0.199522,
		-0.343478,
		0,
		-0.299598,
		0.915442,
		-0.268714,
		0,
		0.26082,
		0.34951,
		0.899898,
		0,
		0.290315,
		0.447175,
		-0.262736,
		1
	},
	[1.53333333333] = {
		0.905434,
		0.222055,
		-0.361774,
		0,
		-0.324648,
		0.911328,
		-0.253148,
		0,
		0.273482,
		0.346658,
		0.897238,
		0,
		0.28935,
		0.449472,
		-0.256957,
		1
	},
	[1.55] = {
		0.894276,
		0.250612,
		-0.370763,
		0,
		-0.351009,
		0.90673,
		-0.233739,
		0,
		0.277604,
		0.339168,
		0.898833,
		0,
		0.28773,
		0.452675,
		-0.252456,
		1
	},
	[1.56666666667] = {
		0.883266,
		0.283807,
		-0.373222,
		0,
		-0.379202,
		0.900556,
		-0.212614,
		0,
		0.275766,
		0.329321,
		0.903051,
		0,
		0.285645,
		0.456238,
		-0.24761,
		1
	},
	[1.58333333333] = {
		0.871847,
		0.319843,
		-0.370923,
		0,
		-0.408541,
		0.892625,
		-0.190565,
		0,
		0.270144,
		0.317681,
		0.908901,
		0,
		0.28329,
		0.459634,
		-0.242832,
		1
	},
	[1.5] = {
		0.930843,
		0.181903,
		-0.316927,
		0,
		-0.275116,
		0.919679,
		-0.280181,
		0,
		0.240505,
		0.347996,
		0.906121,
		0,
		0.290666,
		0.446369,
		-0.266818,
		1
	},
	[1.61666666667] = {
		0.84603,
		0.393538,
		-0.359668,
		0,
		-0.467699,
		0.871683,
		-0.146375,
		0,
		0.255912,
		0.292054,
		0.921528,
		0,
		0.278553,
		0.463896,
		-0.23511,
		1
	},
	[1.63333333333] = {
		0.831186,
		0.428032,
		-0.354849,
		0,
		-0.495956,
		0.85927,
		-0.125227,
		0,
		0.25131,
		0.280076,
		0.926499,
		0,
		0.276558,
		0.46379,
		-0.232959,
		1
	},
	[1.6] = {
		0.85954,
		0.356971,
		-0.365737,
		0,
		-0.438297,
		0.882934,
		-0.168295,
		0,
		0.262845,
		0.304958,
		0.915376,
		0,
		0.280861,
		0.462351,
		-0.238531,
		1
	}
}

return spline_matrices
