-- chunkname: @content/characters/player/human/first_person/animations/axe/special_attack_backside_down_left.lua

local spline_matrices = {
	[0.0166666666667] = {
		-0.968682,
		0.152062,
		-0.196295,
		0,
		0.205694,
		0.048607,
		-0.977409,
		0,
		-0.139085,
		-0.987175,
		-0.078363,
		0,
		0.198019,
		-0.004328,
		0.340866,
		1
	},
	[0.0333333333333] = {
		-0.983072,
		0.145032,
		-0.111958,
		0,
		0.121423,
		0.05812,
		-0.990898,
		0,
		-0.137205,
		-0.987719,
		-0.074746,
		0,
		0.198033,
		-0.002703,
		0.340875,
		1
	},
	[0.05] = {
		-0.983354,
		0.142688,
		-0.112493,
		0,
		0.121306,
		0.054624,
		-0.991111,
		0,
		-0.135275,
		-0.988259,
		-0.071024,
		0,
		0.198039,
		-0.001032,
		0.34088,
		1
	},
	[0.0666666666667] = {
		-0.98363,
		0.140336,
		-0.113041,
		0,
		0.121211,
		0.051075,
		-0.991312,
		0,
		-0.133343,
		-0.988786,
		-0.06725,
		0,
		0.198036,
		0.000657,
		0.340882,
		1
	},
	[0.0833333333333] = {
		-0.983891,
		0.138029,
		-0.113604,
		0,
		0.121148,
		0.047519,
		-0.991496,
		0,
		-0.131457,
		-0.989288,
		-0.063476,
		0,
		0.198023,
		0.002337,
		0.340881,
		1
	},
	[0] = {
		-0.894325,
		0.162266,
		-0.416956,
		0,
		0.424663,
		0.01444,
		-0.905236,
		0,
		-0.140868,
		-0.986641,
		-0.081823,
		0,
		0.197999,
		-0.00588,
		0.340854,
		1
	},
	[0.116666666667] = {
		-0.984348,
		0.133764,
		-0.114748,
		0,
		0.121131,
		0.040575,
		-0.991807,
		0,
		-0.128013,
		-0.990182,
		-0.056143,
		0,
		0.197961,
		0.005559,
		0.340871,
		1
	},
	[0.133333333333] = {
		-0.984532,
		0.131915,
		-0.115308,
		0,
		0.12117,
		0.03728,
		-0.991931,
		0,
		-0.126552,
		-0.99056,
		-0.052687,
		0,
		0.197494,
		0.008312,
		0.337158,
		1
	},
	[0.15] = {
		-0.961078,
		0.197715,
		-0.192971,
		0,
		0.194911,
		-0.009792,
		-0.980772,
		0,
		-0.195803,
		-0.980211,
		-0.029126,
		0,
		0.188495,
		0.031589,
		0.337282,
		1
	},
	[0.166666666667] = {
		-0.921941,
		0.269019,
		-0.278663,
		0,
		0.272272,
		-0.061583,
		-0.960248,
		0,
		-0.275486,
		-0.961164,
		-0.016471,
		0,
		0.174964,
		0.083633,
		0.332243,
		1
	},
	[0.183333333333] = {
		-0.882759,
		0.314757,
		-0.348804,
		0,
		0.328643,
		-0.116867,
		-0.937196,
		0,
		-0.335752,
		-0.94195,
		-0.000277,
		0,
		0.162876,
		0.146025,
		0.325538,
		1
	},
	[0.1] = {
		-0.984132,
		0.13582,
		-0.114176,
		0,
		0.121123,
		0.044004,
		-0.991662,
		0,
		-0.129664,
		-0.989756,
		-0.059756,
		0,
		0.197997,
		0.00398,
		0.340878,
		1
	},
	[0.216666666667] = {
		-0.907075,
		0.236527,
		-0.348238,
		0,
		0.316071,
		-0.163733,
		-0.9345,
		0,
		-0.278053,
		-0.95773,
		0.073759,
		0,
		0.163749,
		0.231268,
		0.322506,
		1
	},
	[0.233333333333] = {
		-0.957502,
		0.114723,
		-0.264631,
		0,
		0.250058,
		-0.127064,
		-0.959857,
		0,
		-0.143743,
		-0.985238,
		0.092977,
		0,
		0.17655,
		0.253745,
		0.32359,
		1
	},
	[0.25] = {
		-0.985252,
		-0.021534,
		-0.16975,
		0,
		0.170922,
		-0.170477,
		-0.970424,
		0,
		-0.008041,
		-0.985126,
		0.171643,
		0,
		0.190301,
		0.288779,
		0.324732,
		1
	},
	[0.266666666667] = {
		-0.988629,
		-0.13137,
		-0.073178,
		0,
		0.119781,
		-0.393743,
		-0.911383,
		0,
		0.090916,
		-0.909785,
		0.405001,
		0,
		0.198368,
		0.357444,
		0.32388,
		1
	},
	[0.283333333333] = {
		-0.98487,
		-0.157153,
		0.073027,
		0,
		0.111389,
		-0.896923,
		-0.427928,
		0,
		0.13275,
		-0.413319,
		0.900858,
		0,
		0.170578,
		0.543672,
		0.252648,
		1
	},
	[0.2] = {
		-0.870655,
		0.309275,
		-0.382503,
		0,
		0.345306,
		-0.16952,
		-0.923053,
		0,
		-0.350319,
		-0.935742,
		0.040799,
		0,
		0.157971,
		0.199832,
		0.322173,
		1
	},
	[0.316666666667] = {
		-0.982145,
		-0.09919,
		0.159852,
		0,
		0.185386,
		-0.654791,
		0.732721,
		0,
		0.031991,
		0.749273,
		0.661488,
		0,
		0.063518,
		0.675961,
		-0.042456,
		1
	},
	[0.333333333333] = {
		-0.978669,
		-0.132511,
		0.156993,
		0,
		0.191378,
		-0.310166,
		0.93122,
		0,
		-0.074703,
		0.941402,
		0.32891,
		0,
		0.01404,
		0.660037,
		-0.19545,
		1
	},
	[0.35] = {
		-0.977209,
		-0.0727,
		0.199441,
		0,
		0.200199,
		-0.003218,
		0.97975,
		0,
		-0.070586,
		0.997349,
		0.017699,
		0,
		-0.023752,
		0.592873,
		-0.343218,
		1
	},
	[0.366666666667] = {
		-0.986249,
		-0.039038,
		0.160587,
		0,
		0.148739,
		0.213875,
		0.965471,
		0,
		-0.072036,
		0.976081,
		-0.205127,
		0,
		-0.038783,
		0.505213,
		-0.464979,
		1
	},
	[0.383333333333] = {
		-0.972559,
		-0.209898,
		-0.100354,
		0,
		-0.154358,
		0.259413,
		0.953351,
		0,
		-0.174074,
		0.942681,
		-0.284694,
		0,
		0.004978,
		0.464535,
		-0.529652,
		1
	},
	[0.3] = {
		-0.982768,
		-0.085156,
		0.16406,
		0,
		0.137659,
		-0.929505,
		0.342154,
		0,
		0.123359,
		0.358843,
		0.92521,
		0,
		0.117993,
		0.678123,
		0.105833,
		1
	},
	[0.416666666667] = {
		-0.820182,
		-0.373877,
		-0.433032,
		0,
		-0.535193,
		0.233953,
		0.811686,
		0,
		-0.202162,
		0.897486,
		-0.391981,
		0,
		0.079057,
		0.398779,
		-0.591615,
		1
	},
	[0.433333333333] = {
		-0.818052,
		-0.335761,
		-0.466964,
		0,
		-0.563326,
		0.304006,
		0.768273,
		0,
		-0.115996,
		0.891541,
		-0.437836,
		0,
		0.098851,
		0.352955,
		-0.627385,
		1
	},
	[0.45] = {
		-0.841157,
		-0.263329,
		-0.472347,
		0,
		-0.540741,
		0.397789,
		0.74119,
		0,
		-0.007282,
		0.878875,
		-0.476996,
		0,
		0.116008,
		0.304324,
		-0.663525,
		1
	},
	[0.466666666667] = {
		-0.868713,
		-0.172735,
		-0.46422,
		0,
		-0.484335,
		0.492479,
		0.723107,
		0,
		0.103712,
		0.853011,
		-0.511484,
		0,
		0.131192,
		0.258628,
		-0.694691,
		1
	},
	[0.483333333333] = {
		-0.886354,
		-0.087818,
		-0.454603,
		0,
		-0.418889,
		0.570381,
		0.706539,
		0,
		0.19725,
		0.816672,
		-0.542346,
		0,
		0.145592,
		0.220325,
		-0.716283,
		1
	},
	[0.4] = {
		-0.864445,
		-0.361384,
		-0.349481,
		0,
		-0.439174,
		0.204524,
		0.874812,
		0,
		-0.244665,
		0.90971,
		-0.33551,
		0,
		0.056002,
		0.437696,
		-0.560535,
		1
	},
	[0.516666666667] = {
		-0.887387,
		-0.016909,
		-0.460716,
		0,
		-0.356692,
		0.658318,
		0.662864,
		0,
		0.292089,
		0.75255,
		-0.590214,
		0,
		0.177239,
		0.174495,
		-0.722706,
		1
	},
	[0.533333333333] = {
		-0.88613,
		-0.004352,
		-0.463416,
		0,
		-0.338055,
		0.690071,
		0.639939,
		0,
		0.317005,
		0.723729,
		-0.612964,
		0,
		0.193267,
		0.156962,
		-0.721826,
		1
	},
	[0.55] = {
		-0.886448,
		0.002018,
		-0.462824,
		0,
		-0.32088,
		0.71796,
		0.617713,
		0,
		0.333536,
		0.696081,
		-0.635787,
		0,
		0.208978,
		0.140899,
		-0.721064,
		1
	},
	[0.566666666667] = {
		-0.88834,
		0.003418,
		-0.459174,
		0,
		-0.305469,
		0.74221,
		0.5965,
		0,
		0.342843,
		0.670158,
		-0.658291,
		0,
		0.224322,
		0.126288,
		-0.720404,
		1
	},
	[0.583333333333] = {
		-0.891638,
		0.000977,
		-0.452747,
		0,
		-0.291979,
		0.763021,
		0.576669,
		0,
		0.346019,
		0.646373,
		-0.680053,
		0,
		0.239234,
		0.113117,
		-0.719842,
		1
	},
	[0.5] = {
		-0.889971,
		-0.036952,
		-0.454518,
		0,
		-0.376315,
		0.622468,
		0.686237,
		0,
		0.257565,
		0.781772,
		-0.567884,
		0,
		0.16093,
		0.193517,
		-0.723732,
		1
	},
	[0.616666666667] = {
		-0.901337,
		-0.01136,
		-0.43297,
		0,
		-0.270764,
		0.795016,
		0.542805,
		0,
		0.338052,
		0.606483,
		-0.719653,
		0,
		0.267462,
		0.091021,
		-0.71903,
		1
	},
	[0.633333333333] = {
		-0.907093,
		-0.01943,
		-0.420482,
		0,
		-0.262778,
		0.806508,
		0.529616,
		0,
		0.328832,
		0.590904,
		-0.736683,
		0,
		0.280601,
		0.082023,
		-0.718807,
		1
	},
	[0.65] = {
		-0.913036,
		-0.027629,
		-0.406942,
		0,
		-0.256224,
		0.815127,
		0.519536,
		0,
		0.317355,
		0.578623,
		-0.751319,
		0,
		0.292965,
		0.074377,
		-0.718726,
		1
	},
	[0.666666666667] = {
		-0.918897,
		-0.035155,
		-0.392928,
		0,
		-0.250784,
		0.820916,
		0.513034,
		0,
		0.304525,
		0.569965,
		-0.763154,
		0,
		0.304453,
		0.068083,
		-0.718802,
		1
	},
	[0.683333333333] = {
		-0.924454,
		-0.04123,
		-0.379059,
		0,
		-0.246094,
		0.82387,
		0.510564,
		0,
		0.291244,
		0.565277,
		-0.771776,
		0,
		0.31496,
		0.063146,
		-0.719051,
		1
	},
	[0.6] = {
		-0.896076,
		-0.004265,
		-0.443879,
		0,
		-0.280439,
		0.780566,
		0.558633,
		0,
		0.344095,
		0.625059,
		-0.700643,
		0,
		0.253642,
		0.101374,
		-0.71938,
		1
	},
	[0.716666666667] = {
		-0.934005,
		-0.045919,
		-0.354296,
		0,
		-0.237392,
		0.820877,
		0.519429,
		0,
		0.266982,
		0.569257,
		-0.777604,
		0,
		0.332615,
		0.057385,
		-0.720139,
		1
	},
	[0.733333333333] = {
		-0.937757,
		-0.042914,
		-0.344631,
		0,
		-0.232613,
		0.814473,
		0.531532,
		0,
		0.257882,
		0.578613,
		-0.77376,
		0,
		0.339554,
		0.056598,
		-0.721003,
		1
	},
	[0.75] = {
		-0.941126,
		-0.037645,
		-0.335954,
		0,
		-0.228066,
		0.80426,
		0.548773,
		0,
		0.249535,
		0.593084,
		-0.765495,
		0,
		0.345562,
		0.058823,
		-0.721511,
		1
	},
	[0.766666666667] = {
		-0.944525,
		-0.032318,
		-0.326847,
		0,
		-0.224465,
		0.789995,
		0.570547,
		0,
		0.239768,
		0.612262,
		-0.753423,
		0,
		0.351075,
		0.065412,
		-0.721099,
		1
	},
	[0.783333333333] = {
		-0.947952,
		-0.026997,
		-0.317266,
		0,
		-0.221566,
		0.771533,
		0.59636,
		0,
		0.228682,
		0.635616,
		-0.737358,
		0,
		0.3561,
		0.076013,
		-0.71979,
		1
	},
	[0.7] = {
		-0.929534,
		-0.045081,
		-0.365971,
		0,
		-0.241761,
		0.823913,
		0.512561,
		0,
		0.278421,
		0.564921,
		-0.776754,
		0,
		0.324383,
		0.059575,
		-0.719492,
		1
	},
	[0.816666666667] = {
		-0.954876,
		-0.016635,
		-0.296538,
		0,
		-0.216839,
		0.721327,
		0.657775,
		0,
		0.202959,
		0.692395,
		-0.692385,
		0,
		0.364717,
		0.107835,
		-0.714556,
		1
	},
	[0.833333333333] = {
		-0.958355,
		-0.011733,
		-0.285339,
		0,
		-0.214486,
		0.689255,
		0.692043,
		0,
		0.188551,
		0.724424,
		-0.663068,
		0,
		0.368325,
		0.128349,
		-0.710653,
		1
	},
	[0.85] = {
		-0.961827,
		-0.00711,
		-0.273566,
		0,
		-0.211794,
		0.65239,
		0.727689,
		0,
		0.173298,
		0.75785,
		-0.628992,
		0,
		0.371479,
		0.151455,
		-0.705898,
		1
	},
	[0.866666666667] = {
		-0.965274,
		-0.002832,
		-0.261224,
		0,
		-0.208521,
		0.61071,
		0.763906,
		0,
		0.157369,
		0.791849,
		-0.590093,
		0,
		0.37419,
		0.176791,
		-0.700291,
		1
	},
	[0.883333333333] = {
		-0.968676,
		0.001038,
		-0.248326,
		0,
		-0.204444,
		0.564293,
		0.79986,
		0,
		0.140959,
		0.825574,
		-0.546405,
		0,
		0.376473,
		0.203991,
		-0.693829,
		1
	},
	[0.8] = {
		-0.951405,
		-0.021746,
		-0.307174,
		0,
		-0.219111,
		0.748703,
		0.625647,
		0,
		0.216376,
		0.662549,
		-0.717084,
		0,
		0.360645,
		0.090271,
		-0.717604,
		1
	},
	[0.916666666667] = {
		-0.975249,
		0.007351,
		-0.220985,
		0,
		-0.193149,
		0.458135,
		0.867644,
		0,
		0.107619,
		0.888852,
		-0.445376,
		0,
		0.379834,
		0.262497,
		-0.67833,
		1
	},
	[0.933333333333] = {
		-0.978372,
		0.00972,
		-0.206624,
		0,
		-0.185663,
		0.399135,
		0.897898,
		0,
		0.091199,
		0.916841,
		-0.388698,
		0,
		0.380954,
		0.293039,
		-0.669269,
		1
	},
	[0.95] = {
		-0.981353,
		0.011547,
		-0.191868,
		0,
		-0.176849,
		0.336838,
		0.924805,
		0,
		0.075307,
		0.941492,
		-0.328515,
		0,
		0.381692,
		0.323854,
		-0.659202,
		1
	},
	[0.966666666667] = {
		-0.984169,
		0.012828,
		-0.176768,
		0,
		-0.166689,
		0.271883,
		0.947784,
		0,
		0.060218,
		0.962245,
		-0.26544,
		0,
		0.38181,
		0.353891,
		-0.64743,
		1
	},
	[0.983333333333] = {
		-0.98675,
		0.015256,
		-0.161528,
		0,
		-0.154918,
		0.207246,
		0.965945,
		0,
		0.048213,
		0.97817,
		-0.202137,
		0,
		0.379596,
		0.378901,
		-0.630329,
		1
	},
	[0.9] = {
		-0.972009,
		0.004447,
		-0.234901,
		0,
		-0.199372,
		0.513331,
		0.83471,
		0,
		0.124294,
		0.858179,
		-0.498076,
		0,
		0.378347,
		0.232684,
		-0.68651,
		1
	},
	[1.01666666667] = {
		-0.991253,
		0.026611,
		-0.129267,
		0,
		-0.126554,
		0.086238,
		0.988204,
		0,
		0.037444,
		0.995919,
		-0.082116,
		0,
		0.373298,
		0.42491,
		-0.595145,
		1
	},
	[1.03333333333] = {
		-0.993195,
		0.034063,
		-0.111374,
		0,
		-0.110392,
		0.029496,
		0.99345,
		0,
		0.037125,
		0.998984,
		-0.025535,
		0,
		0.37,
		0.446902,
		-0.57817,
		1
	},
	[1.05] = {
		-0.994881,
		0.041642,
		-0.092071,
		0,
		-0.093167,
		-0.025179,
		0.995332,
		0,
		0.039129,
		0.998815,
		0.02893,
		0,
		0.366751,
		0.467826,
		-0.561344,
		1
	},
	[1.06666666667] = {
		-0.996262,
		0.048575,
		-0.071439,
		0,
		-0.075098,
		-0.078227,
		0.994103,
		0,
		0.0427,
		0.995751,
		0.081583,
		0,
		0.363694,
		0.487326,
		-0.544563,
		1
	},
	[1.08333333333] = {
		-0.998463,
		0.0506,
		-0.022597,
		0,
		-0.029096,
		-0.131628,
		0.990872,
		0,
		0.047164,
		0.990007,
		0.132898,
		0,
		0.361427,
		0.506341,
		-0.525543,
		1
	},
	{
		-0.989099,
		0.020088,
		-0.145873,
		0,
		-0.141461,
		0.145404,
		0.979207,
		0,
		0.040881,
		0.989168,
		-0.140978,
		0,
		0.376529,
		0.402156,
		-0.61245,
		1
	},
	[1.11666666667] = {
		-0.976934,
		0.005253,
		0.213477,
		0,
		0.205965,
		-0.240745,
		0.948483,
		0,
		0.056376,
		0.970574,
		0.23411,
		0,
		0.359712,
		0.54316,
		-0.475802,
		1
	},
	[1.13333333333] = {
		-0.925331,
		-0.053858,
		0.375316,
		0,
		0.374367,
		-0.286686,
		0.881851,
		0,
		0.060103,
		0.95651,
		0.285442,
		0,
		0.358804,
		0.559072,
		-0.446618,
		1
	},
	[1.15] = {
		-0.830069,
		-0.150139,
		0.537069,
		0,
		0.555258,
		-0.311829,
		0.771007,
		0,
		0.051715,
		0.938201,
		0.342205,
		0,
		0.358388,
		0.573977,
		-0.414637,
		1
	},
	[1.16666666667] = {
		-0.684644,
		-0.279984,
		0.672957,
		0,
		0.728385,
		-0.296758,
		0.617568,
		0,
		0.026796,
		0.912986,
		0.40711,
		0,
		0.358466,
		0.588804,
		-0.379867,
		1
	},
	[1.18333333333] = {
		-0.489213,
		-0.418066,
		0.765435,
		0,
		0.872151,
		-0.229731,
		0.431944,
		0,
		-0.004737,
		0.878888,
		0.477004,
		0,
		0.356965,
		0.59797,
		-0.342388,
		1
	},
	[1.1] = {
		-0.996374,
		0.038498,
		0.075879,
		0,
		0.067421,
		-0.186783,
		0.980085,
		0,
		0.051904,
		0.981647,
		0.18351,
		0,
		0.360374,
		0.525276,
		-0.502386,
		1
	},
	[1.21666666667] = {
		0.000988,
		-0.615712,
		0.78797,
		0,
		0.998825,
		0.038794,
		0.029061,
		0,
		-0.048462,
		0.787015,
		0.615027,
		0,
		0.34723,
		0.59484,
		-0.269271,
		1
	},
	[1.23333333333] = {
		0.252816,
		-0.645456,
		0.720743,
		0,
		0.966613,
		0.200653,
		-0.159368,
		0,
		-0.041754,
		0.73697,
		0.674635,
		0,
		0.341318,
		0.591283,
		-0.240688,
		1
	},
	[1.25] = {
		0.481097,
		-0.631818,
		0.607743,
		0,
		0.87659,
		0.355928,
		-0.323892,
		0,
		-0.011671,
		0.688564,
		0.725081,
		0,
		0.334749,
		0.585542,
		-0.220301,
		1
	},
	[1.26666666667] = {
		0.668988,
		-0.582463,
		0.461727,
		0,
		0.742662,
		0.498627,
		-0.447017,
		0,
		0.030142,
		0.641956,
		0.766149,
		0,
		0.327652,
		0.576523,
		-0.210576,
		1
	},
	[1.28333333333] = {
		0.806278,
		-0.507524,
		0.303868,
		0,
		0.586856,
		0.621789,
		-0.518631,
		0,
		0.074276,
		0.596487,
		0.799178,
		0,
		0.319521,
		0.564113,
		-0.209846,
		1
	},
	[1.2] = {
		-0.254189,
		-0.537082,
		0.80432,
		0,
		0.96659,
		-0.112669,
		0.230237,
		0,
		-0.033034,
		0.835972,
		0.547777,
		0,
		0.352545,
		0.597383,
		-0.303918,
		1
	},
	[1.31666666667] = {
		0.944963,
		-0.325191,
		0.036007,
		0,
		0.294709,
		0.798217,
		-0.525354,
		0,
		0.142099,
		0.507051,
		0.850122,
		0,
		0.300496,
		0.532891,
		-0.221124,
		1
	},
	[1.33333333333] = {
		0.973371,
		-0.223461,
		-0.051137,
		0,
		0.17099,
		0.856326,
		-0.487306,
		0,
		0.152684,
		0.465586,
		0.871732,
		0,
		0.292027,
		0.517378,
		-0.229818,
		1
	},
	[1.35] = {
		0.986366,
		-0.123447,
		-0.108828,
		0,
		0.063442,
		0.895416,
		-0.440687,
		0,
		0.151848,
		0.427775,
		0.891039,
		0,
		0.288499,
		0.503011,
		-0.237902,
		1
	},
	[1.36666666667] = {
		0.988046,
		-0.033236,
		-0.150535,
		0,
		-0.029356,
		0.918051,
		-0.395373,
		0,
		0.151339,
		0.395066,
		0.906101,
		0,
		0.28811,
		0.491035,
		-0.244804,
		1
	},
	[1.38333333333] = {
		0.982595,
		0.042086,
		-0.18093,
		0,
		-0.105199,
		0.928827,
		-0.355265,
		0,
		0.153101,
		0.368116,
		0.917088,
		0,
		0.287288,
		0.481513,
		-0.250737,
		1
	},
	[1.3] = {
		0.893844,
		-0.420022,
		0.156923,
		0,
		0.433697,
		0.72107,
		-0.540337,
		0,
		0.113801,
		0.551034,
		0.826686,
		0,
		0.310121,
		0.548982,
		-0.213872,
		1
	},
	[1.41666666667] = {
		0.964492,
		0.136457,
		-0.226131,
		0,
		-0.202344,
		0.932037,
		-0.300606,
		0,
		0.169743,
		0.335688,
		0.926553,
		0,
		0.287254,
		0.465851,
		-0.260052,
		1
	},
	[1.43333333333] = {
		0.957018,
		0.153745,
		-0.245926,
		0,
		-0.223862,
		0.930687,
		-0.289324,
		0,
		0.184398,
		0.331942,
		0.925101,
		0,
		0.287854,
		0.459279,
		-0.264607,
		1
	},
	[1.45] = {
		0.950402,
		0.160847,
		-0.266202,
		0,
		-0.237009,
		0.928767,
		-0.284988,
		0,
		0.2014,
		0.333945,
		0.920825,
		0,
		0.288649,
		0.453737,
		-0.267967,
		1
	},
	[1.46666666667] = {
		0.942813,
		0.167504,
		-0.288176,
		0,
		-0.250978,
		0.925683,
		-0.283055,
		0,
		0.219347,
		0.339194,
		0.914786,
		0,
		0.28947,
		0.449486,
		-0.268908,
		1
	},
	[1.48333333333] = {
		0.934302,
		0.175316,
		-0.310395,
		0,
		-0.26636,
		0.922006,
		-0.280993,
		0,
		0.236923,
		0.345209,
		0.908129,
		0,
		0.290145,
		0.446774,
		-0.267425,
		1
	},
	[1.4] = {
		0.973745,
		0.099301,
		-0.20484,
		0,
		-0.162973,
		0.93235,
		-0.322745,
		0,
		0.158933,
		0.347654,
		0.924054,
		0,
		0.287021,
		0.473187,
		-0.255541,
		1
	},
	[1.51666666667] = {
		0.915227,
		0.200844,
		-0.349317,
		0,
		-0.302868,
		0.914686,
		-0.267619,
		0,
		0.265766,
		0.350729,
		0.897974,
		0,
		0.290363,
		0.446809,
		-0.261229,
		1
	},
	[1.53333333333] = {
		0.905468,
		0.221301,
		-0.362152,
		0,
		-0.324282,
		0.911236,
		-0.253951,
		0,
		0.273806,
		0.347384,
		0.896858,
		0,
		0.289545,
		0.449258,
		-0.257497,
		1
	},
	[1.55] = {
		0.895567,
		0.248648,
		-0.368964,
		0,
		-0.348887,
		0.907082,
		-0.235544,
		0,
		0.276113,
		0.339672,
		0.899102,
		0,
		0.287989,
		0.452605,
		-0.253302,
		1
	},
	[1.56666666667] = {
		0.884976,
		0.28164,
		-0.370805,
		0,
		-0.376704,
		0.901131,
		-0.214611,
		0,
		0.273701,
		0.329609,
		0.903574,
		0,
		0.285895,
		0.456286,
		-0.248467,
		1
	},
	[1.58333333333] = {
		0.873341,
		0.318123,
		-0.368881,
		0,
		-0.406529,
		0.893196,
		-0.192184,
		0,
		0.268345,
		0.317803,
		0.909391,
		0,
		0.283488,
		0.45977,
		-0.24351,
		1
	},
	[1.5] = {
		0.924984,
		0.185967,
		-0.331391,
		0,
		-0.283606,
		0.918274,
		-0.276299,
		0,
		0.252926,
		0.349557,
		0.90213,
		0,
		0.290503,
		0.445841,
		-0.264694,
		1
	},
	[1.61666666667] = {
		0.846325,
		0.39324,
		-0.359299,
		0,
		-0.467354,
		0.871819,
		-0.146671,
		0,
		0.255567,
		0.292051,
		0.921625,
		0,
		0.278628,
		0.464121,
		-0.235289,
		1
	},
	[1.63333333333] = {
		0.831186,
		0.428032,
		-0.354849,
		0,
		-0.495956,
		0.85927,
		-0.125227,
		0,
		0.25131,
		0.280076,
		0.926499,
		0,
		0.27661,
		0.464023,
		-0.233034,
		1
	},
	[1.6] = {
		0.860455,
		0.355989,
		-0.364539,
		0,
		-0.43715,
		0.883321,
		-0.169242,
		0,
		0.261757,
		0.304984,
		0.915679,
		0,
		0.280992,
		0.462546,
		-0.238948,
		1
	}
}

return spline_matrices
