local spline_matrices = {
	[0] = {
		0.720924,
		0.627426,
		-0.294288,
		0,
		-0.648001,
		0.760848,
		0.034715,
		0,
		0.245689,
		0.165672,
		0.955086,
		0,
		0.312893,
		0.479033,
		-0.238826,
		1
	},
	{
		0.112582,
		0.471574,
		-0.87461,
		0,
		-0.169381,
		-0.858215,
		-0.484538,
		0,
		-0.979099,
		0.202693,
		-0.016744,
		0,
		-0.243168,
		0.027477,
		-0.267849,
		1
	},
	[0.0333333333333] = {
		0.843658,
		0.526666,
		-0.104237,
		0,
		-0.536242,
		0.836094,
		-0.115722,
		0,
		0.026205,
		0.153526,
		0.987797,
		0,
		0.320499,
		0.499096,
		-0.268538,
		1
	},
	[0.0666666666667] = {
		0.909721,
		0.41401,
		0.031678,
		0,
		-0.396426,
		0.888707,
		-0.230319,
		0,
		-0.123506,
		0.196968,
		0.972599,
		0,
		0.320404,
		0.519521,
		-0.29395,
		1
	},
	[0.133333333333] = {
		0.976066,
		-0.195782,
		0.094676,
		0,
		0.216078,
		0.823867,
		-0.523979,
		0,
		0.024585,
		0.531895,
		0.846453,
		0,
		0.357105,
		0.621435,
		-0.164237,
		1
	},
	[0.166666666667] = {
		-0.002963,
		-0.857831,
		0.513924,
		0,
		0.999043,
		0.019883,
		0.038947,
		0,
		-0.043628,
		0.513547,
		0.856951,
		0,
		0.345884,
		0.639804,
		-0.143836,
		1
	},
	[0.1] = {
		0.95964,
		0.274985,
		-0.058942,
		0,
		-0.276512,
		0.884347,
		-0.376127,
		0,
		-0.051304,
		0.377245,
		0.924691,
		0,
		0.33466,
		0.552623,
		-0.274341,
		1
	},
	[0.233333333333] = {
		-0.399134,
		0.676504,
		-0.618897,
		0,
		-0.916891,
		-0.29327,
		0.270746,
		0,
		0.001657,
		0.675525,
		0.737335,
		0,
		0.342808,
		0.672896,
		-0.20158,
		1
	},
	[0.266666666667] = {
		0.329136,
		0.713938,
		-0.618031,
		0,
		-0.944279,
		0.247109,
		-0.217426,
		0,
		-0.002507,
		0.655157,
		0.755489,
		0,
		0.347314,
		0.667187,
		-0.286353,
		1
	},
	[0.2] = {
		-0.995263,
		-0.0043,
		0.097126,
		0,
		0.063073,
		-0.788807,
		0.611396,
		0,
		0.073985,
		0.614626,
		0.785342,
		0,
		0.342206,
		0.663108,
		-0.146736,
		1
	},
	[0.333333333333] = {
		0.997179,
		-0.046787,
		-0.058701,
		0,
		-0.021707,
		0.568864,
		-0.822145,
		0,
		0.071859,
		0.8211,
		0.566244,
		0,
		0.343783,
		0.660469,
		-0.366108,
		1
	},
	[0.366666666667] = {
		0.839461,
		-0.313876,
		0.443607,
		0,
		0.457422,
		-0.032577,
		-0.888653,
		0,
		0.293378,
		0.948905,
		0.116227,
		0,
		0.357253,
		0.597252,
		-0.483064,
		1
	},
	[0.3] = {
		0.734166,
		0.333747,
		-0.59128,
		0,
		-0.666022,
		0.523257,
		-0.531618,
		0,
		0.131966,
		0.784102,
		0.60644,
		0,
		0.324536,
		0.672409,
		-0.330106,
		1
	},
	[0.433333333333] = {
		0.919343,
		-0.391057,
		-0.043403,
		0,
		-0.141301,
		-0.225194,
		-0.964013,
		0,
		0.36721,
		0.892391,
		-0.262287,
		0,
		0.319279,
		0.472447,
		-0.570923,
		1
	},
	[0.466666666667] = {
		0.735703,
		-0.499179,
		-0.457779,
		0,
		-0.559514,
		-0.067035,
		-0.826106,
		0,
		0.381688,
		0.863902,
		-0.328615,
		0,
		0.296821,
		0.436043,
		-0.551432,
		1
	},
	[0.4] = {
		0.873601,
		-0.346435,
		0.341765,
		0,
		0.280903,
		-0.214499,
		-0.935459,
		0,
		0.397384,
		0.913221,
		-0.090072,
		0,
		0.34586,
		0.529274,
		-0.543119,
		1
	},
	[0.533333333333] = {
		-0.651782,
		-0.258289,
		-0.713069,
		0,
		0.198628,
		0.849265,
		-0.489178,
		0,
		0.731934,
		-0.460473,
		-0.502232,
		0,
		0.18819,
		0.373059,
		-0.303373,
		1
	},
	[0.566666666667] = {
		-0.841336,
		-0.140417,
		-0.521955,
		0,
		0.147553,
		0.869322,
		-0.471707,
		0,
		0.519982,
		-0.47388,
		-0.710673,
		0,
		0.14664,
		0.42341,
		-0.319534,
		1
	},
	[0.5] = {
		0.278811,
		-0.661558,
		-0.696136,
		0,
		-0.716972,
		0.33887,
		-0.609194,
		0,
		0.638917,
		0.66896,
		-0.379838,
		0,
		0.291823,
		0.424038,
		-0.4944,
		1
	},
	[0.633333333333] = {
		-0.861728,
		0.074549,
		-0.501863,
		0,
		-0.502392,
		0.01285,
		0.864545,
		0,
		0.0709,
		0.997135,
		0.02638,
		0,
		-0.036823,
		0.582975,
		-0.010896,
		1
	},
	[0.666666666667] = {
		-0.95595,
		0.158859,
		-0.246826,
		0,
		-0.293505,
		-0.506388,
		0.810818,
		0,
		0.003816,
		0.847547,
		0.530707,
		0,
		-0.0669,
		0.44784,
		0.2158,
		1
	},
	[0.6] = {
		-0.872501,
		-0.254593,
		-0.417042,
		0,
		-0.236276,
		0.966935,
		-0.095971,
		0,
		0.427686,
		0.014803,
		-0.903806,
		0,
		0.106631,
		0.524803,
		-0.315893,
		1
	},
	[0.733333333333] = {
		-0.980156,
		0.187818,
		-0.063395,
		0,
		-0.197881,
		-0.945991,
		0.256795,
		0,
		-0.011741,
		0.264243,
		0.964385,
		0,
		-0.071858,
		0.155166,
		0.263981,
		1
	},
	[0.766666666667] = {
		-0.972805,
		0.190556,
		-0.131678,
		0,
		-0.188786,
		-0.981676,
		-0.025911,
		0,
		-0.134203,
		-0.000348,
		0.990954,
		0,
		-0.108687,
		0.044138,
		0.258869,
		1
	},
	[0.7] = {
		-0.975603,
		0.186357,
		-0.11606,
		0,
		-0.219023,
		-0.789828,
		0.572887,
		0,
		0.015094,
		0.584331,
		0.811375,
		0,
		-0.063074,
		0.303638,
		0.252975,
		1
	},
	[0.833333333333] = {
		-0.640193,
		0.333837,
		-0.691885,
		0,
		-0.11062,
		-0.931316,
		-0.347007,
		0,
		-0.760208,
		-0.145615,
		0.633151,
		0,
		-0.355072,
		-0.039727,
		0.054764,
		1
	},
	[0.866666666667] = {
		-0.392521,
		0.394621,
		-0.830784,
		0,
		-0.047279,
		-0.910741,
		-0.410262,
		0,
		-0.918527,
		-0.121757,
		0.376142,
		0,
		-0.42465,
		-0.04724,
		-0.064849,
		1
	},
	[0.8] = {
		-0.888865,
		0.242413,
		-0.388787,
		0,
		-0.165453,
		-0.961134,
		-0.221011,
		0,
		-0.427253,
		-0.132123,
		0.894426,
		0,
		-0.215922,
		-0.014252,
		0.191927,
		1
	},
	[0.933333333333] = {
		-0.432302,
		0.388667,
		-0.813666,
		0,
		-0.035599,
		-0.908993,
		-0.415289,
		0,
		-0.901026,
		-0.150565,
		0.406795,
		0,
		-0.382386,
		-0.043731,
		-0.12272,
		1
	},
	[0.966666666667] = {
		-0.281827,
		0.435253,
		-0.855061,
		0,
		-0.085338,
		-0.899024,
		-0.429504,
		0,
		-0.955663,
		-0.048077,
		0.290513,
		0,
		-0.319947,
		-0.019751,
		-0.180032,
		1
	},
	[0.9] = {
		-0.381124,
		0.399101,
		-0.833944,
		0,
		-0.020617,
		-0.90547,
		-0.423909,
		0,
		-0.924294,
		-0.144369,
		0.353324,
		0,
		-0.416911,
		-0.050147,
		-0.105385,
		1
	},
	[1.03333333333] = {
		0.604902,
		0.358975,
		-0.710796,
		0,
		-0.229179,
		-0.776374,
		-0.587129,
		0,
		-0.762608,
		0.518055,
		-0.38736,
		0,
		-0.139653,
		0.093299,
		-0.373456,
		1
	},
	[1.06666666667] = {
		0.921878,
		0.094707,
		-0.375729,
		0,
		-0.213933,
		-0.684079,
		-0.69733,
		0,
		-0.32307,
		0.723233,
		-0.610376,
		0,
		-0.0064,
		0.160218,
		-0.475951,
		1
	},
	[1.13333333333] = {
		0.947225,
		-0.30832,
		0.087765,
		0,
		-0.117645,
		-0.589015,
		-0.799513,
		0,
		0.298201,
		0.746994,
		-0.594203,
		0,
		0.201363,
		0.241238,
		-0.597262,
		1
	},
	[1.16666666667] = {
		0.949187,
		-0.303665,
		0.082651,
		0,
		-0.116604,
		-0.583272,
		-0.803864,
		0,
		0.292314,
		0.75338,
		-0.589043,
		0,
		0.198309,
		0.247127,
		-0.595875,
		1
	},
	[1.1] = {
		0.98191,
		-0.185259,
		-0.039132,
		0,
		-0.147262,
		-0.617268,
		-0.772848,
		0,
		0.119022,
		0.76463,
		-0.633383,
		0,
		0.135286,
		0.215505,
		-0.561445,
		1
	},
	[1.23333333333] = {
		0.953345,
		-0.292885,
		0.073161,
		0,
		-0.113495,
		-0.5723,
		-0.812152,
		0,
		0.279737,
		0.765957,
		-0.578841,
		0,
		0.192059,
		0.258722,
		-0.592994,
		1
	},
	[1.26666666667] = {
		0.955311,
		-0.287419,
		0.069071,
		0,
		-0.111723,
		-0.567396,
		-0.815831,
		0,
		0.273676,
		0.771655,
		-0.574151,
		0,
		0.18913,
		0.263991,
		-0.591611,
		1
	},
	[1.2] = {
		0.951267,
		-0.298412,
		0.077733,
		0,
		-0.115172,
		-0.577648,
		-0.80812,
		0,
		0.286055,
		0.759785,
		-0.583866,
		0,
		0.195163,
		0.253028,
		-0.594435,
		1
	},
	[1.33333333333] = {
		0.958513,
		-0.278043,
		0.062813,
		0,
		-0.108491,
		-0.559621,
		-0.821617,
		0,
		0.263596,
		0.780716,
		-0.566569,
		0,
		0.184343,
		0.272407,
		-0.589302,
		1
	},
	[1.3] = {
		0.957065,
		-0.282357,
		0.065585,
		0,
		-0.110005,
		-0.563109,
		-0.819028,
		0,
		0.268189,
		0.776648,
		-0.569993,
		0,
		0.186512,
		0.268623,
		-0.590356,
		1
	}
}

return spline_matrices
