local spline_matrices = {
	[0] = {
		0.665555,
		-0.133617,
		0.734291,
		0,
		-0.730287,
		0.086423,
		0.677652,
		0,
		-0.154005,
		-0.987258,
		-0.04006,
		0,
		-0.256007,
		0.361133,
		-0.028126,
		1
	},
	{
		0.96122,
		-0.267843,
		0.065691,
		0,
		-0.126941,
		-0.641177,
		-0.756821,
		0,
		0.244829,
		0.719133,
		-0.650313,
		0,
		-0.021925,
		-0.479356,
		-0.39566,
		1
	},
	[0.0166666666667] = {
		0.646563,
		-0.152774,
		0.747407,
		0,
		-0.750364,
		0.049251,
		0.659188,
		0,
		-0.137517,
		-0.987033,
		-0.082792,
		0,
		-0.268503,
		0.349419,
		-0.018913,
		1
	},
	[0.0333333333333] = {
		0.640152,
		-0.148206,
		0.753817,
		0,
		-0.761797,
		0.004433,
		0.647801,
		0,
		-0.09935,
		-0.988947,
		-0.110065,
		0,
		-0.280796,
		0.337278,
		-0.015563,
		1
	},
	[0.05] = {
		0.643606,
		-0.123766,
		0.755283,
		0,
		-0.764058,
		-0.046438,
		0.643474,
		0,
		-0.044566,
		-0.991224,
		-0.124453,
		0,
		-0.292107,
		0.325319,
		-0.016329,
		1
	},
	[0.0666666666667] = {
		0.653539,
		-0.083296,
		0.752295,
		0,
		-0.756573,
		-0.100786,
		0.646096,
		0,
		0.022003,
		-0.991415,
		-0.128887,
		0,
		-0.301984,
		0.314175,
		-0.019628,
		1
	},
	[0.0833333333333] = {
		0.666687,
		-0.031294,
		0.744681,
		0,
		-0.73924,
		-0.155308,
		0.655289,
		0,
		0.095149,
		-0.98737,
		-0.126675,
		0,
		-0.31019,
		0.304507,
		-0.023996,
		1
	},
	[0.116666666667] = {
		0.694392,
		0.084565,
		0.71461,
		0,
		-0.679179,
		-0.251116,
		0.689679,
		0,
		0.237772,
		-0.964256,
		-0.116938,
		0,
		-0.321213,
		0.292455,
		-0.030405,
		1
	},
	[0.133333333333] = {
		0.708482,
		0.13543,
		0.692612,
		0,
		-0.640945,
		-0.287274,
		0.711803,
		0,
		0.295369,
		-0.948226,
		-0.116725,
		0,
		-0.323921,
		0.291589,
		-0.02971,
		1
	},
	[0.15] = {
		0.72462,
		0.172699,
		0.667159,
		0,
		-0.601318,
		-0.31449,
		0.734516,
		0,
		0.336665,
		-0.933419,
		-0.124039,
		0,
		-0.324627,
		0.295249,
		-0.024513,
		1
	},
	[0.166666666667] = {
		0.748853,
		0.186368,
		0.635992,
		0,
		-0.558489,
		-0.339194,
		0.756993,
		0,
		0.356804,
		-0.922071,
		-0.149922,
		0,
		-0.32204,
		0.303416,
		-0.013925,
		1
	},
	[0.183333333333] = {
		0.779365,
		0.166223,
		0.604119,
		0,
		-0.520481,
		-0.365047,
		0.771907,
		0,
		0.34884,
		-0.91603,
		-0.197989,
		0,
		-0.313592,
		0.316036,
		0.001962,
		1
	},
	[0.1] = {
		0.680641,
		0.026761,
		0.732129,
		0,
		-0.712837,
		-0.206459,
		0.670252,
		0,
		0.169091,
		-0.978089,
		-0.121449,
		0,
		-0.316617,
		0.297021,
		-0.028041,
		1
	},
	[0.216666666667] = {
		0.829521,
		0.015672,
		0.558256,
		0,
		-0.506871,
		-0.398548,
		0.764357,
		0,
		0.23447,
		-0.917014,
		-0.32266,
		0,
		-0.268368,
		0.364924,
		0.053767,
		1
	},
	[0.233333333333] = {
		0.830101,
		-0.096464,
		0.549206,
		0,
		-0.539518,
		-0.387815,
		0.747342,
		0,
		0.140899,
		-0.916676,
		-0.37397,
		0,
		-0.233877,
		0.397864,
		0.082283,
		1
	},
	[0.25] = {
		0.802193,
		-0.214657,
		0.557144,
		0,
		-0.596083,
		-0.341414,
		0.726719,
		0,
		0.034221,
		-0.915073,
		-0.401833,
		0,
		-0.194952,
		0.432407,
		0.10483,
		1
	},
	[0.266666666667] = {
		0.741515,
		-0.320769,
		0.58929,
		0,
		-0.66591,
		-0.244547,
		0.704812,
		0,
		-0.081973,
		-0.915043,
		-0.394938,
		0,
		-0.153301,
		0.466205,
		0.115335,
		1
	},
	[0.283333333333] = {
		0.662385,
		-0.330795,
		0.672176,
		0,
		-0.714398,
		-0.008753,
		0.699685,
		0,
		-0.225569,
		-0.943662,
		-0.242117,
		0,
		-0.098794,
		0.522806,
		0.096974,
		1
	},
	[0.2] = {
		0.808946,
		0.107133,
		0.578039,
		0,
		-0.501477,
		-0.387385,
		0.773598,
		0,
		0.306802,
		-0.915672,
		-0.259648,
		0,
		-0.295827,
		0.336448,
		0.025091,
		1
	},
	[0.316666666667] = {
		0.623289,
		-0.133876,
		0.770447,
		0,
		-0.493001,
		0.697503,
		0.520038,
		0,
		-0.607009,
		-0.703965,
		0.368745,
		0,
		0.059887,
		0.596191,
		-0.007756,
		1
	},
	[0.333333333333] = {
		0.616213,
		-0.159075,
		0.771347,
		0,
		-0.278637,
		0.872015,
		0.402433,
		0,
		-0.736643,
		-0.46291,
		0.493023,
		0,
		0.123429,
		0.571215,
		-0.036571,
		1
	},
	[0.35] = {
		0.639544,
		-0.11055,
		0.760764,
		0,
		-0.078896,
		0.974942,
		0.207998,
		0,
		-0.764695,
		-0.193045,
		0.614796,
		0,
		0.157883,
		0.520873,
		-0.102041,
		1
	},
	[0.366666666667] = {
		0.722926,
		-0.020517,
		0.690621,
		0,
		0.142135,
		0.982596,
		-0.119593,
		0,
		-0.676148,
		0.184618,
		0.71326,
		0,
		0.167978,
		0.453352,
		-0.183623,
		1
	},
	[0.383333333333] = {
		0.78003,
		0.024561,
		0.62526,
		0,
		0.40536,
		0.741384,
		-0.53482,
		0,
		-0.476694,
		0.670631,
		0.568346,
		0,
		0.131836,
		0.403664,
		-0.190939,
		1
	},
	[0.3] = {
		0.614884,
		-0.226012,
		0.755537,
		0,
		-0.665971,
		0.364309,
		0.65097,
		0,
		-0.422376,
		-0.903437,
		0.07349,
		0,
		-0.020944,
		0.581581,
		0.045785,
		1
	},
	[0.416666666667] = {
		0.783999,
		-0.039844,
		0.619482,
		0,
		0.61307,
		-0.106917,
		-0.782761,
		0,
		0.097421,
		0.993469,
		-0.059396,
		0,
		0.169515,
		0.396404,
		-0.209933,
		1
	},
	[0.433333333333] = {
		0.748945,
		-0.092007,
		0.656213,
		0,
		0.611471,
		-0.285603,
		-0.737925,
		0,
		0.25531,
		0.953921,
		-0.157642,
		0,
		0.240084,
		0.358041,
		-0.245535,
		1
	},
	[0.45] = {
		0.681584,
		-0.16012,
		0.714006,
		0,
		0.600799,
		-0.434558,
		-0.670969,
		0,
		0.417713,
		0.886296,
		-0.199987,
		0,
		0.276813,
		0.282254,
		-0.264375,
		1
	},
	[0.466666666667] = {
		0.576064,
		-0.229362,
		0.784566,
		0,
		0.509939,
		-0.649304,
		-0.56424,
		0,
		0.638836,
		0.725119,
		-0.25708,
		0,
		0.290622,
		0.131846,
		-0.284506,
		1
	},
	[0.483333333333] = {
		0.482116,
		-0.247989,
		0.840277,
		0,
		0.344769,
		-0.828014,
		-0.442184,
		0,
		0.805418,
		0.502886,
		-0.3137,
		0,
		0.282678,
		-0.017174,
		-0.300454,
		1
	},
	[0.4] = {
		0.835012,
		-0.011896,
		0.550103,
		0,
		0.531862,
		0.27362,
		-0.801408,
		0,
		-0.140986,
		0.961764,
		0.234803,
		0,
		0.103197,
		0.418513,
		-0.162078,
		1
	},
	[0.516666666667] = {
		0.47342,
		-0.246337,
		0.84569,
		0,
		0.129861,
		-0.930087,
		-0.343618,
		0,
		0.871211,
		0.272498,
		-0.408333,
		0,
		0.284192,
		-0.15252,
		-0.324296,
		1
	},
	[0.533333333333] = {
		0.493269,
		-0.266286,
		0.828117,
		0,
		0.054315,
		-0.940707,
		-0.334844,
		0,
		0.868179,
		0.210148,
		-0.449558,
		0,
		0.288935,
		-0.194255,
		-0.335169,
		1
	},
	[0.55] = {
		0.511391,
		-0.288588,
		0.809442,
		0,
		-0.012481,
		-0.944321,
		-0.32879,
		0,
		0.859257,
		0.158037,
		-0.486519,
		0,
		0.29296,
		-0.231983,
		-0.345704,
		1
	},
	[0.566666666667] = {
		0.528056,
		-0.308125,
		0.791338,
		0,
		-0.068485,
		-0.944269,
		-0.321973,
		0,
		0.846444,
		0.115825,
		-0.519728,
		0,
		0.295445,
		-0.266066,
		-0.355629,
		1
	},
	[0.583333333333] = {
		0.543765,
		-0.326913,
		0.772947,
		0,
		-0.115593,
		-0.941408,
		-0.316844,
		0,
		0.831239,
		0.082942,
		-0.549693,
		0,
		0.295744,
		-0.296729,
		-0.364634,
		1
	},
	[0.5] = {
		0.454468,
		-0.239198,
		0.858046,
		0,
		0.209351,
		-0.907607,
		-0.363898,
		0,
		0.865812,
		0.345013,
		-0.362402,
		0,
		0.279327,
		-0.10634,
		-0.313111,
		1
	},
	[0.616666666667] = {
		0.573635,
		-0.361753,
		0.7349,
		0,
		-0.186439,
		-0.931306,
		-0.312906,
		0,
		0.797611,
		0.04248,
		-0.601674,
		0,
		0.289309,
		-0.348364,
		-0.379554,
		1
	},
	[0.633333333333] = {
		0.588345,
		-0.377639,
		0.71501,
		0,
		-0.211786,
		-0.925344,
		-0.314461,
		0,
		0.780383,
		0.033582,
		-0.6244,
		0,
		0.282555,
		-0.369655,
		-0.385381,
		1
	},
	[0.65] = {
		0.603203,
		-0.392403,
		0.694382,
		0,
		-0.231385,
		-0.919256,
		-0.31848,
		0,
		0.763287,
		0.031439,
		-0.645294,
		0,
		0.273541,
		-0.388176,
		-0.390105,
		1
	},
	[0.666666666667] = {
		0.618384,
		-0.405962,
		0.672901,
		0,
		-0.245874,
		-0.9132,
		-0.324981,
		0,
		0.746423,
		0.035514,
		-0.664524,
		0,
		0.257789,
		-0.399927,
		-0.390717,
		1
	},
	[0.683333333333] = {
		0.63403,
		-0.418217,
		0.650462,
		0,
		-0.255819,
		-0.907216,
		-0.333941,
		0,
		0.729769,
		0.045328,
		-0.682189,
		0,
		0.240604,
		-0.409172,
		-0.390241,
		1
	},
	[0.6] = {
		0.55886,
		-0.344825,
		0.75417,
		0,
		-0.154635,
		-0.936828,
		-0.313753,
		0,
		0.814717,
		0.058723,
		-0.576877,
		0,
		0.293714,
		-0.324109,
		-0.37263,
		1
	},
	[0.716666666667] = {
		0.667093,
		-0.438315,
		0.602383,
		0,
		-0.264059,
		-0.895218,
		-0.358967,
		0,
		0.696605,
		0.0804,
		-0.712935,
		0,
		0.20738,
		-0.426893,
		-0.390046,
		1
	},
	[0.733333333333] = {
		0.684617,
		-0.445904,
		0.576602,
		0,
		-0.263235,
		-0.888916,
		-0.374879,
		0,
		0.679711,
		0.104867,
		-0.725945,
		0,
		0.191327,
		-0.436097,
		-0.390644,
		1
	},
	[0.75] = {
		0.702811,
		-0.451655,
		0.549604,
		0,
		-0.259656,
		-0.882159,
		-0.392905,
		0,
		0.662296,
		0.133429,
		-0.737266,
		0,
		0.175685,
		-0.445855,
		-0.391939,
		1
	},
	[0.766666666667] = {
		0.721637,
		-0.455412,
		0.521384,
		0,
		-0.253707,
		-0.874728,
		-0.412896,
		0,
		0.644107,
		0.165682,
		-0.746777,
		0,
		0.160497,
		-0.456284,
		-0.394132,
		1
	},
	[0.783333333333] = {
		0.741018,
		-0.45702,
		0.49196,
		0,
		-0.24577,
		-0.866403,
		-0.434676,
		0,
		0.624891,
		0.201194,
		-0.754342,
		0,
		0.143237,
		-0.463902,
		-0.394698,
		1
	},
	[0.7] = {
		0.650243,
		-0.429039,
		0.626985,
		0,
		-0.261728,
		-0.901263,
		-0.345289,
		0,
		0.71322,
		0.060422,
		-0.698331,
		0,
		0.223809,
		-0.418024,
		-0.389966,
		1
	},
	[0.816666666667] = {
		0.780952,
		-0.45325,
		0.429743,
		0,
		-0.225484,
		-0.846229,
		-0.482756,
		0,
		0.58247,
		0.280109,
		-0.763065,
		0,
		0.104157,
		-0.470838,
		-0.390642,
		1
	},
	[0.833333333333] = {
		0.801169,
		-0.447663,
		0.397147,
		0,
		-0.213931,
		-0.834031,
		-0.508552,
		0,
		0.558893,
		0.322474,
		-0.763969,
		0,
		0.08526,
		-0.47346,
		-0.38864,
		1
	},
	[0.85] = {
		0.821142,
		-0.439549,
		0.364037,
		0,
		-0.201804,
		-0.820261,
		-0.535207,
		0,
		0.533855,
		0.366017,
		-0.762253,
		0,
		0.067295,
		-0.475642,
		-0.386837,
		1
	},
	[0.866666666667] = {
		0.8406,
		-0.428925,
		0.330778,
		0,
		-0.189378,
		-0.804869,
		-0.562424,
		0,
		0.507471,
		0.410132,
		-0.757802,
		0,
		0.050591,
		-0.477441,
		-0.385378,
		1
	},
	[0.883333333333] = {
		0.859523,
		-0.41585,
		0.297134,
		0,
		-0.177314,
		-0.787881,
		-0.589749,
		0,
		0.479353,
		0.454217,
		-0.750938,
		0,
		0.035171,
		-0.478884,
		-0.384423,
		1
	},
	[0.8] = {
		0.76084,
		-0.45634,
		0.461385,
		0,
		-0.236232,
		-0.856967,
		-0.458042,
		0,
		0.604414,
		0.239503,
		-0.759817,
		0,
		0.12358,
		-0.46769,
		-0.392714,
		1
	},
	[0.916666666667] = {
		0.895097,
		-0.382286,
		0.229477,
		0,
		-0.155219,
		-0.749642,
		-0.643384,
		0,
		0.417982,
		0.540272,
		-0.73034,
		0,
		0.00929,
		-0.480696,
		-0.384382,
		1
	},
	[0.933333333333] = {
		0.911327,
		-0.362119,
		0.195837,
		0,
		-0.14582,
		-0.728794,
		-0.669026,
		0,
		0.384992,
		0.581145,
		-0.716974,
		0,
		-0.000836,
		-0.481065,
		-0.38539,
		1
	},
	[0.95] = {
		0.926219,
		-0.340146,
		0.162538,
		0,
		-0.138005,
		-0.707155,
		-0.69346,
		0,
		0.350818,
		0.619865,
		-0.701922,
		0,
		-0.009007,
		-0.481085,
		-0.387083,
		1
	},
	[0.966666666667] = {
		0.939586,
		-0.316789,
		0.129701,
		0,
		-0.132085,
		-0.685072,
		-0.7164,
		0,
		0.315802,
		0.655988,
		-0.685528,
		0,
		-0.015219,
		-0.480774,
		-0.389417,
		1
	},
	[0.983333333333] = {
		0.951286,
		-0.292517,
		0.097406,
		0,
		-0.128326,
		-0.662939,
		-0.737593,
		0,
		0.280333,
		0.689163,
		-0.668183,
		0,
		-0.019503,
		-0.480174,
		-0.392312,
		1
	},
	[0.9] = {
		0.877746,
		-0.400292,
		0.263302,
		0,
		-0.165847,
		-0.769411,
		-0.616848,
		0,
		0.449506,
		0.497768,
		-0.741735,
		0,
		0.021323,
		-0.47997,
		-0.384069,
		1
	},
	[1.01666666667] = {
		0.969334,
		-0.243307,
		0.034548,
		0,
		-0.128095,
		-0.620219,
		-0.7739,
		0,
		0.209722,
		0.745742,
		-0.632365,
		0,
		-0.022573,
		-0.478426,
		-0.399328,
		1
	},
	[1.03333333333] = {
		0.975613,
		-0.219461,
		0.003922,
		0,
		-0.131909,
		-0.600495,
		-0.788673,
		0,
		0.175439,
		0.768923,
		-0.6148,
		0,
		-0.021552,
		-0.477529,
		-0.403163,
		1
	},
	[1.05] = {
		0.980078,
		-0.196869,
		-0.026278,
		0,
		-0.138468,
		-0.582418,
		-0.801009,
		0,
		0.142389,
		0.78869,
		-0.598075,
		0,
		-0.018973,
		-0.476845,
		-0.407003,
		1
	},
	[1.06666666667] = {
		0.98277,
		-0.17609,
		-0.056179,
		0,
		-0.147828,
		-0.566368,
		-0.810786,
		0,
		0.110953,
		0.805121,
		-0.582641,
		0,
		-0.014948,
		-0.476585,
		-0.410677,
		1
	},
	[1.08333333333] = {
		0.983744,
		-0.157682,
		-0.08593,
		0,
		-0.160031,
		-0.552686,
		-0.817881,
		0,
		0.081473,
		0.818337,
		-0.568935,
		0,
		-0.009578,
		-0.47699,
		-0.414013,
		1
	},
	[1.11666666667] = {
		0.980734,
		-0.130209,
		-0.145624,
		0,
		-0.193103,
		-0.533518,
		-0.82345,
		0,
		0.029528,
		0.835706,
		-0.548383,
		0,
		0.004864,
		-0.480847,
		-0.419009,
		1
	},
	[1.1] = {
		0.983053,
		-0.142203,
		-0.115691,
		0,
		-0.175109,
		-0.541659,
		-0.822157,
		0,
		0.054248,
		0.828483,
		-0.55738,
		0,
		-0.002952,
		-0.478321,
		-0.416844,
		1
	}
}

return spline_matrices
