-- chunkname: @content/characters/player/human/first_person/animations/2h_power_maul/heavy_swing_left_diagonal.lua

local spline_matrices = {
	[0.0166666666667] = {
		0.945887,
		0.12938,
		-0.297588,
		0,
		0.317914,
		-0.185701,
		0.929756,
		0,
		0.06503,
		-0.974051,
		-0.216784,
		0,
		0.33317,
		0.315713,
		0.055637,
		1,
	},
	[0.0333333333333] = {
		0.906225,
		0.132542,
		-0.401484,
		0,
		0.418776,
		-0.15076,
		0.895487,
		0,
		0.058162,
		-0.979645,
		-0.192128,
		0,
		0.340663,
		0.310377,
		0.049171,
		1,
	},
	[0.05] = {
		0.855557,
		0.128134,
		-0.501602,
		0,
		0.51476,
		-0.107288,
		0.850594,
		0,
		0.055174,
		-0.985937,
		-0.15775,
		0,
		0.346193,
		0.302542,
		0.038672,
		1,
	},
	[0.0666666666667] = {
		0.796717,
		0.11587,
		-0.593141,
		0,
		0.601724,
		-0.060642,
		0.796399,
		0,
		0.056309,
		-0.991412,
		-0.118036,
		0,
		0.349916,
		0.294226,
		0.025383,
		1,
	},
	[0.0833333333333] = {
		0.734187,
		0.097808,
		-0.671866,
		0,
		0.676147,
		-0.01555,
		0.736602,
		0,
		0.061598,
		-0.995084,
		-0.077549,
		0,
		0.351975,
		0.287515,
		0.010742,
		1,
	},
	[0] = {
		0.973459,
		0.120906,
		-0.194317,
		0,
		0.216165,
		-0.206874,
		0.954189,
		0,
		0.075168,
		-0.970868,
		-0.227519,
		0,
		0.323518,
		0.316505,
		0.056974,
		1,
	},
	[0.116666666667] = {
		0.621806,
		0.059873,
		-0.780879,
		0,
		0.778573,
		0.060629,
		0.624618,
		0,
		0.084742,
		-0.996363,
		-0.008916,
		0,
		0.3521,
		0.287416,
		-0.012973,
		1,
	},
	[0.133333333333] = {
		0.586582,
		0.045394,
		-0.808617,
		0,
		0.803324,
		0.094269,
		0.588034,
		0,
		0.10292,
		-0.994511,
		0.01883,
		0,
		0.351323,
		0.297429,
		-0.012558,
		1,
	},
	[0.15] = {
		0.572343,
		0.044127,
		-0.818826,
		0,
		0.810459,
		0.121556,
		0.573045,
		0,
		0.12482,
		-0.991603,
		0.033808,
		0,
		0.3491,
		0.313015,
		-0.002893,
		1,
	},
	[0.166666666667] = {
		0.575718,
		0.060149,
		-0.815433,
		0,
		0.803665,
		0.142023,
		0.577886,
		0,
		0.15057,
		-0.988034,
		0.033425,
		0,
		0.344242,
		0.331067,
		0.012345,
		1,
	},
	[0.183333333333] = {
		0.590739,
		0.089707,
		-0.80186,
		0,
		0.786062,
		0.160214,
		0.597024,
		0,
		0.182026,
		-0.982998,
		0.02413,
		0,
		0.336764,
		0.35124,
		0.029728,
		1,
	},
	[0.1] = {
		0.673551,
		0.078153,
		-0.734998,
		0,
		0.735721,
		0.024659,
		0.676836,
		0,
		0.071021,
		-0.996636,
		-0.04089,
		0,
		0.352523,
		0.284635,
		-0.003647,
		1,
	},
	[0.216666666667] = {
		0.642959,
		0.180599,
		-0.744303,
		0,
		0.711393,
		0.219232,
		0.667725,
		0,
		0.283766,
		-0.958812,
		0.012481,
		0,
		0.30455,
		0.401545,
		0.063454,
		1,
	},
	[0.233333333333] = {
		0.666904,
		0.232872,
		-0.707821,
		0,
		0.655479,
		0.268428,
		0.7059,
		0,
		0.354383,
		-0.934729,
		0.026373,
		0,
		0.279639,
		0.43095,
		0.073002,
		1,
	},
	[0.25] = {
		0.689008,
		0.271161,
		-0.672116,
		0,
		0.594975,
		0.317924,
		0.738193,
		0,
		0.413851,
		-0.908513,
		0.057718,
		0,
		0.251995,
		0.459512,
		0.080781,
		1,
	},
	[0.266666666667] = {
		0.711771,
		0.286292,
		-0.64142,
		0,
		0.533353,
		0.373935,
		0.758754,
		0,
		0.457074,
		-0.882162,
		0.113461,
		0,
		0.220769,
		0.488226,
		0.088443,
		1,
	},
	[0.283333333333] = {
		0.728328,
		0.276212,
		-0.627093,
		0,
		0.473219,
		0.459126,
		0.751843,
		0,
		0.495582,
		-0.84434,
		0.203685,
		0,
		0.186471,
		0.519724,
		0.08548,
		1,
	},
	[0.2] = {
		0.611393,
		0.128031,
		-0.780901,
		0,
		0.76004,
		0.17973,
		0.624528,
		0,
		0.220311,
		-0.975349,
		0.012577,
		0,
		0.326776,
		0.373103,
		0.045754,
		1,
	},
	[0.316666666667] = {
		0.732359,
		0.154907,
		-0.663064,
		0,
		0.283687,
		0.815828,
		0.503931,
		0,
		0.619009,
		-0.557161,
		0.553533,
		0,
		0.106787,
		0.584363,
		0.002027,
		1,
	},
	[0.333333333333] = {
		0.747762,
		0.075547,
		-0.659655,
		0,
		0.087361,
		0.973674,
		0.210539,
		0,
		0.658195,
		-0.215061,
		0.721477,
		0,
		0.067102,
		0.603044,
		-0.0905,
		1,
	},
	[0.35] = {
		0.781852,
		0.047612,
		-0.621643,
		0,
		-0.152469,
		0.981407,
		-0.116596,
		0,
		0.604534,
		0.185942,
		0.774574,
		0,
		0.018973,
		0.61154,
		-0.190218,
		1,
	},
	[0.366666666667] = {
		0.791638,
		0.091706,
		-0.604069,
		0,
		-0.359945,
		0.868892,
		-0.339802,
		0,
		0.493709,
		0.486432,
		0.720857,
		0,
		-0.072946,
		0.624612,
		-0.262478,
		1,
	},
	[0.383333333333] = {
		0.711347,
		0.168369,
		-0.682376,
		0,
		-0.513526,
		0.787386,
		-0.341049,
		0,
		0.479871,
		0.593021,
		0.646567,
		0,
		-0.241506,
		0.599719,
		-0.322652,
		1,
	},
	[0.3] = {
		0.732819,
		0.231959,
		-0.639666,
		0,
		0.400026,
		0.613601,
		0.680788,
		0,
		0.550414,
		-0.754777,
		0.356869,
		0,
		0.148207,
		0.554068,
		0.058898,
		1,
	},
	[0.416666666667] = {
		0.58294,
		0.168823,
		-0.794783,
		0,
		-0.792748,
		0.332627,
		-0.510793,
		0,
		0.178132,
		0.927824,
		0.327736,
		0,
		-0.426729,
		0.439012,
		-0.403585,
		1,
	},
	[0.433333333333] = {
		0.596111,
		0.127133,
		-0.792773,
		0,
		-0.773858,
		-0.172191,
		-0.609502,
		0,
		-0.213997,
		0.976825,
		-0.004262,
		0,
		-0.406444,
		0.327945,
		-0.409035,
		1,
	},
	[0.45] = {
		0.507523,
		0.0527,
		-0.860025,
		0,
		-0.685369,
		-0.580225,
		-0.440009,
		0,
		-0.522196,
		0.812749,
		-0.258359,
		0,
		-0.395781,
		0.212504,
		-0.423189,
		1,
	},
	[0.466666666667] = {
		0.428176,
		0.104067,
		-0.897683,
		0,
		-0.641664,
		-0.664462,
		-0.38309,
		0,
		-0.636343,
		0.740041,
		-0.21773,
		0,
		-0.393029,
		0.051134,
		-0.481594,
		1,
	},
	[0.483333333333] = {
		0.366163,
		0.172133,
		-0.914492,
		0,
		-0.579147,
		-0.727061,
		-0.368743,
		0,
		-0.728364,
		0.664645,
		-0.166532,
		0,
		-0.369928,
		-0.108845,
		-0.52242,
		1,
	},
	[0.4] = {
		0.593702,
		0.184521,
		-0.783243,
		0,
		-0.655639,
		0.675249,
		-0.337898,
		0,
		0.466536,
		0.714136,
		0.521876,
		0,
		-0.388803,
		0.533104,
		-0.372468,
		1,
	},
	[0.516666666667] = {
		0.310973,
		0.230319,
		-0.922089,
		0,
		-0.506073,
		-0.781089,
		-0.365773,
		0,
		-0.804479,
		0.58039,
		-0.126339,
		0,
		-0.289909,
		-0.259339,
		-0.544426,
		1,
	},
	[0.533333333333] = {
		0.296596,
		0.243036,
		-0.923561,
		0,
		-0.479209,
		-0.798637,
		-0.364057,
		0,
		-0.826069,
		0.550556,
		-0.120407,
		0,
		-0.255756,
		-0.30302,
		-0.549775,
		1,
	},
	[0.55] = {
		0.287149,
		0.252498,
		-0.924008,
		0,
		-0.455953,
		-0.812312,
		-0.36367,
		0,
		-0.842409,
		0.525731,
		-0.118128,
		0,
		-0.225912,
		-0.337814,
		-0.5522,
		1,
	},
	[0.566666666667] = {
		0.282758,
		0.259497,
		-0.923423,
		0,
		-0.436247,
		-0.822588,
		-0.364742,
		0,
		-0.854246,
		0.505974,
		-0.119388,
		0,
		-0.200193,
		-0.366104,
		-0.552834,
		1,
	},
	[0.583333333333] = {
		0.283444,
		0.264734,
		-0.921724,
		0,
		-0.419931,
		-0.829831,
		-0.367475,
		0,
		-0.862159,
		0.491219,
		-0.124041,
		0,
		-0.178081,
		-0.389779,
		-0.552403,
		1,
	},
	[0.5] = {
		0.329257,
		0.214838,
		-0.919475,
		0,
		-0.533234,
		-0.76133,
		-0.368834,
		0,
		-0.779263,
		0.611737,
		-0.136114,
		0,
		-0.328462,
		-0.205769,
		-0.536445,
		1,
	},
	[0.616666666667] = {
		0.300044,
		0.272261,
		-0.914247,
		0,
		-0.396294,
		-0.836211,
		-0.37908,
		0,
		-0.867712,
		0.476051,
		-0.143005,
		0,
		-0.1425,
		-0.428957,
		-0.550489,
		1,
	},
	[0.633333333333] = {
		0.315491,
		0.274807,
		-0.908266,
		0,
		-0.388443,
		-0.835881,
		-0.387834,
		0,
		-0.865781,
		0.475168,
		-0.156966,
		0,
		-0.127852,
		-0.445923,
		-0.549196,
		1,
	},
	[0.65] = {
		0.335016,
		0.27587,
		-0.900922,
		0,
		-0.383079,
		-0.833699,
		-0.397738,
		0,
		-0.860822,
		0.478373,
		-0.173622,
		0,
		-0.114741,
		-0.461655,
		-0.547721,
		1,
	},
	[0.666666666667] = {
		0.358334,
		0.275384,
		-0.892054,
		0,
		-0.379878,
		-0.829821,
		-0.408767,
		0,
		-0.852813,
		0.485347,
		-0.19274,
		0,
		-0.103023,
		-0.476744,
		-0.546461,
		1,
	},
	[0.683333333333] = {
		0.38513,
		0.273248,
		-0.881482,
		0,
		-0.378496,
		-0.824363,
		-0.420911,
		0,
		-0.841674,
		0.495743,
		-0.214064,
		0,
		-0.092714,
		-0.4918,
		-0.545951,
		1,
	},
	[0.6] = {
		0.289218,
		0.268815,
		-0.918744,
		0,
		-0.406733,
		-0.83431,
		-0.372149,
		0,
		-0.866557,
		0.481316,
		-0.131962,
		0,
		-0.159027,
		-0.410353,
		-0.55149,
		1,
	},
	[0.716666666667] = {
		0.44774,
		0.263517,
		-0.854452,
		0,
		-0.379746,
		-0.80909,
		-0.448517,
		0,
		-0.80952,
		0.525293,
		-0.262192,
		0,
		-0.07563,
		-0.521735,
		-0.547125,
		1,
	},
	[0.733333333333] = {
		0.482742,
		0.255654,
		-0.837616,
		0,
		-0.381632,
		-0.799443,
		-0.463948,
		0,
		-0.788237,
		0.543628,
		-0.28836,
		0,
		-0.068387,
		-0.535713,
		-0.548173,
		1,
	},
	[0.75] = {
		0.5196,
		0.245628,
		-0.818342,
		0,
		-0.383855,
		-0.788576,
		-0.48042,
		0,
		-0.763329,
		0.56375,
		-0.315459,
		0,
		-0.062025,
		-0.548626,
		-0.549517,
		1,
	},
	[0.766666666667] = {
		0.557803,
		0.233348,
		-0.796495,
		0,
		-0.386042,
		-0.776593,
		-0.497871,
		0,
		-0.73473,
		0.585194,
		-0.343103,
		0,
		-0.056602,
		-0.560027,
		-0.551119,
		1,
	},
	[0.783333333333] = {
		0.596807,
		0.21876,
		-0.771988,
		0,
		-0.387834,
		-0.763615,
		-0.516214,
		0,
		-0.702429,
		0.607483,
		-0.370888,
		0,
		-0.052182,
		-0.569397,
		-0.552921,
		1,
	},
	[0.7] = {
		0.41506,
		0.269337,
		-0.869012,
		0,
		-0.378575,
		-0.817424,
		-0.434164,
		0,
		-0.827288,
		0.509191,
		-0.237316,
		0,
		-0.083731,
		-0.507029,
		-0.546387,
		1,
	},
	[0.816666666667] = {
		0.674929,
		0.182703,
		-0.714905,
		0,
		-0.38891,
		-0.735283,
		-0.555074,
		0,
		-0.627072,
		0.65267,
		-0.425209,
		0,
		-0.046522,
		-0.580067,
		-0.556919,
		1,
	},
	[0.833333333333] = {
		0.712893,
		0.161405,
		-0.682445,
		0,
		-0.387621,
		-0.720288,
		-0.575269,
		0,
		-0.584409,
		0.674636,
		-0.450925,
		0,
		-0.045265,
		-0.58064,
		-0.559054,
		1,
	},
	[0.85] = {
		0.749384,
		0.138147,
		-0.647563,
		0,
		-0.384807,
		-0.705014,
		-0.595717,
		0,
		-0.538838,
		0.695608,
		-0.475167,
		0,
		-0.044968,
		-0.577831,
		-0.561285,
		1,
	},
	[0.866666666667] = {
		0.783899,
		0.113178,
		-0.610486,
		0,
		-0.380308,
		-0.689685,
		-0.616199,
		0,
		-0.490783,
		0.71521,
		-0.497601,
		0,
		-0.045538,
		-0.571668,
		-0.56358,
		1,
	},
	[0.883333333333] = {
		0.815998,
		0.0868,
		-0.571501,
		0,
		-0.374025,
		-0.67453,
		-0.636487,
		0,
		-0.440742,
		0.733127,
		-0.517949,
		0,
		-0.044905,
		-0.553417,
		-0.553863,
		1,
	},
	[0.8] = {
		0.636043,
		0.201861,
		-0.744783,
		0,
		-0.388893,
		-0.749789,
		-0.535331,
		0,
		-0.666493,
		0.630134,
		-0.398396,
		0,
		-0.048817,
		-0.576222,
		-0.554869,
		1,
	},
	[0.916666666667] = {
		0.871606,
		0.03127,
		-0.489209,
		0,
		-0.356014,
		-0.64565,
		-0.675567,
		0,
		-0.336983,
		0.762993,
		-0.551619,
		0,
		-0.045053,
		-0.512571,
		-0.53379,
		1,
	},
	[0.933333333333] = {
		0.894685,
		0.002921,
		-0.446688,
		0,
		-0.34439,
		-0.632349,
		-0.693924,
		0,
		-0.28449,
		0.774678,
		-0.564747,
		0,
		-0.049366,
		-0.498826,
		-0.534412,
		1,
	},
	[0.95] = {
		0.914498,
		-0.025256,
		-0.403801,
		0,
		-0.331173,
		-0.620056,
		-0.711235,
		0,
		-0.232416,
		0.784151,
		-0.575404,
		0,
		-0.055627,
		-0.488037,
		-0.541001,
		1,
	},
	[0.966666666667] = {
		0.931083,
		-0.052841,
		-0.360959,
		0,
		-0.31653,
		-0.608924,
		-0.727338,
		0,
		-0.181363,
		0.791467,
		-0.583685,
		0,
		-0.061773,
		-0.476166,
		-0.547876,
		1,
	},
	[0.983333333333] = {
		0.94457,
		-0.079431,
		-0.318557,
		0,
		-0.300652,
		-0.599076,
		-0.742103,
		0,
		-0.131894,
		0.796743,
		-0.58975,
		0,
		-0.067012,
		-0.462426,
		-0.552862,
		1,
	},
	[0.9] = {
		0.845322,
		0.059368,
		-0.530949,
		0,
		-0.365919,
		-0.659778,
		-0.656351,
		0,
		-0.389274,
		0.749112,
		-0.536001,
		0,
		-0.044607,
		-0.533217,
		-0.543459,
		1,
	},
	[1.01666666667] = {
		0.963162,
		-0.128141,
		-0.236431,
		0,
		-0.265982,
		-0.583611,
		-0.767236,
		0,
		-0.03967,
		0.801859,
		-0.596195,
		0,
		-0.070081,
		-0.42535,
		-0.542682,
		1,
	},
	[1.03333333333] = {
		0.968865,
		-0.149612,
		-0.197272,
		0,
		-0.247578,
		-0.578186,
		-0.777436,
		0,
		0.002254,
		0.802071,
		-0.597225,
		0,
		-0.072225,
		-0.409991,
		-0.538757,
		1,
	},
	[1.05] = {
		0.972636,
		-0.168755,
		-0.159691,
		0,
		-0.228702,
		-0.574351,
		-0.786013,
		0,
		0.040925,
		0.801026,
		-0.597229,
		0,
		-0.074774,
		-0.397401,
		-0.535731,
		1,
	},
	[1.06666666667] = {
		0.974843,
		-0.185299,
		-0.123875,
		0,
		-0.209511,
		-0.572111,
		-0.792966,
		0,
		0.076066,
		0.79897,
		-0.59654,
		0,
		-0.0777,
		-0.388012,
		-0.533615,
		1,
	},
	[1.08333333333] = {
		0.975862,
		-0.198993,
		-0.089979,
		0,
		-0.190135,
		-0.571452,
		-0.798305,
		0,
		0.107438,
		0.796144,
		-0.595494,
		0,
		-0.080974,
		-0.38226,
		-0.532431,
		1,
	},
	{
		0.95517,
		-0.104643,
		-0.276946,
		0,
		-0.283737,
		-0.590603,
		-0.755434,
		0,
		-0.084514,
		0.800148,
		-0.593818,
		0,
		-0.068378,
		-0.443053,
		-0.547506,
		1,
	},
	[1.1] = {
		0.976058,
		-0.209598,
		-0.058133,
		0,
		-0.170675,
		-0.572352,
		-0.802049,
		0,
		0.134836,
		0.792768,
		-0.594422,
		0,
		-0.084567,
		-0.380581,
		-0.532203,
		1,
	},
}

return spline_matrices
