local spline_matrices = {
	[0] = {
		0.439554,
		-0.353267,
		0.82583,
		0,
		-0.836277,
		0.174551,
		0.519782,
		0,
		-0.327771,
		-0.919094,
		-0.218705,
		0,
		-0.287987,
		0.307807,
		-0.121455,
		1
	},
	{
		0.893537,
		-0.376764,
		0.244214,
		0,
		-0.203734,
		-0.824929,
		-0.527242,
		0,
		0.400105,
		0.421356,
		-0.813864,
		0,
		0.124836,
		-0.377938,
		-0.501005,
		1
	},
	[0.0166666666667] = {
		0.42809,
		-0.341184,
		0.836858,
		0,
		-0.856482,
		0.142344,
		0.496162,
		0,
		-0.288405,
		-0.929156,
		-0.231282,
		0,
		-0.300085,
		0.299492,
		-0.124026,
		1
	},
	[0.0333333333333] = {
		0.420091,
		-0.309254,
		0.853162,
		0,
		-0.879627,
		0.092381,
		0.466608,
		0,
		-0.223116,
		-0.946482,
		-0.23322,
		0,
		-0.308215,
		0.280487,
		-0.127871,
		1
	},
	[0.05] = {
		0.410182,
		-0.261343,
		0.873757,
		0,
		-0.901258,
		0.030482,
		0.432209,
		0,
		-0.139589,
		-0.964764,
		-0.223035,
		0,
		-0.310911,
		0.261428,
		-0.131635,
		1
	},
	[0.0666666666667] = {
		0.394023,
		-0.202494,
		0.896516,
		0,
		-0.917901,
		-0.036883,
		0.395091,
		0,
		-0.046937,
		-0.978589,
		-0.200402,
		0,
		-0.308953,
		0.246886,
		-0.133883,
		1
	},
	[0.0833333333333] = {
		0.369684,
		-0.139035,
		0.918696,
		0,
		-0.92809,
		-0.102638,
		0.357931,
		0,
		0.044528,
		-0.984954,
		-0.166981,
		0,
		-0.303719,
		0.235819,
		-0.134383,
		1
	},
	[0.116666666667] = {
		0.306022,
		-0.023917,
		0.951724,
		0,
		-0.933916,
		-0.201591,
		0.295231,
		0,
		0.184798,
		-0.979178,
		-0.084028,
		0,
		-0.289161,
		0.232505,
		-0.134037,
		1
	},
	[0.133333333333] = {
		0.280172,
		0.019294,
		0.959756,
		0,
		-0.934646,
		-0.222561,
		0.277316,
		0,
		0.218955,
		-0.974728,
		-0.044322,
		0,
		-0.280203,
		0.241667,
		-0.13361,
		1
	},
	[0.15] = {
		0.266087,
		0.046351,
		0.962834,
		0,
		-0.938174,
		-0.216984,
		0.269717,
		0,
		0.221421,
		-0.975074,
		-0.014251,
		0,
		-0.270554,
		0.256182,
		-0.131354,
		1
	},
	[0.166666666667] = {
		0.268383,
		0.050923,
		0.961965,
		0,
		-0.945034,
		-0.179691,
		0.273172,
		0,
		0.186767,
		-0.982404,
		-0.000102,
		0,
		-0.26102,
		0.275243,
		-0.127211,
		1
	},
	[0.183333333333] = {
		0.286844,
		0.027562,
		0.957581,
		0,
		-0.950795,
		-0.113983,
		0.288092,
		0,
		0.117088,
		-0.9931,
		-0.006489,
		0,
		-0.251621,
		0.296901,
		-0.121032,
		1
	},
	[0.1] = {
		0.338302,
		-0.077934,
		0.937805,
		0,
		-0.932762,
		-0.159644,
		0.323216,
		0,
		0.124525,
		-0.984094,
		-0.126702,
		0,
		-0.296927,
		0.23036,
		-0.134073,
		1
	},
	[0.216666666667] = {
		0.34184,
		-0.100309,
		0.934389,
		0,
		-0.934483,
		0.068916,
		0.349273,
		0,
		-0.099429,
		-0.992567,
		-0.070179,
		0,
		-0.23148,
		0.341825,
		-0.102995,
		1
	},
	[0.233333333333] = {
		0.359385,
		-0.198863,
		0.911755,
		0,
		-0.902131,
		0.175931,
		0.393964,
		0,
		-0.23875,
		-0.964107,
		-0.116173,
		0,
		-0.220324,
		0.364005,
		-0.091377,
		1
	},
	[0.25] = {
		0.35698,
		-0.311322,
		0.880707,
		0,
		-0.84876,
		0.285627,
		0.444998,
		0,
		-0.390091,
		-0.906364,
		-0.162275,
		0,
		-0.208016,
		0.384992,
		-0.078228,
		1
	},
	[0.266666666667] = {
		0.330816,
		-0.399942,
		0.854755,
		0,
		-0.77396,
		0.403258,
		0.488231,
		0,
		-0.539951,
		-0.823061,
		-0.176135,
		0,
		-0.192779,
		0.404109,
		-0.069505,
		1
	},
	[0.283333333333] = {
		0.290865,
		-0.451354,
		0.843609,
		0,
		-0.673264,
		0.529921,
		0.515655,
		0,
		-0.679789,
		-0.717958,
		-0.149745,
		0,
		-0.173294,
		0.423839,
		-0.067623,
		1
	},
	[0.2] = {
		0.314277,
		-0.023421,
		0.949043,
		0,
		-0.949106,
		-0.029543,
		0.313569,
		0,
		0.020693,
		-0.999289,
		-0.031514,
		0,
		-0.241824,
		0.31926,
		-0.112915,
		1
	},
	[0.316666666667] = {
		0.164545,
		-0.496499,
		0.852299,
		0,
		-0.402677,
		0.75498,
		0.517548,
		0,
		-0.900431,
		-0.428361,
		-0.075701,
		0,
		-0.117984,
		0.477036,
		-0.069898,
		1
	},
	[0.333333333333] = {
		0.098644,
		-0.468551,
		0.877912,
		0,
		-0.243591,
		0.844006,
		0.477826,
		0,
		-0.964849,
		-0.260986,
		-0.030879,
		0,
		-0.083972,
		0.512547,
		-0.074644,
		1
	},
	[0.35] = {
		0.023068,
		-0.439275,
		0.898056,
		0,
		-0.001794,
		0.898276,
		0.439428,
		0,
		-0.999732,
		-0.011748,
		0.019934,
		0,
		-0.047015,
		0.560779,
		-0.073085,
		1
	},
	[0.366666666667] = {
		-0.117091,
		-0.397307,
		0.910185,
		0,
		0.394162,
		0.822622,
		0.409791,
		0,
		-0.911552,
		0.406743,
		0.060282,
		0,
		0.006904,
		0.585067,
		-0.067517,
		1
	},
	[0.383333333333] = {
		-0.241004,
		-0.25545,
		0.936303,
		0,
		0.716323,
		0.604105,
		0.349198,
		0,
		-0.654828,
		0.754853,
		0.037393,
		0,
		0.066585,
		0.579379,
		-0.07481,
		1
	},
	[0.3] = {
		0.234427,
		-0.489623,
		0.83983,
		0,
		-0.541744,
		0.651526,
		0.531062,
		0,
		-0.807191,
		-0.579468,
		-0.112515,
		0,
		-0.148776,
		0.448105,
		-0.067212,
		1
	},
	[0.416666666667] = {
		-0.117026,
		-0.069547,
		0.990691,
		0,
		0.963062,
		-0.251546,
		0.096104,
		0,
		0.242521,
		0.965343,
		0.096415,
		0,
		0.279956,
		0.56441,
		-0.126434,
		1
	},
	[0.433333333333] = {
		0.092552,
		-0.134196,
		0.986623,
		0,
		0.865493,
		-0.479065,
		-0.146349,
		0,
		0.492296,
		0.867461,
		0.071808,
		0,
		0.433216,
		0.439002,
		-0.149621,
		1
	},
	[0.45] = {
		0.076075,
		-0.127992,
		0.988853,
		0,
		0.734711,
		-0.663272,
		-0.142373,
		0,
		0.674101,
		0.737352,
		0.043579,
		0,
		0.470107,
		0.358131,
		-0.149051,
		1
	},
	[0.466666666667] = {
		0.058003,
		-0.102142,
		0.993077,
		0,
		0.631104,
		-0.767013,
		-0.115752,
		0,
		0.773527,
		0.633449,
		0.019973,
		0,
		0.490675,
		0.282607,
		-0.141791,
		1
	},
	[0.483333333333] = {
		0.040168,
		-0.081403,
		0.995872,
		0,
		0.536798,
		-0.838873,
		-0.090221,
		0,
		0.842754,
		0.538206,
		0.010001,
		0,
		0.5103,
		0.216703,
		-0.136278,
		1
	},
	[0.4] = {
		-0.267894,
		-0.125562,
		0.955232,
		0,
		0.919138,
		0.263916,
		0.292462,
		0,
		-0.288823,
		0.956338,
		0.044707,
		0,
		0.138843,
		0.573922,
		-0.087751,
		1
	},
	[0.516666666667] = {
		-0.050323,
		-0.050428,
		0.997459,
		0,
		0.28194,
		-0.95882,
		-0.03425,
		0,
		0.958111,
		0.2795,
		0.062469,
		0,
		0.550144,
		0.074735,
		-0.174955,
		1
	},
	[0.533333333333] = {
		-0.147938,
		-0.003664,
		0.98899,
		0,
		0.140893,
		-0.989872,
		0.017409,
		0,
		0.978909,
		0.141917,
		0.146955,
		0,
		0.565279,
		-0.010406,
		-0.219644,
		1
	},
	[0.55] = {
		-0.248225,
		0.059713,
		0.96686,
		0,
		0.007001,
		-0.997962,
		0.063431,
		0,
		0.968677,
		0.022514,
		0.247301,
		0,
		0.575946,
		-0.093728,
		-0.270478,
		1
	},
	[0.566666666667] = {
		-0.324317,
		0.121099,
		0.938165,
		0,
		-0.104241,
		-0.990307,
		0.091794,
		0,
		0.940187,
		-0.068026,
		0.333797,
		0,
		0.581154,
		-0.164942,
		-0.319025,
		1
	},
	[0.583333333333] = {
		-0.357326,
		0.157338,
		0.920632,
		0,
		-0.176459,
		-0.979329,
		0.09888,
		0,
		0.917159,
		-0.127121,
		0.377703,
		0,
		0.58006,
		-0.21383,
		-0.356266,
		1
	},
	[0.5] = {
		0.013065,
		-0.071423,
		0.997361,
		0,
		0.421067,
		-0.904303,
		-0.070275,
		0,
		0.906936,
		0.420873,
		0.018259,
		0,
		0.532592,
		0.152425,
		-0.144405,
		1
	},
	[0.616666666667] = {
		-0.355721,
		0.175848,
		0.9179,
		0,
		-0.253289,
		-0.963522,
		0.086429,
		0,
		0.899615,
		-0.201749,
		0.387285,
		0,
		0.566043,
		-0.273696,
		-0.410365,
		1
	},
	[0.633333333333] = {
		-0.345214,
		0.175182,
		0.92203,
		0,
		-0.278702,
		-0.957243,
		0.077524,
		0,
		0.896188,
		-0.230209,
		0.379277,
		0,
		0.555552,
		-0.297502,
		-0.435179,
		1
	},
	[0.65] = {
		-0.328843,
		0.1681,
		0.929303,
		0,
		-0.296599,
		-0.952623,
		0.067364,
		0,
		0.8966,
		-0.253478,
		0.363121,
		0,
		0.542802,
		-0.317632,
		-0.458314,
		1
	},
	[0.666666666667] = {
		-0.306725,
		0.154804,
		0.939125,
		0,
		-0.307747,
		-0.949816,
		0.056054,
		0,
		0.900673,
		-0.27182,
		0.338973,
		0,
		0.527847,
		-0.334373,
		-0.479632,
		1
	},
	[0.683333333333] = {
		-0.2788,
		0.135536,
		0.950737,
		0,
		-0.312869,
		-0.948799,
		0.043512,
		0,
		0.907956,
		-0.285326,
		0.30693,
		0,
		0.510764,
		-0.348006,
		-0.498995,
		1
	},
	[0.6] = {
		-0.359987,
		0.169932,
		0.917351,
		0,
		-0.219506,
		-0.971096,
		0.093749,
		0,
		0.906767,
		-0.167615,
		0.386883,
		0,
		0.574229,
		-0.245914,
		-0.384012,
		1
	},
	[0.716666666667] = {
		-0.204688,
		0.080368,
		0.975522,
		0,
		-0.307744,
		-0.951369,
		0.013806,
		0,
		0.929191,
		-0.297386,
		0.219467,
		0,
		0.466167,
		-0.364283,
		-0.527914,
		1
	},
	[0.733333333333] = {
		-0.15797,
		0.045313,
		0.986404,
		0,
		-0.298764,
		-0.954319,
		-0.004007,
		0,
		0.941162,
		-0.295335,
		0.164292,
		0,
		0.441843,
		-0.36894,
		-0.539025,
		1
	},
	[0.75] = {
		-0.104549,
		0.006036,
		0.994501,
		0,
		-0.286385,
		-0.957807,
		-0.024294,
		0,
		0.952393,
		-0.28735,
		0.101866,
		0,
		0.417181,
		-0.372307,
		-0.548446,
		1
	},
	[0.766666666667] = {
		-0.044415,
		-0.036669,
		0.99834,
		0,
		-0.271335,
		-0.961318,
		-0.047381,
		0,
		0.96146,
		-0.272989,
		0.032748,
		0,
		0.392249,
		-0.374735,
		-0.556086,
		1
	},
	[0.783333333333] = {
		0.02219,
		-0.081833,
		0.996399,
		0,
		-0.254421,
		-0.964294,
		-0.07353,
		0,
		0.966839,
		-0.251873,
		-0.042218,
		0,
		0.367198,
		-0.376559,
		-0.561896,
		1
	},
	[0.7] = {
		-0.244876,
		0.110598,
		0.963226,
		0,
		-0.312652,
		-0.949409,
		0.029528,
		0,
		0.917761,
		-0.293924,
		0.267066,
		0,
		0.490164,
		-0.357971,
		-0.515218,
		1
	},
	[0.816666666667] = {
		0.172195,
		-0.174737,
		0.969441,
		0,
		-0.218604,
		-0.96638,
		-0.135356,
		0,
		0.960501,
		-0.188616,
		-0.204604,
		0,
		0.317688,
		-0.379642,
		-0.568148,
		1
	},
	[0.833333333333] = {
		0.253348,
		-0.219733,
		0.942089,
		0,
		-0.201625,
		-0.964468,
		-0.170731,
		0,
		0.94613,
		-0.146694,
		-0.28865,
		0,
		0.293016,
		-0.38055,
		-0.567838,
		1
	},
	[0.85] = {
		0.336506,
		-0.261843,
		0.904545,
		0,
		-0.186543,
		-0.960064,
		-0.208518,
		0,
		0.92302,
		-0.098569,
		-0.371912,
		0,
		0.267698,
		-0.379818,
		-0.563804,
		1
	},
	[0.866666666667] = {
		0.419757,
		-0.299761,
		0.856707,
		0,
		-0.174214,
		-0.952947,
		-0.248076,
		0,
		0.89076,
		-0.045119,
		-0.452229,
		0,
		0.243644,
		-0.379138,
		-0.558142,
		1
	},
	[0.883333333333] = {
		0.501072,
		-0.332377,
		0.799032,
		0,
		-0.165338,
		-0.943064,
		-0.288608,
		0,
		0.849465,
		0.012503,
		-0.527498,
		0,
		0.2212,
		-0.378601,
		-0.551264,
		1
	},
	[0.8] = {
		0.094704,
		-0.128296,
		0.987204,
		0,
		-0.236528,
		-0.966164,
		-0.102871,
		0,
		0.966998,
		-0.223759,
		-0.121845,
		0,
		0.342251,
		-0.378099,
		-0.565888,
		1
	},
	[0.916666666667] = {
		0.650504,
		-0.378134,
		0.65868,
		0,
		-0.158903,
		-0.915817,
		-0.36882,
		0,
		0.742694,
		0.135253,
		-0.65583,
		0,
		0.182438,
		-0.377978,
		-0.535553,
		1
	},
	[0.933333333333] = {
		0.715549,
		-0.390419,
		0.579278,
		0,
		-0.161427,
		-0.899211,
		-0.406645,
		0,
		0.679655,
		0.197464,
		-0.706453,
		0,
		0.16646,
		-0.377861,
		-0.527524,
		1
	},
	[0.95] = {
		0.772701,
		-0.395778,
		0.496279,
		0,
		-0.167579,
		-0.881277,
		-0.441891,
		0,
		0.61225,
		0.258284,
		-0.747288,
		0,
		0.152785,
		-0.377834,
		-0.519839,
		1
	},
	[0.966666666667] = {
		0.821431,
		-0.39474,
		0.41162,
		0,
		-0.176999,
		-0.862566,
		-0.473975,
		0,
		0.542146,
		0.316482,
		-0.778407,
		0,
		0.141357,
		-0.377856,
		-0.512751,
		1
	},
	[0.983333333333] = {
		0.861621,
		-0.388104,
		0.327085,
		0,
		-0.189239,
		-0.843616,
		-0.502495,
		0,
		0.470954,
		0.371063,
		-0.800321,
		0,
		0.132079,
		-0.377891,
		-0.506439,
		1
	},
	[0.9] = {
		0.578547,
		-0.358718,
		0.732533,
		0,
		-0.160204,
		-0.930581,
		-0.329172,
		0,
		0.799761,
		0.073087,
		-0.595853,
		0,
		0.200714,
		-0.378222,
		-0.543594,
		1
	},
	[1.01666666667] = {
		0.917717,
		-0.361692,
		0.16424,
		0,
		-0.219928,
		-0.806936,
		-0.548167,
		0,
		0.330799,
		0.466941,
		-0.820084,
		0,
		0.119513,
		-0.378026,
		-0.496487,
		1
	},
	[1.03333333333] = {
		0.934883,
		-0.343856,
		0.088079,
		0,
		-0.237297,
		-0.789983,
		-0.565347,
		0,
		0.263979,
		0.507633,
		-0.820137,
		0,
		0.11601,
		-0.378218,
		-0.492875,
		1
	},
	[1.05] = {
		0.945861,
		-0.324161,
		0.016342,
		0,
		-0.255375,
		-0.774339,
		-0.57895,
		0,
		0.200327,
		0.543433,
		-0.815199,
		0,
		0.114249,
		-0.378614,
		-0.49012,
		1
	},
	[1.06666666667] = {
		0.951508,
		-0.303431,
		-0.050623,
		0,
		-0.27377,
		-0.760199,
		-0.589191,
		0,
		0.140295,
		0.574479,
		-0.806406,
		0,
		0.114183,
		-0.379345,
		-0.488151,
		1
	},
	[1.08333333333] = {
		0.952658,
		-0.28239,
		-0.112686,
		0,
		-0.292171,
		-0.747701,
		-0.596305,
		0,
		0.084135,
		0.600998,
		-0.79481,
		0,
		0.11579,
		-0.380567,
		-0.486883,
		1
	},
	[1.11666666667] = {
		0.944486,
		-0.241798,
		-0.22244,
		0,
		-0.328143,
		-0.727945,
		-0.602012,
		0,
		-0.016359,
		0.641584,
		-0.766878,
		0,
		0.124085,
		-0.385199,
		-0.486113,
		1
	},
	[1.1] = {
		0.950096,
		-0.261637,
		-0.169895,
		0,
		-0.310322,
		-0.736932,
		-0.600526,
		0,
		0.031918,
		0.62328,
		-0.781347,
		0,
		0.119084,
		-0.38246,
		-0.486232,
		1
	}
}

return spline_matrices
