local spline_matrices = {
	[0] = {
		0.973459,
		0.120906,
		-0.194317,
		0,
		0.216165,
		-0.206874,
		0.954189,
		0,
		0.075168,
		-0.970868,
		-0.227519,
		0,
		0.323518,
		0.316505,
		0.056974,
		1
	},
	{
		0.95517,
		-0.104643,
		-0.276946,
		0,
		-0.283737,
		-0.590603,
		-0.755434,
		0,
		-0.084514,
		0.800148,
		-0.593818,
		0,
		-0.068378,
		-0.443053,
		-0.547506,
		1
	},
	[0.0166666666667] = {
		0.946699,
		0.123438,
		-0.297531,
		0,
		0.31783,
		-0.207708,
		0.925117,
		0,
		0.052395,
		-0.970371,
		-0.235869,
		0,
		0.335351,
		0.313922,
		0.058843,
		1
	},
	[0.0333333333333] = {
		0.907699,
		0.122293,
		-0.401407,
		0,
		0.418719,
		-0.201218,
		0.885543,
		0,
		0.027525,
		-0.971882,
		-0.233852,
		0,
		0.345975,
		0.306285,
		0.056375,
		1
	},
	[0.05] = {
		0.857536,
		0.116904,
		-0.500965,
		0,
		0.514417,
		-0.189428,
		0.836357,
		0,
		0.002877,
		-0.974911,
		-0.222578,
		0,
		0.355261,
		0.295994,
		0.050084,
		1
	},
	[0.0666666666667] = {
		0.799283,
		0.107655,
		-0.591234,
		0,
		0.600662,
		-0.173858,
		0.780371,
		0,
		-0.01878,
		-0.978869,
		-0.203626,
		0,
		0.362911,
		0.285441,
		0.040681,
		1
	},
	[0.0833333333333] = {
		0.737824,
		0.096045,
		-0.668125,
		0,
		0.674124,
		-0.155074,
		0.722156,
		0,
		-0.034249,
		-0.983223,
		-0.179164,
		0,
		0.368511,
		0.277059,
		0.029115,
		1
	},
	[0.116666666667] = {
		0.630604,
		0.07388,
		-0.77258,
		0,
		0.775427,
		-0.101561,
		0.623216,
		0,
		-0.032421,
		-0.992082,
		-0.121333,
		0,
		0.372145,
		0.276427,
		0.007394,
		1
	},
	[0.133333333333] = {
		0.599816,
		0.064022,
		-0.797572,
		0,
		0.800101,
		-0.057609,
		0.597093,
		0,
		-0.00772,
		-0.996284,
		-0.085779,
		0,
		0.37009,
		0.287981,
		0.005963,
		1
	},
	[0.15] = {
		0.590981,
		0.062112,
		-0.804291,
		0,
		0.805725,
		0.003194,
		0.592281,
		0,
		0.039356,
		-0.998064,
		-0.048158,
		0,
		0.364084,
		0.307685,
		0.009937,
		1
	},
	[0.166666666667] = {
		0.59937,
		0.072449,
		-0.797187,
		0,
		0.793146,
		0.080681,
		0.603664,
		0,
		0.108052,
		-0.994104,
		-0.009105,
		0,
		0.353532,
		0.332562,
		0.014908,
		1
	},
	[0.183333333333] = {
		0.617402,
		0.093723,
		-0.781045,
		0,
		0.762819,
		0.171193,
		0.623538,
		0,
		0.192149,
		-0.98077,
		0.034201,
		0,
		0.339299,
		0.360466,
		0.01857,
		1
	},
	[0.1] = {
		0.679168,
		0.084583,
		-0.729093,
		0,
		0.732889,
		-0.132368,
		0.667347,
		0,
		-0.040062,
		-0.987585,
		-0.151891,
		0,
		0.371617,
		0.273358,
		0.016539,
		1
	},
	[0.216666666667] = {
		0.666899,
		0.168562,
		-0.725832,
		0,
		0.633868,
		0.383757,
		0.671522,
		0,
		0.391737,
		-0.907919,
		0.149081,
		0,
		0.294631,
		0.422031,
		0.019681,
		1
	},
	[0.233333333333] = {
		0.687185,
		0.214592,
		-0.694066,
		0,
		0.536886,
		0.493612,
		0.684179,
		0,
		0.489419,
		-0.842791,
		0.223991,
		0,
		0.266305,
		0.452066,
		0.013616,
		1
	},
	[0.25] = {
		0.70669,
		0.24754,
		-0.662807,
		0,
		0.437369,
		0.583524,
		0.684257,
		0,
		0.556145,
		-0.773449,
		0.304105,
		0,
		0.23808,
		0.477945,
		0.008979,
		1
	},
	[0.266666666667] = {
		0.72994,
		0.259367,
		-0.632389,
		0,
		0.348086,
		0.655186,
		0.670498,
		0,
		0.588238,
		-0.709549,
		0.387965,
		0,
		0.208938,
		0.500942,
		0.009622,
		1
	},
	[0.283333333333] = {
		0.751476,
		0.251289,
		-0.610031,
		0,
		0.272963,
		0.72336,
		0.634225,
		0,
		0.600646,
		-0.643121,
		0.474995,
		0,
		0.178415,
		0.522938,
		0.007772,
		1
	},
	[0.2] = {
		0.638131,
		0.123348,
		-0.759983,
		0,
		0.715482,
		0.269592,
		0.64452,
		0,
		0.284386,
		-0.955042,
		0.083782,
		0,
		0.322452,
		0.389302,
		0.018757,
		1
	},
	[0.316666666667] = {
		0.77145,
		0.206138,
		-0.601973,
		0,
		0.096312,
		0.897337,
		0.430709,
		0,
		0.628958,
		-0.390248,
		0.672397,
		0,
		0.10871,
		0.568963,
		-0.042126,
		1
	},
	[0.333333333333] = {
		0.76728,
		0.194302,
		-0.61117,
		0,
		-0.061635,
		0.970929,
		0.231297,
		0,
		0.638344,
		-0.1398,
		0.75695,
		0,
		0.071333,
		0.591464,
		-0.110961,
		1
	},
	[0.35] = {
		0.756053,
		0.198956,
		-0.623538,
		0,
		-0.255115,
		0.96691,
		-0.000814,
		0,
		0.602744,
		0.159689,
		0.781792,
		0,
		0.018452,
		0.612317,
		-0.193325,
		1
	},
	[0.366666666667] = {
		0.728176,
		0.21429,
		-0.65103,
		0,
		-0.426599,
		0.885151,
		-0.185798,
		0,
		0.536445,
		0.413023,
		0.735961,
		0,
		-0.08243,
		0.634949,
		-0.255068,
		1
	},
	[0.383333333333] = {
		0.663797,
		0.21359,
		-0.716766,
		0,
		-0.534199,
		0.80614,
		-0.254499,
		0,
		0.523456,
		0.551831,
		0.649213,
		0,
		-0.249809,
		0.606585,
		-0.314096,
		1
	},
	[0.3] = {
		0.766527,
		0.229282,
		-0.599889,
		0,
		0.197163,
		0.80497,
		0.559597,
		0,
		0.611198,
		-0.547222,
		0.571825,
		0,
		0.145144,
		0.545526,
		-0.006689,
		1
	},
	[0.416666666667] = {
		0.595852,
		0.168129,
		-0.785298,
		0,
		-0.785452,
		0.325839,
		-0.526207,
		0,
		0.167411,
		0.930356,
		0.326209,
		0,
		-0.424813,
		0.438181,
		-0.404545,
		1
	},
	[0.433333333333] = {
		0.602149,
		0.129692,
		-0.78778,
		0,
		-0.767972,
		-0.175656,
		-0.615926,
		0,
		-0.218258,
		0.975871,
		-0.006171,
		0,
		-0.405533,
		0.327821,
		-0.409248,
		1
	},
	[0.45] = {
		0.507523,
		0.0527,
		-0.860025,
		0,
		-0.685369,
		-0.580225,
		-0.440009,
		0,
		-0.522196,
		0.812749,
		-0.258359,
		0,
		-0.395781,
		0.212504,
		-0.423189,
		1
	},
	[0.466666666667] = {
		0.428176,
		0.104067,
		-0.897683,
		0,
		-0.641664,
		-0.664462,
		-0.38309,
		0,
		-0.636343,
		0.740041,
		-0.21773,
		0,
		-0.393029,
		0.051134,
		-0.481594,
		1
	},
	[0.483333333333] = {
		0.366163,
		0.172133,
		-0.914492,
		0,
		-0.579147,
		-0.727061,
		-0.368743,
		0,
		-0.728364,
		0.664645,
		-0.166532,
		0,
		-0.369928,
		-0.108845,
		-0.52242,
		1
	},
	[0.4] = {
		0.593702,
		0.184521,
		-0.783243,
		0,
		-0.655639,
		0.675249,
		-0.337898,
		0,
		0.466536,
		0.714136,
		0.521876,
		0,
		-0.388803,
		0.533104,
		-0.372468,
		1
	},
	[0.516666666667] = {
		0.310973,
		0.230319,
		-0.922089,
		0,
		-0.506073,
		-0.781089,
		-0.365773,
		0,
		-0.804479,
		0.58039,
		-0.126339,
		0,
		-0.289909,
		-0.259339,
		-0.544426,
		1
	},
	[0.533333333333] = {
		0.296596,
		0.243036,
		-0.923561,
		0,
		-0.479209,
		-0.798637,
		-0.364057,
		0,
		-0.826069,
		0.550556,
		-0.120407,
		0,
		-0.255756,
		-0.30302,
		-0.549775,
		1
	},
	[0.55] = {
		0.287149,
		0.252498,
		-0.924008,
		0,
		-0.455953,
		-0.812312,
		-0.36367,
		0,
		-0.842409,
		0.525731,
		-0.118128,
		0,
		-0.225912,
		-0.337814,
		-0.5522,
		1
	},
	[0.566666666667] = {
		0.282758,
		0.259497,
		-0.923423,
		0,
		-0.436247,
		-0.822588,
		-0.364742,
		0,
		-0.854246,
		0.505974,
		-0.119388,
		0,
		-0.200193,
		-0.366104,
		-0.552834,
		1
	},
	[0.583333333333] = {
		0.283444,
		0.264734,
		-0.921724,
		0,
		-0.419931,
		-0.829831,
		-0.367475,
		0,
		-0.862159,
		0.491219,
		-0.124041,
		0,
		-0.178081,
		-0.389779,
		-0.552403,
		1
	},
	[0.5] = {
		0.329257,
		0.214838,
		-0.919475,
		0,
		-0.533234,
		-0.76133,
		-0.368834,
		0,
		-0.779263,
		0.611737,
		-0.136114,
		0,
		-0.328462,
		-0.205769,
		-0.536445,
		1
	},
	[0.616666666667] = {
		0.300044,
		0.272261,
		-0.914247,
		0,
		-0.396294,
		-0.836211,
		-0.37908,
		0,
		-0.867712,
		0.476051,
		-0.143005,
		0,
		-0.1425,
		-0.428957,
		-0.550489,
		1
	},
	[0.633333333333] = {
		0.315491,
		0.274807,
		-0.908266,
		0,
		-0.388443,
		-0.835881,
		-0.387834,
		0,
		-0.865781,
		0.475168,
		-0.156966,
		0,
		-0.127852,
		-0.445923,
		-0.549196,
		1
	},
	[0.65] = {
		0.335016,
		0.27587,
		-0.900922,
		0,
		-0.383079,
		-0.833699,
		-0.397738,
		0,
		-0.860822,
		0.478373,
		-0.173622,
		0,
		-0.114741,
		-0.461655,
		-0.547721,
		1
	},
	[0.666666666667] = {
		0.358334,
		0.275384,
		-0.892054,
		0,
		-0.379878,
		-0.829821,
		-0.408767,
		0,
		-0.852813,
		0.485347,
		-0.19274,
		0,
		-0.103023,
		-0.476744,
		-0.546461,
		1
	},
	[0.683333333333] = {
		0.38513,
		0.273248,
		-0.881482,
		0,
		-0.378496,
		-0.824363,
		-0.420911,
		0,
		-0.841674,
		0.495743,
		-0.214064,
		0,
		-0.092714,
		-0.4918,
		-0.545951,
		1
	},
	[0.6] = {
		0.289218,
		0.268815,
		-0.918744,
		0,
		-0.406733,
		-0.83431,
		-0.372149,
		0,
		-0.866557,
		0.481316,
		-0.131962,
		0,
		-0.159027,
		-0.410353,
		-0.55149,
		1
	},
	[0.716666666667] = {
		0.44774,
		0.263517,
		-0.854452,
		0,
		-0.379746,
		-0.80909,
		-0.448517,
		0,
		-0.80952,
		0.525293,
		-0.262192,
		0,
		-0.07563,
		-0.521735,
		-0.547125,
		1
	},
	[0.733333333333] = {
		0.482742,
		0.255654,
		-0.837616,
		0,
		-0.381632,
		-0.799443,
		-0.463948,
		0,
		-0.788237,
		0.543628,
		-0.28836,
		0,
		-0.068387,
		-0.535713,
		-0.548173,
		1
	},
	[0.75] = {
		0.5196,
		0.245628,
		-0.818342,
		0,
		-0.383855,
		-0.788576,
		-0.48042,
		0,
		-0.763329,
		0.56375,
		-0.315459,
		0,
		-0.062025,
		-0.548626,
		-0.549517,
		1
	},
	[0.766666666667] = {
		0.557803,
		0.233348,
		-0.796495,
		0,
		-0.386042,
		-0.776593,
		-0.497871,
		0,
		-0.73473,
		0.585194,
		-0.343103,
		0,
		-0.056602,
		-0.560027,
		-0.551119,
		1
	},
	[0.783333333333] = {
		0.596807,
		0.21876,
		-0.771988,
		0,
		-0.387834,
		-0.763615,
		-0.516214,
		0,
		-0.702429,
		0.607483,
		-0.370888,
		0,
		-0.052182,
		-0.569397,
		-0.552921,
		1
	},
	[0.7] = {
		0.41506,
		0.269337,
		-0.869012,
		0,
		-0.378575,
		-0.817424,
		-0.434164,
		0,
		-0.827288,
		0.509191,
		-0.237316,
		0,
		-0.083731,
		-0.507029,
		-0.546387,
		1
	},
	[0.816666666667] = {
		0.674929,
		0.182703,
		-0.714905,
		0,
		-0.38891,
		-0.735283,
		-0.555074,
		0,
		-0.627072,
		0.65267,
		-0.425209,
		0,
		-0.046522,
		-0.580067,
		-0.556919,
		1
	},
	[0.833333333333] = {
		0.712893,
		0.161405,
		-0.682445,
		0,
		-0.387621,
		-0.720288,
		-0.575269,
		0,
		-0.584409,
		0.674636,
		-0.450925,
		0,
		-0.045265,
		-0.58064,
		-0.559054,
		1
	},
	[0.85] = {
		0.749384,
		0.138147,
		-0.647563,
		0,
		-0.384807,
		-0.705014,
		-0.595717,
		0,
		-0.538838,
		0.695608,
		-0.475167,
		0,
		-0.044968,
		-0.577831,
		-0.561285,
		1
	},
	[0.866666666667] = {
		0.783899,
		0.113178,
		-0.610486,
		0,
		-0.380308,
		-0.689685,
		-0.616199,
		0,
		-0.490783,
		0.71521,
		-0.497601,
		0,
		-0.045538,
		-0.571668,
		-0.56358,
		1
	},
	[0.883333333333] = {
		0.815998,
		0.0868,
		-0.571501,
		0,
		-0.374025,
		-0.67453,
		-0.636487,
		0,
		-0.440742,
		0.733127,
		-0.517949,
		0,
		-0.044905,
		-0.553417,
		-0.553863,
		1
	},
	[0.8] = {
		0.636043,
		0.201861,
		-0.744783,
		0,
		-0.388893,
		-0.749789,
		-0.535331,
		0,
		-0.666493,
		0.630134,
		-0.398396,
		0,
		-0.048817,
		-0.576222,
		-0.554869,
		1
	},
	[0.916666666667] = {
		0.871606,
		0.03127,
		-0.489209,
		0,
		-0.356014,
		-0.64565,
		-0.675567,
		0,
		-0.336983,
		0.762993,
		-0.551619,
		0,
		-0.045053,
		-0.512571,
		-0.53379,
		1
	},
	[0.933333333333] = {
		0.894685,
		0.002921,
		-0.446688,
		0,
		-0.34439,
		-0.632349,
		-0.693924,
		0,
		-0.28449,
		0.774678,
		-0.564747,
		0,
		-0.049366,
		-0.498826,
		-0.534412,
		1
	},
	[0.95] = {
		0.914498,
		-0.025256,
		-0.403801,
		0,
		-0.331173,
		-0.620056,
		-0.711235,
		0,
		-0.232416,
		0.784151,
		-0.575404,
		0,
		-0.055627,
		-0.488037,
		-0.541001,
		1
	},
	[0.966666666667] = {
		0.931083,
		-0.052841,
		-0.360959,
		0,
		-0.31653,
		-0.608924,
		-0.727338,
		0,
		-0.181363,
		0.791467,
		-0.583685,
		0,
		-0.061773,
		-0.476166,
		-0.547876,
		1
	},
	[0.983333333333] = {
		0.94457,
		-0.079431,
		-0.318557,
		0,
		-0.300652,
		-0.599076,
		-0.742103,
		0,
		-0.131894,
		0.796743,
		-0.58975,
		0,
		-0.067012,
		-0.462426,
		-0.552862,
		1
	},
	[0.9] = {
		0.845322,
		0.059368,
		-0.530949,
		0,
		-0.365919,
		-0.659778,
		-0.656351,
		0,
		-0.389274,
		0.749112,
		-0.536001,
		0,
		-0.044607,
		-0.533217,
		-0.543459,
		1
	},
	[1.01666666667] = {
		0.963162,
		-0.128141,
		-0.236431,
		0,
		-0.265982,
		-0.583611,
		-0.767236,
		0,
		-0.03967,
		0.801859,
		-0.596195,
		0,
		-0.070081,
		-0.42535,
		-0.542682,
		1
	},
	[1.03333333333] = {
		0.968865,
		-0.149612,
		-0.197272,
		0,
		-0.247578,
		-0.578186,
		-0.777436,
		0,
		0.002254,
		0.802071,
		-0.597225,
		0,
		-0.072225,
		-0.409991,
		-0.538757,
		1
	},
	[1.05] = {
		0.972636,
		-0.168755,
		-0.159691,
		0,
		-0.228702,
		-0.574351,
		-0.786013,
		0,
		0.040925,
		0.801026,
		-0.597229,
		0,
		-0.074774,
		-0.397401,
		-0.535731,
		1
	},
	[1.06666666667] = {
		0.974843,
		-0.185299,
		-0.123875,
		0,
		-0.209511,
		-0.572111,
		-0.792966,
		0,
		0.076066,
		0.79897,
		-0.59654,
		0,
		-0.0777,
		-0.388012,
		-0.533615,
		1
	},
	[1.08333333333] = {
		0.975862,
		-0.198993,
		-0.089979,
		0,
		-0.190135,
		-0.571452,
		-0.798305,
		0,
		0.107438,
		0.796144,
		-0.595494,
		0,
		-0.080974,
		-0.38226,
		-0.532431,
		1
	},
	[1.1] = {
		0.976058,
		-0.209598,
		-0.058133,
		0,
		-0.170675,
		-0.572352,
		-0.802049,
		0,
		0.134836,
		0.792768,
		-0.594422,
		0,
		-0.084567,
		-0.380581,
		-0.532203,
		1
	}
}

return spline_matrices
