local spline_matrices = {
	[0] = {
		0.080006,
		-0.089039,
		-0.99281,
		0,
		0.636972,
		0.770682,
		-0.017788,
		0,
		0.766724,
		-0.630969,
		0.118374,
		0,
		0.164487,
		0.198606,
		-0.469608,
		1
	},
	{
		0.997333,
		-0.053858,
		-0.049247,
		0,
		-0.072979,
		-0.735558,
		-0.67352,
		0,
		5e-05,
		0.675318,
		-0.737527,
		0,
		-0.002785,
		-0.39362,
		-0.448199,
		1
	},
	[0.0166666666667] = {
		0.253369,
		-0.011066,
		-0.967306,
		0,
		0.680429,
		0.712806,
		0.170072,
		0,
		0.68762,
		-0.701274,
		0.188133,
		0,
		0.176607,
		0.214088,
		-0.470796,
		1
	},
	[0.0333333333333] = {
		0.449942,
		0.059975,
		-0.891042,
		0,
		0.680799,
		0.6227,
		0.38569,
		0,
		0.577983,
		-0.780159,
		0.239348,
		0,
		0.192068,
		0.237221,
		-0.458704,
		1
	},
	[0.05] = {
		0.64969,
		0.108662,
		-0.752393,
		0,
		0.61978,
		0.4974,
		0.607014,
		0,
		0.440199,
		-0.860689,
		0.255809,
		0,
		0.209969,
		0.264621,
		-0.433878,
		1
	},
	[0.0666666666667] = {
		0.82146,
		0.119774,
		-0.557546,
		0,
		0.491713,
		0.346416,
		0.798883,
		0,
		0.288828,
		-0.930403,
		0.225672,
		0,
		0.228169,
		0.292304,
		-0.397577,
		1
	},
	[0.0833333333333] = {
		0.937119,
		0.089147,
		-0.337434,
		0,
		0.316195,
		0.19243,
		0.928973,
		0,
		0.147747,
		-0.977253,
		0.152142,
		0,
		0.243689,
		0.316582,
		-0.353202,
		1
	},
	[0.116666666667] = {
		0.999273,
		-0.035719,
		0.013348,
		0,
		-0.014566,
		-0.034077,
		0.999313,
		0,
		-0.03524,
		-0.998781,
		-0.034572,
		0,
		0.260769,
		0.346692,
		-0.262809,
		1
	},
	[0.133333333333] = {
		0.991957,
		-0.085138,
		0.093658,
		0,
		-0.101215,
		-0.089262,
		0.990852,
		0,
		-0.075999,
		-0.992363,
		-0.097161,
		0,
		0.264238,
		0.350949,
		-0.227842,
		1
	},
	[0.15] = {
		0.996618,
		-0.017024,
		0.080385,
		0,
		-0.079971,
		0.023722,
		0.996515,
		0,
		-0.018871,
		-0.999574,
		0.02228,
		0,
		0.280864,
		0.389543,
		-0.17833,
		1
	},
	[0.166666666667] = {
		0.998588,
		0.012074,
		0.051737,
		0,
		-0.052543,
		0.080451,
		0.995373,
		0,
		0.007856,
		-0.996685,
		0.080972,
		0,
		0.299199,
		0.412831,
		-0.133053,
		1
	},
	[0.183333333333] = {
		0.999823,
		0.001657,
		0.018737,
		0,
		-0.018808,
		0.072957,
		0.997158,
		0,
		0.000286,
		-0.997334,
		0.072975,
		0,
		0.31807,
		0.419918,
		-0.09699,
		1
	},
	[0.1] = {
		0.990309,
		0.029611,
		-0.135686,
		0,
		0.133715,
		0.06065,
		0.989162,
		0,
		0.037519,
		-0.99772,
		0.056103,
		0,
		0.254509,
		0.33506,
		-0.306276,
		1
	},
	[0.216666666667] = {
		0.995247,
		-0.007607,
		-0.097086,
		0,
		0.097326,
		0.04344,
		0.994304,
		0,
		-0.003346,
		-0.999027,
		0.043974,
		0,
		0.337299,
		0.433467,
		-0.042445,
		1
	},
	[0.233333333333] = {
		0.982513,
		0.013179,
		-0.185729,
		0,
		0.18414,
		0.079061,
		0.979715,
		0,
		0.027595,
		-0.996783,
		0.075252,
		0,
		0.334076,
		0.452613,
		-0.022653,
		1
	},
	[0.25] = {
		0.958111,
		0.040087,
		-0.283578,
		0,
		0.274741,
		0.150969,
		0.949593,
		0,
		0.080877,
		-0.987725,
		0.133631,
		0,
		0.321919,
		0.477395,
		-0.010741,
		1
	},
	[0.266666666667] = {
		0.921321,
		0.067481,
		-0.382903,
		0,
		0.354528,
		0.258498,
		0.898604,
		0,
		0.159618,
		-0.963652,
		0.214236,
		0,
		0.299163,
		0.505995,
		-0.008248,
		1
	},
	[0.283333333333] = {
		0.874364,
		0.091384,
		-0.476589,
		0,
		0.406195,
		0.399514,
		0.821824,
		0,
		0.265506,
		-0.912161,
		0.312201,
		0,
		0.264149,
		0.535619,
		-0.016625,
		1
	},
	[0.2] = {
		0.99957,
		-0.013698,
		-0.025933,
		0,
		0.026488,
		0.041966,
		0.998768,
		0,
		-0.012593,
		-0.999025,
		0.042311,
		0,
		0.331957,
		0.422087,
		-0.067774,
		1
	},
	[0.316666666667] = {
		0.769195,
		0.126478,
		-0.626372,
		0,
		0.332844,
		0.757448,
		0.561682,
		0,
		0.545486,
		-0.640527,
		0.540528,
		0,
		0.152742,
		0.577376,
		-0.071909,
		1
	},
	[0.333333333333] = {
		0.719692,
		0.143409,
		-0.679322,
		0,
		0.141699,
		0.927502,
		0.345922,
		0,
		0.67968,
		-0.345216,
		0.647194,
		0,
		0.079864,
		0.569937,
		-0.119327,
		1
	},
	[0.35] = {
		0.647863,
		0.147484,
		-0.747343,
		0,
		-0.343083,
		0.932434,
		-0.113404,
		0,
		0.680123,
		0.329871,
		0.654689,
		0,
		-0.027595,
		0.498602,
		-0.170633,
		1
	},
	[0.366666666667] = {
		0.630699,
		0.079664,
		-0.771928,
		0,
		-0.722361,
		0.423753,
		-0.546469,
		0,
		0.283573,
		0.902268,
		0.324806,
		0,
		-0.103224,
		0.4044,
		-0.180219,
		1
	},
	[0.383333333333] = {
		0.634687,
		0.248708,
		-0.731654,
		0,
		-0.681358,
		-0.266587,
		-0.681676,
		0,
		-0.364588,
		0.931169,
		0.00026,
		0,
		-0.112941,
		0.284376,
		-0.257789,
		1
	},
	[0.3] = {
		0.821855,
		0.110479,
		-0.558882,
		0,
		0.408433,
		0.569646,
		0.713222,
		0,
		0.397161,
		-0.814431,
		0.423043,
		0,
		0.21545,
		0.561873,
		-0.037408,
		1
	},
	[0.416666666667] = {
		0.573741,
		0.304868,
		-0.760182,
		0,
		-0.316959,
		-0.773178,
		-0.549302,
		0,
		-0.755221,
		0.556103,
		-0.346973,
		0,
		-0.174791,
		0.235578,
		-0.250286,
		1
	},
	[0.433333333333] = {
		0.567818,
		0.306434,
		-0.76399,
		0,
		-0.297275,
		-0.789148,
		-0.537468,
		0,
		-0.7676,
		0.532299,
		-0.356997,
		0,
		-0.208797,
		0.194925,
		-0.266113,
		1
	},
	[0.45] = {
		0.579237,
		0.299111,
		-0.758299,
		0,
		-0.320192,
		-0.771992,
		-0.549096,
		0,
		-0.749641,
		0.560858,
		-0.351393,
		0,
		-0.239612,
		0.147018,
		-0.28193,
		1
	},
	[0.466666666667] = {
		0.590582,
		0.287901,
		-0.753874,
		0,
		-0.343079,
		-0.755989,
		-0.557475,
		0,
		-0.730418,
		0.587873,
		-0.347701,
		0,
		-0.252157,
		0.098171,
		-0.293622,
		1
	},
	[0.483333333333] = {
		0.582783,
		0.28082,
		-0.762564,
		0,
		-0.319031,
		-0.783987,
		-0.532526,
		0,
		-0.747384,
		0.553628,
		-0.367304,
		0,
		-0.259531,
		0.066247,
		-0.299967,
		1
	},
	[0.4] = {
		0.614092,
		0.283876,
		-0.736414,
		0,
		-0.418005,
		-0.674473,
		-0.608571,
		0,
		-0.66945,
		0.681543,
		-0.295527,
		0,
		-0.139438,
		0.264584,
		-0.236325,
		1
	},
	[0.516666666667] = {
		0.521247,
		0.253015,
		-0.815037,
		0,
		-0.150622,
		-0.912772,
		-0.379684,
		0,
		-0.840009,
		0.320671,
		-0.43767,
		0,
		-0.247693,
		0.051876,
		-0.300198,
		1
	},
	[0.533333333333] = {
		0.489934,
		0.223421,
		-0.842643,
		0,
		-0.048607,
		-0.958096,
		-0.282294,
		0,
		-0.870404,
		0.179264,
		-0.458544,
		0,
		-0.231941,
		0.057503,
		-0.299319,
		1
	},
	[0.55] = {
		0.466375,
		0.189162,
		-0.864125,
		0,
		0.049566,
		-0.980922,
		-0.187978,
		0,
		-0.883198,
		0.044837,
		-0.466853,
		0,
		-0.21696,
		0.066635,
		-0.299977,
		1
	},
	[0.566666666667] = {
		0.454561,
		0.158141,
		-0.876565,
		0,
		0.129886,
		-0.985362,
		-0.110414,
		0,
		-0.881195,
		-0.063664,
		-0.468447,
		0,
		-0.20642,
		0.07452,
		-0.301978,
		1
	},
	[0.583333333333] = {
		0.456614,
		0.138641,
		-0.878796,
		0,
		0.180067,
		-0.981741,
		-0.061321,
		0,
		-0.871252,
		-0.130242,
		-0.473241,
		0,
		-0.202902,
		0.076746,
		-0.304251,
		1
	},
	[0.5] = {
		0.554413,
		0.272652,
		-0.786313,
		0,
		-0.243617,
		-0.850259,
		-0.466594,
		0,
		-0.795787,
		0.450245,
		-0.404972,
		0,
		-0.258941,
		0.053943,
		-0.301439,
		1
	},
	[0.616666666667] = {
		0.482555,
		0.122868,
		-0.867205,
		0,
		0.227387,
		-0.973737,
		-0.011433,
		0,
		-0.845835,
		-0.191674,
		-0.49782,
		0,
		-0.200592,
		0.066985,
		-0.30833,
		1
	},
	[0.633333333333] = {
		0.500201,
		0.119773,
		-0.857586,
		0,
		0.24003,
		-0.970755,
		0.004423,
		0,
		-0.831976,
		-0.208058,
		-0.514322,
		0,
		-0.196514,
		0.057939,
		-0.310281,
		1
	},
	[0.65] = {
		0.520558,
		0.11943,
		-0.845432,
		0,
		0.246146,
		-0.969122,
		0.014656,
		0,
		-0.817576,
		-0.215729,
		-0.533882,
		0,
		-0.190602,
		0.046349,
		-0.312068,
		1
	},
	[0.666666666667] = {
		0.543355,
		0.121434,
		-0.830674,
		0,
		0.246318,
		-0.968994,
		0.019465,
		0,
		-0.802554,
		-0.215186,
		-0.556419,
		0,
		-0.183035,
		0.032393,
		-0.313676,
		1
	},
	[0.683333333333] = {
		0.568347,
		0.125307,
		-0.813191,
		0,
		0.241105,
		-0.970313,
		0.018993,
		0,
		-0.78667,
		-0.206859,
		-0.581687,
		0,
		-0.174033,
		0.016241,
		-0.315133,
		1
	},
	[0.6] = {
		0.467961,
		0.129076,
		-0.874272,
		0,
		0.207608,
		-0.977648,
		-0.033215,
		0,
		-0.859018,
		-0.165963,
		-0.484298,
		0,
		-0.202717,
		0.073313,
		-0.306292,
		1
	},
	[0.716666666667] = {
		0.624016,
		0.136587,
		-0.769382,
		0,
		0.216697,
		-0.976236,
		0.002445,
		0,
		-0.750764,
		-0.168248,
		-0.638785,
		0,
		-0.152713,
		-0.021958,
		-0.317915,
		1
	},
	[0.733333333333] = {
		0.654151,
		0.142906,
		-0.742741,
		0,
		0.198599,
		-0.979986,
		-0.013642,
		0,
		-0.729825,
		-0.138584,
		-0.66944,
		0,
		-0.140919,
		-0.043635,
		-0.319463,
		1
	},
	[0.75] = {
		0.6854,
		0.148885,
		-0.712784,
		0,
		0.17735,
		-0.983529,
		-0.034901,
		0,
		-0.70624,
		-0.102491,
		-0.700515,
		0,
		-0.128719,
		-0.066759,
		-0.321302,
		1
	},
	[0.766666666667] = {
		0.717386,
		0.153912,
		-0.679462,
		0,
		0.153585,
		-0.986236,
		-0.061245,
		0,
		-0.679536,
		-0.060418,
		-0.73115,
		0,
		-0.116364,
		-0.091102,
		-0.323595,
		1
	},
	[0.783333333333] = {
		0.749684,
		0.157388,
		-0.642809,
		0,
		0.127991,
		-0.987452,
		-0.0925,
		0,
		-0.649301,
		-0.012928,
		-0.760421,
		0,
		-0.104087,
		-0.116407,
		-0.326508,
		1
	},
	[0.7] = {
		0.595314,
		0.130529,
		-0.79282,
		0,
		0.231051,
		-0.97285,
		0.013323,
		0,
		-0.769556,
		-0.191113,
		-0.60931,
		0,
		-0.16384,
		-0.001937,
		-0.316512,
		1
	},
	[0.816666666667] = {
		0.813253,
		0.157465,
		-0.5602,
		0,
		0.074279,
		-0.982907,
		-0.168451,
		0,
		-0.57715,
		0.095383,
		-0.811049,
		0,
		-0.08055,
		-0.168729,
		-0.334836,
		1
	},
	[0.833333333333] = {
		0.843468,
		0.153145,
		-0.514886,
		0,
		0.047705,
		-0.976068,
		-0.212167,
		0,
		-0.535056,
		0.154394,
		-0.830588,
		0,
		-0.069598,
		-0.195102,
		-0.340521,
		1
	},
	[0.85] = {
		0.871922,
		0.145492,
		-0.46753,
		0,
		0.022349,
		-0.965665,
		-0.258829,
		0,
		-0.489135,
		0.21523,
		-0.845236,
		0,
		-0.059331,
		-0.22116,
		-0.347339,
		1
	},
	[0.866666666667] = {
		0.898129,
		0.134339,
		-0.418709,
		0,
		-0.001097,
		-0.951504,
		-0.307634,
		0,
		-0.439731,
		0.276754,
		-0.854426,
		0,
		-0.049809,
		-0.246555,
		-0.355324,
		1
	},
	[0.883333333333] = {
		0.921661,
		0.119686,
		-0.369075,
		0,
		-0.022007,
		-0.933577,
		-0.357702,
		0,
		-0.387371,
		0.337802,
		-0.857807,
		0,
		-0.041062,
		-0.270953,
		-0.364453,
		1
	},
	[0.8] = {
		0.781813,
		0.158741,
		-0.602968,
		0,
		0.1013,
		-0.986538,
		-0.128376,
		0,
		-0.615229,
		0.039285,
		-0.787369,
		0,
		-0.092091,
		-0.142386,
		-0.330206,
		1
	},
	[0.916666666667] = {
		0.959464,
		0.080625,
		-0.270052,
		0,
		-0.054342,
		-0.887302,
		-0.457977,
		0,
		-0.276542,
		0.454088,
		-0.846953,
		0,
		-0.025931,
		-0.315571,
		-0.385771,
		1
	},
	[0.933333333333] = {
		0.973401,
		0.056919,
		-0.221926,
		0,
		-0.065187,
		-0.859806,
		-0.506443,
		0,
		-0.21964,
		0.507439,
		-0.833225,
		0,
		-0.019555,
		-0.335299,
		-0.39765,
		1
	},
	[0.95] = {
		0.984,
		0.031063,
		-0.175442,
		0,
		-0.07235,
		-0.830184,
		-0.552775,
		0,
		-0.16282,
		0.556623,
		-0.814653,
		0,
		-0.013994,
		-0.353063,
		-0.410071,
		1
	},
	[0.966666666667] = {
		0.991376,
		0.003604,
		-0.130998,
		0,
		-0.075896,
		-0.799124,
		-0.596357,
		0,
		-0.106833,
		0.601156,
		-0.791959,
		0,
		-0.009291,
		-0.368744,
		-0.422799,
		1
	},
	[0.983333333333] = {
		0.995732,
		-0.024888,
		-0.08887,
		0,
		-0.076007,
		-0.767347,
		-0.636711,
		0,
		-0.052347,
		0.640748,
		-0.765964,
		0,
		-0.005517,
		-0.382273,
		-0.435591,
		1
	},
	[0.9] = {
		0.942182,
		0.101684,
		-0.319303,
		0,
		-0.039877,
		-0.912059,
		-0.408117,
		0,
		-0.332722,
		0.397253,
		-0.85527,
		0,
		-0.033102,
		-0.294048,
		-0.374646,
		1
	},
	[1.01666666667] = {
		0.996494,
		-0.082774,
		-0.012135,
		0,
		-0.06712,
		-0.704456,
		-0.706567,
		0,
		0.049937,
		0.704904,
		-0.707542,
		0,
		-0.001228,
		-0.402797,
		-0.460393,
		1
	},
	[1.03333333333] = {
		0.993547,
		-0.111156,
		0.02254,
		0,
		-0.058792,
		-0.674692,
		-0.735755,
		0,
		0.096991,
		0.729682,
		-0.676873,
		0,
		-0.001016,
		-0.409839,
		-0.471958,
		1
	},
	[1.05] = {
		0.988826,
		-0.138582,
		0.054937,
		0,
		-0.048374,
		-0.646867,
		-0.761067,
		0,
		0.141007,
		0.749906,
		-0.646342,
		0,
		-0.002354,
		-0.414792,
		-0.482692,
		1
	},
	[1.06666666667] = {
		0.982651,
		-0.164688,
		0.085286,
		0,
		-0.036237,
		-0.621489,
		-0.782584,
		0,
		0.181887,
		0.765917,
		-0.616675,
		0,
		-0.005464,
		-0.41772,
		-0.492416,
		1
	},
	[1.08333333333] = {
		0.975326,
		-0.189119,
		0.113904,
		0,
		-0.022681,
		-0.599041,
		-0.800397,
		0,
		0.219603,
		0.778064,
		-0.588549,
		0,
		-0.01058,
		-0.418705,
		-0.500988,
		1
	}
}

return spline_matrices
