-- chunkname: @content/characters/player/human/first_person/animations/2h_power_maul/swing_right_hit.lua

local spline_matrices = {
	[0.0166666666667] = {
		-0.069637,
		-0.107581,
		0.991754,
		0,
		0.949579,
		0.297506,
		0.098948,
		0,
		-0.305698,
		0.948639,
		0.081439,
		0,
		0.210107,
		0.492646,
		-0.086248,
		1
	},
	[0.0333333333333] = {
		-0.046801,
		-0.114708,
		0.992296,
		0,
		0.93887,
		0.334139,
		0.082907,
		0,
		-0.341075,
		0.935518,
		0.092058,
		0,
		0.247817,
		0.515451,
		-0.088302,
		1
	},
	[0.05] = {
		-0.068627,
		-0.09754,
		0.992863,
		0,
		0.948844,
		0.301063,
		0.095161,
		0,
		-0.308196,
		0.948603,
		0.071889,
		0,
		0.224737,
		0.509904,
		-0.093719,
		1
	},
	[0.0666666666667] = {
		-0.084454,
		-0.095198,
		0.991869,
		0,
		0.952158,
		0.2857,
		0.108494,
		0,
		-0.293705,
		0.953579,
		0.066515,
		0,
		0.221211,
		0.502693,
		-0.106421,
		1
	},
	[0.0833333333333] = {
		-0.078378,
		-0.077162,
		0.993933,
		0,
		0.956855,
		0.273994,
		0.096725,
		0,
		-0.279795,
		0.958631,
		0.052357,
		0,
		0.214335,
		0.49552,
		-0.120282,
		1
	},
	[0] = {
		-0.042653,
		-0.100472,
		0.994025,
		0,
		0.96281,
		0.261548,
		0.06775,
		0,
		-0.266792,
		0.959947,
		0.08558,
		0,
		0.200691,
		0.492695,
		-0.082176,
		1
	},
	[0.116666666667] = {
		-0.042942,
		-0.028203,
		0.998679,
		0,
		0.965907,
		0.254266,
		0.048713,
		0,
		-0.255304,
		0.966723,
		0.016323,
		0,
		0.198334,
		0.484686,
		-0.144119,
		1
	},
	[0.133333333333] = {
		-0.019893,
		-0.00599,
		0.999784,
		0,
		0.966785,
		0.254747,
		0.020763,
		0,
		-0.254817,
		0.966989,
		0.000723,
		0,
		0.191972,
		0.479695,
		-0.156482,
		1
	},
	[0.15] = {
		0.002717,
		0.00308,
		0.999992,
		0,
		0.962124,
		0.27259,
		-0.003453,
		0,
		-0.272599,
		0.962125,
		-0.002222,
		0,
		0.186109,
		0.475926,
		-0.167976,
		1
	},
	[0.166666666667] = {
		0.025922,
		-0.000929,
		0.999664,
		0,
		0.951349,
		0.30715,
		-0.024383,
		0,
		-0.307024,
		0.951661,
		0.008846,
		0,
		0.18017,
		0.473239,
		-0.178369,
		1
	},
	[0.183333333333] = {
		0.052569,
		-0.011263,
		0.998554,
		0,
		0.935212,
		0.351183,
		-0.045273,
		0,
		-0.350166,
		0.936239,
		0.028995,
		0,
		0.173879,
		0.470953,
		-0.187923,
		1
	},
	[0.1] = {
		-0.06354,
		-0.054829,
		0.996472,
		0,
		0.96175,
		0.263229,
		0.07581,
		0,
		-0.266457,
		0.963174,
		0.036006,
		0,
		0.205633,
		0.490179,
		-0.131766,
		1
	},
	[0.216666666667] = {
		0.118138,
		-0.046047,
		0.991929,
		0,
		0.884397,
		0.459112,
		-0.084018,
		0,
		-0.451537,
		0.887184,
		0.094962,
		0,
		0.160292,
		0.467085,
		-0.203822,
		1
	},
	[0.233333333333] = {
		0.157594,
		-0.067943,
		0.985164,
		0,
		0.849191,
		0.518516,
		-0.100083,
		0,
		-0.504023,
		0.852364,
		0.139412,
		0,
		0.153109,
		0.465272,
		-0.209836,
		1
	},
	[0.25] = {
		0.201382,
		-0.091111,
		0.975266,
		0,
		0.807839,
		0.578516,
		-0.112764,
		0,
		-0.553933,
		0.810566,
		0.190106,
		0,
		0.145801,
		0.463417,
		-0.214374,
		1
	},
	[0.266666666667] = {
		0.248996,
		-0.114316,
		0.961734,
		0,
		0.76128,
		0.63696,
		-0.121386,
		0,
		-0.598709,
		0.762374,
		0.245627,
		0,
		0.138504,
		0.461471,
		-0.217331,
		1
	},
	[0.283333333333] = {
		0.299621,
		-0.136471,
		0.944247,
		0,
		0.710943,
		0.691945,
		-0.125584,
		0,
		-0.636229,
		0.708934,
		0.304345,
		0,
		0.131365,
		0.459429,
		-0.218636,
		1
	},
	[0.2] = {
		0.083178,
		-0.026721,
		0.996176,
		0,
		0.913045,
		0.402575,
		-0.065438,
		0,
		-0.399287,
		0.914997,
		0.057883,
		0,
		0.167241,
		0.468942,
		-0.196464,
		1
	},
	[0.316666666667] = {
		0.405551,
		-0.174343,
		0.897292,
		0,
		0.60633,
		0.785901,
		-0.121344,
		0,
		-0.684027,
		0.593266,
		0.424432,
		0,
		0.118077,
		0.455297,
		-0.21617,
		1
	},
	[0.333333333333] = {
		0.458398,
		-0.189108,
		0.868395,
		0,
		0.55612,
		0.823206,
		-0.114291,
		0,
		-0.693255,
		0.535322,
		0.482523,
		0,
		0.112103,
		0.453433,
		-0.212402,
		1
	},
	[0.35] = {
		0.509587,
		-0.200881,
		0.836641,
		0,
		0.509902,
		0.853727,
		-0.105591,
		0,
		-0.693052,
		0.480413,
		0.537478,
		0,
		0.106616,
		0.451908,
		-0.206966,
		1
	},
	[0.366666666667] = {
		0.560231,
		-0.210439,
		0.801159,
		0,
		0.466524,
		0.879365,
		-0.095248,
		0,
		-0.684468,
		0.427121,
		0.590823,
		0,
		0.101601,
		0.450369,
		-0.201923,
		1
	},
	[0.383333333333] = {
		0.613229,
		-0.218187,
		0.759174,
		0,
		0.423719,
		0.90198,
		-0.083033,
		0,
		-0.666643,
		0.372594,
		0.64557,
		0,
		0.096467,
		0.448611,
		-0.199244,
		1
	},
	[0.3] = {
		0.352206,
		-0.156689,
		0.922713,
		0,
		0.658624,
		0.741949,
		-0.125408,
		0,
		-0.664956,
		0.65189,
		0.364518,
		0,
		0.12452,
		0.45734,
		-0.218252,
		1
	},
	[0.416666666667] = {
		0.721464,
		-0.225709,
		0.654634,
		0,
		0.341225,
		0.938516,
		-0.052473,
		0,
		-0.60254,
		0.261235,
		0.754123,
		0,
		0.083512,
		0.446352,
		-0.196991,
		1
	},
	[0.433333333333] = {
		0.774,
		-0.224398,
		0.59209,
		0,
		0.302316,
		0.952595,
		-0.03417,
		0,
		-0.556354,
		0.205446,
		0.805147,
		0,
		0.075765,
		0.446088,
		-0.196731,
		1
	},
	[0.45] = {
		0.823556,
		-0.21919,
		0.523174,
		0,
		0.265514,
		0.964004,
		-0.014079,
		0,
		-0.501256,
		0.150505,
		0.85211,
		0,
		0.067191,
		0.446491,
		-0.196286,
		1
	},
	[0.466666666667] = {
		0.856154,
		-0.210974,
		0.471688,
		0,
		0.238918,
		0.971039,
		0.000665,
		0,
		-0.458168,
		0.112126,
		0.881765,
		0,
		0.059264,
		0.44776,
		-0.197769,
		1
	},
	[0.483333333333] = {
		0.884356,
		-0.20082,
		0.42141,
		0,
		0.214599,
		0.976586,
		0.015036,
		0,
		-0.414563,
		0.077137,
		0.906746,
		0,
		0.051683,
		0.449529,
		-0.198924,
		1
	},
	[0.4] = {
		0.667406,
		-0.223474,
		0.710372,
		0,
		0.381828,
		0.92167,
		-0.068787,
		0,
		-0.639357,
		0.317149,
		0.700457,
		0,
		0.09038,
		0.447252,
		-0.197636,
		1
	},
	[0.516666666667] = {
		0.929,
		-0.1764,
		0.325333,
		0,
		0.172421,
		0.984158,
		0.041268,
		0,
		-0.327458,
		0.017756,
		0.944699,
		0,
		0.040171,
		0.454276,
		-0.199326,
		1
	},
	[0.533333333333] = {
		0.946154,
		-0.162918,
		0.279733,
		0,
		0.15434,
		0.986618,
		0.052581,
		0,
		-0.284556,
		-0.006576,
		0.958637,
		0,
		0.03694,
		0.457202,
		-0.199337,
		1
	},
	[0.55] = {
		0.96031,
		-0.14906,
		0.235766,
		0,
		0.138105,
		0.988449,
		0.062412,
		0,
		-0.242346,
		-0.027374,
		0.969804,
		0,
		0.034662,
		0.460499,
		-0.200638,
		1
	},
	[0.566666666667] = {
		0.971776,
		-0.135139,
		0.193364,
		0,
		0.123599,
		0.989817,
		0.070604,
		0,
		-0.200936,
		-0.044712,
		0.978583,
		0,
		0.032931,
		0.464307,
		-0.20338,
		1
	},
	[0.583333333333] = {
		0.980828,
		-0.12144,
		0.152408,
		0,
		0.110712,
		0.990862,
		0.077037,
		0,
		-0.160371,
		-0.058687,
		0.985311,
		0,
		0.031413,
		0.468708,
		-0.207676,
		1
	},
	[0.5] = {
		0.908518,
		-0.18916,
		0.372578,
		0,
		0.192469,
		0.980884,
		0.028671,
		0,
		-0.370879,
		0.045662,
		0.927558,
		0,
		0.045078,
		0.451721,
		-0.199495,
		1
	},
	[0.616666666667] = {
		0.99264,
		-0.095707,
		0.074203,
		0,
		0.089387,
		0.992425,
		0.084275,
		0,
		-0.081707,
		-0.077022,
		0.993676,
		0,
		0.028708,
		0.478656,
		-0.221327,
		1
	},
	[0.633333333333] = {
		0.995784,
		-0.08412,
		0.036579,
		0,
		0.080773,
		0.993105,
		0.084957,
		0,
		-0.043474,
		-0.081644,
		0.995713,
		0,
		0.027413,
		0.48383,
		-0.230827,
		1
	},
	[0.65] = {
		0.997307,
		-0.073335,
		-0.000375,
		0,
		0.073106,
		0.993759,
		0.084247,
		0,
		-0.005805,
		-0.084048,
		0.996445,
		0,
		0.025953,
		0.489016,
		-0.241872,
		1
	},
	[0.666666666667] = {
		0.997338,
		-0.063105,
		-0.036528,
		0,
		0.065952,
		0.994378,
		0.082839,
		0,
		0.031095,
		-0.085028,
		0.995893,
		0,
		0.02423,
		0.494194,
		-0.254127,
		1
	},
	[0.683333333333] = {
		0.995998,
		-0.05343,
		-0.071646,
		0,
		0.05919,
		0.994968,
		0.080845,
		0,
		0.066966,
		-0.084762,
		0.994148,
		0,
		0.022792,
		0.498969,
		-0.267613,
		1
	},
	[0.6] = {
		0.987713,
		-0.108219,
		0.112747,
		0,
		0.099339,
		0.991701,
		0.081617,
		0,
		-0.120644,
		-0.069414,
		0.990266,
		0,
		0.030026,
		0.47355,
		-0.213631,
		1
	},
	[0.716666666667] = {
		0.989614,
		-0.035696,
		-0.139245,
		0,
		0.046548,
		0.996061,
		0.075474,
		0,
		0.136003,
		-0.081171,
		0.987378,
		0,
		0.021394,
		0.506288,
		-0.297217,
		1
	},
	[0.733333333333] = {
		0.984716,
		-0.027595,
		-0.17197,
		0,
		0.040553,
		0.996558,
		0.072301,
		0,
		0.169383,
		-0.07817,
		0.982445,
		0,
		0.021373,
		0.508885,
		-0.313241,
		1
	},
	[0.75] = {
		0.978737,
		-0.019968,
		-0.204144,
		0,
		0.034722,
		0.997016,
		0.068946,
		0,
		0.202158,
		-0.074568,
		0.97651,
		0,
		0.021967,
		0.510962,
		-0.330511,
		1
	},
	[0.766666666667] = {
		0.971696,
		-0.012783,
		-0.23589,
		0,
		0.029027,
		0.997429,
		0.06552,
		0,
		0.234446,
		-0.070513,
		0.969568,
		0,
		0.022841,
		0.512549,
		-0.348553,
		1
	},
	[0.783333333333] = {
		0.963587,
		-0.006006,
		-0.267327,
		0,
		0.023458,
		0.997792,
		0.062138,
		0,
		0.266363,
		-0.066146,
		0.9616,
		0,
		0.023693,
		0.513681,
		-0.366877,
		1
	},
	[0.7] = {
		0.993395,
		-0.0443,
		-0.105845,
		0,
		0.052744,
		0.995529,
		0.078356,
		0,
		0.101901,
		-0.083421,
		0.991291,
		0,
		0.021928,
		0.503017,
		-0.28212,
		1
	},
	[0.816666666667] = {
		0.944053,
		0.006466,
		-0.32973,
		0,
		0.012706,
		0.998352,
		0.055957,
		0,
		0.329549,
		-0.057016,
		0.942415,
		0,
		0.024264,
		0.514743,
		-0.402353,
		1
	},
	[0.833333333333] = {
		0.93252,
		0.012239,
		-0.360912,
		0,
		0.007556,
		0.998545,
		0.053384,
		0,
		0.36104,
		-0.052509,
		0.931071,
		0,
		0.023523,
		0.514769,
		-0.418468,
		1
	},
	[0.85] = {
		0.919705,
		0.017756,
		-0.392209,
		0,
		0.002598,
		0.99868,
		0.051305,
		0,
		0.392602,
		-0.048205,
		0.918444,
		0,
		0.022197,
		0.514456,
		-0.432337,
		1
	},
	[0.866666666667] = {
		0.905507,
		0.023061,
		-0.423704,
		0,
		-0.00212,
		0.998756,
		0.049827,
		0,
		0.424326,
		-0.044221,
		0.904429,
		0,
		0.019202,
		0.514065,
		-0.444695,
		1
	},
	[0.883333333333] = {
		0.889807,
		0.028197,
		-0.455466,
		0,
		-0.00654,
		0.998775,
		0.049055,
		0,
		0.456291,
		-0.040671,
		0.888901,
		0,
		0.014563,
		0.513608,
		-0.454692,
		1
	},
	[0.8] = {
		0.954388,
		0.000397,
		-0.29857,
		0,
		0.018014,
		0.998101,
		0.058912,
		0,
		0.298026,
		-0.061603,
		0.952568,
		0,
		0.024249,
		0.514397,
		-0.384982,
		1
	},
	[0.916666666667] = {
		0.85333,
		0.038158,
		-0.519973,
		0,
		-0.014179,
		0.998648,
		0.050017,
		0,
		0.521179,
		-0.035308,
		0.852717,
		0,
		0.000853,
		0.51261,
		-0.464344,
		1
	},
	[0.933333333333] = {
		0.832227,
		0.043091,
		-0.552758,
		0,
		-0.017211,
		0.998503,
		0.051927,
		0,
		0.554168,
		-0.033702,
		0.831722,
		0,
		-0.00719,
		0.512251,
		-0.463042,
		1
	},
	[0.95] = {
		0.808972,
		0.04806,
		-0.58588,
		0,
		-0.019533,
		0.9983,
		0.05492,
		0,
		0.587523,
		-0.032985,
		0.808535,
		0,
		-0.018219,
		0.511165,
		-0.461233,
		1
	},
	[0.9] = {
		0.872466,
		0.033212,
		-0.487545,
		0,
		-0.010588,
		0.998738,
		0.049088,
		0,
		0.48856,
		-0.037665,
		0.871717,
		0,
		0.008386,
		0.513108,
		-0.461504,
		1
	}
}

return spline_matrices
