local spline_matrices = {
	[0] = {
		0.924926,
		-0.333405,
		0.182629,
		0,
		0.054836,
		-0.358376,
		-0.931965,
		0,
		0.376172,
		0.872013,
		-0.313189,
		0,
		-0.13455,
		-0.363824,
		-0.521384,
		1
	},
	{
		0.982285,
		0.065631,
		0.175526,
		0,
		0.109635,
		-0.960905,
		-0.254249,
		0,
		0.151977,
		0.268988,
		-0.951077,
		0,
		0.00948,
		-0.358785,
		-0.318821,
		1
	},
	[0.0166666666667] = {
		0.983264,
		-0.052345,
		0.174504,
		0,
		0.158494,
		-0.226563,
		-0.961014,
		0,
		0.089841,
		0.972589,
		-0.214475,
		0,
		-0.074,
		-0.389343,
		-0.539193,
		1
	},
	[0.0333333333333] = {
		0.936169,
		0.301704,
		0.18045,
		0,
		0.213192,
		-0.079085,
		-0.973804,
		0,
		-0.27953,
		0.950116,
		-0.138358,
		0,
		-0.011354,
		-0.377271,
		-0.534108,
		1
	},
	[0.05] = {
		0.716333,
		0.668197,
		0.200948,
		0,
		0.217065,
		0.060299,
		-0.974293,
		0,
		-0.663136,
		0.741537,
		-0.101848,
		0,
		0.044741,
		-0.312928,
		-0.509245,
		1
	},
	[0.0666666666667] = {
		0.311356,
		0.924225,
		0.221056,
		0,
		0.183199,
		0.169878,
		-0.968287,
		0,
		-0.932468,
		0.341979,
		-0.116425,
		0,
		0.070175,
		-0.192914,
		-0.464181,
		1
	},
	[0.0833333333333] = {
		-0.173616,
		0.959258,
		0.222892,
		0,
		0.131595,
		0.246897,
		-0.960065,
		0,
		-0.975982,
		-0.137351,
		-0.169099,
		0,
		0.039811,
		-0.042417,
		-0.404769,
		1
	},
	[0.116666666667] = {
		-0.807343,
		0.541609,
		0.234215,
		0,
		-0.023378,
		0.367249,
		-0.929829,
		0,
		-0.589619,
		-0.756166,
		-0.283834,
		0,
		-0.156511,
		0.167558,
		-0.294981,
		1
	},
	[0.133333333333] = {
		-0.891521,
		0.32046,
		0.320149,
		0,
		-0.165718,
		0.427031,
		-0.888922,
		0,
		-0.421578,
		-0.845547,
		-0.327601,
		0,
		-0.225541,
		0.211219,
		-0.254736,
		1
	},
	[0.15] = {
		-0.827298,
		0.143357,
		0.543164,
		0,
		-0.415265,
		0.495107,
		-0.763167,
		0,
		-0.37833,
		-0.856923,
		-0.35007,
		0,
		-0.24009,
		0.233926,
		-0.221587,
		1
	},
	[0.166666666667] = {
		-0.65221,
		-0.029668,
		0.757457,
		0,
		-0.664751,
		0.502624,
		-0.552698,
		0,
		-0.364319,
		-0.863996,
		-0.347538,
		0,
		-0.247277,
		0.254429,
		-0.189268,
		1
	},
	[0.183333333333] = {
		-0.376335,
		-0.165252,
		0.911627,
		0,
		-0.854038,
		0.443312,
		-0.272202,
		0,
		-0.359153,
		-0.881003,
		-0.307965,
		0,
		-0.250163,
		0.274345,
		-0.157632,
		1
	},
	[0.1] = {
		-0.574233,
		0.789969,
		0.214953,
		0,
		0.068206,
		0.307805,
		-0.949002,
		0,
		-0.815846,
		-0.530287,
		-0.230632,
		0,
		-0.05546,
		0.085915,
		-0.346175,
		1
	},
	[0.216666666667] = {
		0.262333,
		-0.228374,
		0.937564,
		0,
		-0.921871,
		0.227837,
		0.313439,
		0,
		-0.285193,
		-0.946539,
		-0.150762,
		0,
		-0.252727,
		0.315334,
		-0.096012,
		1
	},
	[0.233333333333] = {
		0.505518,
		-0.171499,
		0.8456,
		0,
		-0.836942,
		0.140743,
		0.528886,
		0,
		-0.209716,
		-0.975079,
		-0.072387,
		0,
		-0.256601,
		0.334716,
		-0.067152,
		1
	},
	[0.25] = {
		0.662813,
		-0.097651,
		0.74239,
		0,
		-0.736937,
		0.090604,
		0.669862,
		0,
		-0.132676,
		-0.991088,
		-0.011909,
		0,
		-0.263415,
		0.354569,
		-0.04051,
		1
	},
	[0.266666666667] = {
		0.751747,
		-0.021387,
		0.659105,
		0,
		-0.655754,
		0.081458,
		0.750568,
		0,
		-0.069741,
		-0.996447,
		0.047211,
		0,
		-0.270846,
		0.376208,
		-0.018907,
		1
	},
	[0.283333333333] = {
		0.796877,
		0.047503,
		0.602271,
		0,
		-0.603275,
		0.115939,
		0.789061,
		0,
		-0.032344,
		-0.99212,
		0.121046,
		0,
		-0.272808,
		0.400271,
		-0.005281,
		1
	},
	[0.2] = {
		-0.0489,
		-0.233484,
		0.97113,
		0,
		-0.940112,
		0.339147,
		0.034201,
		0,
		-0.337341,
		-0.911298,
		-0.236085,
		0,
		-0.251158,
		0.294903,
		-0.126371,
		1
	},
	[0.316666666667] = {
		0.81109,
		0.073118,
		0.580333,
		0,
		-0.56739,
		0.339436,
		0.750234,
		0,
		-0.14213,
		-0.937783,
		0.3168,
		0,
		-0.218159,
		0.466374,
		-0.013418,
		1
	},
	[0.333333333333] = {
		0.800229,
		0.029079,
		0.598989,
		0,
		-0.526863,
		0.511174,
		0.679056,
		0,
		-0.286441,
		-0.858985,
		0.424377,
		0,
		-0.157173,
		0.500848,
		-0.033686,
		1
	},
	[0.35] = {
		0.774436,
		-0.04244,
		0.631227,
		0,
		-0.432217,
		0.693111,
		0.576875,
		0,
		-0.461993,
		-0.71958,
		0.518427,
		0,
		-0.078328,
		0.525957,
		-0.061106,
		1
	},
	[0.366666666667] = {
		0.716831,
		-0.118434,
		0.687115,
		0,
		-0.282997,
		0.851227,
		0.441956,
		0,
		-0.637234,
		-0.511259,
		0.576669,
		0,
		0.017468,
		0.535042,
		-0.093623,
		1
	},
	[0.383333333333] = {
		0.630998,
		-0.158493,
		0.759422,
		0,
		-0.093922,
		0.956101,
		0.277579,
		0,
		-0.770078,
		-0.246478,
		0.588411,
		0,
		0.119508,
		0.524904,
		-0.127885,
		1
	},
	[0.3] = {
		0.811901,
		0.081602,
		0.578064,
		0,
		-0.581412,
		0.202388,
		0.788035,
		0,
		-0.052688,
		-0.9759,
		0.211764,
		0,
		-0.257467,
		0.430512,
		-0.003154,
		1
	},
	[0.416666666667] = {
		0.477816,
		-0.079035,
		0.874897,
		0,
		0.305987,
		0.948547,
		-0.081424,
		0,
		-0.823446,
		0.306613,
		0.477415,
		0,
		0.261898,
		0.436951,
		-0.182839,
		1
	},
	[0.433333333333] = {
		0.444285,
		0.009853,
		0.895832,
		0,
		0.57877,
		0.760109,
		-0.295399,
		0,
		-0.68384,
		0.649721,
		0.332002,
		0,
		0.304538,
		0.361548,
		-0.203544,
		1
	},
	[0.45] = {
		0.495517,
		0.049906,
		0.867163,
		0,
		0.86592,
		0.049954,
		-0.497682,
		0,
		-0.068156,
		0.997504,
		-0.018461,
		0,
		0.354656,
		0.187977,
		-0.240432,
		1
	},
	[0.466666666667] = {
		0.528586,
		0.025227,
		0.848505,
		0,
		0.775569,
		-0.420701,
		-0.470642,
		0,
		0.345094,
		0.906848,
		-0.241942,
		0,
		0.357633,
		0.088544,
		-0.287178,
		1
	},
	[0.483333333333] = {
		0.534471,
		0.002469,
		0.845183,
		0,
		0.583321,
		-0.724723,
		-0.36676,
		0,
		0.611618,
		0.689036,
		-0.388784,
		0,
		0.351393,
		0.009255,
		-0.342736,
		1
	},
	[0.4] = {
		0.544409,
		-0.148558,
		0.82556,
		0,
		0.115279,
		0.988104,
		0.101787,
		0,
		-0.830861,
		0.039757,
		0.555058,
		0,
		0.210113,
		0.494954,
		-0.159574,
		1
	},
	[0.516666666667] = {
		0.527459,
		0.132994,
		0.839106,
		0,
		0.169287,
		-0.984318,
		0.049596,
		0,
		0.832544,
		0.11589,
		-0.541702,
		0,
		0.332053,
		-0.066921,
		-0.386625,
		1
	},
	[0.533333333333] = {
		0.513877,
		0.211841,
		0.831296,
		0,
		0.095678,
		-0.977138,
		0.189861,
		0,
		0.852511,
		-0.018028,
		-0.522398,
		0,
		0.325056,
		-0.103104,
		-0.385862,
		1
	},
	[0.55] = {
		0.492731,
		0.291132,
		0.820035,
		0,
		0.037804,
		-0.948645,
		0.314076,
		0,
		0.86936,
		-0.123754,
		-0.478433,
		0,
		0.307643,
		-0.139076,
		-0.379366,
		1
	},
	[0.566666666667] = {
		0.475154,
		0.363266,
		0.801415,
		0,
		-0.003887,
		-0.909925,
		0.414755,
		0,
		0.879894,
		-0.200187,
		-0.430942,
		0,
		0.287733,
		-0.171259,
		-0.372618,
		1
	},
	[0.583333333333] = {
		0.474431,
		0.405536,
		0.781317,
		0,
		-0.031354,
		-0.879217,
		0.475388,
		0,
		0.879734,
		-0.250036,
		-0.404413,
		0,
		0.274061,
		-0.194723,
		-0.370917,
		1
	},
	[0.5] = {
		0.530369,
		0.037085,
		0.846955,
		0,
		0.365751,
		-0.911293,
		-0.189134,
		0,
		0.76481,
		0.410086,
		-0.496885,
		0,
		0.341386,
		-0.042589,
		-0.378508,
		1
	},
	[0.616666666667] = {
		0.502724,
		0.434868,
		0.7471,
		0,
		-0.059856,
		-0.844667,
		0.531935,
		0,
		0.862372,
		-0.312135,
		-0.398605,
		0,
		0.257197,
		-0.226169,
		-0.376845,
		1
	},
	[0.633333333333] = {
		0.519037,
		0.44216,
		0.731501,
		0,
		-0.0649,
		-0.832949,
		0.549531,
		0,
		0.852284,
		-0.332701,
		-0.403635,
		0,
		0.246977,
		-0.239164,
		-0.379836,
		1
	},
	[0.65] = {
		0.53642,
		0.444486,
		0.717416,
		0,
		-0.065027,
		-0.825773,
		0.560241,
		0,
		0.841442,
		-0.347176,
		-0.414057,
		0,
		0.234958,
		-0.250164,
		-0.382348,
		1
	},
	[0.666666666667] = {
		0.554729,
		0.442392,
		0.704674,
		0,
		-0.060775,
		-0.823126,
		0.564598,
		0,
		0.829809,
		-0.356025,
		-0.429725,
		0,
		0.221321,
		-0.259277,
		-0.384276,
		1
	},
	[0.683333333333] = {
		0.573932,
		0.436333,
		0.692976,
		0,
		-0.052668,
		-0.824805,
		0.562959,
		0,
		0.817207,
		-0.359598,
		-0.450401,
		0,
		0.206279,
		-0.266661,
		-0.385515,
		1
	},
	[0.6] = {
		0.487738,
		0.422639,
		0.763864,
		0,
		-0.048943,
		-0.860383,
		0.507293,
		0,
		0.871617,
		-0.284811,
		-0.398957,
		0,
		0.266044,
		-0.211312,
		-0.373739,
		1
	},
	[0.716666666667] = {
		0.615056,
		0.413849,
		0.671145,
		0,
		-0.026984,
		-0.839638,
		0.542476,
		0,
		0.788022,
		-0.351763,
		-0.505257,
		0,
		0.172972,
		-0.277071,
		-0.385528,
		1
	},
	[0.733333333333] = {
		0.637025,
		0.398098,
		0.660089,
		0,
		-0.010471,
		-0.851773,
		0.523807,
		0,
		0.770772,
		-0.34059,
		-0.538432,
		0,
		0.155266,
		-0.280582,
		-0.384148,
		1
	},
	[0.75] = {
		0.659946,
		0.379768,
		0.648265,
		0,
		0.007745,
		-0.866236,
		0.499576,
		0,
		0.751273,
		-0.324672,
		-0.57461,
		0,
		0.137266,
		-0.283323,
		-0.381783,
		1
	},
	[0.766666666667] = {
		0.683783,
		0.359193,
		0.635155,
		0,
		0.027067,
		-0.882336,
		0.46984,
		0,
		0.729183,
		-0.304077,
		-0.613049,
		0,
		0.119295,
		-0.285574,
		-0.378437,
		1
	},
	[0.783333333333] = {
		0.708452,
		0.336731,
		0.620248,
		0,
		0.046871,
		-0.899346,
		0.434717,
		0,
		0.704201,
		-0.278905,
		-0.652927,
		0,
		0.101682,
		-0.287612,
		-0.374161,
		1
	},
	[0.7] = {
		0.594033,
		0.426702,
		0.681945,
		0,
		-0.041229,
		-0.830463,
		0.555546,
		0,
		0.803383,
		-0.358129,
		-0.475731,
		0,
		0.190073,
		-0.272516,
		-0.385962,
		1
	},
	[0.816666666667] = {
		0.759658,
		0.287753,
		0.583197,
		0,
		0.085321,
		-0.933128,
		0.349273,
		0,
		0.644702,
		-0.215569,
		-0.73341,
		0,
		0.068828,
		-0.292077,
		-0.363265,
		1
	},
	[0.833333333333] = {
		0.785718,
		0.262126,
		0.560301,
		0,
		0.102663,
		-0.948475,
		0.29976,
		0,
		0.610006,
		-0.178005,
		-0.772145,
		0,
		0.054189,
		-0.294944,
		-0.356996,
		1
	},
	[0.85] = {
		0.811677,
		0.236377,
		0.534141,
		0,
		0.117924,
		-0.961942,
		0.246498,
		0,
		0.572079,
		-0.137089,
		-0.808661,
		0,
		0.041096,
		-0.298456,
		-0.350481,
		1
	},
	[0.866666666667] = {
		0.837164,
		0.210993,
		0.504616,
		0,
		0.130556,
		-0.973016,
		0.19025,
		0,
		0.531141,
		-0.09339,
		-0.842121,
		0,
		0.029755,
		-0.302714,
		-0.343982,
		1
	},
	[0.883333333333] = {
		0.861791,
		0.186449,
		0.471756,
		0,
		0.140105,
		-0.981312,
		0.131898,
		0,
		0.487532,
		-0.047573,
		-0.871808,
		0,
		0.02032,
		-0.307761,
		-0.337773,
		1
	},
	[0.8] = {
		0.733813,
		0.312775,
		0.603068,
		0,
		0.066508,
		-0.916522,
		0.394417,
		0,
		0.676088,
		-0.249319,
		-0.693357,
		0,
		0.084755,
		-0.2897,
		-0.369053,
		1
	},
	[0.916666666667] = {
		0.906919,
		0.141563,
		0.39681,
		0,
		0.148744,
		-0.988793,
		0.012796,
		0,
		0.394175,
		0.047418,
		-0.917811,
		0,
		0.007503,
		-0.320115,
		-0.327233,
		1
	},
	[0.933333333333] = {
		0.926724,
		0.121901,
		0.355419,
		0,
		0.147575,
		-0.987984,
		-0.045933,
		0,
		0.345549,
		0.095018,
		-0.933578,
		0,
		0.004148,
		-0.327248,
		-0.32332,
		1
	},
	[0.95] = {
		0.944316,
		0.104405,
		0.312037,
		0,
		0.142811,
		-0.984395,
		-0.102817,
		0,
		0.296433,
		0.141654,
		-0.94449,
		0,
		0.002768,
		-0.33484,
		-0.320499,
		1
	},
	[0.966666666667] = {
		0.959502,
		0.089193,
		0.267207,
		0,
		0.134665,
		-0.978377,
		-0.156982,
		0,
		0.247428,
		0.186608,
		-0.950767,
		0,
		0.003271,
		-0.342735,
		-0.318827,
		1
	},
	[0.983333333333] = {
		0.972169,
		0.07629,
		0.22151,
		0,
		0.123466,
		-0.970376,
		-0.207668,
		0,
		0.199105,
		0.229237,
		-0.952789,
		0,
		0.005548,
		-0.350768,
		-0.318294,
		1
	},
	[0.9] = {
		0.885165,
		0.163179,
		0.435723,
		0,
		0.146235,
		-0.986596,
		0.072409,
		0,
		0.441699,
		-0.000376,
		-0.897163,
		0,
		0.01289,
		-0.313583,
		-0.332113,
		1
	},
	[1.01666666667] = {
		0.989896,
		0.057077,
		0.129796,
		0,
		0.09365,
		-0.950512,
		-0.296239,
		0,
		0.106465,
		0.305401,
		-0.946253,
		0,
		0.014946,
		-0.366648,
		-0.320269,
		1
	},
	[1.03333333333] = {
		0.99512,
		0.050425,
		0.084816,
		0,
		0.076025,
		-0.939757,
		-0.333281,
		0,
		0.062901,
		0.338103,
		-0.939005,
		0,
		0.021834,
		-0.374243,
		-0.322448,
		1
	},
	[1.05] = {
		0.998125,
		0.045424,
		0.041019,
		0,
		0.057292,
		-0.92919,
		-0.365135,
		0,
		0.021529,
		0.366801,
		-0.93005,
		0,
		0.03005,
		-0.381486,
		-0.325134,
		1
	},
	[1.06666666667] = {
		0.999127,
		0.04176,
		-0.001222,
		0,
		0.037945,
		-0.919332,
		-0.391648,
		0,
		-0.017479,
		0.39126,
		-0.920114,
		0,
		0.039508,
		-0.388324,
		-0.328076,
		1
	},
	[1.08333333333] = {
		0.99837,
		0.039079,
		-0.041602,
		0,
		0.018448,
		-0.910669,
		-0.412725,
		0,
		-0.054014,
		0.411284,
		-0.909905,
		0,
		0.050139,
		-0.394731,
		-0.331011,
		1
	}
}

return spline_matrices
