-- chunkname: @content/characters/player/human/first_person/animations/2h_power_maul/swing_left_up.lua

local spline_matrices = {
	[0.0166666666667] = {
		-0.13726,
		-0.116914,
		-0.983611,
		0,
		0.715922,
		0.674555,
		-0.180084,
		0,
		0.684554,
		-0.728908,
		-0.008889,
		0,
		0.235218,
		0.461732,
		-0.348658,
		1,
	},
	[0.0333333333333] = {
		-0.16974,
		-0.033835,
		-0.984908,
		0,
		0.759243,
		0.632667,
		-0.152583,
		0,
		0.628282,
		-0.773684,
		-0.0817,
		0,
		0.276949,
		0.478347,
		-0.328593,
		1,
	},
	[0.05] = {
		-0.197782,
		0.040638,
		-0.979403,
		0,
		0.790427,
		0.597533,
		-0.134827,
		0,
		0.579747,
		-0.800814,
		-0.150303,
		0,
		0.310111,
		0.494245,
		-0.30995,
		1,
	},
	[0.0666666666667] = {
		-0.223736,
		0.103926,
		-0.969093,
		0,
		0.809763,
		0.573182,
		-0.125483,
		0,
		0.542426,
		-0.812811,
		-0.212397,
		0,
		0.334665,
		0.51015,
		-0.291634,
		1,
	},
	[0.0833333333333] = {
		-0.249892,
		0.1542,
		-0.955917,
		0,
		0.817267,
		0.563017,
		-0.122826,
		0,
		0.519257,
		-0.811933,
		-0.266716,
		0,
		0.350028,
		0.526018,
		-0.271824,
		1,
	},
	[0] = {
		-0.098168,
		-0.205107,
		-0.973804,
		0,
		0.660041,
		0.718916,
		-0.217959,
		0,
		0.744788,
		-0.664147,
		0.064804,
		0,
		0.185288,
		0.44258,
		-0.371212,
		1,
	},
	[0.116666666667] = {
		-0.309696,
		0.208432,
		-0.927709,
		0,
		0.793855,
		0.593691,
		-0.131625,
		0,
		0.523338,
		-0.77723,
		-0.349328,
		0,
		0.358212,
		0.567447,
		-0.237199,
		1,
	},
	[0.133333333333] = {
		-0.364435,
		0.140777,
		-0.920526,
		0,
		0.682141,
		0.713281,
		-0.160976,
		0,
		0.633932,
		-0.686594,
		-0.355974,
		0,
		0.308709,
		0.601942,
		-0.21489,
		1,
	},
	[0.15] = {
		-0.409743,
		0.091704,
		-0.90758,
		0,
		0.533921,
		0.830812,
		-0.157101,
		0,
		0.739621,
		-0.548947,
		-0.389382,
		0,
		0.251029,
		0.623944,
		-0.187295,
		1,
	},
	[0.166666666667] = {
		-0.452117,
		0.068336,
		-0.889337,
		0,
		0.341867,
		0.934195,
		-0.102013,
		0,
		0.823843,
		-0.350157,
		-0.445727,
		0,
		0.187201,
		0.623971,
		-0.155835,
		1,
	},
	[0.183333333333] = {
		-0.507192,
		0.110821,
		-0.854678,
		0,
		0.061884,
		0.993821,
		0.092139,
		0,
		0.859608,
		-0.006159,
		-0.510916,
		0,
		0.120318,
		0.606959,
		-0.114093,
		1,
	},
	[0.1] = {
		-0.278149,
		0.189665,
		-0.941626,
		0,
		0.812414,
		0.569464,
		-0.125277,
		0,
		0.512462,
		-0.799836,
		-0.312482,
		0,
		0.358279,
		0.545499,
		-0.255194,
		1,
	},
	[0.216666666667] = {
		-0.635285,
		0.165449,
		-0.754348,
		0,
		-0.539743,
		0.603496,
		0.586915,
		0,
		0.55235,
		0.780012,
		-0.294092,
		0,
		-0.007918,
		0.537001,
		-0.072397,
		1,
	},
	[0.233333333333] = {
		-0.570008,
		0.131114,
		-0.811111,
		0,
		-0.772047,
		0.252303,
		0.58334,
		0,
		0.28113,
		0.958724,
		-0.042588,
		0,
		-0.124497,
		0.447026,
		-0.069957,
		1,
	},
	[0.25] = {
		-0.514324,
		0.183968,
		-0.837632,
		0,
		-0.857359,
		-0.13326,
		0.497169,
		0,
		-0.02016,
		0.973857,
		0.226265,
		0,
		-0.233929,
		0.343936,
		-0.076941,
		1,
	},
	[0.266666666667] = {
		-0.581447,
		0.250289,
		-0.774128,
		0,
		-0.770215,
		-0.475851,
		0.424657,
		0,
		-0.262083,
		0.843161,
		0.469459,
		0,
		-0.268616,
		0.263307,
		-0.130544,
		1,
	},
	[0.283333333333] = {
		-0.64807,
		0.135257,
		-0.749474,
		0,
		-0.56629,
		-0.743609,
		0.355473,
		0,
		-0.509235,
		0.654791,
		0.558505,
		0,
		-0.260394,
		0.208224,
		-0.189203,
		1,
	},
	[0.2] = {
		-0.590369,
		0.171947,
		-0.788605,
		0,
		-0.268137,
		0.879773,
		0.392559,
		0,
		0.761293,
		0.443209,
		-0.473285,
		0,
		0.059428,
		0.578295,
		-0.081175,
		1,
	},
	[0.316666666667] = {
		-0.649517,
		-0.278607,
		-0.707464,
		0,
		-0.037517,
		-0.917573,
		0.395794,
		0,
		-0.759421,
		0.283617,
		0.585527,
		0,
		-0.195809,
		0.145657,
		-0.289424,
		1,
	},
	[0.333333333333] = {
		-0.587126,
		-0.426491,
		-0.688032,
		0,
		0.144756,
		-0.891567,
		0.429131,
		0,
		-0.796448,
		0.152357,
		0.585199,
		0,
		-0.179315,
		0.138593,
		-0.319972,
		1,
	},
	[0.35] = {
		-0.524558,
		-0.495748,
		-0.692151,
		0,
		0.239585,
		-0.866081,
		0.438752,
		0,
		-0.816969,
		0.064322,
		0.573083,
		0,
		-0.176168,
		0.132711,
		-0.335454,
		1,
	},
	[0.366666666667] = {
		-0.45895,
		-0.543041,
		-0.703187,
		0,
		0.312269,
		-0.839562,
		0.444548,
		0,
		-0.831777,
		-0.015558,
		0.554892,
		0,
		-0.173503,
		0.125592,
		-0.348882,
		1,
	},
	[0.383333333333] = {
		-0.393969,
		-0.571118,
		-0.720148,
		0,
		0.365901,
		-0.816207,
		0.447127,
		0,
		-0.843152,
		-0.087349,
		0.530533,
		0,
		-0.170484,
		0.117093,
		-0.360278,
		1,
	},
	[0.3] = {
		-0.67461,
		-0.055702,
		-0.736069,
		0,
		-0.310697,
		-0.883095,
		0.351583,
		0,
		-0.669603,
		0.465876,
		0.578439,
		0,
		-0.230551,
		0.166244,
		-0.242241,
		1,
	},
	[0.416666666667] = {
		-0.272663,
		-0.580507,
		-0.767246,
		0,
		0.427889,
		-0.787422,
		0.443709,
		0,
		-0.861722,
		-0.207313,
		0.463094,
		0,
		-0.161235,
		0.096033,
		-0.37718,
		1,
	},
	[0.433333333333] = {
		-0.217176,
		-0.566499,
		-0.79493,
		0,
		0.441097,
		-0.783432,
		0.437797,
		0,
		-0.870786,
		-0.255562,
		0.420024,
		0,
		-0.154422,
		0.083605,
		-0.382836,
		1,
	},
	[0.45] = {
		-0.164661,
		-0.5426,
		-0.823694,
		0,
		0.444831,
		-0.786197,
		0.428975,
		0,
		-0.880348,
		-0.295769,
		0.370821,
		0,
		-0.146016,
		0.069988,
		-0.386758,
		1,
	},
	[0.466666666667] = {
		-0.114382,
		-0.510434,
		-0.852276,
		0,
		0.440296,
		-0.795092,
		0.417095,
		0,
		-0.890537,
		-0.327545,
		0.315686,
		0,
		-0.136053,
		0.055205,
		-0.389066,
		1,
	},
	[0.483333333333] = {
		-0.065611,
		-0.471471,
		-0.879438,
		0,
		0.428651,
		-0.809191,
		0.401831,
		0,
		-0.901085,
		-0.350607,
		0.255188,
		0,
		-0.124175,
		0.039359,
		-0.389996,
		1,
	},
	[0.4] = {
		-0.331605,
		-0.582768,
		-0.741903,
		0,
		0.403547,
		-0.798443,
		0.446809,
		0,
		-0.852753,
		-0.151229,
		0.499942,
		0,
		-0.166521,
		0.10722,
		-0.369688,
		1,
	},
	[0.516666666667] = {
		0.030588,
		-0.378963,
		-0.924906,
		0,
		0.387521,
		-0.848467,
		0.36046,
		0,
		-0.921353,
		-0.369446,
		0.120904,
		0,
		-0.09415,
		0.004728,
		-0.388154,
		1,
	},
	[0.533333333333] = {
		0.079247,
		-0.328418,
		-0.941202,
		0,
		0.358939,
		-0.87144,
		0.334297,
		0,
		-0.929991,
		-0.364327,
		0.048823,
		0,
		-0.076623,
		-0.014185,
		-0.385454,
		1,
	},
	[0.55] = {
		0.128774,
		-0.277145,
		-0.952159,
		0,
		0.325408,
		-0.89518,
		0.30457,
		0,
		-0.936764,
		-0.349061,
		-0.02509,
		0,
		-0.057898,
		-0.034301,
		-0.381693,
		1,
	},
	[0.566666666667] = {
		0.179219,
		-0.226851,
		-0.957298,
		0,
		0.287129,
		-0.918628,
		0.271441,
		0,
		-0.940977,
		-0.323515,
		-0.0995,
		0,
		-0.038362,
		-0.055731,
		-0.377042,
		1,
	},
	[0.583333333333] = {
		0.230331,
		-0.179284,
		-0.956454,
		0,
		0.244266,
		-0.940761,
		0.235166,
		0,
		-0.941956,
		-0.287795,
		-0.172893,
		0,
		-0.01841,
		-0.078559,
		-0.371737,
		1,
	},
	[0.5] = {
		-0.017519,
		-0.427159,
		-0.904007,
		0,
		0.410883,
		-0.827349,
		0.382974,
		0,
		-0.91152,
		-0.364732,
		0.190007,
		0,
		-0.110111,
		0.022548,
		-0.389687,
		1,
	},
	[0.616666666667] = {
		0.335761,
		-0.090657,
		-0.937574,
		0,
		0.146772,
		-0.978165,
		0.147143,
		0,
		-0.930442,
		-0.187014,
		-0.315124,
		0,
		0.020134,
		-0.128933,
		-0.360705,
		1,
	},
	[0.633333333333] = {
		0.390267,
		-0.049702,
		-0.919359,
		0,
		0.094059,
		-0.991165,
		0.093512,
		0,
		-0.915885,
		-0.122969,
		-0.382144,
		0,
		0.037472,
		-0.156577,
		-0.355688,
		1,
	},
	[0.65] = {
		0.445397,
		-0.012284,
		-0.895249,
		0,
		0.040286,
		-0.998618,
		0.033745,
		0,
		-0.894426,
		-0.051095,
		-0.444287,
		0,
		0.052867,
		-0.185702,
		-0.351504,
		1,
	},
	[0.666666666667] = {
		0.500557,
		0.020733,
		-0.865455,
		0,
		-0.01312,
		-0.999417,
		-0.03153,
		0,
		-0.865604,
		0.027137,
		-0.499993,
		0,
		0.065924,
		-0.21603,
		-0.34856,
		1,
	},
	[0.683333333333] = {
		0.554934,
		0.048574,
		-0.830475,
		0,
		-0.064682,
		-0.992752,
		-0.101286,
		0,
		-0.829376,
		0.109924,
		-0.54777,
		0,
		0.076352,
		-0.24715,
		-0.347244,
		1,
	},
	[0.6] = {
		0.282354,
		-0.134164,
		-0.949882,
		0,
		0.197193,
		-0.96091,
		0.194337,
		0,
		-0.938824,
		-0.242182,
		-0.244861,
		0,
		0.001332,
		-0.102917,
		-0.366165,
		1,
	},
	[0.716666666667] = {
		0.658389,
		0.086692,
		-0.747669,
		0,
		-0.156541,
		-0.955853,
		-0.248679,
		0,
		-0.73622,
		0.280768,
		-0.615752,
		0,
		0.088826,
		-0.309637,
		-0.350645,
		1,
	},
	[0.733333333333] = {
		0.706023,
		0.096615,
		-0.701568,
		0,
		-0.19435,
		-0.926183,
		-0.323132,
		0,
		-0.680999,
		0.364488,
		-0.635129,
		0,
		0.090953,
		-0.339805,
		-0.355617,
		1,
	},
	[0.75] = {
		0.750119,
		0.100674,
		-0.653595,
		0,
		-0.225526,
		-0.89015,
		-0.395943,
		0,
		-0.621659,
		0.444407,
		-0.645013,
		0,
		0.090581,
		-0.368474,
		-0.362685,
		1,
	},
	[0.766666666667] = {
		0.790317,
		0.09932,
		-0.604595,
		0,
		-0.249546,
		-0.849041,
		-0.465678,
		0,
		-0.559577,
		0.518908,
		-0.646226,
		0,
		0.087989,
		-0.395144,
		-0.371585,
		1,
	},
	[0.783333333333] = {
		0.826411,
		0.093192,
		-0.555302,
		0,
		-0.2662,
		-0.80437,
		-0.531156,
		0,
		-0.496168,
		0.586774,
		-0.639932,
		0,
		0.083484,
		-0.419421,
		-0.38192,
		1,
	},
	[0.7] = {
		0.607796,
		0.070664,
		-0.790943,
		0,
		-0.112941,
		-0.978215,
		-0.174183,
		0,
		-0.786021,
		0.195198,
		-0.586574,
		0,
		0.083993,
		-0.278549,
		-0.347872,
		1,
	},
	[0.816666666667] = {
		0.886289,
		0.069653,
		-0.457864,
		0,
		-0.277927,
		-0.710834,
		-0.64612,
		0,
		-0.37047,
		0.699902,
		-0.610646,
		0,
		0.069918,
		-0.459874,
		-0.404831,
		1,
	},
	[0.833333333333] = {
		0.91039,
		0.053818,
		-0.410237,
		0,
		-0.273743,
		-0.66513,
		-0.694742,
		0,
		-0.31025,
		0.744786,
		-0.590795,
		0,
		0.061338,
		-0.475895,
		-0.416246,
		1,
	},
	[0.85] = {
		0.930766,
		0.036885,
		-0.363751,
		0,
		-0.263348,
		-0.622505,
		-0.736977,
		0,
		-0.25362,
		0.781746,
		-0.569693,
		0,
		0.052216,
		-0.489231,
		-0.427136,
		1,
	},
	[0.866666666667] = {
		0.947644,
		0.019876,
		-0.318709,
		0,
		-0.247674,
		-0.584242,
		-0.772864,
		0,
		-0.201564,
		0.811336,
		-0.548731,
		0,
		0.042825,
		-0.500006,
		-0.437417,
		1,
	},
	[0.883333333333] = {
		0.961456,
		0.002877,
		-0.274943,
		0,
		-0.227962,
		-0.55076,
		-0.80293,
		0,
		-0.153738,
		0.834659,
		-0.528876,
		0,
		0.032774,
		-0.508261,
		-0.446862,
		1,
	},
	[0.8] = {
		0.858367,
		0.083041,
		-0.506272,
		0,
		-0.275561,
		-0.757761,
		-0.591494,
		0,
		-0.432751,
		0.647227,
		-0.627554,
		0,
		0.077371,
		-0.441043,
		-0.39319,
		1,
	},
	[0.916666666667] = {
		0.981241,
		-0.03162,
		-0.190175,
		0,
		-0.180344,
		-0.499188,
		-0.847518,
		0,
		-0.068134,
		0.865916,
		-0.495526,
		0,
		0.008665,
		-0.517187,
		-0.462627,
		1,
	},
	[0.9] = {
		0.972563,
		-0.014213,
		-0.232206,
		0,
		-0.205246,
		-0.522334,
		-0.827672,
		0,
		-0.109525,
		0.852623,
		-0.51092,
		0,
		0.021571,
		-0.514005,
		-0.455306,
		1,
	},
}

return spline_matrices
