-- chunkname: @content/characters/player/human/first_person/animations/2h_power_maul/swing_right.lua

local spline_matrices = {
	[0.0166666666667] = {
		0.997432,
		0.067553,
		0.023801,
		0,
		0.046878,
		-0.364488,
		-0.930027,
		0,
		-0.054151,
		0.928755,
		-0.366719,
		0,
		-0.034354,
		-0.23033,
		-0.588346,
		1,
	},
	[0.0333333333333] = {
		0.805414,
		0.395069,
		0.441847,
		0,
		0.385721,
		0.216648,
		-0.896818,
		0,
		-0.45003,
		0.89274,
		0.022105,
		0,
		-0.054791,
		-0.111914,
		-0.605746,
		1,
	},
	[0.05] = {
		0.411348,
		0.332761,
		0.848565,
		0,
		0.341003,
		0.807186,
		-0.481838,
		0,
		-0.845287,
		0.487566,
		0.218562,
		0,
		-0.083928,
		0.059977,
		-0.571693,
		1,
	},
	[0.0666666666667] = {
		0.201778,
		0.078019,
		0.976319,
		0,
		0.088488,
		0.991294,
		-0.097504,
		0,
		-0.975426,
		0.106067,
		0.193118,
		0,
		-0.116107,
		0.190939,
		-0.504233,
		1,
	},
	[0.0833333333333] = {
		0.230597,
		-0.13857,
		0.963132,
		0,
		-0.133801,
		0.97589,
		0.17244,
		0,
		-0.963806,
		-0.168632,
		0.206496,
		0,
		-0.13035,
		0.272494,
		-0.398005,
		1,
	},
	[0] = {
		0.965794,
		-0.218002,
		-0.140417,
		0,
		-0.239258,
		-0.540364,
		-0.806698,
		0,
		0.099986,
		0.8127,
		-0.574039,
		0,
		-0.00932,
		-0.268372,
		-0.562012,
		1,
	},
	[0.116666666667] = {
		0.492405,
		-0.349015,
		0.797324,
		0,
		-0.429749,
		0.699128,
		0.571433,
		0,
		-0.75687,
		-0.624026,
		0.194266,
		0,
		-0.156588,
		0.328694,
		-0.192554,
		1,
	},
	[0.133333333333] = {
		0.484891,
		-0.340348,
		0.805632,
		0,
		-0.538066,
		0.610107,
		0.581596,
		0,
		-0.689467,
		-0.715495,
		0.112706,
		0,
		-0.185469,
		0.302418,
		-0.185356,
		1,
	},
	[0.15] = {
		0.412913,
		-0.301572,
		0.859393,
		0,
		-0.647001,
		0.566981,
		0.509826,
		0,
		-0.641009,
		-0.766542,
		0.038996,
		0,
		-0.232792,
		0.263077,
		-0.181198,
		1,
	},
	[0.166666666667] = {
		0.297974,
		-0.24811,
		0.921766,
		0,
		-0.743276,
		0.545593,
		0.38713,
		0,
		-0.59896,
		-0.800481,
		-0.021841,
		0,
		-0.285665,
		0.222392,
		-0.178722,
		1,
	},
	[0.183333333333] = {
		0.173507,
		-0.194644,
		0.965406,
		0,
		-0.814962,
		0.521995,
		0.251712,
		0,
		-0.552931,
		-0.830443,
		-0.068058,
		0,
		-0.329529,
		0.190393,
		-0.178328,
		1,
	},
	[0.1] = {
		0.382981,
		-0.294553,
		0.875536,
		0,
		-0.310798,
		0.851458,
		0.422403,
		0,
		-0.869903,
		-0.433887,
		0.234545,
		0,
		-0.143284,
		0.322507,
		-0.264906,
		1,
	},
	[0.216666666667] = {
		0.034848,
		-0.140612,
		0.989451,
		0,
		-0.913133,
		0.397894,
		0.088706,
		0,
		-0.40617,
		-0.906592,
		-0.114532,
		0,
		-0.339448,
		0.17856,
		-0.186322,
		1,
	},
	[0.233333333333] = {
		0.003284,
		-0.122736,
		0.992434,
		0,
		-0.955124,
		0.293565,
		0.039467,
		0,
		-0.296188,
		-0.948027,
		-0.116264,
		0,
		-0.316996,
		0.189406,
		-0.186167,
		1,
	},
	[0.25] = {
		-0.018739,
		-0.109701,
		0.993788,
		0,
		-0.980196,
		0.198003,
		0.003374,
		0,
		-0.197143,
		-0.974043,
		-0.111239,
		0,
		-0.285388,
		0.206809,
		-0.182892,
		1,
	},
	[0.266666666667] = {
		-0.036408,
		-0.104899,
		0.993816,
		0,
		-0.989165,
		0.145315,
		-0.020899,
		0,
		-0.142224,
		-0.983809,
		-0.109053,
		0,
		-0.25028,
		0.228389,
		-0.178559,
		1,
	},
	[0.283333333333] = {
		-0.054694,
		-0.111689,
		0.992237,
		0,
		-0.984931,
		0.169319,
		-0.035232,
		0,
		-0.164069,
		-0.979212,
		-0.119266,
		0,
		-0.217519,
		0.251551,
		-0.175234,
		1,
	},
	[0.2] = {
		0.082752,
		-0.160057,
		0.983633,
		0,
		-0.865248,
		0.478189,
		0.150603,
		0,
		-0.494468,
		-0.863549,
		-0.098917,
		0,
		-0.347894,
		0.176162,
		-0.182069,
		1,
	},
	[0.316666666667] = {
		-0.13484,
		-0.172149,
		0.975799,
		0,
		-0.876555,
		0.47992,
		-0.03646,
		0,
		-0.462028,
		-0.860257,
		-0.21561,
		0,
		-0.155808,
		0.317454,
		-0.167518,
		1,
	},
	[0.333333333333] = {
		-0.190359,
		-0.189951,
		0.963162,
		0,
		-0.715685,
		0.698414,
		-0.00371,
		0,
		-0.671981,
		-0.690027,
		-0.268894,
		0,
		-0.119423,
		0.36172,
		-0.158454,
		1,
	},
	[0.35] = {
		-0.231604,
		-0.179097,
		0.956182,
		0,
		-0.471576,
		0.880368,
		0.050673,
		0,
		-0.850867,
		-0.439177,
		-0.288354,
		0,
		-0.076212,
		0.407477,
		-0.144415,
		1,
	},
	[0.366666666667] = {
		-0.239751,
		-0.148416,
		0.959423,
		0,
		-0.182608,
		0.9775,
		0.105581,
		0,
		-0.953506,
		-0.149885,
		-0.261459,
		0,
		-0.027246,
		0.448196,
		-0.126472,
		1,
	},
	[0.383333333333] = {
		-0.211797,
		-0.117455,
		0.97023,
		0,
		0.09686,
		0.985342,
		0.140428,
		0,
		-0.972502,
		0.123719,
		-0.197316,
		0,
		0.023101,
		0.479047,
		-0.107054,
		1,
	},
	[0.3] = {
		-0.085875,
		-0.137824,
		0.986727,
		0,
		-0.956505,
		0.288536,
		-0.042942,
		0,
		-0.278788,
		-0.947497,
		-0.156607,
		0,
		-0.187551,
		0.279901,
		-0.172498,
		1,
	},
	[0.416666666667] = {
		-0.032626,
		-0.086983,
		0.995675,
		0,
		0.480877,
		0.871955,
		0.091932,
		0,
		-0.876181,
		0.481797,
		0.013379,
		0,
		0.098233,
		0.498906,
		-0.07829,
		1,
	},
	[0.433333333333] = {
		0.019942,
		-0.084806,
		0.996198,
		0,
		0.7199,
		0.692647,
		0.044553,
		0,
		-0.693791,
		0.716274,
		0.074864,
		0,
		0.154797,
		0.49295,
		-0.079597,
		1,
	},
	[0.45] = {
		-0.054992,
		-0.070683,
		0.995982,
		0,
		0.998444,
		-0.013103,
		0.054198,
		0,
		0.009219,
		0.997413,
		0.071294,
		0,
		0.319247,
		0.430772,
		-0.121744,
		1,
	},
	[0.466666666667] = {
		-0.092629,
		-0.03335,
		0.995142,
		0,
		0.93664,
		-0.342011,
		0.075722,
		0,
		0.337824,
		0.939104,
		0.062917,
		0,
		0.387034,
		0.372569,
		-0.138127,
		1,
	},
	[0.483333333333] = {
		-0.140605,
		0.003792,
		0.990059,
		0,
		0.857042,
		-0.500194,
		0.12363,
		0,
		0.49569,
		0.865905,
		0.06708,
		0,
		0.425334,
		0.329447,
		-0.139196,
		1,
	},
	[0.4] = {
		-0.138739,
		-0.107897,
		0.984434,
		0,
		0.328497,
		0.932754,
		0.148529,
		0,
		-0.93426,
		0.34399,
		-0.093966,
		0,
		0.069807,
		0.497435,
		-0.089595,
		1,
	},
	[0.516666666667] = {
		-0.231856,
		0.057955,
		0.971022,
		0,
		0.757065,
		-0.616061,
		0.217537,
		0,
		0.610816,
		0.785564,
		0.098962,
		0,
		0.471063,
		0.279142,
		-0.134097,
		1,
	},
	[0.533333333333] = {
		-0.246902,
		0.040179,
		0.968207,
		0,
		0.722655,
		-0.658027,
		0.21159,
		0,
		0.645608,
		0.751921,
		0.133433,
		0,
		0.488894,
		0.260666,
		-0.149269,
		1,
	},
	[0.55] = {
		-0.23464,
		-0.015443,
		0.97196,
		0,
		0.693721,
		-0.70308,
		0.156299,
		0,
		0.680952,
		0.710943,
		0.175684,
		0,
		0.499638,
		0.255494,
		-0.19425,
		1,
	},
	[0.566666666667] = {
		-0.212763,
		-0.09997,
		0.971976,
		0,
		0.674076,
		-0.73515,
		0.071942,
		0,
		0.707356,
		0.670493,
		0.2238,
		0,
		0.501006,
		0.246694,
		-0.242192,
		1,
	},
	[0.583333333333] = {
		-0.192451,
		-0.200051,
		0.960699,
		0,
		0.632476,
		-0.773814,
		-0.034435,
		0,
		0.750291,
		0.600992,
		0.275448,
		0,
		0.502174,
		0.21268,
		-0.270034,
		1,
	},
	[0.5] = {
		-0.193953,
		0.034801,
		0.980393,
		0,
		0.799553,
		-0.573446,
		0.178532,
		0,
		0.568416,
		0.818504,
		0.083396,
		0,
		0.450996,
		0.300832,
		-0.133947,
		1,
	},
	[0.616666666667] = {
		-0.176122,
		-0.43885,
		0.881131,
		0,
		0.514105,
		-0.804352,
		-0.29785,
		0,
		0.83945,
		0.400536,
		0.367279,
		0,
		0.502315,
		0.111985,
		-0.307765,
		1,
	},
	[0.633333333333] = {
		-0.177418,
		-0.54539,
		0.81919,
		0,
		0.452994,
		-0.784229,
		-0.424006,
		0,
		0.873681,
		0.295862,
		0.386195,
		0,
		0.499558,
		0.060967,
		-0.321744,
		1,
	},
	[0.65] = {
		-0.175653,
		-0.627737,
		0.758348,
		0,
		0.401032,
		-0.749138,
		-0.527224,
		0,
		0.899066,
		0.211514,
		0.383331,
		0,
		0.493696,
		0.020265,
		-0.33489,
		1,
	},
	[0.666666666667] = {
		-0.160031,
		-0.68101,
		0.714574,
		0,
		0.363618,
		-0.713669,
		-0.598715,
		0,
		0.917699,
		0.164019,
		0.361836,
		0,
		0.483713,
		-0.002077,
		-0.348876,
		1,
	},
	[0.683333333333] = {
		-0.130018,
		-0.715393,
		0.686519,
		0,
		0.335834,
		-0.683244,
		-0.648377,
		0,
		0.932904,
		0.146256,
		0.329088,
		0,
		0.469729,
		-0.012274,
		-0.364572,
		1,
	},
	[0.6] = {
		-0.179893,
		-0.318558,
		0.930677,
		0,
		0.576791,
		-0.800559,
		-0.162531,
		0,
		0.796838,
		0.507568,
		0.327757,
		0,
		0.502897,
		0.165225,
		-0.291178,
		1,
	},
	[0.716666666667] = {
		-0.048663,
		-0.765634,
		0.641433,
		0,
		0.283974,
		-0.626297,
		-0.726024,
		0,
		0.957596,
		0.146819,
		0.247897,
		0,
		0.432833,
		-0.030898,
		-0.399215,
		1,
	},
	[0.733333333333] = {
		0.002557,
		-0.782014,
		0.623256,
		0,
		0.259072,
		-0.60146,
		-0.75573,
		0,
		0.965855,
		0.163401,
		0.20106,
		0,
		0.410278,
		-0.039615,
		-0.417395,
		1,
	},
	[0.75] = {
		0.060489,
		-0.792439,
		0.606944,
		0,
		0.234502,
		-0.579757,
		-0.780314,
		0,
		0.970232,
		0.18953,
		0.15076,
		0,
		0.385288,
		-0.048247,
		-0.435642,
		1,
	},
	[0.766666666667] = {
		0.124671,
		-0.796555,
		0.591572,
		0,
		0.210139,
		-0.561501,
		-0.800349,
		0,
		0.96969,
		0.224092,
		0.097384,
		0,
		0.358159,
		-0.057084,
		-0.45358,
		1,
	},
	[0.783333333333] = {
		0.194415,
		-0.793884,
		0.576152,
		0,
		0.185962,
		-0.546878,
		-0.816298,
		0,
		0.963131,
		0.265843,
		0.041311,
		0,
		0.329257,
		-0.06642,
		-0.470852,
		1,
	},
	[0.7] = {
		-0.092896,
		-0.743462,
		0.662295,
		0,
		0.309443,
		-0.65379,
		-0.69051,
		0,
		0.94637,
		0.140797,
		0.290793,
		0,
		0.452715,
		-0.021848,
		-0.381479,
		1,
	},
	[0.816666666667] = {
		0.346532,
		-0.766202,
		0.541156,
		0,
		0.138523,
		-0.528778,
		-0.83738,
		0,
		0.927754,
		0.365141,
		-0.077102,
		0,
		0.267981,
		-0.087629,
		-0.502074,
		1,
	},
	[0.833333333333] = {
		0.426215,
		-0.740452,
		0.519684,
		0,
		0.115613,
		-0.525179,
		-0.843102,
		0,
		0.897204,
		0.419425,
		-0.138233,
		0,
		0.236717,
		-0.099878,
		-0.515457,
		1,
	},
	[0.85] = {
		0.506132,
		-0.706623,
		0.494485,
		0,
		0.093545,
		-0.524985,
		-0.845955,
		0,
		0.857368,
		0.474421,
		-0.199611,
		0,
		0.205869,
		-0.113328,
		-0.52707,
		1,
	},
	[0.866666666667] = {
		0.584457,
		-0.664989,
		0.464973,
		0,
		0.072546,
		-0.527914,
		-0.846194,
		0,
		0.808175,
		0.528296,
		-0.260301,
		0,
		0.176091,
		-0.127918,
		-0.536783,
		1,
	},
	[0.883333333333] = {
		0.659341,
		-0.616185,
		0.430797,
		0,
		0.052815,
		-0.533612,
		-0.844078,
		0,
		0.749987,
		0.579288,
		-0.319289,
		0,
		0.148012,
		-0.143466,
		-0.544558,
		1,
	},
	[0.8] = {
		0.268774,
		-0.783916,
		0.559675,
		0,
		0.16204,
		-0.535975,
		-0.828537,
		0,
		0.949476,
		0.313379,
		-0.01703,
		0,
		0.299024,
		-0.076527,
		-0.487119,
		1,
	},
	[0.916666666667] = {
		0.792009,
		-0.501373,
		0.348348,
		0,
		0.017574,
		-0.551626,
		-0.833906,
		0,
		0.610256,
		0.666583,
		-0.428082,
		0,
		0.099148,
		-0.176242,
		-0.55452,
		1,
	},
	[0.933333333333] = {
		0.847087,
		-0.438235,
		0.300655,
		0,
		0.002036,
		-0.563042,
		-0.826426,
		0,
		0.53145,
		0.700667,
		-0.476054,
		0,
		0.079175,
		-0.192676,
		-0.557013,
		1,
	},
	[0.95] = {
		0.893487,
		-0.373483,
		0.249382,
		0,
		-0.012317,
		-0.575477,
		-0.817725,
		0,
		0.44892,
		0.727555,
		-0.518782,
		0,
		0.062485,
		-0.208565,
		-0.558141,
		1,
	},
	[0.966666666667] = {
		0.930862,
		-0.308829,
		0.195247,
		0,
		-0.025769,
		-0.58854,
		-0.808057,
		0,
		0.364462,
		0.747158,
		-0.555808,
		0,
		0.049131,
		-0.223494,
		-0.558161,
		1,
	},
	[0.983333333333] = {
		0.959272,
		-0.245911,
		0.139011,
		0,
		-0.038695,
		-0.601856,
		-0.797666,
		0,
		0.27982,
		0.7598,
		-0.58686,
		0,
		0.03904,
		-0.237075,
		-0.557336,
		1,
	},
	[0.9] = {
		0.729032,
		-0.561208,
		0.391864,
		0,
		0.034478,
		-0.541665,
		-0.839887,
		0,
		0.683611,
		0.625815,
		-0.375542,
		0,
		0.122208,
		-0.159698,
		-0.550431,
		1,
	},
	[1.01666666667] = {
		0.991149,
		-0.130707,
		0.023203,
		0,
		-0.064679,
		-0.628111,
		-0.775431,
		0,
		0.115928,
		0.767067,
		-0.631006,
		0,
		0.027906,
		-0.259036,
		-0.554105,
		1,
	},
	[1.03333333333] = {
		0.996156,
		-0.080257,
		-0.035103,
		0,
		-0.078533,
		-0.640712,
		-0.763755,
		0,
		0.038806,
		0.763575,
		-0.644552,
		0,
		0.026412,
		-0.267078,
		-0.552051,
		1,
	},
	[1.05] = {
		0.995024,
		-0.035644,
		-0.09304,
		0,
		-0.093673,
		-0.65282,
		-0.751699,
		0,
		-0.033944,
		0.756674,
		-0.65291,
		0,
		0.027242,
		-0.273079,
		-0.549848,
		1,
	},
	[1.06666666667] = {
		0.988635,
		0.00251,
		-0.150312,
		0,
		-0.110696,
		-0.664362,
		-0.739168,
		0,
		-0.101717,
		0.747406,
		-0.656534,
		0,
		0.030099,
		-0.277049,
		-0.547527,
		1,
	},
	[1.08333333333] = {
		0.977829,
		0.033729,
		-0.206672,
		0,
		-0.130155,
		-0.675259,
		-0.726006,
		0,
		-0.164044,
		0.736809,
		-0.655898,
		0,
		0.034723,
		-0.279057,
		-0.545086,
		1,
	},
	{
		0.979133,
		-0.186194,
		0.081433,
		0,
		-0.051538,
		-0.615114,
		-0.786752,
		0,
		0.196579,
		0.766137,
		-0.611875,
		0,
		0.032036,
		-0.248993,
		-0.555915,
		1,
	},
}

return spline_matrices
