-- chunkname: @content/characters/player/ogryn/first_person/animations/rippergun_rifle/from_braced.lua

local spline_matrices = {
	[0.0166666666667] = {
		0.996918,
		0.077594,
		-0.011598,
		0,
		-0.074365,
		0.981668,
		0.175495,
		0,
		0.025003,
		-0.174092,
		0.984412,
		0,
		0.171918,
		1.046497,
		-0.784914,
		1
	},
	[0.0333333333333] = {
		0.997242,
		0.07372,
		-0.008611,
		0,
		-0.06996,
		0.972385,
		0.22265,
		0,
		0.024787,
		-0.221433,
		0.97486,
		0,
		0.171828,
		1.054435,
		-0.806894,
		1
	},
	[0.05] = {
		0.997688,
		0.067814,
		-0.004375,
		0,
		-0.063574,
		0.954171,
		0.292431,
		0,
		0.024005,
		-0.291477,
		0.956277,
		0,
		0.172076,
		1.067398,
		-0.838383,
		1
	},
	[0.0666666666667] = {
		0.998176,
		0.060377,
		0.000465,
		0,
		-0.056096,
		0.924497,
		0.37704,
		0,
		0.022334,
		-0.376378,
		0.926197,
		0,
		0.173016,
		1.085205,
		-0.874979,
		1
	},
	[0.0833333333333] = {
		0.998633,
		0.051987,
		0.005351,
		0,
		-0.048435,
		0.882182,
		0.468411,
		0,
		0.01963,
		-0.46803,
		0.883494,
		0,
		0.174992,
		1.107306,
		-0.91232,
		1
	},
	[0] = {
		0.996795,
		0.078984,
		-0.012712,
		0,
		-0.075989,
		0.984471,
		0.158249,
		0,
		0.025014,
		-0.156776,
		0.987317,
		0,
		0.172014,
		1.043752,
		-0.776691,
		1
	},
	[0.116666666667] = {
		0.999298,
		0.034802,
		0.013875,
		0,
		-0.035597,
		0.766427,
		0.641345,
		0,
		0.011685,
		-0.641388,
		0.767127,
		0,
		0.183161,
		1.15934,
		-0.973408,
		1
	},
	[0.133333333333] = {
		0.999502,
		0.022894,
		0.021738,
		0,
		-0.031368,
		0.642211,
		0.765886,
		0,
		0.003573,
		-0.766186,
		0.642609,
		0,
		0.189596,
		1.208733,
		-1.003375,
		1
	},
	[0.15] = {
		0.999393,
		0.010317,
		0.033264,
		0,
		-0.034019,
		0.493697,
		0.868969,
		0,
		-0.007457,
		-0.869573,
		0.493748,
		0,
		0.198215,
		1.261166,
		-1.020806,
		1
	},
	[0.166666666667] = {
		0.998981,
		0.001514,
		0.045097,
		0,
		-0.041638,
		0.416033,
		0.908396,
		0,
		-0.017386,
		-0.909348,
		0.415673,
		0,
		0.20798,
		1.280778,
		-1.016716,
		1
	},
	[0.183333333333] = {
		0.99826,
		-0.00624,
		0.058638,
		0,
		-0.052352,
		0.363863,
		0.92998,
		0,
		-0.027139,
		-0.931432,
		0.362903,
		0,
		0.218863,
		1.284271,
		-0.998119,
		1
	},
	[0.1] = {
		0.999015,
		0.043262,
		0.009888,
		0,
		-0.041399,
		0.828291,
		0.558767,
		0,
		0.015984,
		-0.558626,
		0.829266,
		0,
		0.178299,
		1.132584,
		-0.946322,
		1
	},
	[0.216666666667] = {
		0.995172,
		-0.022438,
		0.095543,
		0,
		-0.086025,
		0.269146,
		0.95925,
		0,
		-0.047238,
		-0.962838,
		0.265917,
		0,
		0.245324,
		1.268637,
		-0.924222,
		1
	},
	[0.233333333333] = {
		0.992598,
		-0.030852,
		0.117459,
		0,
		-0.107921,
		0.219445,
		0.969637,
		0,
		-0.055691,
		-0.975137,
		0.214491,
		0,
		0.259778,
		1.254364,
		-0.86993,
		1
	},
	[0.25] = {
		0.989412,
		-0.039569,
		0.139634,
		0,
		-0.130814,
		0.173552,
		0.976098,
		0,
		-0.062857,
		-0.984029,
		0.166538,
		0,
		0.27449,
		1.237298,
		-0.813752,
		1
	},
	[0.266666666667] = {
		0.985814,
		-0.048793,
		0.160593,
		0,
		-0.152769,
		0.135438,
		0.978937,
		0,
		-0.069515,
		-0.989584,
		0.126063,
		0,
		0.289258,
		1.218801,
		-0.764685,
		1
	},
	[0.283333333333] = {
		0.982116,
		-0.058738,
		0.178883,
		0,
		-0.171807,
		0.109046,
		0.979077,
		0,
		-0.077015,
		-0.9923,
		0.097004,
		0,
		0.303957,
		1.200249,
		-0.7319,
		1
	},
	[0.2] = {
		0.997055,
		-0.014129,
		0.075372,
		0,
		-0.066955,
		0.318757,
		0.945469,
		0,
		-0.037384,
		-0.947731,
		0.316872,
		0,
		0.23139,
		1.278761,
		-0.967885,
		1
	},
	[0.316666666667] = {
		0.973604,
		-0.080808,
		0.213458,
		0,
		-0.206786,
		0.083572,
		0.97481,
		0,
		-0.096612,
		-0.99322,
		0.064656,
		0,
		0.33389,
		1.163264,
		-0.694998,
		1
	},
	[0.333333333333] = {
		0.96871,
		-0.092309,
		0.230392,
		0,
		-0.223608,
		0.078235,
		0.971534,
		0,
		-0.107706,
		-0.992652,
		0.055146,
		0,
		0.348333,
		1.144499,
		-0.681133,
		1
	},
	[0.35] = {
		0.963782,
		-0.103672,
		0.245716,
		0,
		-0.238683,
		0.075709,
		0.968142,
		0,
		-0.118972,
		-0.991726,
		0.048222,
		0,
		0.361533,
		1.12581,
		-0.670232,
		1
	},
	[0.366666666667] = {
		0.959212,
		-0.11457,
		0.25843,
		0,
		-0.251129,
		0.074388,
		0.965091,
		0,
		-0.129794,
		-0.990626,
		0.042582,
		0,
		0.372839,
		1.107395,
		-0.662226,
		1
	},
	[0.383333333333] = {
		0.955441,
		-0.124684,
		0.267556,
		0,
		-0.260143,
		0.072667,
		0.962832,
		0,
		-0.139492,
		-0.989532,
		0.036994,
		0,
		0.381618,
		1.089458,
		-0.657048,
		1
	},
	[0.3] = {
		0.97815,
		-0.069504,
		0.195941,
		0,
		-0.189179,
		0.093317,
		0.977498,
		0,
		-0.086224,
		-0.993208,
		0.078129,
		0,
		0.318872,
		1.181912,
		-0.7119,
		1
	},
	[0.416666666667] = {
		0.951354,
		-0.141585,
		0.273639,
		0,
		-0.267083,
		0.063777,
		0.961561,
		0,
		-0.153595,
		-0.987869,
		0.02286,
		0,
		0.389296,
		1.055781,
		-0.653301,
		1
	},
	[0.433333333333] = {
		0.950152,
		-0.148033,
		0.274404,
		0,
		-0.268445,
		0.059234,
		0.961472,
		0,
		-0.158584,
		-0.987207,
		0.016543,
		0,
		0.388703,
		1.040345,
		-0.65149,
		1
	},
	[0.45] = {
		0.949384,
		-0.152392,
		0.274676,
		0,
		-0.26918,
		0.056007,
		0.96146,
		0,
		-0.161903,
		-0.986732,
		0.012152,
		0,
		0.387053,
		1.026046,
		-0.649206,
		1
	},
	[0.466666666667] = {
		0.949112,
		-0.154012,
		0.274712,
		0,
		-0.269398,
		0.05479,
		0.961469,
		0,
		-0.163129,
		-0.986549,
		0.010511,
		0,
		0.385914,
		1.013036,
		-0.646463,
		1
	},
	[0.483333333333] = {
		0.971632,
		-0.151387,
		0.181694,
		0,
		-0.173594,
		0.065213,
		0.982656,
		0,
		-0.160611,
		-0.986321,
		0.037083,
		0,
		0.417092,
		0.997024,
		-0.651643,
		1
	},
	[0.4] = {
		0.952928,
		-0.133701,
		0.272126,
		0,
		-0.264983,
		0.068945,
		0.961785,
		0,
		-0.147353,
		-0.988621,
		0.030271,
		0,
		0.387254,
		1.072201,
		-0.654623,
		1
	},
	[0.516666666667] = {
		0.968016,
		-0.073172,
		-0.239979,
		0,
		0.247411,
		0.11975,
		0.961482,
		0,
		-0.041616,
		-0.990104,
		0.134024,
		0,
		0.532699,
		0.987569,
		-0.638433,
		1
	},
	[0.533333333333] = {
		0.942486,
		-0.016467,
		-0.333841,
		0,
		0.332317,
		0.153323,
		0.930622,
		0,
		0.03586,
		-0.988039,
		0.149977,
		0,
		0.586948,
		0.991091,
		-0.62193,
		1
	},
	[0.55] = {
		0.942923,
		0.045572,
		-0.329879,
		0,
		0.317397,
		0.176789,
		0.931668,
		0,
		0.100777,
		-0.983193,
		0.152234,
		0,
		0.622352,
		0.988932,
		-0.614279,
		1
	},
	[0.566666666667] = {
		0.940846,
		0.117452,
		-0.317827,
		0,
		0.291625,
		0.196906,
		0.936047,
		0,
		0.172522,
		-0.973362,
		0.151006,
		0,
		0.635582,
		0.983967,
		-0.607122,
		1
	},
	[0.583333333333] = {
		0.935486,
		0.182201,
		-0.302769,
		0,
		0.263577,
		0.210895,
		0.941303,
		0,
		0.235359,
		-0.960378,
		0.149265,
		0,
		0.635828,
		0.976606,
		-0.600949,
		1
	},
	[0.5] = {
		0.991614,
		-0.12593,
		-0.029045,
		0,
		0.040164,
		0.086676,
		0.995427,
		0,
		-0.122837,
		-0.988245,
		0.091007,
		0,
		0.474914,
		0.986001,
		-0.653749,
		1
	},
	[0.616666666667] = {
		0.927276,
		0.242409,
		-0.2853,
		0,
		0.233772,
		0.220322,
		0.947,
		0,
		0.292419,
		-0.944826,
		0.147631,
		0,
		0.627645,
		0.958138,
		-0.592932,
		1
	},
	[0.633333333333] = {
		0.925903,
		0.252064,
		-0.281368,
		0,
		0.227018,
		0.224049,
		0.947768,
		0,
		0.301938,
		-0.941417,
		0.150224,
		0,
		0.623321,
		0.947068,
		-0.591434,
		1
	},
	[0.65] = {
		0.925772,
		0.255239,
		-0.278927,
		0,
		0.222582,
		0.228416,
		0.947778,
		0,
		0.305621,
		-0.93951,
		0.15465,
		0,
		0.618654,
		0.935038,
		-0.591025,
		1
	},
	[0.666666666667] = {
		0.926435,
		0.254611,
		-0.277292,
		0,
		0.219455,
		0.233214,
		0.947339,
		0,
		0.305871,
		-0.938501,
		0.160182,
		0,
		0.613707,
		0.922394,
		-0.591178,
		1
	},
	[0.683333333333] = {
		0.927369,
		0.252838,
		-0.27579,
		0,
		0.216607,
		0.238212,
		0.94675,
		0,
		0.305071,
		-0.937725,
		0.166144,
		0,
		0.60856,
		0.909474,
		-0.591396,
		1
	},
	[0.6] = {
		0.930137,
		0.22354,
		-0.291334,
		0,
		0.243793,
		0.217382,
		0.945151,
		0,
		0.27461,
		-0.950145,
		0.147698,
		0,
		0.631585,
		0.967891,
		-0.596071,
		1
	},
	[0.716666666667] = {
		0.928929,
		0.251423,
		-0.271806,
		0,
		0.209872,
		0.247233,
		0.945954,
		0,
		0.305034,
		-0.935768,
		0.176896,
		0,
		0.597655,
		0.884441,
		-0.590091,
		1
	},
	[0.733333333333] = {
		0.9305,
		0.248388,
		-0.269209,
		0,
		0.206827,
		0.250298,
		0.945819,
		0,
		0.302313,
		-0.935764,
		0.181529,
		0,
		0.588509,
		0.873164,
		-0.587669,
		1
	},
	[0.75] = {
		0.932032,
		0.24621,
		-0.265891,
		0,
		0.203468,
		0.251606,
		0.946201,
		0,
		0.299863,
		-0.935989,
		0.184409,
		0,
		0.577469,
		0.863341,
		-0.58349,
		1
	},
	[0.766666666667] = {
		0.933744,
		0.24408,
		-0.261817,
		0,
		0.199622,
		0.252045,
		0.946902,
		0,
		0.297109,
		-0.936429,
		0.186621,
		0,
		0.564216,
		0.854324,
		-0.578228,
		1
	},
	[0.783333333333] = {
		0.936297,
		0.241705,
		-0.254809,
		0,
		0.192086,
		0.254969,
		0.947678,
		0,
		0.294026,
		-0.936253,
		0.192298,
		0,
		0.541645,
		0.844263,
		-0.573112,
		1
	},
	[0.7] = {
		0.92803,
		0.252582,
		-0.273793,
		0,
		0.212997,
		0.243183,
		0.946306,
		0,
		0.305602,
		-0.936517,
		0.171882,
		0,
		0.603305,
		0.896609,
		-0.591208,
		1
	},
	[0.816666666667] = {
		0.943712,
		0.233656,
		-0.234119,
		0,
		0.164453,
		0.282676,
		0.945013,
		0,
		0.286988,
		-0.930322,
		0.228339,
		0,
		0.458221,
		0.818678,
		-0.565534,
		1
	},
	[0.833333333333] = {
		0.948587,
		0.226296,
		-0.221298,
		0,
		0.147508,
		0.302536,
		0.941655,
		0,
		0.280043,
		-0.925884,
		0.253602,
		0,
		0.414378,
		0.807256,
		-0.562828,
		1
	},
	[0.85] = {
		0.954427,
		0.215821,
		-0.206132,
		0,
		0.130302,
		0.320035,
		0.938402,
		0,
		0.268496,
		-0.922496,
		0.277328,
		0,
		0.383201,
		0.800755,
		-0.560293,
		1
	},
	[0.866666666667] = {
		0.961401,
		0.200632,
		-0.188292,
		0,
		0.114533,
		0.330413,
		0.936862,
		0,
		0.250179,
		-0.922266,
		0.294681,
		0,
		0.365484,
		0.800203,
		-0.557943,
		1
	},
	[0.883333333333] = {
		0.968856,
		0.181282,
		-0.168686,
		0,
		0.100332,
		0.335409,
		0.936715,
		0,
		0.226388,
		-0.924466,
		0.306775,
		0,
		0.353728,
		0.804489,
		-0.555793,
		1
	},
	[0.8] = {
		0.939673,
		0.238575,
		-0.245146,
		0,
		0.179793,
		0.265217,
		0.947277,
		0,
		0.291014,
		-0.934206,
		0.206323,
		0,
		0.504158,
		0.832125,
		-0.568788,
		1
	},
	[0.916666666667] = {
		0.981781,
		0.141041,
		-0.127329,
		0,
		0.071052,
		0.348994,
		0.934428,
		0,
		0.176229,
		-0.926451,
		0.332614,
		0,
		0.340848,
		0.818549,
		-0.551949,
		1
	},
	[0.933333333333] = {
		0.98627,
		0.125565,
		-0.107262,
		0,
		0.054157,
		0.36767,
		0.928378,
		0,
		0.156009,
		-0.92144,
		0.355822,
		0,
		0.335866,
		0.823815,
		-0.550029,
		1
	},
	[0.95] = {
		0.989198,
		0.116706,
		-0.088695,
		0,
		0.034795,
		0.400839,
		0.915488,
		0,
		0.142395,
		-0.908685,
		0.392448,
		0,
		0.329265,
		0.82493,
		-0.547722,
		1
	},
	[0.966666666667] = {
		0.990894,
		0.11597,
		-0.068413,
		0,
		0.005628,
		0.471978,
		0.881592,
		0,
		0.134528,
		-0.873949,
		0.467028,
		0,
		0.323164,
		0.813608,
		-0.554112,
		1
	},
	[0.983333333333] = {
		0.991679,
		0.120189,
		-0.046117,
		0,
		-0.032464,
		0.580144,
		0.813867,
		0,
		0.124572,
		-0.805598,
		0.579218,
		0,
		0.319621,
		0.788811,
		-0.572406,
		1
	},
	[0.9] = {
		0.975862,
		0.160509,
		-0.148087,
		0,
		0.086201,
		0.33993,
		0.936492,
		0,
		0.200654,
		-0.926652,
		0.317889,
		0,
		0.346145,
		0.811357,
		-0.55382,
		1
	},
	[1.01666666667] = {
		0.991593,
		0.128185,
		-0.017649,
		0,
		-0.091042,
		0.788092,
		0.608788,
		0,
		0.091946,
		-0.602063,
		0.793137,
		0,
		0.310256,
		0.733795,
		-0.618584,
		1
	},
	[1.03333333333] = {
		0.991756,
		0.126969,
		-0.017284,
		0,
		-0.102931,
		0.869709,
		0.482713,
		0,
		0.076322,
		-0.476954,
		0.875608,
		0,
		0.301167,
		0.709094,
		-0.635379,
		1
	},
	[1.05] = {
		0.992049,
		0.124521,
		-0.018253,
		0,
		-0.110842,
		0.933186,
		0.341874,
		0,
		0.059604,
		-0.337133,
		0.939569,
		0,
		0.292341,
		0.687078,
		-0.639498,
		1
	},
	[1.06666666667] = {
		0.992287,
		0.122827,
		-0.016749,
		0,
		-0.115337,
		0.96429,
		0.238417,
		0,
		0.045435,
		-0.234647,
		0.971018,
		0,
		0.286841,
		0.675647,
		-0.638632,
		1
	},
	[1.08333333333] = {
		0.992403,
		0.12233,
		-0.013095,
		0,
		-0.117938,
		0.976235,
		0.18181,
		0,
		0.035025,
		-0.178885,
		0.983246,
		0,
		0.284717,
		0.671055,
		-0.636948,
		1
	},
	{
		0.99173,
		0.125434,
		-0.027179,
		0,
		-0.068104,
		0.693804,
		0.716936,
		0,
		0.108785,
		-0.709156,
		0.696609,
		0,
		0.316263,
		0.759503,
		-0.594991,
		1
	},
	[1.11666666667] = {
		0.992468,
		0.122269,
		-0.007616,
		0,
		-0.120508,
		0.985572,
		0.118852,
		0,
		0.022038,
		-0.117039,
		0.992883,
		0,
		0.283771,
		0.667087,
		-0.627233,
		1
	},
	[1.13333333333] = {
		0.992475,
		0.12231,
		-0.005843,
		0,
		-0.120975,
		0.986787,
		0.107779,
		0,
		0.018948,
		-0.106261,
		0.994158,
		0,
		0.283874,
		0.667553,
		-0.621872,
		1
	},
	[1.15] = {
		0.992451,
		0.122552,
		-0.004644,
		0,
		-0.121359,
		0.986838,
		0.106873,
		0,
		0.01768,
		-0.105503,
		0.994262,
		0,
		0.284031,
		0.668823,
		-0.618229,
		1
	},
	[1.16666666667] = {
		0.992402,
		0.122968,
		-0.004074,
		0,
		-0.121736,
		0.986181,
		0.112374,
		0,
		0.017836,
		-0.111024,
		0.993658,
		0,
		0.284086,
		0.669889,
		-0.617384,
		1
	},
	[1.18333333333] = {
		0.992344,
		0.123437,
		-0.004119,
		0,
		-0.122028,
		0.985066,
		0.121469,
		0,
		0.019051,
		-0.120036,
		0.992587,
		0,
		0.284011,
		0.67014,
		-0.618953,
		1
	},
	[1.1] = {
		0.992442,
		0.122306,
		-0.010018,
		0,
		-0.119641,
		0.982509,
		0.142699,
		0,
		0.027296,
		-0.140421,
		0.989715,
		0,
		0.28387,
		0.667997,
		-0.632728,
		1
	},
	[1.21666666667] = {
		0.992204,
		0.124511,
		-0.005395,
		0,
		-0.122409,
		0.981755,
		0.145509,
		0,
		0.023414,
		-0.143714,
		0.989342,
		0,
		0.283592,
		0.668772,
		-0.626692,
		1
	},
	[1.23333333333] = {
		0.992124,
		0.125098,
		-0.006297,
		0,
		-0.122542,
		0.979806,
		0.157998,
		0,
		0.025935,
		-0.155982,
		0.987419,
		0,
		0.283312,
		0.667403,
		-0.631551,
		1
	},
	[1.25] = {
		0.992043,
		0.1257,
		-0.007156,
		0,
		-0.12269,
		0.97792,
		0.169176,
		0,
		0.028263,
		-0.166952,
		0.98556,
		0,
		0.283035,
		0.665715,
		-0.636213,
		1
	},
	[1.26666666667] = {
		0.991961,
		0.126302,
		-0.007805,
		0,
		-0.122916,
		0.976354,
		0.177835,
		0,
		0.030081,
		-0.175446,
		0.984029,
		0,
		0.282805,
		0.663797,
		-0.640053,
		1
	},
	[1.28333333333] = {
		0.991884,
		0.12689,
		-0.008078,
		0,
		-0.123292,
		0.975394,
		0.182774,
		0,
		0.031071,
		-0.180295,
		0.983122,
		0,
		0.282669,
		0.661726,
		-0.642455,
		1
	},
	[1.2] = {
		0.992277,
		0.123954,
		-0.004613,
		0,
		-0.122247,
		0.983558,
		0.132924,
		0,
		0.021014,
		-0.131334,
		0.991115,
		0,
		0.283836,
		0.669724,
		-0.622276,
		1
	},
	[1.31666666667] = {
		0.991752,
		0.127996,
		-0.006642,
		0,
		-0.124738,
		0.975817,
		0.179504,
		0,
		0.029458,
		-0.177195,
		0.983735,
		0,
		0.282759,
		0.657905,
		-0.640748,
		1
	},
	[1.33333333333] = {
		0.991681,
		0.128632,
		-0.004738,
		0,
		-0.125815,
		0.976421,
		0.17542,
		0,
		0.027191,
		-0.173364,
		0.984482,
		0,
		0.282777,
		0.656812,
		-0.637208,
		1
	},
	[1.35] = {
		0.991593,
		0.129368,
		-0.002651,
		0,
		-0.127018,
		0.977078,
		0.170836,
		0,
		0.024691,
		-0.169063,
		0.985296,
		0,
		0.282692,
		0.655858,
		-0.63343,
		1
	},
	[1.36666666667] = {
		0.991499,
		0.130113,
		-0.000825,
		0,
		-0.128151,
		0.977605,
		0.166931,
		0,
		0.022527,
		-0.165406,
		0.985968,
		0,
		0.282544,
		0.655134,
		-0.630061,
		1
	},
	[1.38333333333] = {
		0.991412,
		0.130776,
		0.000792,
		0,
		-0.129148,
		0.978075,
		0.163369,
		0,
		0.02059,
		-0.162068,
		0.986565,
		0,
		0.282384,
		0.654559,
		-0.627061,
		1
	},
	[1.3] = {
		0.991814,
		0.127449,
		-0.007806,
		0,
		-0.12389,
		0.975314,
		0.182793,
		0,
		0.03091,
		-0.18033,
		0.98312,
		0,
		0.282672,
		0.659584,
		-0.642809,
		1
	},
	[1.41666666667] = {
		0.99132,
		0.131442,
		0.002762,
		0,
		-0.130213,
		0.978715,
		0.158624,
		0,
		0.018147,
		-0.157607,
		0.987335,
		0,
		0.282205,
		0.653909,
		-0.623541,
		1
	},
	[1.4] = {
		0.991346,
		0.131257,
		0.002176,
		0,
		-0.12991,
		0.978519,
		0.160074,
		0,
		0.018882,
		-0.158971,
		0.987103,
		0,
		0.282257,
		0.654098,
		-0.624577,
		1
	}
}

return spline_matrices
