-- chunkname: @content/characters/player/ogryn/first_person/animations/rippergun_rifle/stab.lua

local spline_matrices = {
	[0.0333333333333] = {
		0.938187,
		0.115027,
		0.326456,
		0,
		-0.192854,
		0.956917,
		0.217065,
		0,
		-0.287423,
		-0.266606,
		0.919951,
		0,
		0.550371,
		0.653138,
		-0.614822,
		1
	},
	[0.0666666666667] = {
		0.841193,
		0.117115,
		0.5279,
		0,
		-0.306662,
		0.907408,
		0.287348,
		0,
		-0.445368,
		-0.403602,
		0.79922,
		0,
		0.627172,
		0.513337,
		-0.684425,
		1
	},
	[0] = {
		0.996253,
		0.081086,
		0.030088,
		0,
		-0.082759,
		0.994803,
		0.059318,
		0,
		-0.025122,
		-0.061586,
		0.997786,
		0,
		0.427329,
		0.768472,
		-0.515524,
		1
	},
	[0.133333333333] = {
		0.825767,
		0.038911,
		0.562668,
		0,
		-0.298051,
		0.877047,
		0.376767,
		0,
		-0.478826,
		-0.478826,
		0.735834,
		0,
		0.581361,
		0.191027,
		-0.794904,
		1
	},
	[0.166666666667] = {
		0.829869,
		-0.026904,
		0.557309,
		0,
		-0.263229,
		0.861817,
		0.433569,
		0,
		-0.491963,
		-0.506506,
		0.708114,
		0,
		0.538844,
		0.055442,
		-0.853984,
		1
	},
	[0.1] = {
		0.822278,
		0.087988,
		0.562242,
		0,
		-0.314933,
		0.893255,
		0.320799,
		0,
		-0.473999,
		-0.440855,
		0.762215,
		0,
		0.615261,
		0.347827,
		-0.735589,
		1
	},
	[0.233333333333] = {
		0.764785,
		-0.174043,
		0.620332,
		0,
		-0.194334,
		0.855666,
		0.479657,
		0,
		-0.614278,
		-0.487386,
		0.620578,
		0,
		0.468147,
		-0.104989,
		-0.91688,
		1
	},
	[0.266666666667] = {
		0.69614,
		-0.217419,
		0.684191,
		0,
		-0.172972,
		0.874165,
		0.45378,
		0,
		-0.696756,
		-0.434241,
		0.570934,
		0,
		0.443288,
		-0.111549,
		-0.891557,
		1
	},
	[0.2] = {
		0.811653,
		-0.104178,
		0.574775,
		0,
		-0.225718,
		0.851606,
		0.473095,
		0,
		-0.538767,
		-0.513726,
		0.667694,
		0,
		0.500327,
		-0.046824,
		-0.905268,
		1
	},
	[0.333333333333] = {
		0.338799,
		-0.24846,
		0.907459,
		0,
		-0.191194,
		0.926195,
		0.324972,
		0,
		-0.921227,
		-0.283601,
		0.26629,
		0,
		0.442613,
		0.447499,
		-0.739557,
		1
	},
	[0.366666666667] = {
		-0.193988,
		-0.235575,
		0.952299,
		0,
		-0.298213,
		0.938961,
		0.171528,
		0,
		-0.934579,
		-0.250714,
		-0.252399,
		0,
		0.462365,
		1.11986,
		-0.496349,
		1
	},
	[0.3] = {
		0.598812,
		-0.235151,
		0.76559,
		0,
		-0.16937,
		0.897123,
		0.408026,
		0,
		-0.782776,
		-0.373999,
		0.49738,
		0,
		0.4277,
		-0.083705,
		-0.842929,
		1
	},
	[0.433333333333] = {
		0.221297,
		-0.236897,
		0.945995,
		0,
		-0.35262,
		0.884974,
		0.304105,
		0,
		-0.909223,
		-0.400875,
		0.112307,
		0,
		0.452203,
		1.643411,
		-0.514399,
		1
	},
	[0.466666666667] = {
		0.159493,
		-0.278052,
		0.947232,
		0,
		-0.335424,
		0.887168,
		0.316898,
		0,
		-0.928468,
		-0.368267,
		0.048232,
		0,
		0.46604,
		1.611629,
		-0.529332,
		1
	},
	[0.4] = {
		0.044045,
		-0.349461,
		0.935915,
		0,
		-0.310152,
		0.885752,
		0.345326,
		0,
		-0.949666,
		-0.305486,
		-0.069373,
		0,
		0.445837,
		1.63113,
		-0.439449,
		1
	},
	[0.533333333333] = {
		0.043095,
		-0.366738,
		0.929326,
		0,
		-0.319483,
		0.876289,
		0.360623,
		0,
		-0.946612,
		-0.312445,
		-0.079403,
		0,
		0.483405,
		1.538766,
		-0.546937,
		1
	},
	[0.566666666667] = {
		0.045759,
		-0.373896,
		0.926341,
		0,
		-0.321403,
		0.872495,
		0.368039,
		0,
		-0.945836,
		-0.31457,
		-0.080247,
		0,
		0.486137,
		1.510283,
		-0.54781,
		1
	},
	[0.5] = {
		0.088977,
		-0.327418,
		0.940681,
		0,
		-0.325142,
		0.883142,
		0.338145,
		0,
		-0.94147,
		-0.335942,
		-0.027877,
		0,
		0.477701,
		1.572659,
		-0.540606,
		1
	},
	[0.633333333333] = {
		0.089055,
		-0.342188,
		0.935402,
		0,
		-0.305329,
		0.88454,
		0.352651,
		0,
		-0.948074,
		-0.317011,
		-0.025707,
		0,
		0.494416,
		1.441765,
		-0.548122,
		1
	},
	[0.666666666667] = {
		0.109541,
		-0.321844,
		0.940435,
		0,
		-0.302293,
		0.890526,
		0.339974,
		0,
		-0.9469,
		-0.321529,
		0.000258,
		0,
		0.503031,
		1.408684,
		-0.553753,
		1
	},
	[0.6] = {
		0.069374,
		-0.359444,
		0.930584,
		0,
		-0.316913,
		0.876569,
		0.362206,
		0,
		-0.945914,
		-0.320042,
		-0.053102,
		0,
		0.489216,
		1.4773,
		-0.547168,
		1
	},
	[0.733333333333] = {
		0.175123,
		-0.312056,
		0.933784,
		0,
		-0.297425,
		0.88736,
		0.352321,
		0,
		-0.938547,
		-0.33943,
		0.062584,
		0,
		0.516471,
		1.329832,
		-0.595744,
		1
	},
	[0.766666666667] = {
		0.219646,
		-0.336439,
		0.915732,
		0,
		-0.298899,
		0.870305,
		0.391443,
		0,
		-0.928663,
		-0.35969,
		0.090597,
		0,
		0.516878,
		1.196691,
		-0.629415,
		1
	},
	[0.7] = {
		0.132542,
		-0.304903,
		0.943116,
		0,
		-0.305752,
		0.892531,
		0.331518,
		0,
		-0.942841,
		-0.332299,
		0.025073,
		0,
		0.512812,
		1.380322,
		-0.566881,
		1
	},
	[0.833333333333] = {
		0.351127,
		-0.300919,
		0.886655,
		0,
		-0.325771,
		0.848525,
		0.416987,
		0,
		-0.877829,
		-0.435262,
		0.199909,
		0,
		0.493262,
		1.000081,
		-0.683515,
		1
	},
	[0.866666666667] = {
		0.413663,
		-0.256929,
		0.873424,
		0,
		-0.338568,
		0.847138,
		0.409546,
		0,
		-0.845136,
		-0.465128,
		0.263442,
		0,
		0.466558,
		0.909399,
		-0.702767,
		1
	},
	[0.8] = {
		0.277464,
		-0.344607,
		0.896805,
		0,
		-0.302393,
		0.854688,
		0.42198,
		0,
		-0.911906,
		-0.388272,
		0.132938,
		0,
		0.510334,
		1.0794,
		-0.660242,
		1
	},
	[0.933333333333] = {
		0.473453,
		-0.211112,
		0.855146,
		0,
		-0.326034,
		0.859893,
		0.392793,
		0,
		-0.818257,
		-0.464775,
		0.338289,
		0,
		0.395696,
		0.713924,
		-0.73556,
		1
	},
	[0.966666666667] = {
		0.479022,
		-0.205758,
		0.853347,
		0,
		-0.301745,
		0.874302,
		0.380193,
		0,
		-0.824311,
		-0.439614,
		0.356723,
		0,
		0.363165,
		0.617546,
		-0.752278,
		1
	},
	[0.9] = {
		0.455713,
		-0.225174,
		0.861175,
		0,
		-0.338911,
		0.850712,
		0.401782,
		0,
		-0.823083,
		-0.474959,
		0.311366,
		0,
		0.432945,
		0.812745,
		-0.719592,
		1
	},
	[1.03333333333] = {
		0.557418,
		-0.094142,
		0.824877,
		0,
		-0.26654,
		0.920664,
		0.285191,
		0,
		-0.786283,
		-0.378834,
		0.488102,
		0,
		0.340345,
		0.462261,
		-0.782547,
		1
	},
	[1.06666666667] = {
		0.677739,
		-0.013656,
		0.735175,
		0,
		-0.202715,
		0.957611,
		0.204665,
		0,
		-0.706807,
		-0.287741,
		0.646242,
		0,
		0.319134,
		0.411774,
		-0.79792,
		1
	},
	{
		0.492885,
		-0.171202,
		0.853085,
		0,
		-0.290258,
		0.891936,
		0.3467,
		0,
		-0.820253,
		-0.418498,
		0.389929,
		0,
		0.348664,
		0.531299,
		-0.767543,
		1
	},
	[1.13333333333] = {
		0.860268,
		0.061381,
		0.506134,
		0,
		-0.085618,
		0.996021,
		0.024732,
		0,
		-0.502602,
		-0.06461,
		0.8621,
		0,
		0.287117,
		0.439563,
		-0.789189,
		1
	},
	[1.16666666667] = {
		0.857407,
		0.065048,
		0.510511,
		0,
		-0.067924,
		0.997605,
		-0.013035,
		0,
		-0.510137,
		-0.0235,
		0.859772,
		0,
		0.299115,
		0.521394,
		-0.7718,
		1
	},
	[1.1] = {
		0.794898,
		0.037497,
		0.605583,
		0,
		-0.128962,
		0.985724,
		0.108243,
		0,
		-0.592879,
		-0.16414,
		0.788386,
		0,
		0.295388,
		0.399862,
		-0.800793,
		1
	},
	[1.23333333333] = {
		0.976068,
		0.085906,
		0.199777,
		0,
		-0.087067,
		0.996198,
		-0.002981,
		0,
		-0.199273,
		-0.014485,
		0.979837,
		0,
		0.316264,
		0.715267,
		-0.711454,
		1
	},
	[1.26666666667] = {
		0.994659,
		0.097103,
		0.034983,
		0,
		-0.098106,
		0.994777,
		0.02818,
		0,
		-0.032064,
		-0.031462,
		0.998991,
		0,
		0.325503,
		0.79075,
		-0.675462,
		1
	},
	[1.2] = {
		0.918099,
		0.070716,
		0.38999,
		0,
		-0.067698,
		0.997474,
		-0.021499,
		0,
		-0.390526,
		-0.006663,
		0.920568,
		0,
		0.307432,
		0.62057,
		-0.747477,
		1
	},
	[1.33333333333] = {
		0.995329,
		0.092632,
		-0.027186,
		0,
		-0.090936,
		0.99416,
		0.058111,
		0,
		0.03241,
		-0.055367,
		0.99794,
		0,
		0.358717,
		0.851574,
		-0.608733,
		1
	},
	[1.36666666667] = {
		0.996299,
		0.085765,
		0.005792,
		0,
		-0.08596,
		0.994324,
		0.062699,
		0,
		-0.000381,
		-0.062965,
		0.998016,
		0,
		0.378759,
		0.816221,
		-0.577945,
		1
	},
	[1.3] = {
		0.9944,
		0.096688,
		-0.042657,
		0,
		-0.094575,
		0.994308,
		0.049058,
		0,
		0.047157,
		-0.044749,
		0.997885,
		0,
		0.338329,
		0.836357,
		-0.642487,
		1
	},
	[1.43333333333] = {
		0.996159,
		0.079915,
		0.035799,
		0,
		-0.082102,
		0.994537,
		0.064469,
		0,
		-0.030451,
		-0.067161,
		0.997277,
		0,
		0.409679,
		0.760902,
		-0.532976,
		1
	},
	[1.46666666667] = {
		0.99621,
		0.080526,
		0.032892,
		0,
		-0.082427,
		0.994713,
		0.061247,
		0,
		-0.027786,
		-0.063726,
		0.997581,
		0,
		0.419016,
		0.764497,
		-0.519935,
		1
	},
	[1.4] = {
		0.996253,
		0.080909,
		0.030561,
		0,
		-0.082759,
		0.994439,
		0.065128,
		0,
		-0.025122,
		-0.067413,
		0.997409,
		0,
		0.396218,
		0.770448,
		-0.552697,
		1
	},
	[1.53333333333] = {
		0.996253,
		0.081086,
		0.030088,
		0,
		-0.082759,
		0.994803,
		0.059318,
		0,
		-0.025122,
		-0.061586,
		0.997786,
		0,
		0.426342,
		0.768472,
		-0.515524,
		1
	},
	[1.56666666667] = {
		0.996253,
		0.081086,
		0.030088,
		0,
		-0.082759,
		0.994803,
		0.059318,
		0,
		-0.025122,
		-0.061586,
		0.997786,
		0,
		0.427205,
		0.768472,
		-0.515524,
		1
	},
	[1.5] = {
		0.996253,
		0.081086,
		0.030088,
		0,
		-0.082759,
		0.994803,
		0.059318,
		0,
		-0.025122,
		-0.061586,
		0.997786,
		0,
		0.423998,
		0.768472,
		-0.515524,
		1
	}
}

return spline_matrices
