-- chunkname: @content/characters/player/ogryn/first_person/animations/rippergun_rifle/to_braced.lua

local spline_matrices = {
	[0.0333333333333] = {
		0.998844,
		0.043889,
		-0.019586,
		0,
		-0.036713,
		0.959768,
		0.278382,
		0,
		0.031015,
		-0.277341,
		0.960271,
		0,
		0.427927,
		0.735658,
		-0.548293,
		1
	},
	[0.0666666666667] = {
		0.995005,
		-0.02585,
		-0.09642,
		0,
		0.08119,
		0.771519,
		0.631004,
		0,
		0.058078,
		-0.63568,
		0.769764,
		0,
		0.422555,
		0.71552,
		-0.601103,
		1
	},
	[0] = {
		0.996253,
		0.081086,
		0.030088,
		0,
		-0.082759,
		0.994803,
		0.059318,
		0,
		-0.025122,
		-0.061586,
		0.997786,
		0,
		0.427329,
		0.768472,
		-0.515524,
		1
	},
	[0.133333333333] = {
		0.982814,
		-0.084909,
		-0.163915,
		0,
		0.181404,
		0.608776,
		0.772324,
		0,
		0.03421,
		-0.788785,
		0.613716,
		0,
		0.386533,
		0.69401,
		-0.739005,
		1
	},
	[0.166666666667] = {
		0.979173,
		-0.089878,
		-0.182052,
		0,
		0.199304,
		0.596506,
		0.777469,
		0,
		0.038717,
		-0.79756,
		0.601996,
		0,
		0.368058,
		0.672489,
		-0.797021,
		1
	},
	[0.1] = {
		0.986924,
		-0.07353,
		-0.14344,
		0,
		0.157782,
		0.62268,
		0.766403,
		0,
		0.032963,
		-0.779014,
		0.62614,
		0,
		0.406276,
		0.721945,
		-0.665748,
		1
	},
	[0.233333333333] = {
		0.971834,
		-0.112346,
		-0.207166,
		0,
		0.233393,
		0.580664,
		0.779972,
		0,
		0.032667,
		-0.806354,
		0.59053,
		0,
		0.334827,
		0.662776,
		-0.846903,
		1
	},
	[0.266666666667] = {
		0.96769,
		-0.140572,
		-0.20932,
		0,
		0.252043,
		0.562446,
		0.787482,
		0,
		0.007033,
		-0.814797,
		0.579704,
		0,
		0.310261,
		0.664317,
		-0.855194,
		1
	},
	[0.2] = {
		0.975843,
		-0.093891,
		-0.197267,
		0,
		0.214093,
		0.590845,
		0.77786,
		0,
		0.04352,
		-0.801303,
		0.596673,
		0,
		0.353166,
		0.663337,
		-0.830372,
		1
	},
	[0.333333333333] = {
		0.981349,
		0.094479,
		0.167414,
		0,
		-0.191117,
		0.573221,
		0.796801,
		0,
		-0.020684,
		-0.813936,
		0.580586,
		0,
		0.153125,
		0.679262,
		-0.883472,
		1
	},
	[0.366666666667] = {
		0.949212,
		0.185375,
		0.254229,
		0,
		-0.314595,
		0.546087,
		0.776414,
		0,
		0.005096,
		-0.816961,
		0.576671,
		0,
		0.088477,
		0.690276,
		-0.88738,
		1
	},
	[0.3] = {
		0.995814,
		-0.061976,
		-0.067178,
		0,
		0.090516,
		0.566755,
		0.818899,
		0,
		-0.012678,
		-0.821552,
		0.569993,
		0,
		0.243102,
		0.670523,
		-0.874984,
		1
	},
	[0.433333333333] = {
		0.938949,
		0.176057,
		0.295601,
		0,
		-0.342228,
		0.566392,
		0.74972,
		0,
		-0.035433,
		-0.805111,
		0.592064,
		0,
		0.073503,
		0.685647,
		-0.842176,
		1
	},
	[0.466666666667] = {
		0.936917,
		0.168895,
		0.306042,
		0,
		-0.345127,
		0.585844,
		0.733263,
		0,
		-0.055448,
		-0.792629,
		0.607177,
		0,
		0.069112,
		0.681206,
		-0.807162,
		1
	},
	[0.4] = {
		0.942708,
		0.182171,
		0.279492,
		0,
		-0.333284,
		0.551791,
		0.764492,
		0,
		-0.014953,
		-0.813843,
		0.580892,
		0,
		0.07934,
		0.688921,
		-0.870154,
		1
	},
	[0.533333333333] = {
		0.93419,
		0.155858,
		0.320931,
		0,
		-0.344706,
		0.626286,
		0.699245,
		0,
		-0.092011,
		-0.763854,
		0.638796,
		0,
		0.057899,
		0.669749,
		-0.730638,
		1
	},
	[0.566666666667] = {
		0.933235,
		0.148323,
		0.32722,
		0,
		-0.341542,
		0.648825,
		0.679981,
		0,
		-0.111452,
		-0.746342,
		0.656165,
		0,
		0.047822,
		0.662996,
		-0.679247,
		1
	},
	[0.5] = {
		0.935358,
		0.162627,
		0.314097,
		0,
		-0.345864,
		0.606442,
		0.715965,
		0,
		-0.074047,
		-0.778319,
		0.623488,
		0,
		0.064276,
		0.676193,
		-0.768984,
		1
	},
	[0.633333333333] = {
		0.934599,
		0.126044,
		0.332623,
		0,
		-0.334946,
		0.626622,
		0.703673,
		0,
		-0.119736,
		-0.769063,
		0.627858,
		0,
		0.049279,
		0.639564,
		-0.606581,
		1
	},
	[0.666666666667] = {
		0.935821,
		0.113451,
		0.333719,
		0,
		-0.334495,
		0.584388,
		0.739326,
		0,
		-0.111144,
		-0.803504,
		0.584832,
		0,
		0.052866,
		0.625217,
		-0.585494,
		1
	},
	[0.6] = {
		0.933354,
		0.138628,
		0.331109,
		0,
		-0.337282,
		0.654379,
		0.676779,
		0,
		-0.12285,
		-0.743351,
		0.657523,
		0,
		0.046606,
		0.652311,
		-0.632803,
		1
	},
	[0.733333333333] = {
		0.936013,
		0.097646,
		0.338149,
		0,
		-0.338105,
		0.516407,
		0.786771,
		0,
		-0.097797,
		-0.850758,
		0.516378,
		0,
		0.067056,
		0.589366,
		-0.558897,
		1
	},
	[0.766666666667] = {
		0.950984,
		0.042714,
		0.306276,
		0,
		-0.282011,
		0.526162,
		0.802262,
		0,
		-0.126883,
		-0.849311,
		0.512417,
		0,
		0.057775,
		0.596963,
		-0.547638,
		1
	},
	[0.7] = {
		0.936119,
		0.103081,
		0.336237,
		0,
		-0.336374,
		0.541456,
		0.770505,
		0,
		-0.102633,
		-0.834386,
		0.541541,
		0,
		0.058678,
		0.608219,
		-0.569823,
		1
	},
	[0.833333333333] = {
		0.975382,
		-0.086922,
		0.20267,
		0,
		-0.120761,
		0.558458,
		0.820696,
		0,
		-0.184519,
		-0.824966,
		0.534213,
		0,
		0.044371,
		0.646311,
		-0.525238,
		1
	},
	[0.866666666667] = {
		0.980675,
		-0.127164,
		0.148678,
		0,
		-0.049037,
		0.575922,
		0.816033,
		0,
		-0.189397,
		-0.807554,
		0.558557,
		0,
		0.048256,
		0.681437,
		-0.515231,
		1
	},
	[0.8] = {
		0.965938,
		-0.025158,
		0.257547,
		0,
		-0.20316,
		0.542723,
		0.814971,
		0,
		-0.16028,
		-0.839535,
		0.519126,
		0,
		0.04824,
		0.61808,
		-0.536331,
		1
	},
	[0.933333333333] = {
		0.985637,
		-0.089458,
		0.143237,
		0,
		-0.020507,
		0.778494,
		0.627317,
		0,
		-0.167628,
		-0.621244,
		0.765478,
		0,
		0.125535,
		0.717453,
		-0.574348,
		1
	},
	[0.966666666667] = {
		0.986717,
		-0.040326,
		0.157367,
		0,
		-0.024614,
		0.920404,
		0.390194,
		0,
		-0.160576,
		-0.388884,
		0.907185,
		0,
		0.17897,
		0.758763,
		-0.627255,
		1
	},
	[0.9] = {
		0.983861,
		-0.117504,
		0.134946,
		0,
		-0.027796,
		0.644645,
		0.763977,
		0,
		-0.176763,
		-0.755398,
		0.630975,
		0,
		0.079612,
		0.699644,
		-0.528771,
		1
	},
	[1.03333333333] = {
		0.985121,
		0.040417,
		0.16704,
		0,
		-0.041618,
		0.999127,
		0.003689,
		0,
		-0.166745,
		-0.010586,
		0.985943,
		0,
		0.260751,
		0.839317,
		-0.671859,
		1
	},
	[1.06666666667] = {
		0.984204,
		0.043006,
		0.171735,
		0,
		-0.041587,
		0.999065,
		-0.011855,
		0,
		-0.172084,
		0.004526,
		0.985072,
		0,
		0.272834,
		0.836448,
		-0.659736,
		1
	},
	{
		0.986351,
		0.012022,
		0.164214,
		0,
		-0.035394,
		0.989497,
		0.140154,
		0,
		-0.160804,
		-0.144054,
		0.976417,
		0,
		0.228702,
		0.812435,
		-0.661914,
		1
	},
	[1.13333333333] = {
		0.982291,
		0.042359,
		0.182511,
		0,
		-0.041175,
		0.999099,
		-0.010273,
		0,
		-0.182782,
		0.002576,
		0.98315,
		0,
		0.277686,
		0.831729,
		-0.610136,
		1
	},
	[1.16666666667] = {
		0.981266,
		0.041338,
		0.188169,
		0,
		-0.041058,
		0.999142,
		-0.005383,
		0,
		-0.18823,
		-0.002443,
		0.982122,
		0,
		0.279213,
		0.830415,
		-0.58208,
		1
	},
	[1.1] = {
		0.983294,
		0.042803,
		0.176918,
		0,
		-0.041306,
		0.999073,
		-0.012137,
		0,
		-0.177274,
		0.004627,
		0.984151,
		0,
		0.275859,
		0.833724,
		-0.637473,
		1
	},
	[1.23333333333] = {
		0.979646,
		0.037339,
		0.19723,
		0,
		-0.040395,
		0.999118,
		0.011492,
		0,
		-0.196627,
		-0.019225,
		0.98029,
		0,
		0.282172,
		0.828269,
		-0.543643,
		1
	},
	[1.26666666667] = {
		0.979481,
		0.034815,
		0.198505,
		0,
		-0.039996,
		0.998954,
		0.02215,
		0,
		-0.197526,
		-0.029635,
		0.97985,
		0,
		0.283383,
		0.827652,
		-0.542078,
		1
	},
	[1.2] = {
		0.980306,
		0.039625,
		0.193468,
		0,
		-0.040764,
		0.999167,
		0.001909,
		0,
		-0.193231,
		-0.009758,
		0.981105,
		0,
		0.280742,
		0.829196,
		-0.558105,
		1
	},
	[1.33333333333] = {
		0.979848,
		0.032891,
		0.197017,
		0,
		-0.039503,
		0.998777,
		0.029723,
		0,
		-0.195799,
		-0.036907,
		0.979949,
		0,
		0.284864,
		0.826016,
		-0.546854,
		1
	},
	[1.36666666667] = {
		0.980115,
		0.033075,
		0.195655,
		0,
		-0.039594,
		0.99878,
		0.0295,
		0,
		-0.19444,
		-0.03666,
		0.980229,
		0,
		0.285052,
		0.825524,
		-0.549269,
		1
	},
	[1.3] = {
		0.979599,
		0.03336,
		0.198173,
		0,
		-0.039668,
		0.998822,
		0.027949,
		0,
		-0.197007,
		-0.03524,
		0.979769,
		0,
		0.284295,
		0.826839,
		-0.544098,
		1
	},
	[1.4] = {
		0.980296,
		0.033427,
		0.194687,
		0,
		-0.03977,
		0.998795,
		0.028762,
		0,
		-0.193491,
		-0.035938,
		0.980444,
		0,
		0.285031,
		0.825345,
		-0.55071,
		1
	}
}

return spline_matrices
