-- chunkname: @content/characters/player/human/first_person/animations/syringe/use_ally.lua

local spline_matrices = {
	[0.0166666666667] = {
		0.55306,
		-0.123617,
		-0.823919,
		0,
		0.806812,
		-0.167185,
		0.56666,
		0,
		-0.207796,
		-0.978145,
		0.007272,
		0,
		-0.126172,
		0.260896,
		-0.032896,
		1,
	},
	[0.0333333333333] = {
		0.478118,
		-0.140642,
		-0.866962,
		0,
		0.858057,
		-0.135887,
		0.495251,
		0,
		-0.187462,
		-0.980691,
		0.055709,
		0,
		-0.119935,
		0.261591,
		-0.009629,
		1,
	},
	[0.05] = {
		0.480789,
		-0.147429,
		-0.864353,
		0,
		0.860011,
		-0.112898,
		0.49763,
		0,
		-0.170949,
		-0.982608,
		0.072511,
		0,
		-0.11577,
		0.263426,
		0.005604,
		1,
	},
	[0.0666666666667] = {
		0.563754,
		-0.148021,
		-0.812571,
		0,
		0.808185,
		-0.104045,
		0.579665,
		0,
		-0.170346,
		-0.983496,
		0.060973,
		0,
		-0.111343,
		0.26444,
		0.010159,
		1,
	},
	[0.0833333333333] = {
		0.792729,
		-0.139734,
		-0.593342,
		0,
		0.578981,
		-0.131894,
		0.804603,
		0,
		-0.190688,
		-0.981366,
		-0.023653,
		0,
		-0.069939,
		0.43647,
		-0.009133,
		1,
	},
	[0] = {
		0.861218,
		0.027782,
		-0.507476,
		0,
		0.508231,
		-0.042924,
		0.86015,
		0,
		0.002114,
		-0.998692,
		-0.051086,
		0,
		-0.141948,
		0.290816,
		-0.058643,
		1,
	},
	[0.116666666667] = {
		0.99197,
		-0.10365,
		-0.072473,
		0,
		0.053662,
		-0.173955,
		0.98329,
		0,
		-0.114525,
		-0.979284,
		-0.166996,
		0,
		-0.003654,
		0.646023,
		-0.032977,
		1,
	},
	[0.133333333333] = {
		0.997061,
		-0.070772,
		0.029335,
		0,
		-0.040831,
		-0.166899,
		0.985128,
		0,
		-0.064824,
		-0.983431,
		-0.169298,
		0,
		-0.003416,
		0.642982,
		-0.022932,
		1,
	},
	[0.15] = {
		0.997957,
		-0.056304,
		-0.030191,
		0,
		0.022885,
		-0.126175,
		0.991744,
		0,
		-0.059648,
		-0.990409,
		-0.124629,
		0,
		-0.001705,
		0.642274,
		-0.019508,
		1,
	},
	[0.166666666667] = {
		0.994924,
		-0.044625,
		-0.090195,
		0,
		0.086339,
		-0.081879,
		0.992896,
		0,
		-0.051693,
		-0.995643,
		-0.077611,
		0,
		7.3e-05,
		0.642193,
		-0.018091,
		1,
	},
	[0.183333333333] = {
		0.987987,
		-0.036134,
		-0.150252,
		0,
		0.148991,
		-0.035386,
		0.988205,
		0,
		-0.041025,
		-0.99872,
		-0.029577,
		0,
		0.001914,
		0.642522,
		-0.017906,
		1,
	},
	[0.1] = {
		0.954529,
		-0.131275,
		-0.267658,
		0,
		0.244887,
		-0.166747,
		0.955105,
		0,
		-0.170012,
		-0.977222,
		-0.127018,
		0,
		-0.01585,
		0.631433,
		-0.035293,
		1,
	},
	[0.216666666667] = {
		0.978474,
		-0.027248,
		-0.204561,
		0,
		0.203113,
		-0.048192,
		0.977969,
		0,
		-0.036506,
		-0.998466,
		-0.04162,
		0,
		-0.000344,
		0.644113,
		-0.026998,
		1,
	},
	[0.233333333333] = {
		0.97257,
		-0.022371,
		-0.231533,
		0,
		0.230004,
		-0.056133,
		0.97157,
		0,
		-0.034732,
		-0.998173,
		-0.049447,
		0,
		-0.001366,
		0.64445,
		-0.030197,
		1,
	},
	[0.25] = {
		0.96591,
		-0.01675,
		-0.258336,
		0,
		0.25673,
		-0.066327,
		0.964205,
		0,
		-0.033285,
		-0.997657,
		-0.059765,
		0,
		-0.002318,
		0.644225,
		-0.031433,
		1,
	},
	[0.266666666667] = {
		0.958505,
		-0.010248,
		-0.284892,
		0,
		0.283255,
		-0.078523,
		0.955825,
		0,
		-0.032166,
		-0.99686,
		-0.072362,
		0,
		-0.003201,
		0.64347,
		-0.030856,
		1,
	},
	[0.283333333333] = {
		0.961754,
		-0.007972,
		-0.2738,
		0,
		0.272179,
		-0.084566,
		0.958523,
		0,
		-0.030795,
		-0.996386,
		-0.079161,
		0,
		-0.002551,
		0.643133,
		-0.030192,
		1,
	},
	[0.2] = {
		0.983616,
		-0.031748,
		-0.177461,
		0,
		0.176097,
		-0.041591,
		0.983494,
		0,
		-0.038605,
		-0.99863,
		-0.035319,
		0,
		0.000749,
		0.643403,
		-0.022635,
		1,
	},
	[0.316666666667] = {
		0.967862,
		-0.003056,
		-0.251463,
		0,
		0.249931,
		-0.099184,
		0.96317,
		0,
		-0.027884,
		-0.995064,
		-0.095232,
		0,
		-0.001237,
		0.641874,
		-0.026822,
		1,
	},
	[0.333333333333] = {
		0.97072,
		-0.000611,
		-0.240213,
		0,
		0.238764,
		-0.107217,
		0.965141,
		0,
		-0.026344,
		-0.994236,
		-0.103931,
		0,
		-0.000573,
		0.641093,
		-0.024592,
		1,
	},
	[0.35] = {
		0.973447,
		0.001716,
		-0.228908,
		0,
		0.227573,
		-0.115365,
		0.966903,
		0,
		-0.024749,
		-0.993322,
		-0.112692,
		0,
		9.5e-05,
		0.640307,
		-0.022312,
		1,
	},
	[0.366666666667] = {
		0.976041,
		0.003859,
		-0.217553,
		0,
		0.216358,
		-0.12335,
		0.96849,
		0,
		-0.023098,
		-0.992356,
		-0.12123,
		0,
		0.000767,
		0.639595,
		-0.020216,
		1,
	},
	[0.383333333333] = {
		0.978502,
		0.005765,
		-0.206156,
		0,
		0.205124,
		-0.130893,
		0.969944,
		0,
		-0.021393,
		-0.99138,
		-0.129262,
		0,
		0.001445,
		0.639035,
		-0.018535,
		1,
	},
	[0.3] = {
		0.964873,
		-0.00554,
		-0.262659,
		0,
		0.261071,
		-0.091542,
		0.960969,
		0,
		-0.029368,
		-0.995786,
		-0.08688,
		0,
		-0.001896,
		0.642578,
		-0.028768,
		1,
	},
	[0.416666666667] = {
		0.971266,
		0.011233,
		-0.237733,
		0,
		0.23721,
		-0.126902,
		0.963134,
		0,
		-0.01935,
		-0.991852,
		-0.12592,
		0,
		0.002813,
		0.638526,
		-0.015175,
		1,
	},
	[0.433333333333] = {
		0.959787,
		0.01291,
		-0.280431,
		0,
		0.280008,
		-0.115528,
		0.953021,
		0,
		-0.020094,
		-0.99322,
		-0.114497,
		0,
		0.003482,
		0.642539,
		-0.013302,
		1,
	},
	[0.45] = {
		0.946428,
		0.012233,
		-0.322684,
		0,
		0.322153,
		-0.104415,
		0.940912,
		0,
		-0.022183,
		-0.994459,
		-0.102762,
		0,
		0.004367,
		0.651041,
		-0.011746,
		1,
	},
	[0.466666666667] = {
		0.931196,
		0.011048,
		-0.364353,
		0,
		0.363746,
		-0.093259,
		0.926818,
		0,
		-0.02374,
		-0.995581,
		-0.090861,
		0,
		0.004219,
		0.658366,
		-0.01073,
		1,
	},
	[0.483333333333] = {
		0.914115,
		0.01112,
		-0.405302,
		0,
		0.404809,
		-0.081434,
		0.910768,
		0,
		-0.022878,
		-0.996617,
		-0.078941,
		0,
		0.001674,
		0.658848,
		-0.010479,
		1,
	},
	[0.4] = {
		0.98083,
		0.007395,
		-0.194724,
		0,
		0.193873,
		-0.137712,
		0.971313,
		0,
		-0.019632,
		-0.990445,
		-0.136506,
		0,
		0.002127,
		0.63871,
		-0.017498,
		1,
	},
	[0.516666666667] = {
		0.874646,
		0.014751,
		-0.484538,
		0,
		0.484563,
		-0.055259,
		0.873009,
		0,
		-0.013897,
		-0.998363,
		-0.055479,
		0,
		-0.010706,
		0.644267,
		-0.013226,
		1,
	},
	[0.533333333333] = {
		0.890414,
		-0.029392,
		-0.454202,
		0,
		0.446518,
		-0.13704,
		0.884218,
		0,
		-0.088233,
		-0.990129,
		-0.108898,
		0,
		-0.022856,
		0.625004,
		-0.020129,
		1,
	},
	[0.55] = {
		0.912503,
		-0.101233,
		-0.396345,
		0,
		0.361175,
		-0.255539,
		0.896801,
		0,
		-0.192068,
		-0.961484,
		-0.196617,
		0,
		-0.040388,
		0.592253,
		-0.032384,
		1,
	},
	[0.566666666667] = {
		0.923486,
		-0.191422,
		-0.332462,
		0,
		0.2434,
		-0.377496,
		0.89345,
		0,
		-0.296529,
		-0.90601,
		-0.30202,
		0,
		-0.055006,
		0.556291,
		-0.045316,
		1,
	},
	[0.583333333333] = {
		0.917229,
		-0.280936,
		-0.282429,
		0,
		0.122712,
		-0.475242,
		0.871256,
		0,
		-0.378989,
		-0.833799,
		-0.401431,
		0,
		-0.059075,
		0.527914,
		-0.054628,
		1,
	},
	[0.5] = {
		0.895239,
		0.012766,
		-0.445404,
		0,
		0.445174,
		-0.068637,
		0.892809,
		0,
		-0.019173,
		-0.99756,
		-0.06713,
		0,
		-0.003598,
		0.652859,
		-0.011219,
		1,
	},
	[0.616666666667] = {
		0.960808,
		-0.267015,
		-0.074502,
		0,
		-0.094923,
		-0.569399,
		0.816562,
		0,
		-0.260456,
		-0.777488,
		-0.572429,
		0,
		-0.083545,
		0.493758,
		-0.066772,
		1,
	},
	[0.633333333333] = {
		0.977487,
		-0.209839,
		0.022081,
		0,
		-0.163761,
		-0.6885,
		0.706506,
		0,
		-0.133049,
		-0.694216,
		-0.707363,
		0,
		-0.104725,
		0.476703,
		-0.07857,
		1,
	},
	[0.65] = {
		0.865606,
		-0.493646,
		0.083904,
		0,
		-0.431945,
		-0.651387,
		0.623794,
		0,
		-0.253279,
		-0.576201,
		-0.777072,
		0,
		-0.113157,
		0.465089,
		-0.087418,
		1,
	},
	[0.666666666667] = {
		0.554089,
		-0.679127,
		-0.481426,
		0,
		-0.52805,
		-0.733814,
		0.427411,
		0,
		-0.643543,
		0.017393,
		-0.765212,
		0,
		-0.164698,
		0.452623,
		-0.101886,
		1,
	},
	[0.683333333333] = {
		0.34671,
		-0.783627,
		-0.515481,
		0,
		-0.704773,
		-0.580288,
		0.408118,
		0,
		-0.61894,
		0.221798,
		-0.753471,
		0,
		-0.182606,
		0.433596,
		-0.123922,
		1,
	},
	[0.6] = {
		0.929856,
		-0.308191,
		-0.200962,
		0,
		0.011214,
		-0.522211,
		0.852742,
		0,
		-0.367752,
		-0.795182,
		-0.482125,
		0,
		-0.064895,
		0.509572,
		-0.059943,
		1,
	},
	[0.716666666667] = {
		-0.350977,
		-0.936384,
		-0.00094,
		0,
		-0.63932,
		0.238897,
		0.730888,
		0,
		-0.684167,
		0.257126,
		-0.682496,
		0,
		-0.20057,
		0.40673,
		-0.14804,
		1,
	},
	[0.733333333333] = {
		-0.575446,
		-0.815248,
		0.065064,
		0,
		-0.470198,
		0.394884,
		0.789291,
		0,
		-0.66916,
		0.423601,
		-0.610563,
		0,
		-0.223305,
		0.418093,
		-0.168113,
		1,
	},
	[0.75] = {
		-0.662537,
		-0.709258,
		0.240827,
		0,
		-0.20646,
		0.481987,
		0.851506,
		0,
		-0.720013,
		0.514433,
		-0.465768,
		0,
		-0.249827,
		0.440576,
		-0.191076,
		1,
	},
	[0.766666666667] = {
		-0.636493,
		-0.66744,
		0.386525,
		0,
		-0.006979,
		0.506109,
		0.862441,
		0,
		-0.771251,
		0.54624,
		-0.326793,
		0,
		-0.270078,
		0.45204,
		-0.216739,
		1,
	},
	[0.783333333333] = {
		-0.568075,
		-0.687959,
		0.451667,
		0,
		0.097945,
		0.488404,
		0.867103,
		0,
		-0.817128,
		0.536818,
		-0.210068,
		0,
		-0.281849,
		0.445034,
		-0.244385,
		1,
	},
	[0.7] = {
		0.125463,
		-0.989793,
		-0.067599,
		0,
		-0.745859,
		-0.139033,
		0.651433,
		0,
		-0.654182,
		-0.031312,
		-0.755689,
		0,
		-0.192678,
		0.416905,
		-0.135128,
		1,
	},
	[0.816666666667] = {
		-0.380515,
		-0.793695,
		0.474613,
		0,
		0.263733,
		0.398771,
		0.878309,
		0,
		-0.886371,
		0.45938,
		0.057585,
		0,
		-0.297311,
		0.413156,
		-0.302905,
		1,
	},
	[0.833333333333] = {
		-0.305142,
		-0.84372,
		0.441617,
		0,
		0.335937,
		0.338554,
		0.878936,
		0,
		-0.891086,
		0.416555,
		0.18013,
		0,
		-0.303575,
		0.398704,
		-0.333147,
		1,
	},
	[0.85] = {
		-0.263077,
		-0.876404,
		0.40337,
		0,
		0.399978,
		0.281397,
		0.872258,
		0,
		-0.877957,
		0.39081,
		0.276513,
		0,
		-0.310579,
		0.39219,
		-0.363622,
		1,
	},
	[0.866666666667] = {
		-0.247589,
		-0.897135,
		0.365854,
		0,
		0.473879,
		0.21723,
		0.853376,
		0,
		-0.845067,
		0.384657,
		0.37135,
		0,
		-0.319256,
		0.393513,
		-0.398149,
		1,
	},
	[0.883333333333] = {
		-0.240405,
		-0.915166,
		0.323537,
		0,
		0.566587,
		0.138337,
		0.812307,
		0,
		-0.788153,
		0.378595,
		0.485264,
		0,
		-0.329078,
		0.398248,
		-0.438139,
		1,
	},
	[0.8] = {
		-0.474913,
		-0.736489,
		0.481706,
		0,
		0.185454,
		0.451324,
		0.872877,
		0,
		-0.86027,
		0.503875,
		-0.077755,
		0,
		-0.290498,
		0.430335,
		-0.273213,
		1,
	},
	[0.916666666667] = {
		-0.232957,
		-0.941747,
		0.242578,
		0,
		0.743973,
		-0.011942,
		0.668103,
		0,
		-0.626287,
		0.336111,
		0.703416,
		0,
		-0.348542,
		0.412855,
		-0.518801,
		1,
	},
	[0.933333333333] = {
		-0.229266,
		-0.950096,
		0.211551,
		0,
		0.806653,
		-0.063822,
		0.58757,
		0,
		-0.544746,
		0.305358,
		0.78103,
		0,
		-0.356374,
		0.420127,
		-0.55162,
		1,
	},
	[0.95] = {
		-0.226236,
		-0.95517,
		0.190964,
		0,
		0.84542,
		-0.095169,
		0.525554,
		0,
		-0.48382,
		0.280344,
		0.829051,
		0,
		-0.361731,
		0.42559,
		-0.574197,
		1,
	},
	[0.966666666667] = {
		-0.225091,
		-0.956904,
		0.183491,
		0,
		0.858859,
		-0.105933,
		0.501138,
		0,
		-0.460103,
		0.270394,
		0.84569,
		0,
		-0.36371,
		0.427935,
		-0.582605,
		1,
	},
	[0.983333333333] = {
		-0.225126,
		-0.95689,
		0.183522,
		0,
		0.858855,
		-0.105948,
		0.501142,
		0,
		-0.460093,
		0.270439,
		0.845681,
		0,
		-0.363695,
		0.428333,
		-0.582619,
		1,
	},
	[0.9] = {
		-0.236461,
		-0.930095,
		0.281085,
		0,
		0.661117,
		0.057988,
		0.748038,
		0,
		-0.712046,
		0.362712,
		0.60119,
		0,
		-0.339142,
		0.40512,
		-0.479665,
		1,
	},
	[1.01666666667] = {
		-0.225216,
		-0.956856,
		0.183586,
		0,
		0.858845,
		-0.105995,
		0.501149,
		0,
		-0.460068,
		0.270539,
		0.845663,
		0,
		-0.363657,
		0.429358,
		-0.582648,
		1,
	},
	[1.03333333333] = {
		-0.225269,
		-0.956838,
		0.183618,
		0,
		0.858839,
		-0.106025,
		0.501152,
		0,
		-0.460053,
		0.270592,
		0.845654,
		0,
		-0.363635,
		0.429954,
		-0.582662,
		1,
	},
	[1.05] = {
		-0.225323,
		-0.956819,
		0.183649,
		0,
		0.858833,
		-0.106058,
		0.501155,
		0,
		-0.460038,
		0.270646,
		0.845646,
		0,
		-0.363611,
		0.430582,
		-0.582676,
		1,
	},
	[1.06666666667] = {
		-0.22538,
		-0.9568,
		0.183678,
		0,
		0.858827,
		-0.106093,
		0.501159,
		0,
		-0.460022,
		0.270699,
		0.845637,
		0,
		-0.363587,
		0.431228,
		-0.582689,
		1,
	},
	[1.08333333333] = {
		-0.225436,
		-0.956781,
		0.183706,
		0,
		0.858821,
		-0.106129,
		0.501162,
		0,
		-0.460006,
		0.270751,
		0.845629,
		0,
		-0.363562,
		0.431875,
		-0.582702,
		1,
	},
	{
		-0.225169,
		-0.956873,
		0.183554,
		0,
		0.858851,
		-0.105969,
		0.501145,
		0,
		-0.460081,
		0.270488,
		0.845672,
		0,
		-0.363678,
		0.428813,
		-0.582634,
		1,
	},
	[1.11666666667] = {
		-0.225543,
		-0.956747,
		0.183756,
		0,
		0.858809,
		-0.106199,
		0.501167,
		0,
		-0.459976,
		0.270846,
		0.845615,
		0,
		-0.363514,
		0.433106,
		-0.582724,
		1,
	},
	[1.13333333333] = {
		-0.225591,
		-0.956731,
		0.183777,
		0,
		0.858804,
		-0.106231,
		0.50117,
		0,
		-0.459962,
		0.270888,
		0.845609,
		0,
		-0.363493,
		0.433659,
		-0.582734,
		1,
	},
	[1.15] = {
		-0.225633,
		-0.956718,
		0.183796,
		0,
		0.858799,
		-0.106259,
		0.501172,
		0,
		-0.45995,
		0.270924,
		0.845604,
		0,
		-0.363474,
		0.434147,
		-0.582742,
		1,
	},
	[1.16666666667] = {
		-0.225668,
		-0.956707,
		0.18381,
		0,
		0.858795,
		-0.106283,
		0.501173,
		0,
		-0.45994,
		0.270954,
		0.8456,
		0,
		-0.363458,
		0.434555,
		-0.582749,
		1,
	},
	[1.18333333333] = {
		-0.225695,
		-0.956698,
		0.183822,
		0,
		0.858792,
		-0.106302,
		0.501175,
		0,
		-0.459932,
		0.270977,
		0.845597,
		0,
		-0.363446,
		0.434866,
		-0.582754,
		1,
	},
	[1.1] = {
		-0.225491,
		-0.956764,
		0.183732,
		0,
		0.858815,
		-0.106165,
		0.501165,
		0,
		-0.45999,
		0.2708,
		0.845622,
		0,
		-0.363538,
		0.432506,
		-0.582713,
		1,
	},
	[1.21666666667] = {
		-0.225718,
		-0.956691,
		0.183831,
		0,
		0.85879,
		-0.106317,
		0.501176,
		0,
		-0.459926,
		0.270997,
		0.845594,
		0,
		-0.363435,
		0.435135,
		-0.582758,
		1,
	},
	[1.2] = {
		-0.225712,
		-0.956693,
		0.183828,
		0,
		0.85879,
		-0.106313,
		0.501175,
		0,
		-0.459927,
		0.270992,
		0.845595,
		0,
		-0.363438,
		0.435065,
		-0.582757,
		1,
	},
}

return spline_matrices
