-- chunkname: @content/characters/player/human/first_person/animations/dual_autopistols/attack_stab_01.lua

local spline_matrices = {
	[0.03333333333333333] = {
		0.999995,
		0.003027,
		0.00102,
		0,
		-0.003032,
		0.999984,
		0.004717,
		0,
		-0.001006,
		-0.00472,
		0.999988,
		0,
		-0.021682,
		0.288316,
		-0.138098,
		1,
	},
	[0.06666666666666667] = {
		0.999962,
		0.008347,
		0.002685,
		0,
		-0.008386,
		0.999856,
		0.014786,
		0,
		-0.002561,
		-0.014808,
		0.999887,
		0,
		-0.022983,
		0.289257,
		-0.142488,
		1,
	},
	[0] = {
		1,
		-0,
		-0,
		0,
		0,
		1,
		0,
		0,
		0,
		-0,
		1,
		0,
		-0.02095,
		0.288064,
		-0.13366,
		1,
	},
	[0.13333333333333333] = {
		0.999965,
		0.008136,
		0.0021,
		0,
		-0.00819,
		0.999588,
		0.027506,
		0,
		-0.001875,
		-0.027523,
		0.999619,
		0,
		-0.022957,
		0.290739,
		-0.170899,
		1,
	},
	[0.16666666666666666] = {
		0.999996,
		0.002648,
		0.000589,
		0,
		-0.002663,
		0.999625,
		0.027249,
		0,
		-0.000517,
		-0.027251,
		0.999628,
		0,
		-0.021612,
		0.290803,
		-0.184359,
		1,
	},
	[0.1] = {
		0.999943,
		0.010219,
		0.002969,
		0,
		-0.010287,
		0.999667,
		0.023659,
		0,
		-0.002726,
		-0.023688,
		0.999716,
		0,
		-0.023459,
		0.290209,
		-0.154495,
		1,
	},
	[0.23333333333333334] = {
		0.999823,
		-0.018531,
		-0.003302,
		0,
		0.018615,
		0.999453,
		0.027335,
		0,
		0.002794,
		-0.027391,
		0.999621,
		0,
		-0.016013,
		0.300953,
		-0.192886,
		1,
	},
	[0.26666666666666666] = {
		0.999357,
		-0.035338,
		-0.006109,
		0,
		0.0355,
		0.998953,
		0.028839,
		0,
		0.005083,
		-0.029038,
		0.999565,
		0,
		-0.011382,
		0.304258,
		-0.192516,
		1,
	},
	[0.2] = {
		0.99998,
		-0.006227,
		-0.001206,
		0,
		0.006257,
		0.999621,
		0.026798,
		0,
		0.001039,
		-0.026805,
		0.99964,
		0,
		-0.019343,
		0.29508,
		-0.19099,
		1,
	},
	[0.3333333333333333] = {
		0.999956,
		-0.0094,
		-0.000436,
		0,
		0.009404,
		0.999913,
		0.009227,
		0,
		0.000349,
		-0.009231,
		0.999957,
		0,
		-0.017529,
		0.368956,
		-0.105501,
		1,
	},
	[0.36666666666666664] = {
		0.999999,
		0.001292,
		1.8e-05,
		0,
		-0.001292,
		0.999995,
		0.002931,
		0,
		-1.4e-05,
		-0.002931,
		0.999996,
		0,
		-0.021588,
		0.493912,
		-0.042226,
		1,
	},
	[0.3] = {
		0.999699,
		-0.024318,
		-0.003322,
		0,
		0.024393,
		0.999388,
		0.025058,
		0,
		0.002711,
		-0.025132,
		0.99968,
		0,
		-0.013893,
		0.307579,
		-0.125989,
		1,
	},
	[0.43333333333333335] = {
		0.999998,
		-0.001777,
		1.9e-05,
		0,
		0.001777,
		0.999995,
		-0.002438,
		0,
		-1.4e-05,
		0.002438,
		0.999997,
		0,
		-0.007379,
		0.685005,
		0.006936,
		1,
	},
	[0.4666666666666667] = {
		0.999994,
		-0.003555,
		1.4e-05,
		0,
		0.003555,
		0.999993,
		-0.000952,
		0,
		-1.1e-05,
		0.000952,
		1,
		0,
		-0.018417,
		0.712605,
		0.017127,
		1,
	},
	[0.4] = {
		1,
		0.000646,
		-6e-06,
		0,
		-0.000646,
		0.999998,
		-0.001969,
		0,
		4e-06,
		0.001969,
		0.999998,
		0,
		0.00054,
		0.613377,
		0.000648,
		1,
	},
	[0.5333333333333333] = {
		0.999962,
		-0.008709,
		-0.000122,
		0,
		0.008709,
		0.999956,
		0.003526,
		0,
		9.2e-05,
		-0.003526,
		0.999994,
		0,
		-0.027596,
		0.738046,
		0.026967,
		1,
	},
	[0.5666666666666667] = {
		0.999941,
		-0.010897,
		-0.000214,
		0,
		0.010898,
		0.999928,
		0.004952,
		0,
		0.00016,
		-0.004954,
		0.999988,
		0,
		-0.048681,
		0.737187,
		0.02298,
		1,
	},
	[0.5] = {
		0.999983,
		-0.005902,
		-4.3e-05,
		0,
		0.005902,
		0.999981,
		0.001781,
		0,
		3.2e-05,
		-0.001782,
		0.999998,
		0,
		-0.02289,
		0.731176,
		0.024653,
		1,
	},
	[0.6333333333333333] = {
		0.999926,
		0.012163,
		0.00059,
		0,
		-0.012168,
		0.999873,
		0.010268,
		0,
		-0.000465,
		-0.010274,
		0.999947,
		0,
		-0.005424,
		0.699796,
		0.012459,
		1,
	},
	[0.6666666666666666] = {
		0.999782,
		0.020851,
		0.001476,
		0,
		-0.020867,
		0.99971,
		0.012053,
		0,
		-0.001224,
		-0.012081,
		0.999926,
		0,
		0.044005,
		0.644858,
		-0.005708,
		1,
	},
	[0.6] = {
		0.999996,
		-0.002845,
		-8.8e-05,
		0,
		0.002846,
		0.999968,
		0.00742,
		0,
		6.6e-05,
		-0.00742,
		0.999972,
		0,
		-0.040063,
		0.732303,
		0.0212,
		1,
	},
	[0.7333333333333333] = {
		0.999888,
		0.014628,
		0.00314,
		0,
		-0.014681,
		0.999736,
		0.017668,
		0,
		-0.002881,
		-0.017712,
		0.999839,
		0,
		0.173547,
		0.506763,
		-0.103502,
		1,
	},
	[0.7666666666666667] = {
		0.999937,
		0.010872,
		0.002927,
		0,
		-0.010913,
		0.999835,
		0.014555,
		0,
		-0.002769,
		-0.014586,
		0.99989,
		0,
		0.215496,
		0.442261,
		-0.130598,
		1,
	},
	[0.7] = {
		0.999805,
		0.019522,
		0.003026,
		0,
		-0.019577,
		0.999623,
		0.01924,
		0,
		-0.002649,
		-0.019296,
		0.99981,
		0,
		0.119324,
		0.577002,
		-0.041849,
		1,
	},
	[0.8333333333333334] = {
		0.999982,
		0.005635,
		0.001904,
		0,
		-0.005651,
		0.999947,
		0.008586,
		0,
		-0.001855,
		-0.008597,
		0.999961,
		0,
		0.246881,
		0.386123,
		-0.136172,
		1,
	},
	[0.8666666666666667] = {
		0.999993,
		0.003632,
		0.001263,
		0,
		-0.003639,
		0.999978,
		0.005577,
		0,
		-0.001243,
		-0.005581,
		0.999984,
		0,
		0.252529,
		0.390852,
		-0.133603,
		1,
	},
	[0.8] = {
		0.999962,
		0.008294,
		0.002593,
		0,
		-0.008324,
		0.999895,
		0.011849,
		0,
		-0.002495,
		-0.01187,
		0.999926,
		0,
		0.235264,
		0.393087,
		-0.136129,
		1,
	},
	[0.9333333333333333] = {
		0.999999,
		0.001106,
		0.000385,
		0,
		-0.001107,
		0.999998,
		0.001663,
		0,
		-0.000383,
		-0.001663,
		0.999999,
		0,
		0.254319,
		0.408822,
		-0.127497,
		1,
	},
	[0.9666666666666667] = {
		1,
		0.000465,
		0.00016,
		0,
		-0.000465,
		1,
		0.000696,
		0,
		-0.00016,
		-0.000696,
		1,
		0,
		0.254338,
		0.410017,
		-0.127237,
		1,
	},
	[0.9] = {
		0.999997,
		0.002153,
		0.000752,
		0,
		-0.002156,
		0.999992,
		0.003252,
		0,
		-0.000745,
		-0.003254,
		0.999994,
		0,
		0.254332,
		0.400655,
		-0.130119,
		1,
	},
	[1.0333333333333334] = {
		1,
		1.7e-05,
		6e-06,
		0,
		-1.7e-05,
		1,
		2.5e-05,
		0,
		-6e-06,
		-2.5e-05,
		1,
		0,
		0.254502,
		0.409817,
		-0.127552,
		1,
	},
	[1.0666666666666667] = {
		1,
		-0,
		-0,
		0,
		0,
		1,
		-0,
		0,
		0,
		0,
		1,
		0,
		0.254508,
		0.40981,
		-0.127563,
		1,
	},
	{
		1,
		0.000137,
		4.7e-05,
		0,
		-0.000137,
		1,
		0.000204,
		0,
		-4.7e-05,
		-0.000204,
		1,
		0,
		0.254458,
		0.409871,
		-0.127468,
		1,
	},
	[1.1333333333333333] = {
		1,
		-0,
		-0,
		0,
		0,
		1,
		-0,
		0,
		0,
		0,
		1,
		0,
		0.254508,
		0.40981,
		-0.127563,
		1,
	},
	[1.1666666666666667] = {
		1,
		-0,
		-0,
		0,
		0,
		1,
		-0,
		0,
		0,
		0,
		1,
		0,
		0.254508,
		0.40981,
		-0.127563,
		1,
	},
	[1.1] = {
		1,
		-0,
		-0,
		0,
		0,
		1,
		-0,
		0,
		0,
		0,
		1,
		0,
		0.254508,
		0.40981,
		-0.127563,
		1,
	},
	[1.2333333333333334] = {
		1,
		-0,
		-0,
		0,
		0,
		1,
		-0,
		0,
		0,
		0,
		1,
		0,
		0.254508,
		0.40981,
		-0.127563,
		1,
	},
	[1.2666666666666666] = {
		1,
		-0,
		-0,
		0,
		0,
		1,
		-0,
		0,
		0,
		0,
		1,
		0,
		0.254508,
		0.40981,
		-0.127563,
		1,
	},
	[1.2] = {
		1,
		-0,
		-0,
		0,
		0,
		1,
		-0,
		0,
		0,
		0,
		1,
		0,
		0.254508,
		0.40981,
		-0.127563,
		1,
	},
	[1.3333333333333333] = {
		1,
		-0,
		-0,
		0,
		0,
		1,
		-0,
		0,
		0,
		0,
		1,
		0,
		0.254508,
		0.40981,
		-0.127563,
		1,
	},
	[1.3666666666666667] = {
		1,
		-0,
		-0,
		0,
		0,
		1,
		-0,
		0,
		0,
		0,
		1,
		0,
		0.254508,
		0.40981,
		-0.127563,
		1,
	},
	[1.3] = {
		1,
		-0,
		-0,
		0,
		0,
		1,
		-0,
		0,
		0,
		0,
		1,
		0,
		0.254508,
		0.40981,
		-0.127563,
		1,
	},
	[1.4] = {
		1,
		-0,
		-0,
		0,
		0,
		1,
		-0,
		0,
		0,
		0,
		1,
		0,
		0.254508,
		0.40981,
		-0.127563,
		1,
	},
}

return spline_matrices
