local spline_matrices = {
	[0] = {
		-0.856072,
		-0.233466,
		0.461124,
		0,
		0.508333,
		-0.218951,
		0.832861,
		0,
		-0.093481,
		0.947393,
		0.306116,
		0,
		0.13012,
		0.729287,
		-0.120977,
		1
	},
	{
		-0.600101,
		-0.097045,
		0.794016,
		0,
		0.577201,
		0.634696,
		0.51381,
		0,
		-0.553821,
		0.766644,
		-0.324868,
		0,
		-0.540017,
		0.570674,
		-0.805921,
		1
	},
	[0.0166666666667] = {
		-0.890603,
		-0.314336,
		0.328663,
		0,
		0.413785,
		-0.260216,
		0.872393,
		0,
		-0.188701,
		0.912952,
		0.361817,
		0,
		0.108549,
		0.723602,
		-0.108346,
		1
	},
	[0.0333333333333] = {
		-0.904314,
		-0.386488,
		0.181228,
		0,
		0.309797,
		-0.302141,
		0.901519,
		0,
		-0.29367,
		0.8714,
		0.392963,
		0,
		0.076484,
		0.717547,
		-0.093193,
		1
	},
	[0.05] = {
		-0.893568,
		-0.448099,
		0.02728,
		0,
		0.204506,
		-0.35221,
		0.913305,
		0,
		-0.399643,
		0.821678,
		0.406362,
		0,
		0.038085,
		0.710988,
		-0.075191,
		1
	},
	[0.0666666666667] = {
		-0.859247,
		-0.495921,
		-0.12553,
		0,
		0.108279,
		-0.416137,
		0.902832,
		0,
		-0.499971,
		0.762163,
		0.411262,
		0,
		-0.00326,
		0.703532,
		-0.053599,
		1
	},
	[0.0833333333333] = {
		-0.806233,
		-0.525579,
		-0.27158,
		0,
		0.032483,
		-0.497696,
		0.866743,
		0,
		-0.590706,
		0.689975,
		0.418331,
		0,
		-0.044977,
		0.694322,
		-0.02749,
		1
	},
	[0.116666666667] = {
		-0.67152,
		-0.50391,
		-0.543264,
		0,
		-0.017756,
		-0.722009,
		0.691655,
		0,
		-0.740774,
		0.474106,
		0.475896,
		0,
		-0.131934,
		0.653401,
		0.049159,
		1
	},
	[0.133333333333] = {
		-0.596761,
		-0.432478,
		-0.675899,
		0,
		0.014293,
		-0.847922,
		0.529929,
		0,
		-0.802292,
		0.30658,
		0.512188,
		0,
		-0.191752,
		0.5998,
		0.108253,
		1
	},
	[0.15] = {
		-0.530725,
		-0.324166,
		-0.783101,
		0,
		0.081328,
		-0.93918,
		0.333657,
		0,
		-0.843633,
		0.113392,
		0.52481,
		0,
		-0.256578,
		0.524236,
		0.16946,
		1
	},
	[0.166666666667] = {
		-0.484675,
		-0.202335,
		-0.850971,
		0,
		0.169699,
		-0.976144,
		0.135444,
		0,
		-0.858075,
		-0.078763,
		0.507449,
		0,
		-0.317025,
		0.436085,
		0.222052,
		1
	},
	[0.183333333333] = {
		-0.462736,
		-0.097411,
		-0.881128,
		0,
		0.261753,
		-0.964643,
		-0.03082,
		0,
		-0.846971,
		-0.2449,
		0.471873,
		0,
		-0.364553,
		0.34989,
		0.259729,
		1
	},
	[0.1] = {
		-0.742465,
		-0.531669,
		-0.407521,
		0,
		-0.011424,
		-0.598207,
		0.80126,
		0,
		-0.669787,
		0.599563,
		0.438075,
		0,
		-0.085017,
		0.681628,
		0.004017,
		1
	},
	[0.216666666667] = {
		-0.494022,
		0.045203,
		-0.868274,
		0,
		0.443856,
		-0.845601,
		-0.296564,
		0,
		-0.747619,
		-0.531898,
		0.397682,
		0,
		-0.416333,
		0.1726,
		0.310907,
		1
	},
	[0.233333333333] = {
		-0.535955,
		0.08639,
		-0.839815,
		0,
		0.524548,
		-0.745368,
		-0.411432,
		0,
		-0.661514,
		-0.661032,
		0.354168,
		0,
		-0.422067,
		0.076027,
		0.327419,
		1
	},
	[0.25] = {
		-0.582207,
		0.105186,
		-0.806208,
		0,
		0.589798,
		-0.627878,
		-0.507845,
		0,
		-0.559619,
		-0.771171,
		0.303517,
		0,
		-0.414948,
		-0.020329,
		0.335381,
		1
	},
	[0.266666666667] = {
		-0.622832,
		0.104504,
		-0.775344,
		0,
		0.638479,
		-0.504839,
		-0.580933,
		0,
		-0.452134,
		-0.856865,
		0.247706,
		0,
		-0.397178,
		-0.112423,
		0.333911,
		1
	},
	[0.283333333333] = {
		-0.649495,
		0.091026,
		-0.754898,
		0,
		0.674513,
		-0.389303,
		-0.627276,
		0,
		-0.350982,
		-0.916601,
		0.191452,
		0,
		-0.372491,
		-0.197215,
		0.323236,
		1
	},
	[0.2] = {
		-0.466579,
		-0.017359,
		-0.884309,
		0,
		0.353376,
		-0.920202,
		-0.168385,
		0,
		-0.81082,
		-0.391059,
		0.435481,
		0,
		-0.397033,
		0.265141,
		0.287626,
		1
	},
	[0.316666666667] = {
		-0.648468,
		0.017964,
		-0.76103,
		0,
		0.747167,
		-0.176339,
		-0.640817,
		0,
		-0.145711,
		-0.984166,
		0.100928,
		0,
		-0.291364,
		-0.370628,
		0.292413,
		1
	},
	[0.333333333333] = {
		-0.623358,
		-0.035185,
		-0.781144,
		0,
		0.7812,
		-0.071364,
		-0.620188,
		0,
		-0.033925,
		-0.99683,
		0.071972,
		0,
		-0.223546,
		-0.458179,
		0.277887,
		1
	},
	[0.35] = {
		-0.585914,
		-0.089803,
		-0.805382,
		0,
		0.806591,
		0.031283,
		-0.590282,
		0,
		0.078204,
		-0.995468,
		0.054105,
		0,
		-0.136589,
		-0.537692,
		0.265929,
		1
	},
	[0.366666666667] = {
		-0.541945,
		-0.140411,
		-0.828601,
		0,
		0.819763,
		0.128902,
		-0.558008,
		0,
		0.185159,
		-0.981666,
		0.045246,
		0,
		-0.034472,
		-0.603292,
		0.257169,
		1
	},
	[0.383333333333] = {
		-0.499422,
		-0.183331,
		-0.84674,
		0,
		0.819279,
		0.21786,
		-0.530395,
		0,
		0.281708,
		-0.958607,
		0.041395,
		0,
		0.075709,
		-0.651024,
		0.250278,
		1
	},
	[0.3] = {
		-0.657767,
		0.062742,
		-0.750604,
		0,
		0.709665,
		-0.282339,
		-0.645492,
		0,
		-0.252424,
		-0.957261,
		0.141187,
		0,
		-0.339872,
		-0.281636,
		0.307961,
		1
	},
	[0.416666666667] = {
		-0.456471,
		-0.240016,
		-0.856753,
		0,
		0.78024,
		0.354812,
		-0.515105,
		0,
		0.42762,
		-0.903604,
		0.025309,
		0,
		0.283952,
		-0.689669,
		0.225314,
		1
	},
	[0.433333333333] = {
		-0.474887,
		-0.252782,
		-0.842961,
		0,
		0.743795,
		0.396678,
		-0.537974,
		0,
		0.470374,
		-0.882467,
		-0.000359,
		0,
		0.362898,
		-0.683947,
		0.195641,
		1
	},
	[0.45] = {
		-0.531409,
		-0.237156,
		-0.813241,
		0,
		0.703057,
		0.41207,
		-0.579577,
		0,
		0.472562,
		-0.879748,
		-0.052243,
		0,
		0.413346,
		-0.670848,
		0.133676,
		1
	},
	[0.466666666667] = {
		-0.617224,
		-0.193871,
		-0.762528,
		0,
		0.658134,
		0.403878,
		-0.635408,
		0,
		0.431155,
		-0.894034,
		-0.12169,
		0,
		0.441411,
		-0.653798,
		0.045516,
		1
	},
	[0.483333333333] = {
		-0.714357,
		-0.150643,
		-0.683375,
		0,
		0.594853,
		0.383621,
		-0.706388,
		0,
		0.368569,
		-0.911121,
		-0.184432,
		0,
		0.461892,
		-0.628948,
		-0.03966,
		1
	},
	[0.4] = {
		-0.46768,
		-0.216812,
		-0.856894,
		0,
		0.805618,
		0.29431,
		-0.514161,
		0,
		0.363669,
		-0.930792,
		0.037024,
		0,
		0.185064,
		-0.679469,
		0.241583,
		1
	},
	[0.516666666667] = {
		-0.891144,
		-0.179935,
		-0.416517,
		0,
		0.347422,
		0.319831,
		-0.88148,
		0,
		0.291824,
		-0.930232,
		-0.222502,
		0,
		0.538402,
		-0.574744,
		-0.133231,
		1
	},
	[0.533333333333] = {
		-0.946642,
		-0.293373,
		-0.133421,
		0,
		0.059069,
		0.249032,
		-0.966692,
		0,
		0.316828,
		-0.922993,
		-0.218415,
		0,
		0.614195,
		-0.54859,
		-0.160005,
		1
	},
	[0.55] = {
		-0.869763,
		-0.42151,
		0.256598,
		0,
		-0.325964,
		0.100349,
		-0.940041,
		0,
		0.370487,
		-0.901255,
		-0.224676,
		0,
		0.708069,
		-0.505051,
		-0.205396,
		1
	},
	[0.566666666667] = {
		-0.646564,
		-0.500296,
		0.575898,
		0,
		-0.601208,
		-0.130516,
		-0.788362,
		0,
		0.469578,
		-0.855961,
		-0.216395,
		0,
		0.822327,
		-0.424984,
		-0.247958,
		1
	},
	[0.583333333333] = {
		-0.402459,
		-0.517579,
		0.755076,
		0,
		-0.646983,
		-0.422719,
		-0.634604,
		0,
		0.647642,
		-0.743923,
		-0.164738,
		0,
		0.977666,
		-0.264151,
		-0.249178,
		1
	},
	[0.5] = {
		-0.809647,
		-0.135935,
		-0.570959,
		0,
		0.497473,
		0.357259,
		-0.790498,
		0,
		0.311436,
		-0.924061,
		-0.22163,
		0,
		0.48943,
		-0.600028,
		-0.102477,
		1
	},
	[0.616666666667] = {
		-0.039948,
		-0.323207,
		0.945485,
		0,
		0.366132,
		-0.885162,
		-0.287116,
		0,
		0.929705,
		0.334703,
		0.153697,
		0,
		0.978963,
		0.908789,
		-0.039198,
		1
	},
	[0.633333333333] = {
		-0.047295,
		-0.174612,
		0.983501,
		0,
		0.85504,
		-0.516096,
		-0.050511,
		0,
		0.516401,
		0.838544,
		0.173709,
		0,
		0.480795,
		1.365072,
		-0.044426,
		1
	},
	[0.65] = {
		-0.114308,
		-0.16352,
		0.979895,
		0,
		0.992227,
		0.030043,
		0.120759,
		0,
		-0.049185,
		0.986082,
		0.158815,
		0,
		-0.143067,
		1.421185,
		-0.071189,
		1
	},
	[0.666666666667] = {
		-0.264959,
		-0.286287,
		0.92078,
		0,
		0.864005,
		0.353487,
		0.358527,
		0,
		-0.428126,
		0.890554,
		0.153693,
		0,
		-0.55898,
		1.287728,
		-0.097717,
		1
	},
	[0.683333333333] = {
		-0.385338,
		-0.47717,
		0.789825,
		0,
		0.61098,
		0.509502,
		0.605898,
		0,
		-0.691533,
		0.716042,
		0.095211,
		0,
		-0.860245,
		1.105463,
		-0.170656,
		1
	},
	[0.6] = {
		-0.182141,
		-0.475423,
		0.860696,
		0,
		-0.322517,
		-0.798025,
		-0.509057,
		0,
		0.928874,
		-0.37031,
		-0.007979,
		0,
		1.139596,
		0.179384,
		-0.14884,
		1
	},
	[0.716666666667] = {
		-0.404464,
		-0.639371,
		0.653921,
		0,
		0.273675,
		0.597636,
		0.753613,
		0,
		-0.872646,
		0.483772,
		-0.066742,
		0,
		-1.056498,
		0.845437,
		-0.335479,
		1
	},
	[0.733333333333] = {
		-0.384105,
		-0.640543,
		0.664957,
		0,
		0.223421,
		0.634317,
		0.740084,
		0,
		-0.89585,
		0.432835,
		-0.100534,
		0,
		-1.088292,
		0.758444,
		-0.394153,
		1
	},
	[0.75] = {
		-0.366185,
		-0.612908,
		0.70018,
		0,
		0.225036,
		0.671781,
		0.70574,
		0,
		-0.902921,
		0.415998,
		-0.10807,
		0,
		-1.105247,
		0.69691,
		-0.441835,
		1
	},
	[0.766666666667] = {
		-0.34943,
		-0.564004,
		0.748197,
		0,
		0.262598,
		0.70758,
		0.656028,
		0,
		-0.899411,
		0.425711,
		-0.099144,
		0,
		-1.111574,
		0.656713,
		-0.481366,
		1
	},
	[0.783333333333] = {
		-0.332116,
		-0.501554,
		0.798839,
		0,
		0.320739,
		0.736394,
		0.595694,
		0,
		-0.887032,
		0.454058,
		-0.0837,
		0,
		-1.108357,
		0.633666,
		-0.515557,
		1
	},
	[0.7] = {
		-0.4172,
		-0.603083,
		0.679879,
		0,
		0.387586,
		0.558581,
		0.733324,
		0,
		-0.822022,
		0.569455,
		0.000706,
		0,
		-1.005165,
		0.954091,
		-0.263797,
		1
	},
	[0.816666666667] = {
		-0.303053,
		-0.37577,
		0.87576,
		0,
		0.437077,
		0.761813,
		0.478126,
		0,
		-0.846831,
		0.527672,
		-0.066629,
		0,
		-1.080869,
		0.616484,
		-0.574123,
		1
	},
	[0.833333333333] = {
		-0.303779,
		-0.335797,
		0.891604,
		0,
		0.465786,
		0.764022,
		0.446446,
		0,
		-0.831121,
		0.550917,
		-0.075684,
		0,
		-1.063824,
		0.608777,
		-0.596051,
		1
	},
	[0.85] = {
		-0.316337,
		-0.309973,
		0.896575,
		0,
		0.478113,
		0.764203,
		0.4329,
		0,
		-0.819353,
		0.565607,
		-0.093544,
		0,
		-1.043607,
		0.599201,
		-0.614942,
		1
	},
	[0.866666666667] = {
		-0.333848,
		-0.284891,
		0.898545,
		0,
		0.491364,
		0.760887,
		0.423808,
		0,
		-0.80443,
		0.583,
		-0.114036,
		0,
		-1.017246,
		0.592086,
		-0.637117,
		1
	},
	[0.883333333333] = {
		-0.35596,
		-0.260463,
		0.89747,
		0,
		0.50522,
		0.754285,
		0.419292,
		0,
		-0.786158,
		0.602671,
		-0.136904,
		0,
		-0.982733,
		0.586616,
		-0.660668,
		1
	},
	[0.8] = {
		-0.315094,
		-0.435055,
		0.843471,
		0,
		0.383957,
		0.754328,
		0.53251,
		0,
		-0.867925,
		0.491647,
		-0.070641,
		0,
		-1.096996,
		0.622427,
		-0.546392,
		1
	},
	[0.916666666667] = {
		-0.412366,
		-0.213099,
		0.885744,
		0,
		0.533024,
		0.732037,
		0.424273,
		0,
		-0.73881,
		0.647078,
		-0.188281,
		0,
		-0.886338,
		0.578771,
		-0.70647,
		1
	},
	[0.933333333333] = {
		-0.445724,
		-0.189889,
		0.874799,
		0,
		0.545926,
		0.716815,
		0.433753,
		0,
		-0.709433,
		0.670909,
		-0.215836,
		0,
		-0.827559,
		0.57625,
		-0.728995,
		1
	},
	[0.95] = {
		-0.4818,
		-0.166805,
		0.860258,
		0,
		0.557385,
		0.699177,
		0.447743,
		0,
		-0.676158,
		0.695218,
		-0.243889,
		0,
		-0.762694,
		0.574369,
		-0.75064,
		1
	},
	[0.966666666667] = {
		-0.519993,
		-0.143715,
		0.841993,
		0,
		0.566798,
		0.679398,
		0.466002,
		0,
		-0.63902,
		0.719559,
		-0.271825,
		0,
		-0.692552,
		0.572929,
		-0.770943,
		1
	},
	[0.983333333333] = {
		-0.559654,
		-0.120496,
		0.81992,
		0,
		0.573581,
		0.657789,
		0.488179,
		0,
		-0.598157,
		0.743502,
		-0.29902,
		0,
		-0.618012,
		0.571748,
		-0.789488,
		1
	},
	[0.9] = {
		-0.38228,
		-0.236577,
		0.893249,
		0,
		0.519271,
		0.744601,
		0.419437,
		0,
		-0.764343,
		0.624181,
		-0.161799,
		0,
		-0.938297,
		0.58215,
		-0.683542,
		1
	},
	[1.01666666667] = {
		-0.640642,
		-0.073279,
		0.764335,
		0,
		0.577208,
		0.6105,
		0.542328,
		0,
		-0.506368,
		0.788619,
		-0.348815,
		0,
		-0.459563,
		0.569577,
		-0.819976,
		1
	},
	[1.03333333333] = {
		-0.680589,
		-0.049136,
		0.731016,
		0,
		0.573266,
		0.585612,
		0.573084,
		0,
		-0.45625,
		0.809101,
		-0.370393,
		0,
		-0.377673,
		0.568361,
		-0.831486,
		1
	},
	[1.05] = {
		-0.719286,
		-0.024576,
		0.69428,
		0,
		0.56517,
		0.560461,
		0.605365,
		0,
		-0.403994,
		0.827816,
		-0.389242,
		0,
		-0.295379,
		0.566956,
		-0.840398,
		1
	},
	[1.06666666667] = {
		-0.756126,
		0.000426,
		0.654426,
		0,
		0.552863,
		0.53549,
		0.63843,
		0,
		-0.350167,
		0.844542,
		-0.405133,
		0,
		-0.213688,
		0.565321,
		-0.846772,
		1
	},
	[1.08333333333] = {
		-0.790573,
		0.02588,
		0.611821,
		0,
		0.536437,
		0.511142,
		0.671542,
		0,
		-0.295349,
		0.859106,
		-0.417978,
		0,
		-0.133561,
		0.563435,
		-0.850777,
		1
	},
	[1.11666666667] = {
		-0.850559,
		0.078147,
		0.52004,
		0,
		0.492297,
		0.466045,
		0.73515,
		0,
		-0.184912,
		0.881303,
		-0.43487,
		0,
		0.018534,
		0.558906,
		-0.852815,
		1
	},
	[1.13333333333] = {
		-0.87546,
		0.104964,
		0.471756,
		0,
		0.465418,
		0.44611,
		0.764442,
		0,
		-0.130216,
		0.888802,
		-0.439403,
		0,
		0.089002,
		0.556273,
		-0.851592,
		1
	},
	[1.15] = {
		-0.896681,
		0.132244,
		0.422463,
		0,
		0.436047,
		0.428418,
		0.791404,
		0,
		-0.076332,
		0.893851,
		-0.441819,
		0,
		0.154923,
		0.553392,
		-0.849441,
		1
	},
	[1.16666666667] = {
		-0.914106,
		0.160008,
		0.372569,
		0,
		0.404795,
		0.413309,
		0.815669,
		0,
		-0.023473,
		0.896422,
		-0.442579,
		0,
		0.215801,
		0.550243,
		-0.846809,
		1
	},
	[1.18333333333] = {
		-0.927675,
		0.188285,
		0.32244,
		0,
		0.372317,
		0.401091,
		0.836962,
		0,
		0.028259,
		0.896479,
		-0.442184,
		0,
		0.271237,
		0.546782,
		-0.844138,
		1
	},
	[1.1] = {
		-0.822172,
		0.051787,
		0.566878,
		0,
		0.516127,
		0.487854,
		0.703997,
		0,
		-0.240096,
		0.871388,
		-0.427829,
		0,
		-0.055887,
		0.561296,
		-0.852677,
		1
	},
	[1.21666666667] = {
		-0.943204,
		0.246544,
		0.22267,
		0,
		0.30638,
		0.386407,
		0.869955,
		0,
		0.128441,
		0.888766,
		-0.439997,
		0,
		0.364595,
		0.538614,
		-0.840404,
		1
	},
	[1.23333333333] = {
		-0.945189,
		0.276628,
		0.17348,
		0,
		0.27429,
		0.384404,
		0.881475,
		0,
		0.177154,
		0.880744,
		-0.439211,
		0,
		0.402127,
		0.533716,
		-0.840262,
		1
	},
	[1.25] = {
		-0.943334,
		0.307419,
		0.124956,
		0,
		0.243705,
		0.386217,
		0.889632,
		0,
		0.225229,
		0.869673,
		-0.439251,
		0,
		0.433006,
		0.527685,
		-0.840892,
		1
	},
	[1.2] = {
		-0.937372,
		0.217114,
		0.272388,
		0,
		0.339284,
		0.392041,
		0.855096,
		0,
		0.078866,
		0.89396,
		-0.441152,
		0,
		0.320914,
		0.542936,
		-0.841855,
		1
	}
}

return spline_matrices
