local spline_matrices = {
	[0] = {
		-0.994054,
		-0.093186,
		-0.056323,
		0,
		-0.104541,
		0.961444,
		0.254357,
		0,
		0.030449,
		0.258733,
		-0.965469,
		0,
		0.272387,
		-0.496387,
		0.186924,
		1
	},
	{
		-0.808132,
		-0.429376,
		0.403186,
		0,
		-0.572284,
		0.734329,
		-0.365037,
		0,
		-0.139333,
		-0.525735,
		-0.83916,
		0,
		-0.20981,
		0.164253,
		-0.121276,
		1
	},
	[0.0166666666667] = {
		-0.971812,
		-0.139285,
		-0.190212,
		0,
		-0.194109,
		0.930621,
		0.310268,
		0,
		0.1338,
		0.338444,
		-0.931425,
		0,
		0.286641,
		-0.514281,
		0.122412,
		1
	},
	[0.0333333333333] = {
		-0.926797,
		-0.177561,
		-0.330937,
		0,
		-0.293291,
		0.892579,
		0.342465,
		0,
		0.234579,
		0.414457,
		-0.879317,
		0,
		0.301675,
		-0.522587,
		0.076146,
		1
	},
	[0.05] = {
		-0.860366,
		-0.202477,
		-0.467732,
		0,
		-0.393841,
		0.846615,
		0.357955,
		0,
		0.323511,
		0.492184,
		-0.808143,
		0,
		0.318173,
		-0.524207,
		0.03955,
		1
	},
	[0.0666666666667] = {
		-0.778866,
		-0.208223,
		-0.591618,
		0,
		-0.489639,
		0.791347,
		0.366092,
		0,
		0.391946,
		0.574816,
		-0.718307,
		0,
		0.33826,
		-0.520193,
		0.002784,
		1
	},
	[0.0833333333333] = {
		-0.692522,
		-0.189053,
		-0.696184,
		0,
		-0.577249,
		0.724017,
		0.377602,
		0,
		0.432662,
		0.663369,
		-0.610528,
		0,
		0.36554,
		-0.509209,
		-0.045034,
		1
	},
	[0.116666666667] = {
		-0.549843,
		-0.048691,
		-0.833847,
		0,
		-0.726871,
		0.51971,
		0.448955,
		0,
		0.411498,
		0.852954,
		-0.321151,
		0,
		0.451963,
		-0.444244,
		-0.218346,
		1
	},
	[0.133333333333] = {
		-0.502809,
		0.080869,
		-0.860606,
		0,
		-0.791279,
		0.357695,
		0.495916,
		0,
		0.347938,
		0.93033,
		-0.115862,
		0,
		0.500638,
		-0.370179,
		-0.335659,
		1
	},
	[0.15] = {
		-0.482022,
		0.223551,
		-0.84716,
		0,
		-0.837198,
		0.167609,
		0.520583,
		0,
		0.258368,
		0.960173,
		0.106365,
		0,
		0.540727,
		-0.258364,
		-0.438125,
		1
	},
	[0.166666666667] = {
		-0.489843,
		0.348792,
		-0.798998,
		0,
		-0.857011,
		-0.024496,
		0.514716,
		0,
		0.159956,
		0.93688,
		0.310918,
		0,
		0.562757,
		-0.123692,
		-0.505926,
		1
	},
	[0.183333333333] = {
		-0.520362,
		0.433615,
		-0.735664,
		0,
		-0.851081,
		-0.192835,
		0.48834,
		0,
		0.06989,
		0.880223,
		0.469385,
		0,
		0.564922,
		0.008591,
		-0.538338,
		1
	},
	[0.1] = {
		-0.614179,
		-0.139617,
		-0.776718,
		0,
		-0.655064,
		0.639055,
		0.403112,
		0,
		0.440085,
		0.756383,
		-0.483953,
		0,
		0.404244,
		-0.48612,
		-0.115601,
		1
	},
	[0.216666666667] = {
		-0.644951,
		0.494683,
		-0.582517,
		0,
		-0.760758,
		-0.488092,
		0.4278,
		0,
		-0.072696,
		0.719065,
		0.69113,
		0,
		0.504971,
		0.256099,
		-0.561759,
		1
	},
	[0.233333333333] = {
		-0.724457,
		0.47788,
		-0.496783,
		0,
		-0.678222,
		-0.622954,
		0.389799,
		0,
		-0.123195,
		0.619322,
		0.775412,
		0,
		0.441561,
		0.371492,
		-0.558113,
		1
	},
	[0.25] = {
		-0.799606,
		0.432701,
		-0.416413,
		0,
		-0.579042,
		-0.739346,
		0.343625,
		0,
		-0.159186,
		0.515885,
		0.841738,
		0,
		0.363401,
		0.470025,
		-0.54271,
		1
	},
	[0.266666666667] = {
		-0.86125,
		0.367769,
		-0.350706,
		0,
		-0.473522,
		-0.831273,
		0.291139,
		0,
		-0.184461,
		0.41681,
		0.890081,
		0,
		0.281685,
		0.543762,
		-0.518079,
		1
	},
	[0.283333333333] = {
		-0.904265,
		0.295665,
		-0.308038,
		0,
		-0.373918,
		-0.896668,
		0.237008,
		0,
		-0.206132,
		0.329499,
		0.921379,
		0,
		0.210453,
		0.588359,
		-0.489395,
		1
	},
	[0.2] = {
		-0.572798,
		0.479608,
		-0.66474,
		0,
		-0.819663,
		-0.342493,
		0.459186,
		0,
		-0.00744,
		0.807883,
		0.589296,
		0,
		0.546923,
		0.132788,
		-0.554246,
		1
	},
	[0.316666666667] = {
		-0.94462,
		0.121392,
		-0.304889,
		0,
		-0.172736,
		-0.973872,
		0.14743,
		0,
		-0.279026,
		0.191931,
		0.940908,
		0,
		0.113535,
		0.592715,
		-0.432395,
		1
	},
	[0.333333333333] = {
		-0.942866,
		0.02072,
		-0.332527,
		0,
		-0.063324,
		-0.991016,
		0.117804,
		0,
		-0.327098,
		0.132131,
		0.935707,
		0,
		0.08861,
		0.565245,
		-0.409486,
		1
	},
	[0.35] = {
		-0.926076,
		-0.080136,
		-0.368729,
		0,
		0.046658,
		-0.994009,
		0.098844,
		0,
		-0.374441,
		0.074333,
		0.924266,
		0,
		0.081074,
		0.528822,
		-0.391711,
		1
	},
	[0.366666666667] = {
		-0.897197,
		-0.175079,
		-0.405443,
		0,
		0.151994,
		-0.98439,
		0.088736,
		0,
		-0.41465,
		0.017989,
		0.909803,
		0,
		0.088989,
		0.491101,
		-0.378741,
		1
	},
	[0.383333333333] = {
		-0.862149,
		-0.259021,
		-0.435439,
		0,
		0.247671,
		-0.965215,
		0.083781,
		0,
		-0.441993,
		-0.035614,
		0.896311,
		0,
		0.107611,
		0.458428,
		-0.370541,
		1
	},
	[0.3] = {
		-0.931206,
		0.215342,
		-0.294081,
		0,
		-0.277182,
		-0.942308,
		0.187687,
		0,
		-0.236698,
		0.256289,
		0.937171,
		0,
		0.155061,
		0.603066,
		-0.459934,
		1
	},
	[0.416666666667] = {
		-0.806857,
		-0.380547,
		-0.451847,
		0,
		0.394627,
		-0.916388,
		0.067104,
		0,
		-0.439603,
		-0.124168,
		0.889568,
		0,
		0.148081,
		0.42478,
		-0.372065,
		1
	},
	[0.433333333333] = {
		-0.803607,
		-0.413888,
		-0.427682,
		0,
		0.439531,
		-0.897225,
		0.042416,
		0,
		-0.401283,
		-0.153894,
		0.902933,
		0,
		0.153438,
		0.428756,
		-0.383441,
		1
	},
	[0.45] = {
		-0.829831,
		-0.408876,
		-0.379738,
		0,
		0.444825,
		-0.895584,
		-0.007761,
		0,
		-0.336914,
		-0.175357,
		0.925061,
		0,
		0.159882,
		0.452896,
		-0.405096,
		1
	},
	[0.466666666667] = {
		-0.878083,
		-0.367687,
		-0.306228,
		0,
		0.407325,
		-0.91019,
		-0.075108,
		0,
		-0.25111,
		-0.190686,
		0.94899,
		0,
		0.179563,
		0.493748,
		-0.436038,
		1
	},
	[0.483333333333] = {
		-0.92589,
		-0.320095,
		-0.200665,
		0,
		0.349829,
		-0.926966,
		-0.135478,
		0,
		-0.142644,
		-0.195636,
		0.970247,
		0,
		0.20011,
		0.538202,
		-0.471575,
		1
	},
	[0.4] = {
		-0.829039,
		-0.32838,
		-0.452616,
		0,
		0.329655,
		-0.940811,
		0.078756,
		0,
		-0.451688,
		-0.083916,
		0.888221,
		0,
		0.129995,
		0.435331,
		-0.367931,
		1
	},
	[0.516666666667] = {
		-0.943031,
		-0.310733,
		0.118897,
		0,
		0.289143,
		-0.942226,
		-0.169137,
		0,
		0.164584,
		-0.125124,
		0.978395,
		0,
		0.157619,
		0.565986,
		-0.546823,
		1
	},
	[0.533333333333] = {
		-0.83699,
		-0.369228,
		0.403879,
		0,
		0.330029,
		-0.929323,
		-0.165647,
		0,
		0.436496,
		-0.005354,
		0.89969,
		0,
		0.01722,
		0.507293,
		-0.542168,
		1
	},
	[0.55] = {
		-0.5678,
		-0.398931,
		0.720039,
		0,
		0.402196,
		-0.89765,
		-0.180175,
		0,
		0.718221,
		0.187293,
		0.670134,
		0,
		-0.153231,
		0.399315,
		-0.445404,
		1
	},
	[0.566666666667] = {
		-0.233673,
		-0.343437,
		0.909642,
		0,
		0.511452,
		-0.839071,
		-0.185409,
		0,
		0.826931,
		0.421913,
		0.37172,
		0,
		-0.241994,
		0.268465,
		-0.308525,
		1
	},
	[0.583333333333] = {
		-0.004872,
		-0.204085,
		0.978941,
		0,
		0.687304,
		-0.711757,
		-0.144963,
		0,
		0.726353,
		0.672124,
		0.143737,
		0,
		-0.231561,
		0.128494,
		-0.218846,
		1
	},
	[0.5] = {
		-0.95407,
		-0.293458,
		-0.060276,
		0,
		0.299511,
		-0.93878,
		-0.17025,
		0,
		-0.006624,
		-0.180483,
		0.983556,
		0,
		0.202026,
		0.569864,
		-0.509995,
		1
	},
	[0.616666666667] = {
		-0.240256,
		0.192846,
		0.951361,
		0,
		0.910049,
		0.385772,
		0.151625,
		0,
		-0.337768,
		0.902214,
		-0.268184,
		0,
		0.181045,
		-0.080331,
		-0.087028,
		1
	},
	[0.633333333333] = {
		-0.501279,
		0.116047,
		0.857468,
		0,
		0.472166,
		0.867111,
		0.158677,
		0,
		-0.725106,
		0.484409,
		-0.489458,
		0,
		0.346759,
		0.139127,
		-0.01273,
		1
	},
	[0.65] = {
		-0.623855,
		-0.166865,
		0.763519,
		0,
		-0.098495,
		0.985939,
		0.134996,
		0,
		-0.775309,
		0.009015,
		-0.631518,
		0,
		0.288438,
		0.323484,
		-0.010873,
		1
	},
	[0.666666666667] = {
		-0.678456,
		-0.441629,
		0.587078,
		0,
		-0.467561,
		0.875967,
		0.11861,
		0,
		-0.566643,
		-0.194023,
		-0.800794,
		0,
		0.135442,
		0.387601,
		0.057967,
		1
	},
	[0.683333333333] = {
		-0.642507,
		-0.684035,
		0.34537,
		0,
		-0.715337,
		0.697009,
		0.049715,
		0,
		-0.274733,
		-0.215114,
		-0.937149,
		0,
		-0.047341,
		0.372307,
		0.113013,
		1
	},
	[0.6] = {
		0.005585,
		0.026497,
		0.999633,
		0,
		0.94741,
		-0.320006,
		0.003189,
		0,
		0.319973,
		0.947045,
		-0.026891,
		0,
		-0.112192,
		-0.042752,
		-0.180522,
		1
	},
	[0.716666666667] = {
		-0.477036,
		-0.865326,
		0.153775,
		0,
		-0.878365,
		0.463388,
		-0.117246,
		0,
		0.030198,
		-0.191001,
		-0.981125,
		0,
		-0.198085,
		0.317708,
		0.122149,
		1
	},
	[0.733333333333] = {
		-0.432778,
		-0.885184,
		0.17074,
		0,
		-0.89929,
		0.410649,
		-0.150481,
		0,
		0.063089,
		-0.21867,
		-0.973757,
		0,
		-0.232851,
		0.288593,
		0.099412,
		1
	},
	[0.75] = {
		-0.418374,
		-0.881496,
		0.218926,
		0,
		-0.906752,
		0.391407,
		-0.156849,
		0,
		0.052573,
		-0.264133,
		-0.963052,
		0,
		-0.253666,
		0.262241,
		0.064115,
		1
	},
	[0.766666666667] = {
		-0.424207,
		-0.859246,
		0.28591,
		0,
		-0.905489,
		0.398386,
		-0.14621,
		0,
		0.011728,
		-0.320912,
		-0.947037,
		0,
		-0.260735,
		0.239844,
		0.021004,
		1
	},
	[0.783333333333] = {
		-0.440622,
		-0.822046,
		0.360684,
		0,
		-0.896447,
		0.424094,
		-0.128559,
		0,
		-0.047282,
		-0.37998,
		-0.923786,
		0,
		-0.259041,
		0.220746,
		-0.024927,
		1
	},
	[0.7] = {
		-0.549038,
		-0.814908,
		0.185695,
		0,
		-0.833493,
		0.550325,
		-0.049306,
		0,
		-0.062013,
		-0.181846,
		-0.98137,
		0,
		-0.151091,
		0.344619,
		0.125782,
		1
	},
	[0.816666666667] = {
		-0.478389,
		-0.729983,
		0.488128,
		0,
		-0.862847,
		0.494057,
		-0.106782,
		0,
		-0.163214,
		-0.472263,
		-0.866215,
		0,
		-0.254236,
		0.193504,
		-0.09832,
		1
	},
	[0.833333333333] = {
		-0.49447,
		-0.697603,
		0.518506,
		0,
		-0.848635,
		0.516446,
		-0.114463,
		0,
		-0.187931,
		-0.496621,
		-0.847378,
		0,
		-0.258155,
		0.186908,
		-0.110488,
		1
	},
	[0.85] = {
		-0.511808,
		-0.676017,
		0.530144,
		0,
		-0.837301,
		0.530648,
		-0.131682,
		0,
		-0.192301,
		-0.511286,
		-0.83762,
		0,
		-0.264426,
		0.182955,
		-0.110384,
		1
	},
	[0.866666666667] = {
		-0.533871,
		-0.653234,
		0.536906,
		0,
		-0.822777,
		0.547743,
		-0.151707,
		0,
		-0.194987,
		-0.522746,
		-0.82989,
		0,
		-0.269775,
		0.179239,
		-0.111625,
		1
	},
	[0.883333333333] = {
		-0.560194,
		-0.629287,
		0.538685,
		0,
		-0.80486,
		0.567295,
		-0.174288,
		0,
		-0.195916,
		-0.531201,
		-0.824283,
		0,
		-0.272087,
		0.175461,
		-0.112838,
		1
	},
	[0.8] = {
		-0.460069,
		-0.775749,
		0.431915,
		0,
		-0.880944,
		0.459522,
		-0.113035,
		0,
		-0.110787,
		-0.432497,
		-0.894803,
		0,
		-0.255593,
		0.205039,
		-0.067022,
		1
	},
	[0.916666666667] = {
		-0.623339,
		-0.577908,
		0.526755,
		0,
		-0.758026,
		0.611951,
		-0.225639,
		0,
		-0.19195,
		-0.539943,
		-0.819522,
		0,
		-0.264109,
		0.167939,
		-0.112349,
		1
	},
	[0.933333333333] = {
		-0.658817,
		-0.550459,
		0.512792,
		0,
		-0.728772,
		0.636124,
		-0.25345,
		0,
		-0.186686,
		-0.540686,
		-0.820248,
		0,
		-0.256472,
		0.165036,
		-0.112387,
		1
	},
	[0.95] = {
		-0.695879,
		-0.521839,
		0.493393,
		0,
		-0.695503,
		0.660902,
		-0.281929,
		0,
		-0.178963,
		-0.539344,
		-0.822849,
		0,
		-0.246918,
		0.163024,
		-0.113009,
		1
	},
	[0.966666666667] = {
		-0.733694,
		-0.492074,
		0.468568,
		0,
		-0.658233,
		0.685823,
		-0.310446,
		0,
		-0.168592,
		-0.536199,
		-0.827083,
		0,
		-0.235777,
		0.16211,
		-0.114514,
		1
	},
	[0.983333333333] = {
		-0.771399,
		-0.461223,
		0.438426,
		0,
		-0.617082,
		0.710439,
		-0.338359,
		0,
		-0.155416,
		-0.531554,
		-0.832644,
		0,
		-0.223328,
		0.162473,
		-0.117184,
		1
	},
	[0.9] = {
		-0.590228,
		-0.604181,
		0.535347,
		0,
		-0.78334,
		0.588852,
		-0.199078,
		0,
		-0.194961,
		-0.53686,
		-0.820836,
		0,
		-0.269459,
		0.171499,
		-0.1126,
		1
	},
	[1.01666666667] = {
		-0.843062,
		-0.396661,
		0.363189,
		0,
		-0.524186,
		0.757104,
		-0.389902,
		0,
		-0.120313,
		-0.51909,
		-0.84621,
		0,
		-0.195418,
		0.16755,
		-0.127,
		1
	},
	[1.03333333333] = {
		-0.875423,
		-0.36324,
		0.31889,
		0,
		-0.473233,
		0.778418,
		-0.412451,
		0,
		-0.098411,
		-0.511979,
		-0.853342,
		0,
		-0.180319,
		0.172419,
		-0.134514,
		1
	},
	[1.05] = {
		-0.904543,
		-0.329303,
		0.270854,
		0,
		-0.419951,
		0.797974,
		-0.432295,
		0,
		-0.073778,
		-0.504775,
		-0.860093,
		0,
		-0.16466,
		0.178868,
		-0.143911,
		1
	},
	[1.06666666667] = {
		-0.929871,
		-0.295063,
		0.219723,
		0,
		-0.364916,
		0.815526,
		-0.449171,
		0,
		-0.046656,
		-0.497851,
		-0.866007,
		0,
		-0.148586,
		0.186862,
		-0.155214,
		1
	},
	[1.08333333333] = {
		-0.950994,
		-0.260745,
		0.166198,
		0,
		-0.30872,
		0.83088,
		-0.462959,
		0,
		-0.017377,
		-0.49158,
		-0.870659,
		0,
		-0.132251,
		0.196319,
		-0.168379,
		1
	},
	[1.11666666667] = {
		-0.979706,
		-0.192782,
		0.054866,
		0,
		-0.195101,
		0.854456,
		-0.481498,
		0,
		0.045944,
		-0.482432,
		-0.874728,
		0,
		-0.099569,
		0.219112,
		-0.199813,
		1
	},
	[1.13333333333] = {
		-0.987186,
		-0.159568,
		-0.00154,
		0,
		-0.138655,
		0.862502,
		-0.486688,
		0,
		0.078988,
		-0.480238,
		-0.873574,
		0,
		-0.083708,
		0.232113,
		-0.217714,
		1
	},
	[1.15] = {
		-0.990214,
		-0.127123,
		-0.057588,
		0,
		-0.082955,
		0.867978,
		-0.489626,
		0,
		0.112228,
		-0.480057,
		-0.870029,
		0,
		-0.068574,
		0.245922,
		-0.236764,
		1
	},
	[1.16666666667] = {
		-0.989015,
		-0.09561,
		-0.112731,
		0,
		-0.028247,
		0.870837,
		-0.49076,
		0,
		0.145092,
		-0.482184,
		-0.863971,
		0,
		-0.054542,
		0.260321,
		-0.256708,
		1
	},
	[1.18333333333] = {
		-0.983884,
		-0.06517,
		-0.166508,
		0,
		0.025329,
		0.871027,
		-0.490582,
		0,
		0.177004,
		-0.486893,
		-0.855339,
		0,
		-0.042037,
		0.27509,
		-0.277284,
		1
	},
	[1.1] = {
		-0.967647,
		-0.226578,
		0.111006,
		0,
		-0.25194,
		0.843891,
		-0.473681,
		0,
		0.013648,
		-0.486323,
		-0.873672,
		0,
		-0.115839,
		0.20712,
		-0.1833,
		1
	},
	[1.21666666667] = {
		-0.963229,
		-0.007931,
		-0.268563,
		0,
		0.129051,
		0.863056,
		-0.488343,
		0,
		0.235659,
		-0.505045,
		-0.830298,
		0,
		-0.023527,
		0.304894,
		-0.31939,
		1
	},
	[1.23333333333] = {
		-0.948457,
		0.018709,
		-0.316352,
		0,
		0.179389,
		0.854618,
		-0.487286,
		0,
		0.261244,
		-0.51892,
		-0.813925,
		0,
		-0.018527,
		0.319596,
		-0.340628,
		1
	},
	[1.25] = {
		-0.931227,
		0.043957,
		-0.361778,
		0,
		0.228944,
		0.842925,
		-0.486891,
		0,
		0.283549,
		-0.536233,
		-0.795018,
		0,
		-0.017446,
		0.33359,
		-0.360905,
		1
	},
	[1.2] = {
		-0.975165,
		-0.035914,
		-0.218547,
		0,
		0.077743,
		0.868471,
		-0.489606,
		0,
		0.207385,
		-0.494437,
		-0.844111,
		0,
		-0.031532,
		0.290011,
		-0.298242,
		1
	}
}

return spline_matrices
