local spline_matrices = {
	[0] = {
		0.076021,
		-0.291656,
		0.953497,
		0,
		0.577083,
		-0.766964,
		-0.28061,
		0,
		0.81314,
		0.571579,
		0.110004,
		0,
		-0.190254,
		0.025089,
		-0.224301,
		1
	},
	[0.0166666666667] = {
		0.067342,
		-0.307959,
		0.949013,
		0,
		0.53765,
		-0.790054,
		-0.294528,
		0,
		0.840474,
		0.530071,
		0.11237,
		0,
		-0.197082,
		0.055079,
		-0.220696,
		1
	},
	[0.0333333333333] = {
		0.057005,
		-0.327393,
		0.943167,
		0,
		0.488989,
		-0.814477,
		-0.312277,
		0,
		0.870425,
		0.479,
		0.113663,
		0,
		-0.206292,
		0.088795,
		-0.213664,
		1
	},
	[0.05] = {
		0.044992,
		-0.347901,
		0.936451,
		0,
		0.434672,
		-0.837195,
		-0.33191,
		0,
		0.899464,
		0.421983,
		0.113555,
		0,
		-0.215826,
		0.123877,
		-0.203926,
		1
	},
	[0.0666666666667] = {
		0.031707,
		-0.367545,
		0.929465,
		0,
		0.378898,
		-0.856103,
		-0.35146,
		0,
		0.924895,
		0.363316,
		0.112118,
		0,
		-0.224304,
		0.157833,
		-0.192443,
		1
	},
	[0.0833333333333] = {
		0.017977,
		-0.384613,
		0.922903,
		0,
		0.326343,
		-0.870242,
		-0.369024,
		0,
		0.94508,
		0.307817,
		0.109871,
		0,
		-0.231112,
		0.1882,
		-0.180425,
		1
	},
	[0.116666666667] = {
		-0.00599,
		-0.405558,
		0.91405,
		0,
		0.250412,
		-0.885551,
		-0.391273,
		0,
		0.968121,
		0.226545,
		0.106861,
		0,
		-0.240463,
		0.229266,
		-0.160507,
		1
	},
	[0.133333333333] = {
		-0.013603,
		-0.4072,
		0.913238,
		0,
		0.236607,
		-0.888695,
		-0.392733,
		0,
		0.97151,
		0.210736,
		0.108436,
		0,
		-0.24412,
		0.235996,
		-0.155624,
		1
	},
	[0.15] = {
		-0.01685,
		-0.401431,
		0.915734,
		0,
		0.24506,
		-0.889588,
		-0.38546,
		0,
		0.969361,
		0.217915,
		0.113364,
		0,
		-0.247495,
		0.230843,
		-0.156023,
		1
	},
	[0.166666666667] = {
		-0.018612,
		-0.393046,
		0.91933,
		0,
		0.261464,
		-0.889406,
		-0.374959,
		0,
		0.965034,
		0.233393,
		0.119321,
		0,
		-0.249191,
		0.229712,
		-0.157961,
		1
	},
	[0.183333333333] = {
		-0.019983,
		-0.384249,
		0.923013,
		0,
		0.27946,
		-0.888546,
		-0.363851,
		0,
		0.959949,
		0.250674,
		0.125138,
		0,
		-0.250117,
		0.241523,
		-0.159366,
		1
	},
	[0.1] = {
		0.004968,
		-0.397676,
		0.917513,
		0,
		0.281895,
		-0.879756,
		-0.382838,
		0,
		0.959432,
		0.260544,
		0.107732,
		0,
		-0.236326,
		0.212694,
		-0.169277,
		1
	},
	[0.216666666667] = {
		-0.012756,
		-0.342468,
		0.939443,
		0,
		0.383256,
		-0.869442,
		-0.311745,
		0,
		0.923554,
		0.356071,
		0.142343,
		0,
		-0.256642,
		0.25207,
		-0.174567,
		1
	},
	[0.233333333333] = {
		-0.004844,
		-0.29354,
		0.955935,
		0,
		0.501643,
		-0.827675,
		-0.251613,
		0,
		0.865061,
		0.478319,
		0.151262,
		0,
		-0.256992,
		0.219381,
		-0.193612,
		1
	},
	[0.25] = {
		-0.005105,
		-0.206263,
		0.978483,
		0,
		0.686418,
		-0.712284,
		-0.146567,
		0,
		0.727189,
		0.6709,
		0.145219,
		0,
		-0.231562,
		0.129064,
		-0.218521,
		1
	},
	[0.266666666667] = {
		-0.053206,
		-0.016081,
		0.998454,
		0,
		0.945733,
		-0.321785,
		0.045214,
		0,
		0.32056,
		0.946676,
		0.032329,
		0,
		-0.114403,
		-0.043337,
		-0.21492,
		1
	},
	[0.283333333333] = {
		-0.262104,
		0.164294,
		0.950952,
		0,
		0.90286,
		0.38974,
		0.181514,
		0,
		-0.340802,
		0.906151,
		-0.250487,
		0,
		0.184249,
		-0.085606,
		-0.099814,
		1
	},
	[0.2] = {
		-0.0184,
		-0.369517,
		0.929042,
		0,
		0.314907,
		-0.884049,
		-0.345385,
		0,
		0.948944,
		0.286207,
		0.13263,
		0,
		-0.252541,
		0.253503,
		-0.163846,
		1
	},
	[0.316666666667] = {
		-0.62402,
		-0.166207,
		0.763527,
		0,
		-0.097454,
		0.986042,
		0.134998,
		0,
		-0.775307,
		0.009833,
		-0.631507,
		0,
		0.288852,
		0.323277,
		-0.010875,
		1
	},
	[0.333333333333] = {
		-0.678767,
		-0.441146,
		0.587081,
		0,
		-0.466937,
		0.8763,
		0.118612,
		0,
		-0.566785,
		-0.19362,
		-0.800791,
		0,
		0.135783,
		0.387584,
		0.057967,
		1
	},
	[0.35] = {
		-0.642759,
		-0.683798,
		0.345371,
		0,
		-0.71508,
		0.697273,
		0.049715,
		0,
		-0.274813,
		-0.215013,
		-0.937149,
		0,
		-0.047164,
		0.37237,
		0.113013,
		1
	},
	[0.366666666667] = {
		-0.549124,
		-0.81485,
		0.185695,
		0,
		-0.833435,
		0.550413,
		-0.049306,
		0,
		-0.062032,
		-0.18184,
		-0.98137,
		0,
		-0.151042,
		0.344649,
		0.125782,
		1
	},
	[0.383333333333] = {
		-0.477036,
		-0.865326,
		0.153775,
		0,
		-0.878365,
		0.463388,
		-0.117246,
		0,
		0.030198,
		-0.191001,
		-0.981125,
		0,
		-0.198085,
		0.317708,
		0.122149,
		1
	},
	[0.3] = {
		-0.501106,
		0.116708,
		0.85748,
		0,
		0.473311,
		0.866488,
		0.158667,
		0,
		-0.724478,
		0.485364,
		-0.489442,
		0,
		0.346997,
		0.138746,
		-0.012737,
		1
	},
	[0.416666666667] = {
		-0.418374,
		-0.881496,
		0.218926,
		0,
		-0.906752,
		0.391407,
		-0.156849,
		0,
		0.052573,
		-0.264133,
		-0.963052,
		0,
		-0.253666,
		0.262241,
		0.064115,
		1
	},
	[0.433333333333] = {
		-0.424207,
		-0.859246,
		0.28591,
		0,
		-0.905489,
		0.398386,
		-0.14621,
		0,
		0.011728,
		-0.320912,
		-0.947037,
		0,
		-0.260735,
		0.239844,
		0.021004,
		1
	},
	[0.45] = {
		-0.440622,
		-0.822046,
		0.360684,
		0,
		-0.896447,
		0.424094,
		-0.128559,
		0,
		-0.047282,
		-0.37998,
		-0.923786,
		0,
		-0.259041,
		0.220746,
		-0.024927,
		1
	},
	[0.466666666667] = {
		-0.460069,
		-0.775749,
		0.431915,
		0,
		-0.880944,
		0.459522,
		-0.113035,
		0,
		-0.110787,
		-0.432497,
		-0.894803,
		0,
		-0.255593,
		0.205039,
		-0.067022,
		1
	},
	[0.483333333333] = {
		-0.478389,
		-0.729983,
		0.488128,
		0,
		-0.862847,
		0.494057,
		-0.106782,
		0,
		-0.163214,
		-0.472263,
		-0.866215,
		0,
		-0.254236,
		0.193504,
		-0.09832,
		1
	},
	[0.4] = {
		-0.432778,
		-0.885184,
		0.17074,
		0,
		-0.89929,
		0.410649,
		-0.150481,
		0,
		0.063089,
		-0.21867,
		-0.973757,
		0,
		-0.232851,
		0.288593,
		0.099412,
		1
	},
	[0.516666666667] = {
		-0.511808,
		-0.676017,
		0.530144,
		0,
		-0.837301,
		0.530648,
		-0.131682,
		0,
		-0.192301,
		-0.511286,
		-0.83762,
		0,
		-0.264426,
		0.182955,
		-0.110384,
		1
	},
	[0.533333333333] = {
		-0.533871,
		-0.653234,
		0.536906,
		0,
		-0.822777,
		0.547743,
		-0.151707,
		0,
		-0.194987,
		-0.522746,
		-0.82989,
		0,
		-0.269775,
		0.179239,
		-0.111625,
		1
	},
	[0.55] = {
		-0.560194,
		-0.629287,
		0.538685,
		0,
		-0.80486,
		0.567295,
		-0.174288,
		0,
		-0.195916,
		-0.531201,
		-0.824283,
		0,
		-0.272087,
		0.175461,
		-0.112838,
		1
	},
	[0.566666666667] = {
		-0.590228,
		-0.604181,
		0.535347,
		0,
		-0.78334,
		0.588852,
		-0.199078,
		0,
		-0.194961,
		-0.53686,
		-0.820836,
		0,
		-0.269459,
		0.171499,
		-0.1126,
		1
	},
	[0.583333333333] = {
		-0.623339,
		-0.577908,
		0.526755,
		0,
		-0.758026,
		0.611951,
		-0.225639,
		0,
		-0.19195,
		-0.539943,
		-0.819522,
		0,
		-0.264109,
		0.167939,
		-0.112349,
		1
	},
	[0.5] = {
		-0.49447,
		-0.697603,
		0.518506,
		0,
		-0.848635,
		0.516446,
		-0.114463,
		0,
		-0.187931,
		-0.496621,
		-0.847378,
		0,
		-0.258155,
		0.186908,
		-0.110488,
		1
	},
	[0.616666666667] = {
		-0.695879,
		-0.521839,
		0.493393,
		0,
		-0.695503,
		0.660902,
		-0.281929,
		0,
		-0.178963,
		-0.539344,
		-0.822849,
		0,
		-0.246918,
		0.163024,
		-0.113009,
		1
	},
	[0.633333333333] = {
		-0.733694,
		-0.492074,
		0.468568,
		0,
		-0.658233,
		0.685823,
		-0.310446,
		0,
		-0.168592,
		-0.536199,
		-0.827083,
		0,
		-0.235777,
		0.16211,
		-0.114514,
		1
	},
	[0.65] = {
		-0.771399,
		-0.461223,
		0.438426,
		0,
		-0.617082,
		0.710439,
		-0.338359,
		0,
		-0.155416,
		-0.531554,
		-0.832644,
		0,
		-0.223328,
		0.162473,
		-0.117184,
		1
	},
	[0.666666666667] = {
		-0.808132,
		-0.429376,
		0.403186,
		0,
		-0.572284,
		0.734329,
		-0.365037,
		0,
		-0.139333,
		-0.525735,
		-0.83916,
		0,
		-0.20981,
		0.164253,
		-0.121276,
		1
	},
	[0.683333333333] = {
		-0.843062,
		-0.396661,
		0.363189,
		0,
		-0.524186,
		0.757104,
		-0.389902,
		0,
		-0.120313,
		-0.51909,
		-0.84621,
		0,
		-0.195418,
		0.16755,
		-0.127,
		1
	},
	[0.6] = {
		-0.658817,
		-0.550459,
		0.512792,
		0,
		-0.728772,
		0.636124,
		-0.25345,
		0,
		-0.186686,
		-0.540686,
		-0.820248,
		0,
		-0.256472,
		0.165036,
		-0.112387,
		1
	},
	[0.716666666667] = {
		-0.904543,
		-0.329303,
		0.270854,
		0,
		-0.419951,
		0.797974,
		-0.432295,
		0,
		-0.073778,
		-0.504775,
		-0.860093,
		0,
		-0.16466,
		0.178868,
		-0.143911,
		1
	},
	[0.733333333333] = {
		-0.929871,
		-0.295063,
		0.219723,
		0,
		-0.364916,
		0.815526,
		-0.449171,
		0,
		-0.046656,
		-0.497851,
		-0.866007,
		0,
		-0.148586,
		0.186862,
		-0.155214,
		1
	},
	[0.75] = {
		-0.950994,
		-0.260745,
		0.166198,
		0,
		-0.30872,
		0.83088,
		-0.462959,
		0,
		-0.017377,
		-0.49158,
		-0.870659,
		0,
		-0.132251,
		0.196319,
		-0.168379,
		1
	},
	[0.766666666667] = {
		-0.967647,
		-0.226578,
		0.111006,
		0,
		-0.25194,
		0.843891,
		-0.473681,
		0,
		0.013648,
		-0.486323,
		-0.873672,
		0,
		-0.115839,
		0.20712,
		-0.1833,
		1
	},
	[0.783333333333] = {
		-0.979706,
		-0.192782,
		0.054866,
		0,
		-0.195101,
		0.854456,
		-0.481498,
		0,
		0.045944,
		-0.482432,
		-0.874728,
		0,
		-0.099569,
		0.219112,
		-0.199813,
		1
	},
	[0.7] = {
		-0.875423,
		-0.36324,
		0.31889,
		0,
		-0.473233,
		0.778418,
		-0.412451,
		0,
		-0.098411,
		-0.511979,
		-0.853342,
		0,
		-0.180319,
		0.172419,
		-0.134514,
		1
	},
	[0.816666666667] = {
		-0.990214,
		-0.127123,
		-0.057588,
		0,
		-0.082955,
		0.867978,
		-0.489626,
		0,
		0.112228,
		-0.480057,
		-0.870029,
		0,
		-0.068574,
		0.245922,
		-0.236764,
		1
	},
	[0.833333333333] = {
		-0.989015,
		-0.09561,
		-0.112731,
		0,
		-0.028247,
		0.870837,
		-0.49076,
		0,
		0.145092,
		-0.482184,
		-0.863971,
		0,
		-0.054542,
		0.260321,
		-0.256708,
		1
	},
	[0.85] = {
		-0.983884,
		-0.06517,
		-0.166508,
		0,
		0.025329,
		0.871027,
		-0.490582,
		0,
		0.177004,
		-0.486893,
		-0.855339,
		0,
		-0.042037,
		0.27509,
		-0.277284,
		1
	},
	[0.866666666667] = {
		-0.975165,
		-0.035914,
		-0.218547,
		0,
		0.077743,
		0.868471,
		-0.489606,
		0,
		0.207385,
		-0.494437,
		-0.844111,
		0,
		-0.031532,
		0.290011,
		-0.298242,
		1
	},
	[0.883333333333] = {
		-0.963229,
		-0.007931,
		-0.268563,
		0,
		0.129051,
		0.863056,
		-0.488343,
		0,
		0.235659,
		-0.505045,
		-0.830298,
		0,
		-0.023527,
		0.304894,
		-0.31939,
		1
	},
	[0.8] = {
		-0.987186,
		-0.159568,
		-0.00154,
		0,
		-0.138655,
		0.862502,
		-0.486688,
		0,
		0.078988,
		-0.480238,
		-0.873574,
		0,
		-0.083708,
		0.232113,
		-0.217714,
		1
	},
	[0.916666666667] = {
		-0.931227,
		0.043957,
		-0.361778,
		0,
		0.228944,
		0.842925,
		-0.486891,
		0,
		0.283549,
		-0.536233,
		-0.795018,
		0,
		-0.017446,
		0.33359,
		-0.360905,
		1
	},
	[0.9] = {
		-0.948457,
		0.018709,
		-0.316352,
		0,
		0.179389,
		0.854618,
		-0.487286,
		0,
		0.261244,
		-0.51892,
		-0.813925,
		0,
		-0.018527,
		0.319596,
		-0.340628,
		1
	}
}

return spline_matrices
