-- chunkname: @content/characters/player/human/first_person/animations/force_staff/attack_special_stab_sweep_bake.lua

local spline_matrices = {
	[0.0166666666667] = {
		-0.524201,
		0.178539,
		-0.832669,
		0,
		-0.080285,
		0.96306,
		0.25704,
		0,
		0.847802,
		0.201592,
		-0.490503,
		0,
		0.401798,
		0.194482,
		-0.320752,
		1
	},
	[0.0333333333333] = {
		-0.62117,
		0.140938,
		-0.770898,
		0,
		-0.038436,
		0.977033,
		0.209594,
		0,
		0.782733,
		0.159824,
		-0.601486,
		0,
		0.369443,
		0.138568,
		-0.291127,
		1
	},
	[0.05] = {
		-0.706816,
		0.10426,
		-0.699672,
		0,
		0.006788,
		0.990033,
		0.140671,
		0,
		0.707365,
		0.094679,
		-0.700479,
		0,
		0.3314,
		0.069622,
		-0.245958,
		1
	},
	[0.0666666666667] = {
		-0.780433,
		0.069371,
		-0.62138,
		0,
		0.035439,
		0.997136,
		0.066811,
		0,
		0.624235,
		0.03012,
		-0.780656,
		0,
		0.291237,
		0.004204,
		-0.189002,
		1
	},
	[0.0833333333333] = {
		-0.840827,
		0.035485,
		-0.540139,
		0,
		0.034754,
		0.999329,
		0.01155,
		0,
		0.540187,
		-0.00906,
		-0.841496,
		0,
		0.252492,
		-0.042695,
		-0.128398,
		1
	},
	[0] = {
		-0.415827,
		0.214748,
		-0.883726,
		0,
		-0.093733,
		0.956426,
		0.276519,
		0,
		0.904601,
		0.197819,
		-0.377578,
		0,
		0.42507,
		0.220142,
		-0.334331,
		1
	},
	[0.116666666667] = {
		-0.918902,
		-0.029667,
		-0.393368,
		0,
		-0.031943,
		0.999489,
		-0.000761,
		0,
		0.39319,
		0.011866,
		-0.919381,
		0,
		0.115574,
		-0.013706,
		0.003085,
		1
	},
	[0.133333333333] = {
		-0.943874,
		-0.066254,
		-0.323592,
		0,
		-0.078224,
		0.996644,
		0.024112,
		0,
		0.320909,
		0.048071,
		-0.945889,
		0,
		0.063499,
		0.134095,
		0.067366,
		1
	},
	[0.15] = {
		-0.960582,
		-0.105596,
		-0.25716,
		0,
		-0.126291,
		0.989843,
		0.065287,
		0,
		0.247654,
		0.095191,
		-0.964161,
		0,
		0.024985,
		0.31426,
		0.121639,
		1
	},
	[0.166666666667] = {
		-0.970136,
		-0.140006,
		-0.198079,
		0,
		-0.166525,
		0.978185,
		0.124193,
		0,
		0.17637,
		0.153469,
		-0.972286,
		0,
		0.024876,
		0.420169,
		0.142323,
		1
	},
	[0.183333333333] = {
		-0.977284,
		-0.152484,
		-0.14719,
		0,
		-0.178704,
		0.966254,
		0.185521,
		0,
		0.113934,
		0.20761,
		-0.971554,
		0,
		0.046998,
		0.435884,
		0.141757,
		1
	},
	[0.1] = {
		-0.885674,
		0.003066,
		-0.464298,
		0,
		0.007836,
		0.999934,
		-0.008344,
		0,
		0.464242,
		-0.011028,
		-0.88564,
		0,
		0.186574,
		-0.059404,
		-0.062782,
		1
	},
	[0.216666666667] = {
		-0.987318,
		-0.140531,
		-0.073849,
		0,
		-0.15518,
		0.952462,
		0.262176,
		0,
		0.033494,
		0.270311,
		-0.96219,
		0,
		0.072955,
		0.426288,
		0.154892,
		1
	},
	[0.233333333333] = {
		-0.990641,
		-0.129527,
		-0.043048,
		0,
		-0.136426,
		0.949504,
		0.282543,
		0,
		0.004277,
		0.285772,
		-0.958288,
		0,
		0.080244,
		0.426602,
		0.167659,
		1
	},
	[0.25] = {
		-0.993097,
		-0.116331,
		-0.015048,
		0,
		-0.115687,
		0.950148,
		0.289542,
		0,
		-0.019385,
		0.289285,
		-0.957047,
		0,
		0.084936,
		0.429766,
		0.179274,
		1
	},
	[0.266666666667] = {
		-0.99478,
		-0.101838,
		0.006379,
		0,
		-0.095119,
		0.948142,
		0.30328,
		0,
		-0.036934,
		0.30109,
		-0.95288,
		0,
		0.087856,
		0.429704,
		0.19518,
		1
	},
	[0.283333333333] = {
		-0.995821,
		-0.088943,
		0.020714,
		0,
		-0.077632,
		0.943921,
		0.320916,
		0,
		-0.048096,
		0.317967,
		-0.946881,
		0,
		0.089439,
		0.425111,
		0.210482,
		1
	},
	[0.2] = {
		-0.983218,
		-0.148207,
		-0.106384,
		0,
		-0.169378,
		0.958216,
		0.230505,
		0,
		0.067776,
		0.244656,
		-0.967238,
		0,
		0.062472,
		0.430721,
		0.145336,
		1
	},
	[0.316666666667] = {
		-0.99678,
		-0.075012,
		0.028317,
		0,
		-0.06092,
		0.93817,
		0.340772,
		0,
		-0.052128,
		0.337949,
		-0.93972,
		0,
		0.091324,
		0.400949,
		0.213751,
		1
	},
	[0.333333333333] = {
		-0.997029,
		-0.072941,
		0.024759,
		0,
		-0.059959,
		0.936682,
		0.345009,
		0,
		-0.048356,
		0.342499,
		-0.938273,
		0,
		0.094653,
		0.385084,
		0.203011,
		1
	},
	[0.35] = {
		-0.997193,
		-0.072882,
		0.017172,
		0,
		-0.062418,
		0.935779,
		0.347018,
		0,
		-0.041361,
		0.344972,
		-0.937701,
		0,
		0.099346,
		0.367751,
		0.186718,
		1
	},
	[0.366666666667] = {
		-0.997243,
		-0.07398,
		0.00583,
		0,
		-0.067366,
		0.935429,
		0.347037,
		0,
		-0.031127,
		0.345687,
		-0.937834,
		0,
		0.104816,
		0.34935,
		0.166354,
		1
	},
	[0.383333333333] = {
		-0.997097,
		-0.07561,
		-0.009001,
		0,
		-0.074061,
		0.935573,
		0.34528,
		0,
		-0.017685,
		0.344944,
		-0.938456,
		0,
		0.1104,
		0.330284,
		0.143391,
		1
	},
	[0.3] = {
		-0.996421,
		-0.079896,
		0.027602,
		0,
		-0.066138,
		0.940237,
		0.334037,
		0,
		-0.05264,
		0.331016,
		-0.942156,
		0,
		0.089979,
		0.4149,
		0.217445,
		1
	},
	[0.416666666667] = {
		-0.995792,
		-0.078011,
		-0.048097,
		0,
		-0.0897,
		0.937213,
		0.337024,
		0,
		0.018786,
		0.33992,
		-0.940267,
		0,
		0.11927,
		0.291852,
		0.095362,
		1
	},
	[0.433333333333] = {
		-0.994391,
		-0.077577,
		-0.071892,
		0,
		-0.097143,
		0.938721,
		0.330705,
		0,
		0.041831,
		0.335834,
		-0.940992,
		0,
		0.121244,
		0.273383,
		0.073051,
		1
	},
	[0.45] = {
		-0.992312,
		-0.075255,
		-0.098255,
		0,
		-0.103333,
		0.940709,
		0.323093,
		0,
		0.068115,
		0.330762,
		-0.941253,
		0,
		0.120705,
		0.256046,
		0.053687,
		1
	},
	[0.466666666667] = {
		-0.989394,
		-0.070435,
		-0.127035,
		0,
		-0.10751,
		0.943196,
		0.314362,
		0,
		0.097677,
		0.324685,
		-0.940765,
		0,
		0.117002,
		0.240354,
		0.038605,
		1
	},
	[0.483333333333] = {
		-0.98544,
		-0.062498,
		-0.158121,
		0,
		-0.108905,
		0.946192,
		0.304729,
		0,
		0.130568,
		0.317512,
		-0.939222,
		0,
		0.109489,
		0.226863,
		0.029118,
		1
	},
	[0.4] = {
		-0.996652,
		-0.077155,
		-0.02706,
		0,
		-0.081756,
		0.936167,
		0.341916,
		0,
		-0.001048,
		0.342983,
		-0.939341,
		0,
		0.115436,
		0.310971,
		0.119266,
		1
	},
	[0.516666666667] = {
		-0.970343,
		-0.038126,
		-0.238706,
		0,
		-0.105842,
		0.954806,
		0.277746,
		0,
		0.217329,
		0.294774,
		-0.930525,
		0,
		0.085214,
		0.202851,
		0.015001,
		1
	},
	[0.533333333333] = {
		-0.956986,
		-0.023402,
		-0.289188,
		0,
		-0.102074,
		0.960176,
		0.260083,
		0,
		0.271585,
		0.278414,
		-0.921264,
		0,
		0.070329,
		0.191421,
		0.00634,
		1
	},
	[0.55] = {
		-0.938748,
		-0.008043,
		-0.344512,
		0,
		-0.096596,
		0.96579,
		0.240663,
		0,
		0.33079,
		0.2592,
		-0.90741,
		0,
		0.054558,
		0.180597,
		-0.003666,
		1
	},
	[0.566666666667] = {
		-0.915174,
		0.007204,
		-0.402995,
		0,
		-0.08937,
		0.971326,
		0.220315,
		0,
		0.393027,
		0.237642,
		-0.888288,
		0,
		0.03863,
		0.170499,
		-0.015109,
		1
	},
	[0.583333333333] = {
		-0.886179,
		0.021685,
		-0.462835,
		0,
		-0.080507,
		0.976504,
		0.199895,
		0,
		0.456295,
		0.214404,
		-0.863612,
		0,
		0.023252,
		0.161211,
		-0.027948,
		1
	},
	[0.5] = {
		-0.979539,
		-0.051422,
		-0.194575,
		0,
		-0.108048,
		0.950028,
		0.29287,
		0,
		0.169792,
		0.307901,
		-0.936145,
		0,
		0.098496,
		0.214728,
		0.022508,
		1
	},
	[0.616666666667] = {
		-0.813762,
		0.046516,
		-0.579333,
		0,
		-0.059147,
		0.984989,
		0.162168,
		0,
		0.57818,
		0.166232,
		-0.798796,
		0,
		-0.003383,
		0.145287,
		-0.056975,
		1
	},
	[0.633333333333] = {
		-0.772331,
		0.056451,
		-0.632707,
		0,
		-0.047678,
		0.988082,
		0.146357,
		0,
		0.633428,
		0.143202,
		-0.760435,
		0,
		-0.013701,
		0.138751,
		-0.072446,
		1
	},
	[0.65] = {
		-0.729338,
		0.064817,
		-0.681076,
		0,
		-0.036562,
		0.990387,
		0.133406,
		0,
		0.683176,
		0.122199,
		-0.719957,
		0,
		-0.021644,
		0.133267,
		-0.087945,
		1
	},
	[0.666666666667] = {
		-0.686513,
		0.07193,
		-0.723551,
		0,
		-0.026536,
		0.991954,
		0.12379,
		0,
		0.726634,
		0.104183,
		-0.67908,
		0,
		-0.027126,
		0.128959,
		-0.102982,
		1
	},
	[0.683333333333] = {
		-0.645677,
		0.078263,
		-0.759589,
		0,
		-0.018341,
		0.992858,
		0.117888,
		0,
		0.76339,
		0.090049,
		-0.63963,
		0,
		-0.030202,
		0.125997,
		-0.117085,
		1
	},
	[0.6] = {
		-0.852111,
		0.034894,
		-0.522196,
		0,
		-0.070285,
		0.981107,
		0.180249,
		0,
		0.51862,
		0.190295,
		-0.83356,
		0,
		0.009068,
		0.152792,
		-0.042005,
		1
	},
	[0.716666666667] = {
		-0.577164,
		0.090946,
		-0.811549,
		0,
		-0.010177,
		0.992901,
		0.118507,
		0,
		0.816565,
		0.076657,
		-0.572141,
		0,
		-0.029861,
		0.125033,
		-0.140901,
		1
	},
	[0.733333333333] = {
		-0.552847,
		0.098579,
		-0.827431,
		0,
		-0.011295,
		0.992,
		0.125733,
		0,
		0.833206,
		0.078857,
		-0.547311,
		0,
		-0.026937,
		0.127576,
		-0.149994,
		1
	},
	[0.75] = {
		-0.537199,
		0.107889,
		-0.836527,
		0,
		-0.016344,
		0.990268,
		0.138213,
		0,
		0.843297,
		0.08792,
		-0.530207,
		0,
		-0.022514,
		0.132528,
		-0.156908,
		1
	},
	[0.766666666667] = {
		-0.528835,
		0.1185,
		-0.840411,
		0,
		-0.027243,
		0.987325,
		0.156358,
		0,
		0.848287,
		0.105583,
		-0.518903,
		0,
		-0.015674,
		0.140859,
		-0.162495,
		1
	},
	[0.783333333333] = {
		-0.52533,
		0.129742,
		-0.840949,
		0,
		-0.045008,
		0.982687,
		0.179725,
		0,
		0.849707,
		0.132264,
		-0.510396,
		0,
		-0.005858,
		0.153047,
		-0.167574,
		1
	},
	[0.7] = {
		-0.608648,
		0.084393,
		-0.78894,
		0,
		-0.012678,
		0.993166,
		0.11602,
		0,
		0.793339,
		0.080617,
		-0.603418,
		0,
		-0.031035,
		0.124602,
		-0.12984,
		1
	},
	[0.816666666667] = {
		-0.532167,
		0.15394,
		-0.832527,
		0,
		-0.096331,
		0.965936,
		0.240185,
		0,
		0.841141,
		0.208017,
		-0.49921,
		0,
		0.019504,
		0.187205,
		-0.175482,
		1
	},
	[0.833333333333] = {
		-0.542013,
		0.166648,
		-0.823681,
		0,
		-0.12723,
		0.95257,
		0.276447,
		0,
		0.830683,
		0.254635,
		-0.495103,
		0,
		0.033487,
		0.208237,
		-0.178014,
		1
	},
	[0.85] = {
		-0.555718,
		0.179501,
		-0.811762,
		0,
		-0.159713,
		0.935176,
		0.316128,
		0,
		0.815886,
		0.305327,
		-0.491026,
		0,
		0.047409,
		0.231221,
		-0.179415,
		1
	},
	[0.866666666667] = {
		-0.572881,
		0.192253,
		-0.796773,
		0,
		-0.1923,
		0.913443,
		0.358669,
		0,
		0.796761,
		0.358694,
		-0.486323,
		0,
		0.060705,
		0.255593,
		-0.179559,
		1
	},
	[0.883333333333] = {
		-0.59304,
		0.204642,
		-0.778734,
		0,
		-0.223519,
		0.887307,
		0.403393,
		0,
		0.773527,
		0.41329,
		-0.480467,
		0,
		0.072947,
		0.280748,
		-0.178332,
		1
	},
	[0.8] = {
		-0.526514,
		0.141586,
		-0.838293,
		0,
		-0.068465,
		0.975771,
		0.207807,
		0,
		0.847405,
		0.166807,
		-0.504064,
		0,
		0.006136,
		0.168647,
		-0.171955,
		1
	},
	[0.916666666667] = {
		-0.640195,
		0.227645,
		-0.733708,
		0,
		-0.276186,
		0.823023,
		0.496342,
		0,
		0.716848,
		0.520396,
		-0.464022,
		0,
		0.093368,
		0.330901,
		-0.171398,
		1
	},
	[0.933333333333] = {
		-0.665942,
		0.238581,
		-0.706824,
		0,
		-0.294896,
		0.78612,
		0.543186,
		0,
		0.685243,
		0.57017,
		-0.453154,
		0,
		0.101592,
		0.354662,
		-0.165466,
		1
	},
	[0.95] = {
		-0.692309,
		0.249215,
		-0.6772,
		0,
		-0.307199,
		0.74739,
		0.589098,
		0,
		0.652945,
		0.615873,
		-0.440866,
		0,
		0.108705,
		0.376705,
		-0.15789,
		1
	},
	[0.966666666667] = {
		-0.718709,
		0.259612,
		-0.645026,
		0,
		-0.312438,
		0.708165,
		0.633154,
		0,
		0.62116,
		0.656584,
		-0.427852,
		0,
		0.114963,
		0.396414,
		-0.14879,
		1
	},
	[0.983333333333] = {
		-0.744597,
		0.269903,
		-0.610515,
		0,
		-0.310186,
		0.669959,
		0.674492,
		0,
		0.591067,
		0.691598,
		-0.415129,
		0,
		0.120661,
		0.413192,
		-0.138382,
		1
	},
	[0.9] = {
		-0.615679,
		0.216407,
		-0.757699,
		0,
		-0.251965,
		0.857004,
		0.449508,
		0,
		0.746628,
		0.467666,
		-0.473113,
		0,
		0.083856,
		0.306057,
		-0.175651,
		1
	},
	[1.01666666667] = {
		-0.793529,
		0.28968,
		-0.535161,
		0,
		-0.28523,
		0.599787,
		0.747595,
		0,
		0.537546,
		0.745883,
		-0.393323,
		0,
		0.131667,
		0.437395,
		-0.115161,
		1
	},
	[1.03333333333] = {
		-0.816907,
		0.29691,
		-0.494477,
		0,
		-0.268136,
		0.563544,
		0.781359,
		0,
		0.510653,
		0.770884,
		-0.38075,
		0,
		0.137704,
		0.447585,
		-0.103372,
		1
	},
	[1.05] = {
		-0.839276,
		0.30187,
		-0.452206,
		0,
		-0.249003,
		0.525959,
		0.813243,
		0,
		0.483335,
		0.795136,
		-0.366259,
		0,
		0.14417,
		0.456915,
		-0.091731,
		1
	},
	[1.06666666667] = {
		-0.860334,
		0.304534,
		-0.408759,
		0,
		-0.227974,
		0.487358,
		0.842918,
		0,
		0.455909,
		0.818377,
		-0.349865,
		0,
		0.151023,
		0.4653,
		-0.080355,
		1
	},
	[1.08333333333] = {
		-0.879829,
		0.304941,
		-0.364571,
		0,
		-0.205246,
		0.44808,
		0.870114,
		0,
		0.42869,
		0.840378,
		-0.331646,
		0,
		0.158207,
		0.472667,
		-0.069355,
		1
	},
	{
		-0.769488,
		0.280264,
		-0.573882,
		0,
		-0.300201,
		0.634392,
		0.712338,
		0,
		0.56371,
		0.720415,
		-0.404021,
		0,
		0.12608,
		0.426446,
		-0.126974,
		1
	},
	[1.11666666667] = {
		-0.913403,
		0.29944,
		-0.275736,
		0,
		-0.155704,
		0.368856,
		0.916352,
		0,
		0.3761,
		0.879932,
		-0.29029,
		0,
		0.173256,
		0.484086,
		-0.04885,
		1
	},
	[1.13333333333] = {
		-0.927269,
		0.293894,
		-0.231945,
		0,
		-0.129479,
		0.329562,
		0.935213,
		0,
		0.351294,
		0.897226,
		-0.26754,
		0,
		0.180931,
		0.488022,
		-0.039492,
		1
	},
	[1.15] = {
		-0.939142,
		0.286799,
		-0.189102,
		0,
		-0.102707,
		0.290876,
		0.951232,
		0,
		0.327817,
		0.912764,
		-0.243717,
		0,
		0.188558,
		0.490701,
		-0.030799,
		1
	},
	[1.16666666667] = {
		-0.949052,
		0.278434,
		-0.147561,
		0,
		-0.07572,
		0.253051,
		0.964485,
		0,
		0.305886,
		0.92652,
		-0.219076,
		0,
		0.196017,
		0.492065,
		-0.022803,
		1
	},
	[1.1] = {
		-0.897564,
		0.303191,
		-0.320085,
		0,
		-0.181062,
		0.408467,
		0.894635,
		0,
		0.401989,
		0.860947,
		-0.311729,
		0,
		0.165648,
		0.478948,
		-0.058826,
		1
	}
}

return spline_matrices
