-- chunkname: @content/characters/player/human/first_person/animations/force_staff/attack_special_swipe_sweep_bake.lua

local spline_matrices = {
	[0.0166666666667] = {
		-0.890603,
		-0.314336,
		0.328663,
		0,
		0.413785,
		-0.260216,
		0.872393,
		0,
		-0.188701,
		0.912952,
		0.361817,
		0,
		0.108549,
		0.723602,
		-0.108346,
		1
	},
	[0.0333333333333] = {
		-0.904314,
		-0.386488,
		0.181228,
		0,
		0.309797,
		-0.302141,
		0.901519,
		0,
		-0.29367,
		0.8714,
		0.392963,
		0,
		0.076484,
		0.717547,
		-0.093193,
		1
	},
	[0.05] = {
		-0.893568,
		-0.448099,
		0.02728,
		0,
		0.204506,
		-0.35221,
		0.913305,
		0,
		-0.399643,
		0.821678,
		0.406362,
		0,
		0.038085,
		0.710988,
		-0.075191,
		1
	},
	[0.0666666666667] = {
		-0.859247,
		-0.495921,
		-0.12553,
		0,
		0.108279,
		-0.416137,
		0.902832,
		0,
		-0.499971,
		0.762163,
		0.411262,
		0,
		-0.00326,
		0.703532,
		-0.053599,
		1
	},
	[0.0833333333333] = {
		-0.806233,
		-0.525579,
		-0.27158,
		0,
		0.032483,
		-0.497696,
		0.866743,
		0,
		-0.590706,
		0.689975,
		0.418331,
		0,
		-0.044977,
		0.694322,
		-0.02749,
		1
	},
	[0] = {
		-0.856072,
		-0.233466,
		0.461124,
		0,
		0.508333,
		-0.218951,
		0.832861,
		0,
		-0.093481,
		0.947393,
		0.306116,
		0,
		0.13012,
		0.729287,
		-0.120977,
		1
	},
	[0.116666666667] = {
		-0.67152,
		-0.50391,
		-0.543264,
		0,
		-0.017756,
		-0.722009,
		0.691655,
		0,
		-0.740774,
		0.474106,
		0.475896,
		0,
		-0.131934,
		0.653401,
		0.049159,
		1
	},
	[0.133333333333] = {
		-0.596761,
		-0.432478,
		-0.675899,
		0,
		0.014293,
		-0.847922,
		0.529929,
		0,
		-0.802292,
		0.30658,
		0.512188,
		0,
		-0.191752,
		0.5998,
		0.108253,
		1
	},
	[0.15] = {
		-0.530725,
		-0.324166,
		-0.783101,
		0,
		0.081328,
		-0.93918,
		0.333657,
		0,
		-0.843633,
		0.113392,
		0.52481,
		0,
		-0.256578,
		0.524236,
		0.16946,
		1
	},
	[0.166666666667] = {
		-0.484675,
		-0.202335,
		-0.850971,
		0,
		0.169699,
		-0.976144,
		0.135444,
		0,
		-0.858075,
		-0.078763,
		0.507449,
		0,
		-0.317025,
		0.436085,
		0.222052,
		1
	},
	[0.183333333333] = {
		-0.462736,
		-0.097411,
		-0.881128,
		0,
		0.261753,
		-0.964643,
		-0.03082,
		0,
		-0.846971,
		-0.2449,
		0.471873,
		0,
		-0.364553,
		0.34989,
		0.259729,
		1
	},
	[0.1] = {
		-0.742465,
		-0.531669,
		-0.407521,
		0,
		-0.011424,
		-0.598207,
		0.80126,
		0,
		-0.669787,
		0.599563,
		0.438075,
		0,
		-0.085017,
		0.681628,
		0.004017,
		1
	},
	[0.216666666667] = {
		-0.494022,
		0.045203,
		-0.868274,
		0,
		0.443856,
		-0.845601,
		-0.296564,
		0,
		-0.747619,
		-0.531898,
		0.397682,
		0,
		-0.416333,
		0.1726,
		0.310907,
		1
	},
	[0.233333333333] = {
		-0.535955,
		0.08639,
		-0.839815,
		0,
		0.524548,
		-0.745368,
		-0.411432,
		0,
		-0.661514,
		-0.661032,
		0.354168,
		0,
		-0.422067,
		0.076027,
		0.327419,
		1
	},
	[0.25] = {
		-0.582207,
		0.105186,
		-0.806208,
		0,
		0.589798,
		-0.627878,
		-0.507845,
		0,
		-0.559619,
		-0.771171,
		0.303517,
		0,
		-0.414948,
		-0.020329,
		0.335381,
		1
	},
	[0.266666666667] = {
		-0.622832,
		0.104504,
		-0.775344,
		0,
		0.638479,
		-0.504839,
		-0.580933,
		0,
		-0.452134,
		-0.856865,
		0.247706,
		0,
		-0.397178,
		-0.112423,
		0.333911,
		1
	},
	[0.283333333333] = {
		-0.649495,
		0.091026,
		-0.754898,
		0,
		0.674513,
		-0.389303,
		-0.627276,
		0,
		-0.350982,
		-0.916601,
		0.191452,
		0,
		-0.372491,
		-0.197215,
		0.323236,
		1
	},
	[0.2] = {
		-0.466579,
		-0.017359,
		-0.884309,
		0,
		0.353376,
		-0.920202,
		-0.168385,
		0,
		-0.81082,
		-0.391059,
		0.435481,
		0,
		-0.397033,
		0.265141,
		0.287626,
		1
	},
	[0.316666666667] = {
		-0.648468,
		0.017964,
		-0.76103,
		0,
		0.747167,
		-0.176339,
		-0.640817,
		0,
		-0.145711,
		-0.984166,
		0.100928,
		0,
		-0.291364,
		-0.370628,
		0.292413,
		1
	},
	[0.333333333333] = {
		-0.623358,
		-0.035185,
		-0.781144,
		0,
		0.7812,
		-0.071364,
		-0.620188,
		0,
		-0.033925,
		-0.99683,
		0.071972,
		0,
		-0.223546,
		-0.458179,
		0.277887,
		1
	},
	[0.35] = {
		-0.585914,
		-0.089803,
		-0.805382,
		0,
		0.806591,
		0.031283,
		-0.590282,
		0,
		0.078204,
		-0.995468,
		0.054105,
		0,
		-0.136589,
		-0.537692,
		0.265929,
		1
	},
	[0.366666666667] = {
		-0.541945,
		-0.140411,
		-0.828601,
		0,
		0.819763,
		0.128902,
		-0.558008,
		0,
		0.185159,
		-0.981666,
		0.045246,
		0,
		-0.034472,
		-0.603292,
		0.257169,
		1
	},
	[0.383333333333] = {
		-0.499422,
		-0.183331,
		-0.84674,
		0,
		0.819279,
		0.21786,
		-0.530395,
		0,
		0.281708,
		-0.958607,
		0.041395,
		0,
		0.075709,
		-0.651024,
		0.250278,
		1
	},
	[0.3] = {
		-0.657767,
		0.062742,
		-0.750604,
		0,
		0.709665,
		-0.282339,
		-0.645492,
		0,
		-0.252424,
		-0.957261,
		0.141187,
		0,
		-0.339872,
		-0.281636,
		0.307961,
		1
	},
	[0.416666666667] = {
		-0.456471,
		-0.240016,
		-0.856753,
		0,
		0.78024,
		0.354812,
		-0.515105,
		0,
		0.42762,
		-0.903604,
		0.025309,
		0,
		0.283952,
		-0.689669,
		0.225314,
		1
	},
	[0.433333333333] = {
		-0.474887,
		-0.252782,
		-0.842961,
		0,
		0.743795,
		0.396678,
		-0.537974,
		0,
		0.470374,
		-0.882467,
		-0.000359,
		0,
		0.362898,
		-0.683947,
		0.195641,
		1
	},
	[0.45] = {
		-0.531409,
		-0.237156,
		-0.813241,
		0,
		0.703057,
		0.41207,
		-0.579577,
		0,
		0.472562,
		-0.879748,
		-0.052243,
		0,
		0.413346,
		-0.670848,
		0.133676,
		1
	},
	[0.466666666667] = {
		-0.617224,
		-0.193871,
		-0.762528,
		0,
		0.658134,
		0.403878,
		-0.635408,
		0,
		0.431155,
		-0.894034,
		-0.12169,
		0,
		0.441411,
		-0.653798,
		0.045516,
		1
	},
	[0.483333333333] = {
		-0.714357,
		-0.150643,
		-0.683375,
		0,
		0.594853,
		0.383621,
		-0.706388,
		0,
		0.368569,
		-0.911121,
		-0.184432,
		0,
		0.461892,
		-0.628948,
		-0.03966,
		1
	},
	[0.4] = {
		-0.46768,
		-0.216812,
		-0.856894,
		0,
		0.805618,
		0.29431,
		-0.514161,
		0,
		0.363669,
		-0.930792,
		0.037024,
		0,
		0.185064,
		-0.679469,
		0.241583,
		1
	},
	[0.516666666667] = {
		-0.891144,
		-0.179935,
		-0.416517,
		0,
		0.347422,
		0.319831,
		-0.88148,
		0,
		0.291824,
		-0.930232,
		-0.222502,
		0,
		0.538402,
		-0.574744,
		-0.133231,
		1
	},
	[0.533333333333] = {
		-0.946642,
		-0.293373,
		-0.133421,
		0,
		0.059069,
		0.249032,
		-0.966692,
		0,
		0.316828,
		-0.922993,
		-0.218415,
		0,
		0.614195,
		-0.54859,
		-0.160005,
		1
	},
	[0.55] = {
		-0.869763,
		-0.42151,
		0.256598,
		0,
		-0.325964,
		0.100349,
		-0.940041,
		0,
		0.370487,
		-0.901255,
		-0.224676,
		0,
		0.708069,
		-0.505051,
		-0.205396,
		1
	},
	[0.566666666667] = {
		-0.646564,
		-0.500296,
		0.575898,
		0,
		-0.601208,
		-0.130516,
		-0.788362,
		0,
		0.469578,
		-0.855961,
		-0.216395,
		0,
		0.822327,
		-0.424984,
		-0.247958,
		1
	},
	[0.583333333333] = {
		-0.390545,
		-0.531099,
		0.751936,
		0,
		-0.646983,
		-0.422719,
		-0.634604,
		0,
		0.654895,
		-0.734331,
		-0.178522,
		0,
		0.976578,
		-0.269249,
		-0.244674,
		1
	},
	[0.5] = {
		-0.809647,
		-0.135935,
		-0.570959,
		0,
		0.497473,
		0.357259,
		-0.790498,
		0,
		0.311436,
		-0.924061,
		-0.22163,
		0,
		0.48943,
		-0.600028,
		-0.102477,
		1
	},
	[0.616666666667] = {
		0.051933,
		-0.288623,
		0.956033,
		0,
		0.366132,
		-0.885162,
		-0.287116,
		0,
		0.929113,
		0.364945,
		0.059705,
		0,
		0.987195,
		0.900924,
		-0.004453,
		1
	},
	[0.633333333333] = {
		0.013346,
		-0.075471,
		0.997059,
		0,
		0.85504,
		-0.516096,
		-0.050511,
		0,
		0.51839,
		0.853199,
		0.057643,
		0,
		0.484848,
		1.367584,
		-0.001486,
		1
	},
	[0.65] = {
		0.002654,
		-0.043204,
		0.999063,
		0,
		0.999366,
		0.035579,
		-0.001116,
		0,
		-0.035497,
		0.998433,
		0.043271,
		0,
		-0.148396,
		1.425879,
		-0.028572,
		1
	},
	[0.666666666667] = {
		-0.04774,
		-0.08148,
		0.995531,
		0,
		0.913176,
		0.400312,
		0.076554,
		0,
		-0.40476,
		0.912749,
		0.055295,
		0,
		-0.58032,
		1.282185,
		-0.040681,
		1
	},
	[0.683333333333] = {
		-0.17971,
		-0.18047,
		0.967024,
		0,
		0.730247,
		0.634185,
		0.254062,
		0,
		-0.659123,
		0.751824,
		0.017818,
		0,
		-0.897696,
		1.080435,
		-0.106278,
		1
	},
	[0.6] = {
		-0.127488,
		-0.496273,
		0.858755,
		0,
		-0.322517,
		-0.798025,
		-0.509057,
		0,
		0.937939,
		-0.341862,
		-0.058318,
		0,
		1.142155,
		0.166996,
		-0.131041,
		1
	},
	[0.716666666667] = {
		-0.34265,
		-0.315933,
		0.884747,
		0,
		0.431008,
		0.783933,
		0.446857,
		0,
		-0.834759,
		0.534449,
		-0.132445,
		0,
		-1.099233,
		0.804963,
		-0.283419,
		1
	},
	[0.733333333333] = {
		-0.345265,
		-0.307356,
		0.886749,
		0,
		0.377427,
		0.819606,
		0.431039,
		0,
		-0.859268,
		0.483506,
		-0.166977,
		0,
		-1.130296,
		0.717427,
		-0.34189,
		1
	},
	[0.75] = {
		-0.32879,
		-0.26903,
		0.905273,
		0,
		0.372238,
		0.844049,
		0.38603,
		0,
		-0.867949,
		0.4639,
		-0.177371,
		0,
		-1.146525,
		0.658124,
		-0.387281,
		1
	},
	[0.766666666667] = {
		-0.298654,
		-0.209481,
		0.931087,
		0,
		0.400399,
		0.858094,
		0.32149,
		0,
		-0.866306,
		0.468821,
		-0.172397,
		0,
		-1.152148,
		0.622251,
		-0.423407,
		1
	},
	[0.783333333333] = {
		-0.259325,
		-0.138542,
		0.955802,
		0,
		0.447108,
		0.859998,
		0.245963,
		0,
		-0.856064,
		0.491131,
		-0.161076,
		0,
		-1.148173,
		0.604923,
		-0.453965,
		1
	},
	[0.7] = {
		-0.306185,
		-0.290118,
		0.906688,
		0,
		0.539704,
		0.731677,
		0.416375,
		0,
		-0.7842,
		0.616831,
		-0.067451,
		0,
		-1.04767,
		0.917438,
		-0.208813,
		1
	},
	[0.816666666667] = {
		-0.184415,
		-0.00675,
		0.982825,
		0,
		0.5423,
		0.833282,
		0.107479,
		0,
		-0.819696,
		0.552806,
		-0.15001,
		0,
		-1.119816,
		0.599749,
		-0.507472,
		1
	},
	[0.833333333333] = {
		-0.172686,
		0.032865,
		0.984429,
		0,
		0.568663,
		0.819378,
		0.072399,
		0,
		-0.80424,
		0.57231,
		-0.160184,
		0,
		-1.103854,
		0.596147,
		-0.528965,
		1
	},
	[0.85] = {
		-0.178467,
		0.05795,
		0.982238,
		0,
		0.584544,
		0.809253,
		0.058464,
		0,
		-0.791491,
		0.584595,
		-0.178299,
		0,
		-1.085834,
		0.589475,
		-0.548516,
		1
	},
	[0.866666666667] = {
		-0.188171,
		0.081246,
		0.97877,
		0,
		0.603091,
		0.796112,
		0.049862,
		0,
		-0.77516,
		0.59967,
		-0.198804,
		0,
		-1.062046,
		0.585311,
		-0.571775,
		1
	},
	[0.883333333333] = {
		-0.20158,
		0.102876,
		0.974054,
		0,
		0.623873,
		0.780129,
		0.046716,
		0,
		-0.755082,
		0.617103,
		-0.22144,
		0,
		-1.030414,
		0.582845,
		-0.596853,
		1
	},
	[0.8] = {
		-0.217728,
		-0.067256,
		0.97369,
		0,
		0.498437,
		0.85006,
		0.170172,
		0,
		-0.83914,
		0.522374,
		-0.151559,
		0,
		-1.136119,
		0.599938,
		-0.481708,
		1
	},
	[0.916666666667] = {
		-0.23862,
		0.141733,
		0.960715,
		0,
		0.6699,
		0.740246,
		0.057181,
		0,
		-0.703061,
		0.657227,
		-0.271584,
		0,
		-0.940392,
		0.581187,
		-0.647112,
		1
	},
	[0.933333333333] = {
		-0.261764,
		0.159294,
		0.951896,
		0,
		0.693814,
		0.716659,
		0.070865,
		0,
		-0.670896,
		0.678989,
		-0.298116,
		0,
		-0.884935,
		0.581856,
		-0.672594,
		1
	},
	[0.95] = {
		-0.287622,
		0.175853,
		0.941461,
		0,
		0.717335,
		0.690877,
		0.090104,
		0,
		-0.634589,
		0.701259,
		-0.324857,
		0,
		-0.823363,
		0.58323,
		-0.697687,
		1
	},
	[0.966666666667] = {
		-0.315875,
		0.191599,
		0.929254,
		0,
		0.739675,
		0.663116,
		0.114708,
		0,
		-0.594225,
		0.72358,
		-0.351183,
		0,
		-0.756389,
		0.585103,
		-0.721918,
		1
	},
	[0.983333333333] = {
		-0.346163,
		0.206725,
		0.915115,
		0,
		0.76005,
		0.633626,
		0.14437,
		0,
		-0.549996,
		0.745509,
		-0.376459,
		0,
		-0.684801,
		0.587286,
		-0.744848,
		1
	},
	[0.9] = {
		-0.218474,
		0.122984,
		0.968062,
		0,
		0.646351,
		0.761456,
		0.049133,
		0,
		-0.731094,
		0.636443,
		-0.24585,
		0,
		-0.989089,
		0.581442,
		-0.621716,
		1
	},
	[1.01666666667] = {
		-0.411212,
		0.235888,
		0.880489,
		0,
		0.791994,
		0.570663,
		0.216999,
		0,
		-0.451275,
		0.786575,
		-0.421485,
		0,
		-0.531268,
		0.591931,
		-0.785311,
		1
	},
	[1.03333333333] = {
		-0.445078,
		0.250301,
		0.859799,
		0,
		0.80233,
		0.537884,
		0.258742,
		0,
		-0.397709,
		0.805003,
		-0.440224,
		0,
		-0.451194,
		0.594128,
		-0.802299,
		1
	},
	[1.05] = {
		-0.479203,
		0.264844,
		0.836793,
		0,
		0.808295,
		0.504749,
		0.30313,
		0,
		-0.342088,
		0.821636,
		-0.455949,
		0,
		-0.370213,
		0.596108,
		-0.81692,
		1
	},
	[1.06666666667] = {
		-0.513103,
		0.279689,
		0.81148,
		0,
		0.809618,
		0.471665,
		0.349359,
		0,
		-0.285035,
		0.836246,
		-0.468453,
		0,
		-0.289296,
		0.597802,
		-0.829154,
		1
	},
	[1.08333333333] = {
		-0.546299,
		0.294999,
		0.783921,
		0,
		0.806194,
		0.439041,
		0.396604,
		0,
		-0.227175,
		0.848657,
		-0.477674,
		0,
		-0.209385,
		0.599161,
		-0.839087,
		1
	},
	{
		-0.378087,
		0.221424,
		0.8989,
		0,
		0.777713,
		0.602698,
		0.178653,
		0,
		-0.502207,
		0.766633,
		-0.400077,
		0,
		-0.609456,
		0.58961,
		-0.766085,
		1
	},
	[1.11666666667] = {
		-0.608771,
		0.32765,
		0.722526,
		0,
		0.785491,
		0.376776,
		0.490963,
		0,
		-0.111367,
		0.866421,
		-0.486736,
		0,
		-0.056063,
		0.600767,
		-0.852858,
		1
	},
	[1.13333333333] = {
		-0.637218,
		0.345292,
		0.689004,
		0,
		0.768761,
		0.347892,
		0.536636,
		0,
		-0.054403,
		0.871633,
		-0.48713,
		0,
		0.015802,
		0.600974,
		-0.857291,
		1
	},
	[1.15] = {
		-0.663313,
		0.364011,
		0.653844,
		0,
		0.748341,
		0.320966,
		0.580489,
		0,
		0.001442,
		0.874344,
		-0.485305,
		0,
		0.083589,
		0.600753,
		-0.860572,
		1
	},
	[1.16666666667] = {
		-0.68673,
		0.383949,
		0.61724,
		0,
		0.724757,
		0.296306,
		0.622037,
		0,
		0.055939,
		0.87452,
		-0.481752,
		0,
		0.146754,
		0.600067,
		-0.863097,
		1
	},
	[1.18333333333] = {
		-0.707172,
		0.40525,
		0.579379,
		0,
		0.698593,
		0.274184,
		0.660901,
		0,
		0.108974,
		0.872121,
		-0.477001,
		0,
		0.204841,
		0.598857,
		-0.865271,
		1
	},
	[1.1] = {
		-0.578332,
		0.310935,
		0.754222,
		0,
		0.798082,
		0.407281,
		0.444058,
		0,
		-0.169108,
		0.858744,
		-0.483696,
		0,
		-0.131369,
		0.600157,
		-0.8469,
		1
	},
	[1.21666666667] = {
		-0.738048,
		0.452486,
		0.500541,
		0,
		0.640997,
		0.2385,
		0.729548,
		0,
		0.210731,
		0.859287,
		-0.466067,
		0,
		0.304356,
		0.594513,
		-0.870191,
		1
	},
	[1.23333333333] = {
		-0.747956,
		0.478669,
		0.459823,
		0,
		0.610831,
		0.225333,
		0.75902,
		0,
		0.259706,
		0.848587,
		-0.460925,
		0,
		0.345279,
		0.591173,
		-0.873837,
		1
	},
	[1.25] = {
		-0.753813,
		0.506702,
		0.418353,
		0,
		0.5806,
		0.215499,
		0.785152,
		0,
		0.307684,
		0.834753,
		-0.456637,
		0,
		0.379684,
		0.58646,
		-0.877898,
		1
	},
	[1.2] = {
		-0.724366,
		0.428052,
		0.540431,
		0,
		0.670463,
		0.254845,
		0.696802,
		0,
		0.160542,
		0.867078,
		-0.471595,
		0,
		0.257473,
		0.597038,
		-0.867492,
		1
	}
}

return spline_matrices
