-- chunkname: @content/characters/player/human/first_person/animations/force_staff/attack_special_stab.lua

local spline_matrices = {
	[0.0166666666667] = {
		-0.893209,
		0.026973,
		-0.448833,
		0,
		-0.433686,
		-0.315243,
		0.84412,
		0,
		-0.118723,
		0.948628,
		0.293276,
		0,
		0.523916,
		0.07391,
		-0.322336,
		1,
	},
	[0.0333333333333] = {
		-0.941463,
		0.017094,
		-0.336682,
		0,
		-0.329283,
		-0.260665,
		0.907539,
		0,
		-0.072248,
		0.965278,
		0.251035,
		0,
		0.514733,
		0.062227,
		-0.320517,
		1,
	},
	[0.05] = {
		-0.974714,
		0.020442,
		-0.222521,
		0,
		-0.222372,
		-0.186768,
		0.956906,
		0,
		-0.021998,
		0.982191,
		0.186591,
		0,
		0.500939,
		0.049662,
		-0.317867,
		1,
	},
	[0.0666666666667] = {
		-0.993358,
		0.025098,
		-0.112291,
		0,
		-0.114438,
		-0.114011,
		0.986866,
		0,
		0.011966,
		0.993162,
		0.116126,
		0,
		0.478974,
		0.043228,
		-0.314119,
		1,
	},
	[0.0833333333333] = {
		-0.9998,
		0.017197,
		-0.010175,
		0,
		-0.01124,
		-0.062985,
		0.997951,
		0,
		0.016521,
		0.997866,
		0.063166,
		0,
		0.445956,
		0.052447,
		-0.307112,
		1,
	},
	[0] = {
		-0.831402,
		0.059757,
		-0.55245,
		0,
		-0.538635,
		-0.330967,
		0.774812,
		0,
		-0.136542,
		0.941749,
		0.307353,
		0,
		0.532338,
		0.079053,
		-0.320986,
		1,
	},
	[0.116666666667] = {
		-0.986578,
		-0.049101,
		0.155732,
		0,
		0.157989,
		-0.046033,
		0.986367,
		0,
		-0.041262,
		0.997732,
		0.053173,
		0,
		0.288927,
		0.226121,
		-0.263485,
		1,
	},
	[0.133333333333] = {
		-0.968476,
		-0.09928,
		0.22847,
		0,
		0.234765,
		-0.057032,
		0.970378,
		0,
		-0.083309,
		0.993424,
		0.078541,
		0,
		0.208336,
		0.44908,
		-0.223262,
		1,
	},
	[0.15] = {
		-0.942826,
		-0.157525,
		0.293709,
		0,
		0.308062,
		-0.075585,
		0.948359,
		0,
		-0.12719,
		0.984618,
		0.119791,
		0,
		0.131674,
		0.702458,
		-0.176967,
		1,
	},
	[0.166666666667] = {
		-0.912304,
		-0.217442,
		0.347016,
		0,
		0.375481,
		-0.105943,
		0.920755,
		0,
		-0.163447,
		0.970307,
		0.178297,
		0,
		0.091652,
		0.851859,
		-0.1442,
		1,
	},
	[0.183333333333] = {
		-0.88428,
		-0.257192,
		0.389745,
		0,
		0.434258,
		-0.146106,
		0.88886,
		0,
		-0.171664,
		0.955251,
		0.240886,
		0,
		0.087475,
		0.883239,
		-0.124326,
		1,
	},
	[0.1] = {
		-0.996921,
		-0.009219,
		0.077866,
		0,
		0.078199,
		-0.044112,
		0.995961,
		0,
		-0.005747,
		0.998984,
		0.044697,
		0,
		0.375881,
		0.104401,
		-0.291044,
		1,
	},
	[0.216666666667] = {
		-0.855685,
		-0.27523,
		0.438238,
		0,
		0.495814,
		-0.193462,
		0.846605,
		0,
		-0.148229,
		0.941712,
		0.302005,
		0,
		0.092956,
		0.887317,
		-0.089231,
		1,
	},
	[0.233333333333] = {
		-0.85054,
		-0.267208,
		0.45297,
		0,
		0.508475,
		-0.19788,
		0.838032,
		0,
		-0.134295,
		0.943103,
		0.304173,
		0,
		0.094265,
		0.884002,
		-0.077109,
		1,
	},
	[0.25] = {
		-0.84895,
		-0.249952,
		0.465626,
		0,
		0.514674,
		-0.191012,
		0.835838,
		0,
		-0.119979,
		0.94923,
		0.290804,
		0,
		0.094691,
		0.877436,
		-0.073205,
		1,
	},
	[0.266666666667] = {
		-0.849739,
		-0.235816,
		0.471523,
		0,
		0.516415,
		-0.192298,
		0.834468,
		0,
		-0.106108,
		0.952582,
		0.285182,
		0,
		0.095203,
		0.868716,
		-0.060925,
		1,
	},
	[0.283333333333] = {
		-0.851583,
		-0.226863,
		0.472588,
		0,
		0.515684,
		-0.200505,
		0.832987,
		0,
		-0.094218,
		0.953064,
		0.287737,
		0,
		0.09613,
		0.857104,
		-0.045273,
		1,
	},
	[0.2] = {
		-0.865595,
		-0.272514,
		0.420097,
		0,
		0.474377,
		-0.177624,
		0.862216,
		0,
		-0.160346,
		0.945614,
		0.283025,
		0,
		0.090346,
		0.88799,
		-0.105738,
		1,
	},
	[0.316666666667] = {
		-0.854197,
		-0.221037,
		0.470626,
		0,
		0.513548,
		-0.217078,
		0.830148,
		0,
		-0.081331,
		0.9508,
		0.298941,
		0,
		0.101439,
		0.823467,
		-0.037609,
		1,
	},
	[0.333333333333] = {
		-0.854805,
		-0.223032,
		0.468577,
		0,
		0.512825,
		-0.22474,
		0.828554,
		0,
		-0.079486,
		0.948551,
		0.306486,
		0,
		0.107523,
		0.803132,
		-0.045176,
		1,
	},
	[0.35] = {
		-0.855476,
		-0.227249,
		0.465316,
		0,
		0.511659,
		-0.232482,
		0.827138,
		0,
		-0.079789,
		0.94568,
		0.315156,
		0,
		0.115582,
		0.781261,
		-0.05774,
		1,
	},
	[0.366666666667] = {
		-0.85659,
		-0.232721,
		0.460536,
		0,
		0.509502,
		-0.240307,
		0.826233,
		0,
		-0.081612,
		0.942387,
		0.324416,
		0,
		0.125183,
		0.758271,
		-0.073996,
		1,
	},
	[0.383333333333] = {
		-0.858475,
		-0.238663,
		0.453939,
		0,
		0.505839,
		-0.248126,
		0.826172,
		0,
		-0.084543,
		0.938868,
		0.333735,
		0,
		0.135717,
		0.734581,
		-0.09264,
		1,
	},
	[0.3] = {
		-0.853265,
		-0.222158,
		0.471789,
		0,
		0.514356,
		-0.209534,
		0.831585,
		0,
		-0.085887,
		0.95223,
		0.293056,
		0,
		0.097811,
		0.841802,
		-0.036349,
		1,
	},
	[0.416666666667] = {
		-0.865804,
		-0.248714,
		0.434195,
		0,
		0.491824,
		-0.263168,
		0.829971,
		0,
		-0.092159,
		0.932139,
		0.350176,
		0,
		0.15713,
		0.686774,
		-0.132153,
		1,
	},
	[0.433333333333] = {
		-0.871828,
		-0.251164,
		0.420515,
		0,
		0.480297,
		-0.269967,
		0.834525,
		0,
		-0.096078,
		0.929534,
		0.355999,
		0,
		0.166778,
		0.663495,
		-0.150673,
		1,
	},
	[0.45] = {
		-0.879757,
		-0.250811,
		0.403884,
		0,
		0.464886,
		-0.275961,
		0.841265,
		0,
		-0.099542,
		0.927868,
		0.359377,
		0,
		0.174909,
		0.641206,
		-0.1668,
		1,
	},
	[0.466666666667] = {
		-0.889766,
		-0.246846,
		0.383906,
		0,
		0.444848,
		-0.280833,
		0.850437,
		0,
		-0.102113,
		0.92747,
		0.359685,
		0,
		0.180928,
		0.620344,
		-0.179364,
		1,
	},
	[0.483333333333] = {
		-0.901931,
		-0.238462,
		0.360079,
		0,
		0.41935,
		-0.284167,
		0.862204,
		0,
		-0.103281,
		0.928647,
		0.356298,
		0,
		0.184266,
		0.601352,
		-0.187195,
		1,
	},
	[0.4] = {
		-0.861446,
		-0.244273,
		0.445244,
		0,
		0.500135,
		-0.255815,
		0.827299,
		0,
		-0.088187,
		0.935355,
		0.34254,
		0,
		0.146571,
		0.71061,
		-0.112417,
		1,
	},
	[0.516666666667] = {
		-0.93372,
		-0.207826,
		0.291505,
		0,
		0.342793,
		-0.284176,
		0.895398,
		0,
		-0.103248,
		0.935977,
		0.336582,
		0,
		0.188727,
		0.563642,
		-0.19889,
		1,
	},
	[0.533333333333] = {
		-0.951178,
		-0.187092,
		0.245473,
		0,
		0.291196,
		-0.280377,
		0.914655,
		0,
		-0.1023,
		0.94148,
		0.321169,
		0,
		0.191777,
		0.543632,
		-0.205498,
		1,
	},
	[0.55] = {
		-0.967496,
		-0.163966,
		0.192526,
		0,
		0.232144,
		-0.273899,
		0.933321,
		0,
		-0.1003,
		0.947679,
		0.30306,
		0,
		0.195515,
		0.523079,
		-0.212236,
		1,
	},
	[0.566666666667] = {
		-0.981165,
		-0.139426,
		0.1337,
		0,
		0.167043,
		-0.264782,
		0.94973,
		0,
		-0.097016,
		0.954175,
		0.283085,
		0,
		0.199989,
		0.502165,
		-0.218815,
		1,
	},
	[0.583333333333] = {
		-0.990933,
		-0.114465,
		0.070359,
		0,
		0.097592,
		-0.253258,
		0.962464,
		0,
		-0.092349,
		0.960603,
		0.262132,
		0,
		0.205177,
		0.481095,
		-0.224953,
		1,
	},
	[0.5] = {
		-0.916758,
		-0.225237,
		0.329884,
		0,
		0.385812,
		-0.285388,
		0.877327,
		0,
		-0.103461,
		0.93157,
		0.348531,
		0,
		0.186266,
		0.582939,
		-0.192699,
		1,
	},
	[0.616666666667] = {
		-0.995765,
		-0.066961,
		-0.062991,
		0,
		-0.046435,
		-0.22502,
		0.973247,
		0,
		-0.079344,
		0.97205,
		0.220958,
		0,
		0.217248,
		0.439464,
		-0.234929,
		1,
	},
	[0.633333333333] = {
		-0.990561,
		-0.045936,
		-0.129146,
		0,
		-0.116829,
		-0.209857,
		0.970727,
		0,
		-0.071693,
		0.976653,
		0.202509,
		0,
		0.223744,
		0.419486,
		-0.238422,
		1,
	},
	[0.65] = {
		-0.980939,
		-0.027428,
		-0.19237,
		0,
		-0.183475,
		-0.195307,
		0.963427,
		0,
		-0.063996,
		0.980359,
		0.186552,
		0,
		0.230216,
		0.400519,
		-0.240811,
		1,
	},
	[0.666666666667] = {
		-0.967941,
		-0.011698,
		-0.250903,
		0,
		-0.244641,
		-0.182475,
		0.952289,
		0,
		-0.056923,
		0.983141,
		0.173764,
		0,
		0.236394,
		0.382936,
		-0.242113,
		1,
	},
	[0.683333333333] = {
		-0.952916,
		0.001189,
		-0.303231,
		0,
		-0.298881,
		-0.172497,
		0.938571,
		0,
		-0.051191,
		0.985009,
		0.164731,
		0,
		0.24202,
		0.367128,
		-0.242418,
		1,
	},
	[0.6] = {
		-0.99593,
		-0.09003,
		0.004168,
		0,
		0.025737,
		-0.239778,
		0.970486,
		0,
		-0.086373,
		0.966644,
		0.24112,
		0,
		0.210985,
		0.460104,
		-0.230393,
		1,
	},
	[0.716666666667] = {
		-0.922909,
		0.018856,
		-0.384556,
		0,
		-0.382196,
		-0.165565,
		0.909128,
		0,
		-0.046526,
		0.986019,
		0.160008,
		0,
		0.250731,
		0.342417,
		-0.240625,
		1,
	},
	[0.733333333333] = {
		-0.910987,
		0.024056,
		-0.411733,
		0,
		-0.409545,
		-0.170731,
		0.896172,
		0,
		-0.048737,
		0.985024,
		0.165386,
		0,
		0.253493,
		0.334259,
		-0.238867,
		1,
	},
	[0.75] = {
		-0.90295,
		0.027104,
		-0.42889,
		0,
		-0.426279,
		-0.182997,
		0.885889,
		0,
		-0.054474,
		0.98274,
		0.176791,
		0,
		0.255066,
		0.32934,
		-0.236733,
		1,
	},
	[0.766666666667] = {
		-0.898328,
		0.026751,
		-0.438509,
		0,
		-0.43438,
		-0.203417,
		0.87746,
		0,
		-0.065728,
		0.978727,
		0.194355,
		0,
		0.255692,
		0.326389,
		-0.234267,
		1,
	},
	[0.783333333333] = {
		-0.895802,
		0.022166,
		-0.443901,
		0,
		-0.436524,
		-0.231708,
		0.869344,
		0,
		-0.083585,
		0.972533,
		0.217241,
		0,
		0.25574,
		0.323869,
		-0.231519,
		1,
	},
	[0.7] = {
		-0.937384,
		0.011316,
		-0.348114,
		0,
		-0.345043,
		-0.166496,
		0.923701,
		0,
		-0.047507,
		0.985977,
		0.159976,
		0,
		0.246864,
		0.353492,
		-0.241866,
		1,
	},
	[0.816666666667] = {
		-0.896129,
		0.002677,
		-0.443785,
		0,
		-0.422988,
		-0.307741,
		0.852277,
		0,
		-0.134289,
		0.951466,
		0.276908,
		0,
		0.254685,
		0.319713,
		-0.225616,
		1,
	},
	[0.833333333333] = {
		-0.89836,
		-0.011112,
		-0.439119,
		0,
		-0.407311,
		-0.353212,
		0.842223,
		0,
		-0.16446,
		0.935477,
		0.312785,
		0,
		0.253941,
		0.317931,
		-0.222676,
		1,
	},
	[0.85] = {
		-0.901523,
		-0.026872,
		-0.431896,
		0,
		-0.385832,
		-0.401995,
		0.830382,
		0,
		-0.195934,
		0.915247,
		0.352039,
		0,
		0.253317,
		0.316347,
		-0.219894,
		1,
	},
	[0.866666666667] = {
		-0.905312,
		-0.044063,
		-0.422456,
		0,
		-0.358851,
		-0.45276,
		0.816232,
		0,
		-0.227237,
		0.890543,
		0.394077,
		0,
		0.253009,
		0.315074,
		-0.217383,
		1,
	},
	[0.883333333333] = {
		-0.909476,
		-0.062138,
		-0.411086,
		0,
		-0.326873,
		-0.504143,
		0.799371,
		0,
		-0.256918,
		0.861382,
		0.438195,
		0,
		0.253181,
		0.314326,
		-0.215248,
		1,
	},
	[0.8] = {
		-0.895165,
		0.013953,
		-0.445515,
		0,
		-0.432733,
		-0.266847,
		0.861124,
		0,
		-0.10687,
		0.963638,
		0.24491,
		0,
		0.255349,
		0.321675,
		-0.228599,
		1,
	},
	[0.916666666667] = {
		-0.918341,
		-0.098469,
		-0.383346,
		0,
		-0.251158,
		-0.60358,
		0.75671,
		0,
		-0.305893,
		0.791198,
		0.529561,
		0,
		0.255421,
		0.315777,
		-0.212281,
		1,
	},
	[0.933333333333] = {
		-0.923008,
		-0.115019,
		-0.367189,
		0,
		-0.209781,
		-0.649557,
		0.730799,
		0,
		-0.322566,
		0.751562,
		0.575418,
		0,
		0.257635,
		0.31888,
		-0.211236,
		1,
	},
	[0.95] = {
		-0.927945,
		-0.12963,
		-0.349448,
		0,
		-0.16782,
		-0.691838,
		0.70228,
		0,
		-0.332798,
		0.710322,
		0.620233,
		0,
		0.260499,
		0.324247,
		-0.21024,
		1,
	},
	[0.966666666667] = {
		-0.933308,
		-0.141777,
		-0.329903,
		0,
		-0.126642,
		-0.729747,
		0.671886,
		0,
		-0.336004,
		0.668856,
		0.663124,
		0,
		0.263856,
		0.332387,
		-0.208979,
		1,
	},
	[0.983333333333] = {
		-0.939269,
		-0.151003,
		-0.308175,
		0,
		-0.087555,
		-0.762836,
		0.640636,
		0,
		-0.331826,
		0.628712,
		0.703287,
		0,
		0.267523,
		0.343748,
		-0.207009,
		1,
	},
	[0.9] = {
		-0.913842,
		-0.080551,
		-0.398,
		0,
		-0.290622,
		-0.554793,
		0.779579,
		0,
		-0.283603,
		0.82808,
		0.483584,
		0,
		0.253949,
		0.314421,
		-0.213566,
		1,
	},
	[1.01666666667] = {
		-0.952689,
		-0.161878,
		-0.257255,
		0,
		-0.017585,
		-0.815604,
		0.578343,
		0,
		-0.303439,
		0.555504,
		0.77417,
		0,
		0.275217,
		0.375329,
		-0.199611,
		1,
	},
	[1.03333333333] = {
		-0.958488,
		-0.168408,
		-0.230086,
		0,
		0.016695,
		-0.838705,
		0.54433,
		0,
		-0.284644,
		0.517892,
		0.8067,
		0,
		0.279142,
		0.391615,
		-0.195314,
		1,
	},
	[1.05] = {
		-0.963244,
		-0.176438,
		-0.202561,
		0,
		0.050691,
		-0.859895,
		0.507948,
		0,
		-0.263802,
		0.47901,
		0.837233,
		0,
		0.283093,
		0.40738,
		-0.190914,
		1,
	},
	[1.06666666667] = {
		-0.966865,
		-0.185856,
		-0.175012,
		0,
		0.083983,
		-0.878957,
		0.469448,
		0,
		-0.241078,
		0.439195,
		0.865442,
		0,
		0.287042,
		0.422479,
		-0.186448,
		1,
	},
	[1.08333333333] = {
		-0.969303,
		-0.196514,
		-0.147763,
		0,
		0.11618,
		-0.895736,
		0.429138,
		0,
		-0.216688,
		0.398798,
		0.89107,
		0,
		0.290961,
		0.43677,
		-0.181954,
		1,
	},
	{
		-0.945977,
		-0.156922,
		-0.283731,
		0,
		-0.05171,
		-0.790863,
		0.609805,
		0,
		-0.320084,
		0.591533,
		0.740024,
		0,
		0.271338,
		0.358674,
		-0.20377,
		1,
	},
	[1.11666666667] = {
		-0.970647,
		-0.220801,
		-0.095345,
		0,
		0.175923,
		-0.92214,
		0.344542,
		0,
		-0.163997,
		0.317655,
		0.933916,
		0,
		0.29855,
		0.462395,
		-0.173034,
		1,
	},
	[1.13333333333] = {
		-0.969664,
		-0.233997,
		-0.070694,
		0,
		0.202906,
		-0.931773,
		0.301046,
		0,
		-0.136314,
		0.277569,
		0.950986,
		0,
		0.302131,
		0.473473,
		-0.168679,
		1,
	},
	[1.15] = {
		-0.967708,
		-0.247582,
		-0.047365,
		0,
		0.227677,
		-0.939129,
		0.257295,
		0,
		-0.108183,
		0.238203,
		0.965171,
		0,
		0.3055,
		0.48323,
		-0.164438,
		1,
	},
	[1.16666666667] = {
		-0.964917,
		-0.261311,
		-0.025525,
		0,
		0.250088,
		-0.944348,
		0.213688,
		0,
		-0.079943,
		0.199807,
		0.976569,
		0,
		0.308599,
		0.491545,
		-0.160337,
		1,
	},
	[1.18333333333] = {
		-0.961448,
		-0.274936,
		-0.005301,
		0,
		0.27004,
		-0.947614,
		0.170604,
		0,
		-0.051929,
		0.162595,
		0.985325,
		0,
		0.311366,
		0.4983,
		-0.1564,
		1,
	},
	[1.1] = {
		-0.970552,
		-0.208231,
		-0.121116,
		0,
		0.146929,
		-0.910139,
		0.387374,
		0,
		-0.190896,
		0.358171,
		0.913932,
		0,
		0.294811,
		0.450119,
		-0.17747,
		1,
	},
	[1.21666666667] = {
		-0.95318,
		-0.300914,
		0.029965,
		0,
		0.302395,
		-0.949168,
		0.087387,
		0,
		0.002146,
		0.092357,
		0.995724,
		0,
		0.315641,
		0.506653,
		-0.149081,
		1,
	},
	[1.23333333333] = {
		-0.948756,
		-0.3128,
		0.044919,
		0,
		0.3148,
		-0.947951,
		0.047858,
		0,
		0.027611,
		0.059546,
		0.997844,
		0,
		0.317011,
		0.508014,
		-0.145722,
		1,
	},
	[1.25] = {
		-0.944393,
		-0.323651,
		0.058069,
		0,
		0.324735,
		-0.945752,
		0.010058,
		0,
		0.051663,
		0.028355,
		0.998262,
		0,
		0.317776,
		0.507338,
		-0.142573,
		1,
	},
	[1.2] = {
		-0.957474,
		-0.288216,
		0.013215,
		0,
		0.28748,
		-0.949141,
		0.128397,
		0,
		-0.024463,
		0.126736,
		0.991635,
		0,
		0.313736,
		0.503375,
		-0.152643,
		1,
	},
}

return spline_matrices
