local spline_matrices = {
	[0] = {
		-0.969917,
		-0.227179,
		0.087474,
		0,
		0.205824,
		-0.957163,
		-0.203653,
		0,
		0.129993,
		-0.179522,
		0.975128,
		0,
		0.28727,
		0.51031,
		-0.279864,
		1
	},
	[0.0166666666667] = {
		-0.966201,
		-0.25779,
		-0.000367,
		0,
		0.251016,
		-0.940486,
		-0.229077,
		0,
		0.058709,
		-0.221426,
		0.973408,
		0,
		0.281898,
		0.502204,
		-0.177297,
		1
	},
	[0.0333333333333] = {
		-0.965063,
		-0.247406,
		-0.086275,
		0,
		0.26179,
		-0.924183,
		-0.278121,
		0,
		-0.010925,
		-0.29099,
		0.956664,
		0,
		0.274524,
		0.500315,
		-0.085708,
		1
	},
	[0.05] = {
		-0.977136,
		-0.189969,
		-0.095482,
		0,
		0.210741,
		-0.924848,
		-0.316615,
		0,
		-0.028159,
		-0.329498,
		0.943736,
		0,
		0.268335,
		0.470944,
		0.009598,
		1
	},
	[0.0666666666667] = {
		-0.993406,
		-0.112986,
		-0.019451,
		0,
		0.113346,
		-0.942397,
		-0.314707,
		0,
		0.017227,
		-0.314836,
		0.94899,
		0,
		0.272648,
		0.452421,
		0.101233,
		1
	},
	[0.0833333333333] = {
		-0.994655,
		-0.084949,
		0.058688,
		0,
		0.064236,
		-0.954135,
		-0.292404,
		0,
		0.080836,
		-0.287072,
		0.954492,
		0,
		0.284764,
		0.468105,
		0.158502,
		1
	},
	[0.116666666667] = {
		-0.991276,
		-0.128392,
		-0.029788,
		0,
		0.128266,
		-0.887712,
		-0.44217,
		0,
		0.030328,
		-0.442134,
		0.896436,
		0,
		0.225726,
		0.48553,
		0.174351,
		1
	},
	[0.133333333333] = {
		-0.993065,
		-0.117303,
		-0.007921,
		0,
		0.099911,
		-0.806475,
		-0.582765,
		0,
		0.061972,
		-0.579515,
		0.812602,
		0,
		0.206004,
		0.474975,
		0.181698,
		1
	},
	[0.15] = {
		-0.995568,
		-0.080885,
		-0.047986,
		0,
		0.08692,
		-0.596476,
		-0.797911,
		0,
		0.035916,
		-0.798545,
		0.600862,
		0,
		0.184096,
		0.467688,
		0.12389,
		1
	},
	[0.166666666667] = {
		-0.994729,
		-0.048032,
		-0.090592,
		0,
		0.102229,
		-0.533016,
		-0.839906,
		0,
		-0.007945,
		-0.844741,
		0.535117,
		0,
		0.146474,
		0.556997,
		0.079895,
		1
	},
	[0.183333333333] = {
		-0.996599,
		-0.077608,
		-0.027697,
		0,
		0.080589,
		-0.847842,
		-0.524089,
		0,
		0.017191,
		-0.524539,
		0.851213,
		0,
		0.1177,
		0.802493,
		0.077417,
		1
	},
	[0.1] = {
		-0.9929,
		-0.117759,
		0.016796,
		0,
		0.104181,
		-0.92905,
		-0.354982,
		0,
		0.057407,
		-0.350712,
		0.934722,
		0,
		0.255174,
		0.479405,
		0.174899,
		1
	},
	[0.216666666667] = {
		-0.992932,
		-0.091493,
		0.075597,
		0,
		0.111833,
		-0.934543,
		0.33782,
		0,
		0.03974,
		0.343887,
		0.93817,
		0,
		0.020391,
		1.209497,
		-0.154513,
		1
	},
	[0.233333333333] = {
		-0.993846,
		-0.079049,
		0.0776,
		0,
		0.110009,
		-0.786433,
		0.6078,
		0,
		0.012982,
		0.612597,
		0.790289,
		0,
		-0.036902,
		1.245749,
		-0.365126,
		1
	},
	[0.25] = {
		-0.997356,
		-0.033298,
		0.064588,
		0,
		0.07158,
		-0.603275,
		0.794314,
		0,
		0.012516,
		0.796838,
		0.604064,
		0,
		-0.043835,
		1.205824,
		-0.578042,
		1
	},
	[0.266666666667] = {
		-0.999972,
		-0.006706,
		0.003288,
		0,
		0.005882,
		-0.435939,
		0.899957,
		0,
		-0.004602,
		0.899951,
		0.435966,
		0,
		-0.052687,
		1.143443,
		-0.701243,
		1
	},
	[0.283333333333] = {
		-0.998359,
		-0.017775,
		-0.054431,
		0,
		-0.047612,
		-0.270385,
		0.961574,
		0,
		-0.031809,
		0.962588,
		0.269095,
		0,
		-0.046977,
		1.023174,
		-0.828618,
		1
	},
	[0.2] = {
		-0.994195,
		-0.089818,
		0.059238,
		0,
		0.089244,
		-0.995934,
		-0.012274,
		0,
		0.060099,
		-0.006916,
		0.998168,
		0,
		0.086103,
		1.086027,
		-0.025828,
		1
	},
	[0.316666666667] = {
		-0.997591,
		0.014521,
		-0.067834,
		0,
		-0.066735,
		0.066115,
		0.995578,
		0,
		0.018941,
		0.997706,
		-0.064986,
		0,
		0.004702,
		0.876735,
		-0.925501,
		1
	},
	[0.333333333333] = {
		-0.994418,
		0.070657,
		-0.078367,
		0,
		-0.05662,
		0.269403,
		0.961362,
		0,
		0.089039,
		0.960432,
		-0.263898,
		0,
		0.038842,
		0.82497,
		-0.930486,
		1
	},
	[0.35] = {
		-0.984787,
		0.138166,
		-0.105377,
		0,
		-0.028058,
		0.472039,
		0.881131,
		0,
		0.171484,
		0.870683,
		-0.460982,
		0,
		0.076868,
		0.755739,
		-0.926091,
		1
	},
	[0.366666666667] = {
		-0.968312,
		0.201988,
		-0.146878,
		0,
		0.017335,
		0.641054,
		0.7673,
		0,
		0.249142,
		0.74044,
		-0.624241,
		0,
		0.111693,
		0.675502,
		-0.911775,
		1
	},
	[0.383333333333] = {
		-0.948409,
		0.251705,
		-0.192784,
		0,
		0.069915,
		0.75912,
		0.647185,
		0,
		0.309246,
		0.600317,
		-0.737554,
		0,
		0.138095,
		0.597068,
		-0.893631,
		1
	},
	[0.3] = {
		-0.997668,
		-0.017507,
		-0.065964,
		0,
		-0.063759,
		-0.105641,
		0.992358,
		0,
		-0.024342,
		0.99425,
		0.104279,
		0,
		-0.019192,
		0.913621,
		-0.912346,
		1
	},
	[0.416666666667] = {
		-0.939683,
		0.262984,
		-0.218714,
		0,
		0.084571,
		0.798206,
		0.596418,
		0,
		0.331427,
		0.541947,
		-0.772302,
		0,
		0.151294,
		0.545186,
		-0.862111,
		1
	},
	[0.433333333333] = {
		-0.94868,
		0.240928,
		-0.204842,
		0,
		0.057656,
		0.768662,
		0.637051,
		0,
		0.310938,
		0.592547,
		-0.743105,
		0,
		0.146971,
		0.545911,
		-0.839126,
		1
	},
	[0.45] = {
		-0.956767,
		0.218882,
		-0.191541,
		0,
		0.037872,
		0.746689,
		0.664094,
		0,
		0.28838,
		0.628129,
		-0.722697,
		0,
		0.142661,
		0.52476,
		-0.817979,
		1
	},
	[0.466666666667] = {
		-0.963566,
		0.197611,
		-0.180252,
		0,
		0.024123,
		0.735371,
		0.677235,
		0,
		0.266382,
		0.648212,
		-0.713346,
		0,
		0.139333,
		0.485722,
		-0.800637,
		1
	},
	[0.483333333333] = {
		-0.968833,
		0.178197,
		-0.172073,
		0,
		0.015434,
		0.736711,
		0.676031,
		0,
		0.247234,
		0.652305,
		-0.7165,
		0,
		0.137803,
		0.432836,
		-0.788747,
		1
	},
	[0.4] = {
		-0.930154,
		0.284817,
		-0.231719,
		0,
		0.117682,
		0.829057,
		0.54664,
		0,
		0.347801,
		0.48119,
		-0.804668,
		0,
		0.154247,
		0.532384,
		-0.885224,
		1
	},
	[0.516666666667] = {
		-0.974988,
		0.148185,
		-0.165649,
		0,
		0.009584,
		0.772639,
		0.634773,
		0,
		0.222051,
		0.617309,
		-0.754734,
		0,
		0.141259,
		0.30427,
		-0.782059,
		1
	},
	[0.533333333333] = {
		-0.977143,
		0.136246,
		-0.163184,
		0,
		0.008312,
		0.791521,
		0.611086,
		0,
		0.212421,
		0.595762,
		-0.774561,
		0,
		0.144088,
		0.243751,
		-0.780318,
		1
	},
	[0.55] = {
		-0.978935,
		0.126068,
		-0.1606,
		0,
		0.006707,
		0.806031,
		0.591835,
		0,
		0.20406,
		0.578291,
		-0.789898,
		0,
		0.146926,
		0.194376,
		-0.778204,
		1
	},
	[0.566666666667] = {
		-0.980383,
		0.11775,
		-0.158065,
		0,
		0.00423,
		0.814326,
		0.580393,
		0,
		0.197058,
		0.568338,
		-0.798849,
		0,
		0.149475,
		0.162052,
		-0.775741,
		1
	},
	[0.583333333333] = {
		-0.98149,
		0.111451,
		-0.155744,
		0,
		0.000448,
		0.814559,
		0.580081,
		0,
		0.191513,
		0.569274,
		-0.799531,
		0,
		0.151416,
		0.152661,
		-0.773012,
		1
	},
	[0.5] = {
		-0.972442,
		0.161823,
		-0.16784,
		0,
		0.011204,
		0.751499,
		0.659639,
		0,
		0.232877,
		0.63958,
		-0.732602,
		0,
		0.138719,
		0.370052,
		-0.783571,
		1
	},
	[0.616666666667] = {
		-0.983242,
		0.103483,
		-0.150089,
		0,
		-0.004991,
		0.807691,
		0.589585,
		0,
		0.182237,
		0.580454,
		-0.793639,
		0,
		0.154364,
		0.15982,
		-0.768529,
		1
	},
	[0.633333333333] = {
		-0.984046,
		0.101198,
		-0.146333,
		0,
		-0.005225,
		0.805689,
		0.592316,
		0,
		0.17784,
		0.58363,
		-0.792306,
		0,
		0.15577,
		0.162875,
		-0.767137,
		1
	},
	[0.65] = {
		-0.984807,
		0.099919,
		-0.142027,
		0,
		-0.004037,
		0.804483,
		0.593962,
		0,
		0.173606,
		0.585511,
		-0.791857,
		0,
		0.15713,
		0.165691,
		-0.766237,
		1
	},
	[0.666666666667] = {
		-0.985524,
		0.099555,
		-0.137228,
		0,
		-0.001598,
		0.80394,
		0.594708,
		0,
		0.169529,
		0.586318,
		-0.792143,
		0,
		0.158439,
		0.168351,
		-0.765769,
		1
	},
	[0.683333333333] = {
		-0.986192,
		0.100015,
		-0.131995,
		0,
		0.001928,
		0.803919,
		0.594736,
		0,
		0.165596,
		0.586269,
		-0.793011,
		0,
		0.15969,
		0.170931,
		-0.765669,
		1
	},
	[0.6] = {
		-0.982393,
		0.106868,
		-0.153241,
		0,
		-0.003161,
		0.810612,
		0.585575,
		0,
		0.186799,
		0.575749,
		-0.796002,
		0,
		0.152914,
		0.156445,
		-0.770471,
		1
	},
	[0.716666666667] = {
		-0.987354,
		0.103044,
		-0.120478,
		0,
		0.011597,
		0.804859,
		0.593353,
		0,
		0.158109,
		0.584452,
		-0.795875,
		0,
		0.161988,
		0.176171,
		-0.766302,
		1
	},
	[0.733333333333] = {
		-0.987824,
		0.105526,
		-0.114319,
		0,
		0.017505,
		0.805525,
		0.592304,
		0,
		0.15459,
		0.583091,
		-0.797563,
		0,
		0.163038,
		0.178971,
		-0.766897,
		1
	},
	[0.75] = {
		-0.988204,
		0.108596,
		-0.107977,
		0,
		0.023982,
		0.806123,
		0.591262,
		0,
		0.151251,
		0.581698,
		-0.799219,
		0,
		0.16403,
		0.181986,
		-0.767582,
		1
	},
	[0.766666666667] = {
		-0.988502,
		0.112061,
		-0.10152,
		0,
		0.030803,
		0.806548,
		0.590366,
		0,
		0.148038,
		0.580451,
		-0.800726,
		0,
		0.164944,
		0.185262,
		-0.768297,
		1
	},
	[0.783333333333] = {
		-0.988726,
		0.115719,
		-0.095028,
		0,
		0.037747,
		0.806759,
		0.589673,
		0,
		0.144901,
		0.579438,
		-0.802032,
		0,
		0.165762,
		0.188766,
		-0.769001,
		1
	},
	[0.7] = {
		-0.986804,
		0.101208,
		-0.126391,
		0,
		0.006378,
		0.804274,
		0.594224,
		0,
		0.161794,
		0.585577,
		-0.794306,
		0,
		0.160876,
		0.173512,
		-0.765869,
		1
	},
	[0.816666666667] = {
		-0.989014,
		0.122809,
		-0.082277,
		0,
		0.051117,
		0.806384,
		0.589179,
		0,
		0.138703,
		0.578501,
		-0.803803,
		0,
		0.167053,
		0.196355,
		-0.770211,
		1
	},
	[0.833333333333] = {
		-0.989119,
		0.125849,
		-0.076192,
		0,
		0.057103,
		0.805727,
		0.589528,
		0,
		0.135582,
		0.578763,
		-0.804146,
		0,
		0.167498,
		0.200391,
		-0.770639,
		1
	},
	[0.85] = {
		-0.989232,
		0.128296,
		-0.070426,
		0,
		0.062335,
		0.804715,
		0.59038,
		0,
		0.132417,
		0.579633,
		-0.804047,
		0,
		0.167797,
		0.204555,
		-0.770899,
		1
	},
	[0.866666666667] = {
		-0.989381,
		0.129964,
		-0.065077,
		0,
		0.066596,
		0.803317,
		0.591816,
		0,
		0.129192,
		0.581198,
		-0.803442,
		0,
		0.167938,
		0.208822,
		-0.770954,
		1
	},
	[0.883333333333] = {
		-0.989594,
		0.130669,
		-0.060247,
		0,
		0.069675,
		0.801503,
		0.593918,
		0,
		0.125895,
		0.583539,
		-0.802267,
		0,
		0.167913,
		0.213165,
		-0.770771,
		1
	},
	[0.8] = {
		-0.98889,
		0.119367,
		-0.088586,
		0,
		0.044591,
		0.806717,
		0.589253,
		0,
		0.141801,
		0.578757,
		-0.803077,
		0,
		0.16647,
		0.192472,
		-0.769653,
		1
	},
	[0.9] = {
		-0.989898,
		0.130235,
		-0.056043,
		0,
		0.071365,
		0.799237,
		0.596764,
		0,
		0.122511,
		0.586736,
		-0.800458,
		0,
		0.16771,
		0.217557,
		-0.770315,
		1
	}
}

return spline_matrices
