local spline_matrices = {
	[0] = {
		0.360124,
		0.381863,
		0.851171,
		0,
		-0.779819,
		-0.377567,
		0.499325,
		0,
		0.512047,
		-0.843578,
		0.161813,
		0,
		-0.184638,
		-0.186231,
		-0.40381,
		1
	},
	{
		0.694452,
		0.116459,
		-0.710052,
		0,
		-0.705175,
		-0.086036,
		-0.703794,
		0,
		-0.143053,
		0.989462,
		0.022376,
		0,
		-0.004936,
		-0.451173,
		-0.318011,
		1
	},
	[0.0166666666667] = {
		0.362246,
		0.384843,
		0.848925,
		0,
		-0.777643,
		-0.377331,
		0.502885,
		0,
		0.513857,
		-0.842329,
		0.162583,
		0,
		-0.214832,
		-0.169682,
		-0.390395,
		1
	},
	[0.0333333333333] = {
		0.362868,
		0.389744,
		0.84642,
		0,
		-0.775431,
		-0.37742,
		0.506222,
		0,
		0.516753,
		-0.840032,
		0.165267,
		0,
		-0.246614,
		-0.150984,
		-0.378209,
		1
	},
	[0.05] = {
		0.362363,
		0.396191,
		0.843638,
		0,
		-0.773157,
		-0.377713,
		0.509472,
		0,
		0.520502,
		-0.836878,
		0.169448,
		0,
		-0.278624,
		-0.131455,
		-0.366417,
		1
	},
	[0.0666666666667] = {
		0.361107,
		0.403805,
		0.840561,
		0,
		-0.770788,
		-0.378093,
		0.512768,
		0,
		0.524869,
		-0.833059,
		0.174717,
		0,
		-0.309511,
		-0.11243,
		-0.354182,
		1
	},
	[0.0833333333333] = {
		0.359476,
		0.412213,
		0.837172,
		0,
		-0.768295,
		-0.378442,
		0.516241,
		0,
		0.529622,
		-0.828771,
		0.18066,
		0,
		-0.337944,
		-0.095275,
		-0.340665,
		1
	},
	[0.116666666667] = {
		0.356622,
		0.429935,
		0.829444,
		0,
		-0.762802,
		-0.378596,
		0.524211,
		0,
		0.539401,
		-0.819647,
		0.19294,
		0,
		-0.38226,
		-0.072184,
		-0.306407,
		1
	},
	[0.133333333333] = {
		0.356171,
		0.438533,
		0.825125,
		0,
		-0.759736,
		-0.378184,
		0.528941,
		0,
		0.544007,
		-0.81527,
		0.198471,
		0,
		-0.397733,
		-0.068008,
		-0.284957,
		1
	},
	[0.15] = {
		0.356892,
		0.446488,
		0.820534,
		0,
		-0.756407,
		-0.377309,
		0.53431,
		0,
		0.548158,
		-0.811348,
		0.203069,
		0,
		-0.410896,
		-0.067797,
		-0.261532,
		1
	},
	[0.166666666667] = {
		0.359175,
		0.453678,
		0.81558,
		0,
		-0.752773,
		-0.375729,
		0.540519,
		0,
		0.551658,
		-0.808087,
		0.206564,
		0,
		-0.421953,
		-0.070966,
		-0.23634,
		1
	},
	[0.183333333333] = {
		0.364008,
		0.460179,
		0.809774,
		0,
		-0.751958,
		-0.367828,
		0.547048,
		0,
		0.549597,
		-0.808046,
		0.212143,
		0,
		-0.43099,
		-0.076801,
		-0.209676,
		1
	},
	[0.1] = {
		0.357853,
		0.421043,
		0.833465,
		0,
		-0.765644,
		-0.378647,
		0.520015,
		0,
		0.534538,
		-0.824226,
		0.186869,
		0,
		-0.36262,
		-0.081385,
		-0.325022,
		1
	},
	[0.216666666667] = {
		0.385412,
		0.469094,
		0.794612,
		0,
		-0.765331,
		-0.318565,
		0.559272,
		0,
		0.515486,
		-0.823691,
		0.236233,
		0,
		-0.44366,
		-0.092753,
		-0.152787,
		1
	},
	[0.233333333333] = {
		0.402581,
		0.469976,
		0.785526,
		0,
		-0.77682,
		-0.278542,
		0.564769,
		0,
		0.48423,
		-0.837578,
		0.252951,
		0,
		-0.447652,
		-0.101304,
		-0.123032,
		1
	},
	[0.25] = {
		0.424184,
		0.467442,
		0.775607,
		0,
		-0.789197,
		-0.229217,
		0.569761,
		0,
		0.444113,
		-0.85379,
		0.271674,
		0,
		-0.450273,
		-0.109328,
		-0.092797,
		1
	},
	[0.266666666667] = {
		0.45024,
		0.460644,
		0.764912,
		0,
		-0.800465,
		-0.171358,
		0.574362,
		0,
		0.395651,
		-0.870886,
		0.291578,
		0,
		-0.451668,
		-0.116159,
		-0.062388,
		1
	},
	[0.283333333333] = {
		0.480666,
		0.448681,
		0.753422,
		0,
		-0.808514,
		-0.105887,
		0.578872,
		0,
		0.339506,
		-0.887397,
		0.311869,
		0,
		-0.451985,
		-0.121148,
		-0.032122,
		1
	},
	[0.2] = {
		0.372595,
		0.465585,
		0.802748,
		0,
		-0.756532,
		-0.348575,
		0.553313,
		0,
		0.537432,
		-0.813466,
		0.222352,
		0,
		-0.438153,
		-0.084353,
		-0.181763,
		1
	},
	[0.316666666667] = {
		0.572399,
		0.382575,
		0.725256,
		0,
		-0.797375,
		0.053473,
		0.601111,
		0,
		0.191188,
		-0.922376,
		0.335664,
		0,
		-0.446048,
		-0.137248,
		0.032318,
		1
	},
	[0.333333333333] = {
		0.671816,
		0.269783,
		0.689841,
		0,
		-0.73976,
		0.197015,
		0.643382,
		0,
		0.037665,
		-0.942551,
		0.331932,
		0,
		-0.438823,
		-0.110565,
		0.082149,
		1
	},
	[0.35] = {
		0.728094,
		0.207518,
		0.653311,
		0,
		-0.683524,
		0.291679,
		0.669117,
		0,
		-0.051703,
		-0.933734,
		0.354213,
		0,
		-0.431877,
		-0.014171,
		0.159705,
		1
	},
	[0.366666666667] = {
		0.740676,
		0.220033,
		0.634811,
		0,
		-0.663725,
		0.386244,
		0.640535,
		0,
		-0.104253,
		-0.895768,
		0.432123,
		0,
		-0.412557,
		0.117292,
		0.189621,
		1
	},
	[0.383333333333] = {
		0.745183,
		0.218942,
		0.629894,
		0,
		-0.62829,
		0.547087,
		0.553126,
		0,
		-0.223504,
		-0.807936,
		0.545239,
		0,
		-0.385723,
		0.242943,
		0.201767,
		1
	},
	[0.3] = {
		0.515248,
		0.430605,
		0.741012,
		0,
		-0.8112,
		-0.033955,
		0.583782,
		0,
		0.27654,
		-0.901901,
		0.331812,
		0,
		-0.451379,
		-0.123658,
		-0.002319,
		1
	},
	[0.416666666667] = {
		0.698647,
		0.036743,
		0.714522,
		0,
		-0.034274,
		0.999253,
		-0.017873,
		0,
		-0.714645,
		-0.012003,
		0.699385,
		0,
		-0.286396,
		0.494883,
		0.140732,
		1
	},
	[0.433333333333] = {
		0.703458,
		0.011031,
		0.710652,
		0,
		0.430391,
		0.789095,
		-0.438284,
		0,
		-0.565606,
		0.614172,
		0.550347,
		0,
		-0.100547,
		0.625107,
		-0.020674,
		1
	},
	[0.45] = {
		0.585558,
		-0.121569,
		0.801463,
		0,
		0.708576,
		0.557004,
		-0.433205,
		0,
		-0.393753,
		0.821564,
		0.412299,
		0,
		0.113195,
		0.643674,
		-0.164856,
		1
	},
	[0.466666666667] = {
		0.546651,
		-0.104391,
		0.830828,
		0,
		0.837244,
		0.051553,
		-0.544395,
		0,
		0.013998,
		0.993199,
		0.115582,
		0,
		0.277517,
		0.545049,
		-0.258909,
		1
	},
	[0.483333333333] = {
		0.549175,
		-0.068699,
		0.832879,
		0,
		0.823203,
		-0.127288,
		-0.553294,
		0,
		0.144026,
		0.989484,
		-0.01335,
		0,
		0.380481,
		0.42364,
		-0.325702,
		1
	},
	[0.4] = {
		0.752742,
		0.065876,
		0.655011,
		0,
		-0.396547,
		0.839587,
		0.371275,
		0,
		-0.52548,
		-0.539217,
		0.658115,
		0,
		-0.365424,
		0.36898,
		0.196025,
		1
	},
	[0.516666666667] = {
		0.534822,
		-0.100403,
		0.838979,
		0,
		0.772566,
		-0.344024,
		-0.533656,
		0,
		0.34221,
		0.933577,
		-0.106423,
		0,
		0.523437,
		0.262537,
		-0.428316,
		1
	},
	[0.533333333333] = {
		0.504002,
		-0.122724,
		0.854939,
		0,
		0.721673,
		-0.483991,
		-0.494915,
		0,
		0.47452,
		0.866425,
		-0.155366,
		0,
		0.59211,
		0.223883,
		-0.471506,
		1
	},
	[0.55] = {
		0.464266,
		-0.153045,
		0.872373,
		0,
		0.649849,
		-0.610374,
		-0.452923,
		0,
		0.601791,
		0.777188,
		-0.18392,
		0,
		0.660023,
		0.199618,
		-0.511478,
		1
	},
	[0.566666666667] = {
		0.418697,
		-0.181121,
		0.889881,
		0,
		0.560675,
		-0.719289,
		-0.410203,
		0,
		0.714378,
		0.670685,
		-0.199614,
		0,
		0.710545,
		0.180805,
		-0.538862,
		1
	},
	[0.583333333333] = {
		0.372807,
		-0.200023,
		0.906094,
		0,
		0.458223,
		-0.809433,
		-0.367218,
		0,
		0.806875,
		0.552094,
		-0.210107,
		0,
		0.697855,
		0.147617,
		-0.519284,
		1
	},
	[0.5] = {
		0.553552,
		-0.062726,
		0.830449,
		0,
		0.806528,
		-0.208176,
		-0.553331,
		0,
		0.207587,
		0.976078,
		-0.064646,
		0,
		0.454918,
		0.32322,
		-0.382089,
		1
	},
	[0.616666666667] = {
		0.310459,
		-0.194794,
		0.930414,
		0,
		0.234159,
		-0.932947,
		-0.273458,
		0,
		0.921295,
		0.302762,
		-0.244029,
		0,
		0.668169,
		0.089648,
		-0.486451,
		1
	},
	[0.633333333333] = {
		0.310626,
		-0.168744,
		0.935434,
		0,
		0.123498,
		-0.96861,
		-0.215738,
		0,
		0.942475,
		0.182538,
		-0.280036,
		0,
		0.656126,
		0.059747,
		-0.481405,
		1
	},
	[0.65] = {
		0.339349,
		-0.126155,
		0.932163,
		0,
		0.011924,
		-0.990309,
		-0.138366,
		0,
		0.940585,
		0.058069,
		-0.334556,
		0,
		0.643035,
		0.026865,
		-0.485566,
		1
	},
	[0.666666666667] = {
		0.395639,
		-0.07458,
		0.915373,
		0,
		-0.10107,
		-0.994179,
		-0.037317,
		0,
		0.912828,
		-0.077753,
		-0.400873,
		0,
		0.623715,
		-0.008611,
		-0.495987,
		1
	},
	[0.683333333333] = {
		0.472519,
		-0.025227,
		0.880959,
		0,
		-0.205044,
		-0.975308,
		0.08205,
		0,
		0.857137,
		-0.219405,
		-0.466024,
		0,
		0.598934,
		-0.045801,
		-0.509975,
		1
	},
	[0.6] = {
		0.333961,
		-0.205255,
		0.919968,
		0,
		0.347531,
		-0.88043,
		-0.322592,
		0,
		0.87618,
		0.427451,
		-0.222697,
		0,
		0.68292,
		0.118107,
		-0.500374,
		1
	},
	[0.716666666667] = {
		0.648164,
		0.034818,
		0.760704,
		0,
		-0.34853,
		-0.874619,
		0.336999,
		0,
		0.67706,
		-0.483559,
		-0.554762,
		0,
		0.538155,
		-0.120308,
		-0.538854,
		1
	},
	[0.733333333333] = {
		0.729016,
		0.034639,
		0.683619,
		0,
		-0.380434,
		-0.809756,
		0.446728,
		0,
		0.569039,
		-0.585744,
		-0.577147,
		0,
		0.5042,
		-0.156682,
		-0.551317,
		1
	},
	[0.75] = {
		0.796402,
		0.014178,
		0.604602,
		0,
		-0.390267,
		-0.751656,
		0.531699,
		0,
		0.461992,
		-0.659402,
		-0.593087,
		0,
		0.469604,
		-0.191881,
		-0.561212,
		1
	},
	[0.766666666667] = {
		0.847646,
		-0.02334,
		0.530048,
		0,
		-0.386211,
		-0.712133,
		0.586265,
		0,
		0.363781,
		-0.701656,
		-0.612652,
		0,
		0.436182,
		-0.225353,
		-0.568126,
		1
	},
	[0.783333333333] = {
		0.88253,
		-0.074786,
		0.464271,
		0,
		-0.377838,
		-0.700532,
		0.605387,
		0,
		0.279963,
		-0.709691,
		-0.646498,
		0,
		0.405989,
		-0.256408,
		-0.571839,
		1
	},
	[0.7] = {
		0.559777,
		0.013798,
		0.828528,
		0,
		-0.2898,
		-0.933461,
		0.211343,
		0,
		0.776315,
		-0.358413,
		-0.518532,
		0,
		0.570105,
		-0.083207,
		-0.524696,
		1
	},
	[0.816666666667] = {
		0.922525,
		-0.21686,
		0.319247,
		0,
		-0.363138,
		-0.767848,
		0.527769,
		0,
		0.130681,
		-0.602811,
		-0.78711,
		0,
		0.346511,
		-0.317604,
		-0.574927,
		1
	},
	[0.833333333333] = {
		0.929977,
		-0.297176,
		0.216399,
		0,
		-0.363717,
		-0.829318,
		0.424196,
		0,
		0.053403,
		-0.473201,
		-0.879335,
		0,
		0.312577,
		-0.34814,
		-0.573808,
		1
	},
	[0.85] = {
		0.926014,
		-0.367903,
		0.084533,
		0,
		-0.376682,
		-0.88592,
		0.270661,
		0,
		-0.024688,
		-0.282478,
		-0.958956,
		0,
		0.275252,
		-0.376284,
		-0.56876,
		1
	},
	[0.866666666667] = {
		0.908643,
		-0.410842,
		-0.074677,
		0,
		-0.406008,
		-0.911032,
		0.071963,
		0,
		-0.097598,
		-0.035069,
		-0.994608,
		0,
		0.23494,
		-0.399963,
		-0.557507,
		1
	},
	[0.883333333333] = {
		0.878554,
		-0.408817,
		-0.247005,
		0,
		-0.4515,
		-0.879542,
		-0.150178,
		0,
		-0.155855,
		0.243462,
		-0.957306,
		0,
		0.192948,
		-0.417875,
		-0.537831,
		1
	},
	[0.8] = {
		0.90615,
		-0.140093,
		0.399081,
		0,
		-0.36961,
		-0.720994,
		0.586136,
		0,
		0.205621,
		-0.678632,
		-0.705109,
		0,
		0.377379,
		-0.286602,
		-0.573861,
		1
	},
	[0.916666666667] = {
		0.801498,
		-0.26589,
		-0.535633,
		0,
		-0.562807,
		-0.638135,
		-0.525387,
		0,
		-0.202111,
		0.722555,
		-0.661109,
		0,
		0.112156,
		-0.438237,
		-0.472458,
		1
	},
	[0.933333333333] = {
		0.767457,
		-0.159738,
		-0.620882,
		0,
		-0.610824,
		-0.476295,
		-0.632485,
		0,
		-0.194691,
		0.864654,
		-0.463107,
		0,
		0.077251,
		-0.443422,
		-0.432482,
		1
	},
	[0.95] = {
		0.740644,
		-0.059023,
		-0.669301,
		0,
		-0.647803,
		-0.327101,
		-0.688009,
		0,
		-0.17832,
		0.943144,
		-0.2805,
		0,
		0.047647,
		-0.446809,
		-0.393544,
		1
	},
	[0.966666666667] = {
		0.720381,
		0.023481,
		-0.693181,
		0,
		-0.674562,
		-0.208704,
		-0.708102,
		0,
		-0.161297,
		0.977697,
		-0.134507,
		0,
		0.023829,
		-0.449025,
		-0.359572,
		1
	},
	[0.983333333333] = {
		0.704635,
		0.082598,
		-0.704746,
		0,
		-0.693675,
		-0.128854,
		-0.708669,
		0,
		-0.149343,
		0.988218,
		-0.033499,
		0,
		0.005899,
		-0.450453,
		-0.333558,
		1
	},
	[0.9] = {
		0.840468,
		-0.35646,
		-0.408105,
		0,
		-0.507009,
		-0.783083,
		-0.36017,
		0,
		-0.191194,
		0.509625,
		-0.838885,
		0,
		0.151299,
		-0.430193,
		-0.508907,
		1
	},
	[1.01666666667] = {
		0.690641,
		0.129347,
		-0.711537,
		0,
		-0.709452,
		-0.069742,
		-0.701295,
		0,
		-0.140334,
		0.989144,
		0.043599,
		0,
		-0.009092,
		-0.451347,
		-0.312062,
		1
	},
	[1.03333333333] = {
		0.691175,
		0.127519,
		-0.711348,
		0,
		-0.708891,
		-0.071786,
		-0.701656,
		0,
		-0.140539,
		0.989235,
		0.04078,
		0,
		-0.008601,
		-0.451264,
		-0.312995,
		1
	},
	[1.05] = {
		0.694435,
		0.11646,
		-0.710069,
		0,
		-0.705285,
		-0.085391,
		-0.703762,
		0,
		-0.142594,
		0.989518,
		0.022839,
		0,
		-0.005176,
		-0.451026,
		-0.318215,
		1
	},
	[1.06666666667] = {
		0.698876,
		0.101527,
		-0.708,
		0,
		-0.700328,
		-0.10396,
		-0.70621,
		0,
		-0.145303,
		0.989386,
		-0.001553,
		0,
		-0.000502,
		-0.450686,
		-0.325177,
		1
	},
	[1.08333333333] = {
		0.702849,
		0.088292,
		-0.705838,
		0,
		-0.695862,
		-0.120517,
		-0.707991,
		0,
		-0.147575,
		0.988777,
		-0.023266,
		0,
		0.003658,
		-0.450347,
		-0.331293,
		1
	},
	[1.1] = {
		0.704577,
		0.082574,
		-0.704807,
		0,
		-0.693912,
		-0.1277,
		-0.708646,
		0,
		-0.14852,
		0.988369,
		-0.032676,
		0,
		0.00546,
		-0.450189,
		-0.333921,
		1
	}
}

return spline_matrices
