-- chunkname: @content/characters/player/human/first_person/animations/chain_sword/attack_right.lua

local spline_matrices = {
	[0.0166666666667] = {
		0.6234,
		-0.729009,
		-0.2827,
		0,
		-0.749154,
		-0.453341,
		-0.482961,
		0,
		0.223923,
		0.512863,
		-0.828752,
		0,
		0.094404,
		-0.069712,
		-0.444031,
		1
	},
	[0.0333333333333] = {
		0.481745,
		-0.876218,
		-0.012821,
		0,
		-0.805786,
		-0.437177,
		-0.399482,
		0,
		0.344428,
		0.202779,
		-0.916651,
		0,
		0.025451,
		-0.051042,
		-0.429613,
		1
	},
	[0.05] = {
		0.2749,
		-0.906309,
		0.32099,
		0,
		-0.87006,
		-0.376569,
		-0.318105,
		0,
		0.409176,
		-0.191834,
		-0.892062,
		0,
		-0.04399,
		-0.031351,
		-0.415246,
		1
	},
	[0.0666666666667] = {
		0.045838,
		-0.764775,
		0.642665,
		0,
		-0.925544,
		-0.274572,
		-0.260727,
		0,
		0.375855,
		-0.582864,
		-0.720419,
		0,
		-0.111913,
		-0.01204,
		-0.400908,
		1
	},
	[0.0833333333333] = {
		-0.133088,
		-0.4916,
		0.860591,
		0,
		-0.957747,
		-0.159588,
		-0.239276,
		0,
		0.254968,
		-0.856073,
		-0.449589,
		0,
		-0.176395,
		0.005586,
		-0.386519,
		1
	},
	[0] = {
		0.700864,
		-0.535869,
		-0.47078,
		0,
		-0.7073,
		-0.436714,
		-0.555885,
		0,
		0.092286,
		0.722582,
		-0.685097,
		0,
		0.160753,
		-0.085942,
		-0.458389,
		1
	},
	[0.116666666667] = {
		-0.238595,
		0.003286,
		0.971114,
		0,
		-0.971102,
		-0.006789,
		-0.23857,
		0,
		0.005809,
		-0.999972,
		0.00481,
		0,
		-0.287208,
		0.030363,
		-0.357581,
		1
	},
	[0.133333333333] = {
		-0.219827,
		0.12252,
		0.967815,
		0,
		-0.975188,
		-0.000996,
		-0.221375,
		0,
		-0.026159,
		-0.992466,
		0.119699,
		0,
		-0.33374,
		0.033701,
		-0.343068,
		1
	},
	[0.15] = {
		-0.173606,
		0.207322,
		0.962745,
		0,
		-0.984637,
		-0.017946,
		-0.173689,
		0,
		-0.018733,
		-0.978108,
		0.207253,
		0,
		-0.379008,
		0.032274,
		-0.327008,
		1
	},
	[0.166666666667] = {
		-0.109443,
		0.267792,
		0.957241,
		0,
		-0.993769,
		-0.049912,
		-0.099657,
		0,
		0.021091,
		-0.962183,
		0.271586,
		0,
		-0.421528,
		0.026963,
		-0.309566,
		1
	},
	[0.183333333333] = {
		-0.032455,
		0.311154,
		0.949805,
		0,
		-0.996252,
		-0.086308,
		-0.005768,
		0,
		0.080181,
		-0.946432,
		0.312789,
		0,
		-0.459642,
		0.018527,
		-0.290922,
		1
	},
	[0.1] = {
		-0.222975,
		-0.204015,
		0.953237,
		0,
		-0.968461,
		-0.065186,
		-0.240487,
		0,
		0.111201,
		-0.976795,
		-0.183046,
		0,
		-0.235491,
		0.020226,
		-0.372069,
		1
	},
	[0.216666666667] = {
		0.146397,
		0.364605,
		0.919582,
		0,
		-0.967026,
		-0.143087,
		0.210683,
		0,
		0.208397,
		-0.920103,
		0.331635,
		0,
		-0.51688,
		-0.00372,
		-0.251345,
		1
	},
	[0.233333333333] = {
		0.24041,
		0.379189,
		0.893543,
		0,
		-0.934632,
		-0.15808,
		0.318549,
		0,
		0.262041,
		-0.911716,
		0.316398,
		0,
		-0.533891,
		-0.015574,
		-0.231603,
		1
	},
	[0.25] = {
		0.331301,
		0.38586,
		0.861018,
		0,
		-0.895153,
		-0.159899,
		0.416093,
		0,
		0.298229,
		-0.908595,
		0.292429,
		0,
		-0.542319,
		-0.026744,
		-0.212807,
		1
	},
	[0.266666666667] = {
		0.414627,
		0.382609,
		0.825648,
		0,
		-0.855648,
		-0.144928,
		0.496852,
		0,
		0.30976,
		-0.912473,
		0.267288,
		0,
		-0.541942,
		-0.036406,
		-0.195467,
		1
	},
	[0.283333333333] = {
		0.486548,
		0.365787,
		0.793392,
		0,
		-0.824117,
		-0.109288,
		0.555777,
		0,
		0.290004,
		-0.92426,
		0.248277,
		0,
		-0.537122,
		-0.043567,
		-0.179852,
		1
	},
	[0.2] = {
		0.053982,
		0.342395,
		0.938004,
		0,
		-0.987936,
		-0.118234,
		0.100014,
		0,
		0.145148,
		-0.932087,
		0.331882,
		0,
		-0.491823,
		0.007946,
		-0.271351,
		1
	},
	[0.316666666667] = {
		0.594343,
		0.246626,
		0.765462,
		0,
		-0.796923,
		0.052758,
		0.601773,
		0,
		0.108029,
		-0.967674,
		0.227898,
		0,
		-0.520617,
		-0.060618,
		-0.148809,
		1
	},
	[0.333333333333] = {
		0.586477,
		0.115658,
		0.801666,
		0,
		-0.807695,
		0.157567,
		0.568156,
		0,
		-0.060604,
		-0.980712,
		0.185826,
		0,
		-0.504909,
		-0.033854,
		-0.125295,
		1
	},
	[0.35] = {
		0.487025,
		-0.007501,
		0.873356,
		0,
		-0.843688,
		0.254515,
		0.472666,
		0,
		-0.225827,
		-0.96704,
		0.117626,
		0,
		-0.491759,
		0.071295,
		-0.079911,
		1
	},
	[0.366666666667] = {
		0.326449,
		-0.061739,
		0.943196,
		0,
		-0.86148,
		0.391183,
		0.323772,
		0,
		-0.388951,
		-0.91824,
		0.074514,
		0,
		-0.468953,
		0.217723,
		-0.075831,
		1
	},
	[0.383333333333] = {
		0.183693,
		-0.086987,
		0.979127,
		0,
		-0.77229,
		0.603461,
		0.1985,
		0,
		-0.608132,
		-0.792634,
		0.043673,
		0,
		-0.443576,
		0.359055,
		-0.071644,
		1
	},
	[0.3] = {
		0.543112,
		0.330366,
		0.771938,
		0,
		-0.806993,
		-0.048565,
		0.58856,
		0,
		0.231929,
		-0.942603,
		0.240227,
		0,
		-0.531666,
		-0.047195,
		-0.166055,
		1
	},
	[0.416666666667] = {
		0.005975,
		-0.11062,
		0.993845,
		0,
		0.237741,
		0.965523,
		0.106039,
		0,
		-0.97131,
		0.235644,
		0.032068,
		0,
		-0.258077,
		0.643645,
		-0.064695,
		1
	},
	[0.433333333333] = {
		-0.002367,
		-0.082253,
		0.996609,
		0,
		0.753755,
		0.65478,
		0.055831,
		0,
		-0.657151,
		0.751331,
		0.060449,
		0,
		-0.047688,
		0.734076,
		-0.063552,
		1
	},
	[0.45] = {
		0.015144,
		-0.075065,
		0.997064,
		0,
		0.982176,
		0.187963,
		-0.000767,
		0,
		-0.187353,
		0.979303,
		0.076573,
		0,
		0.20598,
		0.748152,
		-0.055256,
		1
	},
	[0.466666666667] = {
		0.000115,
		-0.087872,
		0.996132,
		0,
		0.983488,
		-0.180262,
		-0.016015,
		0,
		0.180972,
		0.979686,
		0.086401,
		0,
		0.394035,
		0.684843,
		-0.044835,
		1
	},
	[0.483333333333] = {
		-0.01204,
		-0.081539,
		0.996597,
		0,
		0.897351,
		-0.440596,
		-0.025207,
		0,
		0.441152,
		0.893995,
		0.078474,
		0,
		0.502616,
		0.574629,
		-0.032849,
		1
	},
	[0.4] = {
		0.085594,
		-0.179286,
		0.980066,
		0,
		-0.370228,
		0.907518,
		0.198349,
		0,
		-0.924989,
		-0.379826,
		0.011301,
		0,
		-0.390604,
		0.507943,
		-0.063664,
		1
	},
	[0.516666666667] = {
		-0.00394,
		-0.100819,
		0.994897,
		0,
		0.703972,
		-0.706883,
		-0.068845,
		0,
		0.710217,
		0.700109,
		0.073759,
		0,
		0.596878,
		0.409855,
		-0.029842,
		1
	},
	[0.533333333333] = {
		-0.015366,
		-0.116855,
		0.99303,
		0,
		0.612186,
		-0.786339,
		-0.08306,
		0,
		0.790564,
		0.606643,
		0.08362,
		0,
		0.624825,
		0.351201,
		-0.031504,
		1
	},
	[0.55] = {
		-0.02728,
		-0.133364,
		0.990692,
		0,
		0.537843,
		-0.83734,
		-0.09791,
		0,
		0.842604,
		0.530165,
		0.094571,
		0,
		0.647709,
		0.296042,
		-0.03391,
		1
	},
	[0.566666666667] = {
		-0.03647,
		-0.147599,
		0.988375,
		0,
		0.478971,
		-0.870613,
		-0.11234,
		0,
		0.877073,
		0.469306,
		0.102447,
		0,
		0.665446,
		0.245907,
		-0.038483,
		1
	},
	[0.583333333333] = {
		-0.039692,
		-0.157176,
		0.986773,
		0,
		0.42826,
		-0.894923,
		-0.12532,
		0,
		0.902783,
		0.417621,
		0.102834,
		0,
		0.678957,
		0.200424,
		-0.04663,
		1
	},
	[0.5] = {
		-0.008619,
		-0.08406,
		0.996423,
		0,
		0.792289,
		-0.608523,
		-0.044483,
		0,
		0.610085,
		0.789072,
		0.071844,
		0,
		0.562232,
		0.474064,
		-0.027319,
		1
	},
	[0.616666666667] = {
		-0.013257,
		-0.151956,
		0.988298,
		0,
		0.316067,
		-0.938345,
		-0.140036,
		0,
		0.948644,
		0.310513,
		0.060468,
		0,
		0.695843,
		0.12248,
		-0.079242,
		1
	},
	[0.633333333333] = {
		0.025836,
		-0.132227,
		0.990883,
		0,
		0.23484,
		-0.962672,
		-0.134586,
		0,
		0.971691,
		0.236176,
		0.006181,
		0,
		0.699936,
		0.089731,
		-0.106329,
		1
	},
	[0.65] = {
		0.095785,
		-0.099309,
		0.990436,
		0,
		0.131084,
		-0.985087,
		-0.11145,
		0,
		0.986733,
		0.140505,
		-0.081339,
		0,
		0.697929,
		0.058305,
		-0.144148,
		1
	},
	[0.666666666667] = {
		0.20353,
		-0.061045,
		0.977164,
		0,
		0.014455,
		-0.997758,
		-0.065342,
		0,
		0.978962,
		0.027424,
		-0.202192,
		0,
		0.685403,
		0.025128,
		-0.192266,
		1
	},
	[0.683333333333] = {
		0.339796,
		-0.028384,
		0.940071,
		0,
		-0.106004,
		-0.994331,
		0.008293,
		0,
		0.934506,
		-0.10247,
		-0.340878,
		0,
		0.664502,
		-0.0078,
		-0.246519,
		1
	},
	[0.6] = {
		-0.033355,
		-0.159535,
		0.986629,
		0,
		0.377118,
		-0.916215,
		-0.1354,
		0,
		0.925565,
		0.367559,
		0.090724,
		0,
		0.688928,
		0.159341,
		-0.059758,
		1
	},
	[0.716666666667] = {
		0.630029,
		-0.014758,
		0.776431,
		0,
		-0.302257,
		-0.925639,
		0.227669,
		0,
		0.715335,
		-0.37812,
		-0.58764,
		0,
		0.610352,
		-0.063594,
		-0.35761,
		1
	},
	[0.733333333333] = {
		0.748544,
		-0.041665,
		0.661775,
		0,
		-0.354652,
		-0.868433,
		0.346476,
		0,
		0.560271,
		-0.494052,
		-0.664837,
		0,
		0.580279,
		-0.085334,
		-0.407982,
		1
	},
	[0.75] = {
		0.834469,
		-0.084481,
		0.544541,
		0,
		-0.375766,
		-0.810032,
		0.450164,
		0,
		0.403065,
		-0.580268,
		-0.707692,
		0,
		0.550165,
		-0.103173,
		-0.451988,
		1
	},
	[0.766666666667] = {
		0.888266,
		-0.133139,
		0.439611,
		0,
		-0.375501,
		-0.761686,
		0.528047,
		0,
		0.264542,
		-0.634121,
		-0.726573,
		0,
		0.520643,
		-0.11787,
		-0.487899,
		1
	},
	[0.783333333333] = {
		0.916711,
		-0.178217,
		0.357604,
		0,
		-0.366484,
		-0.731572,
		0.574884,
		0,
		0.159159,
		-0.658059,
		-0.735953,
		0,
		0.491769,
		-0.130281,
		-0.51378,
		1
	},
	[0.7] = {
		0.488082,
		-0.010445,
		0.872735,
		0,
		-0.21662,
		-0.970092,
		0.109535,
		0,
		0.845489,
		-0.242514,
		-0.475747,
		0,
		0.639011,
		-0.03764,
		-0.30286,
		1
	},
	[0.816666666667] = {
		0.938485,
		-0.246288,
		0.24205,
		0,
		-0.34431,
		-0.720958,
		0.60139,
		0,
		0.026393,
		-0.647736,
		-0.761408,
		0,
		0.427667,
		-0.150352,
		-0.540992,
		1
	},
	[0.833333333333] = {
		0.942523,
		-0.270233,
		0.196533,
		0,
		-0.333749,
		-0.732853,
		0.592906,
		0,
		-0.016193,
		-0.624421,
		-0.78092,
		0,
		0.391412,
		-0.158305,
		-0.546389,
		1
	},
	[0.85] = {
		0.944687,
		-0.288068,
		0.156794,
		0,
		-0.324609,
		-0.752922,
		0.572484,
		0,
		-0.046861,
		-0.591715,
		-0.804784,
		0,
		0.353346,
		-0.164898,
		-0.547717,
		1
	},
	[0.866666666667] = {
		0.946023,
		-0.300476,
		0.12147,
		0,
		-0.316858,
		-0.778688,
		0.541521,
		0,
		-0.068127,
		-0.55078,
		-0.831865,
		0,
		0.3143,
		-0.170116,
		-0.546018,
		1
	},
	[0.883333333333] = {
		0.94711,
		-0.30819,
		0.089452,
		0,
		-0.310186,
		-0.807719,
		0.501372,
		0,
		-0.082266,
		-0.502602,
		-0.860595,
		0,
		0.275138,
		-0.173956,
		-0.542315,
		1
	},
	[0.8] = {
		0.930821,
		-0.215685,
		0.295048,
		0,
		-0.355748,
		-0.719725,
		0.596187,
		0,
		0.083765,
		-0.659906,
		-0.746664,
		0,
		0.461343,
		-0.141032,
		-0.530478,
		1
	},
	[0.916666666667] = {
		0.949357,
		-0.312608,
		0.031584,
		0,
		-0.298614,
		-0.866429,
		0.400163,
		0,
		-0.097729,
		-0.389329,
		-0.9159,
		0,
		0.19999,
		-0.177642,
		-0.532905,
		1
	},
	[0.933333333333] = {
		0.950433,
		-0.310904,
		0.003934,
		0,
		-0.293271,
		-0.892184,
		0.34351,
		0,
		-0.103289,
		-0.327638,
		-0.939141,
		0,
		0.165752,
		-0.177689,
		-0.529152,
		1
	},
	[0.95] = {
		0.951179,
		-0.307694,
		-0.024137,
		0,
		-0.288284,
		-0.913657,
		0.286573,
		0,
		-0.11023,
		-0.265624,
		-0.957754,
		0,
		0.134885,
		-0.176778,
		-0.527322,
		1
	},
	[0.966666666667] = {
		0.95121,
		-0.303836,
		-0.053697,
		0,
		-0.283983,
		-0.930173,
		0.232661,
		0,
		-0.120638,
		-0.20606,
		-0.971074,
		0,
		0.108235,
		-0.175168,
		-0.528383,
		1
	},
	[0.983333333333] = {
		0.951093,
		-0.297699,
		-0.082439,
		0,
		-0.279994,
		-0.943544,
		0.176998,
		0,
		-0.130477,
		-0.145259,
		-0.980753,
		0,
		0.087388,
		-0.170054,
		-0.532145,
		1
	},
	[0.9] = {
		0.948208,
		-0.311973,
		0.059787,
		0,
		-0.304208,
		-0.837678,
		0.4536,
		0,
		-0.091428,
		-0.448295,
		-0.889198,
		0,
		0.236742,
		-0.176441,
		-0.537616,
		1
	},
	[1.01666666667] = {
		0.953131,
		-0.273601,
		-0.129167,
		0,
		-0.270111,
		-0.961816,
		0.044148,
		0,
		-0.136314,
		-0.007189,
		-0.99064,
		0,
		0.062184,
		-0.143943,
		-0.543897,
		1
	},
	[1.03333333333] = {
		0.955074,
		-0.25687,
		-0.147824,
		0,
		-0.263832,
		-0.964125,
		-0.029256,
		0,
		-0.135006,
		0.066942,
		-0.988581,
		0,
		0.05514,
		-0.125403,
		-0.550987,
		1
	},
	[1.05] = {
		0.95736,
		-0.237867,
		-0.163955,
		0,
		-0.256634,
		-0.960839,
		-0.104536,
		0,
		-0.132669,
		0.142155,
		-0.980913,
		0,
		0.049976,
		-0.104876,
		-0.558297,
		1
	},
	[1.06666666667] = {
		0.959678,
		-0.217406,
		-0.178195,
		0,
		-0.248943,
		-0.951731,
		-0.17954,
		0,
		-0.13056,
		0.216661,
		-0.967477,
		0,
		0.04528,
		-0.083664,
		-0.565406,
		1
	},
	[1.08333333333] = {
		0.961707,
		-0.196246,
		-0.191328,
		0,
		-0.241398,
		-0.937077,
		-0.252217,
		0,
		-0.129792,
		0.288745,
		-0.948568,
		0,
		0.039646,
		-0.063092,
		-0.571921,
		1
	},
	{
		0.951752,
		-0.287423,
		-0.107496,
		0,
		-0.275451,
		-0.954584,
		0.113562,
		0,
		-0.135254,
		-0.078473,
		-0.987698,
		0,
		0.072482,
		-0.159239,
		-0.537466,
		1
	},
	[1.1] = {
		0.963174,
		-0.174829,
		-0.204279,
		0,
		-0.234591,
		-0.917659,
		-0.320733,
		0,
		-0.131385,
		0.356844,
		-0.924879,
		0,
		0.031697,
		-0.044483,
		-0.57748,
		1
	}
}

return spline_matrices
