-- chunkname: @content/characters/player/human/first_person/animations/chain_sword/attack_left_down.lua

local spline_matrices = {
	[0.0166666666667] = {
		0.637981,
		-0.723495,
		-0.263695,
		0,
		-0.14974,
		0.219344,
		-0.964088,
		0,
		0.755353,
		0.654556,
		0.031601,
		0,
		0.389371,
		-0.251062,
		-0.272044,
		1,
	},
	[0.0333333333333] = {
		0.602578,
		-0.63996,
		-0.476813,
		0,
		-0.116448,
		0.520565,
		-0.845844,
		0,
		0.789518,
		0.565211,
		0.239159,
		0,
		0.378611,
		-0.244262,
		-0.251501,
		1,
	},
	[0.05] = {
		0.602019,
		-0.480341,
		-0.637845,
		0,
		-0.03876,
		0.780301,
		-0.624202,
		0,
		0.79754,
		0.400505,
		0.451138,
		0,
		0.365701,
		-0.231292,
		-0.226145,
		1,
	},
	[0.0666666666667] = {
		0.651246,
		-0.412272,
		-0.637111,
		0,
		0.06732,
		0.867632,
		-0.492628,
		0,
		0.755875,
		0.277932,
		0.592796,
		0,
		0.351904,
		-0.205819,
		-0.196117,
		1,
	},
	[0.0833333333333] = {
		0.707783,
		-0.347857,
		-0.614848,
		0,
		0.148945,
		0.924278,
		-0.351463,
		0,
		0.690549,
		0.157181,
		0.706,
		0,
		0.338146,
		-0.163471,
		-0.161845,
		1,
	},
	[0] = {
		0.699092,
		-0.714403,
		-0.029976,
		0,
		-0.124228,
		-0.080067,
		-0.989018,
		0,
		0.704158,
		0.695138,
		-0.144723,
		0,
		0.397644,
		-0.250879,
		-0.287082,
		1,
	},
	[0.116666666667] = {
		0.816103,
		-0.225475,
		-0.532105,
		0,
		0.235707,
		0.97055,
		-0.049752,
		0,
		0.527653,
		-0.084818,
		0.845215,
		0,
		0.310009,
		-0.043373,
		-0.084845,
		1,
	},
	[0.133333333333] = {
		0.86171,
		-0.163291,
		-0.480409,
		0,
		0.243751,
		0.963616,
		0.109683,
		0,
		0.445019,
		-0.211615,
		0.870159,
		0,
		0.295323,
		0.026568,
		-0.044189,
		1,
	},
	[0.15] = {
		0.899756,
		-0.100465,
		-0.424672,
		0,
		0.233122,
		0.933305,
		0.273123,
		0,
		0.368909,
		-0.344744,
		0.863167,
		0,
		0.280238,
		0.097875,
		-0.003487,
		1,
	},
	[0.166666666667] = {
		0.930501,
		-0.038574,
		-0.364252,
		0,
		0.202152,
		0.88336,
		0.42286,
		0,
		0.305455,
		-0.467106,
		0.829765,
		0,
		0.264914,
		0.166782,
		0.037782,
		1,
	},
	[0.183333333333] = {
		0.954914,
		0.017735,
		-0.296351,
		0,
		0.155116,
		0.821321,
		0.548973,
		0,
		0.253136,
		-0.570191,
		0.78154,
		0,
		0.249467,
		0.229503,
		0.079593,
		1,
	},
	[0.1] = {
		0.764027,
		-0.28647,
		-0.578098,
		0,
		0.204886,
		0.957369,
		-0.203632,
		0,
		0.611788,
		0.037136,
		0.79015,
		0,
		0.324236,
		-0.108042,
		-0.124422,
		1,
	},
	[0.216666666667] = {
		0.980588,
		0.111278,
		-0.161447,
		0,
		0.045622,
		0.671291,
		0.739789,
		0,
		0.1907,
		-0.732793,
		0.653183,
		0,
		0.221552,
		0.328665,
		0.149175,
		1,
	},
	[0.233333333333] = {
		0.98886,
		0.115438,
		-0.09397,
		0,
		-0.003971,
		0.65154,
		0.758604,
		0,
		0.148797,
		-0.74978,
		0.64474,
		0,
		0.197398,
		0.403505,
		0.156852,
		1,
	},
	[0.25] = {
		0.992433,
		0.114625,
		-0.044011,
		0,
		-0.054261,
		0.730981,
		0.680237,
		0,
		0.110144,
		-0.672702,
		0.73167,
		0,
		0.171804,
		0.476099,
		0.150178,
		1,
	},
	[0.266666666667] = {
		0.946793,
		0.142183,
		-0.288733,
		0,
		-0.009934,
		0.909608,
		0.41535,
		0,
		0.321689,
		-0.390382,
		0.862623,
		0,
		0.159672,
		0.521757,
		0.153985,
		1,
	},
	[0.283333333333] = {
		0.828398,
		0.188139,
		-0.527598,
		0,
		-0.183424,
		0.981086,
		0.06185,
		0,
		0.529256,
		0.045538,
		0.847239,
		0,
		0.141818,
		0.558184,
		0.131468,
		1,
	},
	[0.2] = {
		0.971008,
		0.072384,
		-0.227826,
		0,
		0.100819,
		0.740139,
		0.664853,
		0,
		0.216748,
		-0.668547,
		0.711383,
		0,
		0.235935,
		0.278053,
		0.118319,
		1,
	},
	[0.316666666667] = {
		0.869399,
		0.096153,
		-0.484666,
		0,
		-0.472106,
		0.451114,
		-0.757372,
		0,
		0.145816,
		0.887272,
		0.437592,
		0,
		0.007711,
		0.636981,
		-0.051416,
		1,
	},
	[0.333333333333] = {
		0.932146,
		0.059152,
		-0.357217,
		0,
		-0.361925,
		0.123259,
		-0.924022,
		0,
		-0.010627,
		0.99061,
		0.136304,
		0,
		-0.071256,
		0.657199,
		-0.171803,
		1,
	},
	[0.35] = {
		0.91743,
		0.09522,
		-0.386335,
		0,
		-0.369639,
		-0.155414,
		-0.916086,
		0,
		-0.147272,
		0.98325,
		-0.107384,
		0,
		-0.10934,
		0.607659,
		-0.361441,
		1,
	},
	[0.366666666667] = {
		0.891623,
		0.170121,
		-0.419604,
		0,
		-0.327326,
		-0.398114,
		-0.85695,
		0,
		-0.312836,
		0.901423,
		-0.299283,
		0,
		-0.141865,
		0.506611,
		-0.562948,
		1,
	},
	[0.383333333333] = {
		0.876047,
		0.216826,
		-0.43073,
		0,
		-0.289207,
		-0.478513,
		-0.829087,
		0,
		-0.385877,
		0.850889,
		-0.356492,
		0,
		-0.157779,
		0.4327,
		-0.657235,
		1,
	},
	[0.3] = {
		0.838282,
		0.169044,
		-0.518369,
		0,
		-0.405539,
		0.82879,
		-0.385545,
		0,
		0.364445,
		0.533414,
		0.763314,
		0,
		0.084673,
		0.598637,
		0.051373,
		1,
	},
	[0.416666666667] = {
		0.883317,
		0.216798,
		-0.415632,
		0,
		-0.284862,
		-0.455911,
		-0.843207,
		0,
		-0.372297,
		0.863217,
		-0.340957,
		0,
		-0.151358,
		0.371655,
		-0.657815,
		1,
	},
	[0.433333333333] = {
		0.889771,
		0.213853,
		-0.403205,
		0,
		-0.275742,
		-0.452096,
		-0.848278,
		0,
		-0.363694,
		0.865954,
		-0.343294,
		0,
		-0.14507,
		0.34349,
		-0.658529,
		1,
	},
	[0.45] = {
		0.897699,
		0.209376,
		-0.387684,
		0,
		-0.264424,
		-0.447812,
		-0.854134,
		0,
		-0.352445,
		0.869267,
		-0.346636,
		0,
		-0.136905,
		0.316623,
		-0.659357,
		1,
	},
	[0.466666666667] = {
		0.906736,
		0.203454,
		-0.369372,
		0,
		-0.251219,
		-0.442908,
		-0.860652,
		0,
		-0.338701,
		0.873178,
		-0.350489,
		0,
		-0.127029,
		0.290842,
		-0.660207,
		1,
	},
	[0.483333333333] = {
		0.91652,
		0.196165,
		-0.348584,
		0,
		-0.236434,
		-0.437243,
		-0.867708,
		0,
		-0.32263,
		0.877689,
		-0.354362,
		0,
		-0.115627,
		0.265925,
		-0.661008,
		1,
	},
	[0.4] = {
		0.878683,
		0.218127,
		-0.42466,
		0,
		-0.291455,
		-0.459418,
		-0.839041,
		0,
		-0.378114,
		0.86102,
		-0.340108,
		0,
		-0.155631,
		0.401322,
		-0.657332,
		1,
	},
	[0.516666666667] = {
		0.936932,
		0.177685,
		-0.300977,
		0,
		-0.203382,
		-0.423157,
		-0.882935,
		0,
		-0.284244,
		0.888463,
		-0.360331,
		0,
		-0.08909,
		0.217726,
		-0.662235,
		1,
	},
	[0.533333333333] = {
		0.946863,
		0.166738,
		-0.275044,
		0,
		-0.185767,
		-0.414583,
		-0.890849,
		0,
		-0.262566,
		0.894606,
		-0.361579,
		0,
		-0.074536,
		0.193902,
		-0.662557,
		1,
	},
	[0.55] = {
		0.956163,
		0.155112,
		-0.248379,
		0,
		-0.167784,
		-0.404968,
		-0.898804,
		0,
		-0.240001,
		0.901078,
		-0.361191,
		0,
		-0.059614,
		0.16986,
		-0.662623,
		1,
	},
	[0.566666666667] = {
		0.96458,
		0.143197,
		-0.221539,
		0,
		-0.149729,
		-0.394226,
		-0.906734,
		0,
		-0.217179,
		0.907789,
		-0.358822,
		0,
		-0.044682,
		0.14535,
		-0.662383,
		1,
	},
	[0.583333333333] = {
		0.971943,
		0.131347,
		-0.195127,
		0,
		-0.131937,
		-0.382338,
		-0.914555,
		0,
		-0.194729,
		0.91464,
		-0.354281,
		0,
		-0.030087,
		0.120073,
		-0.661813,
		1,
	},
	[0.5] = {
		0.926697,
		0.187572,
		-0.325653,
		0,
		-0.220372,
		-0.430697,
		-0.875178,
		0,
		-0.304417,
		0.882789,
		-0.35779,
		0,
		-0.102902,
		0.241637,
		-0.661702,
		1,
	},
	[0.616666666667] = {
		0.983218,
		0.109148,
		-0.14618,
		0,
		-0.098737,
		-0.355407,
		-0.929482,
		0,
		-0.153405,
		0.928317,
		-0.338665,
		0,
		-0.003235,
		0.065759,
		-0.65964,
		1,
	},
	[0.633333333333] = {
		0.987164,
		0.099459,
		-0.124962,
		0,
		-0.084241,
		-0.34048,
		-0.93647,
		0,
		-0.135688,
		0.934977,
		-0.327731,
		0,
		0.008396,
		0.036022,
		-0.658007,
		1,
	},
	[0.65] = {
		0.990089,
		0.091209,
		-0.106793,
		0,
		-0.071818,
		-0.324648,
		-0.943104,
		0,
		-0.120689,
		0.941427,
		-0.31488,
		0,
		0.018439,
		0.004112,
		-0.655983,
		1,
	},
	[0.666666666667] = {
		0.992287,
		0.084119,
		-0.09105,
		0,
		-0.061456,
		-0.304058,
		-0.950669,
		0,
		-0.107654,
		0.948932,
		-0.296543,
		0,
		0.0274,
		-0.033878,
		-0.648771,
		1,
	},
	[0.683333333333] = {
		0.994024,
		0.07767,
		-0.076708,
		0,
		-0.052495,
		-0.276,
		-0.959723,
		0,
		-0.095713,
		0.958014,
		-0.270274,
		0,
		0.035962,
		-0.079944,
		-0.632864,
		1,
	},
	[0.6] = {
		0.978161,
		0.119888,
		-0.169789,
		0,
		-0.114796,
		-0.369377,
		-0.922162,
		0,
		-0.173272,
		0.921514,
		-0.347547,
		0,
		-0.016164,
		0.093661,
		-0.660903,
		1,
	},
	[0.716666666667] = {
		0.996389,
		0.066536,
		-0.052738,
		0,
		-0.038095,
		-0.204756,
		-0.978071,
		0,
		-0.075876,
		0.976549,
		-0.201482,
		0,
		0.0516,
		-0.186296,
		-0.582749,
		1,
	},
	[0.733333333333] = {
		0.99715,
		0.061837,
		-0.043232,
		0,
		-0.032476,
		-0.165433,
		-0.985686,
		0,
		-0.068104,
		0.984281,
		-0.162953,
		0,
		0.058542,
		-0.241631,
		-0.552485,
		1,
	},
	[0.75] = {
		0.997705,
		0.057743,
		-0.035357,
		0,
		-0.027827,
		-0.126364,
		-0.991594,
		0,
		-0.061726,
		0.990302,
		-0.124467,
		0,
		0.064807,
		-0.295132,
		-0.521399,
		1,
	},
	[0.766666666667] = {
		0.998102,
		0.054293,
		-0.029067,
		0,
		-0.024119,
		-0.089664,
		-0.99568,
		0,
		-0.056665,
		0.994491,
		-0.088184,
		0,
		0.070284,
		-0.344359,
		-0.491488,
		1,
	},
	[0.783333333333] = {
		0.998376,
		0.051532,
		-0.024299,
		0,
		-0.021327,
		-0.057465,
		-0.99812,
		0,
		-0.052832,
		0.997017,
		-0.056272,
		0,
		0.074834,
		-0.38688,
		-0.464752,
		1,
	},
	[0.7] = {
		0.995369,
		0.071816,
		-0.063896,
		0,
		-0.044735,
		-0.242272,
		-0.969177,
		0,
		-0.085082,
		0.967547,
		-0.237937,
		0,
		0.044057,
		-0.131578,
		-0.610201,
		1,
	},
	[0.816666666667] = {
		0.998653,
		0.048268,
		-0.01904,
		0,
		-0.018334,
		-0.015025,
		-0.999719,
		0,
		-0.04854,
		0.998721,
		-0.01412,
		0,
		0.080495,
		-0.442083,
		-0.428798,
		1,
	},
	[0.833333333333] = {
		0.998685,
		0.047847,
		-0.018405,
		0,
		-0.017997,
		-0.008948,
		-0.999798,
		0,
		-0.048002,
		0.998815,
		-0.008075,
		0,
		0.081262,
		-0.449899,
		-0.423561,
		1,
	},
	[0.8] = {
		0.998553,
		0.049509,
		-0.020982,
		0,
		-0.019417,
		-0.031887,
		-0.999303,
		0,
		-0.050144,
		0.998265,
		-0.030879,
		0,
		0.078296,
		-0.420265,
		-0.443191,
		1,
	},
}

return spline_matrices
