local spline_matrices = {
	[0] = {
		0.377394,
		-0.077756,
		0.922783,
		0,
		0.922656,
		0.116847,
		-0.367496,
		0,
		-0.07925,
		0.990101,
		0.11584,
		0,
		0.390417,
		-0.526609,
		-0.261447,
		1
	},
	{
		0.650846,
		0.100027,
		0.752592,
		0,
		0.676355,
		-0.526696,
		-0.514913,
		0,
		0.344882,
		0.844148,
		-0.410451,
		0,
		0.457539,
		-0.212366,
		-0.470333,
		1
	},
	[0.0166666666667] = {
		0.377734,
		-0.083626,
		0.92213,
		0,
		0.923274,
		0.109172,
		-0.368302,
		0,
		-0.069871,
		0.990499,
		0.118448,
		0,
		0.391117,
		-0.524878,
		-0.261549,
		1
	},
	[0.0333333333333] = {
		0.384112,
		-0.07692,
		0.920077,
		0,
		0.919695,
		0.119685,
		-0.373947,
		0,
		-0.081356,
		0.989828,
		0.116715,
		0,
		0.3918,
		-0.525111,
		-0.261661,
		1
	},
	[0.05] = {
		0.369571,
		-0.078842,
		0.925852,
		0,
		0.925245,
		0.123088,
		-0.358847,
		0,
		-0.085669,
		0.989259,
		0.118438,
		0,
		0.393516,
		-0.522461,
		-0.261915,
		1
	},
	[0.0666666666667] = {
		0.375557,
		-0.078107,
		0.923502,
		0,
		0.922773,
		0.124291,
		-0.364748,
		0,
		-0.086293,
		0.989167,
		0.118754,
		0,
		0.394665,
		-0.523107,
		-0.262098,
		1
	},
	[0.0833333333333] = {
		0.375342,
		-0.084085,
		0.923065,
		0,
		0.923493,
		0.119065,
		-0.36467,
		0,
		-0.079241,
		0.98932,
		0.122342,
		0,
		0.396741,
		-0.520214,
		-0.262394,
		1
	},
	[0.116666666667] = {
		0.366703,
		-0.079469,
		0.926938,
		0,
		0.925315,
		0.134554,
		-0.354525,
		0,
		-0.096549,
		0.987714,
		0.122876,
		0,
		0.400031,
		-0.517012,
		-0.262855,
		1
	},
	[0.133333333333] = {
		0.372888,
		-0.078613,
		0.92454,
		0,
		0.922857,
		0.134924,
		-0.360737,
		0,
		-0.096384,
		0.987733,
		0.12286,
		0,
		0.400718,
		-0.518048,
		-0.262962,
		1
	},
	[0.15] = {
		0.373116,
		-0.084508,
		0.923928,
		0,
		0.923618,
		0.12811,
		-0.361273,
		0,
		-0.087833,
		0.988153,
		0.125853,
		0,
		0.401869,
		-0.5159,
		-0.263107,
		1
	},
	[0.166666666667] = {
		0.3795,
		-0.07765,
		0.921927,
		0,
		0.919897,
		0.13812,
		-0.367031,
		0,
		-0.098837,
		0.987367,
		0.123846,
		0,
		0.402287,
		-0.516354,
		-0.26317,
		1
	},
	[0.183333333333] = {
		0.365325,
		-0.079769,
		0.927456,
		0,
		0.925307,
		0.139981,
		-0.352439,
		0,
		-0.101713,
		0.986936,
		0.124949,
		0,
		0.403108,
		-0.514406,
		-0.263268,
		1
	},
	[0.1] = {
		0.381322,
		-0.077362,
		0.9212,
		0,
		0.919854,
		0.130914,
		-0.36977,
		0,
		-0.091992,
		0.988371,
		0.121083,
		0,
		0.398194,
		-0.519801,
		-0.262608,
		1
	},
	[0.216666666667] = {
		0.372394,
		-0.084645,
		0.924207,
		0,
		0.923642,
		0.131012,
		-0.360168,
		0,
		-0.090596,
		0.987761,
		0.126969,
		0,
		0.403512,
		-0.514505,
		-0.263324,
		1
	},
	[0.233333333333] = {
		0.379023,
		-0.077725,
		0.922117,
		0,
		0.919901,
		0.13999,
		-0.366312,
		0,
		-0.100616,
		0.987098,
		0.124558,
		0,
		0.403348,
		-0.515454,
		-0.26331,
		1
	},
	[0.25] = {
		0.164452,
		-0.107982,
		0.980457,
		0,
		0.978129,
		0.146187,
		-0.147961,
		0,
		-0.127353,
		0.983346,
		0.129661,
		0,
		0.371295,
		-0.352242,
		-0.215005,
		1
	},
	[0.266666666667] = {
		-0.124961,
		-0.138336,
		0.98247,
		0,
		0.978849,
		0.144478,
		0.144844,
		0,
		-0.161983,
		0.97979,
		0.117356,
		0,
		0.312287,
		-0.093154,
		-0.150952,
		1
	},
	[0.283333333333] = {
		-0.311131,
		-0.152028,
		0.938128,
		0,
		0.937402,
		0.113404,
		0.329268,
		0,
		-0.156445,
		0.981849,
		0.107228,
		0,
		0.247359,
		0.141574,
		-0.120267,
		1
	},
	[0.2] = {
		0.371869,
		-0.078805,
		0.924934,
		0,
		0.922862,
		0.138932,
		-0.359198,
		0,
		-0.100197,
		0.987161,
		0.124391,
		0,
		0.402996,
		-0.516122,
		-0.263268,
		1
	},
	[0.316666666667] = {
		-0.612256,
		-0.16077,
		0.774142,
		0,
		0.777334,
		0.056609,
		0.626536,
		0,
		-0.144552,
		0.985367,
		0.090313,
		0,
		0.115492,
		0.606128,
		-0.074366,
		1
	},
	[0.333333333333] = {
		-0.650907,
		-0.162745,
		0.741508,
		0,
		0.746448,
		0.040776,
		0.664193,
		0,
		-0.13833,
		0.985825,
		0.09494,
		0,
		0.090511,
		0.689167,
		-0.066661,
		1
	},
	[0.35] = {
		-0.648448,
		-0.177932,
		0.740173,
		0,
		0.747998,
		0.031767,
		0.66294,
		0,
		-0.141471,
		0.98353,
		0.112493,
		0,
		0.092592,
		0.680211,
		-0.070495,
		1
	},
	[0.366666666667] = {
		-0.640466,
		-0.189473,
		0.744247,
		0,
		0.752195,
		0.040743,
		0.657679,
		0,
		-0.154935,
		0.98104,
		0.116426,
		0,
		0.093725,
		0.669112,
		-0.076789,
		1
	},
	[0.383333333333] = {
		-0.649822,
		-0.199831,
		0.733348,
		0,
		0.742358,
		0.040312,
		0.66879,
		0,
		-0.163208,
		0.979001,
		0.12215,
		0,
		0.093547,
		0.671142,
		-0.079488,
		1
	},
	[0.3] = {
		-0.478867,
		-0.152708,
		0.864503,
		0,
		0.864644,
		0.08836,
		0.494553,
		0,
		-0.15191,
		0.984313,
		0.089726,
		0,
		0.174787,
		0.397269,
		-0.093832,
		1
	},
	[0.416666666667] = {
		-0.644325,
		-0.192757,
		0.74006,
		0,
		0.748254,
		0.041016,
		0.662143,
		0,
		-0.157987,
		0.980389,
		0.117804,
		0,
		0.086884,
		0.669993,
		-0.068213,
		1
	},
	[0.433333333333] = {
		-0.639592,
		-0.177418,
		0.747961,
		0,
		0.751801,
		0.058618,
		0.65678,
		0,
		-0.160369,
		0.982388,
		0.095892,
		0,
		0.082735,
		0.66871,
		-0.060231,
		1
	},
	[0.45] = {
		-0.65044,
		-0.173395,
		0.739501,
		0,
		0.741748,
		0.064593,
		0.667561,
		0,
		-0.163518,
		0.982732,
		0.086601,
		0,
		0.081183,
		0.670888,
		-0.055653,
		1
	},
	[0.466666666667] = {
		-0.643793,
		-0.172616,
		0.745476,
		0,
		0.74722,
		0.068135,
		0.661075,
		0,
		-0.164905,
		0.98263,
		0.085118,
		0,
		0.081042,
		0.670478,
		-0.053844,
		1
	},
	[0.483333333333] = {
		-0.641487,
		-0.178418,
		0.746097,
		0,
		0.748997,
		0.064562,
		0.65942,
		0,
		-0.165822,
		0.981834,
		0.092219,
		0,
		0.082997,
		0.673868,
		-0.052229,
		1
	},
	[0.4] = {
		-0.64452,
		-0.195844,
		0.73908,
		0,
		0.747421,
		0.0423,
		0.663003,
		0,
		-0.161108,
		0.979722,
		0.119115,
		0,
		0.09058,
		0.66908,
		-0.075768,
		1
	},
	[0.516666666667] = {
		-0.644639,
		-0.173945,
		0.744435,
		0,
		0.743643,
		0.083166,
		0.663385,
		0,
		-0.177304,
		0.981237,
		0.075741,
		0,
		0.088665,
		0.679036,
		-0.04905,
		1
	},
	[0.533333333333] = {
		-0.637543,
		-0.174322,
		0.750434,
		0,
		0.749185,
		0.086812,
		0.656648,
		0,
		-0.179615,
		0.980854,
		0.075253,
		0,
		0.091471,
		0.67955,
		-0.047422,
		1
	},
	[0.55] = {
		-0.634945,
		-0.180893,
		0.751081,
		0,
		0.751099,
		0.083005,
		0.654951,
		0,
		-0.180819,
		0.979994,
		0.083165,
		0,
		0.09505,
		0.683485,
		-0.045931,
		1
	},
	[0.566666666667] = {
		-0.62834,
		-0.175288,
		0.757933,
		0,
		0.755129,
		0.096766,
		0.648395,
		0,
		-0.186998,
		0.97975,
		0.071563,
		0,
		0.097606,
		0.684871,
		-0.044352,
		1
	},
	[0.583333333333] = {
		-0.638324,
		-0.17673,
		0.749206,
		0,
		0.745577,
		0.100139,
		0.658853,
		0,
		-0.191464,
		0.979152,
		0.067845,
		0,
		0.100053,
		0.688574,
		-0.042852,
		1
	},
	[0.5] = {
		-0.634871,
		-0.17257,
		0.753099,
		0,
		0.75321,
		0.078859,
		0.653036,
		0,
		-0.172083,
		0.981835,
		0.079916,
		0,
		0.08523,
		0.675097,
		-0.050574,
		1
	},
	[0.616666666667] = {
		-0.629448,
		-0.180661,
		0.755749,
		0,
		0.753249,
		0.096974,
		0.650547,
		0,
		-0.190817,
		0.978753,
		0.075043,
		0,
		0.100961,
		0.691364,
		-0.041659,
		1
	},
	[0.633333333333] = {
		-0.623518,
		-0.171016,
		0.762876,
		0,
		0.758463,
		0.104361,
		0.643306,
		0,
		-0.18963,
		0.979726,
		0.064638,
		0,
		0.101782,
		0.691351,
		-0.043132,
		1
	},
	[0.65] = {
		-0.634234,
		-0.16635,
		0.755033,
		0,
		0.751342,
		0.097647,
		0.652648,
		0,
		-0.182295,
		0.98122,
		0.063054,
		0,
		0.105331,
		0.693254,
		-0.045624,
		1
	},
	[0.666666666667] = {
		-0.628172,
		-0.157904,
		0.761884,
		0,
		0.758929,
		0.091538,
		0.644707,
		0,
		-0.171543,
		0.983203,
		0.062336,
		0,
		0.109955,
		0.691292,
		-0.04567,
		1
	},
	[0.683333333333] = {
		-0.626734,
		-0.154907,
		0.763681,
		0,
		0.762134,
		0.082325,
		0.642164,
		0,
		-0.162346,
		0.984493,
		0.066464,
		0,
		0.117284,
		0.692559,
		-0.042615,
		1
	},
	[0.6] = {
		-0.631567,
		-0.176045,
		0.75507,
		0,
		0.751022,
		0.102997,
		0.652195,
		0,
		-0.192586,
		0.978979,
		0.067164,
		0,
		0.100577,
		0.68843,
		-0.041579,
		1
	},
	[0.716666666667] = {
		-0.632781,
		-0.139514,
		0.761659,
		0,
		0.756882,
		0.096194,
		0.646433,
		0,
		-0.163454,
		0.985537,
		0.044726,
		0,
		0.132856,
		0.6925,
		-0.037196,
		1
	},
	[0.733333333333] = {
		-0.628144,
		-0.141327,
		0.765155,
		0,
		0.759957,
		0.099668,
		0.642286,
		0,
		-0.167034,
		0.984933,
		0.044797,
		0,
		0.134737,
		0.690309,
		-0.038169,
		1
	},
	[0.75] = {
		-0.629122,
		-0.153697,
		0.76196,
		0,
		0.75739,
		0.099272,
		0.645372,
		0,
		-0.174833,
		0.983119,
		0.053954,
		0,
		0.131866,
		0.689074,
		-0.040489,
		1
	},
	[0.766666666667] = {
		-0.626882,
		-0.155821,
		0.763374,
		0,
		0.755285,
		0.11893,
		0.644516,
		0,
		-0.191217,
		0.9806,
		0.043134,
		0,
		0.128649,
		0.679211,
		-0.042859,
		1
	},
	[0.783333333333] = {
		-0.640808,
		-0.167045,
		0.749307,
		0,
		0.738926,
		0.130511,
		0.661026,
		0,
		-0.208214,
		0.977273,
		0.039802,
		0,
		0.132533,
		0.662129,
		-0.044427,
		1
	},
	[0.7] = {
		-0.621348,
		-0.14118,
		0.770711,
		0,
		0.766687,
		0.093334,
		0.635201,
		0,
		-0.161611,
		0.985574,
		0.050248,
		0,
		0.124797,
		0.691284,
		-0.03883,
		1
	},
	[0.816666666667] = {
		-0.63749,
		-0.185104,
		0.747892,
		0,
		0.733808,
		0.149957,
		0.6626,
		0,
		-0.234802,
		0.97121,
		0.040235,
		0,
		0.199073,
		0.558391,
		-0.035588,
		1
	},
	[0.833333333333] = {
		-0.633906,
		-0.180934,
		0.751948,
		0,
		0.730859,
		0.177903,
		0.658935,
		0,
		-0.252998,
		0.967271,
		0.019463,
		0,
		0.283953,
		0.440976,
		-0.020172,
		1
	},
	[0.85] = {
		-0.645416,
		-0.186267,
		0.740772,
		0,
		0.715125,
		0.193413,
		0.671705,
		0,
		-0.268392,
		0.963274,
		0.008372,
		0,
		0.377578,
		0.310303,
		-0.005053,
		1
	},
	[0.866666666667] = {
		-0.640637,
		-0.186935,
		0.744741,
		0,
		0.717549,
		0.199508,
		0.667324,
		0,
		-0.273328,
		0.9619,
		0.006323,
		0,
		0.45386,
		0.188809,
		0.002578,
		1
	},
	[0.883333333333] = {
		-0.639316,
		-0.194216,
		0.744013,
		0,
		0.720862,
		0.185406,
		0.66782,
		0,
		-0.267646,
		0.963278,
		0.02147,
		0,
		0.514573,
		0.072183,
		0.003192,
		1
	},
	[0.8] = {
		-0.637588,
		-0.174238,
		0.750415,
		0,
		0.737782,
		0.142245,
		0.659882,
		0,
		-0.221719,
		0.974375,
		0.037856,
		0,
		0.148195,
		0.628444,
		-0.043706,
		1
	},
	[0.916666666667] = {
		-0.646566,
		-0.191547,
		0.738419,
		0,
		0.729487,
		0.127917,
		0.671927,
		0,
		-0.223162,
		0.973112,
		0.057024,
		0,
		0.609286,
		-0.154363,
		-0.00955,
		1
	},
	[0.933333333333] = {
		-0.641325,
		-0.191253,
		0.743051,
		0,
		0.748962,
		0.054245,
		0.660389,
		0,
		-0.166608,
		0.980041,
		0.108452,
		0,
		0.624503,
		-0.201535,
		-0.029258,
		1
	},
	[0.95] = {
		-0.512783,
		-0.164509,
		0.842609,
		0,
		0.858319,
		-0.077102,
		0.50729,
		0,
		-0.018487,
		0.983358,
		0.180738,
		0,
		0.606791,
		-0.204701,
		-0.096505,
		1
	},
	[0.966666666667] = {
		-0.143162,
		-0.080074,
		0.986455,
		0,
		0.96438,
		-0.235298,
		0.120859,
		0,
		0.222433,
		0.968619,
		0.110907,
		0,
		0.562192,
		-0.207825,
		-0.219427,
		1
	},
	[0.983333333333] = {
		0.306646,
		0.022559,
		0.951556,
		0,
		0.874417,
		-0.401579,
		-0.272267,
		0,
		0.375982,
		0.915547,
		-0.142868,
		0,
		0.50761,
		-0.207741,
		-0.357614,
		1
	},
	[0.9] = {
		-0.635409,
		-0.188397,
		0.74884,
		0,
		0.729129,
		0.172885,
		0.662179,
		0,
		-0.254216,
		0.966756,
		0.027513,
		0,
		0.569115,
		-0.054511,
		0.00028,
		1
	},
	[1.01666666667] = {
		0.761842,
		0.127327,
		0.635125,
		0,
		0.576635,
		-0.58,
		-0.575406,
		0,
		0.295108,
		0.804604,
		-0.51529,
		0,
		0.429395,
		-0.216409,
		-0.517189,
		1
	},
	[1.03333333333] = {
		0.752084,
		0.115674,
		0.648837,
		0,
		0.595402,
		-0.54139,
		-0.593627,
		0,
		0.282606,
		0.832776,
		-0.476043,
		0,
		0.41845,
		-0.239692,
		-0.503157,
		1
	},
	[1.05] = {
		0.69686,
		0.093454,
		0.711093,
		0,
		0.667525,
		-0.447108,
		-0.595403,
		0,
		0.262292,
		0.889585,
		-0.373955,
		0,
		0.411189,
		-0.283526,
		-0.466586,
		1
	},
	[1.06666666667] = {
		0.631993,
		0.049906,
		0.773366,
		0,
		0.7445,
		-0.316189,
		-0.588,
		0,
		0.215185,
		0.947383,
		-0.236984,
		0,
		0.405571,
		-0.34437,
		-0.416322,
		1
	},
	[1.08333333333] = {
		0.547072,
		0.000393,
		0.837085,
		0,
		0.824864,
		-0.170508,
		-0.539005,
		0,
		0.142518,
		0.985356,
		-0.093604,
		0,
		0.402473,
		-0.405621,
		-0.361602,
		1
	},
	[1.11666666667] = {
		0.393478,
		-0.063425,
		0.917144,
		0,
		0.917536,
		0.08945,
		-0.387461,
		0,
		-0.057464,
		0.99397,
		0.093391,
		0,
		0.398695,
		-0.503662,
		-0.274599,
		1
	},
	[1.13333333333] = {
		0.374964,
		-0.074408,
		0.924049,
		0,
		0.922663,
		0.126701,
		-0.364199,
		0,
		-0.089979,
		0.989146,
		0.116162,
		0,
		0.3968,
		-0.52234,
		-0.260401,
		1
	},
	[1.15] = {
		0.37605,
		-0.080913,
		0.92306,
		0,
		0.923343,
		0.116172,
		-0.365981,
		0,
		-0.077621,
		0.989928,
		0.118397,
		0,
		0.395709,
		-0.521881,
		-0.260637,
		1
	},
	[1.16666666667] = {
		0.383291,
		-0.074752,
		0.920598,
		0,
		0.919679,
		0.122957,
		-0.372924,
		0,
		-0.085317,
		0.989593,
		0.115876,
		0,
		0.394141,
		-0.523789,
		-0.260794,
		1
	},
	[1.18333333333] = {
		0.369786,
		-0.077192,
		0.925905,
		0,
		0.925185,
		0.12218,
		-0.359313,
		0,
		-0.085391,
		0.989502,
		0.116598,
		0,
		0.393318,
		-0.523051,
		-0.261031,
		1
	},
	[1.1] = {
		0.471239,
		-0.033818,
		0.881357,
		0,
		0.881454,
		-0.017262,
		-0.471954,
		0,
		0.031175,
		0.999279,
		0.021674,
		0,
		0.399977,
		-0.463582,
		-0.311293,
		1
	},
	[1.21666666667] = {
		0.377635,
		-0.083197,
		0.922209,
		0,
		0.923273,
		0.109571,
		-0.368186,
		0,
		-0.070415,
		0.990491,
		0.118192,
		0,
		0.391436,
		-0.524735,
		-0.261358,
		1
	},
	[1.23333333333] = {
		0.384594,
		-0.076726,
		0.919892,
		0,
		0.919653,
		0.117717,
		-0.374675,
		0,
		-0.07954,
		0.990079,
		0.115835,
		0,
		0.390702,
		-0.526045,
		-0.261427,
		1
	},
	[1.25] = {
		0.370703,
		-0.078592,
		0.92542,
		0,
		0.925184,
		0.118492,
		-0.360546,
		0,
		-0.081318,
		0.98984,
		0.116638,
		0,
		0.390898,
		-0.524623,
		-0.261513,
		1
	},
	[1.2] = {
		0.376855,
		-0.076894,
		0.923075,
		0,
		0.922667,
		0.119004,
		-0.366775,
		0,
		-0.081647,
		0.989912,
		0.115795,
		0,
		0.391847,
		-0.525693,
		-0.261152,
		1
	}
}

return spline_matrices
