-- chunkname: @content/characters/player/human/first_person/animations/chain_sword/heavy_attack_down.lua

local spline_matrices = {
	[0.0166666666667] = {
		0.999648,
		0.022243,
		0.014486,
		0,
		-0.012442,
		-0.089452,
		0.995913,
		0,
		0.023448,
		-0.995743,
		-0.089144,
		0,
		-0.00284,
		-0.007899,
		0.186427,
		1
	},
	[0.0333333333333] = {
		0.998762,
		0.044295,
		0.022658,
		0,
		-0.019405,
		-0.072523,
		0.997178,
		0,
		0.045813,
		-0.996383,
		-0.071574,
		0,
		-0.002477,
		0.00559,
		0.19872,
		1
	},
	[0.05] = {
		0.996823,
		0.070614,
		0.036836,
		0,
		-0.033771,
		-0.044128,
		0.998455,
		0,
		0.072131,
		-0.996527,
		-0.041603,
		0,
		-0.002065,
		0.025306,
		0.213286,
		1
	},
	[0.0666666666667] = {
		0.994032,
		0.0927,
		0.057504,
		0,
		-0.05736,
		-0.004225,
		0.998345,
		0,
		0.09279,
		-0.995685,
		0.001117,
		0,
		-0.001752,
		0.048965,
		0.225281,
		1
	},
	[0.0833333333333] = {
		0.991111,
		0.102113,
		0.085271,
		0,
		-0.09045,
		0.047207,
		0.994781,
		0,
		0.097555,
		-0.993652,
		0.056024,
		0,
		-0.001675,
		0.074251,
		0.229874,
		1
	},
	[0] = {
		0.999845,
		0.012995,
		0.011868,
		0,
		-0.01058,
		-0.095055,
		0.995416,
		0,
		0.014063,
		-0.995387,
		-0.094903,
		0,
		-0.002997,
		-0.012898,
		0.181254,
		1
	},
	[0.116666666667] = {
		0.979986,
		0.047507,
		0.193315,
		0,
		-0.198509,
		0.160572,
		0.966856,
		0,
		0.014891,
		-0.98588,
		0.166789,
		0,
		-0.004252,
		0.12602,
		0.227914,
		1
	},
	[0.133333333333] = {
		0.966483,
		0.001506,
		0.256726,
		0,
		-0.250006,
		0.232887,
		0.939819,
		0,
		-0.058373,
		-0.972503,
		0.225458,
		0,
		-0.006329,
		0.156579,
		0.226031,
		1
	},
	[0.15] = {
		0.951584,
		-0.03674,
		0.305187,
		0,
		-0.276875,
		0.328828,
		0.902891,
		0,
		-0.133526,
		-0.943675,
		0.302735,
		0,
		-0.008048,
		0.193646,
		0.223114,
		1
	},
	[0.166666666667] = {
		0.944421,
		-0.05224,
		0.324562,
		0,
		-0.266626,
		0.455813,
		0.849202,
		0,
		-0.192303,
		-0.888541,
		0.416551,
		0,
		-0.008765,
		0.239771,
		0.218867,
		1
	},
	[0.183333333333] = {
		0.956335,
		-0.052404,
		0.287536,
		0,
		-0.194574,
		0.619951,
		0.760133,
		0,
		-0.218093,
		-0.782889,
		0.582684,
		0,
		-0.008704,
		0.302024,
		0.207614,
		1
	},
	[0.1] = {
		0.987675,
		0.086078,
		0.130721,
		0,
		-0.139274,
		0.102262,
		0.98496,
		0,
		0.071415,
		-0.991026,
		0.11299,
		0,
		-0.002473,
		0.099426,
		0.229084,
		1
	},
	[0.216666666667] = {
		0.992542,
		-0.049399,
		0.111444,
		0,
		0.005732,
		0.932114,
		0.36212,
		0,
		-0.121767,
		-0.358781,
		0.925445,
		0,
		-0.00729,
		0.45463,
		0.145931,
		1
	},
	[0.233333333333] = {
		0.997304,
		-0.040669,
		0.061076,
		0,
		0.036204,
		0.99671,
		0.072512,
		0,
		-0.063824,
		-0.070106,
		0.995496,
		0,
		-0.005572,
		0.524589,
		0.09408,
		1
	},
	[0.25] = {
		0.998535,
		-0.006254,
		0.053748,
		0,
		0.021777,
		0.95575,
		-0.293373,
		0,
		-0.049535,
		0.294113,
		0.954486,
		0,
		-0.001107,
		0.586562,
		-0.013983,
		1
	},
	[0.266666666667] = {
		0.998514,
		0.021881,
		0.04991,
		0,
		0.015143,
		0.768377,
		-0.639818,
		0,
		-0.05235,
		0.639623,
		0.766904,
		0,
		0.004272,
		0.633839,
		-0.143204,
		1
	},
	[0.283333333333] = {
		0.999233,
		0.012848,
		0.036994,
		0,
		0.025032,
		0.516911,
		-0.855673,
		0,
		-0.030116,
		0.855943,
		0.516193,
		0,
		0.009282,
		0.656292,
		-0.224267,
		1
	},
	[0.2] = {
		0.977913,
		-0.052475,
		0.202318,
		0,
		-0.081911,
		0.794326,
		0.601944,
		0,
		-0.192293,
		-0.605221,
		0.772484,
		0,
		-0.008283,
		0.377362,
		0.183504,
		1
	},
	[0.316666666667] = {
		0.999513,
		0.007029,
		0.030392,
		0,
		0.03073,
		-0.054426,
		-0.998045,
		0,
		-0.005361,
		0.998493,
		-0.054615,
		0,
		0.010026,
		0.666875,
		-0.424663,
		1
	},
	[0.333333333333] = {
		0.999225,
		0.013765,
		0.03687,
		0,
		0.039347,
		-0.369689,
		-0.928322,
		0,
		0.000852,
		0.929054,
		-0.369944,
		0,
		0.007641,
		0.662816,
		-0.563007,
		1
	},
	[0.35] = {
		0.998855,
		0.020642,
		0.043164,
		0,
		0.046997,
		-0.592436,
		-0.804246,
		0,
		0.008971,
		0.805353,
		-0.592727,
		0,
		0.005116,
		0.651177,
		-0.681448,
		1
	},
	[0.366666666667] = {
		0.998675,
		0.024047,
		0.045501,
		0,
		0.049862,
		-0.671043,
		-0.73974,
		0,
		0.012745,
		0.741028,
		-0.671353,
		0,
		0.003253,
		0.630455,
		-0.743592,
		1
	},
	[0.383333333333] = {
		0.998705,
		0.024511,
		0.04459,
		0,
		0.04973,
		-0.655611,
		-0.753459,
		0,
		0.010766,
		0.754701,
		-0.655981,
		0,
		0.003225,
		0.601547,
		-0.759696,
		1
	},
	[0.3] = {
		0.999609,
		0.004088,
		0.027645,
		0,
		0.025757,
		0.248946,
		-0.968175,
		0,
		-0.01084,
		0.968509,
		0.248744,
		0,
		0.011633,
		0.664719,
		-0.30404,
		1
	},
	[0.416666666667] = {
		0.998758,
		0.025166,
		0.043004,
		0,
		0.049697,
		-0.565289,
		-0.823395,
		0,
		0.003588,
		0.824509,
		-0.565837,
		0,
		0.007729,
		0.527756,
		-0.769465,
		1
	},
	[0.433333333333] = {
		0.998774,
		0.025351,
		0.042522,
		0,
		0.049505,
		-0.505249,
		-0.861552,
		0,
		-0.000357,
		0.862601,
		-0.505885,
		0,
		0.010502,
		0.482337,
		-0.773415,
		1
	},
	[0.45] = {
		0.998778,
		0.025435,
		0.042377,
		0,
		0.049283,
		-0.44771,
		-0.89282,
		0,
		-0.003737,
		0.893817,
		-0.448417,
		0,
		0.012418,
		0.430964,
		-0.783523,
		1
	},
	[0.466666666667] = {
		0.998761,
		0.025403,
		0.042802,
		0,
		0.049301,
		-0.386821,
		-0.920836,
		0,
		-0.006835,
		0.921805,
		-0.387594,
		0,
		0.013849,
		0.365456,
		-0.802215,
		1
	},
	[0.483333333333] = {
		0.998719,
		0.025219,
		0.043857,
		0,
		0.049564,
		-0.313959,
		-0.948142,
		0,
		-0.010141,
		0.949102,
		-0.314807,
		0,
		0.015709,
		0.283909,
		-0.826554,
		1
	},
	[0.4] = {
		0.998734,
		0.024885,
		0.043725,
		0,
		0.049748,
		-0.618084,
		-0.784537,
		0,
		0.007503,
		0.785718,
		-0.618539,
		0,
		0.005007,
		0.567413,
		-0.7666,
		1
	},
	[0.516666666667] = {
		0.998587,
		0.024343,
		0.047246,
		0,
		0.050566,
		-0.161412,
		-0.985591,
		0,
		-0.016367,
		0.986587,
		-0.162415,
		0,
		0.020191,
		0.110974,
		-0.879306,
		1
	},
	[0.533333333333] = {
		0.998504,
		0.023698,
		0.049276,
		0,
		0.051374,
		-0.098054,
		-0.993854,
		0,
		-0.018721,
		0.994899,
		-0.099125,
		0,
		0.022504,
		0.03859,
		-0.901474,
		1
	},
	[0.55] = {
		0.998418,
		0.022954,
		0.051324,
		0,
		0.052514,
		-0.054652,
		-0.997124,
		0,
		-0.020083,
		0.998242,
		-0.055771,
		0,
		0.024654,
		-0.011896,
		-0.916835,
		1
	},
	[0.566666666667] = {
		0.998337,
		0.022141,
		0.053233,
		0,
		0.054077,
		-0.039441,
		-0.997758,
		0,
		-0.019992,
		0.998977,
		-0.040572,
		0,
		0.026499,
		-0.031072,
		-0.92249,
		1
	},
	[0.583333333333] = {
		0.998268,
		0.021287,
		0.054849,
		0,
		0.055689,
		-0.041122,
		-0.997601,
		0,
		-0.01898,
		0.998927,
		-0.042237,
		0,
		0.02799,
		-0.031543,
		-0.922347,
		1
	},
	[0.5] = {
		0.99866,
		0.02486,
		0.045387,
		0,
		0.049984,
		-0.236225,
		-0.970412,
		0,
		-0.013403,
		0.97138,
		-0.237151,
		0,
		0.017874,
		0.19587,
		-0.853318,
		1
	},
	[0.616666666667] = {
		0.998207,
		0.019557,
		0.056574,
		0,
		0.057408,
		-0.045095,
		-0.997332,
		0,
		-0.016954,
		0.998791,
		-0.046137,
		0,
		0.029588,
		-0.033002,
		-0.922082,
		1
	},
	[0.633333333333] = {
		0.998215,
		0.01871,
		0.056723,
		0,
		0.057553,
		-0.047332,
		-0.99722,
		0,
		-0.015973,
		0.998704,
		-0.048325,
		0,
		0.02973,
		-0.033955,
		-0.921961,
		1
	},
	[0.65] = {
		0.998227,
		0.017873,
		0.05677,
		0,
		0.057596,
		-0.049701,
		-0.997102,
		0,
		-0.015,
		0.998604,
		-0.050642,
		0,
		0.029779,
		-0.035035,
		-0.92184,
		1
	},
	[0.666666666667] = {
		0.998243,
		0.017064,
		0.056736,
		0,
		0.057556,
		-0.052174,
		-0.996978,
		0,
		-0.014052,
		0.998492,
		-0.053064,
		0,
		0.029753,
		-0.036226,
		-0.921718,
		1
	},
	[0.683333333333] = {
		0.998262,
		0.016297,
		0.056641,
		0,
		0.057454,
		-0.054723,
		-0.996847,
		0,
		-0.013146,
		0.998369,
		-0.055565,
		0,
		0.029672,
		-0.03751,
		-0.921595,
		1
	},
	[0.6] = {
		0.998221,
		0.020417,
		0.056014,
		0,
		0.056851,
		-0.043017,
		-0.997456,
		0,
		-0.017956,
		0.998866,
		-0.044101,
		0,
		0.029068,
		-0.032192,
		-0.922209,
		1
	},
	[0.716666666667] = {
		0.998299,
		0.014956,
		0.056343,
		0,
		0.057143,
		-0.059945,
		-0.996565,
		0,
		-0.011527,
		0.99809,
		-0.060698,
		0,
		0.029413,
		-0.040289,
		-0.921347,
		1
	},
	[0.733333333333] = {
		0.998317,
		0.014414,
		0.056177,
		0,
		0.056973,
		-0.062563,
		-0.996414,
		0,
		-0.010847,
		0.997937,
		-0.063278,
		0,
		0.02927,
		-0.041751,
		-0.921223,
		1
	},
	[0.75] = {
		0.998332,
		0.013979,
		0.056025,
		0,
		0.056821,
		-0.065148,
		-0.996257,
		0,
		-0.010277,
		0.997778,
		-0.065833,
		0,
		0.029143,
		-0.043239,
		-0.9211,
		1
	},
	[0.766666666667] = {
		0.998343,
		0.013669,
		0.055905,
		0,
		0.056705,
		-0.067674,
		-0.996095,
		0,
		-0.009833,
		0.997614,
		-0.068337,
		0,
		0.029048,
		-0.044735,
		-0.920977,
		1
	},
	[0.783333333333] = {
		0.998349,
		0.013501,
		0.055834,
		0,
		0.056647,
		-0.070114,
		-0.995929,
		0,
		-0.009531,
		0.997448,
		-0.070763,
		0,
		0.029004,
		-0.046222,
		-0.920856,
		1
	},
	[0.7] = {
		0.998281,
		0.015589,
		0.056504,
		0,
		0.05731,
		-0.057323,
		-0.996709,
		0,
		-0.012299,
		0.998234,
		-0.058118,
		0,
		0.029553,
		-0.03887,
		-0.921471,
		1
	},
	[0.816666666667] = {
		0.99835,
		0.013661,
		0.05577,
		0,
		0.056638,
		-0.074624,
		-0.995602,
		0,
		-0.009439,
		0.997118,
		-0.075275,
		0,
		0.029004,
		-0.049105,
		-0.920625,
		1
	},
	[0.833333333333] = {
		0.998346,
		0.014025,
		0.055748,
		0,
		0.056663,
		-0.076641,
		-0.995447,
		0,
		-0.009689,
		0.99696,
		-0.077309,
		0,
		0.029026,
		-0.050466,
		-0.920518,
		1
	},
	[0.85] = {
		0.998339,
		0.014602,
		0.055734,
		0,
		0.056712,
		-0.078461,
		-0.995303,
		0,
		-0.010161,
		0.99681,
		-0.079159,
		0,
		0.029063,
		-0.051751,
		-0.92042,
		1
	},
	[0.866666666667] = {
		0.998327,
		0.015409,
		0.055725,
		0,
		0.056785,
		-0.080059,
		-0.995171,
		0,
		-0.010873,
		0.996671,
		-0.080801,
		0,
		0.029117,
		-0.052944,
		-0.920332,
		1
	},
	[0.883333333333] = {
		0.998302,
		0.016956,
		0.055734,
		0,
		0.056935,
		-0.081384,
		-0.995055,
		0,
		-0.012336,
		0.996539,
		-0.082211,
		0,
		0.029225,
		-0.054016,
		-0.920255,
		1
	},
	[0.8] = {
		0.998351,
		0.013492,
		0.055798,
		0,
		0.056633,
		-0.072439,
		-0.995764,
		0,
		-0.009393,
		0.997282,
		-0.073084,
		0,
		0.028997,
		-0.047685,
		-0.920737,
		1
	},
	[0.916666666667] = {
		0.998248,
		0.01982,
		0.055752,
		0,
		0.057216,
		-0.083224,
		-0.994887,
		0,
		-0.015078,
		0.996334,
		-0.084212,
		0,
		0.029427,
		-0.055718,
		-0.920143,
		1
	},
	[0.933333333333] = {
		0.998248,
		0.019849,
		0.055741,
		0,
		0.057216,
		-0.083747,
		-0.994843,
		0,
		-0.015078,
		0.996289,
		-0.084736,
		0,
		0.029427,
		-0.056202,
		-0.920114,
		1
	},
	[0.95] = {
		0.998248,
		0.019859,
		0.055738,
		0,
		0.057216,
		-0.083927,
		-0.994828,
		0,
		-0.015078,
		0.996274,
		-0.084916,
		0,
		0.029427,
		-0.056369,
		-0.920104,
		1
	},
	[0.9] = {
		0.998266,
		0.018865,
		0.055751,
		0,
		0.057124,
		-0.082427,
		-0.994959,
		0,
		-0.014175,
		0.996419,
		-0.083362,
		0,
		0.029361,
		-0.05496,
		-0.920191,
		1
	}
}

return spline_matrices
