-- chunkname: @content/characters/player/human/first_person/animations/chain_sword/heavy_attack_down_left.lua

local spline_matrices = {
	[0.0166666666667] = {
		0.804235,
		0.003666,
		-0.594301,
		0,
		0.401876,
		0.733345,
		0.548362,
		0,
		0.437838,
		-0.679847,
		0.588308,
		0,
		0.257584,
		0.083353,
		0.007189,
		1
	},
	[0.0333333333333] = {
		0.804267,
		0.00612,
		-0.594236,
		0,
		0.426122,
		0.691041,
		0.583851,
		0,
		0.414215,
		-0.72279,
		0.553174,
		0,
		0.251353,
		0.101331,
		0.020762,
		1
	},
	[0.05] = {
		0.804321,
		0.008131,
		-0.59414,
		0,
		0.457008,
		0.630579,
		0.627307,
		0,
		0.379753,
		-0.776082,
		0.503472,
		0,
		0.241612,
		0.128959,
		0.040249,
		1
	},
	[0.0666666666667] = {
		0.804393,
		0.008944,
		-0.59403,
		0,
		0.487473,
		0.561606,
		0.668557,
		0,
		0.33959,
		-0.827357,
		0.447392,
		0,
		0.228894,
		0.164457,
		0.06302,
		1
	},
	[0.0833333333333] = {
		0.804486,
		0.008953,
		-0.593904,
		0,
		0.512312,
		0.495509,
		0.701432,
		0,
		0.300565,
		-0.868557,
		0.394043,
		0,
		0.213766,
		0.206013,
		0.086628,
		1
	},
	[0] = {
		0.804223,
		0.002471,
		-0.594322,
		0,
		0.392117,
		0.749258,
		0.533719,
		0,
		0.446619,
		-0.662274,
		0.601602,
		0,
		0.259781,
		0.076925,
		0.002109,
		1
	},
	[0.116666666667] = {
		0.804737,
		0.006681,
		-0.593593,
		0,
		0.53414,
		0.428159,
		0.728955,
		0,
		0.259022,
		-0.903679,
		0.340987,
		0,
		0.178845,
		0.29998,
		0.126473,
		1
	},
	[0.133333333333] = {
		0.849025,
		0.033318,
		-0.5273,
		0,
		0.463871,
		0.430778,
		0.774115,
		0,
		0.252941,
		-0.901843,
		0.350286,
		0,
		0.160465,
		0.348634,
		0.137958,
		1
	},
	[0.15] = {
		0.924393,
		0.094069,
		-0.369661,
		0,
		0.294147,
		0.4412,
		0.847833,
		0,
		0.242849,
		-0.892465,
		0.380172,
		0,
		0.142384,
		0.395877,
		0.140807,
		1
	},
	[0.166666666667] = {
		0.967443,
		0.154057,
		-0.200798,
		0,
		0.106726,
		0.471067,
		0.875617,
		0,
		0.229485,
		-0.86854,
		0.439289,
		0,
		0.125302,
		0.43995,
		0.137597,
		1
	},
	[0.183333333333] = {
		0.976143,
		0.17961,
		-0.122006,
		0,
		0.007292,
		0.534468,
		0.845157,
		0,
		0.217007,
		-0.825884,
		0.520407,
		0,
		0.109827,
		0.479029,
		0.127929,
		1
	},
	[0.1] = {
		0.8046,
		0.008188,
		-0.593761,
		0,
		0.528456,
		0.446181,
		0.722258,
		0,
		0.270839,
		-0.894905,
		0.35467,
		0,
		0.196854,
		0.251808,
		0.108585,
		1
	},
	[0.216666666667] = {
		0.957985,
		0.072849,
		-0.277414,
		0,
		-0.030273,
		0.987486,
		0.154773,
		0,
		0.285217,
		-0.139872,
		0.948202,
		0,
		0.063105,
		0.555756,
		0.061271,
		1
	},
	[0.233333333333] = {
		0.959596,
		0.053045,
		-0.276337,
		0,
		-0.132032,
		0.952127,
		-0.275719,
		0,
		0.248482,
		0.301064,
		0.920661,
		0,
		0.04245,
		0.596774,
		-0.000809,
		1
	},
	[0.25] = {
		0.960808,
		0.041452,
		-0.2741,
		0,
		-0.216502,
		0.729731,
		-0.648551,
		0,
		0.173135,
		0.682476,
		0.710106,
		0,
		0.024332,
		0.636508,
		-0.072902,
		1
	},
	[0.266666666667] = {
		0.962431,
		0.034201,
		-0.269365,
		0,
		-0.258101,
		0.423315,
		-0.86844,
		0,
		0.084324,
		0.905337,
		0.416238,
		0,
		0.00548,
		0.653633,
		-0.155703,
		1
	},
	[0.283333333333] = {
		0.965464,
		0.040374,
		-0.257388,
		0,
		-0.260159,
		0.096325,
		-0.960749,
		0,
		-0.013996,
		0.994531,
		0.103502,
		0,
		-0.020412,
		0.652912,
		-0.253545,
		1
	},
	[0.2] = {
		0.970746,
		0.132455,
		-0.200269,
		0,
		0.018845,
		0.789476,
		0.613492,
		0,
		0.239367,
		-0.599319,
		0.763885,
		0,
		0.088311,
		0.517761,
		0.105134,
		1
	},
	[0.316666666667] = {
		0.97286,
		0.071966,
		-0.21992,
		0,
		-0.159841,
		-0.478213,
		-0.863576,
		0,
		-0.167317,
		0.87529,
		-0.453731,
		0,
		-0.082917,
		0.636875,
		-0.482239,
		1
	},
	[0.333333333333] = {
		0.975587,
		0.073215,
		-0.20705,
		0,
		-0.130017,
		-0.567264,
		-0.813208,
		0,
		-0.176991,
		0.820275,
		-0.543897,
		0,
		-0.105876,
		0.617869,
		-0.566913,
		1
	},
	[0.35] = {
		0.977631,
		0.068675,
		-0.198798,
		0,
		-0.12728,
		-0.559297,
		-0.819138,
		0,
		-0.167441,
		0.826118,
		-0.538045,
		0,
		-0.12647,
		0.596115,
		-0.619826,
		1
	},
	[0.366666666667] = {
		0.979301,
		0.068263,
		-0.190549,
		0,
		-0.124323,
		-0.540037,
		-0.832409,
		0,
		-0.159726,
		0.838869,
		-0.520372,
		0,
		-0.150719,
		0.569529,
		-0.660295,
		1
	},
	[0.383333333333] = {
		0.980843,
		0.067836,
		-0.182608,
		0,
		-0.122677,
		-0.513068,
		-0.849536,
		0,
		-0.15132,
		0.855663,
		-0.494917,
		0,
		-0.174719,
		0.538302,
		-0.6909,
		1
	},
	[0.3] = {
		0.96939,
		0.057888,
		-0.238606,
		0,
		-0.219127,
		-0.234408,
		-0.94712,
		0,
		-0.110758,
		0.970413,
		-0.214548,
		0,
		-0.052144,
		0.649663,
		-0.367351,
		1
	},
	[0.416666666667] = {
		0.983594,
		0.064923,
		-0.168308,
		0,
		-0.121713,
		-0.449797,
		-0.884798,
		0,
		-0.133148,
		0.890768,
		-0.434516,
		0,
		-0.214498,
		0.462132,
		-0.728344,
		1
	},
	[0.433333333333] = {
		0.984828,
		0.063034,
		-0.161678,
		0,
		-0.121701,
		-0.413267,
		-0.902441,
		0,
		-0.123701,
		0.908426,
		-0.399325,
		0,
		-0.226515,
		0.419367,
		-0.733237,
		1
	},
	[0.45] = {
		0.985982,
		0.061019,
		-0.155291,
		0,
		-0.121624,
		-0.374299,
		-0.919297,
		0,
		-0.11422,
		0.925298,
		-0.361631,
		0,
		-0.230829,
		0.374529,
		-0.73233,
		1
	},
	[0.466666666667] = {
		0.987066,
		0.05887,
		-0.149116,
		0,
		-0.121263,
		-0.334248,
		-0.934651,
		0,
		-0.104864,
		0.940645,
		-0.322786,
		0,
		-0.22908,
		0.328054,
		-0.729649,
		1
	},
	[0.483333333333] = {
		0.988086,
		0.056581,
		-0.143121,
		0,
		-0.120449,
		-0.294565,
		-0.94801,
		0,
		-0.095798,
		0.953955,
		-0.284241,
		0,
		-0.224369,
		0.280311,
		-0.725286,
		1
	},
	[0.4] = {
		0.982269,
		0.066691,
		-0.175211,
		0,
		-0.121931,
		-0.482652,
		-0.867283,
		0,
		-0.142406,
		0.87327,
		-0.465962,
		0,
		-0.196603,
		0.502485,
		-0.713719,
		1
	},
	[0.516666666667] = {
		0.98999,
		0.051074,
		-0.131572,
		0,
		-0.117163,
		-0.222377,
		-0.967895,
		0,
		-0.078693,
		0.973622,
		-0.214167,
		0,
		-0.207484,
		0.182547,
		-0.711691,
		1
	},
	[0.533333333333] = {
		0.990891,
		0.047614,
		-0.125965,
		0,
		-0.114606,
		-0.19299,
		-0.974485,
		0,
		-0.070709,
		0.980045,
		-0.185775,
		0,
		-0.196057,
		0.1333,
		-0.702569,
		1
	},
	[0.55] = {
		0.991765,
		0.043577,
		-0.120432,
		0,
		-0.111417,
		-0.170162,
		-0.979097,
		0,
		-0.06316,
		0.984452,
		-0.163906,
		0,
		-0.183164,
		0.084321,
		-0.692002,
		1
	},
	[0.566666666667] = {
		0.992611,
		0.038885,
		-0.114942,
		0,
		-0.10762,
		-0.155436,
		-0.981966,
		0,
		-0.05605,
		0.98708,
		-0.150102,
		0,
		-0.169204,
		0.035997,
		-0.680069,
		1
	},
	[0.583333333333] = {
		0.993427,
		0.033457,
		-0.109465,
		0,
		-0.103278,
		-0.150319,
		-0.983228,
		0,
		-0.04935,
		0.988071,
		-0.145876,
		0,
		-0.154583,
		-0.011284,
		-0.666849,
		1
	},
	[0.5] = {
		0.989057,
		0.054036,
		-0.137281,
		0,
		-0.119096,
		-0.25676,
		-0.959109,
		0,
		-0.087075,
		0.964963,
		-0.247514,
		0,
		-0.21705,
		0.231677,
		-0.71929,
		1
	},
	[0.616666666667] = {
		0.995004,
		-0.006031,
		-0.099648,
		0,
		-0.09935,
		-0.157579,
		-0.982496,
		0,
		-0.009777,
		0.987488,
		-0.157391,
		0,
		-0.125011,
		-0.101257,
		-0.636853,
		1
	},
	[0.633333333333] = {
		0.994672,
		-0.038767,
		-0.095519,
		0,
		-0.100639,
		-0.164471,
		-0.981235,
		0,
		0.02233,
		0.98562,
		-0.167496,
		0,
		-0.110902,
		-0.143157,
		-0.620238,
		1
	},
	[0.65] = {
		0.99308,
		-0.073118,
		-0.091905,
		0,
		-0.103323,
		-0.171916,
		-0.979678,
		0,
		0.055833,
		0.982394,
		-0.178281,
		0,
		-0.097817,
		-0.182454,
		-0.602671,
		1
	},
	[0.666666666667] = {
		0.990616,
		-0.103812,
		-0.088898,
		0,
		-0.106518,
		-0.178863,
		-0.978091,
		0,
		0.085637,
		0.978382,
		-0.188242,
		0,
		-0.08619,
		-0.218744,
		-0.58426,
		1
	},
	[0.683333333333] = {
		0.988283,
		-0.125642,
		-0.08667,
		0,
		-0.109107,
		-0.184425,
		-0.976772,
		0,
		0.10674,
		0.974783,
		-0.195972,
		0,
		-0.076463,
		-0.251627,
		-0.565125,
		1
	},
	[0.6] = {
		0.994351,
		0.019799,
		-0.104279,
		0,
		-0.100078,
		-0.152437,
		-0.983233,
		0,
		-0.035364,
		0.988115,
		-0.149594,
		0,
		-0.139713,
		-0.057162,
		-0.652418,
		1
	},
	[0.716666666667] = {
		0.987719,
		-0.131072,
		-0.085035,
		0,
		-0.109177,
		-0.189687,
		-0.975756,
		0,
		0.111764,
		0.973057,
		-0.201667,
		0,
		-0.063319,
		-0.306379,
		-0.525257,
		1
	},
	[0.733333333333] = {
		0.988388,
		-0.125938,
		-0.08502,
		0,
		-0.108286,
		-0.191263,
		-0.975547,
		0,
		0.106597,
		0.973426,
		-0.20268,
		0,
		-0.058155,
		-0.329372,
		-0.504875,
		1
	},
	[0.75] = {
		0.989284,
		-0.118437,
		-0.085383,
		0,
		-0.107238,
		-0.192551,
		-0.97541,
		0,
		0.099084,
		0.974113,
		-0.203188,
		0,
		-0.053575,
		-0.349817,
		-0.484418,
		1
	},
	[0.766666666667] = {
		0.990312,
		-0.108942,
		-0.086098,
		0,
		-0.106089,
		-0.193557,
		-0.975336,
		0,
		0.08959,
		0.975022,
		-0.203239,
		0,
		-0.049564,
		-0.367847,
		-0.464051,
		1
	},
	[0.783333333333] = {
		0.991381,
		-0.097828,
		-0.087135,
		0,
		-0.104896,
		-0.19429,
		-0.97532,
		0,
		0.078484,
		0.976054,
		-0.202878,
		0,
		-0.046109,
		-0.383601,
		-0.443943,
		1
	},
	[0.7] = {
		0.987363,
		-0.133464,
		-0.085452,
		0,
		-0.109859,
		-0.187811,
		-0.976042,
		0,
		0.114217,
		0.973095,
		-0.2001,
		0,
		-0.06908,
		-0.280709,
		-0.545402,
		1
	},
	[0.816666666667] = {
		0.993315,
		-0.072249,
		-0.090029,
		0,
		-0.10259,
		-0.19498,
		-0.975427,
		0,
		0.05292,
		0.978143,
		-0.201089,
		0,
		-0.040801,
		-0.408843,
		-0.40518,
		1
	},
	[0.833333333333] = {
		0.994058,
		-0.058499,
		-0.0918,
		0,
		-0.101564,
		-0.194972,
		-0.975536,
		0,
		0.03917,
		0.979063,
		-0.199755,
		0,
		-0.038893,
		-0.418627,
		-0.386864,
		1
	},
	[0.85] = {
		0.994602,
		-0.044526,
		-0.093721,
		0,
		-0.100656,
		-0.194767,
		-0.975671,
		0,
		0.025189,
		0.979838,
		-0.198198,
		0,
		-0.037416,
		-0.426724,
		-0.369482,
		1
	},
	[0.866666666667] = {
		0.994937,
		-0.030654,
		-0.095716,
		0,
		-0.099867,
		-0.194399,
		-0.975826,
		0,
		0.011306,
		0.980444,
		-0.196476,
		0,
		-0.036313,
		-0.433289,
		-0.35322,
		1
	},
	[0.883333333333] = {
		0.995067,
		-0.017208,
		-0.097706,
		0,
		-0.099186,
		-0.193903,
		-0.975994,
		0,
		-0.00215,
		0.98087,
		-0.194654,
		0,
		-0.035526,
		-0.43848,
		-0.338262,
		1
	},
	[0.8] = {
		0.992406,
		-0.085471,
		-0.088458,
		0,
		-0.103712,
		-0.19476,
		-0.975352,
		0,
		0.066137,
		0.97712,
		-0.202146,
		0,
		-0.043194,
		-0.397218,
		-0.424263,
		1
	},
	[0.916666666667] = {
		0.994818,
		0.007107,
		-0.101426,
		0,
		-0.098165,
		-0.192702,
		-0.976335,
		0,
		-0.026483,
		0.981232,
		-0.191006,
		0,
		-0.034705,
		-0.445383,
		-0.312923,
		1
	},
	[0.933333333333] = {
		0.994527,
		0.017331,
		-0.103033,
		0,
		-0.097817,
		-0.192087,
		-0.976491,
		0,
		-0.036715,
		0.981225,
		-0.18934,
		0,
		-0.034569,
		-0.447418,
		-0.30287,
		1
	},
	[0.95] = {
		0.994201,
		0.02584,
		-0.104387,
		0,
		-0.097564,
		-0.191526,
		-0.976626,
		0,
		-0.045229,
		0.981147,
		-0.187894,
		0,
		-0.03455,
		-0.448725,
		-0.294776,
		1
	},
	[0.966666666667] = {
		0.993902,
		0.032313,
		-0.105427,
		0,
		-0.097394,
		-0.191068,
		-0.976733,
		0,
		-0.051704,
		0.981045,
		-0.186755,
		0,
		-0.034597,
		-0.449464,
		-0.2888,
		1
	},
	[0.983333333333] = {
		0.993689,
		0.036431,
		-0.106093,
		0,
		-0.097296,
		-0.19076,
		-0.976803,
		0,
		-0.055824,
		0.980961,
		-0.186011,
		0,
		-0.034661,
		-0.449793,
		-0.2851,
		1
	},
	[0.9] = {
		0.995014,
		-0.004514,
		-0.09963,
		0,
		-0.09862,
		-0.193323,
		-0.976166,
		0,
		-0.014854,
		0.981125,
		-0.192804,
		0,
		-0.035007,
		-0.442458,
		-0.324775,
		1
	},
	{
		0.99361,
		0.037874,
		-0.106327,
		0,
		-0.097264,
		-0.190647,
		-0.976828,
		0,
		-0.057268,
		0.980928,
		-0.185745,
		0,
		-0.034694,
		-0.449869,
		-0.283832,
		1
	}
}

return spline_matrices
