local spline_matrices = {
	[0] = {
		0.804223,
		0.01696,
		-0.594085,
		0,
		0.392117,
		0.736023,
		0.551828,
		0,
		0.446619,
		-0.676744,
		0.585277,
		0,
		0.326208,
		0.102068,
		-0.012047,
		1
	},
	{
		0.99361,
		0.037874,
		-0.106327,
		0,
		-0.061259,
		-0.610252,
		-0.789835,
		0,
		-0.094801,
		0.791301,
		-0.604032,
		0,
		-0.034694,
		0.14081,
		-0.359418,
		1
	},
	[0.0166666666667] = {
		0.794271,
		0.018251,
		-0.607289,
		0,
		0.398178,
		0.739331,
		0.542995,
		0,
		0.458898,
		-0.673094,
		0.579962,
		0,
		0.330202,
		0.100924,
		-0.013376,
		1
	},
	[0.0333333333333] = {
		0.765623,
		0.021601,
		-0.642926,
		0,
		0.41334,
		0.749299,
		0.517398,
		0,
		0.49292,
		-0.661879,
		0.564752,
		0,
		0.34106,
		0.098055,
		-0.017082,
		1
	},
	[0.05] = {
		0.719306,
		0.026073,
		-0.694204,
		0,
		0.431984,
		0.76581,
		0.476366,
		0,
		0.544049,
		-0.642538,
		0.539589,
		0,
		0.357097,
		0.094322,
		-0.022739,
		1
	},
	[0.0666666666667] = {
		0.65639,
		0.030718,
		-0.753796,
		0,
		0.447664,
		0.788391,
		0.421944,
		0,
		0.607247,
		-0.614407,
		0.503741,
		0,
		0.376612,
		0.090568,
		-0.029926,
		1
	},
	[0.0833333333333] = {
		0.579021,
		0.034787,
		-0.81457,
		0,
		0.453974,
		0.816128,
		0.357552,
		0,
		0.677231,
		-0.576823,
		0.456763,
		0,
		0.397881,
		0.087575,
		-0.038228,
		1
	},
	[0.116666666667] = {
		0.397549,
		0.040169,
		-0.916701,
		0,
		0.418198,
		0.881317,
		0.219979,
		0,
		0.816741,
		-0.470815,
		0.333569,
		0,
		0.438657,
		0.086615,
		-0.056575,
		1
	},
	[0.133333333333] = {
		0.305433,
		0.042121,
		-0.951282,
		0,
		0.370491,
		0.915044,
		0.159472,
		0,
		0.877181,
		-0.40115,
		0.263879,
		0,
		0.453441,
		0.109677,
		-0.069706,
		1
	},
	[0.15] = {
		0.221802,
		0.044854,
		-0.97406,
		0,
		0.301357,
		0.946884,
		0.112224,
		0,
		0.927356,
		-0.318431,
		0.196504,
		0,
		0.4613,
		0.162696,
		-0.087548,
		1
	},
	[0.166666666667] = {
		0.153861,
		0.049249,
		-0.986864,
		0,
		0.210734,
		0.974143,
		0.08147,
		0,
		0.965359,
		-0.220501,
		0.139504,
		0,
		0.46168,
		0.226809,
		-0.105729,
		1
	},
	[0.183333333333] = {
		0.108469,
		0.055728,
		-0.992537,
		0,
		0.099891,
		0.992763,
		0.066658,
		0,
		0.989068,
		-0.106376,
		0.102118,
		0,
		0.430746,
		0.312083,
		-0.119748,
		1
	},
	[0.1] = {
		0.490949,
		0.037905,
		-0.870363,
		0,
		0.445427,
		0.847674,
		0.288171,
		0,
		0.748708,
		-0.529161,
		0.399281,
		0,
		0.419153,
		0.086048,
		-0.047242,
		1
	},
	[0.216666666667] = {
		0.094231,
		0.073998,
		-0.992796,
		0,
		-0.292403,
		0.955308,
		0.04345,
		0,
		0.951641,
		0.286202,
		0.111657,
		0,
		0.257803,
		0.480235,
		-0.119314,
		1
	},
	[0.233333333333] = {
		0.099235,
		0.083583,
		-0.991547,
		0,
		-0.665052,
		0.746788,
		-0.003608,
		0,
		0.740174,
		0.659789,
		0.129695,
		0,
		0.147985,
		0.563715,
		-0.107528,
		1
	},
	[0.25] = {
		0.105013,
		0.092079,
		-0.990199,
		0,
		-0.922735,
		0.380335,
		-0.062491,
		0,
		0.370854,
		0.920253,
		0.124905,
		0,
		0.040599,
		0.629012,
		-0.095293,
		1
	},
	[0.266666666667] = {
		0.108907,
		0.099467,
		-0.989063,
		0,
		-0.993402,
		0.046871,
		-0.104671,
		0,
		0.035947,
		0.993936,
		0.103915,
		0,
		-0.057287,
		0.655813,
		-0.088369,
		1
	},
	[0.283333333333] = {
		0.098262,
		0.109771,
		-0.989088,
		0,
		-0.976301,
		-0.181947,
		-0.117184,
		0,
		-0.192825,
		0.977162,
		0.089291,
		0,
		-0.172421,
		0.621361,
		-0.086162,
		1
	},
	[0.2] = {
		0.091998,
		0.064337,
		-0.993679,
		0,
		-0.029956,
		0.997638,
		0.06182,
		0,
		0.995308,
		0.024079,
		0.093708,
		0,
		0.356615,
		0.400785,
		-0.124976,
		1
	},
	[0.316666666667] = {
		0.03468,
		0.138351,
		-0.989776,
		0,
		-0.84234,
		-0.528925,
		-0.103447,
		0,
		-0.537829,
		0.837316,
		0.098196,
		0,
		-0.447979,
		0.416522,
		-0.087322,
		1
	},
	[0.333333333333] = {
		0.009111,
		0.148797,
		-0.988826,
		0,
		-0.777148,
		-0.621218,
		-0.100641,
		0,
		-0.629251,
		0.769381,
		0.109978,
		0,
		-0.536011,
		0.320399,
		-0.093073,
		1
	},
	[0.35] = {
		-0.000499,
		0.154316,
		-0.988021,
		0,
		-0.710177,
		-0.695645,
		-0.108292,
		0,
		-0.704023,
		0.701616,
		0.109939,
		0,
		-0.57085,
		0.257624,
		-0.103936,
		1
	},
	[0.366666666667] = {
		0.02105,
		0.154995,
		-0.987691,
		0,
		-0.635428,
		-0.760636,
		-0.132907,
		0,
		-0.771873,
		0.630404,
		0.082477,
		0,
		-0.567626,
		0.217433,
		-0.11887,
		1
	},
	[0.383333333333] = {
		0.078796,
		0.1532,
		-0.985049,
		0,
		-0.554896,
		-0.814154,
		-0.171008,
		0,
		-0.828179,
		0.560075,
		0.020858,
		0,
		-0.558386,
		0.176334,
		-0.135936,
		1
	},
	[0.3] = {
		0.068839,
		0.124739,
		-0.989799,
		0,
		-0.917115,
		-0.382565,
		-0.111996,
		0,
		-0.392633,
		0.915469,
		0.088064,
		0,
		-0.318018,
		0.530421,
		-0.085362,
		1
	},
	[0.416666666667] = {
		0.27629,
		0.14131,
		-0.950629,
		0,
		-0.389335,
		-0.887877,
		-0.245138,
		0,
		-0.878682,
		0.437843,
		-0.190295,
		0,
		-0.524011,
		0.093709,
		-0.175202,
		1
	},
	[0.433333333333] = {
		0.399957,
		0.131587,
		-0.907039,
		0,
		-0.314197,
		-0.909988,
		-0.27056,
		0,
		-0.860996,
		0.393201,
		-0.322612,
		0,
		-0.50001,
		0.053426,
		-0.196688,
		1
	},
	[0.45] = {
		0.527666,
		0.119947,
		-0.840941,
		0,
		-0.251204,
		-0.923667,
		-0.28937,
		0,
		-0.811459,
		0.363939,
		-0.457257,
		0,
		-0.472465,
		0.014703,
		-0.218912,
		1
	},
	[0.466666666667] = {
		0.649674,
		0.10691,
		-0.752658,
		0,
		-0.203497,
		-0.929475,
		-0.307678,
		0,
		-0.73247,
		0.353054,
		-0.582099,
		0,
		-0.442277,
		-0.021795,
		-0.24151,
		1
	},
	[0.483333333333] = {
		0.757476,
		0.092952,
		-0.646212,
		0,
		-0.1725,
		-0.926142,
		-0.335418,
		0,
		-0.629661,
		0.365543,
		-0.685496,
		0,
		-0.410227,
		-0.055418,
		-0.264124,
		1
	},
	[0.4] = {
		0.16634,
		0.148634,
		-0.974802,
		0,
		-0.47141,
		-0.8563,
		-0.211007,
		0,
		-0.866085,
		0.49463,
		-0.07237,
		0,
		-0.543663,
		0.134893,
		-0.154827,
		1
	},
	[0.516666666667] = {
		0.909898,
		0.06406,
		-0.409856,
		0,
		-0.135858,
		-0.8875,
		-0.440326,
		0,
		-0.391955,
		0.456334,
		-0.798831,
		0,
		-0.343729,
		-0.111705,
		-0.30803,
		1
	},
	[0.533333333333] = {
		0.952822,
		0.049805,
		-0.299417,
		0,
		-0.11699,
		-0.849969,
		-0.513678,
		0,
		-0.280079,
		0.524473,
		-0.804042,
		0,
		-0.310889,
		-0.133239,
		-0.328656,
		1
	},
	[0.55] = {
		0.977632,
		0.035863,
		-0.207241,
		0,
		-0.096527,
		-0.798941,
		-0.593612,
		0,
		-0.186862,
		0.600339,
		-0.777609,
		0,
		-0.279407,
		-0.149598,
		-0.347967,
		1
	},
	[0.566666666667] = {
		0.98962,
		0.022234,
		-0.141979,
		0,
		-0.080164,
		-0.734558,
		-0.673793,
		0,
		-0.119273,
		0.678181,
		-0.725151,
		0,
		-0.250109,
		-0.160206,
		-0.365651,
		1
	},
	[0.583333333333] = {
		0.99377,
		0.008882,
		-0.111093,
		0,
		-0.077802,
		-0.658428,
		-0.748612,
		0,
		-0.079795,
		0.752592,
		-0.653635,
		0,
		-0.223829,
		-0.164491,
		-0.3814,
		1
	},
	[0.5] = {
		0.845087,
		0.078526,
		-0.52883,
		0,
		-0.152763,
		-0.912447,
		-0.379609,
		0,
		-0.512338,
		0.401588,
		-0.759102,
		0,
		-0.377111,
		-0.085572,
		-0.28641,
		1
	},
	[0.616666666667] = {
		0.994842,
		-0.038017,
		-0.094038,
		0,
		-0.100622,
		-0.486843,
		-0.867674,
		0,
		-0.012796,
		0.872662,
		-0.488158,
		0,
		-0.171125,
		-0.160771,
		-0.406006,
		1
	},
	[0.633333333333] = {
		0.993543,
		-0.070245,
		-0.089092,
		0,
		-0.109938,
		-0.402121,
		-0.908962,
		0,
		0.028024,
		0.912888,
		-0.407248,
		0,
		-0.144342,
		-0.154994,
		-0.414275,
		1
	},
	[0.65] = {
		0.991022,
		-0.102476,
		-0.085869,
		0,
		-0.115037,
		-0.326308,
		-0.938237,
		0,
		0.068127,
		0.939692,
		-0.335167,
		0,
		-0.119374,
		-0.146855,
		-0.419443,
		1
	},
	[0.666666666667] = {
		0.987908,
		-0.130359,
		-0.083932,
		0,
		-0.11636,
		-0.265636,
		-0.957026,
		0,
		0.102462,
		0.955219,
		-0.277592,
		0,
		-0.097799,
		-0.136551,
		-0.421204,
		1
	},
	[0.683333333333] = {
		0.985266,
		-0.149607,
		-0.08288,
		0,
		-0.115654,
		-0.225807,
		-0.967282,
		0,
		0.125998,
		0.962616,
		-0.239783,
		0,
		-0.081212,
		-0.124283,
		-0.420702,
		1
	},
	[0.6] = {
		0.994814,
		-0.01018,
		-0.101195,
		0,
		-0.088669,
		-0.574181,
		-0.813913,
		0,
		-0.049819,
		0.818665,
		-0.572106,
		0,
		-0.198146,
		-0.163998,
		-0.394944,
		1
	},
	[0.716666666667] = {
		0.984813,
		-0.152938,
		-0.082176,
		0,
		-0.114494,
		-0.216283,
		-0.969594,
		0,
		0.130515,
		0.964278,
		-0.230508,
		0,
		-0.065332,
		-0.094809,
		-0.417251,
		1
	},
	[0.733333333333] = {
		0.985686,
		-0.147032,
		-0.082489,
		0,
		-0.114877,
		-0.227636,
		-0.966946,
		0,
		0.123395,
		0.962582,
		-0.241268,
		0,
		-0.060077,
		-0.078239,
		-0.414514,
		1
	},
	[0.75] = {
		0.986842,
		-0.138621,
		-0.083226,
		0,
		-0.115603,
		-0.245045,
		-0.962595,
		0,
		0.113042,
		0.95955,
		-0.257846,
		0,
		-0.055422,
		-0.060796,
		-0.411233,
		1
	},
	[0.766666666667] = {
		0.988174,
		-0.128067,
		-0.084333,
		0,
		-0.116307,
		-0.26758,
		-0.95649,
		0,
		0.099929,
		0.954987,
		-0.279311,
		0,
		-0.051343,
		-0.042721,
		-0.407502,
		1
	},
	[0.783333333333] = {
		0.989572,
		-0.115732,
		-0.085756,
		0,
		-0.11662,
		-0.294286,
		-0.948575,
		0,
		0.084544,
		0.948684,
		-0.304714,
		0,
		-0.047814,
		-0.024258,
		-0.403414,
		1
	},
	[0.7] = {
		0.984323,
		-0.155978,
		-0.082336,
		0,
		-0.11476,
		-0.211895,
		-0.970531,
		0,
		0.133935,
		0.964765,
		-0.226473,
		0,
		-0.071206,
		-0.110264,
		-0.419349,
		1
	},
	[0.816666666667] = {
		0.992179,
		-0.087183,
		-0.08933,
		0,
		-0.114797,
		-0.356304,
		-0.927291,
		0,
		0.049015,
		0.930294,
		-0.363526,
		0,
		-0.042284,
		0.012866,
		-0.394541,
		1
	},
	[0.833333333333] = {
		0.993232,
		-0.071706,
		-0.09137,
		0,
		-0.112222,
		-0.389654,
		-0.914099,
		0,
		0.029944,
		0.918166,
		-0.395064,
		0,
		-0.040217,
		0.031041,
		-0.38994,
		1
	},
	[0.85] = {
		0.994047,
		-0.055926,
		-0.093504,
		0,
		-0.108424,
		-0.423281,
		-0.899487,
		0,
		0.010726,
		0.904271,
		-0.426825,
		0,
		-0.038565,
		0.048634,
		-0.38535,
		1
	},
	[0.866666666667] = {
		0.994602,
		-0.040216,
		-0.095656,
		0,
		-0.103449,
		-0.456271,
		-0.883807,
		0,
		-0.008102,
		0.888931,
		-0.457969,
		0,
		-0.037281,
		0.065403,
		-0.380862,
		1
	},
	[0.883333333333] = {
		0.994898,
		-0.024954,
		-0.097749,
		0,
		-0.097467,
		-0.487773,
		-0.867512,
		0,
		-0.026031,
		0.872614,
		-0.487717,
		0,
		-0.036314,
		0.081105,
		-0.376567,
		1
	},
	[0.8] = {
		0.990936,
		-0.101981,
		-0.08744,
		0,
		-0.116206,
		-0.324189,
		-0.938828,
		0,
		0.067396,
		0.940479,
		-0.333101,
		0,
		-0.044805,
		-0.005648,
		-0.399063,
		1
	},
	[0.916666666667] = {
		0.994828,
		0.002724,
		-0.101539,
		0,
		-0.083775,
		-0.543279,
		-0.835362,
		0,
		-0.057439,
		0.839548,
		-0.540241,
		0,
		-0.035157,
		0.108338,
		-0.368915,
		1
	},
	[0.933333333333] = {
		0.994564,
		0.014389,
		-0.103132,
		0,
		-0.076928,
		-0.56597,
		-0.820829,
		0,
		-0.07018,
		0.8243,
		-0.561786,
		0,
		-0.034877,
		0.119385,
		-0.365736,
		1
	},
	[0.95] = {
		0.994237,
		0.024108,
		-0.104456,
		0,
		-0.070746,
		-0.584527,
		-0.808284,
		0,
		-0.080543,
		0.811016,
		-0.579453,
		0,
		-0.034734,
		0.128397,
		-0.363107,
		1
	},
	[0.966666666667] = {
		0.993924,
		0.031509,
		-0.105462,
		0,
		-0.065751,
		-0.598439,
		-0.798465,
		0,
		-0.088272,
		0.800548,
		-0.592731,
		0,
		-0.034685,
		0.135133,
		-0.361118,
		1
	},
	[0.983333333333] = {
		0.993695,
		0.036221,
		-0.106103,
		0,
		-0.062443,
		-0.607197,
		-0.792094,
		0,
		-0.093116,
		0.793725,
		-0.601107,
		0,
		-0.034685,
		0.139351,
		-0.359858,
		1
	},
	[0.9] = {
		0.994959,
		-0.010515,
		-0.099727,
		0,
		-0.090777,
		-0.517008,
		-0.851154,
		0,
		-0.042609,
		0.855916,
		-0.515356,
		0,
		-0.035621,
		0.095497,
		-0.372555,
		1
	}
}

return spline_matrices
