local spline_matrices = {
	[0] = {
		0.999675,
		0.017715,
		0.018313,
		0,
		-0.018027,
		0.999692,
		0.017033,
		0,
		-0.018006,
		-0.017357,
		0.999687,
		0,
		0.105225,
		0.29457,
		-0.172777,
		1
	},
	{
		0.999446,
		0.006208,
		0.032704,
		0,
		-0.006835,
		0.999794,
		0.019096,
		0,
		-0.032579,
		-0.019309,
		0.999283,
		0,
		0.109038,
		0.277464,
		-0.169117,
		1
	},
	[0.0166666666667] = {
		0.998194,
		0.010282,
		0.059179,
		0,
		-0.011242,
		0.99981,
		0.015908,
		0,
		-0.059004,
		-0.016545,
		0.998121,
		0,
		0.108865,
		0.291137,
		-0.173391,
		1
	},
	[0.0333333333333] = {
		0.985524,
		-0.009474,
		0.169271,
		0,
		0.006854,
		0.999848,
		0.016057,
		0,
		-0.169397,
		-0.014665,
		0.985439,
		0,
		0.118597,
		0.281606,
		-0.175156,
		1
	},
	[0.05] = {
		0.944324,
		-0.03785,
		0.326834,
		0,
		0.031634,
		0.999204,
		0.024315,
		0,
		-0.327494,
		-0.012622,
		0.944769,
		0,
		0.132635,
		0.26715,
		-0.177909,
		1
	},
	[0.0666666666667] = {
		0.860245,
		-0.071186,
		0.504887,
		0,
		0.05571,
		0.9974,
		0.045707,
		0,
		-0.506828,
		-0.011192,
		0.861975,
		0,
		0.149221,
		0.248931,
		-0.181463,
		1
	},
	[0.0833333333333] = {
		0.73099,
		-0.105712,
		0.67415,
		0,
		0.070311,
		0.994338,
		0.079681,
		0,
		-0.678756,
		-0.010846,
		0.734284,
		0,
		0.166608,
		0.228068,
		-0.185634,
		1
	},
	[0.116666666667] = {
		0.400337,
		-0.161997,
		0.901935,
		0,
		0.052775,
		0.986692,
		0.153795,
		0,
		-0.914847,
		-0.01397,
		0.403559,
		0,
		0.196604,
		0.182624,
		-0.19538,
		1
	},
	[0.133333333333] = {
		0.252027,
		-0.174962,
		0.951772,
		0,
		0.027467,
		0.984417,
		0.17369,
		0,
		-0.96733,
		-0.017632,
		0.252905,
		0,
		0.205561,
		0.160034,
		-0.201115,
		1
	},
	[0.15] = {
		0.160524,
		-0.178642,
		0.970731,
		0,
		-0.000733,
		0.983463,
		0.181106,
		0,
		-0.987032,
		-0.029784,
		0.157739,
		0,
		0.206209,
		0.121004,
		-0.219682,
		1
	},
	[0.166666666667] = {
		0.111982,
		-0.179618,
		0.977342,
		0,
		-0.030584,
		0.982439,
		0.184059,
		0,
		-0.993239,
		-0.050502,
		0.104522,
		0,
		0.199731,
		0.071769,
		-0.247317,
		1
	},
	[0.183333333333] = {
		0.05592,
		-0.18,
		0.982076,
		0,
		-0.060269,
		0.981213,
		0.183274,
		0,
		-0.996615,
		-0.069437,
		0.044021,
		0,
		0.191211,
		0.047855,
		-0.260116,
		1
	},
	[0.1] = {
		0.569501,
		-0.137414,
		0.810423,
		0,
		0.06929,
		0.990444,
		0.119247,
		0,
		-0.819065,
		-0.011757,
		0.57358,
		0,
		0.183013,
		0.205628,
		-0.190279,
		1
	},
	[0.216666666667] = {
		0.039333,
		-0.17841,
		0.98317,
		0,
		-0.094855,
		0.978821,
		0.181415,
		0,
		-0.994714,
		-0.100394,
		0.021576,
		0,
		0.140421,
		0.364536,
		-0.213524,
		1
	},
	[0.233333333333] = {
		0.195433,
		-0.183436,
		0.963409,
		0,
		-0.078235,
		0.976305,
		0.201762,
		0,
		-0.977592,
		-0.114803,
		0.176451,
		0,
		0.09695,
		0.52182,
		-0.190281,
		1
	},
	[0.25] = {
		0.275589,
		-0.204069,
		0.939365,
		0,
		-0.051994,
		0.972612,
		0.226546,
		0,
		-0.959869,
		-0.111275,
		0.25743,
		0,
		0.059216,
		0.661677,
		-0.166341,
		1
	},
	[0.266666666667] = {
		0.274762,
		-0.201416,
		0.940179,
		0,
		-0.045543,
		0.97399,
		0.221969,
		0,
		-0.960433,
		-0.103807,
		0.258442,
		0,
		0.06115,
		0.668401,
		-0.159326,
		1
	},
	[0.283333333333] = {
		0.274643,
		-0.196375,
		0.94128,
		0,
		-0.042953,
		0.97544,
		0.216035,
		0,
		-0.960586,
		-0.099763,
		0.259463,
		0,
		0.062042,
		0.672516,
		-0.153382,
		1
	},
	[0.2] = {
		-0.045572,
		-0.179394,
		0.982721,
		0,
		-0.093302,
		0.980207,
		0.174609,
		0,
		-0.994594,
		-0.083733,
		-0.061408,
		0,
		0.179334,
		0.206111,
		-0.238631,
		1
	},
	[0.316666666667] = {
		0.276162,
		-0.17533,
		0.944984,
		0,
		-0.051671,
		0.97909,
		0.196758,
		0,
		-0.959721,
		-0.103165,
		0.261328,
		0,
		0.058783,
		0.673488,
		-0.146776,
		1
	},
	[0.333333333333] = {
		0.280256,
		-0.164509,
		0.945724,
		0,
		-0.056252,
		0.980698,
		0.187262,
		0,
		-0.958276,
		-0.10568,
		0.265592,
		0,
		0.057978,
		0.670987,
		-0.143743,
		1
	},
	[0.35] = {
		0.287841,
		-0.155287,
		0.945004,
		0,
		-0.058614,
		0.98206,
		0.17923,
		0,
		-0.955883,
		-0.10698,
		0.273575,
		0,
		0.058823,
		0.666839,
		-0.140115,
		1
	},
	[0.366666666667] = {
		0.298471,
		-0.145349,
		0.943286,
		0,
		-0.060776,
		0.983436,
		0.170766,
		0,
		-0.952482,
		-0.108297,
		0.284693,
		0,
		0.060107,
		0.661092,
		-0.137131,
		1
	},
	[0.383333333333] = {
		0.312567,
		-0.134797,
		0.940283,
		0,
		-0.062551,
		0.984811,
		0.161973,
		0,
		-0.947834,
		-0.109443,
		0.299387,
		0,
		0.061783,
		0.653973,
		-0.134785,
		1
	},
	[0.3] = {
		0.27494,
		-0.18733,
		0.943035,
		0,
		-0.045719,
		0.977179,
		0.207441,
		0,
		-0.960374,
		-0.100149,
		0.260101,
		0,
		0.060893,
		0.674147,
		-0.149314,
		1
	},
	[0.416666666667] = {
		0.352502,
		-0.112382,
		0.929038,
		0,
		-0.064183,
		0.987522,
		0.143809,
		0,
		-0.933607,
		-0.110321,
		0.340891,
		0,
		0.065944,
		0.636435,
		-0.13204,
		1
	},
	[0.433333333333] = {
		0.378977,
		-0.10076,
		0.919904,
		0,
		-0.063758,
		0.98885,
		0.134578,
		0,
		-0.923207,
		-0.109653,
		0.368327,
		0,
		0.068296,
		0.626453,
		-0.131636,
		1
	},
	[0.45] = {
		0.410149,
		-0.089,
		0.907665,
		0,
		-0.062386,
		0.990158,
		0.125279,
		0,
		-0.909882,
		-0.108008,
		0.40056,
		0,
		0.070776,
		0.615969,
		-0.13186,
		1
	},
	[0.466666666667] = {
		0.465654,
		-0.072428,
		0.881998,
		0,
		-0.053558,
		0.992512,
		0.109779,
		0,
		-0.883345,
		-0.098358,
		0.458288,
		0,
		0.076273,
		0.597414,
		-0.133269,
		1
	},
	[0.483333333333] = {
		0.551814,
		-0.049175,
		0.832516,
		0,
		-0.038316,
		0.995711,
		0.084212,
		0,
		-0.833086,
		-0.078368,
		0.547563,
		0,
		0.086313,
		0.567172,
		-0.136396,
		1
	},
	[0.4] = {
		0.330472,
		-0.123764,
		0.935666,
		0,
		-0.063744,
		0.986175,
		0.152959,
		0,
		-0.941661,
		-0.110192,
		0.318014,
		0,
		0.063759,
		0.645684,
		-0.133086,
		1
	},
	[0.516666666667] = {
		0.737964,
		0.000319,
		0.67484,
		0,
		-0.024231,
		0.999368,
		0.026026,
		0,
		-0.674404,
		-0.035558,
		0.737505,
		0,
		0.111823,
		0.496291,
		-0.147904,
		1
	},
	[0.533333333333] = {
		0.807472,
		0.017994,
		0.589631,
		0,
		-0.030676,
		0.999463,
		0.011509,
		0,
		-0.589107,
		-0.027381,
		0.807591,
		0,
		0.123128,
		0.467979,
		-0.156664,
		1
	},
	[0.55] = {
		0.866255,
		0.030701,
		0.498658,
		0,
		-0.042721,
		0.999006,
		0.012707,
		0,
		-0.497773,
		-0.032311,
		0.866706,
		0,
		0.133967,
		0.44562,
		-0.17051,
		1
	},
	[0.566666666667] = {
		0.919765,
		0.042015,
		0.390214,
		0,
		-0.056353,
		0.998089,
		0.025361,
		0,
		-0.388402,
		-0.045316,
		0.920375,
		0,
		0.145949,
		0.424723,
		-0.18943,
		1
	},
	[0.583333333333] = {
		0.959284,
		0.051805,
		0.277653,
		0,
		-0.06709,
		0.996694,
		0.045829,
		0,
		-0.274361,
		-0.06259,
		0.959588,
		0,
		0.15746,
		0.405803,
		-0.209835,
		1
	},
	[0.5] = {
		0.648591,
		-0.023449,
		0.760776,
		0,
		-0.026659,
		0.998212,
		0.053495,
		0,
		-0.76067,
		-0.054978,
		0.646806,
		0,
		0.098839,
		0.531399,
		-0.141277,
		1
	},
	[0.616666666667] = {
		0.992438,
		0.065127,
		0.104046,
		0,
		-0.074339,
		0.993409,
		0.087253,
		0,
		-0.097678,
		-0.094328,
		0.990738,
		0,
		0.173437,
		0.375561,
		-0.241218,
		1
	},
	[0.633333333333] = {
		0.994923,
		0.067231,
		0.074884,
		0,
		-0.074307,
		0.992594,
		0.096101,
		0,
		-0.067868,
		-0.101178,
		0.992551,
		0,
		0.175331,
		0.364886,
		-0.245584,
		1
	},
	[0.65] = {
		0.995132,
		0.066551,
		0.072687,
		0,
		-0.073477,
		0.992551,
		0.097181,
		0,
		-0.065678,
		-0.102049,
		0.992609,
		0,
		0.174015,
		0.355704,
		-0.24376,
		1
	},
	[0.666666666667] = {
		0.995417,
		0.064322,
		0.070767,
		0,
		-0.070985,
		0.992841,
		0.096065,
		0,
		-0.064081,
		-0.100648,
		0.992856,
		0,
		0.17171,
		0.346283,
		-0.24058,
		1
	},
	[0.683333333333] = {
		0.995782,
		0.060686,
		0.068816,
		0,
		-0.066953,
		0.993436,
		0.092752,
		0,
		-0.062736,
		-0.096968,
		0.993308,
		0,
		0.16852,
		0.336645,
		-0.23638,
		1
	},
	[0.6] = {
		0.982431,
		0.059713,
		0.176814,
		0,
		-0.072813,
		0.994987,
		0.068549,
		0,
		-0.171834,
		-0.080219,
		0.981854,
		0,
		0.167057,
		0.389297,
		-0.228219,
		1
	},
	[0.716666666667] = {
		0.996567,
		0.050296,
		0.065759,
		0,
		-0.05563,
		0.99508,
		0.081977,
		0,
		-0.061312,
		-0.085353,
		0.994462,
		0,
		0.160152,
		0.317589,
		-0.225036,
		1
	},
	[0.733333333333] = {
		0.996919,
		0.044053,
		0.064894,
		0,
		-0.048921,
		0.995949,
		0.075445,
		0,
		-0.061307,
		-0.078387,
		0.995036,
		0,
		0.155287,
		0.308502,
		-0.218131,
		1
	},
	[0.75] = {
		0.997228,
		0.037381,
		0.064342,
		0,
		-0.04178,
		0.99678,
		0.068435,
		0,
		-0.061576,
		-0.070933,
		0.995579,
		0,
		0.150146,
		0.299828,
		-0.210735,
		1
	},
	[0.766666666667] = {
		0.997484,
		0.030481,
		0.064006,
		0,
		-0.034407,
		0.997535,
		0.061162,
		0,
		-0.061984,
		-0.063211,
		0.996073,
		0,
		0.144866,
		0.291655,
		-0.203096,
		1
	},
	[0.783333333333] = {
		0.997686,
		0.023552,
		0.063788,
		0,
		-0.027006,
		0.998184,
		0.053841,
		0,
		-0.062404,
		-0.055439,
		0.99651,
		0,
		0.13958,
		0.28407,
		-0.195465,
		1
	},
	[0.7] = {
		0.996183,
		0.055908,
		0.067034,
		0,
		-0.061707,
		0.994224,
		0.087817,
		0,
		-0.061737,
		-0.091618,
		0.993879,
		0,
		0.164608,
		0.327,
		-0.231202,
		1
	},
	[0.816666666667] = {
		0.99794,
		0.010402,
		0.063313,
		0,
		-0.012946,
		0.99912,
		0.039906,
		0,
		-0.062842,
		-0.040643,
		0.997196,
		0,
		0.129533,
		0.271007,
		-0.181227,
		1
	},
	[0.833333333333] = {
		0.998012,
		0.004575,
		0.062858,
		0,
		-0.006705,
		0.999409,
		0.033714,
		0,
		-0.062666,
		-0.034068,
		0.997453,
		0,
		0.12504,
		0.265698,
		-0.175123,
		1
	},
	[0.85] = {
		0.998068,
		-0.000493,
		0.062125,
		0,
		-0.001269,
		0.999598,
		0.028321,
		0,
		-0.062114,
		-0.028345,
		0.997666,
		0,
		0.12108,
		0.261314,
		-0.170033,
		1
	},
	[0.866666666667] = {
		0.998126,
		-0.004608,
		0.061016,
		0,
		0.003152,
		0.999708,
		0.023938,
		0,
		-0.061108,
		-0.023701,
		0.99785,
		0,
		0.117783,
		0.257936,
		-0.166212,
		1
	},
	[0.883333333333] = {
		0.998204,
		-0.007579,
		0.059427,
		0,
		0.006354,
		0.999764,
		0.02078,
		0,
		-0.059571,
		-0.020365,
		0.998016,
		0,
		0.115281,
		0.255647,
		-0.163914,
		1
	},
	[0.8] = {
		0.997835,
		0.016793,
		0.06359,
		0,
		-0.019783,
		0.998714,
		0.046685,
		0,
		-0.062724,
		-0.047842,
		0.996884,
		0,
		0.134424,
		0.277159,
		-0.188092,
		1
	},
	[0.916666666667] = {
		0.99848,
		-0.009273,
		0.054326,
		0,
		0.008288,
		0.999798,
		0.01833,
		0,
		-0.054485,
		-0.017852,
		0.998355,
		0,
		0.112688,
		0.255075,
		-0.16398,
		1
	},
	[0.933333333333] = {
		0.998686,
		-0.007854,
		0.05065,
		0,
		0.006953,
		0.999815,
		0.017945,
		0,
		-0.050781,
		-0.01757,
		0.998555,
		0,
		0.111781,
		0.257477,
		-0.164779,
		1
	},
	[0.95] = {
		0.998907,
		-0.005278,
		0.04644,
		0,
		0.004451,
		0.99983,
		0.017875,
		0,
		-0.046526,
		-0.017648,
		0.998761,
		0,
		0.110973,
		0.261323,
		-0.165743,
		1
	},
	[0.966666666667] = {
		0.99912,
		-0.001863,
		0.041905,
		0,
		0.001106,
		0.999836,
		0.018077,
		0,
		-0.041931,
		-0.018015,
		0.998958,
		0,
		0.110254,
		0.266207,
		-0.166821,
		1
	},
	[0.983333333333] = {
		0.999304,
		0.002072,
		0.037255,
		0,
		-0.002763,
		0.999825,
		0.018504,
		0,
		-0.037211,
		-0.018594,
		0.999134,
		0,
		0.109612,
		0.271723,
		-0.167964,
		1
	},
	[0.9] = {
		0.998317,
		-0.009214,
		0.057259,
		0,
		0.008134,
		0.999785,
		0.019064,
		0,
		-0.057422,
		-0.018566,
		0.998177,
		0,
		0.113704,
		0.254525,
		-0.163397,
		1
	},
	[1.01666666667] = {
		0.999543,
		0.01023,
		0.028462,
		0,
		-0.010795,
		0.999746,
		0.019782,
		0,
		-0.028253,
		-0.020081,
		0.999399,
		0,
		0.108519,
		0.283023,
		-0.170227,
		1
	},
	[1.03333333333] = {
		0.999598,
		0.013819,
		0.024744,
		0,
		-0.014327,
		0.999688,
		0.020482,
		0,
		-0.024453,
		-0.020828,
		0.999484,
		0,
		0.108042,
		0.287991,
		-0.171241,
		1
	},
	[1.05] = {
		0.999624,
		0.01666,
		0.021761,
		0,
		-0.01712,
		0.999631,
		0.021106,
		0,
		-0.021402,
		-0.02147,
		0.99954,
		0,
		0.107597,
		0.291962,
		-0.172104,
		1
	},
	[1.06666666667] = {
		0.999635,
		0.018438,
		0.019729,
		0,
		-0.018863,
		0.99959,
		0.02156,
		0,
		-0.019323,
		-0.021924,
		0.999573,
		0,
		0.10717,
		0.294528,
		-0.172761,
		1
	},
	[1.08333333333] = {
		0.999645,
		0.018836,
		0.01886,
		0,
		-0.019245,
		0.999578,
		0.021753,
		0,
		-0.018442,
		-0.022108,
		0.999585,
		0,
		0.106748,
		0.295281,
		-0.173155,
		1
	},
	[1.11666666667] = {
		0.999664,
		0.018155,
		0.018511,
		0,
		-0.018527,
		0.999626,
		0.020114,
		0,
		-0.018139,
		-0.02045,
		0.999626,
		0,
		0.105907,
		0.294822,
		-0.173198,
		1
	},
	[1.13333333333] = {
		0.99967,
		0.017918,
		0.018401,
		0,
		-0.018262,
		0.999658,
		0.018709,
		0,
		-0.01806,
		-0.019039,
		0.999656,
		0,
		0.105557,
		0.294681,
		-0.173028,
		1
	},
	[1.15] = {
		0.999674,
		0.017768,
		0.018335,
		0,
		-0.018089,
		0.999683,
		0.017529,
		0,
		-0.018018,
		-0.017854,
		0.999678,
		0,
		0.105315,
		0.294598,
		-0.172856,
		1
	},
	[1.16666666667] = {
		0.999675,
		0.017715,
		0.018313,
		0,
		-0.018027,
		0.999692,
		0.017033,
		0,
		-0.018006,
		-0.017357,
		0.999687,
		0,
		0.105225,
		0.29457,
		-0.172777,
		1
	},
	[1.1] = {
		0.999655,
		0.018465,
		0.018664,
		0,
		-0.018861,
		0.999596,
		0.021282,
		0,
		-0.018264,
		-0.021627,
		0.999599,
		0,
		0.106318,
		0.295022,
		-0.173272,
		1
	}
}

return spline_matrices
