-- chunkname: @content/characters/player/human/first_person/animations/lasgun_rifle/attack_slash_01.lua

local spline_matrices = {
	[0.0166666666667] = {
		0.704751,
		-0.370834,
		0.604821,
		0,
		-0.692652,
		-0.544091,
		0.473495,
		0,
		0.15349,
		-0.752627,
		-0.640308,
		0,
		-0.238068,
		0.495176,
		-0.011815,
		1
	},
	[0.0333333333333] = {
		0.731537,
		-0.359228,
		0.57949,
		0,
		-0.633681,
		-0.671873,
		0.38345,
		0,
		0.251597,
		-0.64772,
		-0.719137,
		0,
		-0.223088,
		0.470685,
		0.03218,
		1
	},
	[0.05] = {
		0.758308,
		-0.337262,
		0.557874,
		0,
		-0.566555,
		-0.764269,
		0.308071,
		0,
		0.322465,
		-0.549679,
		-0.770629,
		0,
		-0.201374,
		0.44886,
		0.071731,
		1
	},
	[0.0666666666667] = {
		0.777138,
		-0.305081,
		0.550438,
		0,
		-0.519396,
		-0.80481,
		0.287244,
		0,
		0.355365,
		-0.509123,
		-0.783906,
		0,
		-0.176835,
		0.439521,
		0.088219,
		1
	},
	[0.0833333333333] = {
		0.77109,
		-0.234191,
		0.592094,
		0,
		-0.548501,
		-0.716574,
		0.430892,
		0,
		0.323368,
		-0.657021,
		-0.680997,
		0,
		-0.140157,
		0.512669,
		0.064762,
		1
	},
	[0] = {
		0.685656,
		-0.37131,
		0.626103,
		0,
		-0.725776,
		-0.41477,
		0.548831,
		0,
		0.055902,
		-0.83072,
		-0.553877,
		0,
		-0.242254,
		0.51402,
		-0.042253,
		1
	},
	[0.116666666667] = {
		0.802225,
		-0.05866,
		0.594133,
		0,
		-0.543607,
		0.339669,
		0.767539,
		0,
		-0.246832,
		-0.938714,
		0.240603,
		0,
		-0.029039,
		0.63719,
		-0.060773,
		1
	},
	[0.133333333333] = {
		0.82887,
		-0.023285,
		0.558956,
		0,
		-0.229984,
		0.896619,
		0.378393,
		0,
		-0.509982,
		-0.44219,
		0.737826,
		0,
		0.003795,
		0.639954,
		-0.104468,
		1
	},
	[0.15] = {
		0.37735,
		-0.198791,
		0.904483,
		0,
		-0.072214,
		0.967398,
		0.242746,
		0,
		-0.923251,
		-0.156916,
		0.350693,
		0,
		0.025412,
		0.642125,
		-0.12641,
		1
	},
	[0.166666666667] = {
		0.714833,
		-0.026155,
		0.698806,
		0,
		0.024616,
		0.999622,
		0.012233,
		0,
		-0.698862,
		0.008457,
		0.715207,
		0,
		0.038478,
		0.62625,
		-0.134517,
		1
	},
	[0.183333333333] = {
		0.770841,
		0.000715,
		0.637027,
		0,
		0.05826,
		0.995729,
		-0.071615,
		0,
		-0.634357,
		0.092317,
		0.767508,
		0,
		0.066765,
		0.592084,
		-0.160981,
		1
	},
	[0.1] = {
		0.767097,
		-0.141876,
		0.625647,
		0,
		-0.627079,
		-0.371667,
		0.68457,
		0,
		0.135408,
		-0.917461,
		-0.374072,
		0,
		-0.086541,
		0.612087,
		0.010445,
		1
	},
	[0.216666666667] = {
		0.847154,
		0.021717,
		0.530903,
		0,
		0.119746,
		0.965658,
		-0.230578,
		0,
		-0.517678,
		0.258909,
		0.815461,
		0,
		0.137276,
		0.511791,
		-0.227411,
		1
	},
	[0.233333333333] = {
		0.871771,
		0.002095,
		0.489909,
		0,
		0.157576,
		0.945654,
		-0.284443,
		0,
		-0.46388,
		0.325167,
		0.824064,
		0,
		0.171149,
		0.472665,
		-0.262304,
		1
	},
	[0.25] = {
		0.887235,
		-0.027681,
		0.460486,
		0,
		0.195395,
		0.926786,
		-0.320763,
		0,
		-0.417893,
		0.374569,
		0.827685,
		0,
		0.199339,
		0.438585,
		-0.292943,
		1
	},
	[0.266666666667] = {
		0.895306,
		-0.056181,
		0.441895,
		0,
		0.225615,
		0.912554,
		-0.341091,
		0,
		-0.38409,
		0.405079,
		0.82969,
		0,
		0.218558,
		0.412665,
		-0.314885,
		1
	},
	[0.283333333333] = {
		0.899286,
		-0.072158,
		0.431369,
		0,
		0.239354,
		0.906685,
		-0.347321,
		0,
		-0.366054,
		0.41559,
		0.83264,
		0,
		0.2256,
		0.397936,
		-0.32358,
		1
	},
	[0.2] = {
		0.813772,
		0.020009,
		0.58084,
		0,
		0.087898,
		0.983674,
		-0.157034,
		0,
		-0.574499,
		0.178844,
		0.798727,
		0,
		0.101109,
		0.55272,
		-0.192669,
		1
	},
	[0.316666666667] = {
		0.904002,
		-0.090874,
		0.417758,
		0,
		0.247728,
		0.90773,
		-0.338611,
		0,
		-0.34844,
		0.409595,
		0.843102,
		0,
		0.225399,
		0.384187,
		-0.322789,
		1
	},
	[0.333333333333] = {
		0.905217,
		-0.104306,
		0.41195,
		0,
		0.254454,
		0.909452,
		-0.328862,
		0,
		-0.340346,
		0.402513,
		0.849793,
		0,
		0.225299,
		0.378891,
		-0.321195,
		1
	},
	[0.35] = {
		0.905609,
		-0.119898,
		0.406812,
		0,
		0.262726,
		0.911592,
		-0.316188,
		0,
		-0.332936,
		0.393223,
		0.857047,
		0,
		0.225351,
		0.374433,
		-0.318841,
		1
	},
	[0.366666666667] = {
		0.905156,
		-0.137315,
		0.40229,
		0,
		0.272392,
		0.913915,
		-0.300935,
		0,
		-0.326336,
		0.381974,
		0.864639,
		0,
		0.225656,
		0.370714,
		-0.315701,
		1
	},
	[0.383333333333] = {
		0.903931,
		-0.155812,
		0.398286,
		0,
		0.28295,
		0.916203,
		-0.283746,
		0,
		-0.3207,
		0.369182,
		0.872271,
		0,
		0.226164,
		0.367625,
		-0.311867,
		1
	},
	[0.3] = {
		0.902027,
		-0.079927,
		0.424217,
		0,
		0.242597,
		0.906706,
		-0.345009,
		0,
		-0.357064,
		0.414121,
		0.837263,
		0,
		0.225502,
		0.390473,
		-0.323626,
		1
	},
	[0.416666666667] = {
		0.899645,
		-0.193103,
		0.391599,
		0,
		0.30474,
		0.920003,
		-0.246432,
		0,
		-0.312685,
		0.341037,
		0.886522,
		0,
		0.2276,
		0.362877,
		-0.302486,
		1
	},
	[0.433333333333] = {
		0.896927,
		-0.210478,
		0.388872,
		0,
		0.315017,
		0.921313,
		-0.227917,
		0,
		-0.310301,
		0.326926,
		0.892655,
		0,
		0.228432,
		0.360969,
		-0.297114,
		1
	},
	[0.45] = {
		0.894112,
		-0.226115,
		0.38657,
		0,
		0.324304,
		0.922194,
		-0.210677,
		0,
		-0.308855,
		0.313735,
		0.897875,
		0,
		0.229275,
		0.359195,
		-0.291405,
		1
	},
	[0.466666666667] = {
		0.891445,
		-0.239392,
		0.38473,
		0,
		0.332223,
		0.922684,
		-0.195658,
		0,
		-0.308145,
		0.302234,
		0.902054,
		0,
		0.230074,
		0.357412,
		-0.285443,
		1
	},
	[0.483333333333] = {
		0.889184,
		-0.249717,
		0.383397,
		0,
		0.338438,
		0.922857,
		-0.183833,
		0,
		-0.307914,
		0.293217,
		0.905104,
		0,
		0.230776,
		0.355475,
		-0.279314,
		1
	},
	[0.4] = {
		0.902043,
		-0.174649,
		0.394735,
		0,
		0.293897,
		0.918275,
		-0.265321,
		0,
		-0.316137,
		0.355342,
		0.879653,
		0,
		0.226827,
		0.365053,
		-0.307433,
		1
	},
	[0.516666666667] = {
		0.886882,
		-0.259231,
		0.382412,
		0,
		0.344535,
		0.922575,
		-0.173641,
		0,
		-0.307791,
		0.285754,
		0.907529,
		0,
		0.231675,
		0.350534,
		-0.266906,
		1
	},
	[0.533333333333] = {
		0.888034,
		-0.255103,
		0.382515,
		0,
		0.340369,
		0.924068,
		-0.173918,
		0,
		-0.309102,
		0.284641,
		0.907433,
		0,
		0.230758,
		0.347483,
		-0.260035,
		1
	},
	[0.55] = {
		0.891473,
		-0.242961,
		0.382421,
		0,
		0.327612,
		0.928713,
		-0.173674,
		0,
		-0.312964,
		0.280111,
		0.907519,
		0,
		0.22775,
		0.34433,
		-0.251969,
		1
	},
	[0.566666666667] = {
		0.896445,
		-0.224832,
		0.381886,
		0,
		0.307964,
		0.935717,
		-0.172025,
		0,
		-0.31866,
		0.271818,
		0.908059,
		0,
		0.222952,
		0.341165,
		-0.243046,
		1
	},
	[0.583333333333] = {
		0.902163,
		-0.202926,
		0.380688,
		0,
		0.283257,
		0.944224,
		-0.16795,
		0,
		-0.325373,
		0.25935,
		0.909324,
		0,
		0.216651,
		0.338081,
		-0.233613,
		1
	},
	[0.5] = {
		0.887583,
		-0.25652,
		0.382615,
		0,
		0.342643,
		0.922799,
		-0.176177,
		0,
		-0.307884,
		0.287472,
		0.906955,
		0,
		0.231326,
		0.353232,
		-0.273106,
		1
	},
	[0.616666666667] = {
		0.913728,
		-0.156361,
		0.375037,
		0,
		0.225865,
		0.962709,
		-0.148915,
		0,
		-0.337768,
		0.220776,
		0.914971,
		0,
		0.200681,
		0.332483,
		-0.214568,
		1
	},
	[0.633333333333] = {
		0.919305,
		-0.135267,
		0.369568,
		0,
		0.196334,
		0.971503,
		-0.132799,
		0,
		-0.341073,
		0.194642,
		0.919665,
		0,
		0.191596,
		0.330092,
		-0.205589,
		1
	},
	[0.65] = {
		0.925035,
		-0.117174,
		0.36136,
		0,
		0.167847,
		0.979421,
		-0.112082,
		0,
		-0.340791,
		0.164333,
		0.925665,
		0,
		0.182196,
		0.328029,
		-0.197356,
		1
	},
	[0.666666666667] = {
		0.931317,
		-0.10244,
		0.349507,
		0,
		0.141139,
		0.986155,
		-0.087048,
		0,
		-0.335751,
		0.130398,
		0.932881,
		0,
		0.172824,
		0.326318,
		-0.190128,
		1
	},
	[0.683333333333] = {
		0.938532,
		-0.090773,
		0.333044,
		0,
		0.11657,
		0.991472,
		-0.05827,
		0,
		-0.324914,
		0.093511,
		0.941109,
		0,
		0.163849,
		0.324976,
		-0.184142,
		1
	},
	[0.6] = {
		0.908023,
		-0.17944,
		0.378544,
		0,
		0.255323,
		0.953442,
		-0.160492,
		0,
		-0.332121,
		0.242382,
		0.911563,
		0,
		0.209132,
		0.335164,
		-0.224011,
		1
	},
	[0.716666666667] = {
		0.956446,
		-0.072996,
		0.282634,
		0,
		0.073929,
		0.997236,
		0.007377,
		0,
		-0.282392,
		0.013839,
		0.959199,
		0,
		0.148664,
		0.323428,
		-0.176784,
		1
	},
	[0.733333333333] = {
		0.965515,
		-0.065072,
		0.252083,
		0,
		0.057458,
		0.997645,
		0.037456,
		0,
		-0.253927,
		-0.021681,
		0.96698,
		0,
		0.142601,
		0.322897,
		-0.17517,
		1
	},
	[0.75] = {
		0.972675,
		-0.057875,
		0.224841,
		0,
		0.04627,
		0.997327,
		0.05655,
		0,
		-0.227513,
		-0.044601,
		0.972753,
		0,
		0.137124,
		0.321979,
		-0.174207,
		1
	},
	[0.766666666667] = {
		0.978039,
		-0.051606,
		0.201934,
		0,
		0.039819,
		0.997281,
		0.062009,
		0,
		-0.204585,
		-0.052606,
		0.977434,
		0,
		0.132509,
		0.320525,
		-0.173939,
		1
	},
	[0.783333333333] = {
		0.982301,
		-0.04565,
		0.181661,
		0,
		0.03538,
		0.997608,
		0.059383,
		0,
		-0.183937,
		-0.051905,
		0.981567,
		0,
		0.128577,
		0.318624,
		-0.174001,
		1
	},
	[0.7] = {
		0.94691,
		-0.081344,
		0.311037,
		0,
		0.094201,
		0.9952,
		-0.026512,
		0,
		-0.307388,
		0.054405,
		0.950028,
		0,
		0.155661,
		0.324011,
		-0.179622,
		1
	},
	[0.816666666667] = {
		0.989263,
		-0.032802,
		0.142419,
		0,
		0.025579,
		0.998306,
		0.052252,
		0,
		-0.143892,
		-0.048048,
		0.988426,
		0,
		0.121673,
		0.314183,
		-0.173963,
		1
	},
	[0.833333333333] = {
		0.99196,
		-0.026163,
		0.123816,
		0,
		0.020337,
		0.998636,
		0.048089,
		0,
		-0.124905,
		-0.045185,
		0.991139,
		0,
		0.118698,
		0.311766,
		-0.173882,
		1
	},
	[0.85] = {
		0.994159,
		-0.019551,
		0.106136,
		0,
		0.014975,
		0.998931,
		0.043739,
		0,
		-0.106878,
		-0.041894,
		0.993389,
		0,
		0.116037,
		0.309296,
		-0.173772,
		1
	},
	[0.866666666667] = {
		0.995895,
		-0.013093,
		0.089562,
		0,
		0.009598,
		0.99918,
		0.039343,
		0,
		-0.090004,
		-0.038322,
		0.995204,
		0,
		0.113685,
		0.306835,
		-0.173641,
		1
	},
	[0.883333333333] = {
		0.997214,
		-0.006916,
		0.074278,
		0,
		0.004322,
		0.999377,
		0.035035,
		0,
		-0.074474,
		-0.034617,
		0.996622,
		0,
		0.111638,
		0.304442,
		-0.173497,
		1
	},
	[0.8] = {
		0.986045,
		-0.03934,
		0.161762,
		0,
		0.030616,
		0.997957,
		0.056072,
		0,
		-0.163637,
		-0.050337,
		0.985236,
		0,
		0.124965,
		0.31649,
		-0.174006,
		1
	},
	[0.916666666667] = {
		0.998825,
		0.004082,
		0.0483,
		0,
		-0.005399,
		0.999616,
		0.027168,
		0,
		-0.04817,
		-0.027396,
		0.998463,
		0,
		0.108431,
		0.300098,
		-0.173204,
		1
	},
	[0.933333333333] = {
		0.999242,
		0.008649,
		0.03796,
		0,
		-0.009558,
		0.99967,
		0.023832,
		0,
		-0.037742,
		-0.024177,
		0.998995,
		0,
		0.107255,
		0.298266,
		-0.173069,
		1
	},
	[0.95] = {
		0.999484,
		0.012423,
		0.02962,
		0,
		-0.013049,
		0.999693,
		0.02104,
		0,
		-0.02935,
		-0.021416,
		0.99934,
		0,
		0.106355,
		0.296737,
		-0.172952,
		1
	},
	[0.966666666667] = {
		0.999608,
		0.015278,
		0.023452,
		0,
		-0.015722,
		0.999698,
		0.018898,
		0,
		-0.023156,
		-0.01926,
		0.999546,
		0,
		0.105722,
		0.295573,
		-0.17286,
		1
	},
	[0.983333333333] = {
		0.999661,
		0.017084,
		0.019626,
		0,
		-0.017429,
		0.999695,
		0.017521,
		0,
		-0.019321,
		-0.017858,
		0.999654,
		0,
		0.105348,
		0.294831,
		-0.172799,
		1
	},
	[0.9] = {
		0.99817,
		-0.001149,
		0.060465,
		0,
		-0.000724,
		0.999521,
		0.030938,
		0,
		-0.060471,
		-0.030926,
		0.997691,
		0,
		0.109889,
		0.302177,
		-0.173349,
		1
	},
	{
		0.999675,
		0.017715,
		0.018313,
		0,
		-0.018027,
		0.999692,
		0.017033,
		0,
		-0.018006,
		-0.017357,
		0.999687,
		0,
		0.105225,
		0.29457,
		-0.172777,
		1
	}
}

return spline_matrices
