-- chunkname: @content/characters/player/human/first_person/animations/lasgun_rifle/attack_heavy_stab_01.lua

local spline_matrices = {
	[0.0166666666667] = {
		-0.095578,
		-0.202926,
		0.974518,
		0,
		-0.128227,
		0.973354,
		0.190107,
		0,
		-0.987129,
		-0.10679,
		-0.119051,
		0,
		0.183056,
		0.074582,
		-0.197999,
		1,
	},
	[0.0333333333333] = {
		0.000605,
		-0.167018,
		0.985954,
		0,
		-0.106583,
		0.980327,
		0.16613,
		0,
		-0.994304,
		-0.105186,
		-0.017208,
		0,
		0.142124,
		0.286054,
		-0.162449,
		1,
	},
	[0.05] = {
		0.180951,
		-0.128378,
		0.975077,
		0,
		-0.077628,
		0.986486,
		0.144287,
		0,
		-0.980424,
		-0.101803,
		0.16854,
		0,
		0.097143,
		0.510521,
		-0.134659,
		1,
	},
	[0.0666666666667] = {
		0.275234,
		-0.127792,
		0.952846,
		0,
		-0.052137,
		0.987683,
		0.147524,
		0,
		-0.959962,
		-0.090282,
		0.265182,
		0,
		0.059162,
		0.683513,
		-0.109804,
		1,
	},
	[0.0833333333333] = {
		0.27465,
		-0.125726,
		0.953289,
		0,
		-0.045309,
		0.988621,
		0.143439,
		0,
		-0.960476,
		-0.082588,
		0.265828,
		0,
		0.061134,
		0.690218,
		-0.10335,
		1,
	},
	[0] = {
		0.03604,
		-0.217693,
		0.975352,
		0,
		-0.106273,
		0.969617,
		0.22034,
		0,
		-0.993684,
		-0.111595,
		0.01181,
		0,
		0.195222,
		-0.050278,
		-0.262463,
		1,
	},
	[0.116666666667] = {
		0.275033,
		-0.116042,
		0.954406,
		0,
		-0.043361,
		0.990182,
		0.132888,
		0,
		-0.960456,
		-0.077933,
		0.267301,
		0,
		0.060611,
		0.695119,
		-0.097058,
		1,
	},
	[0.133333333333] = {
		0.276508,
		-0.107565,
		0.954973,
		0,
		-0.047811,
		0.990946,
		0.12546,
		0,
		-0.959822,
		-0.080349,
		0.268861,
		0,
		0.058198,
		0.693848,
		-0.097351,
		1,
	},
	[0.15] = {
		0.281469,
		-0.101187,
		0.95422,
		0,
		-0.050901,
		0.99145,
		0.120149,
		0,
		-0.958219,
		-0.082389,
		0.273912,
		0,
		0.057211,
		0.690585,
		-0.097355,
		1,
	},
	[0.166666666667] = {
		0.290617,
		-0.097085,
		0.951901,
		0,
		-0.051979,
		0.991768,
		0.117021,
		0,
		-0.955427,
		-0.083487,
		0.283178,
		0,
		0.05795,
		0.685632,
		-0.096852,
		1,
	},
	[0.183333333333] = {
		0.303425,
		-0.092578,
		0.948347,
		0,
		-0.053143,
		0.992076,
		0.11385,
		0,
		-0.951372,
		-0.084943,
		0.2961,
		0,
		0.059067,
		0.679224,
		-0.097087,
		1,
	},
	[0.1] = {
		0.274679,
		-0.122421,
		0.953711,
		0,
		-0.041856,
		0.989399,
		0.139057,
		0,
		-0.960624,
		-0.078115,
		0.266644,
		0,
		0.061977,
		0.693994,
		-0.098867,
		1,
	},
	[0.216666666667] = {
		0.342077,
		-0.082273,
		0.936063,
		0,
		-0.055135,
		0.992686,
		0.107399,
		0,
		-0.938053,
		-0.088349,
		0.335039,
		0,
		0.06232,
		0.663338,
		-0.099061,
		1,
	},
	[0.233333333333] = {
		0.368792,
		-0.076473,
		0.926361,
		0,
		-0.055673,
		0.993003,
		0.104138,
		0,
		-0.927843,
		-0.089979,
		0.361954,
		0,
		0.064347,
		0.65449,
		-0.10046,
		1,
	},
	[0.25] = {
		0.400942,
		-0.07023,
		0.913407,
		0,
		-0.055771,
		0.993337,
		0.100856,
		0,
		-0.914404,
		-0.09138,
		0.394354,
		0,
		0.0666,
		0.645476,
		-0.101895,
		1,
	},
	[0.266666666667] = {
		0.438793,
		-0.063533,
		0.896339,
		0,
		-0.055367,
		0.993691,
		0.097538,
		0,
		-0.896881,
		-0.092427,
		0.432507,
		0,
		0.069057,
		0.636627,
		-0.103181,
		1,
	},
	[0.283333333333] = {
		0.488138,
		-0.055416,
		0.871005,
		0,
		-0.055068,
		0.994038,
		0.094106,
		0,
		-0.871027,
		-0.093901,
		0.482176,
		0,
		0.072123,
		0.626756,
		-0.104793,
		1,
	},
	[0.2] = {
		0.320425,
		-0.087642,
		0.943211,
		0,
		-0.054247,
		0.992379,
		0.110639,
		0,
		-0.945719,
		-0.086618,
		0.313229,
		0,
		0.060542,
		0.671687,
		-0.09788,
		1,
	},
	[0.316666666667] = {
		0.621372,
		-0.033879,
		0.782783,
		0,
		-0.057381,
		0.994414,
		0.088587,
		0,
		-0.781411,
		-0.099963,
		0.615958,
		0,
		0.08056,
		0.600999,
		-0.110555,
		1,
	},
	[0.333333333333] = {
		0.693717,
		-0.021595,
		0.719924,
		0,
		-0.06003,
		0.994339,
		0.087671,
		0,
		-0.717741,
		-0.104036,
		0.688494,
		0,
		0.085434,
		0.585963,
		-0.114525,
		1,
	},
	[0.35] = {
		0.762718,
		-0.008973,
		0.646669,
		0,
		-0.063318,
		0.994064,
		0.088475,
		0,
		-0.643625,
		-0.108427,
		0.757622,
		0,
		0.090461,
		0.570056,
		-0.119097,
		1,
	},
	[0.366666666667] = {
		0.824125,
		0.003537,
		0.566397,
		0,
		-0.066788,
		0.993611,
		0.090974,
		0,
		-0.562457,
		-0.112802,
		0.819096,
		0,
		0.095474,
		0.5537,
		-0.124188,
		1,
	},
	[0.383333333333] = {
		0.874962,
		0.015331,
		0.483949,
		0,
		-0.070023,
		0.992998,
		0.095142,
		0,
		-0.479102,
		-0.117133,
		0.869909,
		0,
		0.100379,
		0.537371,
		-0.129488,
		1,
	},
	[0.3] = {
		0.550929,
		-0.045334,
		0.83332,
		0,
		-0.055694,
		0.9943,
		0.090912,
		0,
		-0.832691,
		-0.096497,
		0.545264,
		0,
		0.076044,
		0.614738,
		-0.10728,
		1,
	},
	[0.416666666667] = {
		0.941528,
		0.035009,
		0.335112,
		0,
		-0.074598,
		0.991564,
		0.106003,
		0,
		-0.328574,
		-0.124803,
		0.936196,
		0,
		0.109721,
		0.506591,
		-0.140175,
		1,
	},
	[0.433333333333] = {
		0.959079,
		0.042154,
		0.279983,
		0,
		-0.075765,
		0.991003,
		0.110328,
		0,
		-0.272813,
		-0.127026,
		0.953644,
		0,
		0.114101,
		0.492944,
		-0.145757,
		1,
	},
	[0.45] = {
		0.970143,
		0.047729,
		0.237793,
		0,
		-0.07651,
		0.990609,
		0.113314,
		0,
		-0.230151,
		-0.128124,
		0.964684,
		0,
		0.118979,
		0.480037,
		-0.152704,
		1,
	},
	[0.466666666667] = {
		0.977803,
		0.052489,
		0.202844,
		0,
		-0.077123,
		0.990307,
		0.115513,
		0,
		-0.194814,
		-0.128593,
		0.972374,
		0,
		0.124888,
		0.467124,
		-0.161751,
		1,
	},
	[0.483333333333] = {
		0.983041,
		0.056478,
		0.17447,
		0,
		-0.07762,
		0.990114,
		0.116834,
		0,
		-0.166147,
		-0.128395,
		0.977706,
		0,
		0.131532,
		0.454306,
		-0.172355,
		1,
	},
	[0.4] = {
		0.913967,
		0.025925,
		0.404959,
		0,
		-0.072688,
		0.992276,
		0.100527,
		0,
		-0.399225,
		-0.121314,
		0.908792,
		0,
		0.105138,
		0.521534,
		-0.134788,
		1,
	},
	[0.516666666667] = {
		0.98898,
		0.062261,
		0.134324,
		0,
		-0.078178,
		0.990088,
		0.116678,
		0,
		-0.125728,
		-0.125894,
		0.984044,
		0,
		0.145744,
		0.429301,
		-0.196016,
		1,
	},
	[0.533333333333] = {
		0.990597,
		0.064114,
		0.12086,
		0,
		-0.078146,
		0.990265,
		0.115192,
		0,
		-0.112298,
		-0.123553,
		0.985963,
		0,
		0.152628,
		0.417246,
		-0.207955,
		1,
	},
	[0.55] = {
		0.991713,
		0.065323,
		0.110628,
		0,
		-0.07783,
		0.990566,
		0.112789,
		0,
		-0.102217,
		-0.120465,
		0.987441,
		0,
		0.158885,
		0.405557,
		-0.219211,
		1,
	},
	[0.566666666667] = {
		0.992521,
		0.065937,
		0.102734,
		0,
		-0.07717,
		0.990986,
		0.109502,
		0,
		-0.094588,
		-0.116611,
		0.988663,
		0,
		0.164142,
		0.394269,
		-0.229216,
		1,
	},
	[0.583333333333] = {
		0.993163,
		0.066011,
		0.096278,
		0,
		-0.076116,
		0.991516,
		0.105366,
		0,
		-0.088506,
		-0.111974,
		0.989762,
		0,
		0.16802,
		0.383414,
		-0.237394,
		1,
	},
	[0.5] = {
		0.986589,
		0.059726,
		0.151906,
		0,
		-0.077985,
		0.990038,
		0.117228,
		0,
		-0.143392,
		-0.127502,
		0.981418,
		0,
		0.138595,
		0.441674,
		-0.183963,
		1,
	},
	[0.616666666667] = {
		0.9942,
		0.065128,
		0.085583,
		0,
		-0.073324,
		0.992638,
		0.096402,
		0,
		-0.078674,
		-0.102119,
		0.991656,
		0,
		0.170302,
		0.363689,
		-0.245036,
		1,
	},
	[0.633333333333] = {
		0.994684,
		0.063747,
		0.080876,
		0,
		-0.071116,
		0.993237,
		0.091776,
		0,
		-0.074478,
		-0.097039,
		0.99249,
		0,
		0.1688,
		0.354526,
		-0.244243,
		1,
	},
	[0.65] = {
		0.99516,
		0.061006,
		0.077038,
		0,
		-0.067634,
		0.993947,
		0.086576,
		0,
		-0.07129,
		-0.091368,
		0.993262,
		0,
		0.166393,
		0.345174,
		-0.24174,
		1,
	},
	[0.666666666667] = {
		0.995624,
		0.0571,
		0.073969,
		0,
		-0.063059,
		0.994725,
		0.080906,
		0,
		-0.068959,
		-0.085217,
		0.993973,
		0,
		0.16321,
		0.33574,
		-0.237769,
		1,
	},
	[0.683333333333] = {
		0.996068,
		0.052224,
		0.071568,
		0,
		-0.057576,
		0.995529,
		0.074874,
		0,
		-0.067338,
		-0.078701,
		0.994621,
		0,
		0.159383,
		0.326329,
		-0.232575,
		1,
	},
	[0.6] = {
		0.993708,
		0.065685,
		0.090715,
		0,
		-0.074782,
		0.99209,
		0.100824,
		0,
		-0.083374,
		-0.106974,
		0.99076,
		0,
		0.170178,
		0.373153,
		-0.242946,
		1,
	},
	[0.716666666667] = {
		0.996845,
		0.040341,
		0.068361,
		0,
		-0.044615,
		0.997067,
		0.062188,
		0,
		-0.065652,
		-0.065041,
		0.995721,
		0,
		0.150324,
		0.308001,
		-0.219499,
		1,
	},
	[0.733333333333] = {
		0.997159,
		0.033722,
		0.067353,
		0,
		-0.037509,
		0.997739,
		0.055769,
		0,
		-0.065321,
		-0.058137,
		0.996169,
		0,
		0.145356,
		0.299295,
		-0.212108,
		1,
	},
	[0.75] = {
		0.997416,
		0.026909,
		0.066607,
		0,
		-0.030236,
		0.998318,
		0.049457,
		0,
		-0.065164,
		-0.051343,
		0.996553,
		0,
		0.14027,
		0.291033,
		-0.204476,
		1,
	},
	[0.766666666667] = {
		0.997616,
		0.020095,
		0.06602,
		0,
		-0.022989,
		0.998794,
		0.043371,
		0,
		-0.065069,
		-0.044786,
		0.996875,
		0,
		0.135198,
		0.283319,
		-0.196851,
		1,
	},
	[0.783333333333] = {
		0.997762,
		0.013474,
		0.06549,
		0,
		-0.015963,
		0.999164,
		0.037628,
		0,
		-0.064929,
		-0.038589,
		0.997144,
		0,
		0.130273,
		0.276256,
		-0.18948,
		1,
	},
	[0.7] = {
		0.996478,
		0.046573,
		0.069732,
		0,
		-0.051366,
		0.996321,
		0.068596,
		0,
		-0.066281,
		-0.071936,
		0.995205,
		0,
		0.155044,
		0.317048,
		-0.226403,
		1,
	},
	[0.816666666667] = {
		0.997936,
		0.001575,
		0.064196,
		0,
		-0.003355,
		0.999613,
		0.027627,
		0,
		-0.064128,
		-0.027785,
		0.997555,
		0,
		0.121382,
		0.264488,
		-0.176495,
		1,
	},
	[0.833333333333] = {
		0.997994,
		-0.003319,
		0.063228,
		0,
		0.00183,
		0.99972,
		0.023596,
		0,
		-0.063288,
		-0.023433,
		0.99772,
		0,
		0.117677,
		0.259985,
		-0.171381,
		1,
	},
	[0.85] = {
		0.998055,
		-0.007257,
		0.061908,
		0,
		0.006007,
		0.999775,
		0.020364,
		0,
		-0.062042,
		-0.019953,
		0.997874,
		0,
		0.114637,
		0.256535,
		-0.167518,
		1,
	},
	[0.866666666667] = {
		0.99814,
		-0.010049,
		0.060134,
		0,
		0.008978,
		0.999797,
		0.018046,
		0,
		-0.060303,
		-0.017473,
		0.998027,
		0,
		0.11239,
		0.254237,
		-0.165158,
		1,
	},
	[0.883333333333] = {
		0.998262,
		-0.011505,
		0.057803,
		0,
		0.010552,
		0.999804,
		0.016762,
		0,
		-0.057985,
		-0.016123,
		0.998187,
		0,
		0.111063,
		0.25319,
		-0.164554,
		1,
	},
	[0.8] = {
		0.997864,
		0.007237,
		0.064916,
		0,
		-0.009352,
		0.999433,
		0.032342,
		0,
		-0.064646,
		-0.03288,
		0.997366,
		0,
		0.125624,
		0.269945,
		-0.182612,
		1,
	},
	[0.916666666667] = {
		0.998654,
		-0.009777,
		0.050936,
		0,
		0.00897,
		0.999831,
		0.016045,
		0,
		-0.051084,
		-0.015566,
		0.998573,
		0,
		0.109635,
		0.256387,
		-0.165733,
		1,
	},
	[0.933333333333] = {
		0.998888,
		-0.007011,
		0.046628,
		0,
		0.006262,
		0.999849,
		0.016179,
		0,
		-0.046735,
		-0.015869,
		0.998781,
		0,
		0.109071,
		0.260354,
		-0.166596,
		1,
	},
	[0.95] = {
		0.999111,
		-0.003404,
		0.042016,
		0,
		0.002709,
		0.999859,
		0.016586,
		0,
		-0.042067,
		-0.016458,
		0.998979,
		0,
		0.10859,
		0.265357,
		-0.167575,
		1,
	},
	[0.966666666667] = {
		0.999304,
		0.000722,
		0.037307,
		0,
		-0.001365,
		0.999851,
		0.017214,
		0,
		-0.037289,
		-0.017253,
		0.999156,
		0,
		0.108178,
		0.270987,
		-0.16862,
		1,
	},
	[0.983333333333] = {
		0.999452,
		0.005047,
		0.032711,
		0,
		-0.005638,
		0.999822,
		0.017999,
		0,
		-0.032615,
		-0.018174,
		0.999303,
		0,
		0.107824,
		0.276838,
		-0.169678,
		1,
	},
	[0.9] = {
		0.998436,
		-0.011382,
		0.05473,
		0,
		0.010509,
		0.999813,
		0.016226,
		0,
		-0.054904,
		-0.015626,
		0.998369,
		0,
		0.110295,
		0.253864,
		-0.165036,
		1,
	},
	[1.01666666667] = {
		0.99961,
		0.013017,
		0.024703,
		0,
		-0.013506,
		0.999714,
		0.019742,
		0,
		-0.024439,
		-0.020068,
		0.9995,
		0,
		0.107228,
		0.287568,
		-0.171625,
		1,
	},
	[1.03333333333] = {
		0.999636,
		0.016024,
		0.021713,
		0,
		-0.01647,
		0.999654,
		0.020524,
		0,
		-0.021377,
		-0.020874,
		0.999554,
		0,
		0.106959,
		0.29163,
		-0.172408,
		1,
	},
	[1.05] = {
		0.999645,
		0.017954,
		0.019681,
		0,
		-0.018369,
		0.999608,
		0.021121,
		0,
		-0.019294,
		-0.021475,
		0.999583,
		0,
		0.10669,
		0.294278,
		-0.17299,
		1,
	},
	[1.06666666667] = {
		0.999652,
		0.018489,
		0.018818,
		0,
		-0.018892,
		0.999592,
		0.02144,
		0,
		-0.018414,
		-0.021788,
		0.999593,
		0,
		0.106407,
		0.295103,
		-0.173319,
		1,
	},
	[1.08333333333] = {
		0.99966,
		0.018236,
		0.018632,
		0,
		-0.018628,
		0.999604,
		0.021076,
		0,
		-0.018241,
		-0.021416,
		0.999604,
		0,
		0.106095,
		0.294905,
		-0.17338,
		1,
	},
	{
		0.999553,
		0.009252,
		0.028439,
		0,
		-0.009791,
		0.999774,
		0.018869,
		0,
		-0.028258,
		-0.019139,
		0.999417,
		0,
		0.107511,
		0.282501,
		-0.170698,
		1,
	},
	[1.11666666667] = {
		0.999671,
		0.017858,
		0.018391,
		0,
		-0.018201,
		0.99966,
		0.018655,
		0,
		-0.018051,
		-0.018984,
		0.999657,
		0,
		0.105499,
		0.294651,
		-0.173056,
		1,
	},
	[1.13333333333] = {
		0.999674,
		0.017752,
		0.018332,
		0,
		-0.018073,
		0.999683,
		0.017515,
		0,
		-0.018015,
		-0.01784,
		0.999679,
		0,
		0.105301,
		0.29459,
		-0.172863,
		1,
	},
	[1.15] = {
		0.999675,
		0.017715,
		0.018313,
		0,
		-0.018027,
		0.999692,
		0.017033,
		0,
		-0.018006,
		-0.017357,
		0.999687,
		0,
		0.105225,
		0.29457,
		-0.172777,
		1,
	},
	[1.1] = {
		0.999667,
		0.018022,
		0.01849,
		0,
		-0.018392,
		0.999631,
		0.019995,
		0,
		-0.018123,
		-0.020329,
		0.999629,
		0,
		0.105778,
		0.294755,
		-0.17326,
		1,
	},
}

return spline_matrices
