-- chunkname: @content/characters/player/ogryn/first_person/animations/gauntlet/heavy_swing_right_diagonal_up.lua

local spline_matrices = {
	[0.0166666666667] = {
		-0.284584,
		0.039191,
		0.95785,
		0,
		-0.286194,
		-0.957073,
		-0.045871,
		0,
		0.914935,
		-0.287185,
		0.283584,
		0,
		-0.675377,
		0.31496,
		-0.460148,
		1
	},
	[0.0333333333333] = {
		-0.273218,
		0.027156,
		0.961569,
		0,
		-0.26399,
		-0.96334,
		-0.047804,
		0,
		0.925019,
		-0.266906,
		0.270371,
		0,
		-0.667092,
		0.321997,
		-0.457652,
		1
	},
	[0.05] = {
		-0.262111,
		0.015397,
		0.964915,
		0,
		-0.238161,
		-0.969978,
		-0.049217,
		0,
		0.935188,
		-0.242706,
		0.257908,
		0,
		-0.655321,
		0.333254,
		-0.453505,
		1
	},
	[0.0666666666667] = {
		-0.251239,
		0.003522,
		0.967919,
		0,
		-0.218961,
		-0.974277,
		-0.053289,
		0,
		0.942834,
		-0.225325,
		0.245548,
		0,
		-0.64188,
		0.348264,
		-0.448386,
		1
	},
	[0.0833333333333] = {
		-0.240532,
		-0.009204,
		0.970598,
		0,
		-0.21562,
		-0.974464,
		-0.062676,
		0,
		0.946389,
		-0.224356,
		0.232405,
		0,
		-0.628455,
		0.366432,
		-0.442935,
		1
	},
	[0] = {
		-0.2962,
		0.051476,
		0.953738,
		0,
		-0.293758,
		-0.955056,
		-0.039684,
		0,
		0.90883,
		-0.291923,
		0.298009,
		0,
		-0.678225,
		0.312402,
		-0.460234,
		1
	},
	[0.116666666667] = {
		-0.219568,
		-0.04216,
		0.974686,
		0,
		-0.293147,
		-0.950046,
		-0.107132,
		0,
		0.930513,
		-0.309249,
		0.19624,
		0,
		-0.608724,
		0.41107,
		-0.433826,
		1
	},
	[0.133333333333] = {
		-0.210424,
		-0.066527,
		0.975344,
		0,
		-0.396601,
		-0.906086,
		-0.147367,
		0,
		0.893549,
		-0.417832,
		0.164278,
		0,
		-0.606879,
		0.439329,
		-0.431798,
		1
	},
	[0.15] = {
		-0.204538,
		-0.103011,
		0.973423,
		0,
		-0.581245,
		-0.787364,
		-0.205454,
		0,
		0.787603,
		-0.607821,
		0.101171,
		0,
		-0.595759,
		0.566347,
		-0.431604,
		1
	},
	[0.166666666667] = {
		-0.21219,
		-0.152421,
		0.965268,
		0,
		-0.813511,
		-0.519741,
		-0.2609,
		0,
		0.541457,
		-0.840617,
		-0.013713,
		0,
		-0.554119,
		0.845149,
		-0.429275,
		1
	},
	[0.183333333333] = {
		-0.245275,
		-0.199435,
		0.948718,
		0,
		-0.958368,
		-0.097687,
		-0.268306,
		0,
		0.146187,
		-0.97503,
		-0.167172,
		0,
		-0.469689,
		1.208787,
		-0.41895,
		1
	},
	[0.1] = {
		-0.229923,
		-0.023886,
		0.972916,
		0,
		-0.237018,
		-0.968224,
		-0.079783,
		0,
		0.943906,
		-0.248942,
		0.216956,
		0,
		-0.616747,
		0.387312,
		-0.437825,
		1
	},
	[0.216666666667] = {
		-0.352389,
		-0.216684,
		0.910423,
		0,
		-0.714954,
		0.690062,
		-0.112493,
		0,
		-0.603873,
		-0.690552,
		-0.398089,
		0,
		-0.162366,
		1.843118,
		-0.371195,
		1
	},
	[0.233333333333] = {
		-0.395791,
		-0.192635,
		0.897909,
		0,
		-0.476758,
		0.878769,
		-0.021622,
		0,
		-0.78489,
		-0.436643,
		-0.439649,
		0,
		0.029543,
		1.954324,
		-0.340496,
		1
	},
	[0.25] = {
		-0.439557,
		-0.160434,
		0.883771,
		0,
		-0.216903,
		0.973759,
		0.06889,
		0,
		-0.871632,
		-0.161411,
		-0.462821,
		0,
		0.356153,
		1.873707,
		-0.200275,
		1
	},
	[0.266666666667] = {
		-0.478231,
		-0.110821,
		0.871214,
		0,
		0.060639,
		0.985472,
		0.158642,
		0,
		-0.876138,
		0.128697,
		-0.464563,
		0,
		0.793859,
		1.69895,
		0.022951,
		1
	},
	[0.283333333333] = {
		-0.485466,
		-0.047279,
		0.872976,
		0,
		0.266081,
		0.943176,
		0.19905,
		0,
		-0.832781,
		0.328914,
		-0.4453,
		0,
		1.106778,
		1.546123,
		0.13038,
		1
	},
	[0.2] = {
		-0.298436,
		-0.2226,
		0.928108,
		0,
		-0.911746,
		0.354043,
		-0.20826,
		0,
		-0.282232,
		-0.908352,
		-0.308614,
		0,
		-0.334943,
		1.570969,
		-0.398309,
		1
	},
	[0.316666666667] = {
		-0.421212,
		0.093177,
		0.902163,
		0,
		0.442441,
		0.889431,
		0.11471,
		0,
		-0.791723,
		0.447472,
		-0.415865,
		0,
		1.395282,
		1.270579,
		0.014082,
		1
	},
	[0.333333333333] = {
		-0.372423,
		0.17023,
		0.912317,
		0,
		0.478671,
		0.877422,
		0.031683,
		0,
		-0.795094,
		0.4485,
		-0.408257,
		0,
		1.500095,
		1.120197,
		-0.07819,
		1
	},
	[0.35] = {
		-0.319142,
		0.250223,
		0.914077,
		0,
		0.49908,
		0.86431,
		-0.06235,
		0,
		-0.805647,
		0.436299,
		-0.400719,
		0,
		1.577501,
		0.985631,
		-0.168432,
		1
	},
	[0.366666666667] = {
		-0.264047,
		0.32924,
		0.906576,
		0,
		0.518071,
		0.841246,
		-0.154622,
		0,
		-0.813561,
		0.428844,
		-0.392698,
		0,
		1.62754,
		0.884943,
		-0.238439,
		1
	},
	[0.383333333333] = {
		-0.208757,
		0.400827,
		0.892053,
		0,
		0.549597,
		0.802569,
		-0.232003,
		0,
		-0.808927,
		0.441837,
		-0.387835,
		0,
		1.649301,
		0.840395,
		-0.270055,
		1
	},
	[0.3] = {
		-0.460999,
		0.020228,
		0.88717,
		0,
		0.376188,
		0.909919,
		0.174731,
		0,
		-0.803718,
		0.414293,
		-0.427081,
		0,
		1.262848,
		1.419594,
		0.089985,
		1
	},
	[0.416666666667] = {
		-0.213505,
		0.398674,
		0.891894,
		0,
		0.553186,
		0.80182,
		-0.225987,
		0,
		-0.805233,
		0.445134,
		-0.391733,
		0,
		1.653205,
		0.836868,
		-0.256785,
		1
	},
	[0.433333333333] = {
		-0.21696,
		0.397135,
		0.891747,
		0,
		0.556039,
		0.801103,
		-0.221484,
		0,
		-0.80234,
		0.447793,
		-0.394629,
		0,
		1.656268,
		0.83379,
		-0.246862,
		1
	},
	[0.45] = {
		-0.220742,
		0.395481,
		0.891553,
		0,
		0.559436,
		0.800123,
		-0.216411,
		0,
		-0.798939,
		0.450996,
		-0.397867,
		0,
		1.659872,
		0.829842,
		-0.235698,
		1
	},
	[0.466666666667] = {
		-0.22456,
		0.393856,
		0.891319,
		0,
		0.56326,
		0.798861,
		-0.211092,
		0,
		-0.79518,
		0.454642,
		-0.401236,
		0,
		1.663877,
		0.825042,
		-0.224006,
		1
	},
	[0.483333333333] = {
		-0.228122,
		0.392402,
		0.891056,
		0,
		0.567396,
		0.797299,
		-0.205853,
		0,
		-0.791215,
		0.458622,
		-0.404529,
		0,
		1.668158,
		0.81942,
		-0.212504,
		1
	},
	[0.4] = {
		-0.210672,
		0.399953,
		0.891995,
		0,
		0.550998,
		0.8023,
		-0.2296,
		0,
		-0.807476,
		0.443117,
		-0.389396,
		0,
		1.650832,
		0.83907,
		-0.264753,
		1
	},
	[0.516666666667] = {
		-0.23332,
		0.39058,
		0.890511,
		0,
		0.576172,
		0.793243,
		-0.196957,
		0,
		-0.783319,
		0.467133,
		-0.41012,
		0,
		1.677095,
		0.805902,
		-0.19295,
		1
	},
	[0.533333333333] = {
		-0.235156,
		0.390143,
		0.890219,
		0,
		0.580764,
		0.790821,
		-0.193169,
		0,
		-0.779368,
		0.471582,
		-0.412547,
		0,
		1.681709,
		0.798213,
		-0.18457,
		1
	},
	[0.55] = {
		-0.236989,
		0.389658,
		0.889945,
		0,
		0.585538,
		0.788255,
		-0.189207,
		0,
		-0.77523,
		0.476257,
		-0.414967,
		0,
		1.686459,
		0.790104,
		-0.175913,
		1
	},
	[0.566666666667] = {
		-0.238314,
		0.389138,
		0.889819,
		0,
		0.590342,
		0.785563,
		-0.185437,
		0,
		-0.77117,
		0.481105,
		-0.416935,
		0,
		1.691199,
		0.781648,
		-0.167997,
		1
	},
	[0.583333333333] = {
		-0.238631,
		0.388593,
		0.889972,
		0,
		0.595031,
		0.782769,
		-0.182237,
		0,
		-0.767459,
		0.486074,
		-0.418018,
		0,
		1.695801,
		0.772928,
		-0.161846,
		1
	},
	[0.5] = {
		-0.231138,
		0.391263,
		0.89078,
		0,
		0.571735,
		0.795428,
		-0.201029,
		0,
		-0.787206,
		0.462825,
		-0.407553,
		0,
		1.672598,
		0.813021,
		-0.201912,
		1
	},
	[0.616666666667] = {
		-0.235258,
		0.38747,
		0.891359,
		0,
		0.603703,
		0.776988,
		-0.178417,
		0,
		-0.761706,
		0.496142,
		-0.416709,
		0,
		1.704279,
		0.755065,
		-0.157035,
		1
	},
	[0.633333333333] = {
		-0.232969,
		0.386915,
		0.892201,
		0,
		0.607882,
		0.774059,
		-0.176953,
		0,
		-0.759082,
		0.501128,
		-0.41553,
		0,
		1.708327,
		0.746111,
		-0.155849,
		1
	},
	[0.65] = {
		-0.230601,
		0.38638,
		0.893047,
		0,
		0.611961,
		0.771143,
		-0.175618,
		0,
		-0.756523,
		0.506013,
		-0.414276,
		0,
		1.712248,
		0.737259,
		-0.154943,
		1
	},
	[0.666666666667] = {
		-0.228184,
		0.38588,
		0.893884,
		0,
		0.615905,
		0.768268,
		-0.17443,
		0,
		-0.754051,
		0.510746,
		-0.412972,
		0,
		1.716008,
		0.728596,
		-0.154316,
		1
	},
	[0.683333333333] = {
		-0.225747,
		0.385429,
		0.894697,
		0,
		0.619676,
		0.765463,
		-0.173401,
		0,
		-0.751691,
		0.515277,
		-0.411643,
		0,
		1.719576,
		0.72021,
		-0.153968,
		1
	},
	[0.6] = {
		-0.237437,
		0.388034,
		0.890535,
		0,
		0.599464,
		0.779901,
		-0.179996,
		0,
		-0.764373,
		0.491106,
		-0.41779,
		0,
		1.700142,
		0.764034,
		-0.158498,
		1
	},
	[0.716666666667] = {
		-0.220941,
		0.384734,
		0.896195,
		0,
		0.626555,
		0.760188,
		-0.171881,
		0,
		-0.747405,
		0.52354,
		-0.409013,
		0,
		1.72601,
		0.704623,
		-0.154098,
		1
	},
	[0.733333333333] = {
		-0.218631,
		0.38452,
		0.896852,
		0,
		0.629592,
		0.75778,
		-0.171414,
		0,
		-0.745529,
		0.527175,
		-0.407766,
		0,
		1.728819,
		0.697599,
		-0.154564,
		1
	},
	[0.75] = {
		-0.216426,
		0.384417,
		0.897431,
		0,
		0.632316,
		0.755567,
		-0.171159,
		0,
		-0.743866,
		0.530417,
		-0.406597,
		0,
		1.73132,
		0.691206,
		-0.155291,
		1
	},
	[0.766666666667] = {
		-0.214356,
		0.38444,
		0.897918,
		0,
		0.63469,
		0.753581,
		-0.171126,
		0,
		-0.742442,
		0.533218,
		-0.405535,
		0,
		1.733487,
		0.685532,
		-0.15627,
		1
	},
	[0.783333333333] = {
		-0.212452,
		0.384606,
		0.8983,
		0,
		0.636681,
		0.751854,
		-0.171327,
		0,
		-0.741284,
		0.535532,
		-0.404604,
		0,
		1.735292,
		0.680667,
		-0.157494,
		1
	},
	[0.7] = {
		-0.223323,
		0.385042,
		0.895472,
		0,
		0.623238,
		0.76276,
		-0.172548,
		0,
		-0.749468,
		0.519558,
		-0.410315,
		0,
		1.72292,
		0.71219,
		-0.153897,
		1
	},
	[0.816666666667] = {
		-0.209265,
		0.385478,
		0.898674,
		0,
		0.639376,
		0.74929,
		-0.172516,
		0,
		-0.739869,
		0.538489,
		-0.403266,
		0,
		1.737717,
		0.673699,
		-0.160689,
		1
	},
	[0.833333333333] = {
		-0.208045,
		0.386258,
		0.898622,
		0,
		0.640011,
		0.748507,
		-0.173561,
		0,
		-0.739664,
		0.53902,
		-0.402932,
		0,
		1.738281,
		0.671762,
		-0.16268,
		1
	},
	[0.85] = {
		-0.207114,
		0.3872,
		0.898432,
		0,
		0.640123,
		0.748111,
		-0.174849,
		0,
		-0.739828,
		0.538894,
		-0.4028,
		0,
		1.738376,
		0.670985,
		-0.164863,
		1
	},
	[0.866666666667] = {
		-0.206433,
		0.388267,
		0.898128,
		0,
		0.639807,
		0.748036,
		-0.176323,
		0,
		-0.740292,
		0.538229,
		-0.402835,
		0,
		1.738084,
		0.671167,
		-0.16718,
		1
	},
	[0.883333333333] = {
		-0.205927,
		0.389442,
		0.897735,
		0,
		0.63922,
		0.748157,
		-0.177927,
		0,
		-0.74094,
		0.537211,
		-0.403005,
		0,
		1.73755,
		0.671949,
		-0.169572,
		1
	},
	[0.8] = {
		-0.210745,
		0.38493,
		0.898563,
		0,
		0.638255,
		0.750417,
		-0.171773,
		0,
		-0.740417,
		0.537312,
		-0.403829,
		0,
		1.736711,
		0.676696,
		-0.158957,
		1
	},
	[0.916666666667] = {
		-0.205349,
		0.391936,
		0.896782,
		0,
		0.637489,
		0.748825,
		-0.181297,
		0,
		-0.74259,
		0.53446,
		-0.403625,
		0,
		1.735977,
		0.674788,
		-0.174343,
		1
	},
	[0.933333333333] = {
		-0.205229,
		0.393166,
		0.896271,
		0,
		0.63647,
		0.749289,
		-0.182951,
		0,
		-0.743496,
		0.532903,
		-0.404015,
		0,
		1.735051,
		0.676581,
		-0.1766,
		1
	},
	[0.95] = {
		-0.205191,
		0.394327,
		0.89577,
		0,
		0.635433,
		0.749788,
		-0.184507,
		0,
		-0.744393,
		0.531343,
		-0.404418,
		0,
		1.734107,
		0.678451,
		-0.178688,
		1
	},
	[0.966666666667] = {
		-0.205212,
		0.395373,
		0.895304,
		0,
		0.634442,
		0.750281,
		-0.18591,
		0,
		-0.745233,
		0.529867,
		-0.404808,
		0,
		1.733203,
		0.680267,
		-0.180543,
		1
	},
	[0.983333333333] = {
		-0.205268,
		0.396262,
		0.894897,
		0,
		0.63356,
		0.75073,
		-0.187101,
		0,
		-0.745967,
		0.528565,
		-0.405156,
		0,
		1.732397,
		0.681902,
		-0.182101,
		1
	},
	[0.9] = {
		-0.205574,
		0.39068,
		0.897278,
		0,
		0.638427,
		0.748434,
		-0.179604,
		0,
		-0.741721,
		0.535925,
		-0.403279,
		0,
		1.736829,
		0.6732,
		-0.17198,
		1
	},
	[1.01666666667] = {
		-0.205395,
		0.397396,
		0.894366,
		0,
		0.632378,
		0.751346,
		-0.188619,
		0,
		-0.746935,
		0.526835,
		-0.405627,
		0,
		1.731316,
		0.684118,
		-0.18406,
		1
	},
	[1.03333333333] = {
		-0.205419,
		0.397554,
		0.89429,
		0,
		0.632206,
		0.751438,
		-0.188831,
		0,
		-0.747073,
		0.526586,
		-0.405695,
		0,
		1.731159,
		0.684443,
		-0.18433,
		1
	},
	{
		-0.205337,
		0.396951,
		0.894576,
		0,
		0.63285,
		0.751098,
		-0.188024,
		0,
		-0.74655,
		0.527525,
		-0.405438,
		0,
		1.731748,
		0.683229,
		-0.183295,
		1
	}
}

return spline_matrices
