-- chunkname: @content/characters/player/ogryn/first_person/animations/gauntlet/heavy_swing_stab.lua

local spline_matrices = {
	[0.0166666666667] = {
		0.998438,
		0.051961,
		0.020553,
		0,
		-0.047823,
		0.984853,
		-0.166664,
		0,
		-0.028902,
		0.165421,
		0.985799,
		0,
		1.007649,
		0.01458,
		-0.709643,
		1
	},
	[0.0333333333333] = {
		0.997117,
		0.072788,
		0.02142,
		0,
		-0.068207,
		0.983559,
		-0.167211,
		0,
		-0.033239,
		0.165268,
		0.985688,
		0,
		1.006247,
		0.029505,
		-0.710013,
		1
	},
	[0.05] = {
		0.995309,
		0.094134,
		0.022327,
		0,
		-0.089167,
		0.982115,
		-0.165828,
		0,
		-0.037538,
		0.163059,
		0.985902,
		0,
		1.004854,
		0.047823,
		-0.710125,
		1
	},
	[0.0666666666667] = {
		0.994198,
		0.10514,
		0.022726,
		0,
		-0.100171,
		0.98192,
		-0.160619,
		0,
		-0.039203,
		0.157411,
		0.986755,
		0,
		1.004489,
		0.064254,
		-0.709632,
		1
	},
	[0.0833333333333] = {
		0.995241,
		0.094984,
		0.021752,
		0,
		-0.090695,
		0.984569,
		-0.149658,
		0,
		-0.035631,
		0.146973,
		0.988499,
		0,
		1.006423,
		0.073527,
		-0.708302,
		1
	},
	[0] = {
		0.998889,
		0.042585,
		0.020164,
		0,
		-0.038655,
		0.985357,
		-0.166066,
		0,
		-0.026941,
		0.165102,
		0.985909,
		0,
		1.008278,
		0.008405,
		-0.70943,
		1
	},
	[0.116666666667] = {
		0.999095,
		-0.018462,
		-0.038311,
		0,
		0.013707,
		0.992573,
		-0.120873,
		0,
		0.040258,
		0.120238,
		0.991928,
		0,
		0.961929,
		0.109512,
		-0.671064,
		1
	},
	[0.133333333333] = {
		0.990991,
		-0.102126,
		-0.086645,
		0,
		0.092502,
		0.989769,
		-0.108632,
		0,
		0.096853,
		0.099638,
		0.990299,
		0,
		0.910055,
		0.146607,
		-0.633199,
		1
	},
	[0.15] = {
		0.974509,
		-0.185496,
		-0.126191,
		0,
		0.174015,
		0.979982,
		-0.096713,
		0,
		0.141604,
		0.072288,
		0.98728,
		0,
		0.846875,
		0.195388,
		-0.587586,
		1
	},
	[0.166666666667] = {
		0.955702,
		-0.257651,
		-0.142303,
		0,
		0.24821,
		0.965328,
		-0.080835,
		0,
		0.158196,
		0.041933,
		0.986517,
		0,
		0.778989,
		0.25529,
		-0.537792,
		1
	},
	[0.183333333333] = {
		0.942955,
		-0.310343,
		-0.12051,
		0,
		0.305919,
		0.950519,
		-0.054094,
		0,
		0.131335,
		0.014142,
		0.991237,
		0,
		0.712879,
		0.325758,
		-0.487086,
		1
	},
	[0.1] = {
		0.99864,
		0.052043,
		0.003132,
		0,
		-0.051146,
		0.989539,
		-0.134897,
		0,
		-0.01012,
		0.134554,
		0.990855,
		0,
		0.99609,
		0.084763,
		-0.697423,
		1
	},
	[0.216666666667] = {
		0.937536,
		-0.322753,
		0.129831,
		0,
		0.31657,
		0.946249,
		0.066306,
		0,
		-0.144253,
		-0.021064,
		0.989317,
		0,
		0.597374,
		0.514523,
		-0.381933,
		1
	},
	[0.233333333333] = {
		0.878031,
		-0.273847,
		0.392517,
		0,
		0.231181,
		0.960778,
		0.153171,
		0,
		-0.419067,
		-0.043746,
		0.906901,
		0,
		0.532295,
		0.660307,
		-0.315312,
		1
	},
	[0.25] = {
		0.7162,
		-0.209542,
		0.665695,
		0,
		0.09321,
		0.974035,
		0.206318,
		0,
		-0.691642,
		-0.085715,
		0.717136,
		0,
		0.458302,
		0.823553,
		-0.254797,
		1
	},
	[0.266666666667] = {
		0.479074,
		-0.1541,
		0.864142,
		0,
		-0.053144,
		0.977571,
		0.20379,
		0,
		-0.876165,
		-0.143554,
		0.460139,
		0,
		0.378647,
		0.984507,
		-0.214242,
		1
	},
	[0.283333333333] = {
		0.243541,
		-0.121402,
		0.962263,
		0,
		-0.166382,
		0.972198,
		0.164766,
		0,
		-0.955513,
		-0.20023,
		0.216571,
		0,
		0.296814,
		1.124422,
		-0.200709,
		1
	},
	[0.2] = {
		0.940846,
		-0.336073,
		-0.043168,
		0,
		0.336011,
		0.941816,
		-0.008915,
		0,
		0.043652,
		-0.006118,
		0.999028,
		0,
		0.654234,
		0.405723,
		-0.438424,
		1
	},
	[0.316666666667] = {
		-0.187433,
		-0.091194,
		0.978035,
		0,
		-0.295371,
		0.954832,
		0.032425,
		0,
		-0.936817,
		-0.282805,
		-0.205903,
		0,
		0.102805,
		1.326833,
		-0.250129,
		1
	},
	[0.333333333333] = {
		-0.327681,
		-0.092294,
		0.94027,
		0,
		-0.334286,
		0.942166,
		-0.024018,
		0,
		-0.883673,
		-0.322189,
		-0.339583,
		0,
		0.02827,
		1.362284,
		-0.288081,
		1
	},
	[0.35] = {
		-0.386445,
		-0.108223,
		0.915941,
		0,
		-0.378013,
		0.924435,
		-0.050261,
		0,
		-0.841288,
		-0.365661,
		-0.398153,
		0,
		-0.021751,
		1.363616,
		-0.32316,
		1
	},
	[0.366666666667] = {
		-0.399639,
		-0.13253,
		0.907041,
		0,
		-0.429058,
		0.901456,
		-0.057327,
		0,
		-0.81006,
		-0.412083,
		-0.417121,
		0,
		-0.066087,
		1.36122,
		-0.358742,
		1
	},
	[0.383333333333] = {
		-0.381634,
		-0.156811,
		0.910915,
		0,
		-0.481297,
		0.875073,
		-0.051002,
		0,
		-0.789119,
		-0.457884,
		-0.40943,
		0,
		-0.104042,
		1.353995,
		-0.393806,
		1
	},
	[0.3] = {
		0.022116,
		-0.102766,
		0.99446,
		0,
		-0.243039,
		0.964311,
		0.105056,
		0,
		-0.969764,
		-0.244016,
		-0.00365,
		0,
		0.202027,
		1.240332,
		-0.215934,
		1
	},
	[0.416666666667] = {
		-0.306364,
		-0.179363,
		0.934864,
		0,
		-0.562446,
		0.826432,
		-0.02576,
		0,
		-0.767981,
		-0.533703,
		-0.354071,
		0,
		-0.158016,
		1.321591,
		-0.45962,
		1
	},
	[0.433333333333] = {
		-0.27796,
		-0.169637,
		0.945495,
		0,
		-0.579796,
		0.814399,
		-0.024335,
		0,
		-0.765882,
		-0.554958,
		-0.324725,
		0,
		-0.172303,
		1.295375,
		-0.488934,
		1
	},
	[0.45] = {
		-0.25914,
		-0.148362,
		0.954377,
		0,
		-0.584041,
		0.811074,
		-0.032498,
		0,
		-0.769248,
		-0.565816,
		-0.296831,
		0,
		-0.178796,
		1.263974,
		-0.517447,
		1
	},
	[0.466666666667] = {
		-0.23825,
		-0.120847,
		0.963656,
		0,
		-0.582729,
		0.811565,
		-0.042297,
		0,
		-0.776958,
		-0.571627,
		-0.263776,
		0,
		-0.1792,
		1.229644,
		-0.547147,
		1
	},
	[0.483333333333] = {
		-0.215132,
		-0.087666,
		0.972642,
		0,
		-0.576068,
		0.815622,
		-0.053903,
		0,
		-0.788583,
		-0.571905,
		-0.225968,
		0,
		-0.173691,
		1.192941,
		-0.577656,
		1
	},
	[0.4] = {
		-0.345872,
		-0.174075,
		0.921993,
		0,
		-0.527858,
		0.84849,
		-0.03782,
		0,
		-0.775718,
		-0.499762,
		-0.385356,
		0,
		-0.134949,
		1.341001,
		-0.427661,
		1
	},
	[0.516666666667] = {
		-0.161168,
		-0.007153,
		0.986901,
		0,
		-0.547329,
		0.832757,
		-0.083347,
		0,
		-0.821252,
		-0.553593,
		-0.138129,
		0,
		-0.145832,
		1.114569,
		-0.639795,
		1
	},
	[0.533333333333] = {
		-0.129684,
		0.038419,
		0.990811,
		0,
		-0.525538,
		0.844689,
		-0.101539,
		0,
		-0.840828,
		-0.533877,
		-0.089352,
		0,
		-0.124051,
		1.073908,
		-0.670857,
		1
	},
	[0.55] = {
		-0.094811,
		0.086052,
		0.991769,
		0,
		-0.499541,
		0.857633,
		-0.122168,
		0,
		-0.861086,
		-0.507012,
		-0.038326,
		0,
		-0.098132,
		1.032826,
		-0.701581,
		1
	},
	[0.566666666667] = {
		-0.05645,
		0.134967,
		0.989241,
		0,
		-0.470234,
		0.87045,
		-0.145593,
		0,
		-0.880735,
		-0.473393,
		0.014329,
		0,
		-0.069155,
		0.991416,
		-0.73219,
		1
	},
	[0.583333333333] = {
		-0.014646,
		0.184537,
		0.982716,
		0,
		-0.438148,
		0.882254,
		-0.172202,
		0,
		-0.898783,
		-0.433097,
		0.067933,
		0,
		-0.037625,
		0.949701,
		-0.762982,
		1
	},
	[0.5] = {
		-0.18954,
		-0.049499,
		0.980625,
		0,
		-0.564222,
		0.822858,
		-0.06752,
		0,
		-0.803572,
		-0.566088,
		-0.183893,
		0,
		-0.162482,
		1.154409,
		-0.608639,
		1
	},
	[0.616666666667] = {
		0.078362,
		0.281423,
		0.956379,
		0,
		-0.368188,
		0.899675,
		-0.234569,
		0,
		-0.926443,
		-0.333746,
		0.174117,
		0,
		0.030958,
		0.866445,
		-0.824535,
		1
	},
	[0.633333333333] = {
		0.128726,
		0.326677,
		0.936329,
		0,
		-0.331741,
		0.903973,
		-0.26978,
		0,
		-0.934547,
		-0.275891,
		0.224737,
		0,
		0.066887,
		0.825462,
		-0.854922,
		1
	},
	[0.65] = {
		0.18089,
		0.368569,
		0.911831,
		0,
		-0.295317,
		0.904697,
		-0.3071,
		0,
		-0.938119,
		-0.213728,
		0.272496,
		0,
		0.103136,
		0.785304,
		-0.884749,
		1
	},
	[0.666666666667] = {
		0.234165,
		0.406356,
		0.883199,
		0,
		-0.259648,
		0.901599,
		-0.345981,
		0,
		-0.936883,
		-0.148304,
		0.316632,
		0,
		0.139118,
		0.746288,
		-0.913763,
		1
	},
	[0.683333333333] = {
		0.287824,
		0.439482,
		0.850889,
		0,
		-0.225407,
		0.894614,
		-0.38582,
		0,
		-0.930779,
		-0.080748,
		0.356554,
		0,
		0.174251,
		0.70875,
		-0.941693,
		1
	},
	[0.6] = {
		0.030408,
		0.233708,
		0.971831,
		0,
		-0.403903,
		0.892237,
		-0.201929,
		0,
		-0.914296,
		-0.386385,
		0.121526,
		0,
		-0.004069,
		0.907952,
		-0.793821,
		1
	},
	[0.716666666667] = {
		0.393488,
		0.49056,
		0.777508,
		0,
		-0.163453,
		0.86959,
		-0.465936,
		0,
		-0.904683,
		0.056254,
		0.422356,
		0,
		0.239695,
		0.639532,
		-0.993187,
		1
	},
	[0.733333333333] = {
		0.444248,
		0.508412,
		0.737673,
		0,
		-0.136581,
		0.852193,
		-0.505087,
		0,
		-0.885432,
		0.123631,
		0.448025,
		0,
		0.268906,
		0.608593,
		-1.016197,
		1
	},
	[0.75] = {
		0.492958,
		0.521357,
		0.696548,
		0,
		-0.112816,
		0.832124,
		-0.542993,
		0,
		-0.862708,
		0.189091,
		0.46902,
		0,
		0.295071,
		0.580605,
		-1.037029,
		1
	},
	[0.766666666667] = {
		0.539257,
		0.529722,
		0.654673,
		0,
		-0.092299,
		0.809885,
		-0.579282,
		0,
		-0.837068,
		0.251956,
		0.485629,
		0,
		0.317687,
		0.555945,
		-1.055431,
		1
	},
	[0.783333333333] = {
		0.582895,
		0.533914,
		0.612511,
		0,
		-0.075085,
		0.785983,
		-0.613672,
		0,
		-0.809071,
		0.311715,
		0.498234,
		0,
		0.336264,
		0.53499,
		-1.07117,
		1
	},
	[0.7] = {
		0.341153,
		0.467598,
		0.815455,
		0,
		-0.193182,
		0.883857,
		-0.426002,
		0,
		-0.919943,
		-0.012199,
		0.391862,
		0,
		0.207963,
		0.673043,
		-0.968261,
		1
	},
	[0.816666666667] = {
		0.661692,
		0.531634,
		0.528704,
		0,
		-0.050477,
		0.735137,
		-0.676037,
		0,
		-0.748074,
		0.420641,
		0.51327,
		0,
		0.359423,
		0.505695,
		-1.093799,
		1
	},
	[0.833333333333] = {
		0.696811,
		0.526108,
		0.487509,
		0,
		-0.042945,
		0.70907,
		-0.703829,
		0,
		-0.715968,
		0.469499,
		0.516682,
		0,
		0.363101,
		0.498102,
		-1.1003,
		1
	},
	[0.8] = {
		0.623725,
		0.534393,
		0.57043,
		0,
		-0.061163,
		0.760914,
		-0.645964,
		0,
		-0.779247,
		0.368015,
		0.507286,
		0,
		0.350329,
		0.518116,
		-1.084027,
		1
	}
}

return spline_matrices
