local spline_matrices = {
	[0] = {
		0.974362,
		0.119823,
		0.190422,
		0,
		-0.136085,
		0.987876,
		0.074709,
		0,
		-0.179161,
		-0.098708,
		0.978855,
		0,
		0.777357,
		1.090876,
		-0.217064,
		1
	},
	[0.0166666666667] = {
		0.971913,
		0.1121,
		0.206925,
		0,
		-0.122456,
		0.99175,
		0.037896,
		0,
		-0.20097,
		-0.062171,
		0.977623,
		0,
		0.7806,
		1.097594,
		-0.240944,
		1
	},
	[0.0333333333333] = {
		0.96904,
		0.104784,
		0.223566,
		0,
		-0.105491,
		0.994381,
		-0.008813,
		0,
		-0.223234,
		-0.015044,
		0.974649,
		0,
		0.785119,
		1.11227,
		-0.28799,
		1
	},
	[0.05] = {
		0.965738,
		0.098325,
		0.24017,
		0,
		-0.086018,
		0.994411,
		-0.061222,
		0,
		-0.244848,
		0.038465,
		0.968798,
		0,
		0.789633,
		1.126453,
		-0.334813,
		1
	},
	[0.0666666666667] = {
		0.962028,
		0.093042,
		0.256603,
		0,
		-0.065139,
		0.991205,
		-0.115191,
		0,
		-0.265063,
		0.094102,
		0.959628,
		0,
		0.792708,
		1.131441,
		-0.358191,
		1
	},
	[0.0833333333333] = {
		0.957924,
		0.089144,
		0.272827,
		0,
		-0.044146,
		0.984996,
		-0.166836,
		0,
		-0.283606,
		0.147772,
		0.947487,
		0,
		0.791315,
		1.11859,
		-0.359008,
		1
	},
	[0.116666666667] = {
		0.948507,
		0.085069,
		0.305119,
		0,
		-0.006514,
		0.968297,
		-0.249717,
		0,
		-0.316689,
		0.23487,
		0.918991,
		0,
		0.771804,
		1.048146,
		-0.343574,
		1
	},
	[0.133333333333] = {
		0.943224,
		0.082499,
		0.321748,
		0,
		0.009432,
		0.961621,
		-0.274219,
		0,
		-0.332022,
		0.261685,
		0.906246,
		0,
		0.757409,
		1.001035,
		-0.327216,
		1
	},
	[0.15] = {
		0.93748,
		0.077624,
		0.339274,
		0,
		0.022658,
		0.959132,
		-0.282052,
		0,
		-0.347302,
		0.272105,
		0.897408,
		0,
		0.74208,
		0.953684,
		-0.303763,
		1
	},
	[0.166666666667] = {
		0.931163,
		0.068969,
		0.358021,
		0,
		0.032262,
		0.962508,
		-0.269327,
		0,
		-0.363174,
		0.262338,
		0.894027,
		0,
		0.727221,
		0.911681,
		-0.272876,
		1
	},
	[0.183333333333] = {
		0.924166,
		0.0546,
		0.378068,
		0,
		0.037061,
		0.972247,
		-0.231005,
		0,
		-0.380189,
		0.227498,
		0.896494,
		0,
		0.714139,
		0.880466,
		-0.234061,
		1
	},
	[0.1] = {
		0.953411,
		0.086742,
		0.288933,
		0,
		-0.024416,
		0.976815,
		-0.212687,
		0,
		-0.300683,
		0.195724,
		0.933425,
		0,
		0.783816,
		1.089091,
		-0.353954,
		1
	},
	[0.216666666667] = {
		0.90641,
		-0.003839,
		0.422382,
		0,
		0.026016,
		0.998568,
		-0.046751,
		0,
		-0.421597,
		0.053364,
		0.905212,
		0,
		0.686562,
		0.842195,
		-0.129237,
		1
	},
	[0.233333333333] = {
		0.896012,
		-0.05129,
		0.441058,
		0,
		0.007591,
		0.994931,
		0.100277,
		0,
		-0.443966,
		-0.086501,
		0.891859,
		0,
		0.669965,
		0.826145,
		-0.063814,
		1
	},
	[0.25] = {
		0.885855,
		-0.110251,
		0.450672,
		0,
		-0.020274,
		0.961229,
		0.275004,
		0,
		-0.463518,
		-0.252751,
		0.849275,
		0,
		0.651765,
		0.807738,
		0.008421,
		1
	},
	[0.266666666667] = {
		0.877368,
		-0.177008,
		0.445975,
		0,
		-0.056371,
		0.885004,
		0.462158,
		0,
		-0.476495,
		-0.430623,
		0.766496,
		0,
		0.63245,
		0.783813,
		0.084696,
		1
	},
	[0.283333333333] = {
		0.871974,
		-0.244947,
		0.423865,
		0,
		-0.097309,
		0.761823,
		0.640434,
		0,
		-0.479783,
		-0.599688,
		0.640455,
		0,
		0.612869,
		0.752395,
		0.161188,
		1
	},
	[0.2] = {
		0.915995,
		0.031194,
		0.399975,
		0,
		0.035448,
		0.98678,
		-0.15814,
		0,
		-0.399621,
		0.159033,
		0.90278,
		0,
		0.701329,
		0.859292,
		-0.186257,
		1
	},
	[0.316666666667] = {
		0.87295,
		-0.354622,
		0.334965,
		0,
		-0.173882,
		0.415357,
		0.892885,
		0,
		-0.455767,
		-0.837689,
		0.300923,
		0,
		0.577484,
		0.668451,
		0.300062,
		1
	},
	[0.333333333333] = {
		0.878275,
		-0.38755,
		0.280069,
		0,
		-0.201466,
		0.231267,
		0.951802,
		0,
		-0.433641,
		-0.892368,
		0.125038,
		0,
		0.563775,
		0.619858,
		0.358561,
		1
	},
	[0.35] = {
		0.885172,
		-0.406142,
		0.226978,
		0,
		-0.220027,
		0.064436,
		0.973363,
		0,
		-0.409949,
		-0.911536,
		-0.032325,
		0,
		0.553606,
		0.56943,
		0.410013,
		1
	},
	[0.366666666667] = {
		0.892394,
		-0.413754,
		0.180114,
		0,
		-0.230484,
		-0.07477,
		0.970199,
		0,
		-0.387956,
		-0.907313,
		-0.162088,
		0,
		0.547267,
		0.517914,
		0.455819,
		1
	},
	[0.383333333333] = {
		0.899011,
		-0.414341,
		0.141779,
		0,
		-0.23454,
		-0.182145,
		0.95489,
		0,
		-0.369825,
		-0.891709,
		-0.26093,
		0,
		0.544908,
		0.465076,
		0.497453,
		1
	},
	[0.3] = {
		0.870533,
		-0.306231,
		0.38522,
		0,
		-0.138112,
		0.599297,
		0.788522,
		0,
		-0.472332,
		-0.739639,
		0.479414,
		0,
		0.594158,
		0.713397,
		0.23393,
		1
	},
	[0.416666666667] = {
		0.910773,
		-0.405685,
		0.076886,
		0,
		-0.229044,
		-0.341448,
		0.911566,
		0,
		-0.343556,
		-0.84784,
		-0.403902,
		0,
		0.550296,
		0.35106,
		0.578207,
		1
	},
	[0.433333333333] = {
		0.916162,
		-0.398129,
		0.046266,
		0,
		-0.221516,
		-0.406752,
		0.886275,
		0,
		-0.334033,
		-0.82222,
		-0.460842,
		0,
		0.556829,
		0.289675,
		0.619223,
		1
	},
	[0.45] = {
		0.921129,
		-0.388893,
		0.016857,
		0,
		-0.211862,
		-0.464545,
		0.859833,
		0,
		-0.326552,
		-0.795588,
		-0.510297,
		0,
		0.565317,
		0.225857,
		0.660533,
		1
	},
	[0.466666666667] = {
		0.925648,
		-0.378216,
		-0.011277,
		0,
		-0.200694,
		-0.516008,
		0.832741,
		0,
		-0.320776,
		-0.768562,
		-0.553548,
		0,
		0.575304,
		0.159997,
		0.701937,
		1
	},
	[0.483333333333] = {
		0.929757,
		-0.366208,
		-0.038008,
		0,
		-0.188474,
		-0.562094,
		0.805312,
		0,
		-0.316275,
		-0.741581,
		-0.591631,
		0,
		0.586324,
		0.092555,
		0.743176,
		1
	},
	[0.4] = {
		0.905022,
		-0.411239,
		0.108712,
		0,
		-0.2337,
		-0.26717,
		0.934882,
		0,
		-0.355415,
		-0.871495,
		-0.337901,
		0,
		0.546169,
		0.409643,
		0.53761,
		1
	},
	[0.516666666667] = {
		0.937043,
		-0.338365,
		-0.086369,
		0,
		-0.162297,
		-0.64095,
		0.750228,
		0,
		-0.309209,
		-0.688979,
		-0.655513,
		0,
		0.609677,
		-0.045026,
		0.823942,
		1
	},
	[0.533333333333] = {
		0.940385,
		-0.322737,
		-0.107314,
		0,
		-0.149009,
		-0.674587,
		0.722999,
		0,
		-0.305732,
		-0.663907,
		-0.682463,
		0,
		0.62117,
		-0.114006,
		0.862823,
		1
	},
	[0.55] = {
		0.943664,
		-0.306183,
		-0.125496,
		0,
		-0.13602,
		-0.704648,
		0.696397,
		0,
		-0.301656,
		-0.640096,
		-0.706598,
		0,
		0.631999,
		-0.182162,
		0.900311,
		1
	},
	[0.566666666667] = {
		0.946997,
		-0.288916,
		-0.140442,
		0,
		-0.123657,
		-0.731348,
		0.670701,
		0,
		-0.296488,
		-0.617785,
		-0.728311,
		0,
		0.641775,
		-0.248859,
		0.936136,
		1
	},
	[0.583333333333] = {
		0.950503,
		-0.271197,
		-0.151647,
		0,
		-0.112269,
		-0.754841,
		0.646228,
		0,
		-0.289725,
		-0.597216,
		-0.747925,
		0,
		0.65012,
		-0.313444,
		0.970037,
		1
	},
	[0.5] = {
		0.93353,
		-0.352896,
		-0.063132,
		0,
		-0.17556,
		-0.603554,
		0.777754,
		0,
		-0.31257,
		-0.714974,
		-0.62539,
		0,
		0.597924,
		0.024047,
		0.783952,
		1
	},
	[0.616666666667] = {
		0.95843,
		-0.235725,
		-0.160767,
		0,
		-0.093906,
		-0.792653,
		0.602397,
		0,
		-0.269433,
		-0.562259,
		-0.781838,
		0,
		0.661069,
		-0.433598,
		1.031072,
		1
	},
	[0.633333333333] = {
		0.962956,
		-0.218731,
		-0.157713,
		0,
		-0.087728,
		-0.807154,
		0.583786,
		0,
		-0.254991,
		-0.548324,
		-0.796443,
		0,
		0.66298,
		-0.487801,
		1.057727,
		1
	},
	[0.65] = {
		0.967953,
		-0.202516,
		-0.148508,
		0,
		-0.083578,
		-0.817423,
		0.569942,
		0,
		-0.236816,
		-0.539265,
		-0.808153,
		0,
		0.657419,
		-0.540158,
		1.081736,
		1
	},
	[0.666666666667] = {
		0.973314,
		-0.186865,
		-0.133199,
		0,
		-0.080974,
		-0.822773,
		0.562572,
		0,
		-0.214717,
		-0.536773,
		-0.815948,
		0,
		0.641012,
		-0.592825,
		1.103282,
		1
	},
	[0.683333333333] = {
		0.9787,
		-0.171546,
		-0.112777,
		0,
		-0.079822,
		-0.824087,
		0.560812,
		0,
		-0.189143,
		-0.539864,
		-0.820226,
		0,
		0.615847,
		-0.644876,
		1.122381,
		1
	},
	[0.6] = {
		0.954288,
		-0.253346,
		-0.158591,
		0,
		-0.102222,
		-0.775244,
		0.623335,
		0,
		-0.280866,
		-0.57863,
		-0.765704,
		0,
		0.656669,
		-0.375249,
		1.001763,
		1
	},
	[0.716666666667] = {
		0.988206,
		-0.140735,
		-0.060348,
		0,
		-0.081591,
		-0.817429,
		0.570222,
		0,
		-0.12958,
		-0.558573,
		-0.819271,
		0,
		0.54766,
		-0.74342,
		1.153274,
		1
	},
	[0.733333333333] = {
		0.991736,
		-0.124701,
		-0.030167,
		0,
		-0.084317,
		-0.810714,
		0.579338,
		0,
		-0.096701,
		-0.572007,
		-0.814529,
		0,
		0.508895,
		-0.788093,
		1.165102,
		1
	},
	[0.75] = {
		0.994151,
		-0.107991,
		0.001455,
		0,
		-0.088044,
		-0.802572,
		0.590022,
		0,
		-0.06255,
		-0.586699,
		-0.807386,
		0,
		0.469891,
		-0.828521,
		1.174561,
		1
	},
	[0.766666666667] = {
		0.995326,
		-0.090526,
		0.033632,
		0,
		-0.092502,
		-0.793667,
		0.601278,
		0,
		-0.027738,
		-0.601579,
		-0.798331,
		0,
		0.432832,
		-0.863856,
		1.181712,
		1
	},
	[0.783333333333] = {
		0.995227,
		-0.07233,
		0.06551,
		0,
		-0.097326,
		-0.784712,
		0.612173,
		0,
		0.007128,
		-0.615627,
		-0.788006,
		0,
		0.399924,
		-0.89327,
		1.186639,
		1
	},
	[0.7] = {
		0.98377,
		-0.156266,
		-0.088187,
		0,
		-0.080053,
		-0.822091,
		0.5637,
		0,
		-0.160586,
		-0.547492,
		-0.821258,
		0,
		0.584024,
		-0.695381,
		1.139041,
		1
	},
	[0.816666666667] = {
		0.991539,
		-0.034351,
		0.125185,
		0,
		-0.106142,
		-0.769722,
		0.629493,
		0,
		0.074734,
		-0.637454,
		-0.766856,
		0,
		0.355454,
		-0.931106,
		1.19032,
		1
	},
	[0.833333333333] = {
		0.988333,
		-0.015067,
		0.15156,
		0,
		-0.108952,
		-0.765285,
		0.634404,
		0,
		0.106428,
		-0.643516,
		-0.757998,
		0,
		0.348357,
		-0.937924,
		1.189401,
		1
	},
	[0.8] = {
		0.993914,
		-0.053533,
		0.096276,
		0,
		-0.102056,
		-0.776466,
		0.62184,
		0,
		0.041466,
		-0.627882,
		-0.777204,
		0,
		0.373387,
		-0.915953,
		1.189459,
		1
	}
}

return spline_matrices
