-- chunkname: @content/characters/player/ogryn/first_person/animations/gauntlet/heavy_swing_down.lua

local spline_matrices = {
	[0.0166666666667] = {
		0.988391,
		-0.014603,
		0.151229,
		0,
		-0.107832,
		-0.768629,
		0.630541,
		0,
		0.107031,
		-0.639528,
		-0.761281,
		0,
		0.348805,
		-0.938451,
		1.189165,
		1,
	},
	[0.0333333333333] = {
		0.98855,
		-0.013289,
		0.150305,
		0,
		-0.104685,
		-0.777797,
		0.619736,
		0,
		0.108671,
		-0.628375,
		-0.770283,
		0,
		0.350042,
		-0.939914,
		1.188487,
		1,
	},
	[0.05] = {
		0.988789,
		-0.01124,
		0.148893,
		0,
		-0.099819,
		-0.791357,
		0.60315,
		0,
		0.111049,
		-0.611251,
		-0.783607,
		0,
		0.351913,
		-0.942118,
		1.187407,
		1,
	},
	[0.0666666666667] = {
		0.989085,
		-0.008562,
		0.147096,
		0,
		-0.093541,
		-0.807823,
		0.581955,
		0,
		0.113845,
		-0.589362,
		-0.799807,
		0,
		0.354266,
		-0.944857,
		1.185964,
		1,
	},
	[0.0833333333333] = {
		0.989414,
		-0.005372,
		0.145021,
		0,
		-0.086178,
		-0.82578,
		0.55737,
		0,
		0.116761,
		-0.563967,
		-0.817501,
		0,
		0.356944,
		-0.947938,
		1.184211,
		1,
	},
	[0] = {
		0.988333,
		-0.015067,
		0.15156,
		0,
		-0.108952,
		-0.765285,
		0.634404,
		0,
		0.106428,
		-0.643516,
		-0.757998,
		0,
		0.348357,
		-0.937924,
		1.189401,
		1,
	},
	[0.116666666667] = {
		0.990084,
		0.002032,
		0.140461,
		0,
		-0.069621,
		-0.861361,
		0.503199,
		0,
		0.12201,
		-0.507989,
		-0.852679,
		0,
		0.362621,
		-0.95449,
		1.180031,
		1,
	},
	[0.133333333333] = {
		0.990388,
		0.00595,
		0.138189,
		0,
		-0.061187,
		-0.877159,
		0.476286,
		0,
		0.124048,
		-0.480164,
		-0.868363,
		0,
		0.365275,
		-0.957738,
		1.17776,
		1,
	},
	[0.15] = {
		0.990652,
		0.009793,
		0.13606,
		0,
		-0.053174,
		-0.8908,
		0.451273,
		0,
		0.125622,
		-0.45429,
		-0.881952,
		0,
		0.367566,
		-0.960881,
		1.175479,
		1,
	},
	[0.166666666667] = {
		0.990867,
		0.013383,
		0.134174,
		0,
		-0.045972,
		-0.901914,
		0.429461,
		0,
		0.126761,
		-0.431708,
		-0.893062,
		0,
		0.369307,
		-0.963899,
		1.173268,
		1,
	},
	[0.183333333333] = {
		0.991028,
		0.016537,
		0.132626,
		0,
		-0.039961,
		-0.910259,
		0.412107,
		0,
		0.127539,
		-0.41371,
		-0.901431,
		0,
		0.370307,
		-0.966792,
		1.171202,
		1,
	},
	[0.1] = {
		0.989754,
		-0.001794,
		0.142774,
		0,
		-0.07808,
		-0.843971,
		0.530676,
		0,
		0.119545,
		-0.536386,
		-0.835463,
		0,
		0.359785,
		-0.951193,
		1.182208,
		1,
	},
	[0.216666666667] = {
		0.991173,
		0.020798,
		0.130933,
		0,
		-0.033002,
		-0.917824,
		0.395614,
		0,
		0.128401,
		-0.396443,
		-0.909036,
		0,
		0.369308,
		-0.972225,
		1.16777,
		1,
	},
	[0.233333333333] = {
		0.99115,
		0.021549,
		0.130988,
		0,
		-0.03279,
		-0.91642,
		0.398872,
		0,
		0.128635,
		-0.399637,
		-0.907603,
		0,
		0.366911,
		-0.974736,
		1.166524,
		1,
	},
	[0.25] = {
		0.991042,
		0.021757,
		0.131764,
		0,
		-0.034741,
		-0.910668,
		0.411675,
		0,
		0.12895,
		-0.412565,
		-0.901755,
		0,
		0.363553,
		-0.976518,
		1.165911,
		1,
	},
	[0.266666666667] = {
		0.990825,
		0.021987,
		0.133352,
		0,
		-0.038669,
		-0.89931,
		0.435598,
		0,
		0.129503,
		-0.436758,
		-0.890209,
		0,
		0.359705,
		-0.976807,
		1.166289,
		1,
	},
	[0.283333333333] = {
		0.990474,
		0.022303,
		0.135884,
		0,
		-0.04493,
		-0.880447,
		0.47201,
		0,
		0.130166,
		-0.473619,
		-0.871058,
		0,
		0.355308,
		-0.97518,
		1.167791,
		1,
	},
	[0.2] = {
		0.991131,
		0.01907,
		0.131513,
		0,
		-0.035515,
		-0.91564,
		0.400426,
		0,
		0.128055,
		-0.401546,
		-0.906842,
		0,
		0.370373,
		-0.969567,
		1.169349,
		1,
	},
	[0.316666666667] = {
		0.989236,
		0.02381,
		0.14438,
		0,
		-0.066213,
		-0.807047,
		0.586763,
		0,
		0.130492,
		-0.590007,
		-0.796783,
		0,
		0.344599,
		-0.963627,
		1.174437,
		1,
	},
	[0.333333333333] = {
		0.988258,
		0.025594,
		0.150635,
		0,
		-0.082214,
		-0.741915,
		0.665434,
		0,
		0.12879,
		-0.670005,
		-0.731099,
		0,
		0.33815,
		-0.951828,
		1.179344,
		1,
	},
	[0.35] = {
		0.986734,
		0.027787,
		0.159949,
		0,
		-0.108534,
		-0.619792,
		0.777225,
		0,
		0.120731,
		-0.784274,
		-0.608554,
		0,
		0.324649,
		-0.81956,
		1.170527,
		1,
	},
	[0.366666666667] = {
		0.984408,
		0.032374,
		0.172893,
		0,
		-0.145403,
		-0.403362,
		0.903414,
		0,
		0.098986,
		-0.914468,
		-0.392366,
		0,
		0.301099,
		-0.497486,
		1.131792,
		1,
	},
	[0.383333333333] = {
		0.981571,
		0.042813,
		0.186239,
		0,
		-0.180739,
		-0.108506,
		0.977528,
		0,
		0.062059,
		-0.993173,
		-0.098768,
		0,
		0.272804,
		-0.058668,
		1.060003,
		1,
	},
	[0.3] = {
		0.989958,
		0.022836,
		0.139507,
		0,
		-0.053949,
		-0.851148,
		0.522146,
		0,
		0.130665,
		-0.524429,
		-0.841368,
		0,
		0.350296,
		-0.971054,
		1.17051,
		1,
	},
	[0.416666666667] = {
		0.977148,
		0.080825,
		0.196594,
		0,
		-0.211365,
		0.467425,
		0.858393,
		0,
		-0.022513,
		-0.88033,
		0.473827,
		0,
		0.220218,
		0.851061,
		0.833544,
		1,
	},
	[0.433333333333] = {
		0.976368,
		0.103281,
		0.189839,
		0,
		-0.211042,
		0.644858,
		0.734588,
		0,
		-0.04655,
		-0.757292,
		0.651415,
		0,
		0.20126,
		1.168329,
		0.706394,
		1,
	},
	[0.45] = {
		0.976116,
		0.128116,
		0.175452,
		0,
		-0.211506,
		0.744878,
		0.632789,
		0,
		-0.04962,
		-0.654785,
		0.754184,
		0,
		0.19439,
		1.308381,
		0.561254,
		1,
	},
	[0.466666666667] = {
		0.975632,
		0.155799,
		0.154494,
		0,
		-0.215962,
		0.806256,
		0.550737,
		0,
		-0.038757,
		-0.570681,
		0.820257,
		0,
		0.180677,
		1.386562,
		0.432792,
		1,
	},
	[0.483333333333] = {
		0.974577,
		0.184242,
		0.127489,
		0,
		-0.222671,
		0.859529,
		0.46003,
		0,
		-0.024824,
		-0.476723,
		0.878703,
		0,
		0.16209,
		1.445973,
		0.288058,
		1,
	},
	[0.4] = {
		0.978929,
		0.059776,
		0.195256,
		0,
		-0.203475,
		0.204976,
		0.957383,
		0,
		0.017205,
		-0.97694,
		0.21282,
		0,
		0.244721,
		0.41746,
		0.956869,
		1,
	},
	[0.516666666667] = {
		0.975527,
		0.212675,
		0.055828,
		0,
		-0.218568,
		0.965624,
		0.140704,
		0,
		-0.023984,
		-0.149462,
		0.988476,
		0,
		0.172527,
		1.400178,
		-0.238609,
		1,
	},
	[0.533333333333] = {
		0.977443,
		0.211145,
		0.00474,
		0,
		-0.209437,
		0.971939,
		-0.107101,
		0,
		-0.027221,
		0.103692,
		0.994237,
		0,
		0.189392,
		1.242242,
		-0.6875,
		1,
	},
	[0.55] = {
		0.978539,
		0.199612,
		-0.051148,
		0,
		-0.20414,
		0.905258,
		-0.372606,
		0,
		-0.028074,
		0.375051,
		0.926579,
		0,
		0.197554,
		1.078951,
		-1.101703,
		1,
	},
	[0.566666666667] = {
		0.978695,
		0.178046,
		-0.102251,
		0,
		-0.203302,
		0.770722,
		-0.603867,
		0,
		-0.028709,
		0.61179,
		0.790499,
		0,
		0.199013,
		0.981524,
		-1.301372,
		1,
	},
	[0.583333333333] = {
		0.978696,
		0.177859,
		-0.102566,
		0,
		-0.203297,
		0.769654,
		-0.605229,
		0,
		-0.028705,
		0.613187,
		0.789416,
		0,
		0.199019,
		0.979219,
		-1.303106,
		1,
	},
	[0.5] = {
		0.9742,
		0.20431,
		0.095874,
		0,
		-0.224822,
		0.915695,
		0.333104,
		0,
		-0.019735,
		-0.346065,
		0.938003,
		0,
		0.156173,
		1.477801,
		0.094423,
		1,
	},
	[0.616666666667] = {
		0.978698,
		0.177229,
		-0.103636,
		0,
		-0.20329,
		0.765998,
		-0.609853,
		0,
		-0.028699,
		0.61793,
		0.785709,
		0,
		0.199027,
		0.971352,
		-1.308979,
		1,
	},
	[0.633333333333] = {
		0.978698,
		0.17683,
		-0.104309,
		0,
		-0.203287,
		0.763674,
		-0.612761,
		0,
		-0.028697,
		0.620913,
		0.783354,
		0,
		0.19903,
		0.966369,
		-1.312662,
		1,
	},
	[0.65] = {
		0.978699,
		0.176406,
		-0.10502,
		0,
		-0.203286,
		0.761201,
		-0.615831,
		0,
		-0.028695,
		0.624062,
		0.780847,
		0,
		0.199033,
		0.961074,
		-1.316543,
		1,
	},
	[0.666666666667] = {
		0.978699,
		0.17598,
		-0.10573,
		0,
		-0.203284,
		0.758715,
		-0.618892,
		0,
		-0.028694,
		0.627202,
		0.778328,
		0,
		0.199034,
		0.955764,
		-1.320403,
		1,
	},
	[0.683333333333] = {
		0.978699,
		0.175576,
		-0.106398,
		0,
		-0.203283,
		0.756357,
		-0.621771,
		0,
		-0.028693,
		0.630156,
		0.775938,
		0,
		0.199036,
		0.950737,
		-1.324027,
		1,
	},
	[0.6] = {
		0.978697,
		0.177579,
		-0.103041,
		0,
		-0.203293,
		0.768035,
		-0.607284,
		0,
		-0.028701,
		0.615295,
		0.787775,
		0,
		0.199023,
		0.975733,
		-1.305718,
		1,
	},
	[0.716666666667] = {
		0.9787,
		0.174931,
		-0.107453,
		0,
		-0.203283,
		0.752599,
		-0.626315,
		0,
		-0.028693,
		0.634818,
		0.772129,
		0,
		0.199037,
		0.942747,
		-1.329728,
		1,
	},
	[0.733333333333] = {
		0.9787,
		0.174741,
		-0.107763,
		0,
		-0.203283,
		0.75149,
		-0.627645,
		0,
		-0.028693,
		0.636182,
		0.771005,
		0,
		0.199037,
		0.940393,
		-1.331394,
		1,
	},
	[0.75] = {
		0.9787,
		0.174672,
		-0.107874,
		0,
		-0.203283,
		0.751089,
		-0.628126,
		0,
		-0.028692,
		0.636676,
		0.770598,
		0,
		0.199037,
		0.939541,
		-1.331995,
		1,
	},
	[0.7] = {
		0.9787,
		0.175218,
		-0.106985,
		0,
		-0.203283,
		0.75427,
		-0.624301,
		0,
		-0.028693,
		0.632752,
		0.773823,
		0,
		0.199036,
		0.946297,
		-1.327204,
		1,
	},
}

return spline_matrices
