-- chunkname: @content/characters/player/ogryn/first_person/animations/gauntlet/swing_diagonal_right_down.lua

local spline_matrices = {
	[0.0166666666667] = {
		0.533798,
		-0.403316,
		0.743234,
		0,
		0.186847,
		0.913461,
		0.361494,
		0,
		-0.824711,
		-0.054093,
		0.562961,
		0,
		1.492022,
		0.864146,
		0.330635,
		1,
	},
	[0.0333333333333] = {
		0.476295,
		-0.363787,
		0.800501,
		0,
		0.223895,
		0.930568,
		0.289679,
		0,
		-0.850302,
		0.041255,
		0.524675,
		0,
		1.513183,
		0.841195,
		0.331941,
		1,
	},
	[0.05] = {
		0.412832,
		-0.308002,
		0.857149,
		0,
		0.262945,
		0.94132,
		0.211604,
		0,
		-0.872026,
		0.138026,
		0.469595,
		0,
		1.530679,
		0.819493,
		0.322635,
		1,
	},
	[0.0666666666667] = {
		0.347464,
		-0.246209,
		0.904793,
		0,
		0.311815,
		0.94034,
		0.136137,
		0,
		-0.88433,
		0.234825,
		0.403506,
		0,
		1.548938,
		0.801796,
		0.3039,
		1,
	},
	[0.0833333333333] = {
		0.288802,
		-0.184078,
		0.939526,
		0,
		0.37786,
		0.923592,
		0.064806,
		0,
		-0.879668,
		0.336293,
		0.336291,
		0,
		1.57285,
		0.789098,
		0.279509,
		1,
	},
	[0] = {
		0.583565,
		-0.417359,
		0.696609,
		0,
		0.143073,
		0.897244,
		0.417711,
		0,
		-0.799364,
		-0.144096,
		0.583313,
		0,
		1.465873,
		0.889098,
		0.316873,
		1,
	},
	[0.116666666667] = {
		0.215436,
		-0.095774,
		0.97181,
		0,
		0.551632,
		0.833119,
		-0.040183,
		0,
		-0.805785,
		0.544738,
		0.232316,
		0,
		1.617187,
		0.808945,
		0.246608,
		1,
	},
	[0.133333333333] = {
		0.184616,
		-0.073921,
		0.980027,
		0,
		0.608149,
		0.791927,
		-0.054829,
		0,
		-0.772057,
		0.606125,
		0.191157,
		0,
		1.585843,
		0.908954,
		0.258568,
		1,
	},
	[0.15] = {
		0.16656,
		-0.059038,
		0.984262,
		0,
		0.63275,
		0.771967,
		-0.060772,
		0,
		-0.756231,
		0.632915,
		0.165935,
		0,
		1.491104,
		1.045584,
		0.25147,
		1,
	},
	[0.166666666667] = {
		0.158855,
		-0.037616,
		0.986585,
		0,
		0.622912,
		0.7791,
		-0.070593,
		0,
		-0.765993,
		0.62577,
		0.147196,
		0,
		1.346107,
		1.19555,
		0.243873,
		1,
	},
	[0.183333333333] = {
		0.049578,
		0.115946,
		0.992017,
		0,
		0.533017,
		0.836901,
		-0.124455,
		0,
		-0.844651,
		0.534932,
		-0.020309,
		0,
		1.336934,
		1.166965,
		0.217036,
		1,
	},
	[0.1] = {
		0.247817,
		-0.131176,
		0.959885,
		0,
		0.46611,
		0.884726,
		0.000568,
		0,
		-0.84931,
		0.447272,
		0.280393,
		0,
		1.603477,
		0.778139,
		0.25466,
		1,
	},
	[0.216666666667] = {
		-0.571736,
		-0.017034,
		0.820261,
		0,
		-0.158923,
		0.983148,
		-0.090355,
		0,
		-0.804899,
		-0.182017,
		-0.564808,
		0,
		0.933329,
		1.205411,
		0.177666,
		1,
	},
	[0.233333333333] = {
		-0.562646,
		-0.361178,
		0.743626,
		0,
		-0.494645,
		0.867811,
		0.047234,
		0,
		-0.662387,
		-0.341255,
		-0.666925,
		0,
		0.621369,
		1.426093,
		0.025404,
		1,
	},
	[0.25] = {
		-0.233631,
		-0.463144,
		0.854935,
		0,
		-0.964437,
		0.222152,
		-0.143209,
		0,
		-0.1236,
		-0.857989,
		-0.498576,
		0,
		-0.089457,
		1.462579,
		-0.15296,
		1,
	},
	[0.266666666667] = {
		-0.207171,
		-0.413711,
		0.886523,
		0,
		-0.968617,
		-0.040468,
		-0.24524,
		0,
		0.137334,
		-0.909509,
		-0.392343,
		0,
		-0.506594,
		1.182757,
		-0.324276,
		1,
	},
	[0.283333333333] = {
		-0.13156,
		-0.342929,
		0.930103,
		0,
		-0.943441,
		-0.244723,
		-0.223675,
		0,
		0.304322,
		-0.906924,
		-0.291337,
		0,
		-0.860793,
		0.893075,
		-0.469097,
		1,
	},
	[0.2] = {
		-0.218434,
		0.181389,
		0.958845,
		0,
		0.246173,
		0.961037,
		-0.125723,
		0,
		-0.944291,
		0.208579,
		-0.254577,
		0,
		1.174533,
		1.28783,
		0.236325,
		1,
	},
	[0.316666666667] = {
		-0.016409,
		-0.381145,
		0.92437,
		0,
		-0.667566,
		-0.684082,
		-0.293917,
		0,
		0.74437,
		-0.6219,
		-0.243214,
		0,
		-1.001458,
		0.382407,
		-0.63664,
		1,
	},
	[0.333333333333] = {
		-0.016726,
		-0.367769,
		0.929767,
		0,
		-0.490785,
		-0.807146,
		-0.328095,
		0,
		0.87112,
		-0.461803,
		-0.166995,
		0,
		-0.993737,
		0.192979,
		-0.644812,
		1,
	},
	[0.35] = {
		-0.078479,
		-0.386102,
		0.919112,
		0,
		-0.365703,
		-0.846532,
		-0.386839,
		0,
		0.927417,
		-0.366481,
		-0.074763,
		0,
		-0.986408,
		0.092124,
		-0.675662,
		1,
	},
	[0.366666666667] = {
		-0.171973,
		-0.43718,
		0.882779,
		0,
		-0.328099,
		-0.819546,
		-0.469782,
		0,
		0.928858,
		-0.370428,
		-0.002498,
		0,
		-1.007469,
		0.073814,
		-0.774616,
		1,
	},
	[0.383333333333] = {
		-0.269004,
		-0.477117,
		0.836658,
		0,
		-0.35224,
		-0.759765,
		-0.546521,
		0,
		0.896417,
		-0.44172,
		0.03632,
		0,
		-1.042588,
		0.109782,
		-0.914146,
		1,
	},
	[0.3] = {
		-0.063069,
		-0.38019,
		0.922756,
		0,
		-0.833788,
		-0.488052,
		-0.258073,
		0,
		0.54847,
		-0.785659,
		-0.286217,
		0,
		-0.965486,
		0.63332,
		-0.592639,
		1,
	},
	[0.416666666667] = {
		-0.478156,
		-0.420063,
		0.771306,
		0,
		-0.446768,
		-0.639759,
		-0.625386,
		0,
		0.756151,
		-0.643627,
		0.118234,
		0,
		-1.087514,
		0.248594,
		-1.184339,
		1,
	},
	[0.433333333333] = {
		-0.543778,
		-0.270282,
		0.794514,
		0,
		-0.541305,
		-0.610505,
		-0.578163,
		0,
		0.641322,
		-0.744467,
		0.185674,
		0,
		-1.058031,
		0.31681,
		-1.28032,
		1,
	},
	[0.45] = {
		-0.570851,
		-0.122279,
		0.811897,
		0,
		-0.62229,
		-0.580641,
		-0.524987,
		0,
		0.535616,
		-0.804924,
		0.255367,
		0,
		-1.021875,
		0.339828,
		-1.358908,
		1,
	},
	[0.466666666667] = {
		-0.562327,
		-0.001107,
		0.826914,
		0,
		-0.687245,
		-0.555504,
		-0.468092,
		0,
		0.459872,
		-0.831513,
		0.311614,
		0,
		-0.98731,
		0.332906,
		-1.405601,
		1,
	},
	[0.483333333333] = {
		-0.523187,
		0.074617,
		0.848945,
		0,
		-0.736081,
		-0.541595,
		-0.406029,
		0,
		0.429487,
		-0.837321,
		0.33828,
		0,
		-0.957829,
		0.320073,
		-1.407258,
		1,
	},
	[0.4] = {
		-0.374988,
		-0.471591,
		0.798114,
		0,
		-0.400045,
		-0.694329,
		-0.598224,
		0,
		0.83627,
		-0.543608,
		0.071707,
		0,
		-1.070898,
		0.179625,
		-1.048577,
		1,
	},
	[0.516666666667] = {
		-0.41513,
		0.160584,
		0.895478,
		0,
		-0.807795,
		-0.51784,
		-0.281619,
		0,
		0.41849,
		-0.840271,
		0.344689,
		0,
		-0.906964,
		0.301086,
		-1.351982,
		1,
	},
	[0.533333333333] = {
		-0.360631,
		0.195694,
		0.911948,
		0,
		-0.837711,
		-0.497864,
		-0.224438,
		0,
		0.410105,
		-0.844888,
		0.343481,
		0,
		-0.88716,
		0.289267,
		-1.32133,
		1,
	},
	[0.55] = {
		-0.305936,
		0.225472,
		0.924968,
		0,
		-0.863919,
		-0.474,
		-0.170201,
		0,
		0.40006,
		-0.851167,
		0.339803,
		0,
		-0.873746,
		0.275397,
		-1.289881,
		1,
	},
	[0.566666666667] = {
		-0.251151,
		0.250077,
		0.935085,
		0,
		-0.886458,
		-0.447397,
		-0.11844,
		0,
		0.388735,
		-0.85866,
		0.334047,
		0,
		-0.863508,
		0.260377,
		-1.257016,
		1,
	},
	[0.583333333333] = {
		-0.196378,
		0.26983,
		0.94267,
		0,
		-0.905352,
		-0.419076,
		-0.068647,
		0,
		0.376528,
		-0.86693,
		0.326589,
		0,
		-0.852171,
		0.245421,
		-1.222047,
		1,
	},
	[0.5] = {
		-0.469355,
		0.120169,
		0.874794,
		0,
		-0.773998,
		-0.532831,
		-0.34208,
		0,
		0.42501,
		-0.837646,
		0.343098,
		0,
		-0.931185,
		0.311161,
		-1.380918,
		1,
	},
	[0.616666666667] = {
		-0.091484,
		0.37364,
		0.923052,
		0,
		-0.951872,
		-0.305106,
		0.029163,
		0,
		0.292525,
		-0.875959,
		0.383569,
		0,
		-0.809943,
		0.225283,
		-1.17854,
		1,
	},
	[0.633333333333] = {
		-0.015686,
		0.551961,
		0.833723,
		0,
		-0.993968,
		-0.099125,
		0.046924,
		0,
		0.108543,
		-0.827958,
		0.550186,
		0,
		-0.743246,
		0.243856,
		-1.224508,
		1,
	},
	[0.65] = {
		0.140485,
		0.70446,
		0.695701,
		0,
		-0.975825,
		0.217339,
		-0.023024,
		0,
		-0.167422,
		-0.675647,
		0.717963,
		0,
		-0.623984,
		0.293603,
		-1.321759,
		1,
	},
	[0.666666666667] = {
		0.371912,
		0.721787,
		0.583699,
		0,
		-0.806845,
		0.562284,
		-0.181214,
		0,
		-0.459003,
		-0.403559,
		0.79149,
		0,
		-0.42063,
		0.36111,
		-1.459181,
		1,
	},
	[0.683333333333] = {
		0.583734,
		0.57677,
		0.571482,
		0,
		-0.468917,
		0.814074,
		-0.342637,
		0,
		-0.662851,
		-0.067968,
		0.74566,
		0,
		-0.102081,
		0.405633,
		-1.568127,
		1,
	},
	[0.6] = {
		-0.141645,
		0.285221,
		0.947938,
		0,
		-0.920688,
		-0.389772,
		-0.020296,
		0,
		0.363691,
		-0.875629,
		0.317808,
		0,
		-0.840111,
		0.230732,
		-1.185894,
		1,
	},
	[0.716666666667] = {
		0.653699,
		0.149209,
		0.741899,
		0,
		0.245751,
		0.88538,
		-0.3946,
		0,
		-0.71574,
		0.440272,
		0.542104,
		0,
		0.532383,
		0.345703,
		-1.546897,
		1,
	},
	[0.733333333333] = {
		0.607747,
		0.054363,
		0.792267,
		0,
		0.382657,
		0.854147,
		-0.352145,
		0,
		-0.695856,
		0.517182,
		0.498303,
		0,
		0.633676,
		0.318242,
		-1.521049,
		1,
	},
	[0.75] = {
		0.578988,
		0.020589,
		0.815076,
		0,
		0.414679,
		0.853293,
		-0.316121,
		0,
		-0.702007,
		0.521025,
		0.485508,
		0,
		0.629597,
		0.321748,
		-1.513712,
		1,
	},
	[0.766666666667] = {
		0.548599,
		-0.012964,
		0.835985,
		0,
		0.444635,
		0.851289,
		-0.278581,
		0,
		-0.708053,
		0.524538,
		0.47278,
		0,
		0.625297,
		0.325255,
		-1.506416,
		1,
	},
	[0.783333333333] = {
		0.516723,
		-0.046325,
		0.854899,
		0,
		0.47247,
		0.848149,
		-0.239614,
		0,
		-0.713982,
		0.527728,
		0.460145,
		0,
		0.620782,
		0.328762,
		-1.49916,
		1,
	},
	[0.7] = {
		0.676689,
		0.347724,
		0.648984,
		0,
		-0.068115,
		0.907235,
		-0.415072,
		0,
		-0.733111,
		0.236669,
		0.637601,
		0,
		0.25984,
		0.393001,
		-1.581899,
		1,
	},
	[0.816666666667] = {
		0.449068,
		-0.112567,
		0.886378,
		0,
		0.521603,
		0.838473,
		-0.157778,
		0,
		-0.725443,
		0.533191,
		0.435247,
		0,
		0.611126,
		0.335776,
		-1.484761,
		1,
	},
	[0.833333333333] = {
		0.413565,
		-0.145489,
		0.898775,
		0,
		0.542835,
		0.831912,
		-0.115116,
		0,
		-0.730954,
		0.535495,
		0.423027,
		0,
		0.606003,
		0.339282,
		-1.477613,
		1,
	},
	[0.85] = {
		0.377126,
		-0.178299,
		0.908838,
		0,
		0.561814,
		0.824173,
		-0.071438,
		0,
		-0.736302,
		0.537539,
		0.410988,
		0,
		0.600698,
		0.342788,
		-1.470497,
		1,
	},
	[0.866666666667] = {
		0.339881,
		-0.210999,
		0.916494,
		0,
		0.578527,
		0.815221,
		-0.026862,
		0,
		-0.741477,
		0.539346,
		0.399147,
		0,
		0.595225,
		0.346295,
		-1.463408,
		1,
	},
	[0.883333333333] = {
		0.301958,
		-0.243589,
		0.921675,
		0,
		0.592966,
		0.805015,
		0.01849,
		0,
		-0.746466,
		0.540939,
		0.387521,
		0,
		0.589599,
		0.349802,
		-1.456343,
		1,
	},
	[0.8] = {
		0.4835,
		-0.079518,
		0.871725,
		0,
		0.498138,
		0.84388,
		-0.199313,
		0,
		-0.719782,
		0.530607,
		0.447626,
		0,
		0.616055,
		0.332269,
		-1.491942,
		1,
	},
	[0.916666666667] = {
		0.224571,
		-0.308379,
		0.924375,
		0,
		0.615036,
		0.780645,
		0.111011,
		0,
		-0.755843,
		0.543595,
		0.364975,
		0,
		0.577961,
		0.356825,
		-1.442268,
		1,
	},
	[0.933333333333] = {
		0.18534,
		-0.340525,
		0.921787,
		0,
		0.622685,
		0.766373,
		0.157911,
		0,
		-0.760206,
		0.544715,
		0.35408,
		0,
		0.571989,
		0.360345,
		-1.435249,
		1,
	},
	[0.95] = {
		0.145899,
		-0.37245,
		0.916512,
		0,
		0.628097,
		0.750632,
		0.205053,
		0,
		-0.764335,
		0.545741,
		0.343451,
		0,
		0.565945,
		0.363875,
		-1.428234,
		1,
	},
	[0.966666666667] = {
		0.106351,
		-0.404097,
		0.908513,
		0,
		0.631293,
		0.733361,
		0.252291,
		0,
		-0.768218,
		0.546706,
		0.333097,
		0,
		0.559852,
		0.36742,
		-1.42122,
		1,
	},
	[0.983333333333] = {
		0.066795,
		-0.435398,
		0.897757,
		0,
		0.632297,
		0.714502,
		0.299478,
		0,
		-0.771841,
		0.547645,
		0.323026,
		0,
		0.553735,
		0.370983,
		-1.414201,
		1,
	},
	[0.9] = {
		0.263482,
		-0.276057,
		0.924321,
		0,
		0.605134,
		0.793507,
		0.064492,
		0,
		-0.751259,
		0.542346,
		0.376126,
		0,
		0.583838,
		0.353311,
		-1.449298,
		1,
	},
	[1.01666666667] = {
		-0.011974,
		-0.496624,
		0.867883,
		0,
		0.627839,
		0.671794,
		0.393079,
		0,
		-0.778251,
		0.549598,
		0.303756,
		0,
		0.541535,
		0.378192,
		-1.400126,
		1,
	},
	[1.03333333333] = {
		-0.051017,
		-0.526348,
		0.848737,
		0,
		0.622435,
		0.647842,
		0.439176,
		0,
		-0.781007,
		0.550689,
		0.294567,
		0,
		0.535505,
		0.381851,
		-1.393059,
		1,
	},
	[1.05] = {
		-0.089727,
		-0.555326,
		0.826778,
		0,
		0.614953,
		0.6221,
		0.484587,
		0,
		-0.783442,
		0.55191,
		0.28568,
		0,
		0.52956,
		0.385557,
		-1.385965,
		1,
	},
	{
		0.027325,
		-0.466271,
		0.88422,
		0,
		0.631136,
		0.693998,
		0.346459,
		0,
		-0.77519,
		0.548596,
		0.313244,
		0,
		0.54762,
		0.374572,
		-1.407172,
		1,
	},
}

return spline_matrices
