-- chunkname: @content/characters/player/ogryn/first_person/animations/gauntlet/swing_diagonal_left_down.lua

local spline_matrices = {
	[0.0166666666667] = {
		0.447992,
		0.088528,
		0.889644,
		0,
		-0.456692,
		-0.832803,
		0.312845,
		0,
		0.768593,
		-0.546445,
		-0.332659,
		0,
		-1.02097,
		0.01176,
		-0.245418,
		1,
	},
	[0.0333333333333] = {
		0.451574,
		0.154109,
		0.878824,
		0,
		-0.440387,
		-0.818133,
		0.369754,
		0,
		0.775977,
		-0.553994,
		-0.30158,
		0,
		-1.040211,
		0.075998,
		-0.178968,
		1,
	},
	[0.05] = {
		0.435577,
		0.208435,
		0.875687,
		0,
		-0.432241,
		-0.804895,
		0.406586,
		0,
		0.789583,
		-0.555607,
		-0.2605,
		0,
		-1.061102,
		0.151899,
		-0.136087,
		1,
	},
	[0.0666666666667] = {
		0.402651,
		0.232005,
		0.885464,
		0,
		-0.428672,
		-0.806917,
		0.406357,
		0,
		0.808772,
		-0.543193,
		-0.225452,
		0,
		-1.085378,
		0.225447,
		-0.128113,
		1,
	},
	[0.0833333333333] = {
		0.409835,
		0.191868,
		0.891752,
		0,
		-0.432656,
		-0.819767,
		0.375221,
		0,
		0.803022,
		-0.539601,
		-0.252957,
		0,
		-1.106136,
		0.281897,
		-0.141141,
		1,
	},
	[0] = {
		0.421256,
		0.031463,
		0.906396,
		0,
		-0.483113,
		-0.83802,
		0.253621,
		0,
		0.767558,
		-0.544731,
		-0.337821,
		0,
		-1.001552,
		-0.027226,
		-0.323694,
		1,
	},
	[0.116666666667] = {
		0.38434,
		-0.273865,
		0.881635,
		0,
		-0.398179,
		-0.910769,
		-0.109333,
		0,
		0.832908,
		-0.309028,
		-0.459092,
		0,
		-1.140557,
		0.260411,
		-0.376627,
		1,
	},
	[0.133333333333] = {
		0.381897,
		-0.378254,
		0.843255,
		0,
		-0.443704,
		-0.875422,
		-0.191736,
		0,
		0.810729,
		-0.300932,
		-0.502153,
		0,
		-1.095467,
		0.346723,
		-0.329926,
		1,
	},
	[0.15] = {
		0.390736,
		-0.372757,
		0.841652,
		0,
		-0.489819,
		-0.858338,
		-0.152749,
		0,
		0.77936,
		-0.352573,
		-0.517967,
		0,
		-0.999771,
		0.46233,
		-0.18875,
		1,
	},
	[0.166666666667] = {
		0.432848,
		-0.232819,
		0.870883,
		0,
		-0.429353,
		-0.902705,
		-0.027928,
		0,
		0.792653,
		-0.361828,
		-0.490696,
		0,
		-0.818372,
		0.538643,
		-0.008734,
		1,
	},
	[0.183333333333] = {
		0.46296,
		-0.070371,
		0.883581,
		0,
		-0.383959,
		-0.914386,
		0.128354,
		0,
		0.798902,
		-0.398681,
		-0.450344,
		0,
		-0.645965,
		0.644579,
		0.152397,
		1,
	},
	[0.1] = {
		0.412716,
		0.062243,
		0.908731,
		0,
		-0.435262,
		-0.862907,
		0.256786,
		0,
		0.800133,
		-0.501515,
		-0.329044,
		0,
		-1.118516,
		0.303585,
		-0.179192,
		1,
	},
	[0.216666666667] = {
		0.548655,
		0.024868,
		0.835679,
		0,
		-0.522707,
		-0.769907,
		0.366088,
		0,
		0.652499,
		-0.637671,
		-0.409414,
		0,
		-0.56166,
		1.056293,
		0.184375,
		1,
	},
	[0.233333333333] = {
		0.654289,
		-0.136192,
		0.74388,
		0,
		-0.734293,
		-0.349686,
		0.581836,
		0,
		0.180883,
		-0.926915,
		-0.3288,
		0,
		-0.364977,
		1.412159,
		0.127937,
		1,
	},
	[0.25] = {
		0.525631,
		-0.334114,
		0.782356,
		0,
		-0.742634,
		0.268392,
		0.613563,
		0,
		-0.414978,
		-0.903512,
		-0.107049,
		0,
		-0.18863,
		1.836809,
		-0.021733,
		1,
	},
	[0.266666666667] = {
		0.497861,
		-0.220558,
		0.838742,
		0,
		-0.58849,
		0.624473,
		0.51353,
		0,
		-0.637035,
		-0.749258,
		0.181104,
		0,
		0.115705,
		1.873251,
		-0.24333,
		1,
	},
	[0.283333333333] = {
		0.45039,
		-0.399959,
		0.798237,
		0,
		-0.189719,
		0.830761,
		0.5233,
		0,
		-0.872442,
		-0.38713,
		0.298287,
		0,
		0.650836,
		1.787062,
		-0.464985,
		1,
	},
	[0.2] = {
		0.483284,
		-0.035954,
		0.874725,
		0,
		-0.424291,
		-0.883591,
		0.198102,
		0,
		0.765776,
		-0.466877,
		-0.442281,
		0,
		-0.618069,
		0.818801,
		0.198729,
		1,
	},
	[0.316666666667] = {
		0.355106,
		-0.513621,
		0.781084,
		0,
		0.017893,
		0.839121,
		0.54365,
		0,
		-0.934655,
		-0.179078,
		0.307167,
		0,
		1.034387,
		1.060998,
		-0.665085,
		1,
	},
	[0.333333333333] = {
		0.071329,
		-0.587239,
		0.806264,
		0,
		0.276748,
		0.788239,
		0.549627,
		0,
		-0.958292,
		0.183927,
		0.218741,
		0,
		1.089669,
		0.849976,
		-0.691479,
		1,
	},
	[0.35] = {
		0.127269,
		-0.645449,
		0.753126,
		0,
		0.411197,
		0.725311,
		0.552123,
		0,
		-0.902618,
		0.239415,
		0.357717,
		0,
		1.12333,
		0.654246,
		-0.731457,
		1,
	},
	[0.366666666667] = {
		0.155084,
		-0.678385,
		0.718153,
		0,
		0.505085,
		0.679201,
		0.532518,
		0,
		-0.849022,
		0.280143,
		0.447975,
		0,
		1.161617,
		0.532082,
		-0.777938,
		1,
	},
	[0.383333333333] = {
		0.12776,
		-0.663689,
		0.737017,
		0,
		0.52383,
		0.67616,
		0.518083,
		0,
		-0.842187,
		0.319881,
		0.434047,
		0,
		1.203705,
		0.482985,
		-0.789425,
		1,
	},
	[0.3] = {
		0.541485,
		-0.409036,
		0.734496,
		0,
		-0.134158,
		0.820424,
		0.555793,
		0,
		-0.829937,
		-0.399492,
		0.389372,
		0,
		0.937504,
		1.304147,
		-0.625485,
		1,
	},
	[0.416666666667] = {
		0.233421,
		-0.512459,
		0.826378,
		0,
		0.547896,
		0.771416,
		0.323615,
		0,
		-0.803321,
		0.377231,
		0.460839,
		0,
		1.154799,
		0.450925,
		-1.066744,
		1,
	},
	[0.433333333333] = {
		0.421693,
		-0.445615,
		0.789685,
		0,
		0.601209,
		0.789353,
		0.124381,
		0,
		-0.678766,
		0.422315,
		0.600772,
		0,
		1.106363,
		0.441826,
		-1.393664,
		1,
	},
	[0.45] = {
		0.56438,
		-0.421385,
		0.709867,
		0,
		0.625559,
		0.779406,
		-0.034687,
		0,
		-0.538658,
		0.46364,
		0.703481,
		0,
		1.029634,
		0.440622,
		-1.604501,
		1,
	},
	[0.466666666667] = {
		0.611143,
		-0.409881,
		0.677128,
		0,
		0.6087,
		0.790213,
		-0.071049,
		0,
		-0.505953,
		0.455589,
		0.732428,
		0,
		0.983243,
		0.464946,
		-1.641228,
		1,
	},
	[0.483333333333] = {
		0.634486,
		-0.397692,
		0.662773,
		0,
		0.579287,
		0.812356,
		-0.067116,
		0,
		-0.511716,
		0.42652,
		0.745806,
		0,
		0.958219,
		0.502213,
		-1.649645,
		1,
	},
	[0.4] = {
		0.120143,
		-0.602761,
		0.788825,
		0,
		0.517319,
		0.716185,
		0.468465,
		0,
		-0.847317,
		0.351792,
		0.397865,
		0,
		1.20287,
		0.461582,
		-0.842741,
		1,
	},
	[0.516666666667] = {
		0.713265,
		-0.360255,
		0.601224,
		0,
		0.514941,
		0.851277,
		-0.100815,
		0,
		-0.475489,
		0.381503,
		0.792696,
		0,
		0.863703,
		0.562244,
		-1.696982,
		1,
	},
	[0.533333333333] = {
		0.751937,
		-0.337618,
		0.56622,
		0,
		0.478328,
		0.870461,
		-0.11619,
		0,
		-0.453644,
		0.358207,
		0.816024,
		0,
		0.810693,
		0.591856,
		-1.718479,
		1,
	},
	[0.55] = {
		0.789032,
		-0.312716,
		0.528807,
		0,
		0.4394,
		0.888834,
		-0.130006,
		0,
		-0.429367,
		0.334936,
		0.838726,
		0,
		0.754547,
		0.621044,
		-1.737822,
		1,
	},
	[0.566666666667] = {
		0.823864,
		-0.285885,
		0.489406,
		0,
		0.398731,
		0.906011,
		-0.141977,
		0,
		-0.402818,
		0.31211,
		0.860421,
		0,
		0.696023,
		0.649481,
		-1.754551,
		1,
	},
	[0.583333333333] = {
		0.85588,
		-0.257536,
		0.448491,
		0,
		0.356944,
		0.92169,
		-0.151917,
		0,
		-0.374245,
		0.290109,
		0.880782,
		0,
		0.636076,
		0.676762,
		-1.768299,
		1,
	},
	[0.5] = {
		0.673819,
		-0.380373,
		0.633471,
		0,
		0.548732,
		0.831741,
		-0.084257,
		0,
		-0.494835,
		0.40438,
		0.769166,
		0,
		0.913011,
		0.532429,
		-1.673838,
		1,
	},
	[0.616666666667] = {
		0.910015,
		-0.198158,
		0.364152,
		0,
		0.272598,
		0.947792,
		-0.165469,
		0,
		-0.312351,
		0.249846,
		0.916522,
		0,
		0.516598,
		0.726055,
		-1.786172,
		1,
	},
	[0.633333333333] = {
		0.931782,
		-0.168127,
		0.321738,
		0,
		0.231292,
		0.958058,
		-0.169201,
		0,
		-0.279797,
		0.232074,
		0.931588,
		0,
		0.459683,
		0.747206,
		-1.790447,
		1,
	},
	[0.65] = {
		0.931057,
		-0.171935,
		0.321825,
		0,
		0.235598,
		0.95679,
		-0.170433,
		0,
		-0.278615,
		0.234504,
		0.931333,
		0,
		0.469006,
		0.743455,
		-1.791904,
		1,
	},
	[0.666666666667] = {
		0.930283,
		-0.175877,
		0.321932,
		0,
		0.240069,
		0.955442,
		-0.171751,
		0,
		-0.277381,
		0.237063,
		0.931054,
		0,
		0.478679,
		0.739404,
		-1.793427,
		1,
	},
	[0.683333333333] = {
		0.929464,
		-0.179927,
		0.322062,
		0,
		0.244675,
		0.954021,
		-0.173141,
		0,
		-0.276101,
		0.239728,
		0.930752,
		0,
		0.488639,
		0.735078,
		-1.795004,
		1,
	},
	[0.6] = {
		0.88468,
		-0.228129,
		0.406569,
		0,
		0.314687,
		0.935657,
		-0.159743,
		0,
		-0.343967,
		0.269263,
		0.899547,
		0,
		0.575844,
		0.702437,
		-1.778849,
		1,
	},
	[0.716666666667] = {
		0.927701,
		-0.188253,
		0.322385,
		0,
		0.254173,
		0.950993,
		-0.176091,
		0,
		-0.273436,
		0.245302,
		0.930086,
		0,
		0.509167,
		0.725704,
		-1.798268,
		1,
	},
	[0.733333333333] = {
		0.926766,
		-0.192477,
		0.322578,
		0,
		0.259005,
		0.949402,
		-0.177627,
		0,
		-0.272067,
		0.248169,
		0.929727,
		0,
		0.519607,
		0.720717,
		-1.799932,
		1,
	},
	[0.75] = {
		0.925803,
		-0.19671,
		0.322791,
		0,
		0.263853,
		0.947773,
		-0.179188,
		0,
		-0.270685,
		0.251062,
		0.929353,
		0,
		0.530081,
		0.715571,
		-1.801601,
		1,
	},
	[0.766666666667] = {
		0.924817,
		-0.200925,
		0.323023,
		0,
		0.268689,
		0.946114,
		-0.180762,
		0,
		-0.269297,
		0.253964,
		0.928968,
		0,
		0.540525,
		0.710302,
		-1.803263,
		1,
	},
	[0.783333333333] = {
		0.923813,
		-0.205098,
		0.32327,
		0,
		0.273481,
		0.944437,
		-0.182336,
		0,
		-0.267912,
		0.256853,
		0.928574,
		0,
		0.550876,
		0.704947,
		-1.804907,
		1,
	},
	[0.7] = {
		0.928601,
		-0.184061,
		0.322213,
		0,
		0.249386,
		0.952536,
		-0.174592,
		0,
		-0.274783,
		0.242481,
		0.930428,
		0,
		0.498823,
		0.730502,
		-1.796622,
		1,
	},
	[0.816666666667] = {
		0.921785,
		-0.213218,
		0.323807,
		0,
		0.282823,
		0.941075,
		-0.185442,
		0,
		-0.265187,
		0.262517,
		0.927772,
		0,
		0.57105,
		0.694139,
		-1.808099,
		1,
	},
	[0.833333333333] = {
		0.920775,
		-0.217117,
		0.32409,
		0,
		0.287314,
		0.939415,
		-0.18695,
		0,
		-0.263865,
		0.265254,
		0.92737,
		0,
		0.580749,
		0.68877,
		-1.809626,
		1,
	},
	[0.85] = {
		0.919779,
		-0.220876,
		0.324378,
		0,
		0.291648,
		0.937785,
		-0.188414,
		0,
		-0.262581,
		0.267903,
		0.926973,
		0,
		0.590106,
		0.683486,
		-1.811093,
		1,
	},
	[0.866666666667] = {
		0.918805,
		-0.224471,
		0.324668,
		0,
		0.295796,
		0.936201,
		-0.189822,
		0,
		-0.261345,
		0.270445,
		0.926584,
		0,
		0.599061,
		0.678332,
		-1.812491,
		1,
	},
	[0.883333333333] = {
		0.917865,
		-0.227877,
		0.324957,
		0,
		0.299729,
		0.934676,
		-0.191163,
		0,
		-0.260167,
		0.272861,
		0.926207,
		0,
		0.607553,
		0.673358,
		-1.81381,
		1,
	},
	[0.8] = {
		0.9228,
		-0.209204,
		0.323533,
		0,
		0.278202,
		0.942754,
		-0.1839,
		0,
		-0.266539,
		0.25971,
		0.928174,
		0,
		0.561072,
		0.699546,
		-1.806523,
		1,
	},
	[0.916666666667] = {
		0.916119,
		-0.23403,
		0.32551,
		0,
		0.306842,
		0.931862,
		-0.193603,
		0,
		-0.258022,
		0.277244,
		0.925506,
		0,
		0.622905,
		0.664151,
		-1.816181,
		1,
	},
	[0.933333333333] = {
		0.915334,
		-0.236729,
		0.325767,
		0,
		0.309964,
		0.930603,
		-0.19468,
		0,
		-0.257073,
		0.279174,
		0.92519,
		0,
		0.629644,
		0.66002,
		-1.817214,
		1,
	},
	[0.95] = {
		0.914621,
		-0.239144,
		0.326003,
		0,
		0.312761,
		0.929463,
		-0.195648,
		0,
		-0.25622,
		0.280905,
		0.924902,
		0,
		0.635679,
		0.656275,
		-1.818136,
		1,
	},
	[0.966666666667] = {
		0.913991,
		-0.241254,
		0.326215,
		0,
		0.315204,
		0.928459,
		-0.196496,
		0,
		-0.255472,
		0.282421,
		0.924647,
		0,
		0.64095,
		0.652967,
		-1.818938,
		1,
	},
	[0.983333333333] = {
		0.913455,
		-0.243032,
		0.326399,
		0,
		0.317266,
		0.927604,
		-0.197214,
		0,
		-0.254839,
		0.283701,
		0.92443,
		0,
		0.645398,
		0.65015,
		-1.819613,
		1,
	},
	[0.9] = {
		0.916966,
		-0.231071,
		0.325239,
		0,
		0.303421,
		0.933224,
		-0.192427,
		0,
		-0.259056,
		0.275133,
		0.925846,
		0,
		0.615521,
		0.668614,
		-1.815043,
		1,
	},
	[1.01666666667] = {
		0.9127,
		-0.245505,
		0.32666,
		0,
		0.320134,
		0.926404,
		-0.198216,
		0,
		-0.253956,
		0.285487,
		0.924123,
		0,
		0.651582,
		0.646189,
		-1.820548,
		1,
	},
	[1.03333333333] = {
		0.912501,
		-0.246151,
		0.32673,
		0,
		0.320883,
		0.926088,
		-0.19848,
		0,
		-0.253725,
		0.285955,
		0.924042,
		0,
		0.653199,
		0.645144,
		-1.820792,
		1,
	},
	[1.05] = {
		0.912433,
		-0.246371,
		0.326754,
		0,
		0.32114,
		0.92598,
		-0.19857,
		0,
		-0.253645,
		0.286115,
		0.924014,
		0,
		0.653752,
		0.644786,
		-1.820876,
		1,
	},
	[1.06666666667] = {
		0.912433,
		-0.246371,
		0.326754,
		0,
		0.32114,
		0.92598,
		-0.19857,
		0,
		-0.253645,
		0.286115,
		0.924014,
		0,
		0.653752,
		0.644786,
		-1.820876,
		1,
	},
	{
		0.913021,
		-0.244457,
		0.326548,
		0,
		0.318918,
		0.926914,
		-0.197791,
		0,
		-0.254331,
		0.284729,
		0.924254,
		0,
		0.648962,
		0.647873,
		-1.820153,
		1,
	},
}

return spline_matrices
