local spline_matrices = {
	[0] = {
		0.31,
		-0.193766,
		0.930782,
		0,
		0.076226,
		0.980925,
		0.178817,
		0,
		-0.947676,
		0.015517,
		0.318857,
		0,
		1.328233,
		0.558488,
		-0.137128,
		1
	},
	{
		0.923194,
		0.109943,
		0.368273,
		0,
		-0.174093,
		0.973894,
		0.145675,
		0,
		-0.342643,
		-0.1986,
		0.918234,
		0,
		0.787329,
		1.082502,
		-0.287215,
		1
	},
	[0.0166666666667] = {
		0.371204,
		-0.113036,
		0.921646,
		0,
		0.165749,
		0.984688,
		0.05401,
		0,
		-0.913638,
		0.132713,
		0.384255,
		0,
		1.320198,
		0.533096,
		-0.190068,
		1
	},
	[0.0333333333333] = {
		0.428041,
		-0.032278,
		0.903183,
		0,
		0.242825,
		0.966722,
		-0.080532,
		0,
		-0.870527,
		0.253787,
		0.421634,
		0,
		1.275157,
		0.463807,
		-0.294873,
		1
	},
	[0.05] = {
		0.487511,
		0.0436,
		0.872028,
		0,
		0.308019,
		0.92595,
		-0.218495,
		0,
		-0.816981,
		0.37512,
		0.437981,
		0,
		1.207923,
		0.364699,
		-0.430547,
		1
	},
	[0.0666666666667] = {
		0.555527,
		0.107718,
		0.824492,
		0,
		0.360136,
		0.862572,
		-0.355346,
		0,
		-0.749461,
		0.494334,
		0.440389,
		0,
		1.132784,
		0.250186,
		-0.576385,
		1
	},
	[0.0833333333333] = {
		0.636204,
		0.151136,
		0.756573,
		0,
		0.395633,
		0.777968,
		-0.488098,
		0,
		-0.662358,
		0.609855,
		0.435153,
		0,
		1.06316,
		0.13512,
		-0.711851,
		1
	},
	[0.116666666667] = {
		0.832188,
		0.128878,
		0.539309,
		0,
		0.388124,
		0.559237,
		-0.732539,
		0,
		-0.39601,
		0.818929,
		0.415369,
		0,
		0.988874,
		-0.034851,
		-0.869255,
		1
	},
	[0.133333333333] = {
		0.942465,
		-0.00653,
		0.334242,
		0,
		0.31426,
		0.358314,
		-0.87912,
		0,
		-0.114023,
		0.933578,
		0.339751,
		0,
		1.061629,
		-0.081619,
		-0.716345,
		1
	},
	[0.15] = {
		0.977362,
		-0.179565,
		0.111891,
		0,
		0.166325,
		0.325242,
		-0.930889,
		0,
		0.130763,
		0.928426,
		0.347746,
		0,
		1.116184,
		-0.080204,
		-0.550778,
		1
	},
	[0.166666666667] = {
		0.979985,
		-0.153188,
		-0.127133,
		0,
		0.04323,
		0.787155,
		-0.615238,
		0,
		0.19432,
		0.597428,
		0.778023,
		0,
		0.878404,
		0.297566,
		-0.618988,
		1
	},
	[0.183333333333] = {
		0.973427,
		0.011363,
		-0.228715,
		0,
		-0.029095,
		0.996811,
		-0.074306,
		0,
		0.227141,
		0.078986,
		0.970653,
		0,
		0.642645,
		0.851012,
		-0.636864,
		1
	},
	[0.1] = {
		0.730302,
		0.162638,
		0.663482,
		0,
		0.408108,
		0.675002,
		-0.614671,
		0,
		-0.547821,
		0.719667,
		0.426581,
		0,
		1.01141,
		0.034827,
		-0.816413,
		1
	},
	[0.216666666667] = {
		0.895141,
		0.17678,
		-0.409232,
		0,
		-0.135156,
		0.982423,
		0.128752,
		0,
		0.4248,
		-0.059941,
		0.9033,
		0,
		0.609865,
		1.65186,
		-0.481643,
		1
	},
	[0.233333333333] = {
		0.605918,
		0.299908,
		-0.73683,
		0,
		-0.125087,
		0.950612,
		0.284059,
		0,
		0.785632,
		-0.079949,
		0.613507,
		0,
		0.615962,
		1.843346,
		-0.419187,
		1
	},
	[0.25] = {
		0.43451,
		0.32678,
		-0.839294,
		0,
		-0.113877,
		0.944313,
		0.308714,
		0,
		0.893439,
		-0.038563,
		0.447527,
		0,
		0.517827,
		1.808581,
		-0.273938,
		1
	},
	[0.266666666667] = {
		0.343914,
		0.303005,
		-0.888769,
		0,
		-0.110089,
		0.952989,
		0.2823,
		0,
		0.932526,
		0.000757,
		0.361103,
		0,
		0.410794,
		1.64175,
		-0.197546,
		1
	},
	[0.283333333333] = {
		0.27578,
		0.260423,
		-0.92527,
		0,
		-0.092766,
		0.965317,
		0.244045,
		0,
		0.956734,
		0.018531,
		0.290374,
		0,
		0.399833,
		1.577868,
		-0.219537,
		1
	},
	[0.2] = {
		0.984452,
		0.011695,
		-0.175263,
		0,
		-0.034111,
		0.991515,
		-0.125439,
		0,
		0.172309,
		0.129467,
		0.976498,
		0,
		0.625599,
		1.325936,
		-0.564716,
		1
	},
	[0.316666666667] = {
		0.311774,
		0.268079,
		-0.911554,
		0,
		-0.090012,
		0.963391,
		0.252538,
		0,
		0.945883,
		0.003317,
		0.32449,
		0,
		0.410287,
		1.53313,
		-0.25143,
		1
	},
	[0.333333333333] = {
		0.351769,
		0.286826,
		-0.891061,
		0,
		-0.094695,
		0.95792,
		0.270964,
		0,
		0.931285,
		-0.010937,
		0.364127,
		0,
		0.423387,
		1.532696,
		-0.27976,
		1
	},
	[0.35] = {
		0.391144,
		0.304188,
		-0.868606,
		0,
		-0.099989,
		0.952258,
		0.288457,
		0,
		0.914882,
		-0.025977,
		0.402885,
		0,
		0.437196,
		1.532534,
		-0.30814,
		1
	},
	[0.366666666667] = {
		0.443195,
		0.412777,
		-0.795735,
		0,
		-0.133003,
		0.908129,
		0.397003,
		0,
		0.886504,
		-0.070115,
		0.457379,
		0,
		0.440551,
		1.533668,
		-0.323133,
		1
	},
	[0.383333333333] = {
		0.485261,
		0.502503,
		-0.715551,
		0,
		-0.171915,
		0.85722,
		0.485405,
		0,
		0.857302,
		-0.112534,
		0.502364,
		0,
		0.442874,
		1.519677,
		-0.338022,
		1
	},
	[0.3] = {
		0.271615,
		0.24531,
		-0.930617,
		0,
		-0.084749,
		0.96931,
		0.230774,
		0,
		0.958667,
		0.016187,
		0.284069,
		0,
		0.400476,
		1.568709,
		-0.229284,
		1
	},
	[0.416666666667] = {
		0.523015,
		0.47477,
		-0.707848,
		0,
		-0.194288,
		0.875038,
		0.443352,
		0,
		0.829884,
		-0.094354,
		0.5499,
		0,
		0.490238,
		1.515976,
		-0.398119,
		1
	},
	[0.433333333333] = {
		0.539597,
		0.43018,
		-0.723726,
		0,
		-0.194668,
		0.900065,
		0.389855,
		0,
		0.819109,
		-0.069478,
		0.569415,
		0,
		0.521486,
		1.517856,
		-0.427859,
		1
	},
	[0.45] = {
		0.567015,
		0.39992,
		-0.72011,
		0,
		-0.197198,
		0.914713,
		0.352722,
		0,
		0.799755,
		-0.057994,
		0.597519,
		0,
		0.54458,
		1.511377,
		-0.444612,
		1
	},
	[0.466666666667] = {
		0.603992,
		0.387369,
		-0.69652,
		0,
		-0.203232,
		0.919904,
		0.33537,
		0,
		0.770643,
		-0.061006,
		0.63434,
		0,
		0.560535,
		1.496445,
		-0.450632,
		1
	},
	[0.483333333333] = {
		0.642925,
		0.376966,
		-0.666742,
		0,
		-0.208956,
		0.923805,
		0.320814,
		0,
		0.736875,
		-0.06694,
		0.672706,
		0,
		0.576956,
		1.478146,
		-0.454846,
		1
	},
	[0.4] = {
		0.508129,
		0.507084,
		-0.696183,
		0,
		-0.188972,
		0.854254,
		0.484293,
		0,
		0.840294,
		-0.114524,
		0.529896,
		0,
		0.460744,
		1.51367,
		-0.365024,
		1
	},
	[0.516666666667] = {
		0.723864,
		0.360506,
		-0.588265,
		0,
		-0.219534,
		0.928665,
		0.298976,
		0,
		0.654084,
		-0.087274,
		0.751371,
		0,
		0.610821,
		1.433164,
		-0.458812,
		1
	},
	[0.533333333333] = {
		0.764251,
		0.353326,
		-0.539519,
		0,
		-0.224424,
		0.929987,
		0.291134,
		0,
		0.604611,
		-0.101418,
		0.790038,
		0,
		0.628063,
		1.407297,
		-0.459027,
		1
	},
	[0.55] = {
		0.803375,
		0.346079,
		-0.484581,
		0,
		-0.22907,
		0.930764,
		0.284966,
		0,
		0.549651,
		-0.117932,
		0.827028,
		0,
		0.645364,
		1.37965,
		-0.458356,
		1
	},
	[0.566666666667] = {
		0.840269,
		0.338208,
		-0.42375,
		0,
		-0.233477,
		0.93112,
		0.280186,
		0,
		0.489323,
		-0.136496,
		0.861355,
		0,
		0.662975,
		1.32706,
		-0.456378,
		1
	},
	[0.583333333333] = {
		0.87396,
		0.329202,
		-0.35752,
		0,
		-0.237639,
		0.931168,
		0.276503,
		0,
		0.423937,
		-0.156692,
		0.892034,
		0,
		0.678843,
		1.265493,
		-0.452821,
		1
	},
	[0.5] = {
		0.683138,
		0.368195,
		-0.630678,
		0,
		-0.214384,
		0.926659,
		0.308775,
		0,
		0.698113,
		-0.075729,
		0.711971,
		0,
		0.593751,
		1.456914,
		-0.457495,
		1
	},
	[0.616666666667] = {
		0.928112,
		0.306149,
		-0.21185,
		0,
		-0.24511,
		0.930774,
		0.271258,
		0,
		0.28023,
		-0.199832,
		0.938903,
		0,
		0.706808,
		1.176054,
		-0.444922,
		1
	},
	[0.633333333333] = {
		0.947063,
		0.291571,
		-0.13438,
		0,
		-0.248301,
		0.930549,
		0.269118,
		0,
		0.203514,
		-0.221505,
		0.953686,
		0,
		0.721587,
		1.157834,
		-0.44266,
		1
	},
	[0.65] = {
		0.959894,
		0.274839,
		-0.055381,
		0,
		-0.251009,
		0.930454,
		0.266926,
		0,
		0.124891,
		-0.24232,
		0.962124,
		0,
		0.73734,
		1.151104,
		-0.441859,
		1
	},
	[0.666666666667] = {
		0.966367,
		0.256055,
		0.023875,
		0,
		-0.253111,
		0.930601,
		0.264418,
		0,
		0.045487,
		-0.261568,
		0.964113,
		0,
		0.752863,
		1.144636,
		-0.4418,
		1
	},
	[0.683333333333] = {
		0.966502,
		0.235471,
		0.102116,
		0,
		-0.254459,
		0.931101,
		0.261345,
		0,
		-0.033541,
		-0.278575,
		0.959829,
		0,
		0.767822,
		1.137989,
		-0.442539,
		1
	},
	[0.6] = {
		0.903518,
		0.318626,
		-0.286588,
		0,
		-0.241532,
		0.931017,
		0.273624,
		0,
		0.354002,
		-0.178004,
		0.918149,
		0,
		0.693047,
		1.213534,
		-0.448668,
		1
	},
	[0.716666666667] = {
		0.949033,
		0.190672,
		0.250958,
		0,
		-0.254416,
		0.933441,
		0.252904,
		0,
		-0.186033,
		-0.303862,
		0.934377,
		0,
		0.788752,
		1.093831,
		-0.441526,
		1
	},
	[0.733333333333] = {
		0.932558,
		0.167678,
		0.319718,
		0,
		-0.253096,
		0.935173,
		0.247776,
		0,
		-0.257445,
		-0.311985,
		0.914542,
		0,
		0.79597,
		1.076954,
		-0.440844,
		1
	},
	[0.75] = {
		0.912002,
		0.144938,
		0.383725,
		0,
		-0.250791,
		0.937297,
		0.242028,
		0,
		-0.324585,
		-0.316965,
		0.891166,
		0,
		0.800933,
		1.066474,
		-0.440131,
		1
	},
	[0.766666666667] = {
		0.888316,
		0.122881,
		0.442487,
		0,
		-0.247366,
		0.939842,
		0.235601,
		0,
		-0.386917,
		-0.318744,
		0.865273,
		0,
		0.803465,
		1.063127,
		-0.439401,
		1
	},
	[0.783333333333] = {
		0.879392,
		0.113693,
		0.462325,
		0,
		-0.242539,
		0.942596,
		0.229537,
		0,
		-0.409689,
		-0.313985,
		0.856486,
		0,
		0.804173,
		1.063777,
		-0.438078,
		1
	},
	[0.7] = {
		0.96057,
		0.213471,
		0.178145,
		0,
		-0.254887,
		0.93206,
		0.257481,
		0,
		-0.111077,
		-0.292736,
		0.94972,
		0,
		0.779462,
		1.116334,
		-0.442159,
		1
	},
	[0.816666666667] = {
		0.868205,
		0.101146,
		0.485788,
		0,
		-0.232267,
		0.947969,
		0.217732,
		0,
		-0.438489,
		-0.301868,
		0.846524,
		0,
		0.804301,
		1.065628,
		-0.428357,
		1
	},
	[0.833333333333] = {
		0.865969,
		0.097398,
		0.490521,
		0,
		-0.226927,
		0.950587,
		0.211869,
		0,
		-0.445647,
		-0.294785,
		0.845281,
		0,
		0.803803,
		1.066789,
		-0.420449,
		1
	},
	[0.85] = {
		0.865846,
		0.095079,
		0.491194,
		0,
		-0.221509,
		0.953159,
		0.205963,
		0,
		-0.448603,
		-0.287137,
		0.84635,
		0,
		0.802983,
		1.068082,
		-0.410837,
		1
	},
	[0.866666666667] = {
		0.867665,
		0.094003,
		0.488181,
		0,
		-0.216048,
		0.955686,
		0.199968,
		0,
		-0.44775,
		-0.278976,
		0.849525,
		0,
		0.801881,
		1.069489,
		-0.399761,
		1
	},
	[0.883333333333] = {
		0.871217,
		0.093992,
		0.481816,
		0,
		-0.210576,
		0.958166,
		0.193845,
		0,
		-0.44344,
		-0.27034,
		0.854563,
		0,
		0.800533,
		1.07099,
		-0.387463,
		1
	},
	[0.8] = {
		0.872666,
		0.106513,
		0.476559,
		0,
		-0.237487,
		0.945305,
		0.223601,
		0,
		-0.426677,
		-0.308306,
		0.850232,
		0,
		0.804438,
		1.064617,
		-0.434314,
		1
	},
	[0.916666666667] = {
		0.882543,
		0.096478,
		0.460229,
		0,
		-0.199709,
		0.962975,
		0.181097,
		0,
		-0.425717,
		-0.251737,
		0.869134,
		0,
		0.797248,
		1.074201,
		-0.360165,
		1
	},
	[0.933333333333] = {
		0.889792,
		0.098646,
		0.445578,
		0,
		-0.194365,
		0.965296,
		0.17443,
		0,
		-0.412908,
		-0.241811,
		0.878086,
		0,
		0.795384,
		1.075872,
		-0.345641,
		1
	},
	[0.95] = {
		0.897739,
		0.101222,
		0.428742,
		0,
		-0.189113,
		0.967555,
		0.167553,
		0,
		-0.397871,
		-0.231499,
		0.887754,
		0,
		0.793422,
		1.077559,
		-0.330849,
		1
	},
	[0.966666666667] = {
		0.90612,
		0.104056,
		0.410024,
		0,
		-0.183973,
		0.969745,
		0.160463,
		0,
		-0.380922,
		-0.220832,
		0.897848,
		0,
		0.791399,
		1.079241,
		-0.316025,
		1
	},
	[0.983333333333] = {
		0.914682,
		0.107007,
		0.389751,
		0,
		-0.178961,
		0.971861,
		0.153166,
		0,
		-0.362394,
		-0.209849,
		0.908094,
		0,
		0.789355,
		1.080896,
		-0.301403,
		1
	},
	[0.9] = {
		0.876262,
		0.094872,
		0.472403,
		0,
		-0.20512,
		0.960597,
		0.187563,
		0,
		-0.435994,
		-0.261254,
		0.861194,
		0,
		0.798976,
		1.072567,
		-0.374185,
		1
	},
	[1.01666666667] = {
		0.931449,
		0.112742,
		0.345967,
		0,
		-0.169376,
		0.975841,
		0.13801,
		0,
		-0.322049,
		-0.187148,
		0.928041,
		0,
		0.785362,
		1.084036,
		-0.273692,
		1
	},
	[1.03333333333] = {
		0.939269,
		0.115293,
		0.323237,
		0,
		-0.164815,
		0.977694,
		0.130197,
		0,
		-0.301016,
		-0.175564,
		0.937319,
		0,
		0.783498,
		1.085474,
		-0.261066,
		1
	},
	[1.05] = {
		0.946513,
		0.117498,
		0.300513,
		0,
		-0.160407,
		0.979449,
		0.122269,
		0,
		-0.279971,
		-0.163933,
		0.945908,
		0,
		0.781782,
		1.086792,
		-0.249567,
		1
	},
	[1.06666666667] = {
		0.953075,
		0.119276,
		0.278245,
		0,
		-0.156142,
		0.981103,
		0.114263,
		0,
		-0.259359,
		-0.152347,
		0.953689,
		0,
		0.78026,
		1.087968,
		-0.239423,
		1
	},
	[1.08333333333] = {
		0.958889,
		0.120556,
		0.256902,
		0,
		-0.152003,
		0.982655,
		0.106223,
		0,
		-0.23964,
		-0.140906,
		0.960582,
		0,
		0.778983,
		1.088976,
		-0.230865,
		1
	},
	[1.11666666667] = {
		0.96816,
		0.121422,
		0.218911,
		0,
		-0.143994,
		0.985456,
		0.090231,
		0,
		-0.204771,
		-0.11888,
		0.971564,
		0,
		0.777365,
		1.090397,
		-0.21942,
		1
	},
	[1.13333333333] = {
		0.971632,
		0.120941,
		0.203237,
		0,
		-0.14005,
		0.986711,
		0.082384,
		0,
		-0.190573,
		-0.10851,
		0.975658,
		0,
		0.777132,
		1.090765,
		-0.216991,
		1
	},
	[1.15] = {
		0.974362,
		0.119823,
		0.190422,
		0,
		-0.136085,
		0.987876,
		0.074709,
		0,
		-0.179161,
		-0.098708,
		0.978855,
		0,
		0.777357,
		1.090876,
		-0.217064,
		1
	},
	[1.1] = {
		0.963919,
		0.121285,
		0.236962,
		0,
		-0.147965,
		0.984106,
		0.098196,
		0,
		-0.221286,
		-0.129715,
		0.966544,
		0,
		0.778,
		1.089793,
		-0.224121,
		1
	}
}

return spline_matrices
