local spline_matrices = {
	[0] = {
		0.55347,
		-0.37099,
		0.745679,
		0,
		0.126071,
		0.922315,
		0.365296,
		0,
		-0.823272,
		-0.108172,
		0.557245,
		0,
		1.794549,
		0.827226,
		-0.251585,
		1
	},
	{
		0.040682,
		-0.478034,
		0.877399,
		0,
		0.634124,
		0.690969,
		0.347058,
		0,
		-0.772161,
		0.54226,
		0.331243,
		0,
		0.535538,
		0.592855,
		-1.5451,
		1
	},
	[0.0166666666667] = {
		0.509303,
		-0.357276,
		0.78292,
		0,
		0.172646,
		0.933674,
		0.313761,
		0,
		-0.843092,
		-0.024632,
		0.537205,
		0,
		1.85323,
		0.936172,
		-0.272267,
		1
	},
	[0.0333333333333] = {
		0.457063,
		-0.322311,
		0.828981,
		0,
		0.212691,
		0.944598,
		0.249994,
		0,
		-0.863629,
		0.062053,
		0.500294,
		0,
		1.897309,
		1.02479,
		-0.298312,
		1
	},
	[0.05] = {
		0.393003,
		-0.294005,
		0.871269,
		0,
		0.274431,
		0.941829,
		0.194027,
		0,
		-0.877631,
		0.162849,
		0.450826,
		0,
		1.927162,
		1.079241,
		-0.324607,
		1
	},
	[0.0666666666667] = {
		0.326586,
		-0.269286,
		0.905995,
		0,
		0.335975,
		0.929026,
		0.155022,
		0,
		-0.883438,
		0.253763,
		0.393881,
		0,
		1.942457,
		1.105754,
		-0.347543,
		1
	},
	[0.0833333333333] = {
		0.264687,
		-0.255168,
		0.929962,
		0,
		0.387233,
		0.911316,
		0.139837,
		0,
		-0.883171,
		0.323099,
		0.340023,
		0,
		1.95091,
		1.115606,
		-0.363837,
		1
	},
	[0.116666666667] = {
		0.185405,
		-0.281574,
		0.941457,
		0,
		0.473655,
		0.865032,
		0.165437,
		0,
		-0.860974,
		0.415253,
		0.29375,
		0,
		1.933364,
		1.171782,
		-0.362594,
		1
	},
	[0.133333333333] = {
		0.183079,
		-0.332902,
		0.925018,
		0,
		0.519296,
		0.831689,
		0.196535,
		0,
		-0.834754,
		0.444376,
		0.325139,
		0,
		1.875948,
		1.275484,
		-0.337115,
		1
	},
	[0.15] = {
		0.166689,
		-0.391024,
		0.90516,
		0,
		0.526429,
		0.811509,
		0.253624,
		0,
		-0.833719,
		0.434226,
		0.341117,
		0,
		1.761587,
		1.421745,
		-0.302481,
		1
	},
	[0.166666666667] = {
		0.1851,
		-0.447493,
		0.874922,
		0,
		0.529952,
		0.79521,
		0.294606,
		0,
		-0.82758,
		0.409135,
		0.384343,
		0,
		1.593014,
		1.575206,
		-0.280522,
		1
	},
	[0.183333333333] = {
		0.182412,
		-0.346123,
		0.920285,
		0,
		0.426246,
		0.871299,
		0.243212,
		0,
		-0.886025,
		0.347903,
		0.306469,
		0,
		1.547164,
		1.537408,
		-0.308344,
		1
	},
	[0.1] = {
		0.215037,
		-0.257371,
		0.942082,
		0,
		0.431652,
		0.890357,
		0.144712,
		0,
		-0.876034,
		0.375533,
		0.302555,
		0,
		1.952817,
		1.126707,
		-0.371722,
		1
	},
	[0.216666666667] = {
		-0.007737,
		-0.160672,
		0.986977,
		0,
		-0.231546,
		0.96047,
		0.154542,
		0,
		-0.972793,
		-0.227335,
		-0.044634,
		0,
		1.115093,
		1.589956,
		-0.26208,
		1
	},
	[0.233333333333] = {
		0.009557,
		-0.241694,
		0.970305,
		0,
		-0.252533,
		0.938313,
		0.236212,
		0,
		-0.967541,
		-0.247291,
		-0.052068,
		0,
		0.894908,
		1.916142,
		-0.263356,
		1
	},
	[0.25] = {
		0.018429,
		-0.03902,
		0.999068,
		0,
		-0.700781,
		0.712212,
		0.040743,
		0,
		-0.713139,
		-0.700879,
		-0.014219,
		0,
		0.239108,
		2.081177,
		-0.253962,
		1
	},
	[0.266666666667] = {
		-0.021866,
		-0.092659,
		0.995458,
		0,
		-0.922955,
		0.384595,
		0.015525,
		0,
		-0.384287,
		-0.918423,
		-0.093929,
		0,
		-0.275909,
		1.751732,
		-0.254767,
		1
	},
	[0.283333333333] = {
		-0.016349,
		-0.097901,
		0.995062,
		0,
		-0.998393,
		-0.052415,
		-0.021561,
		0,
		0.054267,
		-0.993815,
		-0.096886,
		0,
		-0.724095,
		1.375415,
		-0.281636,
		1
	},
	[0.2] = {
		0.137999,
		-0.223959,
		0.964779,
		0,
		0.130521,
		0.969716,
		0.206436,
		0,
		-0.981795,
		0.097436,
		0.163052,
		0,
		1.366101,
		1.66613,
		-0.27499,
		1
	},
	[0.316666666667] = {
		0.043938,
		-0.23886,
		0.97006,
		0,
		-0.687683,
		-0.711574,
		-0.144065,
		0,
		0.72468,
		-0.660764,
		-0.195525,
		0,
		-0.966619,
		0.90332,
		-0.385062,
		1
	},
	[0.333333333333] = {
		0.049344,
		-0.29961,
		0.952785,
		0,
		-0.504063,
		-0.83102,
		-0.235215,
		0,
		0.862256,
		-0.468657,
		-0.192028,
		0,
		-0.991921,
		0.721753,
		-0.465171,
		1
	},
	[0.35] = {
		0.009477,
		-0.366175,
		0.930498,
		0,
		-0.435494,
		-0.839166,
		-0.325798,
		0,
		0.900142,
		-0.402139,
		-0.167419,
		0,
		-1.023682,
		0.611575,
		-0.564745,
		1
	},
	[0.366666666667] = {
		-0.075506,
		-0.438895,
		0.89536,
		0,
		-0.383336,
		-0.816144,
		-0.432392,
		0,
		0.920518,
		-0.375872,
		-0.10662,
		0,
		-1.035697,
		0.483571,
		-0.66764,
		1
	},
	[0.383333333333] = {
		-0.182739,
		-0.48575,
		0.854783,
		0,
		-0.358618,
		-0.776588,
		-0.517981,
		0,
		0.915423,
		-0.401196,
		-0.032286,
		0,
		-1.041146,
		0.364622,
		-0.767086,
		1
	},
	[0.3] = {
		0.014148,
		-0.17938,
		0.983678,
		0,
		-0.869263,
		-0.488386,
		-0.076558,
		0,
		0.494147,
		-0.853992,
		-0.162838,
		0,
		-0.897226,
		1.124569,
		-0.323514,
		1
	},
	[0.416666666667] = {
		-0.414754,
		-0.47698,
		0.774899,
		0,
		-0.301198,
		-0.731627,
		-0.611556,
		0,
		0.858638,
		-0.487044,
		0.15978,
		0,
		-0.960208,
		0.168811,
		-0.948751,
		1
	},
	[0.433333333333] = {
		-0.497042,
		-0.420524,
		0.759018,
		0,
		-0.141845,
		-0.823579,
		-0.54918,
		0,
		0.856055,
		-0.380628,
		0.349704,
		0,
		-0.836382,
		0.046741,
		-1.012116,
		1
	},
	[0.45] = {
		-0.555786,
		-0.351646,
		0.753291,
		0,
		0.018821,
		-0.911222,
		-0.411485,
		0,
		0.831113,
		-0.21452,
		0.513063,
		0,
		-0.720133,
		-0.058204,
		-1.055878,
		1
	},
	[0.466666666667] = {
		-0.585022,
		-0.268457,
		0.765297,
		0,
		0.077632,
		-0.95783,
		-0.276651,
		0,
		0.807293,
		-0.102436,
		0.581192,
		0,
		-0.667118,
		-0.118539,
		-1.090574,
		1
	},
	[0.483333333333] = {
		-0.597708,
		-0.1812,
		0.780969,
		0,
		0.058605,
		-0.981393,
		-0.182849,
		0,
		0.799569,
		-0.063522,
		0.597205,
		0,
		-0.667819,
		-0.128537,
		-1.110444,
		1
	},
	[0.4] = {
		-0.288122,
		-0.486997,
		0.824512,
		0,
		-0.391771,
		-0.725721,
		-0.565548,
		0,
		0.873785,
		-0.485967,
		0.018305,
		0,
		-1.031514,
		0.272419,
		-0.861424,
		1
	},
	[0.516666666667] = {
		-0.579126,
		-0.013542,
		0.815125,
		0,
		-0.08427,
		-0.993511,
		-0.076378,
		0,
		0.810871,
		-0.112924,
		0.574228,
		0,
		-0.677304,
		-0.07574,
		-1.142455,
		1
	},
	[0.533333333333] = {
		-0.549276,
		0.078503,
		0.831946,
		0,
		-0.207685,
		-0.977164,
		-0.044914,
		0,
		0.809421,
		-0.197453,
		0.553036,
		0,
		-0.694816,
		-0.036943,
		-1.168985,
		1
	},
	[0.55] = {
		-0.498991,
		0.170062,
		0.849757,
		0,
		-0.35148,
		-0.936001,
		-0.019073,
		0,
		0.79213,
		-0.30819,
		0.52683,
		0,
		-0.721325,
		0.00314,
		-1.198331,
		1
	},
	[0.566666666667] = {
		-0.426534,
		0.252684,
		0.868458,
		0,
		-0.499731,
		-0.866156,
		0.006577,
		0,
		0.753882,
		-0.43119,
		0.495718,
		0,
		-0.749699,
		0.045652,
		-1.226676,
		1
	},
	[0.583333333333] = {
		-0.337922,
		0.306957,
		0.889711,
		0,
		-0.628928,
		-0.776917,
		0.029168,
		0,
		0.700185,
		-0.549708,
		0.455591,
		0,
		-0.771663,
		0.08907,
		-1.246224,
		1
	},
	[0.5] = {
		-0.594333,
		-0.099401,
		0.798053,
		0,
		0.006207,
		-0.99287,
		-0.119044,
		0,
		0.804195,
		-0.065799,
		0.590712,
		0,
		-0.671903,
		-0.111382,
		-1.122023,
		1
	},
	[0.616666666667] = {
		-0.138289,
		0.462783,
		0.875619,
		0,
		-0.858915,
		-0.496221,
		0.126613,
		0,
		0.493094,
		-0.734573,
		0.466113,
		0,
		-0.780953,
		0.186893,
		-1.302188,
		1
	},
	[0.633333333333] = {
		-0.031735,
		0.620627,
		0.783464,
		0,
		-0.966382,
		-0.219152,
		0.134459,
		0,
		0.255146,
		-0.752858,
		0.606717,
		0,
		-0.735476,
		0.259375,
		-1.375321,
		1
	},
	[0.65] = {
		0.165764,
		0.737747,
		0.654409,
		0,
		-0.983133,
		0.175623,
		0.051044,
		0,
		-0.077272,
		-0.651833,
		0.754416,
		0,
		-0.628386,
		0.355578,
		-1.49293,
		1
	},
	[0.666666666667] = {
		0.397894,
		0.757004,
		0.518291,
		0,
		-0.843996,
		0.523504,
		-0.11668,
		0,
		-0.359654,
		-0.391009,
		0.847207,
		0,
		-0.425804,
		0.452122,
		-1.629693,
		1
	},
	[0.683333333333] = {
		0.628915,
		0.585843,
		0.51113,
		0,
		-0.528009,
		0.8044,
		-0.272299,
		0,
		-0.570678,
		-0.098628,
		0.81523,
		0,
		-0.08726,
		0.532226,
		-1.709281,
		1
	},
	[0.6] = {
		-0.240435,
		0.359459,
		0.901654,
		0,
		-0.743411,
		-0.665465,
		0.06706,
		0,
		0.624125,
		-0.654176,
		0.427227,
		0,
		-0.787086,
		0.134335,
		-1.264272,
		1
	},
	[0.716666666667] = {
		0.709763,
		0.120247,
		0.694102,
		0,
		0.184116,
		0.919408,
		-0.34755,
		0,
		-0.679955,
		0.374473,
		0.630422,
		0,
		0.527946,
		0.538397,
		-1.688448,
		1
	},
	[0.733333333333] = {
		0.665965,
		0.017345,
		0.745781,
		0,
		0.324966,
		0.893142,
		-0.310959,
		0,
		-0.671482,
		0.449441,
		0.589165,
		0,
		0.623765,
		0.527333,
		-1.662726,
		1
	},
	[0.75] = {
		0.640114,
		-0.016938,
		0.768093,
		0,
		0.360188,
		0.889693,
		-0.280555,
		0,
		-0.678615,
		0.456245,
		0.575606,
		0,
		0.615302,
		0.537724,
		-1.655766,
		1
	},
	[0.766666666667] = {
		0.610447,
		-0.050319,
		0.790457,
		0,
		0.39423,
		0.884883,
		-0.248122,
		0,
		-0.686977,
		0.463087,
		0.560012,
		0,
		0.608978,
		0.544042,
		-1.648368,
		1
	},
	[0.783333333333] = {
		0.577866,
		-0.083075,
		0.811892,
		0,
		0.426542,
		0.878869,
		-0.213664,
		0,
		-0.695797,
		0.469775,
		0.543303,
		0,
		0.603752,
		0.548154,
		-1.640747,
		1
	},
	[0.7] = {
		0.729377,
		0.342175,
		0.592389,
		0,
		-0.133738,
		0.920536,
		-0.367053,
		0,
		-0.670912,
		0.188495,
		0.71718,
		0,
		0.262124,
		0.553043,
		-1.71997,
		1
	},
	[0.816666666667] = {
		0.507514,
		-0.14778,
		0.848876,
		0,
		0.484804,
		0.86342,
		-0.139536,
		0,
		-0.712316,
		0.482355,
		0.509842,
		0,
		0.592992,
		0.556169,
		-1.62563,
		1
	},
	[0.833333333333] = {
		0.469997,
		-0.179736,
		0.864175,
		0,
		0.510618,
		0.853962,
		-0.100097,
		0,
		-0.719981,
		0.488308,
		0.493136,
		0,
		0.587516,
		0.560044,
		-1.618131,
		1
	},
	[0.85] = {
		0.43109,
		-0.211419,
		0.877191,
		0,
		0.534139,
		0.843319,
		-0.059243,
		0,
		-0.727226,
		0.494081,
		0.476473,
		0,
		0.582016,
		0.563811,
		-1.610671,
		1
	},
	[0.866666666667] = {
		0.39092,
		-0.242814,
		0.887819,
		0,
		0.555317,
		0.831463,
		-0.017113,
		0,
		-0.734033,
		0.499711,
		0.459874,
		0,
		0.576526,
		0.56746,
		-1.603248,
		1
	},
	[0.883333333333] = {
		0.349616,
		-0.273894,
		0.895964,
		0,
		0.574107,
		0.818363,
		0.026148,
		0,
		-0.740385,
		0.505237,
		0.443357,
		0,
		0.57108,
		0.570978,
		-1.595861,
		1
	},
	[0.8] = {
		0.543513,
		-0.11556,
		0.831408,
		0,
		0.456757,
		0.871717,
		-0.177432,
		0,
		-0.704249,
		0.476188,
		0.526572,
		0,
		0.598414,
		0.552201,
		-1.633168,
		1
	},
	[0.916666666667] = {
		0.264111,
		-0.334951,
		0.904463,
		0,
		0.604378,
		0.788289,
		0.115445,
		0,
		-0.751646,
		0.516148,
		0.410633,
		0,
		0.560468,
		0.577581,
		-1.581193,
		1
	},
	[0.933333333333] = {
		0.220143,
		-0.364833,
		0.904674,
		0,
		0.615836,
		0.771217,
		0.161156,
		0,
		-0.756494,
		0.521653,
		0.394455,
		0,
		0.555404,
		0.580623,
		-1.57391,
		1
	},
	[0.95] = {
		0.175568,
		-0.394169,
		0.902113,
		0,
		0.624725,
		0.752811,
		0.20735,
		0,
		-0.760852,
		0.527168,
		0.378416,
		0,
		0.550491,
		0.583542,
		-1.56666,
		1
	},
	[0.966666666667] = {
		0.13062,
		-0.422854,
		0.896734,
		0,
		0.630846,
		0.733207,
		0.253853,
		0,
		-0.764834,
		0.532543,
		0.362527,
		0,
		0.545618,
		0.58647,
		-1.559441,
		1
	},
	[0.983333333333] = {
		0.085563,
		-0.45082,
		0.888504,
		0,
		0.634027,
		0.712545,
		0.300483,
		0,
		-0.768563,
		0.537625,
		0.3468,
		0,
		0.540673,
		0.589534,
		-1.552254,
		1
	},
	[0.9] = {
		0.307305,
		-0.304622,
		0.901537,
		0,
		0.590471,
		0.803983,
		0.070387,
		0,
		-0.746262,
		0.510702,
		0.426938,
		0,
		0.565715,
		0.574355,
		-1.58851,
		1
	},
	[1.01666666667] = {
		-0.003713,
		-0.504495,
		0.863407,
		0,
		0.631024,
		0.668619,
		0.393393,
		0,
		-0.775754,
		0.546291,
		0.315865,
		0,
		0.530094,
		0.596552,
		-1.537979,
		1
	},
	[1.03333333333] = {
		-0.047298,
		-0.530237,
		0.846529,
		0,
		0.624649,
		0.645624,
		0.439298,
		0,
		-0.779472,
		0.549561,
		0.300676,
		0,
		0.524218,
		0.600738,
		-1.53089,
		1
	},
	[1.05] = {
		-0.089727,
		-0.555326,
		0.826778,
		0,
		0.614953,
		0.6221,
		0.484587,
		0,
		-0.783442,
		0.55191,
		0.28568,
		0,
		0.517784,
		0.60552,
		-1.523836,
		1
	}
}

return spline_matrices
