-- chunkname: @content/characters/player/ogryn/first_person/animations/gauntlet/swing_left.lua

local spline_matrices = {
	[0.0166666666667] = {
		0.371909,
		0.096128,
		0.923278,
		0,
		-0.415798,
		-0.872011,
		0.25828,
		0,
		0.829937,
		-0.479954,
		-0.284339,
		0,
		-1.081683,
		0.176525,
		-0.601558,
		1,
	},
	[0.0333333333333] = {
		0.339696,
		0.085128,
		0.936675,
		0,
		-0.399706,
		-0.888423,
		0.2257,
		0,
		0.851377,
		-0.451064,
		-0.267767,
		0,
		-1.122627,
		0.236216,
		-0.562643,
		1,
	},
	[0.05] = {
		0.314046,
		0.004243,
		0.949398,
		0,
		-0.374995,
		-0.918127,
		0.128146,
		0,
		0.872212,
		-0.396263,
		-0.286743,
		0,
		-1.156402,
		0.259105,
		-0.544883,
		1,
	},
	[0.0666666666667] = {
		0.290924,
		-0.111435,
		0.950234,
		0,
		-0.345581,
		-0.938379,
		-0.004242,
		0,
		0.892153,
		-0.327149,
		-0.311507,
		0,
		-1.184639,
		0.271281,
		-0.534296,
		1,
	},
	[0.0833333333333] = {
		0.263459,
		-0.202051,
		0.943273,
		0,
		-0.330908,
		-0.937419,
		-0.108374,
		0,
		0.90614,
		-0.283585,
		-0.313832,
		0,
		-1.193262,
		0.316642,
		-0.527487,
		1,
	},
	[0] = {
		0.394246,
		0.075271,
		0.915917,
		0,
		-0.436305,
		-0.861829,
		0.258629,
		0,
		0.808831,
		-0.501582,
		-0.306932,
		0,
		-1.043308,
		0.111578,
		-0.626965,
		1,
	},
	[0.116666666667] = {
		0.171298,
		-0.247298,
		0.953677,
		0,
		-0.388028,
		-0.906682,
		-0.165415,
		0,
		0.905589,
		-0.341718,
		-0.251272,
		0,
		-1.125288,
		0.554613,
		-0.524692,
		1,
	},
	[0.133333333333] = {
		0.161677,
		-0.116977,
		0.979886,
		0,
		-0.325564,
		-0.943681,
		-0.058938,
		0,
		0.931594,
		-0.309487,
		-0.190655,
		0,
		-0.977719,
		0.651509,
		-0.428118,
		1,
	},
	[0.15] = {
		0.158137,
		0.008774,
		0.987378,
		0,
		-0.301062,
		-0.951919,
		0.056677,
		0,
		0.940401,
		-0.306225,
		-0.147892,
		0,
		-0.831992,
		0.777142,
		-0.330574,
		1,
	},
	[0.166666666667] = {
		0.165301,
		-0.014799,
		0.986132,
		0,
		-0.394955,
		-0.917203,
		0.05244,
		0,
		0.903707,
		-0.398146,
		-0.157459,
		0,
		-0.819576,
		0.971284,
		-0.318025,
		1,
	},
	[0.183333333333] = {
		0.184598,
		-0.093553,
		0.978351,
		0,
		-0.630509,
		-0.774884,
		0.044869,
		0,
		0.753911,
		-0.625142,
		-0.202028,
		0,
		-0.77796,
		1.232526,
		-0.323428,
		1,
	},
	[0.1] = {
		0.214965,
		-0.252866,
		0.943318,
		0,
		-0.361991,
		-0.917728,
		-0.163515,
		0,
		0.907057,
		-0.306322,
		-0.288814,
		0,
		-1.180667,
		0.425741,
		-0.536696,
		1,
	},
	[0.216666666667] = {
		0.120824,
		-0.300754,
		0.946017,
		0,
		-0.761178,
		0.583653,
		0.282769,
		0,
		-0.637189,
		-0.754252,
		-0.158408,
		0,
		-0.337092,
		2.075899,
		-0.264223,
		1,
	},
	[0.233333333333] = {
		0.039381,
		-0.267112,
		0.962861,
		0,
		-0.353079,
		0.897726,
		0.263483,
		0,
		-0.934764,
		-0.350343,
		-0.058958,
		0,
		0.076717,
		2.118952,
		-0.273506,
		1,
	},
	[0.25] = {
		-0.118962,
		-0.261077,
		0.95796,
		0,
		0.279874,
		0.916872,
		0.284634,
		0,
		-0.952638,
		0.301969,
		-0.036004,
		0,
		0.741821,
		2.006917,
		-0.263658,
		1,
	},
	[0.266666666667] = {
		-0.027753,
		-0.252969,
		0.967076,
		0,
		0.371865,
		0.895402,
		0.244892,
		0,
		-0.927872,
		0.366418,
		0.06922,
		0,
		1.097228,
		1.516285,
		-0.269481,
		1,
	},
	[0.283333333333] = {
		0.043589,
		-0.261716,
		0.96416,
		0,
		0.387405,
		0.893992,
		0.225155,
		0,
		-0.920878,
		0.363707,
		0.140358,
		0,
		1.153306,
		1.314436,
		-0.277239,
		1,
	},
	[0.2] = {
		0.196963,
		-0.205999,
		0.958525,
		0,
		-0.968055,
		-0.195594,
		0.156886,
		0,
		0.155163,
		-0.958805,
		-0.237943,
		0,
		-0.587313,
		1.620936,
		-0.296468,
		1,
	},
	[0.316666666667] = {
		0.160554,
		-0.399488,
		0.90257,
		0,
		0.573806,
		0.78181,
		0.243967,
		0,
		-0.8031,
		0.47873,
		0.354751,
		0,
		1.197795,
		0.949717,
		-0.335571,
		1,
	},
	[0.333333333333] = {
		0.18956,
		-0.445723,
		0.87487,
		0,
		0.654995,
		0.721197,
		0.225512,
		0,
		-0.73147,
		0.530288,
		0.428656,
		0,
		1.236576,
		0.82523,
		-0.380577,
		1,
	},
	[0.35] = {
		0.185869,
		-0.424329,
		0.886227,
		0,
		0.670292,
		0.714245,
		0.201403,
		0,
		-0.718444,
		0.556596,
		0.41718,
		0,
		1.277732,
		0.777285,
		-0.393205,
		1,
	},
	[0.366666666667] = {
		0.215046,
		-0.345652,
		0.913389,
		0,
		0.649286,
		0.749236,
		0.130665,
		0,
		-0.729508,
		0.564952,
		0.385547,
		0,
		1.274002,
		0.754125,
		-0.449632,
		1,
	},
	[0.383333333333] = {
		0.368827,
		-0.233617,
		0.899661,
		0,
		0.616606,
		0.785761,
		-0.048745,
		0,
		-0.695531,
		0.572715,
		0.43386,
		0,
		1.216635,
		0.731983,
		-0.678685,
		1,
	},
	[0.3] = {
		0.112408,
		-0.318087,
		0.941374,
		0,
		0.450555,
		0.860707,
		0.23703,
		0,
		-0.885643,
		0.397497,
		0.240066,
		0,
		1.159717,
		1.149443,
		-0.298027,
		1,
	},
	[0.416666666667] = {
		0.721807,
		-0.132352,
		0.679321,
		0,
		0.5273,
		0.740918,
		-0.415926,
		0,
		-0.448273,
		0.658425,
		0.604589,
		0,
		1.110022,
		0.690957,
		-1.26797,
		1,
	},
	[0.433333333333] = {
		0.761385,
		-0.117573,
		0.63755,
		0,
		0.49104,
		0.74668,
		-0.448719,
		0,
		-0.423288,
		0.65471,
		0.626244,
		0,
		1.077116,
		0.71298,
		-1.330686,
		1,
	},
	[0.45] = {
		0.774659,
		-0.099807,
		0.624453,
		0,
		0.458117,
		0.769276,
		-0.445358,
		0,
		-0.435927,
		0.631073,
		0.64165,
		0,
		1.038013,
		0.749789,
		-1.325207,
		1,
	},
	[0.466666666667] = {
		0.802902,
		-0.078274,
		0.59095,
		0,
		0.414732,
		0.785434,
		-0.459446,
		0,
		-0.42819,
		0.613976,
		0.663089,
		0,
		0.986619,
		0.778555,
		-1.348102,
		1,
	},
	[0.483333333333] = {
		0.830279,
		-0.054467,
		0.554681,
		0,
		0.367851,
		0.80122,
		-0.471945,
		0,
		-0.418716,
		0.595886,
		0.685272,
		0,
		0.930982,
		0.806939,
		-1.369045,
		1,
	},
	[0.4] = {
		0.578527,
		-0.15668,
		0.800473,
		0,
		0.575533,
		0.773826,
		-0.264492,
		0,
		-0.577986,
		0.613714,
		0.537854,
		0,
		1.15488,
		0.705544,
		-1.007811,
		1,
	},
	[0.516666666667] = {
		0.879714,
		-0.001239,
		0.475501,
		0,
		0.266239,
		0.829834,
		-0.4904,
		0,
		-0.393979,
		0.558008,
		0.730347,
		0,
		0.811143,
		0.862883,
		-1.406192,
		1,
	},
	[0.533333333333] = {
		0.900705,
		0.027432,
		0.433564,
		0,
		0.21299,
		0.841945,
		-0.495745,
		0,
		-0.378636,
		0.538865,
		0.752502,
		0,
		0.74904,
		0.890606,
		-1.423,
		1,
	},
	[0.55] = {
		0.91873,
		0.056901,
		0.390765,
		0,
		0.159159,
		0.852269,
		-0.498303,
		0,
		-0.361391,
		0.519999,
		0.773949,
		0,
		0.686886,
		0.918264,
		-1.439064,
		1,
	},
	[0.566666666667] = {
		0.933611,
		0.086711,
		0.347636,
		0,
		0.105524,
		0.860687,
		-0.498079,
		0,
		-0.342395,
		0.501696,
		0.794397,
		0,
		0.625729,
		0.945922,
		-1.454736,
		1,
	},
	[0.583333333333] = {
		0.945314,
		0.1164,
		0.304685,
		0,
		0.052828,
		0.867174,
		-0.495195,
		0,
		-0.321856,
		0.484211,
		0.813602,
		0,
		0.566608,
		0.973629,
		-1.470384,
		1,
	},
	[0.5] = {
		0.856083,
		-0.028673,
		0.516043,
		0,
		0.318115,
		0.816155,
		-0.482384,
		0,
		-0.407339,
		0.577122,
		0.707817,
		0,
		0.872141,
		0.835021,
		-1.388311,
		1,
	},
	[0.616666666667] = {
		0.954822,
		0.139633,
		0.262332,
		0,
		0.007093,
		0.871779,
		-0.489848,
		0,
		-0.297094,
		0.469578,
		0.831403,
		0,
		0.522813,
		0.999064,
		-1.486856,
		1,
	},
	[0.633333333333] = {
		0.955709,
		0.13354,
		0.262275,
		0,
		0.012638,
		0.871696,
		-0.489884,
		0,
		-0.294043,
		0.471501,
		0.8314,
		0,
		0.53552,
		0.996394,
		-1.487398,
		1,
	},
	[0.65] = {
		0.956581,
		0.127283,
		0.262208,
		0,
		0.018344,
		0.871535,
		-0.48999,
		0,
		-0.29089,
		0.473525,
		0.831358,
		0,
		0.548589,
		0.9934,
		-1.48802,
		1,
	},
	[0.666666666667] = {
		0.957429,
		0.120898,
		0.262132,
		0,
		0.024178,
		0.871297,
		-0.49016,
		0,
		-0.287654,
		0.475631,
		0.831282,
		0,
		0.561937,
		0.990103,
		-1.488714,
		1,
	},
	[0.683333333333] = {
		0.958247,
		0.114423,
		0.26205,
		0,
		0.030101,
		0.870985,
		-0.490387,
		0,
		-0.284353,
		0.4778,
		0.831174,
		0,
		0.57548,
		0.986522,
		-1.489468,
		1,
	},
	[0.6] = {
		0.95393,
		0.145523,
		0.262376,
		0,
		0.001747,
		0.87179,
		-0.489877,
		0,
		-0.300025,
		0.467766,
		0.831372,
		0,
		0.510552,
		1.001415,
		-1.486392,
		1,
	},
	[0.716666666667] = {
		0.959764,
		0.101354,
		0.261878,
		0,
		0.042079,
		0.870151,
		-0.490986,
		0,
		-0.277636,
		0.48225,
		0.830875,
		0,
		0.602821,
		0.978613,
		-1.49112,
		1,
	},
	[0.733333333333] = {
		0.960454,
		0.094833,
		0.261792,
		0,
		0.04806,
		0.869638,
		-0.491345,
		0,
		-0.27426,
		0.484496,
		0.830689,
		0,
		0.616453,
		0.974344,
		-1.491998,
		1,
	},
	[0.75] = {
		0.961092,
		0.088373,
		0.261709,
		0,
		0.05399,
		0.869069,
		-0.491736,
		0,
		-0.2709,
		0.486733,
		0.830484,
		0,
		0.629951,
		0.96991,
		-1.492898,
		1,
	},
	[0.766666666667] = {
		0.961678,
		0.082011,
		0.26163,
		0,
		0.059832,
		0.868451,
		-0.492152,
		0,
		-0.267575,
		0.488945,
		0.830263,
		0,
		0.643234,
		0.96535,
		-1.49381,
		1,
	},
	[0.783333333333] = {
		0.962208,
		0.075785,
		0.261556,
		0,
		0.065551,
		0.867791,
		-0.492586,
		0,
		-0.264307,
		0.491116,
		0.830028,
		0,
		0.65622,
		0.960704,
		-1.494724,
		1,
	},
	[0.7] = {
		0.959027,
		0.107896,
		0.261964,
		0,
		0.03608,
		0.870602,
		-0.490664,
		0,
		-0.281007,
		0.480012,
		0.831038,
		0,
		0.589136,
		0.982683,
		-1.490273,
		1,
	},
	[0.816666666667] = {
		0.963106,
		0.063891,
		0.261427,
		0,
		0.076478,
		0.866385,
		-0.493485,
		0,
		-0.258026,
		0.495272,
		0.829535,
		0,
		0.680985,
		0.951339,
		-1.496525,
		1,
	},
	[0.833333333333] = {
		0.963476,
		0.0583,
		0.261373,
		0,
		0.081615,
		0.865659,
		-0.493937,
		0,
		-0.255056,
		0.497228,
		0.829283,
		0,
		0.692607,
		0.946716,
		-1.497392,
		1,
	},
	[0.85] = {
		0.963795,
		0.052996,
		0.261326,
		0,
		0.086488,
		0.864931,
		-0.494382,
		0,
		-0.252229,
		0.499085,
		0.829033,
		0,
		0.703617,
		0.942203,
		-1.498227,
		1,
	},
	[0.866666666667] = {
		0.964066,
		0.048018,
		0.261286,
		0,
		0.091062,
		0.864214,
		-0.494814,
		0,
		-0.249567,
		0.500827,
		0.828787,
		0,
		0.713939,
		0.937852,
		-1.49902,
		1,
	},
	[0.883333333333] = {
		0.964294,
		0.043404,
		0.261253,
		0,
		0.095302,
		0.863521,
		-0.495227,
		0,
		-0.247092,
		0.502442,
		0.828551,
		0,
		0.723496,
		0.933721,
		-1.499762,
		1,
	},
	[0.8] = {
		0.962684,
		0.069732,
		0.261488,
		0,
		0.071111,
		0.8671,
		-0.493033,
		0,
		-0.261117,
		0.49323,
		0.829785,
		0,
		0.66883,
		0.956018,
		-1.495632,
		1,
	},
	[0.916666666667] = {
		0.964633,
		0.035417,
		0.261205,
		0,
		0.102641,
		0.862252,
		-0.495969,
		0,
		-0.24279,
		0.505239,
		0.828122,
		0,
		0.740011,
		0.926344,
		-1.501066,
		1,
	},
	[0.933333333333] = {
		0.964753,
		0.032121,
		0.261188,
		0,
		0.10567,
		0.861704,
		-0.496287,
		0,
		-0.241008,
		0.506394,
		0.827937,
		0,
		0.746819,
		0.923214,
		-1.501611,
		1,
	},
	[0.95] = {
		0.964845,
		0.029339,
		0.261176,
		0,
		0.108227,
		0.861229,
		-0.49656,
		0,
		-0.239501,
		0.50737,
		0.827777,
		0,
		0.752559,
		0.920534,
		-1.502074,
		1,
	},
	[0.966666666667] = {
		0.964913,
		0.02711,
		0.261168,
		0,
		0.110276,
		0.86084,
		-0.496784,
		0,
		-0.238292,
		0.508153,
		0.827646,
		0,
		0.757157,
		0.918358,
		-1.502448,
		1,
	},
	[0.983333333333] = {
		0.964959,
		0.025472,
		0.261162,
		0,
		0.111782,
		0.860549,
		-0.496951,
		0,
		-0.237401,
		0.508731,
		0.827547,
		0,
		0.760536,
		0.916742,
		-1.502725,
		1,
	},
	[0.9] = {
		0.964482,
		0.039191,
		0.261226,
		0,
		0.099173,
		0.862862,
		-0.495614,
		0,
		-0.244825,
		0.503917,
		0.828328,
		0,
		0.732212,
		0.929866,
		-1.500447,
		1,
	},
	[1.01666666667] = {
		0.964995,
		0.024116,
		0.261158,
		0,
		0.11303,
		0.860304,
		-0.497092,
		0,
		-0.236663,
		0.50921,
		0.827463,
		0,
		0.763332,
		0.915392,
		-1.502956,
		1,
	},
	[1.03333333333] = {
		0.964995,
		0.024116,
		0.261158,
		0,
		0.11303,
		0.860304,
		-0.497092,
		0,
		-0.236663,
		0.50921,
		0.827463,
		0,
		0.763332,
		0.915392,
		-1.502956,
		1,
	},
	{
		0.964986,
		0.024461,
		0.261159,
		0,
		0.112712,
		0.860367,
		-0.497056,
		0,
		-0.236851,
		0.509088,
		0.827485,
		0,
		0.76262,
		0.915737,
		-1.502897,
		1,
	},
}

return spline_matrices
