-- chunkname: @content/characters/player/ogryn/first_person/animations/gauntlet/swing_diagonal_right_up.lua

local spline_matrices = {
	[0.0166666666667] = {
		0.40738,
		-0.06903,
		0.910646,
		0,
		0.218641,
		0.975514,
		-0.023863,
		0,
		-0.8867,
		0.208826,
		0.412498,
		0,
		1.332615,
		0.511416,
		-0.207022,
		1
	},
	[0.0333333333333] = {
		0.537248,
		0.045666,
		0.842187,
		0,
		0.356393,
		0.892717,
		-0.275755,
		0,
		-0.764427,
		0.448298,
		0.463335,
		0,
		1.306233,
		0.381656,
		-0.344785,
		1
	},
	[0.05] = {
		0.683915,
		0.11956,
		0.719699,
		0,
		0.445698,
		0.712525,
		-0.541905,
		0,
		-0.577593,
		0.691385,
		0.434019,
		0,
		1.252706,
		0.195548,
		-0.526481,
		1
	},
	[0.0666666666667] = {
		0.8159,
		0.132502,
		0.562806,
		0,
		0.451127,
		0.462956,
		-0.762992,
		0,
		-0.361652,
		0.876422,
		0.31795,
		0,
		1.177068,
		-0.012518,
		-0.724343,
		1
	},
	[0.0833333333333] = {
		0.907545,
		0.099355,
		0.408032,
		0,
		0.380113,
		0.218721,
		-0.898708,
		0,
		-0.178537,
		0.970716,
		0.160733,
		0,
		1.090413,
		-0.200983,
		-0.913514,
		1
	},
	[0] = {
		0.310002,
		-0.193766,
		0.930781,
		0,
		0.076227,
		0.980925,
		0.178817,
		0,
		-0.947675,
		0.015517,
		0.318859,
		0,
		1.328238,
		0.5585,
		-0.13715,
		1
	},
	[0.116666666667] = {
		0.979631,
		0.067135,
		0.18925,
		0,
		0.188093,
		0.023211,
		-0.981877,
		0,
		-0.070311,
		0.997474,
		0.010111,
		0,
		0.943387,
		-0.326057,
		-1.206463,
		1
	},
	[0.133333333333] = {
		0.979402,
		0.155073,
		0.129318,
		0,
		0.108256,
		0.137353,
		-0.984589,
		0,
		-0.170446,
		0.978308,
		0.117736,
		0,
		0.8983,
		-0.156802,
		-1.285338,
		1
	},
	[0.15] = {
		0.931346,
		0.331015,
		0.151737,
		0,
		0.0189,
		0.3722,
		-0.92796,
		0,
		-0.363645,
		0.86712,
		0.340391,
		0,
		0.891439,
		0.164528,
		-1.305291,
		1
	},
	[0.166666666667] = {
		0.818252,
		0.484484,
		0.309418,
		0,
		-0.09295,
		0.64267,
		-0.760484,
		0,
		-0.567296,
		0.593507,
		0.570899,
		0,
		0.921331,
		0.539161,
		-1.263341,
		1
	},
	[0.183333333333] = {
		0.686237,
		0.491217,
		0.536456,
		0,
		-0.206685,
		0.838804,
		-0.503676,
		0,
		-0.697395,
		0.234764,
		0.677145,
		0,
		0.953742,
		0.869058,
		-1.18075,
		1
	},
	[0.1] = {
		0.957612,
		0.063022,
		0.281081,
		0,
		0.278155,
		0.051371,
		-0.959161,
		0,
		-0.074888,
		0.996689,
		0.031664,
		0,
		1.008166,
		-0.329654,
		-1.076466,
		1
	},
	[0.216666666667] = {
		0.512195,
		0.096635,
		0.853416,
		0,
		-0.3376,
		0.93632,
		0.096595,
		0,
		-0.789736,
		-0.337589,
		0.512202,
		0,
		0.869156,
		1.367432,
		-0.939271,
		1
	},
	[0.233333333333] = {
		0.70819,
		-0.072526,
		0.702287,
		0,
		-0.243719,
		0.908451,
		0.339584,
		0,
		-0.662622,
		-0.411651,
		0.62568,
		0,
		0.65685,
		1.684674,
		-0.427316,
		1
	},
	[0.25] = {
		0.710998,
		-0.123444,
		0.692274,
		0,
		-0.429972,
		0.702673,
		0.5669,
		0,
		-0.556422,
		-0.700723,
		0.446522,
		0,
		0.369116,
		1.866657,
		-0.201866,
		1
	},
	[0.266666666667] = {
		0.693549,
		-0.092744,
		0.714415,
		0,
		-0.650609,
		0.345201,
		0.67642,
		0,
		-0.309351,
		-0.933935,
		0.179074,
		0,
		-0.035291,
		1.947957,
		-0.109287,
		1
	},
	[0.283333333333] = {
		0.728543,
		-0.06608,
		0.681805,
		0,
		-0.684331,
		-0.114182,
		0.720176,
		0,
		0.030261,
		-0.99126,
		-0.128407,
		0,
		-0.426976,
		1.741833,
		0.042502,
		1
	},
	[0.2] = {
		0.551723,
		0.335441,
		0.763597,
		0,
		-0.290354,
		0.935532,
		-0.20118,
		0,
		-0.781854,
		-0.110718,
		0.613552,
		0,
		0.945754,
		1.121654,
		-1.07607,
		1
	},
	[0.316666666667] = {
		0.753557,
		-0.219551,
		0.619637,
		0,
		-0.570642,
		-0.68643,
		0.450757,
		0,
		0.326373,
		-0.693262,
		-0.642549,
		0,
		-0.783332,
		1.240201,
		0.125702,
		1
	},
	[0.333333333333] = {
		0.799773,
		-0.222109,
		0.557701,
		0,
		-0.464812,
		-0.817038,
		0.341173,
		0,
		0.379885,
		-0.532087,
		-0.756684,
		0,
		-0.827299,
		0.943482,
		0.11306,
		1
	},
	[0.35] = {
		0.844164,
		-0.183334,
		0.503761,
		0,
		-0.341379,
		-0.908379,
		0.24147,
		0,
		0.413337,
		-0.375813,
		-0.829408,
		0,
		-0.829133,
		0.662956,
		0.088133,
		1
	},
	[0.366666666667] = {
		0.855746,
		-0.128577,
		0.501166,
		0,
		-0.226271,
		-0.964093,
		0.139016,
		0,
		0.465296,
		-0.232362,
		-0.854112,
		0,
		-0.820667,
		0.475687,
		0.050155,
		1
	},
	[0.383333333333] = {
		0.82173,
		-0.052448,
		0.567458,
		0,
		-0.096858,
		-0.994122,
		0.048375,
		0,
		0.561586,
		-0.094714,
		-0.82198,
		0,
		-0.76252,
		0.373155,
		0.003807,
		1
	},
	[0.3] = {
		0.73286,
		-0.168781,
		0.659112,
		0,
		-0.639721,
		-0.500797,
		0.58306,
		0,
		0.231672,
		-0.848949,
		-0.474987,
		0,
		-0.676749,
		1.480945,
		0.133014,
		1
	},
	[0.416666666667] = {
		0.590622,
		0.179611,
		0.786705,
		0,
		0.262136,
		-0.964746,
		0.023459,
		0,
		0.763184,
		0.192369,
		-0.616883,
		0,
		-0.601354,
		0.224295,
		-0.088978,
		1
	},
	[0.433333333333] = {
		0.401791,
		0.280191,
		0.871812,
		0,
		0.410704,
		-0.906055,
		0.101916,
		0,
		0.818466,
		0.317108,
		-0.47912,
		0,
		-0.516834,
		0.172112,
		-0.128984,
		1
	},
	[0.45] = {
		0.213502,
		0.345716,
		0.913727,
		0,
		0.488977,
		-0.847523,
		0.206413,
		0,
		0.845765,
		0.402722,
		-0.349995,
		0,
		-0.44196,
		0.126997,
		-0.166547,
		1
	},
	[0.466666666667] = {
		0.06656,
		0.374021,
		0.925029,
		0,
		0.489917,
		-0.819886,
		0.296256,
		0,
		0.869224,
		0.433468,
		-0.237811,
		0,
		-0.381895,
		0.082008,
		-0.205037,
		1
	},
	[0.483333333333] = {
		-0.043629,
		0.384756,
		0.921987,
		0,
		0.42621,
		-0.827501,
		0.365495,
		0,
		0.903572,
		0.408906,
		-0.127884,
		0,
		-0.342933,
		0.039267,
		-0.249533,
		1
	},
	[0.4] = {
		0.736949,
		0.059455,
		0.673328,
		0,
		0.076951,
		-0.997028,
		0.003815,
		0,
		0.671553,
		0.049002,
		-0.739334,
		0,
		-0.686717,
		0.290046,
		-0.044203,
		1
	},
	[0.516666666667] = {
		-0.221969,
		0.429348,
		0.875437,
		0,
		0.16744,
		-0.867713,
		0.468015,
		0,
		0.96057,
		0.250467,
		0.120715,
		0,
		-0.328677,
		-0.022686,
		-0.36771,
		1
	},
	[0.533333333333] = {
		-0.266635,
		0.461726,
		0.845999,
		0,
		0.018488,
		-0.875165,
		0.483471,
		0,
		0.96362,
		0.144551,
		0.224813,
		0,
		-0.358455,
		-0.00824,
		-0.452371,
		1
	},
	[0.55] = {
		-0.296312,
		0.496125,
		0.816124,
		0,
		-0.137549,
		-0.867758,
		0.477574,
		0,
		0.945135,
		0.029254,
		0.325369,
		0,
		-0.396316,
		0.004348,
		-0.538898,
		1
	},
	[0.566666666667] = {
		-0.311183,
		0.529023,
		0.789494,
		0,
		-0.285635,
		-0.844393,
		0.453225,
		0,
		0.906409,
		-0.084472,
		0.413868,
		0,
		-0.437631,
		0.0118,
		-0.625451,
		1
	},
	[0.583333333333] = {
		-0.312395,
		0.55829,
		0.768584,
		0,
		-0.418982,
		-0.807105,
		0.415974,
		0,
		0.852563,
		-0.192075,
		0.48605,
		0,
		-0.46728,
		0.024535,
		-0.709159,
		1
	},
	[0.5] = {
		-0.140135,
		0.401985,
		0.904859,
		0,
		0.314993,
		-0.848298,
		0.42564,
		0,
		0.938691,
		0.344671,
		-0.007746,
		0,
		-0.326589,
		0.004371,
		-0.303571,
		1
	},
	[0.616666666667] = {
		-0.283372,
		0.608913,
		0.740895,
		0,
		-0.632044,
		-0.699618,
		0.33325,
		0,
		0.721264,
		-0.373844,
		0.583112,
		0,
		-0.484938,
		0.064567,
		-0.837214,
		1
	},
	[0.633333333333] = {
		-0.256694,
		0.631776,
		0.731414,
		0,
		-0.704964,
		-0.640086,
		0.305477,
		0,
		0.661161,
		-0.437206,
		0.609686,
		0,
		-0.467371,
		0.091864,
		-0.873652,
		1
	},
	[0.65] = {
		-0.229307,
		0.651801,
		0.722892,
		0,
		-0.763999,
		-0.580696,
		0.281243,
		0,
		0.603095,
		-0.487798,
		0.631133,
		0,
		-0.432955,
		0.130163,
		-0.900846,
		1
	},
	[0.666666666667] = {
		-0.205792,
		0.668808,
		0.714385,
		0,
		-0.817944,
		-0.518319,
		0.249626,
		0,
		0.537231,
		-0.532956,
		0.653713,
		0,
		-0.386616,
		0.183608,
		-0.93129,
		1
	},
	[0.683333333333] = {
		-0.183919,
		0.685293,
		0.704661,
		0,
		-0.865416,
		-0.452819,
		0.214497,
		0,
		0.466078,
		-0.570376,
		0.676346,
		0,
		-0.330994,
		0.248375,
		-0.964373,
		1
	},
	[0.6] = {
		-0.30247,
		0.584687,
		0.752764,
		0,
		-0.535963,
		-0.757405,
		0.372936,
		0,
		0.788198,
		-0.290651,
		0.542463,
		0,
		-0.484046,
		0.042062,
		-0.781083,
		1
	},
	[0.716666666667] = {
		-0.135802,
		0.72307,
		0.677294,
		0,
		-0.938018,
		-0.313867,
		0.147002,
		0,
		0.318873,
		-0.615351,
		0.720877,
		0,
		-0.202759,
		0.39612,
		-1.036696,
		1
	},
	[0.733333333333] = {
		-0.105117,
		0.745971,
		0.65763,
		0,
		-0.963099,
		-0.241128,
		0.119575,
		0,
		0.247772,
		-0.620793,
		0.743791,
		0,
		-0.135706,
		0.471119,
		-1.075564,
		1
	},
	[0.75] = {
		-0.067205,
		0.771671,
		0.632461,
		0,
		-0.981245,
		-0.165905,
		0.098156,
		0,
		0.180672,
		-0.614002,
		0.768348,
		0,
		-0.070412,
		0.541584,
		-1.116398,
		1
	},
	[0.766666666667] = {
		-0.019895,
		0.799188,
		0.600751,
		0,
		-0.992782,
		-0.086873,
		0.08269,
		0,
		0.118274,
		-0.59477,
		0.795148,
		0,
		-0.009574,
		0.604186,
		-1.159364,
		1
	},
	[0.783333333333] = {
		0.040877,
		0.830192,
		0.555977,
		0,
		-0.997111,
		-0.001758,
		0.075935,
		0,
		0.064018,
		-0.557475,
		0.827722,
		0,
		0.045384,
		0.656016,
		-1.207996,
		1
	},
	[0.7] = {
		-0.161348,
		0.703015,
		0.69263,
		0,
		-0.905534,
		-0.384511,
		0.179332,
		0,
		0.392397,
		-0.598265,
		0.698644,
		0,
		-0.268788,
		0.32054,
		-0.999609,
		1
	},
	[0.816666666667] = {
		0.243286,
		0.869545,
		0.429772,
		0,
		-0.969645,
		0.229222,
		0.08512,
		0,
		-0.024497,
		-0.437435,
		0.898916,
		0,
		0.155108,
		0.727994,
		-1.299718,
		1
	},
	[0.833333333333] = {
		0.41494,
		0.826153,
		0.381177,
		0,
		-0.905292,
		0.416759,
		0.082208,
		0,
		-0.090943,
		-0.379188,
		0.92084,
		0,
		0.239574,
		0.767135,
		-1.296935,
		1
	},
	[0.85] = {
		0.597106,
		0.717513,
		0.358662,
		0,
		-0.780135,
		0.62349,
		0.051473,
		0,
		-0.18669,
		-0.31054,
		0.932047,
		0,
		0.343123,
		0.806031,
		-1.270865,
		1
	},
	[0.866666666667] = {
		0.741357,
		0.557907,
		0.373,
		0,
		-0.599224,
		0.800555,
		-0.006423,
		0,
		-0.302191,
		-0.218749,
		0.927809,
		0,
		0.45636,
		0.837303,
		-1.233359,
		1
	},
	[0.883333333333] = {
		0.818129,
		0.393198,
		0.419595,
		0,
		-0.400256,
		0.913295,
		-0.075417,
		0,
		-0.412868,
		-0.106245,
		0.904573,
		0,
		0.564785,
		0.856681,
		-1.194106,
		1
	},
	[0.8] = {
		0.12031,
		0.861284,
		0.493676,
		0,
		-0.992526,
		0.094126,
		0.077665,
		0,
		0.020424,
		-0.49933,
		0.866171,
		0,
		0.094833,
		0.694111,
		-1.264441,
		1
	},
	[0.916666666667] = {
		0.830817,
		0.209805,
		0.515486,
		0,
		-0.122126,
		0.972375,
		-0.198928,
		0,
		-0.542982,
		0.102319,
		0.833488,
		0,
		0.708627,
		0.870078,
		-1.153653,
		1
	},
	[0.933333333333] = {
		0.829903,
		0.213693,
		0.51536,
		0,
		-0.089426,
		0.962745,
		-0.255195,
		0,
		-0.550694,
		0.1657,
		0.818095,
		0,
		0.722043,
		0.873352,
		-1.178412,
		1
	},
	[0.95] = {
		0.837217,
		0.245052,
		0.488895,
		0,
		-0.099214,
		0.947211,
		-0.304875,
		0,
		-0.537796,
		0.206741,
		0.817333,
		0,
		0.711709,
		0.876695,
		-1.219512,
		1
	},
	[0.966666666667] = {
		0.843957,
		0.268587,
		0.464326,
		0,
		-0.109143,
		0.933489,
		-0.341595,
		0,
		-0.525191,
		0.237613,
		0.817138,
		0,
		0.702494,
		0.879461,
		-1.250491,
		1
	},
	[0.983333333333] = {
		0.850355,
		0.285463,
		0.442049,
		0,
		-0.11888,
		0.922562,
		-0.36708,
		0,
		-0.512606,
		0.259597,
		0.81844,
		0,
		0.694383,
		0.88162,
		-1.272393,
		1
	},
	[0.9] = {
		0.836922,
		0.270121,
		0.476021,
		0,
		-0.230785,
		0.962795,
		-0.140587,
		0,
		-0.496286,
		0.007802,
		0.868124,
		0,
		0.652975,
		0.865933,
		-1.163408,
		1
	},
	[1.01666666667] = {
		0.862818,
		0.303104,
		0.404565,
		0,
		-0.136897,
		0.910499,
		-0.390193,
		0,
		-0.486625,
		0.281282,
		0.827089,
		0,
		0.681348,
		0.883724,
		-1.292943,
		1
	},
	[1.03333333333] = {
		0.86912,
		0.305432,
		0.389027,
		0,
		-0.144863,
		0.909249,
		-0.390232,
		0,
		-0.472912,
		0.282802,
		0.834492,
		0,
		0.676341,
		0.883412,
		-1.293487,
		1
	},
	[1.05] = {
		0.875561,
		0.30424,
		0.375274,
		0,
		-0.151977,
		0.910812,
		-0.383829,
		0,
		-0.45858,
		0.279033,
		0.843709,
		0,
		0.672277,
		0.882137,
		-1.288666,
		1
	},
	[1.06666666667] = {
		0.882172,
		0.299968,
		0.363031,
		0,
		-0.158139,
		0.914817,
		-0.371622,
		0,
		-0.443581,
		0.270425,
		0.854462,
		0,
		0.669105,
		0.880059,
		-1.279155,
		1
	},
	[1.08333333333] = {
		0.888957,
		0.293015,
		0.351992,
		0,
		-0.163263,
		0.920807,
		-0.354203,
		0,
		-0.427904,
		0.257404,
		0.866396,
		0,
		0.66677,
		0.877292,
		-1.265645,
		1
	},
	{
		0.856595,
		0.296686,
		0.422163,
		0,
		-0.12819,
		0.914875,
		-0.382846,
		0,
		-0.499812,
		0.273827,
		0.82171,
		0,
		0.687347,
		0.883081,
		-1.286222,
		1
	},
	[1.11666666667] = {
		0.902956,
		0.272486,
		0.332297,
		0,
		-0.170107,
		0.936743,
		-0.305902,
		0,
		-0.394631,
		0.21969,
		0.89219,
		0,
		0.66439,
		0.870111,
		-1.229359,
		1
	},
	[1.13333333333] = {
		0.910088,
		0.259567,
		0.323056,
		0,
		-0.171713,
		0.94567,
		-0.276086,
		0,
		-0.377168,
		0.195789,
		0.905213,
		0,
		0.664225,
		0.865886,
		-1.207947,
		1
	},
	[1.15] = {
		0.917231,
		0.245302,
		0.313868,
		0,
		-0.17206,
		0.954585,
		-0.243232,
		0,
		-0.35928,
		0.169096,
		0.917782,
		0,
		0.66466,
		0.861347,
		-1.185271,
		1
	},
	[1.16666666667] = {
		0.924323,
		0.230004,
		0.304509,
		0,
		-0.171138,
		0.963054,
		-0.207938,
		0,
		-0.341085,
		0.140088,
		0.929536,
		0,
		0.665626,
		0.856566,
		-1.162031,
		1
	},
	[1.18333333333] = {
		0.93126,
		0.214134,
		0.294792,
		0,
		-0.169118,
		0.970676,
		-0.170841,
		0,
		-0.32273,
		0.109242,
		0.940166,
		0,
		0.666916,
		0.851715,
		-1.138934,
		1
	},
	[1.1] = {
		0.895896,
		0.283743,
		0.341848,
		0,
		-0.167274,
		0.928287,
		-0.33212,
		0,
		-0.411569,
		0.240363,
		0.879111,
		0,
		0.665218,
		0.873943,
		-1.24882,
		1
	},
	[1.21666666667] = {
		0.944337,
		0.182442,
		0.273756,
		0,
		-0.162509,
		0.982219,
		-0.094007,
		0,
		-0.286039,
		0.044287,
		0.957194,
		0,
		0.669714,
		0.842417,
		-1.096056,
		1
	},
	[1.23333333333] = {
		0.950381,
		0.167277,
		0.262287,
		0,
		-0.158134,
		0.985843,
		-0.055747,
		0,
		-0.267899,
		0.011504,
		0.963378,
		0,
		0.671032,
		0.83814,
		-1.077745,
		1
	},
	[1.25] = {
		0.956041,
		0.15308,
		0.250104,
		0,
		-0.153233,
		0.988008,
		-0.018984,
		0,
		-0.250011,
		-0.020174,
		0.968033,
		0,
		0.672163,
		0.833852,
		-1.06282,
		1
	},
	[1.26666666667] = {
		0.961286,
		0.14024,
		0.237197,
		0,
		-0.14798,
		0.988876,
		0.015052,
		0,
		-0.232447,
		-0.049569,
		0.971345,
		0,
		0.673,
		0.829221,
		-1.052401,
		1
	},
	[1.28333333333] = {
		0.966091,
		0.129023,
		0.223652,
		0,
		-0.142574,
		0.988739,
		0.045471,
		0,
		-0.215267,
		-0.075816,
		0.973608,
		0,
		0.673433,
		0.824296,
		-1.047323,
		1
	},
	[1.2] = {
		0.937948,
		0.19817,
		0.284574,
		0,
		-0.16621,
		0.977131,
		-0.132623,
		0,
		-0.304348,
		0.077095,
		0.949436,
		0,
		0.66831,
		0.846972,
		-1.116699,
		1
	},
	[1.31666666667] = {
		0.972466,
		0.119019,
		0.200362,
		0,
		-0.136381,
		0.987801,
		0.075157,
		0,
		-0.188972,
		-0.100413,
		0.976835,
		0,
		0.672619,
		0.815049,
		-1.053982,
		1
	},
	[1.33333333333] = {
		0.974363,
		0.119823,
		0.190421,
		0,
		-0.136085,
		0.987876,
		0.07471,
		0,
		-0.17916,
		-0.098708,
		0.978856,
		0,
		0.672267,
		0.813621,
		-1.056276,
		1
	},
	[1.3] = {
		0.970441,
		0.119661,
		0.209584,
		0,
		-0.137242,
		0.987961,
		0.071403,
		0,
		-0.198517,
		-0.098056,
		0.97518,
		0,
		0.673349,
		0.819137,
		-1.048423,
		1
	}
}

return spline_matrices
