-- chunkname: @content/characters/player/ogryn/first_person/animations/gauntlet/swing_uppercut.lua

local spline_matrices = {
	[0.0166666666667] = {
		0.401671,
		-0.070937,
		0.913032,
		0,
		0.218958,
		0.975518,
		-0.020535,
		0,
		-0.889223,
		0.208164,
		0.40737,
		0,
		1.332393,
		0.514106,
		-0.208117,
		1,
	},
	[0.0333333333333] = {
		0.518255,
		0.044023,
		0.854092,
		0,
		0.359958,
		0.89468,
		-0.264533,
		0,
		-0.775785,
		0.444533,
		0.447826,
		0,
		1.305802,
		0.392056,
		-0.349126,
		1,
	},
	[0.05] = {
		0.652331,
		0.127403,
		0.74715,
		0,
		0.458307,
		0.718832,
		-0.522719,
		0,
		-0.603671,
		0.68341,
		0.410527,
		0,
		1.252435,
		0.217592,
		-0.536242,
		1,
	},
	[0.0666666666667] = {
		0.78027,
		0.157997,
		0.605158,
		0,
		0.478255,
		0.472804,
		-0.740087,
		0,
		-0.403052,
		0.866887,
		0.293352,
		0,
		1.176864,
		0.023434,
		-0.741806,
		1,
	},
	[0.0833333333333] = {
		0.87734,
		0.140032,
		0.458983,
		0,
		0.422632,
		0.227535,
		-0.877274,
		0,
		-0.227281,
		0.963649,
		0.140444,
		0,
		1.088856,
		-0.150492,
		-0.940681,
		1,
	},
	[0] = {
		0.310002,
		-0.193766,
		0.930781,
		0,
		0.076227,
		0.980925,
		0.178817,
		0,
		-0.947675,
		0.015517,
		0.318859,
		0,
		1.328233,
		0.558488,
		-0.137129,
		1,
	},
	[0.116666666667] = {
		0.966074,
		0.083467,
		0.244405,
		0,
		0.245983,
		-0.00902,
		-0.969232,
		0,
		-0.078694,
		0.99647,
		-0.029245,
		0,
		0.931337,
		-0.285833,
		-1.249135,
		1,
	},
	[0.133333333333] = {
		0.977269,
		0.116001,
		0.177451,
		0,
		0.170365,
		0.068464,
		-0.983,
		0,
		-0.126177,
		0.990887,
		0.047145,
		0,
		0.882476,
		-0.142295,
		-1.336274,
		1,
	},
	[0.15] = {
		0.9704,
		0.199656,
		0.135873,
		0,
		0.082416,
		0.255062,
		-0.963406,
		0,
		-0.227006,
		0.946087,
		0.231057,
		0,
		0.844256,
		0.154249,
		-1.380767,
		1,
	},
	[0.166666666667] = {
		0.946134,
		0.29297,
		0.137834,
		0,
		-0.019092,
		0.475452,
		-0.879535,
		0,
		-0.323211,
		0.829526,
		0.455435,
		0,
		0.800819,
		0.509593,
		-1.386788,
		1,
	},
	[0.183333333333] = {
		0.921441,
		0.345304,
		0.178077,
		0,
		-0.104324,
		0.66142,
		-0.742725,
		0,
		-0.37425,
		0.665799,
		0.645483,
		0,
		0.741142,
		0.832922,
		-1.365422,
		1,
	},
	[0.1] = {
		0.936389,
		0.10362,
		0.335318,
		0,
		0.331353,
		0.05388,
		-0.941967,
		0,
		-0.115674,
		0.993156,
		0.016118,
		0,
		1.002608,
		-0.264854,
		-1.114726,
		1,
	},
	[0.216666666667] = {
		0.90542,
		0.25363,
		0.340422,
		0,
		-0.145487,
		0.938729,
		-0.312445,
		0,
		-0.39881,
		0.233367,
		0.886843,
		0,
		0.501973,
		1.371918,
		-1.223147,
		1,
	},
	[0.233333333333] = {
		0.985047,
		0.107892,
		0.134317,
		0,
		-0.098927,
		0.992506,
		-0.071736,
		0,
		-0.14105,
		0.057376,
		0.988338,
		0,
		0.261257,
		1.718603,
		-0.726163,
		1,
	},
	[0.25] = {
		0.98899,
		0.124326,
		0.080262,
		0,
		-0.144109,
		0.932425,
		0.331384,
		0,
		-0.033639,
		-0.339302,
		0.940076,
		0,
		0.138679,
		1.804402,
		-0.451316,
		1,
	},
	[0.266666666667] = {
		0.981916,
		0.168905,
		0.085511,
		0,
		-0.178595,
		0.67658,
		0.714383,
		0,
		0.062807,
		-0.716736,
		0.694511,
		0,
		0.087009,
		1.777058,
		-0.221281,
		1,
	},
	[0.283333333333] = {
		0.978993,
		0.200315,
		0.038044,
		0,
		-0.078542,
		0.198305,
		0.976988,
		0,
		0.188161,
		-0.959452,
		0.209872,
		0,
		0.106362,
		1.589467,
		0.104459,
		1,
	},
	[0.2] = {
		0.89657,
		0.338701,
		0.285385,
		0,
		-0.134317,
		0.821934,
		-0.553518,
		0,
		-0.422045,
		0.457936,
		0.782415,
		0,
		0.644742,
		1.098669,
		-1.319436,
		1,
	},
	[0.316666666667] = {
		0.968778,
		0.245776,
		-0.032598,
		0,
		0.135706,
		-0.415631,
		0.899352,
		0,
		0.20749,
		-0.875697,
		-0.436007,
		0,
		0.163216,
		1.218208,
		0.371779,
		1,
	},
	[0.333333333333] = {
		0.966631,
		0.247458,
		-0.066247,
		0,
		0.178293,
		-0.464187,
		0.867607,
		0,
		0.183945,
		-0.850468,
		-0.492817,
		0,
		0.195881,
		1.09022,
		0.388377,
		1,
	},
	[0.35] = {
		0.967956,
		0.235083,
		-0.088297,
		0,
		0.194038,
		-0.476977,
		0.85723,
		0,
		0.159404,
		-0.846894,
		-0.507308,
		0,
		0.229862,
		0.975064,
		0.404171,
		1,
	},
	[0.366666666667] = {
		0.976125,
		0.201822,
		-0.080302,
		0,
		0.174087,
		-0.50581,
		0.844897,
		0,
		0.129901,
		-0.838704,
		-0.528868,
		0,
		0.256124,
		0.878061,
		0.431968,
		1,
	},
	[0.383333333333] = {
		0.989245,
		0.141156,
		-0.038328,
		0,
		0.110588,
		-0.5503,
		0.827611,
		0,
		0.09573,
		-0.822949,
		-0.559992,
		0,
		0.270771,
		0.796043,
		0.468504,
		1,
	},
	[0.3] = {
		0.972479,
		0.232985,
		-0.001829,
		0,
		0.063293,
		-0.256616,
		0.964439,
		0,
		0.22423,
		-0.938012,
		-0.2643,
		0,
		0.139844,
		1.356096,
		0.30849,
		1,
	},
	[0.416666666667] = {
		0.993196,
		-0.041063,
		0.108975,
		0,
		-0.112087,
		-0.590955,
		0.79888,
		0,
		0.031595,
		-0.805659,
		-0.591536,
		0,
		0.280105,
		0.653594,
		0.53756,
		1,
	},
	[0.433333333333] = {
		0.968821,
		-0.145996,
		0.200179,
		0,
		-0.247739,
		-0.582063,
		0.774486,
		0,
		0.003445,
		-0.79993,
		-0.600083,
		0,
		0.278821,
		0.595936,
		0.564192,
		1,
	},
	[0.45] = {
		0.923867,
		-0.248079,
		0.291421,
		0,
		-0.382105,
		-0.555011,
		0.73889,
		0,
		-0.021561,
		-0.79399,
		-0.607548,
		0,
		0.276584,
		0.548466,
		0.5823,
		1,
	},
	[0.466666666667] = {
		0.863139,
		-0.339975,
		0.373373,
		0,
		-0.503086,
		-0.515223,
		0.693865,
		0,
		-0.043527,
		-0.786741,
		-0.615746,
		0,
		0.27556,
		0.511361,
		0.590279,
		1,
	},
	[0.483333333333] = {
		0.789887,
		-0.417599,
		0.449099,
		0,
		-0.610235,
		-0.462674,
		0.643075,
		0,
		-0.060761,
		-0.782013,
		-0.620293,
		0,
		0.276885,
		0.49177,
		0.588914,
		1,
	},
	[0.4] = {
		0.997974,
		0.057666,
		0.026895,
		0,
		0.011552,
		-0.579853,
		0.814639,
		0,
		0.062572,
		-0.812678,
		-0.579344,
		0,
		0.278138,
		0.720711,
		0.504717,
		1,
	},
	[0.516666666667] = {
		0.615066,
		-0.522661,
		0.590356,
		0,
		-0.78383,
		-0.324146,
		0.529661,
		0,
		-0.085472,
		-0.788514,
		-0.609048,
		0,
		0.291562,
		0.508547,
		0.570048,
		1,
	},
	[0.533333333333] = {
		0.528112,
		-0.551676,
		0.645563,
		0,
		-0.84326,
		-0.251132,
		0.475232,
		0,
		-0.100053,
		-0.795353,
		-0.597832,
		0,
		0.307877,
		0.532694,
		0.558533,
		1,
	},
	[0.55] = {
		0.446316,
		-0.572408,
		0.68786,
		0,
		-0.886813,
		-0.179964,
		0.425648,
		0,
		-0.119854,
		-0.799976,
		-0.587939,
		0,
		0.32835,
		0.555508,
		0.548357,
		1,
	},
	[0.566666666667] = {
		0.368913,
		-0.591868,
		0.716656,
		0,
		-0.917902,
		-0.110755,
		0.381038,
		0,
		-0.146151,
		-0.798389,
		-0.584135,
		0,
		0.350034,
		0.566512,
		0.540724,
		1,
	},
	[0.583333333333] = {
		0.296469,
		-0.611297,
		0.733773,
		0,
		-0.93791,
		-0.04148,
		0.34439,
		0,
		-0.180088,
		-0.790314,
		-0.585639,
		0,
		0.372709,
		0.570869,
		0.535287,
		1,
	},
	[0.5] = {
		0.704979,
		-0.478669,
		0.523336,
		0,
		-0.705405,
		-0.396724,
		0.587379,
		0,
		-0.07354,
		-0.783254,
		-0.617337,
		0,
		0.281673,
		0.492879,
		0.581253,
		1,
	},
	[0.616666666667] = {
		0.16169,
		-0.64334,
		0.748311,
		0,
		-0.950499,
		0.102364,
		0.293383,
		0,
		-0.265345,
		-0.758706,
		-0.594943,
		0,
		0.420588,
		0.580054,
		0.524707,
		1,
	},
	[0.633333333333] = {
		0.09996,
		-0.655539,
		0.748516,
		0,
		-0.944824,
		0.173322,
		0.277968,
		0,
		-0.311953,
		-0.735002,
		-0.602044,
		0,
		0.446292,
		0.57576,
		0.522327,
		1,
	},
	[0.65] = {
		0.042404,
		-0.665227,
		0.745436,
		0,
		-0.932718,
		0.241068,
		0.268187,
		0,
		-0.358106,
		-0.706653,
		-0.610247,
		0,
		0.473129,
		0.561378,
		0.522035,
		1,
	},
	[0.666666666667] = {
		-0.010684,
		-0.672698,
		0.73984,
		0,
		-0.915742,
		0.303755,
		0.262964,
		0,
		-0.401625,
		-0.674693,
		-0.619263,
		0,
		0.500888,
		0.534326,
		0.523434,
		1,
	},
	[0.683333333333] = {
		-0.05903,
		-0.678406,
		0.732312,
		0,
		-0.895782,
		0.359752,
		0.261063,
		0,
		-0.440557,
		-0.640581,
		-0.62894,
		0,
		0.529273,
		0.492063,
		0.526056,
		1,
	},
	[0.6] = {
		0.227295,
		-0.628543,
		0.743822,
		0,
		-0.948511,
		0.030134,
		0.315307,
		0,
		-0.220599,
		-0.777191,
		-0.58933,
		0,
		0.39614,
		0.576867,
		0.529502,
		1,
	},
	[0.716666666667] = {
		-0.11332,
		-0.660979,
		0.741798,
		0,
		-0.833462,
		0.469648,
		0.291157,
		0,
		-0.540833,
		-0.585267,
		-0.604122,
		0,
		0.590541,
		0.345438,
		0.542571,
		1,
	},
	[0.733333333333] = {
		-0.082073,
		-0.615932,
		0.783513,
		0,
		-0.765274,
		0.542575,
		0.346364,
		0,
		-0.638451,
		-0.571175,
		-0.515888,
		0,
		0.627533,
		0.227461,
		0.565836,
		1,
	},
	[0.75] = {
		-0.043227,
		-0.583208,
		0.811172,
		0,
		-0.697347,
		0.599036,
		0.393527,
		0,
		-0.715429,
		-0.548657,
		-0.432593,
		0,
		0.66323,
		0.084518,
		0.587807,
		1,
	},
	[0.766666666667] = {
		-0.032483,
		-0.583711,
		0.811311,
		0,
		-0.655604,
		0.625148,
		0.423524,
		0,
		-0.754406,
		-0.518142,
		-0.40299,
		0,
		0.692928,
		-0.074316,
		0.601185,
		1,
	},
	[0.783333333333] = {
		-0.085288,
		-0.632638,
		0.769737,
		0,
		-0.666198,
		0.610672,
		0.428089,
		0,
		-0.740882,
		-0.476287,
		-0.473545,
		0,
		0.712151,
		-0.239262,
		0.598913,
		1,
	},
	[0.7] = {
		-0.102379,
		-0.682904,
		0.723298,
		0,
		-0.874973,
		0.40773,
		0.261111,
		0,
		-0.473224,
		-0.606134,
		-0.639266,
		0,
		0.557915,
		0.432106,
		0.52935,
		1,
	},
	[0.816666666667] = {
		-0.264698,
		-0.872708,
		-0.410263,
		0,
		-0.799715,
		0.436396,
		-0.412328,
		0,
		0.538879,
		0.218951,
		-0.813431,
		0,
		0.715592,
		-0.59013,
		0.216181,
		1,
	},
	[0.833333333333] = {
		0.597646,
		-0.497395,
		-0.628823,
		0,
		-0.067786,
		0.750148,
		-0.657787,
		0,
		0.79889,
		0.435749,
		0.414606,
		0,
		0.879652,
		-0.638698,
		-0.192886,
		1,
	},
	[0.85] = {
		0.647424,
		-0.533144,
		-0.54461,
		0,
		0.041093,
		0.737969,
		-0.673582,
		0,
		0.761022,
		0.413714,
		0.499687,
		0,
		0.967264,
		-0.539866,
		-0.563529,
		1,
	},
	[0.866666666667] = {
		0.568803,
		-0.638283,
		-0.518708,
		0,
		0.016348,
		0.639317,
		-0.768769,
		0,
		0.822311,
		0.428799,
		0.374081,
		0,
		1.014675,
		-0.431524,
		-0.796466,
		1,
	},
	[0.883333333333] = {
		0.547479,
		-0.703168,
		-0.453676,
		0,
		0.056735,
		0.572085,
		-0.81823,
		0,
		0.834894,
		0.422225,
		0.353099,
		0,
		1.037806,
		-0.414492,
		-0.797334,
		1,
	},
	[0.8] = {
		-0.248974,
		-0.754053,
		0.607796,
		0,
		-0.769103,
		0.535347,
		0.349119,
		0,
		-0.588636,
		-0.380535,
		-0.713232,
		0,
		0.712952,
		-0.40279,
		0.565869,
		1,
	},
	[0.916666666667] = {
		0.50352,
		-0.795025,
		-0.338235,
		0,
		0.117396,
		0.450809,
		-0.884867,
		0,
		0.85597,
		0.405841,
		0.320324,
		0,
		1.077277,
		-0.382753,
		-0.795883,
		1,
	},
	[0.933333333333] = {
		0.48848,
		-0.817974,
		-0.303818,
		0,
		0.133891,
		0.414326,
		-0.900226,
		0,
		0.862242,
		0.399064,
		0.311909,
		0,
		1.089524,
		-0.370169,
		-0.795505,
		1,
	},
	[0.95] = {
		0.482898,
		-0.824518,
		-0.294922,
		0,
		0.139644,
		0.404993,
		-0.903593,
		0,
		0.86447,
		0.395159,
		0.31071,
		0,
		1.094102,
		-0.361572,
		-0.796931,
		1,
	},
	[0.966666666667] = {
		0.483051,
		-0.822246,
		-0.300954,
		0,
		0.139555,
		0.41162,
		-0.900607,
		0,
		0.864399,
		0.393039,
		0.313582,
		0,
		1.09416,
		-0.355523,
		-0.799568,
		1,
	},
	[0.983333333333] = {
		0.483294,
		-0.819934,
		-0.306816,
		0,
		0.139414,
		0.418072,
		-0.897652,
		0,
		0.864286,
		0.391055,
		0.316362,
		0,
		1.094253,
		-0.349483,
		-0.802101,
		1,
	},
	[0.9] = {
		0.524513,
		-0.756391,
		-0.390844,
		0,
		0.091199,
		0.506332,
		-0.857502,
		0,
		0.846504,
		0.414126,
		0.33456,
		0,
		1.059379,
		-0.39788,
		-0.79687,
		1,
	},
	[1.01666666667] = {
		0.484012,
		-0.815304,
		-0.317823,
		0,
		0.138994,
		0.43022,
		-0.891959,
		0,
		0.863952,
		0.387544,
		0.321554,
		0,
		1.094525,
		-0.337694,
		-0.806766,
		1,
	},
	[1.03333333333] = {
		0.484469,
		-0.813049,
		-0.322865,
		0,
		0.138728,
		0.435803,
		-0.889286,
		0,
		0.863739,
		0.386041,
		0.323925,
		0,
		1.094697,
		-0.332078,
		-0.80886,
		1,
	},
	[1.05] = {
		0.484977,
		-0.810876,
		-0.327533,
		0,
		0.138431,
		0.440985,
		-0.886774,
		0,
		0.863501,
		0.384724,
		0.326118,
		0,
		1.094889,
		-0.326738,
		-0.810773,
		1,
	},
	[1.06666666667] = {
		0.485528,
		-0.808818,
		-0.331778,
		0,
		0.138109,
		0.445712,
		-0.884459,
		0,
		0.863243,
		0.383608,
		0.32811,
		0,
		1.095097,
		-0.32174,
		-0.812489,
		1,
	},
	[1.08333333333] = {
		0.486111,
		-0.806909,
		-0.335549,
		0,
		0.137767,
		0.449928,
		-0.882375,
		0,
		0.862969,
		0.382705,
		0.329881,
		0,
		1.095316,
		-0.317153,
		-0.813996,
		1,
	},
	{
		0.483617,
		-0.81761,
		-0.312456,
		0,
		0.139225,
		0.424291,
		-0.894759,
		0,
		0.864136,
		0.38922,
		0.319026,
		0,
		1.094375,
		-0.343518,
		-0.804507,
		1,
	},
	[1.11666666667] = {
		0.48734,
		-0.803673,
		-0.341481,
		0,
		0.137048,
		0.456612,
		-0.879047,
		0,
		0.862391,
		0.381595,
		0.332667,
		0,
		1.095776,
		-0.309479,
		-0.816327,
		1,
	},
	[1.13333333333] = {
		0.487965,
		-0.802351,
		-0.343689,
		0,
		0.136681,
		0.45913,
		-0.877792,
		0,
		0.862095,
		0.381356,
		0.333706,
		0,
		1.09601,
		-0.306379,
		-0.817183,
		1,
	},
	[1.15] = {
		0.488586,
		-0.801164,
		-0.345573,
		0,
		0.136317,
		0.461293,
		-0.876714,
		0,
		0.861801,
		0.381242,
		0.334594,
		0,
		1.096241,
		-0.30361,
		-0.817906,
		1,
	},
	[1.16666666667] = {
		0.489192,
		-0.800109,
		-0.347157,
		0,
		0.135962,
		0.463127,
		-0.875801,
		0,
		0.861514,
		0.381235,
		0.335342,
		0,
		1.096466,
		-0.301162,
		-0.818509,
		1,
	},
	[1.18333333333] = {
		0.489774,
		-0.799182,
		-0.348467,
		0,
		0.13562,
		0.464658,
		-0.875043,
		0,
		0.861237,
		0.381314,
		0.335962,
		0,
		1.096682,
		-0.299022,
		-0.819004,
		1,
	},
	[1.1] = {
		0.486719,
		-0.805183,
		-0.3388,
		0,
		0.137412,
		0.453579,
		-0.880559,
		0,
		0.862684,
		0.382029,
		0.331407,
		0,
		1.095544,
		-0.313043,
		-0.815279,
		1,
	},
	[1.21666666667] = {
		0.490829,
		-0.797702,
		-0.350369,
		0,
		0.134999,
		0.466918,
		-0.873935,
		0,
		0.860734,
		0.381653,
		0.336866,
		0,
		1.097071,
		-0.295621,
		-0.819717,
		1,
	},
	[1.23333333333] = {
		0.491283,
		-0.79714,
		-0.351011,
		0,
		0.134732,
		0.467698,
		-0.873559,
		0,
		0.860516,
		0.381872,
		0.337172,
		0,
		1.097239,
		-0.294336,
		-0.819955,
		1,
	},
	[1.25] = {
		0.491675,
		-0.796691,
		-0.351481,
		0,
		0.134501,
		0.468279,
		-0.873283,
		0,
		0.860328,
		0.382097,
		0.337397,
		0,
		1.097383,
		-0.293312,
		-0.820129,
		1,
	},
	[1.26666666667] = {
		0.491997,
		-0.79635,
		-0.351804,
		0,
		0.134312,
		0.468687,
		-0.873094,
		0,
		0.860174,
		0.382308,
		0.337552,
		0,
		1.097501,
		-0.292537,
		-0.820248,
		1,
	},
	[1.28333333333] = {
		0.492238,
		-0.796112,
		-0.352004,
		0,
		0.13417,
		0.468947,
		-0.872976,
		0,
		0.860058,
		0.382484,
		0.337648,
		0,
		1.097589,
		-0.291998,
		-0.820321,
		1,
	},
	[1.2] = {
		0.490323,
		-0.798381,
		-0.349529,
		0,
		0.135297,
		0.465913,
		-0.874425,
		0,
		0.860975,
		0.38146,
		0.336466,
		0,
		1.096885,
		-0.297179,
		-0.819403,
		1,
	},
	[1.31666666667] = {
		0.492443,
		-0.795928,
		-0.352134,
		0,
		0.134049,
		0.469124,
		-0.872899,
		0,
		0.85996,
		0.382649,
		0.33771,
		0,
		1.097664,
		-0.291582,
		-0.820369,
		1,
	},
	[1.3] = {
		0.49239,
		-0.795973,
		-0.352106,
		0,
		0.13408,
		0.469084,
		-0.872916,
		0,
		0.859985,
		0.382605,
		0.337697,
		0,
		1.097645,
		-0.291684,
		-0.820359,
		1,
	},
}

return spline_matrices
