-- chunkname: @content/characters/player/ogryn/first_person/animations/power_maul/heavy_swing_left.lua

local spline_matrices = {
	[0.0166666666667] = {
		-0.695866,
		0.560392,
		-0.449146,
		0,
		0.475762,
		-0.108778,
		-0.872822,
		0,
		-0.53798,
		-0.821053,
		-0.190918,
		0,
		1.656654,
		-0.622419,
		-0.412742,
		1,
	},
	[0.0333333333333] = {
		-0.66492,
		0.555714,
		-0.499062,
		0,
		0.555331,
		-0.079008,
		-0.827868,
		0,
		-0.499488,
		-0.827611,
		-0.256071,
		0,
		1.641321,
		-0.634685,
		-0.402855,
		1,
	},
	[0.05] = {
		-0.624754,
		0.554391,
		-0.549848,
		0,
		0.635851,
		-0.047485,
		-0.77035,
		0,
		-0.453185,
		-0.830901,
		-0.322843,
		0,
		1.615633,
		-0.652861,
		-0.386703,
		1,
	},
	[0.0666666666667] = {
		-0.576995,
		0.555678,
		-0.598581,
		0,
		0.712599,
		-0.015617,
		-0.701398,
		0,
		-0.399099,
		-0.831251,
		-0.386965,
		0,
		1.58176,
		-0.674284,
		-0.365226,
		1,
	},
	[0.0833333333333] = {
		-0.524119,
		0.558575,
		-0.642879,
		0,
		0.781516,
		0.015481,
		-0.623693,
		0,
		-0.338427,
		-0.829309,
		-0.444649,
		0,
		1.541911,
		-0.696354,
		-0.339399,
		1,
	},
	[0] = {
		-0.716762,
		0.568909,
		-0.403231,
		0,
		0.402067,
		-0.135283,
		-0.905561,
		0,
		-0.569732,
		-0.811198,
		-0.131774,
		0,
		1.659556,
		-0.618239,
		-0.415401,
		1,
	},
	[0.116666666667] = {
		-0.416316,
		0.564271,
		-0.712937,
		0,
		0.885376,
		0.073196,
		-0.459078,
		0,
		-0.20686,
		-0.822338,
		-0.530065,
		0,
		1.452905,
		-0.731988,
		-0.27875,
		1,
	},
	[0.133333333333] = {
		-0.369012,
		0.564365,
		-0.738459,
		0,
		0.918504,
		0.099997,
		-0.382559,
		0,
		-0.142059,
		-0.819447,
		-0.555271,
		0,
		1.408052,
		-0.740284,
		-0.246062,
		1,
	},
	[0.15] = {
		-0.33138,
		0.56075,
		-0.75878,
		0,
		0.939921,
		0.126247,
		-0.317191,
		0,
		-0.082071,
		-0.818304,
		-0.568897,
		0,
		1.365929,
		-0.738705,
		-0.213298,
		1,
	},
	[0.166666666667] = {
		-0.307325,
		0.55195,
		-0.775179,
		0,
		0.951144,
		0.152819,
		-0.268276,
		0,
		-0.029613,
		-0.819755,
		-0.571949,
		0,
		1.32888,
		-0.724613,
		-0.181645,
		1,
	},
	[0.183333333333] = {
		-0.300712,
		0.536324,
		-0.788625,
		0,
		0.953625,
		0.18048,
		-0.240889,
		0,
		0.013136,
		-0.82449,
		-0.565724,
		0,
		1.299354,
		-0.695375,
		-0.152357,
		1,
	},
	[0.1] = {
		-0.469327,
		0.561881,
		-0.681191,
		0,
		0.83964,
		0.045137,
		-0.541265,
		0,
		-0.27338,
		-0.825985,
		-0.492962,
		0,
		1.498247,
		-0.716464,
		-0.310226,
		1,
	},
	[0.216666666667] = {
		-0.379748,
		0.510326,
		-0.771595,
		0,
		0.924533,
		0.238298,
		-0.29741,
		0,
		0.032094,
		-0.826306,
		-0.562306,
		0,
		1.312449,
		-0.540092,
		-0.130227,
		1,
	},
	[0.233333333333] = {
		-0.452396,
		0.490004,
		-0.74514,
		0,
		0.891612,
		0.266429,
		-0.36612,
		0,
		0.019127,
		-0.830007,
		-0.557425,
		0,
		1.347266,
		-0.421378,
		-0.136081,
		1,
	},
	[0.25] = {
		-0.454175,
		0.515277,
		-0.726784,
		0,
		0.890612,
		0.241401,
		-0.385403,
		0,
		-0.023143,
		-0.822323,
		-0.56855,
		0,
		1.372374,
		-0.297849,
		-0.146034,
		1,
	},
	[0.266666666667] = {
		-0.443431,
		0.517498,
		-0.731823,
		0,
		0.894804,
		0.208302,
		-0.394888,
		0,
		-0.051914,
		-0.829943,
		-0.555427,
		0,
		1.390248,
		-0.174321,
		-0.149688,
		1,
	},
	[0.283333333333] = {
		-0.424652,
		0.476093,
		-0.770069,
		0,
		0.904373,
		0.183422,
		-0.385313,
		0,
		-0.042197,
		-0.860054,
		-0.508456,
		0,
		1.391227,
		-0.061453,
		-0.143163,
		1,
	},
	[0.2] = {
		-0.324485,
		0.521905,
		-0.788875,
		0,
		0.945261,
		0.20935,
		-0.250309,
		0,
		0.034513,
		-0.826915,
		-0.561267,
		0,
		1.292259,
		-0.635575,
		-0.133874,
		1,
	},
	[0.316666666667] = {
		-0.386773,
		0.069529,
		-0.91955,
		0,
		0.899682,
		0.247343,
		-0.359714,
		0,
		0.202434,
		-0.96643,
		-0.158219,
		0,
		1.370775,
		0.163432,
		-0.128652,
		1,
	},
	[0.333333333333] = {
		-0.355664,
		-0.147934,
		-0.922832,
		0,
		0.856269,
		0.344152,
		-0.385179,
		0,
		0.374575,
		-0.927187,
		0.004269,
		0,
		1.349848,
		0.285892,
		-0.139998,
		1,
	},
	[0.35] = {
		-0.342267,
		-0.29076,
		-0.893483,
		0,
		0.773903,
		0.452028,
		-0.44356,
		0,
		0.532848,
		-0.843285,
		0.070305,
		0,
		1.327263,
		0.400386,
		-0.162299,
		1,
	},
	[0.366666666667] = {
		-0.302711,
		-0.422221,
		-0.854456,
		0,
		0.641851,
		0.572427,
		-0.51025,
		0,
		0.704552,
		-0.702892,
		0.097723,
		0,
		1.324387,
		0.554666,
		-0.17471,
		1,
	},
	[0.383333333333] = {
		-0.25371,
		-0.565694,
		-0.784616,
		0,
		0.452819,
		0.647323,
		-0.61313,
		0,
		0.854743,
		-0.510846,
		0.091925,
		0,
		1.332766,
		0.769636,
		-0.17522,
		1,
	},
	[0.3] = {
		-0.409357,
		0.322057,
		-0.853643,
		0,
		0.911322,
		0.189259,
		-0.365614,
		0,
		0.043811,
		-0.92761,
		-0.370972,
		0,
		1.382103,
		0.045434,
		-0.131518,
		1,
	},
	[0.416666666667] = {
		0.166193,
		-0.812966,
		-0.558092,
		0,
		-0.028339,
		0.561792,
		-0.826793,
		0,
		0.985686,
		0.153223,
		0.070327,
		0,
		1.128819,
		1.297446,
		-0.19746,
		1,
	},
	[0.433333333333] = {
		0.508213,
		-0.694271,
		-0.509615,
		0,
		-0.228434,
		0.461868,
		-0.857027,
		0,
		0.830384,
		0.551966,
		0.076132,
		0,
		0.817263,
		1.500682,
		-0.202501,
		1,
	},
	[0.45] = {
		0.748333,
		-0.402204,
		-0.527474,
		0,
		-0.396182,
		0.366773,
		-0.841735,
		0,
		0.532013,
		0.838874,
		0.115123,
		0,
		0.374419,
		1.532835,
		-0.184123,
		1,
	},
	[0.466666666667] = {
		0.845986,
		-0.071324,
		-0.528413,
		0,
		-0.503567,
		0.218924,
		-0.835759,
		0,
		0.175291,
		0.973132,
		0.14929,
		0,
		-0.049312,
		1.468109,
		-0.176455,
		1,
	},
	[0.483333333333] = {
		0.870549,
		0.260535,
		-0.417451,
		0,
		-0.441625,
		0.039464,
		-0.896331,
		0,
		-0.217051,
		0.964658,
		0.149414,
		0,
		-0.56333,
		1.395503,
		-0.187111,
		1,
	},
	[0.4] = {
		-0.121851,
		-0.72141,
		-0.681704,
		0,
		0.224997,
		0.648866,
		-0.726876,
		0,
		0.96671,
		-0.241952,
		0.08325,
		0,
		1.30145,
		1.017651,
		-0.177267,
		1,
	},
	[0.516666666667] = {
		0.627928,
		0.606885,
		-0.487234,
		0,
		-0.390393,
		-0.295971,
		-0.871777,
		0,
		-0.673276,
		0.737625,
		0.051076,
		0,
		-1.035529,
		0.661169,
		-0.248167,
		1,
	},
	[0.533333333333] = {
		0.568207,
		0.55861,
		-0.604231,
		0,
		-0.488538,
		-0.361874,
		-0.793963,
		0,
		-0.662172,
		0.746325,
		0.067283,
		0,
		-1.183295,
		0.28127,
		-0.312245,
		1,
	},
	[0.55] = {
		0.550256,
		0.55711,
		-0.62197,
		0,
		-0.451063,
		-0.42852,
		-0.782888,
		0,
		-0.702681,
		0.711336,
		0.015496,
		0,
		-1.203625,
		0.25631,
		-0.39026,
		1,
	},
	[0.566666666667] = {
		0.429272,
		0.617355,
		-0.659241,
		0,
		-0.366394,
		-0.548121,
		-0.751877,
		0,
		-0.825519,
		0.564302,
		-0.009098,
		0,
		-1.206123,
		0.199167,
		-0.435189,
		1,
	},
	[0.583333333333] = {
		0.327263,
		0.621018,
		-0.712205,
		0,
		-0.320825,
		-0.635914,
		-0.701915,
		0,
		-0.888803,
		0.458204,
		-0.008873,
		0,
		-1.199305,
		0.151129,
		-0.47047,
		1,
	},
	[0.5] = {
		0.782999,
		0.517755,
		-0.344737,
		0,
		-0.338095,
		-0.110951,
		-0.934549,
		0,
		-0.522116,
		0.848304,
		0.088176,
		0,
		-0.922945,
		1.21178,
		-0.210723,
		1,
	},
	[0.616666666667] = {
		0.064335,
		0.554857,
		-0.829455,
		0,
		-0.21013,
		-0.805009,
		-0.554803,
		0,
		-0.975554,
		0.209986,
		0.064802,
		0,
		-1.159961,
		0.03817,
		-0.518886,
		1,
	},
	[0.633333333333] = {
		-0.046989,
		0.491019,
		-0.86988,
		0,
		-0.13831,
		-0.865652,
		-0.481162,
		0,
		-0.989274,
		0.097704,
		0.108588,
		0,
		-1.133219,
		-0.009412,
		-0.546583,
		1,
	},
	[0.65] = {
		-0.114316,
		0.427411,
		-0.896801,
		0,
		-0.063928,
		-0.904013,
		-0.422699,
		0,
		-0.991385,
		0.00901,
		0.130667,
		0,
		-1.107301,
		-0.042803,
		-0.585377,
		1,
	},
	[0.666666666667] = {
		-0.120598,
		0.384442,
		-0.915238,
		0,
		0.003055,
		-0.921819,
		-0.387609,
		0,
		-0.992697,
		-0.049541,
		0.109995,
		0,
		-1.086155,
		-0.057494,
		-0.641132,
		1,
	},
	[0.683333333333] = {
		-0.063099,
		0.372857,
		-0.925741,
		0,
		0.057533,
		-0.924688,
		-0.376354,
		0,
		-0.996348,
		-0.077009,
		0.036895,
		0,
		-1.046551,
		-0.055758,
		-0.719443,
		1,
	},
	[0.6] = {
		0.19765,
		0.60119,
		-0.774277,
		0,
		-0.271356,
		-0.725438,
		-0.632539,
		0,
		-0.941966,
		0.335126,
		0.019754,
		0,
		-1.183186,
		0.094263,
		-0.495921,
		1,
	},
	[0.716666666667] = {
		0.179772,
		0.420138,
		-0.889475,
		0,
		0.139515,
		-0.905956,
		-0.399725,
		0,
		-0.973765,
		-0.052236,
		-0.221481,
		0,
		-0.87944,
		-0.027461,
		-0.923118,
		1,
	},
	[0.733333333333] = {
		0.337157,
		0.46629,
		-0.817862,
		0,
		0.185112,
		-0.884603,
		-0.428031,
		0,
		-0.92307,
		-0.007083,
		-0.384566,
		0,
		-0.773633,
		-0.004531,
		-1.03638,
		1,
	},
	[0.75] = {
		0.490721,
		0.505084,
		-0.709988,
		0,
		0.233751,
		-0.861288,
		-0.451157,
		0,
		-0.839377,
		0.055431,
		-0.540716,
		0,
		-0.663829,
		0.025561,
		-1.147526,
		1,
	},
	[0.766666666667] = {
		0.62312,
		0.529955,
		-0.575212,
		0,
		0.284789,
		-0.838697,
		-0.464201,
		0,
		-0.728434,
		0.125439,
		-0.673534,
		0,
		-0.562581,
		0.057158,
		-1.24618,
		1,
	},
	[0.783333333333] = {
		0.723896,
		0.540103,
		-0.429259,
		0,
		0.336034,
		-0.819431,
		-0.464342,
		0,
		-0.60254,
		0.191889,
		-0.774676,
		0,
		-0.484418,
		0.083351,
		-1.322438,
		1,
	},
	[0.7] = {
		0.04177,
		0.387356,
		-0.920984,
		0,
		0.101612,
		-0.918656,
		-0.381768,
		0,
		-0.993947,
		-0.077637,
		-0.077732,
		0,
		-0.97314,
		-0.044943,
		-0.816182,
		1,
	},
	[0.816666666667] = {
		0.792173,
		0.537884,
		-0.288345,
		0,
		0.38316,
		-0.806082,
		-0.451022,
		0,
		-0.475027,
		0.246805,
		-0.844652,
		0,
		-0.445864,
		0.100987,
		-1.367112,
		1,
	},
	[0.833333333333] = {
		0.793469,
		0.536133,
		-0.288042,
		0,
		0.381197,
		-0.806742,
		-0.451504,
		0,
		-0.474442,
		0.248454,
		-0.844497,
		0,
		-0.445656,
		0.102892,
		-1.367072,
		1,
	},
	[0.85] = {
		0.794714,
		0.534442,
		-0.287753,
		0,
		0.379305,
		-0.807373,
		-0.451969,
		0,
		-0.473876,
		0.25004,
		-0.844347,
		0,
		-0.445454,
		0.104728,
		-1.367032,
		1,
	},
	[0.866666666667] = {
		0.79589,
		0.532835,
		-0.28748,
		0,
		0.377507,
		-0.807968,
		-0.452412,
		0,
		-0.473336,
		0.251544,
		-0.844203,
		0,
		-0.44526,
		0.10647,
		-1.366994,
		1,
	},
	[0.883333333333] = {
		0.796985,
		0.531334,
		-0.287228,
		0,
		0.375829,
		-0.808519,
		-0.452825,
		0,
		-0.47283,
		0.252946,
		-0.844067,
		0,
		-0.445077,
		0.108095,
		-1.366958,
		1,
	},
	[0.8] = {
		0.790839,
		0.539676,
		-0.288657,
		0,
		0.385169,
		-0.8054,
		-0.450529,
		0,
		-0.475624,
		0.245114,
		-0.844808,
		0,
		-0.446074,
		0.099036,
		-1.367154,
		1,
	},
	[0.916666666667] = {
		0.798865,
		0.528737,
		-0.286796,
		0,
		0.372928,
		-0.809461,
		-0.45354,
		0,
		-0.471953,
		0.255363,
		-0.843831,
		0,
		-0.444757,
		0.110901,
		-1.366895,
		1,
	},
	[0.933333333333] = {
		0.799621,
		0.527686,
		-0.286623,
		0,
		0.371755,
		-0.809838,
		-0.453829,
		0,
		-0.471597,
		0.256338,
		-0.843734,
		0,
		-0.444626,
		0.112034,
		-1.366869,
		1,
	},
	[0.95] = {
		0.800236,
		0.52683,
		-0.286482,
		0,
		0.370799,
		-0.810144,
		-0.454064,
		0,
		-0.471307,
		0.257131,
		-0.843655,
		0,
		-0.444519,
		0.112957,
		-1.366847,
		1,
	},
	[0.966666666667] = {
		0.800694,
		0.526192,
		-0.286378,
		0,
		0.370087,
		-0.810371,
		-0.45424,
		0,
		-0.47109,
		0.257722,
		-0.843596,
		0,
		-0.444438,
		0.113645,
		-1.366831,
		1,
	},
	[0.983333333333] = {
		0.800979,
		0.525792,
		-0.286313,
		0,
		0.369641,
		-0.810513,
		-0.45435,
		0,
		-0.470954,
		0.258092,
		-0.843559,
		0,
		-0.444387,
		0.114074,
		-1.366821,
		1,
	},
	[0.9] = {
		0.797981,
		0.529961,
		-0.286999,
		0,
		0.374294,
		-0.809019,
		-0.453203,
		0,
		-0.472367,
		0.254225,
		-0.843942,
		0,
		-0.444908,
		0.10958,
		-1.366925,
		1,
	},
	{
		0.801078,
		0.525654,
		-0.286291,
		0,
		0.369487,
		-0.810562,
		-0.454388,
		0,
		-0.470907,
		0.258219,
		-0.843546,
		0,
		-0.44437,
		0.114223,
		-1.366817,
		1,
	},
}

return spline_matrices
