local spline_matrices = {
	[0] = {
		0.759087,
		-0.067923,
		0.647436,
		0,
		-0.623413,
		0.210554,
		0.75301,
		0,
		-0.187467,
		-0.97522,
		0.117485,
		0,
		-0.787227,
		0.384969,
		-0.27782,
		1
	},
	[0.0333333333333] = {
		0.862347,
		-0.099657,
		0.496414,
		0,
		-0.469253,
		0.210913,
		0.857506,
		0,
		-0.190157,
		-0.972411,
		0.135116,
		0,
		-0.786871,
		0.389962,
		-0.245506,
		1
	},
	[0.0666666666667] = {
		0.936987,
		-0.137643,
		0.321107,
		0,
		-0.289639,
		0.207906,
		0.934283,
		0,
		-0.195358,
		-0.968416,
		0.154939,
		0,
		-0.779558,
		0.397269,
		-0.212215,
		1
	},
	[0.133333333333] = {
		0.979743,
		-0.198569,
		0.02596,
		0,
		0.003174,
		0.145013,
		0.989425,
		0,
		-0.200234,
		-0.9693,
		0.142706,
		0,
		-0.74073,
		0.412111,
		-0.180995,
		1
	},
	[0.166666666667] = {
		0.979939,
		-0.196104,
		-0.035534,
		0,
		0.050781,
		0.073273,
		0.996018,
		0,
		-0.192719,
		-0.977842,
		0.081761,
		0,
		-0.720206,
		0.413407,
		-0.174054,
		1
	},
	[0.1] = {
		0.972438,
		-0.175591,
		0.153404,
		0,
		-0.119804,
		0.188146,
		0.974807,
		0,
		-0.20003,
		-0.966317,
		0.161924,
		0,
		-0.763763,
		0.405326,
		-0.187989,
		1
	},
	[0.233333333333] = {
		0.99996,
		-0.00874,
		-0.001646,
		0,
		0.000662,
		-0.111426,
		0.993773,
		0,
		-0.008869,
		-0.993734,
		-0.111416,
		0,
		-0.688565,
		0.410273,
		-0.187967,
		1
	},
	[0.266666666667] = {
		0.999215,
		0.015123,
		0.036611,
		0,
		-0.03358,
		-0.166851,
		0.98541,
		0,
		0.021011,
		-0.985866,
		-0.166212,
		0,
		-0.688919,
		0.47613,
		-0.198829,
		1
	},
	[0.2] = {
		0.987368,
		-0.15269,
		-0.042319,
		0,
		0.041978,
		-0.005454,
		0.999104,
		0,
		-0.152784,
		-0.988259,
		0.001024,
		0,
		-0.701685,
		0.405367,
		-0.166335,
		1
	},
	[0.333333333333] = {
		0.824776,
		-0.523049,
		0.214858,
		0,
		-0.202971,
		0.080801,
		0.975845,
		0,
		-0.527776,
		-0.848464,
		-0.039521,
		0,
		-0.727523,
		0.801395,
		-0.177894,
		1
	},
	[0.366666666667] = {
		0.491145,
		-0.844136,
		0.214966,
		0,
		-0.101398,
		0.1897,
		0.976592,
		0,
		-0.865156,
		-0.501446,
		0.007576,
		0,
		-0.531737,
		1.156942,
		-0.155845,
		1
	},
	[0.3] = {
		0.964539,
		-0.247582,
		0.091474,
		0,
		-0.109438,
		-0.059766,
		0.992195,
		0,
		-0.240182,
		-0.967022,
		-0.084742,
		0,
		-0.718141,
		0.611063,
		-0.180924,
		1
	},
	[0.433333333333] = {
		-0.651465,
		-0.652675,
		0.386794,
		0,
		0.36345,
		0.179035,
		0.914249,
		0,
		-0.665956,
		0.736181,
		0.12058,
		0,
		0.347691,
		1.469285,
		-0.160726,
		1
	},
	[0.466666666667] = {
		-0.865844,
		-0.11134,
		0.487767,
		0,
		0.498792,
		-0.116136,
		0.858906,
		0,
		-0.038983,
		0.986973,
		0.156091,
		0,
		1.02886,
		1.254319,
		-0.233967,
		1
	},
	[0.4] = {
		-0.280192,
		-0.932062,
		0.22968,
		0,
		0.158584,
		0.191033,
		0.968688,
		0,
		-0.946754,
		0.307843,
		0.094284,
		0,
		-0.043443,
		1.486314,
		-0.132854,
		1
	},
	[0.533333333333] = {
		-0.648473,
		0.462485,
		0.60464,
		0,
		0.144222,
		-0.705259,
		0.694125,
		0,
		0.747451,
		0.537324,
		0.390641,
		0,
		1.759978,
		-0.955918,
		-0.152908,
		1
	},
	[0.566666666667] = {
		0.064584,
		0.971,
		0.230191,
		0,
		-0.189206,
		-0.214573,
		0.958206,
		0,
		0.979811,
		-0.105439,
		0.169861,
		0,
		1.525057,
		-1.35356,
		-0.14097,
		1
	},
	[0.5] = {
		-0.636213,
		0.274214,
		0.721138,
		0,
		0.530815,
		-0.522732,
		0.667073,
		0,
		0.559882,
		0.807192,
		0.187012,
		0,
		1.591805,
		0.627933,
		-0.33715,
		1
	},
	[0.633333333333] = {
		0.530986,
		0.839731,
		-0.113601,
		0,
		-0.116012,
		0.204838,
		0.971896,
		0,
		0.839402,
		-0.502884,
		0.206185,
		0,
		1.303964,
		-1.481082,
		-0.209879,
		1
	},
	[0.666666666667] = {
		0.675615,
		0.687817,
		-0.265429,
		0,
		0.008583,
		0.352661,
		0.935712,
		0,
		0.737205,
		-0.634459,
		0.232359,
		0,
		1.171882,
		-1.464163,
		-0.279799,
		1
	},
	[0.6] = {
		0.30842,
		0.948839,
		0.067685,
		0,
		-0.187841,
		-0.009004,
		0.982158,
		0,
		0.93252,
		-0.315631,
		0.175454,
		0,
		1.435113,
		-1.465242,
		-0.168077,
		1
	},
	[0.733333333333] = {
		0.735371,
		0.518273,
		-0.436603,
		0,
		0.264725,
		0.373384,
		0.889104,
		0,
		0.623819,
		-0.769401,
		0.137376,
		0,
		0.958949,
		-1.416786,
		-0.525771,
		1
	},
	[0.766666666667] = {
		0.652584,
		0.628953,
		-0.422554,
		0,
		0.38807,
		0.201547,
		0.899322,
		0,
		0.650796,
		-0.750864,
		-0.112551,
		0,
		0.851462,
		-1.422208,
		-0.734106,
		1
	},
	[0.7] = {
		0.740648,
		0.558057,
		-0.374182,
		0,
		0.144337,
		0.411755,
		0.899791,
		0,
		0.656207,
		-0.720437,
		0.224417,
		0,
		1.051091,
		-1.431561,
		-0.390659,
		1
	},
	[0.833333333333] = {
		0.367025,
		0.930198,
		0.004873,
		0,
		0.71841,
		-0.286781,
		0.633753,
		0,
		0.590914,
		-0.229103,
		-0.77352,
		0,
		0.564229,
		-1.289323,
		-1.299542,
		1
	},
	[0.866666666667] = {
		0.294081,
		0.917198,
		0.268818,
		0,
		0.843963,
		-0.381203,
		0.377374,
		0,
		0.448601,
		0.115894,
		-0.886186,
		0,
		0.493244,
		-1.10159,
		-1.448393,
		1
	},
	[0.8] = {
		0.506767,
		0.819024,
		-0.269049,
		0,
		0.548488,
		-0.065541,
		0.833586,
		0,
		0.665093,
		-0.570004,
		-0.482438,
		0,
		0.704099,
		-1.394791,
		-1.024923,
		1
	}
}

return spline_matrices
