local spline_matrices = {
	[0] = {
		0.9409,
		-0.278455,
		-0.192795,
		0,
		0.263217,
		0.242989,
		0.933634,
		0,
		-0.213129,
		-0.929204,
		0.301922,
		0,
		0.278429,
		-0.199862,
		1.121428,
		1
	},
	{
		0.976669,
		0.043119,
		0.210375,
		0,
		0.214734,
		-0.184665,
		-0.959056,
		0,
		-0.002505,
		0.981855,
		-0.189616,
		0,
		0.173847,
		0.366479,
		-1.453238,
		1
	},
	[0.0166666666667] = {
		0.942466,
		-0.309772,
		-0.125697,
		0,
		0.197929,
		0.214042,
		0.956562,
		0,
		-0.269411,
		-0.926406,
		0.26304,
		0,
		0.262464,
		-0.205733,
		1.113437,
		1
	},
	[0.0333333333333] = {
		0.93958,
		-0.338977,
		-0.0478,
		0,
		0.113736,
		0.177409,
		0.977543,
		0,
		-0.322884,
		-0.923916,
		0.205244,
		0,
		0.236868,
		-0.227013,
		1.107708,
		1
	},
	[0.05] = {
		0.929248,
		-0.367726,
		0.035725,
		0,
		0.015061,
		0.134319,
		0.990824,
		0,
		-0.36915,
		-0.920183,
		0.130353,
		0,
		0.204871,
		-0.260245,
		1.103581,
		1
	},
	[0.0666666666667] = {
		0.909936,
		-0.397202,
		0.11936,
		0,
		-0.092466,
		0.086262,
		0.991972,
		0,
		-0.404309,
		-0.913668,
		0.041766,
		0,
		0.169553,
		-0.30181,
		1.100732,
		1
	},
	[0.0833333333333] = {
		0.881957,
		-0.427924,
		0.197568,
		0,
		-0.202292,
		0.03493,
		0.978702,
		0,
		-0.425711,
		-0.903139,
		-0.055759,
		0,
		0.133711,
		-0.348183,
		1.099135,
		1
	},
	[0.116666666667] = {
		0.810424,
		-0.491514,
		0.31879,
		0,
		-0.402043,
		-0.070819,
		0.912878,
		0,
		-0.426116,
		-0.867985,
		-0.255003,
		0,
		0.079902,
		-0.41887,
		1.049855,
		1
	},
	[0.133333333333] = {
		0.7754,
		-0.521956,
		0.355412,
		0,
		-0.480455,
		-0.122411,
		0.868435,
		0,
		-0.409778,
		-0.844143,
		-0.345694,
		0,
		0.066011,
		-0.435475,
		1.005809,
		1
	},
	[0.15] = {
		0.747332,
		-0.549131,
		0.374099,
		0,
		-0.539011,
		-0.171799,
		0.824592,
		0,
		-0.388539,
		-0.817888,
		-0.424378,
		0,
		0.058015,
		-0.445041,
		0.968535,
		1
	},
	[0.166666666667] = {
		0.730448,
		-0.57103,
		0.37466,
		0,
		-0.575043,
		-0.218253,
		0.788474,
		0,
		-0.368471,
		-0.791385,
		-0.487789,
		0,
		0.055525,
		-0.447471,
		0.940222,
		1
	},
	[0.183333333333] = {
		0.727612,
		-0.585744,
		0.357049,
		0,
		-0.586363,
		-0.260921,
		0.766876,
		0,
		-0.356031,
		-0.767349,
		-0.533308,
		0,
		0.058396,
		-0.442576,
		0.922793,
		1
	},
	[0.1] = {
		0.847522,
		-0.459671,
		0.265347,
		0,
		-0.307591,
		-0.017952,
		0.951349,
		0,
		-0.432544,
		-0.887908,
		-0.156606,
		0,
		0.099904,
		-0.395596,
		1.098077,
		1
	},
	[0.216666666667] = {
		0.766363,
		-0.606933,
		0.210525,
		0,
		-0.495592,
		-0.350052,
		0.794892,
		0,
		-0.408751,
		-0.71351,
		-0.569058,
		0,
		0.109735,
		-0.382752,
		0.951101,
		1
	},
	[0.233333333333] = {
		0.788362,
		-0.607469,
		0.097301,
		0,
		-0.400601,
		-0.386854,
		0.83058,
		0,
		-0.46691,
		-0.693776,
		-0.548334,
		0,
		0.158838,
		-0.327518,
		0.988461,
		1
	},
	[0.25] = {
		0.802428,
		-0.596557,
		-0.015142,
		0,
		-0.285031,
		-0.405441,
		0.868548,
		0,
		-0.524277,
		-0.692631,
		-0.495375,
		0,
		0.216574,
		-0.260639,
		1.028267,
		1
	},
	[0.266666666667] = {
		0.811822,
		-0.573914,
		-0.107559,
		0,
		-0.157907,
		-0.393129,
		0.905823,
		0,
		-0.562149,
		-0.718382,
		-0.409776,
		0,
		0.2741,
		-0.187416,
		1.062787,
		1
	},
	[0.283333333333] = {
		0.826629,
		-0.538451,
		-0.163568,
		0,
		-0.029703,
		-0.332002,
		0.942811,
		0,
		-0.561962,
		-0.774497,
		-0.290436,
		0,
		0.319299,
		-0.115044,
		1.087715,
		1
	},
	[0.2] = {
		0.741974,
		-0.597652,
		0.303787,
		0,
		-0.560827,
		-0.305018,
		0.7697,
		0,
		-0.367352,
		-0.741469,
		-0.561495,
		0,
		0.074888,
		-0.422417,
		0.925848,
		1
	},
	[0.316666666667] = {
		0.91345,
		-0.390448,
		-0.114719,
		0,
		0.179881,
		0.134525,
		0.974446,
		0,
		-0.365038,
		-0.910743,
		0.193116,
		0,
		0.384696,
		0.067546,
		1.060952,
		1
	},
	[0.333333333333] = {
		0.943789,
		-0.30858,
		-0.118491,
		0,
		0.237312,
		0.383015,
		0.892739,
		0,
		-0.230097,
		-0.870677,
		0.434715,
		0,
		0.416704,
		0.179825,
		0.996766,
		1
	},
	[0.35] = {
		0.951078,
		-0.257087,
		-0.171341,
		0,
		0.289804,
		0.550157,
		0.783161,
		0,
		-0.107076,
		-0.794502,
		0.597747,
		0,
		0.411617,
		0.293892,
		0.926891,
		1
	},
	[0.366666666667] = {
		0.948364,
		-0.203669,
		-0.243157,
		0,
		0.311396,
		0.743633,
		0.591643,
		0,
		0.06032,
		-0.636811,
		0.768657,
		0,
		0.374683,
		0.467527,
		0.820867,
		1
	},
	[0.383333333333] = {
		0.941324,
		-0.197121,
		-0.273958,
		0,
		0.285097,
		0.898851,
		0.332846,
		0,
		0.180637,
		-0.391421,
		0.902308,
		0,
		0.33882,
		0.71678,
		0.65275,
		1
	},
	[0.3] = {
		0.86463,
		-0.478523,
		-0.153072,
		0,
		0.090751,
		-0.15091,
		0.984373,
		0,
		-0.494145,
		-0.86501,
		-0.087055,
		0,
		0.353379,
		-0.036077,
		1.104494,
		1
	},
	[0.416666666667] = {
		0.983362,
		-0.133143,
		-0.123576,
		0,
		0.098302,
		0.962104,
		-0.254346,
		0,
		0.152758,
		0.237966,
		0.959186,
		0,
		0.242678,
		1.122781,
		0.201372,
		1
	},
	[0.433333333333] = {
		0.998258,
		-0.016763,
		0.056575,
		0,
		0.042364,
		0.871015,
		-0.489426,
		0,
		-0.041074,
		0.490969,
		0.870208,
		0,
		0.131246,
		1.238864,
		-0.074938,
		1
	},
	[0.45] = {
		0.99244,
		-0.001248,
		0.122721,
		0,
		0.09817,
		0.608171,
		-0.787712,
		0,
		-0.073653,
		0.793805,
		0.603696,
		0,
		0.103359,
		1.332756,
		-0.293946,
		1
	},
	[0.466666666667] = {
		0.991206,
		0.121302,
		0.052885,
		0,
		0.020301,
		0.255529,
		-0.966588,
		0,
		-0.130763,
		0.959162,
		0.250819,
		0,
		0.102513,
		1.274841,
		-0.507627,
		1
	},
	[0.483333333333] = {
		0.973821,
		0.22693,
		-0.013232,
		0,
		0.005974,
		-0.083737,
		-0.99647,
		0,
		-0.227237,
		0.970305,
		-0.082901,
		0,
		0.056045,
		1.058893,
		-0.844201,
		1
	},
	[0.4] = {
		0.951755,
		-0.197421,
		-0.234922,
		0,
		0.21089,
		0.976939,
		0.033405,
		0,
		0.222909,
		-0.081336,
		0.97144,
		0,
		0.306359,
		0.948984,
		0.438696,
		1
	},
	[0.516666666667] = {
		0.946874,
		0.018975,
		0.321044,
		0,
		0.321247,
		-0.102861,
		-0.941393,
		0,
		0.01516,
		0.994515,
		-0.103492,
		0,
		0.113632,
		0.706291,
		-1.322579,
		1
	},
	[0.533333333333] = {
		0.91323,
		-0.037026,
		0.405758,
		0,
		0.399006,
		-0.120354,
		-0.909016,
		0,
		0.082491,
		0.99204,
		-0.095137,
		0,
		0.136561,
		0.669988,
		-1.410403,
		1
	},
	[0.55] = {
		0.879836,
		-0.079036,
		0.46866,
		0,
		0.455944,
		-0.138024,
		-0.879241,
		0,
		0.134178,
		0.98727,
		-0.085402,
		0,
		0.157214,
		0.634384,
		-1.46001,
		1
	},
	[0.566666666667] = {
		0.85103,
		-0.108751,
		0.513732,
		0,
		0.49613,
		-0.15403,
		-0.854477,
		0,
		0.172055,
		0.982063,
		-0.07713,
		0,
		0.17398,
		0.604806,
		-1.492388,
		1
	},
	[0.583333333333] = {
		0.827042,
		-0.130129,
		0.546871,
		0,
		0.525177,
		-0.168082,
		-0.834229,
		0,
		0.200476,
		0.977146,
		-0.07067,
		0,
		0.18646,
		0.579439,
		-1.516147,
		1
	},
	[0.5] = {
		0.975011,
		0.096645,
		0.200033,
		0,
		0.208535,
		-0.087721,
		-0.974073,
		0,
		-0.076593,
		0.991446,
		-0.105683,
		0,
		0.087309,
		0.77993,
		-1.210369,
		1
	},
	[0.616666666667] = {
		0.809358,
		-0.14511,
		0.569107,
		0,
		0.543466,
		-0.182348,
		-0.819386,
		0,
		0.222677,
		0.972467,
		-0.068722,
		0,
		0.194186,
		0.543727,
		-1.52711,
		1
	},
	[0.633333333333] = {
		0.808002,
		-0.146477,
		0.570681,
		0,
		0.544071,
		-0.186199,
		-0.818118,
		0,
		0.226095,
		0.971532,
		-0.070755,
		0,
		0.194307,
		0.526172,
		-1.523295,
		1
	},
	[0.65] = {
		0.808898,
		-0.146041,
		0.569522,
		0,
		0.542247,
		-0.189127,
		-0.818657,
		0,
		0.22727,
		0.971032,
		-0.073794,
		0,
		0.193537,
		0.507463,
		-1.516843,
		1
	},
	[0.666666666667] = {
		0.811875,
		-0.143952,
		0.565806,
		0,
		0.538168,
		-0.191205,
		-0.820863,
		0,
		0.22635,
		0.970937,
		-0.077764,
		0,
		0.191963,
		0.488068,
		-1.508294,
		1
	},
	[0.683333333333] = {
		0.816732,
		-0.140348,
		0.559688,
		0,
		0.531983,
		-0.192518,
		-0.824579,
		0,
		0.223478,
		0.971205,
		-0.082572,
		0,
		0.189671,
		0.468452,
		-1.498183,
		1
	},
	[0.6] = {
		0.813094,
		-0.14178,
		0.564603,
		0,
		0.540234,
		-0.177519,
		-0.822578,
		0,
		0.216852,
		0.973851,
		-0.067745,
		0,
		0.19311,
		0.559603,
		-1.527662,
		1
	},
	[0.716666666667] = {
		0.831176,
		-0.129112,
		0.540811,
		0,
		0.513833,
		-0.193229,
		-0.835846,
		0,
		0.212418,
		0.972621,
		-0.094265,
		0,
		0.183286,
		0.430388,
		-1.475424,
		1
	},
	[0.733333333333] = {
		0.840271,
		-0.121729,
		0.528325,
		0,
		0.502121,
		-0.192831,
		-0.843025,
		0,
		0.204497,
		0.973652,
		-0.100908,
		0,
		0.17937,
		0.412848,
		-1.463853,
		1
	},
	[0.75] = {
		0.850276,
		-0.113332,
		0.513992,
		0,
		0.488818,
		-0.192066,
		-0.85098,
		0,
		0.195164,
		0.974816,
		-0.107911,
		0,
		0.175091,
		0.396898,
		-1.452877,
		1
	},
	[0.766666666667] = {
		0.860935,
		-0.104046,
		0.497961,
		0,
		0.474056,
		-0.191036,
		-0.859521,
		0,
		0.184558,
		0.976053,
		-0.115146,
		0,
		0.170536,
		0.382983,
		-1.443046,
		1
	},
	[0.783333333333] = {
		0.872002,
		-0.093999,
		0.480392,
		0,
		0.457976,
		-0.189836,
		-0.868458,
		0,
		0.172829,
		0.977306,
		-0.122488,
		0,
		0.165794,
		0.371543,
		-1.434914,
		1
	},
	[0.7] = {
		0.823246,
		-0.13536,
		0.55131,
		0,
		0.523829,
		-0.193159,
		-0.829634,
		0,
		0.21879,
		0.971786,
		-0.088112,
		0,
		0.186749,
		0.449073,
		-1.487047,
		1
	},
	[0.816666666667] = {
		0.894428,
		-0.072146,
		0.441355,
		0,
		0.422491,
		-0.18727,
		-0.88681,
		0,
		0.146633,
		0.979656,
		-0.137018,
		0,
		0.15609,
		0.357837,
		-1.426003,
		1
	},
	[0.833333333333] = {
		0.905366,
		-0.060615,
		0.420283,
		0,
		0.40343,
		-0.186054,
		-0.895895,
		0,
		0.1325,
		0.980668,
		-0.143993,
		0,
		0.160064,
		0.359674,
		-1.4315,
		1
	},
	[0.85] = {
		0.91588,
		-0.048867,
		0.398466,
		0,
		0.383744,
		-0.184966,
		-0.904725,
		0,
		0.117914,
		0.981529,
		-0.150654,
		0,
		0.163822,
		0.361432,
		-1.436627,
		1
	},
	[0.866666666667] = {
		0.925822,
		-0.037047,
		0.376141,
		0,
		0.363639,
		-0.184052,
		-0.913177,
		0,
		0.10306,
		0.982218,
		-0.156928,
		0,
		0.167288,
		0.363063,
		-1.4413,
		1
	},
	[0.883333333333] = {
		0.935072,
		-0.025298,
		0.353554,
		0,
		0.343328,
		-0.183346,
		-0.921146,
		0,
		0.088126,
		0.982723,
		-0.162756,
		0,
		0.17038,
		0.364518,
		-1.445435,
		1
	},
	[0.8] = {
		0.88324,
		-0.083321,
		0.46146,
		0,
		0.440733,
		-0.188553,
		-0.877612,
		0,
		0.160133,
		0.978522,
		-0.129816,
		0,
		0.16095,
		0.363015,
		-1.429043,
		1
	},
	[0.916666666667] = {
		0.951176,
		-0.00259,
		0.308638,
		0,
		0.302998,
		-0.182633,
		-0.935327,
		0,
		0.05879,
		0.983178,
		-0.172931,
		0,
		0.175099,
		0.366725,
		-1.451782,
		1
	},
	[0.933333333333] = {
		0.957944,
		0.008086,
		0.286843,
		0,
		0.283442,
		-0.182633,
		-0.941438,
		0,
		0.044775,
		0.983148,
		-0.177244,
		0,
		0.176542,
		0.367399,
		-1.453843,
		1
	},
	[0.95] = {
		0.963844,
		0.018126,
		0.26585,
		0,
		0.264605,
		-0.18286,
		-0.946861,
		0,
		0.03145,
		0.982972,
		-0.181045,
		0,
		0.177243,
		0.367742,
		-1.455058,
		1
	},
	[0.966666666667] = {
		0.9689,
		0.027398,
		0.245929,
		0,
		0.24672,
		-0.183293,
		-0.951595,
		0,
		0.019005,
		0.982677,
		-0.184352,
		0,
		0.1771,
		0.367719,
		-1.455356,
		1
	},
	[0.983333333333] = {
		0.973156,
		0.035771,
		0.22735,
		0,
		0.23002,
		-0.183905,
		-0.955652,
		0,
		0.007626,
		0.982293,
		-0.187196,
		0,
		0.176009,
		0.367281,
		-1.454688,
		1
	},
	[0.9] = {
		0.943543,
		-0.013765,
		0.330965,
		0,
		0.323038,
		-0.18287,
		-0.92855,
		0,
		0.073305,
		0.983041,
		-0.168099,
		0,
		0.173014,
		0.365752,
		-1.448954,
		1
	}
}

return spline_matrices
