-- chunkname: @content/characters/player/ogryn/first_person/animations/power_maul/heavy_swing_left_diagonal.lua

local spline_matrices = {
	[0.0166666666667] = {
		0.512486,
		-0.528508,
		-0.676785,
		0,
		0.85301,
		0.403881,
		0.330535,
		0,
		0.09865,
		-0.746699,
		0.657806,
		0,
		1.198844,
		0.787294,
		0.887793,
		1,
	},
	[0.0333333333333] = {
		0.557112,
		-0.51259,
		-0.653359,
		0,
		0.830398,
		0.351535,
		0.432276,
		0,
		0.008098,
		-0.783374,
		0.621498,
		0,
		1.169252,
		0.736977,
		0.900087,
		1,
	},
	[0.05] = {
		0.605346,
		-0.493091,
		-0.624834,
		0,
		0.791476,
		0.28967,
		0.538197,
		0,
		-0.084384,
		-0.820337,
		0.565621,
		0,
		1.130386,
		0.663052,
		0.915239,
		1,
	},
	[0.0666666666667] = {
		0.654528,
		-0.470331,
		-0.59193,
		0,
		0.736282,
		0.218729,
		0.640349,
		0,
		-0.171704,
		-0.854954,
		0.489461,
		0,
		1.085128,
		0.570231,
		0.931577,
		1,
	},
	[0.0833333333333] = {
		0.702326,
		-0.444544,
		-0.555984,
		0,
		0.667547,
		0.140043,
		0.731279,
		0,
		-0.247225,
		-0.884742,
		0.39511,
		0,
		1.036548,
		0.463277,
		0.947762,
		1,
	},
	[0] = {
		0.47435,
		-0.540476,
		-0.694894,
		0,
		0.861603,
		0.447,
		0.240481,
		0,
		0.180644,
		-0.712795,
		0.67771,
		0,
		1.216554,
		0.810071,
		0.879871,
		1,
	},
	[0.116666666667] = {
		0.78658,
		-0.384285,
		-0.483339,
		0,
		0.512266,
		-0.030958,
		0.858269,
		0,
		-0.344783,
		-0.922696,
		0.172505,
		0,
		0.941928,
		0.226185,
		0.976485,
		1,
	},
	[0.133333333333] = {
		0.820485,
		-0.349822,
		-0.452138,
		0,
		0.440631,
		-0.116893,
		0.890045,
		0,
		-0.364209,
		-0.929495,
		0.058233,
		0,
		0.901853,
		0.10565,
		0.988533,
		1,
	},
	[0.15] = {
		0.847649,
		-0.312504,
		-0.428758,
		0,
		0.383187,
		-0.198349,
		0.902123,
		0,
		-0.36696,
		-0.928977,
		-0.048383,
		0,
		0.878837,
		-0.006966,
		0.996236,
		1,
	},
	[0.166666666667] = {
		0.867074,
		-0.272576,
		-0.416996,
		0,
		0.34639,
		-0.271724,
		0.897875,
		0,
		-0.358047,
		-0.922967,
		-0.141187,
		0,
		0.880734,
		-0.105071,
		0.998095,
		1,
	},
	[0.183333333333] = {
		0.877236,
		-0.230721,
		-0.42098,
		0,
		0.335125,
		-0.333572,
		0.881147,
		0,
		-0.343726,
		-0.914056,
		-0.215302,
		0,
		0.905376,
		-0.185649,
		0.996952,
		1,
	},
	[0.1] = {
		0.746831,
		-0.415853,
		-0.518951,
		0,
		0.59052,
		0.05583,
		0.805089,
		0,
		-0.305826,
		-0.907717,
		0.287265,
		0,
		0.987788,
		0.346991,
		0.962881,
		1,
	},
	[0.216666666667] = {
		0.835277,
		-0.140586,
		-0.531553,
		0,
		0.426424,
		-0.444657,
		0.787682,
		0,
		-0.347095,
		-0.884599,
		-0.311462,
		0,
		1.050581,
		-0.245337,
		0.978223,
		1,
	},
	[0.233333333333] = {
		0.780146,
		-0.098861,
		-0.617737,
		0,
		0.506033,
		-0.480865,
		0.71603,
		0,
		-0.367836,
		-0.871203,
		-0.325118,
		0,
		1.143467,
		-0.225095,
		0.949927,
		1,
	},
	[0.25] = {
		0.710767,
		-0.067786,
		-0.700154,
		0,
		0.587853,
		-0.489394,
		0.644144,
		0,
		-0.386315,
		-0.869424,
		-0.307997,
		0,
		1.219004,
		-0.184181,
		0.90743,
		1,
	},
	[0.266666666667] = {
		0.639047,
		-0.055559,
		-0.767159,
		0,
		0.66556,
		-0.460006,
		0.587728,
		0,
		-0.385551,
		-0.886176,
		-0.256988,
		0,
		1.278331,
		-0.13685,
		0.874896,
		1,
	},
	[0.283333333333] = {
		0.58068,
		-0.070648,
		-0.811061,
		0,
		0.736773,
		-0.378248,
		0.560441,
		0,
		-0.346376,
		-0.923005,
		-0.167589,
		0,
		1.321464,
		-0.087008,
		0.856056,
		1,
	},
	[0.2] = {
		0.868749,
		-0.186224,
		-0.458907,
		0,
		0.362865,
		-0.391277,
		0.845713,
		0,
		-0.337052,
		-0.901234,
		-0.272348,
		0,
		0.962717,
		-0.234629,
		0.991603,
		1,
	},
	[0.316666666667] = {
		0.557934,
		-0.262213,
		-0.787372,
		0,
		0.827535,
		0.104424,
		0.551618,
		0,
		-0.062421,
		-0.959343,
		0.275252,
		0,
		1.39278,
		0.099903,
		0.828044,
		1,
	},
	[0.333333333333] = {
		0.576436,
		-0.331237,
		-0.746997,
		0,
		0.809146,
		0.358957,
		0.465224,
		0,
		0.11404,
		-0.872601,
		0.474934,
		0,
		1.419883,
		0.222769,
		0.791157,
		1,
	},
	[0.35] = {
		0.585928,
		-0.340905,
		-0.735168,
		0,
		0.760598,
		0.544373,
		0.353764,
		0,
		0.279605,
		-0.766448,
		0.578255,
		0,
		1.412503,
		0.346545,
		0.748136,
		1,
	},
	[0.366666666667] = {
		0.589278,
		-0.310063,
		-0.746064,
		0,
		0.62764,
		0.757154,
		0.181069,
		0,
		0.508742,
		-0.57496,
		0.640783,
		0,
		1.332618,
		0.530463,
		0.687544,
		1,
	},
	[0.383333333333] = {
		0.590124,
		-0.278816,
		-0.757638,
		0,
		0.397189,
		0.917303,
		-0.028203,
		0,
		0.702847,
		-0.284282,
		0.652066,
		0,
		1.20961,
		0.782337,
		0.622057,
		1,
	},
	[0.3] = {
		0.55205,
		-0.148396,
		-0.8205,
		0,
		0.799861,
		-0.183688,
		0.571385,
		0,
		-0.235507,
		-0.971719,
		0.017291,
		0,
		1.358799,
		-0.011866,
		0.846396,
		1,
	},
	[0.416666666667] = {
		0.61361,
		-0.240994,
		-0.751934,
		0,
		-0.220118,
		0.862329,
		-0.456,
		0,
		0.758308,
		0.445321,
		0.476086,
		0,
		0.83189,
		1.233939,
		0.450387,
		1,
	},
	[0.433333333333] = {
		0.651663,
		-0.207048,
		-0.729703,
		0,
		-0.459721,
		0.657381,
		-0.597082,
		0,
		0.603318,
		0.724556,
		0.333206,
		0,
		0.568084,
		1.365611,
		0.314085,
		1,
	},
	[0.45] = {
		0.717745,
		-0.149418,
		-0.680085,
		0,
		-0.575566,
		0.42237,
		-0.700234,
		0,
		0.391875,
		0.894023,
		0.217154,
		0,
		0.300653,
		1.451764,
		0.164921,
		1,
	},
	[0.466666666667] = {
		0.742675,
		-0.007949,
		-0.669605,
		0,
		-0.657985,
		0.17718,
		-0.73189,
		0,
		0.124458,
		0.984146,
		0.126357,
		0,
		-0.006645,
		1.441897,
		0.004697,
		1,
	},
	[0.483333333333] = {
		0.564174,
		0.122242,
		-0.816556,
		0,
		-0.793107,
		-0.194712,
		-0.577121,
		0,
		-0.229542,
		0.973213,
		-0.0129,
		0,
		-0.672139,
		1.221738,
		-0.329833,
		1,
	},
	[0.4] = {
		0.597225,
		-0.258891,
		-0.759142,
		0,
		0.098146,
		0.962951,
		-0.251184,
		0,
		0.796046,
		0.075506,
		0.600508,
		0,
		1.049452,
		1.037056,
		0.544671,
		1,
	},
	[0.516666666667] = {
		0.260077,
		0.165162,
		-0.951358,
		0,
		-0.462168,
		-0.84378,
		-0.27283,
		0,
		-0.847798,
		0.510644,
		-0.143115,
		0,
		-1.04204,
		0.146367,
		-0.592862,
		1,
	},
	[0.533333333333] = {
		0.155144,
		0.292837,
		-0.943492,
		0,
		0.02805,
		-0.955977,
		-0.292099,
		0,
		-0.987493,
		0.018852,
		-0.156529,
		0,
		-0.744415,
		-0.41584,
		-0.580729,
		1,
	},
	[0.55] = {
		0.076938,
		0.339781,
		-0.937352,
		0,
		0.35678,
		-0.887268,
		-0.292341,
		0,
		-0.931015,
		-0.311936,
		-0.189492,
		0,
		-0.744904,
		-0.555388,
		-0.591736,
		1,
	},
	[0.566666666667] = {
		-0.013614,
		0.363156,
		-0.931629,
		0,
		0.685525,
		-0.674889,
		-0.273094,
		0,
		-0.727922,
		-0.642373,
		-0.239764,
		0,
		-0.660323,
		-0.693927,
		-0.595073,
		1,
	},
	[0.583333333333] = {
		-0.102377,
		0.35639,
		-0.928712,
		0,
		0.881119,
		-0.400819,
		-0.250943,
		0,
		-0.461679,
		-0.843997,
		-0.272987,
		0,
		-0.555328,
		-0.810738,
		-0.594023,
		1,
	},
	[0.5] = {
		0.354638,
		0.070573,
		-0.932337,
		0,
		-0.780295,
		-0.527043,
		-0.336699,
		0,
		-0.515143,
		0.846903,
		-0.131842,
		0,
		-1.184581,
		0.809605,
		-0.580755,
		1,
	},
	[0.616666666667] = {
		-0.158778,
		0.32479,
		-0.932363,
		0,
		0.949646,
		-0.20812,
		-0.23422,
		0,
		-0.270116,
		-0.922604,
		-0.27539,
		0,
		-0.488785,
		-0.888653,
		-0.596593,
		1,
	},
	[0.633333333333] = {
		-0.167096,
		0.314201,
		-0.934535,
		0,
		0.956416,
		-0.178569,
		-0.231045,
		0,
		-0.239474,
		-0.932411,
		-0.270669,
		0,
		-0.466899,
		-0.894847,
		-0.59062,
		1,
	},
	[0.65] = {
		-0.173589,
		0.305164,
		-0.936345,
		0,
		0.961184,
		-0.154547,
		-0.228563,
		0,
		-0.214458,
		-0.939676,
		-0.266491,
		0,
		-0.434545,
		-0.897795,
		-0.585327,
		1,
	},
	[0.666666666667] = {
		-0.178519,
		0.297675,
		-0.937828,
		0,
		0.964467,
		-0.135731,
		-0.226672,
		0,
		-0.194766,
		-0.944969,
		-0.262868,
		0,
		-0.394779,
		-0.902554,
		-0.589912,
		1,
	},
	[0.683333333333] = {
		-0.182102,
		0.291691,
		-0.939018,
		0,
		0.966655,
		-0.121759,
		-0.225284,
		0,
		-0.180047,
		-0.948731,
		-0.259792,
		0,
		-0.348109,
		-0.912662,
		-0.612953,
		1,
	},
	[0.6] = {
		-0.148334,
		0.336879,
		-0.92979,
		0,
		0.940208,
		-0.243451,
		-0.238202,
		0,
		-0.306604,
		-0.90953,
		-0.280624,
		0,
		-0.501644,
		-0.876892,
		-0.595131,
		1,
	},
	[0.716666666667] = {
		-0.185925,
		0.283917,
		-0.94065,
		0,
		0.968785,
		-0.106794,
		-0.22372,
		0,
		-0.163974,
		-0.952883,
		-0.255199,
		0,
		-0.237803,
		-0.935819,
		-0.68898,
		1,
	},
	[0.733333333333] = {
		-0.186442,
		0.281924,
		-0.941147,
		0,
		0.969049,
		-0.105003,
		-0.223423,
		0,
		-0.161811,
		-0.953674,
		-0.253621,
		0,
		-0.177209,
		-0.943295,
		-0.730366,
		1,
	},
	[0.75] = {
		-0.186176,
		0.281034,
		-0.941466,
		0,
		0.968899,
		-0.106467,
		-0.223382,
		0,
		-0.163013,
		-0.953774,
		-0.252472,
		0,
		-0.114438,
		-0.947154,
		-0.772982,
		1,
	},
	[0.766666666667] = {
		-0.185221,
		0.281121,
		-0.941628,
		0,
		0.968375,
		-0.110782,
		-0.223556,
		0,
		-0.167162,
		-0.953257,
		-0.251711,
		0,
		-0.049861,
		-0.949076,
		-0.816689,
		1,
	},
	[0.783333333333] = {
		-0.183662,
		0.282051,
		-0.941656,
		0,
		0.967496,
		-0.117542,
		-0.223909,
		0,
		-0.173838,
		-0.952172,
		-0.251295,
		0,
		0.016282,
		-0.95117,
		-0.861445,
		1,
	},
	[0.7] = {
		-0.184521,
		0.287136,
		-0.939949,
		0,
		0.968029,
		-0.112246,
		-0.224322,
		0,
		-0.169916,
		-0.951291,
		-0.257245,
		0,
		-0.29513,
		-0.925389,
		-0.649587,
		1,
	},
	[0.816666666667] = {
		-0.179052,
		0.285896,
		-0.941384,
		0,
		0.964707,
		-0.136766,
		-0.225023,
		0,
		-0.193082,
		-0.948451,
		-0.251317,
		0,
		0.149663,
		-0.955713,
		-0.951698,
		1,
	},
	[0.833333333333] = {
		-0.176165,
		0.288539,
		-0.941122,
		0,
		0.96282,
		-0.14841,
		-0.225728,
		0,
		-0.204803,
		-0.945896,
		-0.251666,
		0,
		0.215104,
		-0.958075,
		-0.995991,
		1,
	},
	[0.85] = {
		-0.173008,
		0.291484,
		-0.9408,
		0,
		0.960637,
		-0.160862,
		-0.226495,
		0,
		-0.217359,
		-0.942953,
		-0.25218,
		0,
		0.278515,
		-0.960436,
		-1.038924,
		1,
	},
	[0.866666666667] = {
		-0.169677,
		0.294602,
		-0.940436,
		0,
		0.958207,
		-0.173709,
		-0.2273,
		0,
		-0.230325,
		-0.939699,
		-0.252815,
		0,
		0.339002,
		-0.962745,
		-1.079897,
		1,
	},
	[0.883333333333] = {
		-0.166275,
		0.297767,
		-0.940046,
		0,
		0.955597,
		-0.186543,
		-0.228115,
		0,
		-0.243284,
		-0.936235,
		-0.253528,
		0,
		0.395676,
		-0.964953,
		-1.118306,
		1,
	},
	[0.8] = {
		-0.181578,
		0.283688,
		-0.941568,
		0,
		0.966271,
		-0.12634,
		-0.224407,
		0,
		-0.182619,
		-0.950558,
		-0.251178,
		0,
		0.08309,
		-0.953396,
		-0.906649,
		1,
	},
	[0.916666666667] = {
		-0.159717,
		0.303765,
		-0.939264,
		0,
		0.950223,
		-0.210543,
		-0.229671,
		0,
		-0.267521,
		-0.929192,
		-0.255017,
		0,
		0.494041,
		-0.968874,
		-1.185024,
		1,
	},
	[0.933333333333] = {
		-0.156805,
		0.306373,
		-0.938908,
		0,
		0.947701,
		-0.220906,
		-0.230357,
		0,
		-0.277985,
		-0.925924,
		-0.255711,
		0,
		0.533967,
		-0.970491,
		-1.212126,
		1,
	},
	[0.95] = {
		-0.154311,
		0.308581,
		-0.938598,
		0,
		0.945477,
		-0.229648,
		-0.230942,
		0,
		-0.286811,
		-0.92306,
		-0.256319,
		0,
		0.566549,
		-0.97182,
		-1.234254,
		1,
	},
	[0.966666666667] = {
		-0.152367,
		0.310285,
		-0.938354,
		0,
		0.943706,
		-0.236377,
		-0.231398,
		0,
		-0.293604,
		-0.920787,
		-0.256802,
		0,
		0.59091,
		-0.972817,
		-1.250805,
		1,
	},
	[0.983333333333] = {
		-0.151106,
		0.311384,
		-0.938194,
		0,
		0.942539,
		-0.240702,
		-0.231694,
		0,
		-0.297971,
		-0.919295,
		-0.25712,
		0,
		0.606171,
		-0.973443,
		-1.261176,
		1,
	},
	[0.9] = {
		-0.162915,
		0.300859,
		-0.93965,
		0,
		0.952898,
		-0.198956,
		-0.228914,
		0,
		-0.25582,
		-0.932684,
		-0.254275,
		0,
		0.44765,
		-0.967012,
		-1.153549,
		1,
	},
	{
		-0.150658,
		0.311774,
		-0.938136,
		0,
		0.942121,
		-0.242232,
		-0.2318,
		0,
		-0.299516,
		-0.91876,
		-0.257234,
		0,
		0.611454,
		-0.97366,
		-1.264768,
		1,
	},
}

return spline_matrices
