local spline_matrices = {
	[0] = {
		-0.716762,
		0.568909,
		-0.403231,
		0,
		0.402067,
		-0.135283,
		-0.905561,
		0,
		-0.569732,
		-0.811198,
		-0.131774,
		0,
		1.659556,
		-0.618239,
		-0.415401,
		1
	},
	{
		0.801078,
		0.525654,
		-0.286291,
		0,
		0.369487,
		-0.810562,
		-0.454388,
		0,
		-0.470907,
		0.258219,
		-0.843546,
		0,
		-0.44437,
		0.114223,
		-1.366817,
		1
	},
	[0.0333333333333] = {
		-0.66492,
		0.555714,
		-0.499062,
		0,
		0.555331,
		-0.079008,
		-0.827868,
		0,
		-0.499488,
		-0.827611,
		-0.256071,
		0,
		1.641321,
		-0.634685,
		-0.402855,
		1
	},
	[0.0666666666667] = {
		-0.576995,
		0.555678,
		-0.598581,
		0,
		0.712599,
		-0.015617,
		-0.701398,
		0,
		-0.399099,
		-0.831251,
		-0.386965,
		0,
		1.58176,
		-0.674284,
		-0.365227,
		1
	},
	[0.133333333333] = {
		-0.369012,
		0.564365,
		-0.738459,
		0,
		0.918504,
		0.099997,
		-0.382559,
		0,
		-0.142059,
		-0.819447,
		-0.555271,
		0,
		1.408052,
		-0.740284,
		-0.246062,
		1
	},
	[0.166666666667] = {
		-0.307325,
		0.55195,
		-0.775179,
		0,
		0.951144,
		0.152819,
		-0.268276,
		0,
		-0.029613,
		-0.819755,
		-0.571949,
		0,
		1.32888,
		-0.724613,
		-0.181645,
		1
	},
	[0.1] = {
		-0.469327,
		0.561881,
		-0.681191,
		0,
		0.83964,
		0.045137,
		-0.541265,
		0,
		-0.27338,
		-0.825985,
		-0.492962,
		0,
		1.498247,
		-0.716464,
		-0.310226,
		1
	},
	[0.233333333333] = {
		-0.452396,
		0.490004,
		-0.74514,
		0,
		0.891612,
		0.266429,
		-0.36612,
		0,
		0.019127,
		-0.830007,
		-0.557425,
		0,
		1.347266,
		-0.421378,
		-0.136081,
		1
	},
	[0.266666666667] = {
		-0.443431,
		0.517498,
		-0.731823,
		0,
		0.894804,
		0.208302,
		-0.394888,
		0,
		-0.051914,
		-0.829943,
		-0.555427,
		0,
		1.390248,
		-0.174321,
		-0.149688,
		1
	},
	[0.2] = {
		-0.324485,
		0.521905,
		-0.788875,
		0,
		0.945261,
		0.20935,
		-0.250309,
		0,
		0.034513,
		-0.826915,
		-0.561267,
		0,
		1.292259,
		-0.635575,
		-0.133874,
		1
	},
	[0.333333333333] = {
		-0.355664,
		-0.147934,
		-0.922832,
		0,
		0.856269,
		0.344152,
		-0.385179,
		0,
		0.374575,
		-0.927187,
		0.004269,
		0,
		1.349848,
		0.285892,
		-0.139998,
		1
	},
	[0.366666666667] = {
		-0.302711,
		-0.422221,
		-0.854456,
		0,
		0.641851,
		0.572427,
		-0.51025,
		0,
		0.704552,
		-0.702892,
		0.097723,
		0,
		1.324387,
		0.554666,
		-0.17471,
		1
	},
	[0.3] = {
		-0.409357,
		0.322057,
		-0.853643,
		0,
		0.911322,
		0.189259,
		-0.365614,
		0,
		0.043811,
		-0.92761,
		-0.370972,
		0,
		1.382103,
		0.045434,
		-0.131518,
		1
	},
	[0.433333333333] = {
		0.508213,
		-0.694271,
		-0.509615,
		0,
		-0.228434,
		0.461868,
		-0.857027,
		0,
		0.830384,
		0.551966,
		0.076132,
		0,
		0.817263,
		1.500682,
		-0.202501,
		1
	},
	[0.466666666667] = {
		0.845986,
		-0.071324,
		-0.528413,
		0,
		-0.503567,
		0.218924,
		-0.835759,
		0,
		0.175291,
		0.973132,
		0.14929,
		0,
		-0.049312,
		1.468109,
		-0.176455,
		1
	},
	[0.4] = {
		-0.121851,
		-0.72141,
		-0.681704,
		0,
		0.224997,
		0.648866,
		-0.726876,
		0,
		0.96671,
		-0.241952,
		0.08325,
		0,
		1.30145,
		1.017651,
		-0.177267,
		1
	},
	[0.533333333333] = {
		0.568207,
		0.55861,
		-0.604231,
		0,
		-0.488538,
		-0.361874,
		-0.793963,
		0,
		-0.662172,
		0.746325,
		0.067283,
		0,
		-1.183295,
		0.28127,
		-0.312245,
		1
	},
	[0.566666666667] = {
		0.429272,
		0.617355,
		-0.659241,
		0,
		-0.366394,
		-0.548121,
		-0.751877,
		0,
		-0.825519,
		0.564302,
		-0.009098,
		0,
		-1.206124,
		0.199167,
		-0.435189,
		1
	},
	[0.5] = {
		0.782999,
		0.517755,
		-0.344737,
		0,
		-0.338095,
		-0.110951,
		-0.934549,
		0,
		-0.522116,
		0.848304,
		0.088176,
		0,
		-0.922945,
		1.21178,
		-0.210723,
		1
	},
	[0.633333333333] = {
		-0.046989,
		0.491019,
		-0.86988,
		0,
		-0.13831,
		-0.865652,
		-0.481162,
		0,
		-0.989274,
		0.097704,
		0.108588,
		0,
		-1.133219,
		-0.009412,
		-0.546583,
		1
	},
	[0.666666666667] = {
		-0.120598,
		0.384442,
		-0.915238,
		0,
		0.003055,
		-0.921819,
		-0.387609,
		0,
		-0.992697,
		-0.049541,
		0.109995,
		0,
		-1.086155,
		-0.057494,
		-0.641132,
		1
	},
	[0.6] = {
		0.19765,
		0.60119,
		-0.774277,
		0,
		-0.271356,
		-0.725438,
		-0.632539,
		0,
		-0.941966,
		0.335126,
		0.019754,
		0,
		-1.183186,
		0.094263,
		-0.495921,
		1
	},
	[0.733333333333] = {
		0.337157,
		0.46629,
		-0.817862,
		0,
		0.185112,
		-0.884603,
		-0.428031,
		0,
		-0.92307,
		-0.007083,
		-0.384566,
		0,
		-0.773633,
		-0.004531,
		-1.03638,
		1
	},
	[0.766666666667] = {
		0.62312,
		0.529955,
		-0.575212,
		0,
		0.284789,
		-0.838697,
		-0.464201,
		0,
		-0.728434,
		0.125439,
		-0.673534,
		0,
		-0.562581,
		0.057158,
		-1.24618,
		1
	},
	[0.7] = {
		0.04177,
		0.387356,
		-0.920984,
		0,
		0.101612,
		-0.918656,
		-0.381768,
		0,
		-0.993947,
		-0.077637,
		-0.077732,
		0,
		-0.97314,
		-0.044943,
		-0.816182,
		1
	},
	[0.833333333333] = {
		0.793469,
		0.536133,
		-0.288042,
		0,
		0.381197,
		-0.806742,
		-0.451504,
		0,
		-0.474442,
		0.248454,
		-0.844497,
		0,
		-0.445656,
		0.102892,
		-1.367072,
		1
	},
	[0.866666666667] = {
		0.79589,
		0.532835,
		-0.28748,
		0,
		0.377507,
		-0.807968,
		-0.452412,
		0,
		-0.473336,
		0.251544,
		-0.844203,
		0,
		-0.44526,
		0.10647,
		-1.366994,
		1
	},
	[0.8] = {
		0.790839,
		0.539676,
		-0.288657,
		0,
		0.385169,
		-0.8054,
		-0.450529,
		0,
		-0.475624,
		0.245114,
		-0.844808,
		0,
		-0.446074,
		0.099036,
		-1.367154,
		1
	},
	[0.933333333333] = {
		0.799621,
		0.527686,
		-0.286623,
		0,
		0.371755,
		-0.809838,
		-0.453829,
		0,
		-0.471597,
		0.256338,
		-0.843734,
		0,
		-0.444626,
		0.112034,
		-1.366869,
		1
	},
	[0.966666666667] = {
		0.800694,
		0.526192,
		-0.286378,
		0,
		0.370087,
		-0.810371,
		-0.45424,
		0,
		-0.47109,
		0.257722,
		-0.843596,
		0,
		-0.444438,
		0.113645,
		-1.366831,
		1
	},
	[0.9] = {
		0.797981,
		0.529961,
		-0.286999,
		0,
		0.374294,
		-0.809019,
		-0.453203,
		0,
		-0.472367,
		0.254225,
		-0.843942,
		0,
		-0.444908,
		0.10958,
		-1.366925,
		1
	}
}

return spline_matrices
