local spline_matrices = {
	[0] = {
		0.185413,
		0.411192,
		0.892493,
		0,
		0.982476,
		-0.059936,
		-0.176492,
		0,
		-0.01908,
		0.909576,
		-0.415099,
		0,
		0.636065,
		1.025241,
		-1.408703,
		1
	},
	{
		0.20413,
		0.119735,
		0.971594,
		0,
		0.97846,
		0.00625,
		-0.206343,
		0,
		-0.030778,
		0.992786,
		-0.11588,
		0,
		0.086205,
		-0.344943,
		-1.147004,
		1
	},
	[0.0333333333333] = {
		0.204121,
		0.746404,
		0.633416,
		0,
		0.974734,
		-0.095008,
		-0.202156,
		0,
		-0.09071,
		0.658677,
		-0.746938,
		0,
		0.699892,
		0.525113,
		-1.469642,
		1
	},
	[0.0666666666667] = {
		0.317684,
		0.359392,
		0.877448,
		0,
		0.921396,
		-0.335466,
		-0.196192,
		0,
		0.223844,
		0.870804,
		-0.437715,
		0,
		1.031943,
		0.631636,
		-1.423286,
		1
	},
	[0.133333333333] = {
		0.025861,
		-0.463649,
		0.885641,
		0,
		0.758034,
		-0.568465,
		-0.319737,
		0,
		0.651702,
		0.679615,
		0.336761,
		0,
		1.607723,
		0.770862,
		-1.066748,
		1
	},
	[0.166666666667] = {
		-0.15223,
		-0.711046,
		0.686469,
		0,
		0.695639,
		-0.570472,
		-0.436633,
		0,
		0.702078,
		0.411066,
		0.581474,
		0,
		1.659197,
		0.800823,
		-0.828736,
		1
	},
	[0.1] = {
		0.219674,
		-0.095291,
		0.970908,
		0,
		0.831449,
		-0.502318,
		-0.237421,
		0,
		0.510329,
		0.859416,
		-0.031117,
		0,
		1.4028,
		0.717024,
		-1.266022,
		1
	},
	[0.233333333333] = {
		-0.487093,
		-0.863096,
		0.133437,
		0,
		0.537014,
		-0.416483,
		-0.733593,
		0,
		0.688735,
		-0.28567,
		0.66636,
		0,
		1.698379,
		0.802168,
		-0.226725,
		1
	},
	[0.266666666667] = {
		-0.613386,
		-0.782712,
		-0.105452,
		0,
		0.46625,
		-0.251101,
		-0.848268,
		0,
		0.63747,
		-0.569483,
		0.518961,
		0,
		1.675165,
		0.790017,
		0.03844,
		1
	},
	[0.2] = {
		-0.324681,
		-0.845901,
		0.423124,
		0,
		0.618194,
		-0.528372,
		-0.581945,
		0,
		0.715834,
		0.072626,
		0.694483,
		0,
		1.691582,
		0.810493,
		-0.533281,
		1
	},
	[0.333333333333] = {
		-0.719476,
		-0.626521,
		-0.299711,
		0,
		0.381685,
		0.003839,
		-0.924284,
		0,
		0.580234,
		-0.779395,
		0.236372,
		0,
		1.563081,
		0.799935,
		0.294421,
		1
	},
	[0.366666666667] = {
		-0.590669,
		-0.782374,
		-0.197489,
		0,
		0.37874,
		-0.052698,
		-0.924002,
		0,
		0.712507,
		-0.620576,
		0.327443,
		0,
		1.434234,
		0.934,
		0.297934,
		1
	},
	[0.3] = {
		-0.690335,
		-0.679549,
		-0.248297,
		0,
		0.414555,
		-0.090265,
		-0.905536,
		0,
		0.592944,
		-0.728056,
		0.344024,
		0,
		1.626963,
		0.788646,
		0.222775,
		1
	},
	[0.433333333333] = {
		0.005152,
		-0.947493,
		0.319734,
		0,
		0.533696,
		-0.267788,
		-0.802159,
		0,
		0.845661,
		0.174773,
		0.504293,
		0,
		1.006876,
		1.450096,
		0.238172,
		1
	},
	[0.466666666667] = {
		0.24571,
		-0.832921,
		0.495852,
		0,
		0.637918,
		-0.24621,
		-0.729686,
		0,
		0.729854,
		0.495604,
		0.470839,
		0,
		0.747142,
		1.638929,
		0.189324,
		1
	},
	[0.4] = {
		-0.266464,
		-0.960253,
		0.083134,
		0,
		0.441882,
		-0.198361,
		-0.874868,
		0,
		0.856585,
		-0.196385,
		0.477174,
		0,
		1.220124,
		1.207352,
		0.27498,
		1
	},
	[0.533333333333] = {
		0.631787,
		-0.091547,
		0.769717,
		0,
		0.774799,
		0.104122,
		-0.623575,
		0,
		-0.023058,
		0.990342,
		0.136713,
		0,
		-0.162804,
		1.801759,
		-0.249978,
		1
	},
	[0.566666666667] = {
		0.36679,
		0.112638,
		0.92346,
		0,
		0.878218,
		0.285562,
		-0.383651,
		0,
		-0.306918,
		0.951718,
		0.005821,
		0,
		-0.410485,
		1.68436,
		-0.425569,
		1
	},
	[0.5] = {
		0.47216,
		-0.449659,
		0.758203,
		0,
		0.825735,
		-0.075488,
		-0.558984,
		0,
		0.308587,
		0.890005,
		0.335657,
		0,
		0.20969,
		1.795359,
		-0.071573,
		1
	},
	[0.633333333333] = {
		-0.525114,
		0.820443,
		0.226117,
		0,
		0.12638,
		0.337929,
		-0.932648,
		0,
		-0.841596,
		-0.46117,
		-0.281139,
		0,
		-0.864255,
		0.606416,
		-0.69458,
		1
	},
	[0.666666666667] = {
		-0.586382,
		0.793463,
		0.163014,
		0,
		0.002124,
		0.202749,
		-0.979228,
		0,
		-0.810032,
		-0.573855,
		-0.120573,
		0,
		-0.672362,
		0.162093,
		-0.962378,
		1
	},
	[0.6] = {
		0.500304,
		0.506465,
		0.702274,
		0,
		0.675645,
		0.27887,
		-0.682449,
		0,
		-0.541479,
		0.81592,
		-0.202671,
		0,
		-0.722875,
		1.334429,
		-0.661831,
		1
	},
	[0.733333333333] = {
		-0.205243,
		0.928537,
		0.309345,
		0,
		0.196098,
		0.34868,
		-0.916498,
		0,
		-0.958864,
		-0.127443,
		-0.253648,
		0,
		-0.27377,
		-0.054536,
		-1.345071,
		1
	},
	[0.766666666667] = {
		-0.041195,
		0.877286,
		0.478197,
		0,
		0.516201,
		0.428468,
		-0.741587,
		0,
		-0.855476,
		0.216296,
		-0.470507,
		0,
		-0.058322,
		-0.000965,
		-1.480584,
		1
	},
	[0.7] = {
		-0.365375,
		0.904159,
		0.221351,
		0,
		0.011474,
		0.242149,
		-0.970171,
		0,
		-0.93079,
		-0.351937,
		-0.098849,
		0,
		-0.464516,
		-0.065774,
		-1.231411,
		1
	},
	[0.833333333333] = {
		0.064866,
		0.530668,
		0.845094,
		0,
		0.974024,
		0.150453,
		-0.169238,
		0,
		-0.216956,
		0.83412,
		-0.507124,
		0,
		0.239073,
		0.067842,
		-1.592639,
		1
	},
	[0.866666666667] = {
		0.093121,
		0.456775,
		0.884695,
		0,
		0.98248,
		0.101916,
		-0.156034,
		0,
		-0.161437,
		0.883725,
		-0.439282,
		0,
		0.206426,
		-0.019657,
		-1.507468,
		1
	},
	[0.8] = {
		0.051922,
		0.734681,
		0.676423,
		0,
		0.816922,
		0.358345,
		-0.451915,
		0,
		-0.574406,
		0.576049,
		-0.581571,
		0,
		0.141328,
		0.064193,
		-1.596344,
		1
	},
	[0.933333333333] = {
		0.15967,
		0.270874,
		0.94928,
		0,
		0.985479,
		0.012538,
		-0.169336,
		0,
		-0.057771,
		0.962533,
		-0.264939,
		0,
		0.127647,
		-0.231803,
		-1.27284,
		1
	},
	[0.966666666667] = {
		0.187113,
		0.183579,
		0.965032,
		0,
		0.981893,
		-0.005375,
		-0.18936,
		0,
		-0.029576,
		0.98299,
		-0.18126,
		0,
		0.097959,
		-0.312806,
		-1.182743,
		1
	},
	[0.9] = {
		0.126692,
		0.366641,
		0.921696,
		0,
		0.986362,
		0.051858,
		-0.156209,
		0,
		-0.10507,
		0.928916,
		-0.355071,
		0,
		0.166672,
		-0.126399,
		-1.39068,
		1
	}
}

return spline_matrices
