-- chunkname: @content/characters/player/ogryn/first_person/animations/power_maul/swing_down_right.lua

local spline_matrices = {
	[0.0333333333333] = {
		0.26564,
		0.108195,
		0.957982,
		0,
		0.463833,
		-0.88546,
		-0.028612,
		0,
		0.845159,
		0.451944,
		-0.285398,
		0,
		1.414054,
		-0.252502,
		-0.495558,
		1,
	},
	[0.0666666666667] = {
		0.432863,
		-0.477029,
		0.7649,
		0,
		0.360765,
		-0.68593,
		-0.63194,
		0,
		0.826122,
		0.549493,
		-0.124819,
		0,
		1.334843,
		-0.164535,
		-0.326339,
		1,
	},
	[0] = {
		-0.036692,
		0.590451,
		0.806239,
		0,
		0.950642,
		-0.228124,
		0.210331,
		0,
		0.308113,
		0.774162,
		-0.552937,
		0,
		0.625285,
		-0.403824,
		-0.514006,
		1,
	},
	[0.133333333333] = {
		0.446501,
		-0.821917,
		-0.35368,
		0,
		0.743552,
		0.560707,
		-0.364332,
		0,
		0.497762,
		-0.100305,
		0.861494,
		0,
		0.928205,
		-0.235294,
		0.134915,
		1,
	},
	[0.166666666667] = {
		0.340505,
		-0.441397,
		-0.830196,
		0,
		0.892415,
		0.429743,
		0.137539,
		0,
		0.296061,
		-0.787712,
		0.540239,
		0,
		0.743321,
		-0.296515,
		0.281749,
		1,
	},
	[0.1] = {
		0.498554,
		-0.829071,
		0.253151,
		0,
		0.504126,
		0.039727,
		-0.862716,
		0,
		0.705196,
		0.55773,
		0.437762,
		0,
		1.148788,
		-0.1608,
		-0.076076,
		1,
	},
	[0.233333333333] = {
		0.152749,
		0.672081,
		-0.724552,
		0,
		0.958183,
		0.078796,
		0.275093,
		0,
		0.241977,
		-0.736273,
		-0.63194,
		0,
		0.50915,
		-0.329544,
		0.486741,
		1,
	},
	[0.266666666667] = {
		0.214601,
		0.873687,
		-0.436598,
		0,
		0.958549,
		-0.102617,
		0.265806,
		0,
		0.187428,
		-0.475543,
		-0.859494,
		0,
		0.448541,
		-0.267116,
		0.579756,
		1,
	},
	[0.2] = {
		0.212083,
		0.17604,
		-0.961265,
		0,
		0.943725,
		0.218544,
		0.248236,
		0,
		0.253778,
		-0.959817,
		-0.119784,
		0,
		0.602848,
		-0.337139,
		0.399019,
		1,
	},
	[0.333333333333] = {
		0.329581,
		0.908879,
		-0.25557,
		0,
		0.943756,
		-0.309563,
		0.116165,
		0,
		0.026465,
		-0.279481,
		-0.959786,
		0,
		0.279088,
		-0.129245,
		0.783739,
		1,
	},
	[0.366666666667] = {
		0.287181,
		0.862805,
		-0.416046,
		0,
		0.953177,
		-0.30038,
		0.035008,
		0,
		-0.094767,
		-0.40662,
		-0.908669,
		0,
		0.143956,
		0.006178,
		0.873317,
		1,
	},
	[0.3] = {
		0.291901,
		0.918397,
		-0.267098,
		0,
		0.948978,
		-0.243263,
		0.200661,
		0,
		0.119312,
		-0.312043,
		-0.942547,
		0,
		0.370791,
		-0.192624,
		0.682539,
		1,
	},
	[0.433333333333] = {
		-0.04013,
		0.202165,
		-0.978529,
		0,
		0.963358,
		-0.252095,
		-0.091591,
		0,
		-0.265199,
		-0.946349,
		-0.184641,
		0,
		-0.220385,
		0.519641,
		0.965267,
		1,
	},
	[0.466666666667] = {
		-0.299837,
		-0.727084,
		-0.617614,
		0,
		0.867351,
		-0.477344,
		0.140872,
		0,
		-0.39724,
		-0.493449,
		0.773762,
		0,
		-0.153338,
		0.975034,
		0.779076,
		1,
	},
	[0.4] = {
		0.152861,
		0.674654,
		-0.722132,
		0,
		0.962605,
		-0.267025,
		-0.045705,
		0,
		-0.223662,
		-0.688142,
		-0.690243,
		0,
		-0.044758,
		0.250571,
		0.947038,
		1,
	},
	[0.533333333333] = {
		-0.403423,
		-0.246081,
		0.881302,
		0,
		0.877667,
		0.168293,
		0.448751,
		0,
		-0.258746,
		0.954527,
		0.148084,
		0,
		0.203842,
		1.488585,
		-0.544532,
		1,
	},
	[0.566666666667] = {
		-0.370518,
		0.783957,
		0.498124,
		0,
		0.859904,
		0.492253,
		-0.135097,
		0,
		-0.351114,
		0.378284,
		-0.856517,
		0,
		0.132915,
		0.665527,
		-1.227139,
		1,
	},
	[0.5] = {
		-0.44986,
		-0.843017,
		0.294869,
		0,
		0.837781,
		-0.283939,
		0.466371,
		0,
		-0.309434,
		0.456838,
		0.833996,
		0,
		0.002437,
		1.331357,
		0.16306,
		1,
	},
	[0.633333333333] = {
		-0.28552,
		0.891021,
		0.352931,
		0,
		0.95417,
		0.22984,
		0.19166,
		0,
		0.089655,
		0.391479,
		-0.915809,
		0,
		0.203861,
		0.034816,
		-1.287666,
		1,
	},
	[0.666666666667] = {
		-0.127664,
		0.804543,
		0.58001,
		0,
		0.926386,
		-0.112161,
		0.359483,
		0,
		0.354274,
		0.583207,
		-0.730999,
		0,
		0.436235,
		-0.10531,
		-1.282864,
		1,
	},
	[0.6] = {
		-0.341193,
		0.926262,
		0.160084,
		0,
		0.91431,
		0.36656,
		-0.172254,
		0,
		-0.218232,
		0.087594,
		-0.971958,
		0,
		-0.011798,
		0.195734,
		-1.316459,
		1,
	},
	[0.733333333333] = {
		-0.00306,
		0.628551,
		0.777762,
		0,
		0.722363,
		-0.536444,
		0.436371,
		0,
		0.691507,
		0.563162,
		-0.452401,
		0,
		0.764263,
		-0.219662,
		-1.368262,
		1,
	},
	[0.766666666667] = {
		-0.059191,
		0.502733,
		0.862413,
		0,
		0.525989,
		-0.718561,
		0.454978,
		0,
		0.848429,
		0.48055,
		-0.2219,
		0,
		0.973036,
		-0.247429,
		-1.361217,
		1,
	},
	[0.7] = {
		-0.007424,
		0.726532,
		0.687093,
		0,
		0.853666,
		-0.353231,
		0.38273,
		0,
		0.520768,
		0.589389,
		-0.617593,
		0,
		0.59055,
		-0.199436,
		-1.348506,
		1,
	},
	[0.833333333333] = {
		-0.225092,
		0.349688,
		0.909424,
		0,
		0.244607,
		-0.883204,
		0.400149,
		0,
		0.943134,
		0.312521,
		0.113266,
		0,
		1.169485,
		-0.387326,
		-1.199881,
		1,
	},
	[0.866666666667] = {
		-0.183749,
		0.422414,
		0.887582,
		0,
		0.489984,
		-0.743418,
		0.455241,
		0,
		0.852145,
		0.518552,
		-0.070374,
		0,
		1.068259,
		-0.514248,
		-1.048845,
		1,
	},
	[0.8] = {
		-0.152384,
		0.402814,
		0.902508,
		0,
		0.341628,
		-0.835414,
		0.430551,
		0,
		0.927399,
		0.373931,
		-0.010309,
		0,
		1.135852,
		-0.296334,
		-1.321776,
		1,
	},
	[0.933333333333] = {
		-0.176201,
		0.554076,
		0.813605,
		0,
		0.859092,
		-0.316933,
		0.401888,
		0,
		0.480535,
		0.769775,
		-0.420159,
		0,
		0.889072,
		-0.793007,
		-0.693293,
		1,
	},
	[0.966666666667] = {
		-0.210076,
		0.586529,
		0.78221,
		0,
		0.938505,
		-0.103245,
		0.329468,
		0,
		0.274001,
		0.803321,
		-0.528771,
		0,
		0.834053,
		-0.897331,
		-0.558813,
		1,
	},
	[0.9] = {
		-0.165463,
		0.495551,
		0.852673,
		0,
		0.707227,
		-0.542961,
		0.452795,
		0,
		0.687351,
		0.677954,
		-0.260627,
		0,
		0.970363,
		-0.656936,
		-0.868911,
		1,
	},
	{
		-0.256155,
		0.588992,
		0.766468,
		0,
		0.961689,
		0.075163,
		0.263639,
		0,
		0.097671,
		0.804636,
		-0.58568,
		0,
		0.811095,
		-0.945936,
		-0.503377,
		1,
	},
}

return spline_matrices
