local spline_matrices = {
	[0] = {
		0.226658,
		0.66413,
		0.712431,
		0,
		0.934535,
		-0.354338,
		0.032995,
		0,
		0.274354,
		0.658313,
		-0.700966,
		0,
		0.57989,
		-0.078797,
		-1.250455,
		1
	},
	[0.0166666666667] = {
		-0.308464,
		0.43531,
		0.845787,
		0,
		0.936594,
		-0.016414,
		0.350031,
		0,
		0.166255,
		0.900131,
		-0.402646,
		0,
		0.704017,
		-0.101981,
		-1.235857,
		1
	},
	[0.0333333333333] = {
		-0.45174,
		0.221982,
		0.864092,
		0,
		0.89116,
		0.066659,
		0.448766,
		0,
		0.042019,
		0.97277,
		-0.227934,
		0,
		0.793888,
		-0.123236,
		-1.22685,
		1
	},
	[0.05] = {
		-0.48077,
		0.053575,
		0.875208,
		0,
		0.876092,
		0.070741,
		0.476925,
		0,
		-0.036362,
		0.996055,
		-0.080947,
		0,
		0.87524,
		-0.134586,
		-1.219179,
		1
	},
	[0.0666666666667] = {
		-0.472713,
		-0.089617,
		0.876648,
		0,
		0.87874,
		0.026595,
		0.476559,
		0,
		-0.066022,
		0.995621,
		0.066178,
		0,
		0.95302,
		-0.134065,
		-1.207358,
		1
	},
	[0.0833333333333] = {
		-0.462555,
		-0.218256,
		0.859306,
		0,
		0.885535,
		-0.066458,
		0.459794,
		0,
		-0.043245,
		0.973626,
		0.224014,
		0,
		1.029275,
		-0.123027,
		-1.187005,
		1
	},
	[0.116666666667] = {
		-0.539148,
		-0.366736,
		0.758172,
		0,
		0.820141,
		-0.43335,
		0.373599,
		0,
		0.191541,
		0.823233,
		0.534415,
		0,
		1.187616,
		-0.090279,
		-1.116639,
		1
	},
	[0.133333333333] = {
		-0.608596,
		-0.329277,
		0.721933,
		0,
		0.693877,
		-0.662188,
		0.282917,
		0,
		0.384897,
		0.673115,
		0.631483,
		0,
		1.264189,
		-0.084081,
		-1.073987,
		1
	},
	[0.15] = {
		-0.649566,
		-0.342094,
		0.678996,
		0,
		0.588372,
		-0.791796,
		0.163944,
		0,
		0.481542,
		0.505995,
		0.715602,
		0,
		1.302959,
		-0.079534,
		-1.017461,
		1
	},
	[0.166666666667] = {
		-0.658864,
		-0.432353,
		0.615605,
		0,
		0.534857,
		-0.844686,
		-0.0208,
		0,
		0.528986,
		0.315556,
		0.78778,
		0,
		1.303251,
		-0.068666,
		-0.937871,
		1
	},
	[0.183333333333] = {
		-0.651389,
		-0.573465,
		0.49682,
		0,
		0.46103,
		-0.819201,
		-0.341116,
		0,
		0.602614,
		0.00685,
		0.798003,
		0,
		1.283957,
		-0.064323,
		-0.835936,
		1
	},
	[0.1] = {
		-0.475517,
		-0.335665,
		0.81315,
		0,
		0.879117,
		-0.215169,
		0.425272,
		0,
		0.032216,
		0.917078,
		0.397405,
		0,
		1.104922,
		-0.105782,
		-1.15402,
		1
	},
	[0.216666666667] = {
		-0.664404,
		-0.746669,
		0.032445,
		0,
		0.249128,
		-0.262192,
		-0.932304,
		0,
		0.704629,
		-0.611344,
		0.360217,
		0,
		1.213492,
		-0.055284,
		-0.645125,
		1
	},
	[0.233333333333] = {
		-0.687634,
		-0.701843,
		-0.185945,
		0,
		0.179845,
		0.083474,
		-0.980147,
		0,
		0.703431,
		-0.707423,
		0.068823,
		0,
		1.175483,
		-0.01425,
		-0.555788,
		1
	},
	[0.25] = {
		-0.700251,
		-0.633517,
		-0.329096,
		0,
		0.166514,
		0.30333,
		-0.938224,
		0,
		0.694206,
		-0.711792,
		-0.106918,
		0,
		1.151665,
		0.052213,
		-0.44732,
		1
	},
	[0.266666666667] = {
		-0.688625,
		-0.593674,
		-0.416349,
		0,
		0.218279,
		0.377832,
		-0.899776,
		0,
		0.691484,
		-0.710488,
		-0.130599,
		0,
		1.138274,
		0.130649,
		-0.310774,
		1
	},
	[0.283333333333] = {
		-0.646079,
		-0.59308,
		-0.480456,
		0,
		0.330667,
		0.349846,
		-0.876509,
		0,
		0.687925,
		-0.725165,
		-0.029917,
		0,
		1.12129,
		0.212426,
		-0.151513,
		1
	},
	[0.2] = {
		-0.648884,
		-0.703777,
		0.289219,
		0,
		0.35714,
		-0.617343,
		-0.700955,
		0,
		0.671864,
		-0.351547,
		0.651931,
		0,
		1.252449,
		-0.066282,
		-0.734107,
		1
	},
	[0.316666666667] = {
		-0.52279,
		-0.65582,
		-0.544602,
		0,
		0.546738,
		0.232201,
		-0.804462,
		0,
		0.654039,
		-0.71832,
		0.237169,
		0,
		1.083822,
		0.373112,
		0.163917,
		1
	},
	[0.333333333333] = {
		-0.47027,
		-0.685468,
		-0.55586,
		0,
		0.590442,
		0.223748,
		-0.775445,
		0,
		0.655915,
		-0.692872,
		0.299507,
		0,
		1.072869,
		0.453839,
		0.294674,
		1
	},
	[0.35] = {
		-0.419998,
		-0.71731,
		-0.555939,
		0,
		0.615633,
		0.224889,
		-0.755262,
		0,
		0.666781,
		-0.659463,
		0.347147,
		0,
		1.064128,
		0.547546,
		0.405157,
		1
	},
	[0.366666666667] = {
		-0.365833,
		-0.754703,
		-0.544601,
		0,
		0.62825,
		0.231463,
		-0.742783,
		0,
		0.686635,
		-0.61388,
		0.389465,
		0,
		1.05651,
		0.650376,
		0.491474,
		1
	},
	[0.383333333333] = {
		-0.304396,
		-0.794372,
		-0.525658,
		0,
		0.635811,
		0.241475,
		-0.733099,
		0,
		0.709286,
		-0.557371,
		0.431567,
		0,
		1.047972,
		0.756884,
		0.549115,
		1
	},
	[0.3] = {
		-0.58467,
		-0.620692,
		-0.522401,
		0,
		0.457041,
		0.280015,
		-0.844219,
		0,
		0.67028,
		-0.732348,
		0.119965,
		0,
		1.101091,
		0.294974,
		0.012609,
		1
	},
	[0.416666666667] = {
		-0.137006,
		-0.875679,
		-0.46305,
		0,
		0.651983,
		0.27221,
		-0.707686,
		0,
		0.745753,
		-0.398858,
		0.533633,
		0,
		1.001638,
		0.978517,
		0.530714,
		1
	},
	[0.433333333333] = {
		0.052952,
		-0.950239,
		-0.30699,
		0,
		0.640807,
		0.268111,
		-0.719363,
		0,
		0.765874,
		-0.158629,
		0.623117,
		0,
		0.878242,
		1.088365,
		0.432863,
		1
	},
	[0.45] = {
		0.29917,
		-0.95223,
		-0.061276,
		0,
		0.624395,
		0.243922,
		-0.742046,
		0,
		0.721545,
		0.183737,
		0.667542,
		0,
		0.68763,
		1.213753,
		0.314366,
		1
	},
	[0.466666666667] = {
		0.532736,
		-0.81901,
		0.21311,
		0,
		0.61819,
		0.204634,
		-0.758924,
		0,
		0.577956,
		0.536049,
		0.61532,
		0,
		0.454442,
		1.324285,
		0.175701,
		1
	},
	[0.483333333333] = {
		0.682987,
		-0.587039,
		0.434643,
		0,
		0.629035,
		0.170251,
		-0.758504,
		0,
		0.371273,
		0.791455,
		0.485547,
		0,
		0.216006,
		1.393205,
		0.030659,
		1
	},
	[0.4] = {
		-0.232878,
		-0.833089,
		-0.501728,
		0,
		0.645278,
		0.253616,
		-0.720621,
		0,
		0.727588,
		-0.491571,
		0.478512,
		0,
		1.036499,
		0.861239,
		0.573344,
		1
	},
	[0.516666666667] = {
		0.722109,
		-0.196156,
		0.663387,
		0,
		0.691384,
		0.172213,
		-0.701663,
		0,
		0.023391,
		0.965332,
		0.259975,
		0,
		-0.117473,
		1.389575,
		-0.20732,
		1
	},
	[0.533333333333] = {
		0.674442,
		-0.062781,
		0.735654,
		0,
		0.729049,
		0.214093,
		-0.650116,
		0,
		-0.116684,
		0.974794,
		0.190164,
		0,
		-0.235973,
		1.341579,
		-0.299566,
		1
	},
	[0.55] = {
		0.627729,
		0.076647,
		0.774649,
		0,
		0.736316,
		0.264427,
		-0.62283,
		0,
		-0.252576,
		0.961355,
		0.109552,
		0,
		-0.360538,
		1.272361,
		-0.405338,
		1
	},
	[0.566666666667] = {
		0.596433,
		0.245311,
		0.764258,
		0,
		0.6998,
		0.307421,
		-0.644805,
		0,
		-0.393126,
		0.91941,
		0.011688,
		0,
		-0.519341,
		1.180993,
		-0.535886,
		1
	},
	[0.583333333333] = {
		0.561356,
		0.41847,
		0.713976,
		0,
		0.638418,
		0.329993,
		-0.695361,
		0,
		-0.526595,
		0.846161,
		-0.081915,
		0,
		-0.683286,
		1.071731,
		-0.676579,
		1
	},
	[0.5] = {
		0.736505,
		-0.360607,
		0.572296,
		0,
		0.652605,
		0.156229,
		-0.741417,
		0,
		0.17795,
		0.919541,
		0.350398,
		0,
		0.02151,
		1.411546,
		-0.102089,
		1
	},
	[0.616666666667] = {
		0.456588,
		0.659413,
		0.597244,
		0,
		0.535366,
		0.332517,
		-0.776412,
		0,
		-0.71057,
		0.674245,
		-0.201204,
		0,
		-0.856575,
		0.836449,
		-0.929701,
		1
	},
	[0.633333333333] = {
		0.393423,
		0.713522,
		0.579746,
		0,
		0.511705,
		0.353945,
		-0.782867,
		0,
		-0.763791,
		0.604656,
		-0.225863,
		0,
		-0.796696,
		0.69776,
		-1.041596,
		1
	},
	[0.65] = {
		0.331204,
		0.742783,
		0.581874,
		0,
		0.492561,
		0.389879,
		-0.778061,
		0,
		-0.804791,
		0.544305,
		-0.236736,
		0,
		-0.640973,
		0.538575,
		-1.159002,
		1
	},
	[0.666666666667] = {
		0.276982,
		0.749976,
		0.60068,
		0,
		0.485453,
		0.430266,
		-0.761056,
		0,
		-0.829226,
		0.502401,
		-0.244902,
		0,
		-0.433184,
		0.388454,
		-1.270767,
		1
	},
	[0.683333333333] = {
		0.23777,
		0.737842,
		0.631708,
		0,
		0.500628,
		0.46423,
		-0.730658,
		0,
		-0.832368,
		0.48998,
		-0.259004,
		0,
		-0.216809,
		0.278203,
		-1.365424,
		1
	},
	[0.6] = {
		0.514724,
		0.562996,
		0.646602,
		0,
		0.576647,
		0.330772,
		-0.747039,
		0,
		-0.634458,
		0.75738,
		-0.154394,
		0,
		-0.805879,
		0.955634,
		-0.812036,
		1
	},
	[0.716666666667] = {
		0.232736,
		0.631019,
		0.740033,
		0,
		0.671508,
		0.446161,
		-0.591623,
		0,
		-0.703499,
		0.63463,
		-0.319896,
		0,
		0.202508,
		0.243388,
		-1.460762,
		1
	},
	[0.733333333333] = {
		0.226071,
		0.614409,
		0.755906,
		0,
		0.780286,
		0.350317,
		-0.518104,
		0,
		-0.583135,
		0.706951,
		-0.400218,
		0,
		0.282888,
		0.203723,
		-1.461351,
		1
	},
	[0.75] = {
		0.215839,
		0.618386,
		0.755653,
		0,
		0.875358,
		0.220341,
		-0.430346,
		0,
		-0.432622,
		0.754353,
		-0.493752,
		0,
		0.360148,
		0.151112,
		-1.445621,
		1
	},
	[0.766666666667] = {
		0.217763,
		0.628757,
		0.746488,
		0,
		0.94185,
		0.065178,
		-0.329652,
		0,
		-0.255925,
		0.774866,
		-0.578001,
		0,
		0.433469,
		0.092704,
		-1.417749,
		1
	},
	[0.783333333333] = {
		0.235062,
		0.629769,
		0.740362,
		0,
		0.969965,
		-0.102956,
		-0.220383,
		0,
		-0.062566,
		0.769929,
		-0.635055,
		0,
		0.49853,
		0.030893,
		-1.368988,
		1
	},
	[0.7] = {
		0.225593,
		0.694415,
		0.683298,
		0,
		0.559026,
		0.482147,
		-0.674555,
		0,
		-0.797871,
		0.534156,
		-0.279427,
		0,
		0.009811,
		0.244128,
		-1.431775,
		1
	},
	[0.816666666667] = {
		0.264314,
		0.59487,
		0.759123,
		0,
		0.910607,
		-0.413219,
		0.006752,
		0,
		0.3177,
		0.689478,
		-0.650912,
		0,
		0.581183,
		-0.077556,
		-1.219112,
		1
	},
	[0.833333333333] = {
		0.280824,
		0.559926,
		0.7795,
		0,
		0.898869,
		-0.438123,
		-0.009118,
		0,
		0.336412,
		0.703229,
		-0.626336,
		0,
		0.577,
		-0.112605,
		-1.128834,
		1
	},
	[0.85] = {
		0.29834,
		0.520349,
		0.800144,
		0,
		0.885182,
		-0.4644,
		-0.028039,
		0,
		0.356997,
		0.716638,
		-0.599152,
		0,
		0.57211,
		-0.153281,
		-1.026338,
		1
	},
	[0.866666666667] = {
		0.316027,
		0.477076,
		0.820077,
		0,
		0.869927,
		-0.490661,
		-0.049798,
		0,
		0.378622,
		0.729144,
		-0.570083,
		0,
		0.566771,
		-0.197634,
		-0.916909,
		1
	},
	[0.883333333333] = {
		0.333137,
		0.431226,
		0.838489,
		0,
		0.853615,
		-0.515626,
		-0.073965,
		0,
		0.400451,
		0.740387,
		-0.539875,
		0,
		0.561237,
		-0.243618,
		-0.805787,
		1
	},
	[0.8] = {
		0.253874,
		0.619482,
		0.742826,
		0,
		0.958102,
		-0.266361,
		-0.105315,
		0,
		0.132619,
		0.73844,
		-0.66115,
		0,
		0.549179,
		-0.030092,
		-1.298044,
		1
	},
	[0.916666666667] = {
		0.363153,
		0.337108,
		0.868607,
		0,
		0.820535,
		-0.557369,
		-0.126739,
		0,
		0.441409,
		0.758748,
		-0.479019,
		0,
		0.55063,
		-0.331745,
		-0.599101,
		1
	},
	[0.933333333333] = {
		0.375096,
		0.291793,
		0.879863,
		0,
		0.80541,
		-0.572497,
		-0.153496,
		0,
		0.45893,
		0.766227,
		-0.449755,
		0,
		0.546101,
		-0.369249,
		-0.513642,
		1
	},
	[0.95] = {
		0.384514,
		0.249713,
		0.888703,
		0,
		0.792463,
		-0.583048,
		-0.179045,
		0,
		0.473447,
		0.773109,
		-0.422079,
		0,
		0.542474,
		-0.399124,
		-0.446682,
		1
	},
	[0.966666666667] = {
		0.391124,
		0.212424,
		0.895488,
		0,
		0.782665,
		-0.588686,
		-0.2022,
		0,
		0.484209,
		0.779952,
		-0.396506,
		0,
		0.540057,
		-0.418829,
		-0.40303,
		1
	},
	[0.983333333333] = {
		0.394655,
		0.181433,
		0.900738,
		0,
		0.77697,
		-0.589191,
		-0.221747,
		0,
		0.490474,
		0.78736,
		-0.373495,
		0,
		0.539174,
		-0.425764,
		-0.387408,
		1
	},
	[0.9] = {
		0.349024,
		0.384094,
		0.854783,
		0,
		0.836894,
		-0.538172,
		-0.099894,
		0,
		0.421652,
		0.750228,
		-0.509281,
		0,
		0.555768,
		-0.289077,
		-0.698152,
		1
	}
}

return spline_matrices
