local spline_matrices = {
	[0] = {
		-0.036692,
		0.590451,
		0.806239,
		0,
		0.950642,
		-0.228124,
		0.210331,
		0,
		0.308113,
		0.774162,
		-0.552937,
		0,
		0.625286,
		-0.403824,
		-0.514011,
		1
	},
	{
		-0.43061,
		-0.107025,
		0.89617,
		0,
		0.902163,
		-0.079668,
		0.423975,
		0,
		0.02602,
		0.991059,
		0.13086,
		0,
		0.562975,
		0.210641,
		-1.003759,
		1
	},
	[0.0166666666667] = {
		0.069136,
		-0.990989,
		-0.114724,
		0,
		0.349669,
		-0.083632,
		0.933133,
		0,
		-0.934319,
		-0.104628,
		0.340736,
		0,
		0.800759,
		-0.143158,
		-0.39114,
		1
	},
	[0.0333333333333] = {
		0.072672,
		-0.990903,
		-0.113269,
		0,
		0.349967,
		-0.081012,
		0.933252,
		0,
		-0.933939,
		-0.107462,
		0.340896,
		0,
		0.800072,
		-0.140658,
		-0.394002,
		1
	},
	[0.05] = {
		0.074519,
		-0.99086,
		-0.112442,
		0,
		0.350125,
		-0.07958,
		0.933316,
		0,
		-0.933734,
		-0.108918,
		0.340995,
		0,
		0.796948,
		-0.138912,
		-0.397173,
		1
	},
	[0.0666666666667] = {
		0.078117,
		-0.990766,
		-0.110821,
		0,
		0.350427,
		-0.076779,
		0.933437,
		0,
		-0.933327,
		-0.111752,
		0.341194,
		0,
		0.792156,
		-0.135518,
		-0.400432,
		1
	},
	[0.0833333333333] = {
		0.081541,
		-0.990667,
		-0.109227,
		0,
		0.350713,
		-0.074062,
		0.93355,
		0,
		-0.932926,
		-0.11443,
		0.341401,
		0,
		0.785708,
		-0.131504,
		-0.403869,
		1
	},
	[0.116666666667] = {
		0.085952,
		-0.990538,
		-0.106991,
		0,
		0.35108,
		-0.070387,
		0.933696,
		0,
		-0.932392,
		-0.117815,
		0.341708,
		0,
		0.768741,
		-0.121915,
		-0.411267,
		1
	},
	[0.133333333333] = {
		0.086917,
		-0.990506,
		-0.106507,
		0,
		0.351159,
		-0.069587,
		0.933726,
		0,
		-0.932273,
		-0.118558,
		0.341777,
		0,
		0.758808,
		-0.115819,
		-0.415185,
		1
	},
	[0.15] = {
		0.08722,
		-0.990506,
		-0.106259,
		0,
		0.351198,
		-0.069244,
		0.933737,
		0,
		-0.93223,
		-0.118758,
		0.341824,
		0,
		0.748316,
		-0.10848,
		-0.419197,
		1
	},
	[0.166666666667] = {
		0.087362,
		-0.990503,
		-0.106169,
		0,
		0.351231,
		-0.069105,
		0.933735,
		0,
		-0.932204,
		-0.118863,
		0.341858,
		0,
		0.737617,
		-0.099314,
		-0.423265,
		1
	},
	[0.183333333333] = {
		0.087426,
		-0.990499,
		-0.106156,
		0,
		0.351241,
		-0.06907,
		0.933734,
		0,
		-0.932194,
		-0.118919,
		0.341865,
		0,
		0.72702,
		-0.088069,
		-0.427332,
		1
	},
	[0.1] = {
		0.084309,
		-0.990583,
		-0.107879,
		0,
		0.350943,
		-0.071808,
		0.933639,
		0,
		-0.932594,
		-0.116574,
		0.341584,
		0,
		0.777824,
		-0.126954,
		-0.407483,
		1
	},
	[0.216666666667] = {
		0.097977,
		-0.982546,
		-0.158125,
		0,
		0.338879,
		-0.116455,
		0.933595,
		0,
		-0.935715,
		-0.145056,
		0.321554,
		0,
		0.673157,
		-0.012502,
		-0.356361,
		1
	},
	[0.233333333333] = {
		0.10449,
		-0.973834,
		-0.201812,
		0,
		0.237195,
		-0.172665,
		0.955994,
		0,
		-0.965826,
		-0.147761,
		0.212947,
		0,
		0.602127,
		0.116783,
		-0.31663,
		1
	},
	[0.25] = {
		0.136288,
		-0.957818,
		-0.253002,
		0,
		0.098027,
		-0.241093,
		0.965539,
		0,
		-0.985807,
		-0.156392,
		0.061034,
		0,
		0.501533,
		0.306804,
		-0.267884,
		1
	},
	[0.266666666667] = {
		0.212915,
		-0.91851,
		-0.333176,
		0,
		0.195553,
		-0.294037,
		0.935576,
		0,
		-0.957302,
		-0.264351,
		0.117012,
		0,
		0.248905,
		0.740114,
		-0.147728,
		1
	},
	[0.283333333333] = {
		0.274309,
		-0.853831,
		-0.44241,
		0,
		0.202721,
		-0.398375,
		0.89454,
		0,
		-0.940031,
		-0.335066,
		0.063812,
		0,
		-0.006815,
		1.233418,
		-0.083208,
		1
	},
	[0.2] = {
		0.089455,
		-0.988041,
		-0.125586,
		0,
		0.109404,
		-0.115581,
		0.987255,
		0,
		-0.989964,
		-0.102055,
		0.097756,
		0,
		0.733902,
		-0.070937,
		-0.428,
		1
	},
	[0.316666666667] = {
		0.287637,
		-0.856299,
		-0.428972,
		0,
		0.213993,
		-0.379115,
		0.900266,
		0,
		-0.933527,
		-0.350747,
		0.074194,
		0,
		-0.017351,
		1.320737,
		-0.055506,
		1
	},
	[0.333333333333] = {
		0.28739,
		-0.857023,
		-0.427689,
		0,
		0.211899,
		-0.378573,
		0.900989,
		0,
		-0.93408,
		-0.349562,
		0.072804,
		0,
		-0.007958,
		1.414287,
		-0.054958,
		1
	},
	[0.35] = {
		0.287646,
		-0.858106,
		-0.42534,
		0,
		0.210764,
		-0.376507,
		0.90212,
		0,
		-0.934258,
		-0.349137,
		0.072557,
		0,
		-0.010123,
		1.407154,
		-0.054501,
		1
	},
	[0.366666666667] = {
		0.289991,
		-0.859429,
		-0.421055,
		0,
		0.209844,
		-0.372153,
		0.904139,
		0,
		-0.93374,
		-0.350548,
		0.072425,
		0,
		-0.014413,
		1.400442,
		-0.056013,
		1
	},
	[0.383333333333] = {
		0.291197,
		-0.861355,
		-0.416259,
		0,
		0.208538,
		-0.367499,
		0.906342,
		0,
		-0.933657,
		-0.35073,
		0.072611,
		0,
		-0.015321,
		1.402857,
		-0.057452,
		1
	},
	[0.3] = {
		0.280509,
		-0.854904,
		-0.436409,
		0,
		0.208246,
		-0.389629,
		0.897119,
		0,
		-0.936989,
		-0.342531,
		0.068736,
		0,
		-0.018873,
		1.153379,
		-0.071443,
		1
	},
	[0.416666666667] = {
		0.292782,
		-0.865609,
		-0.406202,
		0,
		0.205773,
		-0.357825,
		0.910834,
		0,
		-0.933775,
		-0.350261,
		0.073354,
		0,
		-0.013573,
		1.417092,
		-0.059287,
		1
	},
	[0.433333333333] = {
		0.293377,
		-0.867714,
		-0.40125,
		0,
		0.20438,
		-0.353087,
		0.912994,
		0,
		-0.933894,
		-0.349859,
		0.073756,
		0,
		-0.011758,
		1.425821,
		-0.059476,
		1
	},
	[0.45] = {
		0.293986,
		-0.869663,
		-0.396557,
		0,
		0.203023,
		-0.348607,
		0.915016,
		0,
		-0.933999,
		-0.349513,
		0.074076,
		0,
		-0.009685,
		1.433621,
		-0.058974,
		1
	},
	[0.466666666667] = {
		0.294718,
		-0.871352,
		-0.392283,
		0,
		0.201732,
		-0.344531,
		0.916844,
		0,
		-0.934048,
		-0.349347,
		0.07424,
		0,
		-0.00764,
		1.439045,
		-0.057589,
		1
	},
	[0.483333333333] = {
		0.295683,
		-0.872681,
		-0.388587,
		0,
		0.200538,
		-0.341008,
		0.918421,
		0,
		-0.934,
		-0.349488,
		0.074175,
		0,
		-0.005908,
		1.440669,
		-0.055117,
		1
	},
	[0.4] = {
		0.292091,
		-0.863452,
		-0.411257,
		0,
		0.20717,
		-0.362677,
		0.908596,
		0,
		-0.933683,
		-0.350593,
		0.072947,
		0,
		-0.01485,
		1.408923,
		-0.058568,
		1
	},
	[0.516666666667] = {
		0.298872,
		-0.874519,
		-0.381958,
		0,
		0.198581,
		-0.334497,
		0.921237,
		0,
		-0.933403,
		-0.351181,
		0.073691,
		0,
		-0.004397,
		1.439181,
		-0.048692,
		1
	},
	[0.533333333333] = {
		0.301162,
		-0.875161,
		-0.378675,
		0,
		0.197811,
		-0.331137,
		0.922615,
		0,
		-0.93283,
		-0.352763,
		0.07339,
		0,
		-0.004811,
		1.438518,
		-0.045438,
		1
	},
	[0.55] = {
		0.303202,
		-0.875853,
		-0.375433,
		0,
		0.196916,
		-0.327888,
		0.923966,
		0,
		-0.932359,
		-0.354077,
		0.073053,
		0,
		-0.004939,
		1.437951,
		-0.042229,
		1
	},
	[0.566666666667] = {
		0.305308,
		-0.87647,
		-0.372274,
		0,
		0.196036,
		-0.324715,
		0.925273,
		0,
		-0.931857,
		-0.355472,
		0.072681,
		0,
		-0.005383,
		1.43749,
		-0.039083,
		1
	},
	[0.583333333333] = {
		0.30517,
		-0.878054,
		-0.368635,
		0,
		0.194323,
		-0.321538,
		0.926743,
		0,
		-0.932261,
		-0.354449,
		0.072502,
		0,
		-0.002431,
		1.437117,
		-0.037001,
		1
	},
	[0.5] = {
		0.297041,
		-0.873696,
		-0.385257,
		0,
		0.199483,
		-0.337784,
		0.919842,
		0,
		-0.933795,
		-0.350083,
		0.073952,
		0,
		-0.004779,
		1.439912,
		-0.051952,
		1
	},
	[0.616666666667] = {
		0.316194,
		-0.872496,
		-0.37252,
		0,
		0.197589,
		-0.323489,
		0.925372,
		0,
		-0.92789,
		-0.366203,
		0.070111,
		0,
		-0.010946,
		1.436176,
		-0.033442,
		1
	},
	[0.633333333333] = {
		0.323674,
		-0.864953,
		-0.383525,
		0,
		0.201956,
		-0.332847,
		0.921101,
		0,
		-0.924364,
		-0.375592,
		0.066949,
		0,
		-0.018226,
		1.435761,
		-0.033844,
		1
	},
	[0.65] = {
		0.332173,
		-0.854535,
		-0.399288,
		0,
		0.208094,
		-0.3465,
		0.914677,
		0,
		-0.919977,
		-0.386921,
		0.062726,
		0,
		-0.023418,
		1.434651,
		-0.033103,
		1
	},
	[0.666666666667] = {
		0.347949,
		-0.840129,
		-0.416072,
		0,
		0.219225,
		-0.358587,
		0.907389,
		0,
		-0.911522,
		-0.406938,
		0.059408,
		0,
		-0.03118,
		1.431589,
		-0.036251,
		1
	},
	[0.683333333333] = {
		0.372885,
		-0.819744,
		-0.434715,
		0,
		0.237009,
		-0.368817,
		0.898777,
		0,
		-0.897097,
		-0.438172,
		0.05676,
		0,
		-0.039209,
		1.425517,
		-0.040794,
		1
	},
	[0.6] = {
		0.308366,
		-0.878326,
		-0.365315,
		0,
		0.193829,
		-0.317958,
		0.92808,
		0,
		-0.931311,
		-0.356997,
		0.072198,
		0,
		-0.005286,
		1.436833,
		-0.034756,
		1
	},
	[0.716666666667] = {
		0.450438,
		-0.753049,
		-0.479607,
		0,
		0.295627,
		-0.381084,
		0.876002,
		0,
		-0.842443,
		-0.536369,
		0.050967,
		0,
		-0.056933,
		1.405371,
		-0.054764,
		1
	},
	[0.733333333333] = {
		0.495344,
		-0.706897,
		-0.504906,
		0,
		0.332748,
		-0.382495,
		0.861961,
		0,
		-0.802442,
		-0.594974,
		0.045752,
		0,
		-0.065711,
		1.389605,
		-0.065909,
		1
	},
	[0.75] = {
		0.539036,
		-0.654261,
		-0.530455,
		0,
		0.371786,
		-0.380291,
		0.846849,
		0,
		-0.755788,
		-0.653698,
		0.038255,
		0,
		-0.07317,
		1.368002,
		-0.081535,
		1
	},
	[0.766666666667] = {
		0.578202,
		-0.598028,
		-0.555018,
		0,
		0.410167,
		-0.374992,
		0.831351,
		0,
		-0.705298,
		-0.708339,
		0.02847,
		0,
		-0.078721,
		1.339085,
		-0.10087,
		1
	},
	[0.783333333333] = {
		0.610537,
		-0.541952,
		-0.577523,
		0,
		0.445524,
		-0.367867,
		0.8162,
		0,
		-0.654793,
		-0.755621,
		0.016856,
		0,
		-0.082006,
		1.301428,
		-0.123099,
		1
	},
	[0.7] = {
		0.408221,
		-0.790939,
		-0.455819,
		0,
		0.262938,
		-0.376284,
		0.888411,
		0,
		-0.874196,
		-0.48252,
		0.054361,
		0,
		-0.047778,
		1.416792,
		-0.046916,
		1
	},
	[0.816666666667] = {
		0.680854,
		-0.480893,
		-0.552431,
		0,
		0.472758,
		-0.287536,
		0.83296,
		0,
		-0.559408,
		-0.828291,
		0.031576,
		0,
		-0.05118,
		1.207521,
		-0.224009,
		1
	},
	[0.833333333333] = {
		0.610065,
		-0.577083,
		-0.54295,
		0,
		0.521204,
		-0.223849,
		0.823552,
		0,
		-0.596797,
		-0.785409,
		0.164216,
		0,
		-0.019722,
		1.174658,
		-0.278943,
		1
	},
	[0.85] = {
		0.550631,
		-0.685126,
		-0.476873,
		0,
		0.544884,
		-0.137783,
		0.827114,
		0,
		-0.632382,
		-0.715275,
		0.297447,
		0,
		0.011599,
		1.137906,
		-0.352601,
		1
	},
	[0.866666666667] = {
		0.49149,
		-0.792978,
		-0.360032,
		0,
		0.551204,
		-0.036818,
		0.833558,
		0,
		-0.674249,
		-0.608136,
		0.418997,
		0,
		0.041786,
		1.094997,
		-0.440414,
		1
	},
	[0.883333333333] = {
		0.416802,
		-0.886217,
		-0.202226,
		0,
		0.550862,
		0.06929,
		0.831715,
		0,
		-0.723068,
		-0.458059,
		0.517063,
		0,
		0.071224,
		1.04362,
		-0.535473,
		1
	},
	[0.8] = {
		0.64257,
		-0.511899,
		-0.570143,
		0,
		0.462244,
		-0.334462,
		0.821259,
		0,
		-0.611092,
		-0.791262,
		0.021707,
		0,
		-0.074639,
		1.258032,
		-0.16818,
		1
	},
	[0.916666666667] = {
		0.139423,
		-0.971485,
		0.191777,
		0,
		0.592573,
		0.237018,
		0.769857,
		0,
		-0.793359,
		0.006306,
		0.608722,
		0,
		0.145374,
		0.902738,
		-0.72014,
		1
	},
	[0.933333333333] = {
		-0.087631,
		-0.90715,
		0.411583,
		0,
		0.663849,
		0.254873,
		0.703096,
		0,
		-0.742714,
		0.334842,
		0.579876,
		0,
		0.212991,
		0.799852,
		-0.803724,
		1
	},
	[0.95] = {
		-0.297937,
		-0.735842,
		0.608088,
		0,
		0.754182,
		0.20906,
		0.622498,
		0,
		-0.585186,
		0.644074,
		0.492672,
		0,
		0.296769,
		0.671021,
		-0.8772,
		1
	},
	[0.966666666667] = {
		-0.426447,
		-0.498626,
		0.754662,
		0,
		0.832105,
		0.110824,
		0.543433,
		0,
		-0.354604,
		0.859704,
		0.367648,
		0,
		0.38691,
		0.521651,
		-0.936321,
		1
	},
	[0.983333333333] = {
		-0.459166,
		-0.269885,
		0.846362,
		0,
		0.879138,
		-0.0012,
		0.476565,
		0,
		-0.127602,
		0.962892,
		0.237817,
		0,
		0.476326,
		0.363786,
		-0.978582,
		1
	},
	[0.9] = {
		0.310978,
		-0.950264,
		-0.017078,
		0,
		0.558144,
		0.168052,
		0.812548,
		0,
		-0.769265,
		-0.262216,
		0.582644,
		0,
		0.100974,
		0.981516,
		-0.630288,
		1
	}
}

return spline_matrices
