local spline_matrices = {
	[0] = {
		-0.63299,
		0.213871,
		0.744031,
		0,
		0.480511,
		-0.645004,
		0.594204,
		0,
		0.606986,
		0.733641,
		0.305514,
		0,
		0.570446,
		-0.152337,
		-1.062573,
		1
	},
	{
		-0.403629,
		0.019807,
		0.914708,
		0,
		0.889756,
		-0.224377,
		0.397477,
		0,
		0.213112,
		0.974301,
		0.072942,
		0,
		0.727642,
		0.0031,
		-1.311343,
		1
	},
	[0.0166666666667] = {
		-0.585119,
		0.30002,
		0.753408,
		0,
		0.449213,
		-0.653574,
		0.609137,
		0,
		0.675161,
		0.694859,
		0.247646,
		0,
		0.563288,
		-0.165827,
		-1.066253,
		1
	},
	[0.0333333333333] = {
		-0.526443,
		0.387252,
		0.756897,
		0,
		0.415882,
		-0.659182,
		0.626515,
		0,
		0.741553,
		0.644604,
		0.185971,
		0,
		0.538686,
		-0.178283,
		-1.062835,
		1
	},
	[0.05] = {
		-0.455415,
		0.474641,
		0.753202,
		0,
		0.380529,
		-0.661074,
		0.646668,
		0,
		0.804857,
		0.581117,
		0.120448,
		0,
		0.498087,
		-0.18984,
		-1.052919,
		1
	},
	[0.0666666666667] = {
		-0.370569,
		0.560403,
		0.740694,
		0,
		0.343421,
		-0.658285,
		0.669867,
		0,
		0.862984,
		0.502602,
		0.051485,
		0,
		0.442862,
		-0.200524,
		-1.037017,
		1
	},
	[0.0833333333333] = {
		-0.270811,
		0.641745,
		0.717513,
		0,
		0.305166,
		-0.649688,
		0.696261,
		0,
		0.912981,
		0.407516,
		-0.019896,
		0,
		0.374339,
		-0.210208,
		-1.015546,
		1
	},
	[0.116666666667] = {
		-0.026559,
		0.774617,
		0.631873,
		0,
		0.229832,
		-0.610431,
		0.757991,
		0,
		0.972868,
		0.165356,
		-0.161819,
		0,
		0.202829,
		-0.224994,
		-0.957164,
		1
	},
	[0.133333333333] = {
		0.114284,
		0.815767,
		0.566978,
		0,
		0.19623,
		-0.578009,
		0.792085,
		0,
		0.973875,
		0.020735,
		-0.226135,
		0,
		0.102895,
		-0.228677,
		-0.920799,
		1
	},
	[0.15] = {
		0.261971,
		0.832898,
		0.487496,
		0,
		0.16823,
		-0.536815,
		0.826758,
		0,
		0.9503,
		-0.134575,
		-0.280748,
		0,
		-0.003999,
		-0.22856,
		-0.880112,
		1
	},
	[0.166666666667] = {
		0.409883,
		0.821941,
		0.395486,
		0,
		0.148021,
		-0.487772,
		0.86033,
		0,
		0.900048,
		-0.294094,
		-0.321594,
		0,
		-0.115491,
		-0.223533,
		-0.835674,
		1
	},
	[0.183333333333] = {
		0.550271,
		0.781241,
		0.294729,
		0,
		0.1373,
		-0.432829,
		0.890959,
		0,
		0.82362,
		-0.449802,
		-0.345438,
		0,
		-0.228808,
		-0.212623,
		-0.788358,
		1
	},
	[0.1] = {
		-0.155825,
		0.714778,
		0.68177,
		0,
		0.266798,
		-0.634093,
		0.725772,
		0,
		0.951072,
		0.294988,
		-0.091894,
		0,
		0.293853,
		-0.218559,
		-0.988838,
		1
	},
	[0.216666666667] = {
		0.779673,
		0.619994,
		0.087855,
		0,
		0.146312,
		-0.31679,
		0.937143,
		0,
		0.608854,
		-0.717811,
		-0.337705,
		0,
		-0.448538,
		-0.171284,
		-0.690184,
		1
	},
	[0.233333333333] = {
		0.859356,
		0.511322,
		-0.007608,
		0,
		0.164242,
		-0.261883,
		0.951021,
		0,
		0.484286,
		-0.818515,
		-0.309031,
		0,
		-0.548805,
		-0.141295,
		-0.642445,
		1
	},
	[0.25] = {
		0.914277,
		0.394428,
		-0.092322,
		0,
		0.188449,
		-0.21239,
		0.958842,
		0,
		0.358586,
		-0.894045,
		-0.268513,
		0,
		-0.639046,
		-0.10622,
		-0.59777,
		1
	},
	[0.266666666667] = {
		0.94673,
		0.276997,
		-0.164241,
		0,
		0.216447,
		-0.169718,
		0.961429,
		0,
		0.238438,
		-0.945763,
		-0.220632,
		0,
		-0.717065,
		-0.067279,
		-0.557641,
		1
	},
	[0.283333333333] = {
		0.960715,
		0.165319,
		-0.222927,
		0,
		0.245869,
		-0.134356,
		0.959946,
		0,
		0.128746,
		-0.977046,
		-0.169724,
		0,
		-0.781066,
		-0.025741,
		-0.523323,
		1
	},
	[0.2] = {
		0.675536,
		0.71234,
		0.190324,
		0,
		0.13685,
		-0.374774,
		0.916961,
		0,
		0.724516,
		-0.593394,
		-0.350657,
		0,
		-0.340875,
		-0.195228,
		-0.739366,
		1
	},
	[0.316666666667] = {
		0.952209,
		-0.024445,
		-0.304466,
		0,
		0.301518,
		-0.084131,
		0.949742,
		0,
		-0.048831,
		-0.996155,
		-0.072739,
		0,
		-0.861177,
		0.060635,
		-0.476142,
		1
	},
	[0.333333333333] = {
		0.93863,
		-0.098228,
		-0.330643,
		0,
		0.325184,
		-0.067644,
		0.943228,
		0,
		-0.115017,
		-0.992862,
		-0.03155,
		0,
		-0.874682,
		0.103701,
		-0.464898,
		1
	},
	[0.35] = {
		0.923249,
		-0.157217,
		-0.350562,
		0,
		0.347742,
		-0.046017,
		0.93646,
		0,
		-0.163359,
		-0.986491,
		0.012186,
		0,
		-0.877714,
		0.153302,
		-0.461956,
		1
	},
	[0.366666666667] = {
		0.907715,
		-0.204849,
		-0.366182,
		0,
		0.371303,
		-0.014287,
		0.928402,
		0,
		-0.195414,
		-0.978689,
		0.063093,
		0,
		-0.879193,
		0.215219,
		-0.465468,
		1
	},
	[0.383333333333] = {
		0.892718,
		-0.244995,
		-0.378196,
		0,
		0.394752,
		0.020434,
		0.918561,
		0,
		-0.217315,
		-0.969309,
		0.114954,
		0,
		-0.87954,
		0.287023,
		-0.473613,
		1
	},
	[0.3] = {
		0.960972,
		0.063901,
		-0.269164,
		0,
		0.274728,
		-0.106061,
		0.955655,
		0,
		0.032519,
		-0.992304,
		-0.119477,
		0,
		-0.829547,
		0.017226,
		-0.495867,
		1
	},
	[0.416666666667] = {
		0.86335,
		-0.314368,
		-0.394714,
		0,
		0.43603,
		0.071061,
		0.897122,
		0,
		-0.253978,
		-0.946638,
		0.198424,
		0,
		-0.877988,
		0.449709,
		-0.496813,
		1
	},
	[0.433333333333] = {
		0.847315,
		-0.3481,
		-0.401103,
		0,
		0.450991,
		0.072758,
		0.889558,
		0,
		-0.280472,
		-0.93463,
		0.218639,
		0,
		-0.876676,
		0.534916,
		-0.508543,
		1
	},
	[0.45] = {
		0.828377,
		-0.383868,
		-0.407966,
		0,
		0.459265,
		0.048421,
		0.886979,
		0,
		-0.320729,
		-0.922118,
		0.216408,
		0,
		-0.875144,
		0.619188,
		-0.518129,
		1
	},
	[0.466666666667] = {
		0.804239,
		-0.423037,
		-0.417419,
		0,
		0.456345,
		-0.010365,
		0.889742,
		0,
		-0.38072,
		-0.906053,
		0.184714,
		0,
		-0.872969,
		0.700089,
		-0.523659,
		1
	},
	[0.483333333333] = {
		0.775067,
		-0.463554,
		-0.429405,
		0,
		0.427599,
		-0.115555,
		0.896552,
		0,
		-0.465221,
		-0.878501,
		0.108653,
		0,
		-0.850073,
		0.787863,
		-0.501957,
		1
	},
	[0.4] = {
		0.878131,
		-0.280705,
		-0.387416,
		0,
		0.416771,
		0.0512,
		0.907569,
		0,
		-0.234923,
		-0.958428,
		0.16195,
		0,
		-0.879037,
		0.366135,
		-0.484623,
		1
	},
	[0.516666666667] = {
		0.624108,
		-0.61693,
		-0.479465,
		0,
		0.228543,
		-0.442668,
		0.867072,
		0,
		-0.747166,
		-0.650725,
		-0.135278,
		0,
		-0.661428,
		1.03642,
		-0.343183,
		1
	},
	[0.533333333333] = {
		0.482275,
		-0.676849,
		-0.556135,
		0,
		0.079427,
		-0.598443,
		0.797218,
		0,
		-0.872412,
		-0.42865,
		-0.234854,
		0,
		-0.456275,
		1.197319,
		-0.235922,
		1
	},
	[0.55] = {
		0.302728,
		-0.683745,
		-0.663964,
		0,
		-0.101199,
		-0.715775,
		0.690959,
		0,
		-0.947689,
		-0.14198,
		-0.285879,
		0,
		-0.206803,
		1.33171,
		-0.112534,
		1
	},
	[0.566666666667] = {
		0.056434,
		-0.612467,
		-0.788479,
		0,
		-0.330926,
		-0.756569,
		0.563995,
		0,
		-0.941968,
		0.2291,
		-0.245377,
		0,
		0.058965,
		1.398681,
		0.028923,
		1
	},
	[0.583333333333] = {
		-0.271657,
		-0.359136,
		-0.892874,
		0,
		-0.655678,
		-0.610061,
		0.444872,
		0,
		-0.704477,
		0.706291,
		-0.06975,
		0,
		0.394751,
		1.281444,
		0.24637,
		1
	},
	[0.5] = {
		0.741334,
		-0.501085,
		-0.446473,
		0,
		0.362535,
		-0.260851,
		0.894721,
		0,
		-0.564794,
		-0.825148,
		-0.011717,
		0,
		-0.791067,
		0.888261,
		-0.435348,
		1
	},
	[0.616666666667] = {
		-0.215697,
		0.34255,
		-0.914404,
		0,
		-0.964614,
		0.070675,
		0.254017,
		0,
		0.151639,
		0.936837,
		0.315184,
		0,
		1.202519,
		0.623177,
		0.838562,
		1
	},
	[0.633333333333] = {
		-0.429827,
		0.562301,
		-0.706446,
		0,
		-0.878782,
		-0.080857,
		0.470324,
		0,
		0.207343,
		0.82297,
		0.528895,
		0,
		1.498331,
		0.170102,
		0.748326,
		1
	},
	[0.65] = {
		-0.625599,
		0.662489,
		-0.411987,
		0,
		-0.756566,
		-0.386342,
		0.527587,
		0,
		0.190353,
		0.641754,
		0.742912,
		0,
		1.637436,
		-0.141302,
		0.639262,
		1
	},
	[0.666666666667] = {
		-0.705805,
		0.661069,
		-0.254613,
		0,
		-0.661436,
		-0.486275,
		0.570998,
		0,
		0.253657,
		0.571423,
		0.78047,
		0,
		1.631741,
		-0.194184,
		0.565871,
		1
	},
	[0.683333333333] = {
		-0.774202,
		0.620593,
		-0.124399,
		0,
		-0.548293,
		-0.559395,
		0.621653,
		0,
		0.316206,
		0.549492,
		0.773352,
		0,
		1.594397,
		-0.222105,
		0.405267,
		1
	},
	[0.6] = {
		-0.367025,
		-0.036374,
		-0.929499,
		0,
		-0.859742,
		-0.368244,
		0.353891,
		0,
		-0.355155,
		0.929017,
		0.103883,
		0,
		0.743932,
		0.986912,
		0.502365,
		1
	},
	[0.716666666667] = {
		-0.880205,
		0.459303,
		0.119498,
		0,
		-0.230805,
		-0.634279,
		0.737847,
		0,
		0.414691,
		0.621876,
		0.664305,
		0,
		1.446089,
		-0.218857,
		-0.093119,
		1
	},
	[0.733333333333] = {
		-0.900025,
		0.353132,
		0.255446,
		0,
		-0.024408,
		-0.626021,
		0.779424,
		0,
		0.435154,
		0.695266,
		0.572054,
		0,
		1.342819,
		-0.196444,
		-0.387233,
		1
	},
	[0.75] = {
		-0.881753,
		0.244589,
		0.403345,
		0,
		0.199889,
		-0.58076,
		0.789153,
		0,
		0.427265,
		0.776462,
		0.463196,
		0,
		1.226277,
		-0.166804,
		-0.679777,
		1
	},
	[0.766666666667] = {
		-0.818422,
		0.148263,
		0.555161,
		0,
		0.42137,
		-0.502028,
		0.755259,
		0,
		0.390683,
		0.852048,
		0.348397,
		0,
		1.103342,
		-0.134537,
		-0.945682,
		1
	},
	[0.783333333333] = {
		-0.712071,
		0.077319,
		0.697837,
		0,
		0.617645,
		-0.403649,
		0.674968,
		0,
		0.333869,
		0.911641,
		0.239672,
		0,
		0.983069,
		-0.102868,
		-1.159876,
		1
	},
	[0.7] = {
		-0.83439,
		0.551157,
		-0.004453,
		0,
		-0.40646,
		-0.60984,
		0.680357,
		0,
		0.372268,
		0.569493,
		0.732868,
		0,
		1.531219,
		-0.228968,
		0.178552,
		1
	},
	[0.816666666667] = {
		-0.416431,
		0.03181,
		0.908611,
		0,
		0.879603,
		-0.23869,
		0.411492,
		0,
		0.229966,
		0.970575,
		0.071418,
		0,
		0.791866,
		-0.044475,
		-1.339345,
		1
	},
	[0.833333333333] = {
		-0.410408,
		0.022658,
		0.91162,
		0,
		0.886153,
		-0.225976,
		0.404559,
		0,
		0.21517,
		0.973869,
		0.072664,
		0,
		0.757966,
		-0.015624,
		-1.32445,
		1
	},
	[0.85] = {
		-0.405708,
		0.018064,
		0.913824,
		0,
		0.890554,
		-0.217202,
		0.39967,
		0,
		0.205704,
		0.97596,
		0.072033,
		0,
		0.735617,
		0.002648,
		-1.314795,
		1
	},
	[0.866666666667] = {
		-0.403804,
		0.017133,
		0.914685,
		0,
		0.891917,
		-0.215066,
		0.397781,
		0,
		0.203533,
		0.976449,
		0.071564,
		0,
		0.727576,
		0.008396,
		-1.311356,
		1
	},
	[0.883333333333] = {
		-0.403769,
		0.017716,
		0.914689,
		0,
		0.891454,
		-0.217097,
		0.397717,
		0,
		0.205622,
		0.975989,
		0.071864,
		0,
		0.727597,
		0.007242,
		-1.311352,
		1
	},
	[0.8] = {
		-0.573278,
		0.038874,
		0.818438,
		0,
		0.772425,
		-0.307579,
		0.555657,
		0,
		0.273335,
		0.950728,
		0.146301,
		0,
		0.875813,
		-0.073031,
		-1.298468,
		1
	},
	[0.916666666667] = {
		-0.403702,
		0.018765,
		0.914698,
		0,
		0.890609,
		-0.220751,
		0.397599,
		0,
		0.209381,
		0.97515,
		0.072405,
		0,
		0.727625,
		0.005164,
		-1.311346,
		1
	},
	[0.933333333333] = {
		-0.403673,
		0.019189,
		0.914702,
		0,
		0.890263,
		-0.222228,
		0.39755,
		0,
		0.210901,
		0.974806,
		0.072624,
		0,
		0.727633,
		0.004324,
		-1.311344,
		1
	},
	[0.95] = {
		-0.40365,
		0.019518,
		0.914705,
		0,
		0.889994,
		-0.223373,
		0.397511,
		0,
		0.212079,
		0.974538,
		0.072793,
		0,
		0.727638,
		0.003672,
		-1.311344,
		1
	},
	[0.966666666667] = {
		-0.403635,
		0.019731,
		0.914707,
		0,
		0.889819,
		-0.224114,
		0.397486,
		0,
		0.212842,
		0.974363,
		0.072903,
		0,
		0.727641,
		0.00325,
		-1.311343,
		1
	},
	[0.983333333333] = {
		-0.403629,
		0.019807,
		0.914708,
		0,
		0.889756,
		-0.224377,
		0.397477,
		0,
		0.213112,
		0.974301,
		0.072942,
		0,
		0.727642,
		0.0031,
		-1.311343,
		1
	},
	[0.9] = {
		-0.403735,
		0.018267,
		0.914694,
		0,
		0.891012,
		-0.219016,
		0.397656,
		0,
		0.207597,
		0.97555,
		0.072149,
		0,
		0.727613,
		0.006151,
		-1.311348,
		1
	}
}

return spline_matrices
