local spline_matrices = {
	[0] = {
		-0.036692,
		0.590451,
		0.806239,
		0,
		0.950642,
		-0.228124,
		0.210331,
		0,
		0.308113,
		0.774162,
		-0.552937,
		0,
		0.625286,
		-0.403824,
		-0.514011,
		1
	},
	{
		-0.43061,
		-0.107025,
		0.89617,
		0,
		0.902163,
		-0.079668,
		0.423975,
		0,
		0.02602,
		0.991059,
		0.13086,
		0,
		0.562975,
		0.210641,
		-1.003759,
		1
	},
	[0.0333333333333] = {
		0.072672,
		-0.990903,
		-0.113269,
		0,
		0.349967,
		-0.081012,
		0.933252,
		0,
		-0.933939,
		-0.107462,
		0.340896,
		0,
		0.800072,
		-0.140658,
		-0.394002,
		1
	},
	[0.0666666666667] = {
		0.078117,
		-0.990766,
		-0.110821,
		0,
		0.350427,
		-0.076779,
		0.933437,
		0,
		-0.933327,
		-0.111752,
		0.341194,
		0,
		0.792156,
		-0.135518,
		-0.400432,
		1
	},
	[0.133333333333] = {
		0.086917,
		-0.990506,
		-0.106507,
		0,
		0.351159,
		-0.069587,
		0.933726,
		0,
		-0.932273,
		-0.118558,
		0.341777,
		0,
		0.758808,
		-0.115819,
		-0.415185,
		1
	},
	[0.166666666667] = {
		0.087362,
		-0.990503,
		-0.106169,
		0,
		0.351231,
		-0.069105,
		0.933735,
		0,
		-0.932204,
		-0.118863,
		0.341858,
		0,
		0.737617,
		-0.099314,
		-0.423265,
		1
	},
	[0.1] = {
		0.084309,
		-0.990583,
		-0.107879,
		0,
		0.350943,
		-0.071808,
		0.933639,
		0,
		-0.932594,
		-0.116574,
		0.341584,
		0,
		0.777824,
		-0.126954,
		-0.407483,
		1
	},
	[0.233333333333] = {
		0.10449,
		-0.973834,
		-0.201812,
		0,
		0.237195,
		-0.172665,
		0.955994,
		0,
		-0.965826,
		-0.147761,
		0.212947,
		0,
		0.602127,
		0.116783,
		-0.31663,
		1
	},
	[0.266666666667] = {
		0.212915,
		-0.91851,
		-0.333176,
		0,
		0.195553,
		-0.294037,
		0.935576,
		0,
		-0.957302,
		-0.264351,
		0.117012,
		0,
		0.248905,
		0.740114,
		-0.147728,
		1
	},
	[0.2] = {
		0.089455,
		-0.988041,
		-0.125586,
		0,
		0.109404,
		-0.115581,
		0.987255,
		0,
		-0.989964,
		-0.102055,
		0.097756,
		0,
		0.733902,
		-0.070937,
		-0.428,
		1
	},
	[0.333333333333] = {
		0.28739,
		-0.857023,
		-0.427689,
		0,
		0.211899,
		-0.378573,
		0.900989,
		0,
		-0.93408,
		-0.349562,
		0.072804,
		0,
		-0.007958,
		1.414288,
		-0.054958,
		1
	},
	[0.366666666667] = {
		0.289991,
		-0.859429,
		-0.421055,
		0,
		0.209844,
		-0.372153,
		0.904139,
		0,
		-0.93374,
		-0.350548,
		0.072425,
		0,
		-0.014413,
		1.400442,
		-0.056013,
		1
	},
	[0.3] = {
		0.280509,
		-0.854904,
		-0.436409,
		0,
		0.208246,
		-0.389629,
		0.897119,
		0,
		-0.936989,
		-0.342531,
		0.068736,
		0,
		-0.018873,
		1.153379,
		-0.071443,
		1
	},
	[0.433333333333] = {
		0.293377,
		-0.867714,
		-0.40125,
		0,
		0.20438,
		-0.353087,
		0.912994,
		0,
		-0.933894,
		-0.349859,
		0.073756,
		0,
		-0.011758,
		1.425821,
		-0.059476,
		1
	},
	[0.466666666667] = {
		0.294718,
		-0.871352,
		-0.392283,
		0,
		0.201732,
		-0.344531,
		0.916844,
		0,
		-0.934048,
		-0.349347,
		0.07424,
		0,
		-0.00764,
		1.439045,
		-0.057589,
		1
	},
	[0.4] = {
		0.292091,
		-0.863452,
		-0.411257,
		0,
		0.20717,
		-0.362677,
		0.908596,
		0,
		-0.933683,
		-0.350593,
		0.072947,
		0,
		-0.01485,
		1.408924,
		-0.058568,
		1
	},
	[0.533333333333] = {
		0.301162,
		-0.875161,
		-0.378675,
		0,
		0.197811,
		-0.331137,
		0.922615,
		0,
		-0.93283,
		-0.352763,
		0.07339,
		0,
		-0.004811,
		1.438518,
		-0.045438,
		1
	},
	[0.566666666667] = {
		0.305308,
		-0.87647,
		-0.372274,
		0,
		0.196036,
		-0.324715,
		0.925273,
		0,
		-0.931857,
		-0.355472,
		0.072681,
		0,
		-0.005383,
		1.43749,
		-0.039083,
		1
	},
	[0.5] = {
		0.297041,
		-0.873696,
		-0.385257,
		0,
		0.199483,
		-0.337784,
		0.919842,
		0,
		-0.933795,
		-0.350083,
		0.073952,
		0,
		-0.004779,
		1.439913,
		-0.051952,
		1
	},
	[0.633333333333] = {
		0.323674,
		-0.864953,
		-0.383525,
		0,
		0.201956,
		-0.332847,
		0.921101,
		0,
		-0.924364,
		-0.375592,
		0.066949,
		0,
		-0.018226,
		1.435761,
		-0.033844,
		1
	},
	[0.666666666667] = {
		0.347949,
		-0.840129,
		-0.416072,
		0,
		0.219225,
		-0.358587,
		0.907389,
		0,
		-0.911522,
		-0.406938,
		0.059408,
		0,
		-0.03118,
		1.431589,
		-0.036251,
		1
	},
	[0.6] = {
		0.308366,
		-0.878326,
		-0.365315,
		0,
		0.193829,
		-0.317958,
		0.92808,
		0,
		-0.931311,
		-0.356997,
		0.072198,
		0,
		-0.005286,
		1.436833,
		-0.034756,
		1
	},
	[0.733333333333] = {
		0.495344,
		-0.706897,
		-0.504906,
		0,
		0.332748,
		-0.382495,
		0.861961,
		0,
		-0.802442,
		-0.594974,
		0.045752,
		0,
		-0.065711,
		1.389605,
		-0.065909,
		1
	},
	[0.766666666667] = {
		0.578202,
		-0.598028,
		-0.555018,
		0,
		0.410167,
		-0.374992,
		0.831351,
		0,
		-0.705298,
		-0.708339,
		0.02847,
		0,
		-0.078721,
		1.339085,
		-0.10087,
		1
	},
	[0.7] = {
		0.408221,
		-0.790939,
		-0.455819,
		0,
		0.262938,
		-0.376284,
		0.888411,
		0,
		-0.874196,
		-0.48252,
		0.054361,
		0,
		-0.047778,
		1.416792,
		-0.046916,
		1
	},
	[0.833333333333] = {
		0.610065,
		-0.577083,
		-0.54295,
		0,
		0.521204,
		-0.223849,
		0.823552,
		0,
		-0.596797,
		-0.785409,
		0.164216,
		0,
		-0.019722,
		1.174658,
		-0.278943,
		1
	},
	[0.866666666667] = {
		0.49149,
		-0.792978,
		-0.360032,
		0,
		0.551204,
		-0.036818,
		0.833558,
		0,
		-0.674249,
		-0.608136,
		0.418997,
		0,
		0.041786,
		1.094997,
		-0.440414,
		1
	},
	[0.8] = {
		0.64257,
		-0.511899,
		-0.570143,
		0,
		0.462244,
		-0.334462,
		0.821259,
		0,
		-0.611092,
		-0.791262,
		0.021707,
		0,
		-0.074639,
		1.258032,
		-0.16818,
		1
	},
	[0.933333333333] = {
		-0.087631,
		-0.90715,
		0.411583,
		0,
		0.663849,
		0.254873,
		0.703096,
		0,
		-0.742714,
		0.334842,
		0.579876,
		0,
		0.212991,
		0.799852,
		-0.803724,
		1
	},
	[0.966666666667] = {
		-0.426447,
		-0.498626,
		0.754662,
		0,
		0.832105,
		0.110824,
		0.543433,
		0,
		-0.354604,
		0.859704,
		0.367648,
		0,
		0.38691,
		0.521651,
		-0.936321,
		1
	},
	[0.9] = {
		0.310978,
		-0.950264,
		-0.017078,
		0,
		0.558144,
		0.168052,
		0.812548,
		0,
		-0.769265,
		-0.262216,
		0.582644,
		0,
		0.100974,
		0.981516,
		-0.630288,
		1
	}
}

return spline_matrices
