local spline_matrices = {
	[0] = {
		0.969507,
		0.174751,
		-0.171809,
		0,
		0.200562,
		-0.162928,
		0.966038,
		0,
		0.140824,
		-0.971039,
		-0.193008,
		0,
		-0.62658,
		-0.219751,
		-0.254567,
		1
	},
	{
		-0.584336,
		0.302201,
		0.753144,
		0,
		0.779384,
		-0.049564,
		0.624583,
		0,
		0.226079,
		0.951955,
		-0.206569,
		0,
		1.459348,
		0.637326,
		-1.079039,
		1
	},
	[0.0333333333333] = {
		0.969636,
		0.174033,
		-0.17181,
		0,
		0.200441,
		-0.163072,
		0.966039,
		0,
		0.140106,
		-0.971144,
		-0.193003,
		0,
		-0.626742,
		-0.219288,
		-0.254566,
		1
	},
	[0.0666666666667] = {
		0.969973,
		0.172141,
		-0.171816,
		0,
		0.200123,
		-0.163428,
		0.966044,
		0,
		0.138216,
		-0.971421,
		-0.19297,
		0,
		-0.627167,
		-0.218077,
		-0.254558,
		1
	},
	[0.133333333333] = {
		0.967226,
		0.192877,
		-0.165146,
		0,
		0.197359,
		-0.161832,
		0.966882,
		0,
		0.159763,
		-0.967786,
		-0.194594,
		0,
		-0.651169,
		-0.179888,
		-0.23883,
		1
	},
	[0.166666666667] = {
		0.971477,
		0.163338,
		-0.171909,
		0,
		0.19865,
		-0.164664,
		0.966139,
		0,
		0.1295,
		-0.972731,
		-0.192414,
		0,
		-0.702491,
		-0.074141,
		-0.173315,
		1
	},
	[0.1] = {
		0.970441,
		0.169466,
		-0.171831,
		0,
		0.199675,
		-0.163886,
		0.96606,
		0,
		0.135553,
		-0.971814,
		-0.19288,
		0,
		-0.627763,
		-0.216381,
		-0.254538,
		1
	},
	[0.233333333333] = {
		0.959352,
		-0.144373,
		-0.242488,
		0,
		0.212655,
		-0.195064,
		0.957459,
		0,
		-0.185532,
		-0.970106,
		-0.156433,
		0,
		-0.753194,
		0.350399,
		0.061572,
		1
	},
	[0.266666666667] = {
		0.957935,
		-0.152406,
		-0.243174,
		0,
		0.212343,
		-0.193605,
		0.957824,
		0,
		-0.193058,
		-0.969169,
		-0.153099,
		0,
		-0.638103,
		0.573618,
		0.055719,
		1
	},
	[0.2] = {
		0.973263,
		-0.054033,
		-0.223246,
		0,
		0.209798,
		-0.186546,
		0.959784,
		0,
		-0.093506,
		-0.980959,
		-0.170223,
		0,
		-0.776376,
		0.196847,
		0.040227,
		1
	},
	[0.333333333333] = {
		0.696921,
		-0.665478,
		-0.267284,
		0,
		0.450357,
		0.116073,
		0.885272,
		0,
		-0.558104,
		-0.737337,
		0.380596,
		0,
		-0.448185,
		0.976862,
		0.116573,
		1
	},
	[0.366666666667] = {
		0.210472,
		-0.960796,
		-0.180481,
		0,
		0.594962,
		-0.020599,
		0.80349,
		0,
		-0.775707,
		-0.276491,
		0.567301,
		0,
		-0.185764,
		1.39885,
		0.020959,
		1
	},
	[0.3] = {
		0.880549,
		-0.367663,
		-0.299094,
		0,
		0.296234,
		-0.065671,
		0.952855,
		0,
		-0.369971,
		-0.927638,
		0.051088,
		0,
		-0.557688,
		0.785642,
		0.079725,
		1
	},
	[0.433333333333] = {
		-0.786456,
		-0.34327,
		0.513471,
		0,
		0.561509,
		-0.051068,
		0.825893,
		0,
		-0.257282,
		0.937848,
		0.232912,
		0,
		0.532963,
		1.709795,
		-0.411911,
		1
	},
	[0.466666666667] = {
		-0.85499,
		-0.16947,
		0.490175,
		0,
		0.507752,
		-0.080836,
		0.857702,
		0,
		-0.105731,
		0.982215,
		0.155162,
		0,
		0.990116,
		1.516807,
		-0.675647,
		1
	},
	[0.4] = {
		-0.456643,
		-0.87354,
		0.168535,
		0,
		0.517965,
		-0.107028,
		0.84868,
		0,
		-0.723318,
		0.474839,
		0.501337,
		0,
		0.099709,
		1.641518,
		-0.119461,
		1
	},
	[0.533333333333] = {
		-0.699179,
		0.462436,
		0.545254,
		0,
		0.614434,
		-0.001271,
		0.788967,
		0,
		0.36554,
		0.886652,
		-0.283247,
		0,
		1.388331,
		0.915967,
		-0.999047,
		1
	},
	[0.566666666667] = {
		-0.594774,
		0.271281,
		0.756737,
		0,
		0.780644,
		-0.029843,
		0.624263,
		0,
		0.191934,
		0.962037,
		-0.194024,
		0,
		1.48274,
		0.750292,
		-1.110901,
		1
	},
	[0.5] = {
		-0.806752,
		0.367575,
		0.462644,
		0,
		0.49104,
		-0.018468,
		0.870942,
		0,
		0.32868,
		0.929811,
		-0.165595,
		0,
		1.284773,
		1.197384,
		-0.827604,
		1
	},
	[0.633333333333] = {
		-0.592509,
		0.27934,
		0.755581,
		0,
		0.78046,
		-0.03327,
		0.624319,
		0,
		0.199535,
		0.959616,
		-0.1983,
		0,
		1.480954,
		0.727002,
		-1.107368,
		1
	},
	[0.666666666667] = {
		-0.590039,
		0.286848,
		0.7547,
		0,
		0.780187,
		-0.037961,
		0.624394,
		0,
		0.207755,
		0.957224,
		-0.201396,
		0,
		1.482762,
		0.706817,
		-1.105858,
		1
	},
	[0.6] = {
		-0.594138,
		0.274237,
		0.756171,
		0,
		0.780598,
		-0.03025,
		0.624301,
		0,
		0.194081,
		0.961186,
		-0.196096,
		0,
		1.480793,
		0.74148,
		-1.10922,
		1
	},
	[0.733333333333] = {
		-0.586036,
		0.297568,
		0.753667,
		0,
		0.779654,
		-0.046244,
		0.624501,
		0,
		0.220684,
		0.95358,
		-0.204899,
		0,
		1.482661,
		0.67401,
		-1.100182,
		1
	},
	[0.766666666667] = {
		-0.584519,
		0.301729,
		0.753191,
		0,
		0.779414,
		-0.049192,
		0.624575,
		0,
		0.225503,
		0.952124,
		-0.206418,
		0,
		1.481145,
		0.660164,
		-1.097059,
		1
	},
	[0.7] = {
		-0.587875,
		0.292765,
		0.754116,
		0,
		0.779917,
		-0.042393,
		0.624446,
		0,
		0.214786,
		0.955244,
		-0.20341,
		0,
		1.483264,
		0.689362,
		-1.103292,
		1
	},
	[0.833333333333] = {
		-0.584336,
		0.302201,
		0.753144,
		0,
		0.779384,
		-0.049564,
		0.624583,
		0,
		0.226079,
		0.951955,
		-0.206569,
		0,
		1.47215,
		0.65006,
		-1.089316,
		1
	},
	[0.866666666667] = {
		-0.584336,
		0.302201,
		0.753144,
		0,
		0.779384,
		-0.049564,
		0.624583,
		0,
		0.226079,
		0.951955,
		-0.206569,
		0,
		1.468001,
		0.645979,
		-1.085932,
		1
	},
	[0.8] = {
		-0.584336,
		0.302201,
		0.753144,
		0,
		0.779384,
		-0.049564,
		0.624583,
		0,
		0.226079,
		0.951955,
		-0.206569,
		0,
		1.476724,
		0.654497,
		-1.093105,
		1
	},
	[0.933333333333] = {
		-0.584336,
		0.302201,
		0.753144,
		0,
		0.779384,
		-0.049564,
		0.624583,
		0,
		0.226079,
		0.951955,
		-0.206569,
		0,
		1.461726,
		0.639721,
		-1.080909,
		1
	},
	[0.966666666667] = {
		-0.584336,
		0.302201,
		0.753144,
		0,
		0.779384,
		-0.049564,
		0.624583,
		0,
		0.226079,
		0.951955,
		-0.206569,
		0,
		1.459966,
		0.63795,
		-1.079523,
		1
	},
	[0.9] = {
		-0.584336,
		0.302201,
		0.753144,
		0,
		0.779384,
		-0.049564,
		0.624583,
		0,
		0.226079,
		0.951955,
		-0.206569,
		0,
		1.464464,
		0.642464,
		-1.083086,
		1
	}
}

return spline_matrices
