-- chunkname: @content/characters/player/ogryn/first_person/animations/power_maul/swing_left_diagonal_up.lua

local spline_matrices = {
	[0.0166666666667] = {
		-0.30952,
		-0.396854,
		0.864121,
		0,
		0.939202,
		-0.269652,
		0.212573,
		0,
		0.148651,
		0.877379,
		0.456189,
		0,
		1.165751,
		0.019331,
		-1.205929,
		1,
	},
	[0.0333333333333] = {
		-0.309114,
		-0.386603,
		0.8689,
		0,
		0.92049,
		-0.351281,
		0.17117,
		0,
		0.239053,
		0.852725,
		0.46445,
		0,
		1.170499,
		0.03951,
		-1.199664,
		1,
	},
	[0.05] = {
		-0.306406,
		-0.375298,
		0.874795,
		0,
		0.891694,
		-0.434809,
		0.125787,
		0,
		0.333162,
		0.818592,
		0.467879,
		0,
		1.173598,
		0.067461,
		-1.192027,
		1,
	},
	[0.0666666666667] = {
		-0.300194,
		-0.364247,
		0.881594,
		0,
		0.851496,
		-0.518889,
		0.075557,
		0,
		0.429928,
		0.773355,
		0.465922,
		0,
		1.175174,
		0.10233,
		-1.183003,
		1,
	},
	[0.0833333333333] = {
		-0.289565,
		-0.355014,
		0.888885,
		0,
		0.798595,
		-0.601539,
		0.019901,
		0,
		0.527634,
		0.715622,
		0.457697,
		0,
		1.175342,
		0.143261,
		-1.172599,
		1,
	},
	[0] = {
		-0.30902,
		-0.405003,
		0.860511,
		0,
		0.949003,
		-0.190718,
		0.251036,
		0,
		0.062445,
		0.894203,
		0.443285,
		0,
		1.159219,
		0.007764,
		-1.210854,
		1,
	},
	[0.116666666667] = {
		-0.253568,
		-0.349102,
		0.902126,
		0,
		0.651004,
		-0.751383,
		-0.107785,
		0,
		0.71547,
		0.559957,
		0.417793,
		0,
		1.171827,
		0.23993,
		-1.147809,
		1,
	},
	[0.133333333333] = {
		-0.228912,
		-0.35591,
		0.90605,
		0,
		0.556122,
		-0.811737,
		-0.178359,
		0,
		0.798954,
		0.463046,
		0.383746,
		0,
		1.1683,
		0.294055,
		-1.133561,
		1,
	},
	[0.15] = {
		-0.201386,
		-0.37103,
		0.906521,
		0,
		0.448736,
		-0.857598,
		-0.251319,
		0,
		0.870677,
		0.356177,
		0.339203,
		0,
		1.163688,
		0.351043,
		-1.118201,
		1,
	},
	[0.166666666667] = {
		-0.172898,
		-0.395013,
		0.902259,
		0,
		0.331536,
		-0.88594,
		-0.324336,
		0,
		0.927464,
		0.243054,
		0.284139,
		0,
		1.158084,
		0.410221,
		-1.101831,
		1,
	},
	[0.183333333333] = {
		-0.145685,
		-0.427516,
		0.892192,
		0,
		0.20834,
		-0.894847,
		-0.394769,
		0,
		0.967146,
		0.128367,
		0.219434,
		0,
		1.151618,
		0.470974,
		-1.084545,
		1,
	},
	[0.1] = {
		-0.274011,
		-0.349359,
		0.896028,
		0,
		0.731938,
		-0.680116,
		-0.041344,
		0,
		0.623847,
		0.644508,
		0.442069,
		0,
		1.174199,
		0.189403,
		-1.160848,
		1,
	},
	[0.216666666667] = {
		-0.103575,
		-0.512262,
		0.852561,
		0,
		-0.037573,
		-0.854544,
		-0.518018,
		0,
		0.993912,
		-0.085687,
		0.069262,
		0,
		1.136943,
		0.594991,
		-1.047536,
		1,
	},
	[0.233333333333] = {
		-0.091694,
		-0.560013,
		0.823394,
		0,
		-0.151231,
		-0.809455,
		-0.567373,
		0,
		0.984236,
		-0.176547,
		-0.010469,
		0,
		1.129352,
		0.657194,
		-1.027924,
		1,
	},
	[0.25] = {
		-0.08672,
		-0.608025,
		0.789168,
		0,
		-0.253882,
		-0.752509,
		-0.607679,
		0,
		0.96334,
		-0.253053,
		-0.089109,
		0,
		1.122129,
		0.71881,
		-1.007631,
		1,
	},
	[0.266666666667] = {
		-0.088316,
		-0.654103,
		0.751232,
		0,
		-0.343342,
		-0.687971,
		-0.639384,
		0,
		0.935049,
		-0.314397,
		-0.163822,
		0,
		1.115759,
		0.779268,
		-0.986696,
		1,
	},
	[0.283333333333] = {
		-0.09559,
		-0.696591,
		0.711072,
		0,
		-0.418601,
		-0.619979,
		-0.663626,
		0,
		0.903126,
		-0.361091,
		-0.23233,
		0,
		1.110763,
		0.837966,
		-0.965164,
		1,
	},
	[0.2] = {
		-0.121964,
		-0.467275,
		0.875659,
		0,
		0.083719,
		-0.883945,
		-0.460036,
		0,
		0.988997,
		0.017202,
		0.14693,
		0,
		1.144482,
		0.532742,
		-1.066425,
		1,
	},
	[0.316666666667] = {
		-0.122176,
		-0.76725,
		0.629604,
		0,
		-0.526967,
		-0.487412,
		-0.69623,
		0,
		0.841058,
		-0.416843,
		-0.344765,
		0,
		1.107073,
		0.947534,
		-0.920526,
		1,
	},
	[0.333333333333] = {
		-0.138854,
		-0.795007,
		0.590494,
		0,
		-0.561601,
		-0.427906,
		-0.708168,
		0,
		0.815674,
		-0.429954,
		-0.387061,
		0,
		1.109469,
		0.99709,
		-0.897529,
		1,
	},
	[0.35] = {
		-0.158015,
		-0.81918,
		0.55134,
		0,
		-0.587621,
		-0.370713,
		-0.719218,
		0,
		0.793557,
		-0.437626,
		-0.422789,
		0,
		1.11526,
		1.037604,
		-0.87295,
		1,
	},
	[0.366666666667] = {
		-0.182992,
		-0.837856,
		0.514306,
		0,
		-0.601192,
		-0.318556,
		-0.732865,
		0,
		0.777871,
		-0.443305,
		-0.445419,
		0,
		1.11347,
		1.082744,
		-0.84305,
		1,
	},
	[0.383333333333] = {
		-0.210519,
		-0.851779,
		0.479744,
		0,
		-0.599009,
		-0.275433,
		-0.751881,
		0,
		0.772574,
		-0.445656,
		-0.452239,
		0,
		1.095041,
		1.144693,
		-0.805049,
		1,
	},
	[0.3] = {
		-0.107323,
		-0.734456,
		0.670116,
		0,
		-0.479609,
		-0.552156,
		-0.681982,
		0,
		0.870894,
		-0.394586,
		-0.292993,
		0,
		1.107685,
		0.894272,
		-0.943089,
		1,
	},
	[0.416666666667] = {
		-0.24131,
		-0.884357,
		0.399602,
		0,
		-0.566203,
		-0.20612,
		-0.798078,
		0,
		0.788152,
		-0.41884,
		-0.450986,
		0,
		1.019333,
		1.284304,
		-0.705518,
		1,
	},
	[0.433333333333] = {
		-0.168442,
		-0.927107,
		0.334813,
		0,
		-0.547855,
		-0.194317,
		-0.813693,
		0,
		0.81944,
		-0.320489,
		-0.475189,
		0,
		0.945132,
		1.354141,
		-0.646197,
		1,
	},
	[0.45] = {
		-0.059239,
		-0.967115,
		0.247345,
		0,
		-0.528354,
		-0.179852,
		-0.829756,
		0,
		0.846955,
		-0.17984,
		-0.500325,
		0,
		0.836836,
		1.406922,
		-0.579379,
		1,
	},
	[0.466666666667] = {
		0.110909,
		-0.985881,
		0.125451,
		0,
		-0.508999,
		-0.164766,
		-0.84485,
		0,
		0.853592,
		0.029847,
		-0.520086,
		0,
		0.688654,
		1.441361,
		-0.499569,
		1,
	},
	[0.483333333333] = {
		0.33093,
		-0.943349,
		-0.024052,
		0,
		-0.484369,
		-0.147934,
		-0.862266,
		0,
		0.809859,
		0.297,
		-0.505884,
		0,
		0.499412,
		1.460428,
		-0.405195,
		1,
	},
	[0.4] = {
		-0.232521,
		-0.865874,
		0.44294,
		0,
		-0.585755,
		-0.23889,
		-0.774482,
		0,
		0.776418,
		-0.439537,
		-0.451643,
		0,
		1.062651,
		1.214844,
		-0.759127,
		1,
	},
	[0.516666666667] = {
		0.6589,
		-0.700401,
		-0.274389,
		0,
		-0.417378,
		-0.036936,
		-0.907982,
		0,
		0.625816,
		0.712793,
		-0.31667,
		0,
		0.163604,
		1.447989,
		-0.241821,
		1,
	},
	[0.533333333333] = {
		0.745696,
		-0.56382,
		-0.355027,
		0,
		-0.396178,
		0.053208,
		-0.916631,
		0,
		0.535705,
		0.824182,
		-0.183696,
		0,
		0.046948,
		1.429599,
		-0.169384,
		1,
	},
	[0.55] = {
		0.833315,
		-0.368874,
		-0.411726,
		0,
		-0.40556,
		0.098163,
		-0.908782,
		0,
		0.375643,
		0.924281,
		-0.0678,
		0,
		-0.185284,
		1.325009,
		-0.05513,
		1,
	},
	[0.566666666667] = {
		0.918769,
		-0.078011,
		-0.387012,
		0,
		-0.360321,
		0.234931,
		-0.90276,
		0,
		0.161347,
		0.968877,
		0.187738,
		0,
		-0.477804,
		1.167504,
		0.123003,
		1,
	},
	[0.583333333333] = {
		0.891823,
		0.267138,
		-0.365087,
		0,
		-0.433988,
		0.277417,
		-0.857143,
		0,
		-0.127694,
		0.922863,
		0.363342,
		0,
		-0.61245,
		0.941835,
		0.258186,
		1,
	},
	[0.5] = {
		0.527009,
		-0.833742,
		-0.164731,
		0,
		-0.450067,
		-0.109378,
		-0.886271,
		0,
		0.720903,
		0.541213,
		-0.432883,
		0,
		0.311676,
		1.461498,
		-0.316231,
		1,
	},
	[0.616666666667] = {
		0.664944,
		0.746891,
		-0.001705,
		0,
		-0.526053,
		0.466713,
		-0.710949,
		0,
		-0.530205,
		0.473638,
		0.703242,
		0,
		-0.747781,
		-0.084373,
		0.3585,
		1,
	},
	[0.633333333333] = {
		0.706073,
		0.682197,
		0.189918,
		0,
		-0.507876,
		0.674738,
		-0.535529,
		0,
		-0.493481,
		0.281668,
		0.822885,
		0,
		-0.718657,
		-0.495383,
		0.383747,
		1,
	},
	[0.65] = {
		0.727694,
		0.661966,
		0.179618,
		0,
		-0.580941,
		0.73405,
		-0.351679,
		0,
		-0.364648,
		0.151568,
		0.918727,
		0,
		-0.592459,
		-0.645453,
		0.364187,
		1,
	},
	[0.666666666667] = {
		0.651657,
		0.745916,
		0.13767,
		0,
		-0.750008,
		0.660752,
		-0.029909,
		0,
		-0.113276,
		-0.083763,
		0.990026,
		0,
		-0.381845,
		-0.672808,
		0.252367,
		1,
	},
	[0.683333333333] = {
		0.529391,
		0.833426,
		0.158577,
		0,
		-0.847401,
		0.510494,
		0.145972,
		0,
		0.040704,
		-0.211655,
		0.976497,
		0,
		-0.207869,
		-0.67152,
		0.115725,
		1,
	},
	[0.6] = {
		0.704695,
		0.587824,
		-0.397326,
		0,
		-0.573694,
		0.142576,
		-0.806565,
		0,
		-0.417469,
		0.796326,
		0.437704,
		0,
		-0.674924,
		0.493773,
		0.335643,
		1,
	},
	[0.716666666667] = {
		0.230963,
		0.924138,
		0.304345,
		0,
		-0.963487,
		0.173688,
		0.203775,
		0,
		0.135455,
		-0.340297,
		0.930511,
		0,
		0.081278,
		-1.152487,
		-0.179868,
		1,
	},
	[0.733333333333] = {
		0.019921,
		0.925147,
		0.379085,
		0,
		-0.973071,
		-0.069149,
		0.21989,
		0,
		0.229644,
		-0.373257,
		0.898856,
		0,
		0.238638,
		-1.289541,
		-0.334358,
		1,
	},
	[0.75] = {
		-0.212289,
		0.866999,
		0.450827,
		0,
		-0.912988,
		-0.340454,
		0.224821,
		0,
		0.348406,
		-0.363873,
		0.863834,
		0,
		0.393848,
		-1.212964,
		-0.486973,
		1,
	},
	[0.766666666667] = {
		-0.434102,
		0.739595,
		0.51435,
		0,
		-0.766517,
		-0.603207,
		0.220439,
		0,
		0.473295,
		-0.298565,
		0.828765,
		0,
		0.533075,
		-1.10617,
		-0.631106,
		1,
	},
	[0.783333333333] = {
		-0.610475,
		0.553386,
		0.566642,
		0,
		-0.540459,
		-0.814035,
		0.212724,
		0,
		0.578985,
		-0.176385,
		0.796031,
		0,
		0.646111,
		-0.978338,
		-0.762423,
		1,
	},
	[0.7] = {
		0.402456,
		0.885909,
		0.230638,
		0,
		-0.912528,
		0.368158,
		0.178193,
		0,
		0.072952,
		-0.282178,
		0.956584,
		0,
		-0.068234,
		-0.838206,
		-0.029263,
		1,
	},
	[0.816666666667] = {
		-0.751683,
		0.125713,
		0.647432,
		0,
		0.019666,
		-0.976957,
		0.21253,
		0,
		0.659231,
		0.172488,
		0.73189,
		0,
		0.774696,
		-0.706924,
		-0.974145,
		1,
	},
	[0.833333333333] = {
		-0.723463,
		-0.054485,
		0.68821,
		0,
		0.281258,
		-0.933661,
		0.221747,
		0,
		0.630473,
		0.35399,
		0.690793,
		0,
		0.791115,
		-0.582247,
		-1.049166,
		1,
	},
	[0.85] = {
		-0.649123,
		-0.187781,
		0.737141,
		0,
		0.501035,
		-0.834695,
		0.228577,
		0,
		0.572366,
		0.517708,
		0.635905,
		0,
		0.777921,
		-0.472372,
		-1.099095,
		1,
	},
	[0.866666666667] = {
		-0.617228,
		-0.180761,
		0.765738,
		0,
		0.56709,
		-0.776842,
		0.273725,
		0,
		0.545379,
		0.603193,
		0.581997,
		0,
		0.773984,
		-0.386623,
		-1.134176,
		1,
	},
	[0.883333333333] = {
		-0.584074,
		-0.169486,
		0.793808,
		0,
		0.632013,
		-0.708613,
		0.313731,
		0,
		0.50933,
		0.68494,
		0.521,
		0,
		0.768727,
		-0.303601,
		-1.168074,
		1,
	},
	[0.8] = {
		-0.71772,
		0.337325,
		0.609171,
		0,
		-0.265177,
		-0.941316,
		0.20882,
		0,
		0.643863,
		-0.011664,
		0.765052,
		0,
		0.726963,
		-0.841556,
		-0.877633,
		1,
	},
	[0.916666666667] = {
		-0.518588,
		-0.132864,
		0.844638,
		0,
		0.746452,
		-0.552115,
		0.371455,
		0,
		0.416984,
		0.823113,
		0.385497,
		0,
		0.756007,
		-0.155828,
		-1.228946,
		1,
	},
	[0.933333333333] = {
		-0.488569,
		-0.108066,
		0.865807,
		0,
		0.791891,
		-0.471555,
		0.388001,
		0,
		0.366345,
		0.87519,
		0.315964,
		0,
		0.749428,
		-0.095535,
		-1.254412,
		1,
	},
	[0.95] = {
		-0.461625,
		-0.07992,
		0.883468,
		0,
		0.82839,
		-0.395062,
		0.397108,
		0,
		0.317288,
		0.915171,
		0.248575,
		0,
		0.743164,
		-0.046977,
		-1.275765,
		1,
	},
	[0.966666666667] = {
		-0.438347,
		-0.049369,
		0.897449,
		0,
		0.856251,
		-0.326534,
		0.400262,
		0,
		0.273287,
		0.943895,
		0.185408,
		0,
		0.73741,
		-0.012044,
		-1.292572,
		1,
	},
	[0.983333333333] = {
		-0.419016,
		-0.017326,
		0.907813,
		0,
		0.876346,
		-0.269326,
		0.399351,
		0,
		0.237579,
		0.962893,
		0.128035,
		0,
		0.732241,
		0.007375,
		-1.304507,
		1,
	},
	[0.9] = {
		-0.550794,
		-0.153504,
		0.820404,
		0,
		0.692636,
		-0.632518,
		0.346665,
		0,
		0.465706,
		0.759182,
		0.454709,
		0,
		0.76258,
		-0.225889,
		-1.199932,
		1,
	},
	{
		-0.403629,
		0.015453,
		0.914792,
		0,
		0.889756,
		-0.226267,
		0.396405,
		0,
		0.213112,
		0.973943,
		0.077578,
		0,
		0.727642,
		0.009342,
		-1.311313,
		1,
	},
}

return spline_matrices
