local spline_matrices = {
	[0] = {
		0.581765,
		-0.517026,
		0.62788,
		0,
		-0.486181,
		0.397817,
		0.778055,
		0,
		-0.652056,
		-0.757909,
		-0.019932,
		0,
		-0.240986,
		0.307192,
		-1.375371,
		1
	},
	{
		-0.295829,
		0.242233,
		0.924017,
		0,
		0.9379,
		-0.10982,
		0.329063,
		0,
		0.181186,
		0.963983,
		-0.194703,
		0,
		0.773564,
		0.281292,
		-1.463515,
		1
	},
	[0.0166666666667] = {
		0.725468,
		-0.460759,
		0.51127,
		0,
		-0.429062,
		0.278062,
		0.859411,
		0,
		-0.538146,
		-0.842842,
		0.004031,
		0,
		-0.26971,
		0.258597,
		-1.325409,
		1
	},
	[0.0333333333333] = {
		0.854818,
		-0.366794,
		0.36708,
		0,
		-0.3346,
		0.151102,
		0.930167,
		0,
		-0.396647,
		-0.917949,
		0.006436,
		0,
		-0.333588,
		0.165174,
		-1.226555,
		1
	},
	[0.05] = {
		0.948634,
		-0.238397,
		0.207992,
		0,
		-0.206303,
		0.032301,
		0.977955,
		0,
		-0.23986,
		-0.97063,
		-0.01854,
		0,
		-0.414821,
		0.048835,
		-1.097336,
		1
	},
	[0.0666666666667] = {
		0.994225,
		-0.092208,
		0.054895,
		0,
		-0.060814,
		-0.062656,
		0.996181,
		0,
		-0.088416,
		-0.993767,
		-0.067902,
		0,
		-0.498129,
		-0.067484,
		-0.956044,
		1
	},
	[0.0833333333333] = {
		0.996404,
		0.04601,
		-0.071151,
		0,
		0.076431,
		-0.12558,
		0.989135,
		0,
		0.036575,
		-0.991016,
		-0.128645,
		0,
		-0.57072,
		-0.16134,
		-0.819393,
		1
	},
	[0.116666666667] = {
		0.958514,
		0.208216,
		-0.194673,
		0,
		0.231595,
		-0.170715,
		0.957716,
		0,
		0.166178,
		-0.963069,
		-0.211854,
		0,
		-0.645917,
		-0.212633,
		-0.588016,
		1
	},
	[0.133333333333] = {
		0.955625,
		0.224062,
		-0.191251,
		0,
		0.231446,
		-0.169416,
		0.957983,
		0,
		0.182247,
		-0.959737,
		-0.213757,
		0,
		-0.665594,
		-0.186595,
		-0.465506,
		1
	},
	[0.15] = {
		0.962625,
		0.206953,
		-0.174711,
		0,
		0.210331,
		-0.164833,
		0.963634,
		0,
		0.170629,
		-0.964365,
		-0.202201,
		0,
		-0.681776,
		-0.139286,
		-0.355453,
		1
	},
	[0.166666666667] = {
		0.971477,
		0.163338,
		-0.171909,
		0,
		0.19865,
		-0.164664,
		0.966139,
		0,
		0.1295,
		-0.972731,
		-0.192414,
		0,
		-0.695386,
		-0.074288,
		-0.279053,
		1
	},
	[0.183333333333] = {
		0.978431,
		0.068207,
		-0.194991,
		0,
		0.204115,
		-0.173944,
		0.963369,
		0,
		0.031791,
		-0.98239,
		-0.184115,
		0,
		-0.711408,
		0.049568,
		-0.225829,
		1
	},
	[0.1] = {
		0.975962,
		0.151089,
		-0.157069,
		0,
		0.180828,
		-0.159077,
		0.970565,
		0,
		0.121656,
		-0.975637,
		-0.182574,
		0,
		-0.620735,
		-0.212015,
		-0.702132,
		1
	},
	[0.216666666667] = {
		0.962988,
		-0.125099,
		-0.238756,
		0,
		0.212287,
		-0.193836,
		0.95779,
		0,
		-0.166098,
		-0.973025,
		-0.160105,
		0,
		-0.732708,
		0.285553,
		-0.128303,
		1
	},
	[0.233333333333] = {
		0.959352,
		-0.144373,
		-0.242488,
		0,
		0.212655,
		-0.195064,
		0.957459,
		0,
		-0.185532,
		-0.970106,
		-0.156433,
		0,
		-0.726392,
		0.349566,
		-0.089513,
		1
	},
	[0.25] = {
		0.959712,
		-0.143237,
		-0.241734,
		0,
		0.212331,
		-0.19377,
		0.957794,
		0,
		-0.184033,
		-0.970534,
		-0.15555,
		0,
		-0.709529,
		0.431184,
		-0.056956,
		1
	},
	[0.266666666667] = {
		0.957935,
		-0.152406,
		-0.243174,
		0,
		0.212343,
		-0.193605,
		0.957824,
		0,
		-0.193058,
		-0.969169,
		-0.153099,
		0,
		-0.682823,
		0.573999,
		-0.030007,
		1
	},
	[0.283333333333] = {
		0.937124,
		-0.225229,
		-0.26659,
		0,
		0.235422,
		-0.155935,
		0.959302,
		0,
		-0.257634,
		-0.961746,
		-0.093107,
		0,
		-0.649301,
		0.711018,
		0.001856,
		1
	},
	[0.2] = {
		0.973263,
		-0.054033,
		-0.223246,
		0,
		0.209798,
		-0.186546,
		0.959784,
		0,
		-0.093506,
		-0.980959,
		-0.170223,
		0,
		-0.727035,
		0.195914,
		-0.174091,
		1
	},
	[0.316666666667] = {
		0.791421,
		-0.531087,
		-0.302652,
		0,
		0.377786,
		0.035725,
		0.925203,
		0,
		-0.480552,
		-0.846564,
		0.228911,
		0,
		-0.538785,
		0.857514,
		0.072967,
		1
	},
	[0.333333333333] = {
		0.696921,
		-0.665478,
		-0.267284,
		0,
		0.450357,
		0.116073,
		0.885272,
		0,
		-0.558104,
		-0.737337,
		0.380596,
		0,
		-0.448185,
		0.976601,
		0.087888,
		1
	},
	[0.35] = {
		0.512012,
		-0.824245,
		-0.241794,
		0,
		0.536282,
		0.086846,
		0.839559,
		0,
		-0.671004,
		-0.559534,
		0.486494,
		0,
		-0.323595,
		1.172122,
		0.067872,
		1
	},
	[0.366666666667] = {
		0.210472,
		-0.960796,
		-0.180481,
		0,
		0.594962,
		-0.020599,
		0.80349,
		0,
		-0.775707,
		-0.276491,
		0.567301,
		0,
		-0.185764,
		1.39885,
		0.020959,
		1
	},
	[0.383333333333] = {
		-0.158426,
		-0.987352,
		0.006153,
		0,
		0.554547,
		-0.08382,
		0.82792,
		0,
		-0.816933,
		0.134576,
		0.560812,
		0,
		-0.059182,
		1.553036,
		-0.04913,
		1
	},
	[0.3] = {
		0.880549,
		-0.367663,
		-0.299094,
		0,
		0.296234,
		-0.065671,
		0.952855,
		0,
		-0.369971,
		-0.927638,
		0.051088,
		0,
		-0.604538,
		0.786308,
		0.040663,
		1
	},
	[0.416666666667] = {
		-0.611053,
		-0.708366,
		0.353316,
		0,
		0.571634,
		-0.086114,
		0.815978,
		0,
		-0.547585,
		0.700573,
		0.457546,
		0,
		0.300479,
		1.696351,
		-0.240702,
		1
	},
	[0.433333333333] = {
		-0.786456,
		-0.34327,
		0.513471,
		0,
		0.561509,
		-0.051068,
		0.825893,
		0,
		-0.257282,
		0.937848,
		0.232912,
		0,
		0.532963,
		1.709795,
		-0.411911,
		1
	},
	[0.45] = {
		-0.85023,
		-0.171843,
		0.497573,
		0,
		0.511329,
		-0.044958,
		0.858209,
		0,
		-0.125107,
		0.984098,
		0.126093,
		0,
		0.771304,
		1.591886,
		-0.575268,
		1
	},
	[0.466666666667] = {
		-0.85499,
		-0.16947,
		0.490175,
		0,
		0.507752,
		-0.080836,
		0.857702,
		0,
		-0.105731,
		0.982215,
		0.155162,
		0,
		0.990116,
		1.516807,
		-0.675647,
		1
	},
	[0.483333333333] = {
		-0.867452,
		0.072801,
		0.492166,
		0,
		0.487996,
		-0.068137,
		0.870182,
		0,
		0.096885,
		0.995016,
		0.02358,
		0,
		1.171107,
		1.390719,
		-0.745664,
		1
	},
	[0.4] = {
		-0.456643,
		-0.87354,
		0.168535,
		0,
		0.517965,
		-0.107028,
		0.84868,
		0,
		-0.723318,
		0.474839,
		0.501337,
		0,
		0.099709,
		1.641518,
		-0.119461,
		1
	},
	[0.516666666667] = {
		-0.740269,
		0.499553,
		0.449942,
		0,
		0.528323,
		0.018357,
		0.848845,
		0,
		0.415783,
		0.866089,
		-0.277515,
		0,
		1.305039,
		1.083799,
		-0.881179,
		1
	},
	[0.533333333333] = {
		-0.709131,
		0.460167,
		0.534209,
		0,
		0.604379,
		0.00651,
		0.79667,
		0,
		0.363124,
		0.887808,
		-0.282732,
		0,
		1.386724,
		0.987293,
		-0.952781,
		1
	},
	[0.55] = {
		-0.669471,
		0.348381,
		0.656079,
		0,
		0.695652,
		-0.015735,
		0.718207,
		0,
		0.260533,
		0.937221,
		-0.231818,
		0,
		1.460259,
		0.877324,
		-1.026754,
		1
	},
	[0.566666666667] = {
		-0.594774,
		0.271281,
		0.756737,
		0,
		0.780644,
		-0.029843,
		0.624263,
		0,
		0.191934,
		0.962037,
		-0.194024,
		0,
		1.48274,
		0.750292,
		-1.110901,
		1
	},
	[0.583333333333] = {
		-0.480556,
		0.251249,
		0.840202,
		0,
		0.860353,
		-0.050521,
		0.507189,
		0,
		0.169878,
		0.966603,
		-0.191885,
		0,
		1.19853,
		0.537819,
		-1.29857,
		1
	},
	[0.5] = {
		-0.806752,
		0.367575,
		0.462644,
		0,
		0.49104,
		-0.018468,
		0.870942,
		0,
		0.32868,
		0.929811,
		-0.165595,
		0,
		1.284773,
		1.197384,
		-0.827604,
		1
	},
	[0.616666666667] = {
		-0.303196,
		0.223929,
		0.926244,
		0,
		0.940849,
		-0.083928,
		0.328267,
		0,
		0.151247,
		0.970985,
		-0.185237,
		0,
		0.764493,
		0.319379,
		-1.460463,
		1
	},
	[0.633333333333] = {
		-0.302447,
		0.225941,
		0.926,
		0,
		0.94059,
		-0.086547,
		0.328329,
		0,
		0.154326,
		0.970289,
		-0.186342,
		0,
		0.765448,
		0.315291,
		-1.460851,
		1
	},
	[0.65] = {
		-0.301411,
		0.228938,
		0.925602,
		0,
		0.940205,
		-0.090145,
		0.328463,
		0,
		0.158637,
		0.969258,
		-0.188078,
		0,
		0.766801,
		0.309272,
		-1.461428,
		1
	},
	[0.666666666667] = {
		-0.300435,
		0.23151,
		0.925279,
		0,
		0.939834,
		-0.093564,
		0.328571,
		0,
		0.16264,
		0.968323,
		-0.189471,
		0,
		0.768032,
		0.304003,
		-1.461887,
		1
	},
	[0.683333333333] = {
		-0.299523,
		0.233725,
		0.925018,
		0,
		0.939477,
		-0.096784,
		0.328659,
		0,
		0.166343,
		0.967474,
		-0.19059,
		0,
		0.769154,
		0.299373,
		-1.462252,
		1
	},
	[0.6] = {
		-0.339157,
		0.228726,
		0.9125,
		0,
		0.928136,
		-0.076831,
		0.364227,
		0,
		0.153417,
		0.970454,
		-0.186231,
		0,
		0.793163,
		0.333759,
		-1.449851,
		1
	},
	[0.716666666667] = {
		-0.297902,
		0.237368,
		0.924614,
		0,
		0.938812,
		-0.102562,
		0.328806,
		0,
		0.172878,
		0.96599,
		-0.192291,
		0,
		0.77111,
		0.291597,
		-1.462793,
		1
	},
	[0.733333333333] = {
		-0.297194,
		0.238935,
		0.924438,
		0,
		0.938508,
		-0.105084,
		0.328878,
		0,
		0.175724,
		0.965333,
		-0.193012,
		0,
		0.771956,
		0.288231,
		-1.463014,
		1
	},
	[0.75] = {
		-0.296552,
		0.240426,
		0.924258,
		0,
		0.938225,
		-0.107338,
		0.328956,
		0,
		0.178297,
		0.964715,
		-0.193742,
		0,
		0.772717,
		0.285066,
		-1.463233,
		1
	},
	[0.766666666667] = {
		-0.295975,
		0.241909,
		0.924056,
		0,
		0.937966,
		-0.109305,
		0.329046,
		0,
		0.180603,
		0.964123,
		-0.19455,
		0,
		0.773394,
		0.281991,
		-1.463471,
		1
	},
	[0.783333333333] = {
		-0.295829,
		0.242233,
		0.924017,
		0,
		0.9379,
		-0.10982,
		0.329063,
		0,
		0.181186,
		0.963983,
		-0.194703,
		0,
		0.773564,
		0.281292,
		-1.463515,
		1
	},
	[0.7] = {
		-0.298678,
		0.235655,
		0.924802,
		0,
		0.939135,
		-0.09979,
		0.328735,
		0,
		0.169753,
		0.9667,
		-0.191507,
		0,
		0.770178,
		0.295275,
		-1.462547,
		1
	},
	[0.816666666667] = {
		-0.295829,
		0.242233,
		0.924017,
		0,
		0.9379,
		-0.10982,
		0.329063,
		0,
		0.181186,
		0.963983,
		-0.194703,
		0,
		0.773564,
		0.281292,
		-1.463515,
		1
	},
	[0.833333333333] = {
		-0.295829,
		0.242233,
		0.924017,
		0,
		0.9379,
		-0.10982,
		0.329063,
		0,
		0.181186,
		0.963983,
		-0.194703,
		0,
		0.773564,
		0.281292,
		-1.463515,
		1
	},
	[0.85] = {
		-0.295829,
		0.242233,
		0.924017,
		0,
		0.9379,
		-0.10982,
		0.329063,
		0,
		0.181186,
		0.963983,
		-0.194703,
		0,
		0.773564,
		0.281292,
		-1.463515,
		1
	},
	[0.866666666667] = {
		-0.295829,
		0.242233,
		0.924017,
		0,
		0.9379,
		-0.10982,
		0.329063,
		0,
		0.181186,
		0.963983,
		-0.194703,
		0,
		0.773564,
		0.281292,
		-1.463515,
		1
	},
	[0.883333333333] = {
		-0.295829,
		0.242233,
		0.924017,
		0,
		0.9379,
		-0.10982,
		0.329063,
		0,
		0.181186,
		0.963983,
		-0.194703,
		0,
		0.773564,
		0.281292,
		-1.463515,
		1
	},
	[0.8] = {
		-0.295829,
		0.242233,
		0.924017,
		0,
		0.9379,
		-0.10982,
		0.329063,
		0,
		0.181186,
		0.963983,
		-0.194703,
		0,
		0.773564,
		0.281292,
		-1.463515,
		1
	},
	[0.916666666667] = {
		-0.295829,
		0.242233,
		0.924017,
		0,
		0.9379,
		-0.10982,
		0.329063,
		0,
		0.181186,
		0.963983,
		-0.194703,
		0,
		0.773564,
		0.281292,
		-1.463515,
		1
	},
	[0.933333333333] = {
		-0.295829,
		0.242233,
		0.924017,
		0,
		0.9379,
		-0.10982,
		0.329063,
		0,
		0.181186,
		0.963983,
		-0.194703,
		0,
		0.773564,
		0.281292,
		-1.463515,
		1
	},
	[0.95] = {
		-0.295829,
		0.242233,
		0.924017,
		0,
		0.9379,
		-0.10982,
		0.329063,
		0,
		0.181186,
		0.963983,
		-0.194703,
		0,
		0.773564,
		0.281292,
		-1.463515,
		1
	},
	[0.966666666667] = {
		-0.295829,
		0.242233,
		0.924017,
		0,
		0.9379,
		-0.10982,
		0.329063,
		0,
		0.181186,
		0.963983,
		-0.194703,
		0,
		0.773564,
		0.281292,
		-1.463515,
		1
	},
	[0.983333333333] = {
		-0.295829,
		0.242233,
		0.924017,
		0,
		0.9379,
		-0.10982,
		0.329063,
		0,
		0.181186,
		0.963983,
		-0.194703,
		0,
		0.773564,
		0.281292,
		-1.463515,
		1
	},
	[0.9] = {
		-0.295829,
		0.242233,
		0.924017,
		0,
		0.9379,
		-0.10982,
		0.329063,
		0,
		0.181186,
		0.963983,
		-0.194703,
		0,
		0.773564,
		0.281292,
		-1.463515,
		1
	}
}

return spline_matrices
