local spline_matrices = {
	[0] = {
		-0.462381,
		0.13011,
		0.877083,
		0,
		0.852336,
		-0.207419,
		0.480104,
		0,
		0.24439,
		0.969561,
		-0.014991,
		0,
		0.560522,
		-0.56776,
		-1.245654,
		1
	},
	{
		0.025815,
		0.062213,
		0.997729,
		0,
		0.871057,
		-0.491115,
		0.008086,
		0,
		0.490503,
		0.86887,
		-0.06687,
		0,
		0.762656,
		-0.100549,
		-1.199351,
		1
	},
	[0.0333333333333] = {
		-0.459963,
		0.372114,
		0.806204,
		0,
		0.80499,
		-0.208426,
		0.555472,
		0,
		0.374733,
		0.904483,
		-0.20368,
		0,
		0.534414,
		-0.580801,
		-1.247284,
		1
	},
	[0.0666666666667] = {
		-0.443128,
		0.646422,
		0.621109,
		0,
		0.733255,
		-0.137231,
		0.665962,
		0,
		0.515727,
		0.750538,
		-0.413181,
		0,
		0.441899,
		-0.564305,
		-1.221207,
		1
	},
	[0.133333333333] = {
		-0.211624,
		0.971705,
		-0.104904,
		0,
		0.587377,
		0.212237,
		0.780989,
		0,
		0.781155,
		0.103657,
		-0.615672,
		0,
		0.106835,
		-0.442024,
		-1.064662,
		1
	},
	[0.166666666667] = {
		0.00656,
		0.879165,
		-0.476472,
		0,
		0.569449,
		0.388393,
		0.724485,
		0,
		0.822,
		-0.276079,
		-0.498092,
		0,
		-0.108323,
		-0.319278,
		-0.951394,
		1
	},
	[0.1] = {
		-0.368766,
		0.879492,
		0.300843,
		0,
		0.651231,
		0.013513,
		0.75876,
		0,
		0.663258,
		0.475722,
		-0.577735,
		0,
		0.295618,
		-0.5207,
		-1.160193,
		1
	},
	[0.233333333333] = {
		0.428816,
		0.400903,
		-0.809564,
		0,
		0.657006,
		0.476672,
		0.584061,
		0,
		0.620048,
		-0.782343,
		-0.058991,
		0,
		-0.520855,
		0.027577,
		-0.767389,
		1
	},
	[0.266666666667] = {
		0.58695,
		0.167967,
		-0.792008,
		0,
		0.705439,
		0.373943,
		0.602099,
		0,
		0.397299,
		-0.912115,
		0.100995,
		0,
		-0.669615,
		0.21665,
		-0.727138,
		1
	},
	[0.2] = {
		0.232763,
		0.657965,
		-0.716173,
		0,
		0.600115,
		0.48231,
		0.638152,
		0,
		0.765299,
		-0.578324,
		-0.282591,
		0,
		-0.326137,
		-0.157016,
		-0.845855,
		1
	},
	[0.333333333333] = {
		0.867342,
		-0.223976,
		-0.444468,
		0,
		0.353867,
		-0.35047,
		0.86715,
		0,
		-0.349994,
		-0.909398,
		-0.22472,
		0,
		-0.670397,
		0.660701,
		-0.883849,
		1
	},
	[0.366666666667] = {
		0.8283,
		-0.484197,
		-0.281909,
		0,
		-0.238606,
		-0.760086,
		0.60443,
		0,
		-0.506939,
		-0.433384,
		-0.745111,
		0,
		-0.411571,
		1.015951,
		-0.991163,
		1
	},
	[0.3] = {
		0.715141,
		-0.02396,
		-0.698569,
		0,
		0.692201,
		0.163127,
		0.703027,
		0,
		0.097111,
		-0.986314,
		0.133244,
		0,
		-0.750712,
		0.400534,
		-0.73445,
		1
	},
	[0.433333333333] = {
		0.686723,
		-0.474927,
		-0.550323,
		0,
		-0.693027,
		-0.656218,
		-0.298482,
		0,
		-0.219374,
		0.586363,
		-0.779778,
		0,
		-0.000912,
		1.448956,
		-0.350646,
		1
	},
	[0.466666666667] = {
		0.683191,
		-0.281795,
		-0.673677,
		0,
		-0.724228,
		-0.379599,
		-0.575672,
		0,
		-0.093506,
		0.88119,
		-0.463423,
		0,
		0.066541,
		1.43664,
		-0.038563,
		1
	},
	[0.4] = {
		0.731512,
		-0.553548,
		-0.398088,
		0,
		-0.564123,
		-0.819289,
		0.102623,
		0,
		-0.382956,
		0.149501,
		-0.911589,
		0,
		-0.087016,
		1.418544,
		-0.641612,
		1
	},
	[0.533333333333] = {
		0.460518,
		0.130764,
		-0.877966,
		0,
		-0.877931,
		-0.078867,
		-0.472247,
		0,
		-0.130996,
		0.988272,
		0.078482,
		0,
		0.469255,
		0.695427,
		0.866473,
		1
	},
	[0.566666666667] = {
		0.478724,
		0.173845,
		-0.860582,
		0,
		-0.872545,
		-0.014548,
		-0.488317,
		0,
		-0.097412,
		0.984666,
		0.144723,
		0,
		0.532238,
		0.338402,
		0.972261,
		1
	},
	[0.5] = {
		0.658095,
		-0.043307,
		-0.751688,
		0,
		-0.739234,
		-0.22675,
		-0.634127,
		0,
		-0.142984,
		0.97299,
		-0.181237,
		0,
		0.204057,
		1.212555,
		0.472122,
		1
	},
	[0.633333333333] = {
		0.678839,
		0.635433,
		-0.367971,
		0,
		-0.66968,
		0.741304,
		0.044688,
		0,
		0.301175,
		0.216087,
		0.928763,
		0,
		1.085701,
		-0.702996,
		0.43493,
		1
	},
	[0.666666666667] = {
		0.641636,
		0.730722,
		-0.233129,
		0,
		0.174799,
		0.156638,
		0.972065,
		0,
		0.746826,
		-0.664462,
		-0.027225,
		0,
		1.534515,
		-0.772652,
		-0.247178,
		1
	},
	[0.6] = {
		0.807069,
		0.3357,
		-0.485742,
		0,
		-0.585317,
		0.56317,
		-0.583304,
		0,
		0.07774,
		0.755079,
		0.651008,
		0,
		0.6755,
		-0.219316,
		0.934803,
		1
	},
	[0.733333333333] = {
		0.272649,
		0.142175,
		0.951551,
		0,
		0.946327,
		-0.218055,
		-0.238572,
		0,
		0.173572,
		0.965525,
		-0.193996,
		0,
		0.70198,
		-0.127795,
		-1.080781,
		1
	},
	[0.766666666667] = {
		0.245882,
		0.127243,
		0.960912,
		0,
		0.945363,
		-0.250431,
		-0.208741,
		0,
		0.214082,
		0.959736,
		-0.181867,
		0,
		0.70814,
		-0.121826,
		-1.1018,
		1
	},
	[0.7] = {
		0.290007,
		0.155882,
		0.944244,
		0,
		0.946679,
		-0.191412,
		-0.259155,
		0,
		0.140342,
		0.969052,
		-0.203081,
		0,
		0.697754,
		-0.13339,
		-1.061149,
		1
	},
	[0.833333333333] = {
		0.173909,
		0.098865,
		0.979786,
		0,
		0.935546,
		-0.32719,
		-0.133042,
		0,
		0.307423,
		0.939773,
		-0.149394,
		0,
		0.724561,
		-0.11175,
		-1.143319,
		1
	},
	[0.866666666667] = {
		0.134263,
		0.087505,
		0.987075,
		0,
		0.92534,
		-0.367483,
		-0.093288,
		0,
		0.35457,
		0.925904,
		-0.130311,
		0,
		0.73383,
		-0.108193,
		-1.161672,
		1
	},
	[0.8] = {
		0.212096,
		0.112375,
		0.970766,
		0,
		0.942125,
		-0.287439,
		-0.172564,
		0,
		0.259644,
		0.951184,
		-0.166836,
		0,
		0.715816,
		-0.116329,
		-1.123022,
		1
	},
	[0.933333333333] = {
		0.063467,
		0.07167,
		0.995407,
		0,
		0.897246,
		-0.440795,
		-0.025471,
		0,
		0.436945,
		0.894742,
		-0.092281,
		0,
		0.751317,
		-0.103491,
		-1.189096,
		1
	},
	[0.966666666667] = {
		0.038893,
		0.066496,
		0.997028,
		0,
		0.882805,
		-0.469729,
		-0.003109,
		0,
		0.468127,
		0.880303,
		-0.076972,
		0,
		0.758111,
		-0.101949,
		-1.196696,
		1
	},
	[0.9] = {
		0.096349,
		0.078492,
		0.992248,
		0,
		0.9121,
		-0.406064,
		-0.056444,
		0,
		0.398486,
		0.910468,
		-0.110716,
		0,
		0.742983,
		-0.10549,
		-1.177193,
		1
	},
	[1.03333333333] = {
		0.025815,
		0.062213,
		0.997729,
		0,
		0.871057,
		-0.491115,
		0.008086,
		0,
		0.490503,
		0.86887,
		-0.06687,
		0,
		0.762656,
		-0.100549,
		-1.199351,
		1
	},
	[1.06666666667] = {
		0.025815,
		0.062213,
		0.997729,
		0,
		0.871057,
		-0.491115,
		0.008086,
		0,
		0.490503,
		0.86887,
		-0.06687,
		0,
		0.762656,
		-0.100549,
		-1.199351,
		1
	},
	[1.13333333333] = {
		0.025815,
		0.062213,
		0.997729,
		0,
		0.871057,
		-0.491115,
		0.008086,
		0,
		0.490503,
		0.86887,
		-0.06687,
		0,
		0.762656,
		-0.100549,
		-1.199351,
		1
	},
	[1.1] = {
		0.025815,
		0.062213,
		0.997729,
		0,
		0.871057,
		-0.491115,
		0.008086,
		0,
		0.490503,
		0.86887,
		-0.06687,
		0,
		0.762656,
		-0.100549,
		-1.199351,
		1
	}
}

return spline_matrices
