local spline_matrices = {
	[0] = {
		-0.403629,
		0.019807,
		0.914708,
		0,
		0.889756,
		-0.224377,
		0.397477,
		0,
		0.213112,
		0.974301,
		0.072942,
		0,
		0.739488,
		-0.777486,
		-0.878962,
		1
	},
	{
		-0.475219,
		0.233027,
		0.848449,
		0,
		0.784366,
		-0.324725,
		0.528511,
		0,
		0.39867,
		0.916653,
		-0.028463,
		0,
		0.707885,
		-0.601508,
		-0.647227,
		1
	},
	[0.0166666666667] = {
		-0.363839,
		-0.039286,
		0.930633,
		0,
		0.894418,
		-0.293695,
		0.337282,
		0,
		0.260072,
		0.955092,
		0.141995,
		0,
		0.743513,
		-0.748281,
		-0.868002,
		1
	},
	[0.0333333333333] = {
		-0.325004,
		-0.106175,
		0.939734,
		0,
		0.893337,
		-0.360565,
		0.268219,
		0,
		0.310357,
		0.926671,
		0.212035,
		0,
		0.760433,
		-0.690136,
		-0.850858,
		1
	},
	[0.05] = {
		-0.2875,
		-0.180389,
		0.94064,
		0,
		0.88586,
		-0.423467,
		0.189547,
		0,
		0.364138,
		0.88777,
		0.281546,
		0,
		0.78883,
		-0.607398,
		-0.82752,
		1
	},
	[0.0666666666667] = {
		-0.251956,
		-0.261043,
		0.931866,
		0,
		0.871219,
		-0.480395,
		0.100985,
		0,
		0.421302,
		0.837304,
		0.348464,
		0,
		0.827289,
		-0.504495,
		-0.798057,
		1
	},
	[0.0833333333333] = {
		-0.219235,
		-0.346713,
		0.91199,
		0,
		0.848657,
		-0.528936,
		0.002924,
		0,
		0.48137,
		0.774608,
		0.410201,
		0,
		0.874399,
		-0.385935,
		-0.762655,
		1
	},
	[0.116666666667] = {
		-0.166465,
		-0.524361,
		0.835066,
		0,
		0.777721,
		-0.590437,
		-0.215718,
		0,
		0.606167,
		0.613539,
		0.506094,
		0,
		0.988835,
		-0.120114,
		-0.675548,
		1
	},
	[0.133333333333] = {
		-0.148487,
		-0.610667,
		0.777842,
		0,
		0.729331,
		-0.59882,
		-0.330894,
		0,
		0.667853,
		0.518171,
		0.534296,
		0,
		1.053176,
		0.018058,
		-0.625046,
		1
	},
	[0.15] = {
		-0.137114,
		-0.691118,
		0.709616,
		0,
		0.673249,
		-0.590501,
		-0.445021,
		0,
		0.726591,
		0.41673,
		0.546261,
		0,
		1.120155,
		0.15386,
		-0.570977,
		1
	},
	[0.166666666667] = {
		-0.132532,
		-0.76286,
		0.632835,
		0,
		0.610914,
		-0.565644,
		-0.553923,
		0,
		0.780525,
		0.313195,
		0.541008,
		0,
		1.188083,
		0.283131,
		-0.514245,
		1
	},
	[0.183333333333] = {
		-0.134331,
		-0.823762,
		0.550791,
		0,
		0.54423,
		-0.525828,
		-0.653696,
		0,
		0.828112,
		0.211946,
		0.518951,
		0,
		1.255203,
		0.401964,
		-0.455723,
		1
	},
	[0.1] = {
		-0.190375,
		-0.43536,
		0.879897,
		0,
		0.817577,
		-0.566462,
		-0.103386,
		0,
		0.543439,
		0.699701,
		0.463781,
		0,
		0.928735,
		-0.256283,
		-0.721648,
		1
	},
	[0.216666666667] = {
		-0.152526,
		-0.909814,
		0.385971,
		0,
		0.406286,
		-0.413737,
		-0.814711,
		0,
		0.900926,
		0.03255,
		0.43275,
		0,
		1.379903,
		0.593826,
		-0.336038,
		1
	},
	[0.233333333333] = {
		-0.165585,
		-0.9361,
		0.310319,
		0,
		0.338884,
		-0.349511,
		-0.873498,
		0,
		0.926142,
		-0.039476,
		0.375103,
		0,
		1.434001,
		0.659984,
		-0.275669,
		1
	},
	[0.25] = {
		-0.178534,
		-0.953441,
		0.243053,
		0,
		0.27394,
		-0.285421,
		-0.918418,
		0,
		0.94503,
		-0.097387,
		0.312144,
		0,
		1.480387,
		0.714265,
		-0.219707,
		1
	},
	[0.266666666667] = {
		-0.189326,
		-0.964112,
		0.186127,
		0,
		0.211899,
		-0.225205,
		-0.95099,
		0,
		0.958778,
		-0.140607,
		0.246932,
		0,
		1.517383,
		0.767961,
		-0.173941,
		1
	},
	[0.283333333333] = {
		-0.196255,
		-0.970401,
		0.140733,
		0,
		0.153367,
		-0.172136,
		-0.973061,
		0,
		0.968485,
		-0.169384,
		0.18261,
		0,
		1.543319,
		0.820906,
		-0.14008,
		1
	},
	[0.2] = {
		-0.141498,
		-0.87273,
		0.467248,
		0,
		0.475328,
		-0.473924,
		-0.741255,
		0,
		0.868356,
		0.117209,
		0.481892,
		0,
		1.319733,
		0.50669,
		-0.396147,
		1
	},
	[0.316666666667] = {
		-0.199591,
		-0.975249,
		0.095149,
		0,
		0.039552,
		-0.105042,
		-0.993681,
		0,
		0.979081,
		-0.194566,
		0.059539,
		0,
		1.518737,
		0.93022,
		-0.111378,
		1
	},
	[0.333333333333] = {
		-0.201304,
		-0.973891,
		0.104938,
		0,
		-0.026502,
		-0.101677,
		-0.994464,
		0,
		0.97917,
		-0.202971,
		-0.005342,
		0,
		1.450772,
		1.021546,
		-0.104626,
		1
	},
	[0.35] = {
		-0.192923,
		-0.972972,
		0.126909,
		0,
		-0.091068,
		-0.111026,
		-0.989636,
		0,
		0.976979,
		-0.202481,
		-0.067187,
		0,
		1.332786,
		1.116808,
		-0.102085,
		1
	},
	[0.366666666667] = {
		-0.16556,
		-0.974597,
		0.150834,
		0,
		-0.145749,
		-0.127086,
		-0.981125,
		0,
		0.97537,
		-0.184419,
		-0.121006,
		0,
		1.193131,
		1.214096,
		-0.100124,
		1
	},
	[0.383333333333] = {
		-0.110757,
		-0.979774,
		0.166659,
		0,
		-0.181961,
		-0.144865,
		-0.972576,
		0,
		0.977048,
		-0.138045,
		-0.162236,
		0,
		1.048052,
		1.30447,
		-0.096527,
		1
	},
	[0.3] = {
		-0.197764,
		-0.974327,
		0.107596,
		0,
		0.098669,
		-0.128992,
		-0.986725,
		0,
		0.975271,
		-0.184522,
		0.121646,
		0,
		1.549401,
		0.869148,
		-0.120615,
		1
	},
	[0.416666666667] = {
		0.134245,
		-0.980736,
		0.141901,
		0,
		-0.158908,
		-0.162649,
		-0.973804,
		0,
		0.978124,
		0.108179,
		-0.177681,
		0,
		0.78006,
		1.432119,
		-0.076847,
		1
	},
	[0.433333333333] = {
		0.342833,
		-0.932638,
		0.112486,
		0,
		-0.091223,
		-0.152229,
		-0.984126,
		0,
		0.934957,
		0.327129,
		-0.137267,
		0,
		0.631952,
		1.466521,
		-0.063377,
		1
	},
	[0.45] = {
		0.559594,
		-0.823165,
		0.096194,
		0,
		-0.009489,
		-0.122426,
		-0.992432,
		0,
		0.828712,
		0.554447,
		-0.07632,
		0,
		0.473998,
		1.478732,
		-0.052381,
		1
	},
	[0.466666666667] = {
		0.738739,
		-0.666115,
		0.102737,
		0,
		0.065774,
		-0.080453,
		-0.994586,
		0,
		0.670774,
		0.741497,
		-0.015621,
		0,
		0.313878,
		1.472033,
		-0.046637,
		1
	},
	[0.483333333333] = {
		0.858502,
		-0.496295,
		0.129095,
		0,
		0.123976,
		-0.043406,
		-0.991335,
		0,
		0.497598,
		0.867068,
		0.024264,
		0,
		0.156933,
		1.455786,
		-0.04662,
		1
	},
	[0.4] = {
		-0.019087,
		-0.986105,
		0.165024,
		0,
		-0.190798,
		-0.158428,
		-0.96876,
		0,
		0.981444,
		-0.049978,
		-0.185123,
		0,
		0.913143,
		1.378306,
		-0.088973,
		1
	},
	[0.516666666667] = {
		0.811581,
		0.506133,
		0.29183,
		0,
		0.260812,
		0.133105,
		-0.956169,
		0,
		-0.522793,
		0.852122,
		-0.02398,
		0,
		-0.676266,
		0.655447,
		-0.073275,
		1
	},
	[0.533333333333] = {
		0.594943,
		0.736941,
		0.320874,
		0,
		0.273154,
		0.190076,
		-0.943005,
		0,
		-0.75593,
		0.648682,
		-0.088214,
		0,
		-0.729504,
		0.308066,
		-0.097186,
		1
	},
	[0.55] = {
		0.401753,
		0.85473,
		0.328683,
		0,
		0.278567,
		0.227845,
		-0.932999,
		0,
		-0.87235,
		0.466395,
		-0.146563,
		0,
		-0.618196,
		-0.034019,
		-0.134711,
		1
	},
	[0.566666666667] = {
		0.249237,
		0.911484,
		0.327227,
		0,
		0.279046,
		0.255968,
		-0.925534,
		0,
		-0.92737,
		0.321989,
		-0.190549,
		0,
		-0.480033,
		-0.337928,
		-0.173629,
		1
	},
	[0.583333333333] = {
		0.128086,
		0.938316,
		0.321182,
		0,
		0.269757,
		0.278678,
		-0.921721,
		0,
		-0.954372,
		0.2047,
		-0.217423,
		0,
		-0.446533,
		-0.568594,
		-0.200981,
		1
	},
	[0.5] = {
		0.974563,
		0.043219,
		0.219908,
		0,
		0.218223,
		0.040506,
		-0.975058,
		0,
		-0.051049,
		0.998244,
		0.030045,
		0,
		-0.268984,
		1.129621,
		-0.058597,
		1
	},
	[0.616666666667] = {
		0.105254,
		0.942447,
		0.317355,
		0,
		0.215383,
		0.289949,
		-0.932491,
		0,
		-0.970841,
		0.166501,
		-0.172469,
		0,
		-0.552434,
		-0.568146,
		-0.257066,
		1
	},
	[0.633333333333] = {
		0.172396,
		0.936994,
		0.303847,
		0,
		0.167071,
		0.276182,
		-0.946473,
		0,
		-0.970756,
		0.213932,
		-0.108932,
		0,
		-0.503821,
		-0.476449,
		-0.365169,
		1
	},
	[0.65] = {
		0.234245,
		0.926947,
		0.293085,
		0,
		0.136898,
		0.267018,
		-0.953918,
		0,
		-0.962491,
		0.263573,
		-0.064349,
		0,
		-0.359409,
		-0.391505,
		-0.532053,
		1
	},
	[0.666666666667] = {
		0.255385,
		0.913756,
		0.315955,
		0,
		0.155066,
		0.28385,
		-0.946247,
		0,
		-0.954323,
		0.290651,
		-0.069201,
		0,
		-0.108062,
		-0.347781,
		-0.753695,
		1
	},
	[0.683333333333] = {
		0.251889,
		0.888396,
		0.383803,
		0,
		0.23144,
		0.329783,
		-0.915248,
		0,
		-0.939674,
		0.319368,
		-0.122541,
		0,
		0.200757,
		-0.329784,
		-1.002985,
		1
	},
	[0.6] = {
		0.074284,
		0.944884,
		0.318866,
		0,
		0.251634,
		0.291643,
		-0.922835,
		0,
		-0.964967,
		0.148789,
		-0.216101,
		0,
		-0.517961,
		-0.632658,
		-0.213258,
		1
	},
	[0.716666666667] = {
		0.213112,
		0.768664,
		0.603108,
		0,
		0.504637,
		0.441977,
		-0.741619,
		0,
		-0.836615,
		0.462399,
		-0.293705,
		0,
		0.704319,
		-0.269052,
		-1.410685,
		1
	},
	[0.733333333333] = {
		0.1139,
		0.690552,
		0.714258,
		0,
		0.671128,
		0.476618,
		-0.567822,
		0,
		-0.732539,
		0.544034,
		-0.409162,
		0,
		0.838709,
		-0.266379,
		-1.491115,
		1
	},
	[0.75] = {
		-0.051961,
		0.632911,
		0.772479,
		0,
		0.814768,
		0.474146,
		-0.333674,
		0,
		-0.577454,
		0.612054,
		-0.540313,
		0,
		0.907963,
		-0.31533,
		-1.473527,
		1
	},
	[0.766666666667] = {
		-0.232998,
		0.619915,
		0.749278,
		0,
		0.901738,
		0.426208,
		-0.072216,
		0,
		-0.364115,
		0.658826,
		-0.658307,
		0,
		0.926406,
		-0.399435,
		-1.373678,
		1
	},
	[0.783333333333] = {
		-0.369385,
		0.655293,
		0.658897,
		0,
		0.922426,
		0.344496,
		0.17451,
		0,
		-0.112632,
		0.672245,
		-0.731711,
		0,
		0.913041,
		-0.502989,
		-1.230841,
		1
	},
	[0.7] = {
		0.24654,
		0.839645,
		0.483957,
		0,
		0.351124,
		0.388054,
		-0.85213,
		0,
		-0.903288,
		0.380013,
		-0.199148,
		0,
		0.484241,
		-0.302175,
		-1.233273,
		1
	},
	[0.816666666667] = {
		-0.42458,
		0.775524,
		0.46722,
		0,
		0.835652,
		0.137062,
		0.531883,
		0,
		0.348451,
		0.61626,
		-0.706262,
		0,
		0.846434,
		-0.680041,
		-0.960385,
		1
	},
	[0.833333333333] = {
		-0.391223,
		0.804044,
		0.447726,
		0,
		0.767554,
		0.016662,
		0.640768,
		0,
		0.507745,
		0.594337,
		-0.623665,
		0,
		0.83797,
		-0.702693,
		-0.914314,
		1
	},
	[0.85] = {
		-0.394661,
		0.795744,
		0.459384,
		0,
		0.767341,
		0.010435,
		0.641154,
		0,
		0.505401,
		0.605543,
		-0.614726,
		0,
		0.835439,
		-0.699666,
		-0.908092,
		1
	},
	[0.866666666667] = {
		-0.401717,
		0.773265,
		0.490596,
		0,
		0.766931,
		-0.008681,
		0.641671,
		0,
		0.500441,
		0.634023,
		-0.589553,
		0,
		0.826538,
		-0.694405,
		-0.890474,
		1
	},
	[0.883333333333] = {
		-0.411425,
		0.73691,
		0.536371,
		0,
		0.766656,
		-0.038461,
		0.640906,
		0,
		0.492919,
		0.674896,
		-0.549132,
		0,
		0.81276,
		-0.687038,
		-0.863918,
		1
	},
	[0.8] = {
		-0.429653,
		0.717441,
		0.54834,
		0,
		0.892587,
		0.245505,
		0.378173,
		0,
		0.136697,
		0.651925,
		-0.745861,
		0,
		0.879916,
		-0.604787,
		-1.079315,
		1
	},
	[0.916666666667] = {
		-0.434598,
		0.624001,
		0.649421,
		0,
		0.767869,
		-0.120088,
		0.629251,
		0,
		0.47064,
		0.772141,
		-0.426961,
		0,
		0.776491,
		-0.6667,
		-0.793471,
		1
	},
	[0.933333333333] = {
		-0.445999,
		0.550493,
		0.705721,
		0,
		0.769812,
		-0.166302,
		0.616226,
		0,
		0.45659,
		0.818108,
		-0.349606,
		0,
		0.757022,
		-0.65442,
		-0.754614,
		1
	},
	[0.95] = {
		-0.456134,
		0.469843,
		0.755771,
		0,
		0.772689,
		-0.212203,
		0.598265,
		0,
		0.441468,
		0.856865,
		-0.26625,
		0,
		0.738732,
		-0.641303,
		-0.717096,
		1
	},
	[0.966666666667] = {
		-0.464471,
		0.386636,
		0.79673,
		0,
		0.776313,
		-0.255164,
		0.576394,
		0,
		0.426152,
		0.88623,
		-0.181634,
		0,
		0.723298,
		-0.627907,
		-0.684238,
		1
	},
	[0.983333333333] = {
		-0.470804,
		0.305995,
		0.827472,
		0,
		0.780347,
		-0.293129,
		0.552389,
		0,
		0.411584,
		0.905783,
		-0.100776,
		0,
		0.712427,
		-0.61458,
		-0.659655,
		1
	},
	[0.9] = {
		-0.422741,
		0.686855,
		0.591202,
		0,
		0.766871,
		-0.076496,
		0.637226,
		0,
		0.482907,
		0.722757,
		-0.494391,
		0,
		0.795582,
		-0.677715,
		-0.83078,
		1
	}
}

return spline_matrices
