-- chunkname: @content/characters/player/ogryn/first_person/animations/power_maul/swing_right_diagonal_up.lua

local spline_matrices = {
	[0.0333333333333] = {
		-0.526443,
		0.387252,
		0.756897,
		0,
		0.415882,
		-0.659182,
		0.626515,
		0,
		0.741553,
		0.644604,
		0.185971,
		0,
		0.538686,
		-0.178283,
		-1.062835,
		1
	},
	[0.0666666666667] = {
		-0.370569,
		0.560403,
		0.740694,
		0,
		0.343421,
		-0.658285,
		0.669867,
		0,
		0.862984,
		0.502602,
		0.051485,
		0,
		0.442862,
		-0.200524,
		-1.037017,
		1
	},
	[0] = {
		-0.63299,
		0.213871,
		0.744031,
		0,
		0.480511,
		-0.645004,
		0.594204,
		0,
		0.606986,
		0.733641,
		0.305514,
		0,
		0.570446,
		-0.152337,
		-1.062573,
		1
	},
	[0.133333333333] = {
		0.114284,
		0.815767,
		0.566978,
		0,
		0.19623,
		-0.578009,
		0.792085,
		0,
		0.973875,
		0.020735,
		-0.226135,
		0,
		0.102895,
		-0.228677,
		-0.920799,
		1
	},
	[0.166666666667] = {
		0.409883,
		0.821941,
		0.395486,
		0,
		0.148021,
		-0.487772,
		0.86033,
		0,
		0.900048,
		-0.294094,
		-0.321594,
		0,
		-0.115491,
		-0.223533,
		-0.835674,
		1
	},
	[0.1] = {
		-0.155825,
		0.714778,
		0.68177,
		0,
		0.266798,
		-0.634093,
		0.725772,
		0,
		0.951072,
		0.294988,
		-0.091894,
		0,
		0.293853,
		-0.218559,
		-0.988838,
		1
	},
	[0.233333333333] = {
		0.859356,
		0.511322,
		-0.007608,
		0,
		0.164242,
		-0.261883,
		0.951021,
		0,
		0.484286,
		-0.818515,
		-0.309031,
		0,
		-0.548805,
		-0.141295,
		-0.642445,
		1
	},
	[0.266666666667] = {
		0.94673,
		0.276997,
		-0.164241,
		0,
		0.216447,
		-0.169718,
		0.961429,
		0,
		0.238438,
		-0.945763,
		-0.220632,
		0,
		-0.717065,
		-0.067279,
		-0.557641,
		1
	},
	[0.2] = {
		0.675536,
		0.71234,
		0.190324,
		0,
		0.13685,
		-0.374774,
		0.916961,
		0,
		0.724516,
		-0.593394,
		-0.350657,
		0,
		-0.340875,
		-0.195228,
		-0.739366,
		1
	},
	[0.333333333333] = {
		0.93863,
		-0.098228,
		-0.330643,
		0,
		0.325184,
		-0.067644,
		0.943228,
		0,
		-0.115017,
		-0.992862,
		-0.03155,
		0,
		-0.874682,
		0.103701,
		-0.464898,
		1
	},
	[0.366666666667] = {
		0.907715,
		-0.204849,
		-0.366182,
		0,
		0.371303,
		-0.014287,
		0.928402,
		0,
		-0.195414,
		-0.978689,
		0.063093,
		0,
		-0.879193,
		0.215219,
		-0.465468,
		1
	},
	[0.3] = {
		0.960972,
		0.063901,
		-0.269164,
		0,
		0.274728,
		-0.106061,
		0.955655,
		0,
		0.032519,
		-0.992304,
		-0.119477,
		0,
		-0.829547,
		0.017226,
		-0.495867,
		1
	},
	[0.433333333333] = {
		0.847315,
		-0.3481,
		-0.401103,
		0,
		0.450991,
		0.072758,
		0.889558,
		0,
		-0.280472,
		-0.93463,
		0.218639,
		0,
		-0.876676,
		0.534916,
		-0.508543,
		1
	},
	[0.466666666667] = {
		0.804239,
		-0.423037,
		-0.417419,
		0,
		0.456345,
		-0.010365,
		0.889742,
		0,
		-0.38072,
		-0.906053,
		0.184714,
		0,
		-0.872969,
		0.700089,
		-0.523659,
		1
	},
	[0.4] = {
		0.878131,
		-0.280705,
		-0.387416,
		0,
		0.416771,
		0.0512,
		0.907569,
		0,
		-0.234923,
		-0.958428,
		0.16195,
		0,
		-0.879037,
		0.366135,
		-0.484623,
		1
	},
	[0.533333333333] = {
		0.482275,
		-0.676849,
		-0.556135,
		0,
		0.079427,
		-0.598443,
		0.797218,
		0,
		-0.872412,
		-0.42865,
		-0.234854,
		0,
		-0.456275,
		1.197319,
		-0.235922,
		1
	},
	[0.566666666667] = {
		0.056434,
		-0.612467,
		-0.788479,
		0,
		-0.330926,
		-0.756569,
		0.563995,
		0,
		-0.941968,
		0.2291,
		-0.245377,
		0,
		0.058965,
		1.398681,
		0.028923,
		1
	},
	[0.5] = {
		0.741334,
		-0.501085,
		-0.446473,
		0,
		0.362535,
		-0.260851,
		0.894721,
		0,
		-0.564794,
		-0.825148,
		-0.011717,
		0,
		-0.791068,
		0.888261,
		-0.435348,
		1
	},
	[0.633333333333] = {
		-0.429827,
		0.562301,
		-0.706446,
		0,
		-0.878782,
		-0.080857,
		0.470324,
		0,
		0.207343,
		0.82297,
		0.528895,
		0,
		1.498331,
		0.170102,
		0.748326,
		1
	},
	[0.666666666667] = {
		-0.705805,
		0.661069,
		-0.254613,
		0,
		-0.661436,
		-0.486275,
		0.570998,
		0,
		0.253657,
		0.571423,
		0.78047,
		0,
		1.631741,
		-0.194184,
		0.565871,
		1
	},
	[0.6] = {
		-0.367025,
		-0.036374,
		-0.929499,
		0,
		-0.859742,
		-0.368244,
		0.353891,
		0,
		-0.355155,
		0.929017,
		0.103883,
		0,
		0.743932,
		0.986912,
		0.502365,
		1
	},
	[0.733333333333] = {
		-0.900025,
		0.353132,
		0.255446,
		0,
		-0.024408,
		-0.626021,
		0.779424,
		0,
		0.435154,
		0.695266,
		0.572054,
		0,
		1.342819,
		-0.196444,
		-0.387233,
		1
	},
	[0.766666666667] = {
		-0.818422,
		0.148263,
		0.555161,
		0,
		0.42137,
		-0.502028,
		0.755259,
		0,
		0.390683,
		0.852048,
		0.348397,
		0,
		1.103342,
		-0.134537,
		-0.945682,
		1
	},
	[0.7] = {
		-0.83439,
		0.551157,
		-0.004453,
		0,
		-0.40646,
		-0.60984,
		0.680357,
		0,
		0.372268,
		0.569493,
		0.732868,
		0,
		1.531219,
		-0.228968,
		0.178552,
		1
	},
	[0.833333333333] = {
		-0.410408,
		0.022658,
		0.91162,
		0,
		0.886153,
		-0.225976,
		0.404559,
		0,
		0.21517,
		0.973869,
		0.072664,
		0,
		0.757966,
		-0.015624,
		-1.32445,
		1
	},
	[0.866666666667] = {
		-0.403804,
		0.017133,
		0.914685,
		0,
		0.891917,
		-0.215066,
		0.397781,
		0,
		0.203533,
		0.976449,
		0.071564,
		0,
		0.727576,
		0.008396,
		-1.311356,
		1
	},
	[0.8] = {
		-0.573278,
		0.038874,
		0.818438,
		0,
		0.772425,
		-0.307579,
		0.555657,
		0,
		0.273335,
		0.950728,
		0.146301,
		0,
		0.875813,
		-0.073031,
		-1.298468,
		1
	},
	[0.933333333333] = {
		-0.403673,
		0.019189,
		0.914702,
		0,
		0.890263,
		-0.222228,
		0.39755,
		0,
		0.210901,
		0.974806,
		0.072624,
		0,
		0.727633,
		0.004324,
		-1.311344,
		1
	},
	[0.966666666667] = {
		-0.403635,
		0.019731,
		0.914707,
		0,
		0.889819,
		-0.224114,
		0.397486,
		0,
		0.212842,
		0.974363,
		0.072903,
		0,
		0.727641,
		0.00325,
		-1.311343,
		1
	},
	[0.9] = {
		-0.403735,
		0.018267,
		0.914694,
		0,
		0.891012,
		-0.219016,
		0.397656,
		0,
		0.207597,
		0.97555,
		0.072149,
		0,
		0.727613,
		0.006151,
		-1.311348,
		1
	},
	{
		-0.403629,
		0.019807,
		0.914708,
		0,
		0.889756,
		-0.224377,
		0.397477,
		0,
		0.213112,
		0.974301,
		0.072942,
		0,
		0.727642,
		0.0031,
		-1.311343,
		1
	}
}

return spline_matrices
