-- chunkname: @content/characters/player/ogryn/first_person/animations/power_maul/swing_up.lua

local spline_matrices = {
	[0.0166666666667] = {
		0.837593,
		0.429769,
		-0.337249,
		0,
		0.166067,
		-0.788431,
		-0.592282,
		0,
		-0.520442,
		0.440085,
		-0.731755,
		0,
		0.177778,
		0.136727,
		-1.254298,
		1
	},
	[0.0333333333333] = {
		0.782512,
		0.577043,
		-0.233874,
		0,
		0.265368,
		-0.648881,
		-0.713115,
		0,
		-0.563254,
		0.495958,
		-0.660886,
		0,
		0.160608,
		0.161898,
		-1.292915,
		1
	},
	[0.05] = {
		0.704888,
		0.703693,
		-0.089155,
		0,
		0.357161,
		-0.460709,
		-0.812517,
		0,
		-0.612837,
		0.540891,
		-0.57608,
		0,
		0.126784,
		0.195773,
		-1.338107,
		1
	},
	[0.0666666666667] = {
		0.605652,
		0.790694,
		0.089375,
		0,
		0.429288,
		-0.230104,
		-0.873363,
		0,
		-0.669998,
		0.567322,
		-0.478799,
		0,
		0.079743,
		0.23649,
		-1.384801,
		1
	},
	[0.0833333333333] = {
		0.491194,
		0.8225,
		0.286743,
		0,
		0.470424,
		0.026565,
		-0.88204,
		0,
		-0.733096,
		0.568144,
		-0.373876,
		0,
		0.023116,
		0.281285,
		-1.428457,
		1
	},
	[0] = {
		0.873538,
		0.279322,
		-0.398636,
		0,
		0.069441,
		-0.882101,
		-0.465915,
		0,
		-0.481777,
		0.379312,
		-0.789945,
		0,
		0.174767,
		0.121242,
		-1.227424,
		1
	},
	[0.116666666667] = {
		0.262336,
		0.705217,
		0.658672,
		0,
		0.438127,
		0.521123,
		-0.732445,
		0,
		-0.859782,
		0.480729,
		-0.172265,
		0,
		-0.101737,
		0.369759,
		-1.493128,
		1
	},
	[0.133333333333] = {
		0.171551,
		0.576058,
		0.799204,
		0,
		0.370379,
		0.714006,
		-0.59415,
		0,
		-0.912902,
		0.397936,
		-0.090872,
		0,
		-0.159844,
		0.407352,
		-1.509616,
		1
	},
	[0.15] = {
		0.106053,
		0.421861,
		0.900436,
		0,
		0.272356,
		0.85859,
		-0.434334,
		0,
		-0.956334,
		0.291302,
		-0.023841,
		0,
		-0.219572,
		0.440398,
		-1.512803,
		1
	},
	[0.166666666667] = {
		0.068692,
		0.250849,
		0.965586,
		0,
		0.149123,
		0.954417,
		-0.258556,
		0,
		-0.98643,
		0.161752,
		0.028153,
		0,
		-0.287664,
		0.47152,
		-1.499693,
		1
	},
	[0.183333333333] = {
		0.059565,
		0.070451,
		0.995735,
		0,
		0.016028,
		0.99731,
		-0.071521,
		0,
		-0.998096,
		0.02022,
		0.058275,
		0,
		-0.359235,
		0.501493,
		-1.472143,
		1
	},
	[0.1] = {
		0.372511,
		0.792384,
		0.483077,
		0,
		0.473515,
		0.285396,
		-0.833267,
		0,
		-0.798135,
		0.539145,
		-0.268892,
		0,
		-0.038969,
		0.326816,
		-1.465444,
		1
	},
	[0.216666666667] = {
		0.114357,
		-0.285596,
		0.951503,
		0,
		-0.230926,
		0.923909,
		0.305067,
		0,
		-0.966228,
		-0.254613,
		0.039704,
		0,
		-0.496524,
		0.560491,
		-1.390328,
		1
	},
	[0.233333333333] = {
		0.186728,
		-0.437483,
		0.879626,
		0,
		-0.340462,
		0.81107,
		0.475659,
		0,
		-0.92153,
		-0.388298,
		0.002503,
		0,
		-0.558655,
		0.586514,
		-1.33864,
		1
	},
	[0.25] = {
		0.283437,
		-0.5576,
		0.780222,
		0,
		-0.426755,
		0.655252,
		0.623318,
		0,
		-0.858804,
		-0.509635,
		-0.052235,
		0,
		-0.611767,
		0.611224,
		-1.281928,
		1
	},
	[0.266666666667] = {
		0.393361,
		-0.639944,
		0.660105,
		0,
		-0.481132,
		0.468536,
		0.740936,
		0,
		-0.78344,
		-0.609053,
		-0.123594,
		0,
		-0.651938,
		0.636673,
		-1.221926,
		1
	},
	[0.283333333333] = {
		0.50403,
		-0.68407,
		0.527259,
		0,
		-0.501247,
		0.265463,
		0.823578,
		0,
		-0.703353,
		-0.679395,
		-0.209087,
		0,
		-0.675613,
		0.665594,
		-1.160125,
		1
	},
	[0.2] = {
		0.073894,
		-0.11181,
		0.990978,
		0,
		-0.111292,
		0.986563,
		0.11961,
		0,
		-0.991037,
		-0.119127,
		0.060458,
		0,
		-0.429503,
		0.531598,
		-1.435245,
		1
	},
	[0.316666666667] = {
		0.685847,
		-0.681593,
		0.255039,
		0,
		-0.461323,
		-0.136148,
		0.876724,
		0,
		-0.562846,
		-0.718954,
		-0.407811,
		0,
		-0.648442,
		0.766715,
		-1.035594,
		1
	},
	[0.333333333333] = {
		0.744756,
		-0.654921,
		0.12813,
		0,
		-0.423908,
		-0.315996,
		0.848792,
		0,
		-0.515403,
		-0.686459,
		-0.512966,
		0,
		-0.595394,
		0.865784,
		-0.974323,
		1
	},
	[0.35] = {
		0.775657,
		-0.631153,
		0.001325,
		0,
		-0.399354,
		-0.489158,
		0.775397,
		0,
		-0.488746,
		-0.601972,
		-0.631472,
		0,
		-0.527605,
		1.004664,
		-0.910843,
		1
	},
	[0.366666666667] = {
		0.788215,
		-0.603846,
		-0.118686,
		0,
		-0.38951,
		-0.638839,
		0.663451,
		0,
		-0.476444,
		-0.476712,
		-0.738746,
		0,
		-0.456898,
		1.133185,
		-0.843421,
		1
	},
	[0.383333333333] = {
		0.795951,
		-0.571059,
		-0.200882,
		0,
		-0.390717,
		-0.738084,
		0.550066,
		0,
		-0.462388,
		-0.359338,
		-0.810601,
		0,
		-0.383408,
		1.206286,
		-0.77592,
		1
	},
	[0.3] = {
		0.604207,
		-0.694961,
		0.389824,
		0,
		-0.49141,
		0.060126,
		0.868851,
		0,
		-0.627256,
		-0.716529,
		-0.305182,
		0,
		-0.677737,
		0.700904,
		-1.097781,
		1
	},
	[0.416666666667] = {
		0.794717,
		-0.52284,
		-0.308324,
		0,
		-0.44398,
		-0.847094,
		0.292085,
		0,
		-0.413893,
		-0.095235,
		-0.90533,
		0,
		-0.217823,
		1.317741,
		-0.623706,
		1
	},
	[0.433333333333] = {
		0.77652,
		-0.493758,
		-0.391432,
		0,
		-0.505444,
		-0.859056,
		0.08093,
		0,
		-0.376222,
		0.135002,
		-0.916641,
		0,
		-0.134427,
		1.376367,
		-0.522915,
		1
	},
	[0.45] = {
		0.717382,
		-0.429326,
		-0.548673,
		0,
		-0.636937,
		-0.723258,
		-0.26685,
		0,
		-0.282266,
		0.540904,
		-0.792306,
		0,
		-0.05473,
		1.429572,
		-0.375642,
		1
	},
	[0.466666666667] = {
		0.681665,
		-0.272398,
		-0.679068,
		0,
		-0.715124,
		-0.444278,
		-0.539644,
		0,
		-0.154697,
		0.853473,
		-0.497646,
		0,
		0.011138,
		1.430506,
		-0.206134,
		1
	},
	[0.483333333333] = {
		0.698695,
		-0.125623,
		-0.704304,
		0,
		-0.703004,
		-0.303164,
		-0.643332,
		0,
		-0.132702,
		0.944622,
		-0.300133,
		0,
		0.056545,
		1.396753,
		0.006346,
		1
	},
	[0.4] = {
		0.799851,
		-0.544015,
		-0.253547,
		0,
		-0.408046,
		-0.802673,
		0.434988,
		0,
		-0.440155,
		-0.244467,
		-0.864002,
		0,
		-0.301943,
		1.263987,
		-0.704773,
		1
	},
	[0.516666666667] = {
		0.539841,
		0.02813,
		-0.841297,
		0,
		-0.830354,
		-0.146223,
		-0.537709,
		0,
		-0.138143,
		0.988852,
		-0.05558,
		0,
		0.114485,
		1.080378,
		0.503602,
		1
	},
	[0.533333333333] = {
		0.460518,
		0.130764,
		-0.877966,
		0,
		-0.877931,
		-0.078867,
		-0.472247,
		0,
		-0.130995,
		0.988272,
		0.078482,
		0,
		0.146993,
		0.812948,
		0.692267,
		1
	},
	[0.55] = {
		0.473409,
		0.15794,
		-0.866567,
		0,
		-0.875339,
		-0.02545,
		-0.48284,
		0,
		-0.098314,
		0.987121,
		0.126203,
		0,
		0.163026,
		0.632353,
		0.763527,
		1
	},
	[0.566666666667] = {
		0.478724,
		0.173845,
		-0.860582,
		0,
		-0.872545,
		-0.014548,
		-0.488317,
		0,
		-0.097412,
		0.984666,
		0.144723,
		0,
		0.210065,
		0.456316,
		0.798162,
		1
	},
	[0.583333333333] = {
		0.364566,
		0.237585,
		-0.900358,
		0,
		-0.903745,
		-0.142691,
		-0.40359,
		0,
		-0.22436,
		0.960829,
		0.162696,
		0,
		0.43165,
		0.234795,
		0.812808,
		1
	},
	[0.5] = {
		0.658095,
		-0.043307,
		-0.751688,
		0,
		-0.739234,
		-0.22675,
		-0.634128,
		0,
		-0.142983,
		0.97299,
		-0.181237,
		0,
		0.090743,
		1.312209,
		0.258558,
		1
	},
	[0.616666666667] = {
		0.121255,
		0.233877,
		-0.964675,
		0,
		-0.969953,
		-0.178591,
		-0.165216,
		0,
		-0.210923,
		0.955723,
		0.205195,
		0,
		1.09546,
		-0.188405,
		0.610973,
		1
	},
	[0.633333333333] = {
		0.017744,
		0.197857,
		-0.98007,
		0,
		-0.99973,
		-0.011221,
		-0.020365,
		0,
		-0.015026,
		0.980167,
		0.197604,
		0,
		1.326072,
		-0.347957,
		0.281075,
		1
	},
	[0.65] = {
		-0.074824,
		0.173606,
		-0.981969,
		0,
		-0.974448,
		0.196407,
		0.108975,
		0,
		0.211785,
		0.965031,
		0.154474,
		0,
		1.355279,
		-0.420264,
		-0.002399,
		1
	},
	[0.666666666667] = {
		-0.136998,
		0.161852,
		-0.977259,
		0,
		-0.907005,
		0.376104,
		0.189439,
		0,
		0.398212,
		0.912332,
		0.095275,
		0,
		1.370584,
		-0.450651,
		-0.220816,
		1
	},
	[0.683333333333] = {
		-0.152941,
		0.149487,
		-0.976864,
		0,
		-0.852001,
		0.480888,
		0.206981,
		0,
		0.500703,
		0.863945,
		0.053816,
		0,
		1.370583,
		-0.462628,
		-0.34127,
		1
	},
	[0.6] = {
		0.22265,
		0.261666,
		-0.939126,
		0,
		-0.924831,
		-0.248048,
		-0.288374,
		0,
		-0.308406,
		0.93274,
		0.186769,
		0,
		0.743237,
		0.016951,
		0.812026,
		1
	},
	[0.716666666667] = {
		-0.074431,
		0.087198,
		-0.993406,
		0,
		-0.816299,
		0.566879,
		0.11092,
		0,
		0.572814,
		0.819173,
		0.028986,
		0,
		1.336267,
		-0.453165,
		-0.525206,
		1
	},
	[0.733333333333] = {
		0.004947,
		0.03366,
		-0.999421,
		0,
		-0.808542,
		0.588226,
		0.015809,
		0,
		0.588418,
		0.807996,
		0.030126,
		0,
		1.303992,
		-0.436839,
		-0.593091,
		1
	},
	[0.75] = {
		0.111119,
		-0.035107,
		-0.993187,
		0,
		-0.797973,
		0.592528,
		-0.110223,
		0,
		0.59236,
		0.804785,
		0.037827,
		0,
		1.26145,
		-0.412929,
		-0.646633,
		1
	},
	[0.766666666667] = {
		0.242631,
		-0.117086,
		-0.963027,
		0,
		-0.773681,
		0.575539,
		-0.2649,
		0,
		0.585276,
		0.809349,
		0.049057,
		0,
		1.208384,
		-0.381812,
		-0.687914,
		1
	},
	[0.783333333333] = {
		0.394138,
		-0.207334,
		-0.895359,
		0,
		-0.722623,
		0.532043,
		-0.441302,
		0,
		0.567866,
		0.820941,
		0.059874,
		0,
		1.144919,
		-0.344239,
		-0.723878,
		1
	},
	[0.7] = {
		-0.1271,
		0.125419,
		-0.983929,
		0,
		-0.829166,
		0.530974,
		0.17479,
		0,
		0.544362,
		0.838056,
		0.036506,
		0,
		1.358393,
		-0.461794,
		-0.441572,
		1
	},
	[0.816666666667] = {
		0.704222,
		-0.374338,
		-0.603276,
		0,
		-0.494115,
		0.351752,
		-0.79506,
		0,
		0.509825,
		0.857987,
		0.062745,
		0,
		0.992956,
		-0.255836,
		-0.807013,
		1
	},
	[0.833333333333] = {
		0.822093,
		-0.426108,
		-0.377617,
		0,
		-0.310673,
		0.220076,
		-0.924688,
		0,
		0.477122,
		0.877496,
		0.048543,
		0,
		0.911499,
		-0.210159,
		-0.860135,
		1
	},
	[0.85] = {
		0.888385,
		-0.443272,
		-0.119506,
		0,
		-0.096039,
		0.07511,
		-0.99254,
		0,
		0.448941,
		0.893235,
		0.024155,
		0,
		0.832929,
		-0.167494,
		-0.921358,
		1
	},
	[0.866666666667] = {
		0.894126,
		-0.424241,
		0.143385,
		0,
		0.126769,
		-0.067305,
		-0.989646,
		0,
		0.429499,
		0.903045,
		-0.006399,
		0,
		0.761557,
		-0.129964,
		-0.987646,
		1
	},
	[0.883333333333] = {
		0.843501,
		-0.375295,
		0.384266,
		0,
		0.334205,
		-0.193356,
		-0.922453,
		0,
		0.420492,
		0.906514,
		-0.037671,
		0,
		0.699642,
		-0.098267,
		-1.05453,
		1
	},
	[0.8] = {
		0.55413,
		-0.297123,
		-0.777598,
		0,
		-0.632089,
		0.457658,
		-0.62531,
		0,
		0.541668,
		0.838014,
		0.065794,
		0,
		1.072206,
		-0.301517,
		-0.762343,
		1
	},
	[0.916666666667] = {
		0.63147,
		-0.231262,
		0.740111,
		0,
		0.646124,
		-0.370759,
		-0.66713,
		0,
		0.428685,
		0.899475,
		-0.084699,
		0,
		0.602768,
		-0.049247,
		-1.175061,
		1
	},
	[0.933333333333] = {
		0.501794,
		-0.155969,
		0.850809,
		0,
		0.744383,
		-0.423117,
		-0.516591,
		0,
		0.440563,
		0.89255,
		-0.096217,
		0,
		0.564432,
		-0.029298,
		-1.225113,
		1
	},
	[0.95] = {
		0.371784,
		-0.086888,
		0.924244,
		0,
		0.809616,
		-0.456777,
		-0.368615,
		0,
		0.454202,
		0.885328,
		-0.099477,
		0,
		0.530508,
		-0.010923,
		-1.268337,
		1
	},
	[0.966666666667] = {
		0.247621,
		-0.026887,
		0.968484,
		0,
		0.848447,
		-0.476617,
		-0.230162,
		0,
		0.467784,
		0.8787,
		-0.095208,
		0,
		0.499855,
		0.006496,
		-1.305737,
		1
	},
	[0.983333333333] = {
		0.132133,
		0.022892,
		0.990968,
		0,
		0.867191,
		-0.486912,
		-0.10438,
		0,
		0.480125,
		0.873151,
		-0.084189,
		0,
		0.471888,
		0.023234,
		-1.338582,
		1
	},
	[0.9] = {
		0.750312,
		-0.307262,
		0.585339,
		0,
		0.509662,
		-0.295067,
		-0.808196,
		0,
		0.421042,
		0.904724,
		-0.064793,
		0,
		0.647198,
		-0.071792,
		-1.117881,
		1
	},
	[1.01666666667] = {
		0.025815,
		0.062213,
		0.997729,
		0,
		0.871057,
		-0.491115,
		0.008086,
		0,
		0.490503,
		0.86887,
		-0.06687,
		0,
		0.446497,
		0.039332,
		-1.368148,
		1
	},
	[1.03333333333] = {
		0.025815,
		0.062213,
		0.997729,
		0,
		0.871057,
		-0.491115,
		0.008086,
		0,
		0.490503,
		0.86887,
		-0.06687,
		0,
		0.446497,
		0.039332,
		-1.368148,
		1
	},
	[1.05] = {
		0.025815,
		0.062213,
		0.997729,
		0,
		0.871057,
		-0.491115,
		0.008086,
		0,
		0.490503,
		0.86887,
		-0.06687,
		0,
		0.446497,
		0.039332,
		-1.368148,
		1
	},
	[1.06666666667] = {
		0.025815,
		0.062213,
		0.997729,
		0,
		0.871057,
		-0.491115,
		0.008086,
		0,
		0.490503,
		0.86887,
		-0.06687,
		0,
		0.446497,
		0.039332,
		-1.368148,
		1
	},
	[1.08333333333] = {
		0.025815,
		0.062213,
		0.997729,
		0,
		0.871057,
		-0.491115,
		0.008086,
		0,
		0.490503,
		0.86887,
		-0.06687,
		0,
		0.446497,
		0.039332,
		-1.368148,
		1
	},
	{
		0.025815,
		0.062213,
		0.997729,
		0,
		0.871057,
		-0.491115,
		0.008086,
		0,
		0.490503,
		0.86887,
		-0.06687,
		0,
		0.446497,
		0.039332,
		-1.368148,
		1
	},
	[1.11666666667] = {
		0.025815,
		0.062213,
		0.997729,
		0,
		0.871057,
		-0.491115,
		0.008086,
		0,
		0.490503,
		0.86887,
		-0.06687,
		0,
		0.446497,
		0.039332,
		-1.368148,
		1
	},
	[1.13333333333] = {
		0.025815,
		0.062213,
		0.997729,
		0,
		0.871057,
		-0.491115,
		0.008086,
		0,
		0.490503,
		0.86887,
		-0.06687,
		0,
		0.446497,
		0.039332,
		-1.368148,
		1
	},
	[1.1] = {
		0.025815,
		0.062213,
		0.997729,
		0,
		0.871057,
		-0.491115,
		0.008086,
		0,
		0.490503,
		0.86887,
		-0.06687,
		0,
		0.446497,
		0.039332,
		-1.368148,
		1
	}
}

return spline_matrices
