local spline_matrices = {
	[0] = {
		-0.310804,
		-0.393735,
		0.865086,
		0,
		0.948144,
		-0.192126,
		0.253201,
		0,
		0.066511,
		0.898922,
		0.433031,
		0,
		1.159189,
		-0.011345,
		-1.210868,
		1
	},
	{
		-0.403629,
		0.019807,
		0.914708,
		0,
		0.889756,
		-0.224377,
		0.397477,
		0,
		0.213112,
		0.974301,
		0.072942,
		0,
		0.727642,
		0.0031,
		-1.311343,
		1
	},
	[0.0166666666667] = {
		-0.311818,
		-0.384897,
		0.868691,
		0,
		0.937594,
		-0.272743,
		0.215705,
		0,
		0.153905,
		0.88174,
		0.445923,
		0,
		1.165772,
		-0.001701,
		-1.206076,
		1
	},
	[0.0333333333333] = {
		-0.311837,
		-0.373622,
		0.873593,
		0,
		0.917932,
		-0.355817,
		0.175486,
		0,
		0.245274,
		0.856622,
		0.453917,
		0,
		1.170661,
		0.016221,
		-1.200059,
		1
	},
	[0.05] = {
		-0.309483,
		-0.361008,
		0.879712,
		0,
		0.887993,
		-0.440632,
		0.131573,
		0,
		0.340131,
		0.821898,
		0.456941,
		0,
		1.174013,
		0.041621,
		-1.192813,
		1
	},
	[0.0666666666667] = {
		-0.303583,
		-0.348417,
		0.886816,
		0,
		0.846464,
		-0.525913,
		0.083145,
		0,
		0.437419,
		0.7759,
		0.454581,
		0,
		1.175969,
		0.073684,
		-1.184355,
		1
	},
	[0.0833333333333] = {
		-0.293256,
		-0.337476,
		0.894489,
		0,
		0.792049,
		-0.609738,
		0.029627,
		0,
		0.535406,
		0.717167,
		0.446107,
		0,
		1.17666,
		0.11159,
		-1.174728,
		1
	},
	[0.116666666667] = {
		-0.258021,
		-0.327924,
		0.908785,
		0,
		0.640901,
		-0.761971,
		-0.092984,
		0,
		0.72296,
		0.55845,
		0.406772,
		0,
		1.174702,
		0.201694,
		-1.152227,
		1
	},
	[0.133333333333] = {
		-0.233937,
		-0.332969,
		0.913458,
		0,
		0.544015,
		-0.823512,
		-0.160861,
		0,
		0.805805,
		0.459303,
		0.37379,
		0,
		1.172262,
		0.252343,
		-1.139517,
		1
	},
	[0.15] = {
		-0.207199,
		-0.346488,
		0.914885,
		0,
		0.434526,
		-0.870465,
		-0.231255,
		0,
		0.876502,
		0.349625,
		0.330918,
		0,
		1.168994,
		0.305764,
		-1.125946,
		1
	},
	[0.166666666667] = {
		-0.179795,
		-0.36912,
		0.911825,
		0,
		0.315184,
		-0.899679,
		-0.302055,
		0,
		0.931844,
		0.233084,
		0.278098,
		0,
		1.165038,
		0.361308,
		-1.111589,
		1
	},
	[0.183333333333] = {
		-0.154036,
		-0.400606,
		0.90321,
		0,
		0.189885,
		-0.909082,
		-0.370827,
		0,
		0.969648,
		0.114385,
		0.2161,
		0,
		1.160582,
		0.418382,
		-1.096494,
		1
	},
	[0.1] = {
		-0.27804,
		-0.330012,
		0.902101,
		0,
		0.723697,
		-0.689501,
		-0.029184,
		0,
		0.63163,
		0.644733,
		0.430538,
		0,
		1.176203,
		0.154524,
		-1.163993,
		1
	},
	[0.216666666667] = {
		-0.116234,
		-0.484482,
		0.867045,
		0,
		-0.059763,
		-0.867969,
		-0.49301,
		0,
		0.991422,
		-0.109122,
		0.071933,
		0,
		1.151291,
		0.534951,
		-1.06412,
		1
	},
	[0.233333333333] = {
		-0.107221,
		-0.532269,
		0.839758,
		0,
		-0.174749,
		-0.821389,
		-0.542939,
		0,
		0.978758,
		-0.204961,
		-0.004943,
		0,
		1.147123,
		0.593443,
		-1.046856,
		1
	},
	[0.25] = {
		-0.105437,
		-0.580423,
		0.80746,
		0,
		-0.278092,
		-0.76238,
		-0.584331,
		0,
		0.95475,
		-0.286158,
		-0.081028,
		0,
		1.143698,
		0.651463,
		-1.028949,
		1
	},
	[0.266666666667] = {
		-0.110441,
		-0.626682,
		0.77141,
		0,
		-0.367602,
		-0.695361,
		-0.617529,
		0,
		0.923402,
		-0.351772,
		-0.153573,
		0,
		1.141441,
		0.708497,
		-1.010391,
		1
	},
	[0.283333333333] = {
		-0.121222,
		-0.669334,
		0.733006,
		0,
		-0.442325,
		-0.624657,
		-0.643547,
		0,
		0.888625,
		-0.402239,
		-0.220341,
		0,
		1.140797,
		0.76399,
		-0.991173,
		1
	},
	[0.2] = {
		-0.132215,
		-0.43973,
		0.888345,
		0,
		0.06329,
		-0.898129,
		-0.435154,
		0,
		0.989198,
		-0.001311,
		0.146577,
		0,
		1.155885,
		0.476438,
		-1.080677,
		1
	},
	[0.316666666667] = {
		-0.154626,
		-0.740165,
		0.654405,
		0,
		-0.548307,
		-0.486712,
		-0.680052,
		0,
		0.821858,
		-0.463969,
		-0.330579,
		0,
		1.146111,
		0.867958,
		-0.950721,
		1
	},
	[0.333333333333] = {
		-0.174403,
		-0.767942,
		0.616319,
		0,
		-0.581363,
		-0.42487,
		-0.693904,
		0,
		0.794733,
		-0.479324,
		-0.372354,
		0,
		1.15291,
		0.91518,
		-0.929464,
		1
	},
	[0.35] = {
		-0.19639,
		-0.792107,
		0.577925,
		0,
		-0.605515,
		-0.365614,
		-0.706879,
		0,
		0.771221,
		-0.488767,
		-0.40783,
		0,
		1.162627,
		0.953757,
		-0.90615,
		1
	},
	[0.366666666667] = {
		-0.223731,
		-0.810525,
		0.541289,
		0,
		-0.617124,
		-0.312053,
		-0.722344,
		0,
		0.754389,
		-0.495653,
		-0.430379,
		0,
		1.164834,
		0.998061,
		-0.877444,
		1
	},
	[0.383333333333] = {
		-0.253305,
		-0.82404,
		0.506749,
		0,
		-0.613229,
		-0.268362,
		-0.742921,
		0,
		0.748189,
		-0.498939,
		-0.437348,
		0,
		1.151291,
		1.060638,
		-0.840894,
		1
	},
	[0.3] = {
		-0.136434,
		-0.707313,
		0.693609,
		0,
		-0.502317,
		-0.554079,
		-0.663833,
		0,
		0.853852,
		-0.438981,
		-0.2797,
		0,
		1.142209,
		0.81735,
		-0.971286,
		1
	},
	[0.416666666667] = {
		-0.288337,
		-0.857543,
		0.426006,
		0,
		-0.577444,
		-0.19917,
		-0.791763,
		0,
		0.763819,
		-0.47429,
		-0.437755,
		0,
		1.086513,
		1.205374,
		-0.743487,
		1
	},
	[0.433333333333] = {
		-0.218828,
		-0.906436,
		0.36123,
		0,
		-0.558603,
		-0.187163,
		-0.808042,
		0,
		0.800048,
		-0.378607,
		-0.465382,
		0,
		1.017504,
		1.280948,
		-0.684379,
		1
	},
	[0.45] = {
		-0.112444,
		-0.955353,
		0.273235,
		0,
		-0.538327,
		-0.172559,
		-0.82488,
		0,
		0.835201,
		-0.239843,
		-0.494889,
		0,
		0.912876,
		1.342327,
		-0.616596,
		1
	},
	[0.466666666667] = {
		0.05666,
		-0.987098,
		0.14976,
		0,
		-0.518015,
		-0.157296,
		-0.840784,
		0,
		0.853493,
		-0.029939,
		-0.520244,
		0,
		0.766415,
		1.388564,
		-0.534598,
		1
	},
	[0.483333333333] = {
		0.279824,
		-0.960044,
		-0.003692,
		0,
		-0.492184,
		-0.140153,
		-0.859134,
		0,
		0.82429,
		0.242223,
		-0.511737,
		0,
		0.576787,
		1.422501,
		-0.43613,
		1
	},
	[0.4] = {
		-0.27737,
		-0.838109,
		0.469722,
		0,
		-0.598464,
		-0.231751,
		-0.766898,
		0,
		0.751603,
		-0.493826,
		-0.437298,
		0,
		1.124395,
		1.132688,
		-0.796295,
		1
	},
	[0.516666666667] = {
		0.629912,
		-0.729763,
		-0.265814,
		0,
		-0.418639,
		-0.030756,
		-0.907632,
		0,
		0.65418,
		0.683008,
		-0.324881,
		0,
		0.222191,
		1.437167,
		-0.258938,
		1
	},
	[0.533333333333] = {
		0.733629,
		-0.581779,
		-0.351173,
		0,
		-0.394918,
		0.055545,
		-0.917036,
		0,
		0.553018,
		0.811448,
		-0.189005,
		0,
		0.077177,
		1.427124,
		-0.178768,
		1
	},
	[0.55] = {
		0.832237,
		-0.371967,
		-0.411122,
		0,
		-0.40525,
		0.097923,
		-0.908946,
		0,
		0.378356,
		0.923066,
		-0.069245,
		0,
		-0.181383,
		1.325439,
		-0.057225,
		1
	},
	[0.566666666667] = {
		0.917404,
		-0.048924,
		-0.394938,
		0,
		-0.381136,
		0.177464,
		-0.907327,
		0,
		0.114477,
		0.98291,
		0.144159,
		0,
		-0.483849,
		1.168243,
		0.124021,
		1
	},
	[0.583333333333] = {
		0.912868,
		0.208055,
		-0.351261,
		0,
		-0.405669,
		0.365602,
		-0.837716,
		0,
		-0.045869,
		0.90722,
		0.418148,
		0,
		-0.607938,
		0.942403,
		0.263817,
		1
	},
	[0.5] = {
		0.483516,
		-0.862335,
		-0.150305,
		0,
		-0.455446,
		-0.101204,
		-0.884493,
		0,
		0.747517,
		0.496122,
		-0.44168,
		0,
		0.386052,
		1.438001,
		-0.340867,
		1
	},
	[0.616666666667] = {
		0.659832,
		0.675196,
		-0.329745,
		0,
		-0.738364,
		0.664035,
		-0.117795,
		0,
		0.139428,
		0.321197,
		0.936692,
		0,
		-0.673959,
		-0.097897,
		0.369126,
		1
	},
	[0.633333333333] = {
		0.679204,
		0.719101,
		-0.146885,
		0,
		-0.729277,
		0.683774,
		-0.024681,
		0,
		0.082687,
		0.123883,
		0.988846,
		0,
		-0.630836,
		-0.495493,
		0.373246,
		1
	},
	[0.65] = {
		0.705753,
		0.705571,
		-0.063885,
		0,
		-0.708424,
		0.701971,
		-0.073289,
		0,
		-0.006865,
		0.096982,
		0.995263,
		0,
		-0.550234,
		-0.647067,
		0.372683,
		1
	},
	[0.666666666667] = {
		0.638169,
		0.769872,
		0.00604,
		0,
		-0.769888,
		0.638107,
		0.009584,
		0,
		0.003524,
		-0.010767,
		0.999936,
		0,
		-0.3732,
		-0.665923,
		0.266585,
		1
	},
	[0.683333333333] = {
		0.53561,
		0.841387,
		0.072045,
		0,
		-0.844034,
		0.530657,
		0.077519,
		0,
		0.026992,
		-0.102329,
		0.994384,
		0,
		-0.215275,
		-0.663776,
		0.134878,
		1
	},
	[0.6] = {
		0.808175,
		0.403775,
		-0.42874,
		0,
		-0.588376,
		0.585446,
		-0.557733,
		0,
		0.025806,
		0.703007,
		0.710715,
		0,
		-0.647106,
		0.477636,
		0.34197,
		1
	},
	[0.716666666667] = {
		0.235987,
		0.946269,
		0.221101,
		0,
		-0.96802,
		0.208982,
		0.138794,
		0,
		0.085131,
		-0.246784,
		0.965324,
		0,
		0.077605,
		-0.615471,
		-0.163034,
		1
	},
	[0.733333333333] = {
		0.020625,
		0.953825,
		0.299653,
		0,
		-0.986787,
		-0.028755,
		0.159451,
		0,
		0.160705,
		-0.298982,
		0.940629,
		0,
		0.235618,
		-0.570477,
		-0.317661,
		1
	},
	[0.75] = {
		-0.218589,
		0.900253,
		0.376515,
		0,
		-0.938781,
		-0.299301,
		0.170616,
		0,
		0.266289,
		-0.316171,
		0.910564,
		0,
		0.390128,
		-0.508608,
		-0.469518,
		1
	},
	[0.766666666667] = {
		-0.449055,
		0.773981,
		0.446433,
		0,
		-0.805022,
		-0.567249,
		0.173689,
		0,
		0.387671,
		-0.281393,
		0.877798,
		0,
		0.529976,
		-0.431274,
		-0.613609,
		1
	},
	[0.783333333333] = {
		-0.633844,
		0.584795,
		0.506218,
		0,
		-0.589172,
		-0.789082,
		0.173854,
		0,
		0.501117,
		-0.188053,
		0.8447,
		0,
		0.644729,
		-0.344536,
		-0.74561,
		1
	},
	[0.7] = {
		0.409119,
		0.900893,
		0.144958,
		0,
		-0.911507,
		0.396154,
		0.110535,
		0,
		0.042154,
		-0.177352,
		0.983244,
		0,
		-0.074793,
		-0.645573,
		-0.010674,
		1
	},
	[0.816666666667] = {
		-0.784186,
		0.141062,
		0.60428,
		0,
		-0.032077,
		-0.981732,
		0.187547,
		0,
		0.619697,
		0.127688,
		0.774385,
		0,
		0.777753,
		-0.17792,
		-0.960462,
		1
	},
	[0.833333333333] = {
		-0.755001,
		-0.048215,
		0.653949,
		0,
		0.236025,
		-0.95043,
		0.202422,
		0,
		0.611773,
		0.307177,
		0.728955,
		0,
		0.795374,
		-0.113006,
		-1.037402,
		1
	},
	[0.85] = {
		-0.676909,
		-0.188845,
		0.71143,
		0,
		0.464842,
		-0.859081,
		0.214248,
		0,
		0.570716,
		0.475729,
		0.669302,
		0,
		0.782488,
		-0.065745,
		-1.089308,
		1
	},
	[0.866666666667] = {
		-0.639547,
		-0.183727,
		0.746475,
		0,
		0.537953,
		-0.800621,
		0.263841,
		0,
		0.549169,
		0.570307,
		0.610871,
		0,
		0.777922,
		-0.044963,
		-1.126117,
		1
	},
	[0.883333333333] = {
		-0.601008,
		-0.173282,
		0.780233,
		0,
		0.609886,
		-0.730364,
		0.307584,
		0,
		0.516555,
		0.660714,
		0.544636,
		0,
		0.771944,
		-0.026799,
		-1.16174,
		1
	},
	[0.8] = {
		-0.747422,
		0.361868,
		0.557146,
		0,
		-0.318609,
		-0.931145,
		0.177361,
		0,
		0.582965,
		-0.044948,
		0.811253,
		0,
		0.727923,
		-0.257216,
		-0.862179,
		1
	},
	[0.916666666667] = {
		-0.526388,
		-0.135311,
		0.839409,
		0,
		0.736219,
		-0.566395,
		0.370376,
		0,
		0.425321,
		0.81295,
		0.397761,
		0,
		0.757737,
		-0.000569,
		-1.225692,
		1
	},
	[0.933333333333] = {
		-0.493107,
		-0.108843,
		0.863133,
		0,
		0.785893,
		-0.481248,
		0.388294,
		0,
		0.373118,
		0.869801,
		0.322846,
		0,
		0.750521,
		0.007058,
		-1.252373,
		1
	},
	[0.95] = {
		-0.46388,
		-0.078848,
		0.882382,
		0,
		0.825365,
		-0.400328,
		0.398133,
		0,
		0.32185,
		0.912974,
		0.250782,
		0,
		0.743758,
		0.01108,
		-1.274669,
		1
	},
	[0.966666666667] = {
		-0.43921,
		-0.046632,
		0.897173,
		0,
		0.855061,
		-0.328077,
		0.401542,
		0,
		0.275617,
		0.943499,
		0.183968,
		0,
		0.737661,
		0.011663,
		-1.292132,
		1
	},
	[0.983333333333] = {
		-0.419199,
		-0.013418,
		0.907795,
		0,
		0.876082,
		-0.268346,
		0.400588,
		0,
		0.238228,
		0.963229,
		0.124245,
		0,
		0.7323,
		0.008969,
		-1.304439,
		1
	},
	[0.9] = {
		-0.562787,
		-0.157063,
		0.811543,
		0,
		0.676948,
		-0.650982,
		0.343459,
		0,
		0.474355,
		0.742667,
		0.472688,
		0,
		0.765039,
		-0.011886,
		-1.195228,
		1
	}
}

return spline_matrices
