local spline_matrices = {
	[0] = {
		0.982482,
		0.031411,
		0.183689,
		0,
		-0.043027,
		0.997295,
		0.059595,
		0,
		-0.18132,
		-0.066455,
		0.981176,
		0,
		0.424825,
		0.645258,
		-0.429237,
		1
	},
	{
		0.863532,
		0.114082,
		0.49122,
		0,
		0.091836,
		0.922214,
		-0.375617,
		0,
		-0.495861,
		0.369469,
		0.785885,
		0,
		0.531523,
		0.761981,
		-0.602433,
		1
	},
	[0.0333333333333] = {
		0.884402,
		0.168948,
		0.435075,
		0,
		-0.347345,
		0.860896,
		0.371765,
		0,
		-0.311745,
		-0.479911,
		0.820061,
		0,
		0.327329,
		0.526536,
		-0.550133,
		1
	},
	[0.0666666666667] = {
		0.505295,
		0.395655,
		0.766899,
		0,
		-0.862644,
		0.208049,
		0.461043,
		0,
		0.022861,
		-0.894524,
		0.446436,
		0,
		0.127888,
		0.414225,
		-0.656488,
		1
	},
	[0.133333333333] = {
		0.269591,
		0.473841,
		0.838329,
		0,
		-0.917393,
		-0.138294,
		0.373183,
		0,
		0.292765,
		-0.869684,
		0.397415,
		0,
		-0.358891,
		0.382673,
		-0.577655,
		1
	},
	[0.166666666667] = {
		0.301813,
		0.430684,
		0.850541,
		0,
		-0.939281,
		-0.018467,
		0.342653,
		0,
		0.163282,
		-0.902314,
		0.39896,
		0,
		-0.56229,
		0.415428,
		-0.372833,
		1
	},
	[0.1] = {
		0.250986,
		0.493068,
		0.833001,
		0,
		-0.902819,
		-0.191182,
		0.385186,
		0,
		0.349177,
		-0.848725,
		0.397167,
		0,
		-0.144758,
		0.375688,
		-0.672886,
		1
	},
	[0.233333333333] = {
		0.356189,
		0.294668,
		0.886736,
		0,
		-0.921784,
		0.266305,
		0.281773,
		0,
		-0.153112,
		-0.917743,
		0.366475,
		0,
		-0.776199,
		0.563266,
		-0.073286,
		1
	},
	[0.266666666667] = {
		0.364912,
		0.165195,
		0.916269,
		0,
		-0.896424,
		0.328204,
		0.297836,
		0,
		-0.251522,
		-0.93005,
		0.267851,
		0,
		-0.744463,
		0.750002,
		-0.104081,
		1
	},
	[0.2] = {
		0.334456,
		0.368767,
		0.867266,
		0,
		-0.942411,
		0.131254,
		0.307625,
		0,
		-0.000391,
		-0.920208,
		0.391429,
		0,
		-0.715455,
		0.47663,
		-0.168079,
		1
	},
	[0.333333333333] = {
		0.327102,
		-0.030929,
		0.944483,
		0,
		-0.589155,
		0.774769,
		0.229413,
		0,
		-0.738851,
		-0.631488,
		0.235207,
		0,
		-0.250166,
		1.015445,
		-0.222913,
		1
	},
	[0.366666666667] = {
		0.262372,
		-0.062999,
		0.962908,
		0,
		-0.222428,
		0.967047,
		0.123876,
		0,
		-0.938982,
		-0.246679,
		0.239713,
		0,
		0.110721,
		1.057023,
		-0.282295,
		1
	},
	[0.3] = {
		0.361882,
		0.027618,
		0.931815,
		0,
		-0.835026,
		0.453996,
		0.310837,
		0,
		-0.414456,
		-0.890576,
		0.187354,
		0,
		-0.585002,
		0.937245,
		-0.166286,
		1
	},
	[0.433333333333] = {
		0.085926,
		-0.179841,
		0.979936,
		0,
		0.320254,
		0.93636,
		0.143762,
		0,
		-0.943427,
		0.301475,
		0.138052,
		0,
		0.978984,
		0.835106,
		-0.454928,
		1
	},
	[0.466666666667] = {
		0.058984,
		-0.157773,
		0.985712,
		0,
		0.515943,
		0.850139,
		0.105199,
		0,
		-0.85459,
		0.502366,
		0.131546,
		0,
		1.200579,
		0.684553,
		-0.755367,
		1
	},
	[0.4] = {
		0.173232,
		-0.127873,
		0.976544,
		0,
		0.048733,
		0.991434,
		0.121178,
		0,
		-0.983675,
		0.026599,
		0.17798,
		0,
		0.528818,
		0.992337,
		-0.338085,
		1
	},
	[0.533333333333] = {
		0.062366,
		-0.10983,
		0.991992,
		0,
		0.586307,
		0.808377,
		0.05264,
		0,
		-0.807684,
		0.578329,
		0.114809,
		0,
		1.256696,
		0.623617,
		-1.124493,
		1
	},
	[0.566666666667] = {
		0.084405,
		-0.092754,
		0.992105,
		0,
		0.578656,
		0.815126,
		0.026977,
		0,
		-0.811193,
		0.57181,
		0.122473,
		0,
		1.231962,
		0.638909,
		-1.127122,
		1
	},
	[0.5] = {
		0.054607,
		-0.125684,
		0.990566,
		0,
		0.596966,
		0.799336,
		0.068512,
		0,
		-0.800406,
		0.587593,
		0.118679,
		0,
		1.270976,
		0.60326,
		-1.038828,
		1
	},
	[0.633333333333] = {
		0.1656,
		-0.056285,
		0.984586,
		0,
		0.56231,
		0.825568,
		-0.047382,
		0,
		-0.810175,
		0.561489,
		0.168364,
		0,
		1.155713,
		0.661543,
		-1.08399,
		1
	},
	[0.666666666667] = {
		0.221912,
		-0.036786,
		0.974373,
		0,
		0.546933,
		0.831977,
		-0.093154,
		0,
		-0.807229,
		0.553589,
		0.204745,
		0,
		1.105177,
		0.67352,
		-1.050597,
		1
	},
	[0.6] = {
		0.119182,
		-0.074972,
		0.990038,
		0,
		0.572404,
		0.819943,
		-0.006815,
		0,
		-0.811264,
		0.567514,
		0.140636,
		0,
		1.198621,
		0.649805,
		-1.109958,
		1
	},
	[0.733333333333] = {
		0.356144,
		0.004151,
		0.934422,
		0,
		0.49599,
		0.846653,
		-0.192802,
		0,
		-0.791932,
		0.532129,
		0.299472,
		0,
		0.988691,
		0.69624,
		-0.967499,
		1
	},
	[0.766666666667] = {
		0.429574,
		0.025243,
		0.902679,
		0,
		0.459425,
		0.854464,
		-0.242529,
		0,
		-0.777428,
		0.518897,
		0.355458,
		0,
		0.926196,
		0.706224,
		-0.920953,
		1
	},
	[0.7] = {
		0.28615,
		-0.016591,
		0.958041,
		0,
		0.525084,
		0.839069,
		-0.142303,
		0,
		-0.801501,
		0.543772,
		0.248812,
		0,
		1.048904,
		0.685226,
		-1.01125,
		1
	},
	[0.833333333333] = {
		0.577297,
		0.064947,
		0.813947,
		0,
		0.366163,
		0.870392,
		-0.329154,
		0,
		-0.729831,
		0.488057,
		0.478693,
		0,
		0.80016,
		0.724394,
		-0.823939,
		1
	},
	[0.866666666667] = {
		0.647158,
		0.081708,
		0.757965,
		0,
		0.312183,
		0.878653,
		-0.361263,
		0,
		-0.695506,
		0.470418,
		0.543119,
		0,
		0.739076,
		0.73317,
		-0.775361,
		1
	},
	[0.8] = {
		0.504062,
		0.045886,
		0.862448,
		0,
		0.415797,
		0.862353,
		-0.288896,
		0,
		-0.75699,
		0.504225,
		0.4156,
		0,
		0.862914,
		0.715432,
		-0.872816,
		1
	},
	[0.933333333333] = {
		0.769962,
		0.105869,
		0.629246,
		0,
		0.200089,
		0.896344,
		-0.395641,
		0,
		-0.605907,
		0.430534,
		0.668967,
		0,
		0.625739,
		0.74988,
		-0.682557,
		1
	},
	[0.966666666667] = {
		0.820611,
		0.112279,
		0.560349,
		0,
		0.144712,
		0.907729,
		-0.393811,
		0,
		-0.552861,
		0.404255,
		0.728644,
		0,
		0.575689,
		0.756832,
		-0.640294,
		1
	},
	[0.9] = {
		0.711841,
		0.095531,
		0.695813,
		0,
		0.256003,
		0.887257,
		-0.383716,
		0,
		-0.654021,
		0.451275,
		0.60713,
		0,
		0.680646,
		0.741715,
		-0.727987,
		1
	},
	[1.03333333333] = {
		0.898916,
		0.110396,
		0.423986,
		0,
		0.046314,
		0.938368,
		-0.342521,
		0,
		-0.435667,
		0.327533,
		0.838401,
		0,
		0.493547,
		0.765391,
		-0.569268,
		1
	},
	[1.06666666667] = {
		0.927043,
		0.101755,
		0.360885,
		0,
		0.011061,
		0.954632,
		-0.297581,
		0,
		-0.374793,
		0.279862,
		0.88386,
		0,
		0.462356,
		0.767052,
		-0.540514,
		1
	},
	[1.13333333333] = {
		0.963795,
		0.075452,
		0.255745,
		0,
		-0.027095,
		0.981877,
		-0.187575,
		0,
		-0.265263,
		0.173854,
		0.948373,
		0,
		0.424962,
		0.764798,
		-0.49406,
		1
	},
	[1.16666666667] = {
		0.974085,
		0.060762,
		0.217867,
		0,
		-0.03277,
		0.990989,
		-0.129869,
		0,
		-0.223795,
		0.119365,
		0.967299,
		0,
		0.421955,
		0.760505,
		-0.475213,
		1
	},
	[1.1] = {
		0.948417,
		0.089612,
		0.304096,
		0,
		-0.013162,
		0.969522,
		-0.244652,
		0,
		-0.316751,
		0.22803,
		0.92069,
		0,
		0.439018,
		0.766903,
		-0.51564,
		1
	},
	[1.23333333333] = {
		0.982806,
		0.035946,
		0.181109,
		0,
		-0.032089,
		0.999192,
		-0.024185,
		0,
		-0.181832,
		0.017958,
		0.983166,
		0,
		0.422702,
		0.742895,
		-0.443941,
		1
	},
	[1.26666666667] = {
		0.98272,
		0.027579,
		0.183034,
		0,
		-0.031614,
		0.999316,
		0.019161,
		0,
		-0.182381,
		-0.024616,
		0.98292,
		0,
		0.42069,
		0.730363,
		-0.430954,
		1
	},
	[1.2] = {
		0.980183,
		0.047205,
		0.192386,
		0,
		-0.033363,
		0.996658,
		-0.074562,
		0,
		-0.195263,
		0.066666,
		0.978482,
		0,
		0.423541,
		0.753213,
		-0.458623,
		1
	},
	[1.33333333333] = {
		0.977959,
		0.020886,
		0.207748,
		0,
		-0.037823,
		0.996244,
		0.077889,
		0,
		-0.205341,
		-0.08403,
		0.975076,
		0,
		0.417361,
		0.702019,
		-0.408852,
		1
	},
	[1.36666666667] = {
		0.974734,
		0.020979,
		0.222381,
		0,
		-0.041654,
		0.995188,
		0.088689,
		0,
		-0.21945,
		-0.095711,
		0.970918,
		0,
		0.416698,
		0.687285,
		-0.400417,
		1
	},
	[1.3] = {
		0.980886,
		0.022445,
		0.193284,
		0,
		-0.033464,
		0.997984,
		0.053933,
		0,
		-0.191683,
		-0.05937,
		0.979659,
		0,
		0.418658,
		0.716523,
		-0.419245,
		1
	},
	[1.43333333333] = {
		0.971665,
		0.019123,
		0.235589,
		0,
		-0.041543,
		0.995023,
		0.090574,
		0,
		-0.232685,
		-0.097794,
		0.967623,
		0,
		0.417608,
		0.659136,
		-0.397226,
		1
	},
	[1.46666666667] = {
		0.973081,
		0.018164,
		0.229748,
		0,
		-0.039237,
		0.995393,
		0.087487,
		0,
		-0.2271,
		-0.094146,
		0.96931,
		0,
		0.41904,
		0.64755,
		-0.401504,
		1
	},
	[1.4] = {
		0.972252,
		0.020279,
		0.233056,
		0,
		-0.042556,
		0.994945,
		0.090961,
		0,
		-0.230033,
		-0.098355,
		0.9682,
		0,
		0.416683,
		0.67274,
		-0.39627,
		1
	},
	[1.53333333333] = {
		0.97808,
		0.016945,
		0.207539,
		0,
		-0.033391,
		0.996548,
		0.076001,
		0,
		-0.205535,
		-0.081265,
		0.97527,
		0,
		0.422415,
		0.635424,
		-0.415509,
		1
	},
	[1.56666666667] = {
		0.980477,
		0.016527,
		0.195937,
		0,
		-0.030824,
		0.997061,
		0.070144,
		0,
		-0.194202,
		-0.074814,
		0.978105,
		0,
		0.423934,
		0.637568,
		-0.422418,
		1
	},
	[1.5] = {
		0.975432,
		0.01748,
		0.219605,
		0,
		-0.036347,
		0.995956,
		0.082168,
		0,
		-0.217281,
		-0.088131,
		0.972122,
		0,
		0.420713,
		0.639147,
		-0.408102,
		1
	},
	[1.63333333333] = {
		0.982839,
		0.016139,
		0.183756,
		0,
		-0.028355,
		0.997544,
		0.064047,
		0,
		-0.182271,
		-0.068158,
		0.980883,
		0,
		0.42547,
		0.645254,
		-0.42954,
		1
	},
	[1.6] = {
		0.982187,
		0.016244,
		0.187204,
		0,
		-0.02903,
		0.997413,
		0.065767,
		0,
		-0.185651,
		-0.07003,
		0.980117,
		0,
		0.42504,
		0.642504,
		-0.427536,
		1
	}
}

return spline_matrices
